0 1.1236554525005908 0.7895516884284093
1 1.116313278105673 0.8150963590233271
2 1.1079114084372617 0.8443278892917385
3 1.0995095387688505 0.8735594195601497
4 1.0911076691004393 0.9027909498285609
5 1.082705799432028 0.9320224800969719
6 1.0743796222831519 0.960990663245848
7 1.0659777526147405 0.9902221935142599
8 1.057575882946329 1.0194537237826709
9 1.049174013277918 1.0486852540510825
10 1.0407721436095068 1.0779167843194932
11 1.0323702739410954 1.107148314587905
12 1.023968404272684 1.136379844856316
13 1.0156422271238081 1.165348028005192
14 0.2760407315791651 0.7169082509498349
15 0.2739494082932984 0.7471477642357017
16 0.2718580850074317 0.7773872775215684
17 0.269766761721565 0.8076267908074352
18 0.2676754384356983 0.8378663040933017
19 0.2655841151498316 0.8681058173791686
20 0.2634927918639649 0.8983453306650351
21 0.2614014685780982 0.9285848439509018
22 0.2593101452922315 0.9588243572367685
23 0.2572188220063648 0.9890638705226352
24 0.2551274987204981 1.019303383808502
25 0.2530361754346314 1.0495428970943688
26 0.2509448521487647 1.0797824103802354
27 0.24885352886289805 1.110021923666102
28 0.24676220557703132 1.1402614369519688
29 0.24467088229116463 1.1705009502378352
30 0.24257955900529793 1.200740463523702
31 0.24048823571943123 1.2309799768095688
32 0.23839691243356453 1.2612194900954354
33 0.23630558914769784 1.291459003381302
34 0.23421426586183114 1.3216985166671689
35 0.48791043379918136 0.5050385487298186
36 0.48421395594323524 0.5368832165857649
37 0.48051747808728906 0.5687278844417111
38 0.476821000231343 0.6005725522976572
39 0.4731245223753968 0.6324172201536031
40 0.4694280445194508 0.6642618880095494
41 0.4657315666635047 0.6961065558654953
42 0.4620350888075585 0.7279512237214415
43 0.45833861095161244 0.7597958915773876
44 0.45464213309566626 0.7916405594333338
45 0.45094565523972013 0.8234852272892799
46 0.447249177383774 0.8553298951452261
47 0.44355269952782794 0.8871745630011721
48 0.4398562216718819 0.9190192308571182
49 0.4361597438159357 0.9508638987130644
50 0.4324632659599896 0.9827085665690103
51 0.42876678810404345 1.0145532344249566
52 0.4250703102480973 1.0463979022809027
53 0.4213738323921512 1.0782425701368488
54 0.41767735453620514 1.1100872379927949
55 0.413980876680259 1.141931905848741
56 0.4102843988243129 1.173776573704687
57 0.4065879209683667 1.2056212415606333
58 0.4028914431124206 1.2374659094165794
59 0.3991949652564745 1.2693105772725255
60 0.39549848740052834 1.3011552451284718
61 0.3918020095445823 1.332999912984418
62 3.2954834155935995 0.6545267537354005
63 3.273892245069705 0.6954463480592947
64 3.2493663523386798 0.7419278289903204
65 3.224630836592859 0.7888065875361412
66 3.2001049438618336 0.8352880684671664
67 3.1753694281160127 0.8821668270129877
68 3.150843535384987 0.9286483079440133
69 3.126108019639167 0.9755270664898328
70 3.101582126908142 1.022008547420858
71 3.076846611162321 1.0688873059666792
72 3.0523207184312953 1.115368786897705
73 3.0275852026854744 1.1622475454435253
74 3.003059309954449 1.2087290263745514
75 2.978323794208629 1.2556077849203708
76 0.9559809486176583 0.3184499339113418
77 0.9517694551143938 0.35080961741460626
78 0.9475579616111295 0.3831693009178706
79 0.943346468107865 0.41552898442113506
80 0.9391349746046007 0.4478886679243994
81 0.9349234811013363 0.48024835142766364
82 0.9307119875980719 0.512608034930928
83 0.9265004940948075 0.5449677184341924
84 0.9222890005915433 0.5773274019374567
85 0.9180775070882788 0.6096870854407211
86 0.9138660135850145 0.6420467689439855
87 0.9096545200817501 0.67440645244725
88 0.9054430265784856 0.7067661359505144
89 0.9012315330752214 0.7391258194537786
90 0.897020039571957 0.7714855029570431
91 0.8928085460686925 0.8038451864603076
92 0.8885970525654281 0.836204869963572
93 0.8843855590621638 0.8685645534668364
94 0.8801740655588995 0.9009242369701006
95 0.8759625720556351 0.9332839204733651
96 0.8717510785523707 0.9656436039766295
97 0.8675395850491063 0.9980032874798939
98 0.8633280915458419 1.0303629709831583
99 0.8591165980425776 1.0627226544864228
100 0.8549051045393132 1.0950823379896868
101 0.8506936110360488 1.1274420214929513
102 0.8464821175327844 1.159801704996216
103 0.84227062402952 1.1921613884994797
104 0.8380591305262558 1.2245210720027444
105 0.8338476370229914 1.2568807555060086
106 0.8296361435197269 1.2892404390092733
107 0.8254246500164625 1.3216001225125376
108 0.8212131565131983 1.3539598060158018
109 0.8170016630099338 1.386319489519066
110 0.8127901695066694 1.4186791730223307
111 0.808578676003405 1.451038856525595
112 0.8043671825001406 1.4833985400288594
113 0.8001556889968763 1.5157582235321239
114 0.7959441954936121 1.548117907035388
115 0.7917327019903476 1.5804775905386523
116 0.7875212084870832 1.612837274041917
117 0.7833097149838188 1.6451969575451812
118 0.7790982214805545 1.6775566410484455
119 0.7748867279772901 1.7099163245517102
120 0.7706752344740256 1.7422760080549744
121 0.7664637409707612 1.774635691558239
122 0.7622522474674969 1.8069953750615033
123 0.7580407539642325 1.8393550585647676
124 0.7538292604609681 1.8717147420680322
125 0.7496177669577039 1.9040744255712965
126 0.7454062734544394 1.9364341090745603
127 0.7411947799511751 1.9687937925778252
128 0.7369832864479108 2.001153476081089
129 0.7327717929446463 2.0335131595843534
130 0.7285602994413819 2.065872843087618
131 0.7243488059381176 2.0982325265908823
132 0.7201373124348531 2.1305922100941466
133 0.7159258189315888 2.1629518935974112
134 0.7117143254283244 2.195311577100676
135 0.7075028319250599 2.22767126060394
136 0.7032913384217957 2.260030944107205
137 0.6990798449185314 2.2923906276104686
138 0.6948683514152669 2.324750311113733
139 0.6906568579120026 2.3571099946169976
140 0.6864453644087382 2.389469678120262
141 0.6822338709054737 2.4218293616235265
142 0.6780223774022095 2.4541890451267907
143 0.673810883898945 2.486548728630055
144 0.6695993903956806 2.5189084121333196
145 0.6653878968924162 2.551268095636584
146 0.661176403389152 2.583627779139848
147 0.6569649098858876 2.615987462643112
148 0.6527534163826232 2.648347146146377
149 0.6485419228793587 2.6807068296496412
150 0.6443304293760944 2.713066513152906
151 0.6401189358728301 2.74542619665617
152 0.6359074423695656 2.777785880159435
153 0.6316959488663013 2.810145563662699
154 0.6274844553630369 2.842505247165963
155 0.6232729618597724 2.874864930669228
156 0.6190614683565082 2.907224614172492
157 0.6148499748532438 2.9395842976757565
158 0.6106384813499794 2.9719439811790203
159 0.606426987846715 3.0043036646822854
160 0.6022154943434506 3.0366633481855496
161 0.5980040008401863 3.069023031688814
162 0.5937925073369219 3.101382715192078
163 0.5895810138336575 3.1337423986953423
164 0.5853695203303931 3.166102082198607
165 0.5811580268271288 3.1984617657018712
166 1.5065750339152428 -0.31658872138624283
167 1.5000245178107967 -0.2818900152817967
168 1.4934740017063508 -0.24719130917735077
169 1.4869234856019047 -0.21249260307290463
170 1.4803729694974583 -0.17779389696845826
171 1.4738224533930124 -0.14309519086401234
172 1.467271937288566 -0.10839648475956598
173 1.4607214211841202 -0.07369777865512006
174 1.454170905079674 -0.03899907255067414
175 1.447620388975228 -0.004300366446227999
176 1.4410698728707818 0.030398339658218143
177 1.4345193567663357 0.06509704576266429
178 1.4279688406618896 0.09979575186711043
179 1.4214183245574434 0.13449445797155657
180 1.4148678084529973 0.1691931640760027
181 1.4083172923485512 0.20389187018044885
182 1.4017667762441053 0.23859057628489477
183 1.3952162601396592 0.2732892823893409
184 1.3886657440352128 0.3079879884937873
185 1.3821152279307667 0.3426866945982334
186 1.3755647118263206 0.37738540070267956
187 1.3690141957218747 0.4120841068071255
188 1.3624636796174283 0.44678281291157185
189 1.3559131635129822 0.481481519016018
190 1.3493626474085363 0.5161802251204639
191 1.34281213130409 0.5508789312249103
192 1.336261615199644 0.5855776373293562
193 1.329711099095198 0.6202763434338021
194 1.3231605829907518 0.6549750495382483
195 1.3166100668863054 0.6896737556426948
196 1.3100595507818595 0.7243724617471403
197 1.3035090346774136 0.7590711678515867
198 1.2969585185729673 0.7937698739560326
199 1.2904080024685212 0.8284685800604792
200 1.2838574863640748 0.8631672861649251
201 1.2773069702596291 0.8978659922693708
202 1.2707564541551828 0.9325646983738172
203 1.2642059380507367 0.9672634044782633
204 1.2576554219462908 1.0019621105827092
205 1.2511049058418444 1.0366608166871556
206 1.2445543897373985 1.0713595227916015
207 1.2380038736329524 1.1060582288960477
208 1.2314533575285063 1.1407569350004938
209 1.22490284142406 1.1754556411049402
210 1.218352325319614 1.210154347209386
211 1.211801809215168 1.2448530533138322
212 1.2052512931107218 1.2795517594182784
213 1.1987007770062756 1.3142504655227245
214 1.1921502609018293 1.3489491716271709
215 2.196704155034461 -0.6126431825054608
216 2.176363673954479 -0.5360063214254791
217 2.166193433414488 -0.49768789088548804
218 2.1560231928744966 -0.4593694603454965
219 2.1458529523345056 -0.42105102980550546
220 2.1356827117945145 -0.3827325992655144
221 2.125512471254524 -0.3444141687255238
222 2.115342230714533 -0.3060957381855327
223 2.1051719901745414 -0.2677773076455412
224 2.0950017496345508 -0.22945887710555057
225 2.0848315090945593 -0.19114044656555906
226 2.0746612685545687 -0.15282201602556844
227 2.0644910280145776 -0.1145035854855776
228 2.0543207874745866 -0.07618515494558653
229 2.0441505469345955 -0.03786672440559524
230 2.0339803063946045 0.0004517061343953799
231 2.023810065854614 0.038770136674386446
232 2.0136398253146224 0.07708856721437751
233 2.0034695847746313 0.11540699775436902
234 1.99329934423464 0.15372542829435987
235 1.9831291036946497 0.19204385883435027
236 1.9729588631546584 0.23036228937434156
237 1.9627886226146671 0.26868071991433284
238 1.9526183820746763 0.3069991504543237
239 1.9424481415346853 0.34531758099431475
240 1.9322779009946944 0.3836360115343056
241 1.9221076604547034 0.42195444207429667
242 1.9119374199147123 0.46027287261428773
243 1.901767179374721 0.498591303154279
244 1.8915969388347302 0.5369097336942699
245 1.8814266982947394 0.5752281642342607
246 1.8712564577547481 0.613546594774252
247 1.861086217214757 0.6518650253142431
248 1.8509159766747658 0.6901834558542344
249 1.840745736134775 0.7285018863942252
250 1.8305754955947842 0.766820316934216
251 1.820405255054793 0.8051387474742073
252 1.810235014514802 0.8434571780141982
253 1.800064773974811 0.8817756085541888
254 1.7898945334348202 0.9200940390941801
255 1.7797242928948291 0.9584124696341707
256 1.769554052354838 0.9967309001741618
257 1.7593838118148468 1.035049330714153
258 1.749213571274856 1.073367761254144
259 1.7390433307348647 1.1116861917941352
260 1.728873090194874 1.150004622334126
261 1.7187028496548828 1.1883230528741175
262 1.7085326091148916 1.2266414834141084
263 1.6983623685749007 1.2649599139540997
264 1.68819212803491 1.30327834449409
265 1.6780218874949187 1.3415967750340814
266 1.6678516469549278 1.3799152055740722
267 2.558698128342965 0.15129044418603543
268 2.544159520090704 0.19397724243829595
269 2.5296209118384425 0.23666404069055735
270 2.515082303586181 0.27935083894281876
271 2.50054369533392 0.3220376371950797
272 2.4860050870816583 0.36472443544734157
273 2.4714664788293974 0.4074112336996025
274 2.456927870577136 0.4500980319518644
275 2.4423892623248746 0.49278483020412533
276 2.4278506540726137 0.5354716284563867
277 2.4133120458203523 0.5781584267086477
278 2.398773437568091 0.6208452249609091
279 2.38423482931583 0.6635320232131701
280 2.3696962210635686 0.7062188214654315
281 2.355157612811307 0.7489056197176929
282 2.3406190045590467 0.7915924179699534
283 2.3260803963067844 0.8342792162222157
284 2.3115417880545235 0.8769660144744766
285 2.297003179802262 0.919652812726738
286 2.282464571550001 0.962339610978999
287 2.26792596329774 1.0050264092312595
288 2.2533873550454784 1.0477132074835218
289 2.238848746793217 1.0904000057357828
290 2.224310138540956 1.1330868039880442
291 2.209771530288695 1.1757736022403051
292 2.1952329220364337 1.2184604004925665
293 2.1806943137841728 1.2611471987448275
294 2.166155705531911 1.303833996997089
295 2.1516170972796496 1.3465207952493508
296 2.137078489027389 1.3892075935016108
297 2.1225398807751272 1.4318943917538731
298 2.1080012725228663 1.4745811900061336
299 2.0934626642706045 1.517267988258396
300 2.0789240560183435 1.5599547865106564
301 2.0643854477660826 1.6026415847629178
302 2.049846839513821 1.6453283830151788
303 2.03530823126156 1.6880151812674402
304 2.020769623009299 1.7307019795197012
305 2.0062310147570375 1.7733887777719626
306 1.9916924065047759 1.8160755760242242
307 1.9771537982525151 1.858762374276485
308 1.9626151900002533 1.9014491725287468
309 1.9480765817479924 1.9441359707810077
310 1.9335379734957312 1.986822769033269
311 1.91899936524347 2.02950956728553
312 1.9044607569912089 2.072196365537791
313 1.8899221487389475 2.1148831637900525
314 1.8753835404866865 2.157569962042314
315 1.860844932234425 2.2002567602945753
316 1.8463063239821638 2.242943558546836
317 1.8317677157299026 2.2856303567990977
318 1.8172291074776412 2.3283171550513595
319 1.8026904992253803 2.37100395330362
320 1.7881518909731189 2.413690751555881
321 1.7736132827208575 2.456377549808142
322 1.7590746744685963 2.4990643480604042
323 1.744536066216335 2.5417511463126656
324 1.7299974579640738 2.584437944564926
325 1.7154588497118126 2.6271247428171867
326 1.7009202414595512 2.66981154106945
327 1.68638163320729 2.7124983393217104
328 1.671843024955029 2.755185137573971
329 1.6573044167027675 2.7978719358262323
330 1.6427658084505063 2.8405587340784937
331 1.6282272001982452 2.883245532330755
332 1.6136885919459838 2.9259323305830165
333 1.5991499836937226 2.968619128835277
334 1.5846113754414615 3.0113059270875384
335 1.5700727671891999 3.0539927253398007
336 1.5555341589369391 3.0966795235920612
337 1.5409955506846775 3.139366321844322
338 1.00367237374311 -0.010723391214109923
339 0.9994492298663821 0.021647942662618047
340 0.9952260859896545 0.054019276539345684
341 0.9910029421129267 0.08639061041607343
342 0.9867797982361989 0.11876194429280107
343 0.9825566543594711 0.15113327816952904
344 0.9783335104827435 0.18350461204625645
345 0.9741103666060158 0.2158759459229842
346 0.969887222729288 0.24824727979971206
347 0.9656640788525603 0.2806186136764397
348 0.818555220899073 2.1447670616299277
349 0.8227104641606001 2.1124636283684
350 0.8268657074221271 2.080160195106873
351 0.831020950683654 2.047856761845346
352 0.8351761939451811 2.015553328583819
353 0.839331437206708 1.983249895322292
354 0.8434866804682349 1.9509464620607648
355 0.847641923729762 1.918643028799238
356 0.8517971669912889 1.886339595537711
357 0.8559524102528159 1.8540361622761843
358 0.8601076535143429 1.821732729014657
359 0.8642628967758699 1.7894292957531304
360 0.8684181400373968 1.7571258624916033
361 0.8725733832989239 1.7248224292300764
362 0.8767286265604508 1.6925189959685494
363 0.8808838698219779 1.6602155627070223
364 0.8850391130835049 1.6279121294454952
365 0.8891943563450319 1.5956086961839682
366 0.8933495996065589 1.5633052629224413
367 0.8975048428680859 1.5310018296609142
368 0.9016600861296128 1.4986983963993872
369 0.9058153293911398 1.4663949631378603
370 0.9099705726526668 1.4340915298763333
371 0.9141258159141937 1.4017880966148062
372 0.9182810591757208 1.3694846633532793
373 0.9224363024372477 1.3371812300917523
374 0.9265915456987748 1.3048777968302252
375 0.9307467889603017 1.2725743635686984
376 0.9349020322218287 1.2402709303071713
377 0.9390572754833557 1.2079674970456442
378 0.9432125187448827 1.1756640637841178
379 0.9473677620064096 1.1433606305225903
380 0.9515230052679367 1.1110571972610637
381 0.9556782485294636 1.0787537639995364
382 0.9598334917909905 1.0464503307380097
383 0.9639887350525176 1.0141468974764825
384 0.9681439783140448 0.9818434642149553
385 0.9722992215755715 0.9495400309534288
386 0.9764544648370986 0.9172365976919016
387 0.9806097080986257 0.8849331644303745
388 0.9847649513601526 0.8526297311688475
389 0.9889201946216796 0.8203262979073206
390 0.9930754378832065 0.7880228646457936
391 0.9972306811447336 0.7557194313842666
392 1.0013859244062604 0.7234159981227397
393 1.0055411676677874 0.6911125648612126
394 1.0096964109293145 0.6588091315996856
395 1.0138516541908416 0.6265056983381585
396 1.0180068974523684 0.5942022650766317
397 1.0221621407138954 0.5618988318151046
398 1.0263173839754225 0.5295953985535775
399 1.0304726272369495 0.49729196529205044
400 1.0346278704984764 0.4649885320305236
401 1.0387831137600034 0.4326850987689965
402 1.0429383570215305 0.40038166550746945
403 1.0470936002830573 0.3680782322459426
404 1.0512488435445844 0.33577479898441576
405 1.0554040868061114 0.3034713657228887
406 1.0595593300676382 0.27116793246136184
407 1.0637145733291653 0.23886449919983477
408 1.0678698165906924 0.2065610659383077
409 1.0720250598522194 0.17425763267678063
410 1.0761803031137462 0.14195419941525378
411 1.0803355463752733 0.10965076615372671
412 1.0844907896368003 0.07734733289219964
413 1.0886460328983272 0.04504389963067301
414 1.092801276159854 0.012740466369145942
415 1.0969565194213813 -0.01956296689238113
416 1.1011117626829083 -0.0518664001539082
417 1.1052670059444352 -0.08416983341543505
418 1.1094222492059624 -0.11647326667696245
419 1.1135774924674893 -0.1487766999384892
420 1.117732735729016 -0.18108013320001604
421 1.6382542655257177 2.1132173370032823
422 1.6479484601617533 2.0753749523672465
423 1.6576426547977885 2.0375325677312115
424 1.6673368494338234 1.999690183095177
425 1.677031044069859 1.961847798459141
426 1.6867252387058942 1.9240054138231062
427 1.6964194333419294 1.8861630291870706
428 1.706113627977965 1.8483206445510354
429 1.7158078226139997 1.8104782599150002
430 1.7255020172500353 1.772635875278965
431 1.7351962118860706 1.7347934906429292
432 1.7448904065221056 1.6969511060068947
433 1.754584601158141 1.6591087213708593
434 1.7642787957941763 1.621266336734824
435 1.7739729904302113 1.583423952098789
436 1.7836671850662469 1.5455815674627529
437 1.793361379702282 1.5077391828267181
438 1.8030555743383172 1.4698967981906825
439 1.8127497689743528 1.4320544135546474
440 1.822443963610388 1.3942120289186122
441 1.832138158246423 1.3563696442825772
442 1.8418323528824585 1.3185272596465416
443 1.8515265475184932 1.2806848750105069
444 1.8612207421545288 1.2428424903744713
445 1.8709149367905642 1.2050001057384359
446 1.8806091314265991 1.167157721102401
447 1.8903033260626347 1.1293153364663653
448 1.89999752069867 1.09147295183033
449 1.9096917153347048 1.0536305671942956
450 1.9193859099707404 1.0157881825582595
451 1.9290801046067756 0.9779457979222248
452 1.9387742992428108 0.9401034132861892
453 1.9484684938788464 0.9022610286501536
454 1.9581626885148815 0.8644186440141184
455 1.9678568831509167 0.8265762593780832
456 1.977551077786952 0.7887338747420478
457 1.9872452724229872 0.7508914901060126
458 1.9969394670590224 0.7130491054699779
459 2.0066336616950577 0.6752067208339421
460 2.0163278563310927 0.6373643361979076
461 2.026022050967128 0.5995219515618722
462 2.0357162456031634 0.5616795669258368
463 2.045410440239199 0.5238371822898014
464 2.055104634875234 0.48599479765376596
465 2.064798829511269 0.448152413017731
466 2.0744930241473045 0.4103100283816956
467 2.08418721878334 0.3724676437456602
468 2.093881413419375 0.33462525910962526
469 2.10357560805541 0.29678287447358986
470 2.1132698026914456 0.25894048983755447
471 2.1229639973274805 0.2210981052015195
472 2.132658191963516 0.18325572056548411
473 2.1423523865995513 0.14541333592944872
474 2.1520465812355867 0.10757095129341332
475 2.161740775871622 0.06972856665737792
476 2.171434970507657 0.03188618202134297
477 2.1811291651436924 -0.00595620261469243
478 2.1908233597797278 -0.04379858725072783
479 2.2005175544157627 -0.08164097188676234
480 2.210211749051798 -0.11948335652279818
481 2.2199059436878334 -0.15732574115883313
482 2.2296001383238684 -0.19516812579486853
483 2.2392943329599038 -0.23301051043090348
484 2.248988527595939 -0.2708528950669391
485 2.2586827222319745 -0.3086952797029745
486 2.2683769168680095 -0.34653766433900923
487 2.278071111504045 -0.38438004897504463
488 2.2877653061400802 -0.42222243361108003
489 2.2974595007761156 -0.4600648182471154
490 2.3071536954121505 -0.4979072028831504
491 2.316847890048186 -0.5357495875191858
492 2.3265420846842213 -0.5735919721552212
493 2.3362362793202562 -0.6114343567912561
494 2.3459304739562916 -0.6492767414272915
495 2.355624668592327 -0.6871191260633269
496 2.365318863228362 -0.7249615106993619
497 2.3750130578643973 -0.7628038953353973
498 2.3847072525004327 -0.8006462799714327
499 2.394401447136468 -0.8384886646074681
500 2.4040956417725035 -0.8763310492435035
501 2.4137898364085384 -0.9141734338795384
502 2.4234840310445738 -0.9520158185155738
503 2.433178225680609 -0.9898582031516092
504 2.442872420316644 -1.0277005877876442
505 2.0747916920895486 2.8589038904394526
506 2.0911294921742476 2.8144179003547523
507 2.107467292258947 2.7699319102700533
508 2.1238050923436456 2.725445920185355
509 2.140142892428345 2.6809599301006553
510 2.156480692513044 2.636473940015956
511 2.1728184925977434 2.591987949931257
512 2.189156292682442 2.5475019598465587
513 2.2054940927671405 2.5030159697618597
514 2.22183189285184 2.45852997967716
515 2.2381696929365393 2.414043989592461
516 2.254507493021238 2.3695579995077627
517 2.2708452931059373 2.325072009423063
518 2.2871830931906363 2.2805860193383634
519 2.303520893275335 2.2361000292536652
520 2.3198586933600343 2.1916140391689662
521 2.3361964934447337 2.1471280490842664
522 2.3525342935294318 2.102642058999568
523 2.3688720936141316 2.0581560689148684
524 2.38520989369883 2.0136700788301702
525 2.401547693783529 1.9691840887454717
526 2.417885493868229 1.9246980986607705
527 2.434223293952927 1.8802121085760728
528 2.4505610940376266 1.8357261184913738
529 2.466898894122326 1.7912401284066748
530 2.4832366942070245 1.746754138321975
531 2.499574494291724 1.702268148237276
532 2.5159122943764234 1.657782158152577
533 2.5322500944611215 1.6132961680678792
534 2.548587894545821 1.5688101779831793
535 2.5649256946305203 1.5243241878984795
536 2.581263494715219 1.4798381978137813
537 2.5976012947999187 1.435352207729082
538 2.613939094884617 1.3908662176443833
539 2.6302768949693163 1.3463802275596835
540 2.6466146950540157 1.3018942374749845
541 2.6629524951387142 1.257408247390286
542 2.679290295223413 1.212922257305587
543 2.6956280953081126 1.1684362672208874
544 2.711965895392811 1.123950277136189
545 2.7283036954775106 1.0794642870514894
546 2.74464149556221 1.03497829696679
547 2.760979295646908 0.9904923068820919
548 2.777317095731608 0.946006316797392
549 2.793654895816307 0.901520326712693
550 2.8099926959010055 0.8570343366279949
551 2.8263304959857054 0.8125483465432946
552 2.842668296070404 0.7680623564585964
553 2.859006096155103 0.723576366373897
554 2.8753438962398024 0.679090376289198
555 2.891681696324501 0.634604386204499
556 2.9080194964092003 0.5901183961198
557 2.9243572964938993 0.5456324060351005
558 2.940695096578598 0.5011464159504024
559 2.9570328966632973 0.456660425865703
560 2.9733706967479967 0.41217443578100355
561 2.9897084968326952 0.367688445696305
562 3.0060462969173947 0.3232024556116051
563 3.0223840970020937 0.27871646552690654
564 3.0387218970867926 0.2342304754422071
565 3.055059697171492 0.1897444853575081
566 3.071397497256191 0.1452584952728091
567 3.0877352973408896 0.10077250518811054
568 3.104073097425589 0.056286515103411094
569 3.1204108975102876 0.011800525018712538
570 3.136748697594987 -0.03268546506598691
571 3.1530864976796864 -0.07717145515068635
572 3.1694242977643845 -0.12165744523538446
573 3.1857620978490844 -0.16614343532008435
574 3.2020998979337834 -0.21062942540478335
575 3.218437698018482 -0.25511541548948147
576 3.2347754981031818 -0.2996014055741818
577 3.2511132981878803 -0.3440873956588799
578 3.2674510982725793 -0.38857338574357936
579 3.2837888983572787 -0.4330593758282788
580 3.3001266984419777 -0.4775453659129778
581 3.3164644985266767 -0.5220313559976768
582 3.3328022986113757 -0.5665173460823758
583 3.3491400986960747 -0.6110033361670748
584 3.3654778987807736 -0.6554893262517734
585 3.381815698865473 -0.6999753163364733
586 3.398153498950172 -0.7444613064211718
587 3.4144912990348706 -0.7889472965058704
588 3.43082909911957 -0.8334332865905698
589 3.447166899204269 -0.8779192766752688
590 3.4635046992889684 -0.9224052667599683
591 3.4798424993736674 -0.9668912568446673
592 3.496180299458366 -1.0113772469293658
593 3.5125180995430654 -1.0558632370140653
594 3.5288558996277644 -1.1003492270987643
595 3.5451936997124633 -1.1448352171834633
636 3.964398762036463 1.4196678604925368
637 3.9286813126818183 1.4835334998471827
638 3.892963863327174 1.5473991392018265
639 3.857246413972531 1.6112647785564693
640 3.8215289646178867 1.675130417911113
677 3.951734974209947 2.417518298319052
678 3.899733899893647 2.4976675626353533
679 3.847732825577348 2.577816826951652
680 3.795731751261049 2.6579660912679524
681 3.7437306769447507 2.73811535558425
682 3.691729602628451 2.818264619900549
683 3.639728528312152 2.898413884216848
684 3.5877274539958544 2.978563148533145
709 3.9744344193158287 3.267412743213171
738 1.9686442303190141 3.246470660018155
739 2.0242076137721106 3.0068079918759367
740 2.075390667935712 2.7860390868492755
741 2.122419782741557 2.583187452656589
742 2.1659060504410848 2.395617252702631
743 2.2063519788076773 2.2211610100224286
744 2.243847888772883 2.059429141511083
745 2.278806156910541 1.908642934933603
746 2.3115708511741215 1.7673183150118805
747 2.3421638694692364 1.6353608290657595
748 2.3708774075845707 1.5115101430769653
749 2.3979581675377024 1.394702152232326
750 2.423392918494444 1.2849939253571345
751 2.4473970544254984 1.1814563992714278
752 2.4701542455433696 1.0832973455245405
753 2.491633362772272 0.9906510337900558
754 2.5119984399113666 0.9028099337570175
755 2.531390550921318 0.8191655482512581
756 2.5497699041858306 0.7398895112579411
757 2.567264864452815 0.664428144507895
758 2.583986654891161 0.592301706852203
759 2.5998918903036934 0.5236973325412788
760 2.615083355032652 0.458171679788256
761 2.6296506994343685 0.39533805789391785
762 2.643549751631787 0.33538699431095065
763 2.6568644394373155 0.2779564815048463
764 2.669668402657581 0.2227288874049651
765 2.681918232308112 0.16989144886394847
766 2.6936836178052084 0.11914357310983403
767 2.7050260413814806 0.0702200675824356
768 2.7159036815713207 0.02330132165709342
769 2.72637525675002 -0.021865935824580074
770 2.7364928248498215 -0.06550624739696342
771 2.7462165653698527 -0.10744785448647054
772 2.7555965822858517 -0.14790687158727556
773 2.7646775005662367 -0.18707578048022855
774 2.7734216688850415 -0.22479217893782932
775 2.781872319521107 -0.2612425416247368
776 2.7900681198577812 -0.2965936533493574
777 2.797973617761306 -0.3306925977045161
778 2.805626482114938 -0.36370185264792987
779 2.8130605407198974 -0.39576732832030714
780 2.8202424862636684 -0.42674535961541826
781 2.8272054289640236 -0.45677876150674157
782 2.833979212816368 -0.485996260704606
783 2.840532580180241 -0.5142630329948106
784 2.846894862491443 -0.5417055942539508
785 2.853092585417502 -0.568438358181464
786 2.8590964265844465 -0.5943348479873207
787 2.8649325486203496 -0.6195079114655178
788 2.8706246895481256 -0.6440599383114676
789 2.8761453353947073 -0.6678722519474234
790 2.8815179687527515 -0.6910461403162937
791 2.8867639613755243 -0.7136737866346543
792 2.891857480825283 -0.7356437673251572
793 2.896819723848755 -0.7570475107451249
794 2.9016700380135374 -0.7779684691500615
795 2.906384150082544 -0.7983019442944119
796 2.9109812903859824 -0.8181308827512686
797 2.9154790615233352 -0.8375312101697929
798 2.9198546316544185 -0.8564044455109046
799 2.9241255303177303 -0.8748261992883464
800 2.9283078428230525 -0.8928658525948467
801 2.932380072816992 -0.9104306847735821
802 2.936358264831106 -0.9275899010277437
803 2.9402571805820266 -0.9444071733689086
804 2.944056553859415 -0.960795087141219
805 2.947771131654434 -0.9768172508405859
806 2.9514145084070913 -0.9925323016406553
807 2.9549675591309206 -1.0078577473496326
808 2.9584438822304775 -1.0228522422415336
809 2.9618560436283716 -1.0375699871650697
810 2.96518597177556 -1.0519330337414299
811 2.968446249019214 -1.0659956536637216
812 2.971648527170118 -1.079808104923588
813 2.9747757088256583 -1.0932966409477662
814 2.977839472415739 -1.106511634544681
815 2.980850652487594 -1.119499818586546
816 2.9837930566886115 -1.1321913502706096
817 2.986677552981516 -1.1446331066007898
818 2.989514244170991 -1.156868664209319
819 2.9922877766898113 -1.168831798243457
820 2.9950082912890617 -1.1805662490104196
821 2.9976852332245847 -1.1921127569236907
822 3.0003040254144797 -1.2034084463604215
823 3.0028741544591746 -1.2144942360665405
824 3.0054044709320977 -1.2254083013998178
825 3.0078811209984377 -1.2360908863337357
826 3.0103129982753 -1.246580351887238
827 3.0127084141573905 -1.2569125477675804
828 3.0150541876505708 -1.2670306201255668
829 3.0173586754586834 -1.2769706141012693
830 3.0196296985050304 -1.2867662638417043
831 3.02185470276065 -1.296363419799274
832 3.0240415550243465 -1.3057960139967224
833 3.0261976287917003 -1.3150958506820043
834 3.028310955087973 -1.324211303833763
835 3.0324385902266053 -1.3420151161461873
836 3.034448441782673 -1.3506842496035407
837 3.0364255172758488 -1.3592120094044366
838 3.0440326426226707 -1.3920239773626268
839 3.047653201127883 -1.4076406057534572
840 3.049426861253286 -1.4152909699252199
841 3.054576858541541 -1.437504557621339
842 2.6957017495420956 3.0386905089267646
843 2.766114428047959 2.811465042697491
844 2.8323120191349793 2.5978418882147314
845 2.8943002593183955 2.3978025334380764
846 2.9526375513388405 2.209544982963058
847 3.0077976422064827 2.031540429939196
848 3.059729346499071 1.8639540524520575
849 3.108850920047638 1.7054361166436762
850 3.1555204948130124 1.554830911589573
851 3.1996583637359985 1.4123956562178157
852 3.241587315338578 1.2770886947647404
853 3.281585954841751 1.1480109533337233
854 3.3195614666423205 1.0254619528229538
855 3.355769292505955 0.9086173690406794
856 3.390431467928765 0.7967606816074206
857 3.4234505800062682 0.6902062471576298
858 3.4550331222217094 0.5882877002156626
859 3.4853597139141788 0.4904221725480533
860 3.5143330643582034 0.3969236265110725
861 3.5421231616336515 0.3072435015113584
862 3.568879546109565 0.220899222808157
863 3.5945076158413385 0.13819607591858585
864 3.619149523159588 0.05867532769564443
865 3.6429309725721506 -0.01806867700696868
866 3.6657613915139575 -0.0917436556946436
867 3.6877612864078704 -0.1627384890164323
868 3.709037731569027 -0.23139871149387714
869 3.7295048065035408 -0.29744705311401676
870 3.7492658931925607 -0.3612171330398324
871 3.768413257012428 -0.42300669655812007
872 3.7868658368234542 -0.48255415505089827
873 3.804713258935332 -0.5401487373962417
874 3.822035839617088 -0.5960496284748058
875 3.8387573467491327 -0.6500108231738344
876 3.8549562032471214 -0.7022853964217495
877 3.870702956957465 -0.7531010098788107
878 3.8859260354152845 -0.8022266953863544
879 3.900694629016043 -0.8498857340380872
880 3.91507120072605 -0.8962796971552982
881 3.928988600118029 -0.9411918867303326
882 3.9425083219949504 -0.9848207497697885
883 3.9556860698746457 -1.0273460444944633
884 3.9684588440457693 -1.068564467478231
885 3.98088166213846 -1.108653563545754
886 3.993004518118956 -1.1477746658905423
913 3.474161988192424 2.6969442945138504
914 3.5584018111671614 2.4777243920305314
915 3.638684622927242 2.2688019424853856
916 3.7148356339079713 2.0706318061805193
917 3.7873775509627876 1.881853726869041
918 3.8567639441582915 1.7012873651074654
919 3.922807818360244 1.5294193441298507
920 3.9859295595234623 1.3651556805354041
