    0  0.2426412E-02  0.3522594E-03  0.2426412E-02  0.3522594E-03
    1  0.2576088E-02  0.3767080E-03  0.2576088E-02  0.3767080E-03
    2  0.2743667E-02  0.4040526E-03  0.2743667E-02  0.4040526E-03
    3  0.2906351E-02  0.4305410E-03  0.2906351E-02  0.4305410E-03
    4  0.3063233E-02  0.4559937E-03  0.3063233E-02  0.4559937E-03
    5  0.3215866E-02  0.4810582E-03  0.3215866E-02  0.4810582E-03
    6  0.3358924E-02  0.5042054E-03  0.3358924E-02  0.5042054E-03
    7  0.3496351E-02  0.5264108E-03  0.3496351E-02  0.5264108E-03
    8  0.3627138E-02  0.5476129E-03  0.3627138E-02  0.5476129E-03
    9  0.3754455E-02  0.5692890E-03  0.3754455E-02  0.5692890E-03
   10  0.3875271E-02  0.5897557E-03  0.3875271E-02  0.5897557E-03
   11  0.3992338E-02  0.6102844E-03  0.3992338E-02  0.6102844E-03
   12  0.4107039E-02  0.6313865E-03  0.4107039E-02  0.6313865E-03
   13  0.4219793E-02  0.6534124E-03  0.4219793E-02  0.6534124E-03
   14  0.4979100E-02  0.1759855E-02  0.4979065E-02  0.1561664E-02
   15  0.7875596E-02  0.2457517E-02  0.7875596E-02  0.2444986E-02
   16  0.1105781E-01  0.3426139E-02  0.1105781E-01  0.3426106E-02
   17  0.1414597E-01  0.4393106E-02  0.1414597E-01  0.4393106E-02
   18  0.1680317E-01  0.5259192E-02  0.1680317E-01  0.5259192E-02
   19  0.1877337E-01  0.5964003E-02  0.1877337E-01  0.5964003E-02
   20  0.1989025E-01  0.6459210E-02  0.1989025E-01  0.6459210E-02
   21  0.2010511E-01  0.6712124E-02  0.2010511E-01  0.6712124E-02
   22  0.1951251E-01  0.6721868E-02  0.1951251E-01  0.6721868E-02
   23  0.1833677E-01  0.6526832E-02  0.1833677E-01  0.6526832E-02
   24  0.1681636E-01  0.6156328E-02  0.1681636E-01  0.6156328E-02
   25  0.1535608E-01  0.5737013E-02  0.1535608E-01  0.5737013E-02
   26  0.1414175E-01  0.5306369E-02  0.1414175E-01  0.5306369E-02
   27  0.1332558E-01  0.4909034E-02  0.1332558E-01  0.4909034E-02
   28  0.1297430E-01  0.4578818E-02  0.1297430E-01  0.4578818E-02
   29  0.1306849E-01  0.4217308E-02  0.1306849E-01  0.4217308E-02
   30  0.1361161E-01  0.4008396E-02  0.1361161E-01  0.4008396E-02
   31  0.1449509E-01  0.3780234E-02  0.1449509E-01  0.3780234E-02
   32  0.1564386E-01  0.3695857E-02  0.1564386E-01  0.3695857E-02
   33  0.1696657E-01  0.3576108E-02  0.1696657E-01  0.3576108E-02
   34  0.1834604E-01  0.3605238E-02  0.1834604E-01  0.3605238E-02
   35  0.3721921E-03  0.6482442E-04  0.3721921E-03  0.6482442E-04
   36  0.6698492E-03  0.1145925E-03  0.6698492E-03  0.1145925E-03
   37  0.1119679E-02  0.1942150E-03  0.1119679E-02  0.1942150E-03
   38  0.1767645E-02  0.3173538E-03  0.1767645E-02  0.3173538E-03
   39  0.2651491E-02  0.4966907E-03  0.2651491E-02  0.4966907E-03
   40  0.3771590E-02  0.7370916E-03  0.3771590E-02  0.7370916E-03
   41  0.5086326E-02  0.1030454E-02  0.5086326E-02  0.1030454E-02
   42  0.6516942E-02  0.1357109E-02  0.6516942E-02  0.1357109E-02
   43  0.7956208E-02  0.1692033E-02  0.7956208E-02  0.1692033E-02
   44  0.9319000E-02  0.2014802E-02  0.9319000E-02  0.2014802E-02
   45  0.1054154E-01  0.2311554E-02  0.1054154E-01  0.2311554E-02
   46  0.1154370E-01  0.2566179E-02  0.1154370E-01  0.2566179E-02
   47  0.1228640E-01  0.2768843E-02  0.1228640E-01  0.2768843E-02
   48  0.1275874E-01  0.2916016E-02  0.1275874E-01  0.2916016E-02
   49  0.1293122E-01  0.2993334E-02  0.1293122E-01  0.2993334E-02
   50  0.1285420E-01  0.3008556E-02  0.1285420E-01  0.3008556E-02
   51  0.1261271E-01  0.2985121E-02  0.1261271E-01  0.2985121E-02
   52  0.1224909E-01  0.2911075E-02  0.1224909E-01  0.2911075E-02
   53  0.1187017E-01  0.2816217E-02  0.1187017E-01  0.2816217E-02
   54  0.1155359E-01  0.2715513E-02  0.1155359E-01  0.2715513E-02
   55  0.1135937E-01  0.2621383E-02  0.1135937E-01  0.2621383E-02
   56  0.1133807E-01  0.2575332E-02  0.1133807E-01  0.2575332E-02
   57  0.1147736E-01  0.2519158E-02  0.1147736E-01  0.2519158E-02
   58  0.1178567E-01  0.2488450E-02  0.1178567E-01  0.2488450E-02
   59  0.1224113E-01  0.2484009E-02  0.1224113E-01  0.2484009E-02
   60  0.1281084E-01  0.2505278E-02  0.1281084E-01  0.2505278E-02
   61  0.1345604E-01  0.2550724E-02  0.1345604E-01  0.2550724E-02
   62  0.1792926E-03  0.2438105E-04  0.1792926E-03  0.2438105E-04
   63  0.1945029E-03  0.2710412E-04  0.1945029E-03  0.2710412E-04
   64  0.2129007E-03  0.3051244E-04  0.2129007E-03  0.3051244E-04
   65  0.2326985E-03  0.3431983E-04  0.2326985E-03  0.3431983E-04
   66  0.2536248E-03  0.3850073E-04  0.2536248E-03  0.3850073E-04
   67  0.2761012E-03  0.4316855E-04  0.2761012E-03  0.4316855E-04
   68  0.2998197E-03  0.4829077E-04  0.2998197E-03  0.4829077E-04
   69  0.3252564E-03  0.5400505E-04  0.3252564E-03  0.5400505E-04
   70  0.3520570E-03  0.6026999E-04  0.3520570E-03  0.6026999E-04
   71  0.3807543E-03  0.6725275E-04  0.3807543E-03  0.6725275E-04
   72  0.4109452E-03  0.7490101E-04  0.4109452E-03  0.7490101E-04
   73  0.4432306E-03  0.8341733E-04  0.4432306E-03  0.8341733E-04
   74  0.4771601E-03  0.9273528E-04  0.4771601E-03  0.9273528E-04
   75  0.5134167E-03  0.1030989E-03  0.5134167E-03  0.1030989E-03
   76  0.1783709E-03  0.1460190E-04  0.1783709E-03  0.1460190E-04
   77  0.2422501E-03  0.2151214E-04  0.2422501E-03  0.2151214E-04
   78  0.3266482E-03  0.3146864E-04  0.3266482E-03  0.3146864E-04
   79  0.4367521E-03  0.4554504E-04  0.4367521E-03  0.4554504E-04
   80  0.5778973E-03  0.6494244E-04  0.5778973E-03  0.6494244E-04
   81  0.7554884E-03  0.9088155E-04  0.7554884E-03  0.9088155E-04
   82  0.9723151E-03  0.1242374E-03  0.9723151E-03  0.1242374E-03
   83  0.1227583E-02  0.1652288E-03  0.1227583E-02  0.1652288E-03
   84  0.1517828E-02  0.2134021E-03  0.1517828E-02  0.2134021E-03
   85  0.1834323E-02  0.2673688E-03  0.1834323E-02  0.2673688E-03
   86  0.2165893E-02  0.3251276E-03  0.2165893E-02  0.3251276E-03
   87  0.2504418E-02  0.3849936E-03  0.2504418E-02  0.3849936E-03
   88  0.2840386E-02  0.4451010E-03  0.2840386E-02  0.4451010E-03
   89  0.3165654E-02  0.5036881E-03  0.3165654E-02  0.5036881E-03
   90  0.3478519E-02  0.5602749E-03  0.3478519E-02  0.5602749E-03
   91  0.3773136E-02  0.6198380E-03  0.3773136E-02  0.6198380E-03
   92  0.4043963E-02  0.6686765E-03  0.4043963E-02  0.6686765E-03
   93  0.4292898E-02  0.7134229E-03  0.4292898E-02  0.7134229E-03
   94  0.4515154E-02  0.7529036E-03  0.4515154E-02  0.7529036E-03
   95  0.4707803E-02  0.7856931E-03  0.4707803E-02  0.7856931E-03
   96  0.4876705E-02  0.8142111E-03  0.4876705E-02  0.8142111E-03
   97  0.5017880E-02  0.8360451E-03  0.5017880E-02  0.8360451E-03
   98  0.5142332E-02  0.8556403E-03  0.5142332E-02  0.8556403E-03
   99  0.5246638E-02  0.8699988E-03  0.5246638E-02  0.8699988E-03
  100  0.5345066E-02  0.8855159E-03  0.5345066E-02  0.8855159E-03
  101  0.5437016E-02  0.9010941E-03  0.5437016E-02  0.9010941E-03
  102  0.5526426E-02  0.9154423E-03  0.5526426E-02  0.9154423E-03
  103  0.5621578E-02  0.9356578E-03  0.5621578E-02  0.9356578E-03
  104  0.5721825E-02  0.9566176E-03  0.5721825E-02  0.9566176E-03
  105  0.5829954E-02  0.9818692E-03  0.5829954E-02  0.9818692E-03
  106  0.5952319E-02  0.1017426E-02  0.5952319E-02  0.1017426E-02
  107  0.6081464E-02  0.1054348E-02  0.6081464E-02  0.1054348E-02
  108  0.6222602E-02  0.1102542E-02  0.6222602E-02  0.1102542E-02
  109  0.6370210E-02  0.1152439E-02  0.6370210E-02  0.1152439E-02
  110  0.6524056E-02  0.1208578E-02  0.6524056E-02  0.1208578E-02
  111  0.6685038E-02  0.1277038E-02  0.6685038E-02  0.1277038E-02
  112  0.6847854E-02  0.1346744E-02  0.6847854E-02  0.1346744E-02
  113  0.7011792E-02  0.1422962E-02  0.7011792E-02  0.1422962E-02
  114  0.7176582E-02  0.1511634E-02  0.7176582E-02  0.1511634E-02
  115  0.7339877E-02  0.1601813E-02  0.7339877E-02  0.1601813E-02
  116  0.7499838E-02  0.1699005E-02  0.7499838E-02  0.1699005E-02
  117  0.7657912E-02  0.1803448E-02  0.7657912E-02  0.1803448E-02
  118  0.7811583E-02  0.1920838E-02  0.7811583E-02  0.1920838E-02
  119  0.7964245E-02  0.2041094E-02  0.7964245E-02  0.2041094E-02
  120  0.8111943E-02  0.2169828E-02  0.8111943E-02  0.2169828E-02
  121  0.8260266E-02  0.2307270E-02  0.8260266E-02  0.2307270E-02
  122  0.8404339E-02  0.2454110E-02  0.8404339E-02  0.2454110E-02
  123  0.8551167E-02  0.2610447E-02  0.8551167E-02  0.2610447E-02
  124  0.8695479E-02  0.2776903E-02  0.8695479E-02  0.2776903E-02
  125  0.8842010E-02  0.2957205E-02  0.8842010E-02  0.2957205E-02
  126  0.8992680E-02  0.3144043E-02  0.8992680E-02  0.3144043E-02
  127  0.9143337E-02  0.3341537E-02  0.9143337E-02  0.3341537E-02
  128  0.9302321E-02  0.3549268E-02  0.9302321E-02  0.3549268E-02
  129  0.9464957E-02  0.3767613E-02  0.9464957E-02  0.3767613E-02
  130  0.9630239E-02  0.3996483E-02  0.9630239E-02  0.3996483E-02
  131  0.9803972E-02  0.4235310E-02  0.9803972E-02  0.4235310E-02
  132  0.9987480E-02  0.4483847E-02  0.9987480E-02  0.4483847E-02
  133  0.1017316E-01  0.4742275E-02  0.1017316E-01  0.4742275E-02
  134  0.1036484E-01  0.5008210E-02  0.1036484E-01  0.5008210E-02
  135  0.1056227E-01  0.5285323E-02  0.1056227E-01  0.5285323E-02
  136  0.1077537E-01  0.5570107E-02  0.1077537E-01  0.5570107E-02
  137  0.1099062E-01  0.5863746E-02  0.1099062E-01  0.5863746E-02
  138  0.1120971E-01  0.6165607E-02  0.1120971E-01  0.6165607E-02
  139  0.1143405E-01  0.6475415E-02  0.1143405E-01  0.6475415E-02
  140  0.1166361E-01  0.6792982E-02  0.1166361E-01  0.6792982E-02
  141  0.1189808E-01  0.7118194E-02  0.1189808E-01  0.7118194E-02
  142  0.1213738E-01  0.7450014E-02  0.1213738E-01  0.7450014E-02
  143  0.1238048E-01  0.7790459E-02  0.1238048E-01  0.7790459E-02
  144  0.1263168E-01  0.8137766E-02  0.1263168E-01  0.8137766E-02
  145  0.1288291E-01  0.8493271E-02  0.1288291E-01  0.8493271E-02
  146  0.1313743E-01  0.8857325E-02  0.1313743E-01  0.8857325E-02
  147  0.1339627E-01  0.9232652E-02  0.1339627E-01  0.9232652E-02
  148  0.1365023E-01  0.9612343E-02  0.1365023E-01  0.9612343E-02
  149  0.1390442E-01  0.1000081E-01  0.1390442E-01  0.1000081E-01
  150  0.1415787E-01  0.1039807E-01  0.1415787E-01  0.1039807E-01
  151  0.1440992E-01  0.1080519E-01  0.1440992E-01  0.1080519E-01
  152  0.1466447E-01  0.1122136E-01  0.1466447E-01  0.1122136E-01
  153  0.1491814E-01  0.1164726E-01  0.1491814E-01  0.1164726E-01
  154  0.1517044E-01  0.1208406E-01  0.1517044E-01  0.1208406E-01
  155  0.1542126E-01  0.1253153E-01  0.1542126E-01  0.1253153E-01
  156  0.1567028E-01  0.1299046E-01  0.1567028E-01  0.1299046E-01
  157  0.1591726E-01  0.1346135E-01  0.1591726E-01  0.1346135E-01
  158  0.1616165E-01  0.1394475E-01  0.1616165E-01  0.1394475E-01
  159  0.1640115E-01  0.1444161E-01  0.1640115E-01  0.1444161E-01
  160  0.1664197E-01  0.1495099E-01  0.1664197E-01  0.1495099E-01
  161  0.1688334E-01  0.1547350E-01  0.1688334E-01  0.1547350E-01
  162  0.1712281E-01  0.1601042E-01  0.1712281E-01  0.1601042E-01
  163  0.1736017E-01  0.1656233E-01  0.1736017E-01  0.1656233E-01
  164  0.1759298E-01  0.1713034E-01  0.1759298E-01  0.1713034E-01
  165  0.1782790E-01  0.1771300E-01  0.1782790E-01  0.1771300E-01
  166  0.4942774E-06  0.3883328E-07  0.4942774E-06  0.3883328E-07
  167  0.6703908E-06  0.5532153E-07  0.6703908E-06  0.5532153E-07
  168  0.9095624E-06  0.7861940E-07  0.9095624E-06  0.7861940E-07
  169  0.1235081E-05  0.1115442E-06  0.1235081E-05  0.1115442E-06
  170  0.1678974E-05  0.1580815E-06  0.1678974E-05  0.1580815E-06
  171  0.2285340E-05  0.2238706E-06  0.2285340E-05  0.2238706E-06
  172  0.3114936E-05  0.3168904E-06  0.3114936E-05  0.3168904E-06
  173  0.4251472E-05  0.4484235E-06  0.4251472E-05  0.4484235E-06
  174  0.5810187E-05  0.6344041E-06  0.5810187E-05  0.6344041E-06
  175  0.7949405E-05  0.8972849E-06  0.7949405E-05  0.8972849E-06
  176  0.3190351E-04  0.1268589E-05  0.3190351E-04  0.1268589E-05
  177  0.4065590E-04  0.1792330E-05  0.4065590E-04  0.1792330E-05
  178  0.5178638E-04  0.2531712E-05  0.5178638E-04  0.2531712E-05
  179  0.6594669E-04  0.3570997E-05  0.6594669E-04  0.3570997E-05
  180  0.8397878E-04  0.5024301E-05  0.8397878E-04  0.5024301E-05
  181  0.1070040E-03  0.7045671E-05  0.1070040E-03  0.7045671E-05
  182  0.1362581E-03  0.9824530E-05  0.1362581E-03  0.9824530E-05
  183  0.1734001E-03  0.1360559E-04  0.1734001E-03  0.1360559E-04
  184  0.2200337E-03  0.1865721E-04  0.2200337E-03  0.1865721E-04
  185  0.2779811E-03  0.2528471E-04  0.2779811E-03  0.2528471E-04
  186  0.3484145E-03  0.3375143E-04  0.3484145E-03  0.3375143E-04
  187  0.4322290E-03  0.4428471E-04  0.4322290E-03  0.4428471E-04
  188  0.5291753E-03  0.5696000E-04  0.5291753E-03  0.5696000E-04
  189  0.6385448E-03  0.7174680E-04  0.6385448E-03  0.7174680E-04
  190  0.7584261E-03  0.8841520E-04  0.7584261E-03  0.8841520E-04
  191  0.8864944E-03  0.1066343E-03  0.8864944E-03  0.1066343E-03
  192  0.1020842E-02  0.1260975E-03  0.1020842E-02  0.1260975E-03
  193  0.1158409E-02  0.1463110E-03  0.1158409E-02  0.1463110E-03
  194  0.1298148E-02  0.1670782E-03  0.1298148E-02  0.1670782E-03
  195  0.1437822E-02  0.1879895E-03  0.1437822E-02  0.1879895E-03
  196  0.1577077E-02  0.2089839E-03  0.1577077E-02  0.2089839E-03
  197  0.1714485E-02  0.2297663E-03  0.1714485E-02  0.2297663E-03
  198  0.1849235E-02  0.2501873E-03  0.1849235E-02  0.2501873E-03
  199  0.1981775E-02  0.2704108E-03  0.1981775E-02  0.2704108E-03
  200  0.2109906E-02  0.2899383E-03  0.2109906E-02  0.2899383E-03
  201  0.2233444E-02  0.3088067E-03  0.2233444E-02  0.3088067E-03
  202  0.2353726E-02  0.3275220E-03  0.2353726E-02  0.3275220E-03
  203  0.2468080E-02  0.3453646E-03  0.2468080E-02  0.3453646E-03
  204  0.2577466E-02  0.3627445E-03  0.2577466E-02  0.3627445E-03
  205  0.2684418E-02  0.3806798E-03  0.2684418E-02  0.3806798E-03
  206  0.2786410E-02  0.3982748E-03  0.2786410E-02  0.3982748E-03
  207  0.2885323E-02  0.4163370E-03  0.2885323E-02  0.4163370E-03
  208  0.2983949E-02  0.4362409E-03  0.2983949E-02  0.4362409E-03
  209  0.3080061E-02  0.4569019E-03  0.3080061E-02  0.4569019E-03
  210  0.3175526E-02  0.4793293E-03  0.3175526E-02  0.4793293E-03
  211  0.3272647E-02  0.5049056E-03  0.3272647E-02  0.5049056E-03
  212  0.3370029E-02  0.5326832E-03  0.3370029E-02  0.5326832E-03
  213  0.3468768E-02  0.5634701E-03  0.3468768E-02  0.5634701E-03
  214  0.3569409E-02  0.5976589E-03  0.3569409E-02  0.5976589E-03
  215  0.2091029E-06  0.1074173E-07  0.2091029E-06  0.1074173E-07
  216  0.3546351E-06  0.2048288E-07  0.3546351E-06  0.2048288E-07
  217  0.4626134E-06  0.2818096E-07  0.4626134E-06  0.2818096E-07
  218  0.6041661E-06  0.3869951E-07  0.6041661E-06  0.3869951E-07
  219  0.7899580E-06  0.5306241E-07  0.7899580E-06  0.5306241E-07
  220  0.1034102E-05  0.7266428E-07  0.1034102E-05  0.7266428E-07
  221  0.1355278E-05  0.9940398E-07  0.1355278E-05  0.9940398E-07
  222  0.1778213E-05  0.1358651E-06  0.1778213E-05  0.1358651E-06
  223  0.2335608E-05  0.1855587E-06  0.2335608E-05  0.1855587E-06
  224  0.3070656E-05  0.2532475E-06  0.3070656E-05  0.2532475E-06
  225  0.4043058E-05  0.3454867E-06  0.4043058E-05  0.3454867E-06
  226  0.5344880E-05  0.4718068E-06  0.5344880E-05  0.4718068E-06
  227  0.7089472E-05  0.6444937E-06  0.7089472E-05  0.6444937E-06
  228  0.9428419E-05  0.8800272E-06  0.9428419E-05  0.8800272E-06
  229  0.1257733E-04  0.1201114E-05  0.1257733E-04  0.1201114E-05
  230  0.3531056E-04  0.1635905E-05  0.3531056E-04  0.1635905E-05
  231  0.4351539E-04  0.2221699E-05  0.4351539E-04  0.2221699E-05
  232  0.5380484E-04  0.3006153E-05  0.5380484E-04  0.3006153E-05
  233  0.6656204E-04  0.4043203E-05  0.6656204E-04  0.4043203E-05
  234  0.8221290E-04  0.5396861E-05  0.8221290E-04  0.5396861E-05
  235  0.1012566E-03  0.7141221E-05  0.1012566E-03  0.7141221E-05
  236  0.1241519E-03  0.9350788E-05  0.1241519E-03  0.9350788E-05
  237  0.1513333E-03  0.1209835E-04  0.1513333E-03  0.1209835E-04
  238  0.1831073E-03  0.1544531E-04  0.1831073E-03  0.1544531E-04
  239  0.2197017E-03  0.1944378E-04  0.2197017E-03  0.1944378E-04
  240  0.2608954E-03  0.2409630E-04  0.2608954E-03  0.2409630E-04
  241  0.3064171E-03  0.2939085E-04  0.3064171E-03  0.2939085E-04
  242  0.3559060E-03  0.3530027E-04  0.3559060E-03  0.3530027E-04
  243  0.4087014E-03  0.4175947E-04  0.4087014E-03  0.4175947E-04
  244  0.4642516E-03  0.4870570E-04  0.4642516E-03  0.4870570E-04
  245  0.5220575E-03  0.5608165E-04  0.5220575E-03  0.5608165E-04
  246  0.5819430E-03  0.6387548E-04  0.5819430E-03  0.6387548E-04
  247  0.6433742E-03  0.7202683E-04  0.6433742E-03  0.7202683E-04
  248  0.7062088E-03  0.8052587E-04  0.7062088E-03  0.8052587E-04
  249  0.7703127E-03  0.8937154E-04  0.7703127E-03  0.8937154E-04
  250  0.8358734E-03  0.9862703E-04  0.8358734E-03  0.9862703E-04
  251  0.9024695E-03  0.1082620E-03  0.9024695E-03  0.1082620E-03
  252  0.9699970E-03  0.1182958E-03  0.9699970E-03  0.1182958E-03
  253  0.1038243E-02  0.1287474E-03  0.1038243E-02  0.1287474E-03
  254  0.1107023E-02  0.1396492E-03  0.1107023E-02  0.1396492E-03
  255  0.1176669E-02  0.1511699E-03  0.1176669E-02  0.1511699E-03
  256  0.1246474E-02  0.1632456E-03  0.1246474E-02  0.1632456E-03
  257  0.1316607E-02  0.1760054E-03  0.1316607E-02  0.1760054E-03
  258  0.1387067E-02  0.1895705E-03  0.1387067E-02  0.1895705E-03
  259  0.1457941E-02  0.2040863E-03  0.1457941E-02  0.2040863E-03
  260  0.1529412E-02  0.2197218E-03  0.1529412E-02  0.2197218E-03
  261  0.1602223E-02  0.2368581E-03  0.1602223E-02  0.2368581E-03
  262  0.1675733E-02  0.2554354E-03  0.1675733E-02  0.2554354E-03
  263  0.1750504E-02  0.2757534E-03  0.1750504E-02  0.2757534E-03
  264  0.1826932E-02  0.2980413E-03  0.1826932E-02  0.2980413E-03
  265  0.1905218E-02  0.3225284E-03  0.1905218E-02  0.3225284E-03
  266  0.1985576E-02  0.3494417E-03  0.1985576E-02  0.3494417E-03
  267  0.7393886E-04  0.5618975E-05  0.7393886E-04  0.5618975E-05
  268  0.8885337E-04  0.7092041E-05  0.8885337E-04  0.7092041E-05
  269  0.1059707E-03  0.8844137E-05  0.1059707E-03  0.8844137E-05
  270  0.1253051E-03  0.1089059E-04  0.1253051E-03  0.1089059E-04
  271  0.1467981E-03  0.1323889E-04  0.1467981E-03  0.1323889E-04
  272  0.1703997E-03  0.1589777E-04  0.1703997E-03  0.1589777E-04
  273  0.1958854E-03  0.1885637E-04  0.1958854E-03  0.1885637E-04
  274  0.2231293E-03  0.2211239E-04  0.2231293E-03  0.2211239E-04
  275  0.2520065E-03  0.2566461E-04  0.2520065E-03  0.2566461E-04
  276  0.2824282E-03  0.2951705E-04  0.2824282E-03  0.2951705E-04
  277  0.3144081E-03  0.3368871E-04  0.3144081E-03  0.3368871E-04
  278  0.3478001E-03  0.3818612E-04  0.3478001E-03  0.3818612E-04
  279  0.3825728E-03  0.4302671E-04  0.3825728E-03  0.4302671E-04
  280  0.4187286E-03  0.4823680E-04  0.4187286E-03  0.4823680E-04
  281  0.4562876E-03  0.5384914E-04  0.4562876E-03  0.5384914E-04
  282  0.4952751E-03  0.5990151E-04  0.4952751E-03  0.5990151E-04
  283  0.5357027E-03  0.6643652E-04  0.5357027E-03  0.6643652E-04
  284  0.5777390E-03  0.7353270E-04  0.5777390E-03  0.7353270E-04
  285  0.6211773E-03  0.8121495E-04  0.6211773E-03  0.8121495E-04
  286  0.6660939E-03  0.8955364E-04  0.6660939E-03  0.8955364E-04
  287  0.7125364E-03  0.9862348E-04  0.7125364E-03  0.9862348E-04
  288  0.7605387E-03  0.1085106E-03  0.7605387E-03  0.1085106E-03
  289  0.8101526E-03  0.1193118E-03  0.8101526E-03  0.1193118E-03
  290  0.8614346E-03  0.1311329E-03  0.8614346E-03  0.1311329E-03
  291  0.9144594E-03  0.1440912E-03  0.9144594E-03  0.1440912E-03
  292  0.9693472E-03  0.1583172E-03  0.9693472E-03  0.1583172E-03
  293  0.1026260E-02  0.1739522E-03  0.1026260E-02  0.1739522E-03
  294  0.1085327E-02  0.1911468E-03  0.1085327E-02  0.1911468E-03
  295  0.1146974E-02  0.2101313E-03  0.1146974E-02  0.2101313E-03
  296  0.1210974E-02  0.2309536E-03  0.1210974E-02  0.2309536E-03
  297  0.1277705E-02  0.2538236E-03  0.1277705E-02  0.2538236E-03
  298  0.1347371E-02  0.2789102E-03  0.1347371E-02  0.2789102E-03
  299  0.1420170E-02  0.3063835E-03  0.1420170E-02  0.3063835E-03
  300  0.1496429E-02  0.3364157E-03  0.1496429E-02  0.3364157E-03
  301  0.1576197E-02  0.3691753E-03  0.1576197E-02  0.3691753E-03
  302  0.1659624E-02  0.4048327E-03  0.1659624E-02  0.4048327E-03
  303  0.1746843E-02  0.4435570E-03  0.1746843E-02  0.4435570E-03
  304  0.1837967E-02  0.4855161E-03  0.1837967E-02  0.4855161E-03
  305  0.1933089E-02  0.5308765E-03  0.1933089E-02  0.5308765E-03
  306  0.2032280E-02  0.5798037E-03  0.2032280E-02  0.5798037E-03
  307  0.2135594E-02  0.6324617E-03  0.2135594E-02  0.6324617E-03
  308  0.2243072E-02  0.6890139E-03  0.2243072E-02  0.6890139E-03
  309  0.2354741E-02  0.7496227E-03  0.2354741E-02  0.7496227E-03
  310  0.2470467E-02  0.8143638E-03  0.2470467E-02  0.8143638E-03
  311  0.2590617E-02  0.8836125E-03  0.2590617E-02  0.8836125E-03
  312  0.2714980E-02  0.9574083E-03  0.2714980E-02  0.9574083E-03
  313  0.2843542E-02  0.1035914E-02  0.2843542E-02  0.1035914E-02
  314  0.2976280E-02  0.1119294E-02  0.2976280E-02  0.1119294E-02
  315  0.3113164E-02  0.1207713E-02  0.3113164E-02  0.1207713E-02
  316  0.3254150E-02  0.1301339E-02  0.3254150E-02  0.1301339E-02
  317  0.3399187E-02  0.1400342E-02  0.3399187E-02  0.1400342E-02
  318  0.3548214E-02  0.1504896E-02  0.3548214E-02  0.1504896E-02
  319  0.3701159E-02  0.1615176E-02  0.3701159E-02  0.1615176E-02
  320  0.3857942E-02  0.1731360E-02  0.3857942E-02  0.1731360E-02
  321  0.4018444E-02  0.1853610E-02  0.4018444E-02  0.1853610E-02
  322  0.4182690E-02  0.1982229E-02  0.4182690E-02  0.1982229E-02
  323  0.4350489E-02  0.2117309E-02  0.4350489E-02  0.2117309E-02
  324  0.4521744E-02  0.2259044E-02  0.4521744E-02  0.2259044E-02
  325  0.4696352E-02  0.2407632E-02  0.4696352E-02  0.2407632E-02
  326  0.4874213E-02  0.2563271E-02  0.4874213E-02  0.2563271E-02
  327  0.5055201E-02  0.2726138E-02  0.5055201E-02  0.2726138E-02
  328  0.5239291E-02  0.2896563E-02  0.5239291E-02  0.2896563E-02
  329  0.5426287E-02  0.3074648E-02  0.5426287E-02  0.3074648E-02
  330  0.5616093E-02  0.3260601E-02  0.5616093E-02  0.3260601E-02
  331  0.5809105E-02  0.3454632E-02  0.5809105E-02  0.3454632E-02
  332  0.6005245E-02  0.3656938E-02  0.6005245E-02  0.3656938E-02
  333  0.6204146E-02  0.3867821E-02  0.6204146E-02  0.3867821E-02
  334  0.6405702E-02  0.4087402E-02  0.6405702E-02  0.4087402E-02
  335  0.6609855E-02  0.4315888E-02  0.6609855E-02  0.4315888E-02
  336  0.6816517E-02  0.4553457E-02  0.6816517E-02  0.4553457E-02
  337  0.7025591E-02  0.4800430E-02  0.7025591E-02  0.4800430E-02
  338  0.0000000E+00  0.0000000E+00  0.0000000E+00  0.0000000E+00
  339  0.5801398E-05  0.3651252E-06  0.5801398E-05  0.3651252E-06
  340  0.9402210E-05  0.5642324E-06  0.9402210E-05  0.5642324E-06
  341  0.1456496E-04  0.8541415E-06  0.1456496E-04  0.8541415E-06
  342  0.2184577E-04  0.1280318E-05  0.2184577E-04  0.1280318E-05
  343  0.3196960E-04  0.1910214E-05  0.3196960E-04  0.1910214E-05
  344  0.4588187E-04  0.2843829E-05  0.4588187E-04  0.2843829E-05
  345  0.6481687E-04  0.4228870E-05  0.6481687E-04  0.4228870E-05
  346  0.9038714E-04  0.6281932E-05  0.9038714E-04  0.6281932E-05
  347  0.1246950E-03  0.9316837E-05  0.1246950E-03  0.9316837E-05
  348  0.8854626E-02  0.3942561E-02  0.8854626E-02  0.3942561E-02
  349  0.8679013E-02  0.3729581E-02  0.8679013E-02  0.3729581E-02
  350  0.8512219E-02  0.3524132E-02  0.8512219E-02  0.3524132E-02
  351  0.8349499E-02  0.3326697E-02  0.8349499E-02  0.3326697E-02
  352  0.8190234E-02  0.3137423E-02  0.8190234E-02  0.3137423E-02
  353  0.8032537E-02  0.2956452E-02  0.8032537E-02  0.2956452E-02
  354  0.7880070E-02  0.2783744E-02  0.7880070E-02  0.2783744E-02
  355  0.7732313E-02  0.2619276E-02  0.7732313E-02  0.2619276E-02
  356  0.7586065E-02  0.2463147E-02  0.7586065E-02  0.2463147E-02
  357  0.7439987E-02  0.2315310E-02  0.7439987E-02  0.2315310E-02
  358  0.7298785E-02  0.2175468E-02  0.7298785E-02  0.2175468E-02
  359  0.7157828E-02  0.2043614E-02  0.7157828E-02  0.2043614E-02
  360  0.7016338E-02  0.1919573E-02  0.7016338E-02  0.1919573E-02
  361  0.6877436E-02  0.1803029E-02  0.6877436E-02  0.1803029E-02
  362  0.6737645E-02  0.1693820E-02  0.6737645E-02  0.1693820E-02
  363  0.6598580E-02  0.1591641E-02  0.6598580E-02  0.1591641E-02
  364  0.6459997E-02  0.1496198E-02  0.6459997E-02  0.1496198E-02
  365  0.6321058E-02  0.1407218E-02  0.6321058E-02  0.1407218E-02
  366  0.6182996E-02  0.1321374E-02  0.6182996E-02  0.1321374E-02
  367  0.6046085E-02  0.1245208E-02  0.6046085E-02  0.1245208E-02
  368  0.5911126E-02  0.1174941E-02  0.5911126E-02  0.1174941E-02
  369  0.5777654E-02  0.1110395E-02  0.5777654E-02  0.1110395E-02
  370  0.5645694E-02  0.1048078E-02  0.5645694E-02  0.1048078E-02
  371  0.5519036E-02  0.9952216E-03  0.5519036E-02  0.9952216E-03
  372  0.5396422E-02  0.9476557E-03  0.5396422E-02  0.9476557E-03
  373  0.5278027E-02  0.9051317E-03  0.5278027E-02  0.9051317E-03
  374  0.5163180E-02  0.8649513E-03  0.5163180E-02  0.8649513E-03
  375  0.5055676E-02  0.8326610E-03  0.5055676E-02  0.8326610E-03
  376  0.4952603E-02  0.8044801E-03  0.4952603E-02  0.8044801E-03
  377  0.4852278E-02  0.7779971E-03  0.4852278E-02  0.7779971E-03
  378  0.4757725E-02  0.7574154E-03  0.4757725E-02  0.7574154E-03
  379  0.4661742E-02  0.7370728E-03  0.4661742E-02  0.7370728E-03
  380  0.4568745E-02  0.7209865E-03  0.4568745E-02  0.7209865E-03
  381  0.4471564E-02  0.7053173E-03  0.4471564E-02  0.7053173E-03
  382  0.4366013E-02  0.6879789E-03  0.4366013E-02  0.6879789E-03
  383  0.4253224E-02  0.6709782E-03  0.4253224E-02  0.6709782E-03
  384  0.4125730E-02  0.6506997E-03  0.4125730E-02  0.6506997E-03
  385  0.3985960E-02  0.6289587E-03  0.3985960E-02  0.6289587E-03
  386  0.3827495E-02  0.6030778E-03  0.3827495E-02  0.6030778E-03
  387  0.3654165E-02  0.5747510E-03  0.3654165E-02  0.5747510E-03
  388  0.3461761E-02  0.5423597E-03  0.3461761E-02  0.5423597E-03
  389  0.3255047E-02  0.5074531E-03  0.3255047E-02  0.5074531E-03
  390  0.3031978E-02  0.4692590E-03  0.3031978E-02  0.4692590E-03
  391  0.2797328E-02  0.4290726E-03  0.2797328E-02  0.4290726E-03
  392  0.2550719E-02  0.3866872E-03  0.2550719E-02  0.3866872E-03
  393  0.2296652E-02  0.3431839E-03  0.2296652E-02  0.3431839E-03
  394  0.2036775E-02  0.2988740E-03  0.2036775E-02  0.2988740E-03
  395  0.1775862E-02  0.2548196E-03  0.1775862E-02  0.2548196E-03
  396  0.1520306E-02  0.2122402E-03  0.1520306E-02  0.2122402E-03
  397  0.1275160E-02  0.1721670E-03  0.1275160E-02  0.1721670E-03
  398  0.1048404E-02  0.1359828E-03  0.1048404E-02  0.1359828E-03
  399  0.8452154E-03  0.1045363E-03  0.8452154E-03  0.1045363E-03
  400  0.6697988E-03  0.7837374E-04  0.6697988E-03  0.7837374E-04
  401  0.5235359E-03  0.5748984E-04  0.5235359E-03  0.5748984E-04
  402  0.4044521E-03  0.4137787E-04  0.4044521E-03  0.4137787E-04
  403  0.3098709E-03  0.2934764E-04  0.3098709E-03  0.2934764E-04
  404  0.2357278E-03  0.2057309E-04  0.2357278E-03  0.2057309E-04
  405  0.1783166E-03  0.1430162E-04  0.1783166E-03  0.1430162E-04
  406  0.1342697E-03  0.9887115E-05  0.1342697E-03  0.9887115E-05
  407  0.1005345E-03  0.6807705E-05  0.1005345E-03  0.6807705E-05
  408  0.7489170E-04  0.4678843E-05  0.7489170E-04  0.4678843E-05
  409  0.5536396E-04  0.3211009E-05  0.5536396E-04  0.3211009E-05
  410  0.4055381E-04  0.2201799E-05  0.4055381E-04  0.2201799E-05
  411  0.2937882E-04  0.1508877E-05  0.2937882E-04  0.1508877E-05
  412  0.2100134E-04  0.1033240E-05  0.2100134E-04  0.1033240E-05
  413  0.1477200E-04  0.7065095E-06  0.1477200E-04  0.7065095E-06
  414  0.1018605E-04  0.4816591E-06  0.1018605E-04  0.4816591E-06
  415  0.2556764E-05  0.3264148E-06  0.2556764E-05  0.3264148E-06
  416  0.1773363E-05  0.2186349E-06  0.1773363E-05  0.2186349E-06
  417  0.1204065E-05  0.1431107E-06  0.1204065E-05  0.1431107E-06
  418  0.0000000E+00  0.0000000E+00  0.0000000E+00  0.0000000E+00
  419  0.0000000E+00  0.0000000E+00  0.0000000E+00  0.0000000E+00
  420  0.0000000E+00  0.0000000E+00  0.0000000E+00  0.0000000E+00
  421  0.3573008E-02  0.1330480E-02  0.3573008E-02  0.1330480E-02
  422  0.3442900E-02  0.1242538E-02  0.3442900E-02  0.1242538E-02
  423  0.3316157E-02  0.1158947E-02  0.3316157E-02  0.1158947E-02
  424  0.3192831E-02  0.1079617E-02  0.3192831E-02  0.1079617E-02
  425  0.3073208E-02  0.1004654E-02  0.3073208E-02  0.1004654E-02
  426  0.2956970E-02  0.9336788E-03  0.2956970E-02  0.9336788E-03
  427  0.2844255E-02  0.8666778E-03  0.2844255E-02  0.8666778E-03
  428  0.2735075E-02  0.8035551E-03  0.2735075E-02  0.8035551E-03
  429  0.2629431E-02  0.7442086E-03  0.2629431E-02  0.7442086E-03
  430  0.2527306E-02  0.6885320E-03  0.2527306E-02  0.6885320E-03
  431  0.2428673E-02  0.6364143E-03  0.2428673E-02  0.6364143E-03
  432  0.2333484E-02  0.5877399E-03  0.2333484E-02  0.5877399E-03
  433  0.2241674E-02  0.5423886E-03  0.2241674E-02  0.5423886E-03
  434  0.2153156E-02  0.5002350E-03  0.2153156E-02  0.5002350E-03
  435  0.2067844E-02  0.4611485E-03  0.2067844E-02  0.4611485E-03
  436  0.1985639E-02  0.4249932E-03  0.1985639E-02  0.4249932E-03
  437  0.1906485E-02  0.3916288E-03  0.1906485E-02  0.3916288E-03
  438  0.1830082E-02  0.3609078E-03  0.1830082E-02  0.3609078E-03
  439  0.1756250E-02  0.3326786E-03  0.1756250E-02  0.3326786E-03
  440  0.1684795E-02  0.3067845E-03  0.1684795E-02  0.3067845E-03
  441  0.1615518E-02  0.2830656E-03  0.1615518E-02  0.2830656E-03
  442  0.1548216E-02  0.2613599E-03  0.1548216E-02  0.2613599E-03
  443  0.1482700E-02  0.2415042E-03  0.1482700E-02  0.2415042E-03
  444  0.1418852E-02  0.2233358E-03  0.1418852E-02  0.2233358E-03
  445  0.1356444E-02  0.2066933E-03  0.1356444E-02  0.2066933E-03
  446  0.1295289E-02  0.1914180E-03  0.1295289E-02  0.1914180E-03
  447  0.1235211E-02  0.1773554E-03  0.1235211E-02  0.1773554E-03
  448  0.1176047E-02  0.1643601E-03  0.1176047E-02  0.1643601E-03
  449  0.1117685E-02  0.1522989E-03  0.1117685E-02  0.1522989E-03
  450  0.1060043E-02  0.1410539E-03  0.1060043E-02  0.1410539E-03
  451  0.1003049E-02  0.1305218E-03  0.1003049E-02  0.1305218E-03
  452  0.9465236E-03  0.1205856E-03  0.9465236E-03  0.1205856E-03
  453  0.8909705E-03  0.1112705E-03  0.8909705E-03  0.1112705E-03
  454  0.8361223E-03  0.1024437E-03  0.8361223E-03  0.1024437E-03
  455  0.7820293E-03  0.9405683E-04  0.7820293E-03  0.9405683E-04
  456  0.7287565E-03  0.8607136E-04  0.7287565E-03  0.8607136E-04
  457  0.6763896E-03  0.7845832E-04  0.6763896E-03  0.7845832E-04
  458  0.6250450E-03  0.7119825E-04  0.6250450E-03  0.7119825E-04
  459  0.5747108E-03  0.6426056E-04  0.5747108E-03  0.6426056E-04
  460  0.5257801E-03  0.5768121E-04  0.5257801E-03  0.5768121E-04
  461  0.4780598E-03  0.5140644E-04  0.4780598E-03  0.5140644E-04
  462  0.4316404E-03  0.4543357E-04  0.4316404E-03  0.4543357E-04
  463  0.3866753E-03  0.3977095E-04  0.3866753E-03  0.3977095E-04
  464  0.3433925E-03  0.3443806E-04  0.3433925E-03  0.3443806E-04
  465  0.3020660E-03  0.2946238E-04  0.3020660E-03  0.2946238E-04
  466  0.2631651E-03  0.2488878E-04  0.2631651E-03  0.2488878E-04
  467  0.2269593E-03  0.2073909E-04  0.2269593E-03  0.2073909E-04
  468  0.1937896E-03  0.1704092E-04  0.1937896E-03  0.1704092E-04
  469  0.1639132E-03  0.1380892E-04  0.1639132E-03  0.1380892E-04
  470  0.1374598E-03  0.1104140E-04  0.1374598E-03  0.1104140E-04
  471  0.1144620E-03  0.8720963E-05  0.1144620E-03  0.8720963E-05
  472  0.9473806E-04  0.6809494E-05  0.9473806E-04  0.6809494E-05
  473  0.7804282E-04  0.5262370E-05  0.7804282E-04  0.5262370E-05
  474  0.6405214E-04  0.4029202E-05  0.6405214E-04  0.4029202E-05
  475  0.5245360E-04  0.3061497E-05  0.5245360E-04  0.3061497E-05
  476  0.4288832E-04  0.2309874E-05  0.4288832E-04  0.2309874E-05
  477  0.1845051E-04  0.1732786E-05  0.1845051E-04  0.1732786E-05
  478  0.1400069E-04  0.1294210E-05  0.1400069E-04  0.1294210E-05
  479  0.1062534E-04  0.9644959E-06  0.1062534E-04  0.9644959E-06
  480  0.8074187E-05  0.7175177E-06  0.8074187E-05  0.7175177E-06
  481  0.6149048E-05  0.5332382E-06  0.6149048E-05  0.5332382E-06
  482  0.4693751E-05  0.3960516E-06  0.4693751E-05  0.3960516E-06
  483  0.3598096E-05  0.2943852E-06  0.3598096E-05  0.2943852E-06
  484  0.2768487E-05  0.2189982E-06  0.2768487E-05  0.2189982E-06
  485  0.2135960E-05  0.1629770E-06  0.2135960E-05  0.1629770E-06
  486  0.1649084E-05  0.1211795E-06  0.1649084E-05  0.1211795E-06
  487  0.1274203E-05  0.9001901E-07  0.1274203E-05  0.9001901E-07
  488  0.9853997E-06  0.6680432E-07  0.9853997E-06  0.6680432E-07
  489  0.7627531E-06  0.4951996E-07  0.7627531E-06  0.4951996E-07
  490  0.5909674E-06  0.3665901E-07  0.5909674E-06  0.3665901E-07
  491  0.4583043E-06  0.2709587E-07  0.4583043E-06  0.2709587E-07
  492  0.3557560E-06  0.1999043E-07  0.3557560E-06  0.1999043E-07
  493  0.2764084E-06  0.1471587E-07  0.2764084E-06  0.1471587E-07
  494  0.2149515E-06  0.1080473E-07  0.2149515E-06  0.1080473E-07
  495  0.1673043E-06  0.7908385E-08  0.1673043E-06  0.7908385E-08
  496  0.1303275E-06  0.5766940E-08  0.1303275E-06  0.5766940E-08
  497  0.1016040E-06  0.4186647E-08  0.1016040E-06  0.4186647E-08
  498  0.7927101E-07  0.3023114E-08  0.7927101E-07  0.3023114E-08
  499  0.6189106E-07  0.2168760E-08  0.6189106E-07  0.2168760E-08
  500  0.4835394E-07  0.1543463E-08  0.4835394E-07  0.1543463E-08
  501  0.3780116E-07  0.1087586E-08  0.3780116E-07  0.1087586E-08
  502  0.2956818E-07  0.7567741E-09  0.2956818E-07  0.7567741E-09
  503  0.2314005E-07  0.5180633E-09  0.2314005E-07  0.5180633E-09
  504  0.1811730E-07  0.3469885E-09  0.1811730E-07  0.3469885E-09
  505  0.4033235E-02  0.2189669E-02  0.4033235E-02  0.2189669E-02
  506  0.3884391E-02  0.2061872E-02  0.3884391E-02  0.2061872E-02
  507  0.3738411E-02  0.1939726E-02  0.3738411E-02  0.1939726E-02
  508  0.3595257E-02  0.1823019E-02  0.3595257E-02  0.1823019E-02
  509  0.3455019E-02  0.1711612E-02  0.3455019E-02  0.1711612E-02
  510  0.3317752E-02  0.1605361E-02  0.3317752E-02  0.1605361E-02
  511  0.3183569E-02  0.1504167E-02  0.3183569E-02  0.1504167E-02
  512  0.3052658E-02  0.1407867E-02  0.3052658E-02  0.1407867E-02
  513  0.2925048E-02  0.1316292E-02  0.2925048E-02  0.1316292E-02
  514  0.2800561E-02  0.1229295E-02  0.2800561E-02  0.1229295E-02
  515  0.2679230E-02  0.1146733E-02  0.2679230E-02  0.1146733E-02
  516  0.2561179E-02  0.1068510E-02  0.2561179E-02  0.1068510E-02
  517  0.2446377E-02  0.9944593E-03  0.2446377E-02  0.9944593E-03
  518  0.2334860E-02  0.9244241E-03  0.2334860E-02  0.9244241E-03
  519  0.2226653E-02  0.8582642E-03  0.2226653E-02  0.8582642E-03
  520  0.2121774E-02  0.7958419E-03  0.2121774E-02  0.7958419E-03
  521  0.2020236E-02  0.7370211E-03  0.2020236E-02  0.7370211E-03
  522  0.1922240E-02  0.6817110E-03  0.1922240E-02  0.6817110E-03
  523  0.1827595E-02  0.6297525E-03  0.1827595E-02  0.6297525E-03
  524  0.1736300E-02  0.5810021E-03  0.1736300E-02  0.5810021E-03
  525  0.1648328E-02  0.5353292E-03  0.1648328E-02  0.5353292E-03
  526  0.1563673E-02  0.4926059E-03  0.1563673E-02  0.4926059E-03
  527  0.1482318E-02  0.4527065E-03  0.1482318E-02  0.4527065E-03
  528  0.1404243E-02  0.4155069E-03  0.1404243E-02  0.4155069E-03
  529  0.1329417E-02  0.3808844E-03  0.1329417E-02  0.3808844E-03
  530  0.1257801E-02  0.3487178E-03  0.1257801E-02  0.3487178E-03
  531  0.1189480E-02  0.3189356E-03  0.1189480E-02  0.3189356E-03
  532  0.1124186E-02  0.2913532E-03  0.1124186E-02  0.2913532E-03
  533  0.1061909E-02  0.2658692E-03  0.1061909E-02  0.2658692E-03
  534  0.1002558E-02  0.2423664E-03  0.1002558E-02  0.2423664E-03
  535  0.9460258E-03  0.2207294E-03  0.9460258E-03  0.2207294E-03
  536  0.8921930E-03  0.2008442E-03  0.8921930E-03  0.2008442E-03
  537  0.8409318E-03  0.1825987E-03  0.8409318E-03  0.1825987E-03
  538  0.7921085E-03  0.1658830E-03  0.7921085E-03  0.1658830E-03
  539  0.7455877E-03  0.1505893E-03  0.7455877E-03  0.1505893E-03
  540  0.7012366E-03  0.1366132E-03  0.7012366E-03  0.1366132E-03
  541  0.6589286E-03  0.1238534E-03  0.6589286E-03  0.1238534E-03
  542  0.6185460E-03  0.1122130E-03  0.6185460E-03  0.1122130E-03
  543  0.5799821E-03  0.1015995E-03  0.5799821E-03  0.1015995E-03
  544  0.5431435E-03  0.9192566E-04  0.5431435E-03  0.9192566E-04
  545  0.5079418E-03  0.8310965E-04  0.5079418E-03  0.8310965E-04
  546  0.4743115E-03  0.7507561E-04  0.4743115E-03  0.7507561E-04
  547  0.4421810E-03  0.6775343E-04  0.4421810E-03  0.6775343E-04
  548  0.4114923E-03  0.6107865E-04  0.4114923E-03  0.6107865E-04
  549  0.3822026E-03  0.5499273E-04  0.3822026E-03  0.5499273E-04
  550  0.3542759E-03  0.4944317E-04  0.3542759E-03  0.4944317E-04
  551  0.3276793E-03  0.4438409E-04  0.3276793E-03  0.4438409E-04
  552  0.3023739E-03  0.3977350E-04  0.3023739E-03  0.3977350E-04
  553  0.2783056E-03  0.3557014E-04  0.2783056E-03  0.3557014E-04
  554  0.2554151E-03  0.3173515E-04  0.2554151E-03  0.3173515E-04
  555  0.2336462E-03  0.2823345E-04  0.2336462E-03  0.2823345E-04
  556  0.2129478E-03  0.2503378E-04  0.2129478E-03  0.2503378E-04
  557  0.1932749E-03  0.2210851E-04  0.1932749E-03  0.2210851E-04
  558  0.1745875E-03  0.1943350E-04  0.1745875E-03  0.1943350E-04
  559  0.1568586E-03  0.1698827E-04  0.1568586E-03  0.1698827E-04
  560  0.1400747E-03  0.1475606E-04  0.1400747E-03  0.1475606E-04
  561  0.1242419E-03  0.1272391E-04  0.1242419E-03  0.1272391E-04
  562  0.1093856E-03  0.1088192E-04  0.1093856E-03  0.1088192E-04
  563  0.9560721E-04  0.9227866E-05  0.9560721E-04  0.9227866E-05
  564  0.8293043E-04  0.7752990E-05  0.8293043E-04  0.7752990E-05
  565  0.7138309E-04  0.6450899E-05  0.7138309E-04  0.6450899E-05
  566  0.6097865E-04  0.5314331E-05  0.6097865E-04  0.5314331E-05
  567  0.5171509E-04  0.4334668E-05  0.5171509E-04  0.4334668E-05
  568  0.4356913E-04  0.3501446E-05  0.4356913E-04  0.3501446E-05
  569  0.3649355E-04  0.2802315E-05  0.3649355E-04  0.2802315E-05
  570  0.2384704E-04  0.2223438E-05  0.2384704E-04  0.2223438E-05
  571  0.1925886E-04  0.1750171E-05  0.1925886E-04  0.1750171E-05
  572  0.1544571E-04  0.1367715E-05  0.1544571E-04  0.1367715E-05
  573  0.1231417E-04  0.1062283E-05  0.1231417E-04  0.1062283E-05
  574  0.9759824E-05  0.8202601E-06  0.9759824E-05  0.8202601E-06
  575  0.7689954E-05  0.6299781E-06  0.7689954E-05  0.6299781E-06
  576  0.6020039E-05  0.4813020E-06  0.6020039E-05  0.4813020E-06
  577  0.4676512E-05  0.3657103E-06  0.4676512E-05  0.3657103E-06
  578  0.3601694E-05  0.2763741E-06  0.3601694E-05  0.2763741E-06
  579  0.2757791E-05  0.2080612E-06  0.2757791E-05  0.2080612E-06
  580  0.2114055E-05  0.1565348E-06  0.2114055E-05  0.1565348E-06
  581  0.1631511E-05  0.1180105E-06  0.1631511E-05  0.1180105E-06
  582  0.1268572E-05  0.8922366E-07  0.1268572E-05  0.8922366E-07
  583  0.9933636E-06  0.6769372E-07  0.9933636E-06  0.6769372E-07
  584  0.7828777E-06  0.5156498E-07  0.7828777E-06  0.5156498E-07
  585  0.6204369E-06  0.3945297E-07  0.6204369E-06  0.3945297E-07
  586  0.4927091E-06  0.3020765E-07  0.4927091E-06  0.3020765E-07
  587  0.3915936E-06  0.2311220E-07  0.3915936E-06  0.2311220E-07
  588  0.3114949E-06  0.1766908E-07  0.3114949E-06  0.1766908E-07
  589  0.2479975E-06  0.1349526E-07  0.2479975E-06  0.1349526E-07
  590  0.1976197E-06  0.1029615E-07  0.1976197E-06  0.1029615E-07
  591  0.1576159E-06  0.7845334E-08  0.1576159E-06  0.7845334E-08
  592  0.1258212E-06  0.5968850E-08  0.1258212E-06  0.5968850E-08
  593  0.1005275E-06  0.4533088E-08  0.1005275E-06  0.4533088E-08
  594  0.8038701E-07  0.3435440E-08  0.8038701E-07  0.3435440E-08
  595  0.6433486E-07  0.2597109E-08  0.6433486E-07  0.2597109E-08
  636  0.3357556E-03  0.8455781E-04  0.3357556E-03  0.8455781E-04
  637  0.3685325E-03  0.9575630E-04  0.3685325E-03  0.9575630E-04
  638  0.4039405E-03  0.1082550E-03  0.4039405E-03  0.1082550E-03
  639  0.4421467E-03  0.1221774E-03  0.4421467E-03  0.1221774E-03
  640  0.4833179E-03  0.1376547E-03  0.4833179E-03  0.1376547E-03
  677  0.9100903E-03  0.3414089E-03  0.9100903E-03  0.3414089E-03
  678  0.9974843E-03  0.3854819E-03  0.9974843E-03  0.3854819E-03
  679  0.1091149E-02  0.4342895E-03  0.1091149E-02  0.4342895E-03
  680  0.1191353E-02  0.4882351E-03  0.1191353E-02  0.4882351E-03
  681  0.1298348E-02  0.5477222E-03  0.1298348E-02  0.5477222E-03
  682  0.1412400E-02  0.6131766E-03  0.1412400E-02  0.6131766E-03
  683  0.1533713E-02  0.6850507E-03  0.1533713E-02  0.6850507E-03
  684  0.1662522E-02  0.7638201E-03  0.1662522E-02  0.7638201E-03
  709  0.1630977E-02  0.7571186E-03  0.1630977E-02  0.7571186E-03
  738  0.5310208E-02  0.3442263E-02  0.5310208E-02  0.3442263E-02
  739  0.4537240E-02  0.2647479E-02  0.4537240E-02  0.2647479E-02
  740  0.3866489E-02  0.2030440E-02  0.3866489E-02  0.2030440E-02
  741  0.3289793E-02  0.1556289E-02  0.3289793E-02  0.1556289E-02
  742  0.2795592E-02  0.1191691E-02  0.2795592E-02  0.1191691E-02
  743  0.2374286E-02  0.9112483E-03  0.2374286E-02  0.9112483E-03
  744  0.2019301E-02  0.6973737E-03  0.2019301E-02  0.6973737E-03
  745  0.1722230E-02  0.5342302E-03  0.1722230E-02  0.5342302E-03
  746  0.1473829E-02  0.4099552E-03  0.1473829E-02  0.4099552E-03
  747  0.1268581E-02  0.3163485E-03  0.1268581E-02  0.3163485E-03
  748  0.1098257E-02  0.2458090E-03  0.1098257E-02  0.2458090E-03
  749  0.9554766E-03  0.1925561E-03  0.9554766E-03  0.1925561E-03
  750  0.8352226E-03  0.1525964E-03  0.8352226E-03  0.1525964E-03
  751  0.7316411E-03  0.1221905E-03  0.7316411E-03  0.1221905E-03
  752  0.6413646E-03  0.9882551E-04  0.6413646E-03  0.9882551E-04
  753  0.5620255E-03  0.8063401E-04  0.5620255E-03  0.8063401E-04
  754  0.4917802E-03  0.6621967E-04  0.4917802E-03  0.6621967E-04
  755  0.4291774E-03  0.5460417E-04  0.4291774E-03  0.5460417E-04
  756  0.3734933E-03  0.4515807E-04  0.3734933E-03  0.4515807E-04
  757  0.3236115E-03  0.3734192E-04  0.3236115E-03  0.3734192E-04
  758  0.2786371E-03  0.3077403E-04  0.2786371E-03  0.3077403E-04
  759  0.2382183E-03  0.2523035E-04  0.2382183E-03  0.2523035E-04
  760  0.2018437E-03  0.2051059E-04  0.2018437E-03  0.2051059E-04
  761  0.1693007E-03  0.1648986E-04  0.1693007E-03  0.1648986E-04
  762  0.1407405E-03  0.1311913E-04  0.1407405E-03  0.1311913E-04
  763  0.1158760E-03  0.1030991E-04  0.1158760E-03  0.1030991E-04
  764  0.9460181E-04  0.8006081E-05  0.9460181E-04  0.8006081E-05
  765  0.7683488E-04  0.6163193E-05  0.7683488E-04  0.6163193E-05
  766  0.6222010E-04  0.4711014E-05  0.6222010E-04  0.4711014E-05
  767  0.5032105E-04  0.3580752E-05  0.5032105E-04  0.3580752E-05
  768  0.4081434E-04  0.2718960E-05  0.4081434E-04  0.2718960E-05
  769  0.2307113E-04  0.2063771E-05  0.2307113E-04  0.2063771E-05
  770  0.1797786E-04  0.1566956E-05  0.1797786E-04  0.1566956E-05
  771  0.1403781E-04  0.1194395E-05  0.1403781E-04  0.1194395E-05
  772  0.1096612E-04  0.9131343E-06  0.1096612E-04  0.9131343E-06
  773  0.8561712E-05  0.6999691E-06  0.8561712E-05  0.6999691E-06
  774  0.6698398E-05  0.5393311E-06  0.6698398E-05  0.5393311E-06
  775  0.5266685E-05  0.4179937E-06  0.5266685E-05  0.4179937E-06
  776  0.4174594E-05  0.3260596E-06  0.4174594E-05  0.3260596E-06
  777  0.3345890E-05  0.2565485E-06  0.3345890E-05  0.2565485E-06
  778  0.2709588E-05  0.2034764E-06  0.2709588E-05  0.2034764E-06
  779  0.2214516E-05  0.1625563E-06  0.2214516E-05  0.1625563E-06
  780  0.1827617E-05  0.1309655E-06  0.1827617E-05  0.1309655E-06
  781  0.1521229E-05  0.1063181E-06  0.1521229E-05  0.1063181E-06
  782  0.1275626E-05  0.8690122E-07  0.1275626E-05  0.8690122E-07
  783  0.1077840E-05  0.7155602E-07  0.1077840E-05  0.7155602E-07
  784  0.9153390E-06  0.5921764E-07  0.9153390E-06  0.5921764E-07
  785  0.7807600E-06  0.4921682E-07  0.7807600E-06  0.4921682E-07
  786  0.6694071E-06  0.4111745E-07  0.6694071E-06  0.4111745E-07
  787  0.5765125E-06  0.3450318E-07  0.5765125E-06  0.3450318E-07
  788  0.4984333E-06  0.2906086E-07  0.4984333E-06  0.2906086E-07
  789  0.4328997E-06  0.2458893E-07  0.4328997E-06  0.2458893E-07
  790  0.3774718E-06  0.2088571E-07  0.3774718E-06  0.2088571E-07
  791  0.3302611E-06  0.1779741E-07  0.3302611E-06  0.1779741E-07
  792  0.2901259E-06  0.1522676E-07  0.2901259E-06  0.1522676E-07
  793  0.2557597E-06  0.1307139E-07  0.2557597E-06  0.1307139E-07
  794  0.2261391E-06  0.1125232E-07  0.2261391E-06  0.1125232E-07
  795  0.2006686E-06  0.9720642E-08  0.2006686E-06  0.9720642E-08
  796  0.1786185E-06  0.8422165E-08  0.1786185E-06  0.8422165E-08
  797  0.1594111E-06  0.7314582E-08  0.1594111E-06  0.7314582E-08
  798  0.1427256E-06  0.6372413E-08  0.1427256E-06  0.6372413E-08
  799  0.1281385E-06  0.5565818E-08  0.1281385E-06  0.5565818E-08
  800  0.1153112E-06  0.4871274E-08  0.1153112E-06  0.4871274E-08
  801  0.1040659E-06  0.4275063E-08  0.1040659E-06  0.4275063E-08
  802  0.9414821E-07  0.3760167E-08  0.9414821E-07  0.3760167E-08
  803  0.8535266E-07  0.3313050E-08  0.8535266E-07  0.3313050E-08
  804  0.7757857E-07  0.2926112E-08  0.7757857E-07  0.2926112E-08
  805  0.7066789E-07  0.2589332E-08  0.7066789E-07  0.2589332E-08
  806  0.6449221E-07  0.2294679E-08  0.6449221E-07  0.2294679E-08
  807  0.5899334E-07  0.2037828E-08  0.5899334E-07  0.2037828E-08
  808  0.5407028E-07  0.1812710E-08  0.5407028E-07  0.1812710E-08
  809  0.4964042E-07  0.1614420E-08  0.4964042E-07  0.1614420E-08
  810  0.4566966E-07  0.1440446E-08  0.4566966E-07  0.1440446E-08
  811  0.4209174E-07  0.1287010E-08  0.4209174E-07  0.1287010E-08
  812  0.3885210E-07  0.1151042E-08  0.3885210E-07  0.1151042E-08
  813  0.3593061E-07  0.1031052E-08  0.3593061E-07  0.1031052E-08
  814  0.3328272E-07  0.9246323E-09  0.3328272E-07  0.9246323E-09
  815  0.3087154E-07  0.8298169E-09  0.3087154E-07  0.8298169E-09
  816  0.2868515E-07  0.7457051E-09  0.2868515E-07  0.7457051E-09
  817  0.2669294E-07  0.6707301E-09  0.2669294E-07  0.6707301E-09
  818  0.2486941E-07  0.6036054E-09  0.2486941E-07  0.6036054E-09
  819  0.2320757E-07  0.5437788E-09  0.2320757E-07  0.5437788E-09
  820  0.2168593E-07  0.4902099E-09  0.2168593E-07  0.4902099E-09
  821  0.2028651E-07  0.4420406E-09  0.2028651E-07  0.4420406E-09
  822  0.1900531E-07  0.3989277E-09  0.1900531E-07  0.3989277E-09
  823  0.1782694E-07  0.3601680E-09  0.1782694E-07  0.3601680E-09
  824  0.1673851E-07  0.3251789E-09  0.1673851E-07  0.3251789E-09
  825  0.1573780E-07  0.2937448E-09  0.1573780E-07  0.2937448E-09
  826  0.1481364E-07  0.2653823E-09  0.1481364E-07  0.2653823E-09
  827  0.1395660E-07  0.2396897E-09  0.1395660E-07  0.2396897E-09
  828  0.1316555E-07  0.2165300E-09  0.1316555E-07  0.2165300E-09
  829  0.1243225E-07  0.1955662E-09  0.1243225E-07  0.1955662E-09
  830  0.1174970E-07  0.1765169E-09  0.1174970E-07  0.1765169E-09
  831  0.1111744E-07  0.1592945E-09  0.1111744E-07  0.1592945E-09
  832  0.1052928E-07  0.1436607E-09  0.1052928E-07  0.1436607E-09
  833  0.9979959E-08  0.1294159E-09  0.9979959E-08  0.1294159E-09
  834  0.9469422E-08  0.1165036E-09  0.9469422E-08  0.1165036E-09
  835  0.8546545E-08  0.9402123E-10  0.8546545E-08  0.9402123E-10
  836  0.8130372E-08  0.8427122E-10  0.8130372E-08  0.8427122E-10
  837  0.7740807E-08  0.7537945E-10  0.7740807E-08  0.7537945E-10
  838  0.6408517E-08  0.4686357E-10  0.6408517E-08  0.4686357E-10
  839  0.5857683E-08  0.3603278E-10  0.5857683E-08  0.3603278E-10
  840  0.5605401E-08  0.3128246E-10  0.5605401E-08  0.3128246E-10
  841  0.4932847E-08  0.1932524E-10  0.4932847E-08  0.1932524E-10
  842  0.2909977E-02  0.1545392E-02  0.2909977E-02  0.1545392E-02
  843  0.2422781E-02  0.1177054E-02  0.2422781E-02  0.1177054E-02
  844  0.2008977E-02  0.8923829E-03  0.2008977E-02  0.8923829E-03
  845  0.1661862E-02  0.6749440E-03  0.1661862E-02  0.6749440E-03
  846  0.1371334E-02  0.5091613E-03  0.1371334E-02  0.5091613E-03
  847  0.1129189E-02  0.3830546E-03  0.1129189E-02  0.3830546E-03
  848  0.9301242E-03  0.2881609E-03  0.9301242E-03  0.2881609E-03
  849  0.7670946E-03  0.2168252E-03  0.7670946E-03  0.2168252E-03
  850  0.6338345E-03  0.1632528E-03  0.6338345E-03  0.1632528E-03
  851  0.5257139E-03  0.1234223E-03  0.5257139E-03  0.1234223E-03
  852  0.4370708E-03  0.9367242E-04  0.4370708E-03  0.9367242E-04
  853  0.3637510E-03  0.7137901E-04  0.3637510E-03  0.7137901E-04
  854  0.3030286E-03  0.5468658E-04  0.3030286E-03  0.5468658E-04
  855  0.2524656E-03  0.4210130E-04  0.2524656E-03  0.4210130E-04
  856  0.2099759E-03  0.3249999E-04  0.2099759E-03  0.3249999E-04
  857  0.1743324E-03  0.2516794E-04  0.1743324E-03  0.2516794E-04
  858  0.1441905E-03  0.1949889E-04  0.1441905E-03  0.1949889E-04
  859  0.1185897E-03  0.1507988E-04  0.1185897E-03  0.1507988E-04
  860  0.9682081E-04  0.1161924E-04  0.9682081E-04  0.1161924E-04
  861  0.7820220E-04  0.8878774E-05  0.7820220E-04  0.8878774E-05
  862  0.6232480E-04  0.6703279E-05  0.6232480E-04  0.6703279E-05
  863  0.4900977E-04  0.4996730E-05  0.4900977E-04  0.4996730E-05
  864  0.3805129E-04  0.3673724E-05  0.3805129E-04  0.3673724E-05
  865  0.2544650E-04  0.2666045E-05  0.2544650E-04  0.2666045E-05
  866  0.1903077E-04  0.1917975E-05  0.1903077E-04  0.1917975E-05
  867  0.1413602E-04  0.1370696E-05  0.1413602E-04  0.1370696E-05
  868  0.1044254E-04  0.9738680E-06  0.1044254E-04  0.9738680E-06
  869  0.7708745E-05  0.6916975E-06  0.7708745E-05  0.6916975E-06
  870  0.5688479E-05  0.4913876E-06  0.5688479E-05  0.4913876E-06
  871  0.4198747E-05  0.3496680E-06  0.4198747E-05  0.3496680E-06
  872  0.3101673E-05  0.2497048E-06  0.3101673E-05  0.2497048E-06
  873  0.2288086E-05  0.1789623E-06  0.2288086E-05  0.1789623E-06
  874  0.1678694E-05  0.1283463E-06  0.1678694E-05  0.1283463E-06
  875  0.1236767E-05  0.9269680E-07  0.1236767E-05  0.9269680E-07
  876  0.9277705E-06  0.6787656E-07  0.9277705E-06  0.6787656E-07
  877  0.7099332E-06  0.5040837E-07  0.7099332E-06  0.5040837E-07
  878  0.5536899E-06  0.3803529E-07  0.5536899E-06  0.3803529E-07
  879  0.4385414E-06  0.2911896E-07  0.4385414E-06  0.2911896E-07
  880  0.3515130E-06  0.2257987E-07  0.3515130E-06  0.2257987E-07
  881  0.2840387E-06  0.1764957E-07  0.2840387E-06  0.1764957E-07
  882  0.2310113E-06  0.1388125E-07  0.2310113E-06  0.1388125E-07
  883  0.1889459E-06  0.1097433E-07  0.1889459E-06  0.1097433E-07
  884  0.1555607E-06  0.8731109E-08  0.1555607E-06  0.8731109E-08
  885  0.1288089E-06  0.6983472E-08  0.1288089E-06  0.6983472E-08
  886  0.1071849E-06  0.5610269E-08  0.1071849E-06  0.5610269E-08
  913  0.1461215E-02  0.6289051E-03  0.1461215E-02  0.6289051E-03
  914  0.1181787E-02  0.4696907E-03  0.1181787E-02  0.4696907E-03
  915  0.9510471E-03  0.3489273E-03  0.9510471E-03  0.3489273E-03
  916  0.7630688E-03  0.2584622E-03  0.7630688E-03  0.2584622E-03
  917  0.6106366E-03  0.1908879E-03  0.6106366E-03  0.1908879E-03
  918  0.4876406E-03  0.1405884E-03  0.4876406E-03  0.1405884E-03
  919  0.3895508E-03  0.1035470E-03  0.3895508E-03  0.1035470E-03
  920  0.3111907E-03  0.7626042E-04  0.3111907E-03  0.7626042E-04
