   0.0000000000000000        0.0000000000000000        0.0000000000000000        0.0000000000000000        0.0000000000000000        0.0000000000000000        0.0000000000000000     
   1.0000000000000000E-002   0.0000000000000000        0.0000000000000000        0.0000000000000000        0.0000000000000000        0.0000000000000000        0.0000000000000000     
   2.0000000000000000E-002   0.0000000000000000        0.0000000000000000        0.0000000000000000        0.0000000000000000        0.0000000000000000        0.0000000000000000     
   2.9999999999999999E-002   0.0000000000000000        0.0000000000000000        0.0000000000000000        0.0000000000000000        0.0000000000000000        0.0000000000000000     
   4.0000000000000001E-002   2.9649726812155653E-013   7.8159825310334459E-012   0.0000000000000000        0.0000000000000000        0.0000000000000000        0.0000000000000000     
   5.0000000000000003E-002   1.3200268723674981E-012   3.4828180265270128E-011   0.0000000000000000        0.0000000000000000        0.0000000000000000        0.0000000000000000     
   6.0000000000000005E-002   5.6388043092913133E-013   6.7169398348158769E-011   0.0000000000000000        0.0000000000000000        0.0000000000000000        0.0000000000000000     
   7.0000000000000007E-002   2.2579227443426187E-014   1.0979343103519940E-010   0.0000000000000000        0.0000000000000000        0.0000000000000000        0.0000000000000000     
   8.0000000000000002E-002  -3.6666653449898198E-013   1.6911074482329637E-010   0.0000000000000000        0.0000000000000000        0.0000000000000000        0.0000000000000000     
   8.9999999999999997E-002  -6.2182504653136740E-013   2.5384846022193832E-010   0.0000000000000000        0.0000000000000000        0.0000000000000000        0.0000000000000000     
   9.9999999999999992E-002  -7.1366745694634095E-013   3.7623295411418333E-010   0.0000000000000000        0.0000000000000000        0.0000000000000000        0.0000000000000000     
  0.10999999999999999       -5.5344260934732156E-013   5.5364097064688899E-010   0.0000000000000000        0.0000000000000000        0.0000000000000000        0.0000000000000000     
  0.11999999999999998        3.1807445592628585E-014   8.1086643654674208E-010   0.0000000000000000        0.0000000000000000        0.0000000000000000        0.0000000000000000     
  0.12999999999999998        1.3406784445451575E-012   1.1833424840420398E-009   0.0000000000000000        0.0000000000000000        0.0000000000000000        0.0000000000000000     
  0.13999999999999999        3.8625453597505596E-012   1.7217103134216268E-009   0.0000000000000000        0.0000000000000000        0.0000000000000000        0.0000000000000000     
  0.14999999999999999        8.3768770404857004E-012   2.4983188140429006E-009   0.0000000000000000        0.0000000000000000        0.0000000000000000        0.0000000000000000     
  0.16000000000000000        1.6102028452042097E-011   3.6164936964759154E-009   0.0000000000000000        0.0000000000000000        1.1256021376912323E-016   1.3144215893455974E-015
  0.17000000000000001        2.8915558701628939E-011   5.2237837951968963E-009   0.0000000000000000        0.0000000000000000        3.3191481255115655E-015   3.8233492150232981E-014
  0.18000000000000002        4.9677518809768084E-011   7.5309228432292413E-009   0.0000000000000000        0.0000000000000000        1.4034151016862206E-014   1.6040295680470605E-013
  0.19000000000000003        8.2701208320245606E-011   1.0839002146417332E-008   0.0000000000000000        0.0000000000000000        3.9365465897061922E-014   4.4690031473972169E-013
  0.20000000000000004        1.3443396545939156E-010   1.5578419097395104E-008   0.0000000000000000        0.0000000000000000        9.0790034931836395E-014   1.0238932868730832E-012
  0.21000000000000005        2.1443543755713960E-010   2.2364659636578819E-008   0.0000000000000000        0.0000000000000000        1.8652354766297476E-013   2.0894316504249815E-012
  0.22000000000000006        3.3677488011307537E-010   3.2078030256611365E-008   0.0000000000000000        0.0000000000000000        3.5513546421526699E-013   3.9511633147837098E-012
  0.23000000000000007        5.2201553719967869E-010   4.5977250489938715E-008   0.0000000000000000        0.0000000000000000        6.4047013580938447E-013   7.0771946466672214E-012
  0.24000000000000007        8.0001725734627782E-010   6.5860558939309294E-008   0.0000000000000000        0.0000000000000000        1.1089852654155382E-012   1.2172212991745521E-011
  0.25000000000000006        1.2138736968349282E-009   9.4292920398905200E-008   0.0000000000000000        0.0000000000000000        1.8591904172824700E-012   2.0272695217780363E-011
  0.26000000000000006        1.8254149287923329E-009   1.3492433061140675E-007   0.0000000000000000        0.0000000000000000        3.0376888794245729E-012   3.2867909351720938E-011
  0.27000000000000007        2.7228593171094518E-009   1.9293241598768845E-007   0.0000000000000000        0.0000000000000000        4.8556554823832681E-012   5.2093740233548454E-011
  0.28000000000000008        4.0314021384399134E-009   2.7563286826837880E-007   0.0000000000000000        0.0000000000000000        7.5910685522978716E-012   8.0749954024383544E-011
  0.29000000000000009        5.9277980593166324E-009   3.9331411905901785E-007   0.0000000000000000        0.0000000000000000        1.1648144074423585E-011   1.2292052299838514E-010
  0.30000000000000010        8.6603498803656854E-009   5.6036845565383256E-007   0.0000000000000000        0.0000000000000000        1.7565683949839723E-011   1.8404991328194053E-010
  0.31000000000000011        1.2576181934425409E-008   7.9681094636848839E-007   0.0000000000000000        0.0000000000000000        2.6134652877719433E-011   2.7210526632579553E-010
  0.32000000000000012        1.8158284717524128E-008   1.1303005536626250E-006   0.0000000000000000        0.0000000000000000        3.8453349446064113E-011   3.9812495654494582E-010
  0.33000000000000013        2.6075607337275313E-008   1.5988051836725951E-006   0.0000000000000000        0.0000000000000000        5.6067051498674321E-011   5.7760386966790924E-010
  0.34000000000000014        3.7250495580763556E-008   2.2540847291549004E-006   0.0000000000000000        0.0000000000000000        8.1193695896218089E-011   8.3264667239688948E-010
  0.35000000000000014        5.2949087072924664E-008   3.1662040720534040E-006   0.0000000000000000        0.0000000000000000        1.1693926133497565E-010   1.1940689820976372E-009
  0.36000000000000015        7.4901956531102592E-008   4.4293323020038089E-006   0.0000000000000000        0.0000000000000000        1.6764542904074576E-010   1.7047419304806688E-009
  0.37000000000000016        1.0546444573253448E-007   6.1691360150236083E-006   0.0000000000000000        0.0000000000000000        2.3938176806901710E-010   2.4243278714946619E-009
  0.38000000000000017        1.4782882637969247E-007   8.5521346216907689E-006   0.0000000000000000        0.0000000000000000        3.4061018352638133E-010   3.4356370567365430E-009
  0.39000000000000018        2.0630386417037287E-007   1.1797455506313851E-005   0.0000000000000000        0.0000000000000000        4.8299292092544386E-010   4.8522407855677390E-009
  0.40000000000000019        2.8668163944532105E-007   1.6191508325837408E-005   0.0000000000000000        0.0000000000000000        6.8281094718271190E-010   6.8319120355629013E-009
  0.41000000000000020        3.9671682286536103E-007   2.2106192745149981E-005   0.0000000000000000        0.0000000000000000        9.6218858344821431E-010   9.5880258664080873E-009
  0.42000000000000021        5.4675022378825570E-007   3.0021364862313332E-005   0.0000000000000000        0.0000000000000000        1.3519367815600410E-009   1.3416338212270598E-008
  0.43000000000000022        7.5051657700849367E-007   4.0552417233359056E-005   0.0000000000000000        0.0000000000000000        1.8939112671283501E-009   1.8716543090843719E-008
  0.44000000000000022        1.0261864955005654E-006   5.4483978835644862E-005   0.0000000000000000        0.0000000000000000        2.6453437463247470E-009   2.6032197052785979E-008
  0.45000000000000023        1.3977046087724154E-006   7.2810917815518291E-005   0.0000000000000000        0.0000000000000000        3.6847734748565029E-009   3.6106409530632049E-008
  0.46000000000000024        1.8965004712685955E-006   9.6788034816373196E-005   0.0000000000000000        0.0000000000000000        5.1172976680766991E-009   4.9926180893978045E-008
  0.47000000000000025        2.5636662266283932E-006   1.2799007123577525E-004   0.0000000000000000        0.0000000000000000        7.0878709188435273E-009   6.8848900377878899E-008
  0.48000000000000026        3.4527156279974673E-006   1.6838392746413788E-004   0.0000000000000000        0.0000000000000000        9.7894631600703966E-009   9.4668791171340361E-008
  0.49000000000000027        4.6330632218632630E-006   2.2041529237781788E-004   0.0000000000000000        0.0000000000000000        1.3483056539773735E-008   1.2980048931642044E-007
  0.50000000000000022        6.1943906749287413E-006   2.8711222648614382E-004   0.0000000000000000        0.0000000000000000        1.8517715694571367E-008   1.7745433268271886E-007
  0.51000000000000023        8.2520997086034258E-006   3.7220861351556963E-004   0.0000000000000000        0.0000000000000000        2.5366784895654113E-008   2.4196543072030166E-007
  0.52000000000000024        1.0954088201445082E-005   4.8029079077368782E-004   0.0000000000000000        0.0000000000000000        3.4648622879493870E-008   3.2895035932266198E-007
  0.53000000000000025        1.4489127921305669E-005   6.1697107307632181E-004   0.0000000000000000        0.0000000000000000        4.7200715673547046E-008   4.4599431248193905E-007
  0.54000000000000026        1.9097169048482061E-005   7.8909227561339693E-004   0.0000000000000000        0.0000000000000000        6.4122910537677949E-008   6.0297991090398062E-007
  0.55000000000000027        2.5081947759832453E-005   1.0049676840217761E-003   0.0000000000000000        0.0000000000000000        8.6876043043052369E-008   8.1295428143024684E-007
  0.56000000000000028        3.2826327597610816E-005   1.2746611670159849E-003   0.0000000000000000        0.0000000000000000        1.1740108086224539E-007   1.0931966428197179E-006
  0.57000000000000028        4.2810860967427836E-005   1.6103122123463742E-003   0.0000000000000000        0.0000000000000000        1.5821348566368054E-007   1.4658763876719568E-006
  0.58000000000000029        5.5636110007475447E-005   2.0265105034060903E-003   0.0000000000000000        0.0000000000000000        2.1267624588850009E-007   1.9605653351176114E-006
  0.59000000000000030        7.2049309912716300E-005   2.5407241296412889E-003   0.0000000000000000        0.0000000000000000        2.8503930197296459E-007   2.6142237724702216E-006
  0.60000000000000031        9.2975983015476091E-005   3.1737845002437846E-003   0.0000000000000000        0.0000000000000000        3.8104374244786925E-007   3.4766939355555069E-006
  0.61000000000000032        1.1955710500380026E-004   3.9504293414753342E-003   0.0000000000000000        0.0000000000000000        5.0805215934965694E-007   4.6113828175115082E-006
  0.62000000000000033        1.5319236771078862E-004   4.8999026136873980E-003   0.0000000000000000        0.0000000000000000        6.7568891149622139E-007   6.1006647946575515E-006
  0.63000000000000034        1.9558995377212191E-004   6.0566065802373425E-003   0.0000000000000000        0.0000000000000000        8.9609951773580982E-007   8.0475917307216044E-006
  0.64000000000000035        2.4882301162304949E-004   7.4607963951381544E-003   0.0000000000000000        0.0000000000000000        1.1853997106813234E-006   1.0588501432408353E-005
  0.65000000000000036        3.1539266797124928E-004   9.1593012782140784E-003   0.0000000000000000        0.0000000000000000        1.5639400020079155E-006   1.3893873436296251E-005
  0.66000000000000036        3.9829691424998428E-004   1.1206248517193684E-002   0.0000000000000000        0.0000000000000000        2.0608600021266789E-006   1.8208379768528191E-005
  0.67000000000000037        5.0110403566393333E-004   1.3663757206991643E-002   0.0000000000000000        0.0000000000000000        2.7012606005317187E-006   2.3734213623384404E-005
  0.68000000000000038        6.2802841133570301E-004   1.6602558041164870E-002   0.0000000000000000        0.0000000000000000        3.5360502252391048E-006   3.0895397693758725E-005
  0.69000000000000039        7.8400551707446934E-004   2.0102484128079093E-002   0.0000000000000000        0.0000000000000000        4.6166310418051144E-006   4.0108953160979726E-005
  0.70000000000000040        9.7476185171462525E-004   2.4252766601506964E-002   0.0000000000000000        0.0000000000000000        6.0116995118865021E-006   5.1931917849378473E-005
  0.71000000000000041        1.2068743620043711E-003   2.9152059050930029E-002   0.0000000000000000        0.0000000000000000        7.8090545287214050E-006   6.7071389777614883E-005
  0.72000000000000042        1.4878128772168602E-003   3.4908108279248978E-002   0.0000000000000000        0.0000000000000000        1.0113343714112612E-005   8.6358151065565821E-005
  0.73000000000000043        1.8259582396093130E-003   4.1636987759487890E-002   0.0000000000000000        0.0000000000000000        1.3062909308379854E-005   1.1089156008009162E-004
  0.74000000000000044        2.2305884184831109E-003   4.9461816766034630E-002   4.3526855325077207E-004   0.0000000000000000        1.6840495077751040E-005   1.4212056376342201E-004
  0.75000000000000044        2.7118251254850834E-003   5.8510904733619876E-002   1.1365587064899206E-003   0.0000000000000000        2.1640618450920395E-005   1.8154307575258822E-004
  0.76000000000000045        3.2805344932495353E-003   6.8915288577966305E-002   1.8203146138960019E-003   0.0000000000000000        2.7737382910365296E-005   2.3129616864179723E-004
  0.77000000000000046        3.9481773702002322E-003   8.0805670931449414E-002   2.4851087513962518E-003   0.0000000000000000        3.5463691470968600E-005   2.9393851994704548E-004
  0.78000000000000047        4.7266077530619139E-003   9.4308818146107573E-002   3.1298085539122225E-003   0.0000000000000000        4.5220189046353669E-005   3.7252802249608573E-004
  0.79000000000000048        5.6278217145437816E-003  0.10954353488717039        3.7536431904263297E-003   0.0000000000000000        5.7496705090225944E-005   4.7075550349536915E-004
  0.80000000000000049        6.6636636057601150E-003  0.12661639121673429        4.3562948410596283E-003   0.0000000000000000        7.2907958657601908E-005   5.9324819882100610E-004
  0.81000000000000050        7.8455008710253023E-003  0.14561743033907881        4.9380191805000430E-003   0.0000000000000000        9.2208410721634040E-005   7.4562784753863087E-004
  0.82000000000000051        9.1838829274365416E-003  0.16661612182570104        5.4998004495261914E-003   0.0000000000000000        1.1628516458849689E-004   9.3442723942456008E-004
  0.83000000000000052        1.0688202606428604E-002  0.18965783800394909        6.0435465989967024E-003   0.0000000000000000        1.4621322116582230E-004   1.1674871114102686E-003
  0.84000000000000052        1.2366380068478041E-002  0.21476111463111028        6.5723294062417052E-003   0.0000000000000000        1.8335192288706088E-004   1.4547312085557895E-003
  0.85000000000000053        1.4224588512578032E-002  0.24191590950024211        7.0906753840605397E-003   0.0000000000000000        2.2930549604992717E-004   1.8077142751434679E-003
  0.86000000000000054        1.6267038323929277E-002  0.27108299786558826        7.6049115968822734E-003   0.0000000000000000        2.8582967653592746E-004   2.2387769773664513E-003
  0.87000000000000055        1.8495831785568323E-002  0.30219455013926266        8.1235701486792235E-003   4.4777669635722361E-003   3.5530093227325915E-004   2.7648574254987486E-003
  0.88000000000000056        2.0910894680028543E-002  0.33515583743244731        8.6578541247654059E-003   1.5488269624514699E-002   4.4029319136167371E-004   3.4038804493576706E-003
  0.89000000000000057        2.3509984794897149E-002  0.36984791776885190        9.2221645472488657E-003   2.6667152797925014E-002   5.4391487707456591E-004   4.1773603030556897E-003
  0.90000000000000058        2.6288771356589639E-002  0.40613108244222573        9.8346872441241844E-003   3.8009143156679324E-002   6.6998727997754379E-004   5.1116188745358206E-003
  0.91000000000000059        2.9240974493634997E-002  0.44384879663557630        1.0518033463392310E-002   4.9513580056182234E-002   8.2252375889278458E-004   6.2334408979051086E-003
  0.92000000000000060        3.2358550497306286E-002  0.48283185463938905        1.1299925464991768E-002   6.1184890769519017E-002   1.0062191683005955E-003   7.5747235505896921E-003
  0.93000000000000060        3.5631907133924189E-002  0.52290248615014034        1.2213912691432070E-002   7.3032980141215634E-002   1.2269667748748929E-003   9.1742289608045882E-003
  0.94000000000000061        3.9050133503825836E-002  0.56387819027769204        1.3300099633382212E-002   8.5073514464624925E-002   1.4909027709180671E-003   1.1072037669189010E-002
  0.95000000000000062        4.2601230630721000E-002  0.60557512953635462        1.4605860329848274E-002   9.7328077923189607E-002   1.8053465487738894E-003   1.3315843505415453E-002
  0.96000000000000063        4.6272331648290199E-002  0.64781097805799992        1.6186508381626132E-002  0.10982418043047672        2.1779369825943905E-003   1.5953948578934653E-002
  0.97000000000000064        5.0049903628998228E-002  0.69040717833205445        1.8105885668568283E-002  0.12259509711485524        2.6187974656120758E-003   1.9050744364559030E-002
  0.98000000000000065        5.3919926315894831E-002  0.73319061278597775        2.0436827633919800E-002  0.13567951922237520        3.1364688404288588E-003   2.2658380345829877E-002
  0.99000000000000066        5.7868045915280934E-002  0.77599473680062381        2.3261458393265454E-002  0.14912099972732193        3.7422883549964236E-003   2.6846492982697021E-002
   1.0000000000000007        6.1879704457647455E-002  0.81866024701101325        2.6671265684645413E-002  0.16296717734347846        4.4476419380156057E-003   3.1683065458909823E-002
   1.0100000000000007        6.5940246932810878E-002  0.86103537356639148        3.0766904902619956E-002  0.17726876475178324        5.2657072986634253E-003   3.7246827153205611E-002
   1.0200000000000007        7.0035009453416619E-002  0.90297588925287220        3.5657680841433850E-002  0.19207829122704947        6.2099427733154468E-003   4.3616439635437015E-002
   1.0300000000000007        7.4149392173108619E-002  0.94434492447473828        4.1460657962071233E-002  0.20744858977531103        7.2939378614338499E-003   5.0867830284811739E-002
   1.0400000000000007        7.8268920697359079E-002  0.98501266761205730        4.8299352573629759E-002  0.22343102342268850        8.5318104360554356E-003   5.9079022868425798E-002
   1.0500000000000007        8.2379299406271936E-002   1.0248560175508723        5.6301962418234167E-002  0.24007344765729177        9.9405569618044119E-003   6.8345406430857167E-002
   1.0600000000000007        8.6466459583921643E-002   1.0637582411192366        6.5599088468375352E-002  0.25741790764123690        1.1535595642940500E-002   7.8748273373386371E-002
   1.0700000000000007        9.0516604624339289E-002   1.1016086741726918        7.6320900764846433E-002  0.27549807263719861        1.3331321194599304E-002   9.0360989292912350E-002
   1.0800000000000007        9.4516253942727599E-002   1.1383024921079938        8.8593689363812025E-002  0.29433641017552298        1.5345171770017369E-002  0.10327318537150507     
   1.0900000000000007        9.8452286620200044E-002   1.1737405642076408       0.10253572234841492       0.31394110539659964        1.7593272449127059E-002  0.11756383799830922     
   1.1000000000000008       0.10231198528750181        1.2078293966927667       0.11825230605957091       0.33430273129315302        2.0087800706028350E-002  0.13328196626267888     
   1.1100000000000008       0.10608308032609233        1.2404811617417673       0.13582990339653031       0.35539067561605264        2.2850024514643019E-002  0.15053746761751544     
   1.1200000000000008       0.10975379413843084        1.2716138039334541       0.15532911886471387       0.37714933142429469        2.5891726315221214E-002  0.16937345223071537     
   1.1300000000000008       0.11331288500871288        1.3011512114354808       0.17677630582806222       0.39949405785961772        2.9225373230895555E-002  0.18983417784845694     
   1.1400000000000008       0.11674968993055888        1.3290234365840294       0.20015349174148173       0.42230692259049862        3.2867243655093109E-002  0.21198793494964235     
   1.1500000000000008       0.12005416570592028        1.3551669490790337       0.22538626369611559       0.44543224116121022        3.6820860574637904E-002  0.23581478358576727     
   1.1600000000000008       0.12321692760589097        1.3795249046473947       0.25232920566443057       0.46867193613728492        4.1131818426720715E-002  0.26158132428359782     
   1.1700000000000008       0.12622928491540295        1.4020474125101610       0.28074844193145732       0.49178075239968561        4.5748685761561263E-002  0.28890803390087871     
   1.1800000000000008       0.12908327274769915        1.4226917861512756       0.31030082117456015       0.51446136518055718        5.0737431915332434E-002  0.31815456933907826     
   1.1900000000000008       0.13177167960031907        1.4414227635617323       0.34050926976644152       0.53635942169478334        5.6095054958394015E-002  0.34927529325783729     
   1.2000000000000008       0.13428807022319544        1.4582126851751374       0.37073386405317482       0.55705852202087192        6.1825456854407893E-002  0.38223780288207726     
   1.2100000000000009       0.13662680347429373        1.4730416199850564       0.40013820351425777       0.57607510114582050        6.7931892797556639E-002  0.41701062710918213     
   1.2200000000000009       0.13878304494349428        1.4858974327204364       0.42765072531178583       0.59285308162692218        7.4419945035888904E-002  0.45357340886168040     
   1.2300000000000009       0.14075277422708954        1.4967757873478353       0.45192067697745580       0.60675806053778958        8.1328854474296886E-002  0.49211670544693087     
   1.2400000000000009       0.14253278683039008        1.5056800844771188       0.47126856266426104       0.61707069762561773        8.8627291740010078E-002  0.53237974001398602     
   1.2500000000000009       0.14412069076265685        1.5126213323964304       0.48363101175609963       0.62297893246532565        9.6341834921507510E-002  0.57446020249655860     
   1.2600000000000009       0.14551489796567146        1.5176179533938083       0.48650018860752309       0.62356876957392993       0.10449031975581903       0.61840746105539024     
   1.2700000000000009       0.14671461078426534        1.5206955286951478       0.47685809188027101       0.61781373770191039       0.11305817474416419       0.66405338231131572     
   1.2800000000000009       0.14771980374384233        1.5218864867345860       0.45110638636448785       0.60456384527998208       0.12210453538487009       0.71168384237015181     
   1.2900000000000009       0.14853120094669192        1.5212297405631652       0.40499279457299686       0.58253584060633634       0.13158554754177515       0.76094142001495124     
   1.3000000000000009       0.14915024943607227        1.5187702809961305       0.33353555011067887       0.55030727165067927       0.14152573908170746       0.81189796331135278     
   1.3100000000000009       0.14957908890530705        1.5145587326122856       0.23094799215857070       0.50631556234727171       0.15195156640673757       0.86460851226460655     
   1.3200000000000010       0.14982051814919056        1.5086508799725238        9.0566048983905620E-002  0.44885774921441607       0.16285911178994211       0.91896198156749964     
   1.3300000000000010       0.14987795866757414        1.5011071714480078        0.0000000000000000       0.19095559956024563       0.17427028101738087       0.97498015675554450     
   1.3400000000000010       0.14975541583690369        1.4919922078747325        0.0000000000000000       0.19190064194388673       0.18620692296284067        1.0326950196997478     
   1.3500000000000010       0.14945743806545944        1.4813742229157412        0.0000000000000000       0.19274331116494406       0.19867958271325417        1.0920380245167840     
   1.3600000000000010       0.14898907434282638        1.4693245615502590        0.0000000000000000       0.19348431443441061       0.21173158440146930        1.1531583843639557     
   1.3700000000000010       0.14835583058445170        1.4559171625548071        0.0000000000000000       0.19412447356179552       0.22527420938541443        1.2154095308625017     
   1.3800000000000010       0.14756362515863275        1.4412280502258901        0.0000000000000000       0.19466472086457279       0.23942533791935000        1.2793578281548130     
   1.3900000000000010       0.14661874396656768        1.4253348399450798        0.0000000000000000       0.19510609499723586       0.25418667314557208        1.3448822065343775     
   1.4000000000000010       0.14552779542676367        1.4083162615290086        0.0000000000000000       0.19544973671105204       0.26958354101350962        1.4119952429611455     
   1.4100000000000010       0.14429766569361860        1.3902517036584163        0.0000000000000000       0.19569688455538009       0.28542998317218410        1.4794745219674998     
   1.4200000000000010       0.14293547441690074        1.3712207820575342        0.0000000000000000       0.19584887053117872       0.30228938137035360        1.5504701591087990     
   1.4300000000000010       0.14144853132449625        1.3513029335088627        0.0000000000000000       0.19590711570705244       0.31968495933126567        1.6220604421017901     
   1.4400000000000011       0.13984429388566386        1.3305770372474746        0.0000000000000000       0.19587312580790117       0.33775565730666890        1.6948868429743820     
   1.4500000000000011       0.13813032628636546        1.3091210647874381        0.0000000000000000       0.19574848678593773       0.35656401984351949        1.7692392100789678     
   1.4600000000000011       0.13631425992245300        1.2870117587939622        0.0000000000000000       0.19553486038351592       0.37604681686446362        1.8445209251456358     
   1.4700000000000011       0.13440375559075871        1.2643243412280694        0.0000000000000000       0.19523397969688122       0.39640117798509272        1.9218090053165768     
   1.4800000000000011       0.13240646753278118        1.2411322506550388        0.0000000000000000       0.19484764474961813       0.41746939853894677        2.0000406858211841     
   1.4900000000000011       0.13033000946086104        1.2175069083211207        0.0000000000000000       0.19437771808421020       0.43923836818286771        2.0790336968638852     
   1.5000000000000011       0.12818192267267883        1.1935175123613917        0.0000000000000000       0.19382612037977168       0.46205883511779622        2.1605069475691168     
   1.5100000000000011       0.12596964633676946        1.1692308593018428        0.0000000000000000       0.19319482610364547       0.48557863769947440        2.2424720954385076     
   1.5200000000000011       0.12370049000964642        1.1447111918565176        0.0000000000000000       0.19248585920418365       0.50997509056475276        2.3257934840334493     
   1.5300000000000011       0.12138160842418766        1.1200200718918074        0.0000000000000000       0.19170128885165721       0.53523506521090791        2.4102704428008934     
   1.5400000000000011       0.11901997856925019        1.0952162773309895        0.0000000000000000       0.19084322523386379       0.56134152384185954        2.4956617120615507     
   1.5500000000000012       0.11662237906211043        1.0703557216989104        0.0000000000000000       0.18991381541261562       0.58837376001934716        2.5823432770205401     
   1.5600000000000012       0.11419537179834138        1.0454913949560096        0.0000000000000000       0.18891523924692435       0.61635907811235147        2.6703764273189297     
   1.5700000000000012       0.11174528584816608        1.0206733242395216        0.0000000000000000       0.18784970538830809       0.64518733186939037        2.7588647237537911     
   1.5800000000000012       0.10927820355418313       0.99594855311471830        0.0000000000000000       0.18671944735328158       0.67495201243975378        2.8483822973891240     
   1.5900000000000012       0.10679994877266867       0.97136113793822276        0.0000000000000000       0.18552671967771475       0.70576315183860339        2.9393439019895693     
   1.6000000000000012       0.10431607718939416       0.94695215994632431        0.0000000000000000       0.18427379415737383       0.73748974678706514        3.0309712345477018     
   1.6100000000000012       0.10183186863105392       0.92275975170205327        0.0000000000000000       0.18296295617860867       0.77016131031039514        3.1233502348794087     
   1.6200000000000012        9.9352321284927575E-002  0.89881913656385204        0.0000000000000000       0.18159650114277986       0.80391423655104810        3.2169452459412797     
   1.6300000000000012        9.6882147732292145E-002  0.87516267987468577        0.0000000000000000       0.18017673098768217       0.83862249194152749        3.3112333002225549     
   1.6400000000000012        9.4425772695273427E-002  0.85181995061199911        0.0000000000000000       0.17870595080887144       0.87436588908632085        3.4063475186722263     
   1.6500000000000012        9.1987332392236110E-002  0.82881779228506114        0.0000000000000000       0.17718646558347509       0.91111432645383605        3.5022507161732062     
   1.6600000000000013        8.9570675393418189E-002  0.80618040191614515        0.0000000000000000       0.17562057699873473       0.94865020128505684        3.5972786410052282     
   1.6700000000000013        8.7179364866202147E-002  0.78392941599466204        0.0000000000000000       0.17401058038722214       0.98801426179602758        3.6969157249644007     
   1.6800000000000013        8.4816682098170074E-002  0.76208400234839402        0.0000000000000000       0.17235876177035531        1.0280459873711150        3.7952137611249683     
   1.6900000000000013        8.2485631185771582E-002  0.74066095693239387        0.0000000000000000       0.17066739501155337        1.0691971523728294        3.8943938397600535     
   1.7000000000000013        8.0188944777035559E-002  0.71967480459396882        0.0000000000000000       0.16893873908007889        1.1114488654434709        3.9941581098948826     
   1.7100000000000013        7.7929090758133326E-002  0.69913790293029221        0.0000000000000000       0.16717503542634232        1.1549013889440225        4.0949128820738370     
   1.7200000000000013        7.5708279775717854E-002  0.67906054841370678        0.0000000000000000       0.16537850546918068        1.1994526261596901        4.1961188384088954     
   1.7300000000000013        7.3528473489727464E-002  0.65945108401816921        0.0000000000000000       0.16355134819536743        1.2450754410461786        4.2977473553981342     
   1.7400000000000013        7.1391393454672700E-002  0.64031600763808783        0.0000000000000000       0.16169573787137123        1.2921448388675609        4.4009428358886007     
   1.7500000000000013        6.9298530531247626E-002  0.62166008064784284        0.0000000000000000       0.15981382186714907        1.3402808516457221        4.5044812988785425     
   1.7600000000000013        6.7251154734346008E-002  0.60348643600626484        0.0000000000000000       0.15790771859153860        1.3897560871119401        4.6089424703149673     
   1.7700000000000014        6.5250325428163433E-002  0.58579668536507312        0.0000000000000000       0.15597951553861258        1.4402165819832495        4.7134822464449480     
   1.7800000000000014        6.3296901783920209E-002  0.56859102469331335        0.0000000000000000       0.15403126744415263        1.4919122081701748        4.8186553942254093     
   1.7900000000000014        6.1391553420845194E-002  0.55186833798144486        0.0000000000000000       0.15206499455122297        1.5449486860916850        4.9247409913961748     
   1.8000000000000014        5.9534771156286123E-002  0.53562629863814126        0.0000000000000000       0.15008268098364455        1.5991157344347318        5.0311302124092299     
   1.8100000000000014        5.7726877796159329E-002  0.51986146824049639        0.0000000000000000       0.14808627322600842        1.6546549177045191        5.1385641284322805     
   1.8200000000000014        5.5968038902338861E-002  0.50456939234373177        0.0000000000000000       0.14607767870871952        1.7111996220577212        5.2459988083250639     
   1.8300000000000014        5.4258273478966411E-002  0.48974469309961000        0.0000000000000000       0.14405876449640884        1.7693019789617248        5.3543677136866705     
   1.8400000000000014        5.2597464525009838E-002  0.47538115847368861        0.0000000000000000       0.14203135607793713        1.8284441266914926        5.4632081910696266     
   1.8500000000000014        5.0985369405647643E-002  0.46147182788990454        0.0000000000000000       0.13999723625607471        1.8888263886906307        5.5723343141621200     
   1.8600000000000014        4.9421630000206579E-002  0.44800907416716779        0.0000000000000000       0.13795814413484880        1.9504337276486197        5.6820068946483877     
   1.8700000000000014        4.7905782589361318E-002  0.43498468164615789        0.0000000000000000       0.13591577420243361        2.0133089258336780        5.7918912335426382     
   1.8800000000000014        4.6437267449124367E-002  0.42238992043575480        0.0000000000000000       0.13387177550737789        2.0773662939156003        5.9021628666979753     
   1.8900000000000015        4.5015438123778138E-002  0.41021561673732931        0.0000000000000000       0.13182775092587745        2.1426750921882931        6.0127327723003647     
   1.9000000000000015        4.3639570354295595E-002  0.39845221923142699        0.0000000000000000       0.12978525651772763        2.2092669223768362        6.1237056218062680     
   1.9100000000000015        4.2308870642981715E-002  0.38708986153551245        0.0000000000000000       0.12774580096853039        2.2769713983669702        6.2348749432832840     
   1.9200000000000015        4.1022484438990300E-002  0.37611842076309077        0.0000000000000000       0.12571084511566666        2.3460495529214245        6.3462303396318367     
   1.9300000000000015        3.9779503933064071E-002  0.36552757223413956        0.0000000000000000       0.12368180155550652        2.4162166452737068        6.4575699911364675     
   1.9400000000000015        3.8578975453264386E-002  0.35530684040405885        0.0000000000000000       0.12166003432928531        2.4877415345265810        6.5692900353336947     
   1.9500000000000015        3.7419906456639250E-002  0.34544564609376649        0.0000000000000000       0.11964685868503577        2.5604878885262843        6.6810835528216366     
   1.9600000000000015        3.6301272114685618E-002  0.33593335011683306        0.0000000000000000       0.11764354091295470        2.6345220191755265        6.7928427536576539     
   1.9700000000000015        3.5222021493124409E-002  0.32675929341106447        0.0000000000000000       0.11565129825154823        2.7096445693930162        6.9044573547659578     
   1.9800000000000015        3.4181083328912239E-002  0.31791283379160440        0.0000000000000000       0.11367129886190261        2.7860318169042877        7.0159010437572613     
   1.9900000000000015        3.3177371409584717E-002  0.30938337945074756        0.0000000000000000       0.11170466186740907        2.8636762731150029        7.1272002497370615     
   2.0000000000000013        3.2209789561940885E-002  0.30116041933602605        0.0000000000000000       0.10975245745627994        2.9429387854893805        7.2391764381408388     
   2.0100000000000011        3.1277236258780892E-002  0.29323355054323363        0.0000000000000000       0.10781570704419656        3.0233671133654356        7.3506454738836666     
   2.0200000000000009        3.0378608853885894E-002  0.28559250286473459        0.0000000000000000       0.10589538349443671        3.1051182184730663        7.4618947199624479     
   2.0300000000000007        2.9512807456692866E-002  0.27822716063584702        0.0000000000000000       0.10399241139285170        3.1881095536272293        7.5727324127652578     
   2.0400000000000005        2.8678738459185896E-002  0.27112758202340181        0.0000000000000000       0.10210766737508033        3.2724945611924876        7.6834430426968217     
   2.0500000000000003        2.7875317728410249E-002  0.26428401590091732        0.0000000000000000       0.10024198050340619        3.3584036517956601        7.7940182430529577     
   2.0600000000000001        2.7101473478721501E-002  0.25768691645419134        0.0000000000000000        9.8396132690707599E-002   3.4458389615680449        7.9047960590570847     
   2.0699999999999998        2.6356148838429148E-002  0.25132695565967816        0.0000000000000000        9.6570859168967099E-002   3.5344598316170610        8.0145083226917055     
   2.0799999999999996        2.5638304125886410E-002  0.24519503377581772        0.0000000000000000        9.4766848999852313E-002   3.6247499767246931        8.1244899768367507     
   2.0899999999999994        2.4946918850341112E-002  0.23928228798471515        0.0000000000000000        9.2984745624918153E-002   3.7164695881478234        8.2339081666516236     
   2.0999999999999992        2.4280993452986222E-002  0.23358009931811927        0.0000000000000000        9.1225147453018532E-002   3.8098463112345184        8.3432940629228458     
   2.1099999999999990        2.3639550803677741E-002  0.22808009799788873        0.0000000000000000        8.9488608482566734E-002   3.9045554611226985        8.4519638152897105     
   2.1199999999999988        2.3021637468691590E-002  0.22277416731678762        0.0000000000000000        8.7775638956324592E-002   4.0013067410044876        8.5610477965119767     
   2.1299999999999986        2.2426324764723664E-002  0.21765444618093088        0.0000000000000000        8.6086706046456046E-002   4.0994823634609796        8.6692739733457458     
   2.1399999999999983        2.1852709614078269E-002  0.21271333043032334        0.0000000000000000        8.4422234567626500E-002   4.1987446232849246        8.7761115408108701     
   2.1499999999999981        2.1299915215661630E-002  0.20794347304887853        0.0000000000000000        8.2782607715989345E-002   4.2987727655402237        8.8802480504474506     
   2.1599999999999979        2.0767091546011203E-002  0.20333778337008820        0.0000000000000000        8.1168167831946719E-002   4.4038968804404606        8.9915538023270685     
   2.1699999999999977        2.0253415704151310E-002  0.19888942537922533        0.0000000000000000        7.9579217184639187E-002   4.5100949613885213        9.1014118856778587     
   2.1799999999999975        1.9758092113584730E-002  0.19459181520759247        0.0000000000000000        7.8016018776163293E-002   4.6158807044814374        9.2057168943662795     
   2.1899999999999973        1.9280352594207243E-002  0.19043861790893241        0.0000000000000000        7.6478797163586243E-002   4.7241078779697361        9.3108459846208937     
   2.1999999999999971        1.8819456316391862E-002  0.18642374360280967        0.0000000000000000        7.4967739296877570E-002   4.8344496467971316        9.4162303404497028     
   2.2099999999999969        1.8374689648919099E-002  0.18254134306444264        0.0000000000000000        7.3482995370941398E-002   4.9466979286232000        9.5212000323829322     
   2.2199999999999966        1.7945365911847092E-002  0.17878580283526974        0.0000000000000000        7.2024679689989934E-002   5.0608676512197954        9.6259686611352979     
   2.2299999999999964        1.7530825044827607E-002  0.17515173992344843        0.0000000000000000        7.0592871542561872E-002   5.1771158760938869        9.7306026453581058     
   2.2399999999999962        1.7130433200774734E-002  0.17163399615850217        0.0000000000000000        6.9187616085549491E-002   5.2952839284125384        9.8346369680636094     
   2.2499999999999960        1.6743582274200697E-002  0.16822763225952891        0.0000000000000000        6.7808925235654821E-002   5.4155311709869540        9.9383625624287877     
   2.2599999999999958        1.6369689372943239E-002  0.16492792167174067        0.0000000000000000        6.6456778566762173E-002   5.5378192252312815        10.041989446697784     
   2.2699999999999956        1.6008196241421729E-002  0.16173034422159574        0.0000000000000000        6.5131124211767324E-002   5.6621614930130120        10.144839039497326     
   2.2799999999999954        1.5658568642996359E-002  0.15863057963655844        0.0000000000000000        6.3831879767467972E-002   5.7886332412516488        10.247698729771573     
   2.2899999999999952        1.5320295708439824E-002  0.15562450097137639        0.0000000000000000        6.2558933201177877E-002   5.9175381004255367        10.350632519526451     
   2.2999999999999949        1.4992889256992877E-002  0.15270816797888939        0.0000000000000000        6.1312143757787138E-002   6.0482159946354006        10.452479035149608     
   2.3099999999999947        1.4675883095953766E-002  0.14987782045970857        0.0000000000000000        6.0091342866043645E-002   6.1812855126423507        10.554320468037933     
   2.3199999999999945        1.4368832304244353E-002  0.14712987162158483        0.0000000000000000        5.8896335042896895E-002   6.3165547638784396        10.655766568336901     
   2.3299999999999943        1.4071312504916932E-002  0.14446090147602356        0.0000000000000000        5.7726898794793730E-002   6.4540469032505259        10.756862110422642     
   2.3399999999999941        1.3782919131102326E-002  0.14186765029660020        0.0000000000000000        5.6582787514875263E-002   6.5940074510210556        10.857902883460783     
   2.3499999999999939        1.3503266689464203E-002  0.13934701216055795        0.0000000000000000        5.5463730375078527E-002   6.7361674487678505        10.958378159817915     
   2.3599999999999937        1.3231988024805632E-002  0.13689602859254515        0.0000000000000000        5.4369433212198802E-002   6.8808249198088625        11.058873330155325     
   2.3699999999999934        1.2968733589086998E-002  0.13451188232688502        0.0000000000000000        5.3299579407021715E-002   7.0276716600244891        11.158817532904893     
   2.3799999999999932        1.2713170717741024E-002  0.13219189120240904        0.0000000000000000        5.2253830755686667E-002   7.1771456154244326        11.258899296342889     
   2.3899999999999930        1.2464982915826681E-002  0.12993350220176003        0.0000000000000000        5.1231828332490958E-002   7.3288560415944000        11.358204022799141     
   2.3999999999999928        1.2223869156241253E-002  0.12773428564509506        0.0000000000000000        5.0233193343397160E-002   7.4832282917340134        11.457723053955389     
   2.4099999999999926        1.1989543191907513E-002  0.12559192954628617        0.0000000000000000        4.9257527969548701E-002   7.6395461725330147        11.556327756529528     
   2.4199999999999924        1.1761732883575151E-002  0.12350423413808874        0.0000000000000000        4.8304416200151273E-002   7.7994416038843992        11.655997018099956     
   2.4299999999999922        1.1540179544617708E-002  0.12146910657122269        0.0000000000000000        4.7373424654118958E-002   7.9613528494288666        11.754705654373202     
   2.4399999999999920        1.1324637303967247E-002  0.11948455579093309        0.0000000000000000        4.6464103389928478E-002   8.1259232080064052        11.853396442953251     
   2.4499999999999917        1.1114872488113669E-002  0.11754868759338985        0.0000000000000000        4.5575986703170764E-002   8.2930981278021747        11.951931435816844     
   2.4599999999999915        1.0910663022894401E-002  0.11565969986314958        0.0000000000000000        4.4708593911327497E-002   8.4630424323956390        12.050562534252411     
   2.4699999999999913        1.0711797855619706E-002  0.11381587799192153        0.0000000000000000        4.3861430125341147E-002   8.6354380380510971        12.148437986474772     
   2.4799999999999911        1.0518076397916647E-002  0.11201559047800298        0.0000000000000000        4.3033987007587385E-002   8.8106972810814810        12.246640959051634     
   2.4899999999999909        1.0329307989522885E-002  0.11025728470494597        0.0000000000000000        4.2225743515894587E-002   8.9886172392306225        12.344338415327401     
   2.4999999999999907        1.0145311383134532E-002  0.10853948289737075        0.0000000000000000        4.1436166633292908E-002   9.1692982797418381        12.442162728139818     
   2.5099999999999905        9.9659142502874516E-003  0.10686077825119138        0.0000000000000000        4.0664712083208689E-002   9.3530016683294956        12.540235024804259     
   2.5199999999999902        9.7909527081539941E-003  0.10521983123507098        0.0000000000000000        3.9910825029855802E-002   9.5392723989722459        12.637751469708856     
   2.5299999999999900        9.6202708670376762E-003  0.10361536605941406        0.0000000000000000        3.9173940763605385E-002   9.7284667403568843        12.735236585293926     
   2.5399999999999898        9.4537203982725925E-003  0.10204616730888549        0.0000000000000000        3.8453485371148843E-002   9.9206513509531504        12.832973651047389     
   2.5499999999999896        9.2911601221639523E-003  0.10051107673411958        0.0000000000000000        3.7748876390296997E-002   10.115766553069832        12.930699988637080     
   2.5599999999999894        9.1324556155434854E-003   9.9008990198020647E-002   0.0000000000000000        3.7059523449288062E-002   10.313606867977125        13.027865668867511     
   2.5699999999999892        8.9774788384677194E-003   9.7538854771889907E-002   0.0000000000000000        3.6384828890503401E-002   10.514740004054760        13.125768639427978     
   2.5799999999999890        8.8261077795388412E-003   9.6099665976419404E-002   0.0000000000000000        3.5724188378516902E-002   10.718657379291873        13.223157884281406     
   2.5899999999999888        8.6782261193014774E-003   9.4690465162542467E-002   0.0000000000000000        3.5076991492428725E-002   10.925577518284010        13.320268972847538     
   2.5999999999999885        8.5337229111326230E-003   9.3310337027000187E-002   0.0000000000000000        3.4442622302456392E-002   11.135825955651317        13.418352607949862     
   2.6099999999999883        8.3924922790286800E-003   9.1958407257502400E-002   0.0000000000000000        3.3820459930781040E-002   11.348954023570498        13.515699252525147     
   2.6199999999999881        8.2544331316726574E-003   9.0633840302312932E-002   0.0000000000000000        3.3209879096666312E-002   11.565302780445201        13.613436583222198     
   2.6299999999999879        8.1194488921590823E-003   8.9335837259152978E-002   0.0000000000000000        3.2610250645888211E-002   11.784719361012561        13.710966123352602     
   2.6399999999999877        7.9874472427441459E-003   8.8063633878313327E-002   0.0000000000000000        3.2020942064533195E-002   12.007488257923654        13.808972306354660     
   2.6499999999999875        7.8583398839921683E-003   8.6816498674982673E-002   0.0000000000000000        3.1441317977241257E-002   12.233416583100524        13.907159816046393     
   2.6599999999999873        7.7320423076877847E-003   8.5593731145848242E-002   0.0000000000000000        3.0870740629984766E-002   12.463668949230621        14.006761383786843     
   2.6699999999999871        7.6084735828904166E-003   8.4394660085130593E-002   0.0000000000000000        3.0308570357494125E-002   12.694697732627631        14.101715980933264     
   2.6799999999999868        7.4875561545165413E-003   8.3218641995339432E-002   0.0000000000000000        2.9754166035452667E-002   12.930620842926441        14.200323462260885     
   2.6899999999999866        7.3692156538439461E-003   8.2065059588139241E-002   0.0000000000000000        2.9206885517599531E-002   13.169677900166235        14.298377348440114     
   2.6999999999999864        7.2533807203468015E-003   8.0933320370862996E-002   0.0000000000000000        2.8666086057891598E-002   13.412141514173740        14.396621466130290     
   2.7099999999999862        7.1399828342835247E-003   7.9822855314335445E-002   0.0000000000000000        2.8131124717888624E-002   13.657956531157081        14.494702414453510     
   2.7199999999999860        7.0289561594753620E-003   7.8733117597816080E-002   0.0000000000000000        2.7601358759536912E-002   13.907344683388777        14.593266714454534     
   2.7299999999999858        6.9202373957312994E-003   7.7663581427022704E-002   0.0000000000000000        2.7076146023535762E-002   14.160136226284747        14.691771498456950     
   2.7399999999999856        6.8137656403918475E-003   7.6613740921335632E-002   0.0000000000000000        2.6554845293484581E-002   14.416505500204019        14.790674923886369     
   2.7499999999999853        6.7094822584834509E-003   7.5583109066440210E-002   0.0000000000000000        2.6036816646014260E-002   14.676342186638147        14.889278113398303     
   2.7599999999999851        6.6073307609943637E-003   7.4571216728823095E-002   0.0000000000000000        2.5521421787114779E-002   14.939599342635349        14.987894138569999     
   2.7699999999999849        6.5072566908014511E-003   7.3577611728667530E-002   0.0000000000000000        2.5008024374881557E-002   15.206849725334141        15.087321048963444     
   2.7799999999999847        6.4092075157981829E-003   7.2601857967865016E-002   0.0000000000000000        2.4495990328906404E-002   15.477616526480038        15.186757477436645     
   2.7899999999999845        6.3131325287931177E-003   7.1643534610001419E-002   0.0000000000000000        2.3984688126547228E-002   15.751987738193485        15.286161797781313     
   2.7999999999999843        6.2189827537675246E-003   7.0702235309310149E-002   0.0000000000000000        2.3473489086314459E-002   16.030099412396932        15.385704268516864     
   2.8099999999999841        6.1267108580998677E-003   6.9777567485742376E-002   0.0000000000000000        2.2961767638620210E-002   16.312030035575809        15.485637577823965     
   2.8199999999999839        6.0362710703859273E-003   6.8869151643440402E-002   0.0000000000000000        2.2448901584136562E-002   16.597662717466800        15.585241339389023     
   2.8299999999999836        5.9476191034991740E-003   6.7976620730023626E-002   0.0000000000000000        2.1934272340014938E-002   16.887248650705700        15.685834283734300     
   2.8399999999999834        5.8607120825568638E-003   6.7099619534249463E-002   0.0000000000000000        2.1417265174223342E-002   17.180541806470742        15.785654538676463     
   2.8499999999999832        5.7755084774736088E-003   6.6237804119719454E-002   0.0000000000000000        2.0897269428256912E-002   17.477877671639259        15.886170765805476     
   2.8599999999999830        5.6919680398019199E-003   6.5390841292430502E-002   0.0000000000000000        2.0373678728484307E-002   17.779080100847469        15.986597549435105     
   2.8699999999999828        5.6100517435773781E-003   6.4558408100103576E-002   0.0000000000000000        1.9845891186389051E-002   18.084304744109044        16.087240541943356     
   2.8799999999999826        5.5297217298992474E-003   6.3740191361308957E-002   0.0000000000000000        1.9313309587970763E-002   18.393552214259852        16.188414725326748     
   2.8899999999999824        5.4509412549964120E-003   6.2935887222543646E-002   0.0000000000000000        1.8775341572568872E-002   18.706823539893865        16.289545970485580     
   2.8999999999999821        5.3736746415411485E-003   6.2145200741505695E-002   0.0000000000000000        1.8231399801372738E-002   19.024208902142096        16.390724969193780     
   2.9099999999999819        5.2978872329885757E-003   6.1367845494919644E-002   0.0000000000000000        1.7680902115883503E-002   19.345887871321622        16.492597834314484     
   2.9199999999999817        5.2235453507332085E-003   6.0603543209352233E-002   0.0000000000000000        1.7123271686590068E-002   19.671432523712163        16.593825450761059     
   2.9299999999999815        5.1506162538869178E-003   5.9852023413567081E-002   0.0000000000000000        1.6557937152123732E-002   20.001299768270684        16.695315864945371     
   2.9399999999999813        5.0790681014959409E-003   5.9113023111035994E-002   0.0000000000000000        1.5984332749151311E-002   20.335465281943641        16.797397566119724     
   2.9499999999999811        5.0088699170248527E-003   5.8386286471317425E-002   0.0000000000000000        1.5401898433270977E-002   20.673917046290150        16.899474775037113     
   2.9599999999999809        4.9399915549489092E-003   5.7671564539093348E-002   0.0000000000000000        1.4810079991166103E-002   21.016551378956290        17.001100699847438     
   2.9699999999999807        4.8724036693044330E-003   5.6968614959722469E-002   0.0000000000000000        1.4208329144277521E-002   21.363902346756749        17.104102181178948     
   2.9799999999999804        4.8060776840588397E-003   5.6277201720246452E-002   0.0000000000000000        1.3596103644247865E-002   21.715508403621605        17.206547108012014     
   2.9899999999999802        4.7409857651708248E-003   5.5597094904847523E-002   0.0000000000000000        1.2972867360390586E-002   22.071570984853938        17.309354688261603     
   2.9999999999999800        4.6771007942200188E-003   5.4928070463823135E-002   0.0000000000000000        1.2338090359435845E-002   22.432141410155300        17.412270703837137     
   3.0099999999999798        4.6143963434937228E-003   5.4269909995201322E-002   0.0000000000000000        1.1691248977797683E-002   22.797245835040933        17.515252623220814     
   3.0199999999999796        4.5528466524277500E-003   5.3622400538176684E-002   0.0000000000000000        1.1031825886609859E-002   23.166964794168493        17.618427710265614     
   3.0299999999999794        4.4924266053032571E-003   5.2985334377600890E-002   0.0000000000000000        1.0359310149770489E-002   23.541357208851299        17.721625252792961     
   3.0399999999999792        4.4331117101113204E-003   5.2358508858812325E-002   0.0000000000000000        9.6731972752335457E-003   23.920378911862382        17.825126136392882     
   3.0499999999999790        4.3748780785013309E-003   5.1741726212134138E-002   0.0000000000000000        8.9729892597817124E-003   24.304217366782595        17.928514334257464     
   3.0599999999999787        4.3177024067369407E-003   5.1134793386419228E-002   0.0000000000000000        8.2581946275130189E-003   24.692648147727283        18.032216173054028     
   3.0699999999999785        4.2615619575878463E-003   5.0537521891054531E-002   0.0000000000000000        7.5283284622669460E-003   25.086042237693349        18.136335841843692     
   3.0799999999999783        4.2064345430918668E-003   4.9949727645885379E-002   0.0000000000000000        6.7829124342146203E-003   25.484283959514450        18.240199137064920     
   3.0899999999999781        4.1522985081272439E-003   4.9371230838552389E-002   0.0000000000000000        6.0214748208328650E-003   25.887492175457488        18.344188721863297     
   3.0999999999999779        4.0991327147371056E-003   4.8801855788760125E-002   0.0000000000000000        5.2435505224775955E-003   26.295566089663698        18.448449866429044     
   3.1099999999999777        4.0469165271565357E-003   4.8241430819049143E-002   0.0000000000000000        4.4486810727681503E-003   26.708646453002725        18.552730772094655     
   3.1199999999999775        3.9956297974927260E-003   4.7689788131651249E-002   0.0000000000000000        3.6364146439903473E-003   27.126801616464657        18.657221659361205     
   3.1299999999999772        3.9452528520152030E-003   4.7146763691049802E-002   0.0000000000000000        2.8063060477220591E-003   27.550064740229299        18.761829761407807     
   3.1399999999999770        3.8957664780145322E-003   4.6612197111885259E-002   0.0000000000000000        1.9579167308798068E-003   27.978681618403069        18.865971044099481     
   3.1499999999999768        3.8471519111925221E-003   4.6085931551876132E-002   0.0000000000000000        1.0908147673816824E-003   28.412558684718505        18.970252863573375     
   3.1599999999999766        3.7993908235502802E-003   4.5567813609450780E-002   0.0000000000000000        2.0457484561734964E-004   28.851068929181377        19.074963400047441     
   3.1699999999999764        3.7524653117402564E-003   4.5057693225791146E-002   0.0000000000000000        0.0000000000000000        29.295014279776673        19.180926332951003     
   3.1799999999999762        3.7063578858553218E-003   4.4555423591031637E-002   0.0000000000000000        0.0000000000000000        29.744552125589927        19.285711153140376     
   3.1899999999999760        3.6610514586266981E-003   4.4060861054361529E-002   0.0000000000000000        0.0000000000000000        30.199680962514130        19.390394095997618     
   3.1999999999999758        3.6165293350056329E-003   4.3573865037790600E-002   0.0000000000000000        0.0000000000000000        30.660207618908245        19.495151903419320     
   3.2099999999999755        3.5727752021078763E-003   4.3094297953376964E-002   0.0000000000000000        0.0000000000000000        31.126196519695970        19.600133771988400     
   3.2199999999999753        3.5297731194975190E-003   4.2622025123702424E-002   0.0000000000000000        0.0000000000000000        31.597695662137731        19.705152550448947     
   3.2299999999999751        3.4875075097930202E-003   4.2156914705416167E-002   0.0000000000000000        0.0000000000000000        32.074775758138166        19.810286567317846     
   3.2399999999999749        3.4459631495763316E-003   4.1698837615670087E-002   0.0000000000000000        0.0000000000000000        32.557538873728774        19.915441609135137     
   3.2499999999999747        3.4051251605894343E-003   4.1247667461285734E-002   0.0000000000000000        0.0000000000000000        33.046045146503012        20.020560743663427     
   3.2599999999999745        3.3649790012032672E-003   4.0803280470499276E-002   0.0000000000000000        0.0000000000000000        33.540362448208924        20.125790791485990     
   3.2699999999999743        3.3255104581442949E-003   4.0365555427144144E-002   0.0000000000000000        0.0000000000000000        34.040379488113281        20.230940019712847     
   3.2799999999999740        3.2867056384672873E-003   3.9934373607145440E-002   0.0000000000000000        0.0000000000000000        34.546327038670782        20.336194322107964     
   3.2899999999999738        3.2485509617614810E-003   3.9509618717196611E-002   0.0000000000000000        0.0000000000000000        35.058201916030463        20.441434601510913     
   3.2999999999999736        3.2110331525794546E-003   3.9091176835510694E-002   0.0000000000000000        0.0000000000000000        35.576052427722885        20.546687990344058     
   3.3099999999999734        3.1741392330792160E-003   3.8678936354537334E-002   0.0000000000000000        0.0000000000000000        36.099954356271923        20.651932501963824     
   3.3199999999999732        3.1378565158691331E-003   3.8272787925548349E-002   0.0000000000000000        0.0000000000000000        36.630021725048024        20.757070199347751     
   3.3299999999999730        3.1021725970481755E-003   3.7872624404995676E-002   0.0000000000000000        0.0000000000000000        37.166227892542814        20.862207157221107     
   3.3399999999999728        3.0670753494329381E-003   3.7478340802564396E-002   0.0000000000000000        0.0000000000000000        37.708702754726893        20.967320897769842     
   3.3499999999999726        3.0325529159638742E-003   3.7089834230827866E-002   0.0000000000000000        0.0000000000000000        38.257393624207637        21.072412355633553     
   3.3599999999999723        2.9985937032844280E-003   3.6707003856442585E-002   0.0000000000000000        0.0000000000000000        38.812253718589375        21.177840870041049     
   3.3699999999999721        2.9651863754858693E-003   3.6329750852802357E-002   0.0000000000000000        0.0000000000000000        39.373774454249016        21.282533932674948     
   3.3799999999999719        2.9323198480128241E-003   3.5957978354092195E-002   0.0000000000000000        0.0000000000000000        39.941636324311254        21.387508331276116     
   3.3899999999999717        2.8999832817229727E-003   3.5591591410678441E-002   0.0000000000000000        0.0000000000000000        40.515976275244164        21.492420753951254     
   3.3999999999999715        2.8681660770963208E-003   3.5230496945777144E-002   0.0000000000000000        0.0000000000000000        41.096815744773899        21.597326350283559     
   3.4099999999999713        2.8368578685886324E-003   3.4874603713345498E-002   0.0000000000000000        0.0000000000000000        41.684309616102247        21.702114893917365     
   3.4199999999999711        2.8060485191251025E-003   3.4523822257148395E-002   0.0000000000000000        0.0000000000000000        42.278572130698478        21.806816966478262     
   3.4299999999999708        2.7757281147292650E-003   3.4178064870951930E-002   0.0000000000000000        0.0000000000000000        42.879539261603192        21.911447986514101     
   3.4399999999999706        2.7458869592835457E-003   3.3837245559795226E-002   0.0000000000000000        0.0000000000000000        43.487212027532323        22.016053707976791     
   3.4499999999999704        2.7165155694168935E-003   3.3501280002302410E-002   0.0000000000000000        0.0000000000000000        44.101775048749758        22.120557896971075     
   3.4599999999999702        2.6876046695170973E-003   3.3170085513996021E-002   0.0000000000000000        0.0000000000000000        44.723235538708892        22.224979337394807     
   3.4699999999999700        2.6591451868628931E-003   3.2843581011569589E-002   0.0000000000000000        0.0000000000000000        45.351803984753559        22.329201019057134     
   3.4799999999999698        2.6311282468732778E-003   3.2521686978085204E-002   0.0000000000000000        0.0000000000000000        45.987322168492319        22.433384835339588     
   3.4899999999999696        2.6035451684712921E-003   3.2204325429072575E-002   0.0000000000000000        0.0000000000000000        46.630019097585738        22.537410230664030     
   3.4999999999999694        2.5763874595579436E-003   3.1891419879477217E-002   0.0000000000000000        0.0000000000000000        47.279773574721652        22.641389103895136     
   3.5099999999999691        2.5496468125952637E-003   3.1582895311453876E-002   0.0000000000000000        0.0000000000000000        47.936652429447619        22.745305791389320     
   3.5199999999999689        2.5233151002935811E-003   3.1278678142951218E-002   0.0000000000000000        0.0000000000000000        48.600927565848735        22.849032207506689     
   3.5299999999999687        2.4973843714024601E-003   3.0978696197084547E-002   0.0000000000000000        0.0000000000000000        49.272555046597283        22.952629661213315     
   3.5399999999999685        2.4718468466010200E-003   3.0682878672250918E-002   0.0000000000000000        0.0000000000000000        49.951566361464614        23.056111755049475     
   3.5499999999999683        2.4466949144866046E-003   3.0391156112978497E-002   0.0000000000000000        0.0000000000000000        50.638002903500329        23.159474454313585     
   3.5599999999999681        2.4219211276579221E-003   3.0103460381474528E-002   0.0000000000000000        0.0000000000000000        51.331872431615011        23.262827690586139     
   3.5699999999999679        2.3975181988922377E-003   2.9819724629861079E-002   0.0000000000000000        0.0000000000000000        52.033629294343996        23.365723712939438     
   3.5799999999999677        2.3734789974123910E-003   2.9539883273069410E-002   0.0000000000000000        0.0000000000000000        52.742853090051810        23.468647394439397     
   3.5899999999999674        2.3497965452429015E-003   2.9263871962375339E-002   0.0000000000000000        0.0000000000000000        53.459769039276566        23.571418160602466     
   3.5999999999999672        2.3264640136526249E-003   2.8991627559559308E-002   0.0000000000000000        0.0000000000000000        54.184529979617288        23.674014849906406     
   3.6099999999999670        2.3034747196818274E-003   2.8723088111671864E-002   0.0000000000000000        0.0000000000000000        54.917098072319313        23.776470772127897     
   3.6199999999999668        2.2808221227517689E-003   2.8458192826382938E-002   0.0000000000000000        0.0000000000000000        55.657577949359698        23.878745960255149     
   3.6299999999999666        2.2584998213549187E-003   2.8196882047905571E-002   0.0000000000000000        0.0000000000000000        56.406009470541143        23.980867734885884     
   3.6399999999999664        2.2365015498239378E-003   2.7939097233470746E-002   0.0000000000000000        0.0000000000000000        57.162526770036024        24.082800104741342     
   3.6499999999999662        2.2148211751776008E-003   2.7684780930344540E-002   0.0000000000000000        0.0000000000000000        57.927026097488437        24.184601751975894     
   3.6599999999999659        2.1934526940416339E-003   2.7433876753368398E-002   0.0000000000000000        0.0000000000000000        58.699553521697183        24.286397606914630     
   3.6699999999999657        2.1723902296431896E-003   2.7186329363008747E-002   0.0000000000000000        0.0000000000000000        59.480625537754491        24.387636843588314     
   3.6799999999999655        2.1516280288769460E-003   2.6942084443907135E-002   0.0000000000000000        0.0000000000000000        60.269934903901934        24.488825834066468     
   3.6899999999999653        2.1311604594410243E-003   2.6701088683908882E-002   0.0000000000000000        0.0000000000000000        61.067508491545517        24.589883121008047     
   3.6999999999999651        2.1109820070415336E-003   2.6463289753567525E-002   0.0000000000000000        0.0000000000000000        61.873447060529671        24.690742646321681     
   3.7099999999999649        2.0910872726639012E-003   2.6228636286105309E-002   0.0000000000000000        0.0000000000000000        62.687906730071965        24.791393823437858     
   3.7199999999999647        2.0714709699094030E-003   2.5997077857822706E-002   0.0000000000000000        0.0000000000000000        63.510891435913585        24.891863247024588     
   3.7299999999999645        2.0521279223952209E-003   2.5768564968940640E-002   0.0000000000000000        0.0000000000000000        64.342466257737087        24.992136148117172     
   3.7399999999999642        2.0330530612174152E-003   2.5543049024873046E-002   0.0000000000000000        0.0000000000000000        65.182727235651598        25.092188911756313     
   3.7499999999999640        2.0142414224737911E-003   2.5320482317907029E-002   0.0000000000000000        0.0000000000000000        66.031730483604150        25.192044280000889     
   3.7599999999999638        1.9956881448468227E-003   2.5100818009290708E-002   0.0000000000000000        0.0000000000000000        66.889393298894262        25.291749629699272     
   3.7699999999999636        1.9773884672443674E-003   2.4884010111715406E-002   0.0000000000000000        0.0000000000000000        67.756165553551426        25.391136626000048     
   3.7799999999999634        1.9593377264968915E-003   2.4670013472180816E-002   0.0000000000000000        0.0000000000000000        68.631774170946770        25.490345699901304     
   3.7899999999999632        1.9415313551099753E-003   2.4458783755233655E-002   0.0000000000000000        0.0000000000000000        69.516321012495851        25.589363364209930     
   3.7999999999999630        1.9239648790711460E-003   2.4250277426576733E-002   0.0000000000000000        0.0000000000000000        70.409972976787543        25.688139359622213     
   3.8099999999999627        1.9066339157087341E-003   2.4044451737028891E-002   0.0000000000000000        0.0000000000000000        71.312723965154206        25.786711389666401     
   3.8199999999999625        1.8895341716029647E-003   2.3841264706840195E-002   0.0000000000000000        0.0000000000000000        72.224659194174450        25.885058718582837     
   3.8299999999999623        1.8726614405467010E-003   2.3640675110341500E-002   0.0000000000000000        0.0000000000000000        73.145766771709916        25.983199307784439     
   3.8399999999999621        1.8560116015554277E-003   2.3442642460929919E-002   0.0000000000000000        0.0000000000000000        74.076335232026437        26.081064723165863     
   3.8499999999999619        1.8395806169250908E-003   2.3247126996377092E-002   0.0000000000000000        0.0000000000000000        75.016216820420809        26.178734583516299     
   3.8599999999999617        1.8233645303365230E-003   2.3054089664453763E-002   0.0000000000000000        0.0000000000000000        75.965546482161230        26.276164041682119     
   3.8699999999999615        1.8073594650056795E-003   2.2863492108865562E-002   0.0000000000000000        0.0000000000000000                            NaN                       NaN
   3.8799999999999613        1.7915616218781261E-003   2.2675296655489986E-002   0.0000000000000000        0.0000000000000000                            NaN                       NaN
   3.8899999999999610        1.7759672778671421E-003   2.2489466298906222E-002   0.0000000000000000        0.0000000000000000                            NaN                       NaN
   3.8999999999999608        1.7605727841338670E-003   2.2305964689216990E-002   0.0000000000000000        0.0000000000000000                            NaN                       NaN
   3.9099999999999606        1.7453745644093340E-003   2.2124756119149977E-002   0.0000000000000000        0.0000000000000000                            NaN                       NaN
   3.9199999999999604        1.7303691133562101E-003   2.1945805511434303E-002   0.0000000000000000        0.0000000000000000                            NaN                       NaN
   3.9299999999999602        1.7155529949702875E-003   2.1769078406446579E-002   0.0000000000000000        0.0000000000000000                            NaN                       NaN
   3.9399999999999600        1.7009228410202555E-003   2.1594540950117612E-002   0.0000000000000000        0.0000000000000000                            NaN                       NaN
   3.9499999999999598        1.6864753495249738E-003   2.1422159882101222E-002   0.0000000000000000        0.0000000000000000                            NaN                       NaN
   3.9599999999999596        1.6722072832671133E-003   2.1251902524185212E-002   0.0000000000000000        0.0000000000000000                            NaN                       NaN
   3.9699999999999593        1.6581154683427083E-003   2.1083736768956404E-002   0.0000000000000000        0.0000000000000000                            NaN                       NaN
   3.9799999999999591        1.6441967927453205E-003   2.0917631068699271E-002   0.0000000000000000        0.0000000000000000                            NaN                       NaN
   3.9899999999999589        1.6304482049839984E-003   2.0753554424531102E-002   0.0000000000000000        0.0000000000000000                            NaN                       NaN
   3.9999999999999587        1.6168667127346129E-003   2.0591476375765919E-002   0.0000000000000000        0.0000000000000000                            NaN                       NaN
