   0.0000000000000000        0.0000000000000000        0.0000000000000000        0.0000000000000000       0.88475416601509393        0.0000000000000000        0.0000000000000000     
   1.0000000000000000E-002   0.0000000000000000        0.0000000000000000        0.0000000000000000       0.86901882778260819        0.0000000000000000        0.0000000000000000     
   2.0000000000000000E-002   0.0000000000000000        0.0000000000000000        0.0000000000000000       0.85339500276001168        0.0000000000000000        0.0000000000000000     
   2.9999999999999999E-002   0.0000000000000000        0.0000000000000000        0.0000000000000000       0.83788089920571807        0.0000000000000000        0.0000000000000000     
   4.0000000000000001E-002   2.8742409010766043E-019   1.7579469255333406E-017   0.0000000000000000       0.82247453302838813        0.0000000000000000        0.0000000000000000     
   5.0000000000000003E-002   1.2601510581008443E-018   7.7969861561864869E-017   0.0000000000000000       0.80717373815768445        0.0000000000000000        0.0000000000000000     
   6.0000000000000005E-002  -4.6451670492327672E-018   1.4877530679529096E-016   0.0000000000000000       0.79197617652819574        0.0000000000000000        0.0000000000000000     
   7.0000000000000007E-002  -1.0906249669005443E-017   2.3947424915508865E-016   0.0000000000000000       0.77687934818365179        0.0000000000000000        0.0000000000000000     
   8.0000000000000002E-002  -1.8318992785331375E-017   3.6203307998588163E-016   0.0000000000000000       0.76188060104958544        0.0000000000000000        0.0000000000000000     
   8.9999999999999997E-002  -2.7781334751844782E-017   5.3238354268562226E-016   0.0000000000000000       0.74697714091118972        0.0000000000000000        0.0000000000000000     
   9.9999999999999992E-002  -4.0395165282389533E-017   7.7235847080896224E-016   0.0000000000000000       0.73216604114383255        0.0000000000000000        0.0000000000000000     
  0.10999999999999999       -5.7585410099477594E-017   1.1123040881938815E-015   0.0000000000000000       0.71744425224497066        0.0000000000000000        0.0000000000000000     
  0.11999999999999998       -8.1248161992354806E-017   1.5946584713991064E-015   0.0000000000000000       0.70280861147920737        0.0000000000000000        0.0000000000000000     
  0.12999999999999998       -1.1394188455715068E-016   2.2788866149169295E-015   0.0000000000000000       0.68825585223852526        0.0000000000000000        0.0000000000000000     
  0.13999999999999999       -1.5913906572114425E-016   3.2483024153508533E-015   0.0000000000000000       0.67378261328562927        0.0000000000000000        0.0000000000000000     
  0.14999999999999999       -2.2156044466986227E-016   4.6194999005983110E-015   0.0000000000000000       0.65938544776249952        0.0000000000000000        0.0000000000000000     
  0.16000000000000000       -3.0762037470199989E-016   6.5553779009716077E-015   0.0000000000000000       0.64506083214793530        1.1938954452524285E-021   7.2410974854921903E-021
  0.17000000000000001       -4.2602042013476835E-016   9.2830979076108496E-015   0.0000000000000000       0.63080517458660501        3.5239687706274915E-020   2.1210450169460872E-019
  0.18000000000000002       -5.8853944600748788E-016   1.3118795926526242E-014   0.0000000000000000       0.61661482348532870        1.5000338556807246E-019   8.9764725884973533E-019
  0.19000000000000003       -8.1108291876354358E-016   1.8501518108852258E-014   0.0000000000000000       0.60248607513271024        4.2405783059320829E-019   2.5214184363418044E-018
  0.20000000000000004       -1.1150727397674157E-015   2.6039723090805064E-014   0.0000000000000000       0.58841518152960748        9.8581409443592052E-019   5.8183634987233764E-018
  0.21000000000000005       -1.5292827292851463E-015   3.6574865784351073E-014   0.0000000000000000       0.57439835745334011        2.0411346223679245E-018   1.1946898261358964E-017
  0.22000000000000006       -2.0922551514395267E-015   5.1268146119132074E-014   0.0000000000000000       0.56043178731054488        3.9153314340935937E-018   2.2709465424538664E-017
  0.23000000000000007       -2.8554719805883221E-015   7.1718601348986298E-014   0.0000000000000000       0.54651163150475612        7.1106342543557421E-018   4.0850721474922635E-017
  0.24000000000000007       -3.8875028304626650E-015   1.0012351191255615E-013   0.0000000000000000       0.53263403244494745        1.2389912373168660E-017   7.0495885651357680E-017
  0.25000000000000006       -5.2794118245755881E-015   1.3949580100927822E-013   0.0000000000000000       0.51879512027618979        2.0879043394643377E-017   1.1769136280634434E-016
  0.26000000000000006       -7.1517807882319255E-015   1.9395802773490345E-013   0.0000000000000000       0.50499101779731215        3.4185172188362355E-017   1.9105467674664157E-016
  0.27000000000000007       -9.6637989994490871E-015   2.6913908164742588E-013   0.0000000000000000       0.49121784599353546        5.4563308622347140E-017   3.0274655881297725E-016
  0.28000000000000008       -1.3024983758139943E-014   3.7270827542121239E-013   0.0000000000000000       0.47747172849860092        8.4887325225523609E-017   4.6840499283123704E-016
  0.29000000000000009       -1.7510234990962003E-014   5.1509284024508116E-013   0.0000000000000000       0.46374879657834656        1.2916491546650861E-016   7.1016977807485961E-016
  0.30000000000000010       -2.3479095042689243E-014   7.1043968154769512E-013   0.0000000000000000       0.45004519428263512        1.9249700168746520E-016   1.0564973981242653E-015
  0.31000000000000011       -3.1400285848299836E-014   9.7790171574618477E-013   0.0000000000000000       0.43635708420874081        2.8232680878447749E-016   1.5490072599026465E-015
  0.32000000000000012       -4.1882833773618783E-014   1.3433545528835616E-012   0.0000000000000000       0.42268065414615802        4.0873439045935192E-016   2.2440951835519050E-015
  0.33000000000000013       -5.5715370849496934E-014   1.8416824750945871E-012   0.0000000000000000       0.40901212408950671        5.8568648142474778E-016   3.2193024686850793E-015
  0.34000000000000014       -7.3915521870426012E-014   2.5198158405659903E-012   0.0000000000000000       0.39534775798356814        8.3316278466418754E-016   4.5853541456738689E-015
  0.35000000000000014       -9.7791649528594291E-014   3.4407580965221661E-012   0.0000000000000000       0.38168387510432611        1.1787972406692434E-015   6.4948639768750656E-015
  0.36000000000000015       -1.2901963031961914E-013   4.6889131834492823E-012   0.0000000000000000       0.36801686903935810        1.6609303976225561E-015   9.1582944837893075E-015
  0.37000000000000016       -1.6973776258522231E-013   6.3771179255888203E-012   0.0000000000000000       0.35434322815364488        2.3327717247402631E-015   1.2866090459297740E-014
  0.38000000000000017       -2.2266334650647086E-013   8.6559049578035285E-012   0.0000000000000000       0.34065956626094990        3.2674603228697553E-015   1.8018238470162845E-014
  0.39000000000000018       -2.9123489372826728E-013   1.1725677349622320E-011   0.0000000000000000       0.32696265969341648        4.5648465770263958E-015   2.5159005219656760E-014
  0.40000000000000019       -3.7978427401479969E-013   1.5852675862634344E-011   0.0000000000000000       0.31324949553682990        6.3632373867749892E-015   3.5043594053011867E-014
  0.41000000000000020       -4.9374331650021007E-013   2.1389875739171871E-011   0.0000000000000000       0.29951732943603510        8.8492208511347035E-015   4.8683597535114332E-014
  0.42000000000000021       -6.3988934962183845E-013   2.8804277256504698E-011   0.0000000000000000       0.28576375615219907        1.2280772157823923E-014   6.7478087243144050E-014
  0.43000000000000022       -8.2663373834532640E-013   3.8712472174590317E-011   0.0000000000000000       0.27198677988385089        1.7006787396621693E-014   9.3313770107112681E-014
  0.44000000000000022       -1.0643564520579362E-012   5.1926900888930908E-011   0.0000000000000000       0.25818488426990971        2.3502156450905274E-014   1.2875222929142877E-013
  0.45000000000000023       -1.3657877848074172E-012   6.9515893198034558E-011   0.0000000000000000       0.24435705267073210        3.2414869018138921E-014   1.7728233298748468E-013
  0.46000000000000024       -1.7464351605308321E-012   9.2881447840065846E-011   0.0000000000000000       0.23050269079018418        4.4612699659532857E-014   2.4356048817906864E-013
  0.47000000000000025       -2.2250479623283686E-012   1.2385980137297745E-010   0.0000000000000000       0.21662129750298309        6.1286086708965875E-014   3.3396296645119240E-013
  0.48000000000000026       -2.8241058220815806E-012   1.6485122767285388E-010   0.0000000000000000       0.20271161343171040        8.4021265221835459E-014   4.5696764905214732E-013
  0.49000000000000027       -3.5703048609413500E-012   2.1898727401358985E-010   0.0000000000000000       0.18876970753395075        1.1496287491054705E-013   6.2399514956306536E-013
  0.50000000000000022       -4.4950007539382289E-012   2.9034587810669027E-010   0.0000000000000000       0.17478493749900614        1.5698323328938727E-013   8.5031147331833695E-013
  0.51000000000000023       -5.6345455981966287E-012   3.8422764891219447E-010   0.0000000000000000        7.7905477830039038E-002   2.1397720996565161E-013   1.1565663499477528E-012
  0.52000000000000024       -7.0304253102419683E-012   5.0751019211865662E-010   0.0000000000000000        7.3981890434649270E-002   2.9106030611911987E-013   1.5697917035583469E-012
  0.53000000000000025       -8.7290629743841831E-012   6.6910192018448254E-010   0.0000000000000000        7.0138789937051693E-002   3.9516154839367138E-013   2.1265251444604185E-012
  0.54000000000000026       -1.0781097759289606E-011   8.8052255950681611E-010   0.0000000000000000        6.6376133463559500E-002   5.3544442330825905E-013   2.8749348801633516E-012
  0.55000000000000027       -1.3239874306207547E-011   1.1566448696083908E-009   0.0000000000000000        6.2693882343112975E-002   7.2415047056587568E-013   3.8791822061680194E-012
  0.56000000000000028       -1.6158778270038893E-011   1.5166413139079779E-009   0.0000000000000000        5.9092004898546574E-002   9.7759598776550933E-013   5.2245467318892546E-012
  0.57000000000000028       -1.9586922882203327E-011   1.9851910535005417E-009   0.0000000000000000        5.5570478301676877E-002   1.3171235320923602E-012   7.0223534859734744E-012
  0.58000000000000029       -2.3562520088154707E-011   2.5940172685523534E-009   0.0000000000000000        5.2129289572916862E-002   1.7714693254586082E-012   9.4218186883415512E-012
  0.59000000000000030       -2.8103046819851808E-011   3.3838431686585286E-009   0.0000000000000000        4.8768435819853004E-002   2.3773554114238211E-012   1.2613360722751643E-011
  0.60000000000000031       -3.3191028351010735E-011   4.4068780042624189E-009   0.0000000000000000        4.5487923816420098E-002   3.1847176057027960E-012   1.6854903998049378E-011
  0.61000000000000032       -3.8753889119102613E-011   5.7299729757781138E-009   0.0000000000000000        4.2287769026017913E-002   4.2583530325808390E-012   2.2480202788004007E-011
  0.62000000000000033       -4.4635845426563386E-011   7.4386223861489260E-009   0.0000000000000000        3.9167994169352391E-002   5.6839275436005259E-012   2.9929170474946369E-011
  0.63000000000000034       -5.0559207594875241E-011   9.6420291397773080E-009   0.0000000000000000        3.6128627432005969E-002   7.5712481125734193E-012   3.9763721311464264E-011
  0.64000000000000035       -5.6071688933567412E-011   1.2479507433974842E-008   0.0000000000000000        3.3169700398822874E-002   1.0067267997579991E-011   5.2734079221483791E-011
  0.65000000000000036       -6.0475345517584709E-011   1.6128561151575928E-008   0.0000000000000000        3.0291245792948701E-002   1.3360993655417212E-011   6.9801351341916869E-011
  0.66000000000000036       -6.2731545729376735E-011   2.0815056254076181E-008   0.0000000000000000        2.7493295087548449E-002   1.7724334390208801E-011   9.2341335658376588E-011
  0.67000000000000037       -6.1334832873836708E-011   2.6826001898033157E-008   0.0000000000000000        2.4775876048371861E-002   2.3405889804167470E-011   1.2161920578167153E-010
  0.68000000000000038       -5.4146626562712966E-011   3.4525570872997991E-008   0.0000000000000000        2.2139010255863116E-002   3.0892917203282175E-011   1.6008058480928640E-010
  0.69000000000000039       -3.8177322915224841E-011   4.4375128441748427E-008   0.0000000000000000        1.9582710646690000E-002   4.0699383068724277E-011   2.1030890587552782E-010
  0.70000000000000040       -9.3023964748978844E-012   5.6958203264938666E-008   0.0000000000000000        1.7106979106597146E-002   5.3520872608214110E-011   2.7578519596114358E-010
  0.71000000000000041        3.8105545818083479E-011   7.3011528706483421E-008   0.0000000000000000        1.4711804139421178E-002   7.0263768400895916E-011   3.6102910029448298E-010
  0.72000000000000042        1.1165130412914194E-010   9.3463511748655545E-008   0.0000000000000000        1.2397158630999170E-002   9.2043938671150953E-011   4.7158528689047084E-010
  0.73000000000000043        2.2152627929214333E-010   1.1948175475074464E-007   0.0000000000000000        1.0162997721513767E-002   1.2035679759776540E-010   6.1485425574816577E-010
  0.74000000000000044        3.8128712367390866E-010   1.5253156760893294E-007   0.0000000000000000        8.0092567954875675E-003   1.5719981871204748E-010   8.0071517224181341E-010
  0.75000000000000044        6.0884686889813653E-010   1.9444777031292016E-007   0.0000000000000000        5.9358495951159548E-003   2.0483976940810757E-010   1.0403014389973870E-009
  0.76000000000000045        9.2773152940930997E-010   2.4752250485794206E-007   0.0000000000000000        3.9426664597852880E-003   2.6645890137935432E-010   1.3492247799398942E-009
  0.77000000000000046        1.3686672625862608E-009   3.1461225806713961E-007   0.0000000000000000        2.0295726924093424E-003   3.4607402818690611E-010   1.7470301779654534E-009
  0.78000000000000047        1.9715777461165910E-009   3.9926785100756516E-007   0.0000000000000000        1.9640705151692650E-004   4.4866044494398389E-010   2.2580297624858387E-009
  0.79000000000000048        2.7880889720302861E-009   5.0589178514049497E-007   0.0000000000000000        0.0000000000000000        5.8055510557949381E-010   2.9128575293439467E-009
  0.80000000000000049        3.8846596872969307E-009   6.3992805994699177E-007   0.0000000000000000        0.0000000000000000        7.4990795713826440E-010   3.7509238518693741E-009
  0.81000000000000050        5.3464808479173732E-009   8.0809040246863226E-007   0.0000000000000000        0.0000000000000000        9.6708691650874872E-010   4.8221170811083407E-009
  0.82000000000000051        7.2823174025558307E-009   1.0186357882282020E-006   0.0000000000000000        0.0000000000000000        1.2448900737918016E-009   6.1877817602961376E-009
  0.83000000000000052        9.8305012889314122E-009   1.2816911989677868E-006   0.0000000000000000        0.0000000000000000        1.5994492141313903E-009   7.9249422502616443E-009
  0.84000000000000052        1.3166326627467434E-008   1.6096427706896554E-006   0.0000000000000000        0.0000000000000000        2.0517707382312573E-009   1.0133668478445329E-008
  0.85000000000000053        1.7511147767417714E-008   2.0175978523214623E-006   0.0000000000000000        0.0000000000000000        2.6279986895412367E-009   1.2937758255423975E-008
  0.86000000000000054        2.3143539244177848E-008   2.5239320392985194E-006   0.0000000000000000        0.0000000000000000        3.3590050383563237E-009   1.6483010354722551E-008
  0.87000000000000055        3.0412945141059747E-008   3.1509349874146639E-006   0.0000000000000000        0.0000000000000000        4.2869210683650444E-009   2.0967628235532298E-008
  0.88000000000000056        3.9756325253024355E-008   3.9255707719059891E-006   0.0000000000000000        0.0000000000000000        5.4615873405254414E-009   2.6625171412160766E-008
  0.89000000000000057        5.1718398404128526E-008   4.8803707576562528E-006   0.0000000000000000        0.0000000000000000        6.9462037899196142E-009   3.3750525419517042E-008
  0.90000000000000058        6.6976190994739762E-008   6.0544794123553656E-006   0.0000000000000000        0.0000000000000000        8.8217973088551813E-009   4.2720479610646591E-008
  0.91000000000000059        8.6368723199285344E-008   7.4948762495052405E-006   0.0000000000000000        0.0000000000000000        1.1183342363548003E-008   5.3972786514817315E-008
  0.92000000000000060        1.1093280816536759E-007   9.2578001561101590E-006   0.0000000000000000        0.0000000000000000        1.4151126579511900E-008   6.8067415329932138E-008
  0.93000000000000060        1.4194610313218023E-007   1.1410405763067009E-005   0.0000000000000000        0.0000000000000000        1.7878250673934254E-008   8.5702790862005064E-008
  0.94000000000000061        1.8097873768935469E-007   1.4032685274264170E-005   0.0000000000000000        0.0000000000000000        2.2547921293701216E-008   1.0771812953857070E-007
  0.95000000000000062        2.2995505552708974E-007   1.7219693298254058E-005   0.0000000000000000        0.0000000000000000        2.8392658863002270E-008   1.3517408522027423E-007
  0.96000000000000063        2.9122724398983428E-007   2.1084116732256829E-005   0.0000000000000000        0.0000000000000000        3.5689411428018684E-008   1.6932557726917221E-007
  0.97000000000000064        3.6766289236018907E-007   2.5759236630733846E-005   0.0000000000000000        0.0000000000000000        4.4800422428716600E-008   2.1181069813812114E-007
  0.98000000000000065        4.6274881657556760E-007   3.1402334235143436E-005   0.0000000000000000        0.0000000000000000        5.6136630891111552E-008   2.6447877173357832E-007
  0.99000000000000066        5.8071381605401925E-007   3.8198598915640229E-005   0.0000000000000000        0.0000000000000000        7.0227931529101354E-008   3.2970275199399446E-007
   1.0000000000000007        7.2667338783890343E-007   4.6365601624545925E-005   0.0000000000000000        0.0000000000000000        8.7708495946772959E-008   4.1031658068430894E-007
   1.0100000000000007        9.0679981381358595E-007   5.6158403501834498E-005   0.0000000000000000        0.0000000000000000        1.0937129592177581E-007   5.0983801136587610E-007
   1.0200000000000007        1.1285214565203025E-006   6.7875375384906004E-005   0.0000000000000000        0.0000000000000000        1.3617907780023293E-007   6.3253581950247159E-007
   1.0300000000000007        1.4007555448136686E-006   8.1864809994451409E-005   0.0000000000000000        0.0000000000000000        1.6927398177654064E-007   7.8343514234891912E-007
   1.0400000000000007        1.7341791968759854E-006   9.8532414277091267E-005   0.0000000000000000        0.0000000000000000        2.1005638341045461E-007   9.6868421346773789E-007
   1.0500000000000007        2.1415439072260293E-006   1.1834977450072137E-004   0.0000000000000000        0.0000000000000000        2.6027712910075326E-007   1.1959348818471236E-006
   1.0600000000000007        2.6380392054151408E-006   1.4186389086062330E-004   0.0000000000000000        0.0000000000000000        3.2199435965387600E-007   1.4741220619453475E-006
   1.0700000000000007        3.2417116625489362E-006   1.6970788111482442E-004   0.0000000000000000        0.0000000000000000        3.9772019305223367E-007   1.8141647695236823E-006
   1.0800000000000007        3.9739458585236285E-006   2.0261295357519070E-004   0.0000000000000000        0.0000000000000000        4.9050310064924528E-007   2.2291934944833793E-006
   1.0900000000000007        4.8600143034934619E-006   2.4142174797107071E-004   0.0000000000000000        0.0000000000000000        6.0400510865676665E-007   2.7349021951351652E-006
   1.1000000000000008        5.9297036008577417E-006   2.8710313748381272E-004   0.0000000000000000        0.0000000000000000        7.4249793120218856E-007   3.3496139812361179E-006
   1.1100000000000008        7.2180243079212571E-006   3.4076857569710639E-004   0.0000000000000000        0.0000000000000000        9.1145465493744272E-007   4.0965574287760347E-006
   1.1200000000000008        8.7660119480138830E-006   4.0369005725617176E-004   0.0000000000000000        0.0000000000000000        1.1172020662161553E-006   5.0026086287408757E-006
   1.1300000000000008        1.0621626398653932E-005   4.7731973947745890E-004   0.0000000000000000        0.0000000000000000        1.3671359058653451E-006   6.0989249108564521E-006
   1.1400000000000008        1.2840756358818703E-005   5.6331124267758564E-004   0.0000000000000000        0.0000000000000000        1.6704898983780979E-006   7.4243395232620615E-006
   1.1500000000000008        1.5488334708756155E-005   6.6354260817596828E-004   0.0000000000000000        0.0000000000000000        2.0372985633510633E-006   9.0216749057321468E-006
   1.1600000000000008        1.8639569232329376E-005   7.8014084329972402E-004   0.0000000000000000        0.0000000000000000        2.4831460845859760E-006   1.0953613840178254E-005
   1.1700000000000008        2.2381291280111753E-005   9.1550792082596211E-004   0.0000000000000000        0.0000000000000000        3.0192452327497423E-006   1.3266811308687620E-005
   1.1800000000000008        2.6813422410611412E-005   1.0723480247935712E-003   0.0000000000000000        0.0000000000000000        3.6660703398252689E-006   1.6049364580959411E-005
   1.1900000000000008        3.2050555754015629E-005   1.2536957443979692E-003   0.0000000000000000        0.0000000000000000        4.4462694969418689E-006   1.9390953843304745E-005
   1.2000000000000008        3.8223644698672556E-005   1.4629448120545478E-003   0.0000000000000000        0.0000000000000000        5.3840382503689439E-006   2.3391549004367372E-005
   1.2100000000000009        4.5481786418293767E-005   1.7038768605909913E-003   0.0000000000000000        0.0000000000000000        6.5088028289657268E-006   2.8170568352088889E-005
   1.2200000000000009        5.3994081674360815E-005   1.9806895386821530E-003   0.0000000000000000        0.0000000000000000        7.8558296586361023E-006   3.3871304262699218E-005
   1.2300000000000009        6.3951545217460302E-005   2.2980231749811894E-003   0.0000000000000000        0.0000000000000000        9.4703655436289821E-006   4.0676063458996733E-005
   1.2400000000000009        7.5569033001150038E-005   2.6609850232772762E-003   0.0000000000000000        0.0000000000000000        1.1397054878716708E-005   4.8764693048368690E-005
   1.2500000000000009        8.9087143412900177E-005   3.0751699585196937E-003   0.0000000000000000        0.0000000000000000        1.3692573476446861E-005   5.8363113488579479E-005
   1.2600000000000009        1.0477404001069881E-004   3.5466763337960771E-003   0.0000000000000000        0.0000000000000000        1.6429766309989163E-005   6.9762326418086395E-005
   1.2700000000000009        1.2292713313461227E-004   4.0821155606847450E-003   0.0000000000000000        0.0000000000000000        1.9680786218858089E-005   8.3245965418037309E-005
   1.2800000000000009        1.4387454767016860E-004   4.6886138514532555E-003   0.0000000000000000        0.0000000000000000        2.3551352357748704E-005   9.9235395523518676E-005
   1.2900000000000009        1.6797629474303910E-004   5.3738044751973800E-003   0.0000000000000000        0.0000000000000000        2.8130946048895825E-005   1.1807760637051353E-004
   1.3000000000000009        1.9562505692829766E-004   6.1458088468763009E-003   0.0000000000000000        0.0000000000000000        3.3546454372374402E-005   1.4027100529255112E-004
   1.3100000000000009        2.2724649049520775E-004   7.0132048051328695E-003   0.0000000000000000        1.0339610076018722E-003   3.9948046716466183E-005   1.6639736580316723E-004
   1.3200000000000010        2.6329894520889723E-004   7.9849805586923017E-003   0.0000000000000000        2.3699952723224213E-003   4.7495942146718577E-005   1.9708214615627418E-004
   1.3300000000000010        3.0427250324930130E-004   9.0704730075351209E-003   0.0000000000000000        3.7290827698435924E-003   5.6375274773784334E-005   2.3303699316694134E-004
   1.3400000000000010        3.5068724483628121E-004   1.0279289486242712E-002   0.0000000000000000        5.1096336094795334E-003   6.6828229952301969E-005   2.7519320879492598E-004
   1.3500000000000010        4.0309066000076361E-004   1.1621212439863597E-002   0.0000000000000000        6.5100591175383266E-003   7.9088841461589276E-005   3.2444390110912265E-004
   1.3600000000000010        4.6205414422064101E-004   1.3106087126712424E-002   0.0000000000000000        7.9287731461357511E-003   9.3474778931684690E-005   3.8200639479531179E-004
   1.3700000000000010        5.2816854060554435E-004   1.4743693137331019E-002   0.0000000000000000        9.3641933735569092E-003   1.1023433163598881E-004   4.4879925512222223E-004
   1.3800000000000010        6.0203872276303676E-004   1.6543601302693313E-002   0.0000000000000000        1.0814742594376280E-002   1.2982749277974309E-004   5.2658179403335906E-004
   1.3900000000000010        6.8427724964893993E-004   1.8515018403693947E-002   0.0000000000000000        1.2278849997585559E-002   1.5264765840886796E-004   6.1682659165099827E-004
   1.4000000000000010        7.7549716521796571E-004   2.0666622942233592E-002   0.0000000000000000        1.3754952431019117E-002   1.7922644190819311E-004   7.2152334944809281E-004
   1.4100000000000010        8.7630405955141421E-004   2.3006396036008490E-002   0.0000000000000000        1.5241495650408474E-002   2.0978127898258918E-004   8.4146420475237770E-004
   1.4200000000000010        9.8728755179785578E-004   2.5541452192048276E-002   0.0000000000000000        1.6736935551441935E-002   2.4575256028416137E-004   9.8206759925627556E-004
   1.4300000000000010        1.1090123957711777E-003   2.8277875234279385E-002   0.0000000000000000        1.8239739383258124E-002   2.8710085799704379E-004   1.1431090286997628E-003
   1.4400000000000011        1.2420094432716612E-003   3.1220564948649238E-002   0.0000000000000000        1.9748386941845292E-002   3.3476636326880974E-004   1.3280711736551223E-003
   1.4500000000000011        1.3867667251015968E-003   3.4373100018039164E-002   0.0000000000000000        2.1261371741880031E-002   3.8974441448349318E-004   1.5406269339795372E-003
   1.4600000000000011        1.5437209227160116E-003   3.7737622518558799E-002   0.0000000000000000        2.2777202165584213E-002   4.5273516418319217E-004   1.7833200258532648E-003
   1.4700000000000011        1.7132495025936720E-003   4.1314748632639363E-002   0.0000000000000000        2.4294402587246418E-002   5.2531939124212735E-004   2.0619145142873837E-003
   1.4800000000000011        1.8956637698248342E-003   4.5103509322692040E-002   0.0000000000000000        2.5811514472098025E-002   6.0825350729188667E-004   2.3791726463877152E-003
   1.4900000000000011        2.0912030673458214E-003   4.9101323548899511E-002   0.0000000000000000        2.7327097448314325E-002   7.0270637028363534E-004   2.7393333098665426E-003
   1.5000000000000011        2.3000303041593446E-003   5.3304005276407759E-002   0.0000000000000000        2.8839730350947217E-002   8.1098933445144183E-004   3.1506651623970836E-003
   1.5100000000000011        2.5222289423488357E-003   5.7705804089207426E-002   0.0000000000000000        3.0348012236686654E-002   9.3376812252832296E-004   3.6156735412658887E-003
   1.5200000000000011        2.7578015121929311E-003   6.2299477807718780E-002   0.0000000000000000        3.1850563368384099E-002   1.0731736722199741E-003   4.1419321322096955E-003
   1.5300000000000011        3.0066696612708393E-003   6.7076394191882785E-002   0.0000000000000000        3.3346026168358196E-002   1.2310150534558723E-003   4.7359509249279390E-003
   1.5400000000000011        3.2686756813403669E-003   7.2026657688314288E-002   0.0000000000000000        3.4833066139554066E-002   1.4089231535608020E-003   5.4035673458684274E-003
   1.5500000000000012        3.5435853999797864E-003   7.7139256317628510E-002   0.0000000000000000        3.6310372753699492E-002   1.6096395697816099E-003   6.1545876531838954E-003
   1.5600000000000012        3.8310922759152892E-003   8.2402223240531591E-002   0.0000000000000000        3.7776660305667051E-002   1.8360077937590728E-003   6.9990340109321132E-003
   1.5700000000000012        4.1308225001517344E-003   8.7802807305914721E-002   0.0000000000000000        3.9230668733313705E-002   2.0884245408952975E-003   7.9383678260691488E-003
   1.5800000000000012        4.4423408809752679E-003   9.3327646961229249E-002   0.0000000000000000        4.0671164402143363E-002   2.3707052083479928E-003   8.9862854927254560E-003
   1.5900000000000012        4.7651572800100775E-003   9.8962942261729372E-002   0.0000000000000000        4.2096940854194777E-002   2.6864041005258406E-003   1.0155387983258176E-002
   1.6000000000000012        5.0987333681827597E-003  0.10469462029974602        0.0000000000000000        4.3506819520633136E-002   3.0372920337552668E-003   1.1451764397432044E-002
   1.6100000000000012        5.4424894832204524E-003  0.11050849012573496        0.0000000000000000        4.4899650397581148E-002   3.4264641066573168E-003   1.2886499518859626E-002
   1.6200000000000012        5.7958113921176427E-003  0.11639038408316849        0.0000000000000000        4.6274312684795947E-002   3.8572930488051990E-003   1.4471991864071353E-002
   1.6300000000000012        6.1580567904246314E-003  0.12232628336527977        0.0000000000000000        4.7629715386861303E-002   4.3329680438780839E-003   1.6219063752857185E-002
   1.6400000000000012        6.5285614027070886E-003  0.12830242646652074        0.0000000000000000        4.8964797876629135E-002   4.8558708064149365E-003   1.8137018100545872E-002
   1.6500000000000012        6.9066445826822176E-003  0.13430539999935087        0.0000000000000000        5.0278530420704987E-002   5.4303831716308549E-003   2.0241144171876630E-002
   1.6600000000000013        7.2916143452256364E-003  0.14032221204441392        0.0000000000000000        5.1569914666837434E-002   6.0492969068754072E-003   2.2506839758072241E-002
   1.6700000000000013        7.6827717939149829E-003  0.14634034877851912        0.0000000000000000        5.2837984093132555E-002   6.7477302493944638E-003   2.5055044537491144E-002
   1.6800000000000013        8.0794149357557455E-003  0.15234781557158344        0.0000000000000000        5.4081804419069596E-002   7.4943213529548034E-003   2.7781214969206040E-002
   1.6900000000000013        8.4808418983801596E-003  0.15833316406185532        0.0000000000000000        5.5300473978358453E-002   8.3074370373015412E-003   3.0746620492594523E-002
   1.7000000000000013        8.8863535839165102E-003  0.16428550691735203        0.0000000000000000        5.6493124053733877E-002   9.1879055758708333E-003   3.3955523632738301E-002
   1.7100000000000013        9.2952558078355646E-003  0.17019452208459263        0.0000000000000000        5.7658919173836670E-002   1.0139089719384395E-002   3.7421531980944146E-002
   1.7200000000000013        9.7068609806348662E-003  0.17605044833073413        0.0000000000000000        5.8797057372386469E-002   1.1163031034761005E-002   4.1152471792677933E-002
   1.7300000000000013        1.0120489395651185E-002  0.18184407382042375        0.0000000000000000        5.9906770409905816E-002   1.2262448183855183E-002   4.5158276891186018E-002
   1.7400000000000013        1.0535470188169424E-002  0.18756671935208888        0.0000000000000000        6.0987323958303370E-002   1.3448038367214745E-002   4.9476459251879948E-002
   1.7500000000000013        1.0951142029953270E-002  0.19321021772654368        0.0000000000000000        6.2038017748670120E-002   1.4714692841257333E-002   5.4091908178595834E-002
   1.7600000000000013        1.1366853620003409E-002  0.19876689054813751        0.0000000000000000        6.3058185682701662E-002   1.6067264035640755E-002   5.9022240933849605E-002
   1.7700000000000014        1.1781964027358458E-002  0.20422952357709442        0.0000000000000000        6.4047195908188234E-002   1.7502866605378843E-002   6.4260960001832582E-002
   1.7800000000000014        1.2195842935654901E-002  0.20959134157073089        0.0000000000000000        6.5004450859073831E-002   1.9029732964940697E-002   6.9836328989896404E-002
   1.7900000000000014        1.2607870832423982E-002  0.21484598337781788        0.0000000000000000        6.5929387260616271E-002   2.0651557017899166E-002   7.5760931915350160E-002
   1.8000000000000014        1.3017439179130395E-002  0.21998747788946152        0.0000000000000000        6.6821476100225360E-002   2.2365095684394799E-002   8.2028814872463385E-002
   1.8100000000000014        1.3423950591061768E-002  0.22501022130452109        0.0000000000000000        6.7680222564594231E-002   2.4181785888784425E-002   8.8676714389071778E-002
   1.8200000000000014        1.3826819049595885E-002  0.22990895603933498        0.0000000000000000        6.8505165943769805E-002   2.6095684188552192E-002   9.5686500776406988E-002
   1.8300000000000014        1.4225470163280180E-002  0.23467875150090253        0.0000000000000000        6.9295879502851390E-002   2.8096828740440137E-002  0.10303856650515579     
   1.8400000000000014        1.4619341488654593E-002  0.23931498684907293        0.0000000000000000        7.0051970322025120E-002   3.0220861068336113E-002  0.11083073468130043     
   1.8500000000000014        1.5007882916912461E-002  0.24381333579597467        0.0000000000000000        7.0773079105688669E-002   3.2441362817058755E-002  0.11899213200639508     
   1.8600000000000014        1.5390557128324761E-002  0.24816975342815586        0.0000000000000000        7.1458879961431271E-002   3.4768448784993841E-002  0.12755830979892027     
   1.8700000000000014        1.5766840112868760E-002  0.25238046498747224        0.0000000000000000        7.2109080149674501E-002   3.7202446599697438E-002  0.13652080426081389     
   1.8800000000000014        1.6136221752647853E-002  0.25644195650865831        0.0000000000000000        7.2723419804788608E-002   3.9749621682888231E-002  0.14591022133062120     
   1.8900000000000015        1.6498206459450344E-002  0.26035096718348866        0.0000000000000000        7.3301671628541079E-002   4.2406156893328113E-002  0.15571133045745422     
   1.9000000000000015        1.6852313859082493E-002  0.26410448330148772        0.0000000000000000        7.3843640556729331E-002   4.5177208525369363E-002  0.16594090571763431     
   1.9100000000000015        1.7198079512906261E-002  0.26769973360439042        0.0000000000000000        7.4349163399890617E-002   4.8058874555362105E-002  0.17660030534359997     
   1.9200000000000015        1.7535055666218817E-002  0.27113418588423716        0.0000000000000000        7.4818108458982083E-002   5.1074380335767618E-002  0.18771982641629487     
   1.9300000000000015        1.7862812012697415E-002  0.27440554465241229        0.0000000000000000        7.5250375116946738E-002   5.4200027183414594E-002  0.19926857828409794     
   1.9400000000000015        1.8180936464028862E-002  0.27751174970790138        0.0000000000000000        7.5645893407089146E-002   5.7453531350048020E-002  0.21128451758948574     
   1.9500000000000015        1.8489035913997420E-002  0.28045097543687841        0.0000000000000000        7.6004623559200596E-002   6.0834302298206272E-002  0.22376267325028742     
   1.9600000000000015        1.8786736986674824E-002  0.28322163068176920        0.0000000000000000        7.6326555524373410E-002   6.4346451307512459E-002  0.23671202180984269     
   1.9700000000000015        1.9073686758896067E-002  0.28582235902563102        0.0000000000000000        7.6611708479461416E-002   6.7977092309869078E-002  0.25010398430218006     
   1.9800000000000015        1.9349553447870756E-002  0.28825203934655319        0.0000000000000000        7.6860130312140701E-002   7.1746322888609326E-002  0.26398121064057567     
   1.9900000000000015        1.9614027055550844E-002  0.29050978650660825        0.0000000000000000        7.7071897087532454E-002   7.5645978218767840E-002  0.27832563016973638     
   2.0000000000000013        1.9866819962209414E-002  0.29259495205022978        0.0000000000000000        7.7247112497353568E-002   7.9709751694926972E-002  0.29322135905152463     
   2.0100000000000011        2.0107667462564489E-002  0.29450712479765712        0.0000000000000000        7.7385907292553707E-002   8.3902688311940754E-002  0.30857127146928198     
   2.0200000000000009        2.0336328238684497E-002  0.29624613123007926        0.0000000000000000        7.7488438700406712E-002   8.8243500468355690E-002  0.32442223383855168     
   2.0300000000000007        2.0552584764819280E-002  0.29781203557416652        0.0000000000000000        7.7554889827013460E-002   9.2734141744791831E-002  0.34078231797182673     
   2.0400000000000005        2.0756243640196830E-002  0.29920513950472061        0.0000000000000000        7.7585469046174124E-002   9.7385708176925823E-002  0.35766845687445575     
   2.0500000000000003        2.0947135846700510E-002  0.30042598139508608        0.0000000000000000        7.7580409375580306E-002  0.10218160323919434       0.37503022261347779     
   2.0600000000000001        2.1125116929187296E-002  0.30147533505574953        0.0000000000000000        7.7539967841271096E-002  0.10716057085514442       0.39298692532017460     
   2.0699999999999998        2.1290067097011721E-002  0.30235420791202866        0.0000000000000000        7.7464424831293205E-002  0.11229017772278309       0.41140630592797911     
   2.0799999999999996        2.1441891246078874E-002  0.30306383858197189        0.0000000000000000        7.7354083439489157E-002  0.11759533269287449       0.43038748656466147     
   2.0899999999999994        2.1580518901465229E-002  0.30360569382547087        0.0000000000000000        7.7209268800335115E-002  0.12306669968933290       0.44988150783600406     
   2.0999999999999992        2.1705904081299649E-002  0.30398146484500904        0.0000000000000000        7.7030327415730404E-002  0.12871368069401001       0.46991460414599906     
   2.1099999999999990        2.1818025083209486E-002  0.30419306292756426        0.0000000000000000        7.6817626474639508E-002  0.13455330913205563       0.49052228399147085     
   2.1199999999999988        2.1916884195181983E-002  0.30424261442567996        0.0000000000000000        7.6571553166462372E-002  0.14058139343784654       0.51168550474840513     
   2.1299999999999986        2.2002507333190400E-002  0.30413245508377829        0.0000000000000000        7.6292513989004385E-002  0.14676182913485425       0.53331454456277538     
   2.1399999999999983        2.2074943608374469E-002  0.30386512372325963        0.0000000000000000        7.5980934051893920E-002  0.15318860702980841       0.55562564942208781     
   2.1499999999999981        2.2134264826954943E-002  0.30344335530683608        0.0000000000000000        7.5637256376288667E-002  0.15975918705806627       0.57834128799229945     
   2.1599999999999979        2.2180564926396126E-002  0.30287007340881428        0.0000000000000000        7.5261941191687401E-002  0.16655443326619046       0.60172527169263934     
   2.1699999999999977        2.2213959351617751E-002  0.30214838212369505        0.0000000000000000        7.4855465230650758E-002  0.17342018935104453       0.62536951539828711     
   2.1799999999999975        2.2234584375295401E-002  0.30128155745044477        0.0000000000000000        7.4418321022216516E-002  0.18074759459372503       0.65013740894254879     
   2.1899999999999973        2.2242596366481272E-002  0.30027303819414791        0.0000000000000000        7.3951016184775023E-002  0.18812796789319011       0.67513367812143232     
   2.1999999999999971        2.2238171011924254E-002  0.29912641643037180        0.0000000000000000        7.3454072719151761E-002  0.19571819803703241       0.70068956090631729     
   2.2099999999999969        2.2221502494577914E-002  0.29784542758062504        0.0000000000000000        7.2928026302624890E-002  0.20352031627408501       0.72679358231939206     
   2.2199999999999966        2.2192802633854040E-002  0.29643394014960789        0.0000000000000000        7.2373425584586620E-002  0.21155260417373487       0.75351712090914291     
   2.2299999999999964        2.2152299992212441E-002  0.29489594517668205        0.0000000000000000        7.1790831484533621E-002  0.21980599606559317       0.78081891925109215     
   2.2399999999999962        2.2100238952679777E-002  0.29323554545507013        0.0000000000000000        7.1180816493054910E-002  0.22826397903910367       0.80863997584301406     
   2.2499999999999960        2.2036878771860807E-002  0.29145694457282356        0.0000000000000000        7.0543963976460955E-002  0.23692230496479000       0.83696090038390925     
   2.2599999999999958        2.1962492612946867E-002  0.28956443582952190        0.0000000000000000        6.9880867485680648E-002  0.24584756050121492       0.86598513221823170     
   2.2699999999999956        2.1877366563147052E-002  0.28756239108214132        0.0000000000000000        6.9192130070025046E-002  0.25494452790848315       0.89540891314540427     
   2.2799999999999954        2.1781798639859955E-002  0.28545524957245588        0.0000000000000000        6.8478363596403122E-002  0.26432649038418365       0.92557129215622413     
   2.2899999999999952        2.1676097789780045E-002  0.28324750678687355        0.0000000000000000        6.7740188074544114E-002  0.27389536087500077       0.95617369074870628     
   2.2999999999999949        2.1560582884991752E-002  0.28094370339777047        0.0000000000000000        6.6978230988767901E-002  0.28370961590898514       0.98735942984234915     
   2.3099999999999947        2.1435581719942011E-002  0.27854841433314059        0.0000000000000000        6.6193126636814065E-002  0.29372785309785954        1.0190570682923297     
   2.3199999999999945        2.1301430013015200E-002  0.27606623801894542        0.0000000000000000        6.5385515476226369E-002  0.30400797649649475        1.0513784256964587     
   2.3299999999999943        2.1158470416246147E-002  0.27350178583573631        0.0000000000000000        6.4556043478761829E-002  0.31448994050895540        1.0841718124360702     
   2.3399999999999941        2.1007051536520504E-002  0.27085967182827819        0.0000000000000000        6.3705361493272231E-002  0.32522174323386860        1.1175210038746330     
   2.3499999999999939        2.0847526971404969E-002  0.26814450270370421        0.0000000000000000        6.2834124617488274E-002  0.33618386525549632        1.1514402395532395     
   2.3599999999999937        2.0680254362551470E-002  0.26536086815064408        0.0000000000000000        6.1942991579108396E-002  0.34739106023559141        1.1858773219453065     
   2.3699999999999934        2.0505594469402599E-002  0.26251333150838818        0.0000000000000000        6.1032624126577860E-002  0.35882156516101149        1.2208611278785833     
   2.3799999999999932        2.0323910265718836E-002  0.25960642081192931        0.0000000000000000        6.0103686429919381E-002  0.37048168797166542        1.2563128427564483     
   2.3899999999999930        2.0135566061231028E-002  0.25664462023537293        0.0000000000000000        5.9156844491956337E-002  0.38236203894333171        1.2922770681412352     
   2.3999999999999928        1.9940926650508676E-002  0.25363236195294719        0.0000000000000000        5.8192765570248002E-002  0.39449867747543654        1.3287726734537091     
   2.4099999999999926        1.9740356490924347E-002  0.25057401843365096        0.0000000000000000        5.7212117610036410E-002  0.40687567708403966        1.3658497610163731     
   2.4199999999999924        1.9534218911381324E-002  0.24747389518243099        0.0000000000000000        5.6215568688481904E-002  0.41949682874689537        1.4033240931564592     
   2.4299999999999922        1.9322875353268116E-002  0.24433622393778145        0.0000000000000000        5.5203786470446978E-002  0.43233192693270139        1.4412820799260100     
   2.4399999999999920        1.9106684644900566E-002  0.24116515633277347        0.0000000000000000        5.4177437676064609E-002  0.44543431505543396        1.4797779272779523     
   2.4499999999999917        1.8886002310513982E-002  0.23796475802375186        0.0000000000000000        5.3137187560311383E-002  0.45874850287990609        1.5186840589998143     
   2.4599999999999915        1.8661179914679665E-002  0.23473900328837535        0.0000000000000000        5.2083699404782975E-002  0.47233226075341894        1.5581239473943715     
   2.4699999999999913        1.8432564442832249E-002  0.23149177009221011        0.0000000000000000        5.1017634021853414E-002  0.48612563811824916        1.5979327954344409     
   2.4799999999999911        1.8200497718419664E-002  0.22822683562084820        0.0000000000000000        4.9939649271378089E-002  0.50019059005075595        1.6382661087875614     
   2.4899999999999909        1.7965315857015371E-002  0.22494787227241134        0.0000000000000000        4.8850399590085754E-002  0.51443655885619832        1.6788264496587395     
   2.4999999999999907        1.7727348757572682E-002  0.22165844410341032        0.0000000000000000        4.7750535533783563E-002  0.52899337909991706        1.7200273682982019     
   2.5099999999999905        1.7486919630844647E-002  0.21836200371915551        0.0000000000000000        4.6640703332484511E-002  0.54375991790002631        1.7615526257481779     
   2.5199999999999902        1.7244344564849953E-002  0.21506188959837735        0.0000000000000000        4.5521544458547683E-002  0.55880912449825360        1.8035483095310607     
   2.5299999999999900        1.6999932127127675E-002  0.21176132384031338        0.0000000000000000        4.4393695207906647E-002  0.57405496879834572        1.8457937725286517     
   2.5399999999999898        1.6753983003395062E-002  0.20846341032125890        0.0000000000000000        4.3257786294444565E-002  0.58959309690162121        1.8885211130084905     
   2.5499999999999896        1.6506789672105542E-002  0.20517113324655939        0.0000000000000000        4.2114442457558757E-002  0.60537572998487443        1.9315769002411303     
   2.5599999999999894        1.6258636114292662E-002  0.20188735608306649        0.0000000000000000        4.0964282082942879E-002  0.62142487309605399        1.9749852168659296     
   2.5699999999999892        1.6009797557984824E-002  0.19861482085632812        0.0000000000000000        3.9807916836599989E-002  0.63773549968841092        2.0187826869755527     
   2.5799999999999890        1.5760540256383793E-002  0.19535614779615956        0.0000000000000000        3.8645951312084995E-002  0.65429443555811007        2.0628530426074754     
   2.5899999999999888        1.5511121298915615E-002  0.19211383531373724        0.0000000000000000        3.7478982690961810E-002  0.67110217146928230        2.1071611455963577     
   2.5999999999999885        1.5261788454188331E-002  0.18889026029299566        0.0000000000000000        3.6307600416446630E-002  0.68825722519273314        2.1520124665852856     
   2.6099999999999883        1.5012780043823729E-002  0.18568767867884931        0.0000000000000000        3.5132385880196876E-002  0.70561858108879671        2.1969853489752427     
   2.6199999999999881        1.4764324846071496E-002  0.18250822634461181        0.0000000000000000        3.3953912122191447E-002  0.72329262155736906        2.2422883296543303     
   2.6299999999999879        1.4516642028064011E-002  0.17935392022093191        0.0000000000000000        3.2772743543637482E-002  0.74127124018528334        2.2879675415939755     
   2.6399999999999877        1.4269941105527309E-002  0.17622665966862958        0.0000000000000000        3.1589435632826394E-002  0.75952416599460615        2.3338151702597987     
   2.6499999999999875        1.4024421928726329E-002  0.17312822807789766        0.0000000000000000        3.0404534703851196E-002  0.77808053741668426        2.3799347431326852     
   2.6599999999999873        1.3780274693397168E-002  0.17006029467659275        0.0000000000000000        2.9218577648086552E-002  0.79703008163993683        2.4265888042110295     
   2.6699999999999871        1.3537679975393497E-002  0.16702441653054328        0.0000000000000000        2.8032091698324060E-002  0.81594235173546625        2.4726383934546869     
   2.6799999999999868        1.3296808787762083E-002  0.16402204071918525        0.0000000000000000        2.6845594205442722E-002  0.83551365906266306        2.5196831853791073     
   2.6899999999999866        1.3057822658951097E-002  0.16105450667017818        0.0000000000000000        2.5659592427489403E-002  0.85527744780581361        2.5666778788076474     
   2.6999999999999864        1.2820873730851558E-002  0.15812304863709670        0.0000000000000000        2.4474583331031263E-002  0.87540197304036793        2.6139476017108496     
   2.7099999999999862        1.2586104875375519E-002  0.15522879830477176        0.0000000000000000        2.3291053404637579E-002  0.89584709400189133        2.6614055825048148     
   2.7199999999999860        1.2353649828279110E-002  0.15237278750732780        0.0000000000000000        2.2109478484338013E-002  0.91664500881308153        2.7090769985694672     
   2.7299999999999858        1.2123633338951998E-002  0.14955595104452812        0.0000000000000000        2.0930323590897519E-002  0.93776920036665679        2.7568713371714937     
   2.7399999999999856        1.1896171334910046E-002  0.14677912958257130        0.0000000000000000        1.9754042778741973E-002  0.95931461503190307        2.8050468402096591     
   2.7499999999999853        1.1671371099746712E-002  0.14404307262605884        0.0000000000000000        1.8581078996361720E-002  0.98116646006123676        2.8532241049879081     
   2.7599999999999851        1.1449331463325135E-002  0.14134844154846829        0.0000000000000000        1.7411863958012579E-002   1.0033841742816259        2.9016020884401788     
   2.7699999999999849        1.1230143003015978E-002  0.13869581266902525        0.0000000000000000        1.6246818026531464E-002   1.0260358108766969        2.9502399575744489     
   2.7799999999999847        1.1013888254818933E-002  0.13608568036451152        0.0000000000000000        1.5086350107073914E-002   1.0490591850512965        2.9990424934650721     
   2.7899999999999845        1.0800641933236451E-002  0.13351846020513128        0.0000000000000000        1.3930857551580697E-002   1.0724694655846592        3.0479771380525329     
   2.7999999999999843        1.0590471158804246E-002  0.13099449210418684        0.0000000000000000        1.2780726073772045E-002   1.0962797980197123        3.0970485070041973     
   2.8099999999999841        1.0383435692218926E-002  0.12851404347190731        0.0000000000000000        1.1636329674466230E-002   1.1205210033184947        3.1463103278470550     
   2.8199999999999839        1.0179588174042872E-002  0.12607731236438838        0.0000000000000000        1.0498030577015389E-002   1.1451240817277311        3.1956396145147994     
   2.8299999999999836        9.9789743690054562E-003  0.12368443061918652        0.0000000000000000        9.3661791726456240E-003   1.1702476251140814        3.2451900545348944     
   2.8399999999999834        9.7816334139622461E-003  0.12133546696970958        0.0000000000000000        8.2411139754890433E-003   1.1957311911888253        3.2948736002507339     
   2.8499999999999832        9.5875980686156177E-003  0.11903043013111088        0.0000000000000000        7.1231615870888014E-003   1.2216868246004196        3.3446659448707106     
   2.8599999999999830        9.3968949681418959E-003  0.11676927185094432        0.0000000000000000        6.0126366701593725E-003   1.2480643452417899        3.3945141687841938     
   2.8699999999999828        9.2095448769171154E-003  0.11455188991842150        0.0000000000000000        4.9098419313785826E-003   1.2748811957483959        3.4444379645401160     
   2.8799999999999826        9.0255629425737786E-003  0.11237813112660262        0.0000000000000000        3.8150681129886965E-003   1.3022710249836704        3.4947877822702522     
   2.8899999999999824        8.8449589496663907E-003  0.11024779418238573        0.0000000000000000        2.7285939929824420E-003   1.3301071035505494        3.5452231859323504     
   2.8999999999999821        8.6677375722685364E-003  0.10816063255966969        0.0000000000000000        1.6506863936449831E-003   1.3583474436537997        3.5955148798239875     
   2.9099999999999819        8.4938986248653623E-003  0.10611635729151475        0.0000000000000000        5.8160019822796143E-004   1.3872167729376286        3.6462784424939034     
   2.9199999999999817        8.3234373109506814E-003  0.10411463969761260        0.0000000000000000        0.0000000000000000        1.4164492182225532        3.6968573690818847     
   2.9299999999999815        8.1563444687791052E-003  0.10215511404380416        0.0000000000000000        0.0000000000000000        1.4461840056425059        3.7475033864992455     
   2.9399999999999813        7.9926068137668102E-003  0.10023738013081655        0.0000000000000000        0.0000000000000000        1.4765083824104184        3.7984601323145784     
   2.9499999999999811        7.8322071770734053E-003   9.8361005809773180E-002   0.0000000000000000        0.0000000000000000        1.5073579751987061        3.8495596542277073     
   2.9599999999999809        7.6751247399400972E-003   9.6525529422437695E-002   0.0000000000000000        0.0000000000000000        1.5386110713216994        3.9004211923580492     
   2.9699999999999807        7.5213352633964822E-003   9.4730462164499610E-002   0.0000000000000000        0.0000000000000000        1.5706295947431121        3.9519674707553714     
   2.9799999999999804        7.3708113129871203E-003   9.2975290370555658E-002   0.0000000000000000        0.0000000000000000        1.6030477486284582        4.0032137416260580     
   2.9899999999999802        7.2235224782053404E-003   9.1259477719765572E-002   0.0000000000000000        0.0000000000000000        1.6360397333899126        4.0546672059187312     
   2.9999999999999800        7.0794355863576077E-003   8.9582467361463594E-002   0.0000000000000000        0.0000000000000000        1.6696534154692020        4.1063871938152730     
   3.0099999999999798        6.9385149106158993E-003   8.7943683960297073E-002   0.0000000000000000        0.0000000000000000        1.7037763202654246        4.1580641344885816     
   3.0199999999999796        6.8007223720475893E-003   8.6342535660716840E-002   0.0000000000000000        0.0000000000000000        1.7384677892860467        4.2098064364642207     
   3.0299999999999794        6.6660177354452548E-003   8.4778415970912971E-002   0.0000000000000000        0.0000000000000000        1.7737905065295707        4.2617313548409923     
   3.0399999999999792        6.5343587988077080E-003   8.3250705566504324E-002   0.0000000000000000        0.0000000000000000        1.8097104319099400        4.3137986320349766     
   3.0499999999999790        6.4057015763514212E-003   8.1758774014497076E-002   0.0000000000000000        0.0000000000000000        1.8461906466977038        4.3658122928900305     
   3.0599999999999787        6.2800004749610679E-003   8.0301981418252136E-002   0.0000000000000000        0.0000000000000000        1.8833116259866194        4.4181194365438499     
   3.0699999999999785        6.1572084640110283E-003   7.8879679984351511E-002   0.0000000000000000        0.0000000000000000        1.9211170171618512        4.4706455999255050     
   3.0799999999999783        6.0372772385149038E-003   7.7491215512429878E-002   0.0000000000000000        0.0000000000000000        1.9594739559896419        4.5230781171011998     
   3.0899999999999781        5.9201573755832647E-003   7.6135928809191816E-002   0.0000000000000000        0.0000000000000000        1.9984571384168244        4.5755411728488475     
   3.0999999999999779        5.8057984841905271E-003   7.4813157027963942E-002   0.0000000000000000        0.0000000000000000        2.0381411567688748        4.6283554645165310     
   3.1099999999999777        5.6941493482717351E-003   7.3522234935247302E-002   0.0000000000000000        0.0000000000000000        2.0784514844548339        4.6812298082353854     
   3.1199999999999775        5.5851580631887856E-003   7.2262496105852891E-002   0.0000000000000000        0.0000000000000000        2.1194318364699805        4.7342188823807927     
   3.1299999999999772        5.4787721656232094E-003   7.1033274048295944E-002   0.0000000000000000        0.0000000000000000        2.1611967584715037        4.7874935726279046     
   3.1399999999999770        5.3749387569669944E-003   6.9833903262195102E-002   0.0000000000000000        0.0000000000000000        2.2031934369478718        4.8395185281168702     
   3.1499999999999768        5.2736046202990728E-003   6.8663720229510408E-002   0.0000000000000000        0.0000000000000000        2.2465381428758273        4.8936871760296192     
   3.1599999999999766        5.1747163310475793E-003   6.7522064341508287E-002   0.0000000000000000        0.0000000000000000        2.2899485723164492        4.9465383447915494     
   3.1699999999999764        5.0782203614494498E-003   6.6408278763380887E-002   0.0000000000000000        0.0000000000000000        2.3347116862312860        5.0012326128135669     
   3.1799999999999762        4.9840631789310101E-003   6.5321711238507288E-002   0.0000000000000000        0.0000000000000000        2.3797878706202185        5.0549059206944440     
   3.1899999999999760        4.8921913385419988E-003   6.4261714834359621E-002   0.0000000000000000        0.0000000000000000        2.4255861914213948        5.1083555010297070     
   3.1999999999999758        4.8025515695840912E-003   6.3227648632086283E-002   0.0000000000000000        0.0000000000000000        2.4719400227328800        5.1615881905496837     
   3.2099999999999755        4.7150908565828055E-003   6.2218878361814778E-002   0.0000000000000000        0.0000000000000000        2.5193080605017295        5.2155805440512131     
   3.2199999999999753        4.6297565147588194E-003   6.1234776985738058E-002   0.0000000000000000        0.0000000000000000        2.5673269321027710        5.2695106358107093     
   3.2299999999999751        4.5464962601583035E-003   6.0274725231022050E-002   0.0000000000000000        0.0000000000000000        2.6161186033636925        5.3237160045764886     
   3.2399999999999749        4.4652582746094937E-003   5.9338112074599651E-002   0.0000000000000000        0.0000000000000000        2.6656734970721034        5.3780180383384195     
   3.2499999999999747        4.3859912656734742E-003   5.8424335181871033E-002   0.0000000000000000        0.0000000000000000        2.7159862260514198        5.4323516137344834     
   3.2599999999999745        4.3086445217631400E-003   5.7532801301346873E-002   0.0000000000000000        0.0000000000000000        2.7671065108859287        5.4869144181104952     
   3.2699999999999743        4.2331679626037020E-003   5.6662926617214698E-002   0.0000000000000000        0.0000000000000000        2.8189922972282990        5.5415416996976683     
   3.2799999999999740        4.1595121852122689E-003   5.5814137061815941E-002   0.0000000000000000        0.0000000000000000        2.8717220513369544        5.5964218803517545     
   3.2899999999999738        4.0876285055724488E-003   5.4985868589957493E-002   0.0000000000000000        0.0000000000000000        2.9252227496690417        5.6513530329058570     
   3.2999999999999736        4.0174689961826335E-003   5.4177567416982660E-002   0.0000000000000000        0.0000000000000000        2.9795695222262371        5.7065776990622528     
   3.3099999999999734        3.9489865196538588E-003   5.3388690222454044E-002   0.0000000000000000        0.0000000000000000        3.0347290349789349        5.7617583286618119     
   3.3199999999999732        3.8821347585344191E-003   5.2618704321291392E-002   0.0000000000000000        0.0000000000000000        3.0906968860599071        5.8169689409958929     
   3.3299999999999730        3.8168682415352100E-003   5.1867087804140233E-002   0.0000000000000000        0.0000000000000000        3.1475146476993290        5.8723699453553193     
   3.3399999999999728        3.7531423663294309E-003   5.1133329648721096E-002   0.0000000000000000        0.0000000000000000        3.2051850884139488        5.9278224231937617     
   3.3499999999999726        3.6909134190970072E-003   5.0416929803849951E-002   0.0000000000000000        0.0000000000000000        3.2637013425801720        5.9834261162157896     
   3.3599999999999723        3.6301385909821601E-003   4.9717399247780222E-002   0.0000000000000000        0.0000000000000000        3.3232246420613234        6.0396569279698369     
   3.3699999999999721        3.5707759916289664E-003   4.9034260022459870E-002   0.0000000000000000        0.0000000000000000        3.3834276884447325        6.0952545881002917     
   3.3799999999999719        3.5127846599571307E-003   4.8367045245253815E-002   0.0000000000000000        0.0000000000000000        3.4446249107731837        6.1513286291395097     
   3.3899999999999717        3.4561245723359803E-003   4.7715299099622910E-002   0.0000000000000000        0.0000000000000000        3.5067068856312402        6.2075324943050587     
   3.3999999999999715        3.4007566483120200E-003   4.7078576806212732E-002   0.0000000000000000        0.0000000000000000        3.5696941227609158        6.2639387388997685     
   3.4099999999999713        3.3466427540395729E-003   4.6456444575728423E-002   0.0000000000000000        0.0000000000000000        3.6336253261132017        6.3203993130473233     
   3.4199999999999711        3.2937457035618614E-003   4.5848479544946835E-002   0.0000000000000000        0.0000000000000000        3.6984568877657060        6.3769132413813177     
   3.4299999999999708        3.2420292580846045E-003   4.5254269697150060E-002   0.0000000000000000        0.0000000000000000        3.7642179699039451        6.4335667620115506     
   3.4399999999999706        3.1914581233791488E-003   4.4673413768207944E-002   0.0000000000000000        0.0000000000000000        3.8309743008410093        6.4905700976868177     
   3.4499999999999704        3.1419979454491288E-003   4.4105521139499969E-002   0.0000000000000000        0.0000000000000000        3.8986720424502490        6.5476232643034971     
   3.4599999999999702        3.0936153045888837E-003   4.3550211718804931E-002   0.0000000000000000        0.0000000000000000        3.9673425602032055        6.6047554749590205     
   3.4699999999999700        3.0462777079571495E-003   4.3007115810233677E-002   0.0000000000000000        0.0000000000000000        4.0369520905226635        6.6619380974464129     
   3.4799999999999698        2.9999535807862039E-003   4.2475873974246646E-002   0.0000000000000000        0.0000000000000000        4.1075862721476071        6.7193523872426235     
   3.4899999999999696        2.9546122563394880E-003   4.1956136878721864E-002   0.0000000000000000        0.0000000000000000        4.1792239501538715        6.7768139998739141     
   3.4999999999999694        2.9102239647287613E-003   4.1447565142019929E-002   0.0000000000000000        0.0000000000000000        4.2518329430471562        6.8344300433748542     
   3.5099999999999691        2.8667598206949187E-003   4.0949829168922439E-002   0.0000000000000000        0.0000000000000000        4.3255100459858618        6.8924507667985289     
   3.5199999999999689        2.8241918104532030E-003   4.0462608980288167E-002   0.0000000000000000        0.0000000000000000        4.4001914096198051        6.9504099776033845     
   3.5299999999999687        2.7824927776982154E-003   3.9985594037216583E-002   0.0000000000000000        0.0000000000000000        4.4759099944509320        7.0084432751494719     
   3.5399999999999685        2.7416364088600174E-003   3.9518483060472037E-002   0.0000000000000000        0.0000000000000000        4.5526841669292715        7.0666669284095436     
   3.5499999999999683        2.7015972176977938E-003   3.9060983845875759E-002   0.0000000000000000        0.0000000000000000        4.6305273442401003        7.1251278581381126     
   3.5599999999999681        2.6623505293130907E-003   3.8612813076328301E-002   0.0000000000000000        0.0000000000000000        4.7095021847689331        7.1838607630221123     
   3.5699999999999679        2.6238724636605208E-003   3.8173696131092567E-002   0.0000000000000000        0.0000000000000000        4.7894180620471518        7.2421611533124182     
   3.5799999999999677        2.5861399186293786E-003   3.7743366892921702E-002   0.0000000000000000        0.0000000000000000        4.8705028175001726        7.3010172414905172     
   3.5899999999999674        2.5491305527653219E-003   3.7321567553579509E-002   0.0000000000000000        0.0000000000000000        4.9526830117051528        7.3599429474567559     
   3.5999999999999672        2.5128227676977297E-003   3.6908048418273491E-002   0.0000000000000000        0.0000000000000000        5.0359857997971371        7.4189643594859307     
   3.6099999999999670        2.4771956903335266E-003   3.6502567709469157E-002   0.0000000000000000        0.0000000000000000        5.1204123448554970        7.4781800374890270     
   3.6199999999999668        2.4422291548752456E-003   3.6104891370537087E-002   0.0000000000000000        0.0000000000000000        5.2059688624899740        7.5374613837653239     
   3.6299999999999666        2.4079036847172025E-003   3.5714792869645504E-002   0.0000000000000000        0.0000000000000000        5.2926575675846967        7.5969228082074816     
   3.6399999999999664        2.3742004742694951E-003   3.5332053004276706E-002   0.0000000000000000        0.0000000000000000        5.3805394121811032        7.6564751148185923     
   3.6499999999999662        2.3411013707567156E-003   3.4956459706720074E-002   0.0000000000000000        0.0000000000000000        5.4695621778385171        7.7161984897049463     
   3.6599999999999659        2.3085888560348219E-003   3.4587807850870782E-002   0.0000000000000000        0.0000000000000000        5.5598467269517524        7.7764963954633197     
   3.6699999999999657        2.2766460284660535E-003   3.4225899060625509E-002   0.0000000000000000        0.0000000000000000        5.6511778581595982        7.8362702928233858     
   3.6799999999999655        2.2452565848889122E-003   3.3870541520150066E-002   0.0000000000000000        0.0000000000000000        5.7437788364044318        7.8962523792867927     
   3.6899999999999653        2.2144048027173116E-003   3.3521549786264537E-002   0.0000000000000000        0.0000000000000000        5.8375765110001483        7.9564947886015700     
   3.6999999999999651        2.1840755222000052E-003   3.3178744603171564E-002   0.0000000000000000        0.0000000000000000        5.9326201464645436        8.0169495930276788     
   3.7099999999999649        2.1542541288688552E-003   3.2841952719729117E-002   0.0000000000000000        0.0000000000000000        6.0288912477810905        8.0773957360982003     
   3.7199999999999647        2.1249265362017506E-003   3.2511006709448169E-002   0.0000000000000000        0.0000000000000000        6.1264113336858905        8.1380848638529670     
   3.7299999999999645        2.0960791685235413E-003   3.2185744793377699E-002   0.0000000000000000        0.0000000000000000        6.2251858120064263        8.1989125655924155     
   3.7399999999999642        2.0676989441661491E-003   3.1866010666019982E-002   0.0000000000000000        0.0000000000000000        6.3252396090962231        8.2597880769997420     
   3.7499999999999640        2.0397732589066361E-003   3.1551653324399978E-002   0.0000000000000000        0.0000000000000000        6.4265630163271377        8.3208222336132192     
   3.7599999999999638        2.0122899696998842E-003   3.1242526900398894E-002   0.0000000000000000        0.0000000000000000        6.5292023785338040        8.3821229325791933     
   3.7699999999999636        1.9852373787208966E-003   3.0938490496446272E-002   0.0000000000000000        0.0000000000000000        6.6331018907705195        8.4433148072930493     
   3.7799999999999634        1.9586042177289491E-003   3.0639408024644252E-002   0.0000000000000000        0.0000000000000000        6.7383450383251011        8.5046399756155413     
   3.7899999999999632        1.9323796327655224E-003   3.0345148049396649E-002   0.0000000000000000        0.0000000000000000        6.8449129167716851        8.5662210539623462     
   3.7999999999999630        1.9065531691946683E-003   3.0055583633588640E-002   0.0000000000000000        0.0000000000000000        6.9528229126437493        8.6277953222856070     
   3.8099999999999627        1.8811147570937730E-003   2.9770592188357606E-002   0.0000000000000000        0.0000000000000000        7.0620766300288231        8.6895644845388968     
   3.8199999999999625        1.8560546970014956E-003   2.9490055326490072E-002   0.0000000000000000        0.0000000000000000        7.1727036078321307        8.7514621666253092     
   3.8299999999999623        1.8313636460272724E-003   2.9213858719456573E-002   0.0000000000000000        0.0000000000000000        7.2846778550410827        8.8136391753604890     
   3.8399999999999621        1.8070326043265032E-003   2.8941891958098268E-002   0.0000000000000000        0.0000000000000000        7.3980806205129381        8.8755785597593846     
   3.8499999999999619        1.7830529019438100E-003   2.8674048416965293E-002   0.0000000000000000        0.0000000000000000        7.5128493504451193        8.9378563151675952     
   3.8599999999999617        1.7594161860254559E-003   2.8410225122295334E-002   0.0000000000000000        0.0000000000000000        7.6290439969002737        9.0002268658831088     
   3.8699999999999615        1.7361144084018895E-003   2.8150322623623849E-002   0.0000000000000000        0.0000000000000000        7.7466610669506899        9.0626933151255891     
   3.8799999999999613        1.7131398135392824E-003   2.7894244868998240E-002   0.0000000000000000        0.0000000000000000        7.8657116259013717        9.1252838626474198     
   3.8899999999999610        1.6904849268588318E-003   2.7641899083769954E-002   0.0000000000000000        0.0000000000000000        7.9862228247214446        9.1878935716062138     
   3.8999999999999608        1.6681425434216753E-003   2.7393195652930934E-002   0.0000000000000000        0.0000000000000000        8.1081643548295581        9.2507632497383661     
   3.9099999999999606        1.6461057169762580E-003   2.7148048006954924E-002   0.0000000000000000        0.0000000000000000        8.2315838576075233        9.3135481678111507     
   3.9199999999999604        1.6243677493645958E-003   2.6906372511099341E-002   0.0000000000000000        0.0000000000000000        8.3565263654216047        9.3765506389876485     
   3.9299999999999602        1.6029221802831100E-003   2.6668088358118552E-002   0.0000000000000000        0.0000000000000000        8.4829350491711395        9.4397115705747776     
   3.9399999999999600        1.5817627773934031E-003   2.6433117464339993E-002   0.0000000000000000        0.0000000000000000        8.6108495874705149        9.5029545509612543     
   3.9499999999999598        1.5608835267774776E-003   2.6201384369045316E-002   0.0000000000000000        0.0000000000000000        8.7403054698368141        9.5661877701381819     
   3.9599999999999596        1.5402786237319148E-003   2.5972816137099321E-002   0.0000000000000000        0.0000000000000000        8.8712783152592305        9.6296829427807147     
   3.9699999999999593        1.5199424638947039E-003   2.5747342264765733E-002   0.0000000000000000        0.0000000000000000        9.0038219066964462        9.6930205722473435     
   3.9799999999999591        1.4998696346982796E-003   2.5524894588646731E-002   0.0000000000000000        0.0000000000000000        9.1379069550869048        9.7566633778678753     
   3.9899999999999589        1.4800549071422883E-003   2.5305407197683552E-002   0.0000000000000000        0.0000000000000000        9.2735528460982906        9.8204039218191408     
   3.9999999999999587        1.4604932278788417E-003   2.5088816348149245E-002   0.0000000000000000        0.0000000000000000        9.4108086963087558        9.8841428643409337     
