   0.0000000000000000        0.0000000000000000        0.0000000000000000        7.3381133015578822E-003   0.0000000000000000        0.0000000000000000        0.0000000000000000     
   1.0000000000000000E-002   0.0000000000000000        0.0000000000000000        6.5898944951818406E-003   0.0000000000000000        0.0000000000000000        0.0000000000000000     
   2.0000000000000000E-002   0.0000000000000000        0.0000000000000000        6.0888605490951164E-003   0.0000000000000000        0.0000000000000000        0.0000000000000000     
   2.9999999999999999E-002   0.0000000000000000        0.0000000000000000        5.8281866810413899E-003   0.0000000000000000        0.0000000000000000        0.0000000000000000     
   4.0000000000000001E-002   3.4670073607659131E-003   8.3597972327967604E-002   5.8020265475462037E-003   0.0000000000000000        0.0000000000000000        0.0000000000000000     
   5.0000000000000003E-002   1.7048460669631449E-002  0.20759411636510378        6.0056240538819330E-003   0.0000000000000000        0.0000000000000000        0.0000000000000000     
   6.0000000000000005E-002   3.6745853803312696E-002  0.36008763678783073        6.4354393906723350E-003   0.0000000000000000        0.0000000000000000        0.0000000000000000     
   7.0000000000000007E-002   6.7537768837953732E-002  0.56163379469873898        7.0892916311055924E-003   0.0000000000000000        0.0000000000000000        0.0000000000000000     
   8.0000000000000002E-002  0.11657653907607975       0.83624520249258261        7.9665196423446272E-003   9.5609750459977869E-002   0.0000000000000000        0.0000000000000000     
   8.9999999999999997E-002  0.19315521114383460        1.2122105007801913        9.0681622509638238E-003  0.19335110612585835        0.0000000000000000        0.0000000000000000     
   9.9999999999999992E-002  0.30866223329781473        1.7218699899120411        1.0397157449402235E-002  0.29129348680458789        0.0000000000000000        0.0000000000000000     
  0.10999999999999999       0.47594765547145923        2.3998093834684493        1.1958558966139336E-002  0.38966570651945714        0.0000000000000000        0.0000000000000000     
  0.11999999999999998       0.70800316594612345        3.2791322288746061        1.3759766697662915E-002  0.48877617214259284        0.0000000000000000        0.0000000000000000     
  0.12999999999999998        1.0160499375802714        4.3860810281812173        1.5810765305502322E-002  0.58903043432957614        0.0000000000000000        0.0000000000000000     
  0.13999999999999999        1.4074019046858519        5.7341648018161058        1.8124362779024437E-002  0.69095204606249949        0.0000000000000000        0.0000000000000000     
  0.14999999999999999        1.8836932364625307        7.3196051628105598        2.0716418067806379E-002  0.79520714047594487        0.0000000000000000        0.0000000000000000     
  0.16000000000000000        2.4400454773707798        9.1197279391728312        2.3606044075428375E-002  0.90263303119879057       -2.3955647557227885E-009   3.1365671340446872E-007
  0.17000000000000001        3.0654352811939622        11.094808358177943        2.6815769682960941E-002   1.0142708822088091       -1.0786860325361348E-007   9.8794085231510746E-006
  0.18000000000000002        3.7440683215905235        13.192503412926309        3.0371642210748867E-002   1.1314019937840212       -5.5105105539513760E-007   4.5110573990520594E-005
  0.19000000000000003        4.4572476347346726        15.353272920569722        3.4303250273208498E-002   1.2555863693434830       -1.6753059235642587E-006   1.3880174722727268E-004
  0.20000000000000004        5.1852016641933139        17.515405670889802        3.8643646537297550E-002   1.3887007825727218       -3.7860853995322015E-006   3.5554195083103973E-004
  0.21000000000000005        5.9085381343420762        19.618998622551906        4.3429151000861789E-002   1.5329713471902100       -6.6988972286806080E-006   8.1629024189696525E-004
  0.22000000000000006        6.6092334575231266        21.608872913779713        4.8699018121355853E-002   1.6909924232932803       -8.7589945606874071E-006   1.7371308967636587E-003
  0.23000000000000007        7.2712256099142785        23.436665738993913        5.4494955937597463E-002   1.8657195628413903       -5.0708485229071014E-006   3.4826918826224421E-003
  0.24000000000000007        7.8807296892265342        25.062294747287208        6.0860491899681499E-002   2.0604195092890794        1.5403411643271324E-005   6.6418026212341601E-003
  0.25000000000000006        8.4263801038521979        26.454863146665552        6.7840188604373824E-002   2.2785562511361386        7.4083265442556717E-005   1.2117035954582130E-002
  0.26000000000000006        8.8992671384615925        27.593002744280707        7.5478722300532902E-002   2.5235912793841968        2.0870194434509381E-004   2.1232897715058954E-002
  0.27000000000000007        9.2929043237815510        28.464667527304300        8.3819847306769057E-002   2.7986824742049836        4.8155790390442578E-004   3.5890869980644440E-002
  0.28000000000000008        9.6031439342516052        29.066451679480380        9.2905279379859068E-002   3.1062841222473905        9.8774294153801379E-004   5.8553257357239707E-002
  0.29000000000000009        9.8280490962684439        29.402562105320410       0.10277353951106352        3.4476832763095770        1.8689908109061439E-003   9.2613559530924636E-002
  0.30000000000000010        9.9677282152717144        29.483597770525574       0.11345880551604151        3.8225513252440537        3.3275478356643161E-003  0.14231598476844787     
  0.31000000000000011        10.024137362268780        29.325274326928508       0.12498982100295679        4.2286292282237143        5.6393891511011445E-003  0.21291683716702148     
  0.32000000000000012        10.000856974199037        28.947196331420646       0.13738890960234787        4.6616744592646961        9.1702930028394313E-003  0.31067347716849425     
  0.33000000000000013        9.9028498720921050        28.371737719938270       0.15067113566474027        5.1157522888626321        1.4391654554729202E-002  0.44291401856454121     
  0.34000000000000014        9.7362079321734623        27.623056077123032       0.16484364241744542        5.5838513808787873        2.1893407117967258E-002  0.61793850673764394     
  0.35000000000000014        9.5078947493503332        26.726242781359442       0.17990518419690626        6.0586804300720569        3.2386347700081905E-002  0.84477788460651193     
  0.36000000000000015        9.2254913651489279        25.706599071160237       0.19584585389739423        6.5334225742033194        4.6699545119770314E-002   1.1329133237790827     
  0.37000000000000016        8.8969516423204507        24.589024480235228       0.21264698975353294        7.0022375101918790        6.5772309601897519E-002   1.4920577505311670     
  0.38000000000000017        8.5303731867653774        23.397505329357106       0.23028123111368809        7.4604046390110499        9.0637371236505643E-002   1.9318026389498926     
  0.39000000000000018        8.1337888660236288        22.154694067933278       0.24871267998638555        7.9041384142934108       0.12235366310353253        2.4605624993491775     
  0.40000000000000019        7.7149829775985248        20.881573291403761       0.26789711748000217        8.3302109760427800       0.16201103786241144        3.0860046468712152     
  0.41000000000000020        7.2813350159220747        19.597200262675855       0.28778222009251148        8.7355488665653649       0.21061312471375432        3.8133045410992237     
  0.42000000000000021        6.8396928220545723        18.318528489734920       0.30830772145769464        9.1169353933958881       0.26910220321460898        4.6462708380636100     
  0.43000000000000022        6.3962757320881369        17.060302534788864       0.32940546772370705        9.4708808175138479       0.33824234656021884        5.5856815954379977     
  0.44000000000000022        5.9566072280767450        15.835021122279034       0.35099931902627607        9.7936551292338674       0.41861676861739955        6.6297353316074563     
  0.45000000000000023        5.5254755944431340        14.652962178463843       0.37300485054906585        10.081435793033682       0.51058019162375667        7.7740527707946940     
  0.46000000000000024        5.1069202387547215        13.522262024238557       0.39532880550718313        10.330510826672054       0.61422970628320184        9.0109838562782443     
  0.47000000000000025        4.7042406804047205        12.449039810983404       0.41786824509289366        10.537487715995809       0.72949712392776644        10.332021792371046     
  0.48000000000000026        4.3200247605104085        11.437557589532629       0.44050933424172312        10.699477648485864       0.85595442594470350        11.724171783311427     
  0.49000000000000027        3.9561923823673251        10.490406195663125       0.46312570123624741        10.814241700112730       0.99308444600561596        13.174747596391230     
  0.50000000000000022        3.6140510416077176        9.6087074096803118       0.48557633349760931        10.880296309416389        1.1401295282452673        14.668793716208391     
  0.51000000000000023        3.2943595255519789        8.7923235394766923       0.50770303865076427        10.896980027832997        1.2963106075305773        16.192530498679176     
  0.52000000000000024        2.9973964214272582        8.0400665921673031       0.52932763467917121        10.864484646880365        1.4606380838622048        17.729313205388816     
  0.53000000000000025        2.7230304384899591        7.3499004326013475       0.55024924943817077        10.783853660762714        1.6318967402378501        19.262277948314814     
  0.54000000000000026        2.4707899841422192        6.7191306721560187       0.57024239554758749        10.656950878502494        1.8091888279915846        20.777943530566734     
  0.55000000000000027        2.2399299052263619        6.1445783932610016       0.58905679380756615        10.486402227508105        1.9919298535483334        22.266861353229363     
  0.56000000000000028        2.0294937829835833        5.6227351156148577       0.60642013921073068        10.275514319268773        2.1785294448422192        23.710697961379957     
  0.57000000000000028        1.8383706289546886        5.1498975898701724       0.62204499753869480        10.028173979098849        2.3687556824607841        25.103205690099298     
  0.58000000000000029        1.6653452504101356        4.7222820241353531       0.63564064330578540        9.7487334966441885        2.5613108570580700        26.431784891570171     
  0.59000000000000030        1.5091419245726312        4.3361181865713183       0.64692983599548848        9.4418867140384712        2.7560150215908146        27.689575273230648     
  0.60000000000000031        1.3684613332405962        3.9877244778241643       0.65566936713332546        9.1125411743176219        2.9520658238055542        28.870271306213873     
  0.61000000000000032        1.2420109605139740        3.6735655365732165       0.66167197052799709        8.7656913892016419        3.1490514177059774        29.968948102560645     
  0.62000000000000033        1.1285293471626980        3.3902942456735143       0.66482627953513984        8.4062978710908478        3.3471651637560407        30.986396406312213     
  0.63000000000000034        1.0268047297477128        3.1347801666850552       0.66511132793542449        8.0391759501440259        3.5455770863580858        31.914336254742427     
  0.64000000000000035       0.93568867696288993        2.9041264715385555       0.66260281006377963        7.6688976187212665        3.7446346345103794        32.755733972225705     
  0.65000000000000036       0.85410537710877743        2.6956773870046065       0.65746980264008426        7.2997087745827773        3.9443888437335239        33.511317003992168     
  0.66000000000000036       0.78105723695612306        2.5070180448571837       0.64996247667944906        6.9354633330482338        4.1484856620248101        34.213165575482755     
  0.67000000000000037       0.71562743127885042        2.3359684603006876       0.64039294925128809        6.5795748041992486        4.3467739671004901        34.771496425034471     
  0.68000000000000038       0.65698000132900392        2.1805731625548277       0.62911240928351209        6.2349851321477958        4.5498436477454982        35.280434090646651     
  0.69000000000000039       0.60435804602072818        2.0390877903363518       0.61648782881657138        5.9041499058425542        4.7550865282933277        35.716290709046923     
  0.70000000000000040       0.55708048718395964        1.9099637538420156       0.60288104917511698        5.5890384984300923        4.9626553813375169        36.079934056288131     
  0.71000000000000041       0.51453782453732178        1.7918318630338879       0.58863209386537774        5.2911472857061304        5.1733925033385191        36.379095127473740     
  0.72000000000000042       0.47618723061706419        1.6834856359964900       0.57404752850810714        5.0115238337993882        5.3878612066168605        36.615360756540284     
  0.73000000000000043       0.44154727346204681        1.5838648348670454       0.55939380683625850        4.7507998220270364        5.6062561410133469        36.791049933856300     
  0.74000000000000044       0.41019249724544388        1.4920396323157399       0.54489493998622829        4.5092304630807520        5.8304311463105734        36.924057320115359     
  0.75000000000000044       0.38174803941201230        1.4071956891934156       0.53073351973543359        4.2867382780830239        6.0606374627373594        37.008967253828885     
  0.76000000000000045       0.35588441780009733        1.3286203230296838       0.51705406167054679        4.0829592566431359        6.2980555474395921        37.052781032896590     
  0.77000000000000046       0.33231258282649917        1.2556898660205389       0.50396773192756572        3.8972896583842505        6.5431306357951184        37.060793014703307     
  0.78000000000000047       0.31077929788288583        1.1878582479618753       0.49155770020953277        3.7289319720452139        6.7969124127869200        37.038497829166758     
  0.79000000000000048       0.29106288519562012        1.1246467919805592       0.47988456313039185        3.5769388215720928        7.0605772364063029        36.990857091070616     
  0.80000000000000049       0.27296935395153010        1.0656351765408210       0.46899146826759402        3.4402538806718970        7.3349420239000400        36.921373743485596     
  0.81000000000000050       0.25632891182741313        1.0104534937808229       0.45890871752736090        3.3177491161609054        7.6211016113769281        36.837087353176024     
  0.82000000000000051       0.24099284949450622       0.95877531964592055       0.44965773878702892        3.2082579160483724        7.9195619998821014        36.739186548828215     
  0.83000000000000052       0.22683077952899841       0.91031170362951952       0.44125438320408161        3.1106038668894045        8.2310570675944028        36.630657815876475     
  0.84000000000000052       0.21372820581720206       0.86480598355528804       0.43371154301283343        3.0236251219889767        8.5567579222123484        36.517739836326363     
  0.85000000000000053       0.20158439642935419       0.82202933233089248       0.42704109723002487        2.9461944475569384        8.8965116827689243        36.400455522409636     
  0.86000000000000054       0.19031053154812452       0.78177694781265394       0.42125518707208481        2.8772351487320060        9.2516399299632290        36.283620393934655     
  0.87000000000000055       0.17982809794714316       0.74386480290722068       0.41636681084295646        2.8157331634130944        9.6222046329305471        36.169628004921563     
  0.88000000000000056       0.17006750236123561       0.70812688006389168       0.41238971420271409        2.7607456727206734        10.008329042277708        36.057274339563861     
  0.89000000000000057       0.16096687757970143       0.67441282181994933       0.40933755234745833        2.7114066144906595        10.410411918252535        35.949432538657348     
  0.90000000000000058       0.15247105699154342       0.64258593663496377       0.40722231882139148        2.6669295058437612        10.829065016701673        35.852235838215236     
  0.91000000000000059       0.14453069543441424       0.61252150659611304       0.40605209066401149        2.6266079837394645        11.265331162438951        35.767560898399559     
  0.92000000000000060       0.13710151640850829       0.58410535049755341       0.40582822940326480        2.5898144635246085        11.714849268285288        35.675017693037375     
  0.93000000000000060       0.13014366791139725       0.55723260217204895       0.40654230086494936        2.5559972956682739        12.182883213693527        35.601541421643098     
  0.94000000000000061       0.12362117125896191       0.53180666971975243       0.40817311435892589        2.5246767741271334        12.666868877268570        35.535692693380305     
  0.95000000000000062       0.11750144923421449       0.50773834641665194       0.41068438524530948        2.4954403170976440        13.167888422753546        35.479552886882402     
  0.96000000000000063       0.11175492172201119       0.48494504860405629       0.41402355016190567        2.4679371046073801        13.685420201346460        35.429391267902353     
  0.97000000000000064       0.10635465862981194       0.46335015979148314       0.41812215677886067        2.4418724191235501        14.219458175653099        35.396897657710070     
  0.98000000000000065       0.10127608135947480       0.44288246359149458       0.42289799870085398        2.4170018963704361        14.770081973326361        35.368304380410827     
  0.99000000000000066        9.6496705386997145E-002  0.42347565099764040       0.42825882019801098        2.3931258552147550        15.337456325339842        35.348933349300601     
   1.0000000000000007        9.1995917635231850E-002  0.40506788996839416       0.43410706779531955        2.3700838389069236        15.922268737509192        35.338601617880229     
   1.0100000000000007        8.7754783301401060E-002  0.38760144734443519       0.44034494467940166        2.3477494660914200        16.261308285779556        35.094605722970520     
   1.0200000000000007        8.3755877640607948E-002  0.37102235485430451       0.44687900851362244        2.3260256592882613        16.851102573149397        35.086518950064800     
   1.0300000000000007        7.9983138923112693E-002  0.35528011240148466       0.45362374337015116        2.3048402918273068        17.456931382604413        35.085428619093996     
   1.0400000000000007        7.6421739391409935E-002  0.34032742301746061       0.46050385005171290        2.2841422715255311        18.079125531550488        35.089637545845470     
   1.0500000000000007        7.3057971556760110E-002  0.32611995484799894       0.46745531353374320        2.2638980608674579        18.718427444866080        35.100974607214212     
   1.0600000000000007        6.9879147606764336E-002  0.31261612634788360       0.47442552370354940        2.2440886190107125        19.375124687545377        35.117348227066458     
   1.0700000000000007        6.6873510057325516E-002  0.29977691152126096       0.48137280555709289        2.2247067403949274        20.049885080203349        35.138162329560814     
   1.0800000000000007        6.4030152084479333E-002  0.28756566258600585       0.48826567887751321        2.2057547575324956        20.743336090344020        35.164001972517546     
   1.0900000000000007        6.1338946223169377E-002  0.27594794788195659       0.49508206350776773        2.1872425713800627        21.456819218853624        35.194323664041995     
   1.1000000000000008        5.8790480329228775E-002  0.26489140320272708       0.50180852744277527        2.1691859711312529        22.190608911225645        35.228674457733334     
   1.1100000000000008        5.6375999874453499E-002  0.25436559502380734       0.50843957908294335        2.1516052052819319        22.945433079696048        35.266197812553578     
   1.1200000000000008        5.4087355788672666E-002  0.24434189433835621       0.51497694737451261        2.1345237679030702        23.723704003902185        35.308884060270955     
   1.1300000000000008        5.1916957182151315E-002  0.23479336000666851       0.52142878092562039        2.1179673664870080        24.523307955420879        35.352231327107994     
   1.1400000000000008        4.9857728380752392E-002  0.22569463068422307       0.52780871732666845        2.1019630412475325        25.347626501353073        35.399111804186170     
   1.1500000000000008        4.7903069788581512E-002  0.21702182452336555       0.53413481466951118        2.0865384094479702        26.193252867962268        35.444063550514869     
   1.1600000000000008        4.6046822161293841E-002  0.20875244595058545       0.54042838010228778        2.0717210119583274        27.089566840447375        35.521117872758467     
   1.1700000000000008        4.4283233930329111E-002  0.20086529890959257       0.54671276063545293        2.0575377428537420        27.971322922850796        35.549888157117401     
   1.1800000000000008        4.2606931266062929E-002  0.19334040603357536       0.55301217197211172        2.0440143462637748        28.909056523876281        35.614169894479751     
   1.1900000000000008        4.1012890607929717E-002  0.18615893327119071       0.55935063278572517        2.0311749676209794        29.870297668107771        35.674483837384820     
   1.2000000000000008        3.9496413423288940E-002  0.17930311954209754       0.56575105087982991        2.0190417491563082        30.860158151081666        35.735659342231820     
   1.2100000000000009        3.8053102985369146E-002  0.17275621104137914       0.57223448325788595        2.0076344617587858        31.879375886961277        35.796174118795577     
   1.2200000000000009        3.6678842984885662E-002  0.16650239984927676       0.57881957095714431        1.9969701673224642        32.932067286851762        35.861537274158316     
   1.2300000000000009        3.5369777810669627E-002  0.16052676653456927       0.58552213636400041        1.9870629072500263        34.015432039086122        35.927051271046835     
   1.2400000000000009        3.4122294352461717E-002  0.15481522646762375       0.59235492461598271        1.9779234142859823        35.131897531426546        35.993964720841177     
   1.2500000000000009        3.2933005194415665E-002  0.14935447958336531       0.59932747077412929        1.9695588457252671        36.281579135164634        36.062549902400022     
   1.2600000000000009        3.1798733081219159E-002  0.14413196335573866       0.60644607737276157        1.9619725372923023        37.464994936497867        36.131856607141238     
   1.2700000000000009        3.0716496550410845E-002  0.13913580876421727       0.61371389061565984        1.9551637773551687        38.681857095808105        36.200178531238869     
   1.2800000000000009        2.9683496634711464E-002  0.13435479904982606       0.62113106743623103        1.9491276019989701        39.933982996853523        36.273476883772524     
   1.2900000000000009        2.8697104547219091E-002  0.12977833107342973       0.62869502583857262        1.9438546118408699        41.223669281441666        36.346809901859928     
   1.3000000000000009        2.7754850270326165E-002  0.12539637910281737       0.63640077290200137        1.9393308118590045        42.547371828884664        36.418268586821334     
   1.3100000000000009        2.6854411976331254E-002  0.12119946086765709       0.64424130313191585        1.9355374758148849        43.909234151148084        36.492691143438080     
   1.3200000000000010        2.5993606214090064E-002  0.11717860573287205       0.65220805852027419        1.9324510371323336        45.308406312518407        36.566694727535527     
   1.3300000000000010        2.5170378860211718E-002  0.11332532485147043       0.66029144035153275        1.9300430082264974        46.666223448235428        36.641464525261398     
   1.3400000000000010        2.4382796486682030E-002  0.10963158316752479       0.66848136069346553        1.9282799304801101        48.021684403686308        36.716834585917177     
   1.3500000000000010        2.3629038662022168E-002  0.10608977314891299       0.67676781975964184        1.9271233571739899        49.409300099378129        36.793813544071376     
   1.3600000000000010        2.2907390640378115E-002  0.10269269013762101       0.68514149494619148        1.9265298717176518        50.822357089282768        36.871153256997893     
   1.3700000000000010        2.2216236546257512E-002   9.9433509213067095E-002  0.69359432481136152        1.9264511438051874        52.272271847835242        36.946786931092781     
   1.3800000000000010        2.1554053061913714E-002   9.6305763470921554E-002  0.70212007196417703        1.9268340258460945        53.750345554241527        37.023829712364112     
   1.3900000000000010        2.0919403553245123E-002   9.3303323626476295E-002  0.71071484668863949        1.9276206923924859        55.258794508895178        37.099834070760849     
   1.4000000000000010        2.0310932601460590E-002   9.0420378857677536E-002  0.71937757400423463        1.9287488251197997        56.803976721633511        37.178861960534832     
   1.4100000000000010        1.9727360910388118E-002   8.7651418808620221E-002  0.72811038521965377        1.9301518460157467        58.373944355126113        37.255340068024054     
   1.4200000000000010        1.9167480561683662E-002   8.4991216679531245E-002  0.73691891478794513        1.9317592014163283        59.994556819085808        37.335639047421054     
   1.4300000000000010        1.8630150592393042E-002   8.2434813334218274E-002  0.74581248312426540        1.9334966995469998        61.643429567424057        37.414535220056266     
   1.4400000000000011        1.8114292871314001E-002   7.9977502360466982E-002  0.75480414430886000        1.9352869041859246        63.330477216784189        37.495448998691614     
   1.4500000000000011        1.7618888252441570E-002   7.7614816023165056E-002  0.76391057818629104        1.9370495871172204        65.055086862552102        37.574072278339727     
   1.4600000000000011        1.7142972985464331E-002   7.5342512053879596E-002  0.77315180407046635        1.9387022419207942        66.821491259044748        37.656026930992489     
   1.4700000000000011        1.6685635364820289E-002   7.3156561224307290E-002  0.78255069428582869        1.9401606617464529        68.625854964173925        37.736044338764387     
   1.4800000000000011        1.6246012600234224E-002   7.1053135654447735E-002  0.79213226488397936        1.9413395835520513        70.473323159276404        37.816580931701729     
   1.4900000000000011        1.5823287892970613E-002   6.9028597809598871E-002  0.80192272228812889        1.9421534013116037        72.357505991303270        37.895120857496273     
   1.5000000000000011        1.5416687703222406E-002   6.7079490143223716E-002  0.81194824626421969        1.9425169506876403        74.300960713957693        37.980653446735417     
   1.5100000000000011        1.5025479195160613E-002   6.5202525345552639E-002  0.82223349522925104        1.9423463674483459        76.285080713648966        38.064022032536919     
   1.5200000000000011        1.4648967847189196E-002   6.3394577160413829E-002  0.83279982339567615        1.9415600221110696        78.315831531555190        38.147465193236037     
   1.5300000000000011        1.4286495215867393E-002   6.1652671735156608E-002  0.84366321343891915        1.9400795328815830        80.397982043592108        38.231727514927144     
   1.5400000000000011        1.3937436842835360E-002   5.9973979470869104E-002  0.85483193791165901        1.9378308592432354        82.532296070638395        38.316975655190937     
   1.5500000000000012        1.3601200294861256E-002   5.8355807342160775E-002  0.86630398659591024        1.9347454781896412        84.717213810360079        38.401643342034916     
   1.5600000000000012        1.3277223327857230E-002   5.6795591657773759E-002  0.87806432181466165        1.9307616450795897        86.962894115216486        38.486599362596884     
   1.5700000000000012        1.2964972166388856E-002   5.5290891235138799E-002  0.89008206097361153        1.9258257412562949        89.255721610626168        38.573956711273588     
   1.5800000000000012        1.2663939890816185E-002   5.3839380963693957E-002  0.90230773679568155        1.9198937098135456        91.611040319818770        38.661119753273454     
   1.5900000000000012        1.2373644924781581E-002   5.2438845733412953E-002  0.91467084757893724        1.9129325817268943        94.028535861075639        38.749813665538241     
   1.6000000000000012        1.2093629616283354E-002   5.1087174706474128E-002  0.92707799395690094        1.9049220935439923        96.507828955763429        38.839621194455546     
   1.6100000000000012        1.1823458906064130E-002   4.9782355911410121E-002  0.93941200135403435        1.8958563982716203        99.050172270033514        38.929606764442880     
   1.6200000000000012        1.1562719077493159E-002   4.8522471140393764E-002  0.95153254820047983        1.8857458707833219        101.65938120272588        39.021321409929442     
   1.6300000000000012        1.1311016582533860E-002   4.7305691131520645E-002  0.96327895935651087        1.8746190089320398        104.33284122822444        39.111941189127585     
   1.6400000000000012        1.1067976938777537E-002   4.6130271019111838E-002  0.97447596131066616        1.8625244311857443        107.08040480486530        39.205520792310800     
   1.6500000000000012        1.0833243692875232E-002   4.4994546036111402E-002  0.98494331613098718        1.8495329719567040        109.90203182578919        39.299983442703557     
   1.6600000000000013        1.0606477446031272E-002   4.3896927453663075E-002  0.99451030249297523        1.8357398748092109        112.78276468744433        39.386631519874193     
   1.6700000000000013        1.0387354937523768E-002   4.2835898743873640E-002   1.0030359327051781        1.8212670840178020        115.76227313647351        39.492101004497265     
   1.6800000000000013        1.0175568182499574E-002   4.1810011952643368E-002   1.0104354918914609        1.8062656343879349        118.80860153830336        39.589115641670794     
   1.6900000000000013        9.9708236605536675E-003   4.0817884270268279E-002   1.0167133276485352        1.7909181388666087        121.93568168688806        39.687111308196300     
   1.7000000000000013        9.7728415518408360E-003   3.9858194788265855E-002   1.0220006813323566        1.7754413728574496        125.14239843324771        39.785842326010901     
   1.7100000000000013        9.5813550176930273E-003   3.8929681431598424E-002   1.0265956123518090        1.7600889537971767        128.43867676767783        39.887331571071222     
   1.7200000000000013        9.3961095229239729E-003   3.8031138056136629E-002   1.0309996982680321        1.7451541138433078        131.82013808019806        39.989558255351305     
   1.7300000000000013        9.2168621971911099E-003   3.7161411701812926E-002   1.0359433572670576        1.7309725627692933        135.28845372993698        40.091376577630612     
   1.7400000000000013        9.0433812329678044E-003   3.6319399992525328E-002   1.0423887564627536        1.7179254380053024        138.85134539685316        40.198037964070139     
   1.7500000000000013        8.8754453178406453E-003   3.5504048674370597E-002   1.0514971291576840        1.7064423381522085        142.50588854435705        40.303614828505516     
   1.7600000000000013        8.7128430989995963E-003   3.4714349284310081E-002   1.0645469409383328        1.6970044367122381        146.25158786577450        40.411210852082739     
   1.7700000000000014        8.5553726779362856E-003   3.3949336941859441E-002   1.0827916987653186        1.6901476737002776        150.10357115355924        40.520134119178259     
   1.7800000000000014        8.4028411334898159E-003   3.3208088256811798E-002   1.1072517069058179        1.6864660248911418        154.05089292301332        40.629608025244231     
   1.7900000000000014        8.2550640715105070E-003   3.2489719346461617E-002   1.1384420472812904        1.6866148516955199        158.10054496415094        40.741374512499675     
   1.8000000000000014        8.1118651995206129E-003   3.1793383956155746E-002   1.1760475287264263        1.6913143391386583        162.25465542795348        40.854218160162596     
   1.8100000000000014        7.9730759248594473E-003   3.1118271677389450E-002   1.2185615419228140        1.7013530367545755        166.51515645927270        40.968756169718233     
   1.8200000000000014        7.8385349748992025E-003   3.0463606257997534E-002   1.2629072184502688        1.7175915230825560        170.88773544538330        41.083442956489939     
   1.8300000000000014        7.7080880380084498E-003   2.9828643999320083E-002   1.3040553210022057        1.7409662220291977        175.36122797251082        41.203042791401550     
   1.8400000000000014        7.5815874240268257E-003   2.9212672235520657E-002   1.3346454361219331        1.7724934045879872        179.95979941900646        41.320970232807646     
   1.8500000000000014        7.4588917430937580E-003   2.8615007890527865E-002   1.3446088580317064        1.8132734071950778        184.66745354097745        41.440812383114597     
   1.8600000000000014        7.3398656017477325E-003   2.8034996108326219E-002   1.3207872232819580        1.8644950878319881        189.49624086090904        41.562057682519224     
   1.8700000000000014        7.2243793152813752E-003   2.7472008952578033E-002   1.2465437560042929        1.9274405138071358        194.43953228178984        41.685877120060866     
   1.8800000000000014        7.1123086354038054E-003   2.6925444171799283E-002   0.0000000000000000       0.81469401124917673        199.50794932188666        41.810093664857519     
   1.8900000000000015        7.0035344923191590E-003   2.6394724026517276E-002   0.0000000000000000       0.81794697535545358        204.69666581558840        41.936434433665106     
   1.9000000000000015        6.8979427503874143E-003   2.5879294175059044E-002   0.0000000000000000       0.82109116578602726        210.01124200214792        42.064458805945492     
   1.9100000000000015        6.7954239765863379E-003   2.5378622614806546E-002   0.0000000000000000       0.82412634266742846        215.46026523208425        42.192193237033131     
   1.9200000000000015        6.6958732210398641E-003   2.4892198675932196E-002   0.0000000000000000       0.82705227730516517        221.02866044505953        42.324131233907508     
   1.9300000000000015        6.5991898089270409E-003   2.4419532064815973E-002   0.0000000000000000       0.82986875174248154        226.73512344722582        42.455720026625329     
   1.9400000000000015        6.5052771431240814E-003   2.3960151954483894E-002   0.0000000000000000       0.83257555834188879        232.57211367148122        42.589568635866080     
   1.9500000000000015        6.4140425169749490E-003   2.3513606119573625E-002   0.0000000000000000       0.83517249938826310        238.54377600227113        42.724300341036951     
   1.9600000000000015        6.3253969366212724E-003   2.3079460113475572E-002   0.0000000000000000       0.83765938671205176        244.63987038105685        42.861248646907619     
   1.9700000000000015        6.2392549523573862E-003   2.2657296485418248E-002   0.0000000000000000       0.84003604133162357        250.90310333094274        42.998067549381453     
   1.9800000000000015        6.1555344985076282E-003   2.2246714035402706E-002   0.0000000000000000       0.84230229311347604        257.29485672047923        43.136540130976478     
   1.9900000000000015        6.0741567413559999E-003   2.1847327105011659E-002   0.0000000000000000       0.84445798044934184        263.82960172966710        43.276398187067592     
   2.0000000000000013        5.9950459346829682E-003   2.1458764902216435E-002   0.0000000000000000       0.84650294994919428        270.50598562849723        43.418599395399546     
   2.0100000000000011        5.9181292824928245E-003   2.1080670858419279E-002   0.0000000000000000       0.84843705614922404        277.32937186832169        43.561706920018644     
   2.0200000000000009        5.8433368085400277E-003   2.0712702016067001E-002   0.0000000000000000       0.85026016123392556        284.29927705191881        43.705914015370269     
   2.0300000000000007        5.7706012322848339E-003   2.0354528445258913E-002   0.0000000000000000       0.85197213477144762        291.42194659866612        43.850906855779435     
   2.0400000000000005        5.6998578509306654E-003   2.0005832687860357E-002   0.0000000000000000       0.85357285346147083        298.69673179950047        43.996837276778329     
   2.0500000000000003        5.6310444272163101E-003   1.9666309227717428E-002   0.0000000000000000       0.85506220089489970        306.11907020892818        44.144711676467900     
   2.0600000000000001        5.5641010826557175E-003   1.9335663985645513E-002   0.0000000000000000       0.85644006732464806        313.69463066651474        44.293986728958977     
   2.0699999999999998        5.4989701959344706E-003   1.9013613837933211E-002   0.0000000000000000       0.85770634944691981        321.43447537397293        44.443204618764959     
   2.0799999999999996        5.4355963061892294E-003   1.8699886157172996E-002   0.0000000000000000       0.85886095019237485        329.32848447377808        44.594137008130879     
   2.0899999999999994        5.3739260209133694E-003   1.8394218374295352E-002   0.0000000000000000       0.85990377852664091        337.38105616618276        44.745920555302995     
   2.0999999999999992        5.3139079282464091E-003   1.8096357560748684E-002   0.0000000000000000       0.86083474925958381        345.59121794801314        44.898969715141163     
   2.1099999999999990        5.2554925134157531E-003   1.7806060029808460E-002   0.0000000000000000       0.86165378286292726        353.97252661864388        45.052247948011690     
   2.1199999999999988        5.1986320791175553E-003   1.7523090956074527E-002   0.0000000000000000       0.86236080529569703        362.50524192086743        45.207291499190703     
   2.1299999999999986        5.1432806696313010E-003   1.7247224012250387E-002   0.0000000000000000       0.86295574783706253        371.20465160611462        45.362680973261625     
   2.1399999999999983        5.0893939984752914E-003   1.6978241022349141E-002   0.0000000000000000       0.86343854692620836        380.08411442521447        45.518087803847600     
   2.1499999999999981        5.0369293794228602E-003   1.6715931630524827E-002   0.0000000000000000       0.86380914400879782        389.14489863791590        45.670926936980322     
   2.1599999999999979        4.9858456607066361E-003   1.6460092984758735E-002   0.0000000000000000       0.86406748538969402        398.32883340854869        45.834726883647036     
   2.1699999999999977        4.9361031622489719E-003   1.6210529434677032E-002   0.0000000000000000       0.86421352209160640        407.66375500368684        45.994302282340755     
   2.1799999999999975        4.8876636157656837E-003   1.5967052242813428E-002   0.0000000000000000       0.86424720971935520        417.23916465201694        46.150575595279236     
   2.1899999999999973        4.8404901075989066E-003   1.5729479308668002E-002   0.0000000000000000       0.86416850832939873        426.96285056058446        46.309593167174683     
   2.1999999999999971        4.7945470241408158E-003   1.5497634904938492E-002   0.0000000000000000       0.86397738230444165        436.85781357340920        46.469336931310750     
   2.2099999999999969        4.7497999997207817E-003   1.5271349425348092E-002   0.0000000000000000       0.86367380023274898        446.92596541164500        46.629304263363572     
   2.2199999999999966        4.7062158668325881E-003   1.5050459143507978E-002   0.0000000000000000       0.86325773479200318        457.17725741708250        46.789986777274471     
   2.2299999999999964        4.6637626085853836E-003   1.4834805982290337E-002   0.0000000000000000       0.86272916263746913        467.60072858747492        46.951218254297181     
   2.2399999999999962        4.6224093132709266E-003   1.4624237293215086E-002   0.0000000000000000       0.86208806429418083        478.20424227869495        47.112651157989077     
   2.2499999999999960        4.5821261309417086E-003   1.4418605645373957E-002   0.0000000000000000       0.86133442405300065        488.98470049784788        47.274062956798815     
   2.2599999999999958        4.5428842319021308E-003   1.4217768623441438E-002   0.0000000000000000       0.86046822987039429        499.95727928000906        47.436234139628915     
   2.2699999999999956        4.5046557670206039E-003   1.4021588634349805E-002   0.0000000000000000       0.85948947327162228        511.09706403747572        47.598376376851412     
   2.2799999999999954        4.4674138297742336E-003   1.3829932722220327E-002   0.0000000000000000       0.85839814925732627        522.43215356410212        47.760785330868167     
   2.2899999999999952        4.4311324199421903E-003   1.3642672391166885E-002   0.0000000000000000       0.85719425621319711        533.93660125039492        47.923406074172178     
   2.2999999999999949        4.3957864088695169E-003   1.3459683435604261E-002   0.0000000000000000       0.85587779582274393        545.64402702010864        48.085516794203535     
   2.3099999999999947        4.3613515062263294E-003   1.3280845777719371E-002   0.0000000000000000       0.85444877298284172        557.53306270515168        48.248309091229238     
   2.3199999999999945        4.3278042281910791E-003   1.3106043311770498E-002   0.0000000000000000       0.85290719572206586        569.61050044524143        48.410676492988323     
   2.3299999999999943        4.2951218669905573E-003   1.2935163754901986E-002   0.0000000000000000       0.85125307512163928        581.87908496437512        48.572973973931909     
   2.3399999999999941        4.2632824617338735E-003   1.2768098504180776E-002   0.0000000000000000       0.84948642523884033        594.33089240687582        48.735229353122541     
   2.3499999999999939        4.2322647704777722E-003   1.2604742499564874E-002   0.0000000000000000       0.84760726303283385        606.97894506719922        48.897464863312742     
   2.3599999999999937        4.2020482434681440E-003   1.2444994092540967E-002   0.0000000000000000       0.84561560829271087        619.82782858555925        49.060079242433787     
   2.3699999999999934        4.1726129975012500E-003   1.2288754920170165E-002   0.0000000000000000       0.84351148356779304        632.85630366591056        49.221189412562985     
   2.3799999999999932        4.1439397913539530E-003   1.2135929784301305E-002   0.0000000000000000       0.84129491409992840        646.08384824949997        49.382795344134955     
   2.3899999999999930        4.1160100022332880E-003   1.1986426535718998E-002   0.0000000000000000       0.83896592775786949        659.51163358866756        49.543919458208713     
   2.3999999999999928        4.0888056031989370E-003   1.1840155963006136E-002   0.0000000000000000       0.83652455497348543        673.12849065220519        49.704611881594126     
   2.4099999999999926        4.0623091415139994E-003   1.1697031685910471E-002   0.0000000000000000       0.83397082867985872        686.95332908752960        49.863870372686733     
   2.4199999999999924        4.0365037178817934E-003   1.1556970053015817E-002   0.0000000000000000       0.83130478425113374        700.97155346291061        50.025452296870093     
   2.4299999999999922        4.0113729665289082E-003   1.1419890043528991E-002   0.0000000000000000       0.82852645944400449        715.18885811713062        50.185089851024728     
   2.4399999999999920        3.9869010360961341E-003   1.1285713172998587E-002   0.0000000000000000       0.82563589434090767        729.61031081085423        50.344477119889724     
   2.4499999999999917        3.9630725713012786E-003   1.1154363402796897E-002   0.0000000000000000       0.82263313129468829        744.23736197692915        50.503158241395141     
   2.4599999999999915        3.9398726953390828E-003   1.1025767053195818E-002   0.0000000000000000       0.81951821487483867        759.04925165843736        50.661153576417711     
   2.4699999999999913        3.9172869929855669E-003   1.0899852719885358E-002   0.0000000000000000       0.81629119181511611        774.09500782271630        50.819180264321844     
   2.4799999999999911        3.8953014943757633E-003   1.0776551193782038E-002   0.0000000000000000       0.81295211096256936        789.33139518344080        50.976326053167917     
   2.4899999999999909        3.8739026594248284E-003   1.0655795383985089E-002   0.0000000000000000       0.80950102322796846        804.76525455348110        51.132316225827012     
   2.4999999999999907        3.8530773628647611E-003   1.0537520243749069E-002   0.0000000000000000       0.80593798153738483        820.42182399409296        51.288306364948753     
   2.5099999999999905        3.8328128798694088E-003   1.0421662699337286E-002   0.0000000000000000       0.80226304078514799        836.27309857539922        51.443562311525071     
   2.5199999999999902        3.8130968722422283E-003   1.0308161581638595E-002   0.0000000000000000       0.79847625778791742        852.35457605833767        51.598280391410235     
   2.5299999999999900        3.7939173751422510E-003   1.0196957560425424E-002   0.0000000000000000       0.79457769123996513        868.63131028700298        51.751948855422036     
   2.5399999999999898        3.7752627843254337E-003   1.0087993081145096E-002   0.0000000000000000       0.79056740166952189        885.12121637010659        51.905173795155406     
   2.5499999999999896        3.7571218438790114E-003   9.9812123041343598E-003   0.0000000000000000       0.78644545139626720        901.82164267003998        52.057456413266749     
   2.5599999999999894        3.7394836344276506E-003   9.8765610461575472E-003   0.0000000000000000       0.78221190448980371        918.74953424481453        52.208770817683337     
   2.5699999999999892        3.7223375617911453E-003   9.7739867241674831E-003   0.0000000000000000       0.77786682672918150        935.87417721725228        52.359832235291435     
   2.5799999999999890        3.7056733460749908E-003   9.6734383012009283E-003   0.0000000000000000       0.77341028556338065        953.23006803890144        52.509797355866503     
   2.5899999999999888        3.6894810111752084E-003   9.5748662343158545E-003   0.0000000000000000       0.76884235007273150        970.79910484174195        52.658797737886943     
   2.5999999999999885        3.6737508746793874E-003   9.4782224244865012E-003   0.0000000000000000       0.76416309093130030        988.57758859746616        52.807232851021432     
   2.6099999999999883        3.6584735381490832E-003   9.3834601683791593E-003   0.0000000000000000       0.75937258037008748        1006.5902208521611        52.954899398140455     
   2.6199999999999881        3.6436398777652599E-003   9.2905341119240720E-003   0.0000000000000000       0.75447089214114815        1024.8103202675698        53.101282373125507     
   2.6299999999999879        3.6292410353233732E-003   9.1994002056163277E-003   0.0000000000000000       0.74945810148253467        1043.2621962793098        53.247175205742558     
   2.6399999999999877        3.6152684095636786E-003   9.1100156614733370E-003   0.0000000000000000       0.74433428508399013        1061.9221795885021        53.391840781157221     
   2.6499999999999875        3.6017136478213650E-003   9.0223389115779637E-003   0.0000000000000000       0.73909952105354237        1080.8181807575461        53.535667067514460     
   2.6599999999999873        3.5885686379848311E-003   8.9363295681482661E-003   0.0000000000000000       0.73375388888473758        1099.9405289173446        53.683360910397390     
   2.6699999999999871        3.5758255007494384E-003   8.8519483850678683E-003   0.0000000000000000       0.72829746942471107        1119.2925161069600        53.820820918612029     
   2.6799999999999868        3.5634765821534421E-003   8.7691572208210503E-003   0.0000000000000000       0.72273034484290488        1138.8606662579016        53.962155716127654     
   2.6899999999999866        3.5515144463861047E-003   8.6879190027738598E-003   0.0000000000000000       0.71705259860054882        1158.6593485680930        54.102144810192193     
   2.6999999999999864        3.5399318688562032E-003   8.6081976927496109E-003   0.0000000000000000       0.71126431542075552        1178.6908607588562        54.241277571133935     
   2.7099999999999862        3.5287218295106397E-003   8.5299582538457333E-003   0.0000000000000000       0.70536558125932258        1198.9534669475888        54.379338882061958     
   2.7199999999999860        3.5178775063926158E-003   8.4531666184415842E-003   0.0000000000000000       0.69935648327618671        1219.4450002153610        54.516805210105794     
   2.7299999999999858        3.5073922694309483E-003   8.3777896573538502E-003   0.0000000000000000       0.69323710980745390        1240.1670546372884        54.652921251464015     
   2.7399999999999856        3.4972596744504737E-003   8.3037951500914923E-003   0.0000000000000000       0.68700755033806482        1261.1216657199093        54.788212299513773     
   2.7499999999999853        3.4874734573941005E-003   8.2311517561651434E-003   0.0000000000000000       0.68066789547507711        1282.3179853358572        54.922517727538022     
   2.7599999999999851        3.4780275287502795E-003   8.1598289874159485E-003   0.0000000000000000       0.67421823692146887        1303.7514629954487        55.055065950518731     
   2.7699999999999849        3.4689159681754759E-003   8.0897971813173597E-003   0.0000000000000000       0.66765866745056113        1325.4141952088071        55.188014100914899     
   2.7799999999999847        3.4601330193055695E-003   8.0210274752157730E-003   0.0000000000000000       0.66098928088094944        1347.3202153738791        55.319412574235614     
   2.7899999999999845        3.4516730847479597E-003   7.9534917814732785E-003   0.0000000000000000       0.65421017205199949        1369.4652951416604        55.449575844933939     
   2.7999999999999843        3.4435307212478160E-003   7.8871627634765889E-003   0.0000000000000000       0.64732143679981191        1391.8509917224583        55.578689823407224     
   2.8099999999999841        3.4357006350218735E-003   7.8220138124811787E-003   0.0000000000000000       0.64032317193374255        1414.4675838627672        55.706801848962073     
   2.8199999999999839        3.4281776772518073E-003   7.7580190252528247E-003   0.0000000000000000       0.63321547521343935        1437.3497090299652        55.834227880160448     
   2.8299999999999836        3.4209568397340620E-003   7.6951531824863452E-003   0.0000000000000000       0.62599844532625126        1460.4522401204342        55.960343296910771     
   2.8399999999999834        3.4140332506767145E-003   7.6333917279601286E-003   0.0000000000000000       0.61867218186524975        1483.8207898580738        56.085364109189797     
   2.8499999999999832        3.4074021706403182E-003   7.5727107484086552E-003   0.0000000000000000       0.61123678530757208        1507.4256171455199        56.209642900309248     
   2.8599999999999830        3.4010589886158548E-003   7.5130869540781684E-003   0.0000000000000000       0.60369235699334156        1531.2786455041664        56.332632959883163     
   2.8699999999999828        3.3949992182351757E-003   7.4544976599458202E-003   0.0000000000000000       0.59603899910492242        1555.3807938038169        56.454747094498515     
   2.8799999999999826        3.3892184941089142E-003   7.3969207675725537E-003   0.0000000000000000       0.58827681464665660        1579.7206088930620        56.575784435624797     
   2.8899999999999824        3.3837125682870438E-003   7.3403347475704695E-003   0.0000000000000000       0.58040590742499010        1604.3334899191257        56.696035324393080     
   2.8999999999999821        3.3784773068368792E-003   7.2847186226566172E-003   0.0000000000000000       0.57242638202904017        1629.1877882461981        56.815022429459319     
   2.9099999999999819        3.3735086865356268E-003   7.2300519512776490E-003   0.0000000000000000       0.56433834381150016        1654.2937726015916        56.933873580435169     
   2.9199999999999817        3.3688027916712847E-003   7.1763148117779691E-003   0.0000000000000000       0.55614189887000387        1679.6581632034315        57.050184133207225     
   2.9299999999999815        3.3643558109498171E-003   7.1234877870967467E-003   0.0000000000000000       0.54783715402881195        1705.2778041611598        57.165884945708257     
   2.9399999999999813        3.3601640345028816E-003   7.0715519499691846E-003   0.0000000000000000       0.53942421682090547        1731.1508757798681        57.280891914742199     
   2.9499999999999811        3.3562238509940575E-003   7.0204888486193199E-003   0.0000000000000000       0.53090319547041454        1757.2870895930650        57.394908763063484     
   2.9599999999999809        3.3525317448186041E-003   6.9702804929206840E-003   0.0000000000000000       0.52227419887541127        1783.6798603638788        57.506806459620073     
   2.9699999999999807        3.3490842933944841E-003   6.9209093410125613E-003   0.0000000000000000       0.51353733659106371        1810.3300082078981        57.619844234912996     
   2.9799999999999804        3.3458781645402257E-003   6.8723582863520300E-003   0.0000000000000000       0.50469271881309852        1837.2438286622053        57.730707268677470     
   2.9899999999999802        3.3429101139372400E-003   6.8246106451874131E-003   0.0000000000000000       0.49574045636161518        1864.4226014346052        57.840718235594636     
   2.9999999999999800        3.3401769826739008E-003   6.7776501444390966E-003   0.0000000000000000       0.48668066066521526        1891.8601446932557        57.949771019802981     
   3.0099999999999798        3.3376756948667735E-003   6.7314609099696681E-003   0.0000000000000000       0.47751344374545296        1919.5662452410611        58.057705574018058     
   3.0199999999999796        3.3354032553584820E-003   6.6860274552340690E-003   0.0000000000000000       0.46823891820158209        1947.5429288866899        58.164759752749234     
   3.0299999999999794        3.3333567474874122E-003   6.6413346702919171E-003   0.0000000000000000       0.45885719719562451        1975.7785459095846        58.270874126775261     
   3.0399999999999792        3.3315333309286745E-003   6.5973678111724814E-003   0.0000000000000000       0.44936839443771354        2004.2855472175002        58.375859567466790     
   3.0499999999999790        3.3299302396014004E-003   6.5541124895768322E-003   0.0000000000000000       0.43977262417174035        2033.0677744858572        58.480082411968660     
   3.0599999999999787        3.3285447796427268E-003   6.5115546629085103E-003   0.0000000000000000       0.43007000116128152        2062.1138299484178        58.582748182375866     
   3.0699999999999785        3.3273743274439202E-003   6.4696806246182107E-003   0.0000000000000000       0.42026064067579350        2091.4322584501178        58.685411889538187     
   3.0799999999999783        3.3264163277477543E-003   6.4284769948534676E-003   0.0000000000000000       0.41034465847709645        2121.0277721223506        58.786596349920131     
   3.0899999999999781        3.3256682918043896E-003   6.3879307114018940E-003   0.0000000000000000       0.40032217080609855        2150.8989287880422        58.887055143917571     
   3.0999999999999779        3.3251277955837454E-003   6.3480290209171411E-003   0.0000000000000000       0.39019329436980776        2181.0426240956481        58.986421246952226     
   3.1099999999999777        3.3247924780432057E-003   6.3087594704199735E-003   0.0000000000000000       0.37995814632856906        2211.4705260777009        59.084741506118363     
   3.1199999999999775        3.3246600394471978E-003   6.2701098990615928E-003   0.0000000000000000       0.36961684428356784        2242.1720786523565        59.182418078677408     
   3.1299999999999772        3.3247282397385583E-003   6.2320684301436823E-003   0.0000000000000000       0.35916950626458383        2273.1447734302355        59.279180010863129     
   3.1399999999999770        3.3249948969587533E-003   6.1946234633843003E-003   0.0000000000000000       0.34861625071795099        2304.4054015135530        59.374669522741677     
   3.1499999999999768        3.3254578857154077E-003   6.1577636674202503E-003   0.0000000000000000       0.33795719649479444        2335.9677082436538        59.469950498842827     
   3.1599999999999766        3.3261151356964616E-003   6.1214779725420054E-003   0.0000000000000000       0.32719246283945108        2367.7726581144470        59.562416780993530     
   3.1699999999999764        3.3269646302280481E-003   6.0857555636475574E-003   0.0000000000000000       0.31632216937815211        2399.8644078281663        59.656730995706951     
   3.1799999999999762        3.3280044048752734E-003   6.0505858734127282E-003   0.0000000000000000       0.30534643610790130        2432.2707783703227        59.748783332561750     
   3.1899999999999760        3.3292325460850271E-003   6.0159585756683620E-003   0.0000000000000000       0.29426538338557356        2464.9523414403361        59.840135560875275     
   3.1999999999999758        3.3306471898680514E-003   5.9818635789766709E-003   0.0000000000000000       0.28307913191722750        2497.9188314652047        59.930499282172377     
   3.2099999999999755        3.3322465205200004E-003   5.9482910204021900E-003   0.0000000000000000       0.27178780274761438        2531.1743271426608        60.020102662932572     
   3.2199999999999753        3.3340287693802749E-003   5.9152312594696410E-003   0.0000000000000000       0.26039151724990650        2564.7209369910624        60.108671518090595     
   3.2299999999999751        3.3359922136263591E-003   5.8826748723021629E-003   0.0000000000000000       0.24889039711559507        2598.5560508750855        60.196508294431112     
   3.2399999999999749        3.3381351751032269E-003   5.8506126459340032E-003   0.0000000000000000       0.23728456434460848        2632.6861733944916        60.283505583824535     
   3.2499999999999747        3.3404560191871951E-003   5.8190355727937900E-003   0.0000000000000000       0.22557414123560890        2667.1143336252512        60.369621338543737     
   3.2599999999999745        3.3429531536816794E-003   5.7879348453493693E-003   0.0000000000000000       0.21375925037646765        2701.8279434269516        60.455241058619421     
   3.2699999999999743        3.3456250277447328E-003   5.7573018509114483E-003   0.0000000000000000       0.20184001463493997        2736.8484207079000        60.539378099992909     
   3.2799999999999740        3.3484701308474536E-003   5.7271281665905787E-003   0.0000000000000000       0.18981655714949666        2772.1541118966566        60.623109527352327     
   3.2899999999999738        3.3514869917618973E-003   5.6974055544016357E-003   0.0000000000000000       0.17768900132034418        2807.7676288646194        60.705988084454468     
   3.2999999999999736        3.3546741775771572E-003   5.6681259565108657E-003   0.0000000000000000       0.16545747080061840        2843.6785822643669        60.788078241942600     
   3.3099999999999734        3.3580302927436983E-003   5.6392814906219696E-003   0.0000000000000000       0.15312208948773617        2879.8825005630129        60.869322887582214     
   3.3199999999999732        3.3615539781441692E-003   5.6108644454959519E-003   0.0000000000000000       0.14068298151491393        2916.3966824919871        60.949739165676704     
   3.3299999999999730        3.3652439101903714E-003   5.5828672766007363E-003   0.0000000000000000       0.12814027124284966        2953.2169357786656        61.029426690462024     
   3.3399999999999728        3.3690987999448392E-003   5.5552826018855535E-003   0.0000000000000000       0.11549408325156574        2990.3365815270049        61.108457088057257     
   3.3499999999999726        3.3731173922673737E-003   5.5281031976778666E-003   0.0000000000000000       0.10274454233240073        3027.7595100892117        61.186572968999094     
   3.3599999999999723        3.3772984649846492E-003   5.5013219946966167E-003   0.0000000000000000        8.9891773480153370E-002   3065.4778298149017        61.264515922521504     
   3.3699999999999721        3.3816408280826255E-003   5.4749320741801664E-003   0.0000000000000000        7.6935901885380006E-002   3103.5335551648941        61.340574021197369     
   3.3799999999999719        3.3861433229211350E-003   5.4489266641238130E-003   0.0000000000000000        6.3877052926832822E-002   3141.8791152776998        61.416520085959704     
   3.3899999999999717        3.3908048214700412E-003   5.4232991356248398E-003   0.0000000000000000        5.0715352164045359E-002   3180.5383555416533        61.491640816839954     
   3.3999999999999715        3.3956242255653453E-003   5.3980429993298745E-003   0.0000000000000000        3.7450925330053265E-002   3219.5113199057146        61.565975435641100     
   3.4099999999999713        3.4006004661860040E-003   5.3731519019824467E-003   0.0000000000000000        2.4083898324259456E-002   3258.7805978754104        61.639581006931323     
   3.4199999999999711        3.4057325027502480E-003   5.3486196230690787E-003   0.0000000000000000        1.0614397205424160E-002   3298.3838904658060        61.712623953412688     
   3.4299999999999708        3.4110193224298024E-003   5.3244400715565902E-003   0.0000000000000000        0.0000000000000000        3338.2950304669730        61.784879582156179     
   3.4399999999999706        3.4164599394833298E-003   5.3006072827225014E-003   0.0000000000000000        0.0000000000000000        3378.5245045496199        61.856377813645537     
   3.4499999999999704        3.4220533946070410E-003   5.2771154150731197E-003   0.0000000000000000        0.0000000000000000        3419.0600263466808        61.927232046309669     
   3.4599999999999702        3.4277987543023490E-003   5.2539587473466745E-003   0.0000000000000000        0.0000000000000000        3459.9128533782141        61.997341524686703     
   3.4699999999999700        3.4336951102601973E-003   5.2311316755990628E-003   0.0000000000000000        0.0000000000000000        3501.1040359824106        62.066753989698988     
   3.4799999999999698        3.4397415787617083E-003   5.2086287103705652E-003   0.0000000000000000        0.0000000000000000        3542.6038595952036        62.135522617487595     
   3.4899999999999696        3.4459373000939246E-003   5.1864444739301296E-003   0.0000000000000000        0.0000000000000000        3584.4288978870454        62.203581136996107     
   3.4999999999999694        3.4522814379808536E-003   5.1645736975941183E-003   0.0000000000000000        0.0000000000000000        3626.5692600864636        62.270940555189071     
   3.5099999999999691        3.4587731790296683E-003   5.1430112191204417E-003   0.0000000000000000        0.0000000000000000        3669.0499877906714        62.337624839768210     
   3.5199999999999689        3.4654117321897774E-003   5.1217519801700293E-003   0.0000000000000000        0.0000000000000000        3711.8353001384417        62.403714456818115     
   3.5299999999999687        3.4721963282274291E-003   5.1007910238410744E-003   0.0000000000000000        0.0000000000000000        3754.9610076551667        62.469093899585303     
   3.5399999999999685        3.4791262192121783E-003   5.0801234922666100E-003   0.0000000000000000        0.0000000000000000        3798.4027437189275        62.533877226919799     
   3.5499999999999683        3.4862006780168480E-003   5.0597446242785591E-003   0.0000000000000000        0.0000000000000000        3842.1785633576947        62.597974483969494     
   3.5599999999999681        3.4934189978303104E-003   5.0396497531340944E-003   0.0000000000000000        0.0000000000000000        3886.2704339328457        62.661734281854166     
   3.5699999999999679        3.5007804916821483E-003   5.0198343043027695E-003   0.0000000000000000        0.0000000000000000        3930.7230710984450        62.724308461980165     
   3.5799999999999677        3.5082844919790976E-003   5.0002937933123189E-003   0.0000000000000000        0.0000000000000000        3975.4914354353095        62.786521085932883     
   3.5899999999999674        3.5159303500529970E-003   4.9810238236522942E-003   0.0000000000000000        0.0000000000000000        4020.6017806142418        62.848079443582243     
   3.5999999999999672        3.5237174357199857E-003   4.9620200847330063E-003   0.0000000000000000        0.0000000000000000        4066.0229051072411        62.909039834488581     
   3.6099999999999670        3.5316451368506345E-003   4.9432783498984632E-003   0.0000000000000000        0.0000000000000000        4111.7932786473548        62.969468246079884     
   3.6199999999999668        3.5397128589498591E-003   4.9247944744915170E-003   0.0000000000000000        0.0000000000000000        4157.9041612528454        63.029173983185231     
   3.6299999999999666        3.5479200247479554E-003   4.9065643939699127E-003   0.0000000000000000        0.0000000000000000        4204.3494787483542        63.088323958946738     
   3.6399999999999664        3.5562660738007457E-003   4.8885841220716137E-003   0.0000000000000000        0.0000000000000000        4251.1323457053495        63.146912392575196     
   3.6499999999999662        3.5647504620997211E-003   4.8708497490276993E-003   0.0000000000000000        0.0000000000000000        4298.2553077074672        63.204888291964828     
   3.6599999999999659        3.5733726616913679E-003   4.8533574398226453E-003   0.0000000000000000        0.0000000000000000        4345.6951459341781        63.262831636997731     
   3.6699999999999657        3.5821321603055514E-003   4.8361034324989598E-003   0.0000000000000000        0.0000000000000000                            NaN                       NaN
   3.6799999999999655        3.5910284609924001E-003   4.8190840365050962E-003   0.0000000000000000        0.0000000000000000                            NaN                       NaN
   3.6899999999999653        3.6000610817682479E-003   4.8022956310874738E-003   0.0000000000000000        0.0000000000000000                            NaN                       NaN
   3.6999999999999651        3.6092295552693885E-003   4.7857346637224067E-003   0.0000000000000000        0.0000000000000000                            NaN                       NaN
   3.7099999999999649        3.6185334284139902E-003   4.7693976485891519E-003   0.0000000000000000        0.0000000000000000                            NaN                       NaN
   3.7199999999999647        3.6279722620720291E-003   4.7532811650816235E-003   0.0000000000000000        0.0000000000000000                            NaN                       NaN
   3.7299999999999645        3.6375456307422300E-003   4.7373818563569417E-003   0.0000000000000000        0.0000000000000000                            NaN                       NaN
   3.7399999999999642        3.6472531222372061E-003   4.7216964279233505E-003   0.0000000000000000        0.0000000000000000                            NaN                       NaN
   3.7499999999999640        3.6570943373748287E-003   4.7062216462605199E-003   0.0000000000000000        0.0000000000000000                            NaN                       NaN
   3.7599999999999638        3.6670688896772636E-003   4.6909543374779265E-003   0.0000000000000000        0.0000000000000000                            NaN                       NaN
   3.7699999999999636        3.6771764050765651E-003   4.6758913860045744E-003   0.0000000000000000        0.0000000000000000                            NaN                       NaN
   3.7799999999999634        3.6874165216264363E-003   4.6610297333127219E-003   0.0000000000000000        0.0000000000000000                            NaN                       NaN
   3.7899999999999632        3.6977888892209387E-003   4.6463663766728959E-003   0.0000000000000000        0.0000000000000000                            NaN                       NaN
   3.7999999999999630        3.7082931693190871E-003   4.6318983679411304E-003   0.0000000000000000        0.0000000000000000                            NaN                       NaN
   3.8099999999999627        3.7189290346754038E-003   4.6176228123742209E-003   0.0000000000000000        0.0000000000000000                            NaN                       NaN
   3.8199999999999625        3.7296961690766990E-003   4.6035368674767979E-003   0.0000000000000000        0.0000000000000000                            NaN                       NaN
   3.8299999999999623        3.7405942670839876E-003   4.5896377418744591E-003   0.0000000000000000        0.0000000000000000                            NaN                       NaN
   3.8399999999999621        3.7516230337802654E-003   4.5759226942166725E-003   0.0000000000000000        0.0000000000000000                            NaN                       NaN
   3.8499999999999619        3.7627821845237120E-003   4.5623890321050574E-003   0.0000000000000000        0.0000000000000000                            NaN                       NaN
   3.8599999999999617        3.7740714447059859E-003   4.5490341110492943E-003   0.0000000000000000        0.0000000000000000                            NaN                       NaN
   3.8699999999999615        3.7854905495157505E-003   4.5358553334472152E-003   0.0000000000000000        0.0000000000000000                            NaN                       NaN
   3.8799999999999613        3.7970392437068319E-003   4.5228501475909413E-003   0.0000000000000000        0.0000000000000000                            NaN                       NaN
   3.8899999999999610        3.8087172813714852E-003   4.5100160466956252E-003   0.0000000000000000        0.0000000000000000                            NaN                       NaN
   3.8999999999999608        3.8205244257180537E-003   4.4973505679525190E-003   0.0000000000000000        0.0000000000000000                            NaN                       NaN
   3.9099999999999606        3.8324604488537361E-003   4.4848512916064367E-003   0.0000000000000000        0.0000000000000000                            NaN                       NaN
   3.9199999999999604        3.8445251315710710E-003   4.4725158400519332E-003   0.0000000000000000        0.0000000000000000                            NaN                       NaN
   3.9299999999999602        3.8567182631388951E-003   4.4603418769536404E-003   0.0000000000000000        0.0000000000000000                            NaN                       NaN
   3.9399999999999600        3.8690396410981640E-003   4.4483271063879230E-003   0.0000000000000000        0.0000000000000000                            NaN                       NaN
   3.9499999999999598        3.8814890710605950E-003   4.4364692720026376E-003   0.0000000000000000        0.0000000000000000                            NaN                       NaN
   3.9599999999999596        3.8940663665125350E-003   4.4247661561995283E-003   0.0000000000000000        0.0000000000000000                            NaN                       NaN
   3.9699999999999593        3.9067713486219211E-003   4.4132155793345403E-003   0.0000000000000000        0.0000000000000000                            NaN                       NaN
   3.9799999999999591        3.9196038460489651E-003   4.4018153989363778E-003   0.0000000000000000        0.0000000000000000                            NaN                       NaN
   3.9899999999999589        3.9325636947609901E-003   4.3905635089455559E-003   0.0000000000000000        0.0000000000000000                            NaN                       NaN
   3.9999999999999587        3.9456507378504910E-003   4.3794578389696661E-003   0.0000000000000000        0.0000000000000000                            NaN                       NaN
