   0.0000000000000000        0.0000000000000000        0.0000000000000000        0.0000000000000000        0.0000000000000000        0.0000000000000000        0.0000000000000000     
   2.0000000000000000E-003   17.588238445671436        5.0851236377019653        0.0000000000000000        0.0000000000000000        0.0000000000000000        0.0000000000000000     
   4.0000000000000001E-003   42.049972926417674        10.107608942601596        0.0000000000000000        0.0000000000000000        0.0000000000000000        0.0000000000000000     
   6.0000000000000001E-003   65.770547039541498        14.943443494948365        0.0000000000000000        0.0000000000000000        0.0000000000000000        0.0000000000000000     
   8.0000000000000002E-003   88.286629403040308        19.478255701388157        0.0000000000000000        0.0000000000000000        0.0000000000000000        0.0000000000000000     
   1.0000000000000000E-002   109.16250889799107        23.613006145701142        0.0000000000000000        0.0000000000000000        0.0000000000000000        0.0000000000000000     
   1.2000000000000000E-002   128.00449954567864        27.268613055835775        0.0000000000000000        0.0000000000000000        0.0000000000000000        0.0000000000000000     
   1.4000000000000000E-002   144.47666933914476        30.389035192581215        0.0000000000000000        0.0000000000000000        0.0000000000000000        0.0000000000000000     
   1.6000000000000000E-002   158.31671520676733        32.942492921502001        0.0000000000000000        0.0000000000000000        0.0000000000000000        0.0000000000000000     
   1.8000000000000002E-002   169.35020479266652        34.920772847589333        0.0000000000000000        0.0000000000000000        0.0000000000000000        0.0000000000000000     
   2.0000000000000004E-002   177.50107444038360        36.336850206556839        0.0000000000000000        0.0000000000000000        0.0000000000000000        0.0000000000000000     
   2.2000000000000006E-002   182.79633891149774        37.221286477023561        0.0000000000000000        0.0000000000000000        0.0000000000000000        0.0000000000000000     
   2.4000000000000007E-002   185.36349122455167        37.617963295140228        0.0000000000000000        0.0000000000000000        0.0000000000000000        0.0000000000000000     
   2.6000000000000009E-002   185.42001077825250        37.579693936711678        0.0000000000000000        0.0000000000000000        0.0000000000000000        0.0000000000000000     
   2.8000000000000011E-002   183.25560318446404        37.164144762595583        0.0000000000000000        0.0000000000000000        0.0000000000000000        0.0000000000000000     
   3.0000000000000013E-002   179.20902030182356        36.430349789928080        0.0000000000000000        0.0000000000000000        0.0000000000000000        0.0000000000000000     
   3.2000000000000015E-002   173.64226591212108        35.435954516384328        4.7839510208912329E-004   0.0000000000000000        0.0000000000000000        0.0000000000000000     
   3.4000000000000016E-002   166.91542967833524        34.235206692603825        9.7762736452629349E-004   0.0000000000000000        0.0000000000000000        0.0000000000000000     
   3.6000000000000018E-002   160.03976029653373        32.877631708842422        1.4897838639493374E-003   0.0000000000000000        0.0000000000000000        0.0000000000000000     
   3.8000000000000020E-002   154.07329863122303        31.683359182698300        2.0159526528005464E-003   0.0000000000000000        0.0000000000000000        0.0000000000000000     
   4.0000000000000022E-002   148.48864589786692        30.653686873790981        2.5571982868235112E-003   0.0000000000000000        0.0000000000000000        0.0000000000000000     
   4.2000000000000023E-002   142.76289931842567        29.557546174174416        3.1145618250631177E-003   0.0000000000000000        0.0000000000000000        0.0000000000000000     
   4.4000000000000025E-002   137.01053393284366        28.414630039208646        3.6890608298655457E-003   0.0000000000000000        0.0000000000000000        0.0000000000000000     
   4.6000000000000027E-002   131.30461981949935        27.240174310789463        4.2816893668782639E-003   0.0000000000000000        0.0000000000000000        0.0000000000000000     
   4.8000000000000029E-002   125.68440789776274        26.045485666463048        4.8934180050500464E-003   0.0000000000000000        0.0000000000000000        0.0000000000000000     
   5.0000000000000031E-002   120.16328212879087        24.838552578447160        5.5251938166309524E-003   0.0000000000000000        0.0000000000000000        0.0000000000000000     
   5.2000000000000032E-002   114.73646097552168        23.624750149608364        6.1779403771723453E-003   0.0000000000000000        0.0000000000000000        0.0000000000000000     
   5.4000000000000034E-002   109.38829026759723        22.407648643451459        6.8525577655268698E-003   1.7215921134387848        0.0000000000000000        0.0000000000000000     
   5.6000000000000036E-002   104.09909132561778        21.189902963140437        7.5499225638484789E-003   1.9718247353082354        0.0000000000000000        0.0000000000000000     
   5.8000000000000038E-002   98.851327882124210        19.974142738803646        8.2708878575924131E-003   2.2180664808526482        0.0000000000000000        0.0000000000000000     
   6.0000000000000039E-002   93.663760614142873        18.771382060058141        9.0162832355152132E-003   2.4603537142446537        0.0000000000000000        0.0000000000000000     
   6.2000000000000041E-002   88.543418301093325        17.587921109117190        9.7869147896747066E-003   2.6987255565427133        0.0000000000000000        0.0000000000000000     
   6.4000000000000043E-002   83.458852489986754        16.418508417035383        1.0583565115430021E-002   2.9332249551040586        0.0000000000000000        0.0000000000000000     
   6.6000000000000045E-002   78.429893404083685        15.269959949779759        1.1406993311441575E-002   3.1638996924977034        0.0000000000000000        0.0000000000000000     
   6.8000000000000047E-002   73.482772418849805        14.149570602379304        1.2257934979671084E-002   3.3908033252076124        0.0000000000000000        0.0000000000000000     
   7.0000000000000048E-002   68.646505648158808        13.064472524315619        1.3137102225381560E-002   3.6139960427587963        0.0000000000000000        0.0000000000000000     
   7.2000000000000050E-002   63.949583197732665        12.021073628377678        1.4045183657137321E-002   3.8335454383204564        0.0000000000000000        0.0000000000000000     
   7.4000000000000052E-002   59.417505630917610        11.024672434468002        1.4982844386803943E-002   4.0495271823497356        0.0000000000000000        0.0000000000000000     
   7.6000000000000054E-002   55.071326643127058        10.079271417155249        1.5950726029548338E-002   4.2620255914339333        0.0000000000000000        0.0000000000000000     
   7.8000000000000055E-002   50.927081827756965        9.1875581059998783        1.6949446703838689E-002   4.4711340851733867        0.0000000000000000        0.0000000000000000     
   8.0000000000000057E-002   46.995854325674586        8.3510005361051629        1.7979601031444484E-002   4.6769555247148009        0.0000000000000000        0.0000000000000000     
   8.2000000000000059E-002   43.284218429730153        7.5700045098401532        1.9041760137436487E-002   4.8796024273997078        0.0000000000000000        0.0000000000000000     
   8.4000000000000061E-002   39.794855589492172        6.8440927029167060        2.0136471650186796E-002   5.0791970529341910        0.0000000000000000        0.0000000000000000     
   8.6000000000000063E-002   36.527207113720038        6.1720804799866542        2.1264259701368762E-002   5.2758713574981906        0.0000000000000000        0.0000000000000000     
   8.8000000000000064E-002   33.478088326443320        5.5522354402653349        2.2425624925957070E-002   5.4697668133087847        0.0000000000000000        0.0000000000000000     
   9.0000000000000066E-002   30.642231325978489        4.9824158247589851        2.3621044462227646E-002   5.6610340923077889        0.0000000000000000        0.0000000000000000     
   9.2000000000000068E-002   28.012748789067828        4.4601874870184002        2.4850971951757759E-002   5.8498326138741588        0.0000000000000000        0.0000000000000000     
   9.4000000000000070E-002   25.581523973828656        3.9829212485401602        2.6115837539425962E-002   6.0363299577304765        0.0000000000000000        0.0000000000000000     
   9.6000000000000071E-002   23.339536919720178        3.5478731430594195        2.7416047873412074E-002   6.2207011445428622        0.0000000000000000        0.0000000000000000     
   9.8000000000000073E-002   21.277137440168833        3.1522500247225516        2.8751986105197271E-002   6.4031277880727400        0.0000000000000000        0.0000000000000000     
  0.10000000000000007        19.384274203261487        2.7932627096481855        3.0124011889563949E-002   6.5837971241263231        0.0000000000000000        0.0000000000000000     
  0.10200000000000008        17.650687333668589        2.4681684646037407        3.1532461384595839E-002   6.7629009229534267        0.0000000000000000        0.0000000000000000     
  0.10400000000000008        16.066070201968628        2.1743043464551643        3.2977647251677997E-002   6.9406342931564646        0.0000000000000000        0.0000000000000000     
  0.10600000000000008        14.620204651667827        1.9091126577662716        3.4459858655496681E-002   7.1171943865765916        0.0000000000000000        0.0000000000000000     
  0.10800000000000008        13.303072893802652        1.6701596114390687        3.5979361264039549E-002   7.2927790150103906        0.0000000000000000        0.0000000000000000     
  0.11000000000000008        12.104948622717568        1.4551481736306799        3.7536397248595484E-002   7.4675851909653845        0.0000000000000000        0.0000000000000000     
  0.11200000000000009        11.016469491458992        1.2619259617404830        3.9131185283754685E-002   7.6418076059749742        0.0000000000000000        0.0000000000000000     
  0.11400000000000009        10.028692848448166        1.0884889989207605        4.0763920547408662E-002   7.8156370612649049        0.0000000000000000        0.0000000000000000     
  0.11600000000000009        9.1331365094964152       0.93298205869179540        4.2434774720750176E-002   7.9892588667285294        0.0000000000000000        0.0000000000000000     
  0.11800000000000009        8.3218062688210068       0.79369626722418551        4.4143895988273341E-002   8.1628512253110426        0.0000000000000000        0.0000000000000000     
  0.12000000000000009        7.5872118037554950       0.66906456414760374        4.5891409037773549E-002   8.3365836208896500        0.0000000000000000        0.0000000000000000     
  0.12200000000000009        6.9223725779843566       0.55765555489222463        4.7677415060347429E-002   8.5106152286716004        0.0000000000000000        0.0000000000000000     
  0.12400000000000010        6.3208152852398864       0.45816621934193452        4.9501991750392979E-002   8.6850933679011835        0.0000000000000000        0.0000000000000000     
  0.12600000000000008        5.7765642945971090       0.36941387434697398        5.1365193305609416E-002   8.8601520173687405        0.0000000000000000        0.0000000000000000     
  0.12800000000000009        5.2841264597044919       0.29032772292976405        5.3267050426997364E-002   9.0359104146734737        0.0000000000000000        0.0000000000000000     
  0.13000000000000009        4.8384715402968883       0.21994026221620283        5.5207570318858618E-002   9.2124717606312885        0.0000000000000000        0.0000000000000000     
  0.13200000000000009        4.4350093594425202       0.15737876634754877        5.7186736688796397E-002   9.3899220503549721        0.0000000000000000        0.0000000000000000     
  0.13400000000000009        4.0695646889674686       0.10185701064061499        5.9204509747715045E-002   9.5683290526213636        0.0000000000000000        0.0000000000000000     
  0.13600000000000009        3.7383507230260449        5.2667359483185135E-002   6.1260826209820408E-002   9.7477414589165114        0.0000000000000000        0.0000000000000000     
  0.13800000000000009        3.4379418699553117        9.1733029778813726E-003   6.3355599292619427E-002   9.9281882232535796        0.0000000000000000        0.0000000000000000     
  0.14000000000000010        3.1652464687346429       -2.9197503980243632E-002   6.5488718716920455E-002   10.109678113256257        0.0000000000000000        0.0000000000000000     
  0.14200000000000010        2.9174799211277191       -6.2959672050460783E-002   6.7660050706833133E-002   10.292199492254102        0.0000000000000000        0.0000000000000000     
  0.14400000000000010        2.6921386256782487       -9.2575969336237934E-002   6.9869437989768413E-002   10.475720351100842        0.0000000000000000        0.0000000000000000     
  0.14600000000000010        2.4869750062039815      -0.11846268250169029        7.2116699796438435E-002   10.660188607251595        0.0000000000000000        0.0000000000000000     
  0.14800000000000010        2.2999738457114782      -0.14099446629174778        7.4401631860856660E-002   10.845532687102464        0.0000000000000000        0.0000000000000000     
  0.15000000000000011        2.1293300666549344      -0.16050870868280592        7.6724006420337998E-002   11.031662405951860        0.0000000000000000        0.0000000000000000     
  0.15200000000000011        1.9734280397183799      -0.17730944409629446        7.9083572215498485E-002   11.218470157911947        0.0000000000000000        0.0000000000000000     
  0.15400000000000011        1.8308224550629681      -0.19167085002456380        8.1480054490255541E-002   11.405832425911822        0.0000000000000000        0.0000000000000000     
  0.15600000000000011        1.7002207513146137      -0.20384036354353657        8.3913154991827818E-002   11.593611619462596        0.0000000000000000        0.0000000000000000     
  0.15800000000000011        1.5804670674331356      -0.21404145395421506        8.6382551970735313E-002   11.781658245035016        0.0000000000000000        0.0000000000000000     
  0.16000000000000011        1.4705276599227557      -0.22247608657388490        8.8887900180799298E-002   11.969813410969122        1.9415321880147485E-003   1.1248758922840135E-002
  0.16200000000000012        1.3694777115467900      -0.22932691079477685        9.1428830879142345E-002   12.157911665398046        6.4030289262468395E-003   3.6417547712354031E-002
  0.16400000000000012        1.2764894467765238      -0.23475920319080770        9.4004951826188302E-002   12.345784162224223        1.2697400256563894E-002   7.0665183449114752E-002
  0.16600000000000012        1.1908214626882951      -0.23892259387815848        9.6615847285662332E-002   12.533262146196101        2.1113640780320655E-002  0.11471688085528758     
  0.16800000000000012        1.1118091810671487      -0.24195260167288427        9.9261078024590887E-002   12.720180744057092        3.1898701129825825E-002  0.16894593973735528     
  0.17000000000000012        1.0388563273200899      -0.24397200094991570       0.10194018131330171        12.906383044185453        4.5556081924362446E-002  0.23478971581209196     
  0.17200000000000013       0.97142734378796158      -0.24509204057151263       0.10465267092542388        13.091724442554753        6.2266835894749767E-002  0.31200460413648251     
  0.17400000000000013       0.90904064860980727      -0.24541353287242840       0.10739803713788769        13.276077227639050        8.2457894765632325E-002  0.40133565311454156     
  0.17600000000000013       0.85126265596708273      -0.24502782849537161       0.11017574673092478        13.459335371667475       0.10656576729738300       0.50340425376929232     
  0.17800000000000013       0.79770247893128321      -0.24401769088001932       0.11298524298806813        13.641419490000787       0.13504333637074231       0.61872091092862092     
  0.18000000000000013       0.74800724194672419      -0.24245808242568687       0.11582594569615184        13.822281924357673       0.16838069318675419       0.74774842402396269     
  0.18200000000000013       0.70185793595542145      -0.24041687276739013       0.11869725114531150        14.001911899595099       0.20716549418340144       0.89118927273507698     
  0.18400000000000014       0.65896575512623579      -0.23795547821686874       0.12159853212898394        14.180340696982293       0.25199452964227298        1.0495773632435776     
  0.18600000000000014       0.61906885994549055      -0.23512944021027254       0.12452913794390727        14.357646780311345       0.30350076130693049        1.2232786490088619     
  0.18800000000000014       0.58192951696169171      -0.23198894955636470       0.12748839439012083        14.533960803977330       0.36136013902758635        1.4097883722056104     
  0.19000000000000014       0.54733157068577898      -0.22857932237642925       0.13047560377096534        14.709470424605934       0.42966519677052190        1.6195172087026772     
  0.19200000000000014       0.51507820798915571      -0.22494143285269502       0.13349004489308278        14.884424830378975       0.50612287629451103        1.8436305654645417     
  0.19400000000000014       0.48498997979436703      -0.22111210723989408       0.13653097306641646        15.059138893931976       0.59274550893464639        2.0857697604268046     
  0.19600000000000015       0.45690304891216160      -0.21712448302955525       0.13959762010421092        15.233996846530280       0.69065707645205310        2.3467972642073756     
  0.19800000000000015       0.43066763655106299      -0.21300833667503516       0.14268919432301208        15.409455362657466       0.80093398722802289        2.6270732093142808     
  0.20000000000000015       0.40614664332573552      -0.20879038287492568       0.14580488054266710        15.586045935027331       0.92521500228780851        2.9282089174896551     
  0.20200000000000015       0.38321442353963697      -0.20449454806245601       0.14894384008632441        15.764376411235361        1.0647440496394973        3.2504513995559914     
  0.20400000000000015       0.36175569413922681      -0.20014222044949390       0.15210521078043387        15.945131553417539        1.2212767250122158        3.5948987684300153     
  0.20600000000000016       0.34166456205798218      -0.19575247871752319       0.15528810695474637        16.129072472626113        1.3910268560852812        3.9517377051481128     
  0.20800000000000016       0.32284365571487555      -0.19134230122771573       0.15849161944231438        16.317034779898986        1.5924406032356164        4.3539302850618009     
  0.21000000000000016       0.30520334823065992      -0.18692675743200071       0.16171481557949147        16.509925284984408        1.8114569352766621        4.7707671094042983     
  0.21200000000000016       0.28866106150144216      -0.18251918300194248       0.16495673920593262        16.708717063906064        2.0555451151347328        5.2133528733484038     
  0.21400000000000016       0.27314064164703783      -0.17813134004820841       0.16821641066459403        16.914442704869611        2.3277668355066052        5.6834662952208745     
  0.21600000000000016       0.25857179755377846      -0.17377356367699850       0.17149282680173325        17.128185531403812        2.6308975166282331        6.1819191999242085     
  0.21800000000000017       0.24488959527859608      -0.16945489601819708       0.17478496096690904        17.351068589921940        2.9678421669593131        6.7096428075106918     
  0.22000000000000017       0.23203400199199489      -0.16518320876090958       0.17809176301298166        17.584241177115494        3.3426490171401202        7.2687142813098715     
  0.22200000000000017       0.21994947392911479      -0.16096531514353724       0.18141215929611237        17.828862670812423        3.7577298552144849        7.8579410096843976     
  0.22400000000000017       0.20858458350544884      -0.15680707226607363       0.18474505267576397        18.086083415478761        4.2195827764020883        8.4825744051793563     
  0.22600000000000017       0.19789168135055546      -0.15271347452060280       0.18808932251470037        18.357022401001977        4.7302997207368191        9.1398071719045824     
  0.22800000000000017       0.18782658953110137      -0.14868873887097325       0.19144382467898702        18.642741460831846        5.2955618037225207        9.8324421602487408     
  0.23000000000000018       0.17834832268436579      -0.14473638265350780       0.19480739153799026        18.944215702022820        5.8920542077149722        10.530603199691223     
  0.23200000000000018       0.16941883417403056      -0.14085929451660451       0.19817883196437816        19.262299867106140        6.6125476912447079        11.330360365496450     
  0.23400000000000018       0.16100278471969925      -0.13705979906766791       0.20155693133412000        19.597690313298983        7.3384079004358940        12.100319147193757     
  0.23600000000000018       0.15306733124710020      -0.13333971575046044       0.20494045152648585        19.950882281408724        8.2170478157296518        12.983671596981923     
  0.23800000000000018       0.14558193396333094      -0.12970041243425581       0.20832813092404798        20.322122112422971        9.1441214018130488        13.871985008757100     
  0.24000000000000019       0.13851817988604101      -0.12614285415780344       0.21171868441267908        20.711354055361785        10.163062948681269        14.801383131705663     
  0.24200000000000019       0.13184962125160266      -0.12266764743573835       0.21511080338155367        21.118161295458155        11.282561077670303        15.773047555965428     
  0.24400000000000019       0.12555162739890646      -0.11927508050242026       0.21850315572314746        21.541700817121779        12.513683280443491        16.791129921148666     
  0.24600000000000019       0.11960124887594985      -0.11596515983811467       0.22189438583323717        21.980631700569486        13.860809021861769        17.851440057305211     
  0.24800000000000019       0.11397709264846062      -0.11273764329460954       0.22528311461090123        23.877309735059740        15.335181565472006        18.956541553886080     
  0.25000000000000017       0.10865920740612213      -0.10959207011172759       0.22866793945851904        24.218365626224095        16.852298172706831        20.043290188427584     
  0.25200000000000017       0.10362897806449742      -0.10652778809250595       0.23204743428177166        24.550995913530556        18.701287299056940        21.298684619238337     
  0.25400000000000017        9.8869028651389537E-002 -0.10354397818299124       0.23537731322078470        24.874550211858541        20.614287307073351        22.537986852875129     
  0.25600000000000017        9.4363132846593686E-002 -0.10063967668241160       0.23840195345344992        25.188369134440055        22.687382049965969        23.814446482204961     
  0.25800000000000017        9.0096131515243885E-002  -9.7813795290922906E-002  0.24106515240702339        25.491785903096073        24.938898148695184        25.136809981016466     
  0.26000000000000018        8.6053856638262982E-002  -9.5065139184973640E-002  0.24335098270863301        25.784128114190185        27.371103433853815        26.496260721335869     
  0.26200000000000018        8.2223061099894509E-002  -9.2392423294559961E-002  0.24524466682361931        26.064719661378426        29.998362441550039        27.897051524870946     
  0.26400000000000018        7.8591353842662845E-002  -8.9794286942072032E-002  0.24716917035898084        26.332882815011239        32.820218290930747        29.329133529815554     
  0.26600000000000018        7.5147139945232200E-002  -8.7269306989067430E-002  0.24908143377181727        26.587940456642144        35.858665005898182        30.797062855839073     
  0.26800000000000018        7.1879565219045927E-002  -8.4816009624971364E-002  0.25100805269533522        26.829218465596398        39.105673956499366        32.296031164926610     
  0.27000000000000018        6.8778464955939270E-002  -8.2432880920372376E-002  0.25301019593947027        27.056048252941178        42.580853343644733        33.830460497332652     
  0.27200000000000019        6.5834316491581668E-002  -8.0118376257158938E-002  0.25514478697926180        27.267769436434843        46.263610422104435        35.366009014849567     
  0.27400000000000019        6.3038195279059892E-002  -7.7870928738181799E-002  0.25746479092672792        27.463732648245561        50.178919622238361        36.930388762766682     
  0.27600000000000019        6.0381734193456479E-002  -7.5688956670306271E-002  0.26001952698139380        27.643302465259509        54.317181948547947        38.506527392953409     
  0.27800000000000019        5.7857085812341294E-002  -7.3570870206672759E-002  0.26285498990476758        27.805860449836842        58.386776147675867        39.989818316602609     
  0.28000000000000019        5.5456887438807820E-002  -7.1515077226550788E-002  0.26601416294708874        27.950808286831634        63.268284888403961        41.681182048035978     
  0.28200000000000019        5.3174228653418830E-002  -6.9519988524375811E-002  0.26953730448685265        28.077571000573251        68.062973831356985        43.265425865557468     
  0.28400000000000020        5.1002621199334859E-002  -6.7584022373346486E-002  0.27346219147666950        28.185600233510662        73.061336894562714        44.843864987869580     
  0.28600000000000020        4.8935971021130106E-002  -6.5705608523204687E-002  0.27782430459695029        28.274377566067265        78.269198575244175        46.407121693532098     
  0.28800000000000020        4.6968552292632547E-002  -6.3883191686622084E-002  0.28265694270525554        28.343417855334192        83.656887561925643        47.952639708637939     
  0.29000000000000020        4.5094983282579042E-002  -6.2115234563794218E-002  0.28799125757455069        28.392272568261294        89.218059901302738        49.476552132027869     
  0.29200000000000020        4.3310203919176199E-002  -6.0400220450466821E-002  0.29385620383614475        28.420533083231216        94.935571833666486        50.968590278822376     
  0.29400000000000021        4.1609454925851150E-002  -5.8736655470578200E-002  0.30027840325011818        28.427833932278908        100.38209250196962        52.327272129199841     
  0.29600000000000021        3.9988258410741856E-002  -5.7123070471049454E-002  0.30728192667946769        28.413855954745348        106.78154703553670        53.854117860462999     
  0.29800000000000021        3.8442399801804084E-002  -5.5558022612852975E-002  0.31488800120953003        28.378329331980467        112.87196385608497        55.236428802576519     
  0.30000000000000021        3.6967911028001142E-002  -5.4040096689444504E-002  0.32311465352668328        28.321036471787011        119.05160455459874        56.575362361478355     
  0.30200000000000021        3.5561054854857679E-002  -5.2567906200803101E-002  0.33197630377109566        28.241814710633175        124.84375380839157        57.772949853760757     
  0.30400000000000021        3.4218310289850201E-002  -5.1140094208764045E-002  0.34148332648041885        28.140558801436168        131.59291350364194        59.103228311403399     
  0.30600000000000022        3.2936358979682057E-002  -4.9755333996975903E-002  0.35164159685820490        28.017223154818495        137.92094463373965        60.294143370012826     
  0.30800000000000022        3.1712072527525670E-002  -4.8412329556663497E-002  0.36245204139452220        27.871823802208311        144.25992818721593        61.429441485690653     
  0.31000000000000022        3.0542500663851613E-002  -4.7109815917414546E-002  0.37391021184532980        27.704440050184754        150.15727290568401        62.436755922057365     
  0.31200000000000022        2.9424860209557740E-002  -4.5846559340430068E-002  0.38600590078950453        27.515215796797342        156.90076067402691        63.535614144421878     
  0.31400000000000022        2.8356524774771321E-002  -4.4621357390025082E-002  0.39872281550456495        27.304360482504979        163.16470903062313        64.504288704719826     
  0.31600000000000023        2.7335015141002422E-002  -4.3433038897693267E-002  0.41203832484456188        27.072149650698211        169.37893767895278        65.419960172330377     
  0.31800000000000023        2.6357990278273315E-002  -4.2280463831679847E-002  0.42592329128385475        26.818925095594679        175.11296305239097        66.220116247579540     
  0.32000000000000023        2.5423238952479218E-002  -4.1162523083768221E-002  0.44034199744361369        26.545094578556519        181.58286774247273        67.086776232104867     
  0.32200000000000023        2.4528671881586191E-002  -4.0078138183859108E-002  0.45525217337513108        26.251131097592015        187.54897557123448        67.840752352995906     
  0.32400000000000023        2.3672314402349470E-002  -3.9026260951888450E-002  0.47060512776588181        25.937571698938882        193.41218251737064        68.542546170863005     
  0.32600000000000023        2.2852299612074318E-002  -3.8005873095693303E-002  0.48634598317628186        25.605015824079107        198.76058431010600        69.143335328190986     
  0.32800000000000024        2.2066861952557790E-002  -3.7015985762581825E-002  0.50241401251559847        25.254123190389777        204.77017838689542        69.792507095674466     
  0.33000000000000024        2.1314331205761969E-002  -3.6055639051584640E-002  0.51874307130902797        24.885611208695636        210.26685187200621        70.348123846763087     
  0.33200000000000024        2.0593126872993028E-002  -3.5123901492659544E-002  0.53526211796772272        24.500251946246717        215.62580956638803        70.856566284576914     
  0.33400000000000024        1.9901752911417825E-002  -3.4219869498478821E-002  0.55189581229232088        24.098868649063029        220.84336059564637        71.321995398497577     
  0.33600000000000024        1.9238792803637089E-002  -3.3342666793839994E-002  0.56856518086371322        23.682331843050683        225.91693572033401        71.745494567650681     
  0.33800000000000024        1.8602904937795234E-002  -3.2491443827216304E-002  0.58518833679892468        23.251555038646543        230.84625066797466        72.128358697980644     
  0.34000000000000025        1.7992818277314495E-002  -3.1665377168474458E-002  0.60168124059350880        22.807490069060801        235.62882224963394        72.475161169785039     
  0.34200000000000025        1.7407328300841966E-002  -3.0863668896354945E-002  0.61795848840204637        22.351122097213647        240.03227803895993        72.762268921162587     
  0.34400000000000025        1.6845293194376894E-002  -3.0085545978909087E-002  0.63393411411500966        21.883464331195476        244.77594804992103        73.067053408443272     
  0.34600000000000025        1.6305630278822078E-002  -2.9330259649727880E-002  0.64952239192466921        21.405552492417844        249.10420872669877        73.304329428873558     
  0.34800000000000025        1.5787312657393013E-002  -2.8597084782477557E-002  0.66463862670739438        20.918439084442031        253.31248085301272        73.519333711992303     
  0.35000000000000026        1.5289366068398444E-002  -2.7885319265947683E-002  0.67919992042649091        20.423187513726852        257.37205938350996        73.701489405445244     
  0.35200000000000026        1.4810865929934899E-002  -2.7194283381567833E-002  0.69312590384205508        19.920866116202710        261.29967655912827        73.857965398210283     
  0.35400000000000026        1.4350934563963743E-002  -2.6523319185093135E-002  0.70633942405002748        19.412542145434376        265.09289929780397        73.991181567684521     
  0.35600000000000026        1.3908738588113883E-002  -2.5871789893948501E-002  0.71876717970948267        18.970100519157914        268.76158761574931        74.097177243817526     
  0.35800000000000026        1.3483486464357375E-002  -2.5239079281522782E-002  0.73034029722874361        18.613500564913370        272.31339301763660        74.181198570223899     
  0.36000000000000026        1.3074426194451275E-002  -2.4624591079525030E-002  0.74099484260338833        18.257048922634056        275.73545276723280        74.246461710202382     
  0.36200000000000027        1.2680843152731703E-002  -2.4027748389357454E-002  0.75067226502268314        17.901744363488742        279.04907789219334        74.292886173291279     
  0.36400000000000027        1.2302058047488389E-002  -2.3447993103314732E-002  0.75931976972380544        17.548555626025838        282.24646043644060        74.319511330058432     
  0.36600000000000027        1.1937425002742332E-002  -2.2884785336289008E-002  0.76689061888873300        17.198416362135379        285.37192434406961        74.328657181118501     
  0.36800000000000027        1.1586329752805625E-002  -2.2337602868548155E-002  0.77366789260252211        16.852220422523388        288.38313511220247        74.322388910036594     
  0.37000000000000027        1.1248187942510781E-002  -2.1805940600043743E-002  0.78000291952802869        16.510817524578957        291.30642131105469        74.300740515499385     
  0.37200000000000027        1.0922443526479815E-002  -2.1289310016621332E-002  0.78589762487376080        16.175009340466520        294.13670072923668        74.265290604670270     
  0.37400000000000028        1.0608567261240189E-002  -2.0787238668413355E-002  0.79135469228793220        15.845546037964883        296.90551483655912        74.218221695669058     
  0.37600000000000028        1.0306055284413401E-002  -2.0299269660630365E-002  0.79637779393424590        15.523123300602993        299.59436952156301        74.157386010944933     
  0.37800000000000028        1.0014427775576457E-002  -1.9824961156890208E-002  0.80097151266340660        15.208379847491370        302.21347453058780        74.086218767794449     
  0.38000000000000028        9.7332276937614256E-003  -1.9363885895177495E-002  0.80514126243253570        14.901895466804749        304.76594254282583        74.004127508496808     
  0.38200000000000028        9.4620195868821040E-003  -1.8915630716465195E-002  0.80889320775878870        14.604189570307907        307.25974995279984        73.912492692814709     
  0.38400000000000029        9.2003884686881320E-003  -1.8479796105988083E-002  0.81223418283506477        14.315720269797273        309.69767804342592        73.810685122488820     
  0.38600000000000029        8.9479387591344696E-003  -1.8055995747119753E-002  0.81517161073205757        14.036883969892134        312.08123533192060        73.701337806508590     
  0.38800000000000029        8.7042932843186486E-003  -1.7643856087766280E-002  0.81771342292245663        13.768015465403463        314.42204529230088        73.582722721023501     
  0.39000000000000029        8.4690923323880018E-003  -1.7243015919159905E-002  0.81986797911957510        13.509388525657382        316.72226687241249        73.458067137565251     
  0.39200000000000029        8.2419927620518679E-003  -1.6853125966912953E-002  0.82164398715745957        13.261216942661882        318.97295472510984        73.324393776188757     
  0.39400000000000029        8.0226671605471440E-003  -1.6473848494163636E-002  0.82305042231252756        13.023656015094597        321.17930548679186        73.185281910390898     
  0.39600000000000030        7.8108030481083930E-003  -1.6104856916630887E-002  0.82409644505300372        12.796804435706585        323.37460352055922        73.039711501012690     
  0.39800000000000030        7.6061021261812122E-003  -1.5745835429375923E-002  0.82479131568108810        12.580706545982606        325.51794213864366        72.886111135806473     
  0.40000000000000030        7.4082795667919123E-003  -1.5396478645056097E-002  0.82514430359894875        12.375354918870343        327.62535119771360        72.730266856784198     
  0.40200000000000030        7.2170633406492017E-003  -1.5056491243442289E-002  0.82516458795617931        12.180693228022349        329.69711092382039        72.565468303474475     
  0.40400000000000030        7.0321935817077869E-003  -1.4725587631965574E-002  0.82486114500833974        11.996619360340548        331.74721210080372        72.398249973020953     
  0.40600000000000031        6.8534219860639581E-003  -1.4403491617048509E-002  0.82424261544416455        11.822988727725903        333.75737104510654        72.224715715690252     
  0.40800000000000031        6.6805112431865214E-003  -1.4089936085970764E-002  0.82331714183067917        11.659617733669355        335.71709891301469        72.052173828723767     
  0.41000000000000031        6.5132344976108567E-003  -1.3784662699015966E-002  0.82209216153196873        11.506287350797397        337.71698702732289        71.860361265373186     
  0.41200000000000031        6.3513748393394078E-003  -1.3487421591643366E-002  0.82057413289338055        11.362746766537990        339.63907914546508        71.678176079771575     
  0.41400000000000031        6.1947248212992122E-003  -1.3197971086424258E-002  0.81876816022465604        11.228717055714752        341.53130955063813        71.486315639981285     
  0.41600000000000031        6.0430860023101525E-003  -1.2916077414485982E-002  0.81667746264526997        11.103894841042921        343.40954604165955        71.289777499410079     
  0.41800000000000032        5.8962685141096790E-003  -1.2641514446202677E-002  0.81430259653288983        10.987955905097689        345.26064224732210        71.093173759150091     
  0.42000000000000032        5.7540906510704275E-003  -1.2374063430876402E-002  0.81164027816456508        10.880558720304769        347.09245133488685        70.892446823606591     
  0.42200000000000032        5.6163784813279202E-003  -1.2113512745151402E-002  0.80868153533080289        10.781347866768892        348.90961892490458        70.688239007704638     
  0.42400000000000032        5.4829654781154693E-003  -1.1859657649910003E-002  0.80540868622274231        10.689957311265610        350.66837142310533        70.479818986792310     
  0.42600000000000032        5.3536921701714318E-003  -1.1612300055396095E-002  0.80179016673445158        10.606013524351177        352.41787108163481        70.269485618800545     
  0.42800000000000032        5.2284058101578976E-003  -1.1371248294323035E-002  0.79777117089941485        10.529138416260450        354.12881874482878        70.055808632228349     
  0.43000000000000033        5.1069600600872449E-003  -1.1136316902719788E-002  0.79325553156787809        10.458952075991171        355.83895975248959        69.839550042262445     
  0.43200000000000033        4.9892146928169605E-003  -1.0907326408277653E-002  0.78806752142308811        10.395075301619588        357.50867940374741        69.621886049771120     
  0.43400000000000033        4.8750353087259023E-003  -1.0684103125962040E-002  0.78186181504190211        10.337131913432991        359.17814102195769        69.402840033675417     
  0.43600000000000033        4.7642930667399566E-003  -1.0466478960660731E-002  0.77387606174989221        10.284750844844933        360.81055149068067        69.179910286166319     
  0.43800000000000033        4.6568644289211765E-003  -1.0254291216641948E-002  0.76207777873007398        10.237568009205166        362.41073241527374        68.955149961209528     
  0.44000000000000034        4.5526309178830337E-003  -1.0047382413603610E-002  0.73887743670722006        10.195227943532629        363.98889866938759        68.727013472379269     
  0.44200000000000034        4.4514788863354677E-003  -9.8456001090983184E-003  0.65205845772773408        10.157385232840005        365.54583161939519        68.496936293564460     
  0.44400000000000034        4.3532992981051254E-003  -9.6487967271247956E-003  0.87211362888176192        10.123705721045338        367.08683377555860        68.271196312560576     
  0.44600000000000034        4.2579875200127642E-003  -9.4568293926810126E-003  0.81425229531263488        10.093867516521531        368.60010408247024        68.035396194312725     
  0.44800000000000034        4.1654431240275708E-003  -9.2695597720818344E-003  0.79533998646371795        10.067561802037467        370.07821762323783        67.800524516233509     
  0.45000000000000034        4.0755696991478492E-003  -9.0868539188446382E-003  0.78441483582805904        10.044493460272198        371.54954186716964        67.566408717238915     
  0.45200000000000035        3.9882746724931063E-003  -8.9085821249577958E-003  0.77636556818446090        10.024381527189579        373.01175005471140        67.332056268758166     
  0.45400000000000035        3.9034691391187266E-003  -8.7346187773471255E-003  0.76966372234237335        10.006959486378340        374.42892329298121        67.092119647398448     
  0.45600000000000035        3.8210677000941047E-003  -8.5648422193641757E-003  0.76370014317709023        9.9919754180216156        375.80655579489712        66.851170333902957     
  0.45800000000000035        3.7409883084093395E-003  -8.3991346171222551E-003  0.75818799900631895        9.9791920164402352        377.18492748108065        66.611707815596361     
  0.46000000000000035        3.6631521223021105E-003  -8.2373818305150597E-003  0.75297715829634371        9.9683864902334154        378.53461581131546        66.369795992902922     
  0.46200000000000035        3.5874833656170742E-003  -8.0794732887538648E-003  0.74798345341007111        9.9593503588883685        379.87255348666827        66.128163511647955     
  0.46400000000000036        3.5139091948336418E-003  -7.9253018702676592E-003  0.74315765549489388        9.9518891594131240        381.19790036988275        65.885398624606154     
  0.46600000000000036        3.4423595724172936E-003  -7.7747637868136148E-003  0.73847037693384643        9.9458220760747409        382.46747048287784        65.640343204724786     
  0.46800000000000036        3.3727671461682468E-003  -7.6277584716497298E-003  0.73390410892953328        9.9409815057151665        383.75258095995179        65.396251415127708     
  0.47000000000000036        3.3050671342608824E-003  -7.4841884716284968E-003  0.72944874192393172        9.9372125704153671        384.98016073309179        65.149735907652527     
  0.47200000000000036        3.2391972156825127E-003  -7.3439593430726074E-003  0.72509890719227654        9.9343725884888254        386.20234526436684        64.903559183257244     
  0.47400000000000037        3.1750974257969754E-003  -7.2069795512991483E-003  0.72085232624927331        9.9323305139485392        387.40218194846580        64.657407528194071     
  0.47600000000000037        3.1127100567738095E-003  -7.0731603736646463E-003  0.71670874521722561        9.9309663537064399        388.55324947273579        64.407720399680656     
  0.47800000000000037        3.0519795626361376E-003  -6.9424158060036279E-003  0.71266922299111279        9.9301705708710397        389.74349367763404        64.160832410168823     
  0.48000000000000037        2.9928524686967163E-003  -6.8146624723434343E-003  0.70873564130475686        9.9298434816181871        390.87355829441668        63.912321747691486     
  0.48200000000000037        2.9352772851606803E-003  -6.6898195377756986E-003  0.70491035867257590        9.9298946522185805        391.99196429178812        63.663829427661064     
  0.48400000000000037        2.8792044246883862E-003  -6.5678086243744519E-003  0.70119596054070055        9.9302423019509476        393.07382774716831        63.414008904332341     
  0.48600000000000038        2.8245861237205499E-003  -6.4485537300503736E-003  0.69759507575098489        9.9308127168157441        394.15663301499706        63.163720708773241     
  0.48800000000000038        2.7713763673800421E-003  -6.3319811502376092E-003  0.69411024009511479        9.9315396781749747        395.20857547144192        62.913588544976378     
  0.49000000000000038        2.7195308177738703E-003  -6.2180194023115270E-003  0.69074379432175004        9.9323639097287213        396.23952730190848        62.662460364901385     
  0.49200000000000038        2.6690067455277804E-003  -6.1065991526390749E-003  0.68749780814963068        9.9332325455566934        397.77951678012204        62.496431386044996     
  0.49400000000000038        2.6197629643961817E-003  -5.9976531461687094E-003  0.68437402448535556        9.9340986213450098        398.28143729017120        62.170519044491321     
  0.49600000000000039        2.5717597687962726E-003  -5.8911161384672820E-003  0.68137381980995970        9.9349205903542295        399.21940316655650        61.911833554074249     
  0.49800000000000039        2.5249588741257972E-003  -5.7869248301181345E-003  0.67849817783549538        9.9356618651956801        400.15924540832668        61.660019134333872     
  0.50000000000000033        2.4793233597283546E-003  -5.6850178033936976E-003  0.67574767430608718        9.9362903860310574        401.09048683795993        61.408782239917095     
  0.50200000000000033        2.4348176143796892E-003  -5.5853354611225580E-003  0.67312247130486169        9.9367782154383750        401.99468573335872        61.157853708267410     
  0.50400000000000034        2.3914072841734963E-003  -5.4878199676716066E-003  0.67062231977310349        9.9371011598430901        402.89979168343837        60.907331035918645     
  0.50600000000000034        2.3490592226917449E-003  -5.3924151919668229E-003  0.66824656915876546        9.9372384171457533        403.75534600729691        60.655167534216979     
  0.50800000000000034        2.3077414433515563E-003  -5.2990666524812676E-003  0.66599418325515169        9.9371722499310113        404.61402513587069        60.404031669988008     
  0.51000000000000034        2.2674230738238032E-003  -5.2077214641169361E-003  0.66386376137345537        9.9368876834634730        405.41938025315636        60.151165358716817     
  0.51200000000000034        2.2280743124275994E-003  -5.1183282869161715E-003  0.66185356405377793        9.9363722275174418        406.22785886854172        59.898109186801733     
  0.51400000000000035        2.1896663864052908E-003  -5.0308372765331790E-003  0.65996154255151862        9.9356156209745432        407.02851440921796        59.648461206512650     
  0.51600000000000035        2.1521715119914835E-003  -4.9452000364055585E-003  0.65818537136388444        9.9346095980403177        407.79588684321754        59.393694804469376     
  0.51800000000000035        2.1155628561913267E-003  -4.8613695715632576E-003  0.65652248309252625        9.9333476748722749        408.54648874108392        59.145484736935700     
  0.52000000000000035        2.0798145001886025E-003  -4.7793002440168174E-003  0.65497010493166896        9.9318249553830142        409.29374857768727        58.896999171113464     
  0.52200000000000035        2.0449014043083008E-003  -4.6989477296686200E-003  0.65352529614357857        9.9300379549656714        409.97607385211631        58.640538373625951     
  0.52400000000000035        2.0107993744612456E-003  -4.6202689766919377E-003  0.65218498587606089        9.9279844409040106        410.66717272327787        58.391191036877750     
  0.52600000000000036        1.9774850300033607E-003  -4.5432221653265705E-003  0.65094601072552793        9.9256632882391642        411.31246038126778        58.137257497103434     
  0.52800000000000036        1.9449357729435020E-003  -4.4677666690385795E-003  0.64980515151645979        9.9230743499065799        411.94488148251071        57.883732484674681     
  0.53000000000000036        1.9131297584392530E-003  -4.3938630169971689E-003  0.64875916879001305        9.9202183399947881        412.59250890216509        57.635159036464913     
  0.53200000000000036        1.8820458665219566E-003  -4.3214728578216260E-003  0.64780483658027754        9.9170967290275769        413.19385484274864        57.383408537949450     
  0.53400000000000036        1.8516636749940261E-003  -4.2505589245511637E-003  0.64693897407218071        9.9137116502251867        413.86359716477602        57.137529182605107     
  0.53600000000000037        1.8219634334472295E-003  -4.1810850007967838E-003  0.64615847487648259        9.9100658157611043        414.36811922929201        56.882674711601609     
  0.53800000000000037        1.7929260383501590E-003  -4.1130158880312391E-003  0.64546033364391420        9.9061624420855185        414.89811569569491        56.630552757209934     
  0.54000000000000037        1.7645330091576236E-003  -4.0463173739776282E-003  0.64484166984686930        9.9020051834562466        415.38380408596663        56.375649293965630     
  0.54200000000000037        1.7367664653958679E-003  -3.9809562020570897E-003  0.64429974862783390        9.8975980728679254        415.92395662330046        56.129329342418252     
  0.54400000000000037        1.7096091046804704E-003  -3.9169000418585688E-003  0.64383199863824880        9.8929454696472661        416.42085233185833        55.880394618145303     
  0.54600000000000037        1.6830441816251525E-003  -3.8541174605939269E-003  0.64343602688923218        9.8880520130193830        416.94360193458942        55.634103772901675     
  0.54800000000000038        1.6570554876026821E-003  -3.7925778955043886E-003  0.64310963065624227        9.8829225810290016        417.31687649937390        55.376665858377557     
  0.55000000000000038        1.6316273313195953E-003  -3.7322516271837227E-003  0.64285080654146576        9.8775622542353183        417.78965823335966        55.129662381050657     
  0.55200000000000038        1.6067445201696866E-003  -3.6731097537867734E-003  0.64265775682003567        9.8719762836703406        418.19303164009307        54.877629895889541     
  0.55400000000000038        1.5823923423316979E-003  -3.6151241660914756E-003  0.64252889325085338        9.8661700625736639        418.60901743842652        54.631908703047337     
  0.55600000000000038        1.5585565495791882E-003  -3.5582675233849512E-003  0.64246283854651798        9.8601491014929774        418.95600904407905        54.378902621572571     
  0.55800000000000038        1.5352233407713643E-003  -3.5025132301443065E-003  0.64245842568558797        9.8539190063525801        419.24963325457486        54.122437204210605     
  0.56000000000000039        1.5123793459954605E-003  -3.4478354134844032E-003  0.64251469532960592        9.8474854591504357        419.60133013671469        53.873630082915788     
  0.56200000000000039        1.4900116113327777E-003  -3.3942089013460084E-003  0.64263089154742759        9.8408542009727960        419.96973431617073        53.632677425230654     
  0.56400000000000039        1.4681075842213830E-003  -3.3416092013981275E-003  0.64280645607700571        9.8340310170505347        420.28810128045995        53.385061307199095     
  0.56600000000000039        1.4466550993899692E-003  -3.2900124806297549E-003  0.64304102135452224        9.8270217236100592        420.55622338164011        53.135123174674078     
  0.56800000000000039        1.4256423653386194E-003  -3.2393955456070534E-003  0.64333440253719443        9.8198321562959165        420.76422419998494        52.882954351906484     
  0.57000000000000040        1.4050579513431598E-003  -3.1897358233728525E-003  0.64368658870639706        9.8124681599813623        421.04665879221994        52.636543067363121     
  0.57200000000000040        1.3848907749610144E-003  -3.1410113429661641E-003  0.64409773344923948        9.8049355797830273        421.27697259018237        52.389803392532031     
  0.57400000000000040        1.3651300900171673E-003  -3.0932007175399553E-003  0.64456814500483828        9.7972402531346408        421.48243593432420        52.140404688065964     
  0.57600000000000040        1.3457654750504040E-003  -3.0462831270569994E-003  0.64509827613002890        9.7893880027891207        421.65724766513870        51.896134451274690     
  0.57800000000000040        1.3267868222003264E-003  -3.0002383015435069E-003  0.64568871380248771        9.7813846306229077        421.83003937981954        51.644790602378073     
  0.58000000000000040        1.3081843265167331E-003  -2.9550465048812659E-003  0.64634016894432456        9.7732359121493104        421.93474954561344        51.396567690400204     
  0.58200000000000041        1.2899484756739507E-003  -2.9106885191200597E-003  0.64705346619447301        9.7649475916442530        422.17258887578640        51.157765612069859     
  0.58400000000000041        1.2720700400731270E-003  -2.8671456292920804E-003  0.64782953389258280        9.7565253778126451        422.21293719854884        50.902217316083807     
  0.58600000000000041        1.2545400633167864E-003  -2.8243996087117559E-003  0.64866939430969672        9.7479749399165954        422.30679920001614        50.655858711458542     
  0.58800000000000041        1.2373498530399241E-003  -2.7824327047436372E-003  0.64957415419368159        9.7393019043163562        422.28376254262287        50.393169089156885     
  0.59000000000000041        1.2204909720831753E-003  -2.7412276250226527E-003  0.65054499567364710        9.7305118513714497        422.43615777799869        50.162477284695548     
  0.59200000000000041        1.2039552299944335E-003  -2.7007675241119051E-003  0.65158316757781687        9.7216103126449784        422.48816750978966        49.916840309081621     
  0.59400000000000042        1.1877346748449670E-003  -2.6610359905821172E-003  0.65268997715889177        9.7126027683899956        422.49018009388953        49.669654782825226     
  0.59600000000000042        1.1718215853475655E-003  -2.6220170344989999E-003  0.65386678225998096        9.7034946452722419        422.49900426825138        49.423121648293332     
  0.59800000000000042        1.1562084632646635E-003  -2.5836950753048370E-003  0.65511498392873801        9.6942913143027614        422.51702110649472        49.177961625135637     
  0.60000000000000042        1.1408880260943362E-003  -2.5460549300804257E-003  0.65643601947302999        9.6849980889572311        422.45032874328496        48.930686732139151     
