   0.0000000000000000        0.0000000000000000        0.0000000000000000        0.0000000000000000       0.20028544944121821        0.0000000000000000        0.0000000000000000     
   1.0000000000000000E-002   0.0000000000000000        0.0000000000000000        0.0000000000000000       0.19083883488804460        0.0000000000000000        0.0000000000000000     
   2.0000000000000000E-002   0.0000000000000000        0.0000000000000000        0.0000000000000000       0.18159761977960837        0.0000000000000000        0.0000000000000000     
   2.9999999999999999E-002   0.0000000000000000        0.0000000000000000        1.0194506909583523E-003  0.17255717578109475        0.0000000000000000        0.0000000000000000     
   4.0000000000000001E-002   2.1445474377390992E-015   7.4808497997466663E-014   2.9715072702540491E-003  0.16371294407111511        0.0000000000000000        0.0000000000000000     
   5.0000000000000003E-002   9.5044447372644246E-015   3.3267524985164208E-013   4.8430662900138437E-003  0.15506043731354224        0.0000000000000000        0.0000000000000000     
   6.0000000000000005E-002  -5.0943619301260015E-015   6.3864762425892811E-013   6.6364190888837772E-003  0.14659524159909335        0.0000000000000000        0.0000000000000000     
   7.0000000000000007E-002  -1.9236517152144253E-014   1.0370508239975280E-012   8.3538882827659151E-003  0.13831301854909797        0.0000000000000000        0.0000000000000000     
   8.0000000000000002E-002  -3.4780470582654395E-014   1.5845652110741666E-012   9.9978175826994139E-003  0.13020950744449766        0.0000000000000000        0.0000000000000000     
   8.9999999999999997E-002  -5.3566105983511216E-014   2.3576788180504048E-012   1.1570561465511719E-002  0.12228052753194445        0.0000000000000000        0.0000000000000000     
   9.9999999999999992E-002  -7.7613305761572504E-014   3.4625452136836438E-012   1.3074474678250968E-002  0.11452198038189387        0.0000000000000000        0.0000000000000000     
  0.10999999999999999       -1.0930876846110100E-013   5.0484070717922512E-012   1.4511901945283213E-002  0.10692985241228196        0.0000000000000000        0.0000000000000000     
  0.11999999999999998       -1.5159512982428901E-013   7.3261316547766952E-012   1.5885167082553716E-002   9.9500217632859281E-002   0.0000000000000000        0.0000000000000000     
  0.12999999999999998       -2.0817168054823774E-013   1.0593951326342611E-011   1.7196562837511645E-002   9.2229240454377789E-002   0.0000000000000000        0.0000000000000000     
  0.13999999999999999       -2.8371096329586787E-013   1.5273261213222606E-011   1.8448339786616301E-002   8.5113178792500965E-002   0.0000000000000000        0.0000000000000000     
  0.14999999999999999       -3.8408913180978639E-013   2.1958368273696170E-011   1.9642695749042371E-002   7.8148387313650383E-002   0.0000000000000000        0.0000000000000000     
  0.16000000000000000       -5.1661875146287897E-013   3.1485508445226324E-011   2.0781764904853322E-002   7.1331320943779183E-002   2.0054982207530497E-018   1.7948992303544718E-017
  0.17000000000000001       -6.9025883125264215E-013   4.5028381542470262E-011   2.1867607004072288E-002   6.4658538606124832E-002   5.9130369327387135E-017   5.2331063285079580E-016
  0.18000000000000002       -9.1575571360892293E-013   6.4230073437099197E-011   2.2902196445699432E-002   5.8126707216912904E-002   2.5053902347952652E-016   2.2018701020782115E-015
  0.19000000000000003       -1.2056364032321873E-012   9.1384780011323035E-011   2.3887411367012036E-002   5.1732605965984640E-002   7.0450561569045907E-016   6.1508131986058064E-015
  0.20000000000000004       -1.5739279503237232E-012   1.2968754059349394E-010   2.4825022780971213E-002   4.5473130838501165E-002   1.6288846685926900E-015   1.4123139242270558E-014
  0.21000000000000005       -2.0354055961368258E-012   1.8357667030549096E-010   2.5716683635438692E-002   3.9345299484348159E-002   3.3544734943395945E-015   2.8871790039704802E-014
  0.22000000000000006       -2.6040688062169311E-012   2.5920235350184045E-010   2.6563917970407688E-002   3.3346256318898274E-002   6.4009792831438019E-015   5.4671078484119258E-014
  0.23000000000000007       -3.2903946434257566E-012   3.6506675216152102E-010   2.7368110094800252E-002   2.7473278032246005E-002   1.1566797167715990E-014   9.8019261545283486E-014
  0.24000000000000007       -4.0967037912060227E-012   5.1289713420619521E-010   2.8130493819501095E-002   2.1723779266964078E-002   2.0061465591884401E-014   1.6868160710778742E-013
  0.25000000000000006       -5.0096709052880547E-012   7.1883550913483962E-010   2.8852141648670115E-002   1.6095318714845794E-002   3.3669826707080367E-014   2.8098464935063610E-013
  0.26000000000000006       -5.9885839823247613E-012   1.0050582340078841E-009   2.9533954253812510E-002   1.0585605438907627E-002   5.4951743836699687E-014   4.5542243971357539E-013
  0.27000000000000007       -6.9473615128940789E-012   1.4019799809356540E-009   3.0176649791746720E-002   5.1925054841753162E-003   8.7545222374110322E-014   7.2116956108976530E-013
  0.28000000000000008       -7.7275103485684535E-012   1.9512523582944338E-009   3.0780753463507945E-002   0.0000000000000000        1.3616604891721243E-013   1.1161253848413246E-012
  0.29000000000000009       -8.0580702911959096E-012   2.7098437601508898E-009   3.1346587284471303E-002   0.0000000000000000        2.0756877395058381E-013   1.6949303576654088E-012
  0.30000000000000010       -7.4970359483273081E-012   3.7555908695599240E-009   3.1874259746213822E-002   0.0000000000000000        3.1060858908129869E-013   2.5293755403543977E-012
  0.31000000000000011       -5.3466308528824101E-012   5.1947530830041113E-009   3.2363655817295313E-002   0.0000000000000000        4.5824857551678046E-013   3.7244602076043834E-012
  0.32000000000000012       -5.3194772509215972E-013   7.1722911181175837E-009   3.2814427251565192E-002   0.0000000000000000        6.6843101703826563E-013   5.4244125618054782E-012
  0.33000000000000013        8.5713798439065862E-012   9.8858456636914219E-009   3.3225982818311808E-002   0.0000000000000000        9.6656352312847386E-013   7.8301797701383008E-012
  0.34000000000000014        2.4379959036142972E-011   1.3604730422194952E-008   3.3597479219980422E-002   0.0000000000000000        1.3886806246879217E-012   1.1228365381388231E-011
  0.35000000000000014        5.0442214509601316E-011   1.8695699958617667E-008   3.3927812089644342E-002   0.0000000000000000        1.9849596543245284E-012   1.6016793824361785E-011
  0.36000000000000015        9.1910187176058628E-011   2.5657834962906681E-008   3.4215607769611342E-002   0.0000000000000000        2.8252130500743937E-012   2.2747060365996426E-011
  0.37000000000000016        1.5619096281359929E-010   3.5169639709527297E-008   3.4459215296497467E-002   0.0000000000000000        4.0066085215248757E-012   3.2184403267823713E-011
  0.38000000000000017        2.5384086428396646E-010   4.8152408119088257E-008   3.4656699480132218E-002   0.0000000000000000        5.6640818509072076E-012   4.5387942373365249E-011
  0.39000000000000018        3.9978608992128583E-010   6.5855131167637854E-008   3.4805834758883089E-002   0.0000000000000000        7.9828877733854986E-012   6.3806371830914289E-011
  0.40000000000000019        6.1498021226107823E-010   8.9967740634314372E-008   3.4904100207718933E-002   0.0000000000000000        1.1220909185168714E-011   8.9450880654572888E-011
  0.41000000000000020        9.2864357443647267E-010   1.2277136945217112E-007   3.4948675910199109E-002   0.0000000000000000        1.5727618019309877E-011   1.2503418112702199E-010
  0.42000000000000021        1.3812742733732975E-009   1.6733662031208700E-007   3.4936441167766959E-002   0.0000000000000000        2.1988243415069347E-011   1.7431320918504155E-010
  0.43000000000000022        2.0286777598730845E-009   2.2778364079690968E-007   3.4863974672402737E-002   0.0000000000000000        3.0661231194090997E-011   2.4236434244856522E-010
  0.44000000000000022        2.9473354125091555E-009   3.0962118065002609E-007   3.4727557457623383E-002   0.0000000000000000        4.2645177288785383E-011   3.3609018872187716E-010
  0.45000000000000023        4.2415258208401789E-009   4.2018583718097393E-007   3.4523178742566614E-002   0.0000000000000000        5.9171203115370593E-011   4.6491918789315376E-010
  0.46000000000000024        6.0527309341531492E-009   5.6920746859909505E-007   3.4246545597756257E-002   0.0000000000000000        8.1887353871965752E-011   6.4140756450293794E-010
  0.47000000000000025        8.5720087898919738E-009   7.6953237211155404E-007   3.3893097058310583E-002   0.0000000000000000        1.1306349824775219E-010   8.8280633732481291E-010
  0.48000000000000026        1.2056202637883728E-008   1.0380423956198064E-006   3.3458023450943015E-002   0.0000000000000000        1.5572294363744759E-010   1.2119852096002363E-009
  0.49000000000000027        1.6849091876102589E-008   1.3968158053397648E-006   3.2936292012178188E-002   0.0000000000000000        2.1395684668439875E-010   1.6597664523624180E-009
  0.50000000000000022        2.3408884075568052E-008   1.8745846118161590E-006   3.2322679713977780E-002   0.0000000000000000        2.9324226127251553E-010   2.2672510810816977E-009
  0.51000000000000023        3.2343812363291354E-008   2.5085533318345348E-006   3.1611814570639885E-002   0.0000000000000000        4.0101294242288518E-010   3.0900191319748814E-009
  0.52000000000000024        4.4458053839744917E-008   3.3466560299642476E-006   3.0798226700632356E-002   0.0000000000000000        5.4700279766351735E-010   4.2004670706343425E-009
  0.53000000000000025        6.0810740572609530E-008   4.4503421705398182E-006   2.9876410770000923E-002   0.0000000000000000        7.4441213630889226E-010   5.6964848958048279E-009
  0.54000000000000026        8.2791516171448888E-008   5.8979975869691417E-006   2.8840901151665311E-002   0.0000000000000000        1.0106313593066681E-009   7.7063629632640599E-009
  0.55000000000000027        1.1221692258191293E-007   7.7891250515678534E-006   2.7686361540764513E-002   0.0000000000000000        1.3688295509960481E-009   1.0400267213160943E-008
  0.56000000000000028        1.5145291185257773E-007   1.0249429863176787E-005   2.6407691272863628E-002   0.0000000000000000        1.8498845141493669E-009   1.4004154205309110E-008
  0.57000000000000028        2.0356999850446893E-007   1.3436979966526610E-005   2.5000149429883350E-002   0.0000000000000000        2.4939351146073126E-009   1.8810345048485498E-008
  0.58000000000000029        2.7253903615110414E-007   1.7549637826760471E-005   2.3459499373049177E-002   0.0000000000000000        3.3549423381563018E-009   2.5210019629837909E-008
  0.59000000000000030        3.6347735760525779E-007   2.2833993093214518E-005   2.1782175419214657E-002   0.0000000000000000        4.5013878057344259E-009   3.3697009308136928E-008
  0.60000000000000031        4.8295710506643852E-007   2.9596061512419787E-005   1.9965473298312324E-002   0.0000000000000000        6.0262175041870587E-009   4.4939274893221063E-008
  0.61000000000000032        6.3939004347846144E-007   3.8214057109348877E-005   1.8007766507579147E-002   0.0000000000000000        8.0493016617679652E-009   5.9793897525972371E-008
  0.62000000000000033        8.4350604532159804E-007   4.9153591838420308E-005   1.5908749765952458E-002   0.0000000000000000        1.0728278339531626E-008   7.9382668222934284E-008
  0.63000000000000034        1.1089458092007107E-006   6.2985710128478001E-005   1.3669710838360754E-002   0.0000000000000000        1.4263576292922709E-008   1.0512374114841289E-007
  0.64000000000000035        1.4529922765222526E-006   8.0408225289574695E-005   1.1293831777253700E-002   0.0000000000000000        1.8922605557512500E-008   1.3890320830764292E-007
  0.65000000000000036        1.8974696852396727E-006   1.0227089067452684E-004   8.7865192206391593E-003   0.0000000000000000        2.5045959114284033E-008   1.8310817656316413E-007
  0.66000000000000036        2.4698442846174686E-006   1.2960501052588068E-004   6.1557635590772783E-003   0.0000000000000000        3.3123579844989918E-008   2.4116291601206536E-007
  0.67000000000000037        3.2045664560397111E-006   1.6365817284953190E-004   3.4125253257425835E-003   0.0000000000000000        4.3587996729590669E-008   3.1605503490485065E-007
  0.68000000000000038        4.1447003506336976E-006   2.0593486805281695E-004   5.7114655544648592E-004   0.0000000000000000        5.7307161079086705E-008   4.1379751199460741E-007
  0.69000000000000039        5.3438941488356481E-006   2.5824384021391159E-004   0.0000000000000000        0.0000000000000000        7.5174811847458183E-008   5.4052536561555341E-007
  0.70000000000000040        6.8687516192310953E-006   3.2275309932656976E-004   0.0000000000000000        0.0000000000000000        9.8395164589760548E-008   7.0447526743341316E-007
  0.71000000000000041        8.8016737043979541E-006   4.0205359786008867E-004   0.0000000000000000        0.0000000000000000        1.2852318824480164E-007   9.1622942778783840E-007
  0.72000000000000042        1.1244247221534430E-005   4.9923263685467702E-004   0.0000000000000000        0.0000000000000000        1.6744219502479172E-007   1.1885030149506010E-006
  0.73000000000000043        1.4321266170145903E-005   6.1795810669499393E-004   0.0000000000000000        0.0000000000000000        2.1766534203843264E-007   1.5382179984217129E-006
  0.74000000000000044        1.8185479188769403E-005   7.6257467419553796E-004   0.0000000000000000        0.0000000000000000        2.8253572305129598E-007   1.9878542190759519E-006
  0.75000000000000044        2.3023163816467847E-005   9.3821298616130963E-004   0.0000000000000000        0.0000000000000000        3.6572631913836820E-007   2.5617247584336277E-006
  0.76000000000000045        2.9060633571968787E-005   1.1509128522057088E-003   0.0000000000000000        0.0000000000000000        4.7242270900537228E-007   3.2942734816483709E-006
  0.77000000000000046        3.6571786339571466E-005   1.4077611746962540E-003   0.0000000000000000        0.0000000000000000        6.0904941364124905E-007   4.2277078829910952E-006
  0.78000000000000047        4.5886800655162674E-005   1.7170450859589432E-003   0.0000000000000000        0.0000000000000000        7.8347753613676113E-007   5.4137512805424874E-006
  0.79000000000000048        5.7402078308633724E-005   2.0884203036755505E-003   0.0000000000000000        0.0000000000000000        1.0055437972191034E-006   6.9162591945903737E-006
  0.80000000000000049        7.1591514870281148E-005   2.5330940937030111E-003   0.0000000000000000        0.0000000000000000        1.2877981926265424E-006   8.8166574233217464E-006
  0.81000000000000050        8.9019151542469148E-005   3.0640214035279828E-003   0.0000000000000000        0.0000000000000000        1.6459667218286882E-006   1.1216247458278124E-005
  0.82000000000000051        1.1035321905029038E-004   3.6961116694003552E-003   0.0000000000000000        0.0000000000000000        2.0990867159930705E-006   1.4236811909244125E-005
  0.83000000000000052        1.3638152390908753E-004   4.4464424819584038E-003   0.0000000000000000        0.0000000000000000        2.6707773900844482E-006   1.8028523638122681E-005
  0.84000000000000052        1.6802804632680364E-004   5.3344747064150615E-003   0.0000000000000000        0.0000000000000000        3.3915229780218896E-006   2.2784913941164567E-005
  0.85000000000000053        2.0637051484005269E-004   6.3822618002287133E-003   0.0000000000000000        0.0000000000000000        4.2984974901046598E-006   2.8739802658815597E-005
  0.86000000000000054        2.5265859440175281E-004   7.6146439870185172E-003   0.0000000000000000        0.0000000000000000        5.4342949881564629E-006   3.6158507158774404E-005
  0.87000000000000055        3.0833217284001002E-004   9.0594157007416951E-003   0.0000000000000000        0.0000000000000000        6.8570885384135508E-006   4.5404069020120037E-005
  0.88000000000000056        3.7503905894669770E-004   1.0747452426368752E-002   0.0000000000000000        0.0000000000000000        8.6335804865439463E-006   5.6888127520184050E-005
  0.89000000000000057        4.5465122104043707E-004   1.2712780905850471E-002   2.2301517195793497E-004   0.0000000000000000        1.0846962078569052E-005   7.1121677444306068E-005
  0.90000000000000058        5.4927850904016294E-004   1.4992574885392488E-002   9.9347747929756248E-003   9.3018827224429414E-003   1.3602422710076121E-005   8.8748182194896266E-005
  0.91000000000000059        6.6127863189965170E-004   1.7627057445924160E-002   2.1300066273254151E-002   2.1580865992907285E-002   1.7018556908101752E-005   1.1048166844469219E-004
  0.92000000000000060        7.9326202628225630E-004   2.0659290825425572E-002   3.4378208461842225E-002   3.4449432351255492E-002   2.1244106401347631E-005   1.3722941912669892E-004
  0.93000000000000060        9.4809017596657211E-004   2.4134835875488307E-002   4.9198680130683112E-002   4.7849554563926894E-002   2.6463987689822538E-005   1.7009023222236766E-004
  0.94000000000000061        1.1288659510792602E-003   2.8101266244641033E-002   6.5752063290638416E-002   6.1704406665167626E-002   3.2892766695891795E-005   2.1034296480307261E-004
  0.95000000000000062        1.3389146575163208E-003   3.2607527324386563E-002   8.3979410140257449E-002   7.5915977492819253E-002   4.0798026989897010E-005   2.5957480558919913E-004
  0.96000000000000063        1.5817547409467565E-003   3.7703137065971351E-002  0.10375988784494622        9.0362615200038104E-002   5.0486236889766433E-005   3.1958264973140882E-004
  0.97000000000000064        1.8610574885686829E-003   4.3437234897018666E-002  0.12489656927798841       0.10489649519469206        6.2356309202751697E-005   3.9269894564226222E-004
  0.98000000000000065        2.1805956134018996E-003   4.9857495777568157E-002  0.14710025097634971       0.11934097509555708        7.6833474429423117E-005   4.8138784860697105E-004
  0.99000000000000066        2.5441812704975540E-003   5.7008938255197712E-002  0.16997119854914314       0.13348776353977262        9.4461174076997245E-005   5.8877927634207411E-004
   1.0000000000000007        2.9555948019107268E-003   6.4932667213449410E-002  0.19297873914499225       0.14709378150995434        1.1586375015113675E-004   7.1844607089194290E-004
   1.0100000000000007        3.4185062778011636E-003   7.3664602609460172E-002  0.21543863690581391       0.15987754380286598        1.4180105456487017E-004   8.7470610285140258E-004
   1.0200000000000007        3.9363926192753761E-003   8.3234253495247337E-002  0.23648821205274653       0.17151483310428470        1.7316065437470804E-004   1.0625850419557457E-003
   1.0300000000000007        4.5124536717687826E-003   9.3663600706450523E-002  0.25505918423526869       0.18163340979734377        2.1094579441457691E-004   1.2876800940400813E-003
   1.0400000000000007        5.1495309668080592E-003  0.10496615076039750       0.26984825333505069       0.18980650094315699        2.5634041672230697E-004   1.5565804131194025E-003
   1.0500000000000007        5.8500330022245159E-003  0.11714621720701766       0.27928547012272625       0.19554492764017450        3.1078688640966563E-004   1.8772732885106367E-003
   1.0600000000000007        6.6158706518689289E-003  0.13019847405054824       0.28150050549807748       0.19828800863900387        3.7587889994873181E-004   2.2584711123843832E-003
   1.0700000000000007        7.4484057877582310E-003  0.14410780974967044       0.27428700279264601       0.19739399836386867        4.5347087295267595E-004   2.7103018799508783E-003
   1.0800000000000007        8.3484154017576320E-003  0.15884949119714370       0.25506530055422338       0.19213190614313369        5.4571792189055937E-004   3.2444007982382153E-003
   1.0900000000000007        9.3160725269140782E-003  0.17438962692036108       0.22084394540575250       0.18167817025251901        6.5506293662067759E-004   3.8738362535421580E-003
   1.1000000000000008        1.0350944181656180E-002  0.19068589964514701       0.16818057754725790       0.16512322143782346        7.8413582015340747E-004   4.6125659679658671E-003
   1.1100000000000008        1.1452005504286258E-002  0.20768852228930981        9.3142972716815556E-002  0.14149197012426559        9.3628233884804411E-004   5.4782789634279369E-003
   1.1200000000000008        1.2617668315005416E-002  0.22534135992126053        0.0000000000000000        5.6795410804380171E-002   1.1149661388637389E-003   6.4891462205607722E-003
   1.1300000000000008        1.3845821621399777E-002  0.24358315410743647        0.0000000000000000        5.9705626201311673E-002   1.3239477430119677E-003   7.6645552799948198E-003
   1.1400000000000008        1.5133881122939405E-002  0.26234878553179697        0.0000000000000000        6.2610337392402404E-002   1.5677487814103838E-003   9.0277728252986505E-003
   1.1500000000000008        1.6478844587189543E-002  0.28157051527643517        0.0000000000000000        6.5506465026932567E-002   1.8504496127417838E-003   1.0599867407234623E-002
   1.1600000000000008        1.7877350048327863E-002  0.30117915366007708        0.0000000000000000        6.8390981698389253E-002   2.1798303335243681E-003   1.2420084378922402E-002
   1.1700000000000008        1.9325734073787827E-002  0.32110511669156738        0.0000000000000000        7.1260915041229972E-002   2.5579354313692284E-003   1.4496641795028830E-002
   1.1800000000000008        2.0820087797252876E-002  0.34127934258397807        0.0000000000000000        7.4113350704939490E-002   2.9930323251308698E-003   1.6873993777775917E-002
   1.1900000000000008        2.2356308959292606E-002  0.36163405308814456        0.0000000000000000        7.6945435201354398E-002   3.4925464475076447E-003   1.9586818883528825E-002
   1.2000000000000008        2.3930148767208781E-002  0.38210335559991931        0.0000000000000000        7.9754378621605351E-002   4.0626423602801486E-003   2.2665077112174657E-002
   1.2100000000000009        2.5537252929631531E-002  0.40262369136184456        0.0000000000000000        8.2537457219423169E-002   4.7104248828543048E-003   2.6142433799025127E-002
   1.2200000000000009        2.7173196699435784E-002  0.42313414224341689        0.0000000000000000        8.5292015857922177E-002   5.4436240322482520E-003   3.0055450162867779E-002
   1.2300000000000009        2.8833514146197909E-002  0.44357661346953847        0.0000000000000000        8.8015470317357222E-002   6.2729743479149717E-003   3.4456365257954417E-002
   1.2400000000000009        3.0513722166234096E-002  0.46389591242667833        0.0000000000000000        9.0705309461732858E-002   7.2037995733035881E-003   3.9367436080595508E-002
   1.2500000000000009        3.2209339925485088E-002  0.48403974461497606        0.0000000000000000        9.3359097262515178E-002   8.2454837667600301E-003   4.4831610248470120E-002
   1.2600000000000009        3.3915904527661217E-002  0.50395864731140172        0.0000000000000000        9.5974474678058280E-002   9.4090668885121360E-003   5.0901030256062227E-002
   1.2700000000000009        3.5628983721961466E-002  0.52360587996154229        0.0000000000000000        9.8549161387730372E-002   1.0700766722303613E-002   5.7599993431149535E-002
   1.2800000000000009        3.7344186428300265E-002  0.54293728809361108        0.0000000000000000       0.10108095738007934        1.2135489899951672E-002   6.4999968340394912E-002
   1.2900000000000009        3.9057171780478621E-002  0.56191115496423394        0.0000000000000000       0.10356774439471000        1.3715120396093182E-002   7.3100828692401851E-002
   1.3000000000000009        4.0763657284738311E-002  0.58048805245154278        0.0000000000000000       0.10600748721791067        1.5450066507942662E-002   8.1948851504980963E-002
   1.3100000000000009        4.2459426575828137E-002  0.59863070009076691        0.0000000000000000       0.10839823483237648        1.7351475080894244E-002   9.1591311697424266E-002
   1.3200000000000010        4.4140337135565373E-002  0.61630383872502914        0.0000000000000000       0.11073812142170374        1.9424992031541029E-002  0.10204930487436738     
   1.3300000000000010        4.5802328227513435E-002  0.63347412309233664        0.0000000000000000       0.11302536723063848        2.1678845571596713E-002  0.11335394657107029     
   1.3400000000000010        4.7441429200979497E-002  0.65011003582342308        0.0000000000000000       0.11525827928236007        2.4124709694893012E-002  0.12555474274148382     
   1.3500000000000010        4.9053768231012804E-002  0.66618182378914348        0.0000000000000000       0.11743525195436805        2.6766593071453754E-002  0.13866059087306751     
   1.3600000000000010        5.0635581489807784E-002  0.68166145649801957        0.0000000000000000       0.11955476741480754        2.9617186515406294E-002  0.15272620051896291     
   1.3700000000000010        5.2183222688870518E-002  0.69652260527859045        0.0000000000000000       0.12161539592133706        3.2664082822102251E-002  0.16767331168566196     
   1.3800000000000010        5.3693172889714591E-002  0.71074064125780734        0.0000000000000000       0.12361579598488140        3.5931948691180354E-002  0.18361766013207548     
   1.3900000000000010        5.5162050452280814E-002  0.72429264963297091        0.0000000000000000       0.12555471440085478        3.9421695461898762E-002  0.20054976766705496     
   1.4000000000000010        5.6586620973060171E-002  0.73715745739981964        0.0000000000000000       0.12743098615065265        4.3143193510450803E-002  0.21850533921103529     
   1.4100000000000010        5.7963807057239747E-002  0.74931567151426104        0.0000000000000000       0.12924353417641818        4.7048636289005616E-002  0.23723269733250407     
   1.4200000000000010        5.9290697769321318E-002  0.76074972440447708        0.0000000000000000       0.13099136903228353        5.1279716561030954E-002  0.25742158973136697     
   1.4300000000000010        6.0564557612903358E-002  0.77144392379079973        0.0000000000000000       0.13267358841546256        5.5717567230870624E-002  0.27846375179952709     
   1.4400000000000011        6.1782834901196439E-002  0.78138450389391823        0.0000000000000000       0.13428937658073800        6.0394544566305629E-002  0.30050211695040335     
   1.4500000000000011        6.2943169394019588E-002  0.79055967530028826        0.0000000000000000       0.13583800364202878        6.5331625703874643E-002  0.32362424844929460     
   1.4600000000000011        6.4043399093417414E-002  0.79895967099300724        0.0000000000000000       0.13731882476487234        7.0501453506197007E-002  0.34767457883625619     
   1.4700000000000011        6.5081566107682648E-002  0.80657678633369434        0.0000000000000000       0.13873127925376447        7.5972020992009698E-002  0.37296107689226560     
   1.4800000000000011        6.6055921511745733E-002  0.81340541108515729        0.0000000000000000       0.14007488953841918        8.1690134483953430E-002  0.39920663385111826     
   1.4900000000000011        6.6964929149967753E-002  0.81944205188531016        0.0000000000000000       0.14134926006309934        8.7650745115067735E-002  0.42636356541980025     
   1.5000000000000011        6.7807268344925231E-002  0.82468534391135284        0.0000000000000000       0.14255407608325338        9.3964158880022880E-002  0.45492047841732275     
   1.5100000000000011        6.8581835492423249E-002  0.82913605080101338        0.0000000000000000       0.14368910237376578       0.10051935080474925       0.48433298980035400     
   1.5200000000000011        6.9287744538480134E-002  0.83279705221757316        0.0000000000000000       0.14475418185317354       0.10737956021612165       0.51486306775551283     
   1.5300000000000011        6.9924326348252658E-002  0.83567331875125739        0.0000000000000000       0.14574923412826379       0.11454071753283004       0.54646238346257536     
   1.5400000000000011        7.0491126989661465E-002  0.83777187413542820        0.0000000000000000       0.14667425396348058       0.12199303926789289       0.57904663164796932     
   1.5500000000000012        7.0987904965836957E-002  0.83910174501781543        0.0000000000000000       0.14752930967959932       0.12977825079939259       0.61277705593285059     
   1.5600000000000012        7.1414627440393216E-002  0.83967389876089926        0.0000000000000000       0.14831454148613996       0.13791606908637727       0.64769946480442320     
   1.5700000000000012        7.1771465507991752E-002  0.83950116994909263        0.0000000000000000       0.14903015975197859       0.14634268277031517       0.68346991782727617     
   1.5800000000000012        7.2058788569714677E-002  0.83859817645196577        0.0000000000000000       0.14967644321861187       0.15511385995054264       0.72031699867545584     
   1.5900000000000012        7.2277157878511938E-002  0.83698122603184222        0.0000000000000000       0.15025373716050530       0.16427808973379948       0.75841027504341096     
   1.6000000000000012        7.2427319324476422E-002  0.83466821459086538        0.0000000000000000       0.15076245149692849       0.17378895275354575       0.79748497306763277     
   1.6100000000000012        7.2510195533023833E-002  0.83167851722810393        0.0000000000000000       0.15120305885963137       0.18366756941054668       0.83759055832866891     
   1.6200000000000012        7.2526877351321448E-002  0.82803287332331710        0.0000000000000000       0.15157609262067767       0.19395186926795463       0.87884834472380846     
   1.6300000000000012        7.2478614799580648E-002  0.82375326688268702        0.0000000000000000       0.15188214488468857       0.20463353889139566       0.92116965548754814     
   1.6400000000000012        7.2366807564220523E-002  0.81886280337597295        0.0000000000000000       0.15212186444968540       0.21571577317464632       0.96452086948634941     
   1.6500000000000012        7.2192995109502514E-002  0.81338558426709895        0.0000000000000000       0.15229595474065130       0.22722691389410435        1.0089830238767012     
   1.6600000000000013        7.1958846483124186E-002  0.80734658039425844        0.0000000000000000       0.15240517171985463       0.23900322470411306        1.0536882036653579     
   1.6700000000000013        7.1666149889513267E-002  0.80077150529440255        0.0000000000000000       0.15245032177788445       0.25159430595841470        1.1011704929039445     
   1.6800000000000013        7.1316802102291188E-002  0.79368668949367427        0.0000000000000000       0.15243225960927298       0.26442899046442858        1.1487525693677589     
   1.6900000000000013        7.0912797784619341E-002  0.78611895670283793        0.0000000000000000       0.15235188607647132       0.27775697202986682        1.1974924079372589     
   1.7000000000000013        7.0456218783001456E-002  0.77809550276793182        0.0000000000000000       0.15221014606585134       0.29154925054095909        1.2472051239529145     
   1.7100000000000013        6.9949223456643325E-002  0.76964377813370866        0.0000000000000000       0.15200802633930208       0.30584834195833904        1.2980377423022604     
   1.7200000000000013        6.9394036100742879E-002  0.76079137448329237        0.0000000000000000       0.15174655338488163       0.32061670268600378        1.3497796437157596     
   1.7300000000000013        6.8792936518130843E-002  0.75156591612358925        0.0000000000000000       0.15142679126986994       0.33587022500814689        1.4024544471383047     
   1.7400000000000013        6.8148249789601933E-002  0.74199495659434800        0.0000000000000000       0.15104983949946077       0.35172926379106845        1.4564832908757570     
   1.7500000000000013        6.7462336289068253E-002  0.73210588089028794        0.0000000000000000       0.15061683088420552       0.36808876675369218        1.5114149214688173     
   1.7600000000000013        6.6737581985411576E-002  0.72192581360184049        0.0000000000000000       0.15012892941921066       0.38499335657363026        1.5673379148750253     
   1.7700000000000014        6.5976389068640520E-002  0.71148153320137009        0.0000000000000000       0.14958732817796228       0.40239583750794000        1.6240958950044355     
   1.7800000000000014        6.5181166933692039E-002  0.70079939262872715        0.0000000000000000       0.14899324722353510       0.42033886776455337        1.6817924271459790     
   1.7900000000000014        6.4354323551017265E-002  0.68990524626331706        0.0000000000000000       0.14834793153981654       0.43887986814185931        1.7405426292639108     
   1.8000000000000014        6.3498257248958412E-002  0.67882438330926953        0.0000000000000000       0.14765264898524880       0.45794857877513639        1.8001178465460015     
   1.8100000000000014        6.2615348928909215E-002  0.66758146756619985        0.0000000000000000       0.14690868827147724       0.47766240971936075        1.8608594321144836     
   1.8200000000000014        6.1707954730351372E-002  0.65620048350997551        0.0000000000000000       0.14611735696915654       0.49789571728765342        1.9223416060802012     
   1.8300000000000014        6.0778399159123642E-002  0.64470468856601970        0.0000000000000000       0.14527997954305097       0.51871022392832267        1.9846188609361739     
   1.8400000000000014        5.9828968688692370E-002  0.63311657142130606        0.0000000000000000       0.14439789541843631       0.54019776178539292        2.0481077505113405     
   1.8500000000000014        5.8861905840800192E-002  0.62145781619047491        0.0000000000000000       0.14347245708068754       0.56223745734207187        2.1122944887786530     
   1.8600000000000014        5.7879403748650776E-002  0.60974927222550102        0.0000000000000000       0.14250502820981784       0.58490251695407480        2.1774397493663358     
   1.8700000000000014        5.6883601202780930E-002  0.59801092933728350        0.0000000000000000       0.14149698185160847       0.60815638659950799        2.2432877139776011     
   1.8800000000000014        5.5876578176964210E-002  0.58626189818055940        0.0000000000000000       0.14044969862685378       0.63204820449908894        2.3100795993347574     
   1.8900000000000015        5.4860351828889528E-002  0.57452039554041978        0.0000000000000000       0.13936456498012423       0.65655304321309749        2.3776428563310810     
   1.9000000000000015        5.3836872967980329E-002  0.56280373424923869        0.0000000000000000       0.13824297146933789       0.68170667092604109        2.4460720997860559     
   1.9100000000000015        5.2808022980544787E-002  0.55112831745628932        0.0000000000000000       0.13708631109731331       0.70750055579352988        2.5154106579244577     
   1.9200000000000015        5.1775611200490949E-002  0.53950963696870347        0.0000000000000000       0.13589597768636827       0.73394864774517887        2.5854089499143158     
   1.9300000000000015        5.0741372712094453E-002  0.52796227538121798        0.0000000000000000       0.13467336429691631       0.76101469642769903        2.6561870791547908     
   1.9400000000000015        4.9706966569759460E-002  0.51649991171305309        0.0000000000000000       0.13341986169090925       0.78876875228097054        2.7278550634069103     
   1.9500000000000015        4.8673974418384731E-002  0.50513533027319801        0.0000000000000000       0.13213685684086779       0.81718342183779147        2.8002794708786460     
   1.9600000000000015        4.7643899496788308E-002  0.49388043247971269        0.0000000000000000       0.13082573148514223       0.84623962114170670        2.8733828070364864     
   1.9700000000000015        4.6618166005701539E-002  0.48274625136458649        0.0000000000000000       0.12948786072994384       0.87593707631620854        2.9472006907052997     
   1.9800000000000015        4.5598118821062746E-002  0.47174296850271380        0.0000000000000000       0.12812461169859710       0.90627918657639561        3.0216453715346443     
   1.9900000000000015        4.4585023532738854E-002  0.46087993311153491        0.0000000000000000       0.12673734222836475       0.93725185635871722        3.0966874950781902     
   2.0000000000000013        4.3580066788370363E-002  0.45016568307681387        0.0000000000000000       0.12532739961511216       0.96904896927881812        3.1728360060207503     
   2.0100000000000011        4.2584356921744629E-002  0.43960796766947152        0.0000000000000000       0.12389611940598919        1.0014275080354849        3.2493982554687282     
   2.0200000000000009        4.1598924844968348E-002  0.42921377172849817        0.0000000000000000       0.12244482424022451        1.0344700530090274        3.3265550088261664     
   2.0300000000000007        4.0624725183704843E-002  0.41898934109543917        0.0000000000000000       0.12097482273804951        1.0681409519002356        3.4042560729827169     
   2.0400000000000005        3.9662637634857764E-002  0.40894020909666556        0.0000000000000000       0.11948740843768924        1.1025023753596386        3.4825961830805530     
   2.0500000000000003        3.8713468526320217E-002  0.39907122388066024        0.0000000000000000       0.11798385878028551        1.1375157250770023        3.5613765492959488     
   2.0600000000000001        3.7777952558742271E-002  0.38938657642858621        0.0000000000000000       0.11646543414254910        1.1733011939808247        3.6410965940007585     
   2.0699999999999998        3.6856754709706466E-002  0.37988982906759389        0.0000000000000000       0.11493337691686710        1.2096128565233260        3.7208026763716471     
   2.0799999999999996        3.5950472281203467E-002  0.37058394432726993        0.0000000000000000       0.11338891063853100        1.2466939699254433        3.8013241856848903     
   2.0899999999999994        3.5059637071904237E-002  0.36147131399080673        0.0000000000000000       0.11183323915969078        1.2843867315250141        3.8821187552937046     
   2.0999999999999992        3.4184717656362412E-002  0.35255378820313693        0.0000000000000000       0.11026754586957797        1.3227930869091746        3.9634353990935201     
   2.1099999999999990        3.3326121753999113E-002  0.34383270450905973        0.0000000000000000       0.10869299296049609        1.3618270687588931        4.0451031362607193     
   2.1199999999999988        3.2484198671468470E-002  0.33530891670469126        0.0000000000000000       0.10711072073901358        1.4016827240844278        4.1273744288011018     
   2.1299999999999986        3.1659241802801150E-002  0.32698282339581447        0.0000000000000000       0.10552184698176012        1.4420925062670904        4.2096569871761202     
   2.1399999999999983        3.0851491172535970E-002  0.31885439616642142        0.0000000000000000       0.10392746633516811        1.4830257696003188        4.2920187259142670     
   2.1499999999999981        3.0061136007905435E-002  0.31092320727039324        0.0000000000000000       0.10232864975847482        1.5241790888349402        4.3733327401540851     
   2.1599999999999979        2.9288317326985638E-002  0.30318845676824613        0.0000000000000000       0.10072644400924548        1.5674458386786019        4.4583530333573282     
   2.1699999999999977        2.8533130530601771E-002  0.29564899903981173        0.0000000000000000        9.9121871170657627E-002   1.6111160389090442        4.5429379967437589     
   2.1799999999999975        2.7795627986642226E-002  0.28830336861201339        0.0000000000000000        9.7515928219738951E-002   1.6547709271292339        4.6260260982206232     
   2.1899999999999973        2.7075821596307358E-002  0.28114980524898336        0.0000000000000000        9.5909586635735039E-002   1.6992055949598306        4.7093378354429971     
   2.1999999999999971        2.6373685332670066E-002  0.27418627825927250        0.0000000000000000        9.4303792047742141E-002   1.7444918876849937        4.7930857476163578     
   2.2099999999999969        2.5689157742781171E-002  0.26741050998220217        0.0000000000000000        9.2699463920725630E-002   1.7905257025888863        4.8769061535262868     
   2.2199999999999966        2.5022144405372579E-002  0.26081999842209963        0.0000000000000000        9.1097495279017268E-002   1.8373613227903869        4.9610374328582392     
   2.2299999999999964        2.4372520337023258E-002  0.25441203900555898        0.0000000000000000        8.9498752466363310E-002   1.8850135484366290        5.0453624285339425     
   2.2399999999999962        2.3740132340438268E-002  0.24818374544284394        0.0000000000000000        8.7904074941582477E-002   1.9333815566190378        5.1295373648678435     
   2.2499999999999960        2.3124801289245149E-002  0.24213206968006323        0.0000000000000000        8.6314275108874641E-002   1.9825502497317267        5.2136901846115729     
   2.2599999999999958        2.2526324344440418E-002  0.23625382093390784        0.0000000000000000        8.4730138181805387E-002   2.0326091573511871        5.2982430522636390     
   2.2699999999999956        2.1944477098317518E-002  0.23054568380551269        0.0000000000000000        8.3152422079988159E-002   2.0833752588654453        5.3822995138720113     
   2.2799999999999954        2.1379015642369277E-002  0.22500423547436149        0.0000000000000000        8.1581857357468035E-002   2.1350889602971126        5.4668064908116847     
   2.2899999999999952        2.0829678556288051E-002  0.21962596197714904        0.0000000000000000        8.0019147161811896E-002   2.1877325382772548        5.5513013236055491     
   2.2999999999999949        2.0296188815781137E-002  0.21440727358015660        0.0000000000000000        7.8464967222899654E-002   2.2410870351149548        5.6354327559798687     
   2.3099999999999947        1.9778255617478376E-002  0.20934451925698375        0.0000000000000000        7.6919965870411500E-002   2.2954074177757375        5.7196550786495290     
   2.3199999999999945        1.9275576119731946E-002  0.20443400028642703        0.0000000000000000        7.5384764079002325E-002   2.3506376590921461        5.8038103167824895     
   2.3299999999999943        1.8787837098591255E-002  0.19967198298788941        0.0000000000000000        7.3859955540157091E-002   2.4067596267401337        5.8878306719708906     
   2.3399999999999941        1.8314716518694957E-002  0.19505471061409405        0.0000000000000000        7.2346106759720322E-002   2.4639000342096229        5.9718344649953359     
   2.3499999999999939        1.7855885019228225E-002  0.19057841442281512        0.0000000000000000        7.0843757180099776E-002   2.5219594876469267        6.0556744119016708     
   2.3599999999999937        1.7411007315479607E-002  0.18623932395113396        0.0000000000000000        6.9353419326145388E-002   2.5810624513125231        6.1395285082966060     
   2.3699999999999934        1.6979743516877178E-002  0.18203367651720190        0.0000000000000000        6.7875578973714212E-002   2.6410944242960661        6.2231838147832583     
   2.3799999999999932        1.6561750362694461E-002  0.17795772597570253        0.0000000000000000        6.6410695339938375E-002   2.7022389531130986        6.3068711376442677     
   2.3899999999999930        1.6156682376901346E-002  0.17400775075424604        0.0000000000000000        6.4959201294219268E-002   2.7643017985351386        6.3901535174841877     
   2.3999999999999928        1.5764192943880869E-002  0.17018006119867018        0.0000000000000000        6.3521503588987935E-002   2.8275292319314262        6.4735491521177302     
   2.4099999999999926        1.5383935306956449E-002  0.16647100625584030        0.0000000000000000        6.2097983109273405E-002   2.8916497194808710        6.5566566931743555     
   2.4199999999999924        1.5015563491863454E-002  0.16287697952291941        0.0000000000000000        6.0688995140142261E-002   2.9572559379669285        6.6400243949775071     
   2.4299999999999922        1.4658733157464113E-002  0.15939442469230575        0.0000000000000000        5.9294869651077338E-002   3.0237360049508708        6.7229181937538307     
   2.4399999999999920        1.4313102376145522E-002  0.15601984042151895        0.0000000000000000        5.7915911596381771E-002   3.0914228878450252        6.8058495775831647     
   2.4499999999999917        1.3978332346451489E-002  0.15274978465720948        0.0000000000000000        5.6552401230710710E-002   3.1602383451582181        6.8886030179982729     
   2.4599999999999915        1.3654088040595270E-002  0.14958087844229245        0.0000000000000000        5.5204594438842437E-002   3.2303284748242711        6.9714206093852651     
   2.4699999999999913        1.3340038789567918E-002  0.14650980923485815        0.0000000000000000        5.3872723078821530E-002   3.3014290674972182        7.0537067775743854     
   2.4799999999999911        1.3035858808610475E-002  0.14353333376710301        0.0000000000000000        5.2556995337624257E-002   3.3738744000654157        7.1362054448822407     
   2.4899999999999909        1.2741227665848750E-002  0.14064828047197497        0.0000000000000000        5.1257596098505651E-002   3.4474290485594663        7.2181205731322420     
   2.4999999999999907        1.2455830696908358E-002  0.13785155150466183        0.0000000000000000        4.9974687319217143E-002   3.5222773681549633        7.3002502729892065     
   2.5099999999999905        1.2179359368326101E-002  0.13514012438533529        0.0000000000000000        4.8708408420291456E-002   3.5985556831915337        7.3824612969191028     
   2.5199999999999902        1.1911511592561465E-002  0.13251105328885646        0.0000000000000000        4.7458876682615572E-002   3.6759501126990046        7.4642792363850452     
   2.5299999999999900        1.1651991997386041E-002  0.12996147000633654        0.0000000000000000        4.6226187653529094E-002   3.7546440064381734        7.5458824316970210     
   2.5399999999999898        1.1400512152390982E-002  0.12748858460263379        0.0000000000000000        4.5010415560707027E-002   3.8347610383462740        7.6276522211031610     
   2.5499999999999896        1.1156790755306158E-002  0.12508968579299115        0.0000000000000000        4.3811613733101190E-002   3.9162176516842315        7.7093041292485989     
   2.5599999999999894        1.0920553780766031E-002  0.12276214106111628        0.0000000000000000        4.2629815028238746E-002   3.9988944211365656        7.7905272497863329     
   2.5699999999999892        1.0691534594095503E-002  0.12050339654010607        0.0000000000000000        4.1465032265192908E-002   4.0831564390625417        7.8721540033588111     
   2.5799999999999890        1.0469474032615689E-002  0.11831097667667848        0.0000000000000000        4.0317258662562055E-002   4.1686514160319481        7.9533340400332255     
   2.5899999999999888        1.0254120456894467E-002  0.11618248369823972        0.0000000000000000        3.9186468280812799E-002   4.2554792249943523        8.0341264637461194     
   2.5999999999999885        1.0045229774283545E-002  0.11411559690138257        0.0000000000000000        3.8072616468364108E-002   4.3440346123965483        8.1157052862104226     
   2.6099999999999883        9.8425654369983795E-003  0.11210807177945353        0.0000000000000000        3.6975640310806974E-002   4.4337842866670467        8.1965437651435558     
   2.6199999999999881        9.6458984169105182E-003  0.11015773900594063        0.0000000000000000        3.5895459082677689E-002   4.5251007788142434        8.2775683760861387     
   2.6299999999999879        9.4550071591261806E-003  0.10826250328945004        0.0000000000000000        3.4831974701218418E-002   4.6178360361789528        8.3584372691988502     
   2.6399999999999877        9.2696775163373154E-003  0.10642034211520100        0.0000000000000000        3.3785072181584233E-002   4.7121804426591964        8.4394533040755793     
   2.6499999999999875        9.0897026658345245E-003  0.10462930438703920        0.0000000000000000        3.2754620092967875E-002   4.8079875162212611        8.5204836800456558     
   2.6599999999999873        8.9148830109768117E-003  0.10288750898311619        0.0000000000000000        3.1740471015143067E-002   4.9060055891061634        8.6024131900488232     
   2.6699999999999871        8.7450260688206587E-003  0.10119314323753621        0.0000000000000000        3.0742461994936580E-002   5.0038081070488234        8.6809042209322484     
   2.6799999999999868        8.5799463455161762E-003   9.9544461359455855E-002   0.0000000000000000        2.9760415002166318E-002   5.1044054120985711        8.7620368028956381     
   2.6899999999999866        8.4194652009859303E-003   9.7939782800321631E-002   0.0000000000000000        2.8794137384597147E-002   5.2063454212313323        8.8425454695765087     
   2.6999999999999864        8.2634107043104282E-003   9.6377490579167502E-002   0.0000000000000000        2.7843422321488037E-002   5.3099207885081112        8.9231297104872915     
   2.7099999999999862        8.1116174811562448E-003   9.4856029575162579E-002   0.0000000000000000        2.6908049275319999E-002   5.4150366491583624        9.0034797871816910     
   2.7199999999999860        7.9639265544932357E-003   9.3373904795874318E-002   0.0000000000000000        2.5987784441315154E-002   5.5218907965069421        9.0840822860443335     
   2.7299999999999858        7.8201851797646896E-003   9.1929679629056557E-002   0.0000000000000000        2.5082381194373948E-002   5.6303294228680372        9.1645091333387416     
   2.7399999999999856        7.6802466755903492E-003   9.0521974085108189E-002   0.0000000000000000        2.4191580533076011E-002   5.7405226523885657        9.2452382348014961     
   2.7499999999999853        7.5439702510018457E-003   8.9149463036729090E-002   0.0000000000000000        2.3315111520407085E-002   5.8522743905029087        9.3255472549394192     
   2.7599999999999851        7.4112208301353143E-003   8.7810874461726099E-002   0.0000000000000000        2.2452691720891774E-002   5.9656328888691785        9.4058346206663401     
   2.7699999999999849        7.2818688752301500E-003   8.6504987694357605E-002   0.0000000000000000        2.1604027633829789E-002   6.0809883952411914        9.4865942432459924     
   2.7799999999999847        7.1557902087117072E-003   8.5230631690066130E-002   0.0000000000000000        2.0768815122348249E-002   6.1980054225205663        9.5673318989234559     
   2.7899999999999845        7.0328658350705762E-003   8.3986683307981744E-002   0.0000000000000000        1.9946739837999612E-002   6.3166933419608799        9.6479370282072736     
   2.7999999999999843        6.9129817631823579E-003   8.2772065615071874E-002   0.0000000000000000        1.9137477640651761E-002   6.4371679310284522        9.7285671030755214     
   2.8099999999999841        6.7960288296546175E-003   8.1585746215408428E-002   0.0000000000000000        1.8340695013428724E-002   6.5595052016442423        9.8094074364648431     
   2.8199999999999839        6.6819025237259237E-003   8.0426735607582206E-002   0.0000000000000000        1.7556049472481197E-002   6.6834857299284813        9.8899108044528230     
   2.8299999999999836        6.5705028141898490E-003   7.9294085572934631E-002   0.0000000000000000        1.6783189971374630E-002   6.8095409009223191        9.9711104966678441     
   2.8399999999999834        6.4617339787614303E-003   7.8186887596888008E-002   0.0000000000000000        1.6021757299901771E-002   6.9371647552542246        10.051670369938288     
   2.8499999999999832        6.3555044362584691E-003   7.7104271325352400E-002   0.0000000000000000        1.5271384477138394E-002   7.0668188084050616        10.132663957814774     
   2.8599999999999830        6.2517265819206835E-003   7.6045403057846378E-002   0.0000000000000000        1.4531697138574095E-002   7.1982627641880850        10.213489067834139     
   2.8699999999999828        6.1503166261494642E-003   7.5009484278706698E-002   0.0000000000000000        1.3802313917165347E-002   7.3316293699989368        10.294396366822292     
   2.8799999999999826        6.0511944369093474E-003   7.3995750227479534E-002   0.0000000000000000        1.3082846818168299E-002   7.4670224948334001        10.375821877589821     
   2.8899999999999824        5.9542833859953584E-003   7.3003468509346650E-002   0.0000000000000000        1.2372901587623653E-002   7.6042730614440259        10.457163983201729     
   2.8999999999999821        5.8595101993369411E-003   7.2031937746224420E-002   0.0000000000000000        1.1672078074375897E-002   7.7434449452416896        10.538340906710424     
   2.9099999999999819        5.7668048114750776E-003   7.1080486268951457E-002   0.0000000000000000        1.0979970585522646E-002   7.8848119287262861        10.620172358917879     
   2.9199999999999817        5.6761002243217390E-003   7.0148470850811120E-002   0.0000000000000000        1.0296168235199720E-002   8.0278382504365098        10.701379412042284     
   2.9299999999999815        5.5873323702827857E-003   6.9235275482455103E-002   0.0000000000000000        9.6202552866199512E-003   8.1729463453460198        10.782710895917347     
   2.9399999999999813        5.5004399798006687E-003   6.8340310188147901E-002   0.0000000000000000        8.9518114872924898E-003   8.3202154700157305        10.864582445097703     
   2.9499999999999811        5.4153644533505262E-003   6.7463009883103539E-002   0.0000000000000000        8.2904123973616198E-003   8.4694955706074282        10.946440004924771     
   2.9599999999999809        5.3320497379034260E-003   6.6602833271579273E-002   0.0000000000000000        7.6356297110122488E-003   8.6206317711782479        11.027783278527220     
   2.9699999999999807        5.2504422078512893E-003   6.5759261785266962E-002   0.0000000000000000        6.9870315708988068E-003   8.7743122185841393        11.110418403430758     
   2.9799999999999804        5.1704905503704990E-003   6.4931798561422269E-002   0.0000000000000000        6.3441828755654893E-003   8.9298592084938697        11.192438832639182     
   2.9899999999999802        5.0921456551889753E-003   6.4119967460113336E-002   0.0000000000000000        5.7066455798308654E-003   9.0875828761419299        11.274823164709158     
   2.9999999999999800        5.0153605087039418E-003   6.3323312119852371E-002   0.0000000000000000        5.0739789881218801E-003   9.2474689901140259        11.357348353033297     
   3.0099999999999798        4.9400900923900299E-003   6.2541395050852600E-002   0.0000000000000000        4.4457400407476901E-003   9.4094921542858003        11.439881664754646     
   3.0199999999999796        4.8662912854238087E-003   6.1773796765067793E-002   0.0000000000000000        3.8214835931130050E-003   9.5737325141594383        11.522572159330785     
   3.0299999999999794        4.7939227714433041E-003   6.1020114942138229E-002   0.0000000000000000        3.2007626878772480E-003   9.7401991765829798        11.605293519822064     
   3.0399999999999792        4.7229449493536631E-003   6.0279963630330023E-002   0.0000000000000000        2.5831288200729927E-003   9.9089298475783103        11.688342138286057     
   3.0499999999999790        4.6533198480811343E-003   5.9552972481511153E-002   0.0000000000000000        1.9681321952041302E-003   10.079889215946661        11.771212122977030     
   3.0599999999999787        4.5850110451755950E-003   5.8838786019203407E-002   0.0000000000000000        1.3553219803500451E-003   10.253112585946498        11.854537316595486     
   3.0699999999999785        4.5179835891539849E-003   5.8137062938711216E-002   0.0000000000000000        7.4424654830875002E-004   10.428781771014043        11.938243494078803     
   3.0799999999999783        4.4522039254744948E-003   5.7447475438324805E-002   0.0000000000000000        1.3445371481737457E-004   10.606678985028436        12.021696071536439     
   3.0899999999999781        4.3876398260300643E-003   5.6769708580596635E-002   0.0000000000000000        0.0000000000000000        10.786960147278126        12.105256207985910     
   3.0999999999999779        4.3242603220447736E-003   5.6103459682666501E-002   0.0000000000000000        0.0000000000000000        10.969612138307749        12.189227651764616     
   3.1099999999999777        4.2620356402573939E-003   5.5448437734630256E-002   0.0000000000000000        0.0000000000000000        11.154635549416698        12.273261274736109     
   3.1199999999999775        4.2009371422753843E-003   5.4804362844944721E-002   0.0000000000000000        0.0000000000000000        11.342122876039186        12.357525364386559     
   3.1299999999999772        4.1409372669816771E-003   5.4170965711872812E-002   0.0000000000000000        0.0000000000000000        11.532107089645056        12.442003289526760     
   3.1399999999999770        4.0820094758772640E-003   5.3547987119973661E-002   0.0000000000000000        0.0000000000000000        11.724494526098240        12.525624413109362     
   3.1499999999999768        4.0241282012437058E-003   5.2935177460674963E-002   0.0000000000000000        0.0000000000000000        11.919412936063738        12.610018154174941     
   3.1599999999999766        3.9672687970106410E-003   5.2332296275966993E-002   0.0000000000000000        0.0000000000000000        12.116595869656368        12.694766104074098     
   3.1699999999999764        3.9114074922142793E-003   5.1739111824273168E-002   0.0000000000000000        0.0000000000000000        12.316760586888803        12.781196125388560     
   3.1799999999999762        3.8565213469362301E-003   5.1155400667590556E-002   0.0000000000000000        0.0000000000000000        12.519177229035057        12.866157209942669     
   3.1899999999999760        3.8025882106121007E-003   5.0580947278989132E-002   0.0000000000000000        0.0000000000000000        12.724335942446059        12.950949964887933     
   3.1999999999999758        3.7495866826037167E-003   5.0015543669603799E-002   0.0000000000000000        0.0000000000000000        12.932043209783796        13.035838365596565     
   3.2099999999999755        3.6974960749299435E-003   4.9458989034264461E-002   0.0000000000000000        0.0000000000000000        13.142465806618800        13.121229099525166     
   3.2199999999999753        3.6462963770540081E-003   4.8911089414930574E-002   0.0000000000000000        0.0000000000000000        13.355517865713887        13.206722614120071     
   3.2299999999999751        3.5959682226288704E-003   4.8371657381135483E-002   0.0000000000000000        0.0000000000000000        13.571240933241176        13.292492874720688     
   3.2399999999999749        3.5464928581043949E-003   4.7840511726656293E-002   0.0000000000000000        0.0000000000000000        13.789693302996687        13.378385238360663     
   3.2499999999999747        3.4978521131030218E-003   4.7317477181655090E-002   0.0000000000000000        0.0000000000000000        14.010891924861966        13.464322516122852     
   3.2599999999999745        3.4500283724748005E-003   4.6802384139571260E-002   0.0000000000000000        0.0000000000000000        14.234890303783066        13.550496288789816     
   3.2699999999999743        3.4030045499441504E-003   4.6295068398055673E-002   0.0000000000000000        0.0000000000000000        14.461608451405224        13.636752897006687     
   3.2799999999999740        3.3567640632656860E-003   4.5795370913270683E-002   0.0000000000000000        0.0000000000000000        14.691199835094954        13.723237454639538     
   3.2899999999999738        3.3112908108081200E-003   4.5303137566912552E-002   0.0000000000000000        0.0000000000000000        14.923616706396963        13.809832403167777     
   3.2999999999999736        3.2665691494895331E-003   4.4818218945320648E-002   0.0000000000000000        0.0000000000000000        15.158890196196863        13.896622201798676     
   3.3099999999999734        3.2225838739894002E-003   4.4340470130076068E-002   0.0000000000000000        0.0000000000000000        15.397101332967623        13.983479309921343     
   3.3199999999999732        3.1793201971673513E-003   4.3869750499516809E-002   0.0000000000000000        0.0000000000000000        15.638242192655440        14.070334583813491     
   3.3299999999999730        3.1367637316200617E-003   4.3405923540609098E-002   0.0000000000000000        0.0000000000000000        15.882323691099529        14.157356328177451     
   3.3399999999999728        3.0949004723116796E-003   4.2948856670648863E-002   0.0000000000000000        0.0000000000000000        16.129435900251202        14.244454623174143     
   3.3499999999999726        3.0537167802164181E-003   4.2498421068289285E-002   0.0000000000000000        0.0000000000000000        16.379522837928317        14.331708521733207     
   3.3599999999999723        3.0131993669137310E-003   4.2054491513403430E-002   0.0000000000000000        0.0000000000000000        16.632657284346976        14.419585202850815     
   3.3699999999999721        2.9733352800803106E-003   4.1616946235325296E-002   0.0000000000000000        0.0000000000000000        16.888833540879340        14.506673334095211     
   3.3799999999999719        2.9341118898257666E-003   4.1185666769024694E-002   0.0000000000000000        0.0000000000000000        17.148139099778390        14.594276037794989     
   3.3899999999999717        2.8955168758210735E-003   4.0760537818795933E-002   0.0000000000000000        0.0000000000000000        17.410550597583033        14.681988271886993     
   3.3999999999999715        2.8575382151713670E-003   4.0341447129054304E-002   0.0000000000000000        0.0000000000000000        17.676081025946210        14.769892988409151     
   3.4099999999999713        2.8201641709885037E-003   3.9928285361867932E-002   0.0000000000000000        0.0000000000000000        17.944838065619162        14.857796636123608     
   3.4199999999999711        2.7833832816190601E-003   3.9520945980849688E-002   0.0000000000000000        0.0000000000000000        18.216826484007541        14.945746405836475     
   3.4299999999999708        2.7471843504878238E-003   3.9119325141071123E-002   0.0000000000000000        0.0000000000000000        18.492045738185922        15.033801805940323     
   3.4399999999999706        2.7115564365179212E-003   3.8723321584667993E-002   0.0000000000000000        0.0000000000000000        18.770489225098085        15.122070614008962     
   3.4499999999999704        2.6764888450907728E-003   3.8332836541820195E-002   0.0000000000000000        0.0000000000000000        19.052256221679219        15.210373148668076     
   3.4599999999999702        2.6419711195121653E-003   3.7947773636818491E-002   0.0000000000000000        0.0000000000000000        19.337365165946579        15.298750085879890     
   3.4699999999999700        2.6079930329514912E-003   3.7568038798926603E-002   0.0000000000000000        0.0000000000000000        19.625852662280575        15.387062801114517     
   3.4799999999999698        2.5745445808237860E-003   3.7193540177780128E-002   0.0000000000000000        0.0000000000000000        19.917715998551625        15.475543064028109     
   3.4899999999999696        2.5416159735863024E-003   3.6824188063067087E-002   0.0000000000000000        0.0000000000000000        20.213050583210784        15.563991463513858     
   3.4999999999999694        2.5091976299216915E-003   3.6459894808246691E-002   0.0000000000000000        0.0000000000000000        20.511777917590436        15.652614062540589     
   3.5099999999999691        2.4772801702835491E-003   3.6100574758086458E-002   0.0000000000000000        0.0000000000000000        20.813919139733251        15.741433392515853     
   3.5199999999999689        2.4458544107794564E-003   3.5746144179797892E-002   0.0000000000000000        0.0000000000000000        21.119654124989648        15.830152813909494     
   3.5299999999999687        2.4149113573701413E-003   3.5396521197569947E-002   0.0000000000000000        0.0000000000000000        21.428944432684172        15.918911082420784     
   3.5399999999999685        2.3844422003631697E-003   3.5051625730308636E-002   0.0000000000000000        0.0000000000000000        21.741802575336639        16.007743095796606     
   3.5499999999999683        2.3544383091820159E-003   3.4711379432404273E-002   0.0000000000000000        0.0000000000000000        22.058234337363636        16.096667679128640     
   3.5599999999999681        2.3248912273918965E-003   3.4375705637345912E-002   0.0000000000000000        0.0000000000000000        22.378305570370117        16.185790406937041     
   3.5699999999999679        2.2957926679655041E-003   3.4044529304035752E-002   0.0000000000000000        0.0000000000000000        22.702146924272871        16.274485703444746     
   3.5799999999999677        2.2671345087722111E-003   3.3717776965635188E-002   0.0000000000000000        0.0000000000000000        23.029606983529572        16.363499031953264     
   3.5899999999999674        2.2389087882767021E-003   3.3395376680815478E-002   0.0000000000000000        0.0000000000000000        23.360802095285433        16.452534679029462     
   3.5999999999999672        2.2111077014317646E-003   3.3077257987259773E-002   0.0000000000000000        0.0000000000000000        23.695812401761380        16.541539079658012     
   3.6099999999999670        2.1837235957537201E-003   3.2763351857304689E-002   0.0000000000000000        0.0000000000000000        24.034601102479751        16.630606060889797     
   3.6199999999999668        2.1567489675671024E-003   3.2453590655589303E-002   0.0000000000000000        0.0000000000000000        24.377233439505801        16.719659609356970     
   3.6299999999999666        2.1301764584082590E-003   3.2147908098604322E-002   0.0000000000000000        0.0000000000000000        24.723720251195495        16.808750740164331     
   3.6399999999999664        2.1039988515769307E-003   3.1846239216031413E-002   0.0000000000000000        0.0000000000000000        25.074159334050055        16.897799063070543     
   3.6499999999999662        2.0782090688260041E-003   3.1548520313773684E-002   0.0000000000000000        0.0000000000000000        25.428458523793466        16.986940796661163     
   3.6599999999999659        2.0528001671810737E-003   3.1254688938584324E-002   0.0000000000000000        0.0000000000000000        25.786674237023380        17.076327986756009     
   3.6699999999999657        2.0277653358801444E-003   3.0964683844195869E-002   0.0000000000000000        0.0000000000000000        26.149010603140290        17.165197610358682     
   3.6799999999999655        2.0030978934272863E-003   3.0678444958879478E-002   0.0000000000000000        0.0000000000000000        26.515426635161312        17.254187855438506     
   3.6899999999999653        1.9787912847514886E-003   3.0395913354342489E-002   0.0000000000000000        0.0000000000000000        26.885840858078598        17.343272936396790     
   3.6999999999999651        1.9548390784650590E-003   3.0117031215897871E-002   0.0000000000000000        0.0000000000000000        27.260333479000185        17.432354043911378     
   3.7099999999999649        1.9312349642149154E-003   2.9841741813833225E-002   0.0000000000000000        0.0000000000000000        27.639011152365899        17.521367916687066     
   3.7199999999999647        1.9079727501211273E-003   2.9569989475913393E-002   0.0000000000000000        0.0000000000000000        28.021833639932993        17.610400341901219     
   3.7299999999999645        1.8850463602973211E-003   2.9301719560955220E-002   0.0000000000000000        0.0000000000000000        28.408854972488818        17.699411688178234     
   3.7399999999999642        1.8624498324482396E-003   2.9036878433418404E-002   0.0000000000000000        0.0000000000000000        28.800150061767312        17.788355914514138     
   3.7499999999999640        1.8401773155394599E-003   2.8775413438952790E-002   0.0000000000000000        0.0000000000000000        29.195720404422431        17.877277933914890     
   3.7599999999999638        1.8182230675358000E-003   2.8517272880858476E-002   0.0000000000000000        0.0000000000000000        29.595529099198732        17.966266161133969     
   3.7699999999999636        1.7965814532038718E-003   2.8262405997403605E-002   0.0000000000000000        0.0000000000000000        29.999804098542828        18.055035463060740     
   3.7799999999999634        1.7752469419752199E-003   2.8010762939958245E-002   0.0000000000000000        0.0000000000000000        30.408445138479063        18.143804380434794     
   3.7899999999999632        1.7542141058675639E-003   2.7762294751902235E-002   0.0000000000000000        0.0000000000000000        30.821459976545341        18.232578569377871     
   3.7999999999999630        1.7334776174597647E-003   2.7516953348263630E-002   0.0000000000000000        0.0000000000000000        31.238970046924287        18.321253634715038     
   3.8099999999999627        1.7130322479190104E-003   2.7274691496056016E-002   0.0000000000000000        0.0000000000000000        31.660952453809053        18.409902334043128     
   3.8199999999999625        1.6928728650768992E-003   2.7035462795274016E-002   0.0000000000000000        0.0000000000000000        32.087459891665731        18.498492710432981     
   3.8299999999999623        1.6729944315517892E-003   2.6799221660514745E-002   0.0000000000000000        0.0000000000000000        32.518439518742433        18.587083933157825     
   3.8399999999999621        1.6533920029161251E-003   2.6565923303200168E-002   0.0000000000000000        0.0000000000000000        32.954185026130027        18.675478690621201     
   3.8499999999999619        1.6340607259057883E-003   2.6335523714360008E-002   0.0000000000000000        0.0000000000000000        33.394472917328216        18.763886976777723     
   3.8599999999999617        1.6149958366702326E-003   2.6107979647960952E-002   0.0000000000000000        0.0000000000000000        33.839431723030884        18.852216771691069     
   3.8699999999999615        1.5961926590611279E-003   2.5883248604744058E-002   0.0000000000000000        0.0000000000000000        34.289083615182157        18.940480761434017     
   3.8799999999999613        1.5776466029583192E-003   2.5661288816554592E-002   0.0000000000000000        0.0000000000000000        34.743497929438320        19.028658521791058     
   3.8899999999999610        1.5593531626316378E-003   2.5442059231137997E-002   0.0000000000000000        0.0000000000000000        35.202730242404179        19.116724165835578     
   3.8999999999999608        1.5413079151367769E-003   2.5225519497381003E-002   0.0000000000000000        0.0000000000000000        35.666715764387256        19.204750517235055     
   3.9099999999999606        1.5235065187444276E-003   2.5011629950978175E-002   0.0000000000000000        0.0000000000000000        36.135580129159059        19.292593715263155     
   3.9199999999999604        1.5059447114012705E-003   2.4800351600504710E-002   0.0000000000000000        0.0000000000000000        36.609376839846504        19.380485836949440     
   3.9299999999999602        1.4886183092216885E-003   2.4591646113875650E-002   0.0000000000000000        0.0000000000000000        37.088035259957216        19.468243823896731     
   3.9399999999999600        1.4715232050095297E-003   2.4385475805179663E-002   0.0000000000000000        0.0000000000000000        37.571674078555361        19.555894566153945     
   3.9499999999999598        1.4546553668085729E-003   2.4181803621867223E-002   0.0000000000000000        0.0000000000000000        38.060354328195622        19.643426631294556     
   3.9599999999999596        1.4380108364810663E-003   2.3980593132278988E-002   0.0000000000000000        0.0000000000000000        38.553956320056145        19.730908273234093     
   3.9699999999999593        1.4215857283135049E-003   2.3781808513501049E-002   0.0000000000000000        0.0000000000000000        39.052822549091360        19.818182122250462     
   3.9799999999999591        1.4053762276488874E-003   2.3585414539534624E-002   0.0000000000000000        0.0000000000000000        39.556676808046824        19.905449968508652     
   3.9899999999999589        1.3893785895447662E-003   2.3391376569766687E-002   0.0000000000000000        0.0000000000000000        40.065677130484026        19.992591559687973     
   3.9999999999999587        1.3735891374562169E-003   2.3199660537728473E-002   0.0000000000000000        0.0000000000000000        40.579902136800797        20.079600160508711     
