   0.0000000000000000        0.0000000000000000        0.0000000000000000        0.0000000000000000        0.0000000000000000        0.0000000000000000        0.0000000000000000     
   5.0000000000000001E-003   0.0000000000000000        0.0000000000000000        0.0000000000000000        0.0000000000000000        0.0000000000000000        0.0000000000000000     
   1.0000000000000000E-002   0.0000000000000000        0.0000000000000000        0.0000000000000000        0.0000000000000000        0.0000000000000000        0.0000000000000000     
   1.4999999999999999E-002   0.0000000000000000        0.0000000000000000        0.0000000000000000        0.0000000000000000        0.0000000000000000        0.0000000000000000     
   2.0000000000000000E-002   0.0000000000000000        0.0000000000000000        0.0000000000000000        0.0000000000000000        0.0000000000000000        0.0000000000000000     
   2.5000000000000001E-002   0.0000000000000000        0.0000000000000000        0.0000000000000000        0.0000000000000000        0.0000000000000000        0.0000000000000000     
   3.0000000000000002E-002   1.6739831350818874E-002  0.18187679747259261        0.0000000000000000        0.0000000000000000        0.0000000000000000        0.0000000000000000     
   3.5000000000000003E-002   3.7656874398991048E-002  0.37165136333854482        0.0000000000000000        0.0000000000000000        0.0000000000000000        0.0000000000000000     
   4.0000000000000001E-002   8.0436874623912830E-002  0.64697887877090199        0.0000000000000000        0.0000000000000000        0.0000000000000000        0.0000000000000000     
   4.4999999999999998E-002  0.15969708046101774       0.98806726465227745        0.0000000000000000        0.0000000000000000        0.0000000000000000        0.0000000000000000     
   4.9999999999999996E-002  0.25130391756002673        1.3563712552069223        0.0000000000000000        0.0000000000000000        0.0000000000000000        0.0000000000000000     
   5.4999999999999993E-002  0.35992381801381251        1.7631327120981326        0.0000000000000000        0.0000000000000000        0.0000000000000000        0.0000000000000000     
   5.9999999999999991E-002  0.49055669460748341        2.2194545504182410        0.0000000000000000        0.0000000000000000        0.0000000000000000        0.0000000000000000     
   6.4999999999999988E-002  0.64817347698976624        2.7361851899946736        0.0000000000000000        6.4511696917948252E-002   0.0000000000000000        0.0000000000000000     
   6.9999999999999993E-002  0.83760929723671118        3.3237135274341596        0.0000000000000000       0.13724837753211716        0.0000000000000000        0.0000000000000000     
   7.4999999999999997E-002   1.0634151416814299        3.9916703451691431        0.0000000000000000       0.21090366644230379        0.0000000000000000        0.0000000000000000     
   8.0000000000000002E-002   1.3296752019520959        4.7485475245159696        0.0000000000000000       0.28557368156789847        0.0000000000000000        0.0000000000000000     
   8.5000000000000006E-002   1.6398036164877581        5.6012633033551085        0.0000000000000000       0.36136336622780263        0.0000000000000000        0.0000000000000000     
   9.0000000000000011E-002   1.9963399139249955        6.5547170373849850        0.0000000000000000       0.43838691724742951        0.0000000000000000        0.0000000000000000     
   9.5000000000000015E-002   2.4007659489067157        7.6113865780641534        0.0000000000000000       0.51676820210163021        0.0000000000000000        0.0000000000000000     
  0.10000000000000002        2.8533671917055896        8.7710219835634344        0.0000000000000000       0.59664116037867909        0.0000000000000000        0.0000000000000000     
  0.10500000000000002        3.3531571996042167        10.030479296037909        0.0000000000000000       0.67815018433194707        0.0000000000000000        0.0000000000000000     
  0.11000000000000003        3.8978762991126992        11.383719027538596        0.0000000000000000       0.76145047273264066        0.0000000000000000        0.0000000000000000     
  0.11500000000000003        4.4840654283959624        12.821970194484200        0.0000000000000000       0.84670835169307590        0.0000000000000000        0.0000000000000000     
  0.12000000000000004        5.1072059788743438        14.334038135233930        1.4045517391976525E-003  0.93410155553114826        0.0000000000000000        0.0000000000000000     
  0.12500000000000003        5.7619086044931374        15.906718226681171        3.1794049032214740E-003   1.0238194601662141        0.0000000000000000        0.0000000000000000     
  0.13000000000000003        6.4421298607624244        17.525270830583143        5.0383275575848104E-003   1.1160632608648624        0.0000000000000000        0.0000000000000000     
  0.13500000000000004        7.1413955397457691        19.173915079514249        6.9863821631354402E-003   1.2110460855158904        0.0000000000000000        0.0000000000000000     
  0.14000000000000004        7.8530129149840091        20.836307719160228        9.0291113152820655E-003   1.3089930340176614        0.0000000000000000        0.0000000000000000     
  0.14500000000000005        8.5702593758428964        22.495984404271049        1.1172563612721533E-002   1.4101411335341794        0.0000000000000000        0.0000000000000000     
  0.15000000000000005        9.2865406032289499        24.136751289744875        1.3423318421298036E-002   1.5147391988212442        0.0000000000000000        0.0000000000000000     
  0.15500000000000005        9.9955163636282354        25.743022481813437        1.5788508893390781E-002   1.6230475860351372        0.0000000000000000        0.0000000000000000     
  0.16000000000000006        10.691195565372315        27.300103405951642        1.8275842488718767E-002   1.7353378276888169       -3.0919223208483345E-008   6.3234351947914759E-006
  0.16500000000000006        11.368004321172441        28.794421981956170        2.0893618167828795E-002   1.8518921357885914       -2.7459952847303319E-007   6.3970392779884679E-005
  0.17000000000000007        12.020831619087010        30.213709743613247        2.3650739306273448E-002   1.9730027593542188       -6.7511643479534203E-007   1.9815454904233655E-004
  0.17500000000000007        12.645057189816177        31.547134754908924        2.6556721288642535E-002   2.0989711817886736       -1.0288819347547101E-006   4.5228399163205760E-004
  0.18000000000000008        13.236565642505667        32.785388089670832        2.9621692671898219E-002   2.2301071430231763       -8.3244685493149970E-007   8.8488084274657250E-004
  0.18500000000000008        13.791750218143671        33.920726079410642        3.2856388711750874E-002   2.3667274703610404        8.6852602878080334E-007   1.5734409521017516E-003
  0.19000000000000009        14.307508773054556        34.946971471180127        3.6272135996433801E-002   2.5091547016109623        5.6713403330195367E-006   2.6191585959481184E-003
  0.19500000000000009        14.781233959221606        35.859477839536424        3.9880826934903774E-002   2.6577154832139986        1.6105064190551250E-005   4.1557533700190170E-003
  0.20000000000000009        15.210799052356915        36.655062762109836        4.3694882818510972E-002   2.8127387259021956        3.5843574470131826E-005   6.3498433423049266E-003
  0.20500000000000010        15.594540492301533        37.331916134736154        4.7727204228663965E-002   2.9745534996220733        7.0133484655038610E-005   9.4127511914492666E-003
  0.21000000000000010        15.931237923622064        37.889490407658791        5.1991107694996985E-002   3.1434866495228628        1.2616484566393819E-004   1.3604694588704719E-002
  0.21500000000000011        16.220092331351214        38.328379421972940        5.6500247608733636E-002   3.3198601150126477        2.1357574242287269E-004   1.9246455587867257E-002
  0.22000000000000011        16.460702733405888        38.650191966409842        6.1268522616592193E-002   3.5039879334731041        3.4488965360999243E-004   2.6722073926499598E-002
  0.22500000000000012        16.653041797795296        38.857425274439294        6.6309966035549450E-002   3.6961729121987994        5.3610905544843480E-004   3.6484691345900919E-002
  0.23000000000000012        16.797430685221681        38.953342583987919        7.1638620067341410E-002   3.8967029518823493        8.0815416652281046E-004   4.9064796671742024E-002
  0.23500000000000013        16.894513366795930        38.941857727184164        7.7268394096325868E-002   4.1058470085400431        1.1841006088931477E-003   6.5129857808724559E-002
  0.24000000000000013        16.945230626708607        38.827428621763502        8.3212907701443573E-002   4.3238506820240996        1.6970735722935469E-003   8.5379683809836251E-002
  0.24500000000000013        16.950793927673498        38.614960581138199        8.9485319595998897E-002   4.5509314246516279        2.3830227860721265E-003  0.11063560596948398     
  0.25000000000000011        16.912659291166904        38.309719592921688        9.6098144168537292E-002   4.7872733671716645        3.2885120724921025E-003  0.14181354688143885     
  0.25500000000000012        16.832501324086721        37.917255150840134       0.10306305794012871        5.0330217673922339        4.4621027015060563E-003  0.18004987838905687     
  0.26000000000000012        16.712187507932995        37.443331853554390       0.11039069869952621        5.2882770940447283        5.9695969300156233E-003  0.22639338603627715     
  0.26500000000000012        16.553752855486472        36.893868781429461       0.11809046071108154        5.5530887704354459        7.8849966484913509E-003  0.28221087951428281     
  0.27000000000000013        16.359375032664456        36.274885596065481       0.12617028980580106        5.8274486145069160        1.0301434620338947E-002  0.34913269167252248     
  0.27500000000000013        16.131350039065261        35.592454342521911       0.13463648259071964        6.1112840279509060        1.3287496586221177E-002  0.42781054355149989     
  0.28000000000000014        15.872068538871439        34.852656037611013       0.14349349435195136        6.4044510067337734        1.6985930989427848E-002  0.52076224656438841     
  0.28500000000000014        15.583992933412285        34.061541270744542       0.15274376033432924        6.7067270651688231        2.1515485044836580E-002  0.62928871425066824     
  0.29000000000000015        15.269635266936090        33.225094203457459       0.16238753520339061        7.0178041924825774        2.7009633437338261E-002  0.75541375161788382     
  0.29500000000000015        14.931536057223722        32.349199512487964       0.17242275531887588        7.3372819860059986        3.3639367804768727E-002  0.90091305626135854     
  0.30000000000000016        14.572244141903999        31.439611967049949       0.18284492814724060        7.6646611367149040        4.1569653637059993E-002   1.0676572178912718     
  0.30500000000000016        14.194297629164950        30.501928456143411       0.19364705275757785        7.9993374716562542        5.1000153578939701E-002   1.2578654806784755     
  0.31000000000000016        13.800206037604639        29.541562382523058       0.20481957459681241        8.3405967899092186        6.2136279959581840E-002   1.4734654561251499     
  0.31500000000000017        13.392433704004578        28.563720415220814       0.21635037708146604        8.6876107559328908        7.5180889810213938E-002   1.7164829226504501     
  0.32000000000000017        12.973384529766463        27.573381643222415       0.22822481163997554        9.0394341395938760        9.0388767292385805E-002   1.9891318568701788     
  0.32500000000000018        12.545388126698899        26.575279201322225       0.24042576673312360        9.3950037093948087       0.10800248101471710        2.2933637072682083     
  0.33000000000000018        12.110687410964815        25.573884448398395       0.25293377557142704        9.7531390904965107       0.12825200871584672        2.6309001756938861     
  0.33500000000000019        11.629963280030520        24.547929485043674       0.26572716099955440        10.112545894022553       0.15142266098752549        3.0038776613517291     
  0.34000000000000019        11.188218456048192        23.562347322000516       0.27878221511819273        10.471821396623069       0.17776522181026361        3.4137781089785126     
  0.34500000000000020        10.747057905877789        22.588024020293371       0.29207341025512429        10.829463005464678       0.20753481351790473        3.8620342951086837     
  0.35000000000000020        10.308272405874654        21.628173143569040       0.30557363706191670        11.183879671547071       0.24101557060854564        4.3504610780819091     
  0.35500000000000020        9.8735113356524202        20.685674331748803       0.31925446482213443        11.533406321714391       0.27841915425477265        4.8793692928441246     
  0.36000000000000021        9.4442802804687371        19.763077447150604       0.33308641854904064        11.876321259748588       0.32001699798749517        5.4502313707884200     
  0.36500000000000021        9.0219401992613992        18.862609427920940       0.34703926709096899        12.210866347494829       0.36601640676623703        6.0633177473002311     
  0.37000000000000022        8.6077080479015926        17.986183592106034       0.36108231634467947        12.535269622683964       0.41659556344945747        6.7184558477224501     
  0.37500000000000022        8.2026587361448318        17.135411116373234       0.37518470164207057        12.847769846713831       0.47199701661565308        7.4166210944986659     
  0.38000000000000023        7.8077282883437169        16.311614400219625       0.38931567370272430        13.146642322810900       0.53231095993123989        8.1563308302103703     
  0.38500000000000023        7.4237180722260891        15.515842019479447       0.40344487274275287        13.430225183875221       0.59769980141257373        8.9374818882156042     
  0.39000000000000024        7.0512999568607491        14.748884971843403       0.41754258600373123        13.696945247919379       0.66820966895597533        9.7583183192961496     
  0.39500000000000024        6.6910222601980882        14.011293921519595       0.43157998437762840        13.945342480018546       0.74394817421016668        10.618130584937916     
  0.40000000000000024        6.3433163481030963        13.303397159548535       0.44552933469129208        14.174092103973175       0.82495122875188043        11.515383417704339     
  0.40500000000000025        6.0085037503758789        12.625319009985729       0.45936418463111395        14.382023471675826       0.91114481553827431        12.446928852362603     
  0.41000000000000025        5.6868036646347688        11.976998429482444       0.47305951840763527        14.568134939335806        1.0024828990150259        13.410921706597366     
  0.41500000000000026        5.3783407258539793        11.358207567994732       0.48659188145715393        14.731604194422800        1.0990515479625940        14.406279145048218     
  0.42000000000000026        5.0831529275306009        10.768570080708196       0.49993947366052605        14.871793731828364        1.2004955186220694        15.427374009446224     
  0.42500000000000027        4.8011995896286521        10.207579005078440       0.51308221075735083        14.988251456383168        1.3068249593782344        16.473175910759593     
  0.43000000000000027        4.5323692783447109        9.6746140414982413       0.52600175428256823        15.080706682326220        1.4178534627993880        17.540134980115113     
  0.43500000000000028        4.2764875931042541        9.1689581009137413       0.53868151087590876        15.149062071356681        1.5333942695047964        18.624941232663385     
  0.44000000000000028        4.0333247467925268        8.6898130071912334       0.55110660197456418        15.193382280145441        1.6532318201193967        19.724209611940179     
  0.44500000000000028        3.8026028758326840        8.2363142657278683       0.56326380511477225        15.213880250396944        1.7769951114790565        20.832377728118200     
  0.45000000000000029        3.5840030271539338        7.8075448323201302       0.57514146842472447        15.210902154619957        1.9047916709467998        21.951730234049997     
  0.45500000000000029        3.3771717791775311        7.4025478373490854       0.58672939955457126        15.184911999797803        2.0359994857610193        23.072901191768796     
  0.46000000000000030        3.1817274635491128        7.0203382396789582       0.59801873050450161        15.136476793021185        2.1704914388800232        24.194240299062038     
  0.46500000000000030        2.9972659633482626        6.6599134021315116       0.60900175955361391        15.066252998347375        2.3079903071704342        25.313079460379278     
  0.47000000000000031        2.8233660718241183        6.3202625958947651       0.61967177126691853        14.974974784531057        2.4483085597396341        26.426293896862919     
  0.47500000000000031        2.6595944032758658        6.0003754547065666       0.63002283538444948        14.863444305767171        2.5909879891923682        27.528760590574912     
  0.48000000000000032        2.5055098544803203        5.6992494111306033       0.64004958501867426        14.732524002592509        2.7358943224667676        28.619418999453746     
  0.48500000000000032        2.3606676210453754        5.4158961567609358       0.64974697447008689        14.583130686809858        2.8828502092699106        29.695711848067944     
  0.49000000000000032        2.2246227782386274        5.1493471758388010       0.65911001655908696        14.416231006645951        3.0311897980254647        30.750961637107974     
  0.49500000000000033        2.0969334402190087        4.8986584076516069       0.66813349939118238        14.232837791621915        3.1811944167005382        31.787280626544518     
  0.50000000000000033        1.9771635152148885        4.6629140973419529       0.67681168237314115        14.034006755071577        3.3322184006617643        32.799233459416506     
  0.50500000000000034        1.8648850770845136        4.4412298975332654       0.68513797146953770        13.820833078938039        3.4840884056937753        33.784486503990074     
  0.51000000000000034        1.7596803759111748        4.2327552846323337       0.69310457418530935        13.594447504564027        3.6372025455536372        34.747524845560726     
  0.51500000000000035        1.6611435118806932        4.0366753539594562       0.70070213553410510        13.356011682548109        3.7906495344134146        35.677741347138713     
  0.52000000000000035        1.5688817977208187        3.8522120571440777       0.70791935752689805        13.106712671694012        3.9447456695346217        36.580485743261868     
  0.52500000000000036        1.4825168355116305        3.6786249436633356       0.71474260657926958        12.847756601407566        4.0984410579799153        37.444990517118114     
  0.53000000000000036        1.4016853337641593        3.5152114661428029       0.72115551580191428        12.580361609960464        4.2526840350338206        38.280305528563275     
  0.53500000000000036        1.3260396903722780        3.3613069062239025       0.72713859250359425        12.305750236371960        4.4067808017693855        39.079931083854333     
  0.54000000000000037        1.2552483664286245        3.2162839745593810       0.73266884556792644        12.025141476608667        4.5604219071618326        39.842088938456605     
  0.54500000000000037        1.1889960750155601        3.0795521349469981       0.73771945261141925        11.739742720827826        4.7147072495149285        40.575837153875497     
  0.55000000000000038        1.1269838079890979        2.9505566988560785       0.74225949299739358        11.450741774967836        4.8682623260929416        41.268937828917366     
  0.55500000000000038        1.0689287225160016        2.8287777327361674       0.74625377964449091        11.159299145450582        5.0213826824570438        41.926002005017651     
  0.56000000000000039        1.0145639077459103        2.7137288166010745       0.74966282972309495        10.866540736067146        5.1737865261902769        42.543431138266591     
  0.56500000000000039       0.96363805054132523        2.6049556885247944       0.75244302101163785        10.573551076545494        5.3265517462706002        43.130717164101547     
  0.57000000000000040       0.91591501768276207        2.5020348059227744       0.75454698591591007        10.281367174694743        5.4784219659293489        43.678081809770596     
  0.57500000000000040       0.87117337044573906        2.4045718508709704       0.75592429744623324        9.9909730598300097        5.6299514139252542        44.190477455008001     
  0.58000000000000040       0.82920582593531988        2.3122002032697262       0.75652249895067625        9.7032950642294029        5.7803868995995771        44.663947392805589     
  0.58500000000000041       0.78981867808523865        2.2245794024180281       0.75628852029719629        9.4191978713452666        5.9316075402496162        45.107309073398966     
  0.59000000000000041       0.75283118979922792        2.1413936145442367       0.75517050521485685        9.1394813437147704        6.0816907338733062        45.513525949298995     
  0.59500000000000042       0.71807496634656354        2.0623501210538455       0.75312004648789943        8.8648781297973134        6.2319156945452985        45.888560610410742     
  0.60000000000000042       0.68539331883224808        1.9871778397086082       0.75009478708590061        8.5960520366231705        6.3813083704801450        46.226649273477996     
  0.60500000000000043       0.65464062535296663        1.9156258886455921       0.74606129760080331        8.3335971443692181        6.5308101181419795        46.535526676668184     
  0.61000000000000043       0.62568169632737003        1.8474622010744763       0.74099808720770921        8.0780376294620186        6.6797073670510319        46.809957908597106     
  0.61500000000000044       0.59839114945692851        1.7824721966509882       0.73489855314360886        7.8298282546909874        6.8292590771897448        47.059314481343030     
  0.62000000000000044       0.57265279883163034        1.7204575139021767       0.72777363213120116        7.5893554776840855        6.9784828704991169        47.277666531991052     
  0.62500000000000044       0.54835906184310579        1.6612348066647824       0.71965389298249660        7.3569391240183979        7.1276982034605449        47.466373931345778     
  0.63000000000000045       0.52541038680359664        1.6046346062765975       0.71059081810970492        7.1328345664543455        7.2769370391648742        47.628119897243295     
  0.63500000000000045       0.50371470348977831        1.5505002502189864       0.70065706053593824        6.9172353492472443        7.4268780500865477        47.765820685203842     
  0.64000000000000046       0.48318689823152455        1.4986868770310722       0.68994554101169847        6.7102761946950897        7.5766871458792515        47.875403136274606     
  0.64500000000000046       0.46374831464259020        1.4490604865877674       0.67856735392884826        6.5120363284400931        7.7275123393179248        47.964454576582668     
  0.65000000000000047       0.44532628063803975        1.4014970642401969       0.66664857061207983        6.3225430608244633        7.8784783008326986        48.028255544244971     
  0.65500000000000047       0.42785366199629493        1.3558817668428660       0.65432614584367654        6.1417755630513344        8.0305105165267499        48.072511675868071     
  0.66000000000000048       0.41126844239690419        1.3121081683243265       0.64174322740373935        5.9696687793661143        8.1898460964462796        48.135796606708141     
  0.66500000000000048       0.39551332959270424        1.2700775621831679       0.62904422531959370        5.8061174197428977        8.3369713260769274        48.098924453903066     
  0.67000000000000048       0.38053538715176594        1.2296983180969618       0.61637000884677606        5.6509799812853920        8.4920771058450235        48.086162924601162     
  0.67500000000000049       0.36628569102510478        1.1908852897068489       0.60385356367151632        5.5040827507888563        8.6481306378039395        48.053783763782853     
  0.68000000000000049       0.35271901005561396        1.1535592705744582       0.59161637124949651        5.3652237458606784        8.8057077979681733        48.006986044016500     
  0.68500000000000050       0.33979350943733044        1.1176464952910721       0.57976567827869885        5.2341765564896061        8.9648040095227053        47.944928874094124     
  0.69000000000000050       0.32747047605754892        1.0830781827430447       0.56839272491362369        5.1106940541768182        9.1259668503015376        47.871346004968601     
  0.69500000000000051       0.31571406460340273        1.0497901185947853       0.55757190922544964        4.9945119408388194        9.2888361919216127        47.783341522565777     
  0.70000000000000051       0.30449106328551945        1.0177222741342398       0.54736079307236563        4.8853521143475218        9.4536087251205281        47.683227540516967     
  0.70500000000000052       0.29377067802089635       0.98681845873008123       0.53780080652378448        4.7829258326205455        9.6204876079780419        47.572103820685442     
  0.71000000000000052       0.28352433392205184       0.95702600326924203       0.52891848352777626        4.6869366626006368        9.7901268277070912        47.453558296377082     
  0.71500000000000052       0.27372549295712212       0.92829547207398277       0.52072706037033512        4.5970832045894827        9.9613090794987453        47.318679744181530     
  0.72000000000000053       0.26434948667335245       0.90058040093519764       0.51322827894077439        4.5130615865362689        10.137054436611036        47.187933435400211     
  0.72500000000000053       0.25537336291227886       0.87383705904028885       0.50641426200680739        4.4345677262891030        10.314108934157849        47.041470366973847     
  0.73000000000000054       0.24677574548686471       0.84802423271668059       0.50026935533908024        4.3612993630515096        10.494670851180963        46.888543627118473     
  0.73500000000000054       0.23853670583737957       0.82310302905417354       0.49477185881247743        4.2929578619459434        10.678360822395490        46.734186194549075     
  0.74000000000000055       0.23063764573238513       0.79903669760859164       0.48989559682386719        4.2292497981184667        10.865778511401867        46.574317722357343     
  0.74500000000000055       0.22306119013274311       0.77579046852463585       0.48561129843457801        4.1698883287586019        11.056756221409463        46.410617863769389     
  0.75000000000000056       0.21579108938898872       0.75333140554617828       0.48188777799673577        4.1145943629575283        11.251319657304542        46.243366092638233     
  0.75500000000000056       0.20881212999490686       0.73162827250660301       0.47869291724266638        4.0630975408104932        11.449991668257203        46.072024941035345     
  0.76000000000000056       0.20211005317211994       0.71065141201011850       0.47599446198080658        4.0151370338173420        11.653397274231457        45.902828392109193     
  0.76500000000000057       0.19567148061121672       0.69037263512601499       0.47376064950509927        3.9704621796382029        11.859919698691105        45.726268087909951     
  0.77000000000000057       0.18948384674419269       0.67076512102251762       0.47196068756862719        3.9288329643579427        12.072213301199337        45.555204825085070     
  0.77500000000000058       0.18353533697026897       0.65180332556416076       0.47056510540930652        3.8900203657883115        12.288282012709191        45.381155365974635     
  0.78000000000000058       0.17781483130231174       0.63346289798717903       0.46954599776904071        3.8538065710623259        12.509257537358287        45.207070082563249     
  0.78500000000000059       0.17231185294393406       0.61572060485109292       0.46887718105253118        3.8199850817660650        12.735368458401858        45.034601149664802     
  0.79000000000000059       0.16701652134783473       0.59855426054194638       0.46853427839409956        3.7883607192844888        12.966254632628123        44.862993660005166     
  0.79500000000000060       0.16191950934386787       0.58194266367332792       0.46849474918118661        3.7587495426333617        13.202815886020971        44.694399706406983     
  0.80000000000000060       0.15701200396093043       0.56586553879647261       0.46873787551789931        3.7309786904215332        13.444230993152390        44.525468186935342     
  0.80500000000000060       0.15228567059975476       0.55030348288964204       0.46924471669317114        3.7048861578897649        13.691395200537155        44.361056399022232     
  0.81000000000000061       0.14773262024445760       0.53523791615115557       0.46999804013934565        3.6803205193015112        13.944314229886897        44.199662041294609     
  0.81500000000000061       0.14334537942902983       0.52065103666916313       0.47098223635383490        3.6571406051495634        14.202389466514317        44.039873996408353     
  0.82000000000000062       0.13911686270116094       0.50652577858574066       0.47218322311129535        3.6352151428696633        14.466795104022713        43.885495217691464     
  0.82500000000000062       0.13504034734979042       0.49284577341270075       0.47358834361786234        3.6144223690441102        14.739137591320691        43.745892804251589     
  0.83000000000000063       0.13110945018488379       0.47959531419280071       0.47518626179869228        3.5946496202079823        15.012323757543356        43.584512148267407     
  0.83500000000000063       0.12731810617806674       0.46675932223241523       0.47696685718844273        3.5757929087224567        15.294204856576043        43.440545876931267     
  0.84000000000000064       0.12366054879114403       0.45432331616082883       0.47892112144579180        3.5577564893664477        15.582352099636543        43.301201972726723     
  0.84500000000000064       0.12013129183631174       0.44227338309759884       0.48104105740234865        3.5404524217212154        15.876330271299054        43.166394187805274     
  0.85000000000000064       0.11672511272706940       0.43059615173268811       0.48331958190432578        3.5238001326615467        16.175625652239834        43.032824757971099     
  0.85500000000000065       0.11343703699267396       0.41927876714510925       0.48575043258922673        3.5077259827352076        16.481925634537237        42.906793782181232     
  0.86000000000000065       0.11026232394145428       0.40830886720434423       0.48832807899749825        3.4921628396594646        16.793913846973002        42.784181088114210     
  0.86500000000000066       0.10719645336965140       0.39767456041558269       0.49104763834947091        3.4770496615723614        17.112536144245503        42.668159421993387     
  0.87000000000000066       0.10423511322262888       0.38736440508452064       0.49390479566226153        3.4623310922730122        17.436483487646314        42.554237601237453     
  0.87500000000000067       0.10137418812452655       0.37736738969070904       0.49689572826534745        3.4479570702613929        17.766978253950771        42.445093458563647     
  0.88000000000000067        9.8609748700712888E-002  0.36767291437006938       0.50001703476103732        3.4338824529179810        18.103352091334560        42.340941653863403     
  0.88500000000000068        9.5938041624872752E-002  0.35827077341770841       0.50326566797337668        3.4200666569414668        18.446192587233792        42.242380162533600     
  0.89000000000000068        9.3355480329249396E-002  0.34915113873122966       0.50663887226098403        3.4064733157495204        18.794408317683502        42.145449451784515     
  0.89500000000000068        9.0858636322617328E-002  0.34030454412306393       0.51013412468271502        3.3930699543483489        19.149279447883774        42.057068717372459     
  0.90000000000000069        8.8444231065947843E-002  0.33172187043749418       0.51374908025000154        3.3798276819118129        19.510044222519394        41.971160215736518     
  0.90500000000000069        8.6109128360596712E-002  0.32339433141451973       0.51748152126170044        3.3667209021217812        19.876905991729767        41.890013790315002     
  0.91000000000000070        8.3850327208192743E-002  0.31531346024840223       0.52132931078895139        3.3537270411423159        20.251733855542692        41.819721799489010     
  0.91500000000000070        8.1664955105298309E-002  0.30747109679372803       0.52529035028799764        3.3408262929453092        20.628549942398486        41.739992571551994     
  0.92000000000000071        7.9550261739426642E-002  0.29985937537639223       0.52936254175663155        3.3280013816286016        21.012365866519488        41.669218766070664     
  0.92500000000000071        7.7503613056114126E-002  0.29247071317077450       0.53354375445410041        3.3152373401781534        21.403428631326527        41.605882353199021     
  0.93000000000000071        7.5522485669568443E-002  0.28529779910795716       0.53783179626494138        3.3025213051742837        21.799830966104953        41.544918938940597     
  0.93500000000000072        7.3604461591917220E-002  0.27833358328292385       0.54222439022952851        3.2898423267270731        22.202581251082993        41.487959081007133     
  0.94000000000000072        7.1747223258351117E-002  0.27157126683150051       0.54671915604042409        3.2771911930382358        22.609947973839581        41.433867422633710     
  0.94500000000000073        6.9948548827461821E-002  0.26500429225019173       0.55131359684167136        3.2645602687944271        23.025510339512742        41.387507603194095     
  0.95000000000000073        6.8206307737906882E-002  0.25862633413435071       0.55600509121710751        3.2519433467351213        23.444492897501103        41.337915179989096     
  0.95500000000000074        6.6518456504146645E-002  0.25243129031200245       0.56079089047101216        3.2393355115746219        23.870459515185715        41.295860896325429     
  0.96000000000000074        6.4883034735476436E-002  0.24641327335244126       0.56566812082567297        3.2267330155701499        24.302618313293532        41.252610905326200     
  0.96500000000000075        6.3298161363882832E-002  0.24056660243027980       0.57063379036387940        3.2141331649742435        24.738766489891869        41.217752962040493     
  0.97000000000000075        6.1762031067444885E-002  0.23488579552700739       0.57568480023752011        3.2015342166295815        25.183316550125518        41.185776726449383     
  0.97500000000000075        6.0272910877062220E-002  0.22936556195340602       0.58081795954013438        3.1889352840084841        25.631694349230948        41.152593392006793     
  0.98000000000000076        5.8829136955261409E-002  0.22400079517729019       0.58603000316614828        3.1763362519626708        26.088066836308997        41.126151183226789     
  0.98500000000000076        5.7429111536698295E-002  0.21878656594208579       0.59131761183032494        3.1637376995398871        26.548970538011826        41.100106990900365     
  0.99000000000000077        5.6071300020756831E-002  0.21371811566263615       0.59667743336259371        3.1511408302123085        27.016528479215278        41.077184231166299     
  0.99500000000000077        5.4754228207369117E-002  0.20879085008554982       0.60210610439975443        3.1385474088757221        27.489924655612118        41.056854713671115     
   1.0000000000000007        5.3476479667811827E-002  0.20400033320207878       0.60760027150562002        3.1259597050656165        27.970438835457401        41.038735443624752     
   1.0050000000000006        5.2236693242839902E-002  0.19934228140229998       0.61315661087226070        3.1133804418128435        28.456739031554889        41.024167013867391     
   1.0100000000000005        5.1033560661033608E-002  0.19481255785993370       0.61877184588619794        3.1008127496071647        28.950272665152529        41.010216648083592     
   1.0150000000000003        4.9865824270738830E-002  0.19040716713778238       0.62444276192479808        3.0882601249960575        29.448210762933311        40.996405522625395     
   1.0200000000000002        4.8732274879420466E-002  0.18612225000428684       0.63016621785474003        3.0757263933449090        29.955366414590596        40.988073450438009     
   1.0250000000000001        4.7631749694647112E-002  0.18195407845217254       0.63593915416872415        3.0632156753437179        30.467126891949096        40.978816959746943     
   1.0300000000000000        4.6563130361314396E-002  0.17789905091066854       0.64175859745725927        3.0507323568332345        30.987691844125898        40.973576905737765     
   1.0349999999999999        4.5525341090048133E-002  0.17395368764318023       0.64762166156188805        3.0382810616282581        31.515188770921597        40.970158356185806     
   1.0399999999999998        4.4517346872039877E-002  0.17011462632267721       0.65352554553788844        3.0258666269462502        32.048176936945964        40.964673652254923     
   1.0449999999999997        4.3538151775870344E-002  0.16637861777747354       0.65946752900448546        3.0134940811943993        32.589963980319077        40.962983572889890     
   1.0499999999999996        4.2586797322133593E-002  0.16274252190039021       0.66544496522521834        3.0011686237597126        33.138906102510859        40.962912815693841     
   1.0549999999999995        4.1662360931929862E-002  0.15920330371463071       0.67145527269144401        2.9888956066192351        33.696662636036841        40.964930035844851     
   1.0599999999999994        4.0763954445518745E-002  0.15575802958998572       0.67749592559899374        2.9766805174613800        34.260944410352543        40.965979976521687     
   1.0649999999999993        3.9890722707645911E-002  0.15240386360330985       0.68356444392297255        2.9645289641833861        34.834598746744000        40.969833191558671     
   1.0699999999999992        3.9041842216247527E-002  0.14913806403743485       0.68965838350535125        2.9524466605012374        34.602761130115645        40.619088270250501     
   1.0749999999999991        3.8216519831423747E-002  0.14595798001297550       0.69577532667466047        2.9404394125544528        35.154549339352840        40.614376204034649     
   1.0799999999999990        3.7413991541748418E-002  0.14286104824772364       0.70191287361811894        2.9285131063396381        35.712325132013959        40.609407763203826     
   1.0849999999999989        3.6633521285133648E-002  0.13984478993851981       0.70806863500929995        2.9166736958163959        36.279990950975225        40.607090842101620     
   1.0899999999999987        3.5874399821629779E-002  0.13690680776076153       0.71424022584574642        2.9049271916004327        36.853852639666215        40.603646179415698     
   1.0949999999999986        3.5135943655673151E-002  0.13404478298087863       0.72042526086939263        2.8932796501006193        37.436393793009849        40.601557525834835     
   1.0999999999999985        3.4417494005426853E-002  0.13125647267730362       0.72662135153707808        2.8817371630612039        38.027984582992353        40.600953722182851     
   1.1049999999999984        3.3718415816989020E-002  0.12853970706567205       0.73282610473165877        2.8703058473591430        38.627936711701416        40.600563697679036     
   1.1099999999999983        3.3038096821350296E-002  0.12589238692414195       0.73903712319854742        2.8589918350378238        39.236002264472951        40.599961167615334     
   1.1149999999999982        3.2375946632100590E-002  0.12331248111491312       0.74525200790685520        2.8478012635251710        39.854856168571580        40.602013948096570     
   1.1199999999999981        3.1731395881980137E-002  0.12079802419817127       0.75146836227962255        2.8367402659311716        40.482743785210602        40.604145337395650     
   1.1249999999999980        3.1103895396472129E-002  0.11834711413484768       0.75768379858238077        2.8258149614247849        41.120413393340677        40.607038404921681     
   1.1299999999999979        3.0492915402720172E-002  0.11595791007472400       0.76389594650562498        2.8150314456693240        41.764749175981251        40.607338908224790     
   1.1349999999999978        2.9897944772145937E-002  0.11362863022656493       0.77010246408330274        2.8043957812265163        42.421245027144586        40.609528872523427     
   1.1399999999999977        2.9318490295217006E-002  0.11135754980708247       0.77630105113895020        2.7939139879530557        43.087708255122877        40.612861147014868     
   1.1449999999999976        2.8754075986896988E-002  0.10914299906567661       0.78248946541161324        2.7835920333824893        43.762720962722298        40.613164867961153     
   1.1499999999999975        2.8204242421379744E-002  0.10698336138201267       0.78866554138412248        2.7734358230330951        44.448942756992615        40.615715211022682     
   1.1549999999999974        2.7668546094777143E-002  0.10487707143361856       0.79482721192478856        2.7634511906418697        45.146730818729274        40.620271173604934     
   1.1599999999999973        2.7146558814499257E-002  0.10282261343080208       0.80097253243936950        2.7536438883880847        45.893130832562242        40.654950194213356     
   1.1649999999999971        2.6637867114118259E-002  0.10081851941627387       0.80709970760724670        2.7440195769525038        46.576752911009173        40.633634659602230     
   1.1699999999999970        2.6142071692579490E-002   9.8863367627014587E-002  0.81320711997856643        2.7345838156231821        47.315082545163328        40.638758540805249     
   1.1749999999999969        2.5658786876661867E-002   9.6955780915961992E-002  0.81929335998804342        2.7253420522307978        48.069452847100472        40.652022192330904     
   1.1799999999999968        2.5187640105654583E-002   9.5094425231238025E-002  0.82535725653800529        2.7162996130750616        48.830760688606340        40.660480116356460     
   1.1849999999999967        2.4728271437263163E-002   9.3278008150714950E-002  0.83139790711226169        2.7074616927710893        49.603081649141856        40.668723675462147     
   1.1899999999999966        2.4280333073798531E-002   9.1505277469783111E-002  0.83741470643379590        2.6988333440747660        50.388323955712956        40.677571561944447     
   1.1949999999999965        2.3843488907759534E-002   8.9775019840309639E-002  0.84340737218134521        2.6904194676205315        51.186304857827864        40.686658835768320     
   1.1999999999999964        2.3417414085948770E-002   8.8086059458817451E-002  0.84937596674662441        2.6822248016818726        51.996166315592603        40.694914459431004     
   1.2049999999999963        2.3001794591313015E-002   8.6437256802022133E-002  0.85532091373181784        2.6742539118803670        52.820017977501642        40.703256018951677     
   1.2099999999999962        2.2596326841727701E-002   8.4827507407916086E-002  0.86124300808987475        2.6665111809061925        53.655817096096484        40.710889916575724     
   1.2149999999999961        2.2200717304989761E-002   8.3255740700676983E-002  0.86714341915975368        2.6590007982421886        54.508290844702508        40.722132514888536     
   1.2199999999999960        2.1814682129311355E-002   8.1720918857733110E-002  0.87302368607741265        2.6517267499267616        55.374391817653496        40.732878806864541     
   1.2249999999999959        2.1437946788643799E-002   8.0222035717398915E-002  0.87888570503729857        2.6446928083438301        56.254882836697291        40.744548988489349     
   1.2299999999999958        2.1070245742189495E-002   7.8758115725535802E-002  0.88473170896065423        2.6379025220832046        57.147762446238666        40.754140283740583     
   1.2349999999999957        2.0711322107490028E-002   7.7328212919775000E-002  0.89056423962089526        2.6313592058802224        58.055822156175729        40.764227986076747     
   1.2399999999999956        2.0360927346508025E-002   7.5931409949883399E-002  0.89638611304847404        2.6250659306191757        58.980553114509100        40.777015716270924     
   1.2449999999999954        2.0018820964145163E-002   7.4566817132914145E-002  0.90220037939947584        2.6190255135132268        59.919590512726636        40.789875242292773     
   1.2499999999999953        1.9684770218665503E-002   7.3233571541839140E-002  0.90801027799167788        2.6132405083377130        60.873241862234003        40.801770653981720     
   1.2549999999999952        1.9358549843516377E-002   7.1930836126398473E-002  0.91381918931980799        2.6077131958948376        61.839868476166060        40.812950697002684     
   1.2599999999999951        1.9039941780064094E-002   7.0657798864977056E-002  0.91963058475909387        2.6024455745742530        62.827140115394755        40.827159261140274     
   1.2649999999999950        1.8728734920782118E-002   6.9413671946338448E-002  0.92544797590781225        2.5974393511747849        63.826799726549325        40.841601376569393     
   1.2699999999999949        1.8424724862447995E-002   6.8197690980100381E-002  0.93127486417068817        2.5926959318836111        64.842244701337307        40.851524552130833     
   1.2749999999999948        1.8127713668932472E-002   6.7009114234893780E-002  0.93711469226641098        2.5882164135290493        65.875094902067929        40.868924568778318     
   1.2799999999999947        1.7837509643174647E-002   6.5847221903169786E-002  0.94297079815664409        2.5840015750630596        66.921973253576851        40.881882896188152     
   1.2849999999999946        1.7553927107959864E-002   6.4711315391662000E-002  0.94884637260347748        2.5800518693554433        67.990267037186157        40.898453349188188     
   1.2899999999999945        1.7276786195133967E-002   6.3600716636563664E-002  0.95474442088756806        2.5763674152278471        69.070500686891265        40.912358503453177     
   1.2949999999999944        1.7005912642903104E-002   6.2514767442503949E-002  0.96066772902794184        2.5729479898735779        70.166986224046084        40.925586785657458     
   1.2999999999999943        1.6741137600882063E-002   6.1452828844435856E-002  0.96661883525777004        2.5697930215924556        71.283438704640844        40.941197951308467     
   1.3049999999999942        1.6482297442573183E-002   6.0414280491607956E-002  0.97260000656365153        2.5669015828861825        72.415651105353149        40.956989476020553     
   1.3099999999999941        1.6229233584968712E-002   5.9398520052796007E-002  0.97861322071482515        2.5642723839685400        73.566348898908672        40.973634871238303     
   1.3149999999999940        1.5981792314983687E-002   5.8404962642022412E-002  0.98466015336754098        2.5619037666386704        74.734220731659619        40.989807791602580     
   1.3199999999999938        1.5739824622439325E-002   5.7433040264004989E-002  0.99074217076982485        2.5597936986727969        75.919453254013575        41.005914074475584     
   1.3249999999999937        1.5503186039331101E-002   5.6482201278626007E-002  0.99686032714895723        2.5579397686003422        77.120002914015231        41.020795967287718     
   1.3299999999999936        1.5271736485122596E-002   5.5551909883714272E-002   1.0030153670799640        2.5563391810064462        78.345846578031214        41.039467154602299     
   1.3349999999999935        1.5045340117824177E-002   5.4641645615486276E-002   1.0092077325479660        2.5549887523226373        79.586190465931566        41.056662833906152     
   1.3399999999999934        1.4823865190619016E-002   5.3750902865994703E-002   1.0154375737428141        2.5538849071512146        80.845844682514056        41.074453600162123     
   1.3449999999999933        1.4607183913814844E-002   5.2879190416974642E-002   1.0217047643857624        2.5530236751635673        82.126607416696217        41.091933696642585     
   1.3499999999999932        1.4395172321906123E-002   5.2026030989489429E-002   1.0280089199792095        2.5524006885568191        83.426757295003299        41.111518673731254     
   1.3549999999999931        1.4187710145542376E-002   5.1190960808810311E-002   1.0343494197344911        2.5520111801379275        84.744644293500230        41.129020426916213     
   1.3599999999999930        1.3984680688204760E-002   5.0373529183972636E-002   1.0407254308816225        2.5518499819904257        86.078674755985830        41.149832627508253     
   1.3649999999999929        1.3785970707406369E-002   4.9573298101491768E-002   1.0471359357934269        2.5519115248593720        87.440691030144663        41.166689655443371     
   1.3699999999999928        1.3591470300252484E-002   4.8789841832719803E-002   1.0535797609770219        2.5521898381532822        88.753728705954558        41.186695071671281     
   1.3749999999999927        1.3401072793106048E-002   4.8022746554362797E-002   1.0600556079004599        2.5526785506851999        90.009347421297733        41.205492470147092     
   1.3799999999999926        1.3214674635316720E-002   4.7271609981679508E-002   1.0665620851975064        2.5533708921131222        91.285719026506499        41.225836435176682     
   1.3849999999999925        1.3032175296820251E-002   4.6536041013918804E-002   1.0730977420439847        2.5542596951666727        92.573799249121066        41.246186010438379     
   1.3899999999999924        1.2853477169376832E-002   4.5815659391549905E-002   1.0796611020765947        2.5553373986037005        93.876281754976958        41.264814714253923     
   1.3949999999999922        1.2678485471382292E-002   4.5110095364874279E-002   1.0862506980241091        2.5565960509982171        95.201654782071572        41.287693753033189     
   1.3999999999999921        1.2507108156092909E-002   4.4418989373610669E-002   1.0928651062244454        2.5580273153247597        96.535949260001601        41.307709935678723     
   1.4049999999999920        1.2339255823130515E-002   4.3741991737068969E-002   1.0995029811043482        2.5596224744133087        97.890586763280993        41.330323977894906     
   1.4099999999999919        1.2174841633139043E-002   4.3078762354532431E-002   1.1061630892087488        2.5613724372827993        99.241356900867601        41.348662251862585     
   1.4149999999999918        1.2013781225473589E-002   4.2428970415497251E-002   1.1128443424195154        2.5632677462901232        100.64209198166857        41.371911366586055     
   1.4199999999999917        1.1855992638801721E-002   4.1792294119412966E-002   1.1195458303899997        2.5652985853464707        102.04583881096821        41.394335786113835     
   1.4249999999999916        1.1701396234508089E-002   4.1168420404601148E-002   1.1262668511851739        2.5674547889116499        103.46458619923628        41.416927474862085     
   1.4299999999999915        1.1549914622792297E-002   4.0557044686019686E-002   1.1330069409740582        2.5697258520475326        104.90205286582233        41.439014514276543     
   1.4349999999999914        1.1401472591358222E-002   3.9957870601571202E-002   1.1397659015999717        2.5721009414802869        106.35740900093582        41.462653663786782     
   1.4399999999999913        1.1255997036596946E-002   3.9370609766655996E-002   1.1465438261272425        2.5745689075708564        107.82978712801217        41.487049195494478     
   1.4449999999999912        1.1113416897166216E-002   3.8794981536680297E-002   1.1533411219837819        2.5771182974532767        109.33102318659699        41.515090293839712     
   1.4499999999999911        1.0973663089877867E-002   3.8230712777244824E-002   1.1601585316791660        2.5797373690879617        110.83002864032471        41.533050822140297     
   1.4549999999999910        1.0836668447804926E-002   3.7677537641750358E-002   1.1669971505817034        2.5824141065403463        112.35637317439770        41.557553555518083     
   1.4599999999999909        1.0702367660524504E-002   3.7135197356157300E-002   1.1738584417002595        2.5851362362426840        113.90696147276498        41.583560516714975     
   1.4649999999999908        1.0570697216417204E-002   3.6603440010658114E-002   1.1807442468240472        2.5878912444283451        115.46890040023038        41.607227151880132     
   1.4699999999999906        1.0441595346945795E-002   3.6082020358024477E-002   1.1876567946043421        2.5906663957386820        117.05727560416729        41.632616580322811     
   1.4749999999999905        1.0315001972838599E-002   3.5570699618394916E-002   1.1945987041994082        2.5934487529553452        118.66564802464943        41.658264731962163     
   1.4799999999999904        1.0190858652107336E-002   3.5069245290286585E-002   1.2015729853371473        2.5962251979209894        120.28820109138218        41.682971467201412     
   1.4849999999999903        1.0069108529831089E-002   3.4577430967615959E-002   1.2085830333659853        2.5989824537010979        121.93329040784616        41.709752545879603     
   1.4899999999999902        9.9496962896417976E-003   3.4095036162527778E-002   1.2156326204474881        2.6017071079428349        123.58894707704309        41.732450804009773     
   1.4949999999999901        9.8325681068471942E-003   3.3621846133825989E-002   1.2227258811579702        2.6043856375122729        125.29988545770435        41.767129620051982     
   1.4999999999999900        9.7176716031313962E-003   3.3157651720822551E-002   1.2298672934971209        2.6070044344037022        126.99831995393765        41.789225663309153     
   1.5049999999999899        9.6049558027768139E-003   3.2702249182422372E-002   1.2370616542667203        2.6095498328619948        128.73171226176078        41.817764113342449     
   1.5099999999999898        9.4943710903495279E-003   3.2255440041259999E-002   1.2443140485145574        2.6120081379485427        130.48507488350995        41.844958649743802     
   1.5149999999999897        9.3858691697954136E-003   3.1817030932721271E-002   1.2516298138562345        2.6143656553013175        132.26118007878691        41.872698639016242     
   1.5199999999999896        9.2794030248975878E-003   3.1386833458688916E-002   1.2590144977912858        2.6166087223272458        134.05890472399835        41.901486276444565     
   1.5249999999999895        9.1749268810425513E-003   3.0964664045844560E-002   1.2664738093813086        2.6187237407222970        135.88288755551380        41.930382098941209     
   1.5299999999999894        9.0723961682512427E-003   3.0550343808384901E-002   1.2740135638906158        2.6206972103921538        137.72920248417014        41.959603306929601     
   1.5349999999999893        8.9717674854261891E-003   3.0143698414994265E-002   1.2816396210067735        2.6225157646918769        139.60513699090689        41.986510743096453     
   1.5399999999999892        8.8729985657738722E-003   2.9744557959938907E-002   1.2893578159857133        2.6241662072531815        141.49635327206590        42.019326771547988     
   1.5449999999999890        8.7760482433584860E-003   2.9352756838142681E-002   1.2971738836427547        2.6256355500221065        143.41668460423170        42.049008066495198     
   1.5499999999999889        8.6808764207467470E-003   2.8968133624108900E-002   1.3050933756694165        2.6269110529137842        145.35809815304512        42.079129867890302     
   1.5549999999999888        8.5874440377063706E-003   2.8590530954568431E-002   1.3131215701697738        2.6279802648507302        147.32880277583905        42.109477158851000     
   1.5599999999999887        8.4957130409186298E-003   2.8219795414721808E-002   1.3212633743603561        2.6288310662547598        149.33509638263067        42.139958569693619     
   1.5649999999999886        8.4056463546713627E-003   2.7855777427963944E-002   1.3295232204199146        2.6294517131161039        151.34764433087673        42.172680080771059     
   1.5699999999999885        8.3172078524955360E-003   2.7498331148971190E-002   1.3379049539453507        2.6298308824481351        153.39509159359505        42.203930648325262     
   1.5749999999999884        8.2303623297147015E-003   2.7147314360044441E-002   1.3464117164327090        2.6299577193238735        155.47161800712439        42.236224972594030     
   1.5799999999999883        8.1450754768726333E-003   2.6802588370598856E-002   1.3550458207901104        2.6298218854915976        157.57356290071968        42.268430971925987     
   1.5849999999999882        8.0613138540109337E-003   2.6464017919698466E-002   1.3638086221452621        2.6294136093689651        159.70977940739243        42.302683038249043     
   1.5899999999999881        7.9790448657646399E-003   2.6131471081534428E-002   1.3727003827678836        2.6287237377118875        161.86735673352555        42.335040132681314     
   1.5949999999999880        7.8982367372494675E-003   2.5804819173754597E-002   1.3817201344420642        2.6277437888356965        164.05445388508025        42.368550937012493     
   1.5999999999999879        7.8188584907118684E-003   2.5483936668547126E-002   1.3908655363762503        2.6264660073561132        166.27492051767251        42.403538535709103     
   1.6049999999999878        7.7408799229158375E-003   2.5168701106393222E-002   1.4001327330644378        2.6248834204929623        168.52382265354052        42.437275700377377     
   1.6099999999999877        7.6642715832414181E-003   2.4858993012398432E-002   1.4095162121184936        2.6229898959974793        170.79941760101994        42.472771008005040     
   1.6149999999999876        7.5890047524700011E-003   2.4554695815123428E-002   1.4190086647610196        2.6207802017269666        173.10511351357434        42.508362724307176     
   1.6199999999999875        7.5150514222331521E-003   2.4255695767829415E-002   1.4286008514752544        2.6182500666435984        175.44729783353370        42.544691983666098     
   1.6249999999999873        7.4423842751021778E-003   2.3961881872065268E-002   1.4382814758081583        2.6153962435728975        177.81665110392478        42.580552347365717     
   1.6299999999999872        7.3709766652967114E-003   2.3673145803516409E-002   1.4480370694369551        2.6122165735682494        180.21357254732709        42.615566954505844     
   1.6349999999999871        7.3008025999906599E-003   2.3389381840046328E-002   1.4578518938253238        2.6087100517655015        182.64920340924789        42.652987953434170     
   1.6399999999999870        7.2318367211966555E-003   2.3110486791860903E-002   1.4677078617955963        2.6048768949364431        185.11577461566850        42.690424009952856     
   1.6449999999999869        7.1640542882077706E-003   2.2836359933724432E-002   1.4775844847861097        2.6007186106772466        187.61979088833610        42.729419880508402     
   1.6499999999999868        7.0974311605790409E-003   2.2566902939167546E-002   1.4874588534373825        2.5962380682241073        190.15592110077444        42.766530580652294     
   1.6549999999999867        7.0319437816297372E-003   2.2302019816617332E-002   1.4973056563699141        2.5914395708072293        192.72393480050300        42.803682303307511     
   1.6599999999999866        6.9675691624498529E-003   2.2041616847395470E-002   1.5070972458543079        2.5863289296514251        195.30524673791305        42.834389738657855     
   1.6649999999999865        6.9042848663930225E-003   2.1785602525520521E-002   1.5168037599814903        2.5809135397483756        197.95906816803418        42.881756222377355     
   1.6699999999999864        6.8420689940402899E-003   2.1533887499259510E-002   1.5263933092842961        2.5752024569514544        200.63120861273995        42.924050428238225     
   1.6749999999999863        6.7809001686187113E-003   2.1286384514373584E-002   1.5358322386099745        2.5692064770382848        203.33641077400446        42.963368932883860     
   1.6799999999999862        6.7207575218603812E-003   2.1043008359005560E-002   1.5450854751548480        2.5629382161185066        206.08109438227481        43.004209194264909     
   1.6849999999999861        6.6616206802864513E-003   2.0803675810156203E-002   1.5541169742274157        2.5564121927366723        208.86121480186046        43.045228520716179     
   1.6899999999999860        6.6034697519024238E-003   2.0568305581699819E-002   1.5628902721415934        2.5496449116714541        211.67970450411008        43.086019791877241     
   1.6949999999999859        6.5462853132917621E-003   2.0336818273893217E-002   1.5713691601873820        2.5426549491096231        214.53219081293739        43.127596996321003     
   1.6999999999999857        6.4900483970940070E-003   2.0109136324330017E-002   1.5795184874736519        2.5354630397647973        217.42259771374415        43.168956276163968     
   1.7049999999999856        6.4347404798557120E-003   1.9885183960295837E-002   1.5873051022432560        2.5280921651071102        220.35362854851934        43.211099717489859     
   1.7099999999999855        6.3803434702405220E-003   1.9664887152479674E-002   1.5946989377939242        2.5205676436727065        223.32951992023106        43.255475221340603     
   1.7149999999999854        6.3268396975889579E-003   1.9448173570003391E-002   1.6016742453602231        2.5129172225347234        226.34895350796762        43.302248209349166     
   1.7199999999999853        6.2742119008142600E-003   1.9234972536723974E-002   1.6082109729474445        2.5051711705844375        229.39103467604053        43.343023122355469     
   1.7249999999999852        6.2224432176253416E-003   1.9025214988772871E-002   1.6142962790085149        2.4973623731330110        232.48041437997500        43.386992710917539     
   1.7299999999999851        6.1715171740651326E-003   1.8818833433294227E-002   1.6199261681980555        2.4895264283192726        235.60986517730819        43.430380249979827     
   1.7349999999999850        6.1214176743544600E-003   1.8615761908341674E-002   1.6251072177428314        2.4817017446582348        238.78444454730257        43.477172935323594     
   1.7399999999999849        6.0721289910321084E-003   1.8415935943904393E-002   1.6298583599230858        2.4739296404896298        242.00117802566967        43.523251563595281     
   1.7449999999999848        6.0236357553810375E-003   1.8219292524023177E-002   1.6342126649381545        2.4662544446487900        245.25608967700870        43.569311867878390     
   1.7499999999999847        5.9759229481317743E-003   1.8025770049964113E-002   1.6382190574459388        2.4587235984847200        248.55771008117952        43.615405956259721     
   1.7549999999999846        5.9289758904348391E-003   1.7835308304422089E-002   1.6419438796736385        2.4513877597460425        251.89860681949727        43.661558629346594     
   1.7599999999999845        5.8827802350922267E-003   1.7647848416715229E-002   1.6454721993800707        2.4443009074055873        255.27527641409111        43.709699951069801     
   1.7649999999999844        5.8373219580414694E-003   1.7463332828948182E-002   1.6489087415106729        2.4375204481205461        258.71667447499647        43.757122442814349     
   1.7699999999999843        5.7925873500831553E-003   1.7281705263110504E-002   1.6523783090970794        2.4311073240280616        262.19228070200990        43.806221247842316     
   1.7749999999999841        5.7485630088445240E-003   1.7102910689083005E-002   1.6560255421760284        2.4251261218989622        265.71176703752326        43.853652253446583     
   1.7799999999999840        5.7052358309717796E-003   1.6926895293524667E-002   1.6600138662371176        2.4196451834719483        269.27723397237384        43.903084298992951     
   1.7849999999999839        5.6625930045446915E-003   1.6753606449616376E-002   1.6645234709305714        2.4147367172116265        272.88449620359529        43.951275848815492     
   1.7899999999999838        5.6206220017050021E-003   1.6582992687631824E-002   1.6697481783589470        2.4104769112607412        276.54617692924609        44.002794975175284     
   1.7949999999999837        5.5793105714932855E-003   1.6415003666312458E-002   1.6758910713170951        2.4069460475373807        280.25430778156226        44.053588866956567     
   1.7999999999999836        5.5386467328874507E-003   1.6249590145024955E-002   1.6831587923501750        2.4042286171431702        284.00374133450737        44.103837797472856     
   1.8049999999999835        5.4986187680365400E-003   1.6086703956674938E-002   1.6917544482176956        2.4024134368257273        287.80451187329186        44.155098997664965     
   1.8099999999999834        5.4592152156838691E-003   1.5926297981356086E-002   1.7018691221751963        2.4015937666641163        291.65144028239888        44.206853208713440     
   1.8149999999999833        5.4204248647736972E-003   1.5768326120712505E-002   1.7136720291096132        2.4018674287346320        295.55075336392395        44.259161329730382     
   1.8199999999999832        5.3822367482356023E-003   1.5612743272993307E-002   1.7272994175692280        2.4033369268468272        299.50218568937350        44.310368956888489     
   1.8249999999999831        5.3446401369418731E-003   1.5459505308780401E-002   1.7428423673393156        2.4061095675268187        303.50324842082085        44.370026603754887     
   1.8299999999999830        5.3076245338313389E-003   1.5308569047366964E-002   1.7603336661767122        2.4102975816791221        307.52733912520546        44.418787650471984     
   1.8349999999999829        5.2711796681958441E-003   1.5159892233770102E-002   1.7797339949323778        2.4160182475466083        311.63771171131418        44.470822800199727     
   1.8399999999999828        5.2352954901239640E-003   1.5013433516359521E-002   1.8009176372028444        2.4233940145519028        315.78253459269393        44.526273168962980     
   1.8449999999999827        5.1999621650968240E-003   1.4869152425080905E-002   1.8236579447417047        2.4325526280949208        319.98051317355032        44.580467981357167     
   1.8499999999999825        5.1651700687317956E-003   1.4727009350260004E-002   1.8476127526137769        2.4436272553460299        324.22947785033449        44.635604466902429     
   1.8549999999999824        5.1309097816700571E-003   1.4586965521970358E-002   1.8723098990839506        2.4567566119971076        328.53189327347826        44.690958394742154     
   1.8599999999999823        5.0971720846028808E-003   1.4448982989947051E-002   1.8971329561888592        2.4720850901773965        332.89133576219348        44.746375169595325     
   1.8649999999999822        5.0639479534325483E-003   1.4313024604029730E-002   1.9213072251987593        2.4897628868954431        337.29688165687992        44.802943584306874     
   1.8699999999999821        5.0312285545652058E-003   1.4179053995124733E-002   1.9438859826171393        2.5099461339848381        341.75899685511524        44.860050959984072     
   1.8749999999999820        4.9990052403295166E-003   1.4047035556663550E-002   1.9637369386122892        2.5327970286482322        346.28057133884988        44.914878146917893     
   1.8799999999999819        4.9672695445194493E-003   1.3916934426552223E-002   1.9795288175145034        2.5584839649580160        350.84827281929483        44.974216375969441     
   1.8849999999999818        4.9360131780562568E-003   1.3788716469589306E-002   1.9897179775071574        2.5871816664426834        355.47008229922784        45.032454802942965     
   1.8899999999999817        4.9052280247666533E-003   1.3662348260345607E-002   1.9925349899980263        2.6190713192011019        360.14973280609559        45.090599051876985     
   1.8949999999999816        4.8749061372736283E-003   1.3537797066488848E-002   1.9859711318183533        2.6543407056545174        364.88294198418629        45.149515485145024     
   1.8999999999999815        4.8450397329966475E-003   1.3415030832542182E-002   1.9677648383528701        2.6931843391891959        369.67354517196634        45.208877397208795     
   1.9049999999999814        4.8156211902577947E-003   1.3294018164061951E-002   0.0000000000000000        1.1445606352688049        374.52740113486254        45.268209558158873     
   1.9099999999999813        4.7866430444911887E-003   1.3174728312227480E-002   0.0000000000000000        1.1458355207892932        379.43871034051659        45.326858091244979     
   1.9149999999999812        4.7580979845526401E-003   1.3057131158827291E-002   0.0000000000000000        1.1470766993838941        384.38786436035986        45.388334643456325     
   1.9199999999999811        4.7299788491255695E-003   1.2941197201629706E-002   0.0000000000000000        1.1482841668723076        389.40953330174870        45.449382212250221     
   1.9249999999999809        4.7022786232224379E-003   1.2826897540133334E-002   0.0000000000000000        1.1494579194856329        394.48634019671130        45.509936262379277     
   1.9299999999999808        4.6749904347769015E-003   1.2714203861678828E-002   0.0000000000000000        1.1505979538600606        399.62660203522563        45.571387192156834     
   1.9349999999999807        4.6481075513251759E-003   1.2603088427917139E-002   0.0000000000000000        1.1517042670306641        404.81842396228257        45.633608515019382     
   1.9399999999999806        4.6216233767739194E-003   1.2493524061623055E-002   0.0000000000000000        1.1527768564253091        410.07314379208430        45.695835497903197     
   1.9449999999999805        4.5955314482517646E-003   1.2385484133843071E-002   0.0000000000000000        1.1538157198587031        415.37899946630205        45.757561600992958     
   1.9499999999999804        4.5698254330428416E-003   1.2278942551370735E-002   0.0000000000000000        1.1548208555265198        420.75414276586235        45.821081792904401     
   1.9549999999999803        4.5444991255988712E-003   1.2173873744538287E-002   0.0000000000000000        1.1557922619996743        426.19171883938833        45.884595568062124     
   1.9599999999999802        4.5195464446287402E-003   1.2070252655316145E-002   0.0000000000000000        1.1567299382186906        431.64811364062604        45.948730087278093     
   1.9649999999999801        4.4949614302623696E-003   1.1968054725712904E-002   0.0000000000000000        1.1576338834881843        437.23144651570146        46.012022846980393     
   1.9699999999999800        4.4707382412876211E-003   1.1867255886466851E-002   0.0000000000000000        1.1585040974714358        442.84875095027633        46.076077494579366     
   1.9749999999999799        4.4468711524576409E-003   1.1767832546021290E-002   0.0000000000000000        1.1593405801850682        448.53112130916736        46.140472338050657     
   1.9799999999999798        4.4233545518667788E-003   1.1669761579774899E-002   0.0000000000000000        1.1601433319938361        454.26834326492377        46.205086343673678     
   1.9849999999999797        4.4001829383930532E-003   1.1573020319601045E-002   0.0000000000000000        1.1609123536054722        460.07296172015077        46.270680790857917     
   1.9899999999999796        4.3773509192056399E-003   1.1477586543627087E-002   0.0000000000000000        1.1616476460657050        465.93714407393486        46.335463302943495     
   1.9949999999999795        4.3548532073354289E-003   1.1383438466269874E-002   0.0000000000000000        1.1623492107532609        471.86472779525110        46.402584381177370     
   1.9999999999999793        4.3326846193063474E-003   1.1290554728514654E-002   0.0000000000000000        1.1630170493750427        477.85164925003590        46.468247404482405     
