   0.0000000000000000        0.0000000000000000        0.0000000000000000        0.0000000000000000        0.0000000000000000        0.0000000000000000        0.0000000000000000     
   5.0000000000000001E-003   0.0000000000000000        0.0000000000000000        0.0000000000000000        0.0000000000000000        0.0000000000000000        0.0000000000000000     
   1.0000000000000000E-002   0.0000000000000000        0.0000000000000000        0.0000000000000000        0.0000000000000000        0.0000000000000000        0.0000000000000000     
   1.4999999999999999E-002   1.0662492568055453        1.6759631901656664        0.0000000000000000        0.0000000000000000        0.0000000000000000        0.0000000000000000     
   2.0000000000000000E-002   4.5937677422773167        5.6433545506570946        0.0000000000000000        0.0000000000000000        0.0000000000000000        0.0000000000000000     
   2.5000000000000001E-002   8.1056786516677022        9.6064454852737544        0.0000000000000000        0.0000000000000000        0.0000000000000000        0.0000000000000000     
   3.0000000000000002E-002   11.576028518907314        13.544252768578737        0.0000000000000000        0.0000000000000000        0.0000000000000000        0.0000000000000000     
   3.5000000000000003E-002   14.977809745914483        17.426756309775140        0.0000000000000000        0.0000000000000000        0.0000000000000000        0.0000000000000000     
   4.0000000000000001E-002   19.244262725738714        22.381460928589693        0.0000000000000000        0.0000000000000000        0.0000000000000000        0.0000000000000000     
   4.4999999999999998E-002   24.170785390209922        27.917713081582086        0.0000000000000000        0.0000000000000000        0.0000000000000000        0.0000000000000000     
   4.9999999999999996E-002   28.894127698138185        33.193781494607542        0.0000000000000000        0.0000000000000000        0.0000000000000000        0.0000000000000000     
   5.4999999999999993E-002   33.355634494534399        38.124702424878762        0.0000000000000000        8.5354571598833501E-002   0.0000000000000000        0.0000000000000000     
   5.9999999999999991E-002   37.504503133426255        42.637626905768641        2.2508018140086229E-003  0.31192165629485907        0.0000000000000000        0.0000000000000000     
   6.4999999999999988E-002   41.298893506683932        46.675723951748573        5.4922460015097594E-003  0.54415315766332673        0.0000000000000000        0.0000000000000000     
   6.9999999999999993E-002   44.705974934385864        50.199738999593627        8.9847336597373203E-003  0.78242825159165963        0.0000000000000000        0.0000000000000000     
   7.4999999999999997E-002   47.701530111156288        53.187760055208869        1.2710108569725317E-002   1.0271512883662761        0.0000000000000000        0.0000000000000000     
   8.0000000000000002E-002   50.269518543374581        55.633786659557543        1.6649731489932915E-002   1.2787520711118467        0.0000000000000000        0.0000000000000000     
   8.5000000000000006E-002   52.401703831509579        57.545567869629849        2.0784584261243653E-002   1.5376859370806355        0.0000000000000000        0.0000000000000000     
   9.0000000000000011E-002   54.097269946945794        58.942054589093850        2.5095373087894224E-002   1.8044336044241531        0.0000000000000000        0.0000000000000000     
   9.5000000000000015E-002   55.362322359862937        59.850742071004255        2.9562630240524804E-002   2.0795007427183263        0.0000000000000000        0.0000000000000000     
  0.10000000000000002        56.209224355268717        60.305130818356830        3.4166813509011414E-002   2.3634172209469151        0.0000000000000000        0.0000000000000000     
  0.10500000000000002        56.655784577164255        60.342478405134024        3.8888402817192691E-002   2.6567359820126617        0.0000000000000000        0.0000000000000000     
  0.11000000000000003        56.724351538411796        60.001945904822925        4.3707993527854420E-002   2.9600314882157477        0.0000000000000000        0.0000000000000000     
  0.11500000000000003        56.440880256319787        59.323172542484187        4.8606386083014749E-002   3.2738976776803121        0.0000000000000000        0.0000000000000000     
  0.12000000000000004        55.834026234550720        58.345254783151553        5.3564671763520935E-002   3.5989453676009373        0.0000000000000000        0.0000000000000000     
  0.12500000000000003        54.934304804567759        57.106068922742708        5.8564314492368583E-002   3.9357990365984179        0.0000000000000000        0.0000000000000000     
  0.13000000000000003        53.773337051304772        55.641859668358215        6.3587228754504205E-002   4.2850929157262625        0.0000000000000000        0.0000000000000000     
  0.13500000000000004        52.383190425107124        53.987016855626891        6.8615853849968739E-002   4.6474663160330545        0.0000000000000000        0.0000000000000000     
  0.14000000000000004        50.795813256557267        52.173972445563443        7.3633224826532007E-002   5.0235581203096000        0.0000000000000000        0.0000000000000000     
  0.14500000000000005        49.042557166244634        50.233164854323604        7.8623040548809905E-002   5.4140003682796500        0.0000000000000000        0.0000000000000000     
  0.15000000000000005        47.153778906687904        48.193033486139917        8.3569729423753264E-002   5.8194108682772123        0.0000000000000000        0.0000000000000000     
  0.15500000000000005        45.158512621813870        46.080020584627000        8.8458513299470479E-002   6.2403847748593204        0.0000000000000000        0.0000000000000000     
  0.16000000000000006        43.084204126376626        43.918568975678419        9.3275469961056873E-002   6.6774850813372995        5.1864109028981397E-005   1.1905001561323793E-003
  0.16500000000000006        40.956500015732104        41.731112612370289        9.8007594414879010E-002   7.1312319892815443        4.9650567972458559E-004   1.0944134416488624E-002
  0.17000000000000007        38.799085791653610        39.538062246594350       0.10264285876409514        7.6020911340031061        1.4710902113455266E-003   3.1085168979624295E-002
  0.17500000000000007        36.633568449156456        37.357791510058370       0.10717026989903103        8.0904606664289087        3.2176956559034297E-003   6.5166025408924438E-002
  0.18000000000000008        34.479399950108160        35.206629748839170       0.11157992347824958        8.5966572176948208        6.0265586432118037E-003  0.11702050075315552     
  0.18500000000000008        32.353838645951299        33.098867670400203       0.11586305184866175        9.1209008036437975        1.0240407770314826E-002  0.19075140409926880     
  0.19000000000000009        30.271946009608119        31.046780714825218       0.12001206283486247        9.6632987621760105        1.6260559886173736E-002  0.29074665468799049     
  0.19500000000000009        28.246616047962927        29.060673450991509       0.12402056605236571        10.223828856824328        2.4564130659454470E-002  0.42190312676653863     
  0.20000000000000009        26.288634569369794        27.148946530918355       0.12788338398658639        10.802321724942749        3.5694287197000005E-002  0.58925798848257682     
  0.20500000000000010        24.406765162234890        25.318186034565656       0.13159654681776983        11.398442897598139        5.0281935272858902E-002  0.79829018750157210     
  0.21000000000000010        22.607858383754280        23.573273552239041       0.13515727270872827        12.011674670006839        6.9044520825546615E-002   1.0547154326648474     
  0.21500000000000011        20.896980332887715        21.917514170425427       0.13856393793465435        12.641298154658793        9.2810436302015561E-002   1.3647556701587431     
  0.22000000000000011        19.277556542122390        20.352778688185523       0.14181604212947971        13.286375902892734       0.12251571945525248        1.7348582242136665     
  0.22500000000000012        17.751527003340943        18.879655896429096       0.14491417201510001        13.945735532296993       0.15919149508778399        2.1714283703318191     
  0.23000000000000012        16.319508160912410        17.497610575565997       0.14785996367738583        14.617954845203780       0.20377373835049042        2.6788488222025819     
  0.23500000000000013        14.980957860895501        16.205142964180816       0.15065606170753165        15.301348964842198       0.25835709766659570        3.2727326013119016     
  0.24000000000000013        13.734339527223064        14.999945768283194       0.15330607415259823        15.993960047455293       0.32361234105460945        3.9520068673362081     
  0.24500000000000013        12.577282223052961        13.879055259253750       0.15581452330574511        16.693550149126064       0.40134109797311684        4.7260957666989691     
  0.25000000000000011        11.506733721680256        12.838993591938635        1.3566626923904412        17.397597830552517       0.49259607228659397        5.5961680884356264     
  0.25500000000000012        10.519104227703027        11.875900110404737        1.3351182625712439        18.103299071010667       0.60086583711070451        6.5844887043368061     
  0.26000000000000012        9.6103989270495731        10.985650052922171        1.3150126642529991        18.807573029290463       0.72615933971998914        7.6797210458500356     
  0.26500000000000012        8.7763380779481466        10.163959683702023        1.2963794963849653        19.507073135272858       0.87077061134344202        8.8913095334299221     
  0.27000000000000013        8.0124638617309394        9.4064774397616482        1.2792484399705817        20.198203917258915        1.0367543563498838        10.226565965570323     
  0.27500000000000013        7.3142336749700654        8.7088611687613380        1.2636454666842940        20.877143868366591        1.2239799408779140        11.666621310551372     
  0.28000000000000014        6.6770999502780768        8.0668419374412768        1.2495929789243834        21.539874529889179        1.4352055730933768        13.228377100101572     
  0.28500000000000014        6.0965769344733509        7.4762752068715725        1.2371096954872927        22.182215822658851        1.6695268714291627        14.892306030868733     
  0.29000000000000015        5.5682951264430995        6.9331804020620185        1.2262093612046201        22.799867491347847        1.9311341419957540        16.677802899331525     
  0.29500000000000015        5.0880442834650852        6.4337700556301476        1.2168962632116784        23.388456346182387        2.2165915868383754        18.550728651285173     
  0.30000000000000016        4.6518060475372085        5.9744697870741836        1.2091559539903189        23.943588795920071        2.5272293752612232        20.511726885080016     
  0.30500000000000016        4.2557773282383087        5.5519304012893720        1.2029422721499625        24.460907972193858        2.8627729856207860        22.551637361524243     
  0.31000000000000016        3.8963856131186301        5.1630333635194861        1.1981644017967825        24.936154555626320        3.2215955343379825        24.652867062820430     
  0.31500000000000017        3.5702973687313335        4.8048908440796856        1.1946780950854055        25.365230234858792        3.6061468567104398        26.823761959529833     
  0.32000000000000017        3.2744206535313372        4.4748414353616619        1.1922835514339007        25.744262571130079        4.0126790174023883        29.036826541211703     
  0.32500000000000018        3.0059029961210046        4.1704425352047778        1.1907303324271854        26.069669908166485        4.4401546524031987        31.281491824633761     
  0.33000000000000018        2.7621255062667132        3.8894602727382188        1.1897281788426202        26.338224870317180        4.8902258472458087        33.562508472769920     
  0.33500000000000019        2.5406940884832685        3.6298577319070420        1.1889619026752385        26.547114934060605        5.3586541291039493        35.852659882121863     
  0.34000000000000019        2.3394285245657094        3.3897821093199334        1.1881083983082614        26.693998547723599        5.8451181035987103        38.147631347591876     
  0.34500000000000020        2.1563500870089718        3.1675513307016194        1.1868539498578106        26.777055311425574        6.3478127658293291        40.434491567846706     
  0.35000000000000020        1.9896682435632571        2.9616405468107048        1.1849102345775409        26.795028817564539        6.8655531836309853        42.706460459051229     
  0.35500000000000020        1.8377669170534308        2.7706688368807595        1.1820276926921021        26.747260890079957        7.3959829629904101        44.948126905582377     
  0.36000000000000021        1.6991906760192015        2.5933863662929411        1.1780052696913244        26.633716144401152        7.9380066573823571        47.154409889435911     
  0.36500000000000021        1.5726311519495040        2.4286621754537148        1.1726959521586775        26.454996015713043        8.4893333691340302        49.312026416659030     
  0.37000000000000022        1.4569139085111185        2.2754727183804153        1.1660079906572043        26.212341662958618        9.0491479783826101        51.416961569389024     
  0.37500000000000022        1.3509859273355942        2.1328912215765889        1.1579021745103468        25.907625440932470        9.6151960642545351        53.459145398676363     
  0.38000000000000023        1.2539038233760489        2.0000778954563510        1.1483859192348238        25.543330934370882        10.185662843111066        55.429169834921872     
  0.38500000000000023        1.1648228600445529        1.8762710007668701        1.1375051846893667        25.122521852550189        10.759767097041781        57.324811713422555     
  0.39000000000000024        1.0829867995727496        1.7607787500245871        1.1253353297141724        24.648800383049387        11.335390597487503        59.135690498331911     
  0.39500000000000024        1.0077185964719677        1.6529720077987915        1.1119719345195516        24.126255885068385        11.912117351257624        60.863263504630311     
  0.40000000000000024       0.93841192072322943        1.5522777426781036        1.0975224246955237        23.559405057373304        12.488228993972726        62.500610095205268     
  0.40500000000000025       0.87452348151782577        1.4581731769598643        1.0820990661703074        22.953124935243689        13.062877655758442        64.044447689619318     
  0.41000000000000025       0.81556611114383348        1.3701805766319317        1.0658136242186631        22.312580245548446        13.634624244062074        65.489509434756371     
  0.41500000000000026       0.76110256117856190        1.2878626233065642        1.0487737350781536        21.643146776244471        14.204231488603305        66.845766758305473     
  0.42000000000000026       0.71073995877912155        1.2108183107633610        1.0310808514805720        20.950332490434800        14.769616734227094        68.100809816696341     
  0.42500000000000027       0.66412486892323930        1.1386793111200597        1.0128295020487430        20.239698137063094        15.330560841895442        69.258910704060284     
  0.43000000000000027       0.62093890838224319        1.0711067589297261       0.99410754473811280        19.516779078196059        15.887095900150078        70.321860560278594     
  0.43500000000000028       0.58089485853457279        1.0077884053477195       0.97499708463316503        18.787009973006707        16.438896189376848        71.291023469900964     
  0.44000000000000028       0.54373322645401867       0.94843609864358358       0.95557575200511580        18.055653832841767        16.985212936734079        72.166307117047339     
  0.44500000000000028       0.50921920670806542       0.89278355154366640       0.93591808385005593        17.327736797131124        17.527761453945352        72.952937184006188     
  0.45000000000000029       0.47713999971700144       0.84058436002534020       0.91609680976504415        16.607989784673364        18.061852013139276        73.645336953528940     
  0.45500000000000029       0.44730244614957082       0.79161024213652453       0.89618390252078761        15.900797954649383        18.591691205732310        74.253148947753928     
  0.46000000000000030       0.41953094050893269       0.74564946911359375       0.87625130942541785        15.210158676978446        19.116431330654951        74.779008849159524     
  0.46500000000000030       0.39366559067776757       0.70250546447550877       0.85637132909892399        14.539648468813930        19.635680937775888        75.224216924725170     
  0.47000000000000031       0.36956059366018312       0.66199554986161124       0.83661663787584706        13.892399112409720        20.151090941525240        75.596969009538924     
  0.47500000000000031       0.34708280102525901       0.62394981915224168       0.81706000018781677        13.271082935156999        20.660300629249786        75.893137566073818     
  0.48000000000000032       0.32611045058789045       0.58821012487306323       0.79777371813962572        12.677907013097924        21.165140531793526        76.120800695639488     
  0.48500000000000032       0.30653204363930764       0.55462916305178345       0.77882888786661708        12.114615859136192        21.667180078031986        76.287666455351143     
  0.49000000000000032       0.28824534955711290       0.52306964459136684       0.76029453523299007        11.582501981469029        22.161924619319066        76.382387186316606     
  0.49500000000000033       0.27115652188670375       0.49340354287038934       0.74223670225877436        11.082423549882193        22.655503392423821        76.427532907268159     
  0.50000000000000033       0.25517931200303312       0.46551140870403823       0.72471754977898584        10.614828289223009        23.143761809230003        76.412048845190199     
  0.50500000000000034       0.24023436824858510       0.43928174502324085       0.70779453262772496        10.179782632698485        23.628723731000342        76.343763330115308     
  0.51000000000000034       0.22624861001738480       0.41461043467825648       0.69151969238147792        9.7770051118780206        24.112343581216287        76.235871763978054     
  0.51500000000000035       0.21315466763462543       0.39140021566916700       0.67593910069226770        9.4059029358267594        24.593661849682682        76.081767889489200     
  0.52000000000000035       0.20089038008587703       0.36956019886960961       0.66109247438136087        9.0656107164300757        25.072816723181763        75.888627146770034     
  0.52500000000000036       0.18939834369748360       0.34900542395999679       0.64701297257066737        8.7550303292476332        25.546662862986043        75.645595971781503     
  0.53000000000000036       0.17862550577838293       0.32965644983919690       0.63372717677053270        8.4728709559289630        26.021355782756970        75.376052018482198     
  0.53500000000000036       0.16852279801978579       0.31143897625338379       0.62125524728792725        8.2176884325590827        26.494033469339065        75.072465282472038     
  0.54000000000000037       0.15904480512811239       0.29428349378024338       0.60961124355078788        7.9879231244719531        26.964112680156774        74.734013527253680     
  0.54500000000000037       0.15014946475213936       0.27812495964680856       0.59880359198411270        7.7819356580348424        27.437524468914145        74.382907102376336     
  0.55000000000000038       0.14179779526994907       0.26290249714935243       0.58883568258912555        7.5980399595768011        27.908828789886648        74.001635817709996     
  0.55500000000000038       0.13395364843581678       0.24855911669174216       0.57970657371328038        7.4345331767297180        28.378931958851052        73.596049285023398     
  0.56000000000000039       0.12658348426153471       0.23504145667143736       0.57141178343771593        7.2897221834900368        28.848410049205334        73.167443753570183     
  0.56500000000000039       0.11965616582918277       0.22229954262544865       0.56394414475487031        7.1619464932607420        29.321035203829851        72.732540520671506     
  0.57000000000000040       0.11314277201051223       0.21028656320686695       0.55729469950287802        7.0495975201096366        29.793081374729319        72.276386030262017     
  0.57500000000000040       0.10701642630822197       0.19895866170004103       0.55145360265917609        6.9511342340088698        30.265865992593234        71.807945609644534     
  0.58000000000000040       0.10697918571946045       0.19892469211682520       0.54641100320999914        6.8650953481468315        30.735757477206487        71.318005754557120     
  0.58500000000000041       0.10232546959986941       0.19028191656682375       0.54215786066660066        6.7901082533972055        31.215984920317666        70.838172359294063     
  0.59000000000000041        9.7914752579130460E-002  0.18206915280313446       0.53868664766809360        6.7248949753545730        31.692349720206824        70.337621141455571     
  0.59500000000000042        9.3732643383435607E-002  0.17426285830559779       0.53599188017967703        6.6682754725076094        32.173531810460290        69.837173909801081     
  0.60000000000000042        8.9765695034398532E-002  0.16684087648691406       0.53407041015094459        6.6191686204680815        32.654792199551977        69.325254255229169     
  0.60500000000000043        8.6001336774402429E-002  0.15978235025189455       0.53292141391943082        6.5765912377850730        33.139931141524450        68.812935373461826     
  0.61000000000000043        8.2427811436052698E-002  0.15306764124508299       0.53254601787179745        6.5396555054409777        33.626143976211708        68.293402140093988     
  0.61500000000000044        7.9034117756019026E-002  0.14667825438300644       0.53294652464672776        6.5075651169140434        34.118505820020985        67.779911561882258     
  0.62000000000000044        7.5809957188853735E-002  0.14059676730085569       0.53412524120894012        6.4796104712885629        34.612573840918010        67.262009078364457     
  0.62500000000000044        7.2745684824167919E-002  0.13480676437317710       0.53608296411047263        6.4551631908435008        35.110513190504662        66.744408026098995     
  0.63000000000000045        6.9832264052006793E-002  0.12929277499483241       0.53881724088508554        6.4336702096531537        35.611094137126869        66.225749271557333     
  0.63500000000000045        6.7061224657381360E-002  0.12404021583241107       0.54232058860342258        6.4146476431696220        36.117860630433867        65.713678589912334     
  0.64000000000000046        6.4424624056521412E-002  0.11903533677790831       0.54657889472092358        6.3976746126408264        36.627311567296552        65.199399857202835     
  0.64500000000000046        6.1915011415228698E-002  0.11426517035617800       0.55157023521411486        6.3823871640277021        37.143418258656567        64.693285370580881     
  0.65000000000000047        5.9525394414205915E-002  0.10971748435552486       0.55726430979908115        6.3684723898620037        37.662701980218642        64.186993279669181     
  0.65500000000000047        5.7249208448014281E-002  0.10538073746726187       0.56362261441973771        6.3556628348061199        38.188495224104201        63.687702902293836     
  0.66000000000000048        5.5080288063634290E-002  0.10124403773507899       0.57059936088279894        6.3437312418334395        38.744697907032425        63.242345162275861     
  0.66500000000000048        5.3012840461870846E-002   9.7297103628919412E-002  0.57814303775451148        6.3324856757569696        39.255713201099603        62.703560326133946     
  0.67000000000000048        5.1041420900330349E-002   9.3530227570885499E-002  0.58619841217703028        6.3217650441750894        39.799257281519708        62.222004085446294     
  0.67500000000000049        4.9160909850574551E-002   8.9934241752468808E-002  0.59470872089119109        6.3114350223795883        40.348457349091518        61.744169009255558     
  0.68000000000000049        4.7366491774591624E-002   8.6500486093380971E-002  0.60361779770829327        6.3013843780597645        40.904782066061564        61.273665917215972     
  0.68500000000000050        4.5653635397027978E-002   8.3220778202383966E-002  0.61287192812373481        6.2915216833880212        41.467849394286624        60.809746116999648     
  0.69000000000000050        4.4018075359868368E-002   8.0087385209958964E-002  0.62242129256961565        6.2817723959229053        42.039380135423059        60.355718509436521     
  0.69500000000000051        4.2455795155540307E-002   7.7092997351386652E-002  0.63222093846485727        6.2720762854623278        42.618649253957919        59.907734624430624     
  0.70000000000000051        4.0963011242854980E-002   7.4230703186953448E-002  0.64223129048600436        6.2623851811997193        43.205400144986939        59.466317391854268     
  0.70500000000000052        3.9536158257901952E-002   7.1493966353581545E-002  0.65241825846625889        6.2526610120273016        43.800169025193483        59.032246682108308     
  0.71000000000000052        3.8171875239002340E-002   6.8876603749203402E-002  0.66275303015175735        6.2428741123528688        44.404956714725458        58.607929743969066     
  0.71500000000000052        3.6866992791243537E-002   6.6372765057788816E-002  0.67321164399928790        6.2330017661451302        45.017215256085017        58.185138668409991     
  0.72000000000000053        3.5618521121957673E-002   6.3976913529026180E-002  0.68377443098142288        6.2230269628739974        45.643410580174944        57.783294888181018     
  0.72500000000000053        3.4423638883862080E-002   6.1683807932361001E-002  0.69442539977192630        6.2129373404193817        46.274551451803177        57.378744284549953     
  0.73000000000000054        3.3279682767493053E-002   5.9488485610418064E-002  0.70515162172851720        6.2027242917433041        46.918731728246364        56.986136852189908     
  0.73500000000000054        3.2184137789045213E-002   5.7386246561756789E-002  0.71594265443316252        6.1923822139884921        47.571857161809092        56.598822929377583     
  0.74000000000000055        3.1134628223869764E-002   5.5372638487543875E-002  0.72679002714551555        6.1819078806789722        48.238025025867188        56.222533047862079     
  0.74500000000000055        3.0128909139665375E-002   5.3443442741023160E-002  0.73768679929052983        6.1712999196443068        48.915706929627376        55.854268584950084     
  0.75000000000000056        2.9164858486880971E-002   5.1594661122676626E-002  0.74862719415190215        6.1605583812584905        49.604418282774141        55.493651125396369     
  0.75500000000000056        2.8240469707047258E-002   4.9822503467709486E-002  0.75960630389807382        6.1496843833929375        50.307167784194633        55.140701324061638     
  0.76000000000000056        2.7353844822701593E-002   4.8123375975987787E-002  0.77061985853704318        6.1386798212247777        51.024495145135958        54.800215541040522     
  0.76500000000000057        2.6503187975282578E-002   4.6493870237813102E-002  0.78166404959619917        6.1275471316122712        51.751652519029484        54.460157593885114     
  0.77000000000000057        2.5686799379863907E-002   4.4930752911958173E-002  0.79273539903366019        6.1162891031624289        52.496704369540240        54.135889385744932     
  0.77500000000000058        2.4903069667898063E-002   4.3430956015215710E-002  0.80383066430383876        6.1049087244326925        53.252962257027356        53.814589086912413     
  0.78000000000000058        2.4150474591264789E-002   4.1991567785372587E-002  0.81494677159832074        6.0934090638059741        54.024811552171002        53.501872047878813     
  0.78500000000000059        2.3427570062866259E-002   4.0609824081969850E-002  0.82608077045949324        6.0817931755839147        54.812379052898613        53.197908282736662     
  0.79000000000000059        2.2732987510826683E-002   3.9283100291539932E-002  0.83722980426854587        6.0700640277266436        55.614618796383908        52.900232157757486     
  0.79500000000000060        2.2065429525004482E-002   3.8008903706132170E-002  0.84839109235962584        6.0582244473738953        56.434958306614753        52.611397233642364     
  0.80000000000000060        2.1423665776076562E-002   3.6784866345974915E-002  0.85956192040723312        6.0462770809635034        57.269558375146296        52.329317279376390     
  0.80500000000000060        2.0806529188863193E-002   3.5608738198975282E-002  0.87073963676166655        6.0342243662724435        58.122096625741875        52.055411881392700     
  0.81000000000000061        2.0212912352880769E-002   3.4478380851518817E-002  0.88192165288553692        6.0220685141720853        58.993072890940375        51.788885203930789     
  0.81500000000000061        1.9641764154317842E-002   3.3391761486663063E-002  0.89310544672274361        6.0098114983023239        59.879694708263287        51.528088841519164     
  0.82000000000000062        1.9092086614753746E-002   3.2346947227339641E-002  0.90428856805123148        5.9974550511356695        60.786464840868845        51.276539322176895     
  0.82500000000000062        1.8562931922976388E-002   3.1342099803617872E-002  0.91546864527751026        5.9850006652293661        61.718915203147446        51.040857646895716     
  0.83000000000000063        1.8053399647211355E-002   3.0375470524394030E-002  0.92664339321822120        5.9724495986442880        62.652545706443462        50.791123253786587     
  0.83500000000000063        1.7562634115968864E-002   2.9445395535136878E-002  0.93781062155131256        5.9598028837184298        63.615048794044796        50.558533709631917     
  0.84000000000000064        1.7089821956533077E-002   2.8550291344464851E-002  0.94896824377185973        5.9470613384979716        64.598530615172209        50.333698285751659     
  0.84500000000000064        1.6634189780879341E-002   2.7688650603420881E-002  0.96011428648011088        5.9342255803059594        65.600046402696165        50.114295548570077     
  0.85000000000000064        1.6195002009515853E-002   2.6859038122332181E-002  0.97124689888719928        5.9212960409726350        66.619016570024357        49.898596568851417     
  0.85500000000000065        1.5771558824393749E-002   2.6060087111079024E-002  0.98236436243435932        5.9082729833638883        67.661650383927025        49.692578814392839     
  0.86000000000000065        1.5363194242642554E-002   2.5290495629498110E-002  0.99346510048238712        5.8951565189195083        68.723060088801361        49.491039763923219     
  0.86500000000000066        1.4969274303442913E-002   2.4549023235454340E-002   1.0045476879762911        5.8819466259197180        69.805762704707888        49.296966232495407     
  0.87000000000000066        1.4589195360878385E-002   2.3834487818914455E-002   1.0156108610298691        5.8686431683050824        70.907494682840010        49.106031786444085     
  0.87500000000000067        1.4222382476086683E-002   2.3145762611061525E-002   1.0266535263865926        5.8552459148575542        72.032897574711427        48.920987039970406     
  0.88000000000000067        1.3868287902481399E-002   2.2481773358175638E-002   1.0376747706838774        5.8417545586004476        73.176957046668534        48.741510177998670     
  0.88500000000000068        1.3526389658234821E-002   2.1841495650641748E-002   1.0486738694863722        5.8281687363097605        74.344340318232412        48.568483302904191     
  0.89000000000000068        1.3196190180597010E-002   2.1223952398032611E-002   1.0596502960368723        5.8144880480103698        75.531028819511945        48.397560253676652     
  0.89500000000000068        1.2877215056989489E-002   2.0628211441778128E-002   1.0706037296531927        5.8007120763895861        76.740505219038297        48.234817746359958     
  0.90000000000000069        1.2569011828145377E-002   2.0053383297446728E-002   1.0815340637407096        5.7868404060327627        77.972606940420434        48.075066980511821     
  0.90500000000000069        1.2271148858878724E-002   1.9498619019152598E-002   1.0924414133708313        5.7728726424392072        79.226635346021155        47.921361364931002     
  0.91000000000000070        1.1983214272357517E-002   1.8963108179059579E-002   1.1033261223758801        5.7588084307204737        80.508038305730494        47.777368125232904     
  0.91500000000000070        1.1704814944020770E-002   1.8446076955375333E-002   1.1141887699174098        5.7446474739748234        81.801240225825708        47.625031467424037     
  0.92000000000000071        1.1435575551535600E-002   1.7946786322634863E-002   1.1250301764911257        5.7303895512476162        83.117303786707083        47.481064342945160     
  0.92500000000000071        1.1175137677418864E-002   1.7464530338440861E-002   1.1358514092726548        5.7160345350633186        84.462507619963517        47.344740018559236     
  0.93000000000000071        1.0923158961169147E-002   1.6998634521184299E-002   1.1466537868601792        5.7015824084780444        85.827384392671291        47.211216053282328     
  0.93500000000000072        1.0679312297954338E-002   1.6548454313589860E-002   1.1574388833077931        5.6870332816199660        87.218421104864944        47.081263237589575     
  0.94000000000000072        1.0443285081091798E-002   1.6113373627250131E-002   1.1682085313862303        5.6723874076811134        88.625665456749360        46.954040555063784     
  0.94500000000000073        1.0214778485730797E-002   1.5692803463587531E-002   1.1789648251327804        5.6576451983359606        90.066303580772995        46.835611395882395     
  0.95000000000000073        9.9935067913142373E-003   1.5286180606967530E-002   1.1897101215257897        5.6428072385558128        91.520886897664084        46.712227272283400     
  0.95500000000000074        9.7791967405456998E-003   1.4892966385927062E-002   1.2004470414372124        5.6278743007831968        93.002362550310323        46.596891265738876     
  0.96000000000000074        9.5715869327350940E-003   1.4512645498731026E-002   1.2111784695833741        5.6128473584677563        94.509565134083331        46.481021408417710     
  0.96500000000000075        9.3704272495245839E-003   1.4144724899686411E-002   1.2219075537199635        5.5977275989160731        96.031853836607496        46.372108681820507     
  0.97000000000000075        9.1754783111256365E-003   1.3788732742857319E-002   1.2326377028306106        5.5825164354312840        97.591053884087401        46.267419115617400     
  0.97500000000000075        8.9865109613085949E-003   1.3444217380013938E-002   1.2433725844412407        5.5672155187549039        99.164719302947901        46.160759260333855     
  0.98000000000000076        8.8033057795001337E-003   1.3110746409843884E-002   1.2541161209805247        5.5518267477627870        100.77046944259722        46.060947663513190     
  0.98500000000000076        8.6256526184417363E-003   1.2787905775617820E-002   1.2648724851369657        5.5363522794133093        102.39445198447228        45.961605058034444     
  0.99000000000000077        8.4533501659562263E-003   1.2475298908665134E-002   1.2756460943253127        5.5207945379118675        104.04653923904857        45.865262329949225     
  0.99500000000000077        8.2862055294623659E-003   1.2172545915175468E-002   1.2864416040859161        5.5051562231345539        105.72220737326117        45.772265726326005     
   1.0000000000000007        8.1240338419552617E-003   1.1879282803977738E-002   1.2972639005704369        5.4894403182116331        107.42972746228234        45.680821326052076     
   1.0050000000000006        7.9666578882497500E-003   1.1595160753082577E-002   1.3081180920187034        5.4736500963409007        109.15996781549781        45.593254391729786     
   1.0100000000000005        7.8139077503579981E-003   1.1319845412909486E-002   1.3190094992089343        5.4577891267783212        110.92027153330721        45.506661266516446     
   1.0150000000000003        7.6656204709363842E-003   1.1053016244227144E-002   1.3299436450612401        5.4418612800145096        112.69696659460277        45.420356403978815     
   1.0200000000000002        7.5216397338046500E-003   1.0794365888957640E-002   1.3409262430901399        5.4258707321056656        114.51243640419881        45.338897530292691     
   1.0250000000000001        7.3818155605950815E-003   1.0543599572091786E-002   1.3519631851374345        5.4098219681984290        116.34544784057385        45.257535606131754     
   1.0300000000000000        7.2460040226501096E-003   1.0300434533069969E-002   1.3630605278825585        5.3937197851943175        118.21649805648529        45.179834088924736     
   1.0349999999999999        7.1140669673334907E-003   1.0064599485067070E-002   1.3742244787535787        5.3775692936005690        120.11362682888260        45.104405594736512     
   1.0399999999999998        6.9858717579736702E-003   9.8358341007154272E-003   1.3854613806613081        5.3613759185020493        122.03108621774467        45.027140497888546     
   1.0449999999999997        6.8612910267008814E-003   9.6138885228760629E-003   1.3967776961052640        5.3451453997441458        123.98637433969135        44.953914019804607     
   1.0499999999999996        6.7402024394839916E-003   9.3985228991507342E-003   1.4081799902780425        5.3288837912134799        125.96733271878259        44.882830393548929     
   1.0549999999999995        6.6224884727112835E-003   9.1895069388942159E-003   1.4196749134124587        5.3125974593484511        127.98458418923506        44.813846624196110     
   1.0599999999999994        6.5080362007011467E-003   8.9866194915634249E-003   1.4312691825035071        5.2962930807461017        130.02518662570117        44.743736912365549     
   1.0649999999999993        6.3967370935581139E-003   8.7896481452931548E-003   1.4429695620280862        5.2799776389953159        132.10319162633908        44.677434140445264     
   1.0699999999999992        6.2884868248298444E-003   8.5983888446614139E-003   1.4547828443513877        5.2636584206510495        134.21035278955031        44.610802583373840     
   1.0749999999999991        6.1831850884455008E-003   8.4126455266535435E-003   1.4667158291427347        5.2473430103984109        136.35754534792784        44.547389503541275     
   1.0799999999999990        6.0807354244503424E-003   8.2322297738975283E-003   1.4787753024683181        5.2310392854263830        138.52584964854285        44.483811425108506     
   1.0849999999999989        5.9810450530746115E-003   8.0569604842844495E-003   1.4909680153187097        5.2147554089607002        140.74261850493630        44.423723908781341     
   1.0899999999999987        5.8840247167051447E-003   7.8866635561458398E-003   1.5033006615604050        5.1984998230504438        142.98594657830500        44.362266121576276     
   1.0949999999999986        5.7895885293483456E-003   7.7211715881967428E-003   1.5157798555929534        5.1822812405377281        145.26735425186715        44.303213327777982     
   1.0999999999999985        5.6976538331984464E-003   7.5603235934993893E-003   1.5284121095652146        5.1661086362899376        147.58861587401532        44.246455318292846     
   1.1049999999999984        5.6081410619458977E-003   7.4039647267426381E-003   1.5412038104876007        5.1499912376660966        149.94732751114475        44.189495674817302     
   1.1099999999999983        5.5209736104815076E-003   7.2519460241707977E-003   1.5541611969416218        5.1339385142254477        152.33928359992177        44.133121925252127     
   1.1149999999999982        5.4360777106683385E-003   7.1041241555258212E-003   1.5672903357513679        5.1179601667542460        154.77888737228332        44.080000523929733     
   1.1199999999999981        5.3533823128760769E-003   6.9603611874101638E-003   1.5805970985098654        5.1020661155516365        157.25940335389578        44.027641837549574     
   1.1249999999999980        5.2728189729850999E-003   6.8205243575000284E-003   1.5940871383113804        5.0862664880321118        159.78245120083463        43.976496819946171     
   1.1299999999999979        5.1943217445846448E-003   6.6844858590732704E-003   1.6077658663178944        5.0705716056784169        162.33106366472697        43.923027308706807     
   1.1349999999999978        5.1178270761060001E-003   6.5521226353455432E-003   1.6216384285641872        5.0549919703058723        164.93288183786896        43.871436966012958     
   1.1399999999999977        5.0432737126433810E-003   6.4233161831307719E-003   1.6357096831057021        5.0395382497266583        167.57888104511522        43.822380777021102     
   1.1449999999999976        4.9706026022299510E-003   6.2979523653722792E-003   1.6499841774849855        5.0242212627951259        170.26998170198760        43.771273822460465     
   1.1499999999999975        4.8997568063481878E-003   6.1759212321096466E-003   1.6644661263352303        5.0090519638613573        173.00159137452340        43.725152894087323     
   1.1549999999999974        4.8306814144663856E-003   6.0571168494741052E-003   1.6791593898987434        4.9940414266460138        175.78239596697873        43.670498782953644     
   1.1599999999999973        4.7633234624029777E-003   5.9414371363223951E-003   1.6940674526582680        4.9792008276103106        178.82855547238975        43.658323078627141     
   1.1649999999999971        4.6976318543318959E-003   5.8287837081403152E-003   1.7091934030678426        4.9645414287845542        169.67053451127742        42.787869771903871     
   1.1699999999999970        4.6335572882517202E-003   5.7190617278678364E-003   1.7245399136688355        4.9500745600839462        172.21055630307444        42.720128770047744     
   1.1749999999999969        4.5710521847505290E-003   5.6121797633135947E-003   1.7401092222772354        4.9358116012098998        174.77704714602569        42.661737784106080     
   1.1799999999999968        4.5100706189074398E-003   5.5080496508438112E-003   1.7559031137931222        4.9217639630899059        177.37171259021201        42.599431745148223     
   1.1849999999999967        4.4505682551796355E-003   5.4065863650482431E-003   1.7719229033820010        4.9079430688617824        180.00809291966655        42.538263097724723     
   1.1899999999999966        4.3925022851324276E-003   5.3077078940988497E-003   1.7881694203755345        4.8943603345659445        182.69225810722267        42.478177589878371     
   1.1949999999999965        4.3358313678762217E-003   5.2113351205333603E-003   1.8046429936085246        4.8810271493936339        185.42978557456408        42.418658821280196     
   1.1999999999999964        4.2805155730819737E-003   5.1173917072075111E-003   1.8213434377564879        4.8679548556777652        188.19971031304576        42.359502403722118     
   1.2049999999999963        4.2265163264531298E-003   5.0258039881737370E-003   1.8382700410992912        4.8551547285596683        191.02858633895548        42.299429174258456     
   1.2099999999999962        4.1737963575385504E-003   4.9365008642568327E-003   1.8554215548134263        4.8426379553527772        193.90109826606778        42.240235115237397     
   1.2149999999999961        4.1223196497753465E-003   4.8494137031061526E-003   1.8727961835052391        4.8304156148005193        196.83672149273292        42.185328737762148     
   1.2199999999999960        4.0720513926595491E-003   4.7644762435189846E-003   1.8903915772863604        4.8184986559691518        199.82547464837540        42.129227884184182     
   1.2249999999999959        4.0229579359432228E-003   4.6816245038356821E-003   1.9082048259337916        4.8068978770908313        202.87131471556151        42.074954575474507     
   1.2299999999999958        3.9750067457653771E-003   4.6007966942185766E-003   1.9262324538005617        4.7956239042480844        205.97007805707318        42.019228483012178     
   1.2349999999999957        3.9281663626273503E-003   4.5219331326388085E-003   1.9444704176307108        4.7846871699237932        209.12237063469664        41.964759167064756     
   1.2399999999999956        3.8824063611266361E-003   4.4449761643979412E-003   1.9629141052137034        4.7740978914967886        212.34562025939482        41.912932932050389     
   1.2449999999999954        3.8376973113706391E-003   4.3698700850265835E-003   1.9815583364943614        4.7638660497514209        215.62831214459680        41.861993396429050     
   1.2499999999999953        3.7940107419910788E-003   4.2965610664034981E-003   2.0003973664581554        4.7540013672911989        218.98005449972516        41.810472730420628     
   1.2549999999999952        3.7513191046886843E-003   4.2249970859511328E-003   2.0194248895822193        4.7445132871194868        222.38190384448748        41.759487472197186     
   1.2599999999999951        3.7095957402373315E-003   4.1551278587687833E-003   2.0386340472782134        4.7354109511590465        225.86291798706577        41.711041832826858     
   1.2649999999999950        3.6688148458821949E-003   4.0869047725693919E-003   2.0580174363180230        4.7267031789733513        229.40287516628018        41.664097950778931     
   1.2699999999999949        3.6289514440696839E-003   4.0202808252971451E-003   2.0775671202033617        4.7183984465990285        233.00980143620097        41.611048604551861     
   1.2749999999999948        3.5899813524488114E-003   3.9552105653029622E-003   2.0972746421773092        4.7105048655435962        236.70873230234284        41.569781008697007     
   1.2799999999999947        3.5518811550883807E-003   3.8916500339674473E-003   2.1171310406673367        4.7030301620426505        240.46691789101524        41.523490807073671     
   1.2849999999999946        3.5146281748543551E-003   3.8295567106586626E-003   2.1371268670393468        4.6959816565273087        244.31276170533187        41.480538984543223     
   1.2899999999999945        3.4782004468981078E-003   3.7688894599258245E-003   2.1572522053390633        4.6893662433975596        248.22720484703859        41.435713114613065     
   1.2949999999999944        3.4425766932047437E-003   3.7096084808266360E-003   2.1774966948671759        4.6831903711491680        252.21876485212024        41.391116106823276     
   1.2999999999999943        3.4077362981563427E-003   3.6516752582972313E-003   2.1978495548799191        4.6774600228200738        256.29421613276577        41.349982110973862     
   1.3049999999999942        3.3736592850649358E-003   3.5950525164739665E-003   2.2182996121669882        4.6721806968921378        260.45678756657384        41.308915960228894     
   1.3099999999999941        3.3403262936331636E-003   3.5397041738817908E-003   2.2388353312731497        4.6673573885814239        264.69609413932147        41.269961135670265     
   1.3149999999999940        3.3077185583026141E-003   3.4855953004094319E-003   2.2594448480046827        4.6629945716432886        269.03055267319502        41.231109365532859     
   1.3199999999999938        3.2758178874514143E-003   3.4326920759927787E-003   2.2801160057986380        4.6590961807004243        273.44423770959992        41.192740547872113     
   1.3249999999999937        3.2446066434037488E-003   3.3809617509324916E-003   2.3008363961459497        4.6556655940801921        277.94551365889578        41.154812964944256     
   1.3299999999999936        3.2140677232180008E-003   3.3303726077773812E-003   2.3215934030019798        4.6527056172956662        282.56179542643099        41.120255395827236     
   1.3349999999999935        3.1841845402187270E-003   3.2808939247037194E-003   2.3423742502855047        4.6502184671291102        287.25473738229238        41.085521117848650     
   1.3399999999999934        3.1549410062416813E-003   3.2324959403292114E-003   2.3631660548760727        4.6482057563644936        292.04834901908293        41.052360436622720     
   1.3449999999999933        3.1263215145613098E-003   3.1851498198984985E-003   2.3839558825816458        4.6466684793248261        296.94333993032456        41.018674720550592     
   1.3499999999999932        3.0983109234723211E-003   3.1388276227835863E-003   2.4047308092087283        4.6456069979790122        301.92682900168501        40.988215526981328     
   1.3549999999999931        3.0708945404967630E-003   3.0935022712419756E-003   2.4254779841103331        4.6450210289925380        307.03018078947508        40.956959796090004     
   1.3599999999999930        3.0440581071920487E-003   3.0491475203811812E-003   2.4461846971483565        4.6449096315512755        312.23590378601801        40.932959909279752     
   1.3649999999999929        3.0177877845330250E-003   3.0057379292774671E-003   2.4668384477796450        4.6452711959457913        317.51891347233106        40.899607044934918     
   1.3699999999999928        2.9920701388454719E-003   2.9632488332014990E-003   2.4874270145337150        4.6461034332288493        322.93610301246127        40.873308897088435     
   1.3749999999999927        2.9668921282677788E-003   2.9216563169041756E-003   2.5079385245144765        4.6474033656181222        328.43906784075733        40.845713027651506     
   1.3799999999999926        2.9422410897187914E-003   2.8809371889188156E-003   2.5283615219394031        4.6491673179748911        334.08484299132925        40.820415585325691     
   1.3849999999999925        2.9181047263511614E-003   2.8410689568374916E-003   2.5486850324586507        4.6513909102936362        339.82832935442048        40.797715885899656     
   1.3899999999999924        2.8944710954705408E-003   2.8020298035211781E-003   2.5688986255815851        4.6540690511477676        345.66050881657458        40.772877974261519     
   1.3949999999999922        2.8713285969009334E-003   2.7637985642052685E-003   2.5889924705317853        4.6571959323056218        351.65604751824230        40.752922187369876     
   1.3999999999999921        2.8486659617790815E-003   2.7263547044644437E-003   2.6089573879698018        4.6607650243612220        357.74859444005824        40.731741911488108     
   1.4049999999999920        2.8264722417591422E-003   2.6896782990000756E-003   2.6287848948844612        4.6647690735865721        363.93713731946701        40.712832805466149     
   1.4099999999999919        2.8047367986125346E-003   2.6537500112187055E-003   2.6484672430355602        4.6692000999789247        370.30638231204324        40.688485015843881     
   1.4149999999999918        2.7834492942059551E-003   2.6185510735679098E-003   2.6679974528198676        4.6740493963868648        376.76064401571807        40.676028844359095     
   1.4199999999999917        2.7625996808427352E-003   2.5840632685991466E-003   2.6873693394523479        4.6793075291100452        383.32710842507510        40.659459179003726     
   1.4249999999999916        2.7421781919534935E-003   2.5502689107296363E-003   2.7065775352287949        4.6849643395014269        390.05094795259254        40.645222238435245     
   1.4299999999999915        2.7221753331212531E-003   2.5171508286726545E-003   2.7256175068272777        4.6910089471837759        396.90513118364180        40.630817189565406     
   1.4349999999999914        2.7025818734287646E-003   2.4846923485121351E-003   2.7444855689274572        4.6974297543639283        403.86625159071451        40.618479731729899     
   1.4399999999999913        2.6833888371144443E-003   2.4528772773934472E-003   2.7631788950984206        4.7042144516841091        410.96464429618118        40.607526134764662     
   1.4449999999999912        2.6645874955253833E-003   2.4216898878077109E-003   2.7816955266474017        4.7113500253876683        418.25932976002525        40.603575461520819     
   1.4499999999999911        2.6461693593555760E-003   2.3911149024451518E-003   2.8000343807787083        4.7188227660634690        424.72015053536387        40.586853945256649     
   1.4549999999999910        2.6281261711578780E-003   2.3611374795946462E-003   2.8181952579809275        4.7266182786554776        431.17050694059378        40.578331854691953     
   1.4599999999999909        2.6104498981199074E-003   2.3317431990693381E-003   2.8361788510632397        4.7347214941545994        437.74399202107639        40.572234321311754     
   1.4649999999999908        2.5931327250923847E-003   2.3029180486355502E-003   2.8539867530889342        4.7431166827568907        444.42463614497376        40.565293144427315     
   1.4699999999999906        2.5761670478616433E-003   2.2746484109278020E-003   2.8716214692826814        4.7517874685639168        451.21253664694490        40.560754302422140     
   1.4749999999999905        2.5595454666554503E-003   2.2469210508284398E-003   2.8890864282165065        4.7607168459846569        458.11074402784948        40.558131691428265     
   1.4799999999999904        2.5432607798741963E-003   2.2197231032954389E-003   2.9063859978073388        4.7698871974677788        465.13911209036172        40.553935096662492     
   1.4849999999999903        2.5273059780385001E-003   2.1930420616210256E-003   2.9235254996678637        4.7792803133116735        472.22932464458796        40.552137144875019     
   1.4899999999999902        2.5116742379449018E-003   2.1668657661031441E-003   2.9405112278697785        4.7888774126957134        479.41388302632549        40.549594539010542     
   1.4949999999999901        2.4963589170217469E-003   2.1411823931150966E-003   2.9573504675536717        4.7986591667544856        486.81563864539999        40.554267151308458     
   1.4999999999999900        2.4813535478779110E-003   2.1159804445576480E-003   2.9740515158172869        4.8086057231394195        494.29798185197740        40.553690960282047     
   1.5049999999999899        2.4666518330367679E-003   2.0912487376789249E-003   2.9906237010716521        4.8186967324525964        501.85620517378777        40.557230511520565     
   1.5099999999999898        2.4522476398489484E-003   2.0669763952484411E-003   3.0070774045662376        4.8289113764191081        509.56796473841587        40.560235883791421     
   1.5149999999999897        2.4381349955762779E-003   2.0431528360706124E-003   3.0234240792782621        4.8392283977077861        517.38084298997921        40.564693603470140     
   1.5199999999999896        2.4243080826416795E-003   2.0197677658266066E-003   3.0396762680742975        4.8496261318369100        525.29909358849545        40.571036943846572     
   1.5249999999999895        2.4107612340380285E-003   1.9968111682308626E-003   3.0558476195923361        4.8600825406436412        533.33908837864305        40.577726537467470     
   1.5299999999999894        2.3974889288901472E-003   1.9742732964908357E-003   3.0719529011233853        4.8705752477146103        541.50903505084864        40.585777521604896     
   1.5349999999999893        2.3844857881649010E-003   1.9521446650585675E-003   3.0880080069749676        4.8810815756631483        549.83574400533280        40.590568938959294     
   1.5399999999999892        2.3717465705230647E-003   1.9304160416631999E-003   3.1040299622701846        4.8915785853328826        558.23003522324757        40.604869089218710     
   1.5449999999999890        2.3592661683085837E-003   1.9090784396139442E-003   3.1200369226721407        4.9020431167400238        566.75757541806547        40.614859913281201     
   1.5499999999999889        2.3470396036693684E-003   1.8881231103631340E-003   3.1360481647174008        4.9124518321972426        575.42761218010730        40.627084455636577     
   1.5549999999999888        2.3350620248060315E-003   1.8675415363204962E-003   3.1520840719887269        4.9227812610406989        584.20879873190484        40.639615809343539     
   1.5599999999999887        2.3233287023423322E-003   1.8473254239083456E-003   3.1681661117253705        4.9330078466022771        593.15222539810361        40.653623137844001     
   1.5649999999999886        2.3118350258144967E-003   1.8274666968496462E-003   3.1843168025695281        4.9431079949242216        602.15047847635867        40.667697553709154     
   1.5699999999999885        2.3005765002739949E-003   1.8079574896801597E-003   3.2005596733938533        4.9530581254719719        611.31731041234934        40.683371536607311     
   1.5749999999999884        2.2895487430003711E-003   1.7887901414759494E-003   3.2169192124561405        4.9628347239430548        620.59068622114876        40.699994808705547     
   1.5799999999999883        2.2787474803198132E-003   1.7699571897894862E-003   3.2334208027554716        4.9724143968756946        629.99344937367493        40.716488881043013     
   1.5849999999999882        2.2681685445259253E-003   1.7514513647856843E-003   3.2500906507097391        4.9817739283399147        639.55232555112639        40.735857911155527     
   1.5899999999999881        2.2578078708988788E-003   1.7332655835710375E-003   3.2669556971717726        4.9908903387337133        649.19229258873270        40.754588086982068     
   1.5949999999999880        2.2476614948197405E-003   1.7153929447094442E-003   3.2840435203146248        4.9997409453347723        659.01690737491140        40.773994780548641     
   1.5999999999999879        2.2377255489761066E-003   1.6978267229165928E-003   3.3013822208687311        5.0083034250361091        668.93296911226514        40.796097551509540     
   1.6049999999999878        2.2279962606564369E-003   1.6805603639281459E-003   3.3190002984220013        5.0165558790333069        679.01479191401415        40.816768622962641     
   1.6099999999999877        2.2184699491296644E-003   1.6635874795343140E-003   3.3369265084901505        5.0244768995278353        689.20068803776087        40.839737255436731     
   1.6149999999999876        2.2091430231071119E-003   1.6469018427755300E-003   3.3551897077599060        5.0320456384792358        699.50240413764016        40.863877026010222     
   1.6199999999999875        2.2000119782837725E-003   1.6304973832929226E-003   3.3738186848310923        5.0392418782613255        709.88690467037259        40.888090439151590     
   1.6249999999999873        2.1910733949562808E-003   1.6143681828286009E-003   3.3928419726658001        5.0460461044571669        720.48719658549885        40.913396241602165     
   1.6299999999999872        2.1823239357153740E-003   1.5985084708704910E-003   3.4122876490879421        5.0524395805428988        731.21489624485707        40.937766346733959     
   1.6349999999999871        2.1737603432091571E-003   1.5829126204360028E-003   3.4321831197462997        5.0584044246117603        742.07782452841479        40.965361675779079     
   1.6399999999999870        2.1653794379759925E-003   1.5675751439904570E-003   3.4525548853234138        5.0639236881442971        753.02660337755776        40.992668290508711     
   1.6449999999999869        2.1571781163438721E-003   1.5524906894948376E-003   3.4734282952385995        5.0689814366700698        764.15334259714848        41.021798406424629     
   1.6499999999999868        2.1491533483941243E-003   1.5376540365791131E-003   3.4948272837386343        5.0735628325400972        775.55535549886883        41.050662625898056     
   1.6549999999999867        2.1413021759872988E-003   1.5230600928356631E-003   3.5167740943335439        5.0776542193724934        786.89114655809931        41.081378344544234     
   1.6599999999999866        2.1336217108496314E-003   1.5087038902301120E-003   3.5392889866653539        5.0812432089145689        798.24695725799074        41.092279437314815     
   1.6649999999999865        2.1261091327168039E-003   1.4945805816240058E-003   3.5623899336185567        5.0843187693873162        810.25271739440609        41.140535580598836     
   1.6699999999999864        2.1187616875345565E-003   1.4806854374066149E-003   3.5860923038087824        5.0868713160895780        821.81220514826771        41.173830563036695     
   1.6749999999999863        2.1115766857130458E-003   1.4670138422314943E-003   3.6104085333056553        5.0888928036426799        833.72951715306021        41.205740638659819     
   1.6799999999999862        2.1045515004338498E-003   1.4535612918542909E-003   3.6353477906213389        5.0903768203612074        845.77047420032284        41.239136195231353     
   1.6849999999999861        2.0976835660077406E-003   1.4403233900688232E-003   3.6609156314576854        5.0913186843634080        857.92937918371547        41.272834931414465     
   1.6899999999999860        2.0909703762812255E-003   1.4272958457371690E-003   3.6871136498556139        5.0917155415854136        870.31200973705359        41.306981488997444     
   1.6949999999999859        2.0844094830905092E-003   1.4144744699115131E-003   3.7139391276327842        5.0915664655700779        882.75597846445316        41.341659195915952     
   1.6999999999999857        2.0779984947614178E-003   1.4018551730441546E-003   3.7413846855857118        5.0908725590911468        895.40272006463761        41.376172544930846     
   1.7049999999999856        2.0717350746534279E-003   1.3894339622824829E-003   3.7694379386147423        5.0896370576234009        908.15858884697457        41.414480674336282     
   1.7099999999999855        2.0656169397467654E-003   1.3772069388469231E-003   3.7980811626195274        5.0878654343770826        921.03239554761501        41.449986144743363     
   1.7149999999999854        2.0596418592706955E-003   1.3651702954879570E-003   3.8272909762830150        5.0855655073966819        934.12885982032981        41.492431521346390     
   1.7199999999999853        2.0538076533719364E-003   1.3533203140202537E-003   3.8570380462268918        5.0827475479525264        947.22647604209544        41.524789145904677     
   1.7249999999999852        2.0481121918222382E-003   1.3416533629316168E-003   3.8872868190467447        5.0794243908427523        960.62870370382620        41.563839487949053     
   1.7299999999999851        2.0425533927629926E-003   1.3301658950633803E-003   3.9179952936752702        5.0756115462589557        974.06284320728730        41.600775175102839     
   1.7349999999999850        2.0371292214865096E-003   1.3188544453604960E-003   3.9491148419530817        5.0713273132777941        987.63232123980583        41.642144347944324     
   1.7399999999999849        2.0318376892522693E-003   1.3077156286888888E-003   3.9805900853166483        5.0665928948539447        1001.4257367032191        41.682487318023078     
   1.7449999999999848        2.0266768521373063E-003   1.2967461377180205E-003   4.0123588474976923        5.0614325143772119        1015.2787260991901        41.723360703007970     
   1.7499999999999847        2.0216448099194323E-003   1.2859427408658595E-003   4.0443521902959203        5.0558735335581790        1029.2871588105224        41.763599914641176     
   1.7549999999999846        2.0167397049925869E-003   1.2753022803055527E-003   4.0764945520994909        5.0499465721130994        1043.4238123646974        41.804657463894429     
   1.7599999999999845        2.0119597213127047E-003   1.2648216700298714E-003   4.1087040123674434        5.0436856283521703        1057.5718356424038        41.847306966556516     
   1.7649999999999844        2.0073030833738280E-003   1.2544978939735729E-003   4.1408926894976972        5.0371282015113019        1072.2373087719707        41.889246111471408     
   1.7699999999999843        2.0027680552129204E-003   1.2443280041901335E-003   4.1729673076559024        5.0303154151941172        1086.7741940359183        41.931891439844719     
   1.7749999999999841        1.9983529394429623E-003   1.2343091190823417E-003   4.2048299493180581        5.0232921419240002        1101.5958501870689        41.975836873263702     
   1.7799999999999840        1.9940560763129426E-003   1.2244384216840581E-003   4.2363790197923947        5.0161071293267794        1116.4981628059384        42.018929806504076     
   1.7849999999999839        1.9898758427944916E-003   1.2147131579922524E-003   4.2675104492977596        5.0088131269372118        1131.3461949400312        42.061053595708415     
   1.7899999999999838        1.9858106516936875E-003   1.2051306353469762E-003   4.2981191586227672        5.0014670145496760        1146.6465364516907        42.106454967831382     
   1.7949999999999837        1.9818589507878057E-003   1.1956882208585856E-003   4.3281008155867067        4.9941299311191329        1162.0434268491056        42.151733637611642     
   1.7999999999999836        1.9780192219858951E-003   1.1863833398798934E-003   4.3573538939167511        4.9868674050751736        1177.5082986586067        42.195975567712736     
   1.8049999999999835        1.9742899805126513E-003   1.1772134745222610E-003   4.3857820559767076        4.9797494853870194        1193.1245852142681        42.241580494816247     
   1.8099999999999834        1.9706697741145962E-003   1.1681761622143812E-003   4.4132968596527302        4.9728508732129528        1208.8794848882712        42.286716247679522     
   1.8149999999999833        1.9671571822882923E-003   1.1592689943018162E-003   4.4398207808222150        4.9662510547965564        1224.7239010401493        42.332687949550305     
   1.8199999999999832        1.9637508155295287E-003   1.1504896146866375E-003   4.4652905148609738        4.9600344347275840        1240.7621705902982        42.377597662791750     
   1.8249999999999831        1.9604493146029925E-003   1.1418357185054762E-003   4.4896605139214625        4.9542904700051826        1257.6017168199710        42.435870121639489     
   1.8299999999999830        1.9572513498320190E-003   1.1333050508452584E-003   4.5129066683337147        4.9491138045204099        1273.5662246886286        42.475080085779965     
   1.8349999999999829        1.9541556204071696E-003   1.1248954054945510E-003   4.5350300105145251        4.9446044041953998        1289.8509084961838        42.517779919611741     
   1.8399999999999828        1.9511608537141386E-003   1.1166046237306784E-003   4.5560602846927400        4.9408676925460124        1306.5275276694854        42.566362713607312     
   1.8449999999999827        1.9482658046789661E-003   1.1084305931402230E-003   4.5760591790752239        4.9380146864088692        1323.3324125065781        42.613494382554983     
   1.8499999999999825        1.9454692551315973E-003   1.1003712464728564E-003   4.5951229697743194        4.9361621321393523        1340.2363972435039        42.660598860553542     
   1.8549999999999824        1.9427700131860429E-003   1.0924245605268704E-003   4.6133843061982285        4.9354326419583252        1357.3249309068344        42.708838997888556     
   1.8599999999999823        1.9401669126372255E-003   1.0845885550659297E-003   4.6310128144141993        4.9359548302113359        1374.4625531699585        42.756868878075458     
   1.8649999999999822        1.9376588123737953E-003   1.0768612917653392E-003   4.6482142113774119        4.9378634498542056        1392.0449759013613        42.804928762050473     
   1.8699999999999821        1.9352445958066508E-003   1.0692408731879349E-003   4.6652276179317864        4.9412995287677139        1409.5203558321571        42.853076480403566     
   1.8749999999999820        1.9329231703123333E-003   1.0617254417873976E-003   4.6823207833499421        4.9464105061135584        1427.1622934987970        42.899746747913561     
   1.8799999999999819        1.9306934666914590E-003   1.0543131789399621E-003   4.6997830291032416        4.9533503680476159        1445.0519921910227        42.949812801762960     
   1.8849999999999818        1.9285544386410565E-003   1.0470023040015856E-003   4.7179157582859528        4.9622797832736598        1463.0337527975662        42.998583328666648     
   1.8899999999999817        1.9265050622409071E-003   1.0397910733915541E-003   4.7370205446140758        4.9733662383697181        1481.2323872323700        43.047817493020553     
   1.8949999999999816        1.9245443354530449E-003   1.0326777797002226E-003   4.7573848624229784        4.9867841722850041        1499.5753270040379        43.097331325817876     
   1.8999999999999815        1.9226712776348491E-003   1.0256607508222194E-003   4.7792657326611216        5.0027151102564531        1518.0280304393896        43.146649606836377     
   1.9049999999999814        1.9208849290639608E-003   1.0187383491112984E-003   4.8028715797913639        5.0213477969262543        1536.6116123812403        43.195906148956361     
   1.9099999999999813        1.9191843504763205E-003   1.0119089705597118E-003   4.8283427527011726        5.0428783288614776        1555.4158640947380        43.245297631381213     
   1.9149999999999812        1.9175686226155068E-003   1.0051710439984392E-003   4.8557311780144232        5.0675102857806724        1574.3504646754309        43.294524479586542     
   1.9199999999999811        1.9160368457940243E-003   9.9852303031939421E-004   4.8849796494135376        5.0954548609247023        1593.3116878155245        43.343285732974188     
   1.9249999999999809        1.9145881394655587E-003   9.9196342171812245E-004   4.9159012082074867        5.1269309901171685        1612.5323372043481        43.392966214423772     
   1.9299999999999808        1.9132216418085283E-003   9.8549074095700680E-004   4.9481590074485409        5.1621654796927210        1631.8457101065903        43.441385753821358     
   1.9349999999999807        1.9119365093198072E-003   9.7910354064748429E-004   4.9812469680823002        5.2013931327017069        1651.4207825470214        43.491788493758392     
   1.9399999999999806        1.9107319164192145E-003   9.7280040255204293E-004   5.0144713898468165        5.2448568739738137        1671.1396701867154        43.541501074375716     
   1.9449999999999805        1.9096070550636772E-003   9.6657993690383139E-004   5.0469335686620669        5.2928078730086678        1691.0196907184668        43.591419475877885     
   1.9499999999999804        1.9085611343713101E-003   9.6044078174453013E-004   5.0775133782864641        5.3455056660012437        1710.9065865595257        43.640517628200257     
   1.9549999999999803        1.9075933802548913E-003   9.5438160228000042E-004   5.1048536505162296        5.4032182745451962        1731.0180975446083        43.689274890672095     
   1.9599999999999802        1.9067030350646381E-003   9.4840109025189838E-004   0.0000000000000000        2.3125275486667332        1751.5111395194829        43.742332686936670     
   1.9649999999999801        1.9058893572397480E-003   9.4249796332641315E-004   0.0000000000000000        2.3116281537016654        1771.8887433122366        43.789227134572890     
   1.9699999999999800        1.9051516209688600E-003   9.3667096449875150E-004   0.0000000000000000        2.3106774911468624        1792.4579600564059        43.839040815078121     
   1.9749999999999799        1.9044891158587654E-003   9.3091886151282156E-004   0.0000000000000000        2.3096756352692247        1813.1204544136765        43.887318351747844     
   1.9799999999999798        1.9039011466113877E-003   9.2524044629607326E-004   0.0000000000000000        2.3086226603090831        1834.1199136787964        43.936843304850001     
   1.9849999999999797        1.9033870327088685E-003   9.1963453440910509E-004   0.0000000000000000        2.3075186404779044        1855.1704928618224        43.986288938550416     
   1.9899999999999796        1.9029461081062401E-003   9.1409996450906553E-004   0.0000000000000000        2.3063636499562330        1876.4074644528496        44.034800070251187     
   1.9949999999999795        1.9025777209318517E-003   9.0863559782701638E-004   0.0000000000000000        2.3051577628916116        1897.6745287544891        44.084288040052613     
   1.9999999999999793        1.9022812331949061E-003   9.0324031765868975E-004   0.0000000000000000        2.3039010533964044        1919.3660212757020        44.133877611931986     
