   0.0000000000000000        0.0000000000000000        0.0000000000000000        0.0000000000000000       0.57668152485396651        0.0000000000000000        0.0000000000000000     
   1.0000000000000000E-002   0.0000000000000000        0.0000000000000000        0.0000000000000000       0.56350542800750358        0.0000000000000000        0.0000000000000000     
   2.0000000000000000E-002   0.0000000000000000        0.0000000000000000        0.0000000000000000       0.55054933581859566        0.0000000000000000        0.0000000000000000     
   2.9999999999999999E-002   0.0000000000000000        0.0000000000000000        0.0000000000000000       0.53780928694716523        0.0000000000000000        0.0000000000000000     
   4.0000000000000001E-002   2.1790126841343370E-017   1.0012643883527752E-015   0.0000000000000000       0.52528129526436895        0.0000000000000000        0.0000000000000000     
   5.0000000000000003E-002   9.6102599848413856E-017   4.4460171840718556E-015   0.0000000000000000       0.51296135371932883        0.0000000000000000        0.0000000000000000     
   6.0000000000000005E-002  -1.7662143701058972E-016   8.5060671494462554E-015   0.0000000000000000       0.50084543870588905        0.0000000000000000        0.0000000000000000     
   7.0000000000000007E-002  -4.5828124195914128E-016   1.3744483299523988E-014   0.0000000000000000       0.48892951470342677        0.0000000000000000        0.0000000000000000     
   8.0000000000000002E-002  -7.8545769480562947E-016   2.0876175948433238E-014   0.0000000000000000       0.47720953972969860        0.0000000000000000        0.0000000000000000     
   8.9999999999999997E-002  -1.1980420289475421E-015   3.0858702844498685E-014   0.0000000000000000       0.46568147129172188        0.0000000000000000        0.0000000000000000     
   9.9999999999999992E-002  -1.7437599338549770E-015   4.5011760533657202E-014   0.0000000000000000       0.45434127342349911        0.0000000000000000        0.0000000000000000     
  0.10999999999999999       -2.4832203381216390E-015   6.5179099993947144E-014   0.0000000000000000       0.44318492430612183        0.0000000000000000        0.0000000000000000     
  0.11999999999999998       -3.4959728970636039E-015   9.3951139128373250E-014   0.0000000000000000       0.43220842510403107        0.0000000000000000        0.0000000000000000     
  0.12999999999999998       -4.8881077282104084E-015   1.3497295359499802E-013   0.0000000000000000       0.42140780927813887        0.0000000000000000        0.0000000000000000     
  0.13999999999999999       -6.8020206387522507E-015   1.9337121974127333E-013   0.0000000000000000       0.41077915272251259        0.0000000000000000        0.0000000000000000     
  0.14999999999999999       -9.4290978629517587E-015   2.7634589039705714E-013   0.0000000000000000       0.40031858385705399        0.0000000000000000        0.0000000000000000     
  0.16000000000000000       -1.3026248880542281E-014   3.9398902888314507E-013   0.0000000000000000       0.39002229353469281        4.4683527853694292E-020   3.2230389436283368E-019
  0.17000000000000001       -1.7937438084339875E-014   5.6041581404411311E-013   0.0000000000000000       0.37988654376074305        1.3180018495754378E-018   9.4192108476374826E-018
  0.18000000000000002       -2.4621640161584053E-014   7.9532326627634915E-013   0.0000000000000000       0.36990767466910390        5.5972703677430211E-018   3.9749014519949078E-017
  0.19000000000000003       -3.3688973669311409E-014   1.1261333958435017E-012   0.0000000000000000       0.36008210866454327        1.5781267881498740E-017   1.1134463041496668E-016
  0.20000000000000004       -4.5947153952688538E-014   1.5909327652433673E-012   0.0000000000000000       0.35040635137168913        3.6586770471458686E-017   2.5629031916323982E-016
  0.21000000000000005       -6.2460847617261102E-014   2.2424945356892341E-012   0.0000000000000000       0.34087698863946408        7.5546742748179952E-017   5.2504926079258409E-016
  0.22000000000000006       -8.4626996315522930E-014   3.1537680464924176E-012   0.0000000000000000       0.33149068012244787        1.4452774275707837E-016   9.9602891910693957E-016
  0.23000000000000007       -1.1426968609897157E-013   4.4253528707720832E-012   0.0000000000000000       0.32224414964760922        2.6179931703540743E-016   1.7884841895339519E-015
  0.24000000000000007       -1.5375863058094340E-013   6.1956495855244543E-012   0.0000000000000000       0.31313417390793369        4.5506431772081208E-016   3.0815634678546585E-015
  0.25000000000000006       -2.0615574552601165E-013   8.6546118700338074E-012   0.0000000000000000       0.30415757134186638        7.6518329033575157E-016   5.1378411421390781E-015
  0.26000000000000006       -2.7539451417027297E-013   1.2062331822422080E-011   0.0000000000000000       0.29531119303302655        1.2505780000031957E-015   8.3319988464508918E-015
  0.27000000000000007       -3.6649671572025201E-013   1.6774095730399430E-011   0.0000000000000000       0.28659191783441695        1.9936683229387205E-015   1.3194670922256773E-014
  0.28000000000000008       -4.8583037437334119E-013   2.3274081048133605E-011   0.0000000000000000       0.27799665350585856        3.1002682892777632E-015   2.0411005709426175E-014
  0.29000000000000009       -6.4141113311336472E-013   3.2220566100293436E-011   0.0000000000000000       0.26952234457580160        4.7197982185376651E-015   3.0959108481722637E-014
  0.30000000000000010       -8.4324616379090710E-013   4.4506442821719002E-011   0.0000000000000000       0.26116598729860502        7.0450880491668381E-015   4.6108782784974267E-014
  0.31000000000000011       -1.1037144831069440E-012   6.1340025650919216E-011   0.0000000000000000       0.25292465158828892        1.0357921742328820E-014   6.7716950353570267E-014
  0.32000000000000012       -1.4379691617314592E-012   8.4352722487638603E-011   0.0000000000000000       0.24479550780616008        1.5042827891285482E-014   9.8315664418925735E-014
  0.33000000000000013       -1.8643340202604460E-012   1.1574218858817740E-010   0.0000000000000000       0.23677585841828472        2.1635380182551481E-014   1.4140849785107246E-013
  0.34000000000000014       -2.4046481236032970E-012   1.5846226817227564E-010   0.0000000000000000       0.22886317103034490        3.0901488517776318E-014   2.0199434332543462E-013
  0.35000000000000014       -3.0844831646631310E-012   2.1647453377406089E-010   0.0000000000000000       0.22105511344162090        4.3912842307993883E-014   2.8698582915957206E-013
  0.36000000000000015       -3.9331182316727625E-012   2.9508081268496330E-010   0.0000000000000000       0.21334958793808198        6.2152844873486948E-014   4.0593954211678689E-013
  0.37000000000000016       -4.9830988810817338E-012   4.0136207529954261E-010   0.0000000000000000       0.20574476499432856        8.7673277299106978E-014   5.7207624276127226E-013
  0.38000000000000017       -6.2691267730068822E-012   5.4475688795771256E-010   0.0000000000000000       0.19823911553512308        1.2331399894476406E-013   8.0364569512187132E-013
  0.39000000000000018       -7.8259142864084198E-012   7.3782287464004856E-010   0.0000000000000000       0.19083144139909480        1.7296236149566244E-013   1.1255437112914132E-012
  0.40000000000000019       -9.6844848977953116E-012   9.9723803402196811E-010   0.0000000000000000       0.18352090429509049        2.4201521833420450E-013   1.5723173218919942E-012
  0.41000000000000020       -1.1866190806872882E-011   1.3451162901854378E-009   0.0000000000000000       0.17630705279402561        3.3776900731819281E-013   2.1904096867210297E-012
  0.42000000000000021       -1.4373436294447018E-011   1.8107345665092065E-009   0.0000000000000000       0.16918984757240549        4.7033250149297993E-013   3.0440899979179705E-012
  0.43000000000000022       -1.7175715286839758E-011   2.4327985607652371E-009   0.0000000000000000       0.16216968491310735        6.5339861004513830E-013   4.2201244558050398E-012
  0.44000000000000022       -2.0189064575449118E-011   3.2624132882749430E-009   0.0000000000000000       0.15524741734539013        9.0562989622672960E-013   5.8364138028672862E-012
  0.45000000000000023       -2.3246361675979096E-011   4.3669748830182821E-009   0.0000000000000000       0.14842437195650557        1.2525419952183566E-012   8.0537781796756447E-012
  0.46000000000000024       -2.6055009424682213E-011   5.8352652410851155E-009   0.0000000000000000       0.14170236536984016        1.7283030311770996E-012   1.1086687870006316E-011
  0.47000000000000025       -2.8137385928375493E-011   7.7841146941970705E-009   0.0000000000000000       0.13508371469139513        2.3798787466771281E-012   1.5229338114826118E-011
  0.48000000000000026       -2.8747919850991580E-011   1.0367104648772919E-008   0.0000000000000000       0.12857124244496862        3.2698470913361343E-012   2.0872414404112399E-011
  0.49000000000000027       -2.6758678384109789E-011   1.3785917547749486E-008   0.0000000000000000       0.12216827604491962        4.4828611802221366E-012   2.8542511663526665E-011
  0.50000000000000022       -2.0502804761661245E-011   1.8305112122065640E-008   0.0000000000000000       0.11587863925842125        6.1323106811388031E-012   3.8942910770549666E-011
  0.51000000000000023       -7.5618593025717577E-012   2.4271315276894241E-008   0.0000000000000000       0.10970663378340580        8.3720249565015654E-012   5.3024960229251325E-011
  0.52000000000000024        1.5521089337617276E-011   3.2138086823716890E-008   0.0000000000000000       0.10365701097930785        1.1403816115856991E-011   7.2031687514399267E-011
  0.53000000000000025        5.3626145422944683E-011   4.2498039544114633E-008   0.0000000000000000        9.7734929464516798E-002   1.5501260067181304E-011   9.7643878530394246E-011
  0.54000000000000026        1.1356938707463080E-010   5.6124195932600824E-008   0.0000000000000000        9.1945899202965781E-002   2.1025594165816878E-011   1.3207210167013263E-010
  0.55000000000000027        2.0478277324644624E-010   7.4023046901943561E-008   0.0000000000000000        8.6295708068857266E-002   2.8458911569232425E-011   1.7825613431679285E-010
  0.56000000000000028        3.4021103680514458E-010   9.7502360602067264E-008   0.0000000000000000        8.0790330168918817E-002   3.8443949908216993E-011   2.4010287844824049E-010
  0.57000000000000028        5.3748912763849243E-010   1.2825748660302091E-007   0.0000000000000000        7.5435812657864906E-002   5.1819225938990306E-011   3.2269339135240014E-010
  0.58000000000000029        8.2048089340737892E-010   1.6848072887100377E-007   0.0000000000000000        7.0238140664916959E-002   6.9713354816402496E-011   4.3283542193422470E-010
  0.59000000000000030        1.2212810339274196E-009   2.2099933876423295E-007   0.0000000000000000        6.5203076876238497E-002   9.3564377247160531E-011   5.7917738784645473E-010
  0.60000000000000031        1.7828088824203174E-009   2.8944882713115270E-007   0.0000000000000000        6.0335973539934785E-002   1.2532679834286830E-010   7.7343005098663570E-010
  0.61000000000000032        2.5621553841732013E-009   3.7848963511809216E-007   0.0000000000000000        5.5641558462909246E-002   1.6753053396416897E-010   1.0306953387560100E-009
  0.62000000000000033        3.6348851098306273E-009   4.9407676163200605E-007   0.0000000000000000        5.1123686552926380E-002   2.2351327041881579E-010   1.3708231361849321E-009
  0.63000000000000034        5.1005448591175587E-009   6.4379374968252895E-007   0.0000000000000000        4.6785062727493124E-002   2.9753915918864161E-010   1.8190614384312254E-009
  0.64000000000000035        7.0896912757890399E-009   8.3726451569820390E-007   0.0000000000000000        4.2626930171116593E-002   3.9530866167409608E-010   2.4090718580837801E-009
  0.65000000000000036        9.7728241351980730E-009   1.0866589011771508E-006   0.0000000000000000        3.8648719381735148E-002   5.2412413608786913E-010   3.1837631301812471E-009
  0.66000000000000036        1.3371702191952803E-008   1.4073105753454215E-006   0.0000000000000000        3.4847662717601133E-002   6.9449356025918338E-010   4.2046270544266898E-009
  0.67000000000000037        1.8173627726425592E-008   1.8184690670987028E-006   0.0000000000000000        3.1218361202697466E-002   9.1588225326962104E-010   5.5269891532688163E-009
  0.68000000000000038        2.4549417725730402E-008   2.3442113069645711E-006   0.0000000000000000        2.7752307907699100E-002   1.2070345366816751E-009   7.2596206050433880E-009
  0.69000000000000039        3.2975938029853104E-008   3.0145421747315633E-006   0.0000000000000000        2.4437352641837225E-002   1.5875237394138991E-009   9.5157866865878029E-009
  0.70000000000000040        4.4064266401283211E-008   3.8667182429027182E-006   0.0000000000000000        2.1257100015005480E-002   2.0837958106191703E-009   1.2447898127967235E-008
  0.71000000000000041        5.8594776598162284E-008   4.9468342553111263E-006   0.0000000000000000        1.8190227623554718E-002   2.7301858328394454E-009   1.6253000591218194E-008
  0.72000000000000042        7.7560704070712084E-008   6.3117179670445342E-006   0.0000000000000000        1.5209694910836081E-002   3.5686780302693075E-009   2.1170767720127672E-008
  0.73000000000000043        1.0222207146717532E-007   8.0311858866365971E-006   0.0000000000000000        1.2281817542964542E-002   4.6554562860431395E-009   2.7520779702397222E-008
  0.74000000000000044        1.3417222602155523E-007   1.0190720300934144E-005   0.0000000000000000        9.3651541333918415E-003   6.0654479411026027E-009   3.5728887278105072E-008
  0.75000000000000044        1.7541967904763051E-007   1.2894636828026091E-005   0.0000000000000000        6.4091484078293692E-003   7.8825462389034220E-009   4.6266946928613836E-008
  0.76000000000000045        2.2848844871001439E-007   1.6269821736128490E-005   8.7304436572812390E-004   3.3524325700769143E-003   1.0224855571246213E-008   5.9799592731751944E-008
  0.77000000000000046        2.9654069996618446E-007   2.0470129484948072E-005   2.0425115440601386E-002   1.2068377554657428E-004   1.3240301355932755E-008   7.7151571986960362E-008
  0.78000000000000047        3.8352615931439664E-007   2.5681543479623146E-005   3.8840889534950851E-002   0.0000000000000000        1.7111346348999056E-008   9.9343033823430591E-008
  0.79000000000000048        4.9436356595865702E-007   3.2128216946483925E-005   5.5362883296856062E-002   0.0000000000000000        2.2068596221959237E-008   1.2764860115699315E-007
  0.80000000000000049        6.3516031402010232E-007   4.0079526185790828E-005   6.9097481712022360E-002   0.0000000000000000        2.8407805471976144E-008   1.6370278104574967E-007
  0.81000000000000050        8.1347745036793466E-007   4.9858285226776066E-005   7.9000460292786345E-002   0.0000000000000000        3.6502889765560369E-008   2.0956040189557302E-007
  0.82000000000000051        1.0386483258184345E-006   6.1850289040335299E-005   8.3861761089435827E-002   0.0000000000000000        4.6811926423484179E-008   2.6772598840596847E-007
  0.83000000000000052        1.3221604577503681E-006   7.6515371805654402E-005   8.2289578180023012E-002   0.0000000000000000        5.9908848520307182E-008   3.4132202516134805E-007
  0.84000000000000052        1.6781115500613443E-006   9.4400187017765577E-005   7.2693836469492915E-002   0.0000000000000000        7.6538647321381980E-008   4.3439372654179650E-007
  0.85000000000000053        2.1237521275707130E-006   1.1615293705660158E-004   5.3269183153107122E-002   0.0000000000000000        9.7621144447820129E-008   5.5189974907457310E-007
  0.86000000000000054        2.6801288658868147E-006   1.4254030062191004E-004   2.1977647595826273E-002   0.0000000000000000        1.2422977162527619E-007   6.9959671667401195E-007
  0.87000000000000055        3.3728444155709108E-006   1.7446682634755681E-004   0.0000000000000000        0.0000000000000000        1.5783108926928936E-007   8.8533341420495434E-007
  0.88000000000000056        4.2329513016351572E-006   2.1299707883263194E-004   0.0000000000000000        0.0000000000000000        2.0013940197258093E-007   1.1182253337187170E-006
  0.89000000000000057        5.2979992828061167E-006   2.5938083780958486E-004   0.0000000000000000        0.0000000000000000        2.5331530461679770E-007   1.4097103406168262E-006
  0.90000000000000058        6.6132573189335627E-006   3.1508166034495085E-004   0.0000000000000000        0.0000000000000000        3.2011569101570947E-007   1.7743258675093819E-006
  0.91000000000000059        8.2331329368601137E-006   3.8180911749386462E-004   0.0000000000000000        0.0000000000000000        4.0372459818070947E-007   2.2286740150948048E-006
  0.92000000000000060        1.0222813195005174E-005   4.6155500781948881E-004   0.0000000000000000        0.0000000000000000        5.0817166771842369E-007   2.7939951483590332E-006
  0.93000000000000060        1.2660152481274632E-005   5.5663382715842656E-004   0.0000000000000000        0.0000000000000000        6.3852663403768763E-007   3.4964270594084534E-006
  0.94000000000000061        1.5637832853632566E-005   6.6972773283874851E-004   0.0000000000000000        0.0000000000000000        8.0080523054633693E-007   4.3670884508848279E-006
  0.95000000000000062        1.9265822316274826E-005   8.0393617646358224E-004   0.0000000000000000        0.0000000000000000        1.0025971611568200E-006   5.4450752513542485E-006
  0.96000000000000063        2.3674155031782141E-005   9.6283028697334550E-004   0.0000000000000000        0.0000000000000000        1.2528249229577460E-006   6.7759547013871448E-006
  0.97000000000000064        2.9016054657888605E-005   1.1505119590928081E-003   0.0000000000000000        0.0000000000000000        1.5631255865922780E-006   8.4190489680407549E-006
  0.98000000000000065        3.5471417365276989E-005   1.3716774352457925E-003   0.0000000000000000        0.0000000000000000        1.9464728607728131E-006   1.0440042678779092E-005
  0.99000000000000066        4.3250664185500755E-005   1.6316849553722349E-003   0.0000000000000000        0.0000000000000000        2.4195244282720559E-006   1.2922833419908596E-005
   1.0000000000000007        5.2598962661702740E-005   1.9366257830873441E-003   0.0000000000000000        0.0000000000000000        3.0019739178231372E-006   1.5966289444392796E-005
   1.0100000000000007        6.3800804820499395E-005   2.2933975937045855E-003   0.0000000000000000        0.0000000000000000        3.7182483808645767E-006   1.9692102425683187E-005
   1.0200000000000007        7.7184911766281018E-005   2.7097788272469709E-003   0.0000000000000000        0.0000000000000000        4.5976841938791327E-006   2.4246269423385882E-005
   1.0300000000000007        9.3129414313398621E-005   3.1945021682795562E-003   0.0000000000000000        0.0000000000000000        5.6745799354032762E-006   2.9797707054748981E-005
   1.0400000000000007        1.1206723376244231E-004   3.7573248192453016E-003   0.0000000000000000        0.0000000000000000        6.9905583520447591E-006   3.6551038563412869E-005
   1.0500000000000007        1.3449155718051739E-004   4.4090926959831512E-003   0.0000000000000000        0.0000000000000000        8.5972901250102477E-006   4.4758993805413377E-005
   1.0600000000000007        1.6096126769395106E-004   5.1617951118089062E-003   0.0000000000000000        0.0000000000000000        1.0554453639478052E-005   5.4711082088115451E-005
   1.0700000000000007        1.9210615313491850E-004   6.0286059575507317E-003   0.0000000000000000        0.0000000000000000        1.2934170065743093E-005   6.6757246826289711E-005
   1.0800000000000007        2.2863167726040615E-004   7.0239068671245795E-003   0.0000000000000000        0.0000000000000000        1.5822745189032373E-005   8.1312411128581466E-005
   1.0900000000000007        2.7132305870361290E-004   8.1632874302469335E-003   0.0000000000000000        0.0000000000000000        1.9322442926147442E-005   9.8864907571913992E-005
   1.1000000000000008        3.2104836656609545E-004   9.4635172347215489E-003   0.0000000000000000        0.0000000000000000        2.3550282762323176E-005   1.1997306904705095E-004
   1.1100000000000008        3.7876031156614480E-004   1.0942484457709740E-002   0.0000000000000000        8.7262559243215100E-004   2.8655604603030289E-005   1.4534284217601029E-004
   1.1200000000000008        4.4549639200041073E-004   1.2619095950443488E-002   0.0000000000000000        2.6244404370725600E-003   3.4807105455084803E-005   1.7577073367258217E-004
   1.1300000000000008        5.2237704893478253E-004   1.4513134344332733E-002   0.0000000000000000        4.4157906393642561E-003   4.2198067794475110E-005   2.1215973006272128E-004
   1.1400000000000008        6.1060149957565244E-004   1.6645068709038143E-002   0.0000000000000000        6.2444211101782788E-003   5.1067563727545490E-005   2.5562637975908649E-004
   1.1500000000000008        7.1144095583662841E-004   1.9035816755409909E-002   0.0000000000000000        8.1080684657071113E-003   6.1666081456724885E-005   3.0735359917982594E-004
   1.1600000000000008        8.2622899986645952E-004   2.1706458507347367E-002   0.0000000000000000        1.0004463300650688E-002   7.4396529609423154E-005   3.6914449720406738E-004
   1.1700000000000008        9.5634898123626811E-004   2.4677903732887217E-002   0.0000000000000000        1.1931332460706790E-002   8.9506803614401769E-005   4.4212400757138597E-004
   1.1800000000000008        1.1032184207737320E-003   2.7970518140418257E-002   0.0000000000000000        1.3886401310443395E-002   1.0750164130095980E-004   5.2871077626405222E-004
   1.1900000000000008        1.2682705499861596E-003   3.1603716268078903E-002   0.0000000000000000        1.5867395992691099E-002   1.2891493365020803E-004   6.3123177358138168E-004
   1.2000000000000008        1.4529332757664771E-003   3.5595531925123984E-002   0.0000000000000000        1.7872045675643430E-002   1.5429066073414566E-004   7.5216256556331353E-004
   1.2100000000000009        1.6586060276396111E-003   3.9962179740407361E-002   0.0000000000000000        1.9898084783933973E-002   1.8427921403500980E-004   8.9440900766008956E-004
   1.2200000000000009        1.8866351065766457E-003   4.4717623566613802E-002   0.0000000000000000        2.1943255210031563E-002   2.1964337920866767E-004   1.0613834223105439E-003
   1.2300000000000009        2.1382882961648543E-003   4.9873168913692228E-002   0.0000000000000000        2.4005308502377039E-002   2.6136193687808460E-004   1.2574409962009467E-003
   1.2400000000000009        2.4147296042691356E-003   5.5437097011526715E-002   0.0000000000000000        2.6082008026789762E-002   3.1031490217974715E-004   1.4864520705790917E-003
   1.2500000000000009        2.7169950633983836E-003   6.1414357372126104E-002   0.0000000000000000        2.8171131097756416E-002   3.6762978272608725E-004   1.7533507572813961E-003
   1.2600000000000009        3.0459705212605858E-003   6.7806333779026062E-002   0.0000000000000000        3.0270471076333270E-002   4.3473903138626177E-004   2.0644406273858228E-003
   1.2700000000000009        3.4023722947863597E-003   7.4610695541144939E-002   0.0000000000000000        3.2377839431498731E-002   5.1293758840436883E-004   2.4252593817414470E-003
   1.2800000000000009        3.7867314424367125E-003   8.1821341800232469E-002   0.0000000000000000        3.4491067761916745E-002   6.0421126087789297E-004   2.8445489876730030E-003
   1.2900000000000009        4.1993822382613713E-003   8.9428441976840009E-002   0.0000000000000000        3.6608009775183872E-002   7.0996552826985344E-004   3.3281644306719584E-003
   1.3000000000000009        4.6404552198816770E-003   9.7418570460688539E-002   0.0000000000000000        3.8726543221778389E-002   8.3232434921905250E-004   3.8852484766182627E-003
   1.3100000000000009        5.1098749484461466E-003  0.10577492881373930        0.0000000000000000        4.0844571781041443E-002   9.7370853759475159E-004   4.5260542138543698E-003
   1.3200000000000010        5.6073623809467527E-003  0.11447764445934444        0.0000000000000000        4.2960026896673352E-002   1.1364646691432044E-003   5.2605971188587871E-003
   1.3300000000000010        6.1324415332562219E-003  0.12350413141568049        0.0000000000000000        4.5070869559358052E-002   1.3232325746918411E-003   6.0998755973801231E-003
   1.3400000000000010        6.6844499227242463E-003  0.13282949633207888        0.0000000000000000        4.7175092034271005E-002   1.5374361527982559E-003   7.0583661787514329E-003
   1.3500000000000010        7.2625521349039147E-003  0.14242697201463519        0.0000000000000000        4.9270719531378480E-002   1.7819413557353732E-003   8.1478547670417820E-003
   1.3600000000000010        7.8657557675073132E-003  0.15226836076734010        0.0000000000000000        5.1355811816567794E-002   2.0608200791601178E-003   9.3854629577961469E-003
   1.3700000000000010        8.4929289679836310E-003  0.16232447109829440        0.0000000000000000        5.3428464761813038E-002   2.3761516201108194E-003   1.0779032697500157E-002
   1.3800000000000010        9.1428187959681322E-003  0.17256553343247705        0.0000000000000000        5.5486811832714561E-002   2.7336198023417183E-003   1.2352651950026839E-002
   1.3900000000000010        9.8140697008973054E-003  0.18296158316715591        0.0000000000000000        5.7529025511911178E-002   3.1368292225143857E-003   1.4120779051005875E-002
   1.4000000000000010        1.0505241498109179E-002  0.19348280242192473        0.0000000000000000        5.9553318657007456E-002   3.5910259943320736E-003   1.6104902388244757E-002
   1.4100000000000010        1.1214826342201093E-002  0.20409981490817092        0.0000000000000000        6.1557945791809135E-002   4.0949368727339853E-003   1.8298453787923434E-002
   1.4200000000000010        1.1941264322747988E-002  0.21478393124855710        0.0000000000000000        6.3541204329810294E-002   4.6683184455308842E-003   2.0784996269274013E-002
   1.4300000000000010        1.2682957434280759E-002  0.22550734464730696        0.0000000000000000        6.5501435729021076E-002   5.3028578389572008E-003   2.3527341559874126E-002
   1.4400000000000011        1.3438281791156820E-002  0.23624327893841809        0.0000000000000000        6.7437026577374756E-002   6.0066317372110389E-003   2.6558680927220635E-002
   1.4500000000000011        1.4205598062369047E-002  0.24696609267027636        0.0000000000000000        6.9346409608093448E-002   6.7869354902243672E-003   2.9908847591187563E-002
   1.4600000000000011        1.4983260187547814E-002  0.25765134401980477        0.0000000000000000        7.1228064644538083E-002   7.6447761577833114E-003   3.3580698301522847E-002
   1.4700000000000011        1.5769622501669318E-002  0.26827582200261674        0.0000000000000000        7.3080519474208475E-002   8.5937986040239122E-003   3.7629848736713593E-002
   1.4800000000000011        1.6563045442368664E-002  0.27881754971839789        0.0000000000000000        7.4902350651691332E-002   9.6318827687727464E-003   4.2046705980672283E-002
   1.4900000000000011        1.7361900041713816E-002  0.28925576531719743        0.0000000000000000        7.6692184230501725E-002   1.0762302936644978E-002   4.6844066781986549E-002
   1.5000000000000011        1.8164571416172531E-002  0.29957088607037896        0.0000000000000000        7.8448696423875017E-002   1.2004882959429287E-002   5.2101203959843988E-002
   1.5100000000000011        1.8969461467177907E-002  0.30974446045466564        0.0000000000000000        8.0170614194721185E-002   1.3348698211738272E-002   5.7774094666789171E-002
   1.5200000000000011        1.9774990993156976E-002  0.31975911257497136        0.0000000000000000        8.1856715775049549E-002   1.4806321427004015E-002   6.3911916056151069E-002
   1.5300000000000011        2.0579601395078733E-002  0.32959848261763586        0.0000000000000000        8.3505831115313581E-002   1.6381233182537997E-002   7.0528608215606928E-002
   1.5400000000000011        2.1381756134106072E-002  0.33924716638350511        0.0000000000000000        8.5116842264237561E-002   1.8073930766045614E-002   7.7625178301441194E-002
   1.5500000000000012        2.2179942074054153E-002  0.34869065633245067        0.0000000000000000        8.6688683679786285E-002   1.9895710941651979E-002   8.5246983170302673E-002
   1.5600000000000012        2.2972670814895270E-002  0.35791528599948474        0.0000000000000000        8.8220342472070210E-002   2.1854577938951163E-002   9.3423825740705041E-002
   1.5700000000000012        2.3758480097870471E-002  0.36690817913061502        0.0000000000000000        8.9710858579058389E-002   2.3936161660327054E-002  0.10209764770362757     
   1.5800000000000012        2.4535935338895778E-002  0.37565720444074913        0.0000000000000000        9.1159324876091172E-002   2.6155132130922531E-002  0.11132759762311069     
   1.5900000000000012        2.5303631325509585E-002  0.38415093651723597        0.0000000000000000        9.2564887220260184E-002   2.8523632826087872E-002  0.12116088648920262     
   1.6000000000000012        2.6060194093991542E-002  0.39237862307891064        0.0000000000000000        9.3926744430830697E-002   3.1033254960397820E-002  0.13156053596259926     
   1.6100000000000012        2.6804282987608376E-002  0.40033015854673321        0.0000000000000000        9.5244148206949444E-002   3.3689193749541470E-002  0.14254614140011396     
   1.6200000000000012        2.7534592884205681E-002  0.40799606368246560        0.0000000000000000        9.6516402983975236E-002   3.6498287153525696E-002  0.15414586272062708     
   1.6300000000000012        2.8249856571395265E-002  0.41536747089932669        0.0000000000000000        9.7742865729833456E-002   3.9462892360833703E-002  0.16636234195726579     
   1.6400000000000012        2.8948847240182009E-002  0.42243611473686687        0.0000000000000000        9.8922945682871188E-002   4.2579877798119829E-002  0.17918610142428729     
   1.6500000000000012        2.9630381062736078E-002  0.42919432691468729        0.0000000000000000       0.10005610403275694        4.5860343030473649E-002  0.19265523350537647     
   1.6600000000000013        3.0293319816868117E-002  0.43563503533063042        0.0000000000000000       0.10114185354601773        4.9244473576038575E-002  0.20652500958888448     
   1.6700000000000013        3.0936573518307971E-002  0.44175176634348162        0.0000000000000000       0.10217975813787998        5.2919571381886403E-002  0.22153201398047273     
   1.6800000000000013        3.1559103021821619E-002  0.44753864967351170        0.0000000000000000       0.10316943239210938        5.6690139713533767E-002  0.23691302742171755     
   1.6900000000000013        3.2159922553283787E-002  0.45299042526289385        0.0000000000000000       0.10411054103060771        6.0644206301498950E-002  0.25299186693661596     
   1.7000000000000013        3.2738102136797752E-002  0.45810245145887235        0.0000000000000000       0.10500279833455928        6.4770298653476610E-002  0.26972092433399009     
   1.7100000000000013        3.3292769883600748E-002  0.46287071391290779        0.0000000000000000       0.10584596751894748        6.9078022587080859E-002  0.28713637979928958     
   1.7200000000000013        3.3823114112653221E-002  0.46729183462708279        0.0000000000000000       0.10663986006231224        7.3560397613253725E-002  0.30519979124719082     
   1.7300000000000013        3.4328385276280238E-002  0.47136308062257576        0.0000000000000000       0.10738433499362134        7.8224111055368251E-002  0.32392454847872487     
   1.7400000000000013        3.4807897667926135E-002  0.47508237175312373        0.0000000000000000       0.10807929813817498        8.3107857860027334E-002  0.34344983237570209     
   1.7500000000000013        3.5261030892847746E-002  0.47844828723739186        0.0000000000000000       0.10872470132446369        8.8180909268172070E-002  0.36364720940320938     
   1.7600000000000013        3.5687231086334745E-002  0.48146007053726153        0.0000000000000000       0.10932054155392074        9.3454050664616234E-002  0.38454349149297989     
   1.7700000000000014        3.6086011867737917E-002  0.48411763226333399        0.0000000000000000       0.10986686013551884        9.8919122039070245E-002  0.40610096562036940     
   1.7800000000000014        3.6456955022134661E-002  0.48642155084347732        0.0000000000000000       0.11036374178716767       0.10459441086977402       0.42837579958563615     
   1.7900000000000014        3.6799710904834824E-002  0.48837307074440284        0.0000000000000000       0.11081131370586624       0.11049758611172769       0.45140089157379409     
   1.8000000000000014        3.7113998567088954E-002  0.48997409808930159        0.0000000000000000       0.11120974460856814       0.11661161200767747       0.47511775975346027     
   1.8100000000000014        3.7399605604291147E-002  0.49122719356602079        0.0000000000000000       0.11155924374570685       0.12297955238100086       0.49964984468010060     
   1.8200000000000014        3.7656387730639750E-002  0.49213556256931101        0.0000000000000000       0.11186005988932207       0.12957109878417619       0.52487924324266177     
   1.8300000000000014        3.7884268086642553E-002  0.49270304256714992        0.0000000000000000       0.11211248029771646       0.13636874017209871       0.55074702164469502     
   1.8400000000000014        3.8083236288008360E-002  0.49293408772428915        0.0000000000000000       0.11231682965855211       0.14347224126416214       0.57753582752903443     
   1.8500000000000014        3.8253347226369853E-002  0.49283375085589848        0.0000000000000000       0.11247346901228394       0.15080471903596929       0.60499585893801411     
   1.8600000000000014        3.8394719633926697E-002  0.49240766281990517        0.0000000000000000       0.11258279465780190       0.15840255626050248       0.63324091057797827     
   1.8700000000000014        3.8507534425500117E-002  0.49166200948836181        0.0000000000000000       0.11264523704212860       0.16625722317688996       0.66218492173620724     
   1.8800000000000014        3.8592032832657649E-002  0.49060350646564027        0.0000000000000000       0.11266125963599589       0.17439616963723728       0.69193853870865218     
   1.8900000000000015        3.8648514345506355E-002  0.48923937174432647        0.0000000000000000       0.11263135779709170       0.18280580297049293       0.72242177451775769     
   1.9000000000000015        3.8677334478488416E-002  0.48757729650853593        0.0000000000000000       0.11255605762274148       0.19150505531512099       0.75367792045017046     
   1.9100000000000015        3.8678902377042176E-002  0.48562541430882428        0.0000000000000000       0.11243591479374716       0.20049651387444442       0.78573594049312101     
   1.9200000000000015        3.8653678282347684E-002  0.48339226884330122        0.0000000000000000       0.11227151341107924       0.20979822465321094       0.81852108203336937     
   1.9300000000000015        3.8602170871554188E-002  0.48088678058595302        0.0000000000000000       0.11206346482707755       0.21938940523249867       0.85206371156837291     
   1.9400000000000015        3.8524934490914424E-002  0.47811821250588749        0.0000000000000000       0.11181240647277302       0.22930419960340501       0.88642131684195946     
   1.9500000000000015        3.8422566299138296E-002  0.47509613512054738        0.0000000000000000       0.11151900068290994       0.23953657847247514       0.92154064250961953     
   1.9600000000000015        3.8295703338033969E-002  0.47183039112206937        0.0000000000000000       0.11118393352019915       0.25008735614296246       0.95741442578972424     
   1.9700000000000015        3.8145019547152548E-002  0.46833105980939821        0.0000000000000000       0.11080791360029411       0.26094662870334490       0.99401600509028332     
   1.9800000000000015        3.7971222738694355E-002  0.46460842154974030        0.0000000000000000       0.11039167091893606       0.27213635142761450        1.0313635508689698     
   1.9900000000000015        3.7775051548392134E-002  0.46067292248187636        0.0000000000000000       0.10993595568266563       0.28364035442359437        1.0694169344672277     
   2.0000000000000013        3.7557272377464090E-002  0.45653513966104564        0.0000000000000000       0.10944153714446078       0.29555179685061067        1.1084110081290746     
   2.0100000000000011        3.7318676340045501E-002  0.45220574683100340        0.0000000000000000       0.10890920244560301       0.30776590266516940        1.1480416483003568     
   2.0200000000000009        3.7060076229764843E-002  0.44769548099367262        0.0000000000000000       0.10833975546503435       0.32032737766631053        1.1884098689077915     
   2.0300000000000007        3.6782303518346368E-002  0.44301510993092985        0.0000000000000000       0.10773401567741760       0.33323225174680182        1.2295173141643152     
   2.0400000000000005        3.6486205398299949E-002  0.43817540081677508        0.0000000000000000       0.10709281702106012       0.34650503092779450        1.2713943912023031     
   2.0500000000000003        3.6172641880910864E-002  0.43318709004165162        0.0000000000000000       0.10641700677681855       0.36010496087590621        1.3139052540103158     
   2.0600000000000001        3.5842482959878227E-002  0.42806085435429730        0.0000000000000000       0.10570744445904756       0.37412752805922816        1.3573642032558546     
   2.0699999999999998        3.5496605850073186E-002  0.42280728341038365        0.0000000000000000       0.10496500071960989       0.38845510449665860        1.4013167384121454     
   2.0799999999999996        3.5135892310006682E-002  0.41743685380150769        0.0000000000000000       0.10419055626591628       0.40318598226445290        1.4461241651623686     
   2.0899999999999994        3.4761226055720816E-002  0.41195990462304893        0.0000000000000000       0.10338500079390982       0.41826199359564625        1.4915692686469419     
   2.0999999999999992        3.4373490272944687E-002  0.40638661462500841        0.0000000000000000       0.10254923193686916       0.43371489798408791        1.5377390888768652     
   2.1099999999999990        3.3973565233500772E-002  0.40072698097641668        0.0000000000000000       0.10168415423084748       0.44955797434216677        1.5846640378037657     
   2.1199999999999988        3.3562326021107619E-002  0.39499079966118844        0.0000000000000000       0.10079067809752290       0.46580347802575706        1.6323265496499653     
   2.1299999999999986        3.3140640370908574E-002  0.38918764751158269        0.0000000000000000        9.9869718845183988E-002  0.48235909542334315        1.6805027271300539     
   2.1399999999999983        3.2709366626262615E-002  0.38332686587457587        0.0000000000000000        9.8922195688529460E-002  0.49933166619153757        1.7294810299213286     
   2.1499999999999981        3.2269351815574408E-002  0.37741754589669346        0.0000000000000000        9.7949030787912519E-002  0.51650586205593185        1.7785827576013549     
   2.1599999999999979        3.1821429851205042E-002  0.37146851540390574        0.0000000000000000        9.6951148308616814E-002  0.53441189256667643        1.8293267858833879     
   2.1699999999999977        3.1366419851810413E-002  0.36548832734531927        0.0000000000000000        9.5929473500702162E-002  0.55250373514268214        1.8802358639534484     
   2.1799999999999975        3.0905124588792913E-002  0.35948524976240609        0.0000000000000000        9.4884931799918304E-002  0.57110870535680724        1.9320332537506317     
   2.1899999999999973        3.0438329056924899E-002  0.35346725723938588        0.0000000000000000        9.3818447950135345E-002  0.58992483539860230        1.9840643340032047     
   2.1999999999999971        2.9966799168618597E-002  0.34744202378514816        0.0000000000000000        9.2730945147703053E-002  0.60915538591887142        2.0367780399187185     
   2.2099999999999969        2.9491280570769957E-002  0.34141691709267163        0.0000000000000000        9.1623344208103627E-002  0.62877098803474807        2.0900567180259046     
   2.2199999999999966        2.9012497582594866E-002  0.33539899411819329        0.0000000000000000        9.0496562755225066E-002  0.64881344578003464        2.1440639433631676     
   2.2299999999999964        2.8531152252411523E-002  0.32939499791944415        0.0000000000000000        8.9351514433541501E-002  0.66925729121777555        2.1986877197252279     
   2.2399999999999962        2.8047923530892773E-002  0.32341135568994195        0.0000000000000000        8.8189108143444189E-002  0.69005064400930649        2.2537491985425553     
   2.2499999999999960        2.7563466557926238E-002  0.31745417792463898        0.0000000000000000        8.7010247299935631E-002  0.71120832800126033        2.3092573029706358     
   2.2599999999999958        2.7078412059870383E-002  0.31152925865108921        0.0000000000000000        8.5815829114855635E-002  0.73283889280376535        2.3655823891112306     
   2.2699999999999956        2.6593365853683538E-002  0.30564207665964682        0.0000000000000000        8.4606743902775283E-002  0.75475330843707800        2.4220693318719921     
   2.2799999999999954        2.6108908454131420E-002  0.29979779766604553        0.0000000000000000        8.3383874410660697E-002  0.77716291366026535        2.4793995154133479     
   2.2899999999999952        2.5625594780042348E-002  0.29400127733997317        0.0000000000000000        8.2148095171371310E-002  0.79993104708686247        2.5370525659029726     
   2.2999999999999949        2.5143953955375355E-002  0.28825706513379201        0.0000000000000000        8.0900271881028482E-002  0.82307019729209152        2.5951130829758187     
   2.3099999999999947        2.4664489200703084E-002  0.28256940884657233        0.0000000000000000        7.9641260800256630E-002  0.84659911125085041        2.6536155760187632     
   2.3199999999999945        2.4187677810574040E-002  0.27694225985977799        0.0000000000000000        7.8371908179268743E-002  0.87055229363993047        2.7125975929279780     
   2.3299999999999943        2.3713971212113730E-002  0.27137927898239622        0.0000000000000000        7.7093049706739608E-002  0.89487034033232038        2.7718978202667892     
   2.3399999999999941        2.3243795100156003E-002  0.26588384284507605        0.0000000000000000        7.5805509982381697E-002  0.91961952402149449        2.8315859587234780     
   2.3499999999999939        2.2777549644140419E-002  0.26045905078459142        0.0000000000000000        7.4510102013110854E-002  0.94476397412953772        2.8916631825039003     
   2.3599999999999937        2.2315609762000047E-002  0.25510773216207744        0.0000000000000000        7.3207626732665426E-002  0.97034294706551938        2.9520927309992406     
   2.3699999999999934        2.1858325456261599E-002  0.24983245406056864        0.0000000000000000        7.1898872544514131E-002  0.99631368133401743        3.0128491169381810     
   2.3799999999999932        2.1406022207610145E-002  0.24463552930965229        0.0000000000000000        7.0584614887869546E-002   1.0227251828909112        3.0738975392629748     
   2.3899999999999930        2.0959001421217868E-002  0.23951902478738102        0.0000000000000000        6.9265615826594892E-002   1.0495104464202765        3.1351447665529850     
   2.3999999999999928        2.0517540921201661E-002  0.23448476995196449        0.0000000000000000        6.7942623660777912E-002   1.0767767717683183        3.1967492297355591     
   2.4099999999999926        2.0081895488662651E-002  0.22953436555822024        0.0000000000000000        6.6616372560719839E-002   1.1044581898010168        3.2586800091522026     
   2.4199999999999924        1.9652297438856794E-002  0.22466919251617748        0.0000000000000000        6.5287582223070670E-002   1.1326705375991899        3.3208091767896337     
   2.4299999999999922        1.9228957233163986E-002  0.21989042085171792        0.0000000000000000        6.3956957548824675E-002   1.1612569926752034        3.3830729356933196     
   2.4399999999999920        1.8812064121649669E-002  0.21519901873158909        0.0000000000000000        6.2625188342871035E-002   1.1903612258447172        3.4456657463168296     
   2.4499999999999917        1.8401786812149590E-002  0.21059576151753309        0.0000000000000000        6.1292949034779935E-002   1.2199067249148261        3.5083793989175889     
   2.4599999999999915        1.7998274161960499E-002  0.20608124081672288        0.0000000000000000        5.9960898420489975E-002   1.2499952110056711        3.5714014459329975     
   2.4699999999999913        1.7601655888370947E-002  0.20165587349801278        0.0000000000000000        5.8629679424548491E-002   1.2804867610124937        3.6343959642540637     
   2.4799999999999911        1.7212043294434248E-002  0.19731991064587773        0.0000000000000000        5.7299918882541809E-002   1.3115543724420715        3.6977367491796804     
   2.4899999999999909        1.6829530006550339E-002  0.19307344642613189        0.0000000000000000        5.5972227343344443E-002   1.3430361047933903        3.7608630581553277     
   2.4999999999999907        1.6454192720597928E-002  0.18891642683974325        0.0000000000000000        5.4647198890800670E-002   1.3751100623722732        3.8244473342084766     
   2.5099999999999905        1.6086091953534980E-002  0.18484865834320116        0.0000000000000000        5.3325410984446764E-002   1.4077630669006349        3.8881679628428252     
   2.5199999999999902        1.5725272797560533E-002  0.18086981631591845        0.0000000000000000        5.2007424318868040E-002   1.4409244003302801        3.9519600468946607     
   2.5299999999999900        1.5371765674112076E-002  0.17697945335717633        0.0000000000000000        5.0693782701281428E-002   1.4745957987631413        4.0156983936623352     
   2.5399999999999898        1.5025587085149958E-002  0.17317700739699901        0.0000000000000000        4.9385012946923573E-002   1.5089091350068677        4.0797278500971608     
   2.5499999999999896        1.4686740359357882E-002  0.16946180960717580        0.0000000000000000        4.8081624791818364E-002   1.5437953943636036        4.1438108519788717     
   2.5599999999999894        1.4355216391065606E-002  0.16583309210040886        0.0000000000000000        4.6784110822495090E-002   1.5792313993246274        4.2078565330722499     
   2.5699999999999892        1.4030994369871787E-002  0.16228999540719805        0.0000000000000000        4.5492946422219266E-002   1.6153544979898473        4.2722044622077551     
   2.5799999999999890        1.3714042499115521E-002  0.15883157572165776        0.0000000000000000        4.4208589733295937E-002   1.6520224819838294        4.3364430461051082     
   2.5899999999999888        1.3404318701512843E-002  0.15545681190896618        0.0000000000000000        4.2931481635003856E-002   1.6892657830273798        4.4005473777975208     
   2.5999999999999885        1.3101771310434147E-002  0.15216461226852004        0.0000000000000000        4.1662045736711263E-002   1.7273417578463910        4.4652573208496591     
   2.6099999999999883        1.2806339745458266E-002  0.14895382104821714        0.0000000000000000        4.0400688385727662E-002   1.7659115182871084        4.5296159938030476     
   2.6199999999999881        1.2517955170989718E-002  0.14582322470651740        0.0000000000000000        3.9147798689439947E-002   1.8052127604239192        4.5941515744727894     
   2.6299999999999879        1.2236541136871840E-002  0.14277155792007365        0.0000000000000000        3.7903748551283818E-002   1.8451866603175424        4.6587861209683767     
   2.6399999999999877        1.1962014200071220E-002  0.13979750933582630        0.0000000000000000        3.6668892720098226E-002   1.8858794494282485        4.7234605218348502     
   2.6499999999999875        1.1694284526640526E-002  0.13689972706742184        0.0000000000000000        3.5443568852414155E-002   1.9272502360007784        4.7882038037752981     
   2.6599999999999873        1.1433256473298948E-002  0.13407682393676862        0.0000000000000000        3.4228097587227724E-002   1.9696773226542041        4.8535684814189084     
   2.6699999999999871        1.1178829148088029E-002  0.13132738246235826        0.0000000000000000        3.3022782632810263E-002   2.0118945444041225        4.9170318765982781     
   2.6799999999999868        1.0930896949678068E-002  0.12864995959676875        0.0000000000000000        3.1827910865109714E-002   2.0555771097446751        4.9821335169091849     
   2.6899999999999866        1.0689350085009508E-002  0.12604309121647964        0.0000000000000000        3.0643752437299488E-002   2.0998188475831734        5.0468251515408671     
   2.6999999999999864        1.0454075065054344E-002  0.12350529636774073        0.0000000000000000        2.9470560900036521E-002   2.1448625318390460        5.1116348813632557     
   2.7099999999999862        1.0224955178580452E-002  0.12103508127283714        0.0000000000000000        2.8308573331989318E-002   2.1906374570830787        5.1763707144687885     
   2.7199999999999860        1.0001870943889310E-002  0.11863094310157840        0.0000000000000000        2.7158010480205042E-002   2.2372489608909873        5.2412527317683830     
   2.7299999999999858        9.7847005385825192E-003  0.11629137351332491        0.0000000000000000        2.6019076909886536E-002   2.2846140709648393        5.3060410269319398     
   2.7399999999999856        9.5733202074862796E-003  0.11401486197521926        0.0000000000000000        2.4891961163154262E-002   2.3328717311268066        5.3711272954648397     
   2.7499999999999853        9.3676046489360905E-003  0.11179989886267132        0.0000000000000000        2.3776835926375760E-002   2.3818519607543074        5.4359287654877688     
   2.7599999999999851        9.1674273796874921E-003  0.10964497834842975        0.0000000000000000        2.2673858205646415E-002   2.4316239466267917        5.5007739269845697     
   2.7699999999999849        8.9726610787753576E-003  0.10754860108679724        0.0000000000000000        2.1583169510016036E-002   2.4823876496918165        5.5658881278873427     
   2.7799999999999847        8.7831779107000584E-003  0.10550927669978169        0.0000000000000000        2.0504896042056266E-002   2.5339730186488949        5.6310304478112911     
   2.7899999999999845        8.5988498283640497E-003  0.10352552607211364        0.0000000000000000        1.9439148895373647E-002   2.5863758088852769        5.6961063147516855     
   2.7999999999999843        8.4195488562248452E-003  0.10159588346218977        0.0000000000000000        1.8386024258678812E-002   2.6396653521510220        5.7612038824733913     
   2.8099999999999841        8.2451473541682186E-003   9.9718898436084003E-002   0.0000000000000000        1.7345603626026808E-002   2.6938850632551352        5.8264254236965760     
   2.8199999999999839        8.0755182626362238E-003   9.7893137631818880E-002   0.0000000000000000        1.6317954012854095E-002   2.7488936767265453        5.8914741503033010     
   2.8299999999999836        7.9105353295743502E-003   9.6117186361121099E-002   0.0000000000000000        1.5303128177440169E-002   2.8049844589707256        5.9568749517702315     
   2.8399999999999834        7.7500733197818292E-003   9.4389650055845792E-002   0.0000000000000000        1.4301164847433356E-002   2.8618279843393575        6.0220230739543092     
   2.8499999999999832        7.5940082072740150E-003   9.2709155566274432E-002   0.0000000000000000        1.3312088951084504E-002   2.9196950510903745        6.0873431131876377     
   2.8599999999999830        7.4422173512731444E-003   9.1074352318355742E-002   0.0000000000000000        1.2335911852840888E-002   2.9784423105268703        6.1525436473382333     
   2.8699999999999828        7.2945796564638571E-003   8.9483913336962290E-002   0.0000000000000000        1.1372631592960652E-002   3.0381437546073871        6.2177559291101936     
   2.8799999999999826        7.1509757181513383E-003   8.7936536142065730E-002   0.0000000000000000        1.0422233130814513E-002   3.0989413559036878        6.2834192266907278     
   2.8899999999999824        7.0112879529690229E-003   8.6430943524659826E-002   0.0000000000000000        9.4846885915506971E-003   3.1606602435673108        6.3490366637080236     
   2.8999999999999821        6.8754007157829419E-003   8.4965884209103060E-002   0.0000000000000000        8.5599575158057696E-003   3.2232886308536770        6.4143932594462312     
   2.9099999999999819        6.7432004034407239E-003   8.3540133408425352E-002   0.0000000000000000        7.6479871121523440E-003   3.2871195305215828        6.4802971474447641     
   2.9199999999999817        6.6145755460084660E-003   8.2152493278958433E-002   0.0000000000000000        6.7487125119828394E-003   3.3517156307340730        6.5457341563055023     
   2.9299999999999815        6.4894168861350408E-003   8.0801793280507475E-002   0.0000000000000000        5.8620570265362345E-003   3.4173606913049337        6.6111987621807318     
   2.9399999999999813        6.3676174471751770E-003   7.9486890448087280E-002   0.0000000000000000        4.9879324057821375E-003   3.4841531005524646        6.6770531280815906     
   2.9499999999999811        6.2490725906933419E-003   7.8206669581058458E-002   0.0000000000000000        4.1262390988864601E-003   3.5519717298703117        6.7429345464434727     
   2.9599999999999809        6.1336800639594496E-003   7.6960043355316907E-002   0.0000000000000000        3.2768665159884796E-003   3.6206567930043967        6.8083593256828081     
   2.9699999999999807        6.0213400380363510E-003   7.5745952363994340E-002   0.0000000000000000        2.4396932910290400E-003   3.6907798039657376        6.8747652664793977     
   2.9799999999999804        5.9119551370425865E-003   7.4563365091906281E-002   0.0000000000000000        1.6145875453767869E-003   3.7617617136948072        6.9406290667067125     
   2.9899999999999802        5.8054304591621479E-003   7.3411277828817206E-002   0.0000000000000000        8.0140715200780616E-004   3.8338783330845660        7.0067545335376842     
   2.9999999999999800        5.7016735899543224E-003   7.2288714526350328E-002   0.0000000000000000        1.5617053471883445E-015   3.9071377646807637        7.0730586674535330     
   3.0099999999999798        5.6005946085021614E-003   7.1194726603195452E-002   0.0000000000000000        0.0000000000000000        3.9814546678477445        7.1392875988634712     
   3.0199999999999796        5.5021060869189474E-003   7.0128392703043801E-002   0.0000000000000000        0.0000000000000000        4.0569033050465384        7.2055837150760240     
   3.0299999999999794        5.4061230837153416E-003   6.9088818409488245E-002   0.0000000000000000        0.0000000000000000        4.1335143710001407        7.2719489765269580     
   3.0399999999999792        5.3125631315104806E-003   6.8075135921918745E-002   0.0000000000000000        0.0000000000000000        4.2113057884664622        7.3385276806171076     
   3.0499999999999790        5.2213462195516243E-003   6.7086503696241126E-002   0.0000000000000000        0.0000000000000000        4.2901982545690069        7.4049223854399360     
   3.0599999999999787        5.1323947714891714E-003   6.6122106054069360E-002   0.0000000000000000        0.0000000000000000        4.3703065186157808        7.4717087243410987     
   3.0699999999999785        5.0456336188321347E-003   6.5181152763818195E-002   0.0000000000000000        0.0000000000000000        4.4517068200718741        7.5387587255377477     
   3.0799999999999783        4.9609899704929072E-003   6.4262878596968942E-002   0.0000000000000000        0.0000000000000000        4.5342028961624576        7.6055857527747683     
   3.0899999999999781        4.8783933788085071E-003   6.3366542862566086E-002   0.0000000000000000        0.0000000000000000        4.6179209249423101        7.6724400973158957     
   3.0999999999999779        4.7977757024079935E-003   6.2491428922846468E-002   0.0000000000000000        0.0000000000000000        4.7029153351883828        7.7396888337646770     
   3.1099999999999777        4.7190710662764887E-003   6.1636843692716443E-002   0.0000000000000000        0.0000000000000000        4.7891201876104921        7.8069729501296488     
   3.1199999999999775        4.6422158193467943E-003   6.0802117125619108E-002   0.0000000000000000        0.0000000000000000        4.8766078924124789        7.8744031822847944     
   3.1299999999999772        4.5671484899329051E-003   5.9986601688187646E-002   0.0000000000000000        0.0000000000000000        4.9654596859362083        7.9420740674997354     
   3.1399999999999770        4.4938097393000193E-003   5.9189671825897773E-002   0.0000000000000000        0.0000000000000000        5.0552679581593978        8.0085227096180613     
   3.1499999999999768        4.4221423136493231E-003   5.8410723421802375E-002   0.0000000000000000        0.0000000000000000        5.1467239492254011        8.0765510679608745     
   3.1599999999999766        4.3520909947782436E-003   5.7649173250271218E-002   0.0000000000000000        0.0000000000000000        5.2391387634135729        8.1441163891746235     
   3.1699999999999764        4.2836025496599079E-003   5.6904458427516819E-002   0.0000000000000000        0.0000000000000000        5.3335069127790042        8.2135846549164864     
   3.1799999999999762        4.2166256791699979E-003   5.6176035860565299E-002   0.0000000000000000        0.0000000000000000        5.4287007145345960        8.2815972052861024     
   3.1899999999999760        4.1511109661729337E-003   5.5463381696183076E-002   0.0000000000000000        0.0000000000000000        5.5253194354274786        8.3493590264397017     
   3.1999999999999758        4.0870108231646218E-003   5.4765990771163342E-002   0.0000000000000000        0.0000000000000000        5.6231757790513566        8.4170409867795684     
   3.2099999999999755        4.0242794396541061E-003   5.4083376065247032E-002   0.0000000000000000        0.0000000000000000        5.7226193524690379        8.4854041649747103     
   3.2199999999999753        3.9628727294526815E-003   5.3415068157847280E-002   0.0000000000000000        0.0000000000000000        5.8233888546921708        8.5537765385679467     
   3.2299999999999751        3.9027482780254639E-003   5.2760614689637560E-002   0.0000000000000000        0.0000000000000000        5.9255661726070397        8.6224461418590650     
   3.2399999999999749        3.8438652900474627E-003   5.2119579829960773E-002   0.0000000000000000        0.0000000000000000        6.0291724774094941        8.6912251972221455     
   3.2499999999999747        3.7861845372943416E-003   5.1491543750927821E-002   0.0000000000000000        0.0000000000000000        6.1342017492968264        8.7600289443624746     
   3.2599999999999745        3.7296683069851931E-003   5.0876102108971602E-002   0.0000000000000000        0.0000000000000000        6.2407073825611041        8.8290777901545585     
   3.2699999999999743        3.6742803506855026E-003   5.0272865534554845E-002   0.0000000000000000        0.0000000000000000        6.3486390109283333        8.8982139959838236     
   3.2799999999999740        3.6199858338651749E-003   4.9681459130628970E-002   0.0000000000000000        0.0000000000000000        6.4580956168405628        8.9675989480469607     
   3.2899999999999738        3.5667512861992960E-003   4.9101521980387086E-002   0.0000000000000000        0.0000000000000000        6.5690154218853243        9.0370748282272864     
   3.2999999999999736        3.5145445526875373E-003   4.8532706664766466E-002   0.0000000000000000        0.0000000000000000        6.6814476029072845        9.1068196910739783     
   3.3099999999999734        3.4633347456605617E-003   4.7974678790101283E-002   0.0000000000000000        0.0000000000000000        6.7954175852012977        9.1765688329234276     
   3.3199999999999732        3.4130921977325256E-003   4.7427116526257702E-002   0.0000000000000000        0.0000000000000000        6.9108984288609401        9.2463298559930820     
   3.3299999999999730        3.3637884157514258E-003   4.6889710155530000E-002   0.0000000000000000        0.0000000000000000        7.0279272501905394        9.3162924729682111     
   3.3399999999999728        3.3153960357914631E-003   4.6362161632523657E-002   0.0000000000000000        0.0000000000000000        7.1465450635994960        9.3863203173964234     
   3.3499999999999726        3.2678887792241033E-003   4.5844184155194326E-002   0.0000000000000000        0.0000000000000000        7.2667235486006652        9.4565325818919597     
   3.3599999999999723        3.2212414098991642E-003   4.5335501747180124E-002   0.0000000000000000        0.0000000000000000        7.3886101377204501        9.5274467115417441     
   3.3699999999999721        3.1754296924599457E-003   4.4835848851503095E-002   0.0000000000000000        0.0000000000000000        7.5119255974308095        9.5975682181666180     
   3.3799999999999719        3.1304303518120704E-003   4.4344969935700196E-002   0.0000000000000000        0.0000000000000000        7.6369674447130409        9.6682452328041517     
   3.3899999999999717        3.0862210337594762E-003   4.3862619108383870E-002   0.0000000000000000        0.0000000000000000        7.7636399418945299        9.7390712746284294     
   3.3999999999999715        3.0427802668167065E-003   4.3388559747218745E-002   0.0000000000000000        0.0000000000000000        7.8919600733135704        9.8101364013326702     
   3.4099999999999713        3.0000874252026207E-003   4.2922564138263591E-002   0.0000000000000000        0.0000000000000000        8.0219874700704743        9.8812286733023651     
   3.4199999999999711        2.9581226930156202E-003   4.2464413126598065E-002   0.0000000000000000        0.0000000000000000        8.1536893433494484        9.9523881841530386     
   3.4299999999999708        2.9168670295880109E-003   4.2013895778136912E-002   0.0000000000000000        0.0000000000000000        8.2870936102460089        10.023703581696745     
   3.4399999999999706        2.8763021360125930E-003   4.1570809052503967E-002   0.0000000000000000        0.0000000000000000        8.4222302084316567        10.095346264000119     
   3.4499999999999704        2.8364104228325989E-003   4.1134957486826169E-002   0.0000000000000000        0.0000000000000000        8.5591063278739536        10.167049864148783     
   3.4599999999999702        2.7971749788824772E-003   4.0706152890284605E-002   0.0000000000000000        0.0000000000000000        8.6977513161210105        10.238855223983116     
   3.4699999999999700        2.7585795412653179E-003   4.0284214049248500E-002   0.0000000000000000        0.0000000000000000        8.8381347104512340        10.310666356729868     
   3.4799999999999698        2.7206084664497480E-003   3.9868966442799546E-002   0.0000000000000000        0.0000000000000000        8.9803324989805322        10.382719367710695     
   3.4899999999999696        2.6832467024678949E-003   3.9460241968447683E-002   0.0000000000000000        0.0000000000000000        9.1243517091007451        10.454785122794714     
   3.4999999999999694        2.6464797621938547E-003   3.9057878677824766E-002   0.0000000000000000        0.0000000000000000        9.2701615240776771        10.527083981184441     
   3.5099999999999691        2.6102936976809842E-003   3.8661720522138981E-002   0.0000000000000000        0.0000000000000000        9.4178029233884271        10.599733603846424     
   3.5199999999999689        2.5746750755342345E-003   3.8271617107155369E-002   0.0000000000000000        0.0000000000000000        9.5673151189861230        10.672303356185694     
   3.5299999999999687        2.5396109532940252E-003   3.7887423457479356E-002   0.0000000000000000        0.0000000000000000        9.7187061944496502        10.744962910896080     
   3.5399999999999685        2.5050888568058437E-003   3.7508999789895865E-002   0.0000000000000000        0.0000000000000000        9.8719858878048115        10.817790915972937     
   3.5499999999999683        2.4710967585497056E-003   3.7136211295524975E-002   0.0000000000000000        0.0000000000000000        10.027159818902019        10.890826803152899     
   3.5599999999999681        2.4376230569033677E-003   3.6768927930556992E-002   0.0000000000000000        0.0000000000000000        10.184307550806805        10.964146669009628     
   3.5699999999999679        2.4046565563116129E-003   3.6407024215308864E-002   0.0000000000000000        0.0000000000000000        10.343334570284915        11.037017838800214     
   3.5799999999999677        2.3721864483345462E-003   3.6050379041366105E-002   0.0000000000000000        0.0000000000000000        10.504334053968464        11.110395686212781     
   3.5899999999999674        2.3402022935476428E-003   3.5698875486557660E-002   0.0000000000000000        0.0000000000000000        10.667311787897573        11.183859096099754     
   3.5999999999999672        2.3086940042653555E-003   3.5352400637523242E-002   0.0000000000000000        0.0000000000000000        10.832302376947297        11.257371497824622     
   3.6099999999999670        2.2776518280610749E-003   3.5010845419624695E-002   0.0000000000000000        0.0000000000000000        10.999295316301177        11.331058247332574     
   3.6199999999999668        2.2470663320555812E-003   3.4674104433961891E-002   0.0000000000000000        0.0000000000000000        11.168322571082829        11.404804925457409     
   3.6299999999999666        2.2169283879468413E-003   3.4342075801254451E-002   0.0000000000000000        0.0000000000000000        11.339382243671336        11.478701676634856     
   3.6399999999999664        2.1872291577537304E-003   3.4014661012350636E-002   0.0000000000000000        0.0000000000000000        11.512547142688932        11.552638957352537     
   3.6499999999999662        2.1579600802472247E-003   3.3691764785133693E-002   0.0000000000000000        0.0000000000000000        11.687758640810889        11.626775498021724     
   3.6599999999999659        2.1291128580422499E-003   3.3373294927593819E-002   0.0000000000000000        0.0000000000000000        11.865094866262506        11.701367871719427     
   3.6699999999999657        2.1006794453244998E-003   3.3059162206845211E-002   0.0000000000000000        0.0000000000000000        12.044499580326262        11.775426057516725     
   3.6799999999999655        2.0726520361863342E-003   3.2749280223861414E-002   0.0000000000000000        0.0000000000000000        12.226120071277540        11.849687142583726     
   3.6899999999999653        2.0450230535469915E-003   3.2443565293720923E-002   0.0000000000000000        0.0000000000000000        12.409859834313965        11.924187341249720     
   3.6999999999999651        2.0177851386324699E-003   3.2141936331146030E-002   0.0000000000000000        0.0000000000000000        12.595773587813749        11.998822671799511     
   3.7099999999999649        1.9909311409912721E-003   3.1844314741133702E-002   0.0000000000000000        0.0000000000000000        12.783905989832085        12.073451603594865     
   3.7199999999999647        1.9644541090225350E-003   3.1550624314474612E-002   0.0000000000000000        0.0000000000000000        12.974235332983113        12.148250026550119     
   3.7299999999999645        1.9383472809940893E-003   3.1260791127969187E-002   0.0000000000000000        0.0000000000000000        13.166792474652812        12.223142676802354     
   3.7399999999999642        1.9126040765281827E-003   3.0974743449145928E-002   0.0000000000000000        0.0000000000000000        13.361626177936891        12.298054130490897     
   3.7499999999999640        1.8872180885333510E-003   3.0692411645300548E-002   0.0000000000000000        0.0000000000000000        13.558721852627267        12.373069054764343     
   3.7599999999999638        1.8621830755622478E-003   3.0413728096678860E-002   0.0000000000000000        0.0000000000000000        13.758095268828392        12.448301145083512     
   3.7699999999999636        1.8374929545746637E-003   3.0138627113625603E-002   0.0000000000000000        0.0000000000000000        13.959795251708508        12.523376720377914     
   3.7799999999999634        1.8131417940866221E-003   2.9867044857533324E-002   0.0000000000000000        0.0000000000000000        14.163845571190416        12.598559960165929     
   3.7899999999999632        1.7891238076870241E-003   2.9598919265430651E-002   0.0000000000000000        0.0000000000000000        14.370219413813469        12.673909741004429     
   3.7999999999999630        1.7654333479031243E-003   2.9334189978047619E-002   0.0000000000000000        0.0000000000000000        14.578989609124386        12.749238815759490     
   3.8099999999999627        1.7420649003984376E-003   2.9072798271214905E-002   0.0000000000000000        0.0000000000000000        14.790134057586155        12.824684164149836     
   3.8199999999999625        1.7190130784848897E-003   2.8814686990438515E-002   0.0000000000000000        0.0000000000000000        15.003693521658610        12.900194463270900     
   3.8299999999999623        1.6962726179346231E-003   2.8559800488522063E-002   0.0000000000000000        0.0000000000000000        15.219615541396758        12.975886228662416     
   3.8399999999999621        1.6738383720748683E-003   2.8308084566088555E-002   0.0000000000000000        0.0000000000000000        15.438112080400323        13.051378996288825     
   3.8499999999999619        1.6517053071513708E-003   2.8059486414878234E-002   0.0000000000000000        0.0000000000000000        15.659003023992021        13.127084729564839     
   3.8599999999999617        1.6298684979464521E-003   2.7813954563694131E-002   0.0000000000000000        0.0000000000000000        15.882394876485579        13.202829176955856     
   3.8699999999999615        1.6083231236374851E-003   2.7571438826872109E-002   0.0000000000000000        0.0000000000000000        16.108301966442276        13.278618603200318     
   3.8799999999999613        1.5870644638833491E-003   2.7331890255162996E-002   0.0000000000000000        0.0000000000000000        16.336739885721876        13.354453588807379     
   3.8899999999999610        1.5660878951259157E-003   2.7095261088910014E-002   0.0000000000000000        0.0000000000000000        16.567761685410272        13.430268739578349     
   3.8999999999999608        1.5453888870947602E-003   2.6861504713417233E-002   0.0000000000000000        0.0000000000000000        16.801300641628703        13.506222987990729     
   3.9099999999999606        1.5249629995042495E-003   2.6630575616405607E-002   0.0000000000000000        0.0000000000000000        17.037461515484669        13.582072932032084     
   3.9199999999999604        1.5048058789313300E-003   2.6402429347458137E-002   0.0000000000000000        0.0000000000000000        17.276278762265424        13.658087806043762     
   3.9299999999999602        1.4849132558643085E-003   2.6177022479355411E-002   0.0000000000000000        0.0000000000000000        17.517678381577095        13.734133672111996     
   3.9399999999999600        1.4652809419126993E-003   2.5954312571218545E-002   0.0000000000000000        0.0000000000000000        17.761735860441441        13.810195379115612     
   3.9499999999999598        1.4459048271687226E-003   2.5734258133365349E-002   0.0000000000000000        0.0000000000000000        18.008513853997187        13.886221470790039     
   3.9599999999999596        1.4267808777114848E-003   2.5516818593800970E-002   0.0000000000000000        0.0000000000000000        18.257923322846935        13.962381766128697     
   3.9699999999999593        1.4079051332457507E-003   2.5301954266262899E-002   0.0000000000000000        0.0000000000000000        18.510156247397266        14.038372567152976     
   3.9799999999999591        1.3892737048668794E-003   2.5089626319742406E-002   0.0000000000000000        0.0000000000000000        18.765060870418253        14.114544290236003     
   3.9899999999999589        1.3708827729447749E-003   2.4879796749414089E-002   0.0000000000000000        0.0000000000000000        19.022716863071082        14.190722648502561     
   3.9999999999999587        1.3527285851194341E-003   2.4672428348900679E-002   0.0000000000000000        0.0000000000000000        19.283196970549984        14.266860017288288     
