   0.0000000000000000        0.0000000000000000        0.0000000000000000        0.0000000000000000        0.0000000000000000        0.0000000000000000        0.0000000000000000     
   2.0000000000000000E-003   2.0065800027442875        1.0473028566097158        0.0000000000000000        0.0000000000000000        0.0000000000000000        0.0000000000000000     
   4.0000000000000001E-003   13.848955686341824        6.1952966669058096        0.0000000000000000        0.0000000000000000        0.0000000000000000        0.0000000000000000     
   6.0000000000000001E-003   30.862641922058359        11.267365690214170        0.0000000000000000        0.0000000000000000        0.0000000000000000        0.0000000000000000     
   8.0000000000000002E-003   47.453470919947819        16.170862554586879        0.0000000000000000        0.0000000000000000        0.0000000000000000        0.0000000000000000     
   1.0000000000000000E-002   63.375453273908420        20.821504093747336        0.0000000000000000        0.0000000000000000        0.0000000000000000        0.0000000000000000     
   1.2000000000000000E-002   78.400357664584533        25.146731482457177        0.0000000000000000        0.0000000000000000        0.0000000000000000        0.0000000000000000     
   1.4000000000000000E-002   92.323865051081498        29.088077542221242        0.0000000000000000        0.0000000000000000        0.0000000000000000        0.0000000000000000     
   1.6000000000000000E-002   104.97116665027103        32.602440577724863        0.0000000000000000        0.0000000000000000        0.0000000000000000        0.0000000000000000     
   1.8000000000000002E-002   116.20174640220395        35.662293038149919        0.0000000000000000        0.0000000000000000        0.0000000000000000        0.0000000000000000     
   2.0000000000000004E-002   125.91306338493584        38.254959482678245        0.0000000000000000        0.0000000000000000        0.0000000000000000        0.0000000000000000     
   2.2000000000000006E-002   134.04285481990161        40.381168935083366        0.0000000000000000        0.0000000000000000        0.0000000000000000        0.0000000000000000     
   2.4000000000000007E-002   140.56982454708373        42.053118041767590        0.0000000000000000        0.0000000000000000        0.0000000000000000        0.0000000000000000     
   2.6000000000000009E-002   145.51256801948722        43.292277700971553        0.0000000000000000        0.0000000000000000        0.0000000000000000        0.0000000000000000     
   2.8000000000000011E-002   148.92670850428041        44.127146247603299        0.0000000000000000        0.0000000000000000        0.0000000000000000        0.0000000000000000     
   3.0000000000000013E-002   150.90036803781186        44.591107881021387        0.0000000000000000        0.0000000000000000        0.0000000000000000        0.0000000000000000     
   3.2000000000000015E-002   151.54825177839308        44.720505947196678        4.7839510208912329E-004   0.0000000000000000        0.0000000000000000        0.0000000000000000     
   3.4000000000000016E-002   151.00476266152367        44.552994583245024        9.7762736452629349E-004   0.0000000000000000        0.0000000000000000        0.0000000000000000     
   3.6000000000000018E-002   149.74570276892192        44.126193758587718        1.4897838639493374E-003   0.0000000000000000        0.0000000000000000        0.0000000000000000     
   3.8000000000000020E-002   149.09284910021549        43.844317983092935        2.0159526528005464E-003   0.0000000000000000        0.0000000000000000        0.0000000000000000     
   4.0000000000000022E-002   148.28474594676919        43.702503447849402        2.5571982868235112E-003   0.0000000000000000        0.0000000000000000        0.0000000000000000     
   4.2000000000000023E-002   146.84070910973045        43.387401001526626        3.1145618250631177E-003   0.0000000000000000        0.0000000000000000        0.0000000000000000     
   4.4000000000000025E-002   144.86839169445273        42.921064075324146        3.6890608298655457E-003   0.0000000000000000        0.0000000000000000        0.0000000000000000     
   4.6000000000000027E-002   142.46104399158813        42.322831465928836        4.2816893668782639E-003   0.0000000000000000        0.0000000000000000        0.0000000000000000     
   4.8000000000000029E-002   139.69625558945057        41.609323894261067        4.8934180050500464E-003   0.0000000000000000        0.0000000000000000        0.0000000000000000     
   5.0000000000000031E-002   136.63615388468963        40.794593386399448        5.5251938166309524E-003   0.0000000000000000        0.0000000000000000        0.0000000000000000     
   5.2000000000000032E-002   133.32883653872878        39.890414332851734        6.1779403771723453E-003   0.0000000000000000        0.0000000000000000        0.0000000000000000     
   5.4000000000000034E-002   129.81073874623087        38.906699867085081        6.8525577655268698E-003   0.0000000000000000        0.0000000000000000        0.0000000000000000     
   5.6000000000000036E-002   126.10958042316319        37.852013221872539        7.5499225638484789E-003   0.0000000000000000        0.0000000000000000        0.0000000000000000     
   5.8000000000000038E-002   122.24750312112819        36.734123789047878        8.2708878575924131E-003   0.0000000000000000        0.0000000000000000        0.0000000000000000     
   6.0000000000000039E-002   118.24400256985453        35.560539232705572        9.0162832355152132E-003   0.0000000000000000        0.0000000000000000        0.0000000000000000     
   6.2000000000000041E-002   114.11830843488799        34.338938242031901        9.7869147896747066E-003   0.0000000000000000        0.0000000000000000        0.0000000000000000     
   6.4000000000000043E-002   109.89096927015697        33.077441035142982        1.0583565115430021E-002   0.0000000000000000        0.0000000000000000        0.0000000000000000     
   6.6000000000000045E-002   105.58455642248099        31.784686586212388        1.1406993311441575E-002   2.8946888968842228        0.0000000000000000        0.0000000000000000     
   6.8000000000000047E-002   101.22356887314048        30.469727469393501        1.2257934979671084E-002   3.1034191321354023        0.0000000000000000        0.0000000000000000     
   7.0000000000000048E-002   96.833753772358193        29.141790580964514        1.3137102225381560E-002   3.3095239782198544        0.0000000000000000        0.0000000000000000     
   7.2000000000000050E-002   92.441119561111023        27.809972385810600        1.4045183657137321E-002   3.5130923304687758        0.0000000000000000        0.0000000000000000     
   7.4000000000000052E-002   88.070903943057829        26.482936488653788        1.4982844386803943E-002   3.7142148193339759        0.0000000000000000        0.0000000000000000     
   7.6000000000000054E-002   83.746689276135797        25.168663926328495        1.5950726029548338E-002   3.9129835604434411        0.0000000000000000        0.0000000000000000     
   7.8000000000000055E-002   79.489767690419470        23.874282139343673        1.6949446703838689E-002   4.1094918859581462        0.0000000000000000        0.0000000000000000     
   8.0000000000000057E-002   75.318777615077721        22.605976146969414        1.7979601031444484E-002   4.3038340582924404        0.0000000000000000        0.0000000000000000     
   8.2000000000000059E-002   71.249578808656210        21.368970234279999        1.9041760137436487E-002   4.4961049676860529        0.0000000000000000        0.0000000000000000     
   8.4000000000000061E-002   67.295306830708185        20.167561445943065        2.0136471650186796E-002   4.6863998155514377        0.0000000000000000        0.0000000000000000     
   8.6000000000000063E-002   63.466543846195606        19.005185597761329        2.1264259701368762E-002   4.8748137859607414        0.0000000000000000        0.0000000000000000     
   8.8000000000000064E-002   59.771551639094312        17.884499665794912        2.2425624925957070E-002   5.0614417080833460        0.0000000000000000        0.0000000000000000     
   9.0000000000000066E-002   56.216526841048697        16.807468928275306        2.3621044462227646E-002   5.2463777128246427        0.0000000000000000        0.0000000000000000     
   9.2000000000000068E-002   52.805852483155846        15.775451581369703        2.4850971951757759E-002   5.4297148873561589        0.0000000000000000        0.0000000000000000     
   9.4000000000000070E-002   49.542331496379823        14.789276995401163        2.6115837539425962E-002   5.6115449316526940        0.0000000000000000        0.0000000000000000     
   9.6000000000000071E-002   46.427395996517774        13.849316152997003        2.7416047873412074E-002   5.7919578215629093        0.0000000000000000        0.0000000000000000     
   9.8000000000000073E-002   43.461291379392698        12.955544243951941        2.8751986105197271E-002   5.9710414833339369        0.0000000000000000        0.0000000000000000     
  0.10000000000000007        40.643237106822127        12.107596121811710        3.0124011889563949E-002   6.1488814848812003        0.0000000000000000        0.0000000000000000     
  0.10200000000000008        37.971567313998079        11.304815593757173        3.1532461384595839E-002   6.3255607494125545        0.0000000000000000        0.0000000000000000     
  0.10400000000000008        35.443854626880935        10.546299511872014        3.2977647251677997E-002   6.5011592973495924        0.0000000000000000        0.0000000000000000     
  0.10600000000000008        33.057020294286616        9.8309374974830739        3.4459858655496681E-002   6.6757540227106000        0.0000000000000000        0.0000000000000000     
  0.10800000000000008        30.807433213680088        9.1574479483815328        3.5979361264039549E-002   6.8494185103607323        0.0000000000000000        0.0000000000000000     
  0.11000000000000008        28.690999845183992        8.5244108012007587        3.7536397248595484E-002   7.0222229006743495        0.0000000000000000        0.0000000000000000     
  0.11200000000000009        26.703246465318081        7.9302973723084120        3.9131185283754685E-002   7.1942338082598196        0.0000000000000000        0.0000000000000000     
  0.11400000000000009        24.839394757102134        7.3734974885996740        4.0763920547408662E-002   7.3655143014345708        0.0000000000000000        0.0000000000000000     
  0.11600000000000009        23.094431380476639        6.8523440438596932        4.2434774720750176E-002   7.5361239490866128        0.0000000000000000        0.0000000000000000     
  0.11800000000000009        21.463171912559833        6.3651350717405117        4.4143895988273341E-002   7.7061189414525089        0.0000000000000000        0.0000000000000000     
  0.12000000000000009        19.940319378265979        5.9101534060579128        4.5891409037773549E-002   7.8755522911352687        0.0000000000000000        0.0000000000000000     
  0.12200000000000009        18.520517492198074        5.4856839961937549        4.7677415060347429E-002   8.0444741203883847        0.0000000000000000        0.0000000000000000     
  0.12400000000000010        17.198398686289856        5.0900289537838477        4.9501991750392979E-002   8.2129320403154562        0.0000000000000000        0.0000000000000000     
  0.12600000000000008        15.968626989687502        4.7215204215780098        5.1365193305609416E-002   8.3809716271201253        0.0000000000000000        0.0000000000000000     
  0.12800000000000009        14.825935845271236        4.3785313725264006        5.3267050426997364E-002   8.5486369999671652        0.0000000000000000        0.0000000000000000     
  0.13000000000000009        13.765160980817010        4.0594844639993743        5.5207570318858618E-002   8.7159715042560091        0.0000000000000000        0.0000000000000000     
  0.13200000000000009        12.781268494117990        3.7628590867257055        5.7186736688796397E-002   8.8830185033081541        0.0000000000000000        0.0000000000000000     
  0.13400000000000009        11.869378354457588        3.4871967594203834        5.9204509747715045E-002   9.0498222804713997        0.0000000000000000        0.0000000000000000     
  0.13600000000000009        11.024783563392058        3.2311050276315347        6.1260826209820408E-002   9.2164290525532415        0.0000000000000000        0.0000000000000000     
  0.13800000000000009        10.242965253015935        2.9932600289553517        6.3355599292619427E-002   9.3828880942345485        0.0000000000000000        0.0000000000000000     
  0.14000000000000010        9.5196040280354044        2.7724078866402841        6.5488718716920455E-002   9.5492529717543864        0.0000000000000000        0.0000000000000000     
  0.14200000000000010        8.8505878782421288        2.5673650901174461        6.7660050706833133E-002   9.7155828825850268        0.0000000000000000        0.0000000000000000     
  0.14400000000000010        8.2320170002075841        2.3770180146590567        6.9869437989768413E-002   9.8819440961245295        0.0000000000000000        0.0000000000000000     
  0.14600000000000010        7.6602058715397661        2.2003217237410815        7.2116699796438435E-002   10.048411488590611        0.0000000000000000        0.0000000000000000     
  0.14800000000000010        7.1316829185326363        2.0362981873374304        7.4401631860856660E-002   10.215070163245763        0.0000000000000000        0.0000000000000000     
  0.15000000000000011        6.6431881093738196        1.8840340378427543        7.6724006420337998E-002   10.382017144894569        0.0000000000000000        0.0000000000000000     
  0.15200000000000011        6.1916687912575599        1.7426779731023310        7.9083572215498485E-002   10.549363135222441        0.0000000000000000        0.0000000000000000     
  0.15400000000000011        5.7742740718113010        1.6114379035535007        8.1480054490255541E-002   10.717234312959343        0.0000000000000000        0.0000000000000000     
  0.15600000000000011        5.3883480242022808        1.4895779281176904        8.3913154991827818E-002   10.885774160136412        0.0000000000000000        0.0000000000000000     
  0.15800000000000011        5.0314219721000555        1.3764152115202943        8.6382551970735313E-002   11.055145292757807        0.0000000000000000        0.0000000000000000     
  0.16000000000000011        4.7012060861997771        1.2713168243859578        8.8887900180799298E-002   11.225531271015742        1.2668064827618866E-003   1.0015712733542034E-002
  0.16200000000000012        4.3955804990208129        1.1736965969245214        9.1428830879142345E-002   11.397138360973065        4.2230566672714024E-003   3.2783285229813740E-002
  0.16400000000000012        4.1125861198341731        1.0830120273986359        9.4004951826188302E-002   11.570197215988358        8.4470024062000392E-003   6.4227768302955887E-002
  0.16600000000000012        3.8504153073756004       0.99876127791052438        9.6615847285662332E-002   11.744964442433927        1.4144781523441443E-002  0.10516702074983610     
  0.16800000000000012        3.6074025348895713       0.92048028238380075        9.9261078024590887E-002   11.921724010386592        2.1494726569564141E-002  0.15610186250157390     
  0.17000000000000012        3.3820151603443054       0.84773998493674285       0.10194018131330171        12.100788465707248        3.0837619486743614E-002  0.21847004332410422     
  0.17200000000000013        3.1728443945826146       0.78014372110975239       0.10465267092542388        12.282499895613949        4.2306746669992505E-002  0.29221319112076011     
  0.17400000000000013        2.9785965418719500       0.71732474956698622       0.10739803713788769        12.467230595239597        5.6188046435731137E-002  0.37812632908073773     
  0.17600000000000013        2.7980845708595501       0.65894393787256056       0.11017574673092478        12.655383377821458        7.2772228908237632E-002  0.47689826163417998     
  0.17800000000000013        2.6302200593387677       0.60468760266936727       0.11298524298806813        12.847391466181156        9.2355557680010622E-002  0.58910036254446896     
  0.18000000000000013        2.4740055434542985       0.55426550198345548       0.11582594569615184        13.043717897840422       0.11525060974837913       0.71523915186326992     
  0.18200000000000013        2.3285272909444541       0.50740897535832952       0.11869725114531150        13.244854370666607       0.14183074226140904       0.85604281709420771     
  0.18400000000000014        2.1929485086376346       0.46386922601314767       0.12159853212898394        13.451319450164634       0.17246734070551781        1.0120805185220760     
  0.18600000000000014        2.0665029865675719       0.42341573814161071       0.12452913794390727        13.663656053622388       0.20753751426669692        1.1836925963135378     
  0.18800000000000014        1.9484891746153610       0.38583482175465145       0.12748839439012083        13.882428120169969       0.24685002701987255        1.3687739106775398     
  0.19000000000000014        1.8382646823876869       0.35092827705674545       0.13047560377096534        14.108216369245623       0.29285040246797861        1.5764981869600987     
  0.19200000000000014        1.7352411889602140       0.31851217017530281       0.13349004489308278        14.341613043484113       0.34414502599870650        1.7992002959479481     
  0.19400000000000014        1.6388797460156053       0.28841571208532618       0.13653097306641646        14.583215525054154       0.40189954774442510        2.0400323548708030     
  0.19600000000000015        1.5486864556562383       0.26048023274318033       0.13959762010421092        14.833618707322927       0.46674546411445955        2.2997974481417760     
  0.19800000000000015        1.4642085026479064       0.23455824272673503       0.14268919432301208        15.093405996430873       0.53925581682197499        2.5788026701545488     
  0.20000000000000015        1.3850305199391926       0.21051257504257631       0.14580488054266710        15.363138809745630       0.62033327363338897        2.8784250535615379     
  0.20200000000000015        1.3107712658970612       0.18821560017822039       0.14894384008632441        15.643344430178917       0.71061114586124030        3.1988998464042089     
  0.20400000000000015        1.2410805917086802       0.16754850792675072       0.15210521078043387        15.934502067583621       0.81099272535271272        3.5411184931184194     
  0.20600000000000016        1.1756366777403480       0.14840064997612157       0.15528810695474637        16.237026969648991       0.91934513653120709        3.8967029895247549     
  0.20800000000000016        1.1141435182425701       0.13066893772160740       0.15849161944231438        16.551252416740347        1.0456656769721855        4.2938157687540359     
  0.21000000000000016        1.0563286345844116       0.11425729021776045       0.16171481557949147        16.877409425707359        1.1821042905731927        4.7060718608141867     
  0.21200000000000016        1.0019409981349576        9.9076127627537730E-002  0.16495673920593262        17.215603979120225        1.3326033841832261        5.1430193669084989     
  0.21400000000000016       0.95074914494088647        8.5041905946126664E-002  0.16821641066459403        17.565791586966505        1.4986209517178166        5.6060238991470515     
  0.21600000000000016       0.90253946543859187        7.2076689171478386E-002  0.17149282680173325        17.927748978008832        1.6814040143977136        6.0957291039344259     
  0.21800000000000017       0.85711465355593075        6.0107755460642683E-002  0.17478496096690904        18.901100296780228        1.8822810252366289        6.6128935391874686     
  0.22000000000000017       0.81429230067854108        4.9067234149974243E-002  0.17809176301298166        19.256037329802563        2.1030796419091025        7.1592302617271510     
  0.22200000000000017       0.77390362105810095        3.8891770827650843E-002  0.18141215929611237        19.611591293482746        2.3446798986647934        7.7334897691219471     
  0.22400000000000017       0.73579229631085474        2.9522217929848483E-002  0.18474113428266217        19.967445751402423        2.6101526547478859        8.3401985117168085     
  0.22600000000000017       0.69981342768246801        2.0903348588053573E-002  0.18794099313227430        20.323267737970738        2.9000330129626555        8.9767831059687104     
  0.22800000000000017       0.66583258573204951        1.2983591686112642E-002  0.19093340452957264        20.678707503989646        3.2168113538849132        9.6455575420500512     
  0.23000000000000018       0.63372494800871104        5.7147862931569669E-003  0.19370432081117556        21.033398306798784        3.5491403888564181        10.321918227999314     
  0.23200000000000018       0.60337451615543292       -9.4804617548385544E-004  0.19624006219971116        21.386956250548284        3.9402850244258207        11.084788063143414     
  0.23400000000000018       0.57467340467569228       -7.0469135512595121E-003  0.19852739200977745        21.738980182355728        4.3342439749761201        11.826106324179177     
  0.23600000000000018       0.54752119433871882       -1.2621049593142695E-002  0.20055359258199779        22.089051650267034        4.7984486261894892        12.662757809685967     
  0.23800000000000018       0.52182434388039001       -1.7707096958314256E-002  0.20230654156750372        22.436734929126573        5.2845484345469034        13.506550328656754     
  0.24000000000000019       0.49749565428074943       -2.2339277547888420E-002  0.20377478816868072        22.781577120511653        5.8116700961764112        14.386728380695441     
  0.24200000000000019       0.47445378046844061       -2.6549551208842982E-002  0.20494762892722754        23.123108333019765        6.3828820779943198        15.304033603340494     
  0.24400000000000019       0.45262278582013948       -3.0367763680905314E-002  0.20581518263764062        23.460841949156201        7.0026286725209355        16.262030600884657     
  0.24600000000000019       0.43193173529239681       -3.3821784595152282E-002  0.20640513540964636        23.794274985091576        7.6716881704981121        17.257133421732313     
  0.24800000000000019       0.41231432344767555       -3.6937636258141358E-002  0.20844920546016138        24.122888549420754        8.3941739076468682        18.291419047937556     
  0.25000000000000017       0.39370853401913714       -3.9739613890501319E-002  0.21074086666367972        24.446148406908161        9.1344323257270759        19.314798507123463     
  0.25200000000000017       0.37605632800318745       -4.2250397931069772E-002  0.21332816836845422        24.763505653004518        10.010538707317560        20.475154755752921     
  0.25400000000000017       0.35930335757836579       -4.4491158966082904E-002  0.21625763806613829        25.074397504541242        10.911745377522076        21.626742353998246     
  0.25600000000000017       0.34339870342671402       -4.6481655796716273E-002  0.21957429633970516        25.378248211701543        11.875425032730902        22.810796676225191     
  0.25800000000000017       0.32829463328249603       -4.8240327116928015E-002  0.22332161879542264        25.674470095791570        12.909129563557560        24.035295347068267     
  0.26000000000000018       0.31394637975566164       -4.9784377236312620E-002  0.22754143800646578        25.962464716880383        14.011921810194714        25.292222727162287     
  0.26200000000000018       0.30031193567641290       -5.1129856249219528E-002  0.23227378122371212        26.241624174568546        15.189066198201662        26.586323221111879     
  0.26400000000000018       0.28735186538491608       -5.2291735021053679E-002  0.23755664260339085        26.511332544491228        16.438530894356504        27.908449577388669     
  0.26600000000000018       0.27502913054898381       -5.3283975335257854E-002  0.24342569180849494        26.770967452252833        17.767725696042177        29.262093519319667     
  0.26800000000000018       0.26330892923418542       -5.4119595519567631E-002  0.24991392390890524        27.019901785477344        19.173904586863443        30.645932734006948     
  0.27000000000000018       0.25215854707730828       -5.4810731847355798E-002  0.25705125838560994        27.257505543654830        20.663765204934865        32.064349947227420     
  0.27200000000000019       0.24154721952698294       -5.5368695989169249E-002  0.26486409760973406        27.483147824242216        22.223661946999531        33.481769241275714     
  0.27400000000000019       0.23144600421608449       -5.5804028770520209E-002  0.27337485730423017        27.696198942240201        23.867723322141543        34.929723986578736     
  0.27600000000000019       0.22182766262047715       -5.6126550474520906E-002  0.28260148312527311        27.896032679066352        25.589439975334471        36.391593088546244     
  0.27800000000000019       0.21266655023916023       -5.6345407911866527E-002  0.29255696856618635        28.082028655166752        27.286379514036746        37.787411364741473     
  0.28000000000000019       0.20393851460277684       -5.6469118465829915E-002  0.30324888986074672        28.253574819242555        29.265857834121014        39.347765267134960     
  0.28200000000000019       0.19562080048176755       -5.6505611306197606E-002  0.31467897345368401        28.410070045413811        31.212746272320608        40.831436749859648     
  0.28400000000000020       0.18769196172316244       -5.6462265953367834E-002  0.32684271093365203        28.550926828020540        33.229318836008453        42.316974042441721     
  0.28600000000000020       0.18013177919661494       -5.6345948362021413E-002  0.33972903514605651        28.675574062110801        35.315241372820978        43.793738026970942     
  0.28800000000000020       0.17292118437671342       -5.6163044682813523E-002  0.35332006958145817        28.783459895982364        37.462107137453124        45.263348632866162     
  0.29000000000000020       0.16604218813025043       -5.5919492850328746E-002  0.36759096115318879        28.874054640502123        39.667782478890835        46.722396567010257     
  0.29200000000000020       0.15947781431464136       -5.5620812136022081E-002  0.38250980422380404        28.946853718264947        41.925161318025459        48.161200973313100     
  0.29400000000000021       0.15321203782745521       -5.5272130796001531E-002  0.39803766130731949        29.001380634104986        44.094683175373923        49.502248849257143     
  0.29600000000000021       0.14722972677749505       -5.4878211935230264E-002  0.41412868335214259        29.037189946961806        46.581127977117319        50.979952070043623     
  0.29800000000000021       0.14151658847537027       -5.4443477701976509E-002  0.43073032999033717        29.053870221644772        48.967148015746794        52.350225853728574     
  0.30000000000000021       0.13605911896641013       -5.3972031919113983E-002  0.44778368769856941        29.051046937840251        51.385625723082924        53.692078373823435     
  0.30200000000000021       0.13084455585133578       -5.3467681252108046E-002  0.46522388152986455        29.028385332590755        53.681747321975358        54.928405146848696     
  0.30400000000000021       0.12586083416051180       -5.2933955007179720E-002  0.48298057399739136        28.985593151451518        56.292442079805866        56.272461118047353     
  0.30600000000000022       0.12109654506624698       -5.2374123647226385E-002  0.50097854287538379        28.922423282931295        58.773402447572096        57.513187003276379     
  0.30800000000000022       0.11654089723447082       -5.1791216107511834E-002  0.51913832815784433        28.838676250272055        61.263394251687799        58.714122460909948     
  0.31000000000000022       0.11218368063253119       -5.1188035987942922E-002  0.53737693720620627        28.734202534469865        63.618398245412664        59.817476271499714     
  0.31200000000000022       0.10801523262390689       -5.0567176693886072E-002  0.55560859623600456        28.608904702417089        66.253939565454303        60.997711199183271     
  0.31400000000000022       0.10402640619346006       -4.9931035592895280E-002  0.57374553572994791        28.462739314536911        68.743804493126959        62.077552928666456     
  0.31600000000000023       0.10020854015858258       -4.9281827250459521E-002  0.59169879712920637        28.295718586931102        71.227963001270950        63.118358114544876     
  0.31800000000000023        9.6553431232349787E-002  -4.8621595803869433E-002  0.60937904819956934        28.107911784082226        73.565715337154288        64.067491983466439     
  0.32000000000000023        9.3053307814639372E-002  -4.7952226529533411E-002  0.62669739480147124        27.899446319513473        76.156530020963785        65.075841305775683     
  0.32200000000000023        8.9700805396217137E-002  -4.7275456655570154E-002  0.64356617735403965        27.670508543678501        78.595173682385791        65.993489250911097     
  0.32400000000000023        8.6488943469116633E-002  -4.6592885468195913E-002  0.65989974106352423        27.421344200164096        81.013294644351760        66.870068850233167     
  0.32600000000000023        8.3411103844272055E-002  -4.5905983757337378E-002  0.67561516992834736        27.152258533931313        83.272609192902380        67.661889749577085     
  0.32800000000000024        8.0461010284406803E-002  -4.5216102644002130E-002  0.69063297562334780        26.863616037920490        85.770439974053829        68.499324716057558     
  0.33000000000000024        7.7632709366679167E-002  -4.4524481829231417E-002  0.70487773353908134        26.555839827319687        88.111708229728677        69.257543406238810     
  0.33200000000000024        7.4920552495564827E-002  -4.3832257301909018E-002  0.71827865951358105        26.229410634212947        90.422343426520925        69.975847144004248     
  0.33400000000000024        7.2319178991992555E-002  -4.3140468540325036E-002  0.73077012206076952        25.884865418701249        92.701935393811326        70.657699236360216     
  0.33600000000000024        6.9823500189850882E-002  -4.2450065240160983E-002  0.74229208619555276        25.580378669263343        94.949291927218439        71.303075880318417     
  0.33800000000000024        6.7428684475717232E-002  -4.1761913599465197E-002  0.75279048620056854        25.300464091419077        97.163974684594336        71.912374139078366     
  0.34000000000000025        6.5130143212037001E-002  -4.1076802189245733E-002  0.76221752590168579        25.006856770007751        99.345588505709088        72.489194998987600     
  0.34200000000000025        6.2923517488016847E-002  -4.0395447436456532E-002  0.77053190615248612        24.700304375113348        101.40314256554898        73.008140217297068     
  0.34400000000000025        6.0804665646270475E-002  -3.9718498744447300E-002  0.77769898028670803        24.381597863589750        103.61483351656506        73.548627707172386     
  0.34600000000000025        5.8769651536730236E-002  -3.9046543274339728E-002  0.78369083926452165        24.051567930648776        105.68593161375513        74.021532491278251     
  0.34800000000000025        5.6814733452560801E-002  -3.8380110409277475E-002  0.78868977239592231        23.711081160081353        107.73216281377265        74.472603218313807     
  0.35000000000000026        5.4936353705827230E-002  -3.7719675922098760E-002  0.79311754827199799        23.361035900544813        109.73972481284774        74.890464216605722     
  0.35200000000000026        5.3131128803448321E-002  -3.7065665865657148E-002  0.79699317898127597        23.002357898356632        111.71500802229049        75.281715905797029     
  0.35400000000000026        5.1395840186556435E-002  -3.6418460203775607E-002  0.80032281941231054        22.635995720648076        113.65590860091271        75.648175241684157     
  0.35600000000000026        4.9727425498799521E-002  -3.5778396199668043E-002  0.80311302300268839        22.262916005276299        115.56334662914921        75.984792183974562     
  0.35800000000000026        4.8122970351359373E-002  -3.5145771577581010E-002  0.80537059343301809        21.884098576300719        117.43930768167544        76.296865530948963     
  0.36000000000000026        4.6579700554544946E-002  -3.4520847472387442E-002  0.80710243061247611        21.500531465678389        119.28042577708102        76.587169869857249     
  0.36200000000000027        4.5094974787765370E-002  -3.3903851180921700E-002  0.80831537001321108        21.113205883292530        121.09053141138591        76.855012467006588     
  0.36400000000000027        4.3666277681498916E-002  -3.3294978727959224E-002  0.80901601392906963        20.723111178186929        122.86553698062404        77.098954685549629     
  0.36600000000000027        4.2291213286549792E-002  -3.2694397258904113E-002  0.80921055269879405        20.331229834343951        124.62076027617101        77.321238787803281     
  0.36800000000000027        4.0967498907469799E-002  -3.2102247270481311E-002  0.80890457327944376        19.938532544044488        126.33990339555235        77.523605599330864     
  0.37000000000000027        3.9692959278480544E-002  -3.1518644689993935E-002  0.80810285174871832        19.545973401096006        128.03065694911618        77.705763901035681     
  0.37200000000000027        3.8465521061597986E-002  -3.0943682813029446E-002  0.80680912535042115        19.154485254982774        129.69029642401335        77.869093860501579     
  0.37400000000000028        3.7283207647944717E-002  -3.0377434108861085E-002  0.80502583846662634        18.764975265025555        131.33022403119193        78.016195940690963     
  0.37600000000000028        3.6144134244415468E-002  -2.9819951902191999E-002  0.80275385537927058        18.378320691443612        132.94114917022986        78.144247608506703     
  0.37800000000000028        3.5046503228984081E-002  -2.9271271939333737E-002  0.79999213074728348        17.995364957288242        134.52694671258999        78.256694076367708     
  0.38000000000000028        3.3988599758972372E-002  -2.8731413846388474E-002  0.79673732625675597        17.616914012091410        136.08784816118728        78.353030673201147     
  0.38200000000000028        3.2968787617575858E-002  -2.8200382486515053E-002  0.79298335876739445        17.243733024403305        137.62610021671213        78.434633483347000     
  0.38400000000000029        3.1985505284843334E-002  -2.7678169222900395E-002  0.78872086125510088        16.876543426547837        139.14121564231576        78.500746733385910     
  0.38600000000000029        3.1037262220162034E-002  -2.7164753093635259E-002  0.78393653273382324        16.516020330694332        140.63563183072137        78.554386912110104     
  0.38800000000000029        3.0122635344087604E-002  -2.6660101904285298E-002  0.77861234689895575        16.162790331067416        142.10930224492986        78.593597760313457     
  0.39000000000000029        2.9240265708099462E-002  -2.6164173243580200E-002  0.77272458123803001        15.817429702619865        143.55740213045354        78.620956387884632     
  0.39200000000000029        2.8388855341563612E-002  -2.5676915427291652E-002  0.76624261885726341        15.480463001940510        144.99536001196458        78.635694956977161     
  0.39400000000000029        2.7567164265823677E-002  -2.5198268375041726E-002  0.75912746478452275        15.152362071810831        146.42119005256856        78.640793212723537     
  0.39600000000000030        2.6774007665953867E-002  -2.4728164424475174E-002  0.75132990895367346        14.833545446239823        147.83101351512082        78.634738009126067     
  0.39800000000000030        2.6008253211281827E-002  -2.4266529086950255E-002  0.74278826452896562        14.524378148746457        149.21827585025449        78.615747325223651     
  0.40000000000000030        2.5268818516309032E-002  -2.3813281748620720E-002  0.73342562491928731        14.225171872496563        150.59056079464619        78.590175870026997     
  0.40200000000000030        2.4554668734171888E-002  -2.3368336320544338E-002  0.72314664438611820        13.936185527215578        151.94680921143470        78.551653527074834     
  0.40400000000000030        2.3864814275238091E-002  -2.2931601841207024E-002  0.71183402143358709        13.657626134335990        153.29382228466045        78.506871598329369     
  0.40600000000000031        2.3198308643886719E-002  -2.2502983034640385E-002  0.69934530308539045        13.389650048749845        154.61918109547568        78.451265167038898     
  0.40800000000000031        2.2554246386918029E-002  -2.2082380827097542E-002  0.68551168471489110        13.132364482879755        155.93061374754242        78.391839305279589     
  0.41000000000000031        2.1931761147433872E-002  -2.1669692825065555E-002  0.67014298278849849        12.885829306476303        157.25129589180847        78.314387972132039     
  0.41200000000000031        2.1330023818386674E-002  -2.1264813757208199E-002  0.65304885851197891        12.650059093777102        158.54605638569757        78.239391285952877     
  0.41400000000000031        2.0748240790332020E-002  -2.0867635882666862E-002  0.63410018570949755        12.425025388211068        159.82594436506923        78.151927858206193     
  0.41600000000000031        2.0185652288245131E-002  -2.0478049367988898E-002  0.61338577106946901        12.210659153978455        161.09881961667753        78.057051826212543     
  0.41800000000000032        1.9641530792552132E-002  -2.0095942634804975E-002  0.59158219861093864        12.006853383261754        162.36590048517760        77.959374681662197     
  0.42000000000000032        1.9115179539810376E-002  -1.9721202680239698E-002  0.57071894603496487        11.813465827821446        163.62324279316931        77.854747098143676     
  0.42200000000000032        1.8605931098738510E-002  -1.9353715371909993E-002  0.55515258893382036        11.630321824027606        164.87368048680443        77.744230748737650     
  0.42400000000000032        1.8113146017536007E-002  -1.8993365719243902E-002  0.54958189099522958        11.457217181107444        166.10552654400092        77.625963087443253     
  0.42600000000000032        1.7636211538673955E-002  -1.8640038122743053E-002  0.54959394171268994        11.293921103448952        167.33285748895656        77.503607967431222     
  0.42800000000000032        1.7174540377547325E-002  -1.8293616602701374E-002   1.2814394932995614        11.140179119172858        168.54786044193551        77.375158969540806     
  0.43000000000000033        1.6727569561591549E-002  -1.7953985008797926E-002   1.2581284956331786        10.995715988820809        169.76204343952332        77.242773478016588     
  0.43200000000000033        1.6294759326653082E-002  -1.7621027211885572E-002   1.2090415291603744        10.860238569897801        170.96614254353284        77.106351457489055     
  0.43400000000000033        1.5875592067588998E-002  -1.7294627279214561E-002   1.1439737645051880        10.733438615041074        172.16482125400842        76.966644295326958     
  0.43600000000000033        1.5469571340237964E-002  -1.6974669634244648E-002   1.0815217327023130        10.614995483810787        173.35624210265968        76.821440506959519     
  0.43800000000000033        1.5076220912066117E-002  -1.6661039202127515E-002   1.0282998955015377        10.504578750392527        174.53674151308363        76.671983185545727     
  0.44000000000000034        1.4695083858942424E-002  -1.6353621541866824E-002  0.98440192767262258        10.401850691871580        175.70834336000624        76.517382182674950     
  0.44200000000000034        1.4325721705640036E-002  -1.6052302966100929E-002  0.94816899681687139        10.306468644122985        176.87391435869660        76.359356956923435     
  0.44400000000000034        1.3967713607790779E-002  -1.5756970649386408E-002  0.91787269387134929        10.218087214721370        178.03563483808978        76.203073923212642     
  0.44600000000000034        1.3620655573149709E-002  -1.5467512725806376E-002  0.89211387698647548        10.136360344620959        179.19179226556847        76.037373106270323     
  0.44800000000000034        1.3284159720141926E-002  -1.5183818376671801E-002  0.86983862672579315        10.060943212572038        180.33355156561294        75.869396057857514     
  0.45000000000000034        1.2957853571775911E-002  -1.4905777909032325E-002  0.85026891122322912        9.9914939783824970        181.47706718816630        75.701529618734554     
  0.45200000000000035        1.2641379383112617E-002  -1.4633282825667168E-002  0.83283073700465471        9.9276753631633365        182.61945627574036        75.532701707817822     
  0.45400000000000035        1.2334393500578428E-002  -1.4366225887181361E-002  0.81709753772772675        9.8691560665214340        183.74087764896575        75.356000173291378     
  0.45600000000000035        1.2036565751501981E-002  -1.4104501166789966E-002  0.80274900138862404        9.8156120224075547        184.85477928957789        75.176701063863902     
  0.45800000000000035        1.1747578862346045E-002  -1.3848004098337087E-002  0.78954188733320230        9.7667274968258546        185.97039207041274        74.998490261615459     
  0.46000000000000035        1.1467127904182259E-002  -1.3596631518055421E-002  0.77728943548928686        9.7221960319825218        187.07749686558756        74.816776752834130     
  0.46200000000000035        1.1194919764041113E-002  -1.3350281700543276E-002  0.76584676641062133        9.6817212426318910        188.18508791877977        74.634977828925429     
  0.46400000000000036        1.0930672640839103E-002  -1.3108854389399462E-002  0.75510043186779130        9.6450174713565282        189.28590965713900        74.451293745142522     
  0.46600000000000036        1.0674115564653126E-002  -1.2872250822929239E-002  0.74496085041961935        9.6118103103505703        190.36643821936735        74.262655448886505     
  0.46800000000000036        1.0424987938184515E-002  -1.2640373755307459E-002  0.73535676422702578        9.5818369979174172        191.45979820602184        74.076519928677115     
  0.47000000000000036        1.0183039099305728E-002  -1.2413127473555011E-002  0.72623112642033028        9.5548466983836349        192.53426010790071        73.885612297048780     
  0.47200000000000036        9.9480279036527099E-003  -1.2190417810665301E-002  0.71753801227919434        9.5306006744472924        193.60028866572659        73.694069304446899     
  0.47400000000000037        9.7197223262726375E-003  -1.1972152155191165E-002  0.70924027157206471        9.5088723611871337        194.66760534480477        73.502560968579530     
  0.47600000000000037        9.4978990813912555E-003  -1.1758239457582243E-002  0.70130772361451110        9.4894473510040740        195.71283951979200        73.305419477255043     
  0.47800000000000037        9.2823432594148301E-003  -1.1548590233544053E-002  0.69371575423611198        9.4721232987115229        196.78217402691138        73.114202094158415     
  0.48000000000000037        9.0728479803255085E-003  -1.1343116564669898E-002  0.68644421368878716        9.4567097558319428        197.82717879622547        72.918289110699249     
  0.48200000000000037        8.8692140626723572E-003  -1.1141732096579246E-002  0.67947654233198229        9.4430279429041537        198.87168871744802        72.722689581405817     
  0.48400000000000037        8.6712497074055636E-003  -1.0944352034782114E-002  0.67279907059778732        9.4309104682726606        199.90341284221978        72.524455778655494     
  0.48600000000000038        8.4787701958351190E-003  -1.0750893138470991E-002  0.66640045372844647        9.4202010014450952        200.93906890924254        72.327091463210508     
  0.48800000000000038        8.2915976010352749E-003  -1.0561273712428760E-002  0.66027121182304205        9.4107539086585401        201.96436620576199        72.128697966188525     
  0.49000000000000038        8.1095605120512487E-003  -1.0375413597229195E-002  0.65440335310509945        9.4024338578091822        202.98070003231965        71.928946590158247     
  0.49200000000000038        7.9324937702961642E-003  -1.0193234157891704E-002  0.64879006366180869        9.3951153993996677        204.25609365732251        71.829514627212276     
  0.49400000000000038        7.7602382175567348E-003  -1.0014658271141385E-002  0.64342545085722624        9.3886825296198957        205.01090214747680        71.537703227022305     
  0.49600000000000039        7.5926404550593239E-003  -9.8396103114159889E-003  0.63830433060462732        9.3830282411504360        206.00952224677184        71.331560712281359     
  0.49800000000000039        7.4295526130719576E-003  -9.6680161357493855E-003  0.63342205084454251        9.3780540667359045        207.00141832001043        71.129945432293681     
  0.50000000000000033        7.2708321305454040E-003  -9.4998030676513839E-003  0.62877434526800380        9.3736696200479734        207.99276485974028        70.929444982326274     
  0.50200000000000033        7.1163415443237866E-003  -9.3348998800982554E-003  0.62435721254376275        9.3697921378399727        208.97679939562067        70.728693353682900     
  0.50400000000000034        6.9659482874747719E-003  -9.1732367777350773E-003  0.62016681729190504        9.3663460269023009        209.96508263152705        70.529836297415059     
  0.50600000000000034        6.8195244963159913E-003  -9.0147453783879835E-003  0.61619940970669274        9.3632624188393692        210.93144617887140        70.327312379840151     
  0.50800000000000034        6.6769468257314897E-003  -8.8593586939737599E-003  0.61245126133712524        9.3604787352564429        211.90778345492757        70.127855377932960     
  0.51000000000000034        6.5380962723958543E-003  -8.7070111108897667E-003  0.60891861490881782        9.3579382655052701        212.85785617878045        69.924058366017420     
  0.51200000000000034        6.4028580055398906E-003  -8.5576383699598711E-003  0.60559764638759894        9.3555897587572687        213.82462896941797        69.723495487367359     
  0.51400000000000035        6.2711212049112227E-003  -8.4111775460060136E-003  0.60248443774612959        9.3533870318102306        214.77272037401238        69.523960396291827     
  0.51600000000000035        6.1427789055999542E-003  -8.2675670271107737E-003  0.59957495905738956        9.3512885936980634        215.71445401561351        69.321142301992879     
  0.51800000000000035        6.0177278494147274E-003  -8.1267464936293637E-003  0.59686505870634776        9.3492572878889817        216.65875713901772        69.123370841927027     
  0.52000000000000035        5.8958683425129593E-003  -7.9886568970076229E-003  0.59435046058818120        9.3472599525751239        217.60326953976917        68.926749709006671     
  0.52200000000000035        5.7771041189976025E-003  -7.8532404384536406E-003  0.59202676730292347        9.3452670993366471        218.51824124835665        68.721458411445269     
  0.52400000000000035        5.6613422102150838E-003  -7.7204405475123031E-003  0.58988946838681444        9.3432526102422333        219.44608339309030        68.523767331463986     
  0.52600000000000036        5.5484928194928680E-003  -7.5902018605827253E-003  0.58793395272310778        9.3411934532769667        220.34799769915981        68.320446265040914     
  0.52800000000000036        5.4384692020751678E-003  -7.4624701994188353E-003  0.58615552431827112        9.3390694158306928        221.25250846236355        68.118900097798559     
  0.53000000000000036        5.3311875500227411E-003  -7.3371925496482074E-003  0.58454942069449534        9.3368628558523579        222.16609106868060        67.923302319431187     
  0.53200000000000036        5.2265668818548749E-003  -7.2143170393412842E-003  0.58311083320901602        9.3345584701689148        223.06262175894543        67.724091004947752     
  0.53400000000000036        5.1245289367231163E-003  -7.0937929176608438E-003  0.58183492866617492        9.3321430793767028        224.00789844089906        67.537633184561727     
  0.53600000000000037        5.0249980729155687E-003  -6.9755705336190738E-003  0.58071687164814201        9.3296054286524210        224.85344367911446        67.330988976541050     
  0.53800000000000037        4.9279011704995634E-003  -6.8596013149650973E-003  0.57975184703780935        9.3269360037695375        225.72473594797830        67.131317428832304     
  0.54000000000000037        4.8331675379218210E-003  -6.7458377472268604E-003  0.57893508229554791        9.3241268615820960        226.57674282724219        66.928090965759196     
  0.54200000000000037        4.7407288223907731E-003  -6.6342333529262948E-003  0.57826186906526233        9.3211714742012557        227.46190568250501        66.737022171454512     
  0.54400000000000037        4.6505189238759317E-003  -6.5247426709852865E-003  0.57772758379293032        9.3180645860853719        228.33223192850468        66.543258832965208     
  0.54600000000000037        4.5624739125675988E-003  -6.4173212363399304E-003  0.57732770706369296        9.3148020832652634        229.21207167258112        66.354485694867236     
  0.54800000000000038        4.4765319496441911E-003  -6.3119255597758606E-003  0.57705784142589578        9.3113808739217152        230.02414762398053        66.148451587641688     
  0.55000000000000038        4.3926332112057022E-003  -6.2085131079981934E-003  0.57691372754242265        9.3077987795575989        230.89149622468250        65.959975438696560     
  0.55200000000000038        4.3107198152359926E-003  -6.1070422839477360E-003  0.57689125852794099        9.3040544360195341        231.72267129453527        65.763973748139733     
  0.55400000000000038        4.2307357514627820E-003  -6.0074724073725886E-003  0.57698649240255528        9.3001472036506989        232.56892155084333        65.575210573642394     
  0.55600000000000038        4.1526268139915751E-003  -5.9097636956637447E-003  0.57719566263707922        9.2960770858769397        233.38088402054609        65.378200183813760     
  0.55800000000000038        4.0763405365951419E-003  -5.8138772449635133E-003  0.57751518676016100        9.2918446555785774        234.20623590566365        65.180943300288192     
  0.56000000000000039        4.0018261305438891E-003  -5.7197750115509953E-003  0.57794167309268263        9.2874509886021954        235.01966524933920        64.990463546052027     
  0.56200000000000039        3.9290344248711744E-003  -5.6274197935122922E-003  0.57847192565597239        9.2828976038314561        235.82950135232784        64.805350229450212     
  0.56400000000000039        3.8579178089682598E-003  -5.5367752126980942E-003  0.57910294734110523        9.2781864092488870        236.64550832600617        64.618156440332498     
  0.56600000000000039        3.7884301774119005E-003  -5.4478056969732942E-003  0.57983194144025474        9.2733196534665421        237.43643020405014        64.426892561906485     
  0.56800000000000039        3.7205268769304909E-003  -5.3604764627615039E-003  0.58065631167294740        9.2682998822359739        238.20303319521148        64.231246494639421     
  0.57000000000000040        3.6541646554174613E-003  -5.2747534978853745E-003  0.58157366081152828        9.2631298994750129        239.01461441834556        64.048789271203503     
  0.57200000000000040        3.5893016129090629E-003  -5.1906035447065475E-003  0.58258178806692074        9.2578127323944308        239.80432797407397        63.863363427435722     
  0.57400000000000040        3.5258971544415755E-003  -5.1079940835631159E-003  0.58367868535012168        9.2523516003285682        240.57087079850754        63.675258712661680     
  0.57600000000000040        3.4639119447121493E-003  -5.0268933165077958E-003  0.58486253256869003        9.2467498869135234        241.32494348262031        63.488264935135199     
  0.57800000000000040        3.4033078644673757E-003  -4.9472701513445533E-003  0.58613169207676841        9.2410111152727161        242.09236172431719        63.302290170925211     
  0.58000000000000040        3.3440479685482435E-003  -4.8690941859638650E-003  0.58748470241524431        9.2351389259189247        242.81588323909477        63.111577619611921     
  0.58200000000000041        3.2860964455238982E-003  -4.7923356929755875E-003  0.58892027147767534        9.2291370570854028        243.63448864316308        62.943382257403414     
  0.58400000000000041        3.2294185788486283E-003  -4.7169656046379040E-003  0.59043726920392325        9.2230093272327807        244.33032223992711        62.747807224307977     
  0.58600000000000041        3.1739807094793198E-003  -4.6429554980800813E-003  0.59203471992125156        9.2167596195155461        245.07977797581535        62.566588829332140     
  0.58800000000000041        3.1197501998946144E-003  -4.5702775808176494E-003  0.59371179442009592        9.2103918679779948        245.79461180632887        62.371229353820731     
  0.59000000000000041        3.0666953994584051E-003  -4.4989046765569985E-003  0.59546780188739323        9.2039100453147160        246.53021781124718        62.201928220398244     
  0.59200000000000041        3.0147856110731498E-003  -4.4288102112872057E-003  0.59730218172655170        9.1973181520079255        247.25550807413308        62.022548772739626     
  0.59400000000000042        2.9639910590706958E-003  -4.3599681996555253E-003  0.59921449538538651        9.1906202066960336        247.96937638563384        61.841305080628430     
  0.59600000000000042        2.9142828582913029E-003  -4.2923532316241231E-003  0.60120441822014981        9.1838202376378195        248.67700333970220        61.662021116349266     
  0.59800000000000042        2.8656329843031627E-003  -4.2259404594048337E-003  0.60327173147566615        9.1769222751443706        249.40214442455840        61.487481124401356     
  0.60000000000000042        2.8180142447155943E-003  -4.1607055846672953E-003  0.60541631439898380        9.1699303448695808        250.07365628960903        61.304557544784842     
