   0.0000000000000000        0.0000000000000000        0.0000000000000000        0.0000000000000000        0.0000000000000000        0.0000000000000000        0.0000000000000000     
   1.0000000000000000E-002   0.0000000000000000        0.0000000000000000        0.0000000000000000        0.0000000000000000        0.0000000000000000        0.0000000000000000     
   2.0000000000000000E-002   0.0000000000000000        0.0000000000000000        0.0000000000000000        0.0000000000000000        0.0000000000000000        0.0000000000000000     
   2.9999999999999999E-002   0.0000000000000000        0.0000000000000000        0.0000000000000000        0.0000000000000000        0.0000000000000000        0.0000000000000000     
   4.0000000000000001E-002   2.7115238510047257E-008   3.6752078725364120E-007   0.0000000000000000        0.0000000000000000        0.0000000000000000        0.0000000000000000     
   5.0000000000000003E-002   1.0985708288180379E-007   1.6503839161277307E-006   0.0000000000000000        0.0000000000000000        0.0000000000000000        0.0000000000000000     
   6.0000000000000005E-002   2.0107501918622965E-007   5.3572320589082372E-006   0.0000000000000000        0.0000000000000000        0.0000000000000000        0.0000000000000000     
   7.0000000000000007E-002   3.3626629753166008E-007   1.1308635513466373E-005   0.0000000000000000        0.0000000000000000        0.0000000000000000        0.0000000000000000     
   8.0000000000000002E-002   5.4157615311445536E-007   1.9795654712921531E-005   0.0000000000000000        0.0000000000000000        0.0000000000000000        0.0000000000000000     
   8.9999999999999997E-002   8.5607336434766890E-007   3.2633005688637933E-005   0.0000000000000000        0.0000000000000000        0.0000000000000000        0.0000000000000000     
   9.9999999999999992E-002   1.3382013696772828E-006   5.2332128266068407E-005   0.0000000000000000        0.0000000000000000        0.0000000000000000        0.0000000000000000     
  0.10999999999999999        2.0751835791079847E-006   8.2447335905948000E-005   0.0000000000000000        0.0000000000000000        0.0000000000000000        0.0000000000000000     
  0.11999999999999998        3.1966458466843532E-006   1.2801663952423023E-004   0.0000000000000000        0.0000000000000000        0.0000000000000000        0.0000000000000000     
  0.12999999999999998        4.8942211254586624E-006   1.9612963803696158E-004   0.0000000000000000        0.0000000000000000        0.0000000000000000        0.0000000000000000     
  0.13999999999999999        7.4495777404610086E-006   2.9666018760641789E-004   0.0000000000000000        0.0000000000000000        0.0000000000000000        0.0000000000000000     
  0.14999999999999999        1.1274217886666663E-005   4.4320864738125923E-004   0.0000000000000000        0.0000000000000000        0.0000000000000000        0.0000000000000000     
  0.16000000000000000        1.6965596128694664E-005   6.5430772674946282E-004   0.0000000000000000        0.0000000000000000        1.2995431457704007E-012   2.5962389219245142E-011
  0.17000000000000001        2.5385699844981390E-005   9.5495775153156635E-004   0.0000000000000000        0.0000000000000000        3.8995176582841193E-011   7.5311862887914864E-010
  0.18000000000000002        3.7770339417688670E-005   1.3785719495227628E-003   0.0000000000000000        0.0000000000000000        1.6806791379297395E-010   3.1476190325551170E-009
  0.19000000000000003        5.5880191410991624E-005   1.9694304622702081E-003   0.0000000000000000        0.0000000000000000        4.8074446734887869E-010   8.7469383637314661E-009
  0.20000000000000004        8.2208367989068711E-005   2.7857632985186010E-003   0.0000000000000000        0.0000000000000000        1.1308712147106470E-009   2.0019897799404149E-008
  0.21000000000000005        1.2026426601877627E-004   3.9036069228143128E-003   8.8786327205401042E-004   0.0000000000000000        2.3698007716021026E-009   4.0874753702522143E-008
  0.22000000000000006        1.7496001870084926E-004   5.4216052922875504E-003   1.8870354724521117E-003   0.0000000000000000        4.6026578159226792E-009   7.7446234145565159E-008
  0.23000000000000007        2.5313425401698027E-004   7.4669511456011599E-003   2.8908977549115850E-003   0.0000000000000000        8.4682616331620405E-009   1.3917462779383652E-007
  0.24000000000000007        3.6425789657118491E-004   1.0202682263244396E-002   3.9001921470487016E-003   0.0000000000000000        1.4962064619108586E-008   2.4046463221579762E-007
  0.25000000000000006        5.2137749465124515E-004   1.3836552212205573E-002   4.9155368878361855E-003   0.0000000000000000        2.5600781691633078E-008   4.0283859690723334E-007
  0.26000000000000006        7.4236085446024102E-004   1.8631673580243539E-002   5.9374416630208881E-003   0.0000000000000000        4.2645981282044469E-008   6.5787310351763193E-007
  0.27000000000000007        1.0515138990258549E-003   2.4919066630092010E-002   6.9663248188734581E-003   0.0000000000000000        6.9464524265512894E-008   1.0520823503522645E-006
  0.28000000000000008        1.4816313228817315E-003   3.3112114869860286E-002   8.0025327810780856E-003   0.0000000000000000        1.1068056610825081E-007   1.6485746161780294E-006
  0.29000000000000009        2.0765203250608811E-003   4.3722703741163903E-002   9.0463619630501944E-003   0.0000000000000000        1.7324413948074076E-007   2.5421281861035605E-006
  0.30000000000000010        2.8939899200286453E-003   5.7378470496879580E-002   1.0098083601735411E-002   1.1840511581964877E-002   2.6681724827815718E-007   3.8642661158789547E-006
  0.31000000000000011        4.0092230369128852E-003   7.4840099116126435E-002   1.1157971863989315E-002   2.9182568964654841E-002   4.0571673006977974E-007   5.8078946382398917E-006
  0.32000000000000012        5.5183434482877864E-003   9.7016948942086081E-002   1.2226335876963555E-002   4.6181001518795096E-002   6.1031047899337007E-007   8.6459867501597592E-006
  0.33000000000000013        7.5418591688925273E-003  0.12497854213847390        1.3303556277767829E-002   6.2829544160976969E-002   9.0979085445036130E-007   1.2767641365962359E-005
  0.34000000000000014        1.0227521402605497E-002  0.15995864632055903        1.4390127053339915E-002   7.9124702057483717E-002   1.3462465285837621E-006   1.8728701052135527E-005
  0.35000000000000014        1.3752006806668902E-002  0.20334805028130129        1.5486703500085573E-002   9.5066701972440909E-002   1.9792467176614379E-006   2.7310373281694767E-005
  0.36000000000000015        1.8320744996633876E-002  0.25667190646860943        1.6594157114037431E-002  0.11066088312369418        2.8926443966919117E-006   3.9605510866776207E-005
  0.37000000000000016        2.4165215178392256E-002  0.32154802783999376        1.7713638380217764E-002  0.12591973562956624        4.2041821569814600E-006   5.7141397680602926E-005
  0.38000000000000017        3.1537168242098970E-002  0.39962408151539142        1.8846648019147941E-002  0.14086589150702716        6.0783242384747433E-006   8.2044642594364996E-005
  0.39000000000000018        4.0699522445573878E-002  0.49249435896499405        1.9995117377218739E-002  0.15553650950386919        8.7416427641006097E-006   1.1723784127082421E-004
  0.40000000000000019        5.1914128134863964E-002  0.60160053582078921        2.1161497790632700E-002  0.16998967813513519        1.2508865522248566E-005   1.6677838960518155E-004
  0.41000000000000020        6.5427146147091747E-002  0.72812492958146391        2.2348858434162434E-002  0.18431368681136620        1.7806125032976369E-005   2.3615481701320387E-004
  0.42000000000000021        8.1453327496618405E-002  0.87288817134698860        2.3560990806925176E-002  0.19864024216631254        2.5221543631096019E-005   3.3297738810627935E-004
  0.43000000000000022       0.10016087456280645        1.0362647249069181        2.4802516785156756E-002  0.21316280969882359        3.5546870328539396E-005   4.6748050575157066E-004
  0.44000000000000022       0.12165866993125610        1.2181284114272732        2.6078994996796591E-002  0.22816093081408906        4.9851595587127259E-005   6.5353545757373249E-004
  0.45000000000000023       0.14598740547893910        1.4178359012847670        2.7397018007326430E-002  0.24402996043850328        6.9585378549945532E-005   9.1005618228389600E-004
  0.46000000000000024       0.17311556339349113        1.6342498792375624        2.8764289371296468E-002  0.26131207317013072        9.6654908506662167E-005   1.2617809305031447E-003
  0.47000000000000025       0.20294043101677409        1.8657969148512052        3.0189666541679514E-002  0.28071716447808037        1.3364916323052185E-004   1.7425365507741310E-003
  0.48000000000000026       0.23529357158739572        2.1105497917829239        3.1683151349154615E-002  0.30311092980114496        1.8393444722632267E-004   2.3961017579493707E-003
  0.49000000000000027       0.26994960921727357        2.3663214593715893        3.3255806400788381E-002  0.32943589730389988        2.5195824835369936E-004   3.2801167931758497E-003
  0.50000000000000022       0.30663692736886033        2.6307581988767335        3.4919573444735952E-002  0.36053330895272251        3.4349315848822786E-004   4.4688466139750777E-003
  0.51000000000000023       0.34504893036131823        2.9014224263872825        3.6686968365851780E-002  0.39687247618553295        4.6611974207704025E-004   6.0595584741193927E-003
  0.52000000000000024       0.38485479594254135        3.1758596062452007        3.8570631035250928E-002  0.43827814367662959        5.3745440978614245E-004   7.1238548318764174E-003
  0.53000000000000025       0.42570903277800598        3.4516477969261925        4.0582715566650052E-002  0.48382397935657628        7.2251252020200758E-004   9.5778441605725000E-003
  0.54000000000000026       0.46725953663121744        3.7264315111230886        4.2734120241906134E-002  0.53202372287234811        9.6634732132888472E-004   1.2801207637804948E-002
  0.55000000000000027       0.50915413775519103        3.9979434486018173        4.5033579178329328E-002  0.58126631874211909        1.2856088949993768E-003   1.7001754524411983E-002
  0.56000000000000028       0.55104581967646837        4.2640182878313233        4.7486665811771696E-002  0.63026122829376352        1.7009781684739218E-003   2.2435642226124212E-002
  0.57000000000000028       0.59259687236201564        4.5226023950704164        5.0094793398897941E-002  0.67827315627658891        2.2371107465455212E-003   2.9397732603318540E-002
  0.58000000000000029       0.63348224705258815        4.7717624110650663        5.2854333287816670E-002  0.72510137684778275        2.9244143623563790E-003   3.8248223145427231E-002
  0.59000000000000030       0.67339233753620176        5.0096945572464158        5.5756002537941475E-002  0.77090790365252826        3.7968940704925782E-003   4.9372526112209943E-002
  0.60000000000000031       0.71203535084140990        5.2347354260494363        5.8784687429209434E-002  0.81602192547881847        4.8968183426651712E-003   6.3248587521947411E-002
  0.61000000000000032       0.74913936847745310        5.4453741424251971        6.1919861670616638E-002  0.86079287093901902        6.2712468447525295E-003   8.0389246528409924E-002
  0.62000000000000033       0.78445414817802916        5.6402651772187484        6.5136719865303838E-002  0.90550729119871165        7.9746415274773701E-003  0.10137368591511385     
  0.63000000000000034       0.81775267969029108        5.8182407656072463        6.8408074787292383E-002  0.95035583155164960        1.0064160628767209E-002  0.12678233167748271     
  0.64000000000000035       0.84883248624955920        5.9783218023444888        7.1706968490807613E-002  0.99543056165400912        1.2606808196250546E-002  0.15729283529927240     
  0.65000000000000036       0.87751665350613761        6.1197261951926043        7.5009836491285953E-002   1.0407369647687472        1.5671956856517181E-002  0.19356789052942483     
  0.66000000000000036       0.90365456656790544        6.2418738955175437        7.8299957568416886E-002   1.0862107762285682        1.9364935398762589E-002  0.23669737452465486     
  0.67000000000000037       0.92712234035012642        6.3443881291251412        8.1570845300412212E-002   1.1317345457683934        2.3671406874133476E-002  0.28619591365510427     
  0.68000000000000038       0.94782293598417378        6.4270926678663933        8.4829201361475731E-002   1.1771517941571761        2.8761454980336179E-002  0.34389602795762519     
  0.69000000000000039       0.96568596470175638        6.4900052724278190        8.8097064440459560E-002   1.2222782956254061        3.4684850083934959E-002  0.41004873289753513     
  0.70000000000000040       0.98066718908421713        6.5333276719530655        9.1412839111292096E-002   1.2669108023755582        4.1518928138629840E-002  0.48522997899486614     
  0.71000000000000041       0.99274773906971181        6.5574326130478742        9.4830966256004470E-002   1.3108337954467537        4.9347269320781560E-002  0.57004835949534360     
  0.72000000000000042        1.0019330662523174        6.5628486071196397        9.8420072385705271E-002   1.3538248451275585        5.8223440806092826E-002  0.66468062230953884     
  0.73000000000000043        1.0082516646607353        6.5502430373527476       0.10225950445152655        1.3956590479335758        6.8224227777100105E-002  0.76961112444428748     
  0.74000000000000044        1.0117535894108507        6.5204042668042366       0.10643421975750174        1.4361128640331480        7.9455800120787887E-002  0.88560949928489729     
  0.75000000000000044        1.0125088065219030        6.4742233314551614       0.11102808008273976        1.4749675520332979        9.1911958437426430E-002   1.0119878083049900     
  0.76000000000000045        1.0106054079491817        6.4126757209060026       0.11611573375129017        1.5120123018649150       0.10566658912930121        1.1491034179555186     
  0.77000000000000046        1.0061477257067588        6.3368036574120818       0.12175349439903871        1.5470471021706831       0.12079978957215250        1.2973245600034495     
  0.78000000000000047       0.99925437801346029        6.2476991911462338       0.12796995370199279        1.5798853389699694       0.13731225838382785        1.4559599956579217     
  0.79000000000000048       0.99005627885700875        6.1464883430437993       0.13475745503828662        1.6103561032066160       0.15524614838942244        1.6248402931674868     
  0.80000000000000049       0.97869464037621234        6.0343164506594995       0.14206589092367336        1.6383061759490067       0.17462610982835017        1.8035851560739307     
  0.81000000000000050       0.96531899512867658        5.9123348091557331       0.14980038939921256        1.6636016627979451       0.19550156759579124        1.9920335229557371     
  0.82000000000000051       0.95008526274068583        5.7816886490999453       0.15782414252036203        1.6861292533791543       0.21786409273864668        2.1893444739830970     
  0.83000000000000052       0.93315388270940980        5.6435064542569613       0.16596682522059156        1.7057970926253723       0.24171637164165255        2.3947930861293165     
  0.84000000000000052       0.91468803231358231        5.4988905944204465       0.17403788013538704        1.7225352605633937       0.26710680527116154        2.6081686035032989     
  0.85000000000000053       0.89485194574459992        5.3489092286601023       0.18184274732732350        1.7362958683934757       0.29404821570325013        2.8288914667557368     
  0.86000000000000054       0.87380934774418140        5.1945894212928341       0.18919933710928294        1.7470527901815771       0.32248814600800768        3.0554166034370907     
  0.87000000000000055       0.85172201226859101        5.0369114047198460       0.19595200102087282        1.7548010581195541       0.35250987054823191        3.2879777553075256     
  0.88000000000000056       0.82874845402869801        4.8768039185807739       0.20198097202303425        1.7595559586112917       0.38405213926148624        3.5251064236710530     
  0.89000000000000057       0.80504275821043114        4.7151405523354546       0.20720643011090628        1.7613518715839720       0.41712832707063879        3.7661205305059173     
  0.90000000000000058       0.78075355128783641        4.5527370175566624       0.21158756020403061        1.7602409005689812       0.45186785592230450        4.0115090429776918     
  0.91000000000000059       0.75602311362283525        4.3903492763197844       0.21511783383777180        1.7562913423528390       0.48825254811937102        4.2600611089322626     
  0.92000000000000060       0.73098663251994112        4.2286724527317112       0.21781810284521899        1.7495860455856607       0.52591296158568912        4.5077024751297126     
  0.93000000000000060       0.70577159258441868        4.0683404556332290       0.21972899927331957        1.7402207057361212       0.56535615476950551        4.7581539141893163     
  0.94000000000000061       0.68049729862825092        3.9099262417296825       0.22090376704428030        1.7283021400322747       0.60640617639320060        5.0090394035988890     
  0.95000000000000062       0.65527452498571570        3.7539426498244608       0.22140220048589701        1.7139465820239130       0.64908923788708917        5.2596891017897427     
  0.96000000000000063       0.63020528394088304        3.6008437384586744       0.22128596566468117        1.6972780290422982       0.69332568109821235        5.5085649546201463     
  0.97000000000000064       0.60538270503089875        3.4510265611300839       0.22061529606360206        1.6784266702753610       0.73962452686673619        5.7593965010084478     
  0.98000000000000065       0.58089101626598960        3.3048333154102134       0.21944688975422738        1.6575274166081686       0.78749858186660626        6.0068600060741435     
  0.99000000000000066       0.55680561779080751        3.1625538047270614       0.21783276722864656        1.6347185470530265       0.83721728889310965        6.2524952694393550     
   1.0000000000000007       0.53319323819032738        3.0244281543457565       0.21581984369646934        1.6101404810224555       0.88880506852752217        6.4955177813659226     
   1.0100000000000007       0.51005304902968729        2.8906497261591517       0.21344999831686737        1.5839346799022123       0.94157146302880734        6.7362985475778840     
   1.0200000000000007       0.48749842688904027        2.7613681802766363       0.21076046534870407        1.5562426774837153       0.99625541177279253        6.9740459096229781     
   1.0300000000000007       0.46557211302427931        2.6366926350387883       0.20778441443679083        1.5272052339659605        1.0529568847351909        7.2087301309194931     
   1.0400000000000007       0.44430933267825801        2.5166948809456260       0.20455162482484882        1.4969616065753120        1.1116788316298483        7.4394817551677495     
   1.0500000000000007       0.42373822215277468        2.4014126080126057       0.20108918795543032        1.4656489260409857        1.1726362380851396        7.6675666100981354     
   1.0600000000000007       0.40388028315790031        2.2908526102039581       0.19742219480976159        1.4334016680898007        1.2358428539149711        7.8924629018215757     
   1.0700000000000007       0.38475085627527844        2.1849939347770317       0.19357438018427503        1.4003512078984997        1.3012781530502397        8.1129263750929557     
   1.0800000000000007       0.36635960600503631        2.0837909485437156       0.18956870668084808        1.3666254447761084        1.3691335951206614        8.3301834006674813     
   1.0900000000000007       0.34871101054188602        1.9871762971581324       0.18542787815237455        1.3323484855332710        1.4394409836491893        8.5439670378300310     
   1.1000000000000008       0.33180485012862759        1.8950637375218937       0.18117477689556510        1.2976403754566681        1.5122489055927186        8.7538212937108035     
   1.1100000000000008       0.31563668854950272        1.8073508272112160       0.17683282161834493        1.2626168666186774        1.5876999388941124        8.9609691801914462     
   1.1200000000000008       0.30019834303838144        1.7239214584348292       0.17242624535907269        1.2273892153646246        1.6658171128672135        9.1645971169217670     
   1.1300000000000008       0.28547833857585542        1.6446482273953140       0.16798029376668866        1.1920640013848696        1.7465717236992060        9.3646416096278866     
   1.1400000000000008       0.27146234322478885        1.5693946330234536       0.16352134547743780        1.1567429634566548        1.8301702991457485        9.5619252345332306     
   1.1500000000000008       0.25813358179750256        1.4980171018687478       0.15907695800604321        1.1215228474727668        1.9163043277084262        9.7560945414588058     
   1.1600000000000008       0.24547322575265140        1.4303668384477266       0.15467584360729753        1.0864952651650710        2.0066258433833397        9.9504851118303197     
   1.1700000000000008       0.23346075778098999        1.3662915025719666       0.15034778190313902        1.0517465626981595        2.0973361419286580        10.131549051985456     
   1.1800000000000008       0.22207431005281489        1.3056367171010241       0.14612347780394733        1.0173576997961891        2.1929343087983244        10.318630507241009     
   1.1900000000000008       0.21129097556362142        1.2482474111986959       0.14203437544583708       0.98340414214658767        2.2912105119138224        10.501577414330589     
   1.2000000000000008       0.20108709242735603        1.1939690055259271       0.13811244179813692       0.94995577004460119        2.3925367886801467        10.682052602759205     
   1.2100000000000009       0.19143850132849519        1.1426484468945231       0.13438993527735077       0.91707680804885927        2.4968611178743210        10.859254775499503     
   1.2200000000000009       0.18232077665596680        1.0941351007504547       0.13089917766271730       0.88482578050668470        2.6044940500134715        11.033855030485055     
   1.2300000000000009       0.17370943210529036        1.0482815104734535       0.12767234984683667       0.85325549869140804        2.7154734162032921        11.207656855520487     
   1.2400000000000009       0.16558010175267104        1.0049440328920816       0.12474133298612548       0.82241308561226178        2.8297972627329475        11.378472223184449     
   1.2500000000000009       0.15790869777877184       0.96398335964150317       0.12213761922424415       0.79234004367100908        2.9476267553279003        11.547812138492974     
   1.2600000000000009       0.15067154615391168       0.92526493405755328       0.11989231533025310       0.76307237111097082        3.0690411651298861        11.715826008108142     
   1.2700000000000009       0.14384550169377991       0.88865927322635718       0.11803626357516556       0.73464073107103878        3.1939383827689989        11.881013144492963     
   1.2800000000000009       0.13740804395907141       0.85404220461482128       0.11660030215162542       0.70707067670455526        3.3230361029940845        12.047384548812234     
   1.2900000000000009       0.13133735550744169       0.82129502641409657       0.11561568529064314       0.68038293439477737        3.4559618976152828        12.211462703553350     
   1.3000000000000009       0.12561238401538222       0.79030460035384886       0.11511467984264390       0.65459374377864155        3.5926063443018998        12.373908719924525     
   1.3100000000000009       0.12021288977467601       0.76096338530770014       0.11513134994157039       0.62971525377843096        3.7336805572958074        12.536193070565730     
   1.3200000000000010       0.11511948003634566       0.73316941952504300       0.11570253611441002       0.60575596821474709        3.8789423441351678        12.697493187821316     
   1.3300000000000010       0.11031363162772284       0.70682625880616734       0.11686902820309381       0.58272123493251649        4.0285790090839360        12.858421529761364     
   1.3400000000000010       0.10577770320839465       0.68184287739856564       0.11867692434094707       0.56061376676347807        4.1826479270130168        13.018814384082443     
   1.3500000000000010       0.10149493846115100       0.65813353784385564       0.12117916139313947       0.53943418227336404        4.3415391872118807        13.179403018598665     
   1.3600000000000010        9.7449461437106907E-002  0.63561763545621530       0.12443719261137451       0.51918154951541429        4.5051292299960615        13.340837173635629     
   1.3700000000000010        9.3626265192191679E-002  0.61421952257270207       0.12852278270457540       0.49985391351483299        4.6731847363747052        13.499466326062153     
   1.3800000000000010        9.0011194767157479E-002  0.59386831719003275       0.13351987708397819       0.48144878627419246        4.8463333744910484        13.659174214940299     
   1.3900000000000010        8.6590925476890554E-002  0.57449770009665457       0.13952648864835637       0.46396357427479817        5.0241630907255184        13.818971200780588     
   1.4000000000000010        8.3352937388573217E-002  0.55604570412732224       0.14665652250171601       0.44739591761815495        5.2073053683717481        13.979665908518141     
   1.4100000000000010        8.0285486783428783E-002  0.53845449871333306       0.15504142114999700       0.43174391275223672        5.3949776088366939        14.137103700879546     
   1.4200000000000010        7.7377575314361652E-002  0.52167017247689251       0.16483145633960736       0.41700618951926838        5.5884539974585223        14.300932545602118     
   1.4300000000000010        7.4618917492648054E-002  0.50564251622444312       0.17619640563009512       0.40318181420544558        5.7867155333144131        14.462577745192943     
   1.4400000000000011        7.1999907061563548E-002  0.49032480833173342       0.18932523070437485       0.39026999012128338        5.9902567290056341        14.624562436408734     
   1.4500000000000011        6.9511582743905856E-002  0.47567360418288129       0.20442421130101537       0.37826953009046604        6.1984456921298117        14.786227872477472     
   1.4600000000000011        6.7145593784182125E-002  0.46164853102657927       0.22171278891114549       0.36717807826852666        6.4122607399361380        14.948542677465371     
   1.4700000000000011        6.4894165644879209E-002  0.44821208934351009       0.24141614580694970       0.35699106439361122        6.6306177225887790        15.111333357662700     
   1.4800000000000011        6.2750066159924039E-002  0.43532946157938229       0.26375331443226058       0.34770038013456067        6.8540145241195409        15.273794048363818     
   1.4900000000000011        6.0706572397087440E-002  0.42296832888588276       0.28891941438591556       0.33929277677119757        7.0816711608607923        15.434930044802293     
   1.5000000000000011        5.8757438434645252E-002  0.41109869632583301       0.31706049166056488       0.33174799585386461        7.3160219518248804        15.600115983206102     
   1.5100000000000011        5.6896864215940993E-002  0.39969272683720547       0.34823943386349571       0.32503665809287746        7.5545887968372698        15.763534276340790     
   1.5200000000000011        5.5119465608398276E-002  0.38872458411152128       0.38239157364881426       0.31911795625780709        7.7978633427481450        15.926932333998773     
   1.5300000000000011        5.3420245760771645E-002  0.37817028442363693       0.41926887557460857       0.31393721805863262        8.0461456345750104        16.090293794879493     
   1.5400000000000011        5.1794567823759692E-002  0.36800755735033447       0.45837194880876808       0.30942343635488290        8.2994742297223105        16.253604971284055     
   1.5500000000000012        5.0238129074238358E-002  0.35821571523240392       0.49886947358565925       0.30548689467252338        8.5572668467211521        16.416387590754002     
   1.5600000000000012        4.8746936462038169E-002  0.34877553116764315       0.53950482739715544       0.30201706241353909        8.8199410600829538        16.578820471576435     
   1.5700000000000012        4.7317283580059863E-002  0.33966912526822968       0.57848969228365488       0.29888098569365162        9.0877167820255949        16.741255771320208     
   1.5800000000000012        4.5945729043365920E-002  0.33087985887432664       0.61338420479245570       0.29592246641125330        9.3602948227574352        16.902969760185329     
   1.5900000000000012        4.4629076250338295E-002  0.32239223638430375       0.64096287762538495       0.29296240469535328        9.6380781841527732        17.065039762053193     
   1.6000000000000012        4.3364354488848414E-002  0.31419181433991883       0.65706530898854387       0.28980078331822712        9.9209829483454843        17.226359020286996     
   1.6100000000000012        4.2148801342349392E-002  0.30626511739050200       0.65643085437179371       0.28622091180375631        10.208809410920553        17.386603061410174     
   1.6200000000000012        4.0979846344609647E-002  0.29859956075255711       0.63251726583236834       0.28199674292117100        10.501794951240827        17.547118093873966     
   1.6300000000000012        3.9855095827266901E-002  0.29118337877931760       0.57730499616082798       0.27690434304385375        10.799658485345194        17.705859012678697     
   1.6400000000000012        3.8772318901234205E-002  0.28400555925750282       0.48109156292837862       0.27073893633969653        11.103195070295712        17.864584326257379     
   1.6500000000000012        3.7729434511070963E-002  0.27705578305522438       0.33228405046183851       0.26333935108453688        11.412560231998294        18.022247746099040     
   1.6600000000000013        3.6724499500529598E-002  0.27032436875463756        0.0000000000000000       0.10432894787738820        11.724788109413469        18.175272248490032     
   1.6700000000000013        3.5755697627460580E-002  0.26380222191517683        0.0000000000000000       0.10416568217333450        12.047320749566904        18.336698277669250     
   1.6800000000000013        3.4821329466943676E-002  0.25748078862721263        0.0000000000000000       0.10407660721758637        12.373045509355176        18.492286176421736     
   1.6900000000000013        3.3919803142783582E-002  0.25135201303139654        0.0000000000000000       0.10405979361397751        12.704693440005492        18.646788235211762     
   1.7000000000000013        3.3049625829244027E-002  0.24540829849528831        0.0000000000000000       0.10411327490259091        13.042200374159965        18.800265459093332     
   1.7100000000000013        3.2209395966998927E-002  0.23964247215580303        0.0000000000000000       0.10423505188329826        13.386319598162334        18.953563267857209     
   1.7200000000000013        3.1397796139646147E-002  0.23404775255314500        0.0000000000000000       0.10442309676601795        13.736694963921000        19.105704917362548     
   1.7300000000000013        3.0613586559710453E-002  0.22861772009914363        0.0000000000000000       0.10467535714865731        14.092900688563963        19.255781091365041     
   1.7400000000000013        2.9855599115753525E-002  0.22334629013984733        0.0000000000000000       0.10498975982413514        14.457390737807065        19.407750598012775     
   1.7500000000000013        2.9122731934986275E-002  0.21822768838885545        0.0000000000000000       0.10536421441824732        14.827362103931224        19.556977099194601     
   1.7600000000000013        2.8413944418576437E-002  0.21325642852400048        0.0000000000000000       0.10579661686049258        15.204479894589518        19.706757072082848     
   1.7700000000000014        2.7728252709631508E-002  0.20842729175547325        0.0000000000000000       0.10628485269028703        15.589088201363001        19.853918329801299     
   1.7800000000000014        2.7064725556572227E-002  0.20373530818831237        0.0000000000000000       0.10682680020127741        15.980677300953385        20.000435361132446     
   1.7900000000000014        2.6422480537287650E-002  0.19917573981628661        0.0000000000000000       0.10742033342671622        16.379949930408106        20.146881378130104     
   1.8000000000000014        2.5800680612031716E-002  0.19474406499746980        0.0000000000000000       0.10806332496908902        16.786909430523707        20.292032141417931     
   1.8100000000000014        2.5198530975503959E-002  0.19043596427440740        0.0000000000000000       0.10875364867738048        17.201714515108559        20.436887241595073     
   1.8200000000000014        2.4615276180899898E-002  0.18624730741343440        0.0000000000000000       0.10948918217553397        17.623686213882440        20.579324032897023     
   1.8300000000000014        2.4050197510957119E-002  0.18217414154872796        0.0000000000000000       0.11026780924582530        18.056273933301764        20.724678740274452     
   1.8400000000000014        2.3502610573118893E-002  0.17821268032682347        0.0000000000000000       0.11108742207096867        18.494809994551655        20.865950516678474     
   1.8500000000000014        2.2971863097909138E-002  0.17435929395677202        0.0000000000000000       0.11194592333891024        18.942496859561839        21.007271103034611     
   1.8600000000000014        2.2457332921454024E-002  0.17061050007983744        0.0000000000000000       0.11284122821433144        19.398668279579173        21.147704596884971     
   1.8700000000000014        2.1958426134796403E-002  0.16696295538066586        0.0000000000000000       0.11377126618094922        19.864883352090878        21.288432301492797     
   1.8800000000000014        2.1474575384236808E-002  0.16341344786924261        0.0000000000000000       0.11473398275876442        20.339464112206731        21.427628172420768     
   1.8900000000000015        2.1005238308398042E-002  0.15995888976969966        0.0000000000000000       0.11572734110043031        20.823763726344300        21.566830341193047     
   1.9000000000000015        2.0549896099059370E-002  0.15659631095822205        0.0000000000000000       0.11674932347094484        21.317686502417359        21.705732064460754     
   1.9100000000000015        2.0108052174049654E-002  0.15332285289797659        0.0000000000000000       0.11779793261485223        21.820552002292143        21.842621477366155     
   1.9200000000000015        1.9679230951611504E-002  0.15013576302404158        0.0000000000000000       0.11887119301516549        22.334270241402617        21.981053723295172     
   1.9300000000000015        1.9262976716697879E-002  0.14703238953607492        0.0000000000000000       0.11996715204817839        22.857416581707717        22.117621314052833     
   1.9400000000000015        1.8858852570591909E-002  0.14401017656060663        0.0000000000000000       0.12108388103829970        23.391494740454171        22.254562243103464     
   1.9500000000000015        1.8466439456108468E-002  0.14106665964872639        0.0000000000000000       0.12221947621703737        23.935531869762176        22.390830101350538     
   1.9600000000000015        1.8085335251403854E-002  0.13819946157835972        0.0000000000000000       0.12337205959016824        24.490645394140344        22.527449728682679     
   1.9700000000000015        1.7715153926133577E-002  0.13540628843348182        0.0000000000000000       0.12453977971711241        25.056161838562634        22.662073200689470     
   1.9800000000000015        1.7355524754322071E-002  0.13268492593539910        0.0000000000000000       0.12572081240643540        25.632743582718476        22.796778470313594     
   1.9900000000000015        1.7006091578892765E-002  0.13003323600380054        0.0000000000000000       0.12691336133135223        26.220625918514983        22.931310406119948     
   2.0000000000000013        1.6666512123312837E-002  0.12744915352751465        0.0000000000000000       0.12811565856903429        26.820474871841952        23.066786366015304     
   2.0100000000000011        1.6336457346278224E-002  0.12493068332699313        0.0000000000000000       0.12932596506741287        27.431790616370026        23.201583954139505     
   2.0200000000000009        1.6015610835776496E-002  0.12247589729234552        0.0000000000000000       0.13054257104312658        28.054816149247138        23.336122480975732     
   2.0300000000000007        1.5703668239238515E-002  0.12008293168240483        0.0000000000000000       0.13176379631414328        28.689802350003831        23.470068019562863     
   2.0400000000000005        1.5400336726827665E-002  0.11774998457178026        0.0000000000000000       0.13298799057050315        29.336788262429710        23.603844327540774     
   2.0500000000000003        1.5105334485207801E-002  0.11547531343414616        0.0000000000000000       0.13421353358654822        29.996675871716576        23.738422366664317     
   2.0600000000000001        1.4818390239406181E-002  0.11325723285123095        0.0000000000000000       0.13543883537788445        30.669196779262979        23.873067878936080     
   2.0699999999999998        1.4539242800616779E-002  0.11109411233796773        0.0000000000000000       0.13666233630625094        31.354021341338868        24.006834366654154     
   2.0799999999999996        1.4267640638010498E-002  0.10898437427525400        0.0000000000000000       0.13788250713535022        32.052014409312797        24.141164100662028     
   2.0899999999999994        1.4003341472803143E-002  0.10692649194258255        0.0000000000000000       0.13909784904060737        32.763150261043847        24.275410388802836     
   2.0999999999999992        1.3746111893002533E-002  0.10491898764354915        0.0000000000000000       0.14030689357571641        33.487699576147840        24.410236878311945     
   2.1099999999999990        1.3495726987406302E-002  0.10296043091791368        0.0000000000000000       0.14150820259875233        34.225449906064277        24.544147308215866     
   2.1199999999999988        1.3251969997556873E-002  0.10104943683449533        0.0000000000000000       0.14270036816048806        34.977487458994162        24.679805455604146     
   2.1299999999999986        1.3014631986477376E-002   9.9184664359689215E-002   0.0000000000000000       0.14388201235750731        35.743216325630321        24.814960571732641     
   2.1399999999999983        1.2783511523121930E-002   9.7364814796887564E-002   0.0000000000000000       0.14505178715256106        36.522563133884354        24.948670036246071     
   2.1499999999999981        1.2558414381564038E-002   9.5588630292499061E-002   0.0000000000000000       0.14620837416454163        37.315409419821144        25.079616805620290     
   2.1599999999999979        1.2339153254035081E-002   9.3854892404628160E-002   0.0000000000000000       0.14735048443035020        38.126146960419248        25.221706326795093     
   2.1699999999999977        1.2125547476999218E-002   9.2162420730840203E-002   0.0000000000000000       0.14847685814082509        38.948306205132546        25.360902441497625     
   2.1799999999999975        1.1917422769514924E-002   9.0510071591691971E-002   0.0000000000000000       0.14958626435283284        39.785517827585871        25.493882053625889     
   2.1899999999999973        1.1714610983201064E-002   8.8896736767042711E-002   0.0000000000000000       0.15067750067948649        40.638208418913230        25.629660797176943     
   2.1999999999999971        1.1516949863168134E-002   8.7321342282313960E-002   0.0000000000000000       0.15174939296041767        41.505946216062611        25.766308422544636     
   2.2099999999999969        1.1324282819335410E-002   8.5782847242175733E-002   0.0000000000000000       0.15280079491390655        42.388970138157724        25.903325621903111     
   2.2199999999999966        1.1136458707588535E-002   8.4280242709253397E-002   0.0000000000000000       0.15383058777258907        43.287492752506964        26.040558728234942     
   2.2299999999999964        1.0953331620275402E-002   8.2812550625670320E-002   0.0000000000000000       0.15483767990440420        44.201720675906579        26.178528485483454     
   2.2399999999999962        1.0774760685573341E-002   8.1378822775375600E-002   0.0000000000000000       0.15582100642032512        45.131802729639858        26.316814678851181     
   2.2499999999999960        1.0600609875289215E-002   7.9978139785352412E-002   0.0000000000000000       0.15677952877036888        46.077748890266271        26.455593700561852     
   2.2599999999999958        1.0430747820685347E-002   7.8609610163933558E-002   0.0000000000000000       0.15771223432927492        47.039937542246079        26.594542731941605     
   2.2699999999999956        1.0265047635951156E-002   7.7272369374567607E-002   0.0000000000000000       0.15861813597320767        48.018389953270521        26.734107368920146     
   2.2799999999999954        1.0103386748956920E-002   7.5965578943459983E-002   0.0000000000000000       0.15949627164871694        49.013384728371072        26.873864981956938     
   2.2899999999999952        9.9456467389583535E-003   7.4688425599655897E-002   0.0000000000000000       0.16034570393515479        50.024895493348787        27.014859981886119     
   2.2999999999999949        9.7917131809315220E-003   7.3440120446166782E-002   0.0000000000000000       0.16116551960166425        51.053293884795096        27.155211741129712     
   2.3099999999999947        9.6414754962374782E-003   7.2219898160848173E-002   0.0000000000000000       0.16195482915980550        52.098856998002127        27.296366398694552     
   2.3199999999999945        9.4948268093368038E-003   7.1027016225814643E-002   0.0000000000000000       0.16271276641279089        53.161441571636921        27.437864055980164     
   2.3299999999999943        9.3516638102843132E-003   6.9860754184225715E-002   0.0000000000000000       0.16343848800227406        54.241384905981434        27.579614239260025     
   2.3399999999999941        9.2118866227499912E-003   6.8720412923342508E-002   0.0000000000000000       0.16413117295356652        55.338727275282821        27.722253757918267     
   2.3499999999999939        9.0753986773269932E-003   6.7605313982826001E-002   0.0000000000000000       0.16479002222007902        56.453912936869166        27.864916255865957     
   2.3599999999999937        8.9421065898964962E-003   6.6514798887273852E-002   0.0000000000000000       0.16541425822777303        57.587327744329521        28.008372565533804     
   2.3699999999999934        8.8119200448341529E-003   6.5448228502068176E-002   0.0000000000000000       0.16600312442031231        58.737814363132166        28.151597922779736     
   2.3799999999999932        8.6847516828492937E-003   6.4404982411627287E-002   0.0000000000000000       0.16655588480558567        59.906821219799106        28.295720360900734     
   2.3899999999999930        8.5605169932622231E-003   6.3384458319217588E-002   0.0000000000000000       0.16707182350421287        61.094368276720530        28.439770952496275     
   2.3999999999999928        8.4391342105304100E-003   6.2386071467499929E-002   0.0000000000000000       0.16755024430059373        62.300132219817897        28.584570214510862     
   2.4099999999999926        8.3205242148454792E-003   6.1409254079037745E-002   0.0000000000000000       0.16799047019703464        63.524038082715911        28.728294843630451     
   2.4199999999999924        8.2046104366308523E-003   6.0453454816023933E-002   0.0000000000000000       0.16839184297142210        64.768273922213979        28.874997113120610     
   2.4299999999999922        8.0913187647759736E-003   5.9518138258503973E-002   0.0000000000000000       0.16875372273890624        66.030674389176028        29.020688206175294     
   2.4399999999999920        7.9805774584527298E-003   5.8602784400425961E-002   0.0000000000000000       0.16907548751797882        67.312412585687426        29.166783097570082     
   2.4499999999999917        7.8723170623652763E-003   5.7706888162857080E-002   0.0000000000000000       0.16935653280132434        68.613418119991167        29.313184309224315     
   2.4599999999999915        7.7664703252902784E-003   5.6829958923732361E-002   0.0000000000000000       0.16959627113179759        69.933270310994601        29.460028555794530     
   2.4699999999999913        7.6629721217731043E-003   5.5971520063550231E-002   0.0000000000000000       0.16979413168379265        71.274223206037249        29.606834488546262     
   2.4799999999999911        7.5617593768488259E-003   5.5131108526422466E-002   0.0000000000000000       0.16994955985032209        72.634313708456475        29.754115713634839     
   2.4899999999999909        7.4627709936652478E-003   5.4308274395935927E-002   0.0000000000000000       0.17006201683601851        74.014158211860504        29.901510137727040     
   2.4999999999999907        7.3659477838874813E-003   5.3502580485283530E-002   0.0000000000000000       0.17013097925629622        75.414675513263532        30.049234767437049     
   2.5099999999999905        7.2712324007718704E-003   5.2713601941163445E-002   0.0000000000000000       0.17015593874284651        76.835201940608556        30.197404246184728     
   2.5199999999999902        7.1785692747985607E-003   5.1940925860941699E-002   0.0000000000000000       0.17013640155565865        78.277000929681876        30.345432009943838     
   2.5299999999999900        7.0879045517605365E-003   5.1184150922619631E-002   0.0000000000000000       0.17007188820169172        79.739071732965755        30.493761204744050     
   2.5399999999999898        6.9991860332082097E-003   5.0442887027143189E-002   0.0000000000000000       0.16996193306032173        81.222057197020007        30.642446299216505     
   2.5499999999999896        6.9123631191532172E-003   4.9716754952612921E-002   0.0000000000000000       0.16980608401569258        82.726028156148743        30.791295888456187     
   2.5599999999999894        6.8273867529420546E-003   4.9005386019986788E-002   0.0000000000000000       0.16960390209601345        84.251922116209570        30.939861602611558     
   2.5699999999999892        6.7442093682099124E-003   4.8308421769856488E-002   0.0000000000000000       0.16935496111990883        85.798553633498742        31.089188290223149     
   2.5799999999999890        6.6627848378318852E-003   4.7625513649916393E-002   0.0000000000000000       0.16905884734985019        87.367470166886392        31.238217376228437     
   2.5899999999999888        6.5830684247905761E-003   4.6956322712747307E-002   0.0000000000000000       0.16871515915270144        88.958272801348130        31.387283683540556     
   2.5999999999999885        6.5050167348838514E-003   4.6300519323551108E-002   0.0000000000000000       0.16832350666742316        90.570475141377671        31.536819857341381     
   2.6099999999999883        6.4285876711978425E-003   4.5657782877492045E-002   0.0000000000000000       0.16788351147990627        92.205838199153987        31.686142596714920     
   2.6199999999999881        6.3537403902756565E-003   4.5027801526307108E-002   0.0000000000000000       0.16739480630495962        93.862909536912113        31.835570572089917     
   2.6299999999999879        6.2804352599134311E-003   4.4410271913863368E-002   0.0000000000000000       0.16685703467541793        95.543331866516326        31.984937670344099     
   2.6399999999999877        6.2086338185187310E-003   4.3804898920349680E-002   0.0000000000000000       0.16626985063834837        97.245732310749503        32.134514131240763     
   2.6499999999999875        6.1382987359698341E-003   4.3211395414805467E-002   0.0000000000000000       0.16563291845832012        98.971411880547933        32.284094688031637     
   2.6599999999999873        6.0693937759156626E-003   4.2629482015697953E-002   0.0000000000000000       0.16494591232767386        100.72135590691083        32.435890581162681     
   2.6699999999999871        6.0018837594592233E-003   4.2058886859262318E-002   0.0000000000000000       0.16420851608376685        102.49461638709408        32.582381623913449     
   2.6799999999999868        5.9357345301709512E-003   4.1499345375352117E-002   0.0000000000000000       0.16342042293309089        104.29051819388276        32.732001026032634     
   2.6899999999999866        5.8709129203775865E-003   4.0950600070520739E-002   0.0000000000000000       0.16258133518223594        106.11071966284896        32.881174843875037     
   2.6999999999999864        5.8073867186783342E-003   4.0412400318105349E-002   0.0000000000000000       0.16169096397557778        107.95513400586586        33.030311677191172     
   2.7099999999999862        5.7451246386393323E-003   3.9884502155060168E-002   0.0000000000000000       0.16074902903964955        109.82404933573915        33.179202547791569     
   2.7199999999999860        5.6840962886192427E-003   3.9366668085309038E-002   0.0000000000000000       0.15975525843408417        111.71726300202891        33.328235155714339     
   2.7299999999999858        5.6242721426832624E-003   3.8858666889397327E-002   0.0000000000000000       0.15870938830904383        113.63515113984528        33.476948597307825     
   2.7399999999999856        5.5656235125631616E-003   3.8360273440233648E-002   0.0000000000000000       0.15761116266903111        115.57780960543374        33.625638420736792     
   2.7499999999999853        5.5081225206208466E-003   3.7871268524696543E-002   0.0000000000000000       0.15646033314300853        117.54617556968707        33.774005530215042     
   2.7599999999999851        5.4517420737782854E-003   3.7391438670925724E-002   0.0000000000000000       0.15525665876068512        119.53984159957498        33.921862721600775     
   2.7699999999999849        5.3964558383760679E-003   3.6920575981094161E-002   0.0000000000000000       0.15399990573489961        121.55883659558999        34.070275759679944     
   2.7799999999999847        5.3422382159235256E-003   3.6458477969473498E-002   0.0000000000000000       0.15268984724996970        123.60372268777567        34.218202306107990     
   2.7899999999999845        5.2890643197078093E-003   3.6004947405623933E-002   0.0000000000000000       0.15132626325590579        125.67482056357049        34.365767411347257     
   2.7999999999999843        5.2369099522276957E-003   3.5559792162525285E-002   0.0000000000000000       0.14990894026837231        127.77217917353495        34.513072579983621     
   2.8099999999999841        5.1857515834210438E-003   3.5122825069486545E-002   0.0000000000000000       0.14843767117429765        129.89549087228980        34.660242360357266     
   2.8199999999999839        5.1355663296553519E-003   3.4693863769674059E-002   0.0000000000000000       0.14691225504299948        132.04693301325136        34.807017373727071     
   2.8299999999999836        5.0863319334519914E-003   3.4272730582101431E-002   0.0000000000000000       0.14533249694271444        134.22375198623533        34.953737098768777     
   2.8399999999999834        5.0380267439176134E-003   3.3859252367932496E-002   0.0000000000000000       0.14369820776243719        136.42919934556613        35.099788961490006     
   2.8499999999999832        4.9906296978536194E-003   3.3453260400952110E-002   0.0000000000000000       0.14200920403891890        138.66145668739651        35.245840358860178     
   2.8599999999999830        4.9441203015204403E-003   3.3054590242067070E-002   0.0000000000000000       0.14026530778874022        140.92156094987735        35.391394990466210     
   2.8699999999999828        4.8984786130299267E-003   3.2663081617700519E-002   0.0000000000000000       0.13846634634532504        143.20958241182126        35.536687150373552     
   2.8799999999999826        4.8536852253440064E-003   3.2278578301954047E-002   0.0000000000000000       0.13661215220078177        145.52520948993700        35.681716860979897     
   2.8899999999999824        4.8097212498548472E-003   3.1900928002405099E-002   0.0000000000000000       0.13470256285247048        147.87023493705149        35.826353453940648     
   2.8999999999999821        4.7665683005271948E-003   3.1529982249430100E-002   0.0000000000000000       0.13273742065416189        150.24349988518907        35.970580375423111     
   2.9099999999999819        4.7242084785794431E-003   3.1165596288925915E-002   0.0000000000000000       0.13071657267168627        152.64550790760467        36.114831929850681     
   2.9199999999999817        4.6826243576851695E-003   3.0807628978323742E-002   0.0000000000000000       0.12863987054296244        155.07705528490121        36.257974298767934     
   2.9299999999999815        4.6417989696752064E-003   3.0455942685784349E-002   0.0000000000000000       0.12650717034229797        157.53801479498540        36.400905296469631     
   2.9399999999999813        4.6017157907216515E-003   3.0110403192473580E-002   0.0000000000000000       0.12431833244882304        160.02824586358281        36.543636247755877     
   2.9499999999999811        4.5623587279858884E-003   2.9770879597809358E-002   0.0000000000000000       0.12207322141899885        162.54874936953939        36.685898946001359     
   2.9599999999999809        4.5237121067143752E-003   2.9437244227592904E-002   0.0000000000000000       0.11977170586304448        165.09952974314695        36.827253590240190     
   2.9699999999999807        4.4857606577646519E-003   2.9109372544922393E-002   0.0000000000000000       0.11741365832520577        167.68016349871803        36.969155323542118     
   2.9799999999999804        4.4484895055467884E-003   2.8787143063799963E-002   0.0000000000000000       0.11499895516775753        170.29185625005340        37.110081856553137     
   2.9899999999999802        4.4118841563643924E-003   2.8470437265347183E-002   0.0000000000000000       0.11252747645862460        172.93433495867302        37.250646907380187     
   2.9999999999999800        4.3759304871413413E-003   2.8159139516540362E-002   0.0000000000000000       0.10999910586254034        175.60797764410120        37.390747887763276     
   3.0099999999999798        4.3406147345195203E-003   2.7853136991386720E-002   0.0000000000000000       0.10741373053561937        178.31315707827656        37.530328923380438     
   3.0199999999999796        4.3059234843151406E-003   2.7552319594461649E-002   0.0000000000000000       0.10477124102327484        181.05014126616641        37.669498928288547     
   3.0299999999999794        4.2718436613193092E-003   2.7256579886729498E-002   0.0000000000000000       0.10207153116136236        183.81897912890881        37.808170160584332     
   3.0399999999999792        4.2383625194320016E-003   2.6965813013577398E-002   0.0000000000000000        9.9314497980465682E-002   186.61985218565832        37.946358453800059     
   3.0499999999999790        4.2054676321164461E-003   2.6679916634986655E-002   0.0000000000000000        9.6500041613238816E-002   189.45369508769988        38.084066240415638     
   3.0599999999999787        4.1731468831629195E-003   2.6398790857777864E-002   0.0000000000000000        9.3628065204700003E-002   192.31970508307671        38.221127046457759     
   3.0699999999999785        4.1413884577508409E-003   2.6122338169860055E-002   0.0000000000000000        9.0698474825401193E-002   195.21877991971212        38.358056838021156     
   3.0799999999999783        4.1101808337984389E-003   2.5850463376419539E-002   0.0000000000000000        8.7711179387390009E-002   198.15129923241531        38.494240558330340     
   3.0899999999999781        4.0795127735902001E-003   2.5583073537990497E-002   0.0000000000000000        8.4666090562864699E-002   201.11741668061941        38.629992430411114     
   3.0999999999999779        4.0493733156718873E-003   2.5320077910342104E-002   0.0000000000000000        8.1563122705454932E-002   204.11718282975266        38.765210199013957     
   3.1099999999999777        4.0197517670040282E-003   2.5061387886130562E-002   0.0000000000000000        7.8402192774041132E-002   207.15130681539884        38.899865099006682     
   3.1199999999999775        3.9906376953640077E-003   2.4806916938250680E-002   0.0000000000000000        7.5183220259036107E-002   210.21936018256639        39.034088296723624     
   3.1299999999999772        3.9620209219899376E-003   2.4556580564848208E-002   0.0000000000000000        7.1906127111053236E-002   213.32175869301895        39.167801223540685     
   3.1399999999999770        3.9338915144554619E-003   2.4310296235923661E-002   0.0000000000000000        6.8570837671883642E-002   216.45939003443121        39.300820076825715     
   3.1499999999999768        3.9062397797693790E-003   2.4067983341490403E-002   0.0000000000000000        6.5177278607713260E-002   219.63318617868191        39.433456188524111     
   3.1599999999999766        3.8790562576912439E-003   2.3829563141231584E-002   0.0000000000000000        6.1725378844507593E-002   222.84060093421746        39.565067884369732     
   3.1699999999999764        3.8523317142559093E-003   2.3594958715610386E-002   0.0000000000000000        5.8215069505495029E-002   226.08349356894618        39.697165676206048     
   3.1799999999999762        3.8260571354997476E-003   2.3364094918389953E-002   0.0000000000000000        5.4646283850682348E-002   229.36337600333655        39.828127631175796     
   3.1899999999999760        3.8002237213817631E-003   2.3136898330517453E-002   0.0000000000000000        5.1018957218336818E-002   232.67948048540134        39.958555192407253     
   3.1999999999999758        3.7748228798920908E-003   2.2913297215327536E-002   0.0000000000000000        4.7333026968369635E-002   236.03179179840080        40.088412819510268     
   3.2099999999999755        3.7498462213432070E-003   2.2693221475029710E-002   0.0000000000000000        4.3588432427564744E-002   239.42083092990723        40.217782854113779     
   3.2199999999999753        3.7252855528355769E-003   2.2476602608435037E-002   0.0000000000000000        3.9785114836585041E-002   242.84683527326732        40.346540125975118     
   3.2299999999999751        3.7011328728935927E-003   2.2263373669887190E-002   0.0000000000000000        3.5923017298700059E-002   246.30998290995524        40.474795554538623     
   3.2399999999999749        3.6773803662645066E-003   2.2053469229355003E-002   0.0000000000000000        3.2002084730188014E-002   249.81071213869635        40.602499594249593     
   3.2499999999999747        3.6540203988765312E-003   2.1846825333660492E-002   0.0000000000000000        2.8022263812339722E-002   253.34948242531652        40.729621718847682     
   3.2599999999999745        3.6310455129490689E-003   2.1643379468797470E-002   0.0000000000000000        2.3983502945025725E-002   256.92600556226716        40.856306472954358     
   3.2699999999999743        3.6084484222511375E-003   2.1443070523312895E-002   0.0000000000000000        1.9885752201767675E-002   260.54122870355872        40.982216483990122     
   3.2799999999999740        3.5862220075026947E-003   2.1245838752718436E-002   0.0000000000000000        1.5728963286264407E-002   264.19457028643245        41.107701101100488     
   3.2899999999999738        3.5643593119138303E-003   2.1051625744897079E-002   0.0000000000000000        1.1513089490328601E-002   267.88716232342483        41.232612213912269     
   3.2999999999999736        3.5428535368576906E-003   2.0860374386479898E-002   0.0000000000000000        7.2380856531767124E-003   271.61884421750563        41.356969943355139     
   3.3099999999999734        3.5216980376725398E-003   2.0672028830158447E-002   0.0000000000000000        2.9039081220376896E-003   275.38965320764515        41.480751720439024     
   3.3199999999999732        3.5008863195883076E-003   2.0486534462906884E-002   0.0000000000000000        0.0000000000000000        279.20064688333912        41.603954650198482     
   3.3299999999999730        3.4804120337743067E-003   2.0303837875086779E-002   0.0000000000000000        0.0000000000000000        283.05148779103246        41.726599156982822     
   3.3399999999999728        3.4602689735036044E-003   2.0123886830407441E-002   0.0000000000000000        0.0000000000000000        286.94249846590867        41.848721094885313     
   3.3499999999999726        3.4404510704299060E-003   1.9946630236713864E-002   0.0000000000000000        0.0000000000000000        290.87398468244567        41.970241154593609     
   3.3599999999999723        3.4209523909745293E-003   1.9772018117581981E-002   0.0000000000000000        0.0000000000000000        294.84550339302831        42.091426396581802     
   3.3699999999999721        3.4017671328182885E-003   1.9600001584692033E-002   0.0000000000000000        0.0000000000000000        298.85955647558865        42.211603435893871     
   3.3799999999999719        3.3828896214961150E-003   1.9430532810960334E-002   0.0000000000000000        0.0000000000000000        302.91418308596525        42.331456230439386     
   3.3899999999999717        3.3643143070907263E-003   1.9263565004406673E-002   0.0000000000000000        0.0000000000000000        307.01039182428377        42.450715322450499     
   3.3999999999999715        3.3460357610215507E-003   1.9099052382731321E-002   0.0000000000000000        0.0000000000000000        311.14859856124230        42.569413877098143     
   3.4099999999999713        3.3280486729270644E-003   1.8936950148587255E-002   0.0000000000000000        0.0000000000000000        315.32837354188860        42.687522012911749     
   3.4199999999999711        3.3103478476363885E-003   1.8777214465520685E-002   0.0000000000000000        0.0000000000000000        319.55139808163221        42.805130722107400     
   3.4299999999999708        3.2929282022279784E-003   1.8619802434564684E-002   0.0000000000000000        0.0000000000000000        323.81670288680959        42.922150634570592     
   3.4399999999999706        3.2757847631722055E-003   1.8464672071462820E-002   0.0000000000000000        0.0000000000000000        328.12501197329397        43.038597837920129     
   3.4499999999999704        3.2589126635559702E-003   1.8311782284509848E-002   0.0000000000000000        0.0000000000000000        332.47632954729681        43.154497192049931     
   3.4599999999999702        3.2423071403851057E-003   1.8161092852982501E-002   0.0000000000000000        0.0000000000000000        336.87096221864323        43.269822341340593     
   3.4699999999999700        3.2259635319644977E-003   1.8012564406153387E-002   0.0000000000000000        0.0000000000000000        341.31020090854520        43.384580835743122     
   3.4799999999999698        3.2098772753510470E-003   1.7866158402863302E-002   0.0000000000000000        0.0000000000000000        345.79286918753849        43.498784555458322     
   3.4899999999999696        3.1940439038789389E-003   1.7721837111638349E-002   0.0000000000000000        0.0000000000000000        350.32019343800937        43.612419320914121     
   3.4999999999999694        3.1784590447540666E-003   1.7579563591336944E-002   0.0000000000000000        0.0000000000000000        354.89173888289730        43.725498563339016     
   3.5099999999999691        3.1631184167158120E-003   1.7439301672309688E-002   0.0000000000000000        0.0000000000000000        359.50839835215106        43.838022841328900     
   3.5199999999999689        3.1480178277641115E-003   1.7301015938058453E-002   0.0000000000000000        0.0000000000000000        364.16985663089770        43.949993324539136     
   3.5299999999999687        3.1331531729491668E-003   1.7164671707378443E-002   0.0000000000000000        0.0000000000000000        368.87699970745649        44.061401106422274     
   3.5399999999999685        3.1185204322230070E-003   1.7030235016972105E-002   0.0000000000000000        0.0000000000000000        373.62954571987052        44.172263263865560     
   3.5499999999999683        3.1041156683498505E-003   1.6897672604519198E-002   0.0000000000000000        0.0000000000000000        378.42818286585504        44.282564192973034     
   3.5599999999999681        3.0899350248742947E-003   1.6766951892190692E-002   0.0000000000000000        0.0000000000000000        383.27231229347132        44.392410141732306     
   3.5699999999999679        3.0759747241452004E-003   1.6638040970593272E-002   0.0000000000000000        0.0000000000000000        388.16419244838971        44.501508540427871     
   3.5799999999999677        3.0622310653930368E-003   1.6510908583131985E-002   0.0000000000000000        0.0000000000000000        393.10223659231127        44.610155120581268     
   3.5899999999999674        3.0487004228605804E-003   1.6385524110781889E-002   0.0000000000000000        0.0000000000000000        398.08722133167475        44.718235065387631     
   3.5999999999999672        3.0353792439836852E-003   1.6261857557252280E-002   0.0000000000000000        0.0000000000000000        403.11951558770045        44.825783150186531     
   3.6099999999999670        3.0222640476213741E-003   1.6139879534536015E-002   0.0000000000000000        0.0000000000000000        408.19918726269714        44.932793883884401     
   3.6199999999999668        3.0093514223342023E-003   1.6019561248832546E-002   0.0000000000000000        0.0000000000000000        413.32702284947680        45.039234941865757     
   3.6299999999999666        2.9966380247082014E-003   1.5900874486832289E-002   0.0000000000000000        0.0000000000000000                            NaN                       NaN
   3.6399999999999664        2.9841205777244866E-003   1.5783791602354071E-002   0.0000000000000000        0.0000000000000000                            NaN                       NaN
   3.6499999999999662        2.9717958691717512E-003   1.5668285503323925E-002   0.0000000000000000        0.0000000000000000                            NaN                       NaN
   3.6599999999999659        2.9596607501019626E-003   1.5554329639090137E-002   0.0000000000000000        0.0000000000000000                            NaN                       NaN
   3.6699999999999657        2.9477121333261634E-003   1.5441897988056999E-002   0.0000000000000000        0.0000000000000000                            NaN                       NaN
   3.6799999999999655        2.9359469919505647E-003   1.5330965045635749E-002   0.0000000000000000        0.0000000000000000                            NaN                       NaN
   3.6899999999999653        2.9243623579515861E-003   1.5221505812502967E-002   0.0000000000000000        0.0000000000000000                            NaN                       NaN
   3.6999999999999651        2.9129553207875715E-003   1.5113495783151515E-002   0.0000000000000000        0.0000000000000000                            NaN                       NaN
   3.7099999999999649        2.9017230260476182E-003   1.5006910934734290E-002   0.0000000000000000        0.0000000000000000                            NaN                       NaN
   3.7199999999999647        2.8906626741357091E-003   1.4901727716189337E-002   0.0000000000000000        0.0000000000000000                            NaN                       NaN
   3.7299999999999645        2.8797715189886565E-003   1.4797923037633932E-002   0.0000000000000000        0.0000000000000000                            NaN                       NaN
   3.7399999999999642        2.8690468668279108E-003   1.4695474260030433E-002   0.0000000000000000        0.0000000000000000                            NaN                       NaN
   3.7499999999999640        2.8584860749433076E-003   1.4594359185104324E-002   0.0000000000000000        0.0000000000000000                            NaN                       NaN
   3.7599999999999638        2.8480865505083578E-003   1.4494556045519120E-002   0.0000000000000000        0.0000000000000000                            NaN                       NaN
   3.7699999999999636        2.8378457494262657E-003   1.4396043495292613E-002   0.0000000000000000        0.0000000000000000                            NaN                       NaN
   3.7799999999999634        2.8277611752051414E-003   1.4298800600451054E-002   0.0000000000000000        0.0000000000000000                            NaN                       NaN
   3.7899999999999632        2.8178303778624049E-003   1.4202806829916370E-002   0.0000000000000000        0.0000000000000000                            NaN                       NaN
   3.7999999999999630        2.8080509528566272E-003   1.4108042046616941E-002   0.0000000000000000        0.0000000000000000                            NaN                       NaN
   3.8099999999999627        2.7984205400471995E-003   1.4014486498817825E-002   0.0000000000000000        0.0000000000000000                            NaN                       NaN
   3.8199999999999625        2.7889368226796736E-003   1.3922120811663984E-002   0.0000000000000000        0.0000000000000000                            NaN                       NaN
   3.8299999999999623        2.7795975263972227E-003   1.3830925978931234E-002   0.0000000000000000        0.0000000000000000                            NaN                       NaN
   3.8399999999999621        2.7704004182768508E-003   1.3740883354978124E-002   0.0000000000000000        0.0000000000000000                            NaN                       NaN
   3.8499999999999619        2.7613433058897357E-003   1.3651974646895569E-002   0.0000000000000000        0.0000000000000000                            NaN                       NaN
   3.8599999999999617        2.7524240363850090E-003   1.3564181906845125E-002   0.0000000000000000        0.0000000000000000                            NaN                       NaN
   3.8699999999999615        2.7436404955968625E-003   1.3477487524585826E-002   0.0000000000000000        0.0000000000000000                            NaN                       NaN
   3.8799999999999613        2.7349906071732519E-003   1.3391874220180861E-002   0.0000000000000000        0.0000000000000000                            NaN                       NaN
   3.8899999999999610        2.7264723317264555E-003   1.3307325036879690E-002   0.0000000000000000        0.0000000000000000                            NaN                       NaN
   3.8999999999999608        2.7180836660049830E-003   1.3223823334173362E-002   0.0000000000000000        0.0000000000000000                            NaN                       NaN
   3.9099999999999606        2.7098226420851244E-003   1.3141352781015001E-002   0.0000000000000000        0.0000000000000000                            NaN                       NaN
   3.9199999999999604        2.7016873265832417E-003   1.3059897349204600E-002   0.0000000000000000        0.0000000000000000                            NaN                       NaN
   3.9299999999999602        2.6936758198865848E-003   1.2979441306931218E-002   0.0000000000000000        0.0000000000000000                            NaN                       NaN
   3.9399999999999600        2.6857862554032852E-003   1.2899969212467636E-002   0.0000000000000000        0.0000000000000000                            NaN                       NaN
   3.9499999999999598        2.6780167988307299E-003   1.2821465908019903E-002   0.0000000000000000        0.0000000000000000                            NaN                       NaN
   3.9599999999999596        2.6703656474413285E-003   1.2743916513716948E-002   0.0000000000000000        0.0000000000000000                            NaN                       NaN
   3.9699999999999593        2.6628310293855548E-003   1.2667306421746769E-002   0.0000000000000000        0.0000000000000000                            NaN                       NaN
   3.9799999999999591        2.6554112030124284E-003   1.2591621290630097E-002   0.0000000000000000        0.0000000000000000                            NaN                       NaN
   3.9899999999999589        2.6481044562053544E-003   1.2516847039628453E-002   0.0000000000000000        0.0000000000000000                            NaN                       NaN
   3.9999999999999587        2.6409091057347069E-003   1.2442969843284508E-002   0.0000000000000000        0.0000000000000000                            NaN                       NaN
