   0.0000000000000000        0.0000000000000000        0.0000000000000000        0.0000000000000000        0.0000000000000000        0.0000000000000000        0.0000000000000000     
   5.0000000000000001E-003   0.0000000000000000        0.0000000000000000        0.0000000000000000        0.0000000000000000        0.0000000000000000        0.0000000000000000     
   1.0000000000000000E-002  0.13685325428731351       0.18533630768632478        0.0000000000000000        0.0000000000000000        0.0000000000000000        0.0000000000000000     
   1.4999999999999999E-002   7.2009318531472086        6.7278563072319386        0.0000000000000000        0.0000000000000000        0.0000000000000000        0.0000000000000000     
   2.0000000000000000E-002   15.060695908055850        13.171086108458198        0.0000000000000000        0.0000000000000000        0.0000000000000000        0.0000000000000000     
   2.5000000000000001E-002   22.564814092618594        19.380011889549422        0.0000000000000000        0.0000000000000000        0.0000000000000000        0.0000000000000000     
   3.0000000000000002E-002   29.541749509507216        25.222965254837600        0.0000000000000000        0.0000000000000000        0.0000000000000000        0.0000000000000000     
   3.5000000000000003E-002   35.859997005496346        30.576905307053877        6.5133286690581028E-004   0.0000000000000000        0.0000000000000000        0.0000000000000000     
   4.0000000000000001E-002   43.129685792938758        36.755073795781882        1.3303252877199399E-003   0.0000000000000000        0.0000000000000000        0.0000000000000000     
   4.4999999999999998E-002   50.697511338358986        43.118762020709241        2.0340170644729478E-003   3.5627945888473414E-002   0.0000000000000000        0.0000000000000000     
   4.9999999999999996E-002   57.321572258741490        48.626702485773905        2.7625969083154701E-003  0.31907686698264631        0.0000000000000000        0.0000000000000000     
   5.4999999999999993E-002   62.939629596679460        53.200574043299078        3.5144664438943071E-003  0.60627891422372759        0.0000000000000000        0.0000000000000000     
   5.9999999999999991E-002   67.531283506155987        56.815317325034577        4.2861713775436926E-003  0.89768235689750131        0.0000000000000000        0.0000000000000000     
   6.4999999999999988E-002   71.112626418178451        59.494236672719111        5.0723667077347918E-003   1.1937654157977453        0.0000000000000000        0.0000000000000000     
   6.9999999999999993E-002   73.727887648377489        61.297698489370049        5.8658202911175987E-003   1.4950355512996214        0.0000000000000000        0.0000000000000000     
   7.4999999999999997E-002   75.440225105895010        62.309278872859025        6.6574593713251036E-003   1.8020286655856190        0.0000000000000000        0.0000000000000000     
   8.0000000000000002E-002   76.323723377712469        62.623022240505605        7.4364648303665596E-003   2.1153081942722638        0.0000000000000000        0.0000000000000000     
   8.5000000000000006E-002   76.457610135040554        62.333938581432697        8.1904179001020660E-003   2.4354640568054666        0.0000000000000000        0.0000000000000000     
   9.0000000000000011E-002   75.922608654744323        61.532162180669829        8.9055038413753777E-003   2.7631114284687803        0.0000000000000000        0.0000000000000000     
   9.5000000000000015E-002   74.798800517398192        60.300120903696495        9.5667766306330483E-003   3.0988892896499696        0.0000000000000000        0.0000000000000000     
  0.10000000000000002        73.164356961512354        58.711722802492226        1.0158487961642926E-002   3.4434587002545904        0.0000000000000000        0.0000000000000000     
  0.10500000000000002        71.094709273011006        56.832673245485211        1.0664482851667748E-002   3.7975007388694513        0.0000000000000000        0.0000000000000000     
  0.11000000000000003        68.661936895029939        54.721295130953834        1.1068662822183516E-002   4.1617140376108335        0.0000000000000000        0.0000000000000000     
  0.11500000000000003        65.934279846780242        52.429471418706463        1.1355515997208758E-002   4.5368118346712931        0.0000000000000000        0.0000000000000000     
  0.12000000000000004        62.975741411709144        50.003509547428223        1.2117083739329380E-002   4.9235184576425750        0.0000000000000000        0.0000000000000000     
  0.12500000000000003        59.845769091306650        47.484842673913910        2.1794976385134140E-002   5.3225651419780950        0.0000000000000000        0.0000000000000000     
  0.13000000000000003        56.599008535472940        44.910550324452558        3.1782040705999201E-002   5.7346850808216479        0.0000000000000000        0.0000000000000000     
  0.13500000000000004        53.285127093057504        42.313717486152932        4.2016215707477073E-002   6.1606075952911530        0.0000000000000000        0.0000000000000000     
  0.14000000000000004        49.948704575645365        39.723668127249219        5.2429744166390777E-002   6.6010513086402440        0.0000000000000000        0.0000000000000000     
  0.14500000000000005        46.629189666701862        37.166114178132815        6.2950529182054585E-002   7.0567162041567162        0.0000000000000000        0.0000000000000000     
  0.15000000000000005        43.360921018555558        34.663258920214759        7.3503726352499452E-002   7.5282744458834072        0.0000000000000000        0.0000000000000000     
  0.15500000000000005        40.173212167314020        32.233887642752592        8.4013531086512383E-002   8.0163598440428476        0.0000000000000000        0.0000000000000000     
  0.16000000000000006        37.090498790619044        29.893470453183120        9.4405109040223825E-002   8.5215558543117194        1.4073767004632083E-004   2.5844210942575717E-003
  0.16500000000000006        34.132545560640480        27.654293717695133       0.10460660782398794        9.0443820127958805        1.3170593915949602E-003   2.3205800752022273E-002
  0.17000000000000007        31.314708093999052        25.525628741403370       0.11455118056158013        9.5852787277234537        3.8321295602513623E-003   6.4608317730178250E-002
  0.17500000000000007        28.648243552187417        23.513939577532589       0.12417894709256205        10.144590375510770        8.2488070600020696E-003  0.13296690318192289     
  0.18000000000000008        26.140661597774820        21.623126597321217       0.13343881689405021        10.722904456655668        1.5224432209792950E-002  0.23460428244702988     
  0.18500000000000008        23.796105918437735        19.854798747885525       0.14229009930340741        11.322197649886414        2.5520456890736700E-002  0.37597428597051158     
  0.19000000000000009        21.615755570972762        18.208565202341951       0.15070383129554216        11.941042769319338        4.0016184979141840E-002  0.56369973073773183     
  0.19500000000000009        19.598235059896844        16.682336185178883       0.15866376069126592        12.579332584741369        5.9747871297513681E-002  0.80497343877559113     
  0.20000000000000009        17.740022354398477        15.272622894516108       0.16616693292175164        13.236761847494307        8.5890895545889245E-002   1.1069431307729407     
  0.20500000000000010        16.035844898729831        13.974827375344127       0.17325455531320008        13.912801327647975       0.11980674572981376        1.4772248442455009     
  0.21000000000000010        14.479054972169692        12.783514661852875       0.17997471708847357        14.606671333900547       0.16304695523364618        1.9235907544805859     
  0.21500000000000011        13.061977366938514        11.692661264238540       0.18634630782299949        15.317315230673946       0.21740516305348787        2.4544225764147773     
  0.22000000000000011        11.776224131006487        10.695875924256978       0.19238957699608034        16.043373576070266       0.28491972341758665        3.0782928942423324     
  0.22500000000000012        10.612972931970784        9.7865903457482766       0.19812544911045896        16.783159615105170       0.36783095951943789        3.8033972372387348     
  0.23000000000000012        9.5632073226462069        8.9582192073845235       0.20357479779979282        17.534636970736454       0.46792306352179314        4.6329371099584229     
  0.23500000000000013        8.6179187397322536        8.2042901130087333       0.20875767411823878        18.295400474621864       0.59059275149594204        5.5946322266871711     
  0.24000000000000013        7.7682713835136452        7.5185451949257835       0.21369248542475497        19.062661164375250       0.73645787848046884        6.6787662955748681     
  0.24500000000000013        7.0057321761972302        6.8950168521044057       0.21839512757142915        19.833236536755727       0.90974213696063555        7.8993522006872459     
  0.25000000000000011        6.3221687705749883        6.3280805956596948       0.22287808801474948        20.603547178785899        1.1118905105314560        9.2511374550433398     
  0.25500000000000012        5.7099190901746351        5.8124882206291435       0.22714956586179966        21.369620894148575        1.3524381148716667        10.775512873404416     
  0.26000000000000012        5.1618361522175897        5.3433845670543576       0.23121270260948709        22.127105391500866        1.6290463326627087        12.440393613307245     
  0.26500000000000012        4.6713119900988920        4.9163110191485391       0.23506508908567941        22.871290499224155        1.9467695530284657        14.258096708306450     
  0.27000000000000013        4.2322843919617865        4.5271986624171596       0.23869880704673194        23.597140711167693        2.3090858871245059        16.233146214395891     
  0.27500000000000013        3.8392299463685959        4.1723537147723331       0.24210135324166329        24.299338647877828        2.7150885130117839        18.332365264852420     
  0.28000000000000014        3.4871465731734728        3.8484375031370885       0.24525780644738146        24.972339736959718        3.1687115184006749        20.571788271938836     
  0.28500000000000014        3.1715283515844814        3.5524428995470965       0.24815438302808743        25.610438078227464        3.6642077802952424        22.908163908355473     
  0.29000000000000015        2.8883350669870165        3.2816687815605334       0.25078287973435393        26.207843070452160        4.2141734990821256        25.381435556326789     
  0.29500000000000015        2.6339585066307740        3.0336937559778789       0.25314441152063299        26.758765948742248        4.8030890124463221        27.914554367382664     
  0.30000000000000016        2.4051871593558434        2.8063500921532922       0.25525012505596423        27.257514929923694        5.4331460154916220        30.508508917732286     
  0.30500000000000016        2.1991706285030106        2.5976985567477642       0.25711804846922082        27.698597206079292        6.1012511869216217        33.143918349709807     
  0.31000000000000016        2.0133847577854085        2.4060046273006481       0.25876885610653849        28.076825587385638        6.7996026866863213        35.786453785006799     
  0.31500000000000017        1.8455982011351804        2.2297163865239318       0.26022376826966620        28.387427196343818        7.5378606447688732        38.461679417369446     
  0.32000000000000017        1.6938409403071573        2.0674442599982057        2.1052160240070843        28.626151284161853        8.3000624337764730        41.113435062066181     
  0.32500000000000018        1.5563750669995258        1.9179426531081014        2.0653579573382137        28.789372998441838        9.0830961011626936        43.728541088947651     
  0.33000000000000018        1.4316679965583539        1.7800934641824386        2.0278574117341810        28.874189801725962        9.8950843649743199        46.327930186654868     
  0.33500000000000019        1.3183681641173521        1.6528913953527142        1.9926670997064522        28.878507240900550        10.721383952868035        48.864222897805895     
  0.34000000000000019        1.2152831669411577        1.5354309462317364        1.9597190592666445        28.801110908198307        11.563020603600357        51.339650143287152     
  0.34500000000000020        1.1213602543170331        1.4268949541228060        1.9288867690181448        28.641721720590670        12.416712706811206        53.741550408671976     
  0.35000000000000020        1.0356690242426230        1.3265445345529419        1.8998305440359058        28.401032071683463        13.280344646172832        56.065356342308370     
  0.35500000000000020       0.95738616037217195        1.2337102744564585        1.8717931606081992        28.080720966574223        14.150284729593560        58.297028500103004     
  0.36000000000000021       0.88578202962257679        1.1477845348145628        1.8435742213661366        27.683446914101506        15.024931330473354        60.435172674734154     
  0.36500000000000021       0.82020895739544308        1.0682147279711109        1.8137435901829293        27.212818096224812        15.900216387486871        62.467827294899159     
  0.37000000000000022       0.76009100092195692       0.99449744562503695        1.7809581158561512        26.673340125270805        16.778674293436197        64.400607276942708     
  0.37500000000000022       0.70491504963312046       0.92617332545979447        1.7442337029609669        26.070342500139994        17.654156217438572        66.221721772787660     
  0.38000000000000023       0.65422309297835091       0.86282255664442031        1.7030971553497236        25.409885642228843        18.525731258404786        67.927740648142233     
  0.38500000000000023       0.60760550942196168       0.80406093642696774        1.6576071532834302        24.698651093239704        19.393119390518820        69.521760067057812     
  0.39000000000000024       0.56469524442728525       0.74953640134223409        1.6082721795357882        23.943818054461904        20.253472057147004        70.996628258824828     
  0.39500000000000024       0.52516275935440970       0.69892596693585618        1.5559096445282008        23.152929912234782        21.108740579953977        72.361058612318359     
  0.40000000000000024       0.48871164683379681       0.65193301924744729        1.5014904159618336        22.333754705077904        21.955275845427472        73.609669398649345     
  0.40500000000000025       0.45507482099553243       0.60828490956326353        1.4460020630260377        21.494143631454573        22.793637641943253        74.745139663585206     
  0.41000000000000025       0.42401120273063009       0.56773081116951718        1.3903488556793206        20.641891670447876        23.622682109165005        75.765678997477082     
  0.41500000000000026       0.39530283083691253       0.53003980307348264        1.3352926257777682        19.784604195913346        24.443437376201103        76.685545455295298     
  0.42000000000000026       0.36875233943289193       0.49499915099603253        1.2814292199221684        18.929573123744532        25.255160877348146        77.497014273374063     
  0.42500000000000027       0.34418075043554330       0.46241276047113816        1.2291909635094851        18.083665662479092        26.056968269374202        78.206227386779943     
  0.43000000000000027       0.32142553725376616       0.43209978071330918        1.1788651034709752        17.253228168714198        26.850200521134521        78.819170641212480     
  0.43500000000000028       0.30033892223036163       0.40389334112710418        1.1306198935491996        16.444006970764718        27.634863945455642        79.340011088310462     
  0.44000000000000028       0.28078637586448429       0.37763940502228061        1.0845324092908988        15.661087351447218        28.410292918082298        79.770715335651246     
  0.44500000000000028       0.26264529055979108       0.35319572734391652        1.0406144646694482        14.908851204743179        29.180390755629848        80.121495494945222     
  0.45000000000000029       0.24580380566502974       0.33043090509949419       0.99883477522457498        14.190953232958417        29.936568291134659        80.382196445341009     
  0.45500000000000029       0.23015976399317609       0.30922351072674203       0.95913671519976862        13.510314956904972        30.687305792032355        80.570429945056119     
  0.46000000000000030       0.21561978290449182       0.28946129994946163       0.92145174007739028        12.869135293073915        31.431207097791816        80.688632884254659     
  0.46500000000000030       0.20209842549261037       0.27104048675901787       0.88570892552420266        12.268916024429693        32.167742916493488        80.738905809712008     
  0.47000000000000031       0.18951745948677412       0.25386507907396422       0.85184123226654007        11.710500165630304        32.900070538546863        80.731212145414062     
  0.47500000000000031       0.17780519323568186       0.23784626940100295       0.81978913645564211        11.194121002145900        33.624002605121213        80.661198972017559     
  0.48000000000000032       0.16689587961903299       0.22290187547286189       0.78950222840692719        10.719459465314737        34.342864491821821        80.538060734963778     
  0.48500000000000032       0.15672917998492558       0.20895582639399757       0.76093931622622701        10.285707484831121        35.059314297279847        80.370550966161005     
  0.49000000000000032       0.14724968127145432       0.19593769030063873       0.73406749486680789        9.8916350268830744        35.765905059669734        80.145800876306140     
  0.49500000000000033       0.13840646037012933       0.18378223995153922       0.70886056536259112        9.5356586670265830        36.472584852044243        79.888656436847285     
  0.50000000000000033       0.13015269055330364       0.17242905302142147       0.68529711730116305        9.2159097475093930        37.172531602467053        79.586466637170446     
  0.50500000000000034       0.12244528543959551       0.16182214417963467       0.66335852147429675        8.9303004134685384        37.869270093356050        79.247796006486695     
  0.51000000000000034       0.11524457652847844       0.15190962630941923       0.64302701933023476        8.6765860961346046        38.564878003338698        78.884915498494323     
  0.51500000000000035       0.10851402081321734       0.14264339846445057       0.62428404164532103        8.4524232992591291        39.258742476755181        78.492259895946958     
  0.52000000000000035       0.10221993539269342       0.13397885837389806       0.60710884099498663        8.2554218343292245        39.950184183635479        78.075080650080963     
  0.52500000000000036        9.6331256357941097E-002  0.12587463749888192       0.59147748162335845        8.0831909295676851        40.634712664684265        77.622678963327417     
  0.53000000000000036        9.0819319537203985E-002  0.11829235681539660       0.57736219643355358        7.9333788979625117        41.321379003333888        77.158195478465132     
  0.53500000000000036        8.5657660951180020E-002  0.11119640165387724       0.56473109423810075        7.8037062834749635        42.005718972625480        76.673397286079279     
  0.54000000000000037        8.0821835063966452E-002  0.10455371406594492       0.55354818102240033        7.6919926074957878        42.686783360417458        76.166804994489496     
  0.54500000000000037        7.6289249119995600E-002   9.8333601316212688E-002  0.54377364608223810        7.5961770063483982        43.373089512139906        75.660251008796820     
  0.55000000000000038        7.2039012037197189E-002   9.2507559212829688E-002  0.53536435669848292        7.5143331843842747        44.056543149699138        75.135804475141541     
  0.55500000000000038        6.8051796485211313E-002   8.7049109096055358E-002  0.52827450276019083        7.4446792062568843        44.738108391570229        74.598055805077436     
  0.56000000000000039        6.4309712917623829E-002   8.1933647400510012E-002  0.52245633349557929        7.3855827182975125        45.418671073092654        74.048427764489588     
  0.56500000000000039        6.0796194451427969E-002   7.7138306794953371E-002  0.51786093210607798        7.3355622251751633        46.103492905789714        73.502439210875636     
  0.57000000000000040        5.7495891597246995E-002   7.2641827984097671E-002  0.51443897859119281        7.2932850578212305        46.787078397179187        72.945000955231961     
  0.57500000000000040        5.4394575942101092E-002   6.8424441330945163E-002  0.51214145626725260        7.2575626559674253        47.470863371009735        72.384113989025423     
  0.58000000000000040        5.1479051974165295E-002   6.4467757525946801E-002  0.51092026282787628        7.2273437576192805        48.149181113837429        71.809724007318508     
  0.58500000000000041        4.8737076317301307E-002   6.0754666591483639E-002  0.51072869213429339        7.2017060428204998        48.842583747351966        71.254565673108871     
  0.59000000000000041        4.6157283713315088E-002   5.7269244567324469E-002  0.51152175876886885        7.1798467240208357        49.528428335350291        70.685114055087880     
  0.59500000000000042        4.3729119152787828E-002   5.3996667275133553E-002  0.51325634466058201        7.1610725141319520        50.220135289796637        70.122806656303453     
  0.60000000000000042        4.1442775611834119E-002   5.0923130608310427E-002  0.51589115672004282        7.1447893392348112        50.910263916485675        69.555314994948191     
  0.60500000000000043        3.9289136902923363E-002   4.8035776837681406E-002  0.51938649748008936        7.1304920988146048        51.604294385047638        68.993028212540992     
  0.61000000000000043        3.9061415893622775E-002   4.7514198673736623E-002  0.52370386771099442        7.1177547146944642        52.297856282005029        68.428852812876272     
  0.61500000000000044        3.7470165896768888E-002   4.5342150785526121E-002  0.52880544033478671        7.1062206523582994        52.998365992335032        67.875546427202778     
  0.62000000000000044        3.5959814276616667E-002   4.3284651736122629E-002  0.53465346629787780        7.0955940464344609        53.698824374617992        67.322086069893928     
  0.62500000000000044        3.4525626516546032E-002   4.1334992375456535E-002  0.54120969156542764        7.0856315165956127        54.402526124171516        66.773065970084531     
  0.63000000000000045        3.3163177304281227E-002   3.9486890269717981E-002  0.54843487470158536        7.0761347214191037        55.107140183997053        66.226268945754484     
  0.63500000000000045        3.1868328434963726E-002   3.7734460692986395E-002  0.55628849150477611        7.0669436659016602        55.817894400469015        65.689413590719738     
  0.64000000000000046        3.0637208419195379E-002   3.6072189700431613E-002  0.56472869371816548        7.0579307530591722        56.529560513812513        65.153109828910189     
  0.64500000000000046        2.9466193655359761E-002   3.4494909127099890E-002  0.57371255378769204        7.0489955508895346        57.247582107321634        64.627464805244145     
  0.65000000000000047        2.8351891037885529E-002   3.2997773368408714E-002  0.58319658263958685        7.0400602322553487        57.966571801630579        64.103627560041133     
  0.65500000000000047        2.7291121884295191E-002   3.1576237809578328E-002  0.59313746207217943        7.0310656362527846        58.691320878899560        63.588651525177411     
  0.66000000000000048        2.6280907074039010E-002   3.0226038781473511E-002  0.60349289821774477        7.0219678945208353        59.459406969703956        63.129540777740601     
  0.66500000000000048        2.5318453301340402E-002   2.8943174929766117E-002  0.61422248597591167        7.0127355640193398        60.151455050047154        62.577691723933761     
  0.67000000000000048        2.4401140352656881E-002   2.7723889893014515E-002  0.62528847931071740        7.0033472082722215        60.889581898749142        62.084373903572931     
  0.67500000000000049        2.3526509326984149E-002   2.6564656193255945E-002  0.63665638594577256        6.9937893713258630        61.631455618095053        61.595598935964752     
  0.68000000000000049        2.2692251724158695E-002   2.5462160250078192E-002  0.64829533972173714        6.9840548921662284        62.378714507474342        61.114474011965925     
  0.68500000000000050        2.1896199332637697E-002   2.4413288435936188E-002  0.66017824071922759        6.9741415115630145        63.130811647265972        60.640421069587930     
  0.69000000000000050        2.1136314853973350E-002   2.3415114096730874E-002  0.67228168434286595        6.9640507279593482        63.890014129865676        60.176532700228627     
  0.69500000000000051        2.0410683206446702E-002   2.2464885467435834E-002  0.68458572143248986        6.9537868638022804        64.655126502075873        59.718624275948251     
  0.70000000000000051        1.9717503455102054E-002   2.1560014417884053E-002  0.69707350099006538        6.9433563083586716        65.425397795251115        59.267053740194491     
  0.70500000000000052        1.9055081319778788E-002   2.0698065968710173E-002  0.70973084692845045        6.9327669075493032        66.201500641629011        58.822562596214340     
  0.71000000000000052        1.8421822216721933E-002   1.9876748521985951E-002  0.72254581346999713        6.9220274754465976        66.986023792279880        58.387307918008915     
  0.71500000000000052        1.7816224792977099E-002   1.9093904755230588E-002  0.73550825358354466        6.9111474058551714        67.775416278860575        57.952632826546726     
  0.72000000000000053        1.7236874916103963E-002   1.8347503131341390E-002  0.74860942385243612        6.9001363657519290        68.578338596038364        57.539115362103452     
  0.72500000000000053        1.6682440084766426E-002   1.7635629980522878E-002  0.76184163930278059        6.8890040553367298        69.381691440085135        57.121522382430165     
  0.73000000000000054        1.6151664228538046E-002   1.6956482113571092E-002  0.77519798359153846        6.8777600220285615        70.198190734517340        56.715526566946565     
  0.73500000000000054        1.5643362867795770E-002   1.6308359928886320E-002  0.78867207420294994        6.8664135179435952        71.018768059990776        56.312692876527784     
  0.74000000000000055        1.5156418606896694E-002   1.5689660978374445E-002  0.80225787849168673        6.8549733923068112        71.852144874684214        55.920482554600738     
  0.74500000000000055        1.4689776935961242E-002   1.5098873959970022E-002  0.81594957422297965        6.8434480118113985        72.694942713317744        55.535183398111656     
  0.75000000000000056        1.4242442318532342E-002   1.4534573106889440E-002  0.82974144752525236        6.8318452032959476        73.545972686460075        55.156581396967944     
  0.75500000000000056        1.3813474544167106E-002   1.3995412945918903E-002  0.84362782112452717        6.8201722141794017        74.410546383428795        54.784050006807341     
  0.76000000000000056        1.3401985326650028E-002   1.3480123399061211E-002  0.85760300632874786        6.8084356870244971        75.287160221309307        54.423201166615037     
  0.76500000000000057        1.3007135130024827E-002   1.2987505204747793E-002  0.87166127320963349        6.7966416453101965        76.172728676149902        54.060839608915330     
  0.77000000000000057        1.2628130206012651E-002   1.2516425636544978E-002  0.88579683426465172        6.7847954881143977        77.075651856055472        53.713745489229510     
  0.77500000000000058        1.2264219827653940E-002   1.2065814498884305E-002  0.90000383801829487        6.7729019918703912        77.986744286910309        53.367815271768961     
  0.78000000000000058        1.1914693705169560E-002   1.1634660380829893E-002  0.91427636968349490        6.7609653177410554        78.913194455217749        53.029228230252890     
  0.78500000000000059        1.1578879571107308E-002   1.1222007150257040E-002  0.92860845692329241        6.7489890234820855        79.854304383600805        52.698262525405305     
  0.79000000000000059        1.1256140922816961E-002   1.0826950672085139E-002  0.94299407919968825        6.7369760788784490        80.810042211657361        52.372088171256458     
  0.79500000000000060        1.0945874911202013E-002   1.0448635735376166E-002  0.95742717972036373        6.7249288840527370        81.784446188084274        52.053200097614294     
  0.80000000000000060        1.0647510365525617E-002   1.0086253175193823E-002  0.97190167924580873        6.7128492900613415        82.772251756935006        51.740508100955239     
  0.80500000000000060        1.0360505944810226E-002   9.7390371761202233E-003  0.98641149135430339        6.7007386213653382        83.779241922232387        51.434512775254021     
  0.81000000000000061        1.0084348407076490E-002   9.4062627452550212E-003   1.0009505387348971        6.6885976997683558        84.806024374349946        51.134401236243008     
  0.81500000000000061        9.8185509883113309E-003   9.0872433433793181E-003   1.0155127703878062        6.6764268695788695        85.849595969990446        50.839080727713750     
  0.82000000000000062        9.5626518836554632E-003   8.7813286637667999E-003   1.0300921795200539        6.6642260237366289        86.916301069357544        50.551924575896052     
  0.82500000000000062        9.3162128238474390E-003   8.4879025488571302E-003   1.0446828219936861        6.6519946307150519        88.012792766093213        50.280570336207390     
  0.83000000000000063        9.0788177404718534E-003   8.2063810356926975E-003   1.0592788352477056        6.6397317620393705        89.110688783327916        49.992107398948093     
  0.83500000000000063        8.8500715140240830E-003   7.9362105216522223E-003   1.0738744576195487        6.6274361202837495        90.242246777834438        49.720612979154978     
  0.84000000000000064        8.6295987992390383E-003   7.6768660426027252E-003   1.0884640479029040        6.6151060674340849        91.399797175739693        49.456054627243880     
  0.84500000000000064        8.4170429225282686E-003   7.4278496561339174E-003   1.1030421051888353        6.6027396535075287        92.580187431594709        49.196106890811031     
  0.85000000000000064        8.2120648467389930E-003   7.1886889230474687E-003   1.1176032887530027        6.5903346453336109        93.783793283210770        48.938914790972120     
  0.85500000000000065        8.0143421987886147E-003   6.9589354807381961E-003   1.1321424380291372        6.5778885554344546        95.018897587385013        48.690953243378182     
  0.86000000000000065        7.8235683560439282E-003   6.7381637025442148E-003   1.1466545925204858        6.5653986709042593        96.279908872425807        48.446689894254121     
  0.86500000000000066        7.6394515876030602E-003   6.5259694375401356E-003   1.1611350116165113        6.5528620822341237        97.570828276456098        48.209693033457896     
  0.87000000000000066        7.4617142469103979E-003   6.3219688256303365E-003   1.1755791941418388        6.5402757120171753        98.888877564656383        47.974998736856698     
  0.87500000000000067        7.2900920123811289E-003   6.1257971831399438E-003   1.1899828977169464        6.5276363434603697        100.24008754133885        47.745340648985653     
  0.88000000000000067        7.1243331729440272E-003   5.9371079544300953E-003   1.2043421576103766        6.5149406486634778        101.62125248645420        47.521396797969928     
  0.88500000000000068        6.9641979556246273E-003   5.7555717253621646E-003   1.2186533052934310        6.5021852165936052        103.03731292608666        47.303567128941111     
  0.89000000000000068        6.8094578924880475E-003   5.5808752947140612E-003   1.2329129863095170        6.4893665807224252        104.48391831978553        47.087021494911312     
  0.89500000000000068        6.6598952244452314E-003   5.4127207999152827E-003   1.2471181776530158        6.4764812462492261        105.96713485363168        46.879628541326007     
  0.90000000000000069        6.5153023395952171E-003   5.2508248937041977E-003   1.2612662043779017        6.4635257168900919        107.48627791207382        46.674174728631122     
  0.90500000000000069        6.3754812439344001E-003   5.0949179685388802E-003   1.2753547554706222        6.4504965211667002        109.04298641622734        46.475181951605428     
  0.91000000000000070        6.2402430624102128E-003   4.9447434258010859E-003   1.2893818988574017        6.4373902381679056        110.64091385374273        46.287748217312704     
  0.91500000000000070        6.1094075684315682E-003   4.8000569870268357E-003   1.3033460955313798        6.4242035227234311        112.26762667154644        46.088035948460380     
  0.92000000000000071        5.9828027400757660E-003   4.6606260445788261E-003   1.3172462126736248        6.4109331299669119        113.93279822068216        45.898874880306799     
  0.92500000000000071        5.8602643413472487E-003   4.5262290493447389E-003   1.3310815356819767        6.3975759392385534        115.64630901733129        45.717726787453842     
  0.93000000000000071        5.7416355269533882E-003   4.3966549332007578E-003   1.3448517791481247        6.3841289773035177        117.39799956043693        45.539609384680510     
  0.93500000000000072        5.6267664691630722E-003   4.2717025641284311E-003   1.3585570966335543        6.3705894408211607        119.19430568919107        45.365103058328799     
  0.94000000000000072        5.5155140054085859E-003   4.1511802320082164E-003   1.3721980891244645        6.3569547180891437        121.02620881605438        45.194348231011240     
  0.94500000000000073        5.4077413053774384E-003   4.0349051632385330E-003   1.3857758124121005        6.3432224099573924        122.91635664417187        45.032727949743744     
  0.95000000000000073        5.3033175564234612E-003   3.9227030624503865E-003   1.3992917828060638        6.3293903499469799        124.83492358388105        44.865851861530345     
  0.95500000000000074        5.2021176662009382E-003   3.8144076796959871E-003   1.4127479818209538        6.3154566235140663        126.80605553787572        44.708359986222007     
  0.96000000000000074        5.1040219814983533E-003   3.7098604015939054E-003   1.4261468590820150        6.3014195864302556        128.82427353451376        44.548309036761125     
  0.96500000000000075        5.0089160223096875E-003   3.6089098650084355E-003   1.4394913340797464        6.2872778822732167        130.88024598526732        44.400723368095314     
  0.97000000000000075        4.9166902302478447E-003   3.5114115919317114E-003   1.4527847961814364        6.2730304589967485        133.00173619665651        44.255165447248892     
  0.97500000000000075        4.8272397304568032E-003   3.4172276443193423E-003   1.4660311032157478        6.2586765845406953        135.15689042545978        44.108525534474488     
  0.98000000000000076        4.7404641062357162E-003   3.3262262977109300E-003   1.4792345785118994        6.2442158615031182        137.37183866420230        43.969887330934817     
  0.98500000000000076        4.6562671856355290E-003   3.2382817325358202E-003   1.4924000063294331        6.2296482408169815        139.62860918677947        43.832594657058223     
  0.99000000000000077        4.5745568393364133E-003   3.1532737420779627E-003   1.5055326256866643        6.2149740344292308        141.94106332726506        43.698847820584632     
  0.99500000000000077        4.4952447891562584E-003   3.0710874561314895E-003   1.5186381226642063        6.2001939269834336        144.30288714942057        43.569655294815213     
   1.0000000000000007        4.4182464265817142E-003   2.9916130794445765E-003   1.5317226209770074        6.1853089864584136        146.72710221706433        43.442120153591581     
   1.0050000000000006        4.3434806407500739E-003   2.9147456440981570E-003   1.5447926710602582        6.1703206738195648        149.20122235536402        43.320660778711456     
   1.0100000000000005        4.2708696553457959E-003   2.8403847750236642E-003   1.5578552375577610        6.1552308515479419        151.73512512290492        43.199104812865535     
   1.0150000000000003        4.2003388739086829E-003   2.7684344679105408E-003   1.5709176850688891        6.1400417912025995        154.30933898088372        43.079877871089032     
   1.0200000000000002        4.1318167330797514E-003   2.6988028787967924E-003   1.5839877625453715        6.1247561798778305        156.95692966699377        42.966565647807627     
   1.0250000000000001        4.0652345633422262E-003   2.6314021246858004E-003   1.5970735859551577        6.1093771256124541        159.64597552472927        42.854597012686959     
   1.0300000000000000        4.0005264568390014E-003   2.5661480945641654E-003   1.6101836196329542        6.0939081617291029        162.41096801911431        42.746821900311765     
   1.0349999999999999        3.9376291418751572E-003   2.5029602702386724E-003   1.6233266558306814        6.0783532501154189        165.23188970740816        42.642367733998128     
   1.0399999999999998        3.8764818637355234E-003   2.4417615564422211E-003   1.6365117931006452        6.0627167834459792        168.09226890754641        42.537505441381178     
   1.0449999999999997        3.8170262714728479E-003   2.3824781196940458E-003   1.6497484132106086        6.0470035863146778        171.03428414318682        42.436985670304963     
   1.0499999999999996        3.7592063103373714E-003   2.3250392354263343E-003   1.6630461565074346        6.0312189153431488        174.02528255818979        42.341134484520012     
   1.0549999999999995        3.7029681195425018E-003   2.2693771429218054E-003   1.6764148963524708        6.0153684581942803        177.09210804316655        42.247494955705641     
   1.0599999999999994        3.6482599350778520E-003   2.2154269076327172E-003   1.6898647117820649        5.9994583315670118        180.20692645435045        42.154031110986587     
   1.0649999999999993        3.5950319972960281E-003   2.1631262904753049E-003   1.7034058595092902        5.9834950781287493        183.40005296634692        42.065053583618010     
   1.0699999999999992        3.5432364630185297E-003   2.1124156237191517E-003   1.7170487444600244        5.9674856624197909        186.65102002913264        41.976841869803799     
   1.0749999999999991        3.4928273219184997E-003   2.0632376931138743E-003   1.7308038893237734        5.9514374657355287        189.98227292409703        41.892321603465760     
   1.0799999999999990        3.4437603169529480E-003   2.0155376259130722E-003   1.7446819032831475        5.9353582799932836        193.35338956874475        41.810447680730924     
   1.0849999999999989        3.3959928686303539E-003   1.9692627844793841E-003   1.7586934496025921        5.9192563005929228        196.82678799800888        41.731272517518555     
   1.0899999999999987        3.3494840029113749E-003   1.9243626651689460E-003   1.7728492126986506        5.9031401183091985        200.34478118544067        41.652899308411897     
   1.0949999999999986        3.3041942825520398E-003   1.8807888022137466E-003   1.7871598641297726        5.8870187101811702        203.93709115373204        41.577906923088250     
   1.0999999999999985        3.2600857417094441E-003   1.8384946763340400E-003   1.8016360282905874        5.8709014295005417        207.61315859654977        41.506081044421911     
   1.1049999999999984        3.2171218236410125E-003   1.7974356278309235E-003   1.8162882474510269        5.8547979947952626        211.35452731386883        41.434764970489290     
   1.1099999999999983        3.1752673213365800E-003   1.7575687739210359E-003   1.8311269462619724        5.8387184779472676        215.15435236826431        41.365604659304381     
   1.1149999999999982        3.1344883209322395E-003   1.7188529300897161E-003   1.8461623960916831        5.8226732913962369        219.05163213555937        41.300408066983167     
   1.1199999999999981        3.0947521477633312E-003   1.6812485352520087E-003   1.8614046790154781        5.8066731744634241        223.03077288309359        41.236501585674027     
   1.1249999999999980        3.0560273149221589E-003   1.6447175805220497E-003   1.8768636517611059        5.7907291788224375        227.08357415349076        41.175210850562301     
   1.1299999999999979        3.0182834741925026E-003   1.6092235414028953E-003   1.8925489095686192        5.7748526531418571        231.17344832068983        41.113180026454536     
   1.1349999999999978        2.9814913692411504E-003   1.5747313132194250E-003   1.9084697503353729        5.7590552269189557        235.35346274639730        41.053913628550305     
   1.1399999999999977        2.9456227909521945E-003   1.5412071496260884E-003   1.9246351386738729        5.7433487935382672        239.61824168297309        40.998155223303726     
   1.1449999999999976        2.9106505347972311E-003   1.5086186040322224E-003   1.9410536706466384        5.7277454925648374        243.95224971385966        40.940416455760108     
   1.1499999999999975        2.8765483601385358E-003   1.4769344737929780E-003   1.9577335386667822        5.7122576913206817        248.34128090118980        40.891740397643261     
   1.1549999999999974        2.8432909513714955E-003   1.4461247470282752E-003   1.9746824971273385        5.6968979657616314        252.95446066142199        40.835653739039152     
   1.1599999999999973        2.8108538808119502E-003   1.4161605519316302E-003   1.9919078288169696        5.6816790806727768        257.79593161985531        40.814214673054160     
   1.1649999999999971        2.7792135732452958E-003   1.3870141084461414E-003   2.0094163118260515        5.6666139692296138        262.22551364366490        40.751653070270635     
   1.1699999999999970        2.7483472720543568E-003   1.3586586821858829E-003   2.0272141877243985        5.6517157119731474        266.97540917383208        40.694264617619204     
   1.1749999999999969        2.7182330068488535E-003   1.3310685404908209E-003   2.0453071306026209        5.6369975151703864        271.91119320602598        40.656362280721716     
   1.1799999999999968        2.6888495625240951E-003   1.3042189105075318E-003   2.0637002173748829        5.6224726886597143        276.89040175866046        40.614191729986530     
   1.1849999999999967        2.6601764496790828E-003   1.2780859391952947E-003   2.0823978992870744        5.6081546231662038        258.82869313703850        39.790693602929743     
   1.1899999999999966        2.6321938763284943E-003   1.2526466551609056E-003   2.1014039748310473        5.5940567671661405        263.13661561447117        39.731285861064997     
   1.1949999999999965        2.6048827208468321E-003   1.2278789322327152E-003   2.1207215645285400        5.5801926032660427        267.51919494495922        39.673451765908766     
   1.1999999999999964        2.5782245060852571E-003   1.2037614546868544E-003   2.1403530867630938        5.5665756242100866        271.95034013606767        39.617149150676916     
   1.2049999999999963        2.5522013746054604E-003   1.1802736840448636E-003   2.1603002356142560        5.5532193085486501        276.46369804038858        39.559364589446936     
   1.2099999999999962        2.5267960649778872E-003   1.1573958273660943E-003   2.1805639610923033        5.5401370958593805        281.03755617872588        39.504386313772493     
   1.2149999999999961        2.5019918890936718E-003   1.1351088069613980E-003   2.2011444504269249        5.5273423618163298        285.71950484015616        39.452980173867012     
   1.2199999999999960        2.4777727104425872E-003   1.1133942314589232E-003   2.2220411120123362        5.5148483928810323        290.49430542781084        39.400612638074847     
   1.2249999999999959        2.4541229233123393E-003   1.0922343681574486E-003   2.2432525614428340        5.5026683608507678        295.34836596795691        39.351648992084776     
   1.2299999999999958        2.4310274328656761E-003   1.0716121166036614E-003   2.2647766098400006        5.4908152971748052        300.25460239650778        39.301437668259886     
   1.2349999999999957        2.4084716360545976E-003   1.0515109833355953E-003   2.2866102544089717        5.4793020671863966        305.23020021816995        39.253133844144649     
   1.2399999999999956        2.3864414033333888E-003   1.0319150577364424E-003   2.3087496716172344        5.4681413441419222        310.33722674233729        39.207030085285865     
   1.2449999999999954        2.3649230611333194E-003   1.0128089889445959E-003   2.3311902125611090        5.4573455833238658        315.52364156725326        39.162936162166147     
   1.2499999999999953        2.3439033750642276E-003   9.9417796377139771E-004   2.3539264019084540        5.4469269959774484        320.78195433796674        39.117936182633201     
   1.2549999999999952        2.3233695338098596E-003   9.7600768557730606E-004   2.3769519381878537        5.4368975234132506        326.10919804388789        39.075592838248163     
   1.2599999999999951        2.3033091336852308E-003   9.5828435406218387E-004   2.4002596977591839        5.4272688110449403        331.56922426330254        39.034544374850633     
   1.2649999999999950        2.2837101638262520E-003   9.4099464592644093E-004   2.4238417415533289        5.4180521826083634        337.10769405855120        38.995517858128530     
   1.2699999999999949        2.2645609919830813E-003   9.2412569636238500E-004   2.4476893243566451        5.4092586145070669        342.69691860220735        38.949622131782441     
   1.2749999999999948        2.2458503508899484E-003   9.0766508133672456E-004   2.4717929069634903        5.4008987103317745        348.45342449274835        38.917804899764036     
   1.2799999999999947        2.2275673251858008E-003   8.9160080062792104E-004   2.4961421721099071        5.3929826755932195        354.25050045474563        38.880536447269797     
   1.2849999999999946        2.2097013388612226E-003   8.7592126158285584E-004   2.5207260423558129        5.3855202927900283        360.20111839579545        38.846670094664702     
   1.2899999999999945        2.1922421432084482E-003   8.6061526356045982E-004   2.5455327014555618        5.3785208967245310        366.19639443779266        38.810298221017803     
   1.2949999999999944        2.1751798052517118E-003   8.4567198302946554E-004   2.5705496189343564        5.3719933501823105        372.28741714401178        38.775139634034979     
   1.2999999999999943        2.1585046966375926E-003   8.3108095929185276E-004   2.5957635776692740        5.3659460200810969        378.50780133279824        38.743529163454163     
   1.3049999999999942        2.1422074829645396E-003   8.1683208080214652E-004   2.6211607042399883        5.3603867539590011        384.83437069295809        38.712091611858689     
   1.3099999999999941        2.1262791135326924E-003   8.0291557205591996E-004   2.6467265024856759        5.3553228570399938        391.26785855023655        38.682469590415010     
   1.3149999999999940        2.1107108114959161E-003   7.8932198102232875E-004   2.6724458904224240        5.3507610697238004        397.79715910812041        38.653555851089685     
   1.3199999999999938        2.0954940643982040E-003   7.7604216709498521E-004   2.6983032398207376        5.3467075458175399        404.43928937759949        38.624732807363337     
   1.3249999999999937        2.0806206150782791E-003   7.6306728953875482E-004   2.7242824187818337        5.3431678311725639        411.16583890968894        38.598288879508644     
   1.3299999999999936        2.0660824529262697E-003   7.5038879640988959E-004   2.7503668376828903        5.3401468431270320        418.06269483602188        38.572008162168324     
   1.3349999999999935        2.0518718054778943E-003   7.3799841392846238E-004   2.7765394982159837        5.3376488506120356        425.03814590162699        38.546830497621102     
   1.3399999999999934        2.0379811303312006E-003   7.2588813628295145E-004   2.8027830446973536        5.3356774549620694        432.15461671538588        38.523628233572843     
   1.3449999999999933        2.0244031073722636E-003   7.1405021584775485E-004   2.8290798199920117        5.3342355715906411        439.35737802382477        38.499013218366585     
   1.3499999999999932        2.0111306312976264E-003   7.0247715379566659E-004   2.8554119232940827        5.3333254123691756        446.72325595137335        38.478898496286341     
   1.3549999999999931        1.9981568044195601E-003   6.9116169108756069E-004   2.8817612719648817        5.3329484690323561        454.17460656831838        38.456302356554232     
   1.3599999999999930        1.9854749297436420E-003   6.8009679982307684E-004   2.9081096668979209        5.3331054973427658        461.79540098873451        38.444524278947611     
   1.3649999999999929        1.9730785043065120E-003   6.6927567493635853E-004   2.9344388613946988        5.3337965023430156        469.46610204172219        38.418318051473399     
   1.3699999999999928        1.9609612127631207E-003   6.5869172622185965E-004   2.9607306338519921        5.3350207244781043        477.31592544387189        38.401403599453886     
   1.3749999999999927        1.9491169212133401E-003   6.4833857067601007E-004   2.9869668634776354        5.3367766268745420        485.27327983960777        38.381938516045047     
   1.3799999999999926        1.9375396712579967E-003   6.3821002514090103E-004   3.0131296107299934        5.3390618835757380        493.39872907868693        38.365604356537609     
   1.3849999999999925        1.9262236742745476E-003   6.2830009923717700E-004   3.0392012002086468        5.3418733690045990        501.64145187064526        38.351697686544249     
   1.3899999999999924        1.9151633059039644E-003   6.1860298857351179E-004   3.0651643060947196        5.3452071485045618        509.95690862454893        38.335237970800826     
   1.3949999999999922        1.9043531007400965E-003   6.0911306822135434E-004   3.0910020410840442        5.3490584701203048        518.53240630227413        38.323501834378327     
   1.3999999999999921        1.8937877472125408E-003   5.9982488644267371E-004   3.1166980455129112        5.3534217575855987        527.16792414368786        38.310501955649997     
   1.4049999999999920        1.8834620826566576E-003   5.9073315866125522E-004   3.1422365775254062        5.3582906046225078        535.95965685512795        38.299889177802370     
   1.4099999999999919        1.8733710885615010E-003   5.8183276166592804E-004   3.1676026025075781        5.3636577704750943        545.01385365297017        38.278643852172991     
   1.4149999999999918        1.8635098859899511E-003   5.7311872803705107E-004   3.1927818813187030        5.3695151769179343        554.00243298352416        38.278122161338771     
   1.4199999999999917        1.8538737311632385E-003   5.6458624078608254E-004   3.2177610556047593        5.3758539065222770        563.21977827086073        38.268079300205194     
   1.4249999999999916        1.8444580112038972E-003   5.5623062820003616E-004   3.2425277284969849        5.3826642024667697        572.63752186293982        38.261199834352198     
   1.4299999999999915        1.8352582400303461E-003   5.4804735888140839E-004   3.2670705433586789        5.3899354696533797        582.17433879268651        38.253505882137979     
   1.4349999999999914        1.8262700543975254E-003   5.4003203697645247E-004   3.2913792547122980        5.3976562774644412        591.87590442230135        38.248215135856796     
   1.4399999999999913        1.8174892100777632E-003   5.3218039758305149E-004   3.3154447940795673        5.4058143640118228        601.74359724031956        38.243074924674993     
   1.4449999999999912        1.8089115781759534E-003   5.2448830233154113E-004   3.3392593317166988        5.4143966418783060        611.90479886464857        38.247228585425724     
   1.4499999999999911        1.8005331415745969E-003   5.1695173513086924E-004   3.3628163285972557        5.4233892055683377        621.92368561812282        38.233720346238748     
   1.4549999999999910        1.7923499915027631E-003   5.0956679807357200E-004   3.3861105865784338        5.4327773404475384        632.28276543026743        38.230427590266999     
   1.4599999999999909        1.7843583242249147E-003   5.0232970749303251E-004   3.4091382893153752        5.4425455334674453        642.62765951305914        38.228157267827349     
   1.4649999999999908        1.7765544378444654E-003   4.9523679016689028E-004   3.4318970403835030        5.4526774855500655        651.60235416712271        38.226936300636780     
   1.4699999999999906        1.7689347292178346E-003   4.8828447966030731E-004   3.4543858941988068        5.4631561256904702        660.67465040054458        38.227386806072047     
   1.4749999999999905        1.7614956909748412E-003   4.8146931280406167E-004   3.4766053849238729        5.4739636267033056        669.85443034715581        38.230004361557654     
   1.4799999999999904        1.7542339086412566E-003   4.7478792630147000E-004   3.4985575498195010        5.4850814229776939        679.22692261394150        38.228686785727056     
   1.4849999999999903        1.7471460578596921E-003   4.6823705345946367E-004   3.5202459501875141        5.4964902297915952        688.68138127544478        38.231054612416415     
   1.4899999999999902        1.7402289017050074E-003   4.6181352103827588E-004   3.5416756886626559        5.5081700646832061        698.15447099450842        38.231097119286737     
   1.4949999999999901        1.7334792880907856E-003   4.5551424621559876E-004   3.5628534255152315        5.5201002704814570        708.03346491106333        38.236501259925845     
   1.4999999999999900        1.7268941472633511E-003   4.4933623366030670E-004   3.5837873912773328        5.5322595404250441        717.83645447653225        38.242220388978929     
   1.5049999999999899        1.7204704893801935E-003   4.4327657271143659E-004   3.6044873975624738        5.5446259449423358        727.78939418695859        38.248827061034824     
   1.5099999999999898        1.7142054021695183E-003   4.3733243465863300E-004   3.6249648475131777        5.5571769606498442        737.90633724313375        38.253486541102717     
   1.5149999999999897        1.7080960486675987E-003   4.3150107011932174E-004   3.6452327414982761        5.5698895010510370        748.14864097885720        38.259926738107247     
   1.5199999999999896        1.7021396650321020E-003   4.2577980650973090E-004   3.6653056834938016        5.5827399493961067        758.52065575473330        38.268372962971242     
   1.5249999999999895        1.6963335584270552E-003   4.2016604560532765E-004   3.6851998827599615        5.5957041933953544        769.01325248441003        38.276638586147506     
   1.5299999999999894        1.6906751049781815E-003   4.1465726118779364E-004   3.7049331539312713        5.6087576620581343        779.66505432661108        38.286171518921790     
   1.5349999999999893        1.6851617477952187E-003   4.0925099677461088E-004   3.7245249123995730        5.6218753645630057        790.40092024032913        38.288654197852466     
   1.5399999999999892        1.6797909950590035E-003   4.0394486342860774E-004   3.7439961678565128        5.6350319309708521        801.41691360435300        38.305747988507704     
   1.5449999999999890        1.6745604181711839E-003   3.9873653764406313E-004   3.7633695099374780        5.6482016553595669        812.45710944359644        38.315987476580872     
   1.5499999999999889        1.6694676499638037E-003   3.9362375930638563E-004   3.7826690926315560        5.6613585407289353        823.72763610975755        38.328391298934335     
   1.5549999999999888        1.6645103829670677E-003   3.8860432972289609E-004   3.8019206088142719        5.6744763461089596        835.10087457632937        38.340363311106060     
   1.5599999999999887        1.6596863677329557E-003   3.8367610972153899E-004   3.8211512601901401        5.6875286358470616        846.51063104228933        38.353104194913413     
   1.5649999999999886        1.6549934112127026E-003   3.7883701781547959E-004   3.8403897185513274        5.7004888308757629        858.29932255912661        38.366328083235103     
   1.5699999999999885        1.6504293751862438E-003   3.7408502843055432E-004   3.8596660793563271        5.7133302621841731        870.14018711648578        38.380825662420541     
   1.5749999999999884        1.6459921747417540E-003   3.6941817019338309E-004   3.8790118047725790        5.7260262264200668        882.13184560276966        38.396296900304876     
   1.5799999999999883        1.6416797768036150E-003   3.6483452427833849E-004   3.8984596585851294        5.7385500435921273        894.22365417353785        38.410094619512819     
   1.5849999999999882        1.6374901987069191E-003   3.6033222281026345E-004   3.9180436278270410        5.7508751169853802        906.51999760960700        38.427919201005842     
   1.5899999999999881        1.6334215068169219E-003   3.5590944732166518E-004   3.9377988351017557        5.7629749951272116        918.97060116605644        38.444413989601777     
   1.5949999999999880        1.6294718151920325E-003   3.5156442726192783E-004   3.9577614359039535        5.7748234359639179        931.58419717184381        38.460081770226019     
   1.5999999999999879        1.6256392842886084E-003   3.4729543855670946E-004   3.9779685062599124        5.7863944733134547        944.36238136878922        38.479731444586903     
   1.6049999999999878        1.6219221197060214E-003   3.4310080221562199E-004   3.9984579134588611        5.7976624851665903        957.26445579807216        38.495435042843873     
   1.6099999999999877        1.6183185709711505E-003   3.3897888298670229E-004   4.0192681732783369        5.8086022644755273        970.39309198732371        38.515211312015211     
   1.6149999999999876        1.6148269303600657E-003   3.3492808805544397E-004   4.0404382933570542        5.8191890918884193        983.63373590644937        38.535657532618963     
   1.6199999999999875        1.6114455317564661E-003   3.3094686578716439E-004   4.0620075997523566        5.8293988106594847        996.96284411130375        38.556513201156150     
   1.6249999999999873        1.6081727495449625E-003   3.2703370451108696E-004   4.0840155495269759        5.8392079037108191        1010.5692607141821        38.577438391884414     
   1.6299999999999872        1.6050069975384197E-003   3.2318713134423980E-004   4.1065015228278927        5.8485935729868492        1024.3325342069284        38.596037218251965     
   1.6349999999999871        1.6019467279381019E-003   3.1940571105444371E-004   4.1295046039955166        5.8575338206192988        1038.3259653912057        38.618890618221350     
   1.6399999999999870        1.5989904303252869E-003   3.1568804496014341E-004   4.1530633413104017        5.8660075325027874        1052.3734049152329        38.640851772614738     
   1.6449999999999869        1.5961366306836379E-003   3.1203276986636370E-004   4.1772154912081589        5.8739945637775701        1066.5928385013435        38.664553430905052     
   1.6499999999999868        1.5933838904509698E-003   3.0843855703540469E-004   4.2019977488704923        5.8814758265096421        1081.1631870673532        38.685556811566386     
   1.6549999999999867        1.5907308055997124E-003   3.0490411119060039E-004   4.2274454529411276        5.8884333794844723        1095.9428736861930        38.715726922112545     
   1.6599999999999866        1.5881760057447319E-003   3.0142816955249288E-004   4.2535922847431848        5.8948505198220600        1110.0582863247037        38.710430580565607     
   1.6649999999999865        1.5857181532781157E-003   2.9800950090609434E-004   4.2804699427881934        5.9007118770072706        1125.7249701313792        38.751760714499262     
   1.6699999999999864        1.5833559425295221E-003   2.9464690469799178E-004   4.3081078066329717        5.9060035085474212        1140.5299668771906        38.782996082421292     
   1.6749999999999863        1.5810880989513714E-003   2.9133921016227771E-004   4.3365325788721263        5.9107129980240014        1155.9388330637682        38.807949095061971     
   1.6799999999999862        1.5789133783285561E-003   2.8808527547462178E-004   4.3657679255732598        5.9148295547255767        1171.4139671240794        38.834242957967888     
   1.6849999999999861        1.5768305660108549E-003   2.8488398693290757E-004   4.3958340868391002        5.9183441155716929        1187.0391422927050        38.860832290984625     
   1.6899999999999860        1.5748384761684524E-003   2.8173425816402522E-004   4.4267474908554183        5.9212494487210670        1202.9392959905388        38.886344523553198     
   1.6949999999999859        1.5729359510687855E-003   2.7863502935566461E-004   4.4585203481004960        5.9235402593183366        1218.9987026609770        38.913216242808375     
   1.6999999999999857        1.5711218603749462E-003   2.7558526651239875E-004   4.4911602454494162        5.9252132967765316        1235.2086767328233        38.938137406717431     
   1.7049999999999856        1.5693951004639363E-003   2.7258396073476942E-004   4.5246697280507293        5.9262674641691389        1251.5414510305636        38.968414848277313     
   1.7099999999999855        1.5677545937651739E-003   2.6963012752127737E-004   4.5590458825182507        5.9267039294724952        1268.1519768102855        38.994622390667793     
   1.7149999999999854        1.5661992881178402E-003   2.6672280609197811E-004   4.5942799228008493        5.9265262382491883        1285.1020715596437        39.029159734499011     
   1.7199999999999853        1.5647281561466980E-003   2.6386105873301503E-004   4.6303567765396041        5.9257404283477424        1301.8623084954145        39.050603979833092     
   1.7249999999999852        1.5633401946559408E-003   2.6104397016156179E-004   4.6672546861635515        5.9243551462374695        1319.1343083080044        39.079578355175435     
   1.7299999999999851        1.5620344240402232E-003   2.5827064691029839E-004   4.7049448234645910        5.9223817648997477        1336.4392818584847        39.104666888603404     
   1.7349999999999850        1.5608098877125654E-003   2.5554021673080448E-004   4.7433909260054863        5.9198345034314954        1353.9744421085115        39.137884125122625     
   1.7399999999999849        1.5596656515484801E-003   2.5285182801532358E-004   4.7825489613589127        5.9167305480815875        1371.6868479108975        39.166654319096118     
   1.7449999999999848        1.5586008033457580E-003   2.5020464923613026E-004   4.8223668336767682        5.9130901750316127        1389.6126013194744        39.198002387580352     
   1.7499999999999847        1.5576144522994975E-003   2.4759786840184035E-004   4.8627841328796126        5.9089368744264563        1407.6366670523262        39.227237191546081     
   1.7549999999999846        1.5567057284919907E-003   2.4503069253068268E-004   4.9037319462153093        5.9042974758141504        1425.9290657471754        39.257206250182108     
   1.7599999999999845        1.5558737823967233E-003   2.4250234713903121E-004   4.9451327434674335        5.8992022752724207        1444.3965773958962        39.290317155915261     
   1.7649999999999844        1.5551177843963061E-003   2.4001207574598002E-004   4.9869003458044592        5.8936851632839256        1463.1291334851742        39.318647210988139     
   1.7699999999999843        1.5544369243139350E-003   2.3755913939245345E-004   5.0289400014340284        5.8877837544339071        1481.8355623986170        39.350045487151249     
   1.7749999999999841        1.5538304109574839E-003   2.3514281617487498E-004   5.0711485892067190        5.8815395179177719        1500.9569794791632        39.380953158333590     
   1.7799999999999840        1.5532974716766419E-003   2.3276240079268961E-004   5.1134149610254180        5.8749979094216478        1520.3135242387880        39.411631692131969     
   1.7849999999999839        1.5528373519319042E-003   2.3041720410949177E-004   5.1556204628957989        5.8682085039817338        1539.6648530104446        39.444237338942088     
   1.7899999999999838        1.5524493148755430E-003   2.2810655272693313E-004   5.1976396505569777        5.8612251296145725        1559.3140015483109        39.474383046717165     
   1.7949999999999837        1.5521326409440100E-003   2.2582978857151672E-004   5.2393412367362382        5.8541060024417142        1579.1515992217214        39.507126818581106     
   1.7999999999999836        1.5518866274615315E-003   2.2358626849346822E-004   5.2805892939197152        5.8469138620591892        1599.2085620194027        39.537036487511202     
   1.8049999999999835        1.5517105882542417E-003   2.2137536387720411E-004   5.3212447587558342        5.8397161082702276        1619.4496601778631        39.569963674433922     
   1.8099999999999834        1.5516038532751028E-003   2.1919646026366118E-004   5.3611672507429757        5.8325849380429098        1639.8304759406551        39.601436243970731     
   1.8149999999999833        1.5515657682386602E-003   2.1704895698315270E-004   5.4002172647349918        5.8255974834281909        1660.2774836735450        39.634393555092721     
   1.8199999999999832        1.5515956942658421E-003   2.1493226679931038E-004   5.4382587259190718        5.8188359501718212        1681.1303106790001        39.665185545599769     
   1.8249999999999831        1.5516930075381093E-003   2.1284581556316344E-004   5.4751619620748349        5.8123877561841661        1702.4228118109152        39.708022920640310     
   1.8299999999999830        1.5518570989610174E-003   2.1078904187728868E-004   5.5108070679796910        5.8063456713432764        1723.7518248771310        39.734052717514118     
   1.8349999999999829        1.5520873738366287E-003   2.0876139676964084E-004   5.5450876630129446        5.8008079569127871        1744.7041644427823        39.761957062843081     
   1.8399999999999828        1.5523832515446419E-003   2.0676234337667216E-004   5.5779149946155160        5.7958785053071233        1766.3197761158974        39.796148000926983     
   1.8449999999999827        1.5527441652321413E-003   2.0479135663580242E-004   5.6092223087056619        5.7916669803010041        1788.1716821559280        39.828021855239363     
   1.8499999999999825        1.5531695615111543E-003   2.0284792298634011E-004   5.6389693830855778        5.7882889571992173        1809.9743435888463        39.860479129443327     
   1.8549999999999824        1.5536589001646488E-003   2.0093154007913897E-004   5.6671470419258885        5.7858660627419658        1832.2712369289693        39.894026059575530     
   1.8599999999999823        1.5542116538598684E-003   1.9904171649453420E-004   5.6937814691327269        5.7845261150633327        1854.5605522653534        39.928759045928985     
   1.8649999999999822        1.5548273078693534E-003   1.9717797146800750E-004   5.7189380176825768        5.7844032634530409        1877.2349281896879        39.958692671072619     
   1.8699999999999821        1.5555053597991343E-003   1.9533983462392037E-004   5.7427242238233758        5.7856381278367008        1899.9158929615739        39.991386937514683     
   1.8749999999999820        1.5562453193241396E-003   1.9352684571650791E-004   5.7652916734671118        5.7883779374012807        1922.9199091567116        40.023342929853833     
   1.8799999999999819        1.5570467079302221E-003   1.9173855437822464E-004   5.7868363320911351        5.7927766696469103        1945.9904615961868        40.056216822452079     
   1.8849999999999818        1.5579090586631109E-003   1.8997451987515517E-004   5.8075969897519624        5.7989951874030279        1969.3411722535186        40.088802439260817     
   1.8899999999999817        1.5588319158836659E-003   1.8823431086916056E-004   5.8278514541131976        5.8072013763376997        1993.0114325169191        40.121576129981868     
   1.8949999999999816        1.5598148350293958E-003   1.8651750518673034E-004   5.8479102472372979        5.8175702811878081        2016.7584968043011        40.154111860422326     
   1.8999999999999815        1.5608573823822323E-003   1.8482368959421423E-004   5.8681076071159834        5.8302842406261348        2040.6996321600218        40.186710811604271     
   1.9049999999999814        1.5619591348420884E-003   1.8315245957914661E-004   5.8887897639811655        5.8455330216300476        2064.7988590869027        40.219880992420002     
   1.9099999999999813        1.5631196797062572E-003   1.8150341913786053E-004   5.9103005565569191        5.8635139521794857        2089.0766261534468        40.254189583486195     
   1.9149999999999812        1.5643386144543040E-003   1.7987618056856695E-004   5.9329646532730518        5.8844320529682861        2113.7143855561799        40.283604885543163     
   1.9199999999999811        1.5656155465384940E-003   1.7827036427040465E-004   5.9570687475871393        5.9085001673270998        2138.2902225530197        40.315658047557868     
   1.9249999999999809        1.5669500931796243E-003   1.7668559854794446E-004   5.9828411996213129        5.9359390900336271        2163.3203293564752        40.348701050701180     
   1.9299999999999808        1.5683418811675324E-003   1.7512151942075422E-004   6.0104307080227208        5.9669776934534955        2188.2572157621389        40.379262730528119     
   1.9349999999999807        1.5697905466671865E-003   1.7357777043845463E-004   6.0398845671901595        6.0018530533420842        2213.6199069149616        40.411669505461425     
   1.9399999999999806        1.5712957350292581E-003   1.7205400250062947E-004   6.0711270817037857        6.0408105711764151        2239.1335918671152        40.443675425546516     
   1.9449999999999805        1.5728571006053964E-003   1.7054987368150858E-004   6.1039386013623185        6.0841040950585885        2265.0084188926385        40.475720791132481     
   1.9499999999999804        1.5744743065683902E-003   1.6906504905944404E-004   6.1379355346615627        6.1319960385104615        2290.7319209076377        40.507666049649906     
   1.9549999999999803        1.5761470247363637E-003   1.6759920055122018E-004   6.1725515813535470        6.1847574966553278        2316.6100230599950        40.537746893454674     
   1.9599999999999802        1.5778749354017382E-003   1.6615200675021863E-004   6.2070202486647261        6.2426683594578716        2343.4090247143581        40.572421051345380     
   1.9649999999999801        1.5796577271640652E-003   1.6472315276930963E-004   6.2403585899783849        6.3060174229375860        2369.6541105278393        40.600806166887615     
   1.9699999999999800        1.5814950967671683E-003   1.6331233008796451E-004   0.0000000000000000        2.7005646333483573        2396.2816864094580        40.632589391587800     
   1.9749999999999799        1.5833867489401486E-003   1.6191923640312945E-004   0.0000000000000000        2.6987056839206245        2422.9522644757153        40.662691450119830     
   1.9799999999999798        1.5853323962423801E-003   1.6054357548421022E-004   0.0000000000000000        2.6967913033279713        2450.1646117727182        40.693267631203149     
   1.9849999999999797        1.5873317589121300E-003   1.5918505703189706E-004   0.0000000000000000        2.6948215923542826        2477.3585524998430        40.724166718461454     
   1.9899999999999796        1.5893845647190991E-003   1.5784339654061318E-004   0.0000000000000000        2.6927966515838575        2504.8642478313650        40.753386935448958     
   1.9949999999999795        1.5914905488202044E-003   1.5651831516464774E-004   0.0000000000000000        2.6907165814005469        2532.1362550496629        40.785924898627073     
   1.9999999999999793        1.5936494536191066E-003   1.5520953958759936E-004   0.0000000000000000        2.6885814819869718        2560.3069982463580        40.815259174078811     
