   0.0000000000000000        0.0000000000000000        0.0000000000000000        1.9322623483947431E-002   0.0000000000000000        0.0000000000000000        0.0000000000000000     
   1.0000000000000000E-002   0.0000000000000000        0.0000000000000000        1.7501092465948154E-002   0.0000000000000000        0.0000000000000000        0.0000000000000000     
   2.0000000000000000E-002   0.0000000000000000        0.0000000000000000        1.5761880179223621E-002   0.0000000000000000        0.0000000000000000        0.0000000000000000     
   2.9999999999999999E-002   0.0000000000000000        0.0000000000000000        1.4108245457145761E-002   0.0000000000000000        0.0000000000000000        0.0000000000000000     
   4.0000000000000001E-002   1.5032474322174715E-005   1.3098246067240251E-004   1.2542896860265549E-002   0.0000000000000000        0.0000000000000000        0.0000000000000000     
   5.0000000000000003E-002   7.5839680835739122E-005   2.1161980989763897E-003   1.1068034454993025E-002   0.0000000000000000        0.0000000000000000        0.0000000000000000     
   6.0000000000000005E-002   1.5863800967450597E-004   4.5841946389148175E-003   9.6853904107352534E-003   0.0000000000000000        0.0000000000000000        0.0000000000000000     
   7.0000000000000007E-002   2.7865196189755091E-004   7.8002937922915386E-003   8.3962684680014017E-003   0.0000000000000000        0.0000000000000000        0.0000000000000000     
   8.0000000000000002E-002   4.6198410279164258E-004   1.2240136024043188E-002   7.2015824469608396E-003   0.0000000000000000        0.0000000000000000        0.0000000000000000     
   8.9999999999999997E-002   7.4741928181156002E-004   1.8504320476588128E-002   6.1018940157084268E-003   0.0000000000000000        0.0000000000000000        0.0000000000000000     
   9.9999999999999992E-002   1.1938022403652300E-003   2.7373662780351114E-002   5.0974500515420292E-003   0.0000000000000000        0.0000000000000000        0.0000000000000000     
  0.10999999999999999        1.8909402664250040E-003   3.9876057848064486E-002   4.1882201291506367E-003   0.0000000000000000        0.0000000000000000        0.0000000000000000     
  0.11999999999999998        2.9754761765503615E-003   5.7368048400720066E-002   3.3739347644443337E-003   0.0000000000000000        0.0000000000000000        0.0000000000000000     
  0.12999999999999998        4.6532345678840653E-003   8.1633522700807301E-002   2.6541253564954809E-003   0.0000000000000000        0.0000000000000000        0.0000000000000000     
  0.13999999999999999        7.2291718585414666E-003  0.11500016434271579        2.0281670125106561E-003   0.0000000000000000        0.0000000000000000        0.0000000000000000     
  0.14999999999999999        1.1145020942065410E-002  0.16047064886665174        1.4953258952138790E-003   2.9297561008033209E-002   0.0000000000000000        0.0000000000000000     
  0.16000000000000000        1.7022852479085564E-002  0.22185934662168230        1.0548131478579190E-003   7.8126080955578228E-002   1.7943887582118113E-010   4.3219738663944026E-009
  0.17000000000000001        2.5710084696585426E-002  0.30391590194744739        7.0584820088424427E-004  0.12629360191776812        5.3629897904079241E-009   1.2550755437149474E-007
  0.18000000000000002        3.8318226903568883E-002  0.41240482197549999        4.4773497085878701E-004  0.17376845034053856        2.3187492582664057E-008   5.2512779342896298E-007
  0.19000000000000003        5.6244440437599741E-002  0.55409721944434509        2.7995551540056622E-004  0.22052173781487849        6.6661506026375150E-008   1.4629773830462732E-006
  0.20000000000000004        8.1162848510728455E-002  0.73662194181529028        2.0228685841376233E-004  0.26652843446623203        1.5762347297818946E-007   3.3626058358391190E-006
  0.21000000000000005       0.11497281303711454       0.96812615988944306        2.1494814591927188E-004  0.31176923574883908        3.3168136783657172E-007   6.9065185197438023E-006
  0.22000000000000006       0.15969562641940002        1.2567185773657903        3.1878675295650768E-004  0.35623376249611294        6.4563339352934680E-007   1.3189711658833204E-005
  0.23000000000000007       0.21732013846275083        1.6097159842988134        5.1551366148296475E-004  0.39992593719685565        1.1873972219317318E-006   2.3944581102307085E-005
  0.24000000000000007       0.28961093181254499        2.0327790087462287        8.0799990741026173E-004  0.44287279445133326        2.0906688271552292E-006   4.1912630438103389E-005
  0.25000000000000006       0.37790635314930643        2.5290838239957893        1.2006470147794943E-003  0.48513849482974403        3.5537099296326047E-006   7.1389814237438586E-005
  0.26000000000000006       0.48294244945694431        3.0987023881978200        1.6998447185693202E-003  0.52684583102632065        5.8651437460689960E-006   1.1908268414431407E-004
  0.27000000000000007       0.60473744133360596        3.7383315819763734        2.3145281992096277E-003  0.56820781613487470        9.4487205555477643E-006   1.9559851199073505E-004
  0.28000000000000008       0.74255839958386016        4.4414249248588717        3.0568438476966725E-003  0.60957157584412713        1.4885058754237761E-005   3.1685278476608166E-004
  0.29000000000000009       0.89497155295208630        5.1986734435919573        3.9429262332299408E-003  0.65147500023183047        2.3068647356816952E-005   5.0840894814524777E-004
  0.30000000000000010        1.0599582474827578        5.9987012040475411        4.9937784635142226E-003  0.69471252748058021        3.5297127452606775E-005   8.0934836933980287E-004
  0.31000000000000011        1.2350673264822778        6.8288168221125245        6.2362324592670978E-003  0.74039936945577278        5.3602354758930910E-005   1.2800385427756248E-003
  0.32000000000000012        1.4175742217938310        7.6756939834049858        7.7039441245094174E-003  0.79001404600506409        8.1077461974749142E-005   2.0110650562424333E-003
  0.33000000000000013        1.6046247637715174        8.5259153430400119        9.4383510866105896E-003  0.84539054318609652        1.2246355308610034E-004   3.1364379869483270E-003
  0.34000000000000014        1.7933524796854678        9.3663735132104495        1.1489488706613045E-002  0.90863039158781622        1.8500671611096156E-004   4.8509018766893716E-003
  0.35000000000000014        1.9809674529357635        10.184559996332704        1.3916526435288887E-002  0.98191930596825272        2.7949351660545651E-004   7.4291587544517692E-003
  0.36000000000000015        2.1648204921820997        10.968783875161904        1.6787856488921934E-002   1.0672652233538162        4.2167444742496321E-004   1.1249786707766534E-002
  0.37000000000000016        2.3424484448992686        11.708354031364943        2.0180547584417851E-002   1.1662142149450769        6.3413641614153550E-004   1.6824571438738625E-002
  0.38000000000000017        2.5116061646814103        12.393742388959392        2.4178977571973532E-002   1.2796249206151764        9.4856272446521418E-004   2.4829701900684533E-002
  0.39000000000000018        2.6702892316253575        13.016730036282521        2.8872489458241262E-002   1.4075702244834347        1.4081611237795819E-003   3.6130899163212535E-002
  0.40000000000000019        2.8167499768209194        13.570527963536327        3.4351983759408025E-002   1.5493880403560709        2.0711359010196868E-003   5.1827118325500514E-002
  0.41000000000000020        2.9495081483625447        14.049860753723420        4.0705467563908658E-002   1.7038475354563438        3.0127231135643824E-003   7.3248588703006656E-002
  0.42000000000000021        3.0673567995990880        14.451003639684220        4.8012721923588811E-002   1.8693640584094329        4.3302948504551032E-003  0.10202215277560352     
  0.43000000000000022        3.1693636167226011        14.771768573765247        5.6339406452972647E-002   2.0441978275286572        6.1447137915591945E-003  0.14004035566578454     
  0.44000000000000022        3.2548678064436221        15.011441008799572        6.5731066851153111E-002   2.2265971900886941        8.6030665628604990E-003  0.18946675090471893     
  0.45000000000000023        3.3234727156254182        15.170674211339593        7.6207615285482408E-002   2.4148772131406622        1.1883277559867593E-002  0.25278528595252803     
  0.46000000000000024        3.3750344654006397        15.251351187440083        8.7758885664590600E-002   2.6074448309397029        1.6187319996508052E-002  0.33259733122362456     
  0.47000000000000025        3.4096469986024172        15.256425511796820       0.10034180582233566        2.8027896837055755        2.1752835902973444E-002  0.43185632274963859     
  0.48000000000000026        3.4276240341318251        15.189751844844958       0.11387957942027327        2.9994587649166022        2.8833521686908545E-002  0.55343422080146853     
  0.49000000000000027        3.4294784854387941        15.055915280708252       0.12826304992218093        3.1960280375123586        3.7707660550985775E-002  0.70030889527913798     
  0.50000000000000022        3.4158999326417905        14.860066497583201       0.14335417044727652        3.3910788121960516        4.8666390107109603E-002  0.87535895729568014     
  0.51000000000000023        3.3877307434033446        14.607767471306451       0.15899126645342226        3.5831824640814363        6.2015479732193422E-002   1.0814383129493772     
  0.52000000000000024        3.3459414222105837        14.304850580249941       0.17499559943498288        3.7708943682789156        7.8037224615462239E-002   1.3207003368535692     
  0.53000000000000025        3.2916057365213836        13.957292426280643       0.19117864102749157        3.9527564255620664        9.7017532546246399E-002   1.5952516454070294     
  0.54000000000000026        3.2258761256950574        13.571102645486805       0.20734945571769262        4.1273068617411095       0.11921326634227909        1.9064979745212884     
  0.55000000000000027        3.1499598480667115        13.152227327653263       0.22332165644434054        4.2930957745132199       0.14487490254428873        2.2556129948992028     
  0.56000000000000028        3.0650962654367331        12.706466312798719       0.23891951376201376        4.4487049022370764       0.17419233740296886        2.6429200816707121     
  0.57000000000000028        2.9725356045389169        12.239403488893968       0.25398294368814223        4.5927702201674725       0.20730841714067208        3.0677495238874020     
  0.58000000000000029        2.8735194732807954        11.756349192406500       0.26837123931603957        4.7240060928929690       0.24436375853406317        3.5297102708771648     
  0.59000000000000030        2.7692633471003405        11.262293848426465       0.28196553516633482        4.8412298577548398       0.28536431990626371        4.0260308543589094     
  0.60000000000000031        2.6609411789586921        10.761872037169750       0.29467008871745831        4.9433858254672138       0.33038064510111242        4.5554375315223083     
  0.61000000000000032        2.5496722265530791        10.259336214493086       0.30641252334621577        5.0295677802054835       0.37938202878200816        5.1150129391100778     
  0.62000000000000033        2.4365101335024519        9.7585393355655103       0.31714321233150272        5.0990391550789065       0.43236026375407699        5.7022409705363515     
  0.63000000000000034        2.3224342486594645        9.2629256322945484       0.32683399291637943        5.1512501381559908       0.48912662166715981        6.3122204991772355     
  0.64000000000000035        2.2083431203330868        8.7755287812187568       0.33547639134694951        5.1858510538716160       0.54961406863823437        6.9419355277891963     
  0.65000000000000036        2.0950500608814662        8.2989766764863351       0.34307952261239755        5.2027014670420071       0.61367958712657933        7.5873229364530816     
  0.66000000000000036        1.9832806424536464        7.8355019997182920       0.34966780487636506        5.2018745740550818       0.68189143641017869        8.2541475370748945     
  0.67000000000000037        1.8736719569783897        7.3869577615320656       0.35527860351004781        5.1836565981257028       0.75187999277652806        8.9085088236926886     
  0.68000000000000038        1.7667734529275840        6.9548369831994270       0.35995989563235548        5.1485410750246192       0.82564958223932094        9.5759452434243837     
  0.69000000000000039        1.6630491477902503        6.5402956944344348       0.36376802466436170        5.0972181205111005       0.90235063340737542        10.243058093692316     
  0.70000000000000040        1.5628810082318740        6.1441784459969693       0.36676559669196090        5.0305589884697284       0.98174150767007606        10.905311956705649     
  0.71000000000000041        1.4665732890483634        5.7670455734931956       0.36901955598250130        4.9495964495499010        1.0637718309963491        11.560547024836218     
  0.72000000000000042        1.3743576265737278        5.4092015001067768       0.37059946567502522        4.8555017277230057        1.1481388142524698        12.202860760898867     
  0.73000000000000043        1.2863986913800312        5.0707234288062581       0.37157601164381887        4.7495588979821193        1.2346859966876682        12.829641458167368     
  0.74000000000000044        1.2028002180724291        4.7514898461427650       0.37201973998500981        4.6331377546322772        1.3238156214716983        13.444526520086848     
  0.75000000000000044        1.1236112458643639        4.4512083371377811       0.37200003259566911        4.5076661864661514        1.4149547993782696        14.037638301263581     
  0.76000000000000045        1.0488324215691478        4.1694422910422686       0.37158431658526686        4.3746030371473337        1.5081825880787625        14.608898365380742     
  0.77000000000000046       0.97842223586070753        3.9056361581857533       0.37083749203661415        4.2354122927154121        1.6035942255167084        15.159326805048794     
  0.78000000000000047       0.91230308340613842        3.6591389963089651       0.36982154479539187        4.0915392436207290        1.7011468412845556        15.685364773397497     
  0.79000000000000048       0.85036705711256977        3.4292261186645177       0.36859528543477249        3.9443890502119809        1.8009430074330273        16.186610399653834     
  0.80000000000000049       0.79248140571544612        3.2151187241855270       0.36721412003607556        3.7953079325887291        1.9030334307898844        16.661921818828343     
  0.81000000000000050       0.73849360182522694        3.0160014510189006       0.36572971443190627        3.6455670429319791        2.0077303047604365        17.113132479718502     
  0.82000000000000051       0.68823598400751518        2.8310378479663822       0.36418936573437544        3.4963489773475409        2.1150518529701134        17.538283529385204     
  0.83000000000000052       0.64152995126128165        2.6593838035299564       0.36263485651364219        3.3487368469115539        2.2251633587989046        17.937065293775813     
  0.84000000000000052       0.59818970123534421        2.5001990093026079       0.36110056056292578        3.2037058363559061        2.3384976324579467        18.312178847986416     
  0.85000000000000053       0.55802551462020256        2.3526565636401440       0.35961063110332236        3.0621172061343800        2.4228592125255046        18.360193204550821     
  0.86000000000000054       0.52084659737612893        2.2159508433711426       0.35817527769305640        2.9247147133895885        2.5407218382229870        18.683432194553728     
  0.87000000000000055       0.48646349987164722        2.0893037863843356       0.35678647192631396        2.7921234200813982        2.6623377196748161        18.986375891508143     
  0.88000000000000056       0.45469013771618788        1.9719697370139402       0.35541392581312009        2.6648508188889348        2.7877261963867030        19.267067583203033     
  0.89000000000000057       0.42534544321791429        1.8632390100255567       0.35400278700847937        2.5432901471906155        2.9172701789610405        19.527394618678741     
  0.90000000000000058       0.39825467914465806        1.7624403285024286       0.35247497389388249        2.4277256891426160        3.0516949908825723        19.773493330987662     
  0.91000000000000059       0.37325044798844376        1.6689422868500694       0.35073602934679893        2.3183398016318559        3.1914106673591447        20.005599260662660     
  0.92000000000000060       0.35017343041182608        1.5821539832387630       0.34868835474011295        2.2152213497413955        3.3347346930819972        20.210154960278867     
  0.93000000000000060       0.32887288616465582        1.5015249567934956       0.34624951466463300        2.1183752072319817        3.4843672537732413        20.407760103499097     
  0.94000000000000061       0.30920694967256657        1.4265445543536093       0.34337155055899199        2.0277324672468406        3.6394752782432733        20.591802539074383     
  0.95000000000000062       0.29104275087125825        1.3567408402148105       0.34005535383145802        1.9431610159521102        3.8004945349836889        20.763770878063667     
  0.96000000000000063       0.27425638983664097        1.2916791504078293       0.33635472415372958        1.8644761447638216        3.9672518479010987        20.921655843042704     
  0.97000000000000064       0.25873279146713646        1.2309603811549190       0.33236817072228403        1.7914509100630147        4.1411399675847242        21.079889341834544     
  0.98000000000000065       0.24436546402053635        1.1742190894929891       0.32822119057886084        1.7238259930258650        4.3209517827975246        21.224522599599489     
  0.99000000000000066       0.23105618278668177        1.1211214729066983       0.32404504919052834        1.6613188583358764        4.5074351869433924        21.362573449682007     
   1.0000000000000007       0.21871461766483902        1.0713632843561454       0.31995832824538994        1.6036320612205937        4.7007369105360590        21.494397045708538     
   1.0100000000000007       0.20725792097181495        1.0246677294369739       0.31605514702942866        1.5504606015489597        4.9011021383375075        21.621926754341906     
   1.0200000000000007       0.19661028948003570       0.98078338365140094       0.31240081128694314        1.5014982698698613        5.1083954151746980        21.744501824816613     
   1.0300000000000007       0.18670251250780956       0.93948215993209594       0.30903332335706241        1.4564429721926895        5.3228812266383265        21.863777662390845     
   1.0400000000000007       0.17747151587980028       0.90055734965012979       0.30596829112404789        1.4150010566434370        5.5446459351041737        21.979064326376641     
   1.0500000000000007       0.16885990975767745       0.86382175432945818       0.30320499570327120        1.3768906936804650        5.7739834669500745        22.093508570001379     
   1.0600000000000007       0.16081554671477921       0.82910592014125739       0.30073210849506077        1.3418443839445586        6.0108965094170994        22.206237898824686     
   1.0700000000000007       0.15329109499378687       0.79625648290504081       0.29853231182545470        1.3096106827956029        6.2555004125713314        22.316494082364642     
   1.0800000000000007       0.14624363063734014       0.76513462771374563       0.29658563289550238        1.2799552397098217        6.5081034984822814        22.426552110901653     
   1.0900000000000007       0.13963425110902603       0.73561466435606426       0.29487161724506883        1.2526612534867207        6.7688778188470291        22.536026573014386     
   1.1000000000000008       0.13342771211442014       0.70758271735787326       0.29337059593874948        1.2275294431159285        7.0379878242997744        22.645335367403831     
   1.1100000000000008       0.12759208857523482       0.68093552763308252       0.29206431224027440        1.2043776294685586        7.3156403026747228        22.755251473935243     
   1.1200000000000008       0.12209846008975643       0.65557936135308326       0.29093613600689233        1.1830400148833642        7.6024051133871637        22.866021209208263     
   1.1300000000000008       0.11692062071460863       0.63142902064639250       0.28997103613967845        1.1633662389694490        7.8977363455877043        22.976434761662787     
   1.1400000000000008       0.11203481251201004       0.60840695006597767       0.28915543102183378        1.1452202787197914        8.2027507328036791        23.088594117650484     
   1.1500000000000008       0.10741948200868183       0.58644243235442672       0.28847699374950497        1.1284792508297257        8.5154799110356869        23.199768919912174     
   1.1600000000000008       0.10305505849431440       0.56547086684786252       0.28792445979778652        1.1130321641020120        8.8467775270658411        23.326660965362809     
   1.1700000000000008        9.8923752936410106E-002  0.54543312384347686       0.28748746406170023        1.0987786606320940        9.1749320790216338        23.424669530261550     
   1.1800000000000008        9.5009376193272418E-002  0.52627496837504462       0.28715641980642309        1.0856277760282440        9.5228130805801126        23.546354017236229     
   1.1900000000000008        9.1297175157662697E-002  0.50794654706255049       0.28692244579332821        1.0734967416985872        9.8800159676980783        23.665401761213388     
   1.2000000000000008        8.7773685451302486E-002  0.49040193199859017       0.28677734086021067        1.0623098459710441        10.248248168437812        23.785687221910727     
   1.2100000000000009        8.4426649730832817E-002  0.47359871598180164       0.28671360397206408        1.0519973655689765        10.619208820086808        23.905916092515458     
   1.2200000000000009        8.1244842521639327E-002  0.45749765378772256       0.28672449547544421        1.0424945750237942        10.995648220807038        24.028845511462542     
   1.2300000000000009        7.8217877024749624E-002  0.44206234456383392       0.28680413430796747        1.0337408381494708        11.382355876925763        24.153627330050568     
   1.2400000000000009        7.5336228856249993E-002  0.42725895083696902       0.28694762666878398        1.0256787831982790        11.780060417398836        24.279547987078935     
   1.2500000000000009        7.2591135484248656E-002  0.41305595001699735       0.28715121914108188        1.0182535618097994        12.188776835366843        24.407357207418045     
   1.2600000000000009        6.9974519875765764E-002  0.39942391466466981       0.28741247083215521        1.0114121902459645        12.608572410489412        24.536754727897780     
   1.2700000000000009        6.7478922662700849E-002  0.38633531815776062       0.28773043655277719        1.0051029708834194        13.039153790149570        24.665818465772876     
   1.2800000000000009        6.5097441903515865E-002  0.37376436273498198       0.28810585339916706       0.99927499141662235        13.481491899179160        24.799751956328841     
   1.2900000000000009        6.2823679599391974E-002  0.36168682721914563       0.28854132078778832       0.99387769897600720        13.935527669020455        24.933959832634994     
   1.3000000000000009        6.0651694202690627E-002  0.35007993201868104       0.28904146403458197       0.98886054656932876        14.399715112538813        25.067582669983469     
   1.3100000000000009        5.8575958430596431E-002  0.33892221927928867       0.28961306862384195       0.98417270936049395        14.875911379711290        25.203973501712621     
   1.3200000000000010        5.6591321767307086E-002  0.32819344630580244       0.29026517278544911       0.97976286857224426        15.363108926916501        25.340764395562491     
   1.3300000000000010        5.4692977103634736E-002  0.31787449059874723       0.29100910485866710       0.97557906106532000        15.861454430323041        25.478532599741861     
   1.3400000000000010        5.2876431023273898E-002  0.30794726505189701       0.29185845120300408       0.97156859335611734        16.370703190921741        25.616850324436435     
   1.3500000000000010        5.1137477300235809E-002  0.29839464203762817       0.29282894285967120       0.96767801854786251        16.892023615580516        25.756810301353642     
   1.3600000000000010        4.9472173222150827E-002  0.28920038526749242       0.29393824802619628       0.96385317592863096        17.423135258721224        25.897667062100858     
   1.3700000000000010        4.7876818399506985E-002  0.28034908845788575       0.29520566367816786       0.96003929240898367        17.966435322513142        26.036449750367382     
   1.3800000000000010        4.6347935761633097E-002  0.27182611995630240       0.29665169988101209       0.95618114588446035        18.520463572729003        26.176686502485470     
   1.3900000000000010        4.4882254476687915E-002  0.26361757259425855       0.29829755707124700       0.95222329071990253        19.084497775114524        26.316107566560529     
   1.4000000000000010        4.3476694565350381E-002  0.25571021812985856       0.30016450150322482       0.94811034571135988        19.661119584154797        26.457376313846527     
   1.4100000000000010        4.2128353006669811E-002  0.24809146572763544       0.30227314974583980       0.94378734515475582        20.246745839580811        26.595607628491273     
   1.4200000000000010        4.0834491159941019E-002  0.24074932399708165       0.30464268054094035       0.93920015375704602        20.847237542438346        26.738039629456317     
   1.4300000000000010        3.9592523348838241E-002  0.23367236617541287       0.30728999955819924       0.93429594648423520        21.457570638217561        26.878406117028568     
   1.4400000000000011        3.8400006473676009E-002  0.22684969809569505       0.31022889046820012       0.92902375392718806        22.080197345256526        27.019350847030172     
   1.4500000000000011        3.7254630534842667E-002  0.22027092862954817       0.31346919531985379       0.92333507471369825        22.713862776065501        27.158108221348026     
   1.4600000000000011        3.6154209965464298E-002  0.21392614233520357       0.31701607818430461       0.91718455544073729        23.361126586533818        27.298445322895510     
   1.4700000000000011        3.5096675684420632E-002  0.20780587407747342       0.32086943859997119       0.91053073947425556        24.019327137112022        27.436860938219240     
   1.4800000000000011        3.4080067792197778E-002  0.20190108541699769       0.32502356001544247       0.90333688512691290        24.690556627356496        27.574636177181887     
   1.4900000000000011        3.3102528841933931E-002  0.19620314259268262       0.32946709923066964       0.89557185376158288        25.372001995365505        27.709628962552639     
   1.5000000000000011        3.2162297626553225E-002  0.19070379594395034       0.33418355065874256       0.88721106817503737        26.073063477627702        27.849852601495311     
   1.5100000000000011        3.1257703430290384E-002  0.18539516063897887       0.33915235500903873       0.87823754060578285        26.785262365185620        27.986981525137658     
   1.5200000000000011        3.0387160699308934E-002  0.18026969859187852       0.34435085916291919       0.86864296976662136        27.511040396955146        28.123162415995704     
   1.5300000000000011        2.9549164091648990E-002  0.17532020146610930       0.34975737619375541       0.85842890455126031        28.252004277512800        28.258904839171986     
   1.5400000000000011        2.8742283871521772E-002  0.17053977467378784       0.35535562593413089       0.84760797195149273        29.008461549902055        28.394396468668631     
   1.5500000000000012        2.7965161617101920E-002  0.16592182229110500       0.36114085327120427       0.83620516446821969        29.779244523966437        28.528338401546719     
   1.5600000000000012        2.7216506214539207E-002  0.16146003281918686       0.36712788685604153       0.82425918140453303        30.567230012901437        28.661325673330243     
   1.5700000000000012        2.6495090114000558E-002  0.15714836572752267       0.37336130238904436       0.81182381632228651        31.370163320818317        28.795067675752811     
   1.5800000000000012        2.5799745826228102E-002  0.15298103872383184       0.37992763280878722       0.79896938112592464        32.190600777516529        28.927469509890631     
   1.5900000000000012        2.5129362640415400E-002  0.14895251570003795       0.38696918895163229       0.78578415537960689        33.029257152473669        29.060140572332877     
   1.6000000000000012        2.4482883546220365E-002  0.14505749530905007       0.39469846672347925       0.77237584762427747        33.886122340154756        29.192372729320400     
   1.6100000000000012        2.3859302344476235E-002  0.14129090013137413       0.40341129257466363       0.75887305456660092        34.761195354373356        29.323543115048253     
   1.6200000000000012        2.3257660932698373E-002  0.13764786639440232       0.41349582012869185       0.74542670314097226        35.655208967722849        29.454929731353463     
   1.6300000000000012        2.2677046752806813E-002  0.13412373421047635       0.42543331973159998       0.73221146216998567        36.568000286108536        29.584456816284813     
   1.6400000000000012        2.2116590389661319E-002  0.13071403830274048       0.43978559919206373       0.71942711301449158        37.502358140151777        29.714894978230312     
   1.6500000000000012        2.1575463310028718E-002  0.12741449919032724       0.45716314421657561       0.70729987421641372        38.459010090476667        29.844996639564258     
   1.6600000000000013        2.1052875732511446E-002  0.12422101480665074       0.47816802742687620       0.69608368508513563        39.429400651744402        29.968043066771884     
   1.6700000000000013        2.0548074619762251E-002  0.12112965252656095       0.50330661597532078       0.68606146632477782        40.433498552305096        30.104508204369886     
   1.6800000000000013        2.0060341785028014E-002  0.11813664157988256       0.53286918543582384       0.67754639488029045        41.454176747324595        30.233405376680675     
   1.6900000000000013        1.9588992105698751E-002  0.11523836583045026       0.56677647909009976       0.67088325537201832        42.498439611905518        30.361880782374218     
   1.7000000000000013        1.9133371837100791E-002  0.11243135690112817       0.60439634974725309       0.66644996145333257        43.565827019411159        30.489926385001205     
   1.7100000000000013        1.8692857020290894E-002  0.10971228762662608       0.64433595580489711       0.66465937980592471        44.659362024731891        30.618920366078410     
   1.7200000000000013        1.8266851978062635E-002  0.10707796581705889       0.68421574824926035       0.66596163372553785        45.777752507461734        30.747531819111554     
   1.7300000000000013        1.7854787893792627E-002  0.10452532831624146       0.72043031126545742       0.67084711543601994        46.921081101896576        30.874691896871841     
   1.7400000000000013        1.7456121468133273E-002  0.10205143533969517       0.74789850499606036       0.67985049083492211        48.093436479602211        31.005190125806227     
   1.7500000000000013        1.7070333648902355E-002   9.9653465078211559E-002  0.75980242364887607       0.69355603645782438        49.291163706981116        31.133399307245345     
   1.7600000000000013        1.6696928429833269E-002   9.7328708553641605E-002  0.74731301554800122       0.71260469727242881        50.515638607359321        31.262777035436432     
   1.7700000000000014        1.6335431714137098E-002   9.5074564714322407E-002  0.69930115082059574       0.73770328626620829        51.771976317641645        31.391524528674026     
   1.7800000000000014        1.5985390239095097E-002   9.2888535758259366E-002  0.60203743554595324       0.76963624144508191        53.056078016559375        31.520243587762184     
   1.7900000000000014        1.5646370558140759E-002   9.0768222672827151E-002   0.0000000000000000       0.33318401391791441        54.370212160292702        31.649914555739951     
   1.8000000000000014        1.5317958077117571E-002   8.8711320980356057E-002   0.0000000000000000       0.33675736570629028        55.715438686867181        31.779581256039855     
   1.8100000000000014        1.4999756141608221E-002   8.6715616679543112E-002   0.0000000000000000       0.34028785920805271        57.091936260637389        31.909868621996523     
   1.8200000000000014        1.4691385172420445E-002   8.4778982373147599E-002   0.0000000000000000       0.34377400551335602        58.500422478468678        32.038978151086120     
   1.8300000000000014        1.4392481846498627E-002   8.2899373572930771E-002   0.0000000000000000       0.34721436988912224        59.942703887479659        32.172535721320344     
   1.8400000000000014        1.4102698320694711E-002   8.1074825173275106E-002   0.0000000000000000       0.35060757001717624        61.417916205264632        32.302640116010103     
   1.8500000000000014        1.3821701495988267E-002   7.9303448085343814E-002   0.0000000000000000       0.35395227426681852        62.927056308593002        32.434099650425367     
   1.8600000000000014        1.3549172319890475E-002   7.7583426024067800E-002   0.0000000000000000       0.35724720000323285        64.471683428195547        32.565903652139312     
   1.8700000000000014        1.3284805124903482E-002   7.5913012440632588E-002   0.0000000000000000       0.36049111193298922        66.052502780071606        32.699496960246179     
   1.8800000000000014        1.3028307001030527E-002   7.4290527593504616E-002   0.0000000000000000       0.36368282048759215        67.669587006531700        32.832569506116940     
   1.8900000000000015        1.2779397200456101E-002   7.2714355751400644E-002   0.0000000000000000       0.36682118024590815        69.323705229693260        32.966979519103113     
   1.9000000000000015        1.2537806572618200E-002   7.1182942521905421E-002   0.0000000000000000       0.36990508839604552        71.015806339170638        33.102255489541413     
   1.9100000000000015        1.2303277028008628E-002   6.9694792299796013E-002   0.0000000000000000       0.37293348323711784        72.747110011844399        33.236568754004416     
   1.9200000000000015        1.2075561029125327E-002   6.8248465829380128E-002   0.0000000000000000       0.37590534272120629        74.516671670442761        33.373955985915011     
   1.9300000000000015        1.1854421107098284E-002   6.6842577875478981E-002   0.0000000000000000       0.37881968303561603        76.326846923392324        33.510523830381025     
   1.9400000000000015        1.1639629402596012E-002   6.5475794997934017E-002   0.0000000000000000       0.38167555722541963        78.177888469330767        33.648750964937193     
   1.9500000000000015        1.1430967229693832E-002   6.4146833424745836E-002   0.0000000000000000       0.38447205385625538        80.069572875565584        33.787282805775249     
   1.9600000000000015        1.1228224661470573E-002   6.2854457019245524E-002   0.0000000000000000       0.38720829571706045        82.001538457478475        33.927495794442315     
   1.9700000000000015        1.1031200136164113E-002   6.1597475336882354E-002   0.0000000000000000       0.38988343856248675        83.980807674098642        34.066823062180987     
   1.9800000000000015        1.0839700082782846E-002   6.0374741767428318E-002   0.0000000000000000       0.39249666989460141        86.001348786476427        34.207395092309532     
   1.9900000000000015        1.0653538565139023E-002   5.9185151758640683E-002   0.0000000000000000       0.39504720778337948        88.066028816134818        34.348901789397459     
   2.0000000000000013        1.0472536943322345E-002   5.8027641117581276E-002   0.0000000000000000       0.39753429972545012        90.175363839677601        34.492326367644587     
   2.0100000000000011        1.0296523551689122E-002   5.6901184385982927E-002   0.0000000000000000       0.39995722154050500        92.330156850984750        34.636209400665926     
   2.0200000000000009        1.0125333392499044E-002   5.5804793286248371E-002   0.0000000000000000       0.40231527630474251        94.530618534744193        34.780839232752314     
   2.0300000000000007        9.9588078443723690E-003   5.4737515234808069E-002   0.0000000000000000       0.40460779332059471        96.778395838150871        34.925975121463431     
   2.0400000000000005        9.7967943847949608E-003   5.3698431919737243E-002   0.0000000000000000       0.40683412712205430        99.073440897130439        35.071802852201948     
   2.0500000000000003        9.6391463259355142E-003   5.2686657939671845E-002   0.0000000000000000       0.40899365651485226        101.41574684622982        35.219350103933401     
   2.0600000000000001        9.4857225630839877E-003   5.1701339501222916E-002   0.0000000000000000       0.41108578365060866        103.80664701058228        35.367925656407436     
   2.0699999999999998        9.3363873350570357E-003   5.0741653172196262E-002   0.0000000000000000       0.41310993313426608        106.24766126162538        35.516465464577038     
   2.0799999999999996        9.1910099959527803E-003   4.9806804688084703E-002   0.0000000000000000       0.41506555116387234        108.73812604031023        35.666391475457829     
   2.0899999999999994        9.0494647976715817E-003   4.8896027809393984E-002   0.0000000000000000       0.41695210470194671        111.27884260012814        35.817069636061483     
   2.0999999999999992        8.9116306826515137E-003   4.8008583227505640E-002   0.0000000000000000       0.41876908067750568        113.86995887296230        35.968977125916631     
   2.1099999999999990        8.7773910862962747E-003   4.7143757516861264E-002   0.0000000000000000       0.42051598521798550        116.51425612166976        36.120903118419541     
   2.1199999999999988        8.6466337486046530E-003   4.6300862131389578E-002   0.0000000000000000       0.42219234291012409        119.20870644402120        36.274924444555815     
   2.1299999999999986        8.5192505345344886E-003   4.5479232443174991E-002   0.0000000000000000       0.42379769608895984        121.95617069808148        36.429225075161909     
   2.1399999999999983        8.3951372626597208E-003   4.4678226821458791E-002   0.0000000000000000       0.42533160415415222        124.75919447156245        36.583155615962852     
   2.1499999999999981        8.2741935417065485E-003   4.3897225750182060E-002   0.0000000000000000       0.42679364291268873        127.61858926032001        36.735148155579736     
   2.1599999999999979        8.1563226145709294E-003   4.3135630982326756E-002   0.0000000000000000       0.42818340394720361        130.52513932598268        36.897506420734352     
   2.1699999999999977        8.0414312094473760E-003   4.2392864729426390E-002   0.0000000000000000       0.42950049400904339        133.48105730384466        37.056669147472846     
   2.1799999999999975        7.9294293977138445E-003   4.1668368884671153E-002   0.0000000000000000       0.43074453443527611        136.50582659279883        37.212131267534673     
   2.1899999999999973        7.8202304582393085E-003   4.0961604278120123E-002   0.0000000000000000       0.43191516058883611        139.58230202659166        37.370399698357694     
   2.1999999999999971        7.7137507477985853E-003   4.0272049962603133E-002   0.0000000000000000       0.43301202132096434        142.71472542048249        37.529678907140742     
   2.2099999999999969        7.6099095772915442E-003   3.9599202528942681E-002   0.0000000000000000       0.43403477845526306        145.90374391618573        37.689561754854488     
   2.2199999999999966        7.5086290934872997E-003   3.8942575449224484E-002   0.0000000000000000       0.43498310629247172        149.15167107687950        37.850101247279035     
   2.2299999999999964        7.4098341660198842E-003   3.8301698446863160E-002   0.0000000000000000       0.43585669113535475        152.45672144324917        38.011519080204053     
   2.2399999999999962        7.3134522793841797E-003   3.7676116892308986E-002   0.0000000000000000       0.43665523083283730        155.82051192710705        38.173471313027541     
   2.2499999999999960        7.2194134296884420E-003   3.7065391223257756E-002   0.0000000000000000       0.43737843434278939        159.24253958454355        38.335909840831988     
   2.2599999999999958        7.1276500259356617E-003   3.6469096388312743E-002   0.0000000000000000       0.43802602131266488        162.72671996352204        38.498908572533772     
   2.2699999999999956        7.0380967956157770E-003   3.5886821313064809E-002   0.0000000000000000       0.43859772167739958        166.26769666149710        38.662484789723173     
   2.2799999999999954        6.9506906944032734E-003   3.5318168387627330E-002   0.0000000000000000       0.43909327527387154        169.87195148068665        38.826443243065007     
   2.2899999999999952        6.8653708197660450E-003   3.4762752974702736E-002   0.0000000000000000       0.43951243147126701        173.53401189379775        38.991299610046759     
   2.2999999999999949        6.7820783282976456E-003   3.4220202937281952E-002   0.0000000000000000       0.43985494881676745        177.26125525666623        39.155839311569906     
   2.3099999999999947        6.7007563566004926E-003   3.3690158185149741E-002   0.0000000000000000       0.44012059469593517        181.04963952137319        39.321175572656685     
   2.3199999999999945        6.6213499455502279E-003   3.3172270239377064E-002   0.0000000000000000       0.44030914500721197        184.90059185118446        39.486683425864911     
   2.3299999999999943        6.5438059677848650E-003   3.2666201814039397E-002   0.0000000000000000       0.44042038384996596        188.81529745922580        39.652416847084595     
   2.3399999999999941        6.4680730582680973E-003   3.2171626414424906E-002   0.0000000000000000       0.44045410322555939        192.79195046092960        39.818717742276057     
   2.3499999999999939        6.3941015477829268E-003   3.1688227951031017E-002   0.0000000000000000       0.44041010275086906        196.83405999797776        39.985106103004760     
   2.3599999999999937        6.3218433992212790E-003   3.1215700368679801E-002   0.0000000000000000       0.44028818938378717        200.94239194040881        40.152180163443816     
   2.3699999999999934        6.2512521465412259E-003   3.0753747290120793E-002   0.0000000000000000       0.44008817716017801        205.11281493706826        40.318539583755822     
   2.3799999999999932        6.1822828362663382E-003   3.0302081673495157E-002   0.0000000000000000       0.43980988694184148        209.34988914861879        40.485634549033414     
   2.3899999999999930        6.1148919714161133E-003   2.9860425483100694E-002   0.0000000000000000       0.43945314617500381        213.65408990151471        40.652568130442923     
   2.3999999999999928        6.0490374577511921E-003   2.9428509372878834E-002   0.0000000000000000       0.43901778865890101        218.02358721367926        40.819748107551000     
   2.4099999999999926        5.9846785522333010E-003   2.9006072382110924E-002   0.0000000000000000       0.43850365432400895        222.46251653668594        40.985763479594965     
   2.4199999999999924        5.9217758135960748E-003   2.8592861642798867E-002   0.0000000000000000       0.43791058901958002        226.96729102545186        41.154349506999552     
   2.4299999999999922        5.8602910549346464E-003   2.8188632098261539E-002   0.0000000000000000       0.43723844430996645        231.54033350312696        41.321578919380414     
   2.4399999999999920        5.8001872982211032E-003   2.7793146232466679E-002   0.0000000000000000       0.43648707727948544        236.18285165037992        41.488910468456112     
   2.4499999999999917        5.7414287306626855E-003   2.7406173809671239E-002   0.0000000000000000       0.43565635034535871        240.89509021475868        41.656111529441873     
   2.4599999999999915        5.6839806628174146E-003   2.7027491623927469E-002   0.0000000000000000       0.43474613107844934        245.67344198377199        41.823152988986010     
   2.4699999999999913        5.6278094883922148E-003   2.6656883258069509E-002   0.0000000000000000       0.43375629203138449        250.52803832737848        41.990264012989620     
   2.4799999999999911        5.5728826456482054E-003   2.6294138851778240E-002   0.0000000000000000       0.43268671057380964        255.45039697788940        42.157154319806686     
   2.4899999999999909        5.5191685803416702E-003   2.5939054878358528E-002   0.0000000000000000       0.43153726873444193        260.44270734823266        42.323574479679131     
   2.4999999999999907        5.4666367101354153E-003   2.5591433929878303E-002   0.0000000000000000       0.43030785304959307        265.50911115731515        42.490110738858732     
   2.5099999999999905        5.4152573904146482E-003   2.5251084510324050E-002   0.0000000000000000       0.42899835441791317        270.64550726492348        42.656456099804380     
   2.5199999999999902        5.3650018814472358E-003   2.4917820836452102E-002   0.0000000000000000       0.42760866796108604        275.85879034649258        42.822474832517138     
   2.5299999999999900        5.3158423168302290E-003   2.4591462646026904E-002   0.0000000000000000       0.42613869289016659        281.14250598628473        42.988117908436024     
   2.5399999999999898        5.2677516731669703E-003   2.4271835013144998E-002   0.0000000000000000       0.42458833237736793        286.50038007061676        43.153635709920835     
   2.5499999999999896        5.2207037409217893E-003   2.3958768170364325E-002   0.0000000000000000       0.42295749343302391        291.93212316888520        43.318758782002703     
   2.5599999999999894        5.1746730964027472E-003   2.3652097337366468E-002   0.0000000000000000       0.42124608678749614        297.44202917176585        43.483278864307771     
   2.5699999999999892        5.1296350748229790E-003   2.3351662555888320E-002   0.0000000000000000       0.41945402677781990        303.02345798639254        43.647884461599148     
   2.5799999999999890        5.0855657443966036E-003   2.3057308530679957E-002   0.0000000000000000       0.41758123123887503        308.68412120404298        43.811833142450972     
   2.5899999999999888        5.0424418814242348E-003   2.2768884476245317E-002   0.0000000000000000       0.41562762139885617        314.42081171315590        43.975279329971166     
   2.5999999999999885        5.0002409463265783E-003   2.2486243969138644E-002   0.0000000000000000       0.41359312177889923        320.23291436397460        44.138533477591160     
   2.6099999999999883        4.9589410605867419E-003   2.2209244805597772E-002   0.0000000000000000       0.41147766009663522        326.12557459795954        44.301293451521481     
   2.6199999999999881        4.9185209845633137E-003   2.1937748864308042E-002   0.0000000000000000       0.40928116717349561        332.09428726432373        44.463403306585114     
   2.6299999999999879        4.8789600961375752E-003   2.1671621974089603E-002   0.0000000000000000       0.40700357684565308        338.14412190540452        44.625161302433412     
   2.6399999999999877        4.8402383701605101E-003   2.1410733786322543E-002   0.0000000000000000       0.40464482587835571        344.27010871228504        44.786336442760749     
   2.6499999999999875        4.8023363586664793E-003   2.1154957651920971E-002   0.0000000000000000       0.40220485388359078        350.47839273954202        44.947042187379260     
   2.6599999999999873        4.7652351718220675E-003   2.0904170502682694E-002   0.0000000000000000       0.39968360324084534        356.76680785149370        45.110168719791133     
   2.6699999999999871        4.7289164595802815E-003   2.0658252736843283E-002   0.0000000000000000       0.39708101902088350        363.14007426280972        45.266540648086220     
   2.6799999999999868        4.6933623940105824E-003   2.0417088108673122E-002   0.0000000000000000       0.39439704891239868        369.59057581464702        45.425712310804457     
   2.6899999999999866        4.6585556522779998E-003   2.0180563621962876E-002   0.0000000000000000       0.39163164315137611        376.12481302923220        45.583979717295463     
   2.6999999999999864        4.6244794002443419E-003   1.9948569427246637E-002   0.0000000000000000       0.38878475445308019        382.74235941213209        45.741724830490121     
   2.7099999999999862        4.5911172766669849E-003   1.9720998722620977E-002   0.0000000000000000       0.38585633794655894        389.44384323590589        45.898733158857894     
   2.7199999999999860        4.5584533779713986E-003   1.9497747658025002E-002   0.0000000000000000       0.38284635111150545        396.22863871084741        46.055378852507047     
   2.7299999999999858        4.5264722435727663E-003   1.9278715242843417E-002   0.0000000000000000       0.37975475371742440        403.09803235379854        46.211133352096688     
   2.7399999999999856        4.4951588417272851E-003   1.9063803256715917E-002   0.0000000000000000       0.37658150776496890        410.05209245788615        46.366354340879766     
   2.7499999999999853        4.4644985558902695E-003   1.8852916163424712E-002   0.0000000000000000       0.37332657742936132        417.09368822060560        46.520847433609362     
   2.7599999999999851        4.4344771715610770E-003   1.8645961027745999E-002   0.0000000000000000       0.36998992900581934        424.22216430090356        46.674202509494535     
   2.7699999999999849        4.4050808635970988E-003   1.8442847435158637E-002   0.0000000000000000       0.36657153085687022        431.43574963795902        46.827765283707208     
   2.7799999999999847        4.3762961839762275E-003   1.8243487414293613E-002   0.0000000000000000       0.36307135336151147        438.73787297298009        46.980281057597253     
   2.7899999999999845        4.3481100499919772E-003   1.8047795362033443E-002   0.0000000000000000       0.35948936886609195        446.12894285704033        47.131943155949060     
   2.7999999999999843        4.3205097328637117E-003   1.7855687971154131E-002   0.0000000000000000       0.35582555163686791        453.60859587241032        47.282851892033619     
   2.8099999999999841        4.2934828467456627E-003   1.7667084160420513E-002   0.0000000000000000       0.35207987781416111        461.17570690429295        47.433073305899548     
   2.8199999999999839        4.2670173381193482E-003   1.7481905007039961E-002   0.0000000000000000       0.34825232536804573        468.83744616030452        47.582680470067167     
   2.8299999999999836        4.2411014755551818E-003   1.7300073681393364E-002   0.0000000000000000       0.34434287405547537        476.58526375267212        47.731460887693693     
   2.8399999999999834        4.2157238398280684E-003   1.7121515383952821E-002   0.0000000000000000       0.34035150537884246        484.42853797377910        47.879344776827466     
   2.8499999999999832        4.1908733143743238E-003   1.6946157284312729E-002   0.0000000000000000       0.33627820254583762        492.36169457242403        48.026707686487626     
   2.8599999999999830        4.1665390760761466E-003   1.6773928462250395E-002   0.0000000000000000       0.33212295043063400        500.38788033631545        48.173104412661921     
   2.8699999999999828        4.1427105863621793E-003   1.6604759850750276E-002   0.0000000000000000       0.32788573553625683        508.50719893918506        48.318818169193491     
   2.8799999999999826        4.1193775826107787E-003   1.6438584180910067E-002   0.0000000000000000       0.32356654595817202        516.71832318675274        48.463755707237596     
   2.8899999999999824        4.0965300698457274E-003   1.6275335928671492E-002   0.0000000000000000       0.31916537134896572        525.02793994500894        48.608021459544467     
   2.8999999999999821        4.0741583127131085E-003   1.6114951263302112E-002   0.0000000000000000       0.31468220288413229        533.43065979235109        48.751364032939769     
   2.9099999999999819        4.0522528277280841E-003   1.5957367997567869E-002   0.0000000000000000       0.31011703322887807        541.92852653469311        48.894442195437321     
   2.9199999999999817        4.0308043757828361E-003   1.5802525539536837E-002   0.0000000000000000       0.30546985650594349        550.52423378486856        49.035790828709217     
   2.9299999999999815        4.0098039549045861E-003   1.5650364845954376E-002   0.0000000000000000       0.30074066826434992        559.21666798624949        49.176589018279756     
   2.9399999999999813        3.9892427932553673E-003   1.5500828377132967E-002   0.0000000000000000       0.29592946544908355        568.00589205935751        49.316795782153093     
   2.9499999999999811        3.9691123423639361E-003   1.5353860053304424E-002   0.0000000000000000       0.29103624637164816        576.89441608651464        49.456187892296846     
   2.9599999999999809        3.9494042705817507E-003   1.5209405212381831E-002   0.0000000000000000       0.28606101068146256        585.88201530452784        49.594104799983150     
   2.9699999999999807        3.9301104567549452E-003   1.5067410569082800E-002   0.0000000000000000       0.28100375933806543        594.96742835741702        49.732504358580734     
   2.9799999999999804        3.9112229841033793E-003   1.4927824175362158E-002   0.0000000000000000       0.27586449458410539        604.15435407011569        49.869385321941728     
   2.9899999999999802        3.8927341343006111E-003   1.4790595382113306E-002   0.0000000000000000       0.27064321991906970        613.44198569198920        50.005549665944244     
   2.9999999999999800        3.8746363817463714E-003   1.4655674802089997E-002   0.0000000000000000       0.26533994007373307        622.83036433695986        50.140904092648448     
   3.0099999999999798        3.8569223880252478E-003   1.4523014274006837E-002   0.0000000000000000       0.25995466098530623        632.32156059340889        50.275363677633621     
   3.0199999999999796        3.8395849965443974E-003   1.4392566827778418E-002   0.0000000000000000       0.25448738977323099        641.91611660384478        50.409088266279383     
   3.0299999999999794        3.8226172273444739E-003   1.4264286650856923E-002   0.0000000000000000       0.24893813471563811        651.61290065637695        50.541978932099454     
   3.0399999999999792        3.8060122720766200E-003   1.4138129055629133E-002   0.0000000000000000       0.24330690522639489        661.41393496831108        50.673999527640838     
   3.0499999999999790        3.7897634891405239E-003   1.4014050447837087E-002   0.0000000000000000       0.23759371183277284        671.32095318755626        50.805290254924159     
   3.0599999999999787        3.7738643989776248E-003   1.3892008295989961E-002   0.0000000000000000       0.23179856615365865        681.33176488838058        50.935450429724050     
   3.0699999999999785        3.7583086795130510E-003   1.3771961101726436E-002   0.0000000000000000       0.22592148087832867        691.44879595795112        51.065341917181641     
   3.0799999999999783        3.7430901617427187E-003   1.3653868371102227E-002   0.0000000000000000       0.21996246974576220        701.67268787692615        51.194101947978361     
   3.0899999999999781        3.7282028254585803E-003   1.3537690586765882E-002   0.0000000000000000       0.21392154752444614        712.00404366773603        51.322169426550431     
   3.0999999999999779        3.7136407951090917E-003   1.3423389180997029E-002   0.0000000000000000       0.20779872999268487        722.44345494604238        51.449354702111123     
   3.1099999999999777        3.6993983357882349E-003   1.3310926509572895E-002   0.0000000000000000       0.20159403391938416        732.99283125040040        51.575681978405477     
   3.1199999999999775        3.6854698493505008E-003   1.3200265826440039E-002   0.0000000000000000       0.19530747704528703        743.64959134734988        51.701318250082011     
   3.1299999999999772        3.6718498706458441E-003   1.3091371259160748E-002   0.0000000000000000       0.18893907806466481        754.41467848918933        51.826155557909424     
   3.1399999999999770        3.6585330638715867E-003   1.2984207785109314E-002   0.0000000000000000       0.18248885660742378        765.29215261515253        51.949967848820364     
   3.1499999999999768        3.6455142190366628E-003   1.2878741208392445E-002   0.0000000000000000       0.17595683322163916        776.28338027399343        52.073379683976519     
   3.1599999999999766        3.6327882485343585E-003   1.2774938137471518E-002   0.0000000000000000       0.16934302935646697        787.38209638869512        52.194927450403533     
   3.1699999999999764        3.6203501838204468E-003   1.2672765963459882E-002   0.0000000000000000       0.16264746734546823        798.59274541600860        52.317248009602878     
   3.1799999999999762        3.6081951721920942E-003   1.2572192839076436E-002   0.0000000000000000       0.15587017039029000        809.91960586835762        52.438008332752176     
   3.1899999999999760        3.5963184736649530E-003   1.2473187658230989E-002   0.0000000000000000       0.14901116254471047        821.35987517944750        52.558003409382522     
   3.1999999999999758        3.5847154579446787E-003   1.2375720036220944E-002   0.0000000000000000       0.14207046869904477        832.91345356174702        52.677148674917682     
   3.2099999999999755        3.5733816014901702E-003   1.2279760290522518E-002   0.0000000000000000       0.13504811456486895        844.58255278564206        52.795587187268040     
   3.2199999999999753        3.5623124846645505E-003   1.2185279422150270E-002   0.0000000000000000       0.12794412666010216        856.36798696001199        52.913133408359499     
   3.2299999999999751        3.5515037889720185E-003   1.2092249097574143E-002   0.0000000000000000       0.12075853229437146        868.26868524621614        53.029969951732333     
   3.2399999999999749        3.5409512943765961E-003   1.2000641631168292E-002   0.0000000000000000       0.11349135955472035        880.28679833520346        53.146033522981767     
   3.2499999999999747        3.5306508767012404E-003   1.1910429968181500E-002   0.0000000000000000       0.10614263729159196        892.42382404608213        53.261295671290448     
   3.2599999999999745        3.5205985051037290E-003   1.1821587668206148E-002   0.0000000000000000        9.8712395105114037E-002   904.67703507964472        53.375958555812851     
   3.2699999999999743        3.5107902396268442E-003   1.1734088889133592E-002   0.0000000000000000        9.1200663331661186E-002   917.05208497319768        53.489513332822497     
   3.2799999999999740        3.5012222288209487E-003   1.1647908371578045E-002   0.0000000000000000        8.3607473030691895E-002   929.54376789032074        53.602500396371127     
   3.2899999999999738        3.4918907074362932E-003   1.1563021423755827E-002   0.0000000000000000        7.5932855971853105E-002   942.15774449171420        53.714717010880690     
   3.2999999999999736        3.4827919941825243E-003   1.1479403906803617E-002   0.0000000000000000        6.8176844622339139E-002   954.89208920922590        53.826186322894415     
   3.3099999999999734        3.4739224895530894E-003   1.1397032220520402E-002   0.0000000000000000        6.0339472134507174E-002   967.74697966269525        53.936855899412251     
   3.3199999999999732        3.4652786737138725E-003   1.1315883289526329E-002   0.0000000000000000        5.2420772333726710E-002   980.72616847351492        54.046771125233001     
   3.3299999999999730        3.4568571044512587E-003   1.1235934549814499E-002   0.0000000000000000        4.4420779706477488E-002   993.82766727808325        54.155953279337680     
   3.3399999999999728        3.4486544151807446E-003   1.1157163935693878E-002   0.0000000000000000        3.6339529388668863E-002   1007.0522729070370        54.264450457016345     
   3.3499999999999726        3.4406673130115343E-003   1.1079549867103040E-002   0.0000000000000000        2.8177057154190995E-002   1020.4009905197750        54.372134820560703     
   3.3599999999999723        3.4328925768671867E-003   1.1003071237287597E-002   0.0000000000000000        1.9933399403675469E-002   1033.8716134850679        54.479398036190233     
   3.3699999999999721        3.4253270556596910E-003   1.0927707400828808E-002   0.0000000000000000        1.1608593153477870E-002   1047.4740410194383        54.585320398908067     
   3.3799999999999719        3.4179676665147783E-003   1.0853438162009522E-002   0.0000000000000000        3.2026760248624873E-003   1061.1990930639677        54.690849335306176     
   3.3899999999999717        3.4108113930484451E-003   1.0780243763513492E-002   0.0000000000000000        0.0000000000000000        1075.0510960274064        54.795605132315870     
   3.3999999999999715        3.4038552836909573E-003   1.0708104875438995E-002   0.0000000000000000        0.0000000000000000        1089.0316373485502        54.899630018795243     
   3.4099999999999713        3.3970964500588028E-003   1.0637002584624997E-002   0.0000000000000000        0.0000000000000000        1103.1369158197210        55.002895719925988     
   3.4199999999999711        3.3905320653716256E-003   1.0566918384274674E-002   0.0000000000000000        0.0000000000000000        1117.3750021210201        55.105568295874427     
   3.4299999999999708        3.3841593629135038E-003   1.0497834163870083E-002   0.0000000000000000        0.0000000000000000        1131.7405746080212        55.207480959984295     
   3.4399999999999706        3.3779756345370354E-003   1.0429732199367129E-002   0.0000000000000000        0.0000000000000000        1146.2369343225093        55.308664336033289     
   3.4499999999999704        3.3719782292087083E-003   1.0362595143664397E-002   0.0000000000000000        0.0000000000000000        1160.8623551160240        55.409163053589204     
   3.4599999999999702        3.3661645515943401E-003   1.0296406017334742E-002   0.0000000000000000        0.0000000000000000        1175.6187379728810        55.508936502912881     
   3.4699999999999700        3.3605320606835765E-003   1.0231148199613505E-002   0.0000000000000000        0.0000000000000000        1190.5107387410662        55.608034606316345     
   3.4799999999999698        3.3550782684519669E-003   1.0166805419635909E-002   0.0000000000000000        0.0000000000000000        1205.5323568869539        55.706436383811514     
   3.4899999999999696        3.3498007385595946E-003   1.0103361747913875E-002   0.0000000000000000        0.0000000000000000        1220.6891112750513        55.804145773465876     
   3.4999999999999694        3.3446970850847255E-003   1.0040801588046235E-002   0.0000000000000000        0.0000000000000000        1235.9781196632873        55.901150083034054     
   3.5099999999999691        3.3397649712924747E-003   9.9791096686572926E-003   0.0000000000000000        0.0000000000000000        1251.4036571297197        55.997487557575639     
   3.5199999999999689        3.3350021084360437E-003   9.9182710355521751E-003   0.0000000000000000        0.0000000000000000        1266.9616043002945        56.093155553292654     
   3.5299999999999687        3.3304062545904799E-003   9.8582710440870153E-003   0.0000000000000000        0.0000000000000000        1282.6577909096416        56.188142468965694     
   3.5399999999999685        3.3259752135178632E-003   9.7990953517456993E-003   0.0000000000000000        0.0000000000000000        1298.4885936816211        56.282472394733347     
   3.5499999999999683        3.3217068335622698E-003   9.7407299109153155E-003   0.0000000000000000        0.0000000000000000        1314.4576448900521        56.376125308806458     
   3.5599999999999681        3.3175990065747261E-003   9.6831609618579870E-003   0.0000000000000000        0.0000000000000000        1330.5610967163254        56.469264710853629     
   3.5699999999999679        3.3136496668663739E-003   9.6263750258703523E-003   0.0000000000000000        0.0000000000000000        1346.8087109825408        56.561460998879973     
   3.5799999999999677        3.3098567901891770E-003   9.5703588986258588E-003   0.0000000000000000        0.0000000000000000        1363.1928848277576        56.653145942091740     
   3.5899999999999674        3.3062183927437521E-003   9.5150996436955577E-003   0.0000000000000000        0.0000000000000000        1379.7164639281114        56.744154004788633     
   3.5999999999999672        3.3027325302130255E-003   9.4605845862403594E-003   0.0000000000000000        0.0000000000000000                            NaN                       NaN
   3.6099999999999670        3.2993972968210386E-003   9.4068013068706966E-003   0.0000000000000000        0.0000000000000000                            NaN                       NaN
   3.6199999999999668        3.2962108244166746E-003   9.3537376356698926E-003   0.0000000000000000        0.0000000000000000                            NaN                       NaN
   3.6299999999999666        3.2931712815805411E-003   9.3013816463727444E-003   0.0000000000000000        0.0000000000000000                            NaN                       NaN
   3.6399999999999664        3.2902768727556277E-003   9.2497216506997638E-003   0.0000000000000000        0.0000000000000000                            NaN                       NaN
   3.6499999999999662        3.2875258373997016E-003   9.1987461928380362E-003   0.0000000000000000        0.0000000000000000                            NaN                       NaN
   3.6599999999999659        3.2849164491598193E-003   9.1484440440674324E-003   0.0000000000000000        0.0000000000000000                            NaN                       NaN
   3.6699999999999657        3.2824470150681130E-003   9.0988041975269135E-003   0.0000000000000000        0.0000000000000000                            NaN                       NaN
   3.6799999999999655        3.2801158747573634E-003   9.0498158631155141E-003   0.0000000000000000        0.0000000000000000                            NaN                       NaN
   3.6899999999999653        3.2779213996973304E-003   9.0014684625278531E-003   0.0000000000000000        0.0000000000000000                            NaN                       NaN
   3.6999999999999651        3.2758619924498217E-003   8.9537516244163496E-003   0.0000000000000000        0.0000000000000000                            NaN                       NaN
   3.7099999999999649        3.2739360859427025E-003   8.9066551796778224E-003   0.0000000000000000        0.0000000000000000                            NaN                       NaN
   3.7199999999999647        3.2721421427622053E-003   8.8601691568626975E-003   0.0000000000000000        0.0000000000000000                            NaN                       NaN
   3.7299999999999645        3.2704786544626397E-003   8.8142837777007085E-003   0.0000000000000000        0.0000000000000000                            NaN                       NaN
   3.7399999999999642        3.2689441408939360E-003   8.7689894527417465E-003   0.0000000000000000        0.0000000000000000                            NaN                       NaN
   3.7499999999999640        3.2675371495449923E-003   8.7242767771064308E-003   0.0000000000000000        0.0000000000000000                            NaN                       NaN
   3.7599999999999638        3.2662562549038627E-003   8.6801365263460759E-003   0.0000000000000000        0.0000000000000000                            NaN                       NaN
   3.7699999999999636        3.2651000578338861E-003   8.6365596524078363E-003   0.0000000000000000        0.0000000000000000                            NaN                       NaN
   3.7799999999999634        3.2640671849643271E-003   8.5935372796999750E-003   0.0000000000000000        0.0000000000000000                            NaN                       NaN
   3.7899999999999632        3.2631562880968156E-003   8.5510607012577733E-003   0.0000000000000000        0.0000000000000000                            NaN                       NaN
   3.7999999999999630        3.2623660436254345E-003   8.5091213750056321E-003   0.0000000000000000        0.0000000000000000                            NaN                       NaN
   3.8099999999999627        3.2616951519716039E-003   8.4677109201119569E-003   0.0000000000000000        0.0000000000000000                            NaN                       NaN
   3.8199999999999625        3.2611423370323351E-003   8.4268211134369882E-003   0.0000000000000000        0.0000000000000000                            NaN                       NaN
   3.8299999999999623        3.2607063456411259E-003   8.3864438860658062E-003   0.0000000000000000        0.0000000000000000                            NaN                       NaN
   3.8399999999999621        3.2603859470433619E-003   8.3465713199317657E-003   0.0000000000000000        0.0000000000000000                            NaN                       NaN
   3.8499999999999619        3.2601799323824822E-003   8.3071956445203606E-003   0.0000000000000000        0.0000000000000000                            NaN                       NaN
   3.8599999999999617        3.2600871141995401E-003   8.2683092336551973E-003   0.0000000000000000        0.0000000000000000                            NaN                       NaN
   3.8699999999999615        3.2601063259441901E-003   8.2299046023644271E-003   0.0000000000000000        0.0000000000000000                            NaN                       NaN
   3.8799999999999613        3.2602364214974560E-003   8.1919744038230144E-003   0.0000000000000000        0.0000000000000000                            NaN                       NaN
   3.8899999999999610        3.2604762747054775E-003   8.1545114263702999E-003   0.0000000000000000        0.0000000000000000                            NaN                       NaN
   3.8999999999999608        3.2608247789241811E-003   8.1175085905997712E-003   0.0000000000000000        0.0000000000000000                            NaN                       NaN
   3.9099999999999606        3.2612808465749552E-003   8.0809589465209771E-003   0.0000000000000000        0.0000000000000000                            NaN                       NaN
   3.9199999999999604        3.2618434087102548E-003   8.0448556707901821E-003   0.0000000000000000        0.0000000000000000                            NaN                       NaN
   3.9299999999999602        3.2625114145894427E-003   8.0091920640066368E-003   0.0000000000000000        0.0000000000000000                            NaN                       NaN
   3.9399999999999600        3.2632838312644384E-003   7.9739615480762579E-003   0.0000000000000000        0.0000000000000000                            NaN                       NaN
   3.9499999999999598        3.2641596431747548E-003   7.9391576636375638E-003   0.0000000000000000        0.0000000000000000                            NaN                       NaN
   3.9599999999999596        3.2651378517518626E-003   7.9047740675496653E-003   0.0000000000000000        0.0000000000000000                            NaN                       NaN
   3.9699999999999593        3.2662174750330616E-003   7.8708045304415677E-003   0.0000000000000000        0.0000000000000000                            NaN                       NaN
   3.9799999999999591        3.2673975472829139E-003   7.8372429343178708E-003   0.0000000000000000        0.0000000000000000                            NaN                       NaN
   3.9899999999999589        3.2686771186247214E-003   7.8040832702238067E-003   0.0000000000000000        0.0000000000000000                            NaN                       NaN
   3.9999999999999587        3.2700552546789103E-003   7.7713196359639183E-003   0.0000000000000000        0.0000000000000000                            NaN                       NaN
