   0.0000000000000000        0.0000000000000000        0.0000000000000000        0.0000000000000000        0.0000000000000000        0.0000000000000000        0.0000000000000000     
   5.0000000000000001E-003   0.0000000000000000        0.0000000000000000        0.0000000000000000        0.0000000000000000        0.0000000000000000        0.0000000000000000     
   1.0000000000000000E-002   4.9807934032691490        4.3971278493061856        0.0000000000000000        0.0000000000000000        0.0000000000000000        0.0000000000000000     
   1.4999999999999999E-002   18.669678040170481        13.134081114853558        0.0000000000000000        0.0000000000000000        0.0000000000000000        0.0000000000000000     
   2.0000000000000000E-002   31.644157619969061        21.429027375557304        0.0000000000000000        0.0000000000000000        0.0000000000000000        0.0000000000000000     
   2.5000000000000001E-002   43.411846881267849        28.983050344296885        0.0000000000000000        0.0000000000000000        0.0000000000000000        0.0000000000000000     
   3.0000000000000002E-002   53.609246051451656        35.561746959655515        0.0000000000000000        0.0000000000000000        0.0000000000000000        0.0000000000000000     
   3.5000000000000003E-002   62.022594557836079        41.010541980366440        1.2173505686270357E-003   0.0000000000000000        0.0000000000000000        0.0000000000000000     
   4.0000000000000001E-002   70.983097566799643        46.725567423922577        2.5212003926337921E-003  0.20506672851030697        0.0000000000000000        0.0000000000000000     
   4.4999999999999998E-002   79.410527988043214        52.129953365357821        3.9163504439640121E-003  0.53434868612759079        0.0000000000000000        0.0000000000000000     
   4.9999999999999996E-002   85.960327918390590        56.255988450715677        5.4147556469713474E-003  0.86420839178228304        0.0000000000000000        0.0000000000000000     
   5.4999999999999993E-002   90.695223577216069        59.139732474690412        7.0263896967833325E-003   1.1952863866573578        0.0000000000000000        0.0000000000000000     
   5.9999999999999991E-002   93.729622845064426        60.866749543544870        8.7590216474355970E-003   1.5282565718079830        0.0000000000000000        0.0000000000000000     
   6.4999999999999988E-002   95.217279577227345        61.559962873493063        1.0617974211585206E-002   1.8638238781881182        0.0000000000000000        0.0000000000000000     
   6.9999999999999993E-002   95.339020544417906        61.365064653706483        1.2605867999326923E-002   2.2027219497677502        0.0000000000000000        0.0000000000000000     
   7.4999999999999997E-002   94.288655308458274        60.434731359233396        1.4722357577938593E-002   2.5457108347178963        0.0000000000000000        0.0000000000000000     
   8.0000000000000002E-002   92.259275866561040        58.914997640752119        1.6963866919175730E-002   2.8935746716371766        0.0000000000000000        0.0000000000000000     
   8.5000000000000006E-002   89.433048727806352        56.936554186294572        1.9323333476682154E-002   3.2471193489034254        0.0000000000000000        0.0000000000000000     
   9.0000000000000011E-002   85.975676369832854        54.611383910778130        2.1789971754356052E-002   3.6071701054574934        0.0000000000000000        0.0000000000000000     
   9.5000000000000015E-002   82.034676751450021        52.033269213323635        2.4349068728954971E-002   3.9745690307438237        0.0000000000000000        0.0000000000000000     
  0.10000000000000002        77.739897110315965        49.280222779771528        2.6981824810071067E-002   4.3501724101470725        0.0000000000000000        0.0000000000000000     
  0.10500000000000002        73.204941207457594        46.417362412144634        2.9665255083772640E-002   4.7348478501825415        0.0000000000000000        0.0000000000000000     
  0.11000000000000003        68.528737915817828        43.499439922832167        3.2372166313207988E-002   5.1294711050100785        0.0000000000000000        0.0000000000000000     
  0.11500000000000003        63.796921527584928        40.572756558462558        3.5071225477951162E-002   5.5349225126695112        0.0000000000000000        0.0000000000000000     
  0.12000000000000004        59.082950308381832        37.676484615095340        3.7727135441738231E-002   5.9520829359821530        0.0000000000000000        0.0000000000000000     
  0.12500000000000003        54.449005252832904        34.843530859881163        4.0300932567332838E-002   6.3818290896026850        0.0000000000000000        0.0000000000000000     
  0.13000000000000003        49.946746301165952        32.101098792186640        4.2750419677424212E-002   6.8250281215297957        0.0000000000000000        0.0000000000000000     
  0.13500000000000004        45.618000807000506        29.471085910749590        4.5030745634051031E-002   7.2825313049699920        0.0000000000000000        0.0000000000000000     
  0.14000000000000004        41.495442157350332        26.970417342382145        4.7095139935496799E-002   7.7551666853599821        0.0000000000000000        0.0000000000000000     
  0.14500000000000005        37.603296231093260        24.611381809883181        4.8895807090094175E-002   8.2437305182567808        0.0000000000000000        0.0000000000000000     
  0.15000000000000005        33.958094520964735        22.402005560738758        5.0384981128187137E-002   8.7489773275641554        0.0000000000000000        0.0000000000000000     
  0.15500000000000005        30.569477014237115        20.346476413203693        5.1516135494030800E-002   9.2716084112822337        0.0000000000000000        0.0000000000000000     
  0.16000000000000006        27.441035916826003        18.445613630511186        5.6537305611424657E-002   9.8122586246879848        2.7706030785044943E-004   4.2299888112903765E-003
  0.16500000000000006        24.571183097868655        16.697369203961355        7.0768121602564724E-002   10.371481280171704        2.5478090476255227E-003   3.7267901537522075E-002
  0.17000000000000007        21.954019526527819        15.097341219267083        8.6455189017243528E-002   10.949731020311493        7.3159405585602640E-003  0.10211841109392628     
  0.17500000000000007        19.580183555720971        13.639279066255146       0.10347708609130488        11.547344547825304        1.5576219448262199E-002  0.20714674959518176     
  0.18000000000000008        17.437656100641377        12.315562119424028       0.12166402939247670        12.164519134847170        2.8477811160556102E-002  0.36057030345641322     
  0.18500000000000008        15.512503885997615        11.117637080897451       0.14079996573998788        12.801288886016662        4.7345978755022555E-002  0.57048772473335030     
  0.19000000000000009        13.789546292328016        10.036403538213234       0.16062703747154095        13.457498797232601        7.3710620079508182E-002  0.84497663534196810     
  0.19500000000000009        12.252936260258867        9.0625417568577333       0.18085237419376726        14.132776735930140       0.10938026743416888        1.1926907622928695     
  0.20000000000000009        10.886650651524240        8.1867808182477209       0.20115700882637835        14.826503570646601       0.15642053929187871        1.6220609291698591     
  0.20500000000000010        9.6748899860465567        7.4001086314482309       0.22120656702803024        15.537781797906039       0.21723918133488515        2.1420042816452636     
  0.21000000000000010        8.6023912850310040        6.6939279506664100       0.24066324997645852        16.265403152921017       0.29460721404596502        2.7615568980139562     
  0.21500000000000011        7.6546606942115485        6.0601643002914756       0.25919853213456506        17.007815845643400       0.39175027868144058        3.4904739921256858     
  0.22000000000000011        6.8181345969910243        5.4913327095654836       0.27650593621184366        17.763092232749795       0.51237210529142596        4.3387308025695690     
  0.22500000000000012        6.0802791006843213        4.9805705066690580       0.29231323130440573        18.528897914354111       0.66056617014519625        5.3156096934963104     
  0.23000000000000012        5.4296381975020962        4.5216432586915118       0.30639342735186254        19.302463425673956       0.83929284732635701        6.4218360977870619     
  0.23500000000000013        4.8558407068726677        4.1089304148760872       0.31857400577555350        20.080559869469500        1.0595318531754896        7.6984829453136143     
  0.24000000000000013        4.3495754511291045        3.7373964498461616       0.32874392542805381        20.859479994760139        1.3214254472211229        9.1245124651443490     
  0.24500000000000013        3.9025431519009990        3.4025524253948980       0.33685806533980522        21.643856797212798        1.6332095638445856        10.718644736019428     
  0.25000000000000011        3.5073923931338640        3.1004119839663851       0.34293890057519955        22.437293663001324        1.9965218261982602        12.467050282713229     
  0.25500000000000012        3.1576457892986749        2.8274449198111844       0.34707534403149209        23.221545189583239        2.4317466263857668        14.433116929408090     
  0.26000000000000012        2.8476213096846954        2.5805306881749859       0.34943321511231856        23.991223961548325        2.9315611725749036        16.559587675002035     
  0.26500000000000012        2.5723526026557106        2.3569135330285471       0.35056039892305318        24.740509256400838        3.5056669817611881        18.861644378355710     
  0.27000000000000013        2.3275111761786142        2.1541603491181087       0.35076854892415987        25.463195344383585        4.1594060131804564        21.339180624779296     
  0.27500000000000013        2.1093324430238596        1.9701219429875967       0.35020851592664709        26.152755971795340        4.8907346484094081        23.946408613856498     
  0.28000000000000014        1.9145469364925232        1.8028980113524040       0.34903578933546431        26.802425541274204        5.7043776355664457        26.694921319811879     
  0.28500000000000014        1.7403174404875239        1.6508059008483522       0.34740952521240387        27.405296921484460        6.5847108981537215        29.515773294289914     
  0.29000000000000015        1.5841823443572660        1.5123530359594761       0.34549154490787959        27.954435135523816        7.5613700008442990        32.475559508809162     
  0.29500000000000015        1.4440052122988196        1.3862127869235672       0.34344497283120928        28.443005412003018        8.5941421973215508        35.448819896300940     
  0.30000000000000016        1.3179303316006798        1.2712034826886549       0.34143197945171117        28.864413265935951        9.6870782182838795        38.439756318552227     
  0.30500000000000016        1.2043438559976090        1.1662702432464702       0.33960981937289708        29.212453447733960        10.831827583501880        41.420621468766257     
  0.31000000000000016        1.1018400733945994        1.0704693005357702       0.33812401911962081        29.481463804893085        12.008245315732175        44.341445046930609     
  0.31500000000000017        1.0091922864953091       0.98295448919940576       0.33709727874425655        29.666479396194937        13.243028904253848        47.252854525719997     
  0.32000000000000017       0.92532778788637882       0.90296561126033459       0.33661274172523831        29.763381637540480        14.494893023064833        50.068626768694649     
  0.32500000000000018       0.84930642753724594       0.82981840735605650       0.33669161572712381        29.769036895453148        15.757986362826934        52.777520272817647     
  0.33000000000000018       0.78030230223772801       0.76289589802035662       0.33726945559564397        29.681418826739595        17.056311797380534        55.423094437504325     
  0.33500000000000019       0.71758813687188683       0.70164088922180756       0.33818508805019415        29.499708926087180        18.354455901033162        57.939283324987329     
  0.34000000000000019       0.66052197190900763       0.64554946542342939       0.33920929101761893        29.224370208630322        19.658133364716459        60.339071223399863     
  0.34500000000000020       0.60853581672758417       0.59416531992968402       0.34013396826252251        28.857189722515077        20.962776265993853        62.613737737366463     
  0.35000000000000020       0.56112597210785209       0.54707479581598406       0.34086772550648609        28.401286637825720        22.265718332813243        64.763435340060639     
  0.35500000000000020       0.51784476600562179       0.50390253119365336       0.34141812000379312        27.861083949792153        23.562593028570511        66.778660300416675     
  0.36000000000000021       0.47829348375863806       0.46430762005946330        2.2612500712399299        27.242243305410188        24.851713078053614        68.663163653194687     
  0.36500000000000021       0.44211630683550646       0.42798021474669051        2.2130164396119838        26.551564032516549        26.126385710843479        70.408185739424994     
  0.37000000000000022       0.40899510309100606       0.39463850833067715        2.1659048949429338        25.796849030072398        27.398047387738096        72.030262986531298     
  0.37500000000000022       0.37864493642001118       0.36402604556324958        2.1197486899328140        24.986741670779125        28.652307444260941        73.516242148873502     
  0.38000000000000023       0.35081018500938871       0.33590931932932538        2.0733314935802332        24.130539180845933        29.891374869231761        74.869283381576807     
  0.38500000000000023       0.32526117544023581       0.31007561652510679        2.0231083409178869        23.237989012534584        31.116048317049938        76.097240003947064     
  0.39000000000000024       0.30179125508110105       0.28633108290964210        1.9646349884781762        22.319075448614214        32.322509711014547        77.196242395237945     
  0.39500000000000024       0.28021423791988725       0.26449898110574172        1.8952768686850161        21.383804028929390        33.517997209334141        78.180855511764719     
  0.40000000000000024       0.26036216956775521       0.24441811971349947        1.8153510545016860        20.441991351612700        34.694680031838189        79.046677407542390     
  0.40500000000000025       0.24208336595979374       0.22594143461027930        1.7275267665377951        19.503067383089988        35.855955743643605        79.800873762175144     
  0.41000000000000025       0.22524068756404303       0.20893470607650783        1.6355233468168349        18.575896646793801        37.001311984787684        80.444202317739169     
  0.41500000000000026       0.20971001694440669       0.19327539751419109        1.5429657907058418        17.668623607803653        38.131717818534753        80.992752221718320     
  0.42000000000000026       0.19537891251938214       0.17885160330103234        1.4527371004251448        16.788546302228156        39.249137160708912        81.442348248633195     
  0.42500000000000027       0.18214541549930074       0.16556109481639664        1.3667881056629443        15.942020861478724        40.351016163750813        81.799570850675849     
  0.43000000000000027       0.16991699042195571       0.15331045494085102        1.2862249458296011        15.134398139651561        41.440655823350497        82.072559402280703     
  0.43500000000000028       0.15860958256645052       0.14201429241222518        1.2115081375949364        14.369992252083588        42.518359583979880        82.266607129023356     
  0.44000000000000028       0.14814677791152495       0.13159452835194044        1.1426611426616300        13.652079550371468        43.583480250921873        82.384360280635462     
  0.44500000000000028       0.13845905330291872       0.12197974808303265        1.0794432019841469        12.982925455028033        44.642655646335243        82.438354836067120     
  0.45000000000000029       0.12948310617393252       0.11310461206696819        1.0214755632175334        12.363835686194076        45.681996482972316        82.415031697019188     
  0.45500000000000029       0.12116125458083353       0.10490932040680319       0.96832595195496418        11.795227801395006        46.715401597732132        82.336020762466447     
  0.46000000000000030       0.11344089951619800        9.7339125912965660E-002  0.91956095330157495        11.276718575029943        47.740596433877208        82.202811791020196     
  0.46500000000000030       0.10627404248597865        9.0343891215531213E-002  0.87477576777235044        10.807222627973461        48.756638072087149        82.017334123470832     
  0.47000000000000031        9.9616852210368007E-002   8.3877685841941302E-002  0.83360890276298771        10.385057814470279        49.768512655496870        81.789674356285090     
  0.47500000000000031        9.3429275059108433E-002   7.7898419568692853E-002  0.79574727672479773        10.008053164012514        50.769383965349519        81.514865021421457     
  0.48000000000000032        8.7674684478860884E-002   7.2367508705371786E-002  0.76092549009651644        9.6736556172969248        51.764346607833687        81.201948275621533     
  0.48500000000000032        8.2319565230021943E-002   6.7249572284256182E-002  0.72892175425032502        9.3790323444710122        52.757317323702424        80.859455997733576     
  0.49000000000000032        7.7333228736458759E-002   6.2512155412609974E-002  0.69955210243781096        9.1211660470671649        53.736771930609954        80.473488878917550     
  0.49500000000000033        7.2687556275107229E-002   5.8125477301142675E-002  0.67266393220163312        8.8969412817880471        54.717484238663673        80.068983950319193     
  0.50000000000000033        6.8356767102435045E-002   5.4062201713858622E-002  0.64812955333446909        8.7032204694476700        55.688954481434564        79.632292277426075     
  0.50500000000000034        6.4317208939029161E-002   5.0297227794163818E-002  0.62584016871001524        8.5369088367287151        56.656487691869458        79.171599315187649     
  0.51000000000000034        6.0547168518431435E-002   4.6807499411946611E-002  0.60570054850714161        8.3950080603678625        57.622221798206972        78.698173968239246     
  0.51500000000000035        5.7026700157122669E-002   4.3571831348253855E-002  0.58762454075678827        8.2746588282458351        58.585781060846308        78.206503844474170     
  0.52000000000000035        5.3737470523818776E-002   4.0570750789988244E-002  0.57153147458429865        8.1731728918464857        59.545310330745579        77.700489637179899     
  0.52500000000000036        5.0662617981789962E-002   3.7786352748237238E-002  0.55734344713862205        8.0880554577929562        60.494304303113978        77.169252946567056     
  0.53000000000000036        4.7786625051027314E-002   3.5202168141839164E-002  0.54498343600186505        8.0170189557468330        61.445634689047495        76.635093144092068     
  0.53500000000000036        4.5095202690567833E-002   3.2803043403827802E-002  0.53437414366641689        7.9579893327315823        62.392479295728656        76.089228622885088     
  0.54000000000000037        4.2575185237546907E-002   3.0575030573605378E-002  0.52543745808649134        7.9091060693778239        63.333241828186360        75.529505176195102     
  0.54500000000000037        4.0214434960661641E-002   2.8505286933107089E-002  0.51809440218754632        7.8687171026920426        64.279995943864947        74.977121575497577     
  0.55000000000000038        3.8001755293506877E-002   2.6581983331717962E-002  0.51226544401093410        7.8353697844287504        65.220781091338452        74.413824445745448     
  0.55500000000000038        3.5926811909239416E-002   2.4794220423174185E-002  0.50787104606363043        7.8077989154167211        66.156532378346057        73.843306804501410     
  0.56000000000000039        3.3980060883629724E-002   2.3131952108817053E-002  0.50483234516956488        7.7849127849761279        67.088529788222758        73.266760248062425     
  0.56500000000000039        3.2152683269945963E-002   2.1585915546126235E-002  0.50307187068614889        7.7657780204647420        68.023889409878223        72.698935763639071     
  0.57000000000000040        3.0436525477326823E-002   2.0147567139957367E-002  0.50251422726395367        7.7496039230545222        68.954632703949002        72.124382528159430     
  0.57500000000000040        2.8824044905297393E-002   1.8809023987043028E-002  0.50308668690897396        7.7357268387076576        69.882287513517738        71.550659510284390     
  0.58000000000000040        2.7308260341614352E-002   1.7563010292448538E-002  0.50471965294809285        7.7235949930122780        70.798441662951575        70.967221609423348     
  0.58500000000000041        2.5882706679466218E-002   1.6402808320392599E-002  0.50734697493934588        7.7127541086515672        71.733242859174922        70.406506558160828     
  0.59000000000000041        2.4541393553789474E-002   1.5322213481483370E-002  0.51090610845184803        7.7028340271176781        72.652743775856607        69.834386051143994     
  0.59500000000000042        2.3278767535670594E-002   1.4315493194402481E-002  0.51533812723007411        7.6935364730165308        73.576686464149972        69.272097617906084     
  0.60000000000000042        2.2089677558971319E-002   1.3377349192720852E-002  0.52058760719861430        7.6846240302115794        74.493787273738931        68.706924187569427     
  0.60500000000000043        2.0969343284878563E-002   1.2502882977170197E-002  0.52660241236494809        7.6759103436604255        75.411876976670925        68.148851370504133     
  0.61000000000000043        1.9913326138430214E-002   1.1687564140601594E-002  0.53333342088230484        7.6672515181636749        76.324364371495861        67.590595271411985     
  0.61500000000000044        1.8917502776540984E-002   1.0927201317289314E-002  0.54073423455081193        7.6585386540085336        77.241924854827914        67.044628432580822     
  0.62000000000000044        1.7978040769960901E-002   1.0217915530430766E-002  0.54876091534161753        7.6496914381927734        78.153888002100487        66.499627878406130     
  0.62500000000000044        1.7091376302211577E-002   9.5561157318379154E-003  0.55737178702177270        7.6406526969085560        79.065089718143312        65.959993965861628     
  0.63000000000000045        1.6254193707095764E-002   8.9384763461232992E-003  0.56652732828062724        7.6313838087267714        79.971637278937621        65.423191508626175     
  0.63500000000000045        1.6332926989384679E-002   8.8321142239900282E-003  0.57619016702704851        7.6218608769392242        80.881073480749635        64.896932408241483     
  0.64000000000000046        1.5724969118666297E-002   8.3599078175827807E-003  0.58632516629960219        7.6120715624872268        81.785942329906831        64.371298951750674     
  0.64500000000000046        1.5146703318163554E-002   7.9149605899907893E-003  0.59689957447967534        7.6020124846409063        82.693570264806908        63.856565115908488     
  0.65000000000000047        1.4596433708345301E-002   7.4955530286098925E-003  0.60788320007821728        7.5916871041213074        83.595698987772181        63.343444059306371     
  0.65500000000000047        1.4072573689730998E-002   7.1000828463948663E-003  0.61924856719062615        7.5811040118991793        84.499749178704064        62.839001821586464     
  0.66000000000000048        1.3573638177408144E-002   6.7270564352070756E-003  0.63097101245568488        7.5702755557999399        85.464287115137765        62.390139410068990     
  0.66500000000000048        1.3098236434993152E-002   6.3750809795159570E-003  0.64302869630072679        7.5592167458630160        86.301431309770294        61.848421880202466     
  0.67000000000000048        1.2645065458319118E-002   6.0428571768097678E-003  0.65540251708100494        7.5479443877913743        87.203209284246100        61.364589514580707     
  0.67500000000000049        1.2212903863521642E-002   5.7291725156163181E-003  0.66807593248379304        7.5364764015797672        88.103214395598471        60.884471108565528     
  0.68000000000000049        1.1800606238180952E-002   5.4328950661904777E-003  0.68103470495789864        7.5248312893909750        89.002508289724247        60.411217705681345     
  0.68500000000000050        1.1407097917791256E-002   5.1529677427064446E-003  0.69426659537662816        7.5130277229215512        89.901268704647151        59.944370626330077     
  0.69000000000000050        1.1031370153101289E-002   4.8884029992485329E-003  0.70776103119378575        7.5010842258553332        90.802433156522142        59.487121065755510     
  0.69500000000000051        1.0672475636854410E-002   4.6382779250485114E-003  0.72150877321283979        7.4890189315588076        91.703808529049752        59.034652605773893     
  0.70000000000000051        1.0329524361154016E-002   4.4017297072975669E-003  0.73550160025143951        7.4768494000518864        92.604107669009295        58.587580266442288     
  0.70500000000000052        1.0001679779141778E-002   4.1779514324874556E-003  0.74973202497657265        7.4645924814571778        93.504097060944488        58.146693260467273     
  0.71000000000000052        9.6881552469104265E-003   3.9661881996438525E-003  0.76419304842818858        7.4522642158075012        94.407896792856846        57.714047323985056     
  0.71500000000000052        9.3882107236079836E-003   3.7657335210062137E-003  0.77887795582413943        7.4398797612041205        95.309150554541148        57.279752706952010     
  0.72000000000000053        9.1011497095405160E-003   3.5759259877173009E-003  0.79378015259147605        7.4274533440766399        96.221667537080521        56.867731124229785     
  0.72500000000000053        8.8263164037689409E-003   3.3961461799233705E-003  0.80889303725471529        7.4149982266546903        97.124990834683516        56.449394796324768     
  0.73000000000000054        8.5630930642325177E-003   3.2258138023620090E-003  0.82420990642118286        7.4025266878905240        98.039430642859855        56.041518682527517     
  0.73500000000000054        8.3108975548328249E-003   3.0643850280541746E-003  0.83972388674331344        7.3900500149094954        98.946226345373574        55.635695982790061     
  0.74000000000000055        8.0691810651922265E-003   2.9113500341214522E-003  0.85542788881532061        7.3775785027327805        99.863688089663867        55.239479115533932     
  0.74500000000000055        7.8374259899678372E-003   2.7662307150396991E-003  0.87131457841074578        7.3651214605770408        100.78447752347617        54.849112799210261     
  0.75000000000000056        7.6151439556660936E-003   2.6285785598159799E-003  0.88737636117836616        7.3526872233923450        101.70659463461314        54.464847801990665     
  0.75500000000000056        7.4018739838810042E-003   2.4979726806607268E-003  0.90360537755379011        7.3402831676392122        102.63850337186368        54.084321949747149     
  0.76000000000000056        7.1971807807669711E-003   2.3740179817151427E-003  0.91999350536286140        7.3279157305126974        103.57514140077711        53.715966975500578     
  0.76500000000000057        7.0006531433712202E-003   2.2563434573004302E-003  0.93653236823136543        7.3155904320311551        104.51634066153531        53.342852238755540     
  0.77000000000000057        6.8119024741984079E-003   2.1446006099928041E-003  0.95321334831392679        7.3033118995055650        105.47126966025310        52.985535393783181     
  0.77500000000000058        6.6305613960600781E-003   2.0384619795857694E-003  0.97002760235018826        7.2910838940262765        106.42513724013550        52.627969735956462     
  0.78000000000000058        6.4562824598876729E-003   1.9376197747081724E-003  0.98696608036808586        7.2789093386766153        107.38998084185322        52.276447483784182     
  0.78500000000000059        6.2887369387596382E-003   1.8417845995055530E-003   1.0040195464449357        7.2667903482270848        108.36429145499613        51.931923154090718     
  0.79000000000000059        6.1276137019205248E-003   1.7506842683861841E-003   1.0211786012525850        7.2547282601114143        109.34738151415969        51.590822401034139     
  0.79500000000000060        5.9726181630470679E-003   1.6640627023728897E-003   1.0384337060948534        7.2427236665325143        110.34478138921421        51.255648080114156     
  0.80000000000000060        5.8234712974638021E-003   1.5816789011040390E-003   1.0557752082881888        7.2307764475223175        111.35065747467553        50.926521203776510     
  0.80500000000000060        5.6799087234111626E-003   1.5033059849822040E-003   1.0731933676767373        7.2188858048606530        112.37072841885197        50.603028916906446     
  0.81000000000000061        5.5416798428460428E-003   1.4287303023920355E-003   1.0906783841988053        7.2070502967149732        113.40601024717850        50.284121021914991     
  0.81500000000000061        5.4085470375940534E-003   1.3577505972962346E-003   1.1082204263785269        7.1952678729013240        114.45287141580827        49.969346084419385     
  0.82000000000000062        5.2802849169898544E-003   1.2901772328751454E-003   1.1258096606312464        7.1835359106691925        115.52051212957048        49.661905608272193     
  0.82500000000000062        5.1566796134297098E-003   1.2258314672032797E-003   1.1434362812359762        7.1718512509100725        116.61404742751026        49.372243025828318     
  0.83000000000000063        5.0375281225284478E-003   1.1645447772582387E-003   1.1610905409204351        7.1602102347203003        117.70363811765297        49.058717460158867     
  0.83500000000000063        4.9226376848175877E-003   1.1061582278368001E-003   1.1787627818706350        7.1486087402000296        118.82428794909337        48.764334938716580     
  0.84000000000000064        4.8118252061463583E-003   1.0505218822074833E-003   1.1964434671439350        7.1370422194447283        119.96834080012624        48.476215803124276     
  0.84500000000000064        4.7049167141583262E-003   9.9749425156615119E-004   1.2141232122546926        7.1255057356202371        121.13216509260388        48.192246636938400     
  0.85000000000000064        4.6017468484045596E-003   9.4694178057962207E-004   1.2317928169150902        7.1139940000605177        122.31663955442667        47.909641813466529     
  0.85500000000000065        4.5021583818343324E-003   8.9873836650058699E-004   1.2494432967379343        7.1025014093151349        123.53241699076203        47.636177134643503     
  0.86000000000000065        4.4060017715658994E-003   8.5276490952550959E-004   1.2670659148171395        7.0910220820666954        124.77357436453130        47.365465248069107     
  0.86500000000000066        4.3131347369910842E-003   8.0890889223521312E-004   1.2846522130826739        7.0795498958543241        126.04580589456991        47.101981063234511     
  0.87000000000000066        4.2234218634062959E-003   7.6706398611734187E-004   1.3021940432326593        7.0680785235425416        127.34270756501856        46.839925151834557     
  0.87500000000000067        4.1367342294918496E-003   7.2712968331444818E-004   1.3196835972145615        7.0566014694583785        128.67252716918759        46.581996976963573     
  0.88000000000000067        4.0529490570792095E-003   6.8901095187682323E-004   1.3371134371031537        7.0451121051376866        130.03643259539317        46.329693649510560     
  0.88500000000000068        3.9719493817559192E-003   6.5261791292235401E-004   1.3544765241940475        7.0336037046305249        131.43773747253059        46.083110075956341     
  0.89000000000000068        3.8936237429603392E-003   6.1786553822142239E-004   1.3717662473265380        7.0220694793004848        132.87080471139402        45.836482457358834     
  0.89500000000000068        3.8178658923107649E-003   5.8467336683032270E-004   1.3889764502146709        7.0105026120473921        134.34711961707890        45.600558063899229     
  0.90000000000000069        3.7445745190022141E-003   5.5296523949542717E-004   1.4061014577377158        6.9988962909298724        135.86179362066454        45.364963380001107     
  0.90500000000000069        3.6736529911822993E-003   5.2266904964008980E-004   1.4231361009504027        6.9872437421175997        137.42257834432576        45.135648940857394     
  0.91000000000000070        3.6050091122955580E-003   4.9371650983153273E-004   1.4400757410410807        6.9755382621051769        139.03317545770864        44.921045065691402     
  0.91500000000000070        3.5385548914512598E-003   4.6604293270193186E-004   1.4569162916640972        6.9637732491991944        140.67298019770141        44.687370842272749     
  0.92000000000000071        3.4742063269358799E-003   4.3958702536919830E-004   1.4736542399891834        6.9519422341484924        142.36473486361911        44.467063878916065     
  0.92500000000000071        3.4118832020508367E-003   4.1429069647197823E-004   1.4902866660659064        6.9400389099605926        144.11412510633161        44.255347809791758     
  0.93000000000000071        3.3515088925098425E-003   3.9009887499192328E-004   1.5068112606320050        6.9280571608035473        145.91473489362576        44.045946252780297     
  0.93500000000000072        3.2930101846830968E-003   3.6695934009611846E-004   1.5232263411032958        6.9159910899693209        147.76809011944806        43.840293843153567     
  0.94000000000000072        3.2363171040213018E-003   3.4482256128424602E-004   1.5395308658008153        6.9038350468889806        149.67458479902862        43.638817218032621     
  0.94500000000000073        3.1813627530388310E-003   3.2364154817484520E-004   1.5557244463394817        6.8915836531173476        151.65605109823522        43.446185109025457     
  0.95000000000000073        3.1280831582735902E-003   3.0337170931005468E-004   1.5718073579504743        6.8792318273033635        153.67291668144361        43.247960623284150     
  0.95500000000000074        3.0764171256820560E-003   2.8397071940125545E-004   1.5877805479188896        6.8667748090780840        155.76636593882597        43.060017527902204     
  0.96000000000000074        3.0263061039612267E-003   2.6539839447655919E-004   1.6036456419175960        6.8542081818413010        157.92165595650144        42.865302607460663     
  0.96500000000000075        2.9776940553229631E-003   2.4761657442827750E-004   1.6194049481683170        6.8415278944620033        160.13748089003985        42.691070832833539     
  0.97000000000000075        2.9305273332780645E-003   2.3058901249200172E-004   1.6350614595923634        6.8287302817857976        162.43779214656379        42.514847682597036     
  0.97500000000000075        2.8847545670129880E-003   2.1428127121987268E-004   1.6506188536326922        6.8158120840025447        164.79190287041141        42.337765061237263     
  0.98000000000000076        2.8403265519720928E-003   1.9866062454111275E-004   1.6660814899661218        6.8027704648264651        167.23192617066800        42.169822113545017     
  0.98500000000000076        2.7971961462811726E-003   1.8369596552903928E-004   1.6814544058973993        6.7896030284596156        169.73804106142842        42.003411020067261     
  0.99000000000000077        2.7553181726700394E-003   1.6935771951840907E-004   1.6967433095942610        6.7763078353469677        172.32497432552412        41.840411722068723     
  0.99500000000000077        2.7146493255774421E-003   1.5561776224329196E-004   1.7119545710635955        6.7628834166695242        174.99241774400281        41.682574049195054     
   1.0000000000000007        2.6751480831361659E-003   1.4244934268317245E-004   1.7270952106683297        6.7493287876326304        177.74413447403364        41.526475859904615     
   1.0050000000000006        2.6367746237597862E-003   1.2982701032977236E-004   1.7421728856876977        6.7356434594623513        180.57859231620432        41.378410652024208     
   1.0100000000000005        2.5994907470669334E-003   1.1772654660205335E-004   1.7571958745232990        6.7218274501347555        183.50449708179673        41.227819880967104     
   1.0150000000000003        2.5632597988961493E-003   1.0612490015803854E-004   1.7721730585366910        6.7078812938739940        186.50183737039910        41.080939865956104     
   1.0200000000000002        2.5280466001803698E-003   9.5000125865193680E-005   1.7871139019593218        6.6938060493053495        189.60576910754008        40.941585481128683     
   1.0250000000000001        2.4938173794626052E-003   8.4331327209199707E-005   1.8020284294024720        6.6796033064099323        192.78819644826831        40.803730397891215     
   1.0300000000000000        2.4605397088495258E-003   7.4098601933173357E-005   1.8169272014577840        6.6652751921152626        196.07816361121422        40.670516705038217     
   1.0349999999999999        2.4281824432102576E-003   6.4282990713772852E-005   1.8318212880778890        6.6508243746871347        199.46731439686764        40.540710029073374     
   1.0399999999999998        2.3967156624408971E-003   5.4866428692607440E-005   1.8467222399782939        6.6362540667837067        202.92550828033117        40.411372824859903     
   1.0449999999999997        2.3661106166249129E-003   4.5831699692832186E-005   1.8616420582396116        6.6215680272633257        206.51017148172622        40.286473384956643     
   1.0499999999999996        2.3363396739303818E-003   3.7162392961943910E-005   1.8765931617570224        6.6067705617130619        210.18115158447026        40.168433812220009     
   1.0549999999999995        2.3073762710941873E-003   2.8842862291359721E-005   1.8915883530061224        6.5918665217681829        213.97015267205302        40.052190908167454     
   1.0599999999999994        2.2791948663523779E-003   2.0858187372995052E-005   1.9066407822887008        6.5768613030766119        217.84889592295951        39.936793589170001     
   1.0649999999999993        2.2517708946840284E-003   1.3194137261966232E-005   1.9217639099272561        6.5617608421456275        221.85265936842998        39.826296847114605     
   1.0699999999999992        2.2250807252439564E-003   5.8371358221642822E-006   1.9369714672558140        6.5465716118875497        225.95549281884340        39.717063608469736     
   1.0749999999999991        2.1991016208667957E-003  -1.2257709600747107E-006   1.9522774159686613        6.5313006159614142        230.19041041585209        39.611438223422262     
   1.0799999999999990        2.1738116995314791E-003  -8.0069459029722458E-006   1.9676959062954857        6.5159553819345355        234.50062678340635        39.510949307952394     
   1.0849999999999989        2.1491898976823726E-003  -1.4518189897743308E-005   1.9832412336975080        6.5005439532654332        238.97566260870195        39.411680660277611     
   1.0899999999999987        2.1252159353086766E-003  -2.0770769614416039E-005   1.9989277945856718        6.4850748801126787        243.52695588029974        39.315417834966198     
   1.0949999999999986        2.1018702826891018E-003  -2.6775443733835609E-005   2.0147700412380734        6.4695572089923621        248.20837303247890        39.223021025980543     
   1.0999999999999985        2.0791341287151603E-003  -3.2542487790299331E-005   2.0307824353300319        6.4540004713511223        253.03001064700948        39.133966598865676     
   1.1049999999999984        2.0569893507103947E-003  -3.8081717703520499E-005   2.0469794012720972        6.4384146709909000        257.95830329819455        39.045956207653205     
   1.1099999999999983        2.0354184856680442E-003  -4.3402512073765520E-005   2.0633752784864807        6.4228102704617021        262.99922315294953        38.961592935720716     
   1.1149999999999982        2.0144047028332959E-003  -4.8513833310503935E-005   2.0799842735454437        6.4071981763872836        268.19396716868681        38.881160377669012     
   1.1199999999999981        1.9939317775620985E-003  -5.3424247659159709E-005   2.0968204117210667        6.3915897237411263        273.53622502478379        38.802296305038325     
   1.1249999999999980        1.9739840663900252E-003  -5.8141944188329312E-005   2.1138974884771042        6.3759966591810278        278.99827744630522        38.727030272240597     
   1.1299999999999979        1.9545464832501540E-003  -6.2674752794757957E-005   2.1312290207886502        6.3604311233576638        284.52731710620571        38.651984013397502     
   1.1349999999999978        1.9356044767817214E-003  -6.7030161280907060E-005   2.1488281988041820        6.3449056323222752        290.19580099209651        38.580506659006659     
   1.1399999999999977        1.9171440086741393E-003  -7.1215331556172994E-005   2.1667078373912858        6.3294330580031284        296.01806999949400        38.513204992960794     
   1.1449999999999976        1.8991515329947093E-003  -7.5237115009961581E-005   2.1848803284501033        6.3140266078211322        301.94623295239694        38.443323386223582     
   1.1499999999999975        1.8816139764505349E-003  -7.9102067102280617E-005   2.2033575933791587        6.2986998034519210        308.03775749820051        38.388133500979620     
   1.1549999999999974        1.8645187195384021E-003  -8.2816461214089992E-005   2.2221510366874035        6.2834664587840328        314.37475893287802        38.329229034936503     
   1.1599999999999973        1.8478535785385729E-003  -8.6386301798164526E-005   2.2412715001867793        6.2683406570813522        320.90568458556794        38.285532113980395     
   1.1649999999999971        1.8316067883104050E-003  -8.9817336868220667E-005   2.2607292181666097        6.2533367274404288        327.39024410072579        38.220012862219491     
   1.1699999999999970        1.8157669858513540E-003  -9.3115069861814256E-005   2.2805337740543101        6.2384692204917398        334.04180461131284        38.146765805846854     
   1.1749999999999969        1.8003231945811389E-003  -9.6284770910915889E-005   2.3006940579902944        6.2237528835121791        340.97511197593218        38.102734919523513     
   1.1799999999999968        1.7852648093161386E-003  -9.9331487552089604E-005   2.3212182261392629        6.2092026348128266        347.99716840147471        38.052314538661619     
   1.1849999999999967        1.7705815819009495E-003  -1.0226005490556413E-004   2.3421136616584395        6.1948335376126451        355.15555620202258        38.005772258955965     
   1.1899999999999966        1.7562636074645490E-003  -1.0507510535215066E-004   2.3633869373202558        6.1806607733319145        362.48392169021997        37.960533772622682     
   1.1949999999999965        1.7423013112721369E-003  -1.0778107773413741E-004   2.3850437800890085        6.1666996143629413        337.89079309128232        37.402386820320721     
   1.1999999999999964        1.7286854361432985E-003  -1.1038222610539164E-004   2.4070890378764753        6.1529653964045856        344.22833338486464        37.346343722147815     
   1.2049999999999963        1.7154070304100516E-003  -1.1288262805460077E-004   2.4295266484919300        6.1394734903318806        350.67281688599894        37.287962279461205     
   1.2099999999999962        1.7024574363889437E-003  -1.1528619262369165E-004   2.4523596107649137        6.1262392737325504        357.21267112373528        37.233659571266628     
   1.2149999999999961        1.6898282793434672E-003  -1.1759666784265220E-004   2.4755899585987122        6.1132781019933162        363.96405223714117        37.182204667552384     
   1.2199999999999960        1.6775114569127440E-003  -1.1981764790099949E-004   2.4992187369758119        6.1006052792666505        370.86972671804887        37.130077557236064     
   1.2249999999999959        1.6654991289860855E-003  -1.2195257997399032E-004   2.5232459817359034        6.0882360289603845        377.89057153442144        37.082901225769447     
   1.2299999999999958        1.6537837080012855E-003  -1.2400477072256226E-004   2.5476707008824246        6.0761854642382813        384.97031582466792        37.034292389249558     
   1.2349999999999957        1.6423578496482614E-003  -1.2597739248239255E-004   2.5724908603500580        6.0644685581417672        392.17179743503362        36.988231714133370     
   1.2399999999999956        1.6312144439583052E-003  -1.2787348915919709E-004   2.5977033716644655        6.0531001137916078        399.61196146033836        36.943673003865079     
   1.2449999999999954        1.6203466067620837E-003  -1.2969598184454692E-004   2.6233040837135380        6.0420947343401821        407.17200105307865        36.902385881449739     
   1.2499999999999953        1.6097476714987764E-003  -1.3144767416669247E-004   2.6492877770803949        6.0314667930150527        414.82564642509720        36.860185403525755     
   1.2549999999999952        1.5994111813611210E-003  -1.3313125738985662E-004   2.6756481623963495        6.0212304031096284        422.55350183401816        36.821371287755291     
   1.2599999999999951        1.5893308817605709E-003  -1.3474931527452974E-004   2.7023778818118123        6.0113993880677414        430.57371753886156        36.783907298043289     
   1.2649999999999950        1.5795007130984080E-003  -1.3630432871091614E-004   2.7294685144170057        6.0019872516633459        438.69147001424028        36.747990071889632     
   1.2699999999999949        1.5699148038288899E-003  -1.3779868013688294E-004   2.7569105844034962        5.9930071483604950        446.82402655846619        36.704493713585030     
   1.2749999999999948        1.5605674638016086E-003  -1.3923465775123929E-004   2.7846935742146428        5.9844718538456032        455.29110909320787        36.677363495330631     
   1.2799999999999947        1.5514531778703898E-003  -1.4061445953232141E-004   2.8128059405417836        5.9763937357926471        463.76916540555237        36.644021483059923     
   1.2849999999999946        1.5425665997571118E-003  -1.4194019707172481E-004   2.8412351342227380        5.9687847250034443        472.48074906220506        36.613209112784205     
   1.2899999999999945        1.5339025461589284E-003  -1.4321389923249904E-004   2.8699676240238987        5.9616562868335210        481.28356279068765        36.581634932225789     
   1.2949999999999944        1.5254559910884908E-003  -1.4443751563977537E-004   2.8989889244180627        5.9550193929867827        490.17662296594341        36.550795276790048     
   1.2999999999999943        1.5172220604368354E-003  -1.4561292001301132E-004   2.9282836271431214        5.9488844938516925        499.32940283328827        36.524130189520420     
   1.3049999999999942        1.5091960267491916E-003  -1.4674191334666540E-004   2.9578354364831894        5.9432614911684682        508.57125449915941        36.496478391675495     
   1.3099999999999941        1.5013733042044291E-003  -1.4782622694740341E-004   2.9876272079851147        5.9381597114335385        518.05624101829869        36.471710278316465     
   1.3149999999999940        1.4937494437895983E-003  -1.4886752533436510E-004   3.0176409923746768        5.9335878796746755        527.60026623019803        36.447686200848537     
   1.3199999999999938        1.4863201286609592E-003  -1.4986740900923038E-004   3.0478580814944904        5.9295540940144233        537.34358455386621        36.422960828723021     
   1.3249999999999937        1.4790811696832205E-003  -1.5082741710261961E-004   3.0782590593131869        5.9260658008240430        547.18582490058759        36.404454351793284     
   1.3299999999999936        1.4720285011403131E-003  -1.5174902990212669E-004   3.1088238557166794        5.9231297706850441        557.24600856689608        36.379373807016009     
   1.3349999999999935        1.4651581766091733E-003  -1.5263367126858897E-004   3.1395318046334877        5.9207520749717215        567.45560441307896        36.358628394988045     
   1.3399999999999934        1.4584663649906951E-003  -1.5348271094499299E-004   3.1703617050357060        5.9189380634598656        577.85503162235193        36.339889497678058     
   1.3449999999999933        1.4519493466905562E-003  -1.5429746676371380E-004   3.2012918863266706        5.9176923426063199        588.34602413450420        36.319352227625892     
   1.3499999999999932        1.4456035099439692E-003  -1.5507920675671187E-004   3.2323002757590866        5.9170187548392796        599.13654608630270        36.304407890844814     
   1.3549999999999931        1.4394253472782422E-003  -1.5582915117327872E-004   3.2633644700421578        5.9169203588214359        609.92358909631207        36.284562653725850     
   1.3599999999999930        1.4334114521073647E-003  -1.5654847440968510E-004   3.2944618109375692        5.9173994106383496        621.04209208938732        36.279293647733986     
   1.3649999999999929        1.4275585154531762E-003  -1.5723830685487634E-004   3.3255694618293909        5.9184573460823149        632.18472950875685        36.255467566333202     
   1.3699999999999928        1.4218633227880285E-003  -1.5789973665609959E-004   3.3566644893344173        5.9200947640484625        643.54163182242121        36.241984763424220     
   1.3749999999999927        1.4163227509936924E-003  -1.5853381140832557E-004   3.3877239472198957        5.9223114110031760        655.11146434996226        36.225537389194862     
   1.3799999999999926        1.4109337654319304E-003  -1.5914153977075973E-004   3.4187249635012504        5.9251061667002221        666.79801565354330        36.212130353250238     
   1.3849999999999925        1.4056934171221163E-003  -1.5972389301402578E-004   3.4496448301066778        5.9284770310760235        678.69670587277608        36.201169622683778     
   1.3899999999999924        1.4005988400216964E-003  -1.6028180650125046E-004   3.4804610967341967        5.9324211124145707        690.71659015300531        36.188331726664870     
   1.3949999999999922        1.3956472484049657E-003  -1.6081618110579205E-004   3.5111516666267089        5.9369346168373260        703.00284367118536        36.177637216750412     
   1.3999999999999921        1.3908359343367495E-003  -1.6132788456884573E-004   3.5416948946286273        5.9420128391609257        715.38674084177194        36.167608849142496     
   1.4049999999999920        1.3861622652365962E-003  -1.6181775279954980E-004   3.5720696895556987        5.9476501550901801        728.09789550518701        36.159975542520428     
   1.4099999999999919        1.3816236815303196E-003  -1.6228659112012668E-004   3.6022556173605462        5.9538400148970441        740.87428699048826        36.133709492223467     
   1.4149999999999918        1.3772176943851189E-003  -1.6273517545859978E-004   3.6322330060461612        5.9605749385490236        753.69620983986033        36.140984376116634     
   1.4199999999999917        1.3729418835253212E-003  -1.6316425349161429E-004   3.6619830522285017        5.9678465123468065        766.91360911735080        36.132201474914893     
   1.4249999999999916        1.3687938951250274E-003  -1.6357454573932747E-004   3.6914879279429242        5.9756453871272921        780.23053389986944        36.126023501613581     
   1.4299999999999915        1.3647714397750643E-003  -1.6396674661475581E-004   3.7207308863365931        5.9839612780571709        793.67137431471906        36.118982937416419     
   1.4349999999999914        1.3608722905213077E-003  -1.6434152542942876E-004   3.7496963659749478        5.9927829660491660        807.44192281961659        36.114355395157851     
   1.4399999999999913        1.3570942809713442E-003  -1.6469952735760369E-004   3.7783700934625735        6.0020983007393074        821.42513274633893        36.108834173495012     
   1.4449999999999912        1.3534353034669944E-003  -1.6504137436039722E-004   3.8067391808614159        6.0118942054442259        835.60317570637085        36.111184513959095     
   1.4499999999999911        1.3498933073202532E-003  -1.6536766607213154E-004   3.8347922210827212        6.0221566834824714        849.63750368816466        36.097925554254829     
   1.4549999999999910        1.3464662971099449E-003  -1.6567898065017228E-004   3.8625193755383087        6.0328708265510844        864.17204402339178        36.092976260761532     
   1.4599999999999909        1.3431523310367527E-003  -1.6597587559013551E-004   3.8899124580477555        6.0440208247544085        878.88980426148635        36.087088065661511     
   1.4649999999999908        1.3399495193348197E-003  -1.6625888850776147E-004   3.9169650107035476        6.0555899785305467        893.74528053411996        36.084749273196174     
   1.4699999999999906        1.3368560227373478E-003  -1.6652853788908778E-004   3.9436723740857973        6.0675607124428828        908.24899354891340        36.083339281397478     
   1.4749999999999905        1.3338700509941434E-003  -1.6678532381019597E-004   3.9700317496190793        6.0799145907503576        921.38431680610506        36.083824191799451     
   1.4799999999999904        1.3309898614393923E-003  -1.6702972862798590E-004   3.9960422551954231        6.0926323350908911        934.62969247039769        36.077044979341714     
   1.4849999999999903        1.3282137576076719E-003  -1.6726221764298260E-004   4.0217049735715626        6.1056938439598616        948.20471145863553        36.076415371237182     
   1.4899999999999902        1.3255400878962771E-003  -1.6748323973569078E-004   4.0470229931235080        6.1190782142974491        961.60652550030454        36.068071694547129     
   1.4949999999999901        1.3229672442723794E-003  -1.6769322797742509E-004   4.0720014440705690        6.1327637649148024        975.59767302141438        36.066739617865821     
   1.4999999999999900        1.3204936610228674E-003  -1.6789260021677407E-004   4.0966475256831076        6.1467280621172451        989.20770319055805        36.073476985313910     
   1.5049999999999899        1.3181178135460560E-003  -1.6808175964278565E-004   4.1209705284223217        6.1609479473198450        1003.2658081117619        36.074843943623556     
   1.5099999999999898        1.3158382171829775E-003  -1.6826109532575844E-004   4.1449818502478193        6.1753995666832191        1017.2931609162260        36.072657602486011     
   1.5149999999999897        1.3136534260870462E-003  -1.6843098273673754E-004   4.1686950069532536        6.1900584029587726        1031.5156969802106        36.072723407947073     
   1.5199999999999896        1.3115620321310481E-003  -1.6859178424644553E-004   4.1921256371897417        6.2048993093468443        1045.9141665447705        36.074553665288349     
   1.5249999999999895        1.3095626638494528E-003  -1.6874384960475805E-004   4.2152915016274823        6.2198965456064776        1060.4339832983453        36.075888281897079     
   1.5299999999999894        1.3076539854153053E-003  -1.6888751640118066E-004   4.2382124758006672        6.2350238162469074        1075.0895294387078        36.077835969555551     
   1.5349999999999893        1.3058346956501599E-003  -1.6902311050756642E-004   4.2609105401429295        6.2502543108187592        1089.5904857110772        36.068762215922071     
   1.5399999999999892        1.3041035270658823E-003  -1.6915094650346127E-004   4.2834097600546164        6.2655607467082888        1104.7250424897209        36.078318819395754     
   1.5449999999999890        1.3024592449373399E-003  -1.6927132808490852E-004   4.3057362639164962        6.2809154137125711        1119.7320204700939        36.080091108058774     
   1.5499999999999889        1.3009006464046956E-003  -1.6938454845757514E-004   4.3279182109103518        6.2962902211881797        1134.8975462787500        36.082143009620907     
   1.5549999999999888        1.2994265596043169E-003  -1.6949089071455653E-004   4.3499857557164683        6.3116567471451077        1150.1668290595949        36.083683921655073     
   1.5599999999999887        1.2980358428273306E-003  -1.6959062819973302E-004   4.3719710012789186        6.3269862899723783        1165.2767109621561        36.084966227940171     
   1.5649999999999886        1.2967273837046741E-003  -1.6968402485708771E-004   4.3939079489115205        6.3422499218709119        1181.2224454279699        36.087080235861528     
   1.5699999999999885        1.2955000984179606E-003  -1.6977133556675744E-004   4.4158324323791183        6.3574185450966807        1196.8998930190264        36.089655737714374     
   1.5749999999999884        1.2943529309350150E-003  -1.6985280646825157E-004   4.4377820504401093        6.3724629501864598        1212.7982890778148        36.092823035442166     
   1.5799999999999883        1.2932848522695245E-003  -1.6992867527120402E-004   4.4597960851409191        6.3873538762656628        1228.7643479938251        36.092728814208968     
   1.5849999999999882        1.2922948597632869E-003  -1.6999917155465668E-004   4.4819154070981400        6.4020620742238190        1244.9446343861384        36.098564369692014     
   1.5899999999999881        1.2913819763914318E-003  -1.7006451705467202E-004   4.5041823746498464        6.4165583715321839        1261.2046381151458        36.101072840111506     
   1.5949999999999880        1.2905452500883788E-003  -1.7012492594131322E-004   4.5266407167042253        6.4308137397227103        1277.5865209449703        36.101646636720147     
   1.5999999999999879        1.2897837530952507E-003  -1.7018060508516652E-004   4.5493354035423783        6.4447993640005024        1294.2193310589473        36.106457142585960     
   1.6049999999999878        1.2890965813267519E-003  -1.7023175431379046E-004   4.5723125045346151        6.4584867152554848        1310.7998849194962        36.105086654264738     
   1.6099999999999877        1.2884828537578184E-003  -1.7027856665867820E-004   4.5956190301005941        6.4718476240900467        1327.7631751057074        36.109540308268983     
   1.6149999999999876        1.2879417118286812E-003  -1.7032122859287285E-004   4.6193027618070115        6.4848543574409474        1344.8148166696981        36.113924769450477     
   1.6199999999999875        1.2874723188682567E-003  -1.7035992025986544E-004   4.6434120615030929        6.4974796972626629        1362.0154590735865        36.119369109648048     
   1.6249999999999873        1.2870738595346107E-003  -1.7039481569392179E-004   4.6679956699300300        6.5096970214268728        1379.2688018064127        36.123464883383264     
   1.6299999999999872        1.2867455392727315E-003  -1.7042608303232507E-004   4.6931024853843244        6.5214803870279328        1396.6042061705191        36.123482795669638     
   1.6349999999999871        1.2864865837882010E-003  -1.7045388471966584E-004   4.7187813272934935        6.5328046157803783        1414.2798176525851        36.128106246492102     
   1.6399999999999870        1.2862962385368491E-003  -1.7047837770474005E-004   4.7450806791893596        6.5436453816572939        1432.0364703287855        36.131509085452620     
   1.6449999999999869        1.2861737682295555E-003  -1.7049971363013449E-004   4.7720484199386588        6.5539793008173950        1449.9431074397064        36.136996694978500     
   1.6499999999999868        1.2861184563516346E-003  -1.7051803901491457E-004   4.7997315306717399        6.5637840235824045        1467.7389277712759        36.136775597130075     
   1.6549999999999867        1.2861296046967181E-003  -1.7053349543061597E-004   4.8281757905294480        6.5730383286125784        1486.0064833768949        36.150454566164946     
   1.6599999999999866        1.2862065329141614E-003  -1.7054621967084617E-004   4.8574254482963832        6.5817222193375047        1503.5517314574258        36.126708797276152     
   1.6649999999999865        1.2863485780698304E-003  -1.7055634391471570E-004   4.8875228817589740        6.5898170223961587        1522.5392929660848        36.133353927118577     
   1.6699999999999864        1.2865550942197210E-003  -1.7056399588430630E-004   4.9185082382314507        6.5973054881394129        1541.4905004775792        36.151810741570962     
   1.6749999999999863        1.2868254519960399E-003  -1.7056929899652223E-004   4.9504190564929109        6.6041718933975586        1560.3659381294751        36.154890047631412     
   1.6799999999999862        1.2871590382053991E-003  -1.7057237250944098E-004   4.9832898762348137        6.6104021459141862        1579.3292236037905        36.158789841701505     
   1.6849999999999861        1.2875552554385168E-003  -1.7057333166334808E-004   5.0171518315935852        6.6159838913593285        1598.4913705868391        36.164059197578851     
   1.6899999999999860        1.2880135216912355E-003  -1.7057228781682099E-004   5.0520322238279354        6.6209066217627539        1617.6290893635951        36.165496554002509     
   1.6949999999999859        1.2885332699965133E-003  -1.7056934857784102E-004   5.0879540966720560        6.6251617861247469        1637.1408598460562        36.169382159847906     
   1.6999999999999857        1.2891139480669229E-003  -1.7056461793023750E-004   5.1249357822340409        6.6287429032127276        1656.5560038087340        36.170067250225543     
   1.7049999999999856        1.2897550179473219E-003  -1.7055819635573789E-004   5.1629904509316153        6.6316456756425417        1676.0154463352296        36.175819628132125     
   1.7099999999999855        1.2904559556774445E-003  -1.7055018095155907E-004   5.2021256474203694        6.6338681063767888        1696.2057717386929        36.179161773759901     
   1.7149999999999854        1.2912162509641635E-003  -1.7054066554389336E-004   5.2423428274841539        6.6354106165876239        1716.6112989288708        36.187420522037620     
   1.7199999999999853        1.2920354068629034E-003  -1.7052974079733997E-004   5.2836368836365821        6.6362761655224105        1736.4873779458478        36.184881698102579     
   1.7249999999999852        1.2929129394679984E-003  -1.7051749432060820E-004   5.3259956863992990        6.6364703721401090        1756.8032602826922        36.187631101474970     
   1.7299999999999851        1.2938483776119779E-003  -1.7050401076826701E-004   5.3693996185286732        6.6360016379808817        1777.1504886903044        36.186156656089778     
   1.7349999999999850        1.2948412625729325E-003  -1.7048937193921683E-004   5.4138211283427076        6.6348812723089701        1798.0920756514579        36.194002926529016     
   1.7399999999999849        1.2958911477904162E-003  -1.7047365687145028E-004   5.4592242943764706        6.6331236181096624        1818.8604094544262        36.195430300896106     
   1.7449999999999848        1.2969975985889055E-003  -1.7045694193368197E-004   5.5055644193139726        6.6307461800950573        1839.9779206355292        36.200650347505665     
   1.7499999999999847        1.2981601919092617E-003  -1.7043930091371646E-004   5.5527876438434722        6.6277697540626077        1861.0371395878035        36.203707955712403     
   1.7549999999999846        1.2993785160472142E-003  -1.7042080510372131E-004   5.6008306072619467        6.6242185574580441        1882.3794616537273        36.204864183285743     
   1.7599999999999845        1.3006521703994574E-003  -1.7040152338263992E-004   5.6496201548660139        6.6201203613909581        1904.4069819437113        36.211815725956733     
   1.7649999999999844        1.3019807652164704E-003  -1.7038152229563526E-004   5.6990730968575933        6.6155066241034675        1925.5855405391903        36.210898538237323     
   1.7699999999999843        1.3033639213621256E-003  -1.7036086613089120E-004   5.7490960573793988        6.6104126252291504        1947.4598716772794        36.216536864303812     
   1.7749999999999841        1.3048012700798718E-003  -1.7033961699369551E-004   5.7995853893551139        6.6048776017865061        1969.1101186032658        36.216033650364956     
   1.7799999999999840        1.3062924527653353E-003  -1.7031783487803722E-004   5.8504272150148804        6.5989448844964089        1991.5175005206297        36.217646598153785     
   1.7849999999999839        1.3078371207449952E-003  -1.7029557773570484E-004   5.9014975796956080        6.5926620357542403        2014.1010352788333        36.224671524050478     
   1.7899999999999838        1.3094349350609225E-003  -1.7027290154306073E-004   5.9526627612431025        6.5860809883064144        2036.4725963288913        36.223713741233411     
   1.7949999999999837        1.3110855662611422E-003  -1.7024986036551570E-004   6.0037797473886361        6.5792581847180784        2059.0370447688642        36.228042355576122     
   1.7999999999999836        1.3127886941958484E-003  -1.7022650641978663E-004   6.0546969273929667        6.5722547176479837        2081.8922902838312        36.226395227544423     
   1.8049999999999835        1.3145440078188807E-003  -1.7020289013413277E-004   6.1052550175237679        6.5651364708073743        2104.9408162690816        36.230037371066864     
   1.8099999999999834        1.3163512049946945E-003  -1.7017906020635380E-004   6.1552882554621595        6.5579742607587024        2128.1109124080522        36.232581856986322     
   1.8149999999999833        1.3182099923101985E-003  -1.7015506366011528E-004   6.2046259164511586        6.5508439788592847        2151.3879652559644        36.236277252602072     
   1.8199999999999832        1.3201200848918062E-003  -1.7013094589910156E-004   6.2530941718777893        6.5438267341206586        2174.8971434284299        36.235885440962733     
   1.8249999999999831        1.3220812062272069E-003  -1.7010675075948645E-004   6.3005183539714231        6.5370089958167839        2198.0652524782608        36.246310767755830     
   1.8299999999999830        1.3240930879918390E-003  -1.7008252056062613E-004   6.3467256312153202        6.5304827370036511        2222.8742189961163        36.239782252873034     
   1.8349999999999829        1.3261554698799844E-003  -1.7005829615402259E-004   6.3915481572482253        6.5243455779434534        2246.4328677910225        36.241581416715171     
   1.8399999999999828        1.3282680994401580E-003  -1.7003411697067837E-004   6.4348266916268919        6.5187009292316196        2270.7943268498166        36.245150806664277     
   1.8449999999999827        1.3304307319149920E-003  -1.7001002106683351E-004   6.4764146821854158        6.5136581359430883        2295.2473030491842        36.245132985104959     
   1.8499999999999825        1.3326431300850030E-003  -1.6998604516820965E-004   6.5161828321244259        6.5093326200728061        2319.6119201033953        36.248293538446077     
   1.8549999999999824        1.3349050641166865E-003  -1.6996222471282410E-004   6.5540240136980943        6.5058460245789815        2344.5755608719978        36.249929135388214     
   1.8599999999999823        1.3372163114143939E-003  -1.6993859389218663E-004   6.5898585064013542        6.5033263556366814        2369.5342498938476        36.254191454564442     
   1.8649999999999822        1.3395766564760158E-003  -1.6991518569147603E-004   6.6236393518047816        6.5019081251044186        2394.4601261860594        36.251988531396279     
   1.8699999999999821        1.3419858907524371E-003  -1.6989203192805270E-004   6.6553576401258026        6.5017324924236108        2419.7815149664953        36.254451242688255     
   1.8749999999999820        1.3444438125106216E-003  -1.6986916328885551E-004   6.6850474246960010        6.5029474058655277        2445.0973525611039        36.254976762740320     
   1.8799999999999819        1.3469502267000279E-003  -1.6984660936659703E-004   6.7127899997115339        6.5057077427170169        2470.7026930975626        36.256639230571857     
   1.8849999999999818        1.3495049448226154E-003  -1.6982439869468979E-004   6.7387170703380388        6.5101754489121788        2496.5785407818539        36.257907020075251     
   1.8899999999999817        1.3521077848061265E-003  -1.6980255878105407E-004   6.7630124765918200        6.5165196775618037        2522.6011544638363        36.258531404067263     
   1.8949999999999816        1.3547585708804494E-003  -1.6978111614087077E-004   6.7859120041933236        6.5249169261953943        2548.6749810770962        36.259376289802475     
   1.8999999999999815        1.3574571334571031E-003  -1.6976009632812405E-004   6.8077009218495590        6.5355511730384093        2575.0636510487989        36.260516545847601     
   1.9049999999999814        1.3602033090120904E-003  -1.6973952396631009E-004   6.8287088684225061        6.5486140114335445        2601.6902626070746        36.262168262096658     
   1.9099999999999813        1.3629969399711836E-003  -1.6971942277799621E-004   6.8493018955455520        6.5643047833661310        2627.5504590159362        36.262960534995223     
   1.9149999999999812        1.3658378745985535E-003  -1.6969981561345640E-004   6.8698715482026058        6.5828307108832504        2654.9889713456118        36.263921935837679     
   1.9199999999999811        1.3687259668877449E-003  -1.6968072447842166E-004   6.8908210402213692        6.6044070256870251        2682.0943417175213        36.265555407700091     
   1.9249999999999809        1.3716610764557720E-003  -1.6966217056086803E-004   6.9125487614589867        6.6292570972993774        2709.4257535404813        36.266393362085275     
   1.9299999999999808        1.3746430684395137E-003  -1.6964417425703102E-004   6.9354295087809739        6.6576125583662416        2736.7649327284494        36.266531169236075     
   1.9349999999999807        1.3776718133949530E-003  -1.6962675519644328E-004   6.9597939193403535        6.6897134287115056        2764.2708716152806        36.267249395946500     
   1.9399999999999806        1.3807471871986460E-003  -1.6960993226626438E-004   6.9859067991458756        6.7258082362687777        2791.9858227377936        36.268378707360441     
   1.9449999999999805        1.3838690709518364E-003  -1.6959372363484004E-004   7.0139449024595892        6.7661541356419619        2819.9219423845229        36.267858989359652     
   1.9499999999999804        1.3870373508867390E-003  -1.6957814677447743E-004   7.0439748657483587        6.8110170244566142        2848.1757292421562        36.271091485922724     
   1.9549999999999803        1.3902519182753257E-003  -1.6956321848339209E-004   7.0759318172180867        6.8606716563989769        2876.3132691796945        36.270899939769244     
   1.9599999999999802        1.3935126693400521E-003  -1.6954895490719151E-004   7.1095990919119760        6.9154017513489592        2905.5457900337692        36.273840145840602     
   1.9649999999999801        1.3968195051670866E-003  -1.6953537155939071E-004   7.1445893592045113        6.9755001028005541        2933.6149388198892        36.271177921658790     
   1.9699999999999800        1.4001723316214333E-003  -1.6952248334149649E-004   7.1803272526453705        7.0412686814224692        2962.4228338748840        36.272665017502653     
   1.9749999999999799        1.4035710592641365E-003  -1.6951030456235022E-004   7.2160335142584309        7.1130187356277492        2991.4678972878482        36.273022840094050     
   1.9799999999999798        1.4070156032715408E-003  -1.6949884895684834E-004   0.0000000000000000        3.0250433569144928        3020.6767003879718        36.272515390070772     
   1.9849999999999797        1.4105058833565277E-003  -1.6948812970406346E-004   0.0000000000000000        3.0222481623991078        3050.1497183990618        36.274039777958272     
   1.9899999999999796        1.4140418236914590E-003  -1.6947815944497979E-004   0.0000000000000000        3.0193948562400585        3079.6499172704284        36.271328745402613     
   1.9949999999999795        1.4176233528332420E-003  -1.6946895029925762E-004   0.0000000000000000        3.0164835604396965        3109.2906553994490        36.278398631516581     
   1.9999999999999793        1.4212504036499969E-003  -1.6946051388193656E-004   0.0000000000000000        3.0135143966423099        3139.4859784519253        36.274850632857031     
