   0.0000000000000000        0.0000000000000000        0.0000000000000000        0.0000000000000000        0.0000000000000000        0.0000000000000000        0.0000000000000000     
   5.0000000000000001E-003   0.0000000000000000        0.0000000000000000        0.0000000000000000        0.0000000000000000        0.0000000000000000        0.0000000000000000     
   1.0000000000000000E-002   0.0000000000000000        0.0000000000000000        0.0000000000000000        0.0000000000000000        0.0000000000000000        0.0000000000000000     
   1.4999999999999999E-002   0.0000000000000000        0.0000000000000000        0.0000000000000000        0.0000000000000000        0.0000000000000000        0.0000000000000000     
   2.0000000000000000E-002   2.6519795059705070E-002  0.11885402929421550        0.0000000000000000        0.0000000000000000        0.0000000000000000        0.0000000000000000     
   2.5000000000000001E-002  0.35478297041614176        1.0619902548020019        9.6771075244431268E-004   0.0000000000000000        0.0000000000000000        0.0000000000000000     
   3.0000000000000002E-002  0.71923841607027061        2.0222930083168946        2.5500203677108462E-003   0.0000000000000000        0.0000000000000000        0.0000000000000000     
   3.5000000000000003E-002   1.1141998559301050        3.0133690015061281        4.2150040504004681E-003   0.0000000000000000        0.0000000000000000        0.0000000000000000     
   4.0000000000000001E-002   1.7104132060758817        4.4425536388403213        5.9620878936356208E-003   0.0000000000000000        0.0000000000000000        0.0000000000000000     
   4.4999999999999998E-002   2.5637083575941215        6.1892765811067214        7.7905445740933388E-003   0.0000000000000000        0.0000000000000000        0.0000000000000000     
   4.9999999999999996E-002   3.4927790650211588        8.0266555050781108        9.6995300228127860E-003   0.0000000000000000        0.0000000000000000        0.0000000000000000     
   5.4999999999999993E-002   4.5106373285171388        9.9758507127413036        1.1688123277476252E-002   0.0000000000000000        0.0000000000000000        0.0000000000000000     
   5.9999999999999991E-002   5.6247591618577637        12.050238345801292        1.3755369066093094E-002   0.0000000000000000        0.0000000000000000        0.0000000000000000     
   6.4999999999999988E-002   6.8366414995399643        14.254184469818586        1.5900322677395062E-002  0.12044323880306418        0.0000000000000000        0.0000000000000000     
   6.9999999999999993E-002   8.1418724680513623        16.582615286192638        1.8122096690597608E-002  0.24729042151577568        0.0000000000000000        0.0000000000000000     
   7.4999999999999997E-002   9.5306681224592733        19.021385682355799        2.0419909164128586E-002  0.37757638488359702        0.0000000000000000        0.0000000000000000     
   8.0000000000000002E-002   10.988771980213363        21.548342335866291        2.2793132922007193E-002  0.51156806016694623        0.0000000000000000        0.0000000000000000     
   8.5000000000000006E-002   12.498576547687421        24.134898495903713        2.5241345615996145E-002  0.64954867114847670        0.0000000000000000        0.0000000000000000     
   9.0000000000000011E-002   14.040317644592404        26.747903061594869        2.7764380306170348E-002  0.79181780132260304        0.0000000000000000        0.0000000000000000     
   9.5000000000000015E-002   15.593212301560518        29.351596783822512        3.0362376331821147E-002  0.93869133534020643        0.0000000000000000        0.0000000000000000     
  0.10000000000000002        17.136449701022837        31.909488346934555        3.3035830322689134E-002   1.0905012565438454        0.0000000000000000        0.0000000000000000     
  0.10500000000000002        18.649988465805986        34.386032981624254        3.5785647231835874E-002   1.2475952812724902        0.0000000000000000        0.0000000000000000     
  0.11000000000000003        20.115151175331206        36.748041452050749        3.8613191328907753E-002   1.4103363096299657        0.0000000000000000        0.0000000000000000     
  0.11500000000000003        21.515032470504938        38.965781993579078        4.1520337127266049E-002   1.5791016715154103        0.0000000000000000        0.0000000000000000     
  0.12000000000000004        22.834750101528495        41.013763161531237        4.4509520244448708E-002   1.7542821460939526        0.0000000000000000        0.0000000000000000     
  0.12500000000000003        24.061571669136463        42.871205178415607        4.7583788229120134E-002   1.9362807324884810        0.0000000000000000        0.0000000000000000     
  0.13000000000000003        25.184947430359287        44.522223897239023        5.0746851360242776E-002   2.1255111493358365        0.0000000000000000        0.0000000000000000     
  0.13500000000000004        26.196474618890100        45.955765480588155        5.4003133443711694E-002   2.3223960411857401        0.0000000000000000        0.0000000000000000     
  0.14000000000000004        27.089813367167473        47.165340349227257        5.7357822575296827E-002   2.5273648704096634        0.0000000000000000        0.0000000000000000     
  0.14500000000000005        27.860569564297126        48.148610597784931        6.0816921790913879E-002   2.7408514743595331        0.0000000000000000        0.0000000000000000     
  0.15000000000000005        28.506156179725629        48.906885302449197        6.4387299455636635E-002   2.9632912694012838        0.0000000000000000        0.0000000000000000     
  0.15500000000000005        29.025641687297412        49.444573393188186        6.8076739117629903E-002   3.1951180855414676        0.0000000000000000        0.0000000000000000     
  0.16000000000000006        29.419592055062033        49.768635336224627        7.1893988447733259E-002   3.4367606184662867        2.5822068071379464E-006   1.1885597880045629E-004
  0.16500000000000006        29.689911126804152        49.888064494807722        7.5848806687062967E-002   3.6886384892796213        2.6281171174294233E-005   1.1495308909053512E-003
  0.17000000000000007        29.839682955750330        49.813418383720879        7.9952009859918363E-002   3.9511579066729716        8.2327663826477470E-005   3.4136808682929641E-003
  0.17500000000000007        29.873018653364660        49.556410411001089        8.4215512749693369E-002   4.2247069312098464        1.9010201088817276E-004   7.4670516172850535E-003
  0.18000000000000008        29.794909521666295        49.129564908510730        8.8652366365812682E-002   4.5096503472319540        3.7561106300355981E-004   1.3982324454669598E-002
  0.18500000000000008        29.611087608156925        48.545932603669499        9.3276789325706905E-002   4.8063241544664050        6.7272449118829401E-004   2.3761575800640190E-002
  0.19000000000000009        29.327894334965102        47.818860113066016        9.8104191218260500E-002   5.1150296986082679        1.1246335010811803E-003   3.7752476800863570E-002
  0.19500000000000009        28.952157491077582        46.961805242995922       0.10315118560401590        5.4360274679106908        1.7865517723548352E-003   5.7100435366557498E-002
  0.20000000000000009        28.491076622734422        45.988189451652396       0.10843558993325253        5.7695305915967241        2.7254293042656128E-003   8.3098616050657104E-002
  0.20500000000000010        27.952116695663147        44.911279339374232       0.11397640917308836        6.1156980845636344        4.0234581850279050E-003  0.11725569085131607     
  0.21000000000000010        27.342909816241221        43.744090110545116       0.11979379950987983        6.4746278922335279        5.7786659138833471E-003  0.16127034772113868     
  0.21500000000000011        26.671164768915190        42.499305292232464       0.12590900807887509        6.8463497992551758        8.1086078625468468E-003  0.21708890916481291     
  0.22000000000000011        25.944584136849254        41.189208380895408       0.13234428424409544        7.2308182749399172        1.1150404720397538E-002  0.28685780725492394     
  0.22500000000000012        25.170788805924460        39.825623374544811       0.13912275771601465        7.6279053383213897        1.5062170725379031E-002  0.37290337519559597     
  0.23000000000000012        24.357249695217011        38.419862249931519       0.14626827855045130        8.0373935344258403        2.0023740933914229E-002  0.47760236731372507     
  0.23500000000000013        23.511226599028543        36.982678325300832       0.15380521415909179        8.4589691224636425        2.6262909558431753E-002  0.60456751830267219     
  0.24000000000000013        22.639714058399264        35.524225103985145       0.16175819865681507        8.8922155841954726        3.4007283954707784E-002  0.75613462288559907     
  0.24500000000000013        21.749394198617672        34.054020638425825       0.17015183048635743        9.3366075676733384        4.3526031421411655E-002  0.93565114037496877     
  0.25000000000000011        20.846596470945073        32.580917715807644       0.17901031512936916        9.7915053872059037        5.5116933862737590E-002   1.1460529631594238     
  0.25500000000000012        19.937264221209144        31.113080278466285       0.18835705112096510        10.256150204474448        6.9147609834824583E-002   1.3924196088625860     
  0.26000000000000012        19.026927976453894        29.657966488690530       0.19821415933713765        10.729660018088389        8.5951677221735912E-002   1.6766549539424165     
  0.26500000000000012        18.120685296131381        28.222318760783786       0.20860195783061750        11.211026589475107       0.10596234425780182        2.0031962691194463     
  0.27000000000000013        17.223186979880442        26.812160942106694       0.21953838716107410        11.699113431472799       0.12970619330292488        2.3771653465742615     
  0.27500000000000013        16.338629363682575        25.432802653839424       0.23103839433934925        12.192654981788715       0.15736659285749477        2.7966264001890249     
  0.28000000000000014        15.470752374101899        24.088850621400596       0.24311328680646094        12.690257078072623       0.18974213556719713        3.2704256328525285     
  0.28500000000000014        14.622842950165724        22.784226649397162       0.25577007144251662        13.190398842613074       0.22726718528617443        3.7989373960307118     
  0.29000000000000015        13.797743387548666        21.522191738118359       0.26901079687998558        13.691436072903697       0.27050102347406019        4.3874193992709074     
  0.29500000000000015        12.997864112816782        20.305375705700222       0.28283192058177015        14.191606223278882       0.31997853278336713        5.0358549188754367     
  0.30000000000000016        12.225200358632444        19.135811576807370       0.29722372443034140        14.689035044280983       0.37627901610708037        5.7470978810538851     
  0.30500000000000016        11.481352185373641        18.014973926990884       0.31216980414949358        15.181744931951402       0.43998667727423785        6.5234533007499849     
  0.31000000000000016        10.767547281264193        16.943820331670114       0.32764665820813804        15.667665016491121       0.51162812968164717        7.3652386938740815     
  0.31500000000000017        10.084665971893227        15.922835058198498       0.34362340088441079        16.144643000490976       0.59166492331222464        8.2746766849199638     
  0.32000000000000017        9.4332678804270689        14.952074155777135       0.36006162162818001        16.610458732445323       0.68065941688033438        9.2512750416079683     
  0.32500000000000018        8.8136197009347814        14.031211137346812       0.37691540897979170        17.062839476491146       0.77901854748092658        10.294623890483109     
  0.33000000000000018        8.2257235777665425        13.159582505848924       0.39413155194841493        17.499476814490794       0.88707973279507657        11.404933117820567     
  0.33500000000000019        7.6693456223011536        12.336232450047680       0.41164992538160117        17.918045088314670        1.0051484007498335        12.579598354914571     
  0.34000000000000019        7.1440441429382107        11.559956118177663       0.42940405856542690        18.316221262937969        1.1334746527427382        13.817054646236022     
  0.34500000000000020        6.6491972132235775        10.829340966986056       0.44732187886545810        18.691706063170066        1.2721269688750603        15.113810149856910     
  0.35000000000000020        6.1840292547621214        10.142805775612807       0.46532661463640762        19.042246206408105        1.4212989257953474        16.468214856276894     
  0.35500000000000020        5.7476363644859099        9.4986370050011146       0.48333783500946265        19.365657525965744        1.5807715695920477        17.873908333534274     
  0.36000000000000021        5.3390101684499394        8.8950222714642901       0.50127259809197977        19.659848748805569        1.7506084352397784        19.328519765327282     
  0.36500000000000021        4.9570600353421685        8.3300807855007193       0.51904667492209489        19.922845663125276        1.9305204027201535        20.825809428912148     
  0.37000000000000022        4.6006335312483202        7.8018906823122798       0.53657581349685524        20.152815380678600        2.1201608475616620        22.360242632071881     
  0.37500000000000022        4.2685350420454302        7.3085132376059372       0.55377700621567361        20.348090370801490        2.3193602923867922        23.927787897364738     
  0.38000000000000023        3.9595425304695175        6.8480140204596900       0.57056972454961785        20.507191915031335        2.5274948036804137        25.520042254227729     
  0.38500000000000023        3.6724224309733136        6.4184810840206481       0.58687708706868846        20.628852604754037        2.7442577949520426        27.132675781273420     
  0.39000000000000024        3.4059427167164307        6.0180403346335094       0.60262693034793169        20.712037481950425        2.9689178778121765        28.757123394575441     
  0.39500000000000024        3.1588841993343433        5.6448682509939401       0.61775275698013377        20.755963401375432        3.2010571283469194        30.389299777706132     
  0.40000000000000024        2.9300501435885247        5.2972021476375595       0.63219454029665978        20.760116180907328        3.4400890521657663        32.022571234227598     
  0.40500000000000025        2.7182742958003936        4.9733481922127147       0.64589937110302176        20.724265097106969        3.6852576816857341        33.648984437274521     
  0.41000000000000025        2.5224274374081079        4.6716873943613990       0.65882193771216013        20.648474287103067        3.9357229070056876        35.261670244338731     
  0.41500000000000026        2.3414225834213025        4.3906797865212024       0.67092483622570676        20.533110631357903        4.1916189275864948        36.860890372157954     
  0.42000000000000026        2.1742189503968108        4.1288670144574393       0.68217871332517332        20.378847720475356        4.4513965176161445        38.432999763724418     
  0.42500000000000027        2.0198248202612734        3.8848735487235806       0.69256224850471382        20.186665553931828        4.7148444572002468        39.976914971652164     
  0.43000000000000027        1.8772994253164830        3.6574067183739900       0.70206198670193243        19.957845682500984        4.9813602790140648        41.487468783816361     
  0.43500000000000028        1.7457539765290706        3.4452557559037311       0.71067203538053281        19.693961590724921        5.2503904081888892        42.960232311450952     
  0.44000000000000028        1.6243519521600485        3.2472900282819221       0.71839364252430682        19.396864218024213        5.5212686211855226        44.390585692121320     
  0.44500000000000028        1.5123087573365315        3.0624566137114084       0.72523467347412407        19.068662642499515        5.7936262466024928        45.773137413550685     
  0.45000000000000029        1.4088908576810191        2.8897773679407583       0.73120900532455757        18.711700089972602        6.0665659691352669        47.108901321026643     
  0.45500000000000029        1.3134144819260267        2.7283456080376398       0.73633585766244425        18.328525583940948        6.3399791648222346        48.390368145656346     
  0.46000000000000030        1.2252439798485084        2.5773225258895645       0.74063907786263516        17.921861709962410        6.6134831439891952        49.617367937983452     
  0.46500000000000030        1.1437899131106191        2.4359334286316261       0.74414639818120532        17.494569123223755        6.8865927976282499        50.787501027099175     
  0.47000000000000031        1.0685069479032332        2.3034638889444055       0.74688868041451639        17.049608573318313        7.1593737272192364        51.901444056322518     
  0.47500000000000031       0.99889160982797554        2.1792558748855386       0.74889916225906805        16.590001341345761        7.4309076007943080        52.953520231030296     
  0.48000000000000032       0.97593416487937179        2.1661421411828323       0.75021271762771302        16.118789076326706        7.7013614158400321        53.946017915015503     
  0.48500000000000032       0.92111986721410366        2.0689008820375800       0.75086514130364201        15.638994067273311        7.9709421890000991        54.880398637074762     
  0.49000000000000032       0.87026129031365462        1.9772531358527252       0.75089246644884278        15.153580990546464        8.2379804890392148        55.747756246906711     
  0.49500000000000033       0.82301605786652521        1.8907727513612644       0.75033032177461656        14.665421123749612        8.5042878945446230        56.559296577158008     
  0.50000000000000033       0.77907336901327218        1.8090730840017328       0.74921333369351784        14.177259918087071        8.7682668826282857        57.307044229277295     
  0.50500000000000034       0.73815132379603587        1.7318032484990016       0.74757457758829771        13.691688674848292        9.0302566003647495        57.993268030333830     
  0.51000000000000034       0.69999440310003713        1.6586446626068492       0.74544508153971700        13.211120886786469        9.2914074312417405        58.628399051302402     
  0.51500000000000035       0.66437110867458404        1.5893078747877394       0.74285338552994684        12.737773593526324        9.5505395912535960        59.202218146228333     
  0.52000000000000035       0.63107176523071418        1.5235296653013317       0.73982515934518778        12.273653876383300        9.8081856983112914        59.723082464572038     
  0.52500000000000036       0.59990648368462729        1.4610704077429959       0.73638288323435952        11.820550398655115        10.062580997058951        60.179240576949184     
  0.53000000000000036       0.57070328227773159        1.4017116763861599       0.73254559693137600        11.380029697900731        10.316391283718554        60.588785225525726     
  0.53500000000000036       0.54330636048494774        1.3452540836185840       0.72832872490240541        10.953436772102904        10.568314224702796        60.944937987143881     
  0.54000000000000037       0.51757451925435194        1.2915153312128320       0.72374398883565438        10.541899381871344        10.817979336379958        61.246865071765114     
  0.54500000000000037       0.49337972013946080        1.2403284590386432       0.71879942219356441        10.146335422682894        11.068196417172594        61.512513269546851     
  0.55000000000000038       0.47060577523068825        1.1915402750225532       0.71349950636779769        9.7674627051049594        11.316302142034170        61.726234431060327     
  0.55500000000000038       0.44914715941088229        1.1450099506140659       0.70784545285475486        9.4058105116086459        11.562905720490420        61.894852102646951     
  0.56000000000000039       0.42890793630220359        1.1006077666626934       0.70183566115461782        9.0617323666713023        11.808046942787298        62.017498074046124     
  0.56500000000000039       0.40980078929464864        1.0582139953920577       0.69546638616874346        8.7354195484775889        12.053805375711258        62.110144284533092     
  0.57000000000000040       0.39174614921224771        1.0177179050303446       0.68873265150484309        8.4269149717362168        12.298118948654489        62.159203173157273     
  0.57500000000000040       0.37467141044807423       0.97901687458307474       0.68162944369498824        8.1361271676974276        12.541985508171463        62.173760774820195     
  0.58000000000000040       0.35851022775563574       0.94201560718398825       0.67415321553048368        7.8628441695792706        12.783825610088716        62.147272128793382     
  0.58500000000000041       0.34320188629787796       0.90662543140902652       0.66630371120353027        7.6067471728372595        13.028932273332908        62.102030653475026     
  0.59000000000000041       0.32869073800597021       0.87276368086783096       0.65808609955606401        7.3674238788224349        13.271883278388840        62.018926763989995     
  0.59500000000000042       0.31492569777195911       0.84035314328345134       0.64951336176454211        7.1443814505957901        13.516221632427458        61.913000973452220     
  0.60000000000000042       0.30185979347874042       0.80932157112319691       0.64060882597766566        6.9370590157970069        13.759889561103353        61.775452472212514     
  0.60500000000000043       0.28944976434745490       0.77960124664580932       0.63140867597794592        6.7448396508308779        14.004787939124371        61.617387165730179     
  0.61000000000000043       0.27765570254781452       0.75112859497731954       0.62196419034235528        6.5670617775884406        14.249625375313258        61.432817841767445     
  0.61500000000000044       0.26644073346519281       0.72384383951863296       0.61234340631015127        6.4030299040577940        14.496922305838341        61.234695949382001     
  0.62000000000000044       0.25577073044498372       0.69769069462133715       0.60263186479064745        6.2520246437349618        14.744688185796420        61.014669495456204     
  0.62500000000000044       0.24561406023677609       0.67261609104545816       0.59293210277611397        6.1133119577197155        14.993834365459312        60.776642485816403     
  0.63000000000000045       0.23594135573650935       0.64856993023582155       0.58336163332353508        5.9861515754019212        15.244107390514930        60.521847307548910     
  0.63500000000000045       0.22672531297300363       0.62550486392481575       0.57404930119713138        5.8698045644945633        15.497119405327769        60.256516437207090     
  0.64000000000000046       0.21794050960598976       0.60337609599174535       0.56513011518257894        5.7635400366915759        15.751243633949073        59.973975490222202     
  0.64500000000000046       0.20956324249639635       0.58214120388607005       0.55673890333370768        5.6666409906065507        16.008592153498196        59.684562818523986     
  0.65000000000000047       0.20157138217707704       0.56175997725704285       0.54900336612575729        5.5784093079063490        16.267514362325013        59.381564410886256     
  0.65500000000000047       0.19394424229445231       0.54219427172903056       0.54203725638063593        5.4981699311617342        16.529777042997051        59.072189751763126     
  0.66000000000000048       0.18666246231027286       0.52340787602392091       0.53593444681467062        5.4252742625867665        16.806988061065514        58.801875195479148     
  0.66500000000000048       0.17970790194917394       0.50536639086235613       0.53076453892345854        5.3591028315682934        17.062692242216364        58.430738246656325     
  0.67000000000000048       0.17306354605375127       0.48803711827786234       0.52657044029552991        5.2990672852874097        17.334586228990055        58.103604173859502     
  0.67500000000000049       0.16671341866590780       0.47138896015462278       0.52336804371529477        5.2446117615990975        17.609680012772721        57.769484221050767     
  0.68000000000000049       0.16064250529307850       0.45539232495416049       0.52114784739012709        5.1952137059726304        17.888846981987570        57.433479387031319     
  0.68500000000000050       0.15483668244192930       0.44001904173040179       0.51987812455023996        5.1503841955501164        18.172061929242656        57.094813366439773     
  0.69000000000000050       0.14928265361199189       0.42524228064947273       0.51950911720069404        5.1096678331439289        18.460273789505994        56.757518750769485     
  0.69500000000000051       0.14396789103867424       0.41103647933178633       0.51997770240839036        5.0726422724567879        18.753040838041120        56.418098382844278     
  0.70000000000000051       0.13888058256059468       0.39737727442173765       0.52121203973114671        5.0389174333550217        19.050492157597407        56.078235258230471     
  0.70500000000000052       0.13400958306142360       0.38424143786612425       0.52313582369799294        5.0081344626551720        19.352954655475742        55.739034589491752     
  0.71000000000000052       0.12934437000250495       0.37160681744796387       0.52567190009863596        4.9799644920363288        19.661593018476022        55.403693872920094     
  0.71500000000000052       0.12487500262051494       0.35945228117893391       0.52874513221176123        4.9541072402832471        19.974747727270376        55.063453029473372     
  0.72000000000000053       0.12059208441522747       0.34775766520242019       0.53228450536552085        4.9302895025022950        20.296622058919411        54.739314055550729     
  0.72500000000000053       0.11648672859692737       0.33650372490123531       0.53622452977869484        4.9082635642035095        20.622189510191589        54.408273507890648     
  0.73000000000000054       0.11255052620193322       0.32567208894033428       0.54050604285020243        4.8878055734796826        20.955388741865377        54.083124422723884     
  0.73500000000000054       0.10877551661869449       0.31524521600608857       0.54507652950029140        4.8687138998762176        21.294973986763679        53.762978311030587     
  0.74000000000000055       0.10515416029667077       0.30520635403069246       0.54989007862137274        4.8508075042071033        21.642393563821933        53.448702383689998     
  0.74500000000000055       0.10167931343617383       0.29553950171352583       0.55490708294849900        4.8339243394310776        21.997132274386122        53.139604221579035     
  0.75000000000000056        9.8344204480068462E-002  0.28622937217145361       0.56009377310713326        4.8179197988785640        22.359115763614238        52.835633431077703     
  0.75500000000000056        9.5142412248060443E-002  0.27726135856742801       0.56542165851379089        4.8026652246868959        22.729557703067485        52.536516259961552     
  0.76000000000000056        9.2067845571688484E-002  0.26862150158191622       0.57086693024157631        4.7880464861582528        23.109177276303924        52.248121027270578     
  0.76500000000000057        8.9114724303297560E-002  0.26029645860471295       0.57640986557496088        4.7739626350132749        23.495046896808297        51.958667531735905     
  0.77000000000000057        8.6277561585622331E-002  0.25227347453623850       0.58203426094364752        4.7603246421272001        23.891727550881843        51.683166702995251     
  0.77500000000000058        8.3551147280253230E-002  0.24454035409730393       0.58772690975746600        4.7470542182765643        24.295714951388636        51.410488075894044     
  0.78000000000000058        8.0930532463534932E-002  0.23708543555514222       0.59347713378139666        4.7340827196778461        24.708965059981356        51.144935245328163     
  0.78500000000000059        7.8411014907455542E-002  0.22989756578114567       0.59927637108527987        4.7213501376994804        25.131793383779520        50.887436777275695     
  0.79000000000000059        7.5988125471044582E-002  0.22296607656258666       0.60511781969162137        4.7088041709437976        25.563245907438898        50.636021714432317     
  0.79500000000000060        7.3657615334800197E-002  0.21628076209653277       0.61099613358432348        4.6963993769963723        26.005189694802198        50.393287107899134     
  0.80000000000000060        7.1415444016889956E-002  0.20983185759959061       0.61690716633877052        4.6840964004321322        26.455801570649786        50.156301409129149     
  0.80500000000000060        6.9257768115366186E-002  0.20361001897183090       0.62284775691773453        4.6718612731834810        26.916575292765774        49.928041590289062     
  0.81000000000000061        6.7180930725524196E-002  0.19760630345753996       0.62881555213543383        4.6596647829983313        27.387680067093513        49.707401818400207     
  0.81500000000000061        6.5181451485895617E-002  0.19181215124929049       0.63480886046816376        4.6474819055586245        27.867639274299638        49.492537284376326     
  0.82000000000000062        6.3256017210265664E-002  0.18621936798534758       0.64082653233402553        4.6352912956801733        28.358608671328636        49.287173737360284     
  0.82500000000000062        6.1401473066570837E-002  0.18082010809352489       0.64686786245397032        4.6230748330775384        28.863317657699689        49.098864187040078     
  0.83000000000000063        5.9614814266681242E-002  0.17560685893754871       0.65293251056252644        4.6108172182140876        29.369046170817764        48.895039279785941     
  0.83500000000000063        5.7893178233875610E-002  0.17057242572460668       0.65902043711602198        4.5985056139121463        29.889910125253596        48.710163153369479     
  0.84000000000000064        5.6233837217367424E-002  0.16570991713520061       0.66513185135204900        4.5861293285817037        30.421504357322075        48.533223966819321     
  0.84500000000000064        5.4634191325531246E-002  0.16101273163862909       0.67126716933555020        4.5736795371307126        30.962530333189811        48.362731850396798     
  0.85000000000000064        5.3091761951575708E-002  0.15647454445954903       0.67742698012355562        4.5611490358531341        31.512237757491782        48.196144760466396     
  0.85500000000000065        5.1604185567299107E-002  0.15208929516293940       0.68361201846882325        4.5485320278536161        32.073712292926949        48.039635135226213     
  0.86000000000000065        5.0169207862298885E-002  0.14785117582661336       0.68982314282274149        4.5358239357962953        32.644309632120432        47.888266815624355     
  0.86500000000000066        4.8784678207584281E-002  0.14375461977206580       0.69606131753738520        4.5230212390270781        33.225605969632447        47.744998546058611     
  0.87000000000000066        4.7448544423991955E-002  0.13979429082603120       0.70232759846839377        4.5101213323837968        33.815532160628408        47.605444617945153     
  0.87500000000000067        4.6158847837132727E-002  0.13596507308656303       0.70862312128505101        4.4971224042031333        34.416492561696636        47.472459532906711     
  0.88000000000000067        4.4913718601818163E-002  0.13226206116883588       0.71494909190296019        4.4840233313105005        35.026359913422446        47.345321900329616     
  0.88500000000000068        4.3711371280046304E-002  0.12868055090715572       0.72130677861711656        4.4708235889506316        35.646767829399408        47.225082570475593     
  0.89000000000000068        4.2550100657654022E-002  0.12521603049084912       0.72769750555687551        4.4575231738603343        36.275709583538500        47.107565167738507     
  0.89500000000000068        4.1428277785724762E-002  0.12186417201291909       0.73412264718071918        4.4441225388229375        36.915044315037854        46.998580026822971     
  0.90000000000000069        4.0344346233707203E-002  0.11862082341134540       0.74058362354487417        4.4306225372701133        37.564042416715118        46.893258626992242     
  0.90500000000000069        3.9296818542037142E-002  0.11548200078398102       0.74708189619431031        4.4170243766114625        38.222580477149940        46.793619690426034     
  0.91000000000000070        3.8284272862823675E-002  0.11244388105895904       0.75361896447939591        4.4033295791327802        38.894022718536000        46.704232703615340     
  0.91500000000000070        3.7305349777865364E-002  0.10950279500341813       0.76019636222837350        4.3895399494610690        39.568138362050725        46.607298066427241     
  0.92000000000000071        3.6358749283922250E-002  0.10665522055420683       0.76681565461377921        4.3756575476473420        40.252938323141066        46.518586095787533     
  0.92500000000000071        3.5443227935799550E-002  0.10389777645508988       0.77347843521356174        4.3616846671108789        40.949876572191187        46.437743508665100     
  0.93000000000000071        3.4557596138360784E-002  0.10122721618570962       0.78018632315534153        4.3476238167090679        41.654809641515897        46.359484017676365     
  0.93500000000000072        3.3700715579127072E-002   9.8640422168290873E-002  0.78694096032499150        4.3334777063217320        42.370450924739792        46.285378277654900     
  0.94000000000000072        3.2871496793632209E-002   9.6134400238826107E-002  0.79374400861567929        4.3192492354204157        43.092282068979848        46.213580133156711     
  0.94500000000000073        3.2068896856152398E-002   9.3706274370050704E-002  0.80059714716808039        4.3049414841289027        43.827958836716967        46.150188164771372     
  0.95000000000000073        3.1291917188885528E-002   9.1353281634230649E-002  0.80750206965701987        4.2905577063681841        44.568736859283426        46.082957288292540     
  0.95500000000000074        3.0539601483054485E-002   8.9072767394323474E-002  0.81446048150129202        4.2761013247245145        45.320450187433231        46.022990184350142     
  0.96000000000000074        2.9811033725793034E-002   8.6862180712646148E-002  0.82147409710596397        4.2615759267340643        46.082612304131338        45.963023200205527     
  0.96500000000000075        2.9105336327040380E-002   8.4719069966745775E-002  0.82854463705431292        4.2469852622832063        46.849546546830190        45.908575651426624     
  0.97000000000000075        2.8421668340997890E-002   8.2641078662645667E-002  0.83567382529421441        4.2323332419298065        47.631495030067207        45.858714676401810     
  0.97500000000000075        2.7759223777021644E-002   8.0625941436126350E-002  0.84286338625974433        4.2176239358882759        48.418826219299078        45.806810702257131     
  0.98000000000000076        2.7117229995122956E-002   7.8671480233184821E-002  0.85011504193331933        4.2028615735565316        49.219365637721410        45.761320880102311     
  0.98500000000000076        2.6494946181521963E-002   7.6775600661212737E-002  0.85743050888085648        4.1880505433681563        50.026696623258125        45.715814023820393     
  0.99000000000000077        2.5891661899966813E-002   7.4936288502877799E-002  0.86481149515153211        4.1731953929085952        50.844868731624878        45.673131023567095     
  0.99500000000000077        2.5306695714766635E-002   7.3151606385061504E-002  0.87225969712545537        4.1583008291130792        51.672348074966827        45.632811000237375     
   1.0000000000000007        2.4739393881730968E-002   7.1419690595608057E-002  0.87977679614118354        4.1433717184938539        52.512271194477862        45.594548918009274     
   1.0050000000000006        2.4189129103407161E-002   6.9738748040950926E-002  0.88736445508249440        4.1284130872987346        53.360987322305490        45.558985493715021     
   1.0100000000000005        2.3655299345226453E-002   6.8107053338063120E-002  0.89502431466132459        4.1134301215116498        54.222094706042427        45.524572855105205     
   1.0150000000000003        2.3137326709350179E-002   6.6522946034470939E-002  0.90275798958076059        4.0984281666880804        55.089711823410774        45.489332374859373     
   1.0200000000000002        2.2634656363191820E-002   6.4984827950373525E-002  0.91056706443352053        4.0834127274852090        55.972895058722294        45.459071549728733     
   1.0250000000000001        2.2146755519759587E-002   6.3491160637220961E-002  0.91845308930944924        4.0683894669357201        56.863420289117215        45.427580641892504     
   1.0300000000000000        2.1673112467120531E-002   6.2040462947347469E-002  0.92641757522569268        4.0533642053668002        57.769152938501925        45.399944877428652     
   1.0349999999999999        2.1213235644439027E-002   6.0631308709536202E-002  0.93446198922996071        4.0383429189634041        58.685898344607303        45.373611169268685     
   1.0399999999999998        2.0766652762185204E-002   5.9262324505641201E-002  0.94258774925032607        4.0233317379227103        59.612004420987972        45.344784766235776     
   1.0449999999999997        2.0332909964236739E-002   5.7932187543611659E-002  0.95079621868210962        4.0083369442175583        60.553363815533537        45.319811859561632     
   1.0499999999999996        1.9911571029723681E-002   5.6639623622491593E-002  0.95908870076470432        3.9933649689111563        61.506269777066869        45.295520426455809     
   1.0549999999999995        1.9502216612591387E-002   5.5383405185205903E-002  0.96746643265862353        3.9784223890532262        62.474651129375161        45.273431485388336     
   1.0599999999999994        1.9104443516950672E-002   5.4162349455091109E-002  0.97593057944358341        3.9635159240910331        63.453718985532973        45.249522069187293     
   1.0649999999999993        1.8717864006409558E-002   5.2975316652386403E-002  0.98448222781536421        3.9486524318469272        64.449232450477538        45.228760947074832     
   1.0699999999999992        1.8342105145658896E-002   5.1821208287019187E-002  0.99312237975674000        3.9338389040269846        65.458222231213043        45.207312055298360     
   1.0749999999999991        1.7976808172695150E-002   5.0698965524252182E-002   1.0018519460271567        3.9190824612392943        66.484594377782130        45.188533485943594     
   1.0799999999999990        1.7621627900136692E-002   4.9607567619869133E-002   1.0106717396460343        3.9043903475804997        67.522782766665287        45.168238578699189     
   1.0849999999999989        1.7276232144180392E-002   4.8546030421774918E-002   1.0195824693002284        3.8897699247175819        68.581940745654904        45.151724993957700     
   1.0899999999999987        1.6940301179822276E-002   4.7513404935011175E-002   1.0285847327431594        3.8752286655278039        69.654578953111198        45.132986186255842     
   1.0949999999999986        1.6613527221035384E-002   4.6508775947336996E-002   1.0376790102891154        3.8607741472786148        70.745524495094571        45.115805565161516     
   1.0999999999999985        1.6295613924673082E-002   4.5531260712662391E-002   1.0468656582673244        3.8464140443214641        71.855868006544625        45.100471125175460     
   1.1049999999999984        1.5986275916925346E-002   4.4580007689740860E-002   1.0561449026383929        3.8321561203746071        72.984046647504513        45.084819597942563     
   1.1099999999999983        1.5685238341221798E-002   4.3654195333659065E-002   1.0655168327145470        3.8180082203464920        74.130426197433323        45.068681845199002     
   1.1149999999999982        1.5392236426531968E-002   4.2753030937772669E-002   1.0749813950158649        3.8039782617124649        75.299334906166905        45.055571569606577     
   1.1199999999999981        1.5107015075066768E-002   4.1875749523844256E-002   1.0845383872648005        3.7900742254907800        73.719449357124049        44.491955981531731     
   1.1249999999999980        1.4829328468439784E-002   4.1021612778252156E-002   1.0941874526803850        3.7763041467878504        74.809909127387542        44.465015617854014     
   1.1299999999999979        1.4558939691393363E-002   4.0189908032229306E-002   1.1039280744028170        3.7626761049554922        75.911887614319326        44.434633791149309     
   1.1349999999999978        1.4295620372244086E-002   3.9379947284198136E-002   1.1137595702791157        3.7491982133441160        77.035644883591814        44.405834397391239     
   1.1399999999999977        1.4039150339240983E-002   3.8591066262339831E-002   1.1236810877989496        3.7358786086846587        78.177822475777106        44.378463652866124     
   1.1449999999999976        1.3789317292077441E-002   3.7822623525642883E-002   1.1336915995605599        3.7227254401290257        79.337439994929483        44.348288160019813     
   1.1499999999999975        1.3545916487830354E-002   3.7073999601736331E-002   1.1437898989113295        3.7097468578856878        80.519295788903221        44.320589188162025     
   1.1549999999999974        1.3308750440644645E-002   3.6344596159916240E-002   1.1539745960311785        3.6969510015938618        81.712142017618206        44.291255975024853     
   1.1599999999999973        1.3077628634507409E-002   3.5633835217818981E-002   1.1642441146315778        3.6843459883289813        83.006923519101250        44.298638454156318     
   1.1649999999999971        1.2852367248496593E-002   3.4941158380286989E-002   1.1745966887330987        3.6719399003180087        84.184748722487740        44.247947449814362     
   1.1699999999999970        1.2632788893916471E-002   3.4266026109032149E-002   1.1850303603969536        3.6597407724011846        85.463001279996632        44.221939934243885     
   1.1749999999999969        1.2418722362762100E-002   3.3607917021764307E-002   1.1955429777157052        3.6477565791904136        86.767080258178638        44.203763970653824     
   1.1799999999999968        1.2210002386985950E-002   3.2966327219517290E-002   1.2061321935523022        3.6359952219772929        88.086808740489673        44.181118400686387     
   1.1849999999999967        1.2006469408059483E-002   3.2340769640954038E-002   1.2167954647743080        3.6244645154875901        89.429339552489154        44.158332848863935     
   1.1899999999999966        1.1807969356357985E-002   3.1730773442505043E-002   1.2275300526116768        3.6131721743097964        90.797415901957919        44.136452317834184     
   1.1949999999999965        1.1614353439909545E-002   3.1135883403223565E-002   1.2383330234096506        3.6021257992417124        92.191515928210194        44.114586745589882     
   1.1999999999999964        1.1425477942080641E-002   3.0555659353311584E-002   1.2492012506403736        3.5913328634179580        93.609053192163543        44.092032832213093     
   1.2049999999999963        1.1241204027786014E-002   2.9989675625304146E-002   1.2601314178381993        3.5808006982946985        95.054715687753074        44.069248869099908     
   1.2099999999999962        1.1061397557834354E-002   2.9437520526952858E-002   1.2711200230008528        3.5705364795264707        96.525705546289217        44.045842425766686     
   1.2149999999999961        1.0885928911039311E-002   2.8898795834893010E-002   1.2821633843763749        3.5605472127265809        98.029855994682677        44.026939386098924     
   1.2199999999999960        1.0714672813741714E-002   2.8373116308208636E-002   1.2932576479506110        3.5508397191727692        99.561816083626084        44.007560967165645     
   1.2249999999999959        1.0547508176410224E-002   2.7860109221069067E-002   1.3043987973206446        3.5414206214256847        101.12355181583393        43.988984557011442     
   1.2299999999999958        1.0384317936998769E-002   2.7359413913623745E-002   1.3155826658934053        3.5322963289328615        102.71236385944414        43.968160612980874     
   1.2349999999999957        1.0224988910759469E-002   2.6870681360401490E-002   1.3268049519007279        3.5234730236533793        104.33287743248317        43.948015957622637     
   1.2399999999999956        1.0069411646221146E-002   2.6393573755477726E-002   1.3380612368586882        3.5149566456172843        105.98747209789275        43.931253694370213     
   1.2449999999999954        9.9174802870579445E-003   2.5927764113709884E-002   1.3493470075476668        3.5067528786536419        107.67278196335215        43.914622260596879     
   1.2499999999999953        9.7690924395876389E-003   2.5472935887378145E-002   1.3606576819015117        3.4988671360446624        109.39063175867393        43.897014169647996     
   1.2549999999999952        9.6241490456489241E-003   2.5028782597587514E-002   1.3719886389187730        3.4913045463945305        111.13675286289786        43.878495580034723     
   1.2599999999999951        9.4825542606212804E-003   2.4595007479826320E-002   1.3833352520520819        3.4840699395503925        112.92496154980731        43.864012940618110     
   1.2649999999999950        9.3442153363613011E-003   2.4171323143094905E-002   1.3946929268791370        3.4771678326792741        114.74116941481586        43.849835098987207     
   1.2699999999999949        9.2090425088390219E-003   2.3757451242046392E-002   1.4060571407574196        3.4706024165421021        116.59201319390525        43.830255731731043     
   1.2749999999999948        9.0769488902698002E-003   2.3353122161606270E-002   1.4174234849962910        3.4643775419432701        118.48172869496739        43.820107658181144     
   1.2799999999999947        8.9478503655468257E-003   2.2958074713564425E-002   1.4287877073655835        3.4584967064130616        120.40354320024473        43.804999674894312     
   1.2849999999999946        8.8216654927856120E-003   2.2572055844642894E-002   1.4401457541863785        3.4529630411526520        122.36744451691085        43.793592395403280     
   1.2899999999999945        8.6983154078055028E-003   2.2194820355583466E-002   1.4514938101548716        3.4477792982535007        124.36329776951715        43.779909860364491     
   1.2949999999999944        8.5777237323761430E-003   2.1826130630798017E-002   1.4628283344418922        3.4429478382336258        126.39550285519798        43.765471958426751     
   1.2999999999999943        8.4598164860695164E-003   2.1465756378162386E-002   1.4741460914893794        3.4384706179127780        128.47000822912679        43.754394193791583     
   1.3049999999999942        8.3445220015611835E-003   2.1113474378538635E-002   1.4854441757870538        3.4343491786556646        130.57977981650541        43.743065092490866     
   1.3099999999999941        8.2317708432358538E-003   2.0769068244638273E-002   1.4967200286946027        3.4305846349954066        132.72985664008672        43.733610881654002     
   1.3149999999999940        8.1214957289556140E-003   2.0432328188850386E-002   1.5079714476993920        3.4271776637154376        134.92027196546684        43.723399212993279     
   1.3199999999999938        8.0136314548568677E-003   2.0103050799673901E-002   1.5191965870503017        3.4241284933447513        137.14882579385693        43.713595305365615     
   1.3249999999999937        7.9081148230499051E-003   1.9781038826416620E-002   1.5303939504451984        3.4214368941670363        139.41546788010336        43.702771012148958     
   1.3299999999999936        7.8048845720961437E-003   1.9466100971822844E-002   1.5415623756312928        3.4191021687584069        141.73180661219408        43.696076333086260     
   1.3349999999999935        7.7038813101503387E-003   1.9158051692324773E-002   1.5527010126662995        3.4171231429853379        144.08439217518560        43.688413806671100     
   1.3399999999999934        7.6050474506530958E-003   1.8856711005609064E-002   1.5638092959642340        3.4154981576841363        146.47917960432937        43.681587681176843     
   1.3449999999999933        7.5083271504698089E-003   1.8561904305211180E-002   1.5748869118373474        3.4142250608576594        148.92230194348798        43.674434757697249     
   1.3499999999999932        7.4136662503737731E-003   1.8273462181864514E-002   1.5859337630983270        3.4133012005304764        151.40540766294527        43.669941301130322     
   1.3549999999999931        7.3210122177767272E-003   1.7991220251333772E-002   1.5969499317383848        3.4127234182714776        153.93360067814871        43.663598768907697     
   1.3599999999999930        7.2303140916141736E-003   1.7715018988482822E-002   1.6079356416333530        3.4124880434078739        156.49941492775227        43.661882375620827     
   1.3649999999999929        7.1415224292972375E-003   1.7444703567331344E-002   1.6188912219501130        3.4125908879208651        159.11953278483367        43.654815994117321     
   1.3699999999999928        7.0545892556465690E-003   1.7180123706869405E-002   1.6298170733680462        3.4130272421328476        161.78727116766206        43.651919745657608     
   1.3749999999999927        6.9694680137270927E-003   1.6921133522402234E-002   1.6407136370529019        3.4137918711517661        164.49010883821180        43.648176848700061     
   1.3799999999999926        6.8861135175069593E-003   1.6667591382216369E-002   1.6515813686530658        3.4148790121283161        167.25203002644128        43.645745554608801     
   1.3849999999999925        6.8044819062662463E-003   1.6419359769357520E-002   1.6624207168118019        3.4162823723194555        170.05351282137283        43.644516317535746     
   1.3899999999999924        6.7245306006856517E-003   1.6176305148325191E-002   1.6732321075917391        3.4179951280744025        172.90123835306039        43.641465435632824     
   1.3949999999999922        6.6462182605464513E-003   1.5938297836494746E-002   1.6840159342212051        3.4200099246658646        175.81093653877602        43.642812756318122     
   1.3999999999999921        6.5695047439783731E-003   1.5705211880086657E-002   1.6947725541499710        3.4223188770505479        178.75941503608630        43.641915795169844     
   1.4049999999999920        6.4943510681923005E-003   1.5476924934506737E-002   1.7055022903389383        3.4249135715846730        181.76244912203700        43.644006740956094     
   1.4099999999999919        6.4207193716400643E-003   1.5253318148895087E-002   1.7162054404648146        3.4277850687623501        184.70025355290724        43.640940826948281     
   1.4149999999999918        6.3485728775434921E-003   1.5034276054718939E-002   1.7268822903677850        3.4309239068832613        187.46798811251355        43.644693040155047     
   1.4199999999999917        6.2778758587392208E-003   1.4819686458260818E-002   1.7375331336684350        3.4343201067631535        190.24313427555984        43.647714927403875     
   1.4249999999999916        6.2085936037872521E-003   1.4609440336851439E-002   1.7481582960099713        3.4379631776206594        193.05158974925035        43.650776059688809     
   1.4299999999999915        6.1406923842933286E-003   1.4403431738707355E-002   1.7587581633668807        3.4418421239195598        195.90343998979498        43.653543711871919     
   1.4349999999999914        6.0741394233987554E-003   1.4201557686240721E-002   1.7693332152925181        3.4459454533781839        198.79156504574323        43.658453493352063     
   1.4399999999999913        6.0089028653899836E-003   1.4003718082704298E-002   1.7798840600020644        3.4502611861167694        201.71627707741655        43.664531111808060     
   1.4449999999999912        5.9449517463862848E-003   1.3809815622054199E-002   1.7904114727577769        3.4547768650754294        204.69940922374445        43.674442425485083     
   1.4499999999999911        5.8822559660635966E-003   1.3619755701907240E-002   1.8009164368819226        3.4594795674016829        207.69224296384519        43.674192246588767     
   1.4549999999999910        5.8207862603728523E-003   1.3433446339477169E-002   1.8114001845580618        3.4643559172886635        210.73218644008816        43.680914208552629     
   1.4599999999999909        5.7605141752164694E-003   1.3250798090380796E-002   1.8218642397715796        3.4693920999717247        213.82422042241177        43.689565810815374     
   1.4649999999999908        5.7014120410450297E-003   1.3071723970207566E-002   1.8323104603229838        3.4745738769724732        216.94486197323110        43.696027418188763     
   1.4699999999999906        5.6434529483394532E-003   1.2896139378751330E-002   1.8427410800576551        3.4798866026657183        220.12024385811199        43.704644505638527     
   1.4749999999999905        5.5866107239447276E-003   1.2723962026804607E-002   1.8531587490259391        3.4853152422087441        223.33787167800349        43.714046404201824     
   1.4799999999999904        5.5308599082223324E-003   1.2555111865422783E-002   1.8635665726168724        3.4908443907564402        226.58433162876992        43.722049533966192     
   1.4849999999999903        5.4761757329917400E-003   1.2389511017569174E-002   1.8739681477164798        3.4964582940883049        229.87383400997314        43.732893479027553     
   1.4899999999999902        5.4225341002294980E-003   1.2227083712051194E-002   1.8843675963258790        3.5021408705963282        233.19025594593862        43.740363306240376     
   1.4949999999999901        5.3699115614983580E-003   1.2067756219665896E-002   1.8947695955452351        3.5078757346956317        236.61483849046471        43.758827903455241     
   1.4999999999999900        5.3182852980791324E-003   1.1911456791476163E-002   1.9051794034120175        3.5136462217131035        240.02509575653522        43.765692593238754     
   1.5049999999999899        5.2676331017784501E-003   1.1758115599137959E-002   1.9156028800864737        3.5194354142120403        243.49869602146634        43.779624552685441     
   1.5099999999999898        5.2179333563875359E-003   1.1607664677205840E-002   1.9260465042174908        3.5252261697397107        247.01656619186602        43.791838636433098     
   1.5149999999999897        5.1691650197677845E-003   1.1460037867346246E-002   1.9365173838405041        3.5310011501579748        250.57969465570687        43.805134841039603     
   1.5199999999999896        5.1213076065400615E-003   1.1315170764388897E-002   1.9470232608231937        3.5367428524405211        254.18334942915351        43.819776043156295     
   1.5249999999999895        5.0743411713546982E-003   1.1173000664150636E-002   1.9575725091848126        3.5424336410588602        257.84237286135897        43.834701834121589     
   1.5299999999999894        5.0282462927225494E-003   1.1033466512971548E-002   1.9681741261935890        3.5480557818695164        261.54823731666130        43.850230828855423     
   1.5349999999999893        4.9830040573839449E-003   1.0896508858895929E-002   1.9788377160722703        3.5535914775765689        265.32224959359314        43.863354973137675     
   1.5399999999999892        4.9385960451983511E-003   1.0762069804447258E-002   1.9895734667551670        3.5590229048427404        269.10697961871216        43.882982612301511     
   1.5449999999999890        4.8950043145343002E-003   1.0630092960935280E-002   2.0003921164330776        3.5643322529629398        272.96039675011110        43.899667858138407     
   1.5499999999999889        4.8522113881417292E-003   1.0500523404243619E-002   2.0113049138254806        3.5695017641772848        276.85316593392048        43.916745783990578     
   1.5549999999999888        4.8102002394896067E-003   1.0373307632045402E-002   2.0223235678187761        3.5745137756190672        280.80518772461619        43.934488896671091     
   1.5599999999999887        4.7689542795514997E-003   1.0248393522396865E-002   2.0334601884077386        3.5793507628559200        284.83625931978071        43.952859514002490     
   1.5649999999999886        4.7284573440234522E-003   1.0125730293660118E-002   2.0447272175844504        3.5839953852637789        288.86192357469258        43.972765665626461     
   1.5699999999999885        4.6886936809583885E-003   1.0005268465709812E-002   2.0561373506146445        3.5884305328676209        292.96481846313628        43.991959588187598     
   1.5749999999999884        4.6496479388019908E-003   9.8869598223770179E-003   2.0677034463302135        3.5926393750338632        297.12312646888802        44.012238991986031     
   1.5799999999999883        4.6113051548162826E-003   9.7707573750903508E-003   2.0794384277940803        3.5966054107919780        301.33351098742600        44.032846896151582     
   1.5849999999999882        4.5736507438766559E-003   9.6566153276699349E-003   2.0913551707912106        3.6003125208816220        305.61395630747057        44.055594610649578     
   1.5899999999999881        4.5366704876292612E-003   9.5444890422366653E-003   2.1034663836096805        3.6037450214697788        309.92771912907438        44.076418337021188     
   1.5949999999999880        4.5003505239958400E-003   9.4343350061965505E-003   2.1157844724039903        3.6068877197497118        314.30592176698332        44.098795623504614     
   1.5999999999999879        4.4646773370144348E-003   9.3261108002644973E-003   2.1283213989868166        3.6097259711058753        318.74384544477181        44.122824922193068     
   1.6049999999999878        4.4296377470030707E-003   9.2197750674913349E-003   2.1410885257269294        3.6122457381194595        323.24443949556462        44.145911346607853     
   1.6099999999999877        4.3952189010365208E-003   9.1152874832608841E-003   2.1540964498420316        3.6144336512297217        327.78821961640784        44.170496127743299     
   1.6149999999999876        4.3614082637237431E-003   9.0126087262218466E-003   2.1673548265498708        3.6162770713800589        332.38912635780662        44.195861033780240     
   1.6199999999999875        4.3281936082764519E-003   8.9117004501243647E-003   2.1808721841724297        3.6177641540293761        337.05836121985976        44.221839935613644     
   1.6249999999999873        4.2955630078590264E-003   8.8125252565316517E-003   2.1946557279599008        3.6188839154022707        341.78499110141701        44.247540534326767     
   1.6299999999999872        4.2635048272085261E-003   8.7150466683731543E-003   2.2087111351755238        3.6196263000541804        346.56404001792112        44.272278849681463     
   1.6349999999999871        4.2320077145178480E-003   8.6192291043168633E-003   2.2230423445294702        3.6199822504923405        351.41384492493847        44.299630651163646     
   1.6399999999999870        4.2010605935702992E-003   8.5250378539268260E-003   2.2376513361862123        3.6199437785345894        356.32195454899619        44.327467965887386     
   1.6449999999999869        4.1706526561193320E-003   8.4324390535845326E-003   2.2525379119685240        3.6195040382165500        361.30926690891908        44.357066658291245     
   1.6499999999999868        4.1407733545036005E-003   8.3413996631463774E-003   2.2676994671744493        3.6186574007302679        366.36680837564597        44.384536650086687     
   1.6549999999999867        4.1114123944899113E-003   8.2518874433121035E-003   2.2831307676013464        3.6173995309673974        371.46206355442285        44.412057395102437     
   1.6599999999999866        4.0825597283362510E-003   8.1638709336827823E-003   2.2988237264993554        3.6157274658685812        376.58424988637296        44.432351607383481     
   1.6649999999999865        4.0542055480673449E-003   8.0773194314832861E-003   2.3147671892244612        3.6136396945058675        381.87513485961261        44.471753697513137     
   1.6699999999999864        4.0263402789559389E-003   7.9922029709292106E-003   2.3309467278414511        3.6111362398193405        387.15025560610695        44.505334555492091     
   1.6749999999999863        3.9989545732020326E-003   7.9084923032142224E-003   2.3473444511435888        3.6082187422597820        392.50396267650660        44.535048443103911     
   1.6799999999999862        3.9720393038046925E-003   7.8261588771012976E-003   2.3639388363972236        3.6048905451070294        397.93491091383993        44.567060367366189     
   1.6849999999999861        3.9455855586189182E-003   7.7451748200943592E-003   2.3807045885792228        3.6011567813662286        403.43186645968450        44.599302066484618     
   1.6899999999999860        3.9195846345918117E-003   7.6655129201735504E-003   2.3976125330565856        3.5970244625706496        409.00717035456438        44.631347118103143     
   1.6949999999999859        3.8940280321721477E-003   7.5871466080749779E-003   2.4146295547639971        3.5925025690068360        414.63360442701332        44.664082772357801     
   1.6999999999999857        3.8689074498876475E-003   7.5100499400973788E-003   2.4317185869944766        3.5876021420118258        420.34368490369349        44.696938280520172     
   1.7049999999999856        3.8442147790841629E-003   7.4341975814183848E-003   2.4488386660587720        3.5823363775142663        426.12579067279421        44.731349039111642     
   1.7099999999999855        3.8199420988216885E-003   7.3595647899044585E-003   2.4659450622393608        3.5767207215303150        431.98723668210818        44.766749071662915     
   1.7149999999999854        3.7960816709217264E-003   7.2861274003974347E-003   2.4829894963010890        3.5707729671076316        437.93499601174625        44.805306838953591     
   1.7199999999999853        3.7726259351617535E-003   7.2138618094640498E-003   2.4999204625882459        3.5645133529232318        443.91657437082682        44.837587170022822     
   1.7249999999999852        3.7495675046109781E-003   7.1427449605914514E-003   2.5166836677684299        3.5579646636107189        449.99562692051302        44.873294913185617     
   1.7299999999999851        3.7268991611037728E-003   7.0727543298169156E-003   2.5332226040297017        3.5511523314075299        456.13541880487418        44.908587616778867     
   1.7349999999999850        3.7046138508455449E-003   7.0038679117750526E-003   2.5494792722452098        3.5441045395593807        462.36732811778029        44.947090943703579     
   1.7399999999999849        3.6827046801472959E-003   6.9360642061517238E-003   2.5653950726624584        3.5368523271392354        468.68351856272739        44.985197270635254     
   1.7449999999999848        3.6611649112846048E-003   6.8693222045307419E-003   2.5809118752597828        3.5294296953576558        475.05455889707099        45.023138740940858     
   1.7499999999999847        3.6399879584765576E-003   6.8036213776195781E-003   2.5959732856619544        3.5218737154213997        481.51923885621954        45.061381232551604     
   1.7549999999999846        3.6191673839817305E-003   6.7389416628455970E-003   2.6105261170615468        3.5142246378204973        488.04871759486821        45.099327067212869     
   1.7599999999999845        3.5986968943064026E-003   6.6752634523066547E-003   2.6245220711937547        3.5065260028967837        494.61993591999004        45.138891879054839     
   1.7649999999999844        3.5785703365223539E-003   6.6125675810686001E-003   2.6379196303719064        3.4988247529686669        501.37263059523184        45.179071694275258     
   1.7699999999999843        3.5587816946900945E-003   6.5508353157971728E-003   2.6506861461405271        3.4911713457519902        508.15065115787604        45.220421415736972     
   1.7749999999999841        3.5393250863847620E-003   6.4900483437139306E-003   2.6628001078789931        3.4836198689153783        515.01889286274286        45.260398250386068     
   1.7799999999999840        3.5201947593205439E-003   6.4301887618655592E-003   2.6742535467724102        3.4762281562678861        521.96100657958664        45.301559442661116     
   1.7849999999999839        3.5013850880720064E-003   6.3712390666992042E-003   2.6850545246993147        3.4690579048655552        528.95501307040581        45.341376031528384     
   1.7899999999999838        3.4828905708876347E-003   6.3131821439308183E-003   2.6952296318943816        3.4621747935659655        536.09714371241262        45.385390301607565     
   1.7949999999999837        3.4647058265938071E-003   6.2560012587002571E-003   2.7048263849191803        3.4556486023747564        543.31494680191838        45.428679915259529     
   1.7999999999999836        3.4468255915859297E-003   6.1996800460028308E-003   2.7139154060092281        3.4495533335061257        550.58856814539581        45.470873309098735     
   1.8049999999999835        3.4292447169042501E-003   6.1442025013895910E-003   2.7225922256457817        3.4439673329112748        557.96200959234045        45.514285187439114     
   1.8099999999999834        3.4119581653915734E-003   6.0895529719278661E-003   2.7309785281818759        3.4389734131772540        565.41588058109278        45.558146115384744     
   1.8149999999999833        3.3949610089300613E-003   6.0357161474124338E-003   2.7392226412109784        3.4346589774951997        572.96338243437367        45.602948867931033     
   1.8199999999999832        3.3782484257556841E-003   5.9826770518243569E-003   2.7474990547660942        3.4311161441872038        580.60798194681945        45.645908811474058     
   1.8249999999999831        3.3618156978463018E-003   5.9304210350227711E-003   2.7560067447186549        3.4284418724700361        588.43088914394150        45.700135780713985     
   1.8299999999999830        3.3456582083829190E-003   5.8789337646700315E-003   2.7649660992267724        3.4267380889642145        596.12866844932637        45.738749302218082     
   1.8349999999999829        3.3297714392805265E-003   5.8282012183778018E-003   2.7746142471795858        3.4261118148596585        604.05188560852309        45.782868518028714     
   1.8399999999999828        3.3141509687868659E-003   5.7782096760690179E-003   2.7851986559289332        3.4266752940242595        612.04649693865588        45.830417957563171     
   1.8449999999999827        3.2987924691475754E-003   5.7289457125515664E-003   2.7969688911083783        3.4285461215891875        620.13435511230898        45.876443538116163     
   1.8499999999999825        3.2836917043343795E-003   5.6803961902922124E-003   2.8101665352043392        3.4318473732454482        628.31243764661667        45.923922414498477     
   1.8549999999999824        3.2688445278360044E-003   5.6325482523901325E-003   2.8250133084654561        3.4367077351394615        636.58122359699087        45.970933719715113     
   1.8599999999999823        3.2542468805088144E-003   5.5853893157410319E-003   2.8416975370776578        3.4432616340065412        644.94742713072026        46.018219260623781     
   1.8649999999999822        3.2398947884857269E-003   5.5389070643860928E-003   2.8603591885662261        3.4516493683369682        653.43300301172303        46.066905694026623     
   1.8699999999999821        3.2257843611415821E-003   5.4930894430418493E-003   2.8810737388305778        3.4620172390913639        661.99223184616380        46.115857894794267     
   1.8749999999999820        3.2119117891137522E-003   5.4479246508046036E-003   2.9038352102960574        3.4745176812472209        670.65729797032407        46.162328326986014     
   1.8799999999999819        3.1982733423753591E-003   5.4034011350240999E-003   2.9285386980450965        3.4893093956803081        679.41305897958159        46.213705403924230     
   1.8849999999999818        3.1848653683606855E-003   5.3595075853421527E-003   2.9549627222176498        3.5065574806583841        688.25880943805214        46.263680762386393     
   1.8899999999999817        3.1716842901400632E-003   5.3162329278899304E-003   2.9827516918382146        3.5264335640658913        697.21580693832470        46.313544161068364     
   1.8949999999999816        3.1587266046440620E-003   5.2735663196417405E-003   3.0113986965137456        3.5491159352081145        706.26409751268943        46.364282858305138     
   1.8999999999999815        3.1459888809343209E-003   5.2314971429186629E-003   3.0402287826813810        3.5747896766298362        715.41282500675629        46.415222215650921     
   1.9049999999999814        3.1334677585203165E-003   5.1900150000366418E-003   3.0683827807496891        3.6036467961846403        724.67946689970177        46.465969726249533     
   1.9099999999999813        3.1211599457207253E-003   5.1491097080994305E-003   3.0948016566024266        3.6358863581777698        734.04609065080660        46.516713407042310     
   1.9149999999999812        3.1090622180677762E-003   5.1087712939264082E-003   3.1182113237319649        3.6717146151614872        743.47816388189767        46.569460978831685     
   1.9199999999999811        3.0971714167534340E-003   5.0689899891153620E-003   3.1371077824332252        3.7113451385108691        753.03129551449172        46.621630784700329     
   1.9249999999999809        3.0854844471165728E-003   5.0297562252353345E-003   3.1497424588322818        3.7549989488529052        762.68726430957554        46.673399307477965     
   1.9299999999999808        3.0739982771692208E-003   4.9910606291443931E-003   3.1541076259827676        3.8029046462831784        772.45908350157060        46.725990450357308     
   1.9349999999999807        3.0627099361614750E-003   4.9528940184308682E-003   0.0000000000000000        1.6183779039989468        782.32850547707073        46.779719310138681     
   1.9399999999999806        3.0516165131833951E-003   4.9152473969725427E-003   0.0000000000000000        1.6188939084947309        792.30858211703389        46.833159918174069     
   1.9449999999999805        3.0407151558035218E-003   4.8781119506126928E-003   0.0000000000000000        1.6193682071429139        802.37190609837103        46.886200840867318     
   1.9499999999999804        3.0300030687419725E-003   4.8414790429467227E-003   0.0000000000000000        1.6198008272069588        812.55218176945300        46.940391019166476     
   1.9549999999999803        3.0194775125780763E-003   4.8053402112192565E-003   0.0000000000000000        1.6201917961836587        822.85484271754638        46.994942045789998     
   1.9599999999999802        3.0091358024907015E-003   4.7696871623249615E-003   0.0000000000000000        1.6205411417991362        833.18085297104460        47.050289306145785     
   1.9649999999999801        2.9989753070318419E-003   4.7345117689160171E-003   0.0000000000000000        1.6208488920047039        843.74618546462966        47.104104310903061     
   1.9699999999999800        2.9889934469299463E-003   4.6998060656048843E-003   0.0000000000000000        1.6211150749731014        854.35734706876588        47.159017521719122     
   1.9749999999999799        2.9791876939251395E-003   4.6655622452683445E-003   0.0000000000000000        1.6213397190944838        865.08345263199897        47.213829437177907     
   1.9799999999999798        2.9695555696330274E-003   4.6317726554429908E-003   0.0000000000000000        1.6215228529727224        875.91842970662788        47.269162499839126     
   1.9849999999999797        2.9600946444377275E-003   4.5984297948146831E-003   0.0000000000000000        1.6216645054215246        886.86291681402361        47.325215428799062     
   1.9899999999999796        2.9508025364125916E-003   4.5655263097952965E-003   0.0000000000000000        1.6217647054608395        897.91256838963875        47.380501627325692     
   1.9949999999999795        2.9416769102682690E-003   4.5330549911879389E-003   0.0000000000000000        1.6218234823131519        909.06313188340869        47.437848432016082     
   1.9999999999999793        2.9327154763269673E-003   4.5010087709347318E-003   0.0000000000000000        1.6218408653999339        920.34204284560371        47.493928813993243     
