0 0.025327159999999998 0.859720427529
1 0.024525159999999997 0.869905157529
2 0.023723159999999997 0.8800898875290001
3 0.022921160000000003 0.8902746175290001
4 0.022119160000000002 0.900459347529
5 0.02131716 0.9106440775290001
6 0.02051516 0.9208288075290001
7 0.01971316 0.9310135375290001
8 0.01891116 0.941198267529
9 0.01810916 0.9513829975290001
10 0.03754401726728249 0.8475035702617175
11 0.03635516301562693 0.8580751545133731
12 0.03516630876397137 0.8686467387650286
13 0.03397745451231582 0.8792183230166842
14 0.032788600260660265 0.8897899072683398
15 0.031599746009004705 0.9003614915199953
16 0.030410891757349148 0.910933075771651
17 0.02922203750569359 0.9215046600233064
18 0.028033183254038033 0.932076244274962
19 0.026844329002382476 0.9426478285266177
20 0.025655474750726923 0.9532194127782732
21 0.024466620499071366 0.9637909970299288
22 0.050654320000000023 0.834393267529
23 0.04905032000000002 0.8453799975290001
24 0.04744632000000002 0.856366727529
25 0.04584232000000002 0.8673534575290001
26 0.04423832000000002 0.878340187529
27 0.04263432000000002 0.8893269175290001
28 0.041030320000000016 0.900313647529
29 0.039426320000000015 0.9113003775290001
30 0.03782232000000001 0.9222871075290001
31 0.03621832000000001 0.9332738375290001
32 0.03461432000000002 0.9442605675290001
33 0.03301032000000002 0.9552472975290001
34 0.031406320000000015 0.966234027529
35 0.029802320000000014 0.9772207575290001
36 0.09110865868929881 0.7939389288397012
37 0.08822364733118294 0.8062066701978171
38 0.08533863597306708 0.8184744115559329
39 0.08245362461495123 0.8307421529140488
40 0.07956861325683538 0.8430098942721647
41 0.07668360189871952 0.8552776356302806
42 0.07379859054060366 0.8675453769883964
43 0.0709135791824878 0.8798131183465123
44 0.06802856782437193 0.8920808597046281
45 0.06514355646625608 0.904348601062744
46 0.06225854510814023 0.9166163424208599
47 0.05937353375002437 0.9288840837789757
48 0.05648852239190851 0.9411518251370915
49 0.05360351103379265 0.9534195664952074
50 0.05046455999999998 0.836459573529
51 0.04933255999999998 0.846974303529
52 0.048200559999999976 0.8574890335290001
53 0.04706855999999998 0.8680037635290001
54 0.04593655999999999 0.878518493529
55 0.044804559999999986 0.889033223529
56 0.043672559999999985 0.8995479535290001
57 0.042540559999999984 0.9100626835290001
58 0.04140855999999998 0.9205774135290001
59 0.04027655999999999 0.931092143529
60 0.03914455999999999 0.9416068735290001
61 0.03801255999999999 0.9521216035290001
62 0.036880559999999986 0.9626363335290001
63 0.035748559999999985 0.9731510635289999
64 0.03461655999999999 0.983665793529
65 0.03348455999999999 0.994180523529
66 0.03235255999999999 1.004695253529
67 0.03122055999999999 1.015209983529
68 0.03008855999999999 1.025724713529
69 0.02895655999999999 1.036239443529
70 0.02782455999999999 1.046754173529
71 0.02669255999999999 1.057268903529
72 0.02556055999999999 1.067783633529
73 0.02442855999999999 1.078298363529
74 0.07480674153856226 0.8121173919904378
75 0.07312870785667437 0.8231781556723257
76 0.07145067417478647 0.8342389193542136
77 0.06977264049289858 0.8452996830361015
78 0.06809460681101069 0.8563604467179894
79 0.0664165731291228 0.8674212103998773
80 0.0647385394472349 0.8784819740817651
81 0.06306050576534701 0.889542737763653
82 0.061382472083459115 0.9006035014455409
83 0.059704438401571226 0.9116642651274288
84 0.05802640471968334 0.9227250288093167
85 0.05634837103779544 0.9337857924912046
86 0.054670337355907546 0.9448465561730925
87 0.05299230367401965 0.9559073198549803
88 0.05131426999213177 0.9669680835368683
89 0.04963623631024387 0.9780288472187562
90 0.04795820262835598 0.9890896109006441
91 0.04628016894646809 1.000150374582532
92 0.04460213526458019 1.0112111382644198
93 0.042924101582692296 1.0222719019463078
94 0.04124606790080441 1.0333326656281956
95 0.03956803421891651 1.0443934293100836
96 0.037890000537028616 1.0554541929919714
97 0.03621196685514073 1.0665149566738592
98 0.1815346992298244 0.7053894342991756
99 0.1774625884350773 0.7188442750939227
100 0.17339047764033025 0.7322991158886698
101 0.16931836684558318 0.7457539566834168
102 0.16524625605083612 0.7592087974781639
103 0.16117414525608906 0.772663638272911
104 0.15710203446134197 0.7861184790676581
105 0.1530299236665949 0.7995733198624051
106 0.1489578128718478 0.8130281606571522
107 0.14488570207710078 0.8264830014518993
108 0.14081359128235368 0.8399378422466464
109 0.13674148048760662 0.8533926830413935
110 0.13266936969285956 0.8668475238361405
111 0.12859725889811247 0.8803023646308875
112 0.12452514810336542 0.8937572054256345
113 0.12045303730861835 0.9072120462203817
114 0.11638092651387127 0.9206668870151287
115 0.11230881571912421 0.9341217278098758
116 0.10823670492437713 0.9475765686046229
117 0.10416459412963006 0.9610314093993699
118 0.10009248333488299 0.974486250194117
119 0.09602037254013593 0.9879410909888641
120 0.09194826174538885 1.0013959317836112
121 0.08787615095064179 1.0148507725783582
122 0.08380404015589471 1.0283056133731052
123 0.07973192936114763 1.0417604541678525
124 0.07565981856640056 1.0552152949625995
125 0.023789087322300985 0.949456162206699
126 0.023278372695373098 0.9593496068336269
127 0.022767658068445207 0.9692430514605549
128 0.022256943441517324 0.9791364960874828
129 0.021746228814589433 0.9890299407144106
130 0.021235514187661546 0.9989233853413385
131 0.02072479956073366 1.0088168299682665
132 0.020214084933805773 1.0187102745951944
133 0.01970337030687789 1.0286037192221222
134 0.01919265567995 1.03849716384905
135 0.01868194105302211 1.048390608475978
136 0.018171226426094228 1.0582840531029059
137 0.07847895999999999 0.810321719529
138 0.07706695999999999 0.821116449529
139 0.07565496 0.831911179529
140 0.07424295999999998 0.842705909529
141 0.07283095999999999 0.853500639529
142 0.07141895999999999 0.864295369529
143 0.07000695999999998 0.8750900995290001
144 0.06859495999999998 0.885884829529
145 0.06718295999999999 0.896679559529
146 0.06577095999999999 0.907474289529
147 0.06435895999999999 0.9182690195290001
148 0.06294695999999998 0.9290637495290001
149 0.061534959999999986 0.939858479529
150 0.06012295999999998 0.9506532095290001
151 0.058710959999999986 0.9614479395290001
152 0.05729895999999998 0.9722426695290001
153 0.05588695999999998 0.9830373995290002
154 0.05447495999999999 0.9938321295290001
155 0.053062959999999985 1.0046268595290002
156 0.05165095999999998 1.0154215895290002
157 0.05023895999999999 1.0262163195290002
158 0.04882695999999999 1.0370110495290001
159 0.04741495999999999 1.0478057795290001
160 0.046002959999999996 1.058600509529
161 0.04459095999999999 1.069395239529
162 0.043178959999999995 1.080189969529
163 0.04176695999999999 1.0909846995290002
164 0.04035495999999999 1.1017794295290002
165 0.03894296 1.1125741595290002
166 0.037530959999999995 1.1233688895290002
167 0.03611895999999999 1.1341636195290001
168 0.034706959999999995 1.144958349529
169 0.15413392000000004 0.744049489529
170 0.15130992000000004 0.7562562195289999
171 0.14848592000000002 0.768462949529
172 0.14566192000000003 0.780669679529
173 0.14283792000000003 0.792876409529
174 0.14001392000000001 0.805083139529
175 0.13718992000000002 0.8172898695290001
176 0.13436592000000003 0.829496599529
177 0.13154192000000003 0.841703329529
178 0.12871792000000004 0.853910059529
179 0.12589392000000002 0.8661167895290001
180 0.12306992000000003 0.878323519529
181 0.12024592000000002 0.8905302495290001
182 0.11742192000000003 0.902736979529
183 0.11459792000000002 0.9149437095290001
184 0.11177392000000001 0.9271504395290001
185 0.10894992000000003 0.9393571695290001
186 0.10612592000000003 0.9515638995290001
187 0.10330192000000002 0.9637706295290001
188 0.10047792000000004 0.9759773595290001
189 0.09765392000000003 0.988184089529
190 0.09482992000000004 1.000390819529
191 0.09200592000000002 1.012597549529
192 0.08918192000000001 1.0248042795290002
193 0.08635792000000002 1.0370110095290002
194 0.08353392000000001 1.049217739529
195 0.08070992 1.061424469529
196 0.07788592000000003 1.0736311995290002
197 0.07506192000000002 1.0858379295290002
198 0.07223792000000001 1.098044659529
199 0.06941392000000002 1.110251389529
200 0.06658992000000001 1.1224581195290002
201 0.06376592 1.1346648495290002
202 0.060941920000000024 1.1468715795289999
203 0.27723074181478863 0.6209526677142114
204 0.2721513951344151 0.6354147443945849
205 0.26707204845404153 0.6498768210749585
206 0.26199270177366796 0.6643388977553321
207 0.25691335509329444 0.6788009744357055
208 0.2518340084129208 0.6932630511160792
209 0.2467546617325473 0.7077251277964527
210 0.24167531505217374 0.7221872044768263
211 0.2365959683718002 0.7366492811571999
212 0.23151662169142667 0.7511113578375734
213 0.22643727501105307 0.765573434517947
214 0.22135792833067952 0.7800355111983206
215 0.21627858165030595 0.7944975878786942
216 0.21119923496993243 0.8089596645590676
217 0.20611988828955885 0.8234217412394412
218 0.20104054160918527 0.8378838179198148
219 0.19596119492881175 0.8523458946001883
220 0.19088184824843818 0.8668079712805619
221 0.18580250156806463 0.8812700479609354
222 0.1807231548876911 0.895732124641309
223 0.17564380820731754 0.9101942013216826
224 0.170564461526944 0.9246562780020562
225 0.16548511484657044 0.9391183546824297
226 0.16040576816619687 0.9535804313628032
227 0.15532642148582332 0.9680425080431768
228 0.15024707480544974 0.9825045847235504
229 0.1451677281250762 0.996966661403924
230 0.14008838144470268 1.0114287380842975
231 0.1350090347643291 1.025890814764671
232 0.12992968808395552 1.0403528914450446
233 0.12485034140358199 1.0548149681254182
234 0.11977099472320842 1.0692770448057918
235 0.11469164804283485 1.0837391214861654
236 0.10961230136246133 1.0982011981665387
237 0.10453295468208779 1.1126632748469123
238 0.09945360800171421 1.1271253515272859
239 0.09437426132134066 1.1415874282076592
240 0.03918546952298424 0.8458621180060157
241 0.03858794787731507 0.8558423696516849
242 0.0379904262316459 0.8658226212973541
243 0.03739290458597673 0.8758028729430233
244 0.03679538294030755 0.8857831245886925
245 0.03619786129463838 0.8957633762343616
246 0.035600339648969206 0.9057436278800308
247 0.03500281800330005 0.9157238795257
248 0.03440529635763088 0.9257041311713692
249 0.03380777471196171 0.9356843828170384
250 0.033210253066292536 0.9456646344627075
251 0.03261273142062337 0.9556448861083767
252 0.032015209774954194 0.9656251377540458
253 0.03141768812928502 0.9756053893997151
254 0.03082016648361585 0.9855856410453843
255 0.030222644837946677 0.9955658926910534
256 0.029625123192277506 1.0055461443367226
257 0.029027601546608335 1.0155263959823915
258 0.028430079900939164 1.0255066476280608
259 0.02783255825526999 1.0354868992737298
260 0.027235036609600825 1.0454671509193991
261 0.026637514963931654 1.0554474025650682
262 0.026039993318262483 1.0654276542107375
263 0.025442471672593305 1.0754079058564066
264 0.024844950026924134 1.0853881575020758
265 0.024247428381254963 1.095368409147745
266 0.023649906735585792 1.1053486607934142
267 0.02305238508991662 1.1153289124390833
268 0.022454863444247453 1.1253091640847526
269 0.021857341798578282 1.1352894157304216
270 0.10833815999999998 0.7767094275290001
271 0.10668615999999997 0.7877441575290001
272 0.10503415999999997 0.7987788875290001
273 0.10338215999999997 0.809813617529
274 0.10173015999999996 0.820848347529
275 0.10007815999999996 0.8318830775290001
276 0.09842615999999996 0.8429178075290001
277 0.09677416 0.853952537529
278 0.09512216 0.8649872675290001
279 0.09347016000000001 0.8760219975290001
280 0.09181816000000001 0.8870567275290001
281 0.09016616000000001 0.8980914575290001
282 0.08851416000000001 0.909126187529
283 0.08686216 0.9201609175290001
284 0.08521016 0.9311956475290001
285 0.08355815999999999 0.9422303775290002
286 0.08190615999999999 0.9532651075290002
287 0.08025415999999999 0.964299837529
288 0.07860215999999999 0.9753345675289999
289 0.07695015999999999 0.9863692975289999
290 0.07529816 0.9974040275289999
291 0.07364616 1.008438757529
292 0.07199416 1.019473487529
293 0.07034215999999999 1.030508217529
294 0.06869015999999999 1.041542947529
295 0.06703815999999999 1.0525776775289999
296 0.06538615999999998 1.0636124075289999
297 0.06373415999999998 1.0746471375289999
298 0.06208216 1.0856818675289999
299 0.06043016 1.096716597529
300 0.05877815999999999 1.107751327529
301 0.05712615999999999 1.118786057529
302 0.05547415999999999 1.129820787529
303 0.05382215999999999 1.140855517529
304 0.05217015999999999 1.151890247529
305 0.05051815999999999 1.162924977529
306 0.04886615999999999 1.173959707529
307 0.04721415999999999 1.184994437529
308 0.04556216 1.196029167529
309 0.04391016 1.207063897529
310 0.1605963617612718 0.7244512257677282
311 0.1581474998862905 0.7362828176427095
312 0.15569863801130923 0.7481144095176908
313 0.15324977613632798 0.7599460013926721
314 0.15080091426134667 0.7717775932676534
315 0.1483520523863654 0.7836091851426347
316 0.14590319051138415 0.795440777017616
317 0.14345432863640292 0.8072723688925971
318 0.14100546676142164 0.8191039607675784
319 0.13855660488644037 0.8309355526425597
320 0.13610774301145911 0.842767144517541
321 0.13365888113647784 0.8545987363925223
322 0.13121001926149656 0.8664303282675034
323 0.12876115738651528 0.8782619201424848
324 0.126312295511534 0.8900935120174661
325 0.12386343363655272 0.9019251038924474
326 0.12141457176157144 0.9137566957674287
327 0.11896570988659018 0.9255882876424097
328 0.1165168480116089 0.937419879517391
329 0.11406798613662764 0.9492514713923723
330 0.11161912426164639 0.9610830632673535
331 0.1091702623866651 0.9729146551423349
332 0.10672140051168383 0.9847462470173161
333 0.10427253863670254 0.9965778388922975
334 0.10182367676172127 1.0084094307672786
335 0.09937481488673999 1.02024102264226
336 0.09692595301175873 1.0320726145172412
337 0.09447709113677745 1.0439042063922226
338 0.0920282292617962 1.0557357982672038
339 0.08957936738681492 1.0675673901421852
340 0.08713050551183364 1.0793989820171663
341 0.08468164363685238 1.0912305738921475
342 0.0822327817618711 1.103062165767129
343 0.07978391988688982 1.1148937576421103
344 0.07733505801190857 1.1267253495170915
345 0.07488619613692729 1.1385569413920726
346 0.3718936481627817 0.5413021293662184
347 0.36595095643758535 0.5566275510914147
348 0.3600082647123891 0.571952972816611
349 0.3540655729871928 0.5872783945418072
350 0.34812288126199675 0.6026038162670033
351 0.34218018953680046 0.6179292379921997
352 0.3362374978116042 0.6332546597173958
353 0.330294806086408 0.6485800814425922
354 0.3243521143612117 0.6639055031677884
355 0.31840942263601546 0.6792309248929845
356 0.31246673091081917 0.694556346618181
357 0.3065240391856229 0.7098817683433772
358 0.30058134746042664 0.7252071900685735
359 0.29463865573523035 0.7405326117937698
360 0.2886959640100341 0.7558580335189657
361 0.2827532722848379 0.7711834552441621
362 0.2768105805596416 0.7865088769693583
363 0.2708678888344454 0.8018342986945546
364 0.2649251971092491 0.8171597204197508
365 0.2589825053840529 0.8324851421449471
366 0.2530398136588566 0.8478105638701434
367 0.2470971219336603 0.8631359855953397
368 0.24115443020846405 0.8784614073205359
369 0.2352117384832678 0.8937868290457321
370 0.22926904675807153 0.9091122507709284
371 0.22332635503287532 0.9244376724961246
372 0.21738366330767905 0.9397630942213209
373 0.2114409715824828 0.9550885159465172
374 0.20549827985728653 0.9704139376717135
375 0.19955558813209026 0.9857393593969097
376 0.193612896406894 1.001064781122106
377 0.18767020468169776 1.0163902028473022
378 0.18172751295650152 1.0317156245724985
379 0.17578482123130526 1.0470410462976947
380 0.169842129506109 1.062366468022891
381 0.16389943778091273 1.0776918897480874
382 0.1579567460557165 1.0930173114732835
383 0.1520140543305202 1.1083427331984799
384 0.146071362605324 1.123668154923676
385 0.1401286708801277 1.1389935766488724
386 0.13418597915493144 1.1543189983740687
387 0.1282432874297352 1.1696444200992648
388 0.12230059570453894 1.1849698418244612
389 0.11635790397934268 1.2002952635496573
390 0.11041521225414644 1.2156206852748537
391 0.05049772617025465 0.8326733153587454
392 0.04982063142407264 0.8427331401049274
393 0.04914353667789062 0.8527929648511094
394 0.04846644193170861 0.8628527895972915
395 0.04778934718552659 0.8729126143434734
396 0.047112252439344575 0.8829724390896554
397 0.04643515769316256 0.8930322638358374
398 0.045758062946980545 0.9030920885820194
399 0.04508096820079853 0.9131519133282014
400 0.044403873454616515 0.9232117380743835
401 0.0437267787084345 0.9332715628205654
402 0.043049683962252484 0.9433313875667475
403 0.04237258921607047 0.9533912123129296
404 0.041695494469888454 0.9634510370591116
405 0.04101839972370644 0.9735108618052936
406 0.040341304977524424 0.9835706865514756
407 0.03966421023134241 0.9936305112976577
408 0.038987115485160394 1.0036903360438396
409 0.03831002073897838 1.0137501607900217
410 0.037632925992796364 1.0238099855362037
411 0.03695583124661435 1.0338698102823858
412 0.03627873650043235 1.0439296350285676
413 0.03560164175425033 1.0539894597747497
414 0.03492454700806832 1.0640492845209317
415 0.0342474522618863 1.0741091092671138
416 0.03357035751570428 1.0841689340132958
417 0.032893262769522265 1.094228758759478
418 0.03221616802334026 1.10428858350566
419 0.03153907327715824 1.1143484082518416
420 0.030861978530976227 1.1244082329980236
421 0.03018488378479421 1.1344680577442057
422 0.029507789038612196 1.1445278824903877
423 0.028830694292430178 1.15458770723657
424 0.028153599546248163 1.164647531982752
425 0.02747650480006615 1.174707356728934
426 0.02679941005388414 1.1847671814751157
427 0.02612231530770212 1.1948270062212978
428 0.025445220561520106 1.2048868309674798
429 0.024768125815338094 1.214946655713662
430 0.02409103106915608 1.225006480459844
431 0.023413936322974064 1.2350663052060258
432 0.02273684157679205 1.2451261299522078
433 0.13961375999999995 0.7435572815290001
434 0.13774175999999996 0.7548120115290001
435 0.13586975999999995 0.7660667415290001
436 0.13399775999999997 0.7773214715290001
437 0.13212575999999995 0.7885762015290001
438 0.13025375999999994 0.799830931529
439 0.12838175999999996 0.8110856615290001
440 0.12650975999999994 0.8223403915290001
441 0.12463775999999994 0.8335951215290001
442 0.12276575999999995 0.844849851529
443 0.12089375999999995 0.856104581529
444 0.11902175999999995 0.867359311529
445 0.11714975999999994 0.878614041529
446 0.11527775999999994 0.8898687715290001
447 0.11340575999999994 0.9011235015290001
448 0.11153375999999994 0.9123782315290001
449 0.10966175999999994 0.9236329615290001
450 0.10778975999999993 0.9348876915290001
451 0.10591775999999993 0.9461424215290001
452 0.10404575999999993 0.9573971515290001
453 0.10217375999999993 0.9686518815290002
454 0.10030175999999998 0.979906611529
455 0.09842975999999996 0.9911613415290002
456 0.09655775999999996 1.002416071529
457 0.09468575999999997 1.0136708015290001
458 0.09281375999999997 1.024925531529
459 0.09094175999999997 1.0361802615290001
460 0.08906975999999997 1.0474349915290002
461 0.08719775999999997 1.0586897215289999
462 0.08532575999999997 1.069944451529
463 0.08345375999999997 1.0811991815289999
464 0.08158175999999998 1.092453911529
465 0.07970975999999996 1.1037086415290003
466 0.07783775999999996 1.1149633715290002
467 0.07596575999999997 1.1262181015290003
468 0.07409375999999998 1.137472831529
469 0.07222175999999997 1.148727561529
470 0.07034975999999997 1.159982291529
471 0.27548352000000004 0.6170702515290001
472 0.27173952 0.630196981529
473 0.26799552000000004 0.643323711529
474 0.26425152 0.656450441529
475 0.26050752 0.669577171529
476 0.25676352 0.682703901529
477 0.25301952 0.6958306315289999
478 0.24927552 0.708957361529
479 0.24553152 0.722084091529
480 0.24178752 0.735210821529
481 0.23804352 0.7483375515290001
482 0.23429951999999998 0.761464281529
483 0.23055551999999999 0.774591011529
484 0.22681152 0.787717741529
485 0.22306752 0.8008444715290001
486 0.21932352 0.813971201529
487 0.21557951999999997 0.8270979315290001
488 0.21183551999999997 0.8402246615290001
489 0.20809151999999997 0.8533513915290001
490 0.20434751999999998 0.8664781215290001
491 0.20060352000000006 0.879604851529
492 0.19685952000000004 0.892731581529
493 0.19311552000000004 0.905858311529
494 0.18937152000000004 0.9189850415290001
495 0.18562752 0.9321117715290002
496 0.18188352 0.9452385015290001
497 0.17813952 0.9583652315290001
498 0.17439552 0.9714919615289999
499 0.17065152 0.9846186915289998
500 0.16690752 0.9977454215289999
501 0.16316352 1.010872151529
502 0.15941951999999998 1.0239988815290002
503 0.15567551999999998 1.0371256115290002
504 0.15193152 1.0502523415290002
505 0.14818752000000002 1.063379071529
506 0.14444352 1.0765058015289999
507 0.14069952 1.0896325315289999
508 0.13695552 1.102759261529
509 0.13321152 1.115885991529
510 0.12946752 1.129012721529
511 0.12572352 1.142139451529
512 0.12197952000000001 1.155266181529
513 0.11823552 1.168392911529
514 0.11449152 1.181519641529
515 0.11074752 1.1946463715289999
516 0.10700351999999999 1.207773101529
517 0.10325952000000001 1.220899831529
518 0.09951552000000001 1.234026561529
519 0.09577152 1.247153291529
520 0.09202751999999999 1.260280021529
521 0.46855807610635525 0.4615266154226447
522 0.4618239847567382 0.4776434367722618
523 0.4550898934071211 0.4937602581218789
524 0.448355802057504 0.509877079471496
525 0.44162171070788697 0.525993900821113
526 0.4348876193582699 0.5421107221707301
527 0.42815352800865286 0.5582275435203472
528 0.42141943665903575 0.5743443648699642
529 0.4146853453094187 0.5904611862195813
530 0.40795125395980164 0.6065780075691984
531 0.4012171626101846 0.6226948289188154
532 0.39448307126056753 0.6388116502684325
533 0.3877489799109504 0.6549284716180497
534 0.38101488856133336 0.6710452929676667
535 0.3742807972117163 0.6871621143172837
536 0.36754670586209925 0.7032789356669008
537 0.3608126145124823 0.7193957570165177
538 0.3540785231628652 0.7355125783661349
539 0.34734443181324814 0.7516293997157519
540 0.3406103404636311 0.7677462210653689
541 0.333876249114014 0.7838630424149862
542 0.3271421577643969 0.7999798637646032
543 0.32040806641477987 0.8160966851142202
544 0.3136739750651628 0.8322135064638371
545 0.30693988371554576 0.8483303278134542
546 0.3002057923659287 0.8644471491630712
547 0.29347170101631165 0.8805639705126882
548 0.28673760966669454 0.8966807918623056
549 0.2800035183170775 0.9127976132119227
550 0.27326942696746037 0.9289144345615398
551 0.26653533561784337 0.9450312559111566
552 0.25980124426822626 0.9611480772607737
553 0.2530671529186092 0.9772648986103907
554 0.24633306156899215 0.9933817199600078
555 0.2395989702193751 1.009498541309625
556 0.23286487886975804 1.025615362659242
557 0.22613078752014099 1.041732184008859
558 0.21939669617052393 1.057849005358476
559 0.21266260482090685 1.0739658267080932
560 0.20592851347128976 1.0900826480577102
561 0.1991944221216727 1.1061994694073274
562 0.19246033077205563 1.1223162907569444
563 0.1857262394224386 1.1384331121065614
564 0.17899214807282154 1.1545499334561784
565 0.17225805672320446 1.1706667548057956
566 0.1655239653735874 1.1867835761554126
567 0.15878987402397032 1.2029003975050296
568 0.15205578267435324 1.2190172188546469
569 0.14532169132473619 1.2351340402042639
570 0.1385875999751191 1.2512508615538809
571 0.13185350862550205 1.2673676829034979
572 0.12511941727588508 1.2834845042531149
573 0.0697534760849931 0.8152941114440069
574 0.06895702168804183 0.8254732958409582
575 0.06816056729109055 0.8356524802379095
576 0.06736411289413927 0.8458316646348608
577 0.06656765849718799 0.8560108490318121
578 0.06577120410023671 0.8661900334287633
579 0.06497474970328541 0.8763692178257146
580 0.06417829530633416 0.886548402222666
581 0.06338184090938288 0.8967275866196172
582 0.0625853865124316 0.9069067710165685
583 0.06178893211548032 0.9170859554135198
584 0.06099247771852903 0.9272651398104711
585 0.06019602332157776 0.9374443242074222
586 0.05939956892462647 0.9476235086043736
587 0.05860311452767519 0.9578026930013249
588 0.05780666013072392 0.9679818773982762
589 0.057010205733772634 0.9781610617952274
590 0.05621375133682135 0.9883402461921785
591 0.05541729693987007 0.9985194305891298
592 0.054620842542918796 1.008698614986081
593 0.05382438814596751 1.0188777993830325
594 0.05302793374901622 1.0290569837799837
595 0.052231479352064944 1.039236168176935
596 0.05143502495511367 1.0494153525738863
597 0.050638570558162385 1.0595945369708375
598 0.0498421161612111 1.069773721367789
599 0.049045661764259826 1.0799529057647401
600 0.04824920736730855 1.0901320901616913
601 0.04745275297035726 1.1003112745586427
602 0.046656298573405974 1.110490458955594
603 0.0458598441764547 1.1206696433525454
604 0.04506338977950342 1.1308488277494966
605 0.044266935382552136 1.1410280121464478
606 0.04347048098560086 1.1512071965433992
607 0.0426740265886496 1.1613863809403504
608 0.04187757219169831 1.1715655653373016
609 0.04108111779474703 1.181744749734253
610 0.040284663397795746 1.1919239341312042
611 0.03948820900084447 1.2021031185281557
612 0.03869175460389319 1.2122823029251069
613 0.0378953002069419 1.222461487322058
614 0.03709884580999063 1.2326406717190095
615 0.03630239141303935 1.2428198561159607
616 0.03550593701608807 1.2529990405129119
617 0.03470948261913678 1.2631782249098633
618 0.033913028222185504 1.2733574093068145
619 0.033116573825234225 1.283536593703766
620 0.19064915999999993 0.7037811575290001
621 0.18844715999999992 0.7153658875290001
622 0.18624515999999997 0.7269506175290001
623 0.18404315999999996 0.7385353475290001
624 0.18184115999999995 0.7501200775290001
625 0.17963915999999994 0.7617048075290002
626 0.17743715999999998 0.7732895375290001
627 0.17523516 0.7848742675290001
628 0.17303316 0.7964589975290001
629 0.17083115999999998 0.8080437275290001
630 0.16862915999999997 0.8196284575290002
631 0.16642716 0.831213187529
632 0.16422515999999998 0.8427979175290001
633 0.16202315999999997 0.8543826475290002
634 0.15982116 0.8659673775290001
635 0.15761915999999998 0.8775521075290001
636 0.15541715999999997 0.889136837529
637 0.15321515999999996 0.9007215675289999
638 0.15101315999999998 0.9123062975289999
639 0.14881115999999997 0.923891027529
640 0.14660915999999996 0.935475757529
641 0.14440715999999995 0.947060487529
642 0.14220515999999997 0.958645217529
643 0.14000315999999996 0.9702299475289999
644 0.13780115999999995 0.981814677529
645 0.13559915999999997 0.993399407529
646 0.13339715999999996 1.004984137529
647 0.13119515999999995 1.016568867529
648 0.12899315999999994 1.0281535975290002
649 0.12679115999999996 1.039738327529
650 0.12458915999999995 1.051323057529
651 0.12238715999999994 1.062907787529
652 0.12018515999999994 1.074492517529
653 0.11798315999999999 1.086077247529
654 0.11578115999999998 1.097661977529
655 0.11357915999999998 1.109246707529
656 0.11137715999999998 1.120831437529
657 0.10917515999999997 1.132416167529
658 0.10697315999999997 1.1440008975290001
659 0.10477115999999996 1.1555856275290002
660 0.10256915999999998 1.167170357529
661 0.10036715999999997 1.178755087529
662 0.09816515999999997 1.190339817529
663 0.09596315999999996 1.2019245475290001
664 0.09376115999999997 1.2135092775290002
665 0.09155915999999997 1.225094007529
666 0.08935715999999999 1.236678737529
667 0.08715515999999998 1.248263467529
668 0.08495315999999999 1.2598481975290001
669 0.2826110529184046 0.6118192646105954
670 0.2793468919930361 0.624466155535964
671 0.2760827310676676 0.6371130464613324
672 0.2728185701422991 0.6497599373867009
673 0.2695544092169306 0.6624068283120694
674 0.26629024829156206 0.675053719237438
675 0.26302608736619365 0.6877006101628065
676 0.2597619264408252 0.7003475010881749
677 0.25649776551545667 0.7129943920135434
678 0.25323360459008815 0.725641282938912
679 0.24996944366471963 0.7382881738642805
680 0.24670528273935116 0.7509350647896489
681 0.24344112181398264 0.7635819557150174
682 0.24017696088861412 0.7762288466403859
683 0.23691279996324566 0.7888757375657545
684 0.23364863903787714 0.801522628491123
685 0.23038447811250864 0.8141695194164913
686 0.22712031718714012 0.8268164103418598
687 0.22385615626177166 0.8394633012672282
688 0.22059199533640314 0.8521101921925968
689 0.21732783441103462 0.8647570831179653
690 0.2140636734856661 0.8774039740433338
691 0.21079951256029764 0.8900508649687023
692 0.20753535163492912 0.9026977558940709
693 0.20427119070956062 0.9153446468194393
694 0.20100702978419213 0.9279915377448078
695 0.19774286885882364 0.9406384286701763
696 0.19447870793345512 0.9532853195955449
697 0.1912145470080866 0.9659322105209134
698 0.18795038608271813 0.9785791014462819
699 0.18468622515734961 0.9912259923716504
700 0.1814220642319811 1.003872883297019
701 0.1781579033066126 1.0165197742223875
702 0.1748937423812442 1.0291666651477558
703 0.17162958145587567 1.0418135560731243
704 0.16836542053050718 1.0544604469984928
705 0.16510125960513866 1.0671073379238614
706 0.16183709867977014 1.07975422884923
707 0.15857293775440165 1.0924011197745984
708 0.15530877682903316 1.105048010699967
709 0.15204461590366466 1.1176949016253355
710 0.14878045497829617 1.1303417925507038
711 0.14551629405292768 1.1429886834760723
712 0.14225213312755916 1.1556355744014408
713 0.13898797220219067 1.1682824653268093
714 0.13572381127682215 1.1809293562521779
715 0.13245965035145368 1.1935762471775464
716 0.12919548942608516 1.206223138102915
717 0.12593132850071667 1.2188700290282835
718 0.12266716757534817 1.231516919953652
719 0.11940300664997967 1.2441638108790205
720 0.11613884572461117 1.256810701804389
721 0.11287468479924267 1.2694575927297573
722 0.10961052387387418 1.2821044836551259
723 0.10634636294850566 1.2947513745804944
724 0.1030822020231372 1.307398265505863
725 0.0998180410977687 1.3200451564312314
726 0.09655388017240019 1.3326920473566
727 0.0932897192470317 1.3453389382819685
728 0.6145259811971414 0.3643489063318587
729 0.6066047904108931 0.381652827118107
730 0.5986835996246449 0.3989567479043551
731 0.5907624088383966 0.4162606686906035
732 0.5828412180521483 0.43356458947685184
733 0.5749200272659001 0.45086851026310004
734 0.5669988364796518 0.46817243104934836
735 0.5590776456934035 0.48547635183559645
736 0.5511564549071551 0.5027802726218448
737 0.543235264120907 0.520084193408093
738 0.5353140733346586 0.5373881141943413
739 0.5273928825484103 0.5546920349805896
740 0.519471691762162 0.5719959557668379
741 0.5115505009759138 0.5892998765530861
742 0.5036293101896654 0.6066037973393346
743 0.49570811940341714 0.6239077181255828
744 0.48778692861716894 0.641211638911831
745 0.4798657378309206 0.6585155596980794
746 0.4719445470446723 0.6758194804843276
747 0.464023356258424 0.693123401270576
748 0.4561021654721758 0.7104273220568242
749 0.4481809746859275 0.7277312428430724
750 0.4402597838996791 0.7450351636293209
751 0.43233859311343087 0.7623390844155691
752 0.4244174023271828 0.7796430052018173
753 0.41649621154093447 0.7969469259880655
754 0.4085750207546862 0.8142508467743138
755 0.4006538299684379 0.8315547675605621
756 0.3927326391821896 0.8488586883468104
757 0.38481144839594134 0.8661626091330588
758 0.376890257609693 0.883466529919307
759 0.36896906682344477 0.9007704507055553
760 0.36104787603719646 0.9180743714918036
761 0.3531266852509482 0.9353782922780518
762 0.3452054944646999 0.9526822130643002
763 0.33728430367845164 0.9699861338505484
764 0.3293631128922033 0.9872900546367968
765 0.3214419221059551 1.0045939754230448
766 0.3135207313197068 1.0218978962092933
767 0.30559954053345856 1.0392018169955415
768 0.29767834974721025 1.05650573778179
769 0.289757158960962 1.0738096585680381
770 0.2818359681747137 1.0911135793542863
771 0.2739147773884654 1.1084175001405348
772 0.2659935866022171 1.125721420926783
773 0.2580723958159688 1.1430253417130314
774 0.2501512050297206 1.1603292624992796
775 0.24223001424347235 1.1776331832855278
776 0.23430882345722404 1.194937104071776
777 0.22638763267097578 1.2122410248580244
778 0.2184664418847275 1.2295449456442726
779 0.2105452510984792 1.246848866430521
780 0.20262406031223093 1.2641527872167693
781 0.19470286952598265 1.2814567080030175
782 0.18678167873973434 1.298760628789266
783 0.17886048795348605 1.316064549575514
784 0.1709392971672378 1.3333684703617623
785 0.1630181063809895 1.3506723911480107
786 0.15509691559474123 1.367976311934259
787 0.147175724808493 1.385280232720507
788 0.09193068004587833 0.7931169074831217
789 0.09101667447771489 0.8034136430512852
790 0.09010266890955146 0.8137103786194486
791 0.08918866334138803 0.824007114187612
792 0.08827465777322459 0.8343038497557754
793 0.08736065220506116 0.8446005853239389
794 0.08644664663689772 0.8548973208921024
795 0.08553264106873427 0.8651940564602658
796 0.08461863550057085 0.8754907920284293
797 0.0837046299324074 0.8857875275965927
798 0.08279062436424398 0.8960842631647561
799 0.08187661879608053 0.9063809987329196
800 0.0809626132279171 0.9166777343010829
801 0.08004860765975366 0.9269744698692465
802 0.07913460209159023 0.9372712054374099
803 0.07822059652342679 0.9475679410055733
804 0.07730659095526336 0.9578646765737368
805 0.07639258538709992 0.9681614121419
806 0.07547857981893649 0.9784581477100635
807 0.07456457425077305 0.9887548832782269
808 0.07365056868260964 0.9990516188463903
809 0.07273656311444619 1.0093483544145538
810 0.07182255754628276 1.0196450899827172
811 0.07090855197811932 1.0299418255508805
812 0.06999454640995588 1.0402385611190441
813 0.06908054084179244 1.0505352966872075
814 0.06816653527362901 1.060832032255371
815 0.06725252970546557 1.0711287678235344
816 0.06633852413730214 1.0814255033916977
817 0.0654245185691387 1.0917222389598613
818 0.06451051300097527 1.1020189745280247
819 0.06359650743281182 1.1123157100961882
820 0.0626825018646484 1.1226124456643516
821 0.061768496296484954 1.132909181232515
822 0.06085449072832152 1.1432059168006785
823 0.05994048516015808 1.1535026523688419
824 0.05902647959199465 1.1637993879370054
825 0.05811247402383121 1.1740961235051688
826 0.05719846845566778 1.1843928590733324
827 0.05628446288750434 1.1946895946414957
828 0.055370457319340906 1.204986330209659
829 0.05445645175117747 1.2152830657778226
830 0.053542446183014035 1.225579801345986
831 0.05262844061485059 1.2358765369141496
832 0.05171443504668716 1.246173272482313
833 0.05080042947852372 1.2564700080504763
834 0.049886423910360286 1.2667667436186398
835 0.04897241834219687 1.2770634791868032
836 0.048058412774033436 1.2873602147549668
837 0.04714440720587 1.29765695032313
838 0.23900365999999992 0.7023403075290001
839 0.23647665999999992 0.7142500375290002
840 0.23394965999999992 0.7261597675290001
841 0.23142265999999992 0.7380694975290002
842 0.22889565999999992 0.7499792275290001
843 0.22636865999999992 0.7618889575290002
844 0.22384165999999991 0.773798687529
845 0.2213146599999999 0.7857084175290002
846 0.2187876599999999 0.7976181475290002
847 0.2162606599999999 0.8095278775290002
848 0.2137336599999999 0.8214376075290002
849 0.2112066599999999 0.833347337529
850 0.2086796599999999 0.845257067529
851 0.2061526599999999 0.857166797529
852 0.20362565999999996 0.869076527529
853 0.20109865999999996 0.880986257529
854 0.19857165999999996 0.892895987529
855 0.19604465999999995 0.904805717529
856 0.19351765999999992 0.916715447529
857 0.19099065999999992 0.928625177529
858 0.18846365999999992 0.940534907529
859 0.18593665999999995 0.952444637529
860 0.18340965999999995 0.9643543675290001
861 0.18088265999999995 0.976264097529
862 0.17835565999999994 0.9881738275290001
863 0.17582865999999994 1.0000835575290001
864 0.17330165999999994 1.011993287529
865 0.17077465999999994 1.023903017529
866 0.16824765999999994 1.035812747529
867 0.16572065999999994 1.0477224775290002
868 0.16319365999999993 1.0596322075290001
869 0.16066665999999993 1.071541937529
870 0.15813965999999993 1.083451667529
871 0.15561265999999993 1.0953613975290002
872 0.15308565999999993 1.1072711275290001
873 0.15055865999999993 1.119180857529
874 0.14803165999999993 1.131090587529
875 0.14550465999999992 1.1430003175290002
876 0.14297765999999992 1.1549100475290002
877 0.14045065999999992 1.1668197775290001
878 0.13792365999999992 1.178729507529
879 0.13539665999999997 1.190639237529
880 0.13286965999999997 1.2025489675290002
881 0.13034265999999997 1.2144586975290002
882 0.12781565999999997 1.226368427529
883 0.12528865999999994 1.2382781575290003
884 0.12276165999999995 1.2501878875290002
885 0.12023465999999995 1.2620976175290002
886 0.11770765999999995 1.2740073475290001
887 0.11518065999999995 1.285917077529
888 0.11265365999999997 1.2978268075290003
889 0.11012665999999997 1.3097365375290002
890 0.10759965999999997 1.3216462675290002
891 0.47800732000000007 0.463336647529
892 0.47295332000000007 0.477773377529
893 0.46789932000000006 0.492210107529
894 0.46284532000000006 0.5066468375290001
895 0.45779132000000006 0.521083567529
896 0.45273732000000005 0.5355202975290001
897 0.44768332000000005 0.549957027529
898 0.44262932000000005 0.5643937575290001
899 0.43757532000000005 0.578830487529
900 0.43252132000000004 0.5932672175290001
901 0.42746732000000004 0.607703947529
902 0.42241332000000004 0.6221406775289999
903 0.41735932000000003 0.6365774075289998
904 0.41230532000000003 0.651014137529
905 0.40725132000000014 0.6654508675289998
906 0.40219732000000014 0.6798875975289997
907 0.39714332000000013 0.6943243275289999
908 0.39208932000000013 0.7087610575289998
909 0.38703532000000007 0.7231977875289999
910 0.38198132000000007 0.7376345175289999
911 0.37692732000000007 0.7520712475289999
912 0.37187332 0.766507977529
913 0.36681932 0.7809447075289999
914 0.36176532 0.795381437529
915 0.35671132 0.8098181675289999
916 0.35165732 0.824254897529
917 0.34660332 0.838691627529
918 0.34154932 0.8531283575290001
919 0.33649532 0.867565087529
920 0.33144132 0.8820018175290001
921 0.32638732 0.896438547529
922 0.32133332 0.9108752775290001
923 0.31627932 0.925312007529
924 0.31122531999999997 0.9397487375290001
925 0.30617131999999997 0.954185467529
926 0.30111731999999997 0.9686221975290001
927 0.29606331999999996 0.983058927529
928 0.29100931999999996 0.9974956575290002
929 0.28595531999999996 1.011932387529
930 0.28090131999999995 1.0263691175290002
931 0.27584731999999995 1.040805847529
932 0.27079332000000006 1.055242577529
933 0.26573932000000006 1.069679307529
934 0.26068532000000005 1.084116037529
935 0.25563132000000005 1.098552767529
936 0.25057732 1.112989497529
937 0.24552332000000002 1.1274262275290001
938 0.24046932000000001 1.141862957529
939 0.23541532 1.1562996875290001
940 0.23036132 1.170736417529
941 0.22530732000000006 1.1851731475290002
942 0.22025332000000006 1.199609877529
943 0.21519932000000006 1.2140466075290002
944 0.21014532000000005 1.228483337529
945 0.20509132000000005 1.2429200675290002
946 0.20003732000000005 1.257356797529
947 0.19498332000000002 1.2717935275290002
948 0.18992932 1.286230257529
949 0.18487531999999998 1.3006669875290002
950 0.17982131999999998 1.3151037175290001
951 0.17476731999999998 1.3295404475290002
952 0.16971331999999997 1.3439771775290001
953 0.16465931999999997 1.3584139075290003
954 0.15960532000000002 1.372850637529
955 0.15455132000000002 1.387287367529
956 0.14949732000000002 1.401724097529
957 0.14444332000000001 1.416160827529
958 0.13938932 1.430597557529
959 0.7324966856656333 0.3402055018633666
960 0.7234063817978543 0.3586785357311456
961 0.7143160779300752 0.3771515695989247
962 0.7052257740622963 0.3956246034667037
963 0.6961354701945172 0.4140976373344828
964 0.6870451663267381 0.4325706712022619
965 0.6779548624589591 0.4510437050700409
966 0.6688645585911801 0.46951673893781987
967 0.659774254723401 0.48798977280559896
968 0.650683950855622 0.506462806673378
969 0.6415936469878429 0.524935840541157
970 0.632503343120064 0.543408874408936
971 0.623413039252285 0.561881908276715
972 0.6143227353845059 0.5803549421444941
973 0.6052324315167269 0.5988279760122731
974 0.5961421276489479 0.6173010098800521
975 0.5870518237811688 0.6357740437478312
976 0.5779615199133898 0.6542470776156102
977 0.5688712160456108 0.6727201114833893
978 0.5597809121778318 0.6911931453511683
979 0.5506906083100528 0.7096661792189473
980 0.5416003044422737 0.7281392130867264
981 0.5325100005744947 0.7466122469545053
982 0.5234196967067157 0.7650852808222843
983 0.5143293928389366 0.7835583146900634
984 0.5052390889711577 0.8020313485578424
985 0.4961487851033786 0.8205043824256215
986 0.4870584812355998 0.8389774162934003
987 0.47796817736782077 0.8574504501611793
988 0.46887787350004173 0.8759234840289584
989 0.4597875696322627 0.8943965178967375
990 0.4506972657644836 0.9128695517645165
991 0.4416069618967046 0.9313425856322954
992 0.4325166580289256 0.9498156195000745
993 0.4234263541611466 0.9682886533678535
994 0.41433605029336756 0.9867616872356326
995 0.40524574642558864 1.0052347211034114
996 0.3961554425578096 1.0237077549711906
997 0.38706513869003056 1.0421807888389696
998 0.3779748348222516 1.0606538227067486
999 0.36888453095447254 1.0791268565745276
1000 0.3597942270866935 1.0975998904423068
1001 0.3507039232189144 1.1160729243100858
1002 0.34161361935113543 1.1345459581778647
1003 0.3325233154833564 1.1530189920456437
1004 0.32343301161557736 1.1714920259134227
1005 0.3143427077477983 1.189965059781202
1006 0.30525240388001934 1.208438093648981
1007 0.2961621000122403 1.22691112751676
1008 0.2870717961444614 1.2453841613845387
1009 0.27798149227668234 1.2638571952523177
1010 0.26889118840890336 1.2823302291200966
1011 0.2598008845411243 1.3008032629878756
1012 0.2507105806733453 1.3192762968556546
1013 0.24162027680556628 1.3377493307234338
1014 0.23252997293778724 1.3562223645912128
1015 0.22343966907000823 1.3746953984589918
1016 0.2143493652022292 1.3931684323267708
1017 0.20525906133445018 1.4116414661945498
1018 0.19616875746667115 1.430114500062329
1019 0.1870784535988921 1.448587533930108
1020 0.17798814973111318 1.4670605677978867
1021 0.16889784586333415 1.4855336016656657
1022 0.2552041599999999 0.6814484425290002
1023 0.25208175999999993 0.6958301185290001
1024 0.25000015999999997 0.7054179025290002
1025 0.24692979999999995 0.719559883929
1026 0.24182987999999994 0.743049954729
1027 0.23959215999999994 0.753356822529
1028 0.23657383999999992 0.767259109329
1029 0.2314218799999999 0.7909888747290001
1030 0.2262699199999999 0.8147186401290002
1031 0.2211179599999999 0.838448405529
1032 0.21877615999999994 0.8492346625290002
1033 0.21601803999999994 0.8619384763290002
1034 0.21133443999999993 0.8835109903290002
1035 0.20571411999999992 0.9093980071290002
1036 0.2005621599999999 0.9331277725290003
1037 0.1979601599999999 0.9451125025290003
1038 0.19031027999999994 0.9803476087290001
1039 0.18515831999999996 1.004077374129
1040 0.18000635999999995 1.027807139529
1041 0.17490643999999994 1.051297210329
1042 0.16975447999999993 1.075026975729
1043 0.16460251999999997 1.0987567411290002
1044 0.15939851999999996 1.1227262011290002
1045 0.15435063999999996 1.145976577329
1046 0.14919867999999994 1.169706342729
1047 0.14404671999999993 1.1934361081290001
1048 0.13894679999999998 1.216926178929
1049 0.13379483999999997 1.240655944329
1050 0.12864287999999996 1.264385709729
1051 0.12349091999999996 1.288115475129
1052 0.11833895999999998 1.311845240529
1053 0.11323903999999996 1.335335311329
1054 0.11716421445827963 0.7678833730707204
1055 0.11613265771890403 0.778297659810096
1056 0.11510110097952843 0.7887119465494716
1057 0.11406954424015285 0.7991262332888472
1058 0.11303798750077726 0.8095405200282229
1059 0.11200643076140165 0.8199548067675984
1060 0.11097487402202608 0.830369093506974
1061 0.10994331728265049 0.8407833802463496
1062 0.10891176054327488 0.8511976669857252
1063 0.1078802038038993 0.8616119537251008
1064 0.10684864706452371 0.8720262404644764
1065 0.1058170903251481 0.882440527203852
1066 0.10478553358577253 0.8928548139432275
1067 0.10375397684639694 0.9032691006826031
1068 0.10272242010702133 0.9136833874219787
1069 0.10169086336764575 0.9240976741613544
1070 0.10065930662827015 0.93451196090073
1071 0.09962774988889456 0.9449262476401054
1072 0.09859619314951898 0.955340534379481
1073 0.09756463641014337 0.9657548211188566
1074 0.0965330796707678 0.9761691078582322
1075 0.09550152293139222 0.9865833945976077
1076 0.09446996619201663 0.9969976813369833
1077 0.09343840945264102 1.007411968076359
1078 0.09240685271326544 1.0178262548157344
1079 0.09137529597388985 1.0282405415551101
1080 0.09034373923451426 1.0386548282944856
1081 0.08931218249513866 1.0490691150338614
1082 0.08828062575576308 1.0594834017732369
1083 0.08724906901638749 1.0698976885126126
1084 0.08621751227701188 1.080311975251988
1085 0.0851859555376363 1.0907262619913638
1086 0.08415439879826071 1.1011405487307393
1087 0.08312284205888511 1.1115548354701148
1088 0.08209128531950953 1.1219691222094905
1089 0.08105972858013394 1.132383408948866
1090 0.08002817184075833 1.1427976956882417
1091 0.07899661510138274 1.1532119824276172
1092 0.07796505836200716 1.163626269166993
1093 0.07693350162263156 1.1740405559063685
1094 0.07590194488325597 1.184454842645744
1095 0.07487038814388039 1.1948691293851197
1096 0.07383883140450478 1.2052834161244952
1097 0.07280727466512919 1.215697702863871
1098 0.07177571792575362 1.2261119896032464
1099 0.07074416118637801 1.2365262763426221
1100 0.06971260444700242 1.2469405630819976
1101 0.06868104770762685 1.2573548498213731
1102 0.06764949096825126 1.2677691365607489
1103 0.06661793422887567 1.2781834233001244
1104 0.06558637748950008 1.2885977100395
1105 0.06455482075012449 1.2990119967788756
1106 0.0635232640107489 1.3094262835182513
1107 0.062491707271373306 1.3198405702576268
1108 0.061460150531997715 1.3302548569970023
1109 0.060428593792622116 1.340669143736378
1110 0.059397037053246525 1.3510834304757535
1111 0.05836548031387094 1.3614977172151292
1112 0.05733392357449534 1.3719120039545047
1113 0.05630236683511975 1.3823262906938805
1114 0.055270810095744166 1.392740577433256
1115 0.31822616 0.585586887529
1116 0.31537416 0.5978216175290001
1117 0.31252216 0.6100563475290001
1118 0.30967015999999997 0.622291077529
1119 0.30681816 0.6345258075290001
1120 0.30396616 0.6467605375290001
1121 0.30111415999999996 0.6589952675290001
1122 0.29826216 0.6712299975290001
1123 0.29541016 0.6834647275290001
1124 0.29255815999999996 0.6956994575290001
1125 0.28970616 0.707934187529
1126 0.28685415999999997 0.7201689175290001
1127 0.28400215999999995 0.7324036475290001
1128 0.28115016 0.7446383775290002
1129 0.27829815999999996 0.7568731075290002
1130 0.27544615999999994 0.7691078375289999
1131 0.27259416 0.781342567529
1132 0.26974215999999995 0.793577297529
1133 0.26689016 0.8058120275289999
1134 0.26403816 0.8180467575289999
1135 0.26118616 0.8302814875289999
1136 0.25833416 0.842516217529
1137 0.25548216 0.8547509475289999
1138 0.25263016 0.8669856775289999
1139 0.24977816 0.879220407529
1140 0.24692615999999998 0.891455137529
1141 0.24407415999999998 0.9036898675289999
1142 0.24122216 0.915924597529
1143 0.23837015999999997 0.928159327529
1144 0.23551815999999998 0.940394057529
1145 0.23266615999999998 0.952628787529
1146 0.22981415999999996 0.964863517529
1147 0.22696215999999997 0.977098247529
1148 0.22411015999999997 0.9893329775290001
1149 0.22125815999999995 1.0015677075290002
1150 0.21840615999999996 1.013802437529
1151 0.21555415999999997 1.026037167529
1152 0.21270215999999995 1.0382718975290002
1153 0.20985015999999995 1.050506627529
1154 0.20699815999999996 1.0627413575290001
1155 0.20414615999999994 1.0749760875290002
1156 0.20129415999999994 1.087210817529
1157 0.19844215999999995 1.0994455475290001
1158 0.19559015999999993 1.1116802775290002
1159 0.19273815999999994 1.123915007529
1160 0.18988616 1.1361497375290002
1161 0.18703416000000003 1.148384467529
1162 0.18418216 1.1606191975290001
1163 0.18133016000000002 1.1728539275290002
1164 0.17847816000000002 1.185088657529
1165 0.17562616 1.1973233875290001
1166 0.17277416 1.2095581175290002
1167 0.16992216000000002 1.221792847529
1168 0.16707016 1.2340275775290002
1169 0.16421816 1.2462623075290002
1170 0.16136616 1.258497037529
1171 0.15851416 1.2707317675290002
1172 0.15566216 1.2829664975290003
1173 0.15281016 1.2952012275290001
1174 0.14995815999999998 1.3074359575290002
1175 0.14710615999999999 1.3196706875290003
1176 0.14425416 1.3319054175290002
1177 0.14140216 1.3441401475290002
1178 0.13855016 1.356374877529
1179 0.13569815999999998 1.3686096075290002
1180 0.13284616 1.3808443375290003
1181 0.12999416 1.3930790675290001
1182 0.12714216 1.405313797529
1183 0.12429016000000001 1.417548527529
1184 0.45904324978411043 0.47291798774488963
1185 0.45481555361737525 0.4865284139116248
1186 0.45058785745064 0.5001388400783601
1187 0.4463601612839047 0.5137492662450953
1188 0.4421324651171696 0.5273596924118304
1189 0.4379047689504343 0.5409701185785658
1190 0.43367707278369905 0.554580544745301
1191 0.42944937661696386 0.5681909709120361
1192 0.4252216804502286 0.5818013970787714
1193 0.4209939842834934 0.5954118232455068
1194 0.4167662881167582 0.6090222494122419
1195 0.41253859195002296 0.6226326755789772
1196 0.4083108957832877 0.6362431017457122
1197 0.40408319961655254 0.6498535279124473
1198 0.3998555034498173 0.6634639540791827
1199 0.3956278072830821 0.6770743802459178
1200 0.3914001111163469 0.690684806412653
1201 0.3871724149496117 0.7042952325793883
1202 0.38294471878287645 0.7179056587461234
1203 0.37871702261614126 0.7315160849128587
1204 0.374489326449406 0.7451265110795939
1205 0.3702616302826708 0.7587369372463292
1206 0.36603393411593554 0.7723473634130644
1207 0.36180623794920036 0.7859577895797996
1208 0.3575785417824651 0.7995682157465349
1209 0.3533508456157299 0.81317864191327
1210 0.34912314944899464 0.8267890680800054
1211 0.34489545328225946 0.8403994942467405
1212 0.3406677571155242 0.8540099204134758
1213 0.336440060948789 0.867620346580211
1214 0.3322123647820538 0.8812307727469462
1215 0.3279846686153185 0.8948411989136815
1216 0.3237569724485833 0.9084516250804167
1217 0.3195292762818481 0.922062051247152
1218 0.31530158011511283 0.9356724774138871
1219 0.31107388394837765 0.9492829035806224
1220 0.3068461877816424 0.9628933297473576
1221 0.30261849161490717 0.9765037559140929
1222 0.29839079544817193 0.9901141820808281
1223 0.29416309928143675 1.0037246082475633
1224 0.2899354031147015 1.0173350344142986
1225 0.28570770694796627 1.0309454605810338
1226 0.28148001078123114 1.044555886747769
1227 0.27725231461449595 1.058166312914504
1228 0.27302461844776066 1.0717767390812394
1229 0.2687969222810255 1.0853871652479747
1230 0.26456922611429023 1.0989975914147099
1231 0.260341529947555 1.112608017581445
1232 0.2561138337808198 1.1262184437481804
1233 0.25188613761408457 1.1398288699149155
1234 0.24765844144734933 1.1534392960816509
1235 0.24343074528061412 1.167049722248386
1236 0.2392030491138789 1.1806601484151211
1237 0.23497535294714364 1.1942705745818565
1238 0.23074765678040843 1.2078810007485918
1239 0.22651996061367322 1.221491426915327
1240 0.22229226444693798 1.235101853082062
1241 0.21806456828020276 1.2487122792487975
1242 0.21383687211346755 1.2623227054155326
1243 0.20960917594673234 1.275933131582268
1244 0.20538147977999713 1.289543557749003
1245 0.20115378361326186 1.3031539839157382
1246 0.19692608744652665 1.3167644100824736
1247 0.19269839127979144 1.3303748362492087
1248 0.18847069511305622 1.3439852624159438
1249 0.184242998946321 1.357595688582679
1250 0.1800153027795858 1.3712061147494141
1251 0.17578760661285056 1.3848165409161495
1252 0.17155991044611535 1.3984269670828846
1253 0.16733221427938014 1.41203739324962
1254 0.1631045181126449 1.425647819416355
1255 0.15887682194590966 1.4392582455830905
1256 0.15464912577917445 1.4528686717498256
1257 0.15042142961243923 1.4664790979165607
1258 0.146193733445704 1.480089524083296
1259 0.9190385703191684 0.1911945372098316
1260 0.9087791533698586 0.21083668415914136
1261 0.8985197364205488 0.23047883110845113
1262 0.888260319471239 0.250120978057761
1263 0.8780009025219293 0.26976312500707067
1264 0.8677414855726195 0.28940527195638044
1265 0.8574820686233097 0.3090474189056903
1266 0.8472226516739999 0.3286895658550001
1267 0.8369632347246903 0.34833171280430975
1268 0.8267038177753804 0.3679738597536196
1269 0.8164444008260706 0.3876160067029294
1270 0.806184983876761 0.40725815365223905
1271 0.7959255669274511 0.42690030060154893
1272 0.7856661499781413 0.4465424475508587
1273 0.7754067330288316 0.46618459450016847
1274 0.7651473160795218 0.48582674144947824
1275 0.754887899130212 0.505468888398788
1276 0.7446284821809023 0.5251110353480978
1277 0.7343690652315925 0.5447531822974075
1278 0.7241096482822827 0.5643953292467173
1279 0.713850231332973 0.5840374761960271
1280 0.7035908143836632 0.6036796231453369
1281 0.6933313974343535 0.6233217700946466
1282 0.6830719804850439 0.6429639170439562
1283 0.6728125635357342 0.6626060639932659
1284 0.6625531465864243 0.6822482109425758
1285 0.6522937296371146 0.7018903578918855
1286 0.6420343126878049 0.7215325048411952
1287 0.631774895738495 0.7411746517905051
1288 0.6215154787891853 0.7608167987398148
1289 0.6112560618398756 0.7804589456891246
1290 0.6009966448905657 0.8001010926384344
1291 0.5907372279412559 0.8197432395877442
1292 0.5804778109919463 0.8393853865370539
1293 0.5702183940426364 0.8590275334863637
1294 0.5599589770933266 0.8786696804356735
1295 0.549699560144017 0.8983118273849832
1296 0.5394401431947071 0.917953974334293
1297 0.5291807262453974 0.9375961212836028
1298 0.5189213092960876 0.9572382682329126
1299 0.5086618923467779 0.9768804151822222
1300 0.4984024753974682 0.996522562131532
1301 0.48814305844815836 1.0161647090808419
1302 0.4778836414988486 1.0358068560301517
1303 0.4676242245495389 1.0554490029794614
1304 0.45736480760022913 1.0750911499287708
1305 0.4471053906509194 1.0947332968780805
1306 0.43684597370160966 1.1143754438273903
1307 0.4265865567522999 1.1340175907767
1308 0.4163271398029901 1.1536597377260098
1309 0.40606772285368037 1.1733018846753196
1310 0.3958083059043706 1.1929440316246294
1311 0.3855488889550608 1.2125861785739391
1312 0.3752894720057511 1.232228325523249
1313 0.36503005505644126 1.2518704724725587
1314 0.3547706381071315 1.2715126194218684
1315 0.34451122115782173 1.2911547663711782
1316 0.3342518042085121 1.3107969133204878
1317 0.3239923872592023 1.3304390602697975
1318 0.31373297030989256 1.3500812072191075
1319 0.3034735533605828 1.3697233541684173
1320 0.29321413641127303 1.389365501117727
1321 0.28295471946196327 1.4090076480670368
1322 0.27269530251265345 1.4286497950163466
1323 0.26243588556334374 1.4482919419656564
1324 0.2521764686140339 1.4679340889149661
1325 0.3740391599999999 0.5391566175290001
1326 0.37093715999999993 0.5516413475290001
1327 0.3678351599999999 0.5641260775290002
1328 0.3647331599999999 0.5766108075290002
1329 0.3616311599999999 0.5890955375290001
1330 0.3585291599999999 0.6015802675290002
1331 0.3554271599999999 0.6140649975290002
1332 0.3523251599999999 0.6265497275290002
1333 0.34922315999999987 0.6390344575290002
1334 0.3461211599999999 0.6515191875290001
1335 0.3430191599999999 0.6640039175290002
1336 0.3399171599999999 0.6764886475290002
1337 0.3368151599999999 0.6889733775290002
1338 0.3337131599999999 0.7014581075290003
1339 0.33061115999999985 0.713942837529
1340 0.32750915999999985 0.7264275675290001
1341 0.32440715999999986 0.7389122975290001
1342 0.3213051599999999 0.7513970275290001
1343 0.31820315999999993 0.763881757529
1344 0.31510115999999994 0.776366487529
1345 0.31199915999999994 0.788851217529
1346 0.30889715999999995 0.8013359475290001
1347 0.3057951599999999 0.813820677529
1348 0.3026931599999999 0.8263054075290001
1349 0.2995911599999999 0.8387901375290001
1350 0.2964891599999999 0.8512748675290001
1351 0.2933871599999999 0.863759597529
1352 0.29028515999999993 0.876244327529
1353 0.2871831599999999 0.8887290575290001
1354 0.2840811599999999 0.901213787529
1355 0.2809791599999999 0.9136985175290001
1356 0.2778771599999999 0.9261832475290002
1357 0.2747751599999999 0.9386679775290001
1358 0.2716731599999999 0.951152707529
1359 0.2685711599999999 0.9636374375290001
1360 0.26546915999999987 0.9761221675290002
1361 0.2623671599999999 0.9886068975290001
1362 0.2592651599999999 1.001091627529
1363 0.2561631599999999 1.0135763575290002
1364 0.2530611599999999 1.0260610875290002
1365 0.24995915999999987 1.038545817529
1366 0.24685715999999988 1.0510305475290003
1367 0.24375515999999986 1.0635152775290002
1368 0.24065315999999987 1.0760000075290002
1369 0.23755115999999993 1.088484737529
1370 0.23444915999999993 1.100969467529
1371 0.23134715999999994 1.1134541975290002
1372 0.22824515999999992 1.1259389275290002
1373 0.22514315999999993 1.138423657529
1374 0.22204115999999993 1.1509083875290003
1375 0.2189391599999999 1.1633931175290002
1376 0.21583715999999992 1.1758778475290002
1377 0.21273515999999992 1.1883625775290003
1378 0.2096331599999999 1.2008473075290003
1379 0.2065311599999999 1.2133320375290002
1380 0.20342915999999991 1.2258167675290002
1381 0.20032715999999992 1.2383014975290003
1382 0.1972251599999999 1.2507862275290003
1383 0.1941231599999999 1.2632709575290002
1384 0.1910211599999999 1.2757556875290001
1385 0.1879191599999999 1.2882404175290003
1386 0.18481715999999992 1.3007251475290003
1387 0.18171515999999993 1.3132098775290002
1388 0.1786131599999999 1.3256946075290004
1389 0.17551115999999992 1.3381793375290003
1390 0.17240915999999992 1.3506640675290003
1391 0.16930715999999998 1.363148797529
1392 0.16620515999999996 1.3756335275290001
1393 0.5406665436231501 0.4006774239058499
1394 0.5360682569789661 0.414658440550034
1395 0.5314699703347822 0.4286394571942179
1396 0.5268716836905982 0.44262047383840186
1397 0.5222733970464143 0.4566014904825858
1398 0.5176751104022302 0.47058250712676986
1399 0.5130768237580463 0.4845635237709537
1400 0.5084785371138624 0.49854454041513774
1401 0.5038802504696784 0.5125255570593217
1402 0.49928196382549445 0.5265065737035057
1403 0.4946836771813105 0.5404875903476896
1404 0.49008539053712646 0.5544686069918734
1405 0.48548710389294253 0.5684496236360574
1406 0.48088881724875854 0.5824306402802414
1407 0.47629053060457466 0.5964116569244253
1408 0.4716922439603907 0.6103926735686092
1409 0.4670939573162068 0.6243736902127932
1410 0.46249567067202285 0.638354706856977
1411 0.45789738402783886 0.6523357235011611
1412 0.4532990973836548 0.6663167401453451
1413 0.4487008107394709 0.6802977567895291
1414 0.44410252409528694 0.694278773433713
1415 0.439504237451103 0.708259790077897
1416 0.434905950806919 0.7222408067220809
1417 0.4303076641627351 0.736221823366265
1418 0.42570937751855104 0.750202840010449
1419 0.4211110908743671 0.7641838566546328
1420 0.41651280423018316 0.7781648732988169
1421 0.4119145175859992 0.7921458899430008
1422 0.40731623094181524 0.8061269065871848
1423 0.4027179442976313 0.8201079232313687
1424 0.3981196576534473 0.8340889398755527
1425 0.3935213710092633 0.8480699565197367
1426 0.38892308436507933 0.8620509731639208
1427 0.3843247977208954 0.8760319898081046
1428 0.37972651107671146 0.8900130064522886
1429 0.37512822443252747 0.9039940230964726
1430 0.3705299377883435 0.9179750397406565
1431 0.36593165114415954 0.9319560563848406
1432 0.36133336449997555 0.9459370730290245
1433 0.3567350778557916 0.9599180896732085
1434 0.35213679121160774 0.9738991063173923
1435 0.3475385045674238 0.9878801229615763
1436 0.3429402179232398 1.0018611396057602
1437 0.3383419312790558 1.0158421562499442
1438 0.3337436446348719 1.0298231728941283
1439 0.32914535799068795 1.043804189538312
1440 0.32454707134650396 1.0577852061824962
1441 0.31994878470231997 1.0717662228266802
1442 0.31535049805813603 1.085747239470864
1443 0.31075221141395204 1.099728256115048
1444 0.3061539247697681 1.1137092727592321
1445 0.3015556381255841 1.127690289403416
1446 0.2969573514814002 1.1416713060476
1447 0.2923590648372162 1.1556523226917839
1448 0.28776077819303225 1.169633339335968
1449 0.2831624915488483 1.183614355980152
1450 0.2785642049046643 1.1975953726243358
1451 0.27396591826048033 1.2115763892685198
1452 0.2693676316162964 1.2255574059127037
1453 0.2647693449721124 1.2395384225568877
1454 0.2601710583279285 1.2535194392010718
1455 0.2555727716837445 1.2675004558452558
1456 0.2509744850395606 1.2814814724894394
1457 0.24637619839537664 1.2954624891336233
1458 0.24177791175119268 1.3094435057778073
1459 0.23717962510700874 1.3234245224219912
1460 0.23258133846282478 1.3374055390661752
1461 0.2279830518186408 1.3513865557103593
1462 0.2233847651744568 1.3653675723545433
1463 0.21878647853027283 1.3793485889987271
1464 0.2141881918860889 1.3933296056429112
1465 0.2095899052419049 1.407310622287095
1466 0.20499161859772094 1.421291638931279
1467 0.20039333195353698 1.4352726555754631
1468 0.19579504530935307 1.4492536722196467
1469 0.19119675866516908 1.4632346888638308
1470 0.18659847202098515 1.4772157055080148
1471 0.18200018537680115 1.491196722152199
1472 0.159541773376173 0.725505814152827
1473 0.15833841107887198 0.7360919064501281
1474 0.15713504878157092 0.7466779987474291
1475 0.1559316864842699 0.7572640910447301
1476 0.15472832418696883 0.7678501833420313
1477 0.15352496188966777 0.7784362756393323
1478 0.15232159959236674 0.7890223679366333
1479 0.15111823729506568 0.7996084602339344
1480 0.14991487499776465 0.8101945525312354
1481 0.1487115127004636 0.8207806448285365
1482 0.14750815040316254 0.8313667371258375
1483 0.14630478810586148 0.8419528294231386
1484 0.14510142580856042 0.8525389217204395
1485 0.14389806351125936 0.8631250140177408
1486 0.14269470121395833 0.8737111063150418
1487 0.14149133891665727 0.8842971986123429
1488 0.14028797661935624 0.8948832909096439
1489 0.13908461432205518 0.9054693832069447
1490 0.13788125202475413 0.9160554755042458
1491 0.1366778897274531 0.9266415678015468
1492 0.13547452743015204 0.9372276600988478
1493 0.134271165132851 0.947813752396149
1494 0.13306780283554995 0.95839984469345
1495 0.13186444053824892 0.968985936990751
1496 0.13066107824094783 0.9795720292880521
1497 0.1294577159436468 0.9901581215853532
1498 0.12825435364634574 1.0007442138826543
1499 0.1270509913490447 1.0113303061799552
1500 0.12584762905174368 1.0219163984772563
1501 0.12464426675444261 1.0325024907745575
1502 0.12344090445714156 1.0430885830718584
1503 0.12223754215984052 1.0536746753691595
1504 0.12103417986253946 1.0642607676664606
1505 0.11983081756523843 1.0748468599637615
1506 0.11862745526793737 1.0854329522610626
1507 0.11742409297063632 1.0960190445583637
1508 0.11622073067333527 1.1066051368556646
1509 0.11501736837603421 1.1171912291529658
1510 0.11381400607873315 1.1277773214502669
1511 0.11261064378143212 1.138363413747568
1512 0.11140728148413107 1.148949506044869
1513 0.11020391918683002 1.15953559834217
1514 0.10900055688952898 1.1701216906394711
1515 0.10779719459222792 1.1807077829367723
1516 0.10659383229492687 1.1912938752340732
1517 0.10539046999762582 1.2018799675313743
1518 0.10418710770032479 1.2124660598286754
1519 0.10298374540302374 1.2230521521259763
1520 0.10178038310572271 1.2336382444232774
1521 0.10057702080842165 1.2442243367205785
1522 0.0993736585111206 1.2548104290178794
1523 0.09817029621381955 1.2653965213151805
1524 0.09696693391651849 1.2759826136124817
1525 0.09576357161921746 1.2865687059097826
1526 0.0945602093219164 1.2971547982070837
1527 0.09335684702461534 1.3077408905043848
1528 0.09215348472731431 1.318326982801686
1529 0.09095012243001326 1.3289130750989868
1530 0.0897467601327122 1.339499167396288
1531 0.08854339783541115 1.350085259693589
1532 0.08734003553811011 1.36067135199089
1533 0.08613667324080905 1.371257444288191
1534 0.084933310943508 1.3818435365854922
1535 0.08372994864620696 1.3924296288827933
1536 0.0825265863489059 1.4030157211800942
1537 0.08132322405160486 1.4136018134773953
1538 0.0801198617543038 1.4241879057746964
1539 0.07891649945700276 1.4347739980719973
1540 0.07771313715970171 1.4453600903692985
1541 0.07650977486240068 1.4559461826665994
1542 0.07530641256509964 1.4665322749639003
1543 0.07410305026779859 1.4771183672612014
1544 0.07289968797049753 1.4877044595585025
1545 0.07169632567319648 1.4982905518558036
1546 0.07049296337589543 1.5088766441531045
1547 0.06928960107859439 1.5194627364504056
1548 0.06808623878129334 1.5300488287477068
1549 0.06688287648399228 1.5406349210450077
1550 0.06567951418669124 1.5512210133423088
1551 0.06447615188939018 1.56180710563961
1552 0.4277856599999999 0.49479284752900016
1553 0.4244586599999999 0.5075025775290002
1554 0.4211316599999999 0.5202123075290002
1555 0.4178046599999999 0.5329220375290002
1556 0.4144776599999999 0.5456317675290001
1557 0.4111506599999999 0.5583414975290002
1558 0.40782365999999987 0.5710512275290003
1559 0.4044966599999999 0.5837609575290001
1560 0.4011696599999999 0.5964706875290001
1561 0.39784265999999985 0.6091804175290003
1562 0.3945156599999999 0.6218901475290002
1563 0.39118865999999985 0.6345998775290003
1564 0.3878616599999999 0.6473096075290002
1565 0.38453465999999986 0.660019337529
1566 0.38120765999999984 0.6727290675290001
1567 0.37788065999999987 0.685438797529
1568 0.3745536599999999 0.698148527529
1569 0.37122665999999993 0.710858257529
1570 0.3678996599999999 0.723567987529
1571 0.36457266 0.736277717529
1572 0.3612456599999999 0.748987447529
1573 0.35791865999999994 0.761697177529
1574 0.3545916599999999 0.7744069075290001
1575 0.35126465999999995 0.787116637529
1576 0.34793766 0.799826367529
1577 0.34461065999999996 0.812536097529
1578 0.34128365999999993 0.825245827529
1579 0.33795665999999996 0.8379555575290001
1580 0.33462965999999994 0.8506652875290001
1581 0.33130265999999997 0.863375017529
1582 0.32797565999999995 0.8760847475290001
1583 0.3246486599999999 0.8887944775290001
1584 0.32132165999999995 0.9015042075290001
1585 0.31799465999999993 0.9142139375290002
1586 0.3146676599999999 0.9269236675290001
1587 0.31134065999999994 0.9396333975290001
1588 0.3080136599999999 0.9523431275290002
1589 0.30468665999999994 0.965052857529
1590 0.3013596599999999 0.9777625875290001
1591 0.2980326599999999 0.9904723175290002
1592 0.2947056599999999 1.003182047529
1593 0.2913786599999999 1.0158917775290002
1594 0.28805165999999993 1.0286015075290003
1595 0.28472465999999996 1.0413112375290001
1596 0.28139766 1.054020967529
1597 0.27807065999999997 1.066730697529
1598 0.27474365999999995 1.0794404275290002
1599 0.27141666 1.0921501575290002
1600 0.26808965999999995 1.104859887529
1601 0.26476266 1.1175696175290002
1602 0.26143565999999996 1.130279347529
1603 0.25810865999999993 1.1429890775290001
1604 0.25478165999999997 1.1556988075290002
1605 0.25145465999999994 1.1684085375290003
1606 0.24812765999999994 1.1811182675290002
1607 0.24480065999999995 1.1938279975290003
1608 0.24147365999999995 1.2065377275290001
1609 0.23814665999999993 1.2192474575290002
1610 0.23481965999999993 1.2319571875290003
1611 0.23149265999999993 1.2446669175290002
1612 0.22816565999999994 1.2573766475290002
1613 0.22483865999999994 1.2700863775290003
1614 0.22151165999999992 1.2827961075290002
1615 0.21818465999999992 1.2955058375290003
1616 0.21485765999999992 1.3082155675290004
1617 0.21153065999999998 1.320925297529
1618 0.20820365999999998 1.333635027529
1619 0.20487666 1.346344757529
1620 0.20154966 1.359054487529
1621 0.19822265999999997 1.3717642175290001
1622 0.19489565999999997 1.384473947529
1623 0.19156865999999997 1.397183677529
1624 0.18824165999999998 1.4098934075290002
1625 0.18491465999999998 1.422603137529
1626 0.18158765999999998 1.4353128675290001
1627 0.6144058956449455 0.34570353188405456
1628 0.6094740775710576 0.36001807995794244
1629 0.6045422594971698 0.3743326280318303
1630 0.599610441423282 0.3886471761057181
1631 0.5946786233493941 0.40296172417960585
1632 0.5897468052755063 0.41727627225349384
1633 0.5848149872016185 0.4315908203273816
1634 0.5798831691277306 0.4459053684012695
1635 0.5749513510538429 0.46021991647515725
1636 0.570019532979955 0.4745344645490449
1637 0.5650877149060671 0.4888490126229328
1638 0.5601558968321794 0.5031635606968206
1639 0.5552240787582915 0.5174781087707084
1640 0.5502922606844037 0.5317926568445962
1641 0.5453604426105159 0.5461072049184841
1642 0.5404286245366281 0.5604217529923718
1643 0.5354968064627402 0.5747363010662597
1644 0.5305649883888525 0.5890508491401475
1645 0.5256331703149646 0.6033653972140354
1646 0.5207013522410768 0.6176799452879231
1647 0.515769534167189 0.631994493361811
1648 0.5108377160933011 0.6463090414356989
1649 0.5059058980194133 0.6606235895095867
1650 0.5009740799455255 0.6749381375834745
1651 0.49604226187163764 0.6892526856573624
1652 0.4911104437977499 0.7035672337312502
1653 0.486178625723862 0.717881781805138
1654 0.48124680764997413 0.7321963298790259
1655 0.47631498957608637 0.7465108779529137
1656 0.4713831715021985 0.7608254260268015
1657 0.4664513534283106 0.7751399741006895
1658 0.46151953535442286 0.7894545221745772
1659 0.456587717280535 0.803769070248465
1660 0.45165589920664717 0.8180836183223529
1661 0.44672408113275935 0.8323981663962408
1662 0.4417922630588715 0.8467127144701285
1663 0.43686044498498366 0.8610272625440164
1664 0.43192862691109585 0.8753418106179043
1665 0.42699680883720803 0.889656358691792
1666 0.42206499076332027 0.9039709067656798
1667 0.4171331726894325 0.9182854548395676
1668 0.41220135461554464 0.9326000029134555
1669 0.40726953654165676 0.9469145509873433
1670 0.402337718467769 0.9612290990612311
1671 0.39740590039388113 0.975543647135119
1672 0.3924740823199933 0.9898581952090069
1673 0.38754226424610544 1.0041727432828946
1674 0.3826104461722176 1.0184872913567826
1675 0.3776786280983298 1.0328018394306704
1676 0.37274681002444193 1.0471163875045582
1677 0.3678149919505541 1.061430935578446
1678 0.3628831738766663 1.075745483652334
1679 0.3579513558027785 1.0900600317262217
1680 0.3530195377288906 1.1043745798001097
1681 0.3480877196550028 1.1186891278739974
1682 0.343155901581115 1.1330036759478852
1683 0.33822408350722716 1.147318224021773
1684 0.33329226543333934 1.1616327720956607
1685 0.32836044735945147 1.1759473201695487
1686 0.32342862928556365 1.1902618682434365
1687 0.31849681121167583 1.2045764163173245
1688 0.3135649931377881 1.2188909643912118
1689 0.30863317506390026 1.2332055124650998
1690 0.30370135699001244 1.2475200605389876
1691 0.2987695389161246 1.2618346086128753
1692 0.29383772084223675 1.2761491566867633
1693 0.28890590276834893 1.290463704760651
1694 0.2839740846944611 1.3047782528345389
1695 0.2790422666205733 1.3190928009084266
1696 0.2741104485466854 1.3334073489823146
1697 0.2691786304727976 1.3477218970562024
1698 0.2642468123989098 1.3620364451300904
1699 0.259314994325022 1.3763509932039781
1700 0.25438317625113416 1.3906655412778657
1701 0.24945135817724629 1.4049800893517537
1702 0.2445195401033585 1.4192946374256417
1703 0.23958772202947068 1.4336091854995294
1704 0.2346559039555828 1.4479237335734172
1705 0.229724085881695 1.4622382816473052
1706 0.22479226780780717 1.476552829721193
1707 0.21986044973391936 1.4908673777950807
1708 0.21492863166003148 1.5051819258689687
1709 0.20999681358614367 1.5194964739428565
1710 0.20506499551225585 1.5338110220167442
1711 0.20013317743836803 1.548125570090632
1712 0.19520135936448021 1.56244011816452
1713 0.19026954129059243 1.5767546662384075
