6 0.021745259999999992 0.9289814375290001
7 0.020908259999999994 0.9392011675290001
8 0.020071259999999997 0.949420897529
9 0.01923426 0.9596406275290001
10 0.01839726 0.9698603575290001
11 0.017560259999999998 0.980080087529
18 0.03523725999999999 0.9154894375290001
19 0.03420025999999999 0.9259091675290001
20 0.03316325999999999 0.9363288975290001
37 0.05192925999999998 0.8987974375290001
38 0.050692259999999975 0.9094171675290001
39 0.04945525999999998 0.9200368975290001
40 0.04821825999999998 0.9306566275290001
41 0.046981259999999976 0.9412763575290001
42 0.04574425999999999 0.951896087529
43 0.044507259999999986 0.9625158175290002
44 0.043270259999999984 0.9731355475290001
45 0.04203325999999998 0.9837552775290002
46 0.04079625999999998 0.9943750075290001
47 0.039559259999999985 1.004994737529
48 0.03832225999999998 1.015614467529
49 0.03708525999999999 1.026234197529
50 0.03572455999999999 1.037915900529
51 0.03448755999999999 1.048535630529
52 0.03325055999999999 1.059155360529
53 0.03201355999999999 1.069775090529
60 0.07182126 0.8789054375290001
61 0.07038426 0.8897251675290001
62 0.06894726000000001 0.900544897529
91 0.10765926 0.843067437529
92 0.10592226 0.854187167529
93 0.10418526 0.8653068975290001
94 0.10244826 0.8764266275290001
95 0.10071126 0.8875463575290001
96 0.09897426 0.898666087529
97 0.09723725999999999 0.9097858175290001
98 0.09550025999999999 0.9209055475290001
99 0.09376325999999999 0.9320252775290001
100 0.09202626000000001 0.9431450075290001
101 0.09028926000000002 0.9542647375289999
102 0.08855226000000001 0.9653844675289999
103 0.08681526 0.9765041975289999
104 0.08490456 0.988735900529
105 0.08316756 0.999855630529
106 0.08143056 1.010975360529
107 0.07969356 1.022095090529
108 0.07795656000000001 1.033214820529
109 0.07621956 1.044334550529
110 0.07448256 1.055454280529
111 0.07274556 1.066574010529
112 0.07100856 1.077693740529
113 0.06927156 1.088813470529
114 0.06753456 1.0999332005290001
115 0.06579756 1.111052930529
116 0.06406056 1.122172660529
117 0.06232355999999999 1.133292390529
118 0.060586560000000005 1.144412120529
119 0.05884956 1.155531850529
120 0.05711256 1.166651580529
121 0.05537556 1.177771310529
122 0.053638559999999995 1.188891040529
123 0.05190155999999999 1.2000107705290002
124 0.05016455999999999 1.211130500529
125 0.04842756 1.2222502305290002
126 0.046690560000000006 1.233369960529
133 0.15069726 0.800029437529
134 0.14866026000000002 0.8114491675290001
135 0.14662326 0.822868897529
136 0.14458626 0.8342886275290001
137 0.14254926 0.8457083575290001
138 0.14051226 0.8571280875289999
139 0.13847526 0.8685478175290001
140 0.13643826 0.8799675475290001
141 0.13440126 0.8913872775290002
142 0.13236425999999998 0.9028070075290001
143 0.13032726 0.9142267375289999
144 0.12829026 0.9256464675289999
145 0.12625325999999998 0.937066197529
146 0.12401256000000001 0.9496279005289999
147 0.12197556000000001 0.961047630529
148 0.11993856 0.972467360529
149 0.11790156 0.983887090529
150 0.11586456 0.995306820529
151 0.11382756 1.006726550529
152 0.11179056 1.018146280529
153 0.10975356 1.029566010529
154 0.10771655999999999 1.040985740529
155 0.10567955999999999 1.052405470529
156 0.10364256 1.063825200529
157 0.10160555999999998 1.0752449305290002
158 0.09956855999999999 1.086664660529
159 0.09753155999999999 1.098084390529
160 0.09549455999999999 1.1095041205290002
161 0.09345756000000001 1.120923850529
162 0.09142056 1.132343580529
163 0.08938356 1.1437633105290002
164 0.08734656 1.155183040529
165 0.08530955999999999 1.166602770529
166 0.08327256 1.1780225005290001
167 0.08123556 1.189442230529
168 0.07919856 1.200861960529
169 0.07716156 1.2122816905290001
170 0.07512455999999999 1.2237014205290002
171 0.07308756 1.235121150529
172 0.07105056 1.2465408805290001
173 0.06901356 1.2579606105290002
174 0.06697656 1.269380340529
175 0.06493956 1.2808000705290001
176 0.06290256 1.2922198005290002
177 0.06086555999999999 1.303639530529
178 0.058828559999999995 1.3150592605290001
179 0.05679155999999999 1.3264789905290002
180 0.05475455999999999 1.3378987205290003
188 0.21684425999999996 0.7432651675290001
189 0.21440725999999996 0.7550848975290001
190 0.21197025999999994 0.7669046275290001
191 0.20953325999999994 0.7787243575290002
192 0.20709625999999995 0.7905440875290001
193 0.20465925999999995 0.8023638175290002
194 0.20222225999999993 0.8141835475290002
195 0.19978525999999994 0.8260032775290002
196 0.19734825999999994 0.8378230075290002
197 0.19491125999999995 0.849642737529
198 0.19247425999999992 0.861462467529
199 0.19003725999999993 0.8732821975289999
200 0.18735655999999998 0.886283900529
201 0.18491955999999998 0.898103630529
202 0.18248256 0.909923360529
203 0.18004555999999997 0.921743090529
204 0.17760855999999997 0.9335628205290001
205 0.17517155999999998 0.945382550529
206 0.17273455999999998 0.957202280529
207 0.17029755999999996 0.969022010529
208 0.16786055999999996 0.9808417405290001
209 0.16542355999999997 0.992661470529
210 0.16298655999999995 1.004481200529
211 0.16054955999999995 1.016300930529
212 0.15811255999999996 1.028120660529
213 0.15567555999999996 1.0399403905290001
214 0.15323855999999997 1.0517601205290001
215 0.15080155999999997 1.0635798505290002
216 0.14836455999999998 1.075399580529
217 0.14592755999999998 1.087219310529
218 0.14349055999999996 1.099039040529
219 0.14105355999999997 1.110858770529
220 0.13861655999999997 1.122678500529
221 0.13617955999999998 1.1344982305290001
222 0.13374255999999998 1.1463179605290001
223 0.13130556 1.1581376905290002
224 0.12886856 1.1699574205290002
225 0.12643155999999997 1.1817771505290002
226 0.12399455999999995 1.1935968805290003
227 0.12155755999999997 1.205416610529
228 0.11912055999999996 1.217236340529
229 0.11668355999999996 1.2290560705290001
230 0.11424655999999996 1.2408758005290002
231 0.11180955999999996 1.2526955305290002
232 0.10937255999999995 1.2645152605290002
233 0.10693555999999996 1.2763349905290002
234 0.10449855999999995 1.2881547205290003
235 0.10206155999999994 1.2999744505290003
236 0.09962455999999997 1.311794180529
237 0.09718755999999996 1.323613910529
238 0.09475055999999997 1.335433640529
239 0.09231355999999998 1.347253370529
254 0.29782825999999996 0.6622811675290001
255 0.29499126 0.6745008975290001
256 0.29215425999999994 0.6867206275290001
257 0.28931725999999997 0.6989403575290001
258 0.28648026 0.7111600875290001
259 0.28364326 0.723379817529
260 0.28080626 0.7355995475290001
261 0.27796926 0.7478192775290001
262 0.27513225999999996 0.7600390075290002
263 0.27229526 0.772258737529
264 0.26945825999999995 0.784478467529
265 0.26662125999999997 0.796698197529
266 0.26350056 0.810139900529
267 0.26066356 0.822359630529
268 0.25782656 0.834579360529
269 0.25498956 0.8467990905289999
270 0.25215255999999997 0.859018820529
271 0.24931556 0.871238550529
272 0.24647855999999999 0.883458280529
273 0.24364155999999998 0.8956780105290001
274 0.24080455999999997 0.9078977405290001
275 0.23796755999999997 0.9201174705290001
276 0.23513056 0.932337200529
277 0.23229355999999998 0.944556930529
278 0.22945655999999998 0.956776660529
279 0.22661955999999997 0.9689963905290001
280 0.22378256 0.9812161205290001
281 0.22094555999999999 0.9934358505290001
282 0.21810855999999998 1.0056555805290002
283 0.21527156 1.0178753105290002
284 0.21243456 1.0300950405290001
285 0.20959756 1.0423147705290001
286 0.20676055999999998 1.054534500529
287 0.20392356 1.066754230529
288 0.20108656 1.078973960529
289 0.19824956000000002 1.091193690529
290 0.19541256 1.103413420529
291 0.19257556 1.115633150529
292 0.18973856 1.1278528805290002
293 0.18690156000000002 1.1400726105290002
294 0.18406456000000002 1.1522923405290002
295 0.18122756 1.1645120705290002
296 0.17839056 1.1767318005290002
297 0.17555356000000003 1.1889515305290002
298 0.17271656000000002 1.2011712605290001
299 0.16987956 1.2133909905290001
300 0.16704256 1.225610720529
301 0.16420556 1.237830450529
302 0.16136856000000002 1.2500501805289999
303 0.15853156000000002 1.262269910529
304 0.15569456000000004 1.274489640529
305 0.15285756000000003 1.286709370529
306 0.15002056000000003 1.298929100529
307 0.14718356000000002 1.311148830529
308 0.14434656 1.323368560529
309 0.14150956 1.3355882905290002
310 0.13867256 1.3478080205290002
311 0.13583556 1.3600277505290002
312 0.13299856 1.3722474805290004
313 0.13016155999999998 1.3844672105290003
314 0.12732455999999998 1.3966869405290003
315 0.12448756000000001 1.408906670529
316 0.12165056 1.421126400529
317 0.11881356000000001 1.433346130529
318 0.11597656 1.445565860529
319 0.11313956 1.457785590529
320 0.11030256 1.470005320529
321 0.10746556 1.482225050529
322 0.10462856 1.494444780529
323 0.10179155999999999 1.5066645105290002
324 0.09895456 1.5188842405290002
325 0.09611755999999999 1.5311039705290002
326 0.09328056 1.5433237005290001
327 0.09044356000000003 1.555543430529
328 0.08760656000000003 1.5677631605289999
329 0.08476956000000002 1.5799828905289999
330 0.08193256000000002 1.5922026205289999
331 0.07909556000000002 1.6044223505289998
338 0.02290652 0.927820177529
339 0.02163252 0.938476907529
346 0.04349052 0.9072361775290001
347 0.04181652 0.9182929075290001
348 0.04014252000000001 0.9293496375290001
364 0.06425252000000002 0.9146223675290001
365 0.062178520000000015 0.9260790975290001
366 0.060104520000000015 0.937535827529
367 0.058030520000000016 0.9489925575290001
368 0.05595652000000001 0.960449287529
369 0.053882520000000024 0.9719060175290001
370 0.05180852000000002 0.9833627475290001
371 0.049734520000000025 0.9948194775289999
387 0.09643652000000001 0.8824383675290001
388 0.09396252000000001 0.894295097529
389 0.09148852 0.906151827529
390 0.08901452 0.9180085575290001
391 0.08654052 0.9298652875290001
392 0.08406651999999999 0.9417220175290001
393 0.08159251999999999 0.9535787475290002
394 0.07911852 0.9654354775289999
395 0.07664452 0.9772922075289999
396 0.07417052 0.9891489375289999
397 0.07144912 1.002191340529
398 0.06897512 1.014048070529
399 0.06650112000000001 1.025904800529
416 0.17673052000000006 0.8115270975290001
417 0.17345652000000006 0.8241838275289999
418 0.17018252000000006 0.8368405575290001
419 0.16690852000000006 0.8494972875290001
420 0.16363452000000003 0.8621540175290001
421 0.16036052000000003 0.8748107475290001
422 0.15708652000000004 0.8874674775289999
423 0.15381252000000004 0.9001242075289999
424 0.15053852000000004 0.9127809375289999
425 0.14693712000000006 0.9267033405289999
426 0.14366312000000003 0.939360070529
427 0.14038912000000003 0.952016800529
428 0.13711512000000003 0.964673530529
429 0.13384112000000004 0.977330260529
430 0.13056712000000004 0.989986990529
431 0.12729312000000004 1.002643720529
432 0.12401912000000002 1.015300450529
433 0.12074512000000004 1.027957180529
434 0.11747112000000004 1.040613910529
435 0.11419712000000004 1.053270640529
436 0.11092312000000003 1.065927370529
437 0.10764912000000003 1.078584100529
438 0.10437512000000003 1.091240830529
458 0.22771452000000006 0.7605430975290001
459 0.22404052000000005 0.7735998275289999
460 0.22036652000000007 0.7866565575290001
461 0.21669252000000006 0.7997132875290001
462 0.21301852000000004 0.812770017529
463 0.20934452000000006 0.8258267475290001
464 0.20567052000000005 0.8388834775289998
465 0.20199652000000004 0.8519402075289999
466 0.19832252000000003 0.8649969375289999
467 0.19428112000000008 0.8793593405289999
468 0.19060712000000007 0.8924160705289998
469 0.18693312000000004 0.9054728005289999
470 0.18325912000000003 0.918529530529
471 0.17958512000000001 0.931586260529
472 0.17591112 0.944642990529
473 0.17223712 0.957699720529
474 0.16856312 0.9707564505290001
475 0.16488912000000003 0.983813180529
476 0.16121512000000002 0.996869910529
477 0.15754112 1.009926640529
478 0.15386712000000002 1.022983370529
479 0.15019312 1.036040100529
480 0.14651912 1.049096830529
481 0.14284512000000002 1.062153560529
482 0.13917112 1.075210290529
483 0.13549712000000003 1.088267020529
505 0.29732052000000014 0.6627889075289999
506 0.2932465200000001 0.676245637529
507 0.2891725200000001 0.6897023675289999
508 0.28509852000000013 0.703159097529
509 0.2810245200000001 0.7166158275289999
510 0.2769505200000001 0.730072557529
511 0.2728765200000001 0.743529287529
512 0.2688025200000001 0.756986017529
513 0.2647285200000001 0.7704427475290001
514 0.2606545200000001 0.7838994775289998
515 0.2565805200000001 0.7973562075289998
516 0.25250652000000007 0.8108129375289999
517 0.24802512000000013 0.8256153405289999
518 0.24395112000000013 0.8390720705289998
519 0.2398771200000001 0.8525288005289999
520 0.23580312000000012 0.8659855305289998
521 0.23172912000000012 0.8794422605289999
522 0.2276551200000001 0.8928989905289999
523 0.2235811200000001 0.9063557205289999
524 0.2195071200000001 0.919812450529
525 0.2154331200000001 0.9332691805289999
526 0.2113591200000001 0.9467259105289999
527 0.2072851200000001 0.9601826405289999
528 0.20321112000000008 0.973639370529
529 0.19913712000000008 0.987096100529
530 0.1950631200000001 1.000552830529
531 0.1909891200000001 1.014009560529
532 0.18691512000000007 1.027466290529
533 0.18284112000000005 1.040923020529
534 0.17876712000000006 1.054379750529
535 0.17469312000000006 1.067836480529
536 0.17061912000000004 1.081293210529
537 0.16654512000000005 1.094749940529
538 0.16247112000000005 1.1082066705290001
539 0.15839712000000006 1.121663400529
540 0.15432312000000006 1.135120130529
541 0.15024912000000004 1.148576860529
542 0.14617512000000005 1.162033590529
543 0.14210112000000005 1.1754903205290002
544 0.13802712000000006 1.188947050529
545 0.13395312000000006 1.202403780529
546 0.12987912000000004 1.2158605105290001
547 0.12580512000000005 1.229317240529
548 0.12173112000000004 1.2427739705290002
549 0.11765712000000005 1.256230700529
550 0.11358312000000004 1.2696874305290002
551 0.10950912000000003 1.2831441605290002
552 0.10543512000000002 1.296600890529
553 0.10136112000000008 1.3100576205289998
554 0.09728712000000007 1.323514350529
555 0.09321312000000005 1.3369710805289998
556 0.08913912000000006 1.350427810529
563 0.04045393235719372 0.9102727651718063
564 0.03820399173666014 0.92190543579234
565 0.03595405111612657 0.9335381064128735
573 0.07680619117435475 0.8739205063546454
574 0.07384983277657359 0.8862595947524265
575 0.07089347437879243 0.8985986831502076
591 0.11347280590239099 0.8654020816266091
592 0.10981002972736222 0.8784475878016379
593 0.10614725355233345 0.8914930939766665
594 0.1024844773773047 0.9045386001516954
595 0.09882170120227593 0.9175841063267242
596 0.0951589250272472 0.9306296125017529
597 0.09149614885221842 0.9436751186767817
598 0.08783337267718967 0.9567206248518102
599 0.08417059650216091 0.9697661310268391
600 0.08050782032713215 0.9828116372018678
601 0.07647876653460052 0.9971616939943995
615 0.16594198630745577 0.8223156312215443
616 0.16157279235517943 0.8360675551738206
617 0.15720359840290307 0.849819479126097
618 0.1528344044506267 0.8635714030783734
619 0.14846521049835035 0.8773233270306497
620 0.144096016546074 0.8910752509829261
621 0.13972682259379768 0.9048271749352023
622 0.13535762864152132 0.9185790988874786
623 0.13098843468924498 0.932331022839755
624 0.12618232134174098 0.947458139187259
625 0.12181312738946463 0.9612100631395354
626 0.1174439334371883 0.9749619870918117
627 0.11307473948491195 0.988713911044088
628 0.1087055455326356 1.0024658349963644
645 0.23337662732351092 0.7548809902054892
646 0.22830101559398697 0.769339331935013
647 0.223225403864463 0.7837976736645371
648 0.21814979213493907 0.798256015394061
649 0.21307418040541512 0.812714357123585
650 0.20799856867589117 0.827172698853109
651 0.20292295694636725 0.8416310405826326
652 0.1978473452168433 0.8560893823121566
653 0.19277173348731935 0.8705477240416806
654 0.18718856058484304 0.886451899944157
655 0.1821129488553191 0.900910241673681
656 0.17703733712579514 0.9153685834032048
657 0.17196172539627122 0.9298269251327288
658 0.16688611366674727 0.9442852668622528
659 0.1618105019372233 0.9587436085917767
660 0.15673489020769935 0.9732019503213006
661 0.1516592784781754 0.9876602920508246
662 0.14658366674865148 1.0021186337803485
663 0.14150805501912755 1.0165769755098726
664 0.1364324432896036 1.0310353172393965
665 0.13135683156007966 1.0454936589689203
666 0.1262812198305557 1.0599520006984444
683 0.3121139527755274 0.6761436647534727
684 0.30633192326875586 0.6913084242602441
685 0.3005498937619843 0.7064731837670157
686 0.2947678642552128 0.7216379432737874
687 0.28898583474844125 0.7368027027805588
688 0.2832038052416697 0.7519674622873305
689 0.2774217757348982 0.7671322217941017
690 0.27163974622812664 0.7822969813008733
691 0.2658577167213551 0.7974617408076448
692 0.25949748426390645 0.8141429762650936
693 0.25371545475713486 0.8293077357718651
694 0.24793342525036335 0.8444724952786367
695 0.24215139574359182 0.8596372547854082
696 0.23636936623682028 0.8748020142921797
697 0.23058733673004875 0.8899667737989513
698 0.2248053072232772 0.9051315333057228
699 0.21902327771650565 0.9202962928124944
700 0.21324124820973414 0.9354610523192659
701 0.20745921870296263 0.9506258118260373
702 0.2016771891961911 0.965790571332809
703 0.19589515968941953 0.9809553308395805
704 0.190113130182648 0.9961200903463521
705 0.18433110067587646 1.0112848498531235
706 0.17854907116910496 1.0264496093598952
707 0.17276704166233345 1.0416143688666666
727 0.40215396266350534 0.5861036548654948
728 0.3956655153794862 0.6019748321495137
729 0.3891770680954671 0.617846009433533
730 0.38268862081144794 0.6337171867175522
731 0.3762001735274288 0.6495883640015714
732 0.3697117262434097 0.6654595412855904
733 0.36322327895939055 0.6813307185696094
734 0.3567348316753714 0.6972018958536286
735 0.35024638439135225 0.7130730731376477
736 0.34310909237893134 0.7305313681500687
737 0.3366206450949122 0.7464025454340878
738 0.33013219781089304 0.7622737227181069
739 0.3236437505268739 0.7781449000021261
740 0.31715530324285474 0.7940160772861453
741 0.31066685595883564 0.8098872545701643
742 0.3041784086748165 0.8257584318541835
743 0.2976899613907974 0.8416296091382026
744 0.2912015141067783 0.8575007864222217
745 0.28471306682275915 0.8733719637062409
746 0.27822461953874 0.88924314099026
747 0.2717361722547209 0.9051143182742791
748 0.26524772497070176 0.9209854955582983
749 0.2587592776866826 0.9368566728423174
750 0.2522708304026635 0.9527278501263365
751 0.2457823831186444 0.9685990274103556
752 0.2392939358346253 0.9844702046943747
753 0.23280548855060615 1.000341381978394
754 0.226317041266587 1.0162125592624132
755 0.21982859398256788 1.0320837365464322
756 0.21334014669854875 1.0479549138304514
757 0.20685169941452966 1.0638260911144704
758 0.20036325213051054 1.0796972683984896
759 0.1938748048464914 1.0955684456825088
760 0.18738635756247227 1.1114396229665278
761 0.18089791027845312 1.127310800250547
762 0.17440946299443402 1.1431819775345662
772 0.5178863871099783 0.45160577041902183
773 0.5106915220487115 0.4681833654802886
774 0.5034966569874448 0.48476096054155526
775 0.4963017919261781 0.5013385556028218
776 0.48910692686491136 0.5179161506640888
777 0.4819120618036447 0.5344937457253554
778 0.47471719674237794 0.5510713407866221
779 0.4675223316811112 0.5676489358478889
780 0.4603274666198445 0.5842265309091554
781 0.45313260155857776 0.6008041259704222
782 0.445937736497311 0.617381721031689
783 0.4380233849299177 0.6356170755990822
784 0.43082851986865106 0.652194670660349
785 0.4236336548073843 0.6687722657216157
786 0.4164387897461176 0.6853498607828824
787 0.4092439246848509 0.7019274558441491
788 0.4020490596235841 0.7185050509054158
789 0.3948541945623174 0.7350826459666826
790 0.3876593295010507 0.7516602410279494
791 0.38046446443978393 0.7682378360892161
792 0.3732695993785172 0.7848154311504828
793 0.3660747343172505 0.8013930262117495
794 0.3588798692559838 0.8179706212730162
795 0.3516850041947171 0.834548216334283
796 0.3444901391334504 0.8511258113955497
797 0.3372952740721837 0.8677034064568163
798 0.330100409010917 0.8842810015180831
799 0.3229055439496502 0.9008585965793499
800 0.3157106788883835 0.9174361916406166
801 0.3085158138271168 0.9340137867018833
802 0.30132094876585 0.9505913817631501
803 0.2941260837045833 0.9671689768244167
804 0.28693121864331667 0.9837465718856835
805 0.27973635358204996 1.00032416694695
806 0.27254148852078325 1.0169017620082168
807 0.2653466234595165 1.0334793570694836
808 0.2581517583982498 1.0500569521307503
809 0.25095689333698307 1.0666345471920171
810 0.24376202827571636 1.0832121422532839
811 0.23656716321444965 1.0997897373145504
812 0.2293722981531829 1.1163673323758172
813 0.2221774330919162 1.132944927437084
814 0.21498256803064947 1.1495225224983507
815 0.20778770296938276 1.1661001175596173
816 0.20059283790811602 1.182677712620884
817 0.19339797284684931 1.1992553076821508
818 0.18620310778558258 1.2158329027434176
819 0.17900824272431598 1.232410497804684
820 0.17181337766304924 1.2489880928659507
821 0.1646185126017825 1.2655656879272175
822 0.1574236475405158 1.2821432829884842
823 0.15022878247924906 1.298720878049751
824 0.14303391741798235 1.3152984731110176
825 0.13583905235671564 1.3318760681722843
826 0.1286441872954489 1.3484536632335513
827 0.5687343387162599 0.47581965881274
828 0.5608330558777456 0.49310367165125435
829 0.5529317730392312 0.5103876844897687
830 0.5442403619168655 0.5294000986121344
831 0.5363390790783512 0.5466841114506488
832 0.5284377962398369 0.5639681242891631
833 0.5205365134013226 0.5812521371276774
834 0.5126352305628082 0.5985361499661918
835 0.5047339477242939 0.6158201628047061
836 0.49683266488577965 0.6331041756432203
837 0.4889313820472653 0.6503881884817347
838 0.4810300992087511 0.667672201320249
839 0.47312881637023674 0.6849562141587633
840 0.46522753353172247 0.7022402269972776
841 0.4573262506932081 0.719524239835792
842 0.4494249678546938 0.7368082526743063
843 0.4415236850161795 0.7540922655128206
844 0.43362240217766523 0.7713762783513348
845 0.4257211193391509 0.7886602911898491
846 0.4178198365006366 0.8059443040283635
847 0.40991855366212226 0.8232283168668778
848 0.40201727082360794 0.8405123297053921
849 0.39411598798509356 0.8577963425439066
850 0.38621470514657924 0.8750803553824209
851 0.378313422308065 0.8923643682209351
852 0.37041213946955065 0.9096483810594495
853 0.3625108566310364 0.9269323938979637
854 0.35460957379252206 0.944216406736478
855 0.34670829095400774 0.9615004195749923
856 0.3388070081154934 0.9787844324135067
857 0.33090572527697915 0.996068445252021
858 0.3230044424384648 1.0133524580905353
859 0.3151031595999505 1.0306364709290496
860 0.3072018767614362 1.047920483767564
861 0.2993005939229219 1.0652044966060783
862 0.2913993110844076 1.0824885094445926
863 0.2834980282458933 1.0997725222831067
864 0.275596745407379 1.117056535121621
865 0.2676954625688647 1.1343405479601354
866 0.25979417973035046 1.1516245607986495
867 0.25189289689183614 1.1689085736371638
868 0.24399161405332181 1.1861925864756782
869 0.2360903312148075 1.2034765993141925
870 0.22818904837629317 1.2207606121527068
871 0.22028776553777887 1.2380446249912211
872 0.21238648269926455 1.2553286378297355
873 0.20448519986075023 1.27261265066825
874 0.19658391702223593 1.2898966635067644
875 0.18868263418372164 1.3071806763452787
876 0.18078135134520731 1.324464689183793
877 0.172880068506693 1.3417487020223073
878 0.16497878566817867 1.3590327148608217
879 0.15707750282966446 1.3763167276993356
880 0.14917621999115013 1.3936007405378499
881 0.1412749371526358 1.4108847533763642
882 0.7486977995589698 0.23017708797003034
883 0.7400900989432079 0.24816751858579222
884 0.731482398327446 0.266157949201554
885 0.7228746977116841 0.284148379817316
886 0.7142669970959222 0.3021388104330779
887 0.7056592964801603 0.3201292410488398
888 0.6970515958643985 0.33811967166460166
889 0.6884438952486366 0.3561101022803633
890 0.6798361946328746 0.3741005328961253
891 0.6712284940171127 0.3920909635118872
892 0.6617600233397747 0.4118804371892253
893 0.6531523227240128 0.4298708678049872
894 0.6445446221082509 0.44786129842074907
895 0.6359369214924889 0.46585172903651106
896 0.627329220876727 0.48384215965227295
897 0.6187215202609652 0.5018325902680348
898 0.6101138196452033 0.5198230208837967
899 0.6015061190294413 0.5378134514995587
900 0.5928984184136794 0.5558038821153206
901 0.5842907177979175 0.5737943127310825
902 0.5756830171821556 0.5917847433468444
903 0.5670753165663938 0.6097751739626063
904 0.5584676159506319 0.6277656045783682
905 0.54985991533487 0.64575603519413
906 0.5412522147191081 0.6637464658098919
907 0.5326445141033462 0.6817368964256538
908 0.5240368134875844 0.6997273270414157
909 0.5154291128718225 0.7177177576571776
910 0.5068214122560605 0.7357081882729396
911 0.4982137116402986 0.7536986188887015
912 0.4896060110245367 0.7716890495044634
913 0.48099831040877483 0.7896794801202253
914 0.47239060979301295 0.8076699107359872
915 0.46378290917725107 0.825660341351749
916 0.4551752085614892 0.8436507719675109
917 0.44656750794572725 0.8616412025832729
918 0.43795980732996526 0.8796316331990348
919 0.42935210671420343 0.8976220638147967
920 0.4207444060984415 0.9156124944305586
921 0.4121367054826796 0.9336029250463205
922 0.4035290048669177 0.9515933556620825
923 0.3949213042511558 0.9695837862778444
924 0.38631360363539385 0.9875742168936064
925 0.37770590301963197 1.0055646475093682
926 0.3690982024038701 1.0235550781251301
927 0.36049050178810815 1.041545508740892
928 0.3518828011723464 1.0595359393566537
929 0.34327510055658444 1.0775263699724156
930 0.33466739994082256 1.0955168005881775
931 0.3260596993250606 1.1135072312039394
932 0.31745199870929874 1.1314976618197012
933 0.3088442980935368 1.1494880924354631
934 0.3002365974777749 1.167478523051225
935 0.29162889686201304 1.1854689536669871
936 0.28302119624625116 1.203459384282749
937 0.2744134956304892 1.2214498148985111
938 0.26580579501472734 1.239440245514273
939 0.2571980943989654 1.257430676130035
940 0.24859039378320347 1.2754211067457968
941 0.2399826931674417 1.2934115373615582
942 0.23137499255167976 1.3114019679773203
943 0.22276729193591788 1.3293923985930822
944 0.214159591320156 1.3473828292088441
945 0.20555189070439409 1.365373259824606
946 0.19694419008863218 1.3833636904403679
947 0.18833648947287027 1.4013541210561298
948 0.17972878885710838 1.4193445516718917
949 0.17112108824134648 1.4373349822876536
950 0.16251338762558457 1.4553254129034154
951 0.15390568700982266 1.4733158435191775
1446 0.22919257999999995 0.755687254729
1447 0.22406783999999996 0.7797651093289999
1448 0.21904457999999993 0.8033661747290001
1449 0.21402131999999993 0.8269672401290001
1450 0.20899805999999993 0.8505683055290001
1451 0.20417775999999996 0.8732157925290002
1452 0.19961115999999995 0.8946713065290002
1453 0.19402975999999994 0.920894712529
1454 0.18895575999999994 0.9447341725290003
1455 0.18388175999999995 0.968573632529
1456 0.17880775999999995 0.992413092529
1457 0.17373375999999996 1.016252552529
1458 0.16865975999999996 1.040092012529
1459 0.16409315999999996 1.0615475265290002
1460 0.15901915999999996 1.0853869865290002
1461 0.15394516 1.109226446529
1462 0.14887115999999997 1.133065906529
1463 0.14379715999999998 1.1569053665290001
1464 0.13872315999999998 1.180744826529
1465 0.13364915999999996 1.204584286529
1466 0.12908255999999996 1.226039800529
1467 0.12400855999999995 1.2498792605290001
1468 0.11893455999999995 1.2737187205290001
1469 0.11386055999999997 1.297558180529
1470 0.10878655999999996 1.321397640529
1739 0.150030733758 0.84248685899379
1740 0.143361078726 0.8696475331346301
1741 0.13634038899360001 0.898237717357168
1742 0.1296707339616 0.9253983914980081
1743 0.12229900952880002 0.955418085802244
1744 0.11773556147760002 0.974001704427588
1745 0.11247004402560001 0.9954443432163279
1746 0.11036383704480003 1.0040213987318238
1747 0.10334314731240002 1.032611582954362
1748 0.09737556168120003 1.0569132369318062
1749 0.0903548719488 1.085503421154344
1750 0.0868445267772 1.099798514509286
1753 0.22385338696640003 0.732443634696632
1754 0.20199228516240006 0.8120190909546119
1755 0.18202968466720001 0.884683911636736
1756 0.1630735073136 0.953685303942768
1757 0.1466792258844 1.0133612725397219
1758 0.1328921659632 1.063546830135216
1759 0.11914013000120001 1.113604898843906
1760 0.10732573981480001 1.156609844245174
1761 0.0959306071896 1.1980886720691482
1762 0.08645457841120001 1.2325818700934559
1765 0.23281517458920006 0.7837403644216859
1766 0.21010631886160006 0.862609225921828
1767 0.18606164885000004 0.94611742958075
1768 0.17857083595400003 0.97213335446507
1769 0.17106604747960003 0.998197817152018
1770 0.15519931411600002 1.05330368470978
1784 0.04742569737549473 0.9073868412902253
1785 0.04243878813856768 0.9316566493211923
1796 0.0754817248739984 0.8794484919913816
1797 0.07234147447988679 0.8925550988334993
1798 0.06920766185182216 0.9056348360767219
1809 0.10930681035348068 0.8439152992808594
1810 0.10192699763010211 0.8712583713160379
1811 0.09380921057140824 0.9013357248522518
1812 0.08679838501568732 0.9273116561369128
1813 0.07941857922933133 0.9546547024696086
1814 0.07203876650595276 0.9819977745047872
1815 0.06465895378257419 1.0093408465399658
1816 0.05727914105919561 1.0366839185751446
1821 0.13830342400253606 0.842350954567344
1822 0.12865230002325645 0.8746500371587835
1823 0.12129906118253882 0.8992588670879011
1824 0.11394581434517197 0.9238677237791282
1825 0.10475426579427492 0.9546287611905252
1826 0.09648186810014299 0.9823137082418371
1834 0.18316133268446855 0.7988136838983715
1835 0.1692320739541129 0.8416056838146071
1836 0.15484957578357403 0.8857900781476459
1837 0.14738864438628801 0.908710764876792
1838 0.13802043411472567 0.9374907926525945
1839 0.11840215870541845 0.9977599897378815
1845 0.2431780504444802 0.7507852802593598
1846 0.2240673477227352 0.8043838584565849
1847 0.2055187238811315 0.8564060095988285
1848 0.1886563470784215 0.9036988504121986
1849 0.17404227539780717 0.9446860121695729
1850 0.15942821411566258 0.9856731447630175
1851 0.14312790579462425 1.0313895876853358
1861 0.3252024387470019 0.6659985411829981
1862 0.31292733898873665 0.6977759642590835
1863 0.30186841389666336 0.7264049895491567
1864 0.2890032685740495 0.7597099055093504
1865 0.2779752536677777 0.7882589114048022
1866 0.2663391573340626 0.8183821009048775
1867 0.25408982984382134 0.8500928054792186
1868 0.24178638295299076 0.8819436127918694
1869 0.22947778633307742 0.9138077515741625
1870 0.21835701724679066 0.9425968768070093
1871 0.20595566644686228 0.9747011349266979
1872 0.19358007610365277 1.0067387051214072
1873 0.18119676116681913 1.038796272520581
1883 0.40575952797290854 0.6013903440162196
1884 0.37788160965781115 0.6688278805575428
1885 0.3507185103713946 0.7345362480187996
1886 0.3249850464975115 0.7967862837178425
1887 0.2985367649173617 0.8607654852979923
1888 0.28352557853920596 0.8970780039897941
1889 0.26994402889599767 0.9299321877204224
1890 0.2570772969590561 0.9610572055699439
1891 0.24421056502211458 0.9921822234194654
1892 0.22991419635022556 1.0267655762301604
1893 0.18916954742060074 1.1253281274220452
