   0.0000000000000000        0.0000000000000000        0.0000000000000000        0.0000000000000000       0.12146042033565511        0.0000000000000000        0.0000000000000000     
   5.0000000000000001E-003   0.0000000000000000        0.0000000000000000        0.0000000000000000       0.11724180287538473        0.0000000000000000        0.0000000000000000     
   1.0000000000000000E-002   0.0000000000000000        0.0000000000000000        0.0000000000000000       0.11304415185612475        0.0000000000000000        0.0000000000000000     
   1.4999999999999999E-002   0.0000000000000000        0.0000000000000000        0.0000000000000000       0.10886750438948586        0.0000000000000000        0.0000000000000000     
   2.0000000000000000E-002   0.0000000000000000        0.0000000000000000        0.0000000000000000       0.10471189961760236        0.0000000000000000        0.0000000000000000     
   2.5000000000000001E-002   0.0000000000000000        0.0000000000000000        0.0000000000000000       0.10057737873478532        0.0000000000000000        0.0000000000000000     
   3.0000000000000002E-002   0.0000000000000000        0.0000000000000000        0.0000000000000000        9.6463985011175715E-002   0.0000000000000000        0.0000000000000000     
   3.5000000000000003E-002   0.0000000000000000        0.0000000000000000        0.0000000000000000        9.2371763818504177E-002   0.0000000000000000        0.0000000000000000     
   4.0000000000000001E-002   7.4799308847353615E-015   2.4279958901230305E-013   0.0000000000000000        8.8300762658073684E-002   0.0000000000000000        0.0000000000000000     
   4.4999999999999998E-002   2.0153856562873897E-014   6.5234754527243333E-013   0.0000000000000000        8.4251031191088385E-002   0.0000000000000000        0.0000000000000000     
   4.9999999999999996E-002   3.3480272938566978E-014   1.0891415351075239E-012   0.0000000000000000        8.0222621271454228E-002   0.0000000000000000        0.0000000000000000     
   5.4999999999999993E-002   1.1845182113689688E-014   1.5701812268231010E-012   0.0000000000000000        7.6215586981187189E-002   0.0000000000000000        0.0000000000000000     
   5.9999999999999991E-002  -8.5869037565954358E-015   2.1142268818206977E-012   0.0000000000000000        7.2229984668564257E-002   0.0000000000000000        0.0000000000000000     
   6.4999999999999988E-002  -2.8546381946326255E-014   2.7425165431415704E-012   0.0000000000000000        6.8265872989168225E-002   0.0000000000000000        0.0000000000000000     
   6.9999999999999993E-002  -4.8713595242389716E-014   3.4795787507777377E-012   0.0000000000000000        6.4323312949978159E-002   0.0000000000000000        0.0000000000000000     
   7.4999999999999997E-002  -6.9740948331531765E-014   4.3541712802507888E-012   0.0000000000000000        6.0402367956667570E-002   0.0000000000000000        0.0000000000000000     
   8.0000000000000002E-002  -9.2272579893363004E-014   5.4003811339252012E-012   0.0000000000000000        5.6503103864275248E-002   0.0000000000000000        0.0000000000000000     
   8.5000000000000006E-002  -1.1696212419316274E-013   6.6589287653973999E-012   0.0000000000000000        5.2625589031433571E-002   0.0000000000000000        0.0000000000000000     
   9.0000000000000011E-002  -1.4448896446461485E-013   8.1787181997317975E-012   2.1702843739674499E-005   4.8769894378338681E-002   0.0000000000000000        0.0000000000000000     
   9.5000000000000015E-002  -1.7557325369577284E-013   1.0018702909206821E-011   5.9693097116973314E-004   4.4936093448658357E-002   0.0000000000000000        0.0000000000000000     
  0.10000000000000002       -2.1098984933337233E-013   1.2250128980948832E-011   1.1489282607089609E-003   4.1124262475591228E-002   0.0000000000000000        0.0000000000000000     
  0.10500000000000002       -2.5158116910329573E-013   1.4959239960811569E-011   1.6779514981588167E-003   3.7334480452299298E-002   0.0000000000000000        0.0000000000000000     
  0.11000000000000003       -2.9826881686383284E-013   1.8250546294471018E-011   2.1842584742245204E-003   3.3566829206944461E-002   0.0000000000000000        0.0000000000000000     
  0.11500000000000003       -3.5206364003030157E-013   2.2250780283856361E-011   2.6681080135640949E-003   2.9821393482588349E-002   0.0000000000000000        0.0000000000000000     
  0.12000000000000004       -4.1407365158966373E-013   2.7113683612614211E-011   3.1297600045584704E-003   2.6098261022216868E-002   0.0000000000000000        0.0000000000000000     
  0.12500000000000003       -4.8550896548660752E-013   3.3025805239474413E-011   3.5694754298180279E-003   2.2397522659176737E-002   0.0000000000000000        0.0000000000000000     
  0.13000000000000003       -5.6768253635646866E-013   4.0213524764073085E-011   3.9875163974377355E-003   1.8719272413333488E-002   0.0000000000000000        0.0000000000000000     
  0.13500000000000004       -6.6200504116693637E-013   4.8951561629296262E-011   4.3841461730194393E-003   1.5063607593270460E-002   0.0000000000000000        0.0000000000000000     
  0.14000000000000004       -7.6997166398286024E-013   5.9573285439136575E-011   4.7596292124673090E-003   1.1430628904888688E-002   0.0000000000000000        0.0000000000000000     
  0.14500000000000005       -8.9313781179296719E-013   7.2483209322357845E-011   5.1142311955771225E-003   7.8204405667763929E-003   0.0000000000000000        0.0000000000000000     
  0.15000000000000005       -1.0330798568193392E-012   8.8172129208803611E-011   5.4482190604241542E-003   4.2331504327529877E-003   0.0000000000000000        0.0000000000000000     
  0.15500000000000005       -1.1913358162457011E-012   1.0723547023431497E-010   5.7618610385663021E-003   6.6887012202217146E-004   0.0000000000000000        0.0000000000000000     
  0.16000000000000006       -1.3693193781890475E-012   1.3039552109663773E-010   6.0554266910701976E-003   0.0000000000000000        6.7778601930409999E-018   6.5474081931228870E-017
  0.16500000000000006       -1.5681987812554019E-012   1.5852838278400081E-010   6.3291869453717267E-003   0.0000000000000000        6.7185608591180966E-017   6.4489515941099924E-016
  0.17000000000000007       -1.7887296524753192E-012   1.9269663553455794E-010   6.5834141329804202E-003   0.0000000000000000        2.0514983966255370E-016   1.9615632638653613E-015
  0.17500000000000007       -2.0310278784036124E-012   2.3418894438522810E-010   6.8183820280353158E-003   0.0000000000000000        4.6224122500222623E-016   4.4068930909222434E-015
  0.18000000000000008       -2.2942647697165728E-012   2.8456808818369393E-010   7.0343658867229502E-003   0.0000000000000000        8.9316307516498941E-016   8.4936387443645275E-015
  0.18500000000000008       -2.5762619859738256E-012   3.4572922057245158E-010   7.2316424875614339E-003   0.0000000000000000        1.5694643428969807E-015   1.4889256875064973E-014
  0.19000000000000009       -2.8729576728821230E-012   4.1997056800419253E-010   7.4104901725618134E-003   0.0000000000000000        2.5844110709994626E-015   2.4459729068114762E-014
  0.19500000000000009       -3.1777077303765921E-012   5.1007925646969993E-010   7.5711888892677978E-003   0.0000000000000000        4.0613735671314904E-015   3.8346045746988346E-014
  0.20000000000000009       -3.4803767060966687E-012   6.1943555666235151E-010   7.7140202336845208E-003   0.0000000000000000        6.1583724453131773E-015   5.8002798570400248E-014
  0.20500000000000010       -3.7661610378767262E-012   7.5213957335056714E-010   7.8392674940954681E-003   0.0000000000000000        9.0807174716711776E-015   8.5312936594154288E-014
  0.21000000000000010       -4.0140726855911426E-012   9.1316531187247754E-010   7.9472156957764283E-003   0.0000000000000000        1.3091518261643717E-014   1.2268048086387103E-013
  0.21500000000000011       -4.1949928995287992E-012   1.1085481740978616E-009   8.0381516466057363E-003   0.0000000000000000        1.8530214410182058E-014   1.7319733786997212E-013
  0.22000000000000011       -4.2691831091062540E-012   1.3456133191443989E-009   8.1123639835746931E-003   0.0000000000000000        2.5828846037893998E-014   2.4078673899285180E-013
  0.22500000000000012       -4.1831116219563648E-012   1.6332540342339501E-009   8.1701432201989194E-003   0.0000000000000000        3.5530435603877736E-014   3.3036628225653634E-013
  0.23000000000000012       -3.8654196935803265E-012   1.9822713772834789E-009   8.2117817948314260E-003   0.0000000000000000        4.8270912280428565E-014   4.4768819355039759E-013
  0.23500000000000013       -3.2218069551077908E-012   2.4057889729302981E-009   8.2375741198763980E-003   0.0000000000000000        6.5112079589606326E-014   6.0232769890871563E-013
  0.24000000000000013       -2.1285621954672542E-012   2.9197600885480747E-009   8.2478166319019039E-003   0.0000000000000000        8.6968313494570969E-014   8.0253719254737645E-013
  0.24500000000000013       -4.2439865634837050E-013   3.5435881354523799E-009   8.2428078426493405E-003   0.0000000000000000        1.1526174237166805E-013   1.0611237887317852E-012
  0.25000000000000011        2.0998296681639219E-012   4.3008867162349459E-009   8.2228483909358562E-003   0.0000000000000000        1.5150135002224081E-013   1.3917238420928558E-012
  0.25500000000000012        5.7140563897602556E-012   5.2204114968625389E-009   8.1882410954447656E-003   0.0000000000000000        1.9831383966785266E-013   1.8179372750271005E-012
  0.26000000000000012        1.0765227535545734E-011   6.3372037968676022E-009   8.1392910083974337E-003   0.0000000000000000        2.5771508324724892E-013   2.3580740123653050E-012
  0.26500000000000012        1.7697630211577775E-011   7.6939951980003598E-009   8.0763054701004193E-003   0.0000000000000000        3.3302622644826334E-013   3.0421907145088655E-012
  0.27000000000000013        2.7078324349538074E-011   9.3429340787711178E-009   7.9995941643584249E-003   0.0000000000000000        4.2825896685647169E-013   3.9067390440514096E-012
  0.27500000000000013        3.9628913060367333E-011   1.1347709283288796E-008   7.9094691747427694E-003   0.0000000000000000        5.4719548791192196E-013   4.9861107159886274E-012
  0.28000000000000014        5.6265177977133366E-011   1.3786163724169299E-008   7.8062450417051418E-003   0.0000000000000000        6.9621446380181343E-013   6.3386556386686801E-012
  0.28500000000000014        7.8146463735856671E-011   1.6753512318936729E-008   7.6902388205223795E-003   0.0000000000000000        8.8103081559647146E-013   8.0169076194346685E-012
  0.29000000000000015        1.0673713550452728E-010   2.0366305128477193E-008   7.5617701400578601E-003   0.0000000000000000        1.1116814715097793E-012   1.0112506840613268E-011
  0.29500000000000015        1.4388297365556000E-010   2.4767308934405145E-008   7.4211612623246229E-003   0.0000000000000000        1.3962946576341658E-012   1.2700391536913678E-011
  0.30000000000000016        1.9190603278041792E-010   3.0131519986782257E-008   7.2687371428289752E-003   0.0000000000000000        1.7478329300249329E-012   1.5896126714980953E-011
  0.30500000000000016        2.5372230571647790E-010   3.6673568732207608E-008   7.1048254916786773E-003   0.0000000000000000        2.1815493848455299E-012   1.9838260160810638E-011
  0.31000000000000016        3.3298753056286364E-010   4.4656835721175112E-008   6.9297568354291733E-003   0.0000000000000000        2.7148499172921988E-012   2.4685592420696243E-011
  0.31500000000000017        4.3427770059996642E-010   5.4404668631026248E-008   6.7438645796477773E-003   0.0000000000000000        3.3728684635822102E-012   3.0666096610124133E-011
  0.32000000000000017        5.6331233328079418E-010   6.6314175826359580E-008   6.5474850721664877E-003   0.0000000000000000        4.1812325921921083E-012   3.8014416863148477E-011
  0.32500000000000018        7.2723038552883791E-010   8.0873174929859265E-008   6.3409576669957160E-003   0.0000000000000000        5.1738032250765585E-012   4.7039196704732189E-011
  0.33000000000000018        9.3493094206153679E-010   9.8680998792593969E-008   6.1246247888682350E-003   0.0000000000000000        6.3948947064959688E-012   5.8142659539381261E-011
  0.33500000000000019        1.1974935408750609E-009   1.2047400988870276E-007   5.8988319983781113E-003   0.0000000000000000        7.8939664885203262E-012   7.1777644242024149E-011
  0.34000000000000019        1.5286963441792932E-009   1.4715685200897669E-007   5.6639280576785923E-003   0.0000000000000000        9.7343582654069711E-012   8.8520486783632828E-011
  0.34500000000000020        1.9456544461314524E-009   1.7984068041989158E-007   5.4202649966996171E-003   0.0000000000000000        1.1993314508702090E-011   1.0907574143196518E-010
  0.35000000000000020        2.4696055911537856E-009   2.1988986446197939E-007   5.1681981798412432E-003   0.0000000000000000        1.4767552870293780E-011   1.3432570768492718E-010
  0.35500000000000020        3.1268766531618512E-009   2.6897895692744754E-007   4.9080863730976369E-003   0.0000000000000000        1.8170271589126076E-011   1.6530188661952202E-010
  0.36000000000000021        3.9500716328256934E-009   3.2916208063947429E-007   4.6402918115609395E-003   0.0000000000000000        2.2346528746652148E-011   2.0332802345811577E-010
  0.36500000000000021        4.9795309532658885E-009   4.0295730389433324E-007   4.3651802672535862E-003   0.0000000000000000        2.7468415026992560E-011   2.4997451013831023E-010
  0.37000000000000022        6.2651228210764425E-009   4.9344907373691076E-007   4.0831211172297453E-003   0.0000000000000000        3.3751119658337016E-011   3.0720151014794197E-010
  0.37500000000000022        7.8684407890256488E-009   6.0441236203304767E-007   3.7944874118861268E-003   0.0000000000000000        4.1457259932404648E-011   3.7740866288255106E-010
  0.38000000000000023        9.8654979170445471E-009   7.4046286854933901E-007   3.4996559434160523E-003   0.0000000000000000        5.0903043619829128E-011   4.6348041057912807E-010
  0.38500000000000023        1.2350027693268499E-008   9.0723843458542560E-007   3.1990073143355049E-003   0.0000000000000000        6.2483394459955946E-011   5.6902160972867473E-010
  0.39000000000000024        1.5437525888880540E-008   1.1116177695708425E-006   2.8929260060087895E-003   0.0000000000000000        7.6670170567380579E-011   6.9833983040198688E-010
  0.39500000000000024        1.9270196675333055E-008   1.3619837039123454E-006   2.5818004470899137E-003   0.0000000000000000        9.4061050104646446E-011   8.5688848617646610E-010
  0.40000000000000024        2.4023001711308742E-008   1.6685394802401415E-006   2.2660230817979996E-003   0.0000000000000000        1.1537082418305650E-010   1.0511994109991239E-009
  0.40500000000000025        2.9911053813196015E-008   2.0436881121095037E-006   1.9459904379319046E-003   0.0000000000000000        1.4146089100348481E-010   1.2891325566758882E-009
  0.41000000000000025        3.7198648827656792E-008   2.5024866089600757E-006   1.6221031945300218E-003   0.0000000000000000        1.7341188709572497E-010   1.5805555776399484E-009
  0.41500000000000026        4.6210292319126818E-008   3.0631889290195009E-006   1.2947662490695208E-003   0.0000000000000000        2.1253917724966085E-010   1.9374899722198634E-009
  0.42000000000000026        5.7344153943637180E-008   3.7478939245764446E-006   9.6438878409502301E-004   0.0000000000000000        2.6043693196365037E-010   2.3744932062858434E-009
  0.42500000000000027        7.1088474637029385E-008   4.5833173408263124E-006   6.3138433316151923E-004   0.0000000000000000        3.1906117119835695E-010   2.9094284301989065E-009
  0.43000000000000027        8.8041563283146046E-008   5.6017101832039946E-006   2.9617084596386776E-004   0.0000000000000000        3.9079050307902050E-010   3.5640165405511316E-009
  0.43500000000000028        1.0893615428298092E-007   6.8419495517898256E-006   0.0000000000000000        0.0000000000000000        4.7854924744991439E-010   4.3649780067172642E-009
  0.44000000000000028        1.3466906013668243E-007   8.3508324398508897E-006   0.0000000000000000        0.0000000000000000        5.8588212883846722E-010   5.3446797583326946E-009
  0.44500000000000028        1.6633724942165122E-007   1.0184608105425735E-005   0.0000000000000000        0.0000000000000000        7.1725854008355473E-010   6.5441031366026961E-009
  0.45000000000000029        2.0528171714910276E-007   1.2410790564621753E-005   0.0000000000000000        0.0000000000000000        8.7777946713929135E-010   8.0094877078630274E-009
  0.45500000000000029        2.5314079946074917E-007   1.5110299656012465E-005   0.0000000000000000        0.0000000000000000        1.0740744349744529E-009   9.8016903495926173E-009
  0.46000000000000030        3.1191492758316924E-007   1.8379987141694363E-005   0.0000000000000000        0.0000000000000000        1.3139082685609566E-009   1.1991510048260706E-008
  0.46500000000000030        3.8404522830788430E-007   2.2335613621429705E-005   0.0000000000000000        0.0000000000000000        1.6073320670760282E-009   1.4670922261188629E-008
  0.47000000000000031        4.7250887357088149E-007   2.7115352849601873E-005   0.0000000000000000        0.0000000000000000        1.9655694448085625E-009   1.7942115453237791E-008
  0.47500000000000031        5.8093467604475460E-007   3.2883912600884012E-005   0.0000000000000000        0.0000000000000000        2.4032581749976898E-009   2.1938958051475094E-008
  0.48000000000000032        7.1374314005310700E-007   3.9837375807310528E-005   0.0000000000000000        0.0000000000000000        2.9381651072613224E-009   2.6823699004073305E-008
  0.48500000000000032        8.7631603003661215E-007   4.8208882607007218E-005   0.0000000000000000        0.0000000000000000        3.5917380238298356E-009   3.2792164910496487E-008
  0.49000000000000032        1.0752015387194215E-006   5.8275293571199604E-005   0.0000000000000000        0.0000000000000000        4.3887700364558976E-009   4.0070219684102283E-008
  0.49500000000000033        1.3183623551809526E-006   7.0364997132910643E-005   0.0000000000000000        0.0000000000000000        5.3618789377280665E-009   4.8955297604544510E-008
  0.50000000000000033        1.6154753857805999E-006   8.4867050609153816E-005   0.0000000000000000        0.0000000000000000        6.5504759491955977E-009   5.9808054368589179E-008
  0.50500000000000034        1.9782936111300466E-006   1.0224187473496174E-004   0.0000000000000000        0.0000000000000000        8.0010004876422758E-009   7.3051472329171140E-008
  0.51000000000000034        2.4210826201300412E-006   1.2303375692944706E-004   0.0000000000000000        0.0000000000000000        9.7715970288438048E-009   8.9214870330371199E-008
  0.51500000000000035        2.9611468059489024E-006   1.4788545928368706E-004   0.0000000000000000        0.0000000000000000        1.1929281233033401E-008   1.0890877964111448E-007
  0.52000000000000035        3.6194631068706864E-006   1.7755527426778196E-004   0.0000000000000000        0.0000000000000000        1.4564143320699057E-008   1.3295548092495925E-007
  0.52500000000000036        4.4214436065176944E-006   2.1293692524827025E-004   0.0000000000000000        0.0000000000000000        1.7774830197479767E-008   1.6225225496219977E-007
  0.53000000000000036        5.3978523652686385E-006   2.5508277100967636E-004   0.0000000000000000        0.0000000000000000        2.1693267618806190E-008   1.9800086137551872E-007
  0.53500000000000036        6.5859066447292715E-006   3.0523084457263620E-004   0.0000000000000000        0.0000000000000000        2.6466455189658416E-008   2.4153565060504567E-007
  0.54000000000000037        8.0305983336644148E-006   3.6483633773029344E-004   0.0000000000000000        0.0000000000000000        3.2288001125442768E-008   2.9462258018090058E-007
  0.54500000000000037        9.7862780295880853E-006   4.3560823493795904E-004   0.0000000000000000        0.0000000000000000        3.9383317159958818E-008   3.5930323849275383E-007
  0.55000000000000038        1.1918552038882478E-005   5.1955190451773777E-004   0.0000000000000000        0.0000000000000000        4.8022877010074917E-008   4.3803626546398249E-007
  0.55500000000000038        1.4506551715981687E-005   6.1901857252229058E-004   0.0000000000000000        0.0000000000000000        5.8557537887091817E-008   5.3401181394673726E-007
  0.56000000000000039        1.7645645278045089E-005   7.3676273580812826E-004   0.0000000000000000        0.0000000000000000        7.1384628825332824E-008   6.5082877398670811E-007
  0.56500000000000039        2.1450674736887497E-005   8.7600871637044653E-004   0.0000000000000000        0.0000000000000000        8.6999898508372193E-008   7.9297203916363223E-007
  0.57000000000000040        2.6059815134313271E-005   1.0405277188036913E-003   0.0000000000000000        0.0000000000000000        1.0602680320935159E-007   9.6610780980538498E-007
  0.57500000000000040        3.1639170110349607E-005   1.2347269262166318E-003   0.0000000000000000        0.0000000000000000        1.2917388916261088E-007   1.1766228999618570E-006
  0.58000000000000040        3.8388237232940180E-005   1.4637523554430873E-003   0.0000000000000000        0.0000000000000000        1.5739138832689478E-007   1.4331531367801961E-006
  0.58500000000000041        4.6546398704017695E-005   1.7336073870408068E-003   0.0000000000000000        0.0000000000000000        1.9163957338037992E-007   1.7442850908747594E-006
  0.59000000000000041        5.6400618204927627E-005   2.0512890847115182E-003   0.0000000000000000        0.0000000000000000        2.3339819235457921E-007   2.1234847875639330E-006
  0.59500000000000042        6.8294552825249479E-005   2.4249446154651268E-003   0.0000000000000000        0.0000000000000000        2.8414704216310951E-007   2.5840010883446161E-006
  0.60000000000000042        8.2639320140278808E-005   2.8640502662135819E-003   0.0000000000000000        0.0000000000000000        3.4588400988006523E-007   3.1438802047629008E-006
  0.60500000000000043        9.9926194226290899E-005   3.3796157109274535E-003   0.0000000000000000        0.0000000000000000        4.2096717229971906E-007   3.8243209062823408E-006
  0.61000000000000043        1.2074154004741411E-004   3.9844162968563322E-003   0.0000000000000000        0.0000000000000000        5.1220967650442622E-007   4.6505833270602386E-006
  0.61500000000000044        1.4578433206660163E-004   4.6932561648997898E-003   0.0000000000000000        0.0000000000000000        6.2312315997843556E-007   5.6541576447328301E-006
  0.62000000000000044        1.7588663837505238E-004   5.5232649677994143E-003   0.0000000000000000        0.0000000000000000        7.5801785971622075E-007   6.8738120579550180E-006
  0.62500000000000044        2.1203748359193412E-004   6.4942307627289140E-003   0.0000000000000000        0.0000000000000000        9.2175017957565399E-007   8.3528295455385222E-006
  0.63000000000000045        2.5541052883814176E-004   7.6289712862254860E-003   0.0000000000000000        0.0000000000000000        1.1206671201577614E-006   1.0147986678320894E-005
  0.63500000000000045        3.0739602075152011E-004   8.9537452148230265E-003   0.0000000000000000        0.0000000000000000        1.3621971069072840E-006   1.2325631456591512E-005
  0.64000000000000046        3.6963745812773309E-004   1.0498704111599731E-002   0.0000000000000000        0.0000000000000000        1.6555842335743067E-006   1.4968252400407493E-005
  0.64500000000000046        4.4407339744964423E-004   1.2298384487656060E-002   0.0000000000000000        0.0000000000000000        2.0115464825042264E-006   1.8170918623816355E-005
  0.65000000000000047        5.3298475923208575E-004   1.4392237694864416E-002   0.0000000000000000        0.0000000000000000        2.4436090059705936E-006   2.2054060904842173E-005
  0.65500000000000047        6.3904789668490516E-004   1.6825193139584332E-002   0.0000000000000000        0.0000000000000000        2.9677706693066327E-006   2.6759031604545016E-005
  0.66000000000000048        7.6539353701428065E-004   1.9648247502539809E-002   0.0000000000000000        0.0000000000000000        3.6084574281936495E-006   3.2504823492918705E-005
  0.66500000000000048        9.1567149412588068E-004   2.2919069223195226E-002   0.0000000000000000        0.0000000000000000        4.3750148603185561E-006   3.9368796734220672E-005
  0.67000000000000048        1.0941207709923239E-003   2.6702603447181297E-002   0.0000000000000000        0.0000000000000000        5.3090071923491107E-006   4.7720910376081646E-005
  0.67500000000000049        1.3056443143155715E-003   3.1071657984068198E-002   0.0000000000000000        0.0000000000000000        6.4416313619634568E-006   5.7836179650844283E-005
  0.68000000000000049        1.5558872512880591E-003   3.6107445694963644E-002   0.0000000000000000        0.0000000000000000        7.8130567632690098E-006   7.0065528584315154E-005
  0.68500000000000050        1.8513169323532517E-003   4.1900053336157386E-002   0.0000000000000000        0.0000000000000000        9.4743644696467995E-006   8.4858254120754299E-005
  0.69000000000000050        2.1993025374815976E-003   4.8548801555548776E-002   0.0000000000000000        0.0000000000000000        1.1484955652749464E-005   1.0273254362608701E-004
  0.69500000000000051        2.6081913999378404E-003   5.6162455936144655E-002   0.0000000000000000        0.0000000000000000        1.3918696613691105E-005   1.2433517930443252E-004
  0.70000000000000051        3.0873785967471586E-003   6.4859245307403821E-002   0.0000000000000000        0.0000000000000000        1.6861999453145648E-005   1.5041604772384636E-004
  0.70500000000000052        3.6473657985464092E-003   7.4766641726675825E-002   0.0000000000000000        0.0000000000000000        2.0422745988099512E-005   1.8191698777603218E-004
  0.71000000000000052        4.2998049256511364E-003   8.6020857378374921E-002   0.0000000000000000        0.0000000000000000        2.4727358375160940E-005   2.1992774693898944E-004
  0.71500000000000052        5.0575218945121212E-003   9.8766017965138633E-002   0.0000000000000000        0.0000000000000000        2.9929997646890766E-005   2.6579333429397044E-004
  0.72000000000000053        5.9345157362917095E-003  0.11315298068801195        0.0000000000000000        0.0000000000000000        3.6195116736073798E-005   3.2089510921418118E-004
  0.72500000000000053        6.9459286998454989E-003  0.12933777810101538        0.0000000000000000        0.0000000000000000        4.3775017762373251E-005   3.8745505620887835E-004
  0.73000000000000054        8.1079836720024650E-003  0.14747968704086256        0.0000000000000000        0.0000000000000000        5.2895096516785626E-005   4.6735888960527748E-004
  0.73500000000000054        9.4378863866893536E-003  0.16773894397128900        0.0000000000000000        0.0000000000000000        6.3939531890932013E-005   5.6397148584368161E-004
  0.74000000000000055        1.0953691436942380E-002  0.19027415325804370        0.0000000000000000        0.0000000000000000        7.7217221291697805E-005   6.7984615666893543E-004
  0.74500000000000055        1.2674132983362675E-002  0.21523946120110793        0.0000000000000000        0.0000000000000000        9.3211894303063718E-005   8.1915272346310308E-004
  0.75000000000000056        1.4618423145268259E-002  0.24278159355704837        0.0000000000000000        0.0000000000000000        1.1243477386770240E-004   9.8619026058423113E-004
  0.75500000000000056        1.6806023190089989E-002  0.27303687483900507        0.0000000000000000        0.0000000000000000        1.3559390139975206E-004   1.1870471706053442E-003
  0.76000000000000056        1.9256394588034083E-002  0.30612836089383871        0.0000000000000000        0.0000000000000000        1.6335848217650928E-004   1.4272830264133324E-003
  0.76500000000000057        2.1988738545412171E-002  0.34216321955361106        0.0000000000000000        0.0000000000000000        1.9677447331429215E-004   1.7158324765051464E-003
  0.77000000000000057        2.5021733563800583E-002  0.38123048587784225        0.0000000000000000        2.0164844132062854E-003   2.3679671298740525E-004   2.0605889260787804E-003
  0.77500000000000058        2.8373280740108035E-002  0.42339929829427053        6.2099846086333880E-004   1.3439921890967974E-002   2.8479573530925930E-004   2.4732343782448395E-003
  0.78000000000000058        3.2060265855915260E-002  0.46871769100384525        1.4385949660542011E-003   2.5337823188686409E-002   3.4224882432257512E-004   2.9660434684069315E-003
  0.78500000000000059        3.6098345837069737E-002  0.51721197904749960        2.2929942940208841E-003   3.7719000038106666E-002   4.1091989504021988E-004   3.5537397617951875E-003
  0.79000000000000059        4.0501765035201295E-002  0.56888672934923989        3.1846324092485970E-003   5.0591779152635928E-002   4.9297311924407562E-004   4.2544012142967996E-003
  0.79500000000000060        4.5283204218529355E-002  0.62372526841806242        4.1139235688965750E-003   6.3963936718231654E-002   5.9093669050254199E-004   5.0891263375700399E-003
  0.80000000000000060        5.0453662443190793E-002  0.68169063975114308        5.0812587914719869E-003   7.7842629619651993E-002   7.0740575125143880E-004   6.0793121171227931E-003
  0.80500000000000060        5.6022369405552622E-002  0.74272689517018409        6.0870042731053066E-003   9.2234323459420495E-002   8.4614246239410448E-004   7.2563556796168428E-003
  0.81000000000000061        6.1996723718703503E-002  0.80676058694407538        7.1314997522610116E-003  0.10714471745323130        1.0108722819865130E-003   8.6506810715471331E-003
  0.81500000000000061        6.8382251014952100E-002  0.87370232267807957        8.2150568240504946E-003  0.12257866631428525        1.2060657722592438E-003   1.0299210689186723E-002
  0.82000000000000062        7.5182574964336571E-002  0.94344825211810346        9.3379572056661395E-003  0.13854009927020058        1.4373001188124331E-003   1.2248070573778842E-002
  0.82500000000000062        8.2399394234638948E-002   1.0158813724648734        1.0500450954854162E-002  0.15503193638975432        1.7122129355896390E-003   1.4562229762621991E-002
  0.83000000000000063        9.0032459031939432E-002   1.0908725638691223        1.1702754643767157E-002  0.17205600243276431        2.0318693740054854E-003   1.7241696383612021E-002
  0.83500000000000063        9.8079542016499405E-002   1.1682812964337399        1.2945049491009070E-002  0.18961293847492458        2.4106343576154616E-003   2.0413184709265352E-002
  0.84000000000000064       0.10653639991155475        1.2479559812794172        1.4227479455189259E-002  0.20770211160030677        2.8546303722733033E-003   2.4122147741880158E-002
  0.84500000000000064       0.11539672382578238        1.3297339684272873        1.5550149293851836E-002  0.22632152299747887        3.3750889195794812E-003   2.8460748610196165E-002
  0.85000000000000064       0.12465207801995433        1.4134412214092482        1.6913122592235458E-002  0.24546771484068228        3.9828211560285556E-003   3.3516591044108549E-002
  0.85500000000000065       0.13429182842087226        1.4988917212949036        1.8316419766956134E-002  0.26513567638509772        4.6897017498943394E-003   3.9383215839957665E-002
  0.86000000000000065       0.14430306351717409        1.5858866705082404        1.9760016050383761E-002  0.28531874975476657        5.5114276013354824E-003   4.6188494919579624E-002
  0.86500000000000066       0.15467051130006695        1.6742135791853319        2.1243839462207145E-002  0.30600853595298905        6.4636797400489535E-003   5.4058478960034649E-002
  0.87000000000000066       0.16537645661414022        1.7636453240411543        2.2767768775461536E-002  0.32719480167777903        7.5624962424976358E-003   6.3119661615095371E-002
  0.87500000000000067       0.17640066366732071        1.8539392721256649        2.4331631485102957E-002  0.34886538757882224        8.8279158038566223E-003   7.3534299569866526E-002
  0.88000000000000067       0.18772030854558286        1.9448365599112201        2.5935201788085040E-002  0.37100611864712679        1.0279603407926040E-002   8.5454877846357344E-002
  0.88500000000000068       0.19930992643201162        2.0360616123437723        2.7578198584805983E-002  0.39360071748364267        1.1940924158400666E-002   9.9070233223807591E-002
  0.89000000000000068       0.21114137789218798        2.1273219772783785        2.9260283512745296E-002  0.41663072124815659        1.3833808455238385E-002  0.11455096683088259     
  0.89500000000000068       0.22318383810960324        2.2183085385651693        3.0981059024113286E-002  0.44007540314421534        1.5988500468124049E-002  0.13213736434829793     
  0.90000000000000069       0.23540381238299260        2.3086961564320276        3.2740066520375984E-002  0.46391169934901016        1.8428148720484448E-002  0.15200922945998382     
  0.90500000000000069       0.24776518057224886        2.3981447672460949        3.4536784557589843E-002  0.48811414234856804        2.1179486277612458E-002  0.17437116332151270     
  0.91000000000000070       0.26022927253371136        2.4863009568288730        3.6370627137602626E-002  0.51265480168733546        2.4284786258532507E-002  0.19955473680181199     
  0.91500000000000070       0.27275497594366943        2.5728000029378459        3.8240942101302279E-002  0.53750323318665183        2.7749935505562200E-002  0.22760238450104739     
  0.92000000000000071       0.28529887728863129        2.6572683640893331        4.0147009641273310E-002  0.56262643772778498        3.1633266978763071E-002  0.25896629904303609     
  0.92500000000000071       0.29781543621344159        2.7393265744137887        4.2088040952385351E-002  0.58798883073121078        3.5959885997247004E-002  0.29382204630533632     
  0.93000000000000071       0.31025719287008491        2.8185924885478117        4.4063177040037302E-002  0.61355222349368310        4.0764191197203550E-002  0.33243500409722332     
  0.93500000000000072       0.32257500740331546        2.8946848074585554        4.6071487706962289E-002  0.63927581756737140        4.6082066544704592E-002  0.37505548930216137     
  0.94000000000000072       0.33471833024369207        2.9672268062220075        4.8111970740679855E-002  0.66511621337974358        5.1956636069065004E-002  0.42200792089588252     
  0.94500000000000073       0.34663550145191879        3.0358501786003731        5.0183551324832383E-002  0.69102743429791114        5.8428921415802214E-002  0.47358178057031275     
  0.95000000000000073       0.35827407696714841        3.1001989110056329        5.2285081698777450E-002  0.71696096733559611        6.5518028588163066E-002  0.52985941344528531     
  0.95500000000000074       0.36958117925236678        3.1599331000507798        5.4415341090867278E-002  0.74286582168350346        7.3296569166401662E-002  0.59138313404734577     
  0.96000000000000074       0.38050386949830162        3.2147326330631256        5.6573035951876571E-002  0.76868860621356028        8.1759406538054649E-002  0.65803463123281680     
  0.96500000000000075       0.39098953824019933        3.2643006591185735        5.8756800515967218E-002  0.79437362706284731        9.1032696857532264E-002  0.73072173818022290     
  0.97000000000000075       0.40098631095671339        3.3083667886241193        6.0965197717419775E-002  0.81986300634308129       0.10109043254424951       0.80914667891453906     
  0.97500000000000075       0.41044346495531353        3.3466899713936744        6.3196720492097888E-002  0.84509682294483435       0.11198896592449942       0.89362091007440081     
  0.98000000000000076       0.41931185360352774        3.3790610156680496        6.5449793493201472E-002  0.87001327631137826       0.12381419789054275       0.98471236943141294     
  0.98500000000000076       0.42754433374046219        3.4053047228121462        6.7722775251317591E-002  0.89454887394392968       0.13657713840869037        1.0822981600001829     
  0.99000000000000077       0.43509619190014925        3.4252816237848815        7.0013960809051326E-002  0.91863864326732558       0.15036212230732060        1.1869117415577686     
  0.99500000000000077       0.44192556480016748        3.4388893133868521        7.2321584860604554E-002  0.94221636833187450       0.16519963537541033        1.2985152385485614     
   1.0000000000000007       0.44799384939964199        3.4460633864024253        7.4643825426544380E-002  0.96521485165283294       0.18115820171905361        1.4174327415055614     
   1.0050000000000006       0.45326609771506043        3.4467779859154546        7.6978808093647308E-002  0.98756620129300676       0.19833676250574181        1.5441772190710672     
   1.0100000000000005       0.45771139150605339        3.4410459783164060        7.9324610849094424E-002   1.0092021430763309       0.21669772276604382        1.6780672279933022     
   1.0150000000000003       0.46130319191277269        3.4289187720083003        8.1679269537418497E-002   1.0300543575809618       0.23638769502757140        1.8199791570879313     
   1.0200000000000002       0.46401965914859750        3.4104857978451908        8.4040783967443855E-002   1.0500548412996893       0.25748502912667587        1.9700829149596779     
   1.0250000000000001       0.46584393743346864        3.3858736692521938        8.6407124694996756E-002   1.0691362910742066       0.28000751135857010        2.1280701030910527     
   1.0300000000000000       0.46676440050113022        3.3552450391635049        8.8776240505394052E-002   1.0872325106088712       0.30408949514513928        2.2945635197337722     
   1.0349999999999999       0.46677485323429679        3.3187971697481733        9.1146066617621993E-002   1.1042788375506907       0.32979418496114288        2.4694827588268602     
   1.0399999999999998       0.46587468528092407        3.2767602297121550        9.3514533629707700E-002   1.1202125892872152       0.35710334993408754        2.6520289084198398     
   1.0449999999999997       0.46406897288690313        3.2293953330521674        9.5879577222030693E-002   1.1349735252652629       0.38623315807850944        2.8433552110486047     
   1.0499999999999996       0.46136852564876074        3.1769923327088927        9.8239148632267612E-002   1.1485043232739123       0.41727468032912740        3.0434476768078604     
   1.0549999999999995       0.45778987544568750        3.1198673827660151       0.10059122591227178        1.1607510667683631       0.45026242775024783        3.2517639937549969     
   1.0599999999999994       0.45335520545276331        3.0583602837407589       0.10293382597352456        1.1716637399411873       0.48534959400161987        3.4688249451381652     
   1.0649999999999993       0.44809221786360187        2.9928316271159954       0.10526501742383057        1.1811967268786676       0.52257327794286934        3.6937844870543772     
   1.0699999999999992       0.44203393975515276        2.9236597575223473       0.10758293419373174        1.1893093107775621       0.56210796592284318        3.9272384459296066     
   1.0749999999999991       0.43521846740190628        2.8512375737923468       0.10988578994669738        1.1959661688473862       0.60404663401646186        4.1687780958891132     
   1.0799999999999990       0.42768865027994496        2.7759691933407016       0.11217189326256313        1.2011378581914485       0.64856222617237103        4.4186460727498975     
   1.0849999999999989       0.41949171697937254        2.6982665078139254       0.11443966357897643        1.2048012876530749       0.69572513422906823        4.6761921670941788     
   1.0899999999999987       0.41067884624981232        2.6185456615196312       0.11668764787084174        1.2069401703389993       0.74575433861309592        4.9419972615952021     
   1.0949999999999986       0.40130468741860742        2.5372234876051318       0.11891453804298457        1.2075454512972508       0.79872535035630832        5.2150390370027777     
   1.0999999999999985       0.39142683542355705        2.4547139401218083       0.12111918900654997        1.2066157046399477       0.85483291304047004        5.4955593480627059     
   1.1049999999999984       0.38110526666792738        2.3714245628088619       0.12330063740510840        1.2041574942703370       0.91426895423889987        5.7835736933939117     
   1.1099999999999983       0.37040174281034444        2.2877530374950332       0.12545812095211797        1.2001856923062117       0.97720087726952320        6.0787659127535676     
   1.1149999999999982       0.35937919042033212        2.2040838563065370       0.12759109833740423        1.1947237492967433        1.0438238339124548        6.3808591918646931     
   1.1199999999999981       0.34810106513618178        2.1207851622650078       0.12969926965672882        1.1878039104144875        1.1142668274629768        6.6891878078687341     
   1.1249999999999980       0.33663070953055019        2.0382058022691183       0.13178259731545414        1.1794673719763844        1.1888157776773138        7.0041235584473105     
   1.1299999999999979       0.32503071429759928        1.9566726348189405       0.13384132735483975        1.1697643729137792        1.2676022394065687        7.3248195778854592     
   1.1349999999999978       0.31336229260271081        1.8764881321347398       0.13587601114774012        1.1587542161777695        1.3509509985013828        7.6516040044859857     
   1.1399999999999977       0.30168467746471500        1.7979283125517642       0.13788752740950722        1.1465052155375079        1.4390812547513074        7.9842372952851415     
   1.1449999999999976       0.29005455185801621        1.7212410342821414       0.13987710446981977        1.1330945638089966        1.5319496876525351        8.3205651085334900     
   1.1499999999999975       0.27852552082016380        1.6466446759040900       0.14184634275205321        1.1186081192423778        1.6304009709868843        8.6650960766412464     
   1.1549999999999974       0.26714763422721222        1.5743272223802549       0.14379723740876182        1.1031401075969760        1.7349532113289601        9.0202236286782718     
   1.1599999999999973       0.25596696805892599        1.5044457681657437       0.14573220106491586        1.0867927383433538        1.8450250171685187        9.3683905557281300     
   1.1649999999999971       0.24502527092960899        1.4371264412157891       0.14765408662481785        1.0696757344462207        1.9597266783418745        9.7179940663086732     
   1.1699999999999970       0.23435968142613328        1.3724647436398945       0.14956621010413110        1.0519057762942774        2.0819793524649199        10.079390626785806     
   1.1749999999999969       0.22400252039740612        1.3105262965886242       0.15147237345526854        1.0336058615433934        2.2116489208882824        10.446956415020431     
   1.1799999999999968       0.21398116081056179        1.2513479689288054       0.15337688736250918        1.0149045839154545        2.3480920442736859        10.814841787335965     
   1.1849999999999967       0.20431797616580955        1.1949393615935584       0.15528459399266750       0.99593533533112744        2.4922184114453145        11.187808728453399     
   1.1899999999999966       0.19503036678641358        1.1412846124143876       0.15720088969793652       0.97683543713221754        2.6443156009797488        11.563555226843929     
   1.1949999999999965       0.18613086161879253        1.0903444799701183       0.15913174767966315       0.95774520754645032        2.8049315824977250        11.943043831784616     
   1.1999999999999964       0.17762729153861059        1.0420586597193520       0.16108374063524106       0.93880697393997592        2.9745037762015873        12.326135365678423     
   1.2049999999999963       0.16952302861111415       0.99634828158902200       0.16306406342504348       0.92016403976328509        3.1535321409331076        12.711732182446070     
   1.2099999999999962       0.16181728434591475       0.95311853540687541       0.16508055581227823       0.90195961739495056        3.3426207630431479        13.101014019430481     
   1.2149999999999961       0.15450545876304120       0.91226136918429057       0.16714172534581959       0.88433573929300546        3.5425975921984452        13.493891750626336     
   1.2199999999999960       0.14757953108860147       0.87365820532611493       0.16925677047438462       0.86743216094277453        3.7537748958921937        13.888958595753481     
   1.2249999999999959       0.14102848215850586       0.83718262136542754       0.17143560399984770       0.85138527000883102        3.9772330220239489        14.289071821548321     
   1.2299999999999958       0.13483873815269909       0.80270294474184423       0.17368887699794888       0.83632701682369104        4.2132906738987952        14.691883406812783     
   1.2349999999999957       0.12899462512605070       0.77008471536149270       0.17602800335613411       0.82238388184410882        4.4630649841439620        15.098220173183531     
   1.2399999999999956       0.12347882395053598       0.73919297504721826       0.17846518510071627       0.80967589594664180        4.7275082443336025        15.508446507679546     
   1.2449999999999954       0.11827281573055334       0.70989434931945405       0.18101343870894959       0.79831572938972084        5.0074422058756296        15.923171571156763     
   1.2499999999999953       0.11335730848180416       0.68205889401751785       0.18368662262596910       0.78840786491644987        5.3037047920788183        16.341174854516765     
   1.2549999999999952       0.10871263684584159       0.65556168682770943       0.18649946623187152       0.78004786979268692        5.6174927383679387        16.764510595121497     
   1.2599999999999951       0.10431912780909040       0.63028415156302608       0.18946760053055445       0.77332178055738332        5.9500918892767904        17.191387269346283     
   1.2649999999999950       0.10015742676024590       0.60611511076941027       0.19260759085937060       0.76830561290315513        6.3026779403508488        17.624155691279114     
   1.2699999999999949        9.6208779700453828E-002  0.58295156965230754       0.19593697194729720       0.76506500741009831        6.6757669044059620        18.058656427690558     
   1.2749999999999948        9.2455268959347123E-002  0.56069924118044279       0.19947428567933043       0.76365501984013140        7.0723220657728909        18.502752196319424     
   1.2799999999999947        8.8880001308051862E-002  0.53927282831585066       0.20323912195640098       0.76412006238845953        7.4920862387812326        18.949288778519023     
   1.2849999999999946        8.5467248840064666E-002  0.51859608446312988       0.20725216307351624       0.76649399971979970        7.9381155766081122        19.402381418076924     
   1.2899999999999945        8.2202544358663171E-002  0.49860167729550453       0.21153523207439476       0.77080040083757806        8.4105831575361840        19.860312499493475     
   1.2949999999999944        7.9072734217898344E-002  0.47923088401944891       0.21611134557895351       0.77705294490296417        8.9117772906537471        20.323385757502582     
   1.2999999999999943        7.6065992574536834E-002  0.46043314785568473       0.22100477162109469       0.78525597610593778        9.4438667641513145        20.792552266604940     
   1.3049999999999942        7.3171801792291921E-002  0.44216552606668535       0.22624109307887805       0.79540519967004741        10.008910027887065        21.268088964603333     
   1.3099999999999941        7.0380904280609835E-002  0.42439205932293539       0.23184727732796317       0.80748850813068151        10.608499109782962        21.749262097364664     
   1.3149999999999940        6.7685231343602770E-002  0.40708309068905962       0.23785175280296650       0.82148692425304126        11.245208530108568        22.236498044241774     
   1.3199999999999938        6.5077814667829262E-002  0.39021456017847966       0.24428449321090298       0.83737564444229540        11.921108073401765        22.728799067284573     
   1.3249999999999937        6.2552685908920463E-002  0.37376729784896467       0.25117711020725297       0.85512516433544183        12.638245363472489        23.227099427171009     
   1.3299999999999936        6.0104769474588586E-002  0.35772633498349921       0.25856295541951679       0.87470246653859485        13.401809446650812        23.731390748565577     
   1.3349999999999935        5.7729773080790657E-002  0.34208024921690433       0.26647723278680502       0.89607224926310058        14.212176497855218        24.240884017092615     
   1.3399999999999934        5.5424080019374967E-002  0.32682055571724483       0.27495712227859093       0.91919817398534209        15.073706738541258        24.755875920164261     
   1.3449999999999933        5.3184646362415523E-002  0.31194115288387381       0.28404191616309138       0.94404411025908863        15.990081063975312        25.275971266791515     
   1.3499999999999932        5.1008905583389316E-002  0.29743782762810345       0.29377316911793150       0.97057535647719562        16.965370626668559        25.802224958440910     
   1.3549999999999931        4.8894682338403744E-002  0.28330782227431855       0.30419486361531145       0.99875981672092529        18.002573853527267        26.331609651122516     
   1.3599999999999930        4.6840116456863354E-002  0.26954946254130430       0.31535359217370268        1.0285691158352686        19.107155335144110        26.868171955129256     
   1.3649999999999929        4.4843597568754258E-002  0.25616184398322456       0.32729875825156990        1.0599796374871440        20.284809714915575        27.405362580589021     
   1.3699999999999928        4.2903710265824513E-002  0.24314457270111528       0.34008279776978412        1.0929734731344769        21.540997488739841        27.948979447355796     
   1.3749999999999927        4.1019189268894453E-002  0.23049755506306183       0.35376142349292822        1.1275392734678917        22.880482987054815        28.495058689383448     
   1.3799999999999926        3.9188883757858325E-002  0.21822083055380292       0.36839389478129564        1.1636729978719547        24.312609018283865        29.046060983072692     
   1.3849999999999925        3.7411729811882677E-002  0.20631444165313040       0.38404331555162380        1.2013785616610242        25.842466260647942        29.599507609263483     
   1.3899999999999924        3.5686729795998837E-002  0.19477833474602085       0.40077696366347870        1.2406683851364801        27.479201104560808        30.154647927371716     
   1.3949999999999922        3.4012937503309207E-002  0.18361228641972338       0.41866665538922826        1.2815638527435340        29.235083013657334        30.715120443949694     
   1.3999999999999921        3.2389447903048131E-002  0.17281585002839542       0.43778914914006767        1.3240956946373752        31.115695083958251        31.275492249459553     
   1.4049999999999920        3.0815390436174581E-002  0.16238831803450487       0.45822659322238424        1.3683043066731113        33.136792998756064        31.839436036948978     
   1.4099999999999919        2.9289924924763566E-002  0.15232869630765616       0.48006702310449123        1.4142400281068688        35.304219571107204        32.400844276781690     
   1.4149999999999918        2.7812239303411646E-002  0.14263568722683401       0.50340491450350855        1.4619633990617980        37.646409550947581        32.968181930119258     
   1.4199999999999917        2.6381548526880471E-002  0.13330767905515334       0.52834179958059646        1.5115454220365245        40.168056543639310        33.534184982279882     
   1.4249999999999916        2.4997094147879321E-002  0.12434273961295965       0.55498695468970316        1.5630678534229221        42.890636897844111        34.100770442736696     
   1.4299999999999915        2.3658144184988475E-002  0.11573861275264176       0.58345816949746832        1.6166235522128272        45.835367174200023        34.666371943541172     
   1.4349999999999914        2.2363993008970347E-002  0.10749271653301336       0.61388260892516466        1.6723169139182927        49.026065977182704        35.231925847497372     
   1.4399999999999913        2.1113961064387992E-002   9.9602142305694669E-002  0.64639778131376990        1.7302644183679734        52.488889744556069        35.796289938165245     
   1.4449999999999912        1.9907394312880071E-002   9.2063654168542605E-002  0.68115262855021452        1.7905953206838428        56.259617681416970        36.361561304973868     
   1.4499999999999911        1.8743663336384064E-002   8.4873688422340124E-002  0.71830875670361405        1.8534525156445618        60.356266359007300        36.914651970972983     
   1.4549999999999910        1.7622162075641361E-002   7.8028352798202055E-002  0.75804182911412299        1.9189936071047966        64.835192243033120        37.469235577650977     
   1.4599999999999909        1.6542306204420234E-002   7.1523425315745515E-002  0.80054314799161030        1.9873922165041524        69.739701204184655        38.019920166693971     
   1.4649999999999908        1.5503531155929211E-002   6.5354352696022813E-002  0.84602145559110076        2.0588395681469729        75.114390970159533        38.561985533335807     
   1.4699999999999906        1.4505289827465479E-002   5.9516248297082179E-002  0.89470499215878485        2.1335463942933837        81.029248833714902        39.097676744899211     
   1.4749999999999905        1.3547049994587843E-002   5.4003889570568987E-002  0.94684385537092874        2.2117452106619666        87.551362339943040        39.623957072533067     
   1.4799999999999904        1.2628291468680929E-002   4.8811715060168397E-002   1.0027127152840418        2.2936930232800186        94.759068358233421        40.137868077920835     
   1.4849999999999903        1.1748503032899824E-002   4.3933820980755794E-002   1.0626139503525684        2.3796745414305960        102.75430722225020        40.639749059442956     
   1.4899999999999902        1.0907179192004977E-002   3.9363957433553691E-002   1.1268812844679170        2.4700059896267863        111.63973438975087        41.120875085904323     
   1.4949999999999901        1.0103816772084773E-002   3.5095524329347205E-002   1.1958840230399554        2.5650396352619618        121.59059607058020        41.594003088247405     
   1.4999999999999900        9.3379114070416477E-003   3.1121567110299352E-002   1.2700320089487287        2.6651691794167234        132.70194963855099        42.030439281747277     
   1.5049999999999899        8.6089539503222644E-003   2.7434772382263391E-002   1.3497814481609063        2.7708361984151448        145.20755216319620        42.444373476363566     
   1.5099999999999898        7.9164268530606974E-003   2.4027463594719765E-002   1.4356417918339253        2.8825378761327634        159.31683775868848        42.821850350162578     
   1.5149999999999897        7.2598005540422473E-003   2.0891596935624077E-002   1.5281839093835756        3.0008363360134469        175.30052014442640        43.157515625253261     
   1.5199999999999896        6.6385299333493013E-003   1.8018757644711867E-002   1.6280498487470130        3.1263699732824746        193.47600671579534        43.442734288748170     
   1.5249999999999895        6.0520508912523347E-003   1.5400156992663439E-002   1.7359645606917902        3.2598673105925906        214.23503685476990        43.665323663253993     
   1.5299999999999894        5.4997771284872043E-003   1.3026630226903554E-002   1.8527500700607151        3.4021640668256601        238.03008667318002        43.811915431881545     
   1.5349999999999893        4.9810972261459746E-003   1.0888635850316689E-002   1.9793427174077582        3.5542243573389545        265.42896055716272        43.863296603405772     
   1.5399999999999892        4.4953721573907680E-003   8.9762566805521981E-003   2.1168142823048122        3.7171672618407912        297.02017802820285        43.809709689523210     
   1.5449999999999890        4.0419334165555359E-003   7.2792032404022872E-003   2.2663980526067871        3.8923004444003819        333.61939618554050        43.621760947517487     
   1.5499999999999889        3.6200820371229576E-003   5.7868201626581194E-003   2.4295212475222061        4.0811631518680942        376.07459198093932        43.284208980897859     
   1.5549999999999888        3.2290889125737607E-003   4.4880964701123323E-003   2.6078456724875450        4.2855818506719201        425.42103318628909        42.785251283630480     
   1.5599999999999887        2.8681970786675185E-003   3.3716808376042309E-003   2.8033191317912891        4.5077431445411769        482.90326226323697        42.127844052504280     
   1.5649999999999886        2.5366270520733817E-003   2.4259033030369650E-003   3.0182410229767962        4.7502907030762804        549.96404416308008        41.337441747076085     
   1.5699999999999885        2.2335871343830633E-003   1.6388054543018211E-003   3.2553467857100635        5.0164561506821643        629.36622754561938        40.469034836912080     
   1.5749999999999884        1.9582921898950978E-003   9.9818205427619727E-004   3.5179176108744268        5.3102389508880279        726.24961053296261        39.582859218451858     
   1.5799999999999883        1.7099977437694321E-003   4.9163875590862885E-004   3.8099241944912134        5.6366585704006757        851.69043386712588        38.693439857085139     
   1.5849999999999882        1.4880637383824335E-003   1.0667388595122003E-004   4.1362164874196186        6.0021159956683316        1025.7594554614202        37.695502924052519     
   1.5899999999999881        1.2920806585911230E-003  -1.6920052742929403E-004   4.5027752885604695        6.4149255191604819        1260.3025640319306        36.109686223229332     
   1.5949999999999880        1.1221411580949535E-003  -3.4826595475319155E-004   4.9170453114118544        6.8861205866187936        1461.8803377510974        32.492088194468245     
   1.5999999999999879        9.7950081966601769E-004  -4.4225245482479726E-004   5.3883695166700916        7.4307181504839797        1307.0709409010972        24.305925420299733     
