   0.0000000000000000        0.0000000000000000        0.0000000000000000        0.0000000000000000       0.86392023653251993        0.0000000000000000        0.0000000000000000     
   5.0000000000000001E-003   0.0000000000000000        0.0000000000000000        0.0000000000000000       0.85612198218815427        0.0000000000000000        0.0000000000000000     
   1.0000000000000000E-002   0.0000000000000000        0.0000000000000000        0.0000000000000000       0.84833757532985909        0.0000000000000000        0.0000000000000000     
   1.4999999999999999E-002   0.0000000000000000        0.0000000000000000        0.0000000000000000       0.84056703148517575        0.0000000000000000        0.0000000000000000     
   2.0000000000000000E-002   0.0000000000000000        0.0000000000000000        0.0000000000000000       0.83281036855156687        0.0000000000000000        0.0000000000000000     
   2.5000000000000001E-002   0.0000000000000000        0.0000000000000000        0.0000000000000000       0.82506760688419389        0.0000000000000000        0.0000000000000000     
   3.0000000000000002E-002   0.0000000000000000        0.0000000000000000        0.0000000000000000       0.81733876938860150        0.0000000000000000        0.0000000000000000     
   3.5000000000000003E-002   0.0000000000000000        0.0000000000000000        0.0000000000000000       0.80962388161850307        0.0000000000000000        0.0000000000000000     
   4.0000000000000001E-002   4.8310355621924042E-019   2.8498057181037318E-017   0.0000000000000000       0.80192297187879091        0.0000000000000000        0.0000000000000000     
   4.4999999999999998E-002   1.3016838066912588E-018   7.6454121705558027E-017   0.0000000000000000       0.79423607133394736        0.0000000000000000        0.0000000000000000     
   4.9999999999999996E-002   2.1360791965765968E-018   1.2731545563132252E-016   0.0000000000000000       0.78656321412199492        0.0000000000000000        0.0000000000000000     
   5.4999999999999993E-002  -2.5980607413013687E-018   1.8288276457591759E-016   0.0000000000000000       0.77890443747410787        0.0000000000000000        0.0000000000000000     
   5.9999999999999991E-002  -7.3535489940835164E-018   2.4512841361513530E-016   0.0000000000000000       0.77125978184003641        0.0000000000000000        0.0000000000000000     
   6.4999999999999988E-002  -1.2292419156223124E-017   3.1626561619238151E-016   0.0000000000000000       0.76362929101942456        0.0000000000000000        0.0000000000000000     
   6.9999999999999993E-002  -1.7580369517269226E-017   3.9882620508739135E-016   0.0000000000000000       0.75601301229913453        0.0000000000000000        0.0000000000000000     
   7.4999999999999997E-002  -2.3392228791873891E-017   4.9574968749448239E-016   0.0000000000000000       0.74841099659664823        0.0000000000000000        0.0000000000000000     
   8.0000000000000002E-002  -2.9917628449401658E-017   6.1048668135585221E-016   0.0000000000000000       0.74082329860960794        0.0000000000000000        0.0000000000000000     
   8.5000000000000006E-002  -3.7367062062047083E-017   7.4712033172125223E-016   0.0000000000000000       0.73324997697152017        0.0000000000000000        0.0000000000000000     
   9.0000000000000011E-002  -4.5978520939860209E-017   9.1050993136764942E-016   0.0000000000000000       0.72569109441364343        0.0000000000000000        0.0000000000000000     
   9.5000000000000015E-002  -5.6024909933335139E-017   1.1064617407273636E-015   0.0000000000000000       0.71814671793303331        0.0000000000000000        0.0000000000000000     
  0.10000000000000002       -6.7822467976125576E-017   1.3419329448092759E-015   0.0000000000000000       0.71061691896669654        0.0000000000000000        0.0000000000000000     
  0.10500000000000002       -8.1740445203505903E-017   1.6252758315637217E-015   0.0000000000000000       0.70310177357177517        0.0000000000000000        0.0000000000000000     
  0.11000000000000003       -9.8212322992077305E-017   1.9665306662962838E-015   0.0000000000000000       0.69560136261163719        0.0000000000000000        0.0000000000000000     
  0.11500000000000003       -1.1774890589656200E-016   2.3777774177955450E-015   0.0000000000000000       0.68811577194771723        0.0000000000000000        0.0000000000000000     
  0.12000000000000004       -1.4095366630116471E-016   2.8735585212140766E-015   0.0000000000000000       0.68064509263691264        0.0000000000000000        0.0000000000000000     
  0.12500000000000003       -1.6854078498871789E-016   3.4713873096420673E-015   0.0000000000000000       0.67318942113428815        0.0000000000000000        0.0000000000000000     
  0.13000000000000003       -2.0135640536445819E-016   4.1923596941083397E-015   0.0000000000000000       0.66574885950079954        0.0000000000000000        0.0000000000000000     
  0.13500000000000004       -2.4040370766594320E-016   5.0618902207637308E-015   0.0000000000000000       0.65832351561571301        0.0000000000000000        0.0000000000000000     
  0.14000000000000004       -2.8687251440926911E-016   6.1105979049105715E-015   0.0000000000000000       0.65091350339331611        0.0000000000000000        0.0000000000000000     
  0.14500000000000005       -3.4217426223061649E-016   7.3753723793976078E-015   0.0000000000000000       0.64351894300350132        0.0000000000000000        0.0000000000000000     
  0.15000000000000005       -4.0798332130749802E-016   8.9006570740337033E-015   0.0000000000000000       0.63613996109572213        0.0000000000000000        0.0000000000000000     
  0.15500000000000005       -4.8628581534229910E-016   1.0739993572518355E-014   0.0000000000000000       0.62877669102579725        0.0000000000000000        0.0000000000000000     
  0.16000000000000006       -5.7943729692565039E-016   1.2957880225540565E-014   0.0000000000000000       0.62142927308495355        2.1905296484898586E-021   1.3647597516427487E-020
  0.16500000000000006       -6.9023086993149346E-016   1.5632008835275332E-014   0.0000000000000000       0.61409785473048117        2.1673991253574644E-020   1.3448206870159826E-019
  0.17000000000000007       -8.2197762819275184E-016   1.8855956130342484E-014   0.0000000000000000       0.60678259081730257        6.6189073952033525E-020   4.0956105598671198E-019
  0.17500000000000007       -9.7860160474834536E-016   2.2742422256958476E-014   0.0000000000000000       0.59948364382971564        1.4926437947368906E-019   9.2141047088475796E-019
  0.18000000000000008       -1.1647518061695483E-015   2.7427127144458035E-014   0.0000000000000000       0.59220118411253897        2.8874916812815313E-019   1.7782144936646054E-018
  0.18500000000000008       -1.3859343507978348E-015   3.3073497989258693E-014   0.0000000000000000       0.58493539010081796        5.0804375521837886E-019   3.1208196835013514E-018
  0.19000000000000009       -1.6486682484520235E-015   3.9878307994067228E-014   0.0000000000000000       0.57768644854726492        8.3770476505208937E-019   5.1318540359226893E-018
  0.19500000000000009       -1.9606689641377748E-015   4.8078458802789490E-014   0.0000000000000000       0.57045455474651197        1.3181551738149541E-018   8.0513719805500242E-018
  0.20000000000000009       -2.3310646131168163E-015   5.7959137871053267E-014   0.0000000000000000       0.56323991275529861        2.0012739454847998E-018   1.2185221480792613E-017
  0.20500000000000010       -2.7706504549544718E-015   6.9863628609283695E-014   0.0000000000000000       0.55604273560765793        2.9544634107223434E-018   1.7928292972903943E-017
  0.21000000000000010       -3.2921883076680888E-015   8.4205107091417751E-014   0.0000000000000000       0.54886324552417232        4.2641545146230837E-018   2.5783729547077129E-017
  0.21500000000000011       -3.9107586101506905E-015   1.0148082631112259E-013   0.0000000000000000       0.54170167411438441        6.0417865198257202E-018   3.6396704121545079E-017
  0.22000000000000011       -4.6441741447169842E-015   1.2228916963587457E-013   0.0000000000000000       0.53455826257144523        8.4292149284549676E-018   5.0583916811072393E-017
  0.22500000000000012       -5.5134659180485395E-015   1.4735015195243936E-013   0.0000000000000000       0.52743326185812522        1.1604584888458008E-017   6.9365749713483002E-017
  0.23000000000000012       -6.5434534175177210E-015   1.7753006324743772E-013   0.0000000000000000       0.52032693288333642        1.5773678123272440E-017   9.3916454877305274E-017
  0.23500000000000013       -7.7634134440020892E-015   2.1387108889930321E-013   0.0000000000000000       0.51323954666837623        2.1291306335239813E-017   1.2625594488321409E-016
  0.24000000000000013       -9.2078640090114348E-015   2.5762690842008907E-013   0.0000000000000000       0.50617138450215959        2.8447210887655450E-017   1.6802594173113103E-016
  0.24500000000000013       -1.0917482414525199E-014   3.1030547534831824E-013   0.0000000000000000       0.49912273808478791        3.7706448416721514E-017   2.2186049370618948E-016
  0.25000000000000011       -1.2940179654136970E-014   3.7372042213635453E-013   0.0000000000000000       0.49209390965888883        4.9545420916241250E-017   2.9046537290105152E-016
  0.25500000000000012       -1.5332356734123120E-014   4.5005282320201969E-013   0.0000000000000000       0.48508521212826400        6.4838158223546916E-017   3.7877698363858140E-016
  0.26000000000000012       -1.8160372467579544E-014   5.4192539642032618E-013   0.0000000000000000       0.47809696916350153        8.4193615468004954E-017   4.9027675456233410E-016
  0.26500000000000012       -2.1502256802812618E-014   6.5249163971417854E-013   0.0000000000000000       0.47112951529432329        1.0866598072413565E-016   6.3097644150510233E-016
  0.27000000000000013       -2.5449708871397371E-014   7.8554289884218813E-013   0.0000000000000000       0.46418319598859870        1.3949972677955108E-016   8.0802307745917556E-016
  0.27500000000000013       -3.0110424747489300E-014   9.4563696148664504E-013   0.0000000000000000       0.45725836771807338        1.7785548734629762E-016   1.0280868127227762E-015
  0.28000000000000014       -3.5610806465381700E-014   1.1382524910942473E-012   0.0000000000000000       0.45035539801104268        2.2565557926738203E-016   1.3023510446933559E-015
  0.28500000000000014       -4.2099111213989212E-014   1.3699744753127761E-012   0.0000000000000000       0.44347466549234588        2.8453328014848064E-016   1.6404087782501012E-015
  0.29000000000000015       -4.9749107878815351E-014   1.6487168966843660E-012   0.0000000000000000       0.43661655991122533        3.5761438105610554E-016   2.0604258167061332E-015
  0.29500000000000015       -5.8764317291026129E-014   1.9839900714979963E-012   0.0000000000000000       0.42978148215776846        4.4701411944270269E-016   2.5750985068399797E-015
  0.30000000000000016       -6.9382922714137534E-014   2.3872215870971660E-012   0.0000000000000000       0.42296984426881284        5.5638831316087746E-016   3.2059511610406465E-015
  0.30500000000000016       -8.1883448276953865E-014   2.8721415472553780E-012   0.0000000000000000       0.41618206942436503        6.8995514699369227E-016   3.9779834070418956E-015
  0.31000000000000016       -9.6591315243357902E-014   3.4552449678861956E-012   0.0000000000000000       0.40941859193573604        8.5240030763254732E-016   4.9188941834850003E-015
  0.31500000000000017       -1.1388639915060049E-013   4.1563467213093700E-012   0.0000000000000000       0.40267985722676231        1.0508889348633896E-015   6.0713941620740237E-015
  0.32000000000000017       -1.3421172484621461E-013   4.9992474903400401E-012   0.0000000000000000       0.39596632180961749        1.2920376794396145E-015   7.4744841165334462E-015
  0.32500000000000018       -1.5808345112919925E-013   6.0125328639583171E-012   0.0000000000000000       0.38927845325683974        1.5849411496400322E-015   9.1818194583532425E-015
  0.33000000000000018       -1.8610231176854018E-013   7.2305321044756367E-012   0.0000000000000000       0.38261673017134656        1.9417277862336508E-015   1.1266241338335968E-014
  0.33500000000000019       -2.1896669470658807E-013   8.6944683859486172E-012   0.0000000000000000       0.37598164215626267        2.3750977010152497E-015   1.3802144252834968E-014
  0.34000000000000019       -2.5748755564758371E-013   1.0453838617673515E-011   0.0000000000000000       0.36937368978651292        2.9017881597509023E-015   1.6889018207422901E-014
  0.34500000000000020       -3.0260537513514221E-013   1.2568068531736899E-011   0.0000000000000000       0.36279338458415311        3.5418248607791744E-015   2.0645706906021030E-014
  0.35000000000000020       -3.5540937847865383E-013   1.5108497777747674E-011   0.0000000000000000       0.35624124899946724        4.3201387779415340E-015   2.5219927175925205E-014
  0.35500000000000020       -4.1715924394043368E-013   1.8160760628394730E-011   0.0000000000000000       0.34971781639987248        5.2659271534738986E-015   3.0783197693530714E-014
  0.36000000000000021       -4.8930952437450998E-013   2.1827640913147954E-011   0.0000000000000000       0.34322363106865222        6.4160780458509832E-015   3.7553526012906570E-014
  0.36500000000000021       -5.7353699829474110E-013   2.6232495392542717E-011   0.0000000000000000       0.33675924821550951        7.8138117237748402E-015   4.5785387366631597E-014
  0.37000000000000022       -6.7177114459524038E-013   3.1523358476558698E-011   0.0000000000000000       0.33032523400087888        9.5131110526942790E-015   5.5803234573890071E-014
  0.37500000000000022       -7.8622789625518976E-013   3.7877863595994524E-011   0.0000000000000000       0.32392216557583969        1.1578750822928476E-014   6.7986227447997920E-014
  0.38000000000000023       -9.1944676641476153E-013   4.5509143399405034E-011   0.0000000000000000       0.31755063113938004        1.4088391503577067E-014   8.2796499075861500E-014
  0.38500000000000023       -1.0743313476273458E-012   5.4672903165737377E-011   0.0000000000000000       0.31121123001463247        1.7138284898981164E-014   1.0080479022294530E-013
  0.39000000000000024       -1.2541930522105316E-012   6.5675900473613011E-011   0.0000000000000000       0.30490457274555322        2.0842254293894539E-014   1.2268400006204698E-013
  0.39500000000000024       -1.4627977761495701E-012   7.8886110554276114E-011   0.0000000000000000       0.29863128121536014        2.5343866790853524E-014   1.4929401602488256E-013
  0.40000000000000024       -1.7044149154187591E-012   9.4744912448752429E-011   0.0000000000000000       0.29239198878786876        3.0812727152996138E-014   1.8163386840750678E-013
  0.40500000000000025       -1.9838678222551401E-012   1.1378169799123827E-010   0.0000000000000000       0.28618734047266731        3.7452159251863512E-014   2.2091406409581403E-013
  0.41000000000000025       -2.3065843351895122E-012   1.3663138604998462E-010   0.0000000000000000       0.28001799311488446        4.5514986685325977E-014   2.6863708750360214E-013
  0.41500000000000026       -2.6786454195366723E-012   1.6405542116031646E-010   0.0000000000000000       0.27388461561009014        5.5307187017794627E-014   3.2661606635675679E-013
  0.42000000000000026       -3.1068291758315148E-012   1.9696695206015980E-010   0.0000000000000000       0.26778788914466217        6.7194981200520220E-014   3.9704515208579957E-013
  0.42500000000000027       -3.5986464639406827E-012   2.3646102578829066E-010   0.0000000000000000       0.26172850746174620        8.1626537902980137E-014   4.8257479408796959E-013
  0.43000000000000027       -4.1623630899436509E-012   2.8385080191192113E-010   0.0000000000000000       0.25570717715271174        9.9142071942024479E-014   5.8642453294396667E-013
  0.43500000000000028       -4.8070018362466096E-012   3.4071099517191454E-010   0.0000000000000000       0.24972461797382040        1.2039998111095052E-013   7.1251541395116939E-013
  0.44000000000000028       -5.5423154894917851E-012   4.0893000074198530E-010   0.0000000000000000       0.24378156318761426        1.4619377405817479E-013   8.6557156430292295E-013
  0.44500000000000028       -6.3787193199299246E-012   4.9077245336597794E-010   0.0000000000000000       0.23787875992833635        1.7750648558395850E-013   1.0514772932205098E-012
  0.45000000000000029       -7.3271680467618002E-012   5.8895433079004731E-010   0.0000000000000000       0.23201696959053095        2.1548362427748657E-013   1.2769962796348937E-012
  0.45500000000000029       -8.3989580093320926E-012   7.0673314645085551E-010   0.0000000000000000       0.22619696823978838        2.6155694924027687E-013   1.5507266929858112E-012
  0.46000000000000030       -9.6054298350979145E-012   8.4801630251967010E-010   0.0000000000000000       0.22041954704446026        3.1742032714480240E-013   1.8827551607531969E-012
  0.46500000000000030       -1.0957540082113590E-011   1.0174913118614974E-009   0.0000000000000000       0.21468551272701222        3.8523502660699917E-013   2.2859962579741427E-012
  0.47000000000000031       -1.2465261803712351E-011   1.2207823702532703E-009   0.0000000000000000       0.20899568803358540        4.6741783909486976E-013   2.7748448472191435E-012
  0.47500000000000031       -1.4136763326879820E-011   1.4646386975036287E-009   0.0000000000000000       0.20335091222020044        5.6707109925636933E-013   3.3678927570748621E-012
  0.48000000000000032       -1.5977301250304306E-011   1.7571612033964089E-009   0.0000000000000000       0.19775204155396858        6.8794981493119469E-013   4.0875489109879547E-012
  0.48500000000000032       -1.7987747135203084E-011   2.1080754146829768E-009   0.0000000000000000       0.19219994982758326        8.3455013260716649E-013   4.9607244013098845E-012
  0.49000000000000032       -2.0162646823645292E-011   2.5290602748539295E-009   0.0000000000000000       0.18669552888531310        1.0120566401613800E-012   6.0183784453909237E-012
  0.49500000000000033       -2.2487685845575787E-011   3.0341444622922714E-009   0.0000000000000000       0.18123968915867131        1.2272142345018340E-012   7.3009386002008908E-012
  0.50000000000000033       -2.4936402828880062E-011   3.6401843409859745E-009   0.0000000000000000       0.17583336020989002        1.4881089374697401E-012   8.8568390385949823E-012
  0.50500000000000034       -2.7465953813478262E-011   4.3674406533736398E-009   0.0000000000000000       0.17047749128132997        1.8042282938963269E-012   1.0742937575169821E-011
  0.51000000000000034       -3.0011682187280369E-011   5.2402746980574515E-009   0.0000000000000000       0.16517305184892564        2.1874327714092805E-012   1.3030175448568052E-011
  0.51500000000000035       -3.2480189528104673E-011   6.2879891394196251E-009   0.0000000000000000       0.15992103217778797        2.6511760959863704E-012   1.5799435505239201E-011
  0.52000000000000035       -3.4740529410674943E-011   7.5458439316395890E-009   0.0000000000000000       0.15472244387807371        3.2135500065779771E-012   1.9159139705981969E-011
  0.52500000000000036       -3.6613056122531935E-011   9.0562842978455583E-009   0.0000000000000000       0.14957832045927574        3.8941516091833434E-012   2.3227023514794107E-011
  0.53000000000000036       -3.7855349449398557E-011   1.0870425515076147E-008   0.0000000000000000       0.14448971788108708        4.7191348088232802E-012   2.8160171095167573E-011
  0.53500000000000036       -3.8144500636523989E-011   1.3049848690370139E-008   0.0000000000000000       0.13945771509904159        5.7174291613647901E-012   3.4132338527670185E-011
  0.54000000000000037       -3.7054877706142571E-011   1.5668773097448954E-008   0.0000000000000000       0.13448341460314817        6.9268100187311722E-012   4.1370804137460913E-011
  0.54500000000000037       -3.4030283696007778E-011   1.8816684362763774E-008   0.0000000000000000       0.12956794294778759        8.3912983842996349E-012   5.0139978851958899E-011
  0.55000000000000038       -2.8349170794502041E-011   2.2601514301116484E-008   0.0000000000000000       0.12471245127116219        1.0162946826754674E-011   6.0753693577345058E-011
  0.55500000000000038       -1.9081266716841279E-011   2.7153488044964653E-008   0.0000000000000000       0.11991811580262636        1.2309268065367017E-011   7.3618030253441174E-011
  0.56000000000000039       -5.0335947699572688E-012   3.2629777925549944E-008   0.0000000000000000       0.11518613835627162        1.4906195093203277E-011   8.9190263589000683E-011
  0.56500000000000039        1.5316588940656874E-011   3.9220132099243719E-008   0.0000000000000000       0.11051774680914869        1.8047747884120786E-011   1.0803850709186289E-010
  0.57000000000000040        4.3904976790636188E-011   4.7153680052039193E-008   0.0000000000000000       0.10591419556256389        2.1851790406721037E-011   1.3087236703993696E-010
  0.57500000000000040        8.3183226999928732E-011   5.6707157895347660E-008   0.0000000000000000       0.10137676598488489        2.6451595738583775E-011   1.5849618763999729E-010
  0.58000000000000040        1.3624636593917527E-010   6.8214845001586545E-008   0.0000000000000000        9.6906766834334787E-002   3.2024667837787914E-011   1.9198135120059309E-010
  0.58500000000000041        2.0699013676253089E-010   8.2080561439334378E-008   0.0000000000000000        9.2505534660251285E-002   3.8749110910327624E-011   2.3240686012391623E-010
  0.59000000000000041        3.0030508820692050E-010   9.8792144515042998E-008   0.0000000000000000        8.8174434181304703E-002   4.6899121182359085E-011   2.8142672322926115E-010
  0.59500000000000042        4.2231569654572485E-010   1.1893890444835389E-007   0.0000000000000000        8.3914858639175097E-002   5.6746806824501713E-011   3.4068875999707622E-010
  0.60000000000000042        5.8067463603170556E-010   1.4323265605858119E-007   0.0000000000000000        7.9728230126177191E-002   6.8658073856350624E-011   4.1240654313952671E-010
  0.60500000000000043        7.8492452693736557E-010   1.7253303794935876E-007   0.0000000000000000        7.5615999885327037E-002   8.3062524023908769E-011   4.9918218771669351E-010
  0.61000000000000043        1.0469421778675756E-009   2.0787796610467558E-007   0.0000000000000000        7.1579648581317296E-002   1.0047066448993846E-010   6.0410852184281046E-010
  0.61500000000000044        1.3814835997050660E-009   2.5052022860718141E-007   0.0000000000000000        6.7620686540858538E-002   1.2151699820553665E-010   7.3103138033136365E-010
  0.62000000000000044        1.8068520221135866E-009   3.0197141648846706E-007   0.0000000000000000        6.3740653960809926E-002   1.4697597272730674E-010   8.8465002881348993E-010
  0.62500000000000044        2.3457159342155977E-009   3.6405460731620996E-007   0.0000000000000000        5.9941121082497793E-002   1.7771585725767145E-010   1.0702400272753326E-009
  0.63000000000000045        3.0261099725694481E-009   4.3896747858116792E-007   0.0000000000000000        5.6223688330578295E-002   2.1487265522800051E-010   1.2946851388485839E-009
  0.63500000000000045        3.8826585008556044E-009   5.2935783372729976E-007   0.0000000000000000        5.2589986414755624E-002   2.5976095384080124E-010   1.5659956895962296E-009
  0.64000000000000046        4.9580702179952378E-009   6.3841388226579413E-007   0.0000000000000000        4.9041676392628450E-002   3.1402078949147342E-010   1.8941271136484717E-009
  0.64500000000000046        6.3049623966423594E-009   7.6997203552312408E-007   0.0000000000000000        4.5580449691874220E-002   3.7954174525112054E-010   2.2905835418758771E-009
  0.65000000000000047        7.9880857545948330E-009   9.2864547128224734E-007   0.0000000000000000        4.2208028089927650E-002   4.5869930965068417E-010   2.7698356005787608E-009
  0.65500000000000047        1.0087035932512016E-008   1.1199772955861622E-006   0.0000000000000000        3.8926163649248315E-002   5.5430591792353403E-010   3.3489699345283041E-009
  0.66000000000000048        1.2699555613815003E-008   1.3506228018614050E-006   0.0000000000000000        3.5736638606208258E-002   6.7068058327137918E-010   4.0541580155073842E-009
  0.66500000000000048        1.5945553101286167E-008   1.6285661120360458E-006   0.0000000000000000        3.2641265211553264E-002   8.0926413472786230E-010   4.8949568515400280E-009
  0.67000000000000048        1.9971989407273116E-008   1.9633773997472410E-006   0.0000000000000000        2.9641885520332183E-002   9.7750175277437528E-010   5.9159266752780684E-009
  0.67500000000000049        2.4958817514396667E-008   2.3665179632575613E-006   0.0000000000000000        2.6740371129101572E-002   1.1807382138219670E-009   7.1500253212243413E-009
  0.68000000000000049        3.1126195489376888E-008   2.8517016599231803E-006   0.0000000000000000        2.3938622858139653E-002   1.4259335382549979E-009   8.6398102513589037E-009
  0.68500000000000050        3.8743240858622795E-008   3.4353226635043621E-006   0.0000000000000000        2.1238570376330052E-002   1.7219514715896659E-009   1.0439461529976764E-008
  0.69000000000000050        4.8138648600472686E-008   4.1369611933593585E-006   0.0000000000000000        1.8642171766280226E-002   2.0790607831147865E-009   1.2611896215190172E-008
  0.69500000000000051        5.9713561085279512E-008   4.9799808289524514E-006   0.0000000000000000        1.6151413027174565E-002   2.5100655303378246E-009   1.5235485108130436E-008
  0.70000000000000051        7.3957157453765151E-008   5.9922333085493789E-006   0.0000000000000000        1.3768307512762286E-002   3.0299089910155426E-009   1.8401808953810129E-008
  0.70500000000000052        9.1465524823411806E-008   7.2068893688775346E-006   0.0000000000000000        1.1494895301808274E-002   3.6572917657447994E-009   2.2225682417096855E-008
  0.71000000000000052        1.1296448738541250E-007   8.6634172723506156E-006   0.0000000000000000        9.3332424982449855E-003   4.4141635429766268E-009   2.6841339635655658E-008
  0.71500000000000052        1.3933720549333692E-007   1.0408734258880232E-005   0.0000000000000000        7.2854404581804456E-003   5.3273155207520913E-009   3.2413913047069889E-008
  0.72000000000000053        1.7165751949627818E-007   1.2498560329545288E-005   0.0000000000000000        5.3536049408357033E-003   6.4252848928295165E-009   3.9118544734072535E-008
  0.72500000000000053        2.1123020734639397E-007   1.4999008610703076E-005   0.0000000000000000        3.5398751804011559E-003   7.7523363345092756E-009   4.7227180180360096E-008
  0.73000000000000054        2.5963955681705803E-007   1.7988452164362933E-005   0.0000000000000000        1.8464128757223368E-003   9.3479583122636047E-009   5.6983019853605007E-008
  0.73500000000000054        3.1880792944082500E-007   2.1559713624009062E-005   0.0000000000000000        2.7540109464640772E-004   1.1279748946555606E-008   6.8802470213513376E-008
  0.74000000000000055        3.9106632215164189E-007   2.5822631582022675E-005   0.0000000000000000        0.0000000000000000        1.3602642938120905E-008   8.3023632810915189E-008
  0.74500000000000055        4.7923932360558115E-007   3.0907066391989306E-005   0.0000000000000000        0.0000000000000000        1.6402877683290409E-008   1.0017928155549539E-007
  0.75000000000000056        5.8674732635574364E-007   3.6966418154287859E-005   0.0000000000000000        0.0000000000000000        1.9772358004125985E-008   1.2083616325093925E-007
  0.75500000000000056        7.1772940637070140E-007   4.4181741327221340E-005   0.0000000000000000        0.0000000000000000        2.3839764505308607E-008   1.4578696424482988E-007
  0.76000000000000056        8.7719093277051197E-007   5.2766553874275196E-005   0.0000000000000000        0.0000000000000000        2.8727701315866178E-008   1.7579619358690228E-007
  0.76500000000000057        1.0711807403835931E-006   6.2972454372709616E-005   0.0000000000000000        0.0000000000000000        3.4629702539969241E-008   2.1204859633033084E-007
  0.77000000000000057        1.3070036056900530E-006   7.5095678348683769E-005   0.0000000000000000        0.0000000000000000        4.1725675954773988E-008   2.5566600031868504E-007
  0.77500000000000058        1.5934748357008248E-006   8.9484745575457830E-005   0.0000000000000000        0.0000000000000000        5.0276695318229689E-008   3.0826765964067240E-007
  0.78000000000000058        1.9412250353418892E-006   1.0654937350588815E-004   0.0000000000000000        0.0000000000000000        6.0569781930648445E-008   3.7162649214176042E-007
  0.78500000000000059        2.3630645915011884E-006   1.2677085876275086E-004   0.0000000000000000        0.0000000000000000        7.2953377372875361E-008   4.4790539796058287E-007
  0.79000000000000059        2.8744191344035880E-006   1.5071415905195448E-004   0.0000000000000000        0.0000000000000000        8.7862899142259834E-008   5.3980668504731209E-007
  0.79500000000000060        3.4938492468103476E-006   1.7904194237352607E-004   0.0000000000000000        0.0000000000000000        1.0581889632812494E-007   6.5055924966508090E-007
  0.80000000000000060        4.2436700303136635E-006   2.1253090935671403E-004   0.0000000000000000        0.0000000000000000        1.2738304288926912E-007   7.8367280358238113E-007
  0.80500000000000060        5.1506888515683261E-006   2.5209073828618100E-004   0.0000000000000000        0.0000000000000000        1.5336018210164209E-007   9.4413600097959639E-007
  0.81000000000000061        6.2470827295468379E-006   2.9878605121026747E-004   0.0000000000000000        0.0000000000000000        1.8459441828638226E-007   1.1372012019629588E-006
  0.81500000000000061        7.5714404411751873E-006   3.5386185363307728E-004   0.0000000000000000        0.0000000000000000        2.2213488410774916E-007   1.3694167754795743E-006
  0.82000000000000062        9.1699985727692607E-006   4.1877295975200826E-004   0.0000000000000000        0.0000000000000000        2.6731779556943059E-007   1.6491030866914156E-006
  0.82500000000000062        1.1098105484920013E-005   4.9521797986670855E-004   0.0000000000000000        0.0000000000000000        3.2200995532524102E-007   1.9879376417377819E-006
  0.83000000000000063        1.3421952543074790E-005   5.8517851601877448E-004   0.0000000000000000        0.0000000000000000        3.8680483926534792E-007   2.3895522111611340E-006
  0.83500000000000063        1.6220618042781253E-005   6.9096428528851923E-004   0.0000000000000000        0.0000000000000000        4.6527071925202147E-007   2.8763085932136472E-006
  0.84000000000000064        1.9588476062721202E-005   8.1526496610857921E-004   0.0000000000000000        0.0000000000000000        5.5943423710863546E-007   3.4608734932440658E-006
  0.84500000000000064        2.3638030024568430E-005   9.6120963938762518E-004   0.0000000000000000        1.2805945043082422E-003   6.7268391494767033E-007   4.1643994507708514E-006
  0.85000000000000064        2.8503239008305241E-005   1.1324347702107507E-003   3.0526840182915106E-003   3.1530540247067368E-003   8.0872926661623971E-007   5.0101645313449848E-006
  0.85500000000000065        3.4343413799212113E-005   1.3331617433039718E-003   7.8740033049374113E-003   5.2020805868684093E-003   9.7185875952313366E-007   6.0250835401392202E-006
  0.86000000000000065        4.1347769095733703E-005   1.5682850208328255E-003   1.2718166110866531E-002   7.4297138912704395E-003   1.1678330326230978E-006   7.2451269169551941E-006
  0.86500000000000066        4.9740728061967805E-005   1.8434720272645848E-003   1.7584962204337640E-002   9.8379449365648877E-003   1.4032333180121989E-006   8.7117277933774678E-006
  0.87000000000000066        5.9788085120661141E-005   2.1652758737700502E-003   2.2474170508376620E-002   1.2428711270278399E-002   1.6855135205952525E-006   1.0471647464358502E-005
  0.87500000000000067        7.1804142054025544E-005   2.5412620024556029E-003   2.7385558861394484E-002   1.5203892057547314E-002   2.0244216173488501E-006   1.2586219430263986E-005
  0.88000000000000067        8.6159940420360630E-005   2.9801497444800159E-003   3.2318883774055403E-002   1.8165302965789033E-002   2.4306659061223349E-006   1.5122637618505731E-005
  0.88500000000000068        1.0329271908291761E-004   3.4919696289021740E-003   3.7273890182400925E-002   2.1314690863475132E-002   2.9181575509051244E-006   1.8168593056680140E-005
  0.89000000000000068        1.2371672809274279E-004   4.0882370311574939E-003   4.2250311197233145E-002   2.4653728331472932E-002   3.5022943360358245E-006   2.1820976106044328E-005
  0.89500000000000068        1.4803552777774019E-004   4.7821423889599030E-003   4.7247867849765014E-002   2.8184007985756276E-002   4.2033809291600139E-006   2.6207700885411197E-005
  0.90000000000000069        1.7695589285584995E-004   5.5887577146754219E-003   5.2266268833546903E-002   3.1907036610633391E-002   5.0433245512568529E-006   3.1466942245028482E-005
  0.90500000000000069        2.1130342358881345E-004   6.5252584713135419E-003   5.7305210242685575E-002   3.5824229102036149E-002   6.0487754197410796E-006   3.7767089899636041E-005
  0.91000000000000070        2.5203993703211034E-004   7.6111590294849788E-003   6.2364375306373586E-002   3.9936902220829990E-002   7.2543991729090183E-006   4.5325156526059743E-005
  0.91500000000000070        3.0028266874576305E-004   8.8685588635947898E-003   6.7443434119771190E-002   4.4246268156556218E-002   8.6955514426398699E-006   5.4369444475835241E-005
  0.92000000000000071        3.5732525632105740E-004   1.0322395362811486E-002   7.2542043371239651E-002   4.8753427902509860E-002   1.0422952886138805E-005   6.5215805951600195E-005
  0.92500000000000071        4.2466039838200977E-004   1.2000697623354910E-002   7.7659846066003110E-002   5.3459364443578725E-002   1.2488621552255919E-005   7.8194927652426151E-005
  0.93000000000000071        5.0400398452927846E-004   1.3934833868447065E-002   8.2796471246258566E-002   5.8364935758826807E-002   1.4960278482986321E-005   9.3735898882453073E-005
  0.93500000000000072        5.9732037219210183E-004   1.6159743250376418E-002   8.7951533707786189E-002   6.3470867641413062E-002   1.7913304330609940E-005   1.1231565262642808E-004
  0.94000000000000072        7.0684834624929480E-004   1.8714140796851218E-002   9.3124633713134272E-002   6.8777746339072285E-002   2.1445611028087972E-005   1.3455501185637571E-004
  0.94500000000000073        8.3512713939636908E-004   2.1640682281085361E-002   9.8315356701428949E-002   7.4286011019069093E-002   2.5670768398041935E-005   1.6117454465004017E-004
  0.95000000000000073        9.8502172111936690E-004   2.4986073975767555E-002  0.10352327299489145        7.9995946062266163E-002   3.0704950278415625E-005   1.9291079890393980E-004
  0.95500000000000074        1.1597463895823936E-003   2.8801110794802898E-002  0.10874793750213751        8.5907673191710318E-002   3.6722950595143710E-005   2.3087213487398115E-004
  0.96000000000000074        1.3628855361250158E-003   3.3140625475195536E-002  0.11398888941837194        9.2021143441965658E-002   4.3893221485800235E-005   2.7613422408727010E-004
  0.96500000000000075        1.5984103123399980E-003   3.8063331476891657E-002  0.11924565192255912        9.8336128976284298E-002   5.2460036803814441E-005   3.3023842487346145E-004
  0.97000000000000075        1.8706898338334882E-003   4.3631543462296161E-002  0.12451773187169266       0.10485221475961083        6.2664497295170343E-005   3.9472557537018125E-004
  0.97500000000000075        2.1844955235580683E-003   4.9910761817997244E-002  0.12980461949227939       0.11156879009639238        7.4806878006777690E-005   4.7150370867578924E-004
  0.98000000000000076        2.5449972517072555E-003   5.6969111891767635E-002  0.13510578806920345       0.11848504004316078        8.9289353575539783E-005   5.6313082473586522E-004
  0.98500000000000076        2.9577500863616673E-003   6.4876634515520476E-002  0.14042069363206702       0.12559993670693789        1.0648918124627812E-004   6.7200280431476691E-004
  0.99000000000000077        3.4286707410145583E-003   7.3704431880298515E-002  0.14574877463922692       0.13291223044161218        1.2697467913913259E-004   8.0174614268777229E-004
  0.99500000000000077        3.9640031937552807E-003   8.3523681623681623E-002  0.15108945165965157       0.14042044095561104        1.5128506967784748E-004   9.5578273474592075E-004
   1.0000000000000007        4.5702734474641193E-003   9.4404541551255536E-002  0.15644212705283794       0.14812284834542669        1.8015060389932095E-004   1.1387729227392469E-003
   1.0050000000000006        5.2542339752773134E-003  0.10641497698433716       0.16180618464694271       0.15601748407081259        2.1442694403146737E-004   1.3561420373538393E-003
   1.0100000000000005        6.0227990102597953E-003  0.11961955137114219       0.16718098941540524       0.16410212188880868        2.5496989317990988E-004   1.6133679567733679E-003
   1.0150000000000003        6.8829724393809138E-003  0.13407822749707740       0.17256588715225232       0.17237426876514089        3.0301152952268758E-004   1.9182622549335565E-003
   1.0200000000000002        7.8417705884028382E-003  0.14984523040428338       0.17796020414638516       0.18083115578297079        3.5986889574040611E-004   2.2792568352887474E-003
   1.0250000000000001        8.9061425744795062E-003  0.16696802319755272       0.18336324685510591       0.18946972907047924        4.2697125025580111E-004   2.7053893858606320E-003
   1.0300000000000000        1.0082891103563089E-002  0.18548644283019369       0.18877430157718575       0.19828664077029634        5.0625295409733836E-004   3.2089964007691279E-003
   1.0349999999999999        1.1378596563464950E-002  0.20543203473951677       0.19419263412580226       0.20727824007540244        5.9966447202769034E-004   3.8024244543867422E-003
   1.0399999999999998        1.2799546997930763E-002  0.22682761335064908       0.19961748950169619       0.21644056435776726        7.0951122703230638E-004   4.5004474761351490E-003
   1.0449999999999997        1.4351676057573542E-002  0.24968706097604609       0.20504809156689816       0.22576933041769517        8.3866721891958599E-004   5.3211611029314754E-003
   1.0499999999999996        1.6040510352664079E-002  0.27401536185361275       0.21048364271946057       0.23525992588358599        9.9038294721769463E-004   6.2852691250639432E-003
   1.0549999999999995        1.7871126845995598E-002  0.29980885251896355       0.21592332356956259       0.24490740079361609        1.1679876491024041E-003   7.4137886838417924E-003
   1.0599999999999994        1.9848120100754190E-002  0.32705565589718283       0.22136629261750948       0.25470645939266640        1.3760397104043535E-003   8.7355952152243215E-003
   1.0649999999999993        2.1975578421233120E-002  0.35573625569149742       0.22681168593404993       0.26465145217970670        1.6187803854886716E-003   1.0277563401738797E-002
   1.0699999999999992        2.4257067268200389E-002  0.38582416070920850       0.23225861684357513       0.27473636824273762        1.9018359564392118E-003   1.2075035536519849E-002
   1.0749999999999991        2.6695617853467319E-002  0.41728660608327300       0.23770617561071272       0.28495482792033189        2.2310708023630340E-003   1.4164952691233475E-002
   1.0799999999999990        2.9293718554123490E-002  0.45008523981542570       0.24315342913095209       0.29530007583077911        2.6133281896801829E-003   1.6590371595219519E-002
   1.0849999999999989        3.2053306744937296E-002  0.48417674815814332       0.24859942062587698       0.30576497431180732        3.0558420726957284E-003   1.9396371576129414E-002
   1.0899999999999987        3.4975758812706932E-002  0.51951338124529012       0.25404316934371562       0.31634199731585710        3.5679289654117967E-003   2.2641488317549380E-002
   1.0949999999999986        3.8061876455045898E-002  0.55604335010327843       0.25948367026589220       0.32702322480787954        4.1574879819940881E-003   2.6374399466742849E-002
   1.0999999999999985        4.1311867831881684E-002  0.59371107674610657       0.26491989382036241       0.33780033771462231        4.8359139866526223E-003   3.0666383497339016E-002
   1.1049999999999984        4.4725322679283031E-002  0.63245728960733483       0.27035078560251685       0.34866461347636979        5.6142061012487508E-003   3.5584827946846406E-002
   1.1099999999999983        4.8301181061693128E-002  0.67221896640056078       0.27577526610452474       0.35960692225405227        6.5050523518204008E-003   4.1208253122485126E-002
   1.1149999999999982        5.2037695986032938E-002  0.71292913515294676       0.28119223045401998       0.37061772384659725        7.5215507179937895E-003   4.7616814481327270E-002
   1.1199999999999981        5.5932390594624917E-002  0.75451655135883533       0.28660054816311192       0.38168706537528785        8.6778498268305967E-003   5.4896736895273759E-002
   1.1249999999999980        5.9982011069443231E-002  0.79690527486562723       0.29199906288872979       0.39280457979374511        9.9899620666585986E-003   6.3145227921383107E-002
   1.1299999999999979        6.4182476704293265E-002  0.84001417427451419       0.29738659220541791       0.40395948528393061        1.1473366589728549E-002   7.2455217403244815E-002
   1.1349999999999978        6.8528828830012462E-002  0.88375638943791901       0.30276192739171809       0.41514058560027373        1.3147276460462768E-002   8.2942864911650704E-002
   1.1399999999999977        7.3015180413776859E-002  0.92803878421895014       0.30812383323139503       0.42633627142564168        1.5029320369316566E-002   9.4712940688236935E-002
   1.1449999999999976        7.7634668205455074E-002  0.97276142219920159       0.31347104783079555       0.43753452280436506        1.7138108976627844E-002  0.10787633214675010     
   1.1499999999999975        8.2379409283174027E-002   1.0178170976059957       0.31880228245373698       0.44872291271891596        1.9492696063550835E-002  0.12254081816675833     
   1.1549999999999974        8.7240463769703930E-002   1.0630909524673016       0.32411622137540180       0.45988861187805569        2.2178995434045914E-002  0.13925890696897131     
   1.1599999999999973        9.2207805363884496E-002   1.1084602089444702       0.32941152175678756       0.47101839478534679        2.5051895026080153E-002  0.15705724860346992     
   1.1649999999999971        9.7270301169095380E-002   1.1537940429638212       0.33468681354138813       0.48209864715778816        2.8240964716048294E-002  0.17677259698693054     
   1.1699999999999970       0.10241570211430288        1.1989536216813670       0.33994069937584415       0.49311537476502426        3.1846297526728122E-002  0.19904941401445742     
   1.1749999999999969       0.10763064506132286        1.2437923229899059       0.34517175455644078       0.50405421376000858        3.5782869551880293E-002  0.22328487321991253     
   1.1799999999999968       0.11290066748171473        1.2881561502586476       0.35037852700342598       0.51490044257219791        4.0096627123152213E-002  0.24978022115452256     
   1.1849999999999967       0.11821023537360742        1.3318843498669537       0.35555953726523976       0.52563899543426640        4.4832762820266603E-002  0.27879003333865537     
   1.1899999999999966       0.12354278487674522        1.3748102329894423       0.36071327855487628       0.53625447761292655        4.9998627700941239E-002  0.31033857014900407     
   1.1949999999999965       0.12888077783595397        1.4167621966972703       0.36583821682073991       0.54673118241372265        5.5631772758489857E-002  0.34463564193114782     
   1.1999999999999964       0.13420577136086617        1.4575649329943345       0.37093279085448938       0.55705311002857116        6.1756695579962807E-002  0.38180146818450783     
   1.2049999999999963       0.13949850123426091        1.4970408081787578       0.37599541243849982       0.56720398829332774        6.8394699811958851E-002  0.42193364751532714     
   1.2099999999999962       0.14473897883333420        1.5350113891965134       0.38102446653578531       0.57716729542078815        7.5587057071097766E-002  0.46524962198403685     
   1.2149999999999961       0.14990660104786602        1.5712990887158989       0.38601831152530391       0.58692628477212538        8.3359085288202087E-002  0.51185484133700432     
   1.2199999999999960       0.15498027250664539        1.6057288967474954       0.39097527948584465       0.59646401172696806        9.1724350350048084E-002  0.56176934829452518     
   1.2249999999999959       0.15993853925858462        1.6381301639570272       0.39589367653180568       0.60576336270893083       0.10076023550137078       0.61541782644901111     
   1.2299999999999958       0.16475973289769252        1.6683384004862938       0.40077178320441559       0.61480708641950721       0.11046921496120107       0.67272436210293707     
   1.2349999999999957       0.16942212397152609        1.6961970541419207       0.40560785492215978       0.62357782732873224       0.12088738974949562       0.73381773590333887     
   1.2399999999999956       0.17390408337110586        1.7215592331747505       0.41040012249437724       0.63205816146589755       0.13206714116853729       0.79891978818208076     
   1.2449999999999954       0.17818425026696352        1.7442893414126464       0.41514679270225768       0.64023063454784601       0.14405729458104793       0.86820388281129446     
   1.2499999999999953       0.18224170503161422        1.7642645970153890       0.41984604895172195       0.64807780247588576       0.15687418134867717       0.94161522670699971     
   1.2549999999999952       0.18605614547417970        1.7813764103326548       0.42449605200290724       0.65558227422522963       0.17062775055488846        1.0197034837848855     
   1.2599999999999951       0.18960806460927151        1.7955316009814919       0.42909494078132060       0.66272675714289242       0.18528240020588999        1.1020112203818837     
   1.2649999999999950       0.19287892809095256        1.8066534390358535       0.43364083327598618       0.66949410466132320       0.20098586490599218        1.1892843444319390     
   1.2699999999999949       0.19585134936528728        1.8146824998796780       0.43813182753024499       0.67586736642549960       0.21768659175775057        1.2809361612523489     
   1.2749999999999948       0.19850926053351819        1.8195773266013759       0.44256600273123553       0.68182984082088582       0.23560966581853082        1.3781204754719691     
   1.2799999999999947       0.20083807687430688        1.8213148976405515       0.44694142040441376       0.68736512987845433       0.25467230911081679        1.4800087661151713     
   1.2849999999999946       0.20282485294997529        1.8198909006385426       0.45125612571990770       0.69245719652088389       0.27499170663498801        1.5869696143401224     
   1.2899999999999945       0.20445842822051777        1.8153198160529103       0.45550814891787478       0.69709042410108790       0.29671076241600997        1.6996221874128359     
   1.2949999999999944       0.20572956011263019        1.8076348160879243       0.45969550686050054       0.70124967817034356       0.31983078336034787        1.8175057879016658     
   1.2999999999999943       0.20663104254132550        1.7968874859275379       0.46381620471875373       0.70492037039851052       0.34445977290583557        1.9408702800181037     
   1.3049999999999942       0.20715780796093156        1.7831473752262865       0.46786823780249581       0.70808852455312854       0.37070584231879555        2.0698999034136514     
   1.3099999999999941       0.20730701113218461        1.7665013884274603       0.47184959354310752       0.71074084442758467       0.39866994196174721        2.2047540790025257     
   1.3149999999999940       0.20707809293416488        1.7470530228549153       0.47575825363835078       0.71286478359103822       0.42844365377474192        2.3454293425244641     
   1.3199999999999938       0.20647282272496537        1.7249214637784207       0.47959219636980543       0.71444861681442484       0.46010340418476692        2.4918241965816654     
   1.3249999999999937       0.20549531796356621        1.7002405458835470       0.48334939910387564       0.71548151300765550       0.49391025496176144        2.6450592343914194     
   1.3299999999999936       0.20415204004719884        1.6731575908683225       0.48702784098806740       0.71595360948311382       0.52965506570286003        2.8027995010863878     
   1.3349999999999935       0.20245176559240904        1.6438321313001474       0.49062550585496340       0.71585608733979056       0.56778260860889251        2.9674990747810566     
   1.3399999999999934       0.20040553269223346        1.6124345314339383       0.49414038534716648       0.71518124774096414       0.60827961259973806        3.1381621320134725     
   1.3449999999999933       0.19802656201352575        1.5791445164291071       0.49757048227728379       0.71392258883626492       0.65130561470983772        3.3149843365709657     
   1.3499999999999932       0.19533015295382775        1.5441496223001547       0.50091381423799286       0.71207488305640321       0.69702493932010534        3.4981729521269003     
   1.3549999999999931       0.19233355545150110        1.5076435799660381       0.50416841747818075       0.70963425448585826       0.74549058964134096        3.6872495906728089     
   1.3599999999999930       0.18905581843046990        1.4698246478843928       0.50733235106221963       0.70659825599554338       0.79705928600834319        3.8833700396269699     
   1.3649999999999929       0.18551761625530011        1.4308939089145019       0.51040370133055313       0.70296594579405891       0.85148142995956955        4.0842004034022246     
   1.3699999999999928       0.18174105496601550        1.3910535481855473       0.51338058668102049       0.69873796303272373       0.90929449811055874        4.2918667794397294     
   1.3749999999999927       0.17774946044690132        1.3505051297887987       0.51626116269156874       0.69391660207635175       0.97047518683075151        4.5053175490875637     
   1.3799999999999926       0.17356715105087653        1.3094478909975591       0.51904362760651801       0.68850588502892518        1.0353138342685286        4.7250397598766725     
   1.3849999999999925       0.16921919754170608        1.2680770733832694       0.52172622820993142       0.68251163208105003        1.1039265710618018        4.9508376982399227     
   1.3899999999999924       0.16473117352118530        1.2265823105817308       0.52430726611133882       0.67594152922473938        1.1764681236806529        5.1822567590967568     
   1.3949999999999922       0.16012889976824746        1.1851460925191686       0.52678510447076732       0.66880519286076268        1.2532491354097801        5.4196476980938755     
   1.3999999999999921       0.15543818612298588        1.1439423255927221       0.52915817519193098       0.66111423080495924        1.3344259329488966        5.6631349013669201     
   1.4049999999999920       0.15068457469270938        1.1031350075844064       0.53142498661441773       0.65288229918273544        1.4202955664997776        5.9124425717294224     
   1.4099999999999919       0.14589308823220914        1.0628770349542467       0.53358413173794039       0.64412515468586240        1.5105386272398080        6.1640653820605307     
   1.4149999999999918       0.14108798755057375        1.0233091586040877       0.53563429701402565       0.63486070165298336        1.6067576244045318        6.4272386366355052     
   1.4199999999999917       0.13629254171778904       0.98455910223847409       0.53757427174309214       0.62510903342530655        1.7079741402256625        6.6928006590806932     
   1.4249999999999916       0.13152881468361033       0.94674085509827566       0.53940295811757988       0.61489246742222770        1.8150342255025391        6.9645394859727299     
   1.4299999999999915       0.12681747167834895       0.90995414814432896       0.54111938195480924       0.60423557337850009        1.9281145959976509        7.2414929720725016     
   1.4349999999999914       0.12217760844219480       0.87428411977447162       0.54272270416640933       0.59316519418547919        2.0476563848297769        7.5240304260889550     
   1.4399999999999913       0.11762660593071073       0.83980117393101439       0.54421223301469190       0.58171045878440963        2.1739878296217192        7.8118105078115887     
   1.4449999999999912       0.11318001267592608       0.80656103007150393       0.54558743721007952       0.56990278657013071        2.3077627047225699        8.1066338500342159     
   1.4499999999999911       0.10885145645403309       0.77460496101525189       0.54684795990781832       0.55777588277942747        2.4485218491485372        8.4039469874933772     
   1.4549999999999910       0.10465258633349110       0.74396021123053768       0.54799363366663800       0.54536572436009700        2.5977062655312948        8.7080712242566456     
   1.4599999999999909       0.10059304556471581       0.71464058478394998       0.54902449643687157       0.53271053584502270        2.7554768212676874        9.0175330042236368     
   1.4649999999999908        9.6680475139686209E-002  0.68664718902628841       0.54994080865078077       0.51985075479071696        2.9221788049266442        9.3330519809624519     
   1.4699999999999906        9.2920547213231133E-002  0.65996931722837537       0.55074307149356638       0.50682898638235130        3.0985235771362869        9.6542921057734858     
   1.4749999999999905        8.9317026954823783E-002  0.63458545088850404       0.55143204643978050       0.49368994685765233        3.2849726505358721        9.9812637347378317     
   1.4799999999999904        8.5871860808118317E-002  0.61046436038595431       0.55200877614662891       0.48048039546069893        3.4819439139386739        10.312790429940939     
   1.4849999999999903        8.2585288592554665E-002  0.58756628111484144       0.55247460680309557       0.46724905470392070        3.6903956980805726        10.650855576339252     
   1.4899999999999902        7.9455976403595197E-002  0.56584414124796756       0.55283121204188945       0.45404651879285507        3.9101139373544589        10.992862376311619     
   1.4949999999999901        7.6481166870389042E-002  0.54524481688304405       0.55308061853010715       0.44092515015372896        4.1439355700265335        11.343661169378517     
   1.4999999999999900        7.3656843024532154E-002  0.52571039052699864       0.55322523336413321       0.42793896409888510        4.3894674295801899        11.699578751411547     
   1.5049999999999899        7.0977901830991619E-002  0.50717938967220899       0.55326787340499761       0.41514350176962467        4.6495594600857473        12.061147865601535     
   1.5099999999999898        6.8438333338801879E-002  0.48958798358570083       0.55321179670196008       0.40259569161014869        4.9241967117580030        12.428276830971752     
   1.5149999999999897        6.6031401427799688E-002  0.47287111832407269       0.55306073616492191       0.39035369974991740        5.2141727390416728        12.801347604929481     
   1.5199999999999896        6.3749822257544234E-002  0.45696357234046536       0.55281893566027718       0.37847676980462563        5.5205914705973038        13.180977077974498     
   1.5249999999999895        6.1585936760802019E-002  0.44180091778706437       0.55249118872023961       0.36702505274777697        5.8440386752373570        13.566368016294575     
   1.5299999999999894        5.9531873857813160E-002  0.42732037564609759       0.55208288007267081       0.35605942765497250        6.1854163954467261        13.957667382790568     
   1.5349999999999893        5.7579701486638116E-002  0.41346155604325202       0.55160003021718729       0.34564131428078887        6.5451983192823562        14.352856667755992     
   1.5399999999999892        5.5721563033661339E-002  0.40016707840344257       0.55104934329390887       0.33583247859262705        6.9261020070933288        14.758338317458234     
   1.5449999999999890        5.3949797288668881E-002  0.38738306939204414       0.55043825851411332       0.32669483255599097        7.3271814975312628        15.167372786409727     
   1.5499999999999889        5.2257040620847232E-002  0.37505953974016132       0.54977500544722835       0.31829022964003151        7.7504400293749471        15.582547893051316     
   1.5549999999999888        5.0636310654587673E-002  0.36315064398259911       0.54906866348651295       0.31068025768922686        8.1968542839359877        16.003143444033011     
   1.5599999999999887        4.9081071296063379E-002  0.35161482975545683       0.54832922584680166       0.30392603098501469        8.6681760204758884        16.430082374698589     
   1.5649999999999886        4.7585279502955130E-002  0.34041488553493443       0.54756766848194138       0.29808798349794291        9.1657673584226238        16.862966682558149     
   1.5699999999999885        4.6143414681978343E-002  0.32951789749573007       0.54679602434779062       0.29322566550419571        9.6904749030544792        17.300923749089268     
   1.5749999999999884        4.4750492026149835E-002  0.31889512749143634       0.54602746347905273       0.28939754590765687        10.244636408096238        17.744849238161784     
   1.5799999999999883        4.3402061453442019E-002  0.30852182499608605       0.54527637939553941       0.28666082276722826        10.829759140018986        18.193935130485357     
   1.5849999999999882        4.2094194071872357E-002  0.29837698620123743       0.54455848240616034       0.28507124467599537        11.448527257922150        18.649749059569135     
   1.5899999999999881        4.0823458268571547E-002  0.28844307336187325       0.54389090043790500       0.28468294577092584        12.101445023315430        19.109667368266919     
   1.5949999999999880        3.9586887601658384E-002  0.27870570696918112       0.54329228808289598       0.28554829726584996        12.792228569815089        19.575165443298815     
   1.5999999999999879        3.8381942667617262E-002  0.26915334245577394       0.54278294463043031       0.28771777849323643        13.523144476377393        20.046557337514507     
   1.6049999999999878        3.7206469030946258E-002  0.25977694197681256       0.54238494193363662       0.29123987050842892        14.296317732317609        20.521782990424814     
   1.6099999999999877        3.6058653147896441E-002  0.25056965043339352       0.54212226305338995       0.29616097535037322        15.115571814489954        21.003679994282983     
   1.6149999999999876        3.4936978005482393E-002  0.24152648339010235       0.54202095272663342       0.30252536406240255        15.983363489796153        21.489993462544959     
   1.6199999999999875        3.3840179945509287E-002  0.23264403296301439       0.54210928082413290       0.31037515655269055        16.903813681476073        21.981808073866777     
   1.6249999999999873        3.2767207866796690E-002  0.22392019618909356       0.54241792009562662       0.31975033631424588        17.880485911837468        22.477956206654678     
   1.6299999999999872        3.1717185712527220E-002  0.21535392889595611       0.54298013965066061       0.33068880292718628        18.917325215868072        22.978314187211616     
   1.6349999999999871        3.0689378868102416E-002  0.20694502672475409       0.54383201579355578       0.34322646513062394        20.020168642316694        23.484476220476527     
   1.6399999999999870        2.9683164830668452E-002  0.19869393375841735       0.54501266202401544       0.35739737707790947        21.193066407281993        23.994989195987976     
   1.6449999999999869        2.8698008274812128E-002  0.19060157819934109       0.54656448023421056       0.37323392017859136        22.442912914170300        24.511101398542152     
   1.6499999999999868        2.7733440437334955E-002  0.18266923373829455       0.54853343538284893       0.39076703268593221        23.774604964489427        25.030450866441836     
   1.6549999999999867        2.6789042582080338E-002  0.17489840466099610       0.55096935621154175       0.41002648891463456        25.194248959831388        25.554329561442987     
   1.6599999999999866        2.5864433185244722E-002  0.16729073234082353       0.55392626489415453       0.43104122967598574        26.707429102444067        26.078828502284605     
   1.6649999999999865        2.4959258401565303E-002  0.15984792054717073       0.55746273888248421       0.45383974520537967        28.334079941396286        26.617280860269950     
   1.6699999999999864        2.4073185329116210E-002  0.15257167693434123       0.56164230863908404       0.47845051154139911        30.069532175787185        27.157786137193849     
   1.6749999999999863        2.3205897580344775E-002  0.14546366813706207       0.56653389543969368       0.50490248100998314        31.929211968150394        27.700675356280875     
   1.6799999999999862        2.2357092683472985E-002  0.13852548605570472       0.57221229399418549       0.53322562718872302        33.924765422642302        28.248393468693500     
   1.6849999999999861        2.1526480874956021E-002  0.13175862313773293       0.57875870528928164       0.56345154449519985        36.068122345306541        28.800492976128716     
   1.6899999999999860        2.0713784893833093E-002  0.12516445472488041       0.58626132581375856       0.59561410238323897        38.373758014197882        29.356816502475507     
   1.6949999999999859        1.9918740446442013E-002  0.11874422681468508       0.59481600020595493       0.62975015406980184        40.856446503832544        29.917795186936019     
   1.6999999999999857        1.9141097069882030E-002  0.11249904786154502       0.60452694538618323       0.66590029978449894        43.534028963738294        30.482789844536605     
   1.7049999999999856        1.8380619180578785E-002  0.10642988350220413       0.61550755542969571       0.70410970476962653        46.425928609540492        31.052181420022556     
   1.7099999999999855        1.7637087147279275E-002  0.10053755332410022       0.62788129783128699       0.74442897270168418        49.556113097267030        31.627253804148406     
   1.7149999999999854        1.6910298273841027E-002   9.4822728996923789E-002  0.64178271344932936       0.78691507590134324        52.948861127447174        32.208053372032587     
   1.7199999999999853        1.6200067615359925E-002   8.9285933256290709E-002  0.65735853434231106       0.83163234469859049        56.624874697190620        32.788146690795955     
   1.7249999999999852        1.5506228581413234E-002   8.3927539364421405E-002  0.67476893598252707       0.87865351968056082        60.623715683061612        33.374447210352002     
   1.7299999999999851        1.4828633303025782E-002   7.8747770778974074E-002  0.69418894302008260       0.92806087233524992        64.977046736853779        33.963130218287567     
   1.7349999999999850        1.4167152756338416E-002   7.3746700841532759E-002  0.71581001096278907       0.97994740188734608        69.728263656216384        34.558096213130021     
   1.7399999999999849        1.3521676647034219E-002   6.8924252356148838E-002  0.73984180994105098        1.0344181189856940        74.921140852148753        35.155163144778406     
   1.7449999999999848        1.2892113066548581E-002   6.4280196970095627E-002  0.76651424127456258        1.0915914304415462        80.607275757241737        35.754519765794953     
   1.7499999999999847        1.2278387935073545E-002   5.9814154297687140E-002  0.79607972301503005        1.1516006435470563        86.848285916078666        36.355648444756888     
   1.7549999999999846        1.1680444248330186E-002   5.5525590747108951E-002  0.82881578721350446        1.2145956137624987        93.711565100788221        36.958343239471269     
   1.7599999999999845        1.1098241145780816E-002   5.1413818022520270E-002  0.86502803961232577        1.2807445659197503        101.27639304390820        37.563572787227137     
   1.7649999999999844        1.0531752817974700E-002   4.7477991281488330E-002  0.90505354211909128        1.3502361267655303        109.64025851256766        38.167560382889938     
   1.7699999999999843        9.9809672704632407E-003   4.3717106932725833E-002  0.94926469020067694        1.4232816159405794        118.90244355637834        38.771863657069780     
   1.7749999999999841        9.4458849614515172E-003   4.0130000062335004E-002  0.99807367177182682        1.5001176537277741        129.18827128311526        39.372653443892617     
   1.7799999999999840        8.9265173302575870E-003   3.6715341479187105E-002   1.0519376119288291        1.5810091575916527        140.64399853804954        39.971547831129968     
   1.7849999999999839        8.4228852338411944E-003   3.3471634372260375E-002   1.1113645298770285        1.6662528163303902        153.43613845284852        40.563852169891774     
   1.7899999999999838        7.9350173092509607E-003   3.0397210575186701E-002   1.1769202617677723        1.7561811514584842        167.76810409404243        41.152074251582839     
   1.7949999999999837        7.4629482809407373E-003   2.7490226436274148E-002   1.2492365373952721        1.8511673014478049        183.87263806192789        41.730001565619794     
   1.7999999999999836        7.0067172336925332E-003   2.4748658296228500E-002   1.3290204417795055        1.9516306973409610        202.02548056185933        42.295225425917010     
   1.8049999999999835        6.5663658746019518E-003   2.2170297581073285E-002   1.4170655471936495        2.0580438403122403        222.56325989928146        42.845717345305339     
   1.8099999999999834        6.1419368116155991E-003   1.9752745524840427E-002   1.5142650706759706        2.1709404461780868        245.87925067371668        43.376958688806582     
   1.8149999999999833        5.7334718820370861E-003   1.7493407546088566E-002   1.6216275011970374        2.2909252931120281        272.45364498400136        43.883916783954085     
   1.8199999999999832        5.3410105731252905E-003   1.5389487315074927E-002   1.7402952558098816        2.4186862031848184        302.86011529631384        44.358753469680465     
   1.8249999999999831        4.9645885897850288E-003   1.3437980565642441E-002   1.8715670740164358        2.5550087147711587        337.79359244292107        44.803112780082152     
   1.8299999999999830        4.6042366435772820E-003   1.1635668729332310E-002   2.0169250562780965        2.7007941741960835        378.05089846923659        45.186677104539477     
   1.8349999999999829        4.2599795663949098E-003   9.9791125014378115E-003   2.1780675128488634        2.8570822099461783        424.74749868532314        45.511481485821619     
   1.8399999999999828        3.9318358969923492E-003   8.4646454935243913E-003   2.3569491364896047        3.0250788789454162        479.07804783801055        45.760908946775693     
   1.8449999999999827        3.6198181590164948E-003   7.0883681903361950E-003   2.5558304805909127        3.2061922331362815        542.63128961367215        45.910018274892167     
   1.8499999999999825        3.3239341624912082E-003   5.8461425205491779E-003   2.7773393607427010        3.4020777088785072        617.36649212717691        45.938586377406565     
   1.8549999999999824        3.0441898478407612E-003   4.7335874863482239E-003   3.0245476722204052        3.6146966891327588        705.77603834912304        45.820405181750701     
   1.8599999999999823        2.7805945101910139E-003   3.7460765034726604E-003   3.3010683294895498        3.8463929835153370        811.06709724768734        45.535172148699743     
   1.8649999999999822        2.5331698036455070E-003   2.8787374297405887E-003   3.6111787356496623        4.0999940638162098        937.47815650959012        45.073736656045767     
   1.8699999999999821        2.3019649571411325E-003   2.1264567968348872E-003   3.9599796000688015        4.3789470958392203        1089.9780269451187        44.441198094615174     
   1.8749999999999820        2.0870826195707208E-003   1.4838906854059840E-003   4.3536013672939022        4.6875048248215645        1273.9605004858458        43.654371259021453     
   1.8799999999999819        1.8887237920040983E-003   9.4548636744554008E-004   4.7994754778701596        5.0309844297430573        1492.2468889027250        42.714765103291384     
   1.8849999999999818        1.7072690860349235E-003   5.0552210410259666E-004   5.3066948341075921        5.4161357811148934        1740.8676511625465        41.537956699594851     
   1.8899999999999817        1.5434342394387449E-003   1.5817930532398915E-004   5.8864980938903013        5.8516782765738693        2020.3797178496022        39.932207370832991     
   1.8949999999999816        1.3985917751095126E-003  -1.0232314819346674E-004   6.5529267117948988        6.3491057130321158        2390.8690257476842        37.446018509910253     
   1.8999999999999815        1.2755111419073897E-003  -2.8146262382377092E-004   7.3237220586575944        6.9239331268506863        2963.4092366125697        32.690684789245083     
   1.9049999999999814        1.1803407601506460E-003  -3.8382516897646646E-004   8.2215480244997217        7.5977042316241317        3034.9269347512577        22.832342395063982     
