   0.0000000000000000        0.0000000000000000        0.0000000000000000        0.0000000000000000       0.42705771245304774        0.0000000000000000        0.0000000000000000     
   5.0000000000000001E-003   0.0000000000000000        0.0000000000000000        0.0000000000000000       0.42410618879323425        0.0000000000000000        0.0000000000000000     
   1.0000000000000000E-002   0.0000000000000000        0.0000000000000000        0.0000000000000000       0.42115831242803736        0.0000000000000000        0.0000000000000000     
   1.4999999999999999E-002   0.0000000000000000        0.0000000000000000        0.0000000000000000       0.41821408287420903        0.0000000000000000        0.0000000000000000     
   2.0000000000000000E-002   0.0000000000000000        0.0000000000000000        0.0000000000000000       0.41527349987463236        0.0000000000000000        0.0000000000000000     
   2.5000000000000001E-002   0.0000000000000000        0.0000000000000000        0.0000000000000000       0.41233656340036545        0.0000000000000000        0.0000000000000000     
   3.0000000000000002E-002   0.0000000000000000        0.0000000000000000        0.0000000000000000       0.40940327365287421        0.0000000000000000        0.0000000000000000     
   3.5000000000000003E-002   0.0000000000000000        0.0000000000000000        0.0000000000000000       0.40647363106648382        0.0000000000000000        0.0000000000000000     
   4.0000000000000001E-002   2.7241172719451863E-023   3.7112006785217360E-021   0.0000000000000000       0.40354763631105439        0.0000000000000000        0.0000000000000000     
   4.4999999999999998E-002   7.3662901550988606E-023   9.9459195374734474E-021   0.0000000000000000       0.40062529029489857        0.0000000000000000        0.0000000000000000     
   4.9999999999999996E-002   1.1713520027797839E-022   1.6532615685952052E-020   0.0000000000000000       0.39770659416796100        0.0000000000000000        0.0000000000000000     
   5.4999999999999993E-002  -7.1966477081777096E-022   2.3688649980706428E-020   0.0000000000000000       0.39479154932527033        0.0000000000000000        0.0000000000000000     
   5.9999999999999991E-002  -1.5725657490690684E-021   3.1650818774121063E-020   0.0000000000000000       0.39188015741069326        0.0000000000000000        0.0000000000000000     
   6.4999999999999988E-002  -2.4690029926319490E-021   4.0683135199961335E-020   0.0000000000000000       0.38897242032100532        0.0000000000000000        0.0000000000000000     
   6.9999999999999993E-002  -3.4375612319744188E-021   5.1085522503147444E-020   0.0000000000000000       0.38606834021030106        0.0000000000000000        0.0000000000000000     
   7.4999999999999997E-002  -4.5088775957523513E-021   6.3203703794134605E-020   0.0000000000000000       0.38316791949477125        0.0000000000000000        0.0000000000000000     
   8.0000000000000002E-002  -5.7166010761206110E-021   7.7440612199884727E-020   0.0000000000000000       0.38027116085787332        0.0000000000000000        0.0000000000000000     
   8.5000000000000006E-002  -7.0984382830659319E-021   9.4269695521602874E-020   0.0000000000000000       0.37737806725591638        0.0000000000000000        0.0000000000000000     
   9.0000000000000011E-002  -8.6973176418842407E-021   1.1425055183744605E-019   0.0000000000000000       0.37448864192410281        0.0000000000000000        0.0000000000000000     
   9.5000000000000015E-002  -1.0562707570261340E-020   1.3804740904399433E-019   0.0000000000000000       0.37160288838304983        0.0000000000000000        0.0000000000000000     
  0.10000000000000002       -1.2752128625598143E-020   1.6645105461194241E-019   0.0000000000000000       0.36872081044582738        0.0000000000000000        0.0000000000000000     
  0.10500000000000002       -1.5332905265177412E-020   2.0040493488039981E-019   0.0000000000000000       0.36584241222555269        0.0000000000000000        0.0000000000000000     
  0.11000000000000003       -1.8384209872867983E-020   2.4103627971167820E-019   0.0000000000000000       0.36296769814358171        0.0000000000000000        0.0000000000000000     
  0.11500000000000003       -2.1999460277478750E-020   2.8969327271552509E-019   0.0000000000000000       0.36009667293833414        0.0000000000000000        0.0000000000000000     
  0.12000000000000004       -2.6289142366332514E-020   3.4798948487361633E-019   0.0000000000000000       0.35722934167480769        0.0000000000000000        0.0000000000000000     
  0.12500000000000003       -3.1384141882316279E-020   4.1785702667239312E-019   0.0000000000000000       0.35436570975482068        0.0000000000000000        0.0000000000000000     
  0.13000000000000003       -3.7439684443618651E-020   5.0161015848902038E-019   0.0000000000000000       0.35150578292804324        0.0000000000000000        0.0000000000000000     
  0.13500000000000004       -4.4640000673742995E-020   6.0202144020899802E-019   0.0000000000000000       0.34864956730387137        0.0000000000000000        0.0000000000000000     
  0.14000000000000004       -5.3203854589540150E-020   7.2241290995123041E-019   0.0000000000000000       0.34579706936419796        0.0000000000000000        0.0000000000000000     
  0.14500000000000005       -6.3391098678990125E-020   8.6676527158994325E-019   0.0000000000000000       0.34294829597715265        0.0000000000000000        0.0000000000000000     
  0.15000000000000005       -7.5510449135393789E-020   1.0398486573639702E-018   0.0000000000000000       0.34010325441187511        0.0000000000000000        0.0000000000000000     
  0.15500000000000005       -8.9928710363046863E-020   1.2473792342410217E-018   0.0000000000000000       0.33726195235438994        0.0000000000000000        0.0000000000000000     
  0.16000000000000006       -1.0708172015335028E-019   1.4962067635924967E-018   0.0000000000000000       0.33442439792466716        5.9634282832382031E-025   2.7746545496392712E-024
  0.16500000000000006       -1.2748733706050593E-019   1.7945392303261627E-018   0.0000000000000000       0.33159059969494548        5.8956684688178542E-024   2.7363671284621786E-023
  0.17000000000000007       -1.5176085091469636E-019   2.1522118624617240E-018   0.0000000000000000       0.32876056670940257        1.8019071340066553E-023   8.3470541055671924E-023
  0.17500000000000007       -1.8063326779318341E-019   2.5810093041433601E-018   0.0000000000000000       0.32593430850526905        4.0693971353624450E-023   1.8813101904992203E-022
  0.18000000000000008       -2.1497300413033487E-019   3.0950514308340317E-018   0.0000000000000000       0.32311183513547997        7.8857498996795467E-023   3.6373271425012934E-022
  0.18500000000000008       -2.5581162335532942E-019   3.7112553606170193E-018   0.0000000000000000       0.32029315719296220        1.3900563617478198E-022   6.3947920117996339E-022
  0.19000000000000009       -3.0437436530208052E-019   4.4498886867724389E-018   0.0000000000000000       0.31747828583667231        2.2964748424940687E-022   1.0532848759961187E-021
  0.19500000000000009       -3.6211635694812048E-019   5.3352319137666559E-018   0.0000000000000000       0.31466723281949316        3.6205888742066418E-022   1.6549721869905949E-021
  0.20000000000000009       -4.3076555671576842E-019   6.3963716167746624E-018   0.0000000000000000       0.31186001051810441        5.5075947069478741E-022   2.5080952211319490E-021
  0.20500000000000010       -5.1237367822668555E-019   7.6681500778045363E-018   0.0000000000000000       0.30905663196495997        8.1464545061352227E-022   3.6946713639618151E-021
  0.21000000000000010       -6.0937656848823513E-019   9.1923022156599781E-018   0.0000000000000000       0.30625711088249308        1.1780031082451287E-021   5.3192034194111702E-021
  0.21500000000000011       -7.2466578644101395E-019   1.1018816685286168E-017   0.0000000000000000       0.30346146171968641        1.6721855646569617E-021   7.5155754287855317E-021
  0.22000000000000011       -8.6167344820272239E-019   1.3207565269326766E-017   0.0000000000000000       0.30066969969115243        2.3371796925711477E-021   1.0453215818304586E-020
  0.22500000000000012       -1.0244727841629558E-018   1.5830253353850983E-017   0.0000000000000000       0.29788184081885810        3.2232704091498031E-021   1.4343630484055185E-020
  0.23000000000000012       -1.2178973008826455E-018   1.8972754649707101E-017   0.0000000000000000       0.29509790197665414        4.3880793076944831E-021   1.9427610929854835E-020
  0.23500000000000013       -1.4476819699933936E-018   2.2737905723695564E-017   0.0000000000000000       0.29231790093775645        5.9333121164555725E-021   2.6129738852755139E-020
  0.24000000000000013       -1.7206304916697090E-018   2.7248850737699137E-017   0.0000000000000000       0.28954185642533609        7.9392297818842918E-021   3.4781296719047883E-020
  0.24500000000000013       -2.0448134190822795E-018   3.2653044534829442E-017   0.0000000000000000       0.28676978816638415        1.0537657921532857E-020   4.5927634798334495E-020
  0.25000000000000011       -2.4298028029477598E-018   3.9127043428151255E-017   0.0000000000000000       0.28400171694900128        1.3860407234548579E-020   6.0114612097474145E-020
  0.25500000000000012       -2.8869500459147448E-018   4.6882238419351861E-017   0.0000000000000000       0.28123766468328754        1.8159046061955002E-020   7.8379954541185619E-020
  0.26000000000000012       -3.4297148734069823E-018   5.6171715914203515E-017   0.0000000000000000       0.27847765446598377        2.3596863778984522E-020   1.0140461286851467E-019
  0.26500000000000012       -4.0740547640344740E-018   6.7298467279747123E-017   0.0000000000000000       0.27572171064903017        3.0467723071758260E-020   1.3041420112405250E-019
  0.27000000000000013       -4.8388858780582484E-018   8.0625211965090703E-017   0.0000000000000000       0.27296985891219377        3.9112363615384689E-020   1.6684373435696646E-019
  0.27500000000000013       -5.7466285228861289E-018   9.6586150770289663E-017   0.0000000000000000       0.27022212633991910        4.9847996258833965E-020   2.1203121024386509E-019
  0.28000000000000014       -6.8238525545630710E-018   1.1570102785284617E-016   0.0000000000000000       0.26747854150254058        6.3188448984472951E-020   2.6818281089635783E-019
  0.28500000000000014       -8.1020408976839846E-018   1.3859195418907058E-016   0.0000000000000000       0.26473913454198827        7.9551266440205377E-020   3.3711973913736180E-019
  0.29000000000000015       -9.6184926483210803E-018   1.6600353382342746E-016   0.0000000000000000       0.26200393726210874        9.9800698344012605E-020   4.2255544803660399E-019
  0.29500000000000015       -1.1417391093871139E-017   1.9882694017000843E-016   0.0000000000000000       0.25927298322369347        1.2443173027945049E-019   5.2673023772227780E-019
  0.30000000000000016       -1.3551066544093412E-017   2.3812871625317726E-016   0.0000000000000000       0.25654630784430538        1.5439780042677421E-019   6.5382457951685253E-019
  0.30500000000000016       -1.6081489241143746E-017   2.8518522412406451E-016   0.0000000000000000       0.25382394850295020        1.9076591610880008E-019   8.0856264343195290E-019
  0.31000000000000016       -1.9082033946483143E-017   3.4152384958541965E-016   0.0000000000000000       0.25110594464962449        2.3468521333965876E-019   9.9600753261050404E-019
  0.31500000000000017       -2.2639565257468719E-017   4.0897228455693677E-016   0.0000000000000000       0.24839233791973095        2.8803546758877503E-019   1.2245699663708456E-018
  0.32000000000000017       -2.6856901483797514E-017   4.8971746779369948E-016   0.0000000000000000       0.24568317225331826        3.5236956620022125E-019   1.5010391977832520E-018
  0.32500000000000018       -3.1855725245439551E-017   5.8637607344623244E-016   0.0000000000000000       0.24297849401904728        4.2993126769621088E-019   1.8352571099860743E-018
  0.33000000000000018       -3.7780021111102761E-017   7.0207880593267841E-016   0.0000000000000000       0.24027835214275198        5.2380884544046818E-019   2.2412190965384445E-018
  0.33500000000000019       -4.4800134898060968E-017   8.4057120049958753E-016   0.0000000000000000       0.23758279824038914        6.3699076919325406E-019   2.7318077559178400E-018
  0.34000000000000019       -5.3117566073678915E-017   1.0063341556702126E-015   0.0000000000000000       0.23489188675511860        7.7358770655654131E-019   3.3252952526789982E-018
  0.34500000000000020       -6.2970624473221652E-017   1.2047280532304904E-015   0.0000000000000000       0.23220567509818324        9.3842933662468612E-019   4.0430460134461771E-018
  0.35000000000000020       -7.4641105789369069E-017   1.4421650734348079E-015   0.0000000000000000       0.22952422379317511        1.1374892154850042E-018   4.9114619140784116E-018
  0.35500000000000020       -8.8462167595037787E-017   1.7263152115565414E-015   0.0000000000000000       0.22684759662319995        1.3776624727562114E-018   5.9610579800842191E-018
  0.36000000000000021       -1.0482761973296229E-016   2.0663525752089153E-015   0.0000000000000000       0.22417586078035240        1.6676538168250864E-018   7.2303129928652945E-018
  0.36500000000000021       -1.2420288056189463E-016   2.4732498239854079E-015   0.0000000000000000       0.22150908701681968        2.0175859046635028E-018   8.7633936460766710E-018
  0.37000000000000022       -1.4713789474656223E-016   2.9601301444706864E-015   0.0000000000000000       0.21884734979683160        2.4401703078772715E-018   1.0618432563567976E-017
  0.37500000000000022       -1.7428236013403219E-016   3.5426879829573831E-015   0.0000000000000000       0.21619072744855550        2.9504567290297257E-018   1.2859586036706510E-017
  0.38000000000000023       -2.0640367207639672E-016   4.2396919430628752E-015   0.0000000000000000       0.21353930231493320        3.5664243469475531E-018   1.5566966742511076E-017
  0.38500000000000023       -2.4440806485958736E-016   5.0735858648496743E-015   0.0000000000000000       0.21089316090232774        4.3101934302213846E-018   1.8838308475381567E-017
  0.39000000000000024       -2.8936551345316636E-016   6.0712072183521989E-015   0.0000000000000000       0.20825239402573417        5.2077131462894280E-018   2.2787236585623902E-017
  0.39500000000000024       -3.4253905667142869E-016   7.2646456658604053E-015   0.0000000000000000       0.20561709694918684        6.2916677090240587E-018   2.7561729429427302E-017
  0.40000000000000024       -4.0541931743612733E-016   8.6922690911971427E-015   0.0000000000000000       0.20298736951987728        7.6002235325686455E-018   3.3326994477275067E-017
  0.40500000000000025       -4.7976512995249223E-016   1.0399949700501793E-014   0.0000000000000000       0.20036331629437548        9.1790608534894845E-018   4.0286346574227079E-017
  0.41000000000000025       -5.6765134050420550E-016   1.2442529134716647E-014   0.0000000000000000       0.19774504665525328        1.1084528446435288E-017   4.8689120789559602E-017
  0.41500000000000026       -6.7152503201652736E-016   1.4885569098369828E-014   0.0000000000000000       0.19513267491629363        1.3384581332429559E-017   5.8833442989763845E-017
  0.42000000000000026       -7.9427163691301510E-016   1.7807443040132028E-014   0.0000000000000000       0.19252632041439394        1.6159842683046577E-017   7.1082903689638541E-017
  0.42500000000000027       -9.3929265318288419E-016   2.1301835201740662E-014   0.0000000000000000       0.18992610758620379        1.9508658387056539E-017   8.5866058726002652E-017
  0.43000000000000027       -1.1105969708732358E-015   2.5480726221685390E-014   0.0000000000000000       0.18733216602748373        2.3548936051861017E-017   1.0370679357824203E-016
  0.43500000000000028       -1.3129081572370271E-015   3.0477959842374750E-014   0.0000000000000000       0.18474463053315460        2.8423397681904311E-017   1.2523693200490362E-016
  0.44000000000000028       -1.5517904463882225E-015   3.6453503606014836E-014   0.0000000000000000       0.18216364111601058        3.4303337917619112E-017   1.5121426503859913E-016
  0.44500000000000028       -1.8337966426380883E-015   4.3598538309732234E-014   0.0000000000000000       0.17958934300211291        4.1398132469048638E-017   1.8257056089939407E-016
  0.45000000000000029       -2.1666416862176551E-015   5.2141537109886463E-014   0.0000000000000000       0.17702188660095305        4.9955601030352305E-017   2.2039098399807581E-016
  0.45500000000000029       -2.5594062579254542E-015   6.2355526336405792E-014   0.0000000000000000       0.17446142744860071        6.0276656268518227E-017   2.6601917005419902E-016
  0.46000000000000030       -3.0227755293019289E-015   7.4566757275159835E-014   0.0000000000000000       0.17190812612220985        7.2720192226477288E-017   3.2104086453743694E-016
  0.46500000000000030       -3.5693190132207404E-015   8.9165062562320645E-014   0.0000000000000000       0.16936214812446951        8.7738419275236852E-017   3.8746070353608189E-016
  0.47000000000000031       -4.2138184546514968E-015   1.0661622379556397E-013   0.0000000000000000       0.16682366373684979        1.0583909365154942E-016   4.6751846168251570E-016
  0.47500000000000031       -4.9736518438182883E-015   1.2747674015558206E-013   0.0000000000000000       0.16429284784079889        1.2766491412031521E-016   5.6408199281893659E-016
  0.48000000000000032       -5.8692429580754982E-015   1.5241146321857119E-013   0.0000000000000000       0.16176987970641060        1.5399221290082445E-016   6.8057326056737690E-016
  0.48500000000000032       -6.9245873719881847E-015   1.8221465307539461E-013   0.0000000000000000       0.15925494274849553        1.8574555742077931E-016   8.2109770838647208E-016
  0.49000000000000032       -8.1678676485488323E-015   2.1783511815693139E-013   0.0000000000000000       0.15674822425043322        2.2399011011050260E-016   9.9036467451862655E-016
  0.49500000000000033       -9.6321724736793980E-015   2.6040622913652531E-013   0.0000000000000000       0.15424991505668745        2.7009879170472547E-016   1.1944742561600672E-015
  0.50000000000000033       -1.1356336861342152E-014   3.1128174991925660E-013   0.0000000000000000       0.15176020923538505        3.2570498500281144E-016   1.4406622837386844E-015
  0.50500000000000034       -1.3385923283140243E-014   3.7207861077692651E-013   0.0000000000000000       0.14927930371292203        3.9272445486426942E-016   1.7374274188038165E-015
  0.51000000000000034       -1.5774366715389255E-014   4.4472796580122037E-013   0.0000000000000000       0.14680739788311484        4.7354743087158899E-016   2.0953398391393112E-015
  0.51500000000000035       -1.8584310205694855E-014   5.3153613576171979E-013   0.0000000000000000       0.14434469319399926        5.7085505588833841E-016   2.5263353676774018E-015
  0.52000000000000035       -2.1889161704291253E-014   6.3525734619928638E-013   0.0000000000000000       0.14189139271593176        6.8824491296634964E-016   3.0463304212237129E-015
  0.52500000000000036       -2.5774907654161104E-014   7.5918053872495342E-013   0.0000000000000000       0.13944770069518914        8.2959161535780674E-016   3.6725303309368414E-015
  0.53000000000000036       -3.0342224267459778E-014   9.0723297242744453E-013   0.0000000000000000       0.13701382209775889        1.0000526405203229E-015   4.4278369540607620E-015
  0.53500000000000036       -3.5708933620887878E-014   1.0841038556003504E-012   0.0000000000000000       0.13458996214846369        1.2053105907209458E-015   5.3374341619370397E-015
  0.54000000000000037       -4.2012858774679167E-014   1.2953918718594469E-012   0.0000000000000000       0.13217632587093076        1.4527144665386942E-015   6.4339512145407908E-015
  0.54500000000000037       -4.9415140161718420E-014   1.5477812084069996E-012   0.0000000000000000       0.12977311763422056        1.7508688649082028E-015   7.7555277015996052E-015
  0.55000000000000038       -5.8104084615575323E-014   1.8492515806697921E-012   0.0000000000000000       0.12738054071212596        2.1098132189983297E-015   9.3468325709230035E-015
  0.55500000000000038       -6.8299628726176857E-014   2.2093288041418072E-012   0.0000000000000000       0.12499879686123760        2.5425516372807219E-015   1.1265476137875365E-014
  0.56000000000000039       -8.0258509851290424E-014   2.6393837235725065E-012   0.0000000000000000       0.12262808592386881        3.0636651326870113E-015   1.3576193582154453E-014
  0.56500000000000039       -9.4280251196096245E-014   3.1529888104598095E-012   0.0000000000000000       0.12026860546177251        3.6911450871845769E-015   1.6359143124015620E-014
  0.57000000000000040       -1.1071408202525925E-013   3.7663435283457520E-012   0.0000000000000000       0.11792055042633492        4.4473446189527100E-015   1.9713308314784282E-014
  0.57500000000000040       -1.2996693041053751E-013   4.4987816967164485E-012   0.0000000000000000       0.11558411287053892        5.3576130025597512E-015   2.3751376098346044E-014
  0.58000000000000040       -1.5251264404694551E-013   5.3733766239403452E-012   0.0000000000000000       0.11325948170749918        6.4553002330490892E-015   2.8621266418688179E-014
  0.58500000000000041       -1.7890261467607588E-013   6.4176628057333750E-012   0.0000000000000000       0.11094684251975662        7.7740821795746729E-015   3.4473576260828531E-014
  0.59000000000000041       -2.0977800358505282E-013   7.6644965911462371E-012   0.0000000000000000       0.10864637742282945        9.3650394072164370E-015   4.1534122355422780E-014
  0.59500000000000042       -2.4588378950422502E-013   9.1530825138580777E-012   0.0000000000000000       0.10635826498573195        1.1279122428095241E-014   5.0030153302396392E-014
  0.60000000000000042       -2.8808488593352855E-013   1.0930197104665748E-011   0.0000000000000000       0.10408268021033178        1.3584130195751547E-014   6.0262747488827433E-014
  0.60500000000000043       -3.3738460231757075E-013   1.3051648098854690E-011   0.0000000000000000       0.10181979457053911        1.6359608917524100E-014   7.2585650547239232E-014
  0.61000000000000043       -3.9494575225928553E-013   1.5584014217136465E-011   0.0000000000000000        9.9569776111410019E-002   1.9699676455799728E-014   8.7417505676100556E-014
  0.61500000000000044       -4.6211474163149670E-013   1.8606719354642340E-011   0.0000000000000000        9.7332789607350687E-002   2.3720993141475116E-014   1.0527706060281394E-013
  0.62000000000000044       -5.4044899929939843E-013   2.2214505325664018E-011   0.0000000000000000        9.5108996777730062E-002   2.8564827758277250E-014   1.2679259406624496E-013
  0.62500000000000044       -6.3174814218386472E-013   2.6520379600437538E-011   0.0000000000000000        9.2898556557371573E-002   3.4389797235570809E-014   1.5267133364103564E-013
  0.63000000000000045       -7.3808929315709723E-013   3.1659129113730948E-011   0.0000000000000000        9.0701625418626183E-002   4.1402628382118542E-014   1.8383025204859200E-013
  0.63500000000000045       -8.6186699283809923E-013   3.7791508676337699E-011   0.0000000000000000        8.8518357741039430E-002   4.9840695058351139E-014   2.2132959261653084E-013
  0.64000000000000046       -1.0058381621634444E-012   4.5109233320689383E-011   0.0000000000000000        8.6348906224025412E-002   5.9999956991035231E-014   2.6648349251987220E-013
  0.64500000000000046       -1.1731725782303009E-012   5.3840928707093657E-011   0.0000000000000000        8.4193422337471041E-002   7.2220857882779173E-014   3.2080982636014471E-013
  0.65000000000000047       -1.3675093168712710E-012   6.4259223280222622E-011   0.0000000000000000        8.2052056804815657E-002   8.6928208025266327E-014   3.8620051814033750E-013
  0.65500000000000047       -1.5930195859170578E-012   7.6689201120642412E-011   0.0000000000000000        7.9924960112885954E-002   1.0462639065523351E-013   4.6489522269799466E-013
  0.66000000000000048       -1.8544763156471996E-012   9.1518476489360306E-011   0.0000000000000000        7.7812283042623581E-002   1.2608473327808617E-013   5.6029167032761012E-013
  0.66500000000000048       -2.1573307779285696E-012   1.0920920123914106E-010   0.0000000000000000        7.5714177214805514E-002   1.5154592998860666E-013   6.7360391576152127E-013
  0.67000000000000048       -2.5077963607712573E-012   1.3031237615152125E-010   0.0000000000000000        7.3630795644937436E-002   1.8234869977217125E-013   8.1065057220285878E-013
  0.67500000000000049       -2.9129394149731840E-012   1.5548490875557087E-010   0.0000000000000000        7.1562293301671451E-002   2.1942453284779685E-013   9.7563280545073104E-013
  0.68000000000000049       -3.3807767945753239E-012   1.8550994557565970E-010   0.0000000000000000        6.9508827663365108E-002   2.6400200104862745E-013   1.1740330912806536E-012
  0.68500000000000050       -3.9203793083082395E-012   2.2132110877974861E-010   0.0000000000000000        6.7470559267734029E-002   3.1763394725614001E-013   1.4127704417558181E-012
  0.69000000000000050       -4.5419797540891450E-012   2.6403138914545264E-010   0.0000000000000000        6.5447652249960839E-002   3.8211830855441964E-013   1.6998810168444574E-012
  0.69500000000000051       -5.2570834841153070E-012   3.1496759307941957E-010   0.0000000000000000        6.3440274865062943E-002   4.5968647335029360E-013   2.0453062520627111E-012
  0.70000000000000051       -6.0785784957562251E-012   3.7571141586311255E-010   0.0000000000000000        6.1448599990821702E-002   5.5294267050531400E-013   2.4606710971703683E-012
  0.70500000000000052       -7.0208408029471382E-012   4.4814842206101908E-010   0.0000000000000000        5.9472805608073179E-002   6.6512415662259102E-013   2.9604460120245910E-012
  0.71000000000000052       -8.0998292391286106E-012   5.3452646397557019E-010   0.0000000000000000        5.7513075255684401E-002   8.0004766800413217E-013   3.5615918224893455E-012
  0.71500000000000052       -9.3331617829722298E-012   6.3752536841319164E-010   0.0000000000000000        5.5569598458050845E-002   9.6230979420605990E-013   4.2847237648011313E-012
  0.72000000000000053       -1.0740162867051900E-011   7.6034008075248944E-010   0.0000000000000000        5.3642571123454399E-002   1.1568930782158275E-012   5.1521344235166704E-012
  0.72500000000000053       -1.2341867784933734E-011   9.0677988529615780E-010   0.0000000000000000        5.1732195912096650E-002   1.3913334037651814E-012   6.1973395053776256E-012
  0.73000000000000054       -1.4160966078318554E-011   1.0813868364630360E-009   0.0000000000000000        4.9838682573076221E-002   1.6724695670732221E-012   7.4510391835582922E-012
  0.73500000000000054       -1.6221660446555061E-011   1.2895771537359587E-009   0.0000000000000000        4.7962248249987897E-002   2.0117729773864925E-012   8.9643909204631628E-012
  0.74000000000000055       -1.8549411009834899E-011   1.5378100750789663E-009   0.0000000000000000        4.6103117755200838E-002   2.4187388913251703E-012   1.0779919619871443E-011
  0.74500000000000055       -2.1170526347751964E-011   1.8337895535451278E-009   0.0000000000000000        4.4261523813199290E-002   2.9079950613042249E-012   1.2963127369406457E-011
  0.75000000000000056       -2.4111552225239942E-011   2.1867052497241067E-009   0.0000000000000000        4.2437707273661779E-002   3.4952446424064644E-012   1.5584290559454037E-011
  0.75500000000000056       -2.7398395816317351E-011   2.6075205541006295E-009   0.0000000000000000        4.0631917295192221E-002   4.2022675709954145E-012   1.8740351206781289E-011
  0.76000000000000056       -3.1055106940263834E-011   3.1093169108961053E-009   0.0000000000000000        3.8844411500822386E-002   5.0498725928750996E-012   2.2525814838555751E-011
  0.76500000000000057       -3.5102217598157618E-011   3.7077055594409933E-009   0.0000000000000000        3.7075456106555167E-002   6.0708824471606988E-012   2.7085317392729352E-011
  0.77000000000000057       -3.9554516040008042E-011   4.4213200213591383E-009   0.0000000000000000        3.5325326024342192E-002   7.2957389923606841E-012   3.2556945090224831E-011
  0.77500000000000058       -4.4418100605383126E-011   5.2724053143207357E-009   0.0000000000000000        3.3594304940965207E-002   8.7682824313038680E-012   3.9137092284002926E-011
  0.78000000000000058       -4.9686520323520263E-011   6.2875230521905794E-009   0.0000000000000000        3.1882685374340185E-002   1.0537062258644902E-011   4.7042487209189713E-011
  0.78500000000000059       -5.5335762099743315E-011   7.4983953997653974E-009   0.0000000000000000        3.0190768708778438E-002   1.2660766162643599E-011   5.6536668636642869E-011
  0.79000000000000059       -6.1317786266297385E-011   8.9429154100012015E-009   0.0000000000000000        2.8518865210731652E-002   1.5212563913885611E-011   6.7947102681450236E-011
  0.79500000000000060       -6.7552240919617622E-011   1.0666356727423882E-008   0.0000000000000000        2.6867294026510523E-002   1.8279867240186329E-011   8.1665315718689171E-011
  0.80000000000000060       -7.3915897864185124E-011   1.2722822164825278E-008   0.0000000000000000        2.5236383163420941E-002   2.1956828522914954E-011   9.8117062503479755E-011
  0.80500000000000060       -8.0229245567058005E-011   1.5176978454267089E-008   0.0000000000000000        2.3626469455685167E-002   2.6378319586677852E-011   1.1790402365920802E-010
  0.81000000000000061       -8.6239542965941477E-011   1.8106133777588851E-008   0.0000000000000000        2.2037898516443111E-002   3.1686284067577014E-011   1.4166334230189932E-010
  0.81500000000000061       -9.1599477015465448E-011   2.1602725778895830E-008   0.0000000000000000        2.0471024677030526E-002   3.8055999311111669E-011   1.7018429695095806E-010
  0.82000000000000062       -9.5840370137335177E-011   2.5777300985180960E-008   0.0000000000000000        1.8926210914637333E-002   4.5710882384185672E-011   2.0446777315422058E-010
  0.82500000000000062       -9.8338643553228157E-011   3.0762082303503380E-008   0.0000000000000000        1.7403828769342416E-002   5.4958625511311858E-011   2.4589835490601947E-010
  0.83000000000000063       -9.8273949499313358E-011   3.6715239985019222E-008   0.0000000000000000        1.5904258251419081E-002   6.5913926091332346E-011   2.9499176029581516E-010
  0.83500000000000063       -9.4577028269953225E-011   4.3826003688752800E-008   0.0000000000000000        1.4427887739693585E-002   7.9157001856168170E-011   3.5435401526632167E-010
  0.84000000000000064       -8.5864911286898082E-011   5.2320779675914453E-008   0.0000000000000000        1.2975113871638308E-002   9.5033891446843120E-011   4.2554652108435820E-010
  0.84500000000000064       -7.0360562479964110E-011   6.2470468462110663E-008   0.0000000000000000        1.1546341425771406E-002   1.1411007202386138E-010   5.1110378084616452E-010
  0.85000000000000064       -4.5793407329675554E-011   7.4599215319845985E-008   0.0000000000000000        1.0141983196836110E-002   1.3700603869274732E-010   6.1382485217023609E-010
  0.85500000000000065       -9.2764180071414406E-012   8.9094869874151454E-008   0.0000000000000000        8.7624598641343806E-003   1.6444213829498771E-010   7.3696674964272321E-010
  0.86000000000000065        4.2845524734507549E-011   1.0642148285816423E-007   0.0000000000000000        7.4081998532954775E-003   1.9738392231976900E-010   8.8484798512776406E-010
  0.86500000000000066        1.1518242168140602E-010   1.2713422927945514E-007   0.0000000000000000        6.0796391916716390E-003   2.3693243373463707E-010   1.0624476158919968E-009
  0.87000000000000066        2.1352891899932023E-010   1.5189721940962836E-007   0.0000000000000000        4.7772213574695781E-003   2.8434411819873535E-010   1.2754284603635717E-009
  0.87500000000000067        3.4514655431956314E-010   1.8150474403446361E-007   0.0000000000000000        3.5013971226481038E-003   3.4125214353540882E-010   1.5311571508407352E-009
  0.88000000000000067        5.1911003485728232E-010   2.1690660048661069E-007   0.0000000000000000        2.2526243895389375E-003   4.0947025818361834E-010   1.8378036036197137E-009
  0.88500000000000068        7.4673156578589883E-010   2.5923826368554192E-007   0.0000000000000000        1.0313680210812697E-003   4.9133665388206010E-010   2.2059298881568143E-009
  0.89000000000000068        1.0420802300322137E-009   3.0985680470757283E-007   0.0000000000000000        0.0000000000000000        5.8946369563052459E-010   2.6473224772344976E-009
  0.89500000000000068        1.4226170228756477E-009   3.7038362176682350E-007   0.0000000000000000        0.0000000000000000        7.0728374054174982E-010   3.1774692621075150E-009
  0.90000000000000069        1.9099704918166339E-009   4.4275523893489193E-007   0.0000000000000000        0.0000000000000000        8.4853160523161324E-010   3.8132445336166690E-009
  0.90500000000000069        2.5308831745862770E-009   5.2928365114764901E-007   0.0000000000000000        0.0000000000000000        1.0177544941369464E-009   4.5752527802548555E-009
  0.91000000000000070        3.3183653460080948E-009   6.3272795548701850E-007   0.0000000000000000        0.0000000000000000        1.2208954981578690E-009   5.4900760242566232E-009
  0.91500000000000070        4.3131001930945639E-009   7.5637931471012320E-007   0.0000000000000000        0.0000000000000000        1.4639781075529491E-009   6.5856701048100049E-009
  0.92000000000000071        5.5651536947415598E-009   9.0416165687695416E-007   0.0000000000000000        0.0000000000000000        1.7557863372028569E-009   7.9010435307327158E-009
  0.92500000000000071        7.1360534950628111E-009   1.0807509332324249E-006   0.0000000000000000        0.0000000000000000        2.1053434736719640E-009   9.4773790830875044E-009
  0.93000000000000071        9.1013142945949843E-009   1.2917162451340074E-006   0.0000000000000000        0.0000000000000000        2.5244128492170389E-009   1.1367916545170223E-008
  0.93500000000000072        1.1553503178397534E-008   1.5436867212686390E-006   0.0000000000000000        0.0000000000000000        3.0262448240365715E-009   1.3632716365971792E-008
  0.94000000000000072        1.4605957375096760E-008   1.8445486919967799E-006   0.0000000000000000        0.0000000000000000        3.6280127797260962E-009   1.6349555968879462E-008
  0.94500000000000073        1.8397289815241106E-008   2.2036784838298269E-006   0.0000000000000000        0.0000000000000000        4.3498087141858550E-009   1.9609593351529176E-008
  0.95000000000000073        2.3096845266770868E-008   2.6322170616683928E-006   0.0000000000000000        0.0000000000000000        5.2126594487402485E-009   2.3508436944904803E-008
  0.95500000000000074        2.8911302642880269E-008   3.1433938001781063E-006   0.0000000000000000        0.0000000000000000        6.2477175557721723E-009   2.8187020635515161E-008
  0.96000000000000074        3.6092658337935508E-008   3.7529078924629013E-006   0.0000000000000000        0.0000000000000000        7.4858679790759479E-009   3.3786457225068531E-008
  0.96500000000000075        4.4947872375050915E-008   4.4793773315994044E-006   0.0000000000000000        0.0000000000000000        8.9714186620635706E-009   4.0506989625767275E-008
  0.97000000000000075        5.5850515191885781E-008   5.3448670604385596E-006   0.0000000000000000        0.0000000000000000        1.0749446535715254E-008   4.8554302303318054E-008
  0.97500000000000075        6.9254819756778145E-008   6.3755098139650730E-006   0.0000000000000000        0.0000000000000000        1.2876366803296647E-008   5.8185183067096243E-008
  0.98000000000000076        8.5712623407028663E-008   7.6022354185112701E-006   0.0000000000000000        0.0000000000000000        1.5427483593564146E-008   6.9741651945887576E-008
  0.98500000000000076        1.0589377869911667E-007   9.0616269114617978E-006   0.0000000000000000        0.0000000000000000        1.8476613844032094E-008   8.3560413910635637E-008
  0.99000000000000077        1.3061072543055382E-007   1.0796924858928365E-005   0.0000000000000000        0.0000000000000000        2.2132987378652473E-008   1.0013833653164524E-007
  0.99500000000000077        1.6084805008044773E-007   1.2859204740093613E-005   0.0000000000000000        0.0000000000000000        2.6504693042588250E-008   1.1996931249258386E-007
   1.0000000000000007        1.9779801800975191E-007   1.5308756307020591E-005   0.0000000000000000        0.0000000000000000        3.1738152916539536E-008   1.4372094822688290E-007
   1.0050000000000006        2.4290325227240699E-007   1.8216698498603968E-005   0.0000000000000000        0.0000000000000000        3.8007487878225826E-008   1.7218431304233860E-007
   1.0100000000000005        2.9790795593288497E-007   2.1666868878217211E-005   0.0000000000000000        0.0000000000000000        4.5496037277441540E-008   2.0620294758092506E-007
   1.0150000000000003        3.6491933828148355E-007   2.5758032778723305E-005   0.0000000000000000        0.0000000000000000        5.4462815611638699E-008   2.4695143018318403E-007
   1.0200000000000002        4.4648121610211027E-007   3.0606464489746346E-005   0.0000000000000000        0.0000000000000000        6.5196136190476707E-008   2.9575952804531206E-007
   1.0250000000000001        5.4566212699693434E-007   3.6348961036380682E-005   0.0000000000000000        0.0000000000000000        7.8021655461853755E-008   3.5410672820826759E-007
   1.0300000000000000        6.6616072163021453E-007   4.3146358513771699E-005   0.0000000000000000        0.0000000000000000        9.3378307211500586E-008   4.2400279964198144E-007
   1.0349999999999999        8.1243170574946668E-007   5.1187631707708763E-005   0.0000000000000000        0.0000000000000000        1.1173511767867210E-007   5.0759197976753291E-007
   1.0399999999999998        9.8983619239960837E-007   6.0694670007146916E-005   0.0000000000000000        0.0000000000000000        1.3366837792001208E-007   6.0753479373014029E-007
   1.0449999999999997        1.2048210126598087E-006   7.1927836567970527E-005   0.0000000000000000        0.0000000000000000        1.5989476982787571E-007   7.2709132679324029E-007
   1.0499999999999996        1.4651323337062927E-006   8.5192433489896357E-005   0.0000000000000000        0.0000000000000000        1.9127068154030008E-007   8.7020247241442762E-007
   1.0549999999999995        1.7800698616511229E-006   1.0084621359028950E-004   0.0000000000000000        0.0000000000000000        2.2873214369031359E-007   1.0411664267953748E-006
   1.0599999999999994        2.1607889803708822E-006   1.1930809936022681E-004   0.0000000000000000        0.0000000000000000        2.7355935694828786E-007   1.2458330901672877E-006
   1.0649999999999993        2.6206594145354139E-006   1.4106829200890618E-004   0.0000000000000000        0.0000000000000000        3.2708251469387150E-007   1.4903706150613165E-006
   1.0699999999999992        3.1756904242450758E-006   1.6669997824573772E-004   0.0000000000000000        0.0000000000000000        3.9104981443344398E-007   1.7827671813763522E-006
   1.0749999999999991        3.8450341594327876E-006   1.9687286966184008E-004   0.0000000000000000        0.0000000000000000        4.6745490035397248E-007   2.1322110826297659E-006
   1.0799999999999990        4.6515806434629389E-006   2.3236883921780305E-004   0.0000000000000000        0.0000000000000000        5.5871967525963482E-007   2.5498949772477180E-006
   1.0849999999999989        5.6226599346997086E-006   2.7409995126834294E-004   0.0000000000000000        0.0000000000000000        6.6763714883323790E-007   3.0486183528441170E-006
   1.0899999999999987        6.7908693468271150E-006   3.2312921544234085E-004   0.0000000000000000        0.0000000000000000        7.9785398742860330E-007   3.6452232512958877E-006
   1.0949999999999986        8.1950462029802865E-006   3.8069443001901936E-004   0.0000000000000000        0.0000000000000000        9.5307533156284716E-007   4.3568551963403940E-006
   1.0999999999999985        9.8814094571186056E-006   4.4823551638689815E-004   0.0000000000000000        0.0000000000000000        1.1384817662113105E-006   5.2073951487610905E-006
   1.1049999999999984        1.1904896628958376E-005   5.2742578156992801E-004   0.0000000000000000        0.0000000000000000        1.3596897907135303E-006   6.2227288216523721E-006
   1.1099999999999983        1.4330725840482299E-005   6.2020757902729834E-004   0.0000000000000000        0.0000000000000000        1.6237338991225005E-006   7.4354494977935075E-006
   1.1149999999999982        1.7236216264791999E-005   7.2883286678859316E-004   0.0000000000000000        0.0000000000000000        1.9387365732070625E-006   8.8831201673855073E-006
   1.1199999999999981        2.0712903924640160E-005   8.5590918359570013E-004   0.0000000000000000        0.0000000000000000        2.3144205243893859E-006   1.0610780006429030E-005
   1.1249999999999980        2.4868993392830319E-005   1.0044515743927555E-003   0.0000000000000000        0.0000000000000000        2.7624123612185441E-006   1.2672282296551264E-005
   1.1299999999999979        2.9832189385413542E-005   1.1779409915876741E-003   0.0000000000000000        0.0000000000000000        3.2961947962289810E-006   1.5130224652295858E-005
   1.1349999999999978        3.5752955276258025E-005   1.3803896722803784E-003   0.0000000000000000        0.0000000000000000        3.9328083659876468E-006   1.8063662242126601E-005
   1.1399999999999977        4.2808247899653063E-005   1.6164139372119586E-003   0.0000000000000000        0.0000000000000000        4.6910789042649693E-006   2.1559880208986368E-005
   1.1449999999999976        5.1205779261287173E-005   1.8913147664069414E-003   0.0000000000000000        0.0000000000000000        5.5948481326827593E-006   2.5729935250653209E-005
   1.1499999999999975        6.1188855464090351E-005   2.2111663700310679E-003   0.0000000000000000        0.0000000000000000        6.6683790257850174E-006   3.0690094680812546E-005
   1.1549999999999974        7.3041840684014218E-005   2.5829127805064461E-003   0.0000000000000000        0.0000000000000000        7.9777305936699635E-006   3.6732074881740118E-005
   1.1599999999999973        8.7096288701873789E-005   3.0144722323484589E-003   0.0000000000000000        0.0000000000000000        9.4794850269797632E-006   4.3681093898849109E-005
   1.1649999999999971        1.0373777550762394E-004   3.5148487583305044E-003   0.0000000000000000        0.0000000000000000        1.1268089758095446E-005   5.1960907783168037E-005
   1.1699999999999970        1.2341345295671752E-004   4.0942500040324807E-003   0.0000000000000000        0.0000000000000000        1.3450429954180471E-005   6.2056360691838718E-005
   1.1749999999999969        1.4664032444518932E-004   4.7642097392325937E-003   0.0000000000000000        0.0000000000000000        1.6016604707478509E-005   7.3951421062799601E-005
   1.1799999999999968        1.7401421817264510E-004   5.5377129193681998E-003   0.0000000000000000        0.0000000000000000        1.9067688266555987E-005   8.8101049275983537E-005
   1.1849999999999967        2.0621940098840600E-004   6.4293204247912296E-003   0.0000000000000000        0.0000000000000000        2.2699751933106936E-005   1.0495602136465601E-004
   1.1899999999999966        2.4403873551833130E-004   7.4552897897166197E-003   0.0000000000000000        0.0000000000000000        2.7008745441928802E-005   1.2496886104699560E-004
   1.1949999999999965        2.8836423510969299E-004   8.6336873480646475E-003   0.0000000000000000        5.6380073356559666E-004   3.2129356366500142E-005   1.4876970332198335E-004
   1.1999999999999964        3.4020781557459248E-004   9.9844863058433462E-003   0.0000000000000000        2.0841574804681246E-003   3.8205603501303826E-005   1.7703543978448945E-004
   1.2049999999999963        4.0071198104270974E-004   1.1529644352566284E-002   0.0000000000000000        3.6587048108567277E-003   4.5408765373759565E-005   2.1057005507884113E-004
   1.2099999999999962        4.7116011576861863E-004   1.3293153619851079E-002   0.0000000000000000        5.2872928667666731E-003   5.3959127843786538E-005   2.5040963443275307E-004
   1.2149999999999961        5.5298598800612101E-004   1.5301055175520953E-002   0.0000000000000000        6.9697287073147256E-003   6.4094814584993412E-005   2.9767356005965895E-004
   1.2199999999999960        6.4778201090315063E-004   1.7581409915033971E-002   0.0000000000000000        8.7057746916010519E-003   7.6077710523788240E-005   3.5360801970805408E-004
   1.2249999999999959        7.5730575490886751E-004   2.0164217799153093E-002   0.0000000000000000        1.0495146844314530E-002   9.0298006679833941E-005   4.2003528691011315E-004
   1.2299999999999958        8.8348417360021171E-004   2.3081278009356197E-002   0.0000000000000000        1.2337513206031906E-002   1.0710397749279487E-004   4.9861205957770123E-004
   1.2349999999999957        1.0284149979037653E-003   2.6365983859998558E-002   0.0000000000000000        1.4232492170370009E-002   1.2696651259166264E-004   5.9157096839900880E-004
   1.2399999999999956        1.1943647800436430E-003   3.0053048297381285E-002   0.0000000000000000        1.6179650810330366E-002   1.5044404754301535E-004   7.0154665467761349E-004
   1.2449999999999954        1.3837631346794289E-003   3.4178158557755668E-002   0.0000000000000000        1.8178503196362390E-002   1.7816379372155545E-004   8.3151673990131299E-004
   1.2499999999999953        1.5991928347672290E-003   3.8777562003551369E-002   0.0000000000000000        2.0228508708864123E-002   2.1079884659969673E-004   9.8469547302930220E-004
   1.2549999999999952        1.8433755742459377E-003   4.3887589174724094E-002   0.0000000000000000        2.2329070348044665E-002   2.4938996117980890E-004   1.1659865039974353E-003
   1.2599999999999951        2.1191534045719197E-003   4.9544124446433323E-002   0.0000000000000000        2.4479533044278284E-002   2.9466569541137247E-004   1.3789349274823995E-003
   1.2649999999999950        2.4294660778091015E-003   5.5782039046929348E-002   0.0000000000000000        2.6679181972301104E-002   3.4807848508213639E-004   1.6303723791961009E-003
   1.2699999999999949        2.7773247703064847E-003   6.2634605157624035E-002   0.0000000000000000        2.8927240872823754E-002   4.1060467236745903E-004   1.9250693521778960E-003
   1.2749999999999948        3.1657828980722657E-003   7.0132912950997953E-002   0.0000000000000000        3.1222870385368730E-002   4.8432615895009531E-004   2.2728718095471317E-003
   1.2799999999999947        3.5979049448185553E-003   7.8305314297148265E-002   0.0000000000000000        3.3565166396379791E-002   5.7050697175434033E-004   2.6799653008134582E-003
   1.2849999999999946        4.0767343828054092E-003   8.7176917139489885E-002   0.0000000000000000        3.5953158406900311E-002   6.7121242172150128E-004   3.1562358433078570E-003
   1.2899999999999945        4.6052618541268485E-003   9.6769152995199267E-002   0.0000000000000000        3.8385807924373065E-002   7.8939099312271401E-004   3.7157466344087888E-003
   1.2949999999999944        5.1863947807715954E-003  0.10709943665252963        0.0000000000000000        4.0862006883375185E-002   9.2707465622405769E-004   4.3684403318774798E-003
   1.2999999999999943        5.8229294789354166E-003  0.11818093210058803        0.0000000000000000        4.3380576100373942E-002   1.0874141728420923E-003   5.1295950129590451E-003
   1.3049999999999942        6.5175266700673003E-003  0.13002243242482153        0.0000000000000000        4.5940263767865204E-002   1.2740251515871181E-003   6.0165319244993827E-003
   1.3099999999999941        7.2726910217659774E-003  0.14262835438174773        0.0000000000000000        4.8539743993537943E-002   1.4908052954012106E-003   7.0482689078336909E-003
   1.3149999999999940        8.0907550386994029E-003  0.15599884127086933        0.0000000000000000        5.1177615390400569E-002   1.7420675095132796E-003   8.2458641064347294E-003
   1.3199999999999938        8.9738672862496680E-003  0.17012996119991985        0.0000000000000000        5.3852399724095813E-002   2.0325302122994331E-003   9.6323187876595270E-003
   1.3249999999999937        9.9239845991964844E-003  0.18501398246394135        0.0000000000000000        5.6562540623936022E-002   2.3690992829376533E-003   1.1240942531549794E-002
   1.3299999999999936        1.0942867634586547E-002  0.20063970395299546        0.0000000000000000        5.9306402364489239E-002   2.7539573657356618E-003   1.3083925692542407E-002
   1.3349999999999935        1.2032078897027253E-002  0.21699281649789803        0.0000000000000000        6.2082268724862576E-002   3.1982816774808924E-003   1.5214487267024235E-002
   1.3399999999999934        1.3192982213223063E-002  0.23405627088267958        0.0000000000000000        6.4888341933134586E-002   3.7071352766429311E-003   1.7658785938872799E-002
   1.3449999999999933        1.4426742568691652E-002  0.25181062973401841        0.0000000000000000        6.7722741703709538E-002   4.2890328609621782E-003   2.0458410145778313E-002
   1.3499999999999932        1.5734325242130198E-002  0.27023438333585348        0.0000000000000000        7.0583504375676925E-002   4.9532439922677796E-003   2.3659714531081597E-002
   1.3549999999999931        1.7116493272753244E-002  0.28930421321980604        0.0000000000000000        7.3468582160582011E-002   5.7085421463507219E-003   2.7306155981709674E-002
   1.3599999999999930        1.8573802458118828E-002  0.30899519173123269        0.0000000000000000        7.6375842508327185E-002   6.5670270908662958E-003   3.1458836314581830E-002
   1.3649999999999929        2.0106593286079916E-002  0.32928091027504536        0.0000000000000000        7.9303067600240446E-002   7.5346298370017953E-003   3.6147550085392124E-002
   1.3699999999999928        2.1714979435175072E-002  0.35013353327855901        0.0000000000000000        8.2247953978661859E-002   8.6282584723672250E-003   4.1456948160723553E-002
   1.3749999999999927        2.3398832714742156E-002  0.37152377883055077        0.0000000000000000        8.5208112322703880E-002   9.8582446534526500E-003   4.7439094332567322E-002
   1.3799999999999926        2.5157764543680596E-002  0.39342083031873754        0.0000000000000000        8.8181067380150330E-002   1.1237773595642916E-002   5.4161650439806586E-002
   1.3849999999999925        2.6991104273021749E-002  0.41579218612920482        0.0000000000000000        9.1164258065751208E-002   1.2781432741059411E-002   6.1697419449046179E-002
   1.3899999999999924        2.8897874834022903E-002  0.43860345659654815        0.0000000000000000        9.4155037736459793E-002   1.4500454929844401E-002   7.0105630735892668E-002
   1.3949999999999922        3.0876766335754233E-002  0.46181811895657948        0.0000000000000000        9.7150674654437580E-002   1.6411872834780329E-002   7.9471806147103141E-002
   1.3999999999999921        3.2926108342604413E-002  0.48539724213545887        0.0000000000000000       0.10014835264891386        1.8535211029489643E-002   8.9893189471881449E-002
   1.4049999999999920        3.5043841633725967E-002  0.50929919389934830        0.0000000000000000       0.10314517198823876        2.0881563244273822E-002  0.10142825016325105     
   1.4099999999999919        3.7227490285845537E-002  0.53347934327015967        0.0000000000000000       0.10613815047370205        2.3438293570373137E-002  0.11402434711980890     
   1.4149999999999918        3.9474134931770717E-002  0.55788977125160144        0.0000000000000000       0.10912422476690244        2.6303979141632058E-002  0.12815259423366873     
   1.4199999999999917        4.1780388033512389E-002  0.58247900284896215        0.0000000000000000       0.11210025196264545        2.9415904777797087E-002  0.14351888064871740     
   1.4249999999999916        4.4142371975429556E-002  0.60719177312517003        0.0000000000000000       0.11506301141951264        3.2826230220254250E-002  0.16037685927116702     
   1.4299999999999915        4.6555700733145911E-002  0.63196883961125017        0.0000000000000000       0.11800920686038643        3.6541660006317908E-002  0.17876162764062992     
   1.4349999999999914        4.9015465811731579E-002  0.65674685276071487        0.0000000000000000       0.12093546875532429        4.0587706310478137E-002  0.19879453131181923     
   1.4399999999999913        5.1516227074797472E-002  0.68145829527206125        0.0000000000000000       0.12383835699924788        4.4977001357384645E-002  0.22053502665394423     
   1.4449999999999912        5.4052009007211327E-002  0.70603149996567094        0.0000000000000000       0.12671436389695473        4.9760871154491217E-002  0.24422886359883861     
   1.4499999999999911        5.6616302870134236E-002  0.73039075445965207        0.0000000000000000       0.12955991746795401        5.4892036896601611E-002  0.26964066473140186     
   1.4549999999999910        5.9202075119566322E-002  0.75445649912455248        0.0000000000000000       0.13237138508358143        6.0448869268017402E-002  0.29713814630353769     
   1.4599999999999909        6.1801782369808378E-002  0.77814562270955145        0.0000000000000000       0.13514507744875273        6.6430144976472247E-002  0.32670232783480119     
   1.4649999999999908        6.4407393092166726E-002  0.80137185764771768        0.0000000000000000       0.13787725294056746        7.2894187653231815E-002  0.35859513665793502     
   1.4699999999999906        6.7010416147556803E-002  0.82404627441653411        0.0000000000000000       0.14056412231576618        7.9840565405644756E-002  0.39279311898128066     
   1.4749999999999905        6.9601936160030436E-002  0.84607787153141800        0.0000000000000000       0.14320185379878395        8.7304878968663527E-002  0.42943776678024909     
   1.4799999999999904        7.2172655647117154E-002  0.86737425488681152        0.0000000000000000       0.14578657856180574        9.5282340108289343E-002  0.46846531825454474     
   1.4849999999999903        7.4712943732706025E-002  0.88784239735262960        0.0000000000000000       0.14831439660782894       0.10384617685065535       0.51018369551477538     
   1.4899999999999902        7.7212891179375312E-002  0.90738946691300548        0.0000000000000000       0.15078138306726402       0.11298178014998657       0.55447834121417283     
   1.4949999999999901        7.9662371390054193E-002  0.92592370932875789        0.0000000000000000       0.15318359491804132       0.12277150138638811       0.60165698887003882     
   1.4999999999999900        8.2051106944083269E-002  0.94335536943173126        0.0000000000000000       0.15551707813855745       0.13335193281727020       0.65233501267490857     
   1.5049999999999899        8.4368741150623358E-002  0.95959763381317709        0.0000000000000000       0.15777787530205420       0.14458172165993016       0.70571732359250072     
   1.5099999999999898        8.6604914023467441E-002  0.97456757691402296        0.0000000000000000       0.15996203362020414       0.15657564711973487       0.76226338502743385     
   1.5149999999999897        8.8749342006224960E-002  0.98818709238993163        0.0000000000000000       0.16206561344274190       0.16939958745824027       0.82217325688010734     
   1.5199999999999896        9.0791900706243198E-002   1.0003837920981413        0.0000000000000000       0.16408469721895499       0.18310502237849777       0.88555991518737964     
   1.5249999999999895        9.2722709830216868E-002   1.0110918560882649        0.0000000000000000       0.16601539892569422       0.19773639148686928       0.95249249925257851     
   1.5299999999999894        9.4532219455036245E-002   1.0202528184962414        0.0000000000000000       0.16785387396531853       0.21336073822900409        1.0231312277134825     
   1.5349999999999893        9.6211296714892938E-002   1.0278162761357756        0.0000000000000000       0.16959632953559303       0.22996345233652124        1.0972193955288232     
   1.5399999999999892        9.7751311940942151E-002   1.0337405087370368        0.0000000000000000       0.17123903547206820       0.24781280824410110        1.1758230237985068     
   1.5449999999999890        9.9144223253895963E-002   1.0379930020764092        0.0000000000000000       0.17277833556182501       0.26681107091198858        1.2582813050286998     
   1.5499999999999889       0.10038265858382427        1.0405508675576334        0.0000000000000000       0.17421065932570345       0.28706742818553588        1.3448693431171841     
   1.5549999999999888       0.10145999407619269        1.0414011540422021        0.0000000000000000       0.17553253426422666       0.30868154512465884        1.4358022031974074     
   1.5599999999999887       0.10237042783983920        1.0405410498041174        0.0000000000000000       0.17674059856037944       0.33176040080357011        1.5313184569856664     
   1.5649999999999886       0.10310904800215234        1.0379779743435107        0.0000000000000000       0.17783161423021171       0.35628181076258436        1.6309255183214100     
   1.5699999999999885       0.10367189406012557        1.0337295614027764        0.0000000000000000       0.17880248070989030       0.38245421563403259        1.7354355887449970     
   1.5749999999999884       0.10405601055405019        1.0278235358784693        0.0000000000000000       0.17965024886533726       0.41032564176598074        1.8446369103200830     
   1.5799999999999883       0.10425949214406055        1.0202974884231508        0.0000000000000000       0.18037213540794791       0.43995880339452414        1.9584725937455061     
   1.5849999999999882       0.10428151923907761        1.0111985524102316        0.0000000000000000       0.18096553769709339       0.47156982421296423        2.0775826542023763     
   1.5899999999999881       0.10412238341318922        1.0005829886286099        0.0000000000000000       0.18142804890716879       0.50514998524798127        2.2015524671091748     
   1.5949999999999880       0.10378350194617206       0.98851568362491038        0.0000000000000000       0.18175747353386004       0.54083554086365049        2.3305229083237147     
   1.5999999999999879       0.10326742094241198       0.97506956806232303        0.0000000000000000       0.18195184321106628       0.57877498792199944        2.4647534771297201     
   1.6049999999999878       0.10257780661527881       0.96032496185619021        0.0000000000000000       0.18200943280654000       0.61900363939097647        2.6039630166138115     
   1.6099999999999877       0.10171942447104437       0.94436885321073905        0.0000000000000000       0.18192877676079289       0.66178199428398321        2.7487080860444588     
   1.6149999999999876       0.10069810628628900       0.92729411904390979        0.0000000000000000       0.18170868563018164       0.70715276363059298        2.8987772456233127     
   1.6199999999999875        9.9520704943589694E-002  0.90919869466359093        0.0000000000000000       0.18134826279132357       0.75530988923589493        3.0543315427943920     
   1.6249999999999873        9.8195037369871396E-002  0.89018470095500957        0.0000000000000000       0.18084692126013263       0.80634549691228175        3.2153388619083851     
   1.6299999999999872        9.6729816007476058E-002  0.87035753775264479        0.0000000000000000       0.18020440057480289       0.86037732891026186        3.3815958962281667     
   1.6349999999999871        9.5134569436677821E-002  0.84982495249007506        0.0000000000000000       0.17942078368802997       0.91767122631217057        3.5535895172917673     
   1.6399999999999870        9.3419552956663890E-002  0.82869609363042862        0.0000000000000000       0.17849651380966142       0.97832257514195886        3.7309925444229268     
   1.6449999999999869        9.1595650116139488E-002  0.80708055875637597        0.0000000000000000       0.17743241113682967        1.0425949712022820        3.9142164145908245     
   1.6499999999999868        8.9674266360767488E-002  0.78508744751671955        0.0000000000000000       0.17622968940446412        1.1105310024844059        4.1028064872568049     
   1.6549999999999867        8.7667216128454531E-002  0.76282442985981425        0.0000000000000000       0.17488997218493280        1.1826446031262365        4.2980819026567083     
   1.6599999999999866        8.5586604870865057E-002  0.74039684010593287        0.0000000000000000       0.17341530886146403        1.2583717679218922        4.4955246394791102     
   1.6649999999999865        8.3444707606303820E-002  0.71790680739638957        0.0000000000000000       0.17180819019596086        1.3391280331161179        4.7025015544956279     
   1.6699999999999864        8.1253845711290337E-002  0.69545243288534830        0.0000000000000000       0.17007156340790189        1.4248433631924924        4.9156869192351351     
   1.6749999999999863        7.9026263732006552E-002  0.67312702369290867        0.0000000000000000       0.16820884667724939        1.5151315772474157        5.1333287993394840     
   1.6799999999999862        7.6774008039083810E-002  0.65101839310330334        0.0000000000000000       0.16622394298071327        1.6106249593282920        5.3568421723357345     
   1.6849999999999861        7.4508809157161390E-002  0.62920823576323903        0.0000000000000000       0.16412125316737686        1.7116507903435989        5.5864036039788569     
   1.6899999999999860        7.2241969572246753E-002  0.60777158571243217        0.0000000000000000       0.16190568817666368        1.8184307194845599        5.8217038621357196     
   1.6949999999999859        6.9984258753904377E-002  0.58677636396795574        0.0000000000000000       0.15958268029893347        1.9313615157767847        6.0630358422242816     
   1.6999999999999857        6.7745817025351873E-002  0.56628302109930051        0.0000000000000000       0.15715819337672443        2.0506933229873603        6.3101919140233287     
   1.7049999999999856        6.5536069773311015E-002  0.54634427879203329        0.0000000000000000       0.15463873184287055        2.1768799306779103        6.5637963752115454     
   1.7099999999999855        6.3363653312646831E-002  0.52700497283057013        0.0000000000000000       0.15203134849047584        2.3101980134797575        6.8230117655863083     
   1.7149999999999854        6.1236353511219761E-002  0.50830199826656097        0.0000000000000000       0.14934365086910928        2.4511410978018575        7.0886889165318765     
   1.7199999999999853        5.9161058041829216E-002  0.49026435581505073        0.0000000000000000       0.14658380620166270        2.5996989809652851        7.3595317546462091     
   1.7249999999999852        5.7143722865529926E-002  0.47291329677617383        0.0000000000000000       0.14376054471717620        2.7566951633653756        7.6368664327047213     
   1.7299999999999851        5.5189353269775879E-002  0.45626256205829552        0.0000000000000000       0.14088316129666600        2.9221917679229716        7.9195009680864628     
   1.7349999999999850        5.3301999492460089E-002  0.44031870922348720        0.0000000000000000       0.13796151533167206        3.0973012626065879        8.2094752013416521     
   1.7399999999999849        5.1484766666244783E-002  0.42508151993171289        0.0000000000000000       0.13500602869897921        3.2818596975224392        8.5047615021436584     
   1.7449999999999848        4.9739838524404549E-002  0.41054447876864508        0.0000000000000000       0.13202768175983418        3.4764682663356297        8.8060289401993632     
   1.7499999999999847        4.8068514027690107E-002  0.39669531324276242        0.0000000000000000       0.12903800729809217        3.6815801011600744        9.1129010287074497     
   1.7549999999999846        4.6471255809411971E-002  0.38351658376508452        0.0000000000000000       0.12604908231916184        3.8978505790170290        9.4256152494090610     
   1.7599999999999845        4.4947749100662522E-002  0.37098631170828494        0.0000000000000000       0.12307351764048437        4.1262497434073619        9.7451904926173789     
   1.7649999999999844        4.3496969596375945E-002  0.35907863320294364        0.0000000000000000       0.12012444521466363        4.3663492877512224        10.068695123301600     
   1.7699999999999843        4.2117258561918239E-002  0.34776446618077678        0.0000000000000000       0.11721550313835973        4.6198237029059452        10.399150334421240     
   1.7749999999999841        4.0806403364138620E-002  0.33701217832291186        0.0000000000000000       0.11436081831374759        4.8867062572331283        10.734690733314835     
   1.7799999999999840        3.9561721543952003E-002  0.32678824401122891        0.0000000000000000       0.11157498674481292        5.1681054049109720        11.075898223583227     
   1.7849999999999839        3.8380146531677442E-002  0.31705787909885003        0.0000000000000000       0.10887305146807806        5.4643326467946283        11.422558404350305     
   1.7899999999999838        3.7258313141958099E-002  0.30778564328946884        0.0000000000000000       0.10627047813658889        5.7773393041295815        11.775539168348793     
   1.7949999999999837        3.6192641070798698E-002  0.29893600111332258        0.0000000000000000       0.10378312829719734        6.1068494912732509        12.133438762660930     
   1.7999999999999836        3.5179414750006015E-002  0.29047383387193337        0.0000000000000000       0.10142723042439228        6.4541409678117931        12.496704054459535     
   1.8049999999999835        3.4214858089332556E-002  0.28236489644990975        0.0000000000000000        9.9219348799170520E-002   6.8203906970820984        12.865659246499332     
   1.8099999999999834        3.3295202847613059E-002  0.27457621451125219        0.0000000000000000        9.7176350348719395E-002   7.2067406499061040        13.240207718452920     
   1.8149999999999833        3.2416749613561516E-002  0.26707641925850556        0.0000000000000000        9.5315369591971982E-002   7.6139721464322836        13.619563025712747     
   1.8199999999999832        3.1575920636031735E-002  0.25983601858356337        0.0000000000000000        9.3653771867357391E-002   8.0434378186039766        14.003855048077233     
   1.8249999999999831        3.0769304013172415E-002  0.25282760502847784        0.0000000000000000        9.2209115052236321E-002   8.4996355424069474        14.398021203567025     
   1.8299999999999830        2.9993689020455110E-002  0.24602600245596390        0.0000000000000000        9.0999110018470539E-002   8.9772648650391247        14.791549271899415     
   1.8349999999999829        2.9246092619569664E-002  0.23940835466039775        0.0000000000000000        9.0041580105208185E-002   9.4820726711339418        15.191086935826490     
   1.8399999999999828        2.8523777434766494E-002  0.23295416029588403        0.0000000000000000        8.9354419928088472E-002   10.016969244040826        15.598307470766050     
   1.8449999999999827        2.7824261702365495E-002  0.22664525943132241        0.0000000000000000        8.8955553883485847E-002   10.581706060519281        16.009901196420081     
   1.8499999999999825        2.7145321886137344E-002  0.22046577774547640        0.0000000000000000        8.8862894746860585E-002   11.178799776274568        16.426806399417391     
   1.8549999999999824        2.6484988800914929E-002  0.21440203483946366        0.0000000000000000        8.9094302805486997E-002   11.810454884351612        16.849259537675550     
   1.8599999999999823        2.5841538195700956E-002  0.20844242337107063        0.0000000000000000        8.9667546007442908E-002   12.478555830414727        17.276552439617621     
   1.8649999999999822        2.5213476814194443E-002  0.20257726571534743        0.0000000000000000        9.0600261650399597E-002   13.186765052116520        17.709844412460615     
   1.8699999999999821        2.4599524975421918E-002  0.19679865464776974        0.0000000000000000        9.1909920175030246E-002   13.936619191667729        18.148607522497855     
   1.8749999999999820        2.3998596702248604E-002  0.19110028415572408        0.0000000000000000        9.3613791668297808E-002   14.730392108389779        18.590962923053965     
   1.8799999999999819        2.3409778374791836E-002  0.18547727594256100        0.0000000000000000        9.5728915721001853E-002   15.574066080257367        19.041836618463446     
   1.8849999999999818        2.2832306804385374E-002  0.17992600653102070        0.0000000000000000        9.8272075321240646E-002   16.468648791715971        19.497245201960869     
   1.8899999999999817        2.2265547518018149E-002  0.17444393913647804        0.0000000000000000       0.10125977550033112        17.418510414858819        19.957937285403883     
   1.8949999999999816        2.1708973920014963E-002  0.16902946370206104        0.0000000000000000       0.10470822747968436        18.427900636758451        20.424700732339446     
   1.8999999999999815        2.1162147864325354E-002  0.16368174770238386        0.0000000000000000       0.10863333909560624        19.501217885124010        20.897222550833039     
   1.9049999999999814        2.0624702034180046E-002  0.15840059956213015        0.0000000000000000       0.11305071230345753        20.643004516031940        21.374979468809229     
   1.9099999999999813        2.0096324392576768E-002  0.15318634582709856        0.0000000000000000       0.11797564858259071        21.858805915414507        21.858630920256633     
   1.9149999999999812        1.9576744842753204E-002  0.14803972259001391        0.0000000000000000       0.12342316307856249        23.155367767389293        22.349613917676137     
   1.9199999999999811        1.9065724127083884E-002  0.14296178112689470        0.0000000000000000       0.12940800832900082        24.537860840253753        22.846496197395382     
   1.9249999999999809        1.8563044899043452E-002  0.13795380725109213        0.0000000000000000       0.13594470842400180        26.013680794425781        23.349236039702454     
   1.9299999999999808        1.8068504828032614E-002  0.13301725354458896        0.0000000000000000       0.14304760445105583        27.590744990109517        23.858337957327411     
   1.9349999999999807        1.7581911541691492E-002  0.12815368337744298        0.0000000000000000       0.15073091206849318        29.277884781458951        24.374708202575789     
   1.9399999999999806        1.7103079174354743E-002  0.12336472546972642        0.0000000000000000       0.15900879204081705        31.084067589705100        24.897494243586166     
   1.9449999999999805        1.6631826272063027E-002  0.11865203767561544        0.0000000000000000       0.16789543455491798        33.019202005465232        25.426619983564581     
   1.9499999999999804        1.6167974801749193E-002  0.11401727866375483        0.0000000000000000       0.17740515811935587        35.095888677256703        25.963949485012556     
   1.9549999999999803        1.5711350022083681E-002  0.10946208621772331        0.0000000000000000       0.18755252383144147        37.326174198752312        26.507623247122336     
   1.9599999999999802        1.5261780992910610E-002  0.10498806097109656        0.0000000000000000       0.19835246578112503        39.723963227269529        27.060078641669076     
   1.9649999999999801        1.4819101526156475E-002  0.10059675450972111        0.0000000000000000       0.20982043834984435        42.306009749862874        27.618302404146363     
   1.9699999999999800        1.4383151410656375E-002   9.6289660907138849E-002   0.0000000000000000       0.22197258116035043        45.088295333325462        28.184477343126709     
   1.9749999999999799        1.3953777773989115E-002   9.2068210897286520E-002   0.0000000000000000       0.23482590244498985        48.091020578572817        28.758327485534377     
   1.9799999999999798        1.3530836474091886E-002   8.7933768023392894E-002   0.0000000000000000       0.24839848163087719        51.336114048553263        29.340493171058654     
   1.9849999999999797        1.3114193440619379E-002   8.3887626227372364E-002   0.0000000000000000       0.26270969199798339        54.847779706467612        29.930936944464587     
   1.9899999999999796        1.2703725909725440E-002   7.9931008455975991E-002   0.0000000000000000       0.27778044435897842        58.652525271664437        30.528720724393722     
   1.9949999999999795        1.2299323515684793E-002   7.6065065956434877E-002   0.0000000000000000       0.29363345284782394        62.781928013976881        31.136081292583029     
   1.9999999999999793        1.1900889218452440E-002   7.2290878014702756E-002   0.0000000000000000       0.31029352409970790        67.269614360458476        31.750790800681113     
   2.0049999999999795        1.1508340058112396E-002   6.8609451954298586E-002   0.0000000000000000       0.32778787137205978        72.154639937564895        32.373398539724576     
   2.0099999999999794        1.1121607735652260E-002   6.5021723264508502E-002   0.0000000000000000       0.34614645551177120        77.480640224795692        33.005373829822112     
   2.0149999999999793        1.0740639025192259E-002   6.1528555765269992E-002   0.0000000000000000       0.36540235513697966        83.296416211927706        33.645269986452853     
   2.0199999999999791        1.0365396026303198E-002   5.8130741744393845E-002   0.0000000000000000       0.38559216899583354        89.659918804902574        34.292360365628795     
   2.0249999999999790        9.9958562669645729E-003   5.4829002023018082E-002   0.0000000000000000       0.40675645421697526        96.634038775817245        34.947731378601631     
   2.0299999999999789        9.6320126685428744E-003   5.1623985919119292E-002   0.0000000000000000       0.42894020510936082        104.29071501244886        35.610244208991261     
   2.0349999999999788        9.2738733843501040E-003   4.8516271088206976E-002   0.0000000000000000       0.45219337834144535        112.71487631189244        36.280731171850825     
   2.0399999999999787        8.9214615231790906E-003   4.5506363226278060E-002   0.0000000000000000       0.47657147177885795        121.99953374835833        36.956826112095087     
   2.0449999999999786        8.5748147689488907E-003   4.2594695623772084E-002   0.0000000000000000       0.50213616604296718        132.25572199812660        37.640287262158466     
   2.0499999999999785        8.2339849073785176E-003   3.9781628561417544E-002   0.0000000000000000       0.52895604004181929        143.60817236987469        38.329239602335797     
   2.0549999999999784        7.8990372705392831E-003   3.7067448540056905E-002   0.0000000000000000       0.55710737440932245        156.20467860320610        39.023134233344393     
   2.0599999999999783        7.5700501102806727E-003   3.4452367337188143E-002   0.0000000000000000       0.58667506008229442        170.21002341726353        39.721037606247869     
   2.0649999999999782        7.2471139119251017E-003   3.1936520883321488E-002   0.0000000000000000       0.61775363329480981        185.82635347604892        40.420930375748711     
   2.0699999999999781        6.9303306603413356E-003   2.9519967951551630E-002   0.0000000000000000       0.65044846326630046        203.27777537493563        41.122703743813751     
   2.0749999999999780        6.6198130715934772E-003   2.7202688654089993E-002   0.0000000000000000       0.68487712505564746        222.83517933405801        41.824274748086545     
   2.0799999999999779        6.3156838049368679E-003   2.4984582740069036E-002   0.0000000000000000       0.72117099778329552        244.80692798521218        42.523938891693824     
   2.0849999999999778        6.0180746721418847E-003   2.2865467689830169E-002   0.0000000000000000       0.75947713813658990        269.56966397458223        43.219035132620739     
   2.0899999999999777        5.7271258642140619E-003   2.0845076602328965E-002   0.0000000000000000       0.79996049138005831        297.55835350321598        43.907608982624161     
   2.0949999999999775        5.4429852198848465E-003   1.8923055874476888E-002   0.0000000000000000       0.84280651782486837        329.29696286744212        44.586071661533765     
   2.0999999999999774        5.1658075662970272E-003   1.7098962674514405E-002   0.0000000000000000       0.88822433301863013        365.39460328393778        45.251220111252849     
   2.1049999999999773        4.8957541708741581E-003   1.5372262216376501E-002   0.0000000000000000       0.93645048639415418        406.61067831855956        45.898123587538649     
   2.1099999999999772        4.6329923556219180E-003   1.3742324849170621E-002   0.0000000000000000       0.98775353800378385        453.82229473831330        46.521112571882874     
   2.1149999999999771        4.3776953428797862E-003   1.2208422986417630E-002   0.0000000000000000        1.0424396394384519        508.09460930856619        47.114706896879198     
   2.1199999999999770        4.1300424276650444E-003   1.0769727915189632E-002   0.0000000000000000        1.1008593876352142        570.71952458294413        47.670187157148938     
   2.1249999999999769        3.8902196107896453E-003   9.4253065481898317E-003   0.0000000000000000        1.1634163056045437        643.27955511340269        48.175863349692406     
   2.1299999999999768        3.6584208863342806E-003   8.1741182159547239E-003   0.0000000000000000        1.2305774218411261        727.59914439765396        48.620378045579663     
   2.1349999999999767        3.4348504693245967E-003   7.0150116478014477E-003   0.0000000000000000        1.3028865847426732        826.04631097924619        48.983452670513934     
   2.1399999999999766        3.2197263960696406E-003   5.9467223687273236E-003   0.0000000000000000        1.3809813815846268        941.33051816270313        49.247005776353404     
   2.1449999999999765        3.0132861687115122E-003   4.9678708616322075E-003   0.0000000000000000        1.4656148671085252        1076.6541090612307        49.383353305014253     
   2.1499999999999764        2.8157955169632793E-003   4.0769620380972631E-003   0.0000000000000000        1.5576837973512931        1236.6886036318572        49.360237440139947     
   2.1549999999999763        2.6275620467646468E-003   3.2723868764146678E-003   0.0000000000000000        1.6582657945308776        1425.5564892937471        49.182217095358368     
   2.1599999999999762        2.4489568018087817E-003   2.5524276143253193E-003   0.0000000000000000        1.7686689772214461        1651.0551096643635        48.768984327214461     
   2.1649999999999761        2.2804491307716630E-003   1.9152688021251969E-003   0.0000000000000000        1.8904993096812581        1920.6377662432985        48.143699723883536     
   2.1699999999999759        2.1226649485184389E-003   1.3590181850595049E-003   0.0000000000000000        2.0257536576747452        2246.7393264572556        47.321617838207246     
   2.1749999999999758        1.9764883831054928E-003   8.8174455402679813E-004   0.0000000000000000        2.1769510031802008        2643.6400350754488        46.181607625250464     
   2.1799999999999757        1.8432492973436639E-003   4.8154613262190273E-004   0.0000000000000000        2.3473217916609888        3120.2082121592725        44.598895047793945     
   2.1849999999999756        1.7250951998178292E-003   1.5667715287193888E-004   0.0000000000000000        2.5410885062231738        3646.3304302085457        42.200806130484921     
   2.1899999999999755        1.6258029976002916E-003  -9.4205673642411896E-005   0.0000000000000000        2.7638943902312811        4176.3315196369003        38.318738475404679     
   2.1949999999999754        1.5528004352170011E-003  -2.7152120013357485E-004   0.0000000000000000        3.0234825785122763        5011.8176770042273        32.102151640737411     
