   0.0000000000000000       -0.0000000000000000        0.0000000000000000        0.0000000000000000       0.43407133966499278        0.0000000000000000        0.0000000000000000     
   5.0000000000000001E-003  -0.0000000000000000        0.0000000000000000        0.0000000000000000       0.43178181060768567        0.0000000000000000        0.0000000000000000     
   1.0000000000000000E-002  -0.0000000000000000        0.0000000000000000        0.0000000000000000       0.42949434053910479        0.0000000000000000        0.0000000000000000     
   1.4999999999999999E-002  -0.0000000000000000        0.0000000000000000        0.0000000000000000       0.42720892910385450        0.0000000000000000        0.0000000000000000     
   2.0000000000000000E-002  -0.0000000000000000        0.0000000000000000        0.0000000000000000       0.42492557603702341        0.0000000000000000        0.0000000000000000     
   2.5000000000000001E-002   0.0000000000000000        0.0000000000000000        0.0000000000000000       0.42264428116419783        0.0000000000000000        0.0000000000000000     
   3.0000000000000002E-002   0.0000000000000000        0.0000000000000000        0.0000000000000000       0.42036504440148725        0.0000000000000000        0.0000000000000000     
   3.5000000000000003E-002   0.0000000000000000        0.0000000000000000        0.0000000000000000       0.41808786575556717        0.0000000000000000        0.0000000000000000     
   4.0000000000000001E-002   9.1969573939205032E-029   5.0067823223084835E-025   0.0000000000000000       0.41581274532373202        0.0000000000000000        0.0000000000000000     
   4.4999999999999998E-002   3.2852020938584689E-028   1.3407395407614766E-024   0.0000000000000000       0.41353968329396285        0.0000000000000000        0.0000000000000000     
   4.9999999999999996E-002  -3.0807244946485069E-028   2.2256356903809629E-024   0.0000000000000000       0.41126867994501332        0.0000000000000000        0.0000000000000000     
   5.4999999999999993E-002  -1.3771878680385557E-025   3.1830008839283206E-024   0.0000000000000000       0.40899973564650427        0.0000000000000000        0.0000000000000000     
   5.9999999999999991E-002  -2.7856184354864644E-025   4.2428151282063382E-024   0.0000000000000000       0.40673285085904021        0.0000000000000000        0.0000000000000000     
   6.4999999999999988E-002  -4.2715127062688909E-025   5.4383393488750791E-024   0.0000000000000000       0.40446802613433519        0.0000000000000000        0.0000000000000000     
   6.9999999999999993E-002  -5.8801220752540114E-025   6.8071550894282693E-024   0.0000000000000000       0.40220526211536062        0.0000000000000000        0.0000000000000000     
   7.4999999999999997E-002  -7.6601795631157364E-025   8.3923411764972791E-024   0.0000000000000000       0.39994455953650559        0.0000000000000000        0.0000000000000000     
   8.0000000000000002E-002  -9.6653677289374506E-025   1.0243824058408272E-023   0.0000000000000000       0.39768591922375673        0.0000000000000000        0.0000000000000000     
   8.5000000000000006E-002  -1.1955927955925653E-024   1.2419943989878802E-023   0.0000000000000000       0.39542934209489433        0.0000000000000000        0.0000000000000000     
   9.0000000000000011E-002  -1.4600459071863951E-024   1.4989286014404772E-023   0.0000000000000000       0.39317482915970853        0.0000000000000000        0.0000000000000000     
   9.5000000000000015E-002  -1.7677958677842780E-024   1.8032832999414285E-023   0.0000000000000000       0.39092238152023268        0.0000000000000000        0.0000000000000000     
  0.10000000000000002       -2.1280167544882087E-024   2.1646508067133376E-023   0.0000000000000000       0.38867200037099925        0.0000000000000000        0.0000000000000000     
  0.10500000000000002       -2.5514286197417140E-024   2.5944185951312685E-023   0.0000000000000000       0.38642368699931234        0.0000000000000000        0.0000000000000000     
  0.11000000000000003       -3.0506143586270348E-024   3.1061267476630488E-023   0.0000000000000000       0.38417744278554711        0.0000000000000000        0.0000000000000000     
  0.11500000000000003       -3.6403910871299060E-024   3.7158928960967942E-023   0.0000000000000000       0.38193326920346532        0.0000000000000000        0.0000000000000000     
  0.12000000000000004       -4.3382469163026701E-024   4.4429179429425120E-023   0.0000000000000000       0.37969116782056139        0.0000000000000000        0.0000000000000000     
  0.12500000000000003       -5.1648559069005982E-024   5.3100883759627455E-023   0.0000000000000000       0.37745114029842419        0.0000000000000000        0.0000000000000000     
  0.13000000000000003       -6.1446862601935655E-024   6.3446940036177310E-023   0.0000000000000000       0.37521318839313528        0.0000000000000000        0.0000000000000000     
  0.13500000000000004       -7.3067195086972769E-024   7.5792835416674065E-023   0.0000000000000000       0.37297731395568295        0.0000000000000000        0.0000000000000000     
  0.14000000000000004       -8.6853016935832097E-024   9.0526847823296891E-023   0.0000000000000000       0.37074351893241347        0.0000000000000000        0.0000000000000000     
  0.14500000000000005       -1.0321151346307085E-023   1.0811221211045900E-022   0.0000000000000000       0.36851180536550471        0.0000000000000000        0.0000000000000000     
  0.15000000000000005       -1.2262553640883938E-023   1.2910163061680059E-022   0.0000000000000000       0.36628217539347874        0.0000000000000000        0.0000000000000000     
  0.15500000000000005       -1.4566775481107687E-023   1.5415458109291516E-022   0.0000000000000000       0.36405463125173959        0.0000000000000000        0.0000000000000000     
  0.16000000000000006       -1.7301742689124757E-023   1.8405796217614638E-022   0.0000000000000000       0.36182917527315039        1.3253079636913105E-028   5.2984875191116140E-028
  0.16500000000000006       -2.0548028052117616E-023   2.1975072056917767E-022   0.0000000000000000       0.35960580988864715        1.3103367094470347E-027   5.2298768818800249E-027
  0.17000000000000007       -2.4401207980498531E-023   2.6235322809953963E-022   0.0000000000000000       0.35738453762788808        4.0099206198405662E-027   1.5979860124469073E-026
  0.17500000000000007       -2.8974656192129658E-023   3.1320232474434321E-022   0.0000000000000000       0.35516536111994740        9.0718554140974750E-027   3.6085220261940251E-026
  0.18000000000000008       -3.4402855468546434E-023   3.7389312008983571E-022   0.0000000000000000       0.35294828309405130        1.7614356087745434E-026   6.9903889191512988E-026
  0.18500000000000008       -4.0845323492947779E-023   4.4632885603324217E-022   0.0000000000000000       0.35073330638035904        3.1114696041892382E-026   1.2313624254644768E-025
  0.19000000000000009       -4.8491266504431886E-023   5.3278038435189656E-022   0.0000000000000000       0.34852043391079301        5.1515037801738465E-026   2.0319889224057489E-025
  0.19500000000000009       -5.7565095495976519E-023   6.3595711184180506E-022   0.0000000000000000       0.34630966871992469        8.1395437731745446E-026   3.1984613144408325E-025
  0.20000000000000009       -6.8332964545096682E-023   7.5909162234008155E-022   0.0000000000000000       0.34410101394590753        1.2409091975062438E-025   4.8554630557435758E-025
  0.20500000000000010       -8.1110520306746751E-023   9.0604061015074532E-022   0.0000000000000000       0.34189447283147822        1.8395268450830265E-025   7.1640068654480152E-025
  0.21000000000000010       -9.6272086558183319E-023   1.0814052663701481E-021   0.0000000000000000       0.33969004872501152        2.6659002241509177E-025   1.0329470569702610E-024
  0.21500000000000011       -1.1426154895993519E-022   1.2906748640689234E-021   0.0000000000000000       0.33748774508164975        3.7926028735809771E-025   1.4615051978919417E-024
  0.22000000000000011       -1.3560525406238259E-022   1.5403980089587653E-021   0.0000000000000000       0.33528756546449601        5.3124469095268677E-025   2.0354092934594891E-024
  0.22500000000000012       -1.6092729443557594E-022   1.8383868813775687E-021   0.0000000000000000       0.33308951354588762        7.3424296327753115E-025   2.7962910297254050E-024
  0.23000000000000012       -1.9096762027732168E-022   2.1939608197684268E-021   0.0000000000000000       0.33089359310874872        1.0016009020995073E-024   3.7912069351770721E-024
  0.23500000000000013       -2.2660349890864462E-022   2.6182368170274456E-021   0.0000000000000000       0.32869980804802962        1.3572921866955074E-024   5.1047256480319944E-024
  0.24000000000000013       -2.6887493949950196E-022   3.1244759569359207E-021   0.0000000000000000       0.32650816237223668        1.8198204887198888E-024   6.8009583176109158E-024
  0.24500000000000013       -3.1901481390454255E-022   3.7284965534391208E-021   0.0000000000000000       0.32431866020506267        2.4200972426129980E-024   8.9875576083901480E-024
  0.25000000000000011       -3.7848453884992204E-022   4.4491668244617759E-021   0.0000000000000000       0.32213130578712046        3.1885117215910596E-024   1.1770247550236993E-023
  0.25500000000000012       -4.4901634370440759E-022   5.3089923982568172E-021   0.0000000000000000       0.31994610347779157        4.1848374780141456E-024   1.5356647160827778E-023
  0.26000000000000012       -5.3266333619502149E-022   6.3348168902237811E-021   0.0000000000000000       0.31776305775719099        5.4458882099603902E-024   1.9875716114497904E-023
  0.26500000000000012       -6.3185880101009872E-022   7.5586572925895455E-021   0.0000000000000000       0.31558217322826521        7.0399423406344477E-024   2.5567471340830016E-023
  0.27000000000000013       -7.4948642956288254E-022   9.0187000966165787E-021   0.0000000000000000       0.31340345461902436        9.0450570522591216E-024   3.2709674629110944E-023
  0.27500000000000013       -8.8896349070373360E-022   1.0760489046167003E-020   0.0000000000000000       0.31122690678492554        1.1534054216316811E-023   4.1562324866199968E-023
  0.28000000000000014       -1.0543393206567238E-021   1.2838341356308183E-020   0.0000000000000000       0.30905253471141014        1.4622264353419232E-023   5.2546583231546240E-023
  0.28500000000000014       -1.2504119463037602E-021   1.5317036304455450E-020   0.0000000000000000       0.30688034351661403        1.8399830647549389E-023   6.5999442764475202E-023
  0.29000000000000015       -1.4828661714221008E-021   1.8273828532761814E-020   0.0000000000000000       0.30471033845425732        2.3066947765778220E-023   8.2654257982980895E-023
  0.29500000000000015       -1.7584370650988436E-021   2.1800848449251736E-020   0.0000000000000000       0.30254252491672745        2.8721120732906075E-023   1.0289721539540779E-022
  0.30000000000000016       -2.0851035124354202E-021   2.6007964091724538E-020   0.0000000000000000       0.30037690843837284        3.5572333682789010E-023   1.2751989056798437E-022
  0.30500000000000016       -2.4723173400577509E-021   3.1026193092173416E-020   0.0000000000000000       0.29821349469901881        4.3849208701159810E-023   1.5739596442626661E-022
  0.31000000000000016       -2.9312745367746292E-021   3.7011770390637451E-020   0.0000000000000000       0.29605228952772150        5.3790577950380138E-023   1.9343202257814468E-022
  0.31500000000000017       -3.4752362812177085E-021   4.4150997620585062E-020   0.0000000000000000       0.29389329890677834        6.5814400892011051E-023   2.3724870999266531E-022
  0.32000000000000017       -4.1199088968125367E-021   5.2666024248151356E-020   0.0000000000000000       0.29173652897601549        8.0229387648078088E-023   2.9000260242142074E-022
  0.32500000000000018       -4.8838935193497474E-021   6.2821739339346186E-020   0.0000000000000000       0.28958198603736574        9.7506891643033554E-023   3.5346893800359203E-022
  0.33000000000000018       -5.7892182302726958E-021   7.4933987140004035E-020   0.0000000000000000       0.28742967655976526        1.1831712187102847E-022   4.3029698210424527E-022
  0.33500000000000019       -6.8619677344739212E-021   8.9379360539661027E-020   0.0000000000000000       0.28527960718438578        1.4325953531546226E-022   5.2267816526691494E-022
  0.34000000000000019       -8.1330284097355254E-021   1.0660687521176967E-019   0.0000000000000000       0.28313178473023076        1.7319736060635267E-022   6.3392982440757853E-022
  0.34500000000000020       -9.6389698024788814E-021   1.2715188527927697E-019   0.0000000000000000       0.28098621620011766        2.0912834690696452E-022   7.6785466080703705E-022
  0.35000000000000020       -1.1423087481534861E-020   1.5165267053290604E-019   0.0000000000000000       0.27884290878707796        2.5228158384924119E-022   9.2913046049784560E-022
  0.35500000000000020       -1.3536636694808127E-020   1.8087020765945529E-019   0.0000000000000000       0.27670186988119788        3.0406991612529606E-022   1.1231466433716047E-021
  0.36000000000000021       -1.6040291628773495E-020   2.1571173615401099E-019   0.0000000000000000       0.27456310707694132        3.6626733112068691E-022   1.3566539776192564E-021
  0.36500000000000021       -1.9005871396151052E-020   2.5725884661521155E-019   0.0000000000000000       0.27242662818097696        4.4091770871605181E-022   1.6372655935231677E-021
  0.37000000000000022       -2.2518381347949498E-020   3.0680095855447444E-019   0.0000000000000000       0.27029244122055435        5.3061066976603420E-022   1.9754079709707069E-021
  0.37500000000000022       -2.6678427128937572E-020   3.6587522097529421E-019   0.0000000000000000       0.26816055445246151        6.3831824139048424E-022   2.3818532480391196E-021
  0.38000000000000023       -3.1605069314161683E-020   4.3631406690328918E-019   0.0000000000000000       0.26603097637260842        7.6763928939265606E-022   2.8705012671309229E-021
  0.38500000000000023       -3.7439198765667961E-020   5.2030188885303602E-019   0.0000000000000000       0.26390371572627497        9.2299457669122606E-022   3.4580960329990436E-021
  0.39000000000000024       -4.4347527372123529E-020   6.2044258314750985E-019   0.0000000000000000       0.26177878151907485        1.1095116871402537E-021   4.1638157859204153E-021
  0.39500000000000024       -5.2527305978889453E-020   7.3984004568890485E-019   0.0000000000000000       0.25965618302867716        1.3336531875526034E-021   5.0133298443379443E-021
  0.40000000000000024       -6.2211901553590889E-020   8.8219410048966546E-019   0.0000000000000000       0.25753592981734352        1.6028726229288925E-021   6.0339284656566211E-021
  0.40500000000000025       -7.3677389517362820E-020   1.0519148172501450E-018   0.0000000000000000       0.25541803174532896        1.9260970279625426E-021   7.2599946489866917E-021
  0.41000000000000025       -8.7250345359395362E-020   1.2542587400888123E-018   0.0000000000000000       0.25330249898521168        2.3142564779770147E-021   8.7331676798959023E-021
  0.41500000000000026       -1.0331705291319171E-019   1.4954912235521427E-018   0.0000000000000000       0.25118934203720367        2.7805019435206854E-021   1.0502747908211178E-020
  0.42000000000000026       -1.2233438591614971E-019   1.7830798749247988E-018   0.0000000000000000       0.24907857174551234        3.3403331967469241E-021   1.2629846269295181E-020
  0.42500000000000027       -1.4484266576999335E-019   2.1259250582495017E-018   0.0000000000000000       0.24697019931582012        4.0125775525842872E-021   1.5184090549639802E-020
  0.43000000000000027       -1.7148085302986276E-019   2.5346345546612126E-018   0.0000000000000000       0.24486423633395010        4.8197333626519097E-021   1.8251769563334324E-020
  0.43500000000000028       -2.0300449455964346E-019   3.0218508305616198E-018   0.0000000000000000       0.24276069478579215        5.7888757751539475E-021   2.1935932349847903E-020
  0.44000000000000028       -2.4030692425005021E-019   3.6026409813703745E-018   0.0000000000000000       0.24065958707857291        6.9523852213880904E-021   2.6359701819119760E-020
  0.44500000000000028       -2.8444430476383657E-019   4.2949613436046056E-018   0.0000000000000000       0.23856092606354279        8.3494251879088174E-021   3.1672946827148889E-020
  0.45000000000000029       -3.3666520337412330E-019   5.1202110607894942E-018   0.0000000000000000       0.23646472506017049        1.0026870814067433E-020   3.8051775815359541E-020
  0.45500000000000029       -3.9844551945195490E-019   6.1038916193890026E-018   0.0000000000000000       0.23437099788193166        1.2040400140971965E-020   4.5710010269081538E-020
  0.46000000000000030       -4.7152972789701441E-019   7.2763926231285677E-018   0.0000000000000000       0.23227975886378194        1.4456821004235310E-020   5.4901036300892806E-020
  0.46500000000000030       -5.5797957574429426E-019   8.6739279472616471E-018   0.0000000000000000       0.23019102289140819        1.7359412269615313E-020   6.5941691138539254E-020
  0.47000000000000031       -6.6023157296971018E-019   1.0339651026983975E-017   0.0000000000000000       0.22810480543236164        2.0842038433648745E-020   7.9186322472894079E-020
  0.47500000000000031       -7.8116485863085459E-019   1.2324983527350465E-017   0.0000000000000000       0.22602112256915935        2.5022151464876260E-020   9.5087744030068648E-020
  0.48000000000000032       -9.2418130634864258E-019   1.4691198183641252E-017   0.0000000000000000       0.22393999103447093        3.0041260214901942E-020   1.1417767858342750E-019
  0.48500000000000032       -1.0933000663282438E-018   1.7511304391047446E-017   0.0000000000000000       0.22186142824848193        3.6067272427793489E-020   1.3709651746909014E-019
  0.49000000000000032       -1.2932691335280720E-018   2.0872294398796520E-017   0.0000000000000000       0.21978545235854444        4.3293408662637350E-020   1.6457633837151399E-019
  0.49500000000000033       -1.5296969936696315E-018   2.4877819009739148E-017   0.0000000000000000       0.21771208228121997        5.1966754195484291E-020   1.9755854260271895E-019
  0.50000000000000033       -1.8092079428261930E-018   2.9651374839222669E-017   0.0000000000000000       0.21564133774681463        6.2379452569663558E-020   2.3715078698453102E-019
  0.50500000000000034       -2.1396253167735852E-018   3.5340100848256171E-017   0.0000000000000000       0.21357323934651384        7.4873948500878146E-020   2.8465457666940012E-019
  0.51000000000000034       -2.5301876200913041E-018   4.2119300513423807E-017   0.0000000000000000       0.21150780858221574        8.9876783227401754E-020   3.4168366317013637E-019
  0.51500000000000035       -2.9918034320893932E-018   5.0197828198579106E-017   0.0000000000000000       0.20944506791916079        1.0786200437940935E-019   4.1004655298118237E-019
  0.52000000000000035       -3.5373520103949770E-018   5.9824504728101309E-017   0.0000000000000000       0.20738504084144815        1.2946423019043667E-019   4.9214199880753146E-019
  0.52500000000000036       -4.1820377409291652E-018   7.1295758634358742E-017   0.0000000000000000       0.20532775191052735        1.5536367029345199E-019   5.9055229018902502E-019
  0.53000000000000036       -4.9438080272657529E-018   8.4964727022179890E-017   0.0000000000000000       0.20327322682673873        1.8646398086653221E-019   7.0871605498296773E-019
  0.53500000000000036       -5.8438459108171973E-018   1.0125209460211066E-016   0.0000000000000000       0.20122149249397225        2.2375696144792129E-019   8.5038172469441362E-019
  0.54000000000000037       -6.9071507103114174E-018   1.2065900255085639E-016   0.0000000000000000       0.19917257708749764        2.6851494852331376E-019   1.0203762959519314E-018
  0.54500000000000037       -8.1632223166495222E-018   1.4378242207836526E-016   0.0000000000000000       0.19712651012500432        3.2223356149778592E-019   1.2243616660559335E-018
  0.55000000000000038       -9.6468675384960720E-018   1.7133346284089661E-016   0.0000000000000000       0.19508332254087515        3.8663755255549317E-019   1.4688937586227854E-018
  0.55500000000000038       -1.1399150136390934E-017   2.0415917592802045E-016   0.0000000000000000       0.19304304676369186        4.6395834750621605E-019   1.7623998495305967E-018
  0.56000000000000039       -1.3468509992624066E-017   2.4326851779405390E-016   0.0000000000000000       0.19100571679695208        5.5669129914155057E-019   2.1143345331669920E-018
  0.56500000000000039       -1.5912081338822300E-017   2.8986326844323319E-016   0.0000000000000000       0.18897136830294795        6.6790620129957529E-019   2.5363695202637814E-018
  0.57000000000000040       -1.8797245218206308E-017   3.4537484827198076E-016   0.0000000000000000       0.18694003868972364        8.0138544449484044E-019   3.0427664918819009E-018
  0.57500000000000040       -2.2203457529532005E-017   4.1150815781163944E-016   0.0000000000000000       0.18491176720100033        9.6143055672116087E-019   3.6498266345996614E-018
  0.58000000000000040       -2.6224401242544100E-017   4.9029377866435232E-016   0.0000000000000000       0.18288659500891302        1.1536370848913845E-018   4.3786622016942758E-018
  0.58500000000000041       -3.0970519874891664E-017   5.8415012868212041E-016   0.0000000000000000       0.18086456530936632        1.3836910969446229E-018   5.2509955902216626E-018
  0.59000000000000041       -3.6571999293839999E-017   6.9595746763844463E-016   0.0000000000000000       0.17884572341976207        1.6600961577874906E-018   6.2987183497133845E-018
  0.59500000000000042       -4.3182276605206646E-017   8.2914601048260844E-016   0.0000000000000000       0.17683011687881245        1.9913760951436350E-018   7.5542385386732725E-018
  0.60000000000000042       -5.0982168611998198E-017   9.8780083469410621E-016   0.0000000000000000       0.17481779554808166        2.3887620477310464E-018   9.0599384174617049E-018
  0.60500000000000043       -6.0184728411188664E-017   1.1767867792893538E-015   0.0000000000000000       0.17280881171485676        2.8654283491829961E-018   1.0865606610043895E-017
  0.61000000000000043       -7.1040957551937250E-017   1.4018971411649295E-015   0.0000000000000000       0.17080322019586733        3.4368923462870560E-018   1.3029902327294577E-017
  0.61500000000000044       -8.3846523272913103E-017   1.6700306981140203E-015   0.0000000000000000       0.16880107844132533        4.1223436862960651E-018   1.5625286337937896E-017
  0.62000000000000044       -9.8949656219688955E-017   1.9894024489478997E-015   0.0000000000000000       0.16680244663866622        4.9448499536989034E-018   1.8738797412018859E-017
  0.62500000000000044       -1.1676043435622735E-016   2.3697944857535820E-015   0.0000000000000000       0.16480738781531845        5.9303406553695644E-018   2.2468644128471047E-017
  0.63000000000000045       -1.3776169427492884E-016   2.8228546324405815E-015   0.0000000000000000       0.16281596793973985        7.1124817709874724E-018   2.6941346430694874E-017
  0.63500000000000045       -1.6252185264923236E-016   3.3624519342428384E-015   0.0000000000000000       0.16082825601989098        8.5296683919209308E-018   3.2302413770013339E-017
  0.64000000000000046       -1.9170996917644454E-016   4.0050998086189069E-015   0.0000000000000000       0.15884432419823688        1.0229704802325841E-017   3.8731574302848516E-017
  0.64500000000000046       -2.2611343920972202E-016   4.7704597211923947E-015   0.0000000000000000       0.15686424784229555        1.2267519688580701E-017   4.6436383461890273E-017
  0.65000000000000047       -2.6665877075290019E-016   5.6819406930336538E-015   0.0000000000000000       0.15488810562968081        1.4711151800363810E-017   5.5673256923891312E-017
  0.65500000000000047       -3.1443597819320143E-016   6.7674128514791642E-015   0.0000000000000000       0.15291597962651562        1.7641580156131989E-017   6.6746333631811399E-017
  0.66000000000000048       -3.7072721593629173E-016   8.0600566935388396E-015   0.0000000000000000       0.15094795535804192        2.1181435249838168E-017   8.0112678922841404E-017
  0.66500000000000048       -4.3704038115161601E-016   9.5993738430717602E-015   0.0000000000000000       0.14898412187018728        2.5367620405290587E-017   9.5933404726702459E-017
  0.67000000000000048       -5.1514853864718260E-016   1.1432389974353539E-014   0.0000000000000000       0.14702457178082101        3.0415119177691652E-017   1.1499388808584515E-016
  0.67500000000000049       -6.0713616539090271E-016   1.3615086392885739E-014   0.0000000000000000       0.14506940131939411        3.6469496924514410E-017   1.3784987185887609E-016
  0.68000000000000049       -7.1545338076530818E-016   1.6214103684663128E-014   0.0000000000000000       0.14311871035365484        4.3724828603486656E-017   1.6523284609793570E-016
  0.68500000000000050       -8.4297952520960550E-016   1.9308769076063347E-014   0.0000000000000000       0.14117260240212653        5.2424626309049033E-017   1.9805806521048043E-016
  0.69000000000000050       -9.9309767901024514E-016   2.2993508935898044E-014   0.0000000000000000       0.13923118463107451        6.2850626969834601E-017   2.3738831582149264E-016
  0.69500000000000051       -1.1697819799147055E-015   2.7380719493588207E-014   0.0000000000000000       0.13729456783472593        7.5350741001778281E-017   2.8452940468300420E-016
  0.70000000000000051       -1.3776999090420242E-015   3.2604182693069891E-014   0.0000000000000000       0.13536286639759007        9.0330855247634888E-017   3.4100825817954866E-016
  0.70500000000000052       -1.6223320762830151E-015   3.8823130567281038E-014   0.0000000000000000       0.13343619823783096        1.0829231402576321E-016   4.0871212551038236E-016
  0.71000000000000052       -1.9101124571388415E-015   4.6227081097651423E-014   0.0000000000000000       0.13151468473076522        1.2982801834652555E-016   4.8985679346882633E-016
  0.71500000000000052       -2.2485925220977607E-015   5.5041591805108324E-014   0.0000000000000000       0.12959845061173533        1.5564301633419229E-016   5.8710411651673602E-016
  0.72000000000000053       -2.6466332679879416E-015   6.5535105002707215E-014   0.0000000000000000       0.12768762385779009        1.8651368836992324E-016   7.0338059576936124E-016
  0.72500000000000053       -3.1146298206780468E-015   7.8027091555752441E-014   0.0000000000000000       0.12578233554783252        2.2358607691371933E-016   8.4295758098672067E-016
  0.73000000000000054       -3.6647740443013641E-015   9.2897739130524986E-014   0.0000000000000000       0.12388271970115264        2.6791607172254488E-016   1.0098277116193059E-015
  0.73500000000000054       -4.3113614802421200E-015   1.1059947744053763E-013   0.0000000000000000       0.12198891309453461        3.2124213107003517E-016   1.2104860894843634E-015
  0.74000000000000055       -5.0711499682262640E-015   1.3167068831361789E-013   0.0000000000000000       0.12010105505844680        3.8502471711540401E-016   1.4504318888627847E-015
  0.74500000000000055       -5.9637784935294776E-015   1.5675201416053286E-013   0.0000000000000000       0.11821928725314192        4.6147576935417489E-016   1.7379691690648954E-015
  0.75000000000000056       -7.0122561831398731E-015   1.8660575659438400E-013   0.0000000000000000       0.11634375342584619        5.5298326558006182E-016   2.0820623751733117E-015
  0.75500000000000056       -8.2435329677760508E-015   2.2213894986753935E-013   0.0000000000000000       0.11447459915056833        6.6282801496059978E-016   2.4949166572753329E-015
  0.76000000000000056       -9.6891652679485164E-015   2.6443080423787481E-013   0.0000000000000000       0.11261197155242374        7.9415114731021800E-016   2.9885276953138125E-015
  0.76500000000000057       -1.1386092187141133E-014   3.1476534564774808E-013   0.0000000000000000       0.11075601901872051        9.5189428674174846E-016   3.5810404729063894E-015
  0.77000000000000057       -1.3377540144957024E-014   3.7467023411840750E-013   0.0000000000000000       0.10890689089940671        1.1406327728542684E-015   4.2898737065804108E-015
  0.77500000000000058       -1.5714076704459069E-014   4.4596292868460220E-013   0.0000000000000000       0.10706473719979620        1.3668967195335120E-015   5.1394623500350488E-015
  0.78000000000000058       -1.8454837593694726E-014   5.3080558705106218E-013   0.0000000000000000       0.10522970826879012        1.6379605023338401E-015   6.1569160892480047E-015
  0.78500000000000059       -2.1668954650963642E-014   6.3177035001152312E-013   0.0000000000000000       0.10340195448606755        1.9625734937220355E-015   7.3750657921188655E-015
  0.79000000000000059       -2.5437216703456977E-014   7.5191697183461503E-013   0.0000000000000000       0.10158162595192931        2.3516080140785453E-015   8.8344620308613131E-015
  0.79500000000000060       -2.9854000294057362E-014   8.9488512755286087E-013   0.0000000000000000        9.9768872183631535E-002   2.8180304811849508E-015   1.0583543082547911E-014
  0.80000000000000060       -3.5029512784473308E-014   1.0650041673937990E-012   0.0000000000000000        9.7963841822143766E-002   3.3757587011086108E-015   1.2674858660198708E-014
  0.80500000000000060       -4.1092396776659205E-014   1.2674236105287031E-012   0.0000000000000000        9.6166682353287361E-002   4.0447194343182349E-015   1.5182332157398575E-014
  0.81000000000000061       -4.8192752110297936E-014   1.5082682903987888E-012   0.0000000000000000        9.4377539847164946E-002   4.8459007905987706E-015   1.8184402106260757E-014
  0.81500000000000061       -5.6505640023562480E-014   1.7948228005256341E-012   0.0000000000000000        9.2596558719669514E-002   5.8050348955414468E-015   2.1777538572772221E-014
  0.82000000000000062       -6.6235143528872420E-014   2.1357507647939448E-012   0.0000000000000000        9.0823881519669053E-002   6.9549093841922176E-015   2.6083735762594510E-014
  0.82500000000000062       -7.7619068785953636E-014   2.5413554956670771E-012   0.0000000000000000        8.9059648745184836E-002   8.3400765276579188E-015   3.1269472139176542E-014
  0.83000000000000063       -9.0934384391470309E-014   3.0238898384858941E-012   0.0000000000000000        8.7303998691554779E-002   9.9790738215083904E-015   3.7404553245760298E-014
  0.83500000000000063       -1.0650350919570736E-013   3.5979244664945754E-012   0.0000000000000000        8.5557067334156869E-002   1.1954768156684093E-014   4.4797182894419461E-014
  0.84000000000000064       -1.2470157465583108E-013   4.2807856329776577E-012   0.0000000000000000        8.3818988247823231E-002   1.4318360927353576E-014   5.3639334975306993E-014
  0.84500000000000064       -1.4596480499855466E-013   5.0930754554368968E-012   0.0000000000000000        8.2089892564558523E-002   1.7152019392659921E-014   6.4235880243311546E-014
  0.85000000000000064       -1.7080017774712105E-013   6.0592902633156929E-012   0.0000000000000000        8.0369908970646151E-002   2.0545703938095326E-014   7.6923125700866388E-014
  0.85500000000000065       -1.9979654861475005E-013   7.2085554580462160E-012   0.0000000000000000        7.8659163743662164E-002   2.4604197739196645E-014   9.2093834506809235E-014
  0.86000000000000065       -2.3363744850931956E-013   8.5754987984505216E-012   0.0000000000000000        7.6957780829338254E-002   2.9467375353374343E-014   1.1026457396675008E-013
  0.86500000000000066       -2.7311578653443394E-013   1.0201288138168448E-011   0.0000000000000000        7.5265881957657779E-002   3.5293959979058564E-014   1.3202905528873442E-013
  0.87000000000000066       -3.1915072146925142E-013   1.2134864526469178E-011   0.0000000000000000        7.3583586797007397E-002   4.2265808724273345E-014   1.5806479065501763E-013
  0.87500000000000067       -3.7280699526111235E-013   1.4434407383897078E-011   0.0000000000000000        7.1911013144689159E-002   5.0617531866205195E-014   1.8924513474011095E-013
  0.88000000000000067       -4.3531705547972039E-013   1.7169075351218594E-011   0.0000000000000000        7.0248277151610652E-002   6.0611536332806312E-014   2.2654549631536231E-013
  0.88500000000000068       -5.0810632924779382E-013   2.0421074587748016E-011   0.0000000000000000        6.8595493578541944E-002   7.2582627650157328E-014   2.7121283095034421E-013
  0.89000000000000068       -5.9282204850636573E-013   2.4288116005253152E-011   0.0000000000000000        6.6952776080949308E-002   8.6906567140829404E-014   3.2464418601031700E-013
  0.89500000000000068       -6.9136606500170281E-013   2.8886334453725013E-011   0.0000000000000000        6.5320237519108759E-002   1.0407513005459823E-013   3.8866615893122235E-013
  0.90000000000000069       -8.0593213222101219E-013   3.4353756566887417E-011   0.0000000000000000        6.3697990289960676E-002   1.2462350552759943E-013   4.6526866390759325E-013
  0.90500000000000069       -9.3904816940973336E-013   4.0854420234357424E-011   0.0000000000000000        6.2086146676997377E-002   1.4920221092077981E-013   5.5687728237687969E-013
  0.91000000000000070       -1.0936240580536462E-012   4.8583267976496815E-011   0.0000000000000000        6.0484819214380842E-002   1.7866590672073884E-013   6.6662792632194546E-013
  0.91500000000000070       -1.2730055514686635E-012   5.7771959431041075E-011   0.0000000000000000        5.8894121061458381E-002   2.1385875942147756E-013   7.9775210629969951E-013
  0.92000000000000071       -1.4810349002983674E-012   6.8695775400287694E-011   0.0000000000000000        5.7314166383885486E-002   2.5604744621755852E-013   9.5485151602608817E-013
  0.92500000000000071       -1.7221188066684781E-012   8.1681818266038241E-011   0.0000000000000000        5.5745070737669968E-002   3.0651662509751130E-013   1.1427446732455286E-012
  0.93000000000000071       -2.0013043121347461E-012   9.7118752023472439E-011   0.0000000000000000        5.4186951452602931E-002   3.6693584085033424E-013   1.3676192456316185E-012
  0.93500000000000072       -2.3243631924612345E-012   1.1546837086528878E-010   0.0000000000000000        5.2639928011755682E-002   4.3919741875212390E-013   1.6365029960060395E-012
  0.94000000000000072       -2.6978853667765541E-012   1.3727933953469405E-010   0.0000000000000000        5.1104122423964768E-002   5.2573538315493283E-013   1.9584110060417742E-012
  0.94500000000000073       -3.1293817184166387E-012   1.6320351319234857E-010   0.0000000000000000        4.9579659586506314E-002   6.2939910789844627E-013   2.3439136168887807E-012
  0.95000000000000073       -3.6273965553209072E-012   1.9401532125417296E-010   0.0000000000000000        4.8066667635465465E-002   7.5319497680699724E-013   2.8041949923903548E-012
  0.95500000000000074       -4.2016296909552885E-012   2.3063479087228077E-010   0.0000000000000000        4.6565278281626363E-002   9.0152921515946094E-013   3.3555126985834367E-012
  0.96000000000000074       -4.8630677793722757E-012   2.7415489421498018E-010   0.0000000000000000        4.5075627130029897E-002   1.0787698393044282E-012   4.0141689997059465E-012
  0.96500000000000075       -5.6241240612951407E-012   3.2587403274951764E-010   0.0000000000000000        4.3597853981680500E-002   1.2912377863086628E-012   4.8034396974816969E-012
  0.97000000000000075       -6.4987850359100607E-012   3.8733462527453067E-010   0.0000000000000000        4.2132103116198284E-002   1.5452861449206487E-012   5.7469556263564977E-012
  0.97500000000000075       -7.5027617202468768E-012   4.6036894917563207E-010   0.0000000000000000        4.0678523554525101E-002   1.8489370854047821E-012   6.8744539432494108E-012
  0.98000000000000076       -8.6536420385181138E-012   5.4715360187980592E-010   0.0000000000000000        3.9237269301085294E-002   2.2128131010422055E-012   8.2251567138701800E-012
  0.98500000000000076       -9.9710394278977514E-012   6.5027420843119883E-010   0.0000000000000000        3.7808499565073247E-002   2.6474551029567112E-012   9.8381908868723410E-012
  0.99000000000000077       -1.1476730868609753E-011   7.7280230945709594E-010   0.0000000000000000        3.6392378960789631E-002   3.1682231758777717E-012   1.1770260531256718E-011
  0.99500000000000077       -1.3194775138180720E-011   9.1838673102234424E-010   0.0000000000000000        3.4989077687171563E-002   3.7905357575328193E-012   1.4078609473867877E-011
   1.0000000000000007       -1.5151599020521349E-011   1.0913621752911381E-009   0.0000000000000000        3.3598771686855017E-002   4.5350745131713736E-012   1.6839699379845978E-011
   1.0050000000000006       -1.7376035307970953E-011   1.2968782920005080E-009   0.0000000000000000        3.2221642785281161E-002   5.4265595921673537E-012   2.0144485038539432E-011
   1.0100000000000005       -1.9899291518855991E-011   1.5410531115568198E-009   0.0000000000000000        3.0857878810496328E-002   6.4909731935672640E-012   2.4089945976223510E-011
   1.0150000000000003       -2.2754822069494555E-011   1.8311554602084629E-009   0.0000000000000000        2.9507673694411589E-002   7.7650417046742134E-012   2.8810661604914360E-011
   1.0200000000000002       -2.5978068887167040E-011   2.1758218589810430E-009   0.0000000000000000        2.8171227556376230E-002   9.2895595158409954E-012   3.4458968185691742E-011
   1.0250000000000001       -2.9606025761243333E-011   2.5853144579464464E-009   0.0000000000000000        2.6848746769985922E-002   1.1111001646459598E-011   4.1205394078921693E-011
   1.0300000000000000       -3.3676569652851417E-011   3.0718278081102518E-009   0.0000000000000000        2.5540444014088989E-002   1.3291466592865939E-011   4.9279409830455167E-011
   1.0349999999999999       -3.8227487168893909E-011   3.6498537629553054E-009   0.0000000000000000        2.4246538308976984E-002   1.5897990661624631E-011   5.8928248900298758E-011
   1.0399999999999998       -4.3295105782023201E-011   4.3366155758395260E-009   0.0000000000000000        2.2967255038752400E-002   1.9012049137304461E-011   7.0455563624062380E-011
   1.0449999999999997       -4.8912416325374248E-011   5.1525843718117657E-009   0.0000000000000000        2.1702825960853309E-002   2.2736251171011292E-011   8.4236806766281084E-011
   1.0499999999999996       -5.5106544811996381E-011   6.1220936867408592E-009   0.0000000000000000        2.0453489203691579E-002   2.7192237842466943E-011   1.0072260397346900E-010
   1.0549999999999995       -6.1895396510045387E-011   7.2740707584325593E-009   0.0000000000000000        1.9219489253327157E-002   3.2514220159508054E-011   1.2040901840050487E-010
   1.0599999999999994       -6.9283251970701801E-011   8.6429068129433683E-009   0.0000000000000000        1.8001076930051367E-002   3.8884668234497812E-011   1.4396460869369647E-010
   1.0649999999999993       -7.7255041564163234E-011   1.0269492820110510E-008   0.0000000000000000        1.6798509355703466E-002   4.6493941508333628E-011   1.7210011897057220E-010
   1.0699999999999992       -8.5768959855593483E-011   1.2202452220027331E-008   0.0000000000000000        1.5612049912482134E-002   5.5593114750412332E-011   2.0573402170383057E-010
   1.0749999999999991       -9.4747001210757274E-011   1.4499608093788745E-008   0.0000000000000000        1.4441968193953311E-002   6.6468237658515695E-011   2.4592408913042533E-010
   1.0799999999999990       -1.0406290016632062E-010   1.7229729340552077E-008   0.0000000000000000        1.3288539948886598E-002   7.9467616446166015E-011   2.9395989287107542E-010
   1.0849999999999989       -1.1352684046573461E-010   2.0474608832790631E-008   0.0000000000000000        1.2152047018487610E-002   9.4995372909226265E-011   3.5132235130249576E-010
   1.0899999999999987       -1.2286615057151930E-010   2.4331536492510854E-008   0.0000000000000000        1.1032777267523115E-002   1.1357519586844724E-010   4.1994569527366804E-010
   1.0949999999999986       -1.3170102526596130E-010   2.8916242045197096E-008   0.0000000000000000        9.9310245097682451E-003   1.3574805528005233E-010   5.0183151509340838E-010
   1.0999999999999985       -1.3951409581757253E-010   3.4366396196542202E-008   0.0000000000000000        8.8470884281399362E-003   1.6226183116770929E-010   5.9972962209871905E-010
   1.1049999999999984       -1.4561240688103757E-010   4.0845775528193723E-008   0.0000000000000000        7.7812744898120966E-003   1.9393789691508187E-010   7.1665988390153857E-010
   1.1099999999999983       -1.4908003687665342E-010   4.8549215978448910E-008   0.0000000000000000        6.7338938565490161E-003   2.3180024154759428E-010   8.5640267097720322E-010
   1.1149999999999982       -1.4871920808706607E-010   5.7708502895716779E-008   0.0000000000000000        5.7052632904316166E-003   2.7703980868963945E-010   1.0233432521677930E-009
   1.1199999999999981       -1.4297725869178036E-010   6.8599372951507464E-008   0.0000000000000000        4.6957050550933107E-003   3.3108423566940114E-010   1.2227440077391668E-009
   1.1249999999999980       -1.2985627407906785E-010   8.1549835406549857E-008   0.0000000000000000        3.7055468125293937E-003   3.9564923799155698E-010   1.4609211704698125E-009
   1.1299999999999979       -1.0680147815797782E-010   9.6950058192824499E-008   0.0000000000000000        2.7351215154933070E-003   4.7273449448564374E-010   1.7452466169139785E-009
   1.1349999999999978       -7.0563641957493381E-011   1.1526410900409398E-007   0.0000000000000000        1.7847672954442461E-003   5.6486236004992451E-010   2.0850079497535401E-009
   1.1399999999999977       -1.7029746424617115E-011   1.3704389424338584E-007   0.0000000000000000        8.5482734596854185E-004   6.7485704600479134E-010   2.4905814418795187E-009
   1.1449999999999976        5.8985097131204185E-011   1.6294570061800033E-007   0.0000000000000000        0.0000000000000000        8.0627500801876567E-010   2.9750876244556440E-009
   1.1499999999999975        1.6399295539944965E-010   1.9374981698714209E-007   0.0000000000000000        0.0000000000000000        9.6280705726989767E-010   3.5526205481788873E-009
   1.1549999999999974        3.0614589496522573E-010   2.3038379960327539E-007   0.0000000000000000        0.0000000000000000        1.1540837181221731E-009   4.2562397766162887E-009
   1.1599999999999973        4.9561877132658563E-010   2.7395004430004198E-007   0.0000000000000000        0.0000000000000000        1.3745380762376499E-009   5.0697017132879924E-009
   1.1649999999999971        7.4507705246628518E-010   3.2575844697548989E-007   0.0000000000000000        0.0000000000000000        1.6379878456540673E-009   6.0412955707164026E-009
   1.1699999999999970        1.0702478922252217E-009   3.8736507181903414E-007   0.0000000000000000        0.0000000000000000        1.9601590168492080E-009   7.2266916303758151E-009
   1.1749999999999969        1.4906164567900151E-009   4.6061790853022043E-007   0.0000000000000000        0.0000000000000000        2.3406287609661166E-009   8.6289314163293761E-009
   1.1799999999999968        2.0302740627714452E-009   5.4771098922507393E-007   0.0000000000000000        0.0000000000000000        2.7948549918244521E-009   1.0302249430068194E-008
   1.1849999999999967        2.7189501589077464E-009   6.5124835740953152E-007   0.0000000000000000        0.0000000000000000        3.3379322676367821E-009   1.2302322817111446E-008
   1.1899999999999966        3.5932667556123246E-009   7.7431964064599564E-007   0.0000000000000000        0.0000000000000000        3.9853020235767230E-009   1.4686475833510350E-008
   1.1949999999999965        4.6982617919537925E-009   9.2058928152991514E-007   0.0000000000000000        0.0000000000000000        4.7584646895721951E-009   1.7533543332407687E-008
   1.1999999999999964        6.0892373833338421E-009   1.0944018354961271E-006   0.0000000000000000        0.0000000000000000        5.6808798414527521E-009   2.0930061504127523E-008
   1.2049999999999963        7.8340002181723914E-009   1.3009061570929395E-006   0.0000000000000000        0.0000000000000000        6.7807540911996162E-009   2.4979671308054888E-008
   1.2099999999999962        1.0015574927892792E-008   1.5462017783069929E-006   0.0000000000000000        0.0000000000000000        8.0943661868632921E-009   2.9815782807204502E-008
   1.2149999999999961        1.2735487467602971E-008   1.8375113444064391E-006   0.0000000000000000        0.0000000000000000        9.6619137296500357E-009   3.5586008653469581E-008
   1.2199999999999960        1.6117734919446363E-008   2.1833836274270415E-006   0.0000000000000000        0.0000000000000000        1.1528517524098736E-008   4.2458186025058016E-008
   1.2249999999999959        2.0313581262839397E-008   2.5939323996561928E-006   0.0000000000000000        0.0000000000000000        1.3760336441897626E-008   5.0672714483672345E-008
   1.2299999999999958        2.5507346249369182E-008   3.0811173363170218E-006   0.0000000000000000        0.0000000000000000        1.6419729071543407E-008   6.0460868878563046E-008
   1.2349999999999957        3.1923387404008407E-008   3.6590741477084662E-006   0.0000000000000000        0.0000000000000000        1.9590462820093234E-008   7.2131783656847416E-008
   1.2399999999999956        3.9834514323880282E-008   4.3445023387959461E-006   0.0000000000000000        0.0000000000000000        2.3373645050295533E-008   8.6055571363382050E-008
   1.2449999999999954        4.9572121005945620E-008   5.1571203843948194E-006   0.0000000000000000        0.0000000000000000        2.7885555201544667E-008   1.0266073180325423E-007
   1.2499999999999953        6.1538377247201069E-008   6.1201997200186306E-006   0.0000000000000000        0.0000000000000000        3.3255651151065555E-008   1.2242676992940105E-007
   1.2549999999999952        7.6220885793373620E-008   7.2611908156113565E-006   0.0000000000000000        0.0000000000000000        3.9679124840043794E-008   1.4606383636637030E-007
   1.2599999999999951        9.4210289692841304E-008   8.6124567596699138E-006   0.0000000000000000        0.0000000000000000        4.7310962115956912E-008   1.7415549070901390E-007
   1.2649999999999950        1.1622140636760205E-007   1.0212132277556013E-005   0.0000000000000000        0.0000000000000000        5.6434279186714908E-008   2.0772714047923424E-007
   1.2699999999999949        1.4311857370626574E-007   1.2105128988285126E-005   0.0000000000000000        0.0000000000000000        6.7270681176645996E-008   2.4761274247986394E-007
   1.2749999999999948        1.7594602186143672E-007   1.4344311022706503E-005   0.0000000000000000        0.0000000000000000        8.0242773748952127E-008   2.9534833323478985E-007
   1.2799999999999947        2.1596423566990811E-007   1.6991868942693658E-005   0.0000000000000000        0.0000000000000000        9.5662775962162015E-008   3.5210376710283672E-007
   1.2849999999999946        2.6469345045901874E-007   2.0120924281889866E-005   0.0000000000000000        0.0000000000000000        1.1400474380899093E-007   4.1962173629357796E-007
   1.2899999999999945        3.2396563273165726E-007   2.3817402046041972E-005   0.0000000000000000        0.0000000000000000        1.3594012895507997E-007   5.0034904514678957E-007
   1.2949999999999944        3.9598654167839397E-007   2.8182214243169828E-005   0.0000000000000000        0.0000000000000000        1.6202537587860457E-007   5.9636240879344046E-007
   1.2999999999999943        4.8340975310083527E-007   3.3333804044176943E-005   0.0000000000000000        0.0000000000000000        1.9307662434168741E-007   7.1067727868541174E-007
   1.3049999999999942        5.8942486023364196E-007   3.9411107590321641E-005   0.0000000000000000        0.0000000000000000        2.3007393400597743E-007   8.4687346588415023E-007
   1.3099999999999941        7.1786245286282429E-007   4.6576998854635833E-005   0.0000000000000000        0.0000000000000000        2.7414281648245111E-007   1.0091105711410250E-006
   1.3149999999999940        8.7331892442711965E-007   5.5022292418332166E-005   0.0000000000000000        0.0000000000000000        3.2661577377057304E-007   1.2023164072768489E-006
   1.3199999999999938        1.0613046744202727E-006   6.4970389624021980E-005   0.0000000000000000        0.0000000000000000        3.8905110845547138E-007   1.4322280939132468E-006
   1.3249999999999937        1.2884198688317458E-006   7.6682665387891062E-005   0.0000000000000000        0.0000000000000000        4.6361384043027655E-007   1.7067442197932831E-006
   1.3299999999999936        1.5625626033416375E-006   9.0464706047185242E-005   0.0000000000000000        0.0000000000000000        5.5178662465390502E-007   2.0316019367754616E-006
   1.3349999999999935        1.8931750913547362E-006   1.0667352301312637E-004   0.0000000000000000        0.0000000000000000        6.5715743351461603E-007   2.4197059929816553E-006
   1.3399999999999934        2.2915343802340362E-006   1.2572588267631532E-004   0.0000000000000000        0.0000000000000000        7.8240541785465209E-007   2.8811634119777632E-006
   1.3449999999999933        2.7710950919495905E-006   1.4810790989648216E-004   0.0000000000000000        0.0000000000000000        9.3139078081384143E-007   3.4301076283840860E-006
   1.3499999999999932        3.3478927948875974E-006   1.7438614034497336E-004   0.0000000000000000        0.0000000000000000        1.1087248525080739E-006   4.0836292661452520E-006
   1.3549999999999931        4.0410178453179814E-006   2.0522021569328966E-004   0.0000000000000000        0.0000000000000000        1.3195445674654535E-006   4.8606112160389090E-006
   1.3599999999999930        4.8731708897139225E-006   2.4137743475060133E-004   0.0000000000000000        0.0000000000000000        1.5706408143533541E-006   5.7863227917715625E-006
   1.3649999999999929        5.8713126869930187E-006   2.8374939256409654E-004   0.0000000000000000        0.0000000000000000        1.8680853323267983E-006   6.8830853720278167E-006
   1.3699999999999928        7.0674224794847368E-006   3.3337095739901926E-004   0.0000000000000000        0.0000000000000000        2.2222771621637622E-006   8.1893698108698362E-006
   1.3749999999999927        8.4993807895201527E-006   3.9144185132079220E-004   0.0000000000000000        0.0000000000000000        2.6431404692220377E-006   9.7417533179017212E-006
   1.3799999999999926        1.0211994208173895E-005   4.5935111238112799E-004   0.0000000000000000        0.0000000000000000        3.1431223216297965E-006   1.1586577322895799E-005
   1.3849999999999925        1.2258181419916387E-005   5.3870472332966655E-004   0.0000000000000000        0.0000000000000000        3.7373637777393274E-006   1.3779535149476866E-005
   1.3899999999999924        1.4700341296334572E-005   6.3135669102796555E-004   0.0000000000000000        0.0000000000000000        4.4421524508919652E-006   1.6381473948127670E-005
   1.3949999999999922        1.7611925291783048E-005   7.3944384949476631E-004   0.0000000000000000        0.0000000000000000        5.2792498845443926E-006   1.9472704055490658E-005
   1.3999999999999921        2.1079237450255502E-005   8.6542463433571834E-004   0.0000000000000000        0.0000000000000000        6.2747333045188500E-006   2.3149104882047425E-005
   1.4049999999999920        2.5203485915174240E-005   1.0121220331661522E-003   0.0000000000000000        0.0000000000000000        7.4556502414809790E-006   2.7511784082468435E-005
   1.4099999999999919        3.0103109709434726E-005   1.1827708508748646E-003   0.0000000000000000        0.0000000000000000        8.8430270652036548E-006   3.2642807918002834E-005
   1.4149999999999918        3.5916403463247600E-005   1.3810693350092644E-003   0.0000000000000000        0.0000000000000000        1.0515115438413857E-005   3.8822172510163383E-005
   1.4199999999999917        4.2804460406138655E-005   1.6112350796044445E-003   0.0000000000000000        0.0000000000000000        1.2482874482710869E-005   4.6100136635808966E-005
   1.4249999999999916        5.0954449955726507E-005   1.8780649597141133E-003   0.0000000000000000        0.0000000000000000        1.4819514685677300E-005   5.4744641787838947E-005
   1.4299999999999915        6.0583240240813190E-005   2.1869986382838827E-003   0.0000000000000000        0.0000000000000000        1.7584568360263123E-005   6.4979559801967601E-005
   1.4349999999999914        7.1941367478884705E-005   2.5441849272520830E-003   0.0000000000000000        0.0000000000000000        2.0861969187002465E-005   7.7115484868160158E-005
   1.4399999999999913        8.5317342880052499E-005   2.9565499729293206E-003   0.0000000000000000        0.0000000000000000        2.4739084824623709E-005   9.1479280182779832E-005
   1.4449999999999912        1.0104227330300969E-004   3.4318658715246108E-003   0.0000000000000000        0.0000000000000000        2.9354304050300732E-005   1.0857935023004853E-004
   1.4499999999999911        1.1949475396812427E-004   3.9788179077804237E-003   0.0000000000000000        0.0000000000000000        3.4768944103665718E-005   1.2866301336266210E-004
   1.4549999999999910        1.4110597002192196E-004   4.6070681569897916E-003   0.0000000000000000        1.2482103372673075E-004   4.1191829632087854E-005   1.5249383786248969E-004
   1.4599999999999909        1.6636491877004307E-004   5.3273127139331286E-003   0.0000000000000000        1.2734669048855187E-003   4.8774781776114003E-005   1.8064817006619666E-004
   1.4649999999999908        1.9582363640913936E-004   6.1513293354379600E-003   0.0000000000000000        2.4628006066013514E-003   5.7757828219974180E-005   2.1401171766121524E-004
   1.4699999999999906        2.3010228297660370E-004   7.0920118395482378E-003   0.0000000000000000        3.6927248067276145E-003   6.8363128363164224E-005   2.5342626644358931E-004
   1.4749999999999905        2.6989390840043864E-004   8.1633872366330754E-003   0.0000000000000000        4.9631112679325668E-003   8.0891961327115157E-005   3.0001879103429632E-004
   1.4799999999999904        3.1596869294449391E-004   9.3806113281482729E-003   0.0000000000000000        6.2737996922431682E-003   9.5625162880631258E-005   3.5485710157325863E-004
   1.4849999999999903        3.6917742957117778E-004   1.0759938456161095E-002   0.0000000000000000        7.6245965527822505E-003   1.1300545549185743E-004   4.1959116880530098E-004
   1.4899999999999902        4.3045399687769624E-004   1.2318661283086906E-002   0.0000000000000000        9.0152739140350741E-003   1.3344556654399045E-004   4.9579968175706953E-004
   1.4949999999999901        5.0081656277117597E-004   1.4075016985228866E-002   0.0000000000000000        1.0445568242100432E-002   1.5747796234483682E-004   5.8547303425890104E-004
   1.4999999999999900        5.8136726450462725E-004   1.6048057103275146E-002   0.0000000000000000        1.1915179206499803E-002   1.8596104885880519E-004   6.9177460958180792E-004
   1.5049999999999899        6.7329013338823405E-004   1.8257479534580328E-002   0.0000000000000000        1.3423768475243902E-002   2.1928664579718470E-004   8.1632152658085938E-004
   1.5099999999999898        7.7784707492908260E-004   2.0723422771183830E-002   0.0000000000000000        1.4970958504989525E-002   2.5838384130947098E-004   9.6258718292621898E-004
   1.5149999999999897        8.9637177851743853E-004   2.3466224438735323E-002   0.0000000000000000        1.6556331328252512E-002   3.0424726174023127E-004   1.1343379711428151E-003
   1.5199999999999896        1.0302615143750556E-003   2.6506148382205091E-002   0.0000000000000000        1.8179427339786898E-002   3.5801919147263202E-004   1.3359279878815268E-003
   1.5249999999999895        1.1809668763072350E-003   2.9863086833242351E-002   0.0000000000000000        1.9839744084384915E-002   4.2092323812965463E-004   1.5720401966458643E-003
   1.5299999999999894        1.3499796413287699E-003   3.3556246397225709E-002   0.0000000000000000        2.1536735048505392E-002   4.9447495520377031E-004   1.8484615975996525E-003
   1.5349999999999893        1.5388190335201297E-003   3.7603828502344033E-002   0.0000000000000000        2.3269808458295911E-002   5.8002734469465129E-004   2.1705030092955520E-003
   1.5399999999999892        1.7490167896544691E-003   4.2022716338304004E-002   0.0000000000000000        2.5038326086733752E-002   6.8024764536924224E-004   2.5481826065744196E-003
   1.5449999999999890        1.9821015173485078E-003   4.6828180979191919E-002   0.0000000000000000        2.6841602072781627E-002   7.9680240706182727E-004   2.9881043760260442E-003
   1.5499999999999889        2.2395829020848100E-003   5.2033619185246009E-002   0.0000000000000000        2.8678901755624205E-002   9.3209827507399041E-004   3.4996908498179614E-003
   1.5549999999999888        2.5229363484277935E-003   5.7650334241728801E-002   0.0000000000000000        3.0549440527228657E-002   1.0892854663722379E-003   4.0949635141631080E-003
   1.5599999999999887        2.8335886271257564E-003   6.3687369146720185E-002   0.0000000000000000        3.2452382706657186E-002   1.2717357006937701E-003   4.7871641694587561E-003
   1.5649999999999886        3.1729050416772573E-003   7.0151398633445078E-002   0.0000000000000000        3.4386840439743875E-002   1.4817150074207023E-003   5.5855990102488895E-003
   1.5699999999999885        3.5421785281456999E-003   7.7046683129946295E-002   0.0000000000000000        3.6351872627939243E-002   1.7247075600275246E-003   6.5113580447447948E-003
   1.5749999999999884        3.9426209679419731E-003   8.4375084111224560E-002   0.0000000000000000        3.8346483890325321E-002   2.0043007248055924E-003   7.5790503722964536E-003
   1.5799999999999883        4.3753568362172573E-003   9.2136136710196354E-002   0.0000000000000000        4.0369623562999182E-002   2.3253386906836862E-003   8.8080407957057561E-003
   1.5849999999999882        4.8414191421946870E-003  0.10032717223833754        0.0000000000000000        4.2420184740227442E-002   2.6940988649674109E-003   1.0223094808747748E-002
   1.5899999999999881        5.3417474568189993E-003  0.10894348068975200        0.0000000000000000        4.4497003361983666E-002   3.1157926543204156E-003   1.1845736715367861E-002
   1.5949999999999880        5.8771876811836293E-003  0.11797850154859620        0.0000000000000000        4.6598857352685021E-002   3.5970524574402700E-003   1.3702582807299904E-002
   1.5999999999999879        6.4484930974845556E-003  0.12742403037686156        0.0000000000000000        4.8724465816161244E-002   4.1445978368721418E-003   1.5821996522842215E-002
   1.6049999999999878        7.0563261703238634E-003  0.13727042871553130        0.0000000000000000        5.0872488292101906E-002   4.7664209778849002E-003   1.8236164642115603E-002
   1.6099999999999877        7.7012605335024468E-003  0.14750682568846857        0.0000000000000000        5.3041524079440412E-002   5.4701673860881039E-003   2.0977869364247764E-002
   1.6149999999999876        8.3837826053740280E-003  0.15812130119199777        0.0000000000000000        5.5230111632355375E-002   6.2654477346342462E-003   2.4086903104429836E-002
   1.6199999999999875        9.1042923202683222E-003  0.16910104248532895        0.0000000000000000        5.7436728034781427E-002   7.1602040500116553E-003   2.7598230897275682E-002
   1.6249999999999873        9.8631025377215343E-003  0.18043246816125297        0.0000000000000000        5.9659788559542452E-002   8.1656783166122807E-003   3.1558637405310064E-002
   1.6299999999999872        1.0660436787068983E-002  0.19210131568325439        0.0000000000000000        6.1897646318430283E-002   9.2907022835037063E-003   3.6007880055064563E-002
   1.6349999999999871        1.1496425113694952E-002  0.20409269076845332        0.0000000000000000        6.4148592009772562E-002   1.0546715728794408E-002   4.0995906518797670E-002
   1.6399999999999870        1.2371097906695688E-002  0.21639107876326139        0.0000000000000000        6.6410853770233438E-002   1.1943590268953523E-002   4.6568072605712461E-002
   1.6449999999999869        1.3284377698798163E-002  0.22898031973338229        0.0000000000000000        6.8682597137807014E-002   1.3495267764631095E-002   5.2784238400684941E-002
   1.6499999999999868        1.4236069032497639E-002  0.24184355024651416        0.0000000000000000        7.0961925133157647E-002   1.5211848430248393E-002   5.9692589546214515E-002
   1.6549999999999867        1.5225846577579225E-002  0.25496311577361058        0.0000000000000000        7.3246878466658324E-002   1.7115765517069354E-002   6.7384977522906161E-002
   1.6599999999999866        1.6253241762086559E-002  0.26832045830588819        0.0000000000000000        7.5535435878666457E-002   1.9163850730371617E-002   7.5717246701154484E-002
   1.6649999999999865        1.7317628240369032E-002  0.28189598422753342        0.0000000000000000        7.7825514620754571E-002   2.1478764389727033E-002   8.5148142712302866E-002
   1.6699999999999864        1.8418206568134525E-002  0.29566891775147625        0.0000000000000000        8.0114971085778211E-002   2.3988502928806204E-002   9.5433336902598018E-002
   1.6749999999999863        1.9553988486272711E-002  0.30961714536910984        0.0000000000000000        8.2401601594828705E-002   2.6721598440617510E-002  0.10668889888318167     
   1.6799999999999862        2.0723781233906217E-002  0.32371705682889401        0.0000000000000000        8.4683143349248119E-002   2.9698664261641645E-002  0.11900403962584277     
   1.6849999999999861        2.1926172318209310E-002  0.33794338817713865        0.0000000000000000        8.6957275556028155E-002   3.2939443377877277E-002  0.13246166760867195     
   1.6899999999999860        2.3159515165617383E-002  0.35226907238856403        0.0000000000000000        8.9221620735009832E-002   3.6451628459125390E-002  0.14710899857826479     
   1.6949999999999859        2.4421916067645620E-002  0.36666510309300804        0.0000000000000000        9.1473746216404722E-002   4.0254659181550335E-002  0.16302716978382470     
   1.6999999999999857        2.5711222816025860E-002  0.38110041686476043        0.0000000000000000        9.3711165837224511E-002   4.4361952519136445E-002  0.18027882568198000     
   1.7049999999999856        2.7025015397431768E-002  0.39554179946859158        0.0000000000000000        9.5931341845254356E-002   4.8789486715153582E-002  0.19894263380472169     
   1.7099999999999855        2.8360599088688297E-002  0.40995382132984381        0.0000000000000000        9.8131687019230487E-002   5.3568699581777020E-002  0.21912128950308168     
   1.7149999999999854        2.9715000259855965E-002  0.42429880728761693        0.0000000000000000       0.10030956701387575        5.8693833378377268E-002  0.24083255478536508     
   1.7199999999999853        3.1084965155604282E-002  0.43853684537092780        0.0000000000000000       0.10246230293841260        6.4214460613319382E-002  0.26422804107665837     
   1.7249999999999852        3.2466961885374228E-002  0.45262583887959251        0.0000000000000000       0.10458717417710646        7.0142491696553497E-002  0.28938056040883520     
   1.7299999999999851        3.3857185810418182E-002  0.46652160543129040        0.0000000000000000       0.10668142146028833        7.6472737036427804E-002  0.31625845736287322     
   1.7349999999999850        3.5251568471280754E-002  0.48017802583869296        0.0000000000000000       0.10874225019416409        8.3292123810274205E-002  0.34518311460286427     
   1.7399999999999849        3.6645790152994386E-002  0.49354724470164879        0.0000000000000000       0.11076683405753815        9.0577874535478317E-002  0.37605170752998196     
   1.7449999999999848        3.8035296137525508E-002  0.50657992344825342        0.0000000000000000       0.11275231887334848        9.8381113443222895E-002  0.40904263988415618     
   1.7499999999999847        3.9415316644163291E-002  0.51922554525891162        0.0000000000000000       0.11469582676264117       0.10672835087186923       0.44422778696208770     
   1.7549999999999846        4.0780890408913965E-002  0.53143276989705679        0.0000000000000000       0.11659446058828651       0.11563276647029139       0.48163895634634735     
   1.7599999999999845        4.2126891803912270E-002  0.54314983499995106        0.0000000000000000       0.11844530869536000       0.12519776365939997       0.52159482488414288     
   1.7649999999999844        4.3448061347763064E-002  0.55432499891412423        0.0000000000000000       0.12024544995468306       0.13537689260473043       0.56391209092231820     
   1.7699999999999843        4.4739039407982933E-002  0.56490701875970695        0.0000000000000000       0.12199195911551639       0.14628054099146645       0.60892692797747283     
   1.7749999999999841        4.5994402847753725E-002  0.57484565614462646        0.0000000000000000       0.12368191247284846       0.15790970211889993       0.65661271949460842     
   1.7799999999999840        4.7208704321499997E-002  0.58409220188803956        0.0000000000000000       0.12531239385409237       0.17034250281743341       0.70713988863680399     
   1.7849999999999839        4.8376513877832761E-002  0.59260001030708043        0.0000000000000000       0.12688050092931269       0.18362234192014548       0.76062439979700625     
   1.7899999999999838        4.9492462484705568E-002  0.60032503311362384        0.0000000000000000       0.12838335184833352       0.19780520229879897       0.81717292381788864     
   1.7949999999999837        5.0551287050733786E-002  0.60722634278169896        0.0000000000000000       0.12981809220723523       0.21295664342528015       0.87694456350166072     
   1.7999999999999836        5.1547876479115379E-002  0.61326663538644000        0.0000000000000000       0.13118190234582264       0.22908009120871459       0.93982920412086879     
   1.8049999999999835        5.2477318257053582E-002  0.61841270336751464        0.0000000000000000       0.13247200497663544       0.24633212393624887        1.0062876627565722     
   1.8099999999999834        5.3334945054614419E-002  0.62263586940206761        0.0000000000000000       0.13368567314498378       0.26472587099181422        1.0762238480288966     
   1.8149999999999833        5.4116380783190615E-002  0.62591237353855222        0.0000000000000000       0.13482023851830022       0.28432213122964334        1.1497484818028292     
   1.8199999999999832        5.4817585545774559E-002  0.62822370688745710        0.0000000000000000       0.13587310000183106       0.30521207922103083        1.2270218736771050     
   1.8249999999999831        5.5434898899697820E-002  0.62955688642748919        0.0000000000000000       0.13684173267631558       0.32763767230960000        1.3088140003725366     
   1.8299999999999830        5.5965080847936680E-002  0.62990466680545021        0.0000000000000000       0.13772369705183998       0.35112664274716399        1.3930545970161590     
   1.8349999999999829        5.6405349978057379E-002  0.62926568632872770        0.0000000000000000       0.13851664863048674       0.37636631034246087        1.4822355283039776     
   1.8399999999999828        5.6753418178884130E-002  0.62764454562301575        0.0000000000000000       0.13921834776874137       0.40323501419133168        1.5756126901395828     
   1.8449999999999827        5.7007521384415574E-002  0.62505181861657333        0.0000000000000000       0.13982666982885275       0.43176895633051460        1.6731432222844658     
   1.8499999999999825        5.7166445822745195E-002  0.62150399659022237        0.0000000000000000       0.14033961560648425       0.46211341177617959        1.7750796580355612     
   1.8549999999999824        5.7229549284956258E-002  0.61702336698444138        0.0000000000000000       0.14075532202002938       0.49434481699055582        1.8814538888194479     
   1.8599999999999823        5.7196776975274581E-002  0.61163782947757850        0.0000000000000000       0.14107207304490518       0.52859622068953149        1.9924871051207167     
   1.8649999999999822        5.7068671559096479E-002  0.60538065254679918        0.0000000000000000       0.14128831087397847       0.56492574753867808        2.1080245176581687     
   1.8699999999999821        5.6846377089655988E-002  0.59829017430733411        0.0000000000000000       0.14140264728302829       0.60349673834200668        2.2283760047608538     
   1.8749999999999820        5.6531636566637261E-002  0.59040945191108740        0.0000000000000000       0.14141387517780396       0.64438807295497158        2.3535563764327811     
   1.8799999999999819        5.6126782960368174E-002  0.58178586418983802        0.0000000000000000       0.14132098029680756       0.68780048955052298        2.4837218102669532     
   1.8849999999999818        5.5634723622539815E-002  0.57247067256793738        0.0000000000000000       0.14112315304141992       0.73378994137677456        2.6188345494502832     
   1.8899999999999817        5.5058918097642136E-002  0.56251854555944425        0.0000000000000000       0.14081980040240416       0.78252225322058910        2.7590652577318453     
   1.8949999999999816        5.4403349447256485E-002  0.55198705241679480        0.0000000000000000       0.14041055794916804       0.83417621887008941        2.9045415903981651     
   1.8999999999999815        5.3672489300520786E-002  0.54093613172016153        0.0000000000000000       0.13989530184546323       0.88885359282916010        3.0551833690270969     
   1.9049999999999814        5.2871256946848987E-002  0.52942754089252142        0.0000000000000000       0.13927416085244196       0.94672261045739869        3.2111556112696924     
   1.9099999999999813        5.2004972889486696E-002  0.51752429279473577        0.0000000000000000       0.13854752827721231        1.0080398753174729        3.3727234746024739     
   1.9149999999999812        5.1079307378732522E-002  0.50529008569377365        0.0000000000000000       0.13771607382222570        1.0728533615500626        3.5394266605017881     
   1.9199999999999811        5.0100224539543291E-002  0.49278873299892345        0.0000000000000000       0.13678075528802985        1.1415077248454426        3.7119560275885632     
   1.9249999999999809        4.9073922797578606E-002  0.48008359921628463        0.0000000000000000       0.13574283007913110        1.2140615050138035        3.8899848683630709     
   1.9299999999999808        4.8006772388295212E-002  0.46723704857084836        0.0000000000000000       0.13460386645995839        1.2907090914512767        4.0734145568351314     
   1.9349999999999807        4.6905250803321065E-002  0.45430991267751286        0.0000000000000000       0.13336575450523719        1.3717915823303297        4.2627141981722563     
   1.9399999999999806        4.5775877084870999E-002  0.44136098349699221        0.0000000000000000       0.13203071668646812        1.4574293834191758        4.4576142425155263     
   1.9449999999999805        4.4625145920509146E-002  0.42844653758109102        0.0000000000000000       0.13060131803371941        1.5478218156681030        4.6580564417372230     
   1.9499999999999804        4.3459462515360196E-002  0.41561989728702420        0.0000000000000000       0.12908047580958931        1.6434497243419597        4.8645892573382605     
   1.9549999999999803        4.2285079225495896E-002  0.40293103421791149        0.0000000000000000       0.12747146863001718        1.7442270029180178        5.0763744568752482     
   1.9599999999999802        4.1108034923589477E-002  0.39042621962473528        0.0000000000000000       0.12577794496465919        1.8507979152053016        5.2943118709537522     
   1.9649999999999801        3.9934098035362894E-002  0.37814772588557738        0.0000000000000000       0.12400393094782375        1.9631141548574107        5.5176233769388183     
   1.9699999999999800        3.8768714132650414E-002  0.36613358246607786        0.0000000000000000       0.12215383742953133        2.0816471502786063        5.7467638891686041     
   1.9749999999999799        3.7616958896377554E-002  0.35441738896940062        0.0000000000000000       0.12023246619516165        2.2066490972796657        5.9813533984693104     
   1.9799999999999798        3.6483497171247034E-002  0.34302818701662241        0.0000000000000000       0.11824501528143068        2.3385888428426793        6.2217006524348415     
   1.9849999999999797        3.5372548724852508E-002  0.33199039177461204        0.0000000000000000       0.11619708331613596        2.4777854101891723        6.4677104263599272     
   1.9899999999999796        3.4287861199259792E-002  0.32132378298616260        0.0000000000000000       0.11409467280928494        2.6244850060458695        6.7189669233519691     
   1.9949999999999795        3.3232690605304441E-002  0.31104355437676318        0.0000000000000000       0.11194419232392673        2.7796449940474770        6.9769039680061038     
   1.9999999999999793        3.2209789561945215E-002  0.30116041933606780        0.0000000000000000       0.10975245745628946        2.9429387854886335        7.2391764381396344     
   2.0049999999999795        3.1221403328410651E-002  0.29168076982315644        0.0000000000000000       0.10752669055675214        3.1151863600219847        7.5070289380840851     
   2.0099999999999794        3.0269273519351648E-002  0.28260688454662219        0.0000000000000000       0.10527451912580128        3.2972030794662124        7.7809590061457206     
   2.0149999999999793        2.9354649236795653E-002  0.27393718164663577        0.0000000000000000       0.10300397282250130        3.4891847225145436        8.0600718827518580     
   2.0199999999999791        2.8478305201548381E-002  0.26566651037846911        0.0000000000000000       0.10072347902720472        3.6916070977274149        8.3443661779385021     
   2.0249999999999790        2.7640566324965445E-002  0.25778647568545043        0.0000000000000000        9.8441856905297553E-002   3.9053125935088340        8.6341070466777889     
   2.0299999999999789        2.6841338033755751E-002  0.25028578907136001        0.0000000000000000        9.6168309924782550E-002   4.1307947636143076        8.9289664861862210     
   2.0349999999999788        2.6080141549418071E-002  0.24315063885158342        0.0000000000000000        9.3912416787509126E-002   4.3690168179505973        9.2295628027529641     
   2.0399999999999787        2.5356153233391833E-002  0.23636507268882187        0.0000000000000000        9.1684120741901770E-002   4.6202988642899561        9.5349222316026534     
   2.0449999999999786        2.4668247041778505E-002  0.22991138530804048        0.0000000000000000        8.9493717254203214E-002   4.8859360347146330        9.8460842094792316     
   2.0499999999999785        2.4015039091662218E-002  0.22377050443713903        0.0000000000000000        8.7351840025545427E-002   5.1664607823800983        10.162312859066141     
   2.0549999999999784        2.3394933325932378E-002  0.21792236833007742        0.0000000000000000        8.5269445353671092E-002   5.4628591567357159        10.484109601353003     
   2.0599999999999783        2.2806167275537560E-002  0.21234628868839103        0.0000000000000000        8.3257794850859490E-002   5.7761331889564831        10.811320964501848     
   2.0649999999999782        2.2246856956839551E-002  0.20702129339114203        0.0000000000000000        8.1328436543612867E-002   6.1069330896099885        11.143213680564010     
   2.0699999999999781        2.1715040005818389E-002  0.20192644415387673        0.0000000000000000        7.9493184394936897E-002   6.4567646766809439        11.480711802170148     
   2.0749999999999780        2.1208716238065022E-002  0.19704112504199220        0.0000000000000000        7.7764096306634778E-002   6.8266328916014798        11.823756077135531     
   2.0799999999999779        2.0725884930724348E-002  0.19234529863800731        0.0000000000000000        7.6153450676891624E-002   7.2178933592120522        12.172126768881414     
   2.0849999999999778        2.0264578246034351E-002  0.18781972757849311        0.0000000000000000        7.4673721607578292E-002   7.6316513479635546        12.525798106446457     
   2.0899999999999777        1.9822890351497046E-002  0.18344616010666467        0.0000000000000000        7.3337552876086745E-002   8.0694525552535517        12.884934377881793     
   2.0949999999999775        1.9399001934242197E-002  0.17920747920280905        0.0000000000000000        7.2157730808089057E-002   8.5327428476917397        13.249667891524766     
   2.0999999999999774        1.8991199951826722E-002  0.17508781572971385        0.0000000000000000        7.1147156210320819E-002   9.0233934228514769        13.620186489291745     
   2.1049999999999773        1.8597892603555020E-002  0.17107262683918825        0.0000000000000000        7.0318815546229041E-002   9.5426132042241658        13.995870882685969     
   2.1099999999999772        1.8217619640603235E-002  0.16714874160670723        0.0000000000000000        6.9685751561989279E-002   10.092489119013694        14.377121077760290     
   2.1149999999999771        1.7849058255398405E-002  0.16330437647619844        0.0000000000000000        6.9261033595849411E-002   10.675416893931311        14.764567821825626     
   2.1199999999999770        1.7491024897024882E-002  0.15952912359248236        0.0000000000000000        6.9057727829833715E-002   11.293444194163818        15.158429474491284     
   2.1249999999999769        1.7142473446862278E-002  0.15581391546635354        0.0000000000000000        6.9088867769355800E-002   11.947950301124083        15.556842409494470     
   2.1299999999999768        1.6802490255014894E-002  0.15215096965328495        0.0000000000000000        6.9367425263028054E-002   12.643105575079531        15.962854781277697     
   2.1349999999999767        1.6470286582165317E-002  0.14853371723298270        0.0000000000000000        6.9906282401673528E-002   13.379561231961459        16.373647374526705     
   2.1399999999999766        1.6145189013040351E-002  0.14495671885998171        0.0000000000000000        7.0718204661980907E-002   14.161658006378262        16.790145609838188     
   2.1449999999999765        1.5826628407470362E-002  0.14141557202604269        0.0000000000000000        7.1815815686098183E-002   14.993635993625547        17.216868418749954     
   2.1499999999999764        1.5514127934702993E-002  0.13790681294774065        0.0000000000000000        7.3211574113419664E-002   15.873099803853425        17.639946004608536     
   2.1549999999999763        1.5207290698641884E-002  0.13442781618465807        0.0000000000000000        7.4917752904552146E-002   16.818784342442388        18.091510570444918     
   2.1599999999999762        1.4905787409098772E-002  0.13097669472411563        0.0000000000000000        7.6946421619593128E-002   17.812342059056085        18.527674680412936     
   2.1649999999999761        1.4609344490493939E-002  0.12755220285744986        0.0000000000000000        7.9309432133062505E-002   18.870718798266676        18.973284198728869     
   2.1699999999999759        1.4317732948486058E-002  0.12415364374031350        0.0000000000000000        8.2018408285731884E-002   20.005653288245188        19.441006561850926     
   2.1749999999999758        1.4030758240558503E-002  0.12078078309420076        0.0000000000000000        8.5084739988845096E-002   21.207907640339510        19.900200722068348     
   2.1799999999999757        1.3748251322267009E-002  0.11743377008534461        0.0000000000000000        8.8519582308470707E-002   22.492790763178512        20.376302154203380     
   2.1849999999999756        1.3470060969945174E-002  0.11411306602475514        0.0000000000000000        9.2333860066688825E-002   23.862158161730910        20.855076927346833     
   2.1899999999999755        1.3196047415944217E-002  0.11081938118096023        0.0000000000000000        9.6538278501718700E-002   25.324821134957190        21.345179905518787     
   2.1949999999999754        1.2926077276118034E-002  0.10755361969319510        0.0000000000000000       0.10114334053076277        26.886989069916432        21.841514699608776     
   2.1999999999999753        1.2660019702734405E-002  0.10431683232233324        0.0000000000000000       0.10615937115718753        28.557538414932711        22.347481172296540     
   2.2049999999999752        1.2397743660086087E-002  0.10111017658149041        0.0000000000000000       0.11159654955768408        30.344851025545509        22.861298928015252     
   2.2099999999999751        1.2139116194904501E-002   9.7934883646912468E-002   0.0000000000000000       0.11746494937544601        32.259264504331618        23.384303239032654     
   2.2149999999999750        1.1884001558761544E-002   9.4792231358946502E-002   0.0000000000000000       0.12377458773248011        34.311117859314088        23.916176655926293     
   2.2199999999999749        1.1632261033999411E-002   9.1683522577185719E-002   0.0000000000000000       0.13053548345850621        36.512637401715018        24.457282625989503     
   2.2249999999999748        1.1383753316997917E-002   8.8610068146587645E-002   0.0000000000000000       0.13775772501632352        38.876939208667444        25.008256629012372     
   2.2299999999999747        1.1138335321181320E-002   8.5573173755003298E-002   0.0000000000000000       0.14545154858508313        41.418408717763981        25.568715546877513     
   2.2349999999999746        1.0895863275401372E-002   8.2574130009559238E-002   0.0000000000000000       0.15362742674515392        44.153298697780187        26.139135926440343     
   2.2399999999999745        1.0656194009533750E-002   7.9614205122319370E-002   0.0000000000000000       0.16229616819297202        47.099400579548622        26.719899225000653     
   2.2449999999999743        1.0419186336777221E-002   7.6694639667985037E-002   0.0000000000000000       0.17146902890379515        50.276342406747581        27.311140615179585     
   2.2499999999999742        1.0184702459928519E-002   7.3816642952364661E-002   0.0000000000000000       0.18115783515747941        53.706517525318716        27.912595992826656     
   2.2549999999999741        9.9526093457796127E-003   7.0981390605297609E-002   0.0000000000000000       0.19137511885064185        57.414282644108873        28.524993624506514     
   2.2599999999999740        9.7227800269906392E-003   6.8190023082224896E-002   0.0000000000000000       0.20213426554204086        61.427108039956757        29.147884715184080     
   2.2649999999999739        9.4950948038679799E-003   6.5443644822284264E-002   0.0000000000000000       0.21344967572144460        65.775100106264631        29.782182902946307     
   2.2699999999999738        9.2694423292096085E-003   6.2743323866327930E-002   0.0000000000000000       0.22533693986144088        70.493223862201887        30.427327665600984     
   2.2749999999999737        9.0457205677795961E-003   6.0090091785115603E-002   0.0000000000000000       0.23781302791311709        75.619231101931504        31.083815238647887     
   2.2799999999999736        8.8238376282162179E-003   5.7484943806280969E-002   0.0000000000000000       0.25089649404807818        81.197336833481373        31.751218351250973     
   2.2849999999999735        8.6037124695397225E-003   5.4928839059136848E-002   0.0000000000000000       0.26460769763969394        87.274819844539380        32.429885568557310     
   2.2899999999999734        8.3852754872627763E-003   5.2422700879925080E-002   0.0000000000000000       0.27896904172622855        93.906153483619903        33.120653979893980     
   2.2949999999999733        8.1684689857559421E-003   4.9967417137766819E-002   0.0000000000000000       0.29400523051941113        101.15526164753364        33.821559147931076     
   2.2999999999999732        7.9532475443373548E-003   4.7563840554469529E-002   0.0000000000000000       0.30974354792809400        109.09052219094696        34.533620305989146     
   2.3049999999999731        7.7395782848219902E-003   4.5212789000512690E-002   0.0000000000000000       0.32621415957405886        117.79241510698539        35.256555984350058     
   2.3099999999999730        7.5274410482253241E-003   4.2915045755873904E-002   0.0000000000000000       0.34345044140495889        127.35049971535645        35.990217529942278     
   2.3149999999999729        7.3168284881508028E-003   4.0671359728671565E-002   0.0000000000000000       0.36148933878052703        137.86895526959577        36.733916589118380     
   2.3199999999999728        7.1077460882296717E-003   3.8482445627470600E-002   0.0000000000000000       0.38037176084985269        149.46477059912399        37.487636346780249     
   2.3249999999999726        6.9002121109141105E-003   3.6348984085048018E-002   0.0000000000000000       0.40014301618297660        162.27433279110670        38.250941028650239     
   2.3299999999999725        6.6942574850028611E-003   3.4271621732759688E-002   0.0000000000000000       0.42085329701021162        176.45223069843135        39.022325271875467     
   2.3349999999999724        6.4899256395428576E-003   3.2250971225687562E-002   0.0000000000000000       0.44255822110872556        192.17667014602810        39.802271896991137     
   2.3399999999999723        6.2872722922266318E-003   3.0287611219637613E-002   0.0000000000000000       0.46531944242263246        209.65577065614283        40.589392838180913     
   2.3449999999999722        6.0863652011333797E-003   2.8382086301971626E-002   0.0000000000000000       0.48920534399337412        229.13000900410356        41.382568151470068     
   2.3499999999999721        5.8872838896771801E-003   2.6534906879263090E-002   0.0000000000000000       0.51429182981882038        250.87533469948400        42.180886175322684     
   2.3549999999999720        5.6901193560140780E-003   2.4746549026006977E-002   0.0000000000000000       0.54066323599322441        275.21932095825576        42.982555801981114     
   2.3599999999999719        5.4949737800109311E-003   2.3017454300153905E-002   0.0000000000000000       0.56841338609178627        302.54224501813439        43.787030954228378     
   2.3649999999999718        5.3019602433592144E-003   2.1348029533218262E-002   0.0000000000000000       0.59764682150080539        333.28375181240858        44.590376865711747     
   2.3699999999999717        5.1112024817393294E-003   1.9738646605269389E-002   0.0000000000000000       0.62848024458957685        367.97692654206475        45.391801989739783     
   2.3749999999999716        4.9228346924335975E-003   1.8189642218470140E-002   0.0000000000000000       0.66104422172276378        407.23857322954382        46.188336641455827     
   2.3799999999999715        4.7370014269119860E-003   1.6701317687251905E-002   0.0000000000000000       0.69548520473385134        451.80615739838009        46.976912273379291     
   2.3849999999999714        4.5538576063582350E-003   1.5273938769126106E-002   0.0000000000000000       0.73196794446155833        502.55824799617392        47.753474987210183     
   2.3899999999999713        4.3735687098738736E-003   1.3907735568086549E-002   0.0000000000000000       0.77067838945317479        560.54030697574206        48.513841478101327     
   2.3949999999999712        4.1963112017206370E-003   1.2602902553412936E-002   0.0000000000000000       0.81182718858353398        627.01914394826224        49.252890763774218     
   2.3999999999999710        4.0222732877505645E-003   1.1359598751644800E-002   0.0000000000000000       0.85565395040988701        703.47330416450518        49.963679990509014     
   2.4049999999999709        3.8516561257482609E-003   1.0177948190402313E-002   0.0000000000000000       0.90243245783499637        791.78076600606391        50.639530144493548     
   2.4099999999999708        3.6846756654873784E-003   9.0580407023533611E-003   0.0000000000000000       0.95247709877137399        894.10028011983991        51.268161712435052     
   2.4149999999999707        3.5215653711536468E-003   7.9999332402238763E-003   0.0000000000000000        1.0061508588317223        1013.1417420297590        51.843114658897640     
   2.4199999999999706        3.3625801967574033E-003   7.0036519160417386E-003   0.0000000000000000        1.0638753407455166        1152.1521125816441        52.343240714085589     
   2.4249999999999705        3.2080023703477171E-003   6.0691950705525901E-003   0.0000000000000000        1.1261434424520480        1315.0695577716704        52.751393122438266     
   2.4299999999999704        3.0581498408757696E-003   5.1965378196493339E-003   0.0000000000000000        1.1935355649384936        1506.6269330621092        53.043028505516645     
   2.4349999999999703        2.9133887348149166E-003   4.3856387436019776E-003   0.0000000000000000        1.2667405681548412        1732.5769040487125        53.188473827070226     
   2.4399999999999702        2.7741520122225617E-003   3.6364497338490761E-003   0.0000000000000000        1.3465832063870598        1999.6820520502572        53.152918710189795     
   2.4449999999999701        2.6409680040250351E-003   2.9489305847750801E-003   0.0000000000000000        1.4340605469237111        2315.8510667575101        52.900352329532303     
   2.4499999999999700        2.5145052665252153E-003   2.3230708897416050E-003   0.0000000000000000        1.5303910634642137        2689.7102187550258        52.390644512121440     
   2.4549999999999699        2.3956455246109238E-003   1.7589235160280796E-003   0.0000000000000000        1.6370819646116828        3131.0164879010717        51.586064987125127     
   2.4599999999999698        2.2856074175433266E-003   1.2566571056663674E-003   0.0000000000000000        1.7560233363312021        3650.0073818852611        50.424358615447282     
   2.4649999999999697        2.1861677932409861E-003   8.1664125530045927E-004   0.0000000000000000        1.8896226975165127        4261.6484935115031        48.798108576405241     
   2.4699999999999696        2.1000847026705987E-003   4.3959104032852137E-004   0.0000000000000000        2.0410021991025680        4989.5964612964708        46.518049017684554     
   2.4749999999999694        2.0319787029618847E-003   1.2682732774037451E-004   0.0000000000000000        2.2142961113507611        5831.7060478516578        43.178415903238196     
   2.4799999999999693        1.9903942923487229E-003  -1.1921424001070544E-004   0.0000000000000000        2.4151150069084197        6601.3432681282220        37.984945728593530     
