0 0.05301176053222646 0.8457346127967735
1 0.050505406109204155 0.8581866610197959
2 0.04790447227399233 0.8711085978550077
3 0.044405034022980065 0.88849447650602
4 0.040905595771967784 0.9058803551570322
5 0.03740615752095552 0.9232662338080445
6 0.03385942956384848 0.9408870567651516
7 0.030312701606741446 0.9585078797222586
8 0.051102579894090505 0.8367598266349096
9 0.04898590498723468 0.8480715769417654
10 0.04682603263330017 0.8596141792956998
11 0.044666160279365666 0.8711567816496344
12 0.042463090478352464 0.8829302360506476
13 0.04030321812441796 0.8944728384045821
14 0.03814334577048344 0.9060154407585166
15 0.03594027596947024 0.9177888951595298
16 0.033737206168457046 0.929562349560543
17 0.03157733381452254 0.9411049519144775
18 0.10872434906963521 0.7853306592593647
19 0.10275048373613876 0.8081934385928613
20 0.0960464793063261 0.833850557622674
21 0.0896079800024466 0.8584915531265535
22 0.08297035185411722 0.8838946412748829
23 0.07659822883172102 0.9082816058972789
24 0.06982784812042506 0.934192755808575
25 0.06338934881654557 0.9588337513124545
26 0.05661896810524959 0.9847449012237504
27 0.04984858739395363 1.0106560511350464
28 0.05976400000000002 0.841046573929
29 0.05516128000000001 0.869856737329
30 0.051093760000000016 0.895316881729
31 0.047383040000000015 0.918543680129
32 0.04395776000000001 0.9399838017290001
33 0.040782240000000004 0.959860581129
34 0.03789216000000001 0.9779506837290002
35 0.03521616000000001 0.9947007787289999
36 0.03275424000000001 1.010110866129
37 0.1125803883243941 0.777346218804606
38 0.10867845441087819 0.7926950833181219
39 0.1052882495352004 0.8060309819937996
40 0.10208994304871194 0.8186120184802881
41 0.09889163656222347 0.8311930549667765
42 0.095693330075735 0.843774091453265
43 0.09249502358924652 0.8563551279397534
44 0.08916878484329852 0.8694394058857016
45 0.08597047835681006 0.88202044237219
46 0.0827082057405918 0.8948530995884082
47 0.07950989925410334 0.9074341360748966
48 0.0762476266378851 0.9202667932911149
49 0.07298535402166687 0.9330994505073332
50 0.06972308140544863 0.9459321077235514
51 0.06652477491896015 0.9585131442100399
52 0.06326250230274191 0.9713458014262583
53 0.06006419581625345 0.9839268379127467
54 0.0570577877189543 0.9957530122100456
55 0.0534756844540872 1.0098437730749128
56 0.05021341183786897 1.022676430291131
57 0.17410417165977887 0.7101927974692211
58 0.1712134477470216 0.7196514323819784
59 0.16270646023233604 0.747486843696664
60 0.1542820648294435 0.7750520082995566
61 0.14362768240813825 0.8099138341208617
62 0.1361118002349694 0.8345062848940307
63 0.12776999694386998 0.8618012027851301
64 0.1194281936527705 0.8890961206762297
65 0.11100379824987797 0.916661285279122
66 0.10257940284698547 0.9442264498820145
67 0.09423759955588601 0.971521367773114
68 0.08581320415299347 0.9990865323760066
69 0.07738880875010094 1.026651696978899
70 0.06896441334720843 1.0542168615817915
71 0.0605400179443159 1.0817820261846842
72 0.051124517199906606 1.1125901513290934
73 0.08794764000000001 0.822245663929
74 0.08132652000000001 0.8573902831290001
75 0.07527168000000001 0.8895291125290001
76 0.06965244000000001 0.919355795929
77 0.06455592000000002 0.946407904129
78 0.05985144000000001 0.971379080929
79 0.05549544000000001 0.994500540929
80 0.05148792000000001 1.015772284129
81 0.04782888000000001 1.035194310529
82 0.044431200000000004 1.053229049329
83 0.041294880000000006 1.069876500529
84 0.16344404517058356 0.7229171245584165
85 0.1519518857445269 0.7631204377844731
86 0.13768057665334543 0.8130461208756546
87 0.12506173493061656 0.8571909353983834
88 0.1131940147390025 0.8987080823899976
89 0.10290364976272952 0.9347071275662705
90 0.0933644063175714 0.9680785052114287
91 0.08547763024086585 0.9956690142881343
92 0.07759085416416031 1.0232595233648396
93 0.07045519961856957 1.0482223649104305
94 0.06489690028831994 1.06766710464068
95 0.0593386009580703 1.0871118443709298
96 0.23040544108754005 0.66909155064146
97 0.212709725392729 0.723567567936271
98 0.19663912644540057 0.7730406856835994
99 0.18192279145430768 0.8183447204746924
100 0.16828986762820322 0.8603134889007968
101 0.15583063923083626 0.8986690520981638
102 0.1336207103485734 0.9670420125804267
103 0.12377972559992846 0.9973373487290715
104 0.1148415834887739 1.0248532962402261
105 0.10662571548761163 1.0501457328413886
106 0.09705558353021376 1.0796072523987863
107 0.08847857847405537 1.1060114444549447
108 0.08089470031913631 1.1293583090098638
109 0.14039436000000002 0.744277918329
110 0.12591852000000003 0.809795809529
111 0.11639214000000003 0.8529123629290001
112 0.10745118000000002 0.8933792957290001
113 0.09952140000000002 0.929269611129
114 0.09228348000000001 0.962028556729
115 0.08829198000000002 0.9800941517289999
116 0.08493912 0.995269251529
117 0.07860594000000001 1.023933328929
118 0.07317750000000002 1.0485025381289999
119 0.06806838000000003 1.0716264997290001
120 0.06301248000000002 1.094509586729
121 0.25337199443383707 0.638431158695163
122 0.23777545550154272 0.6846153974274574
123 0.2231357594485302 0.7279662472804698
124 0.20849606339551774 0.7713170971334823
125 0.19385636734250525 0.8146679469864949
126 0.17912098700156456 0.8583021357274355
127 0.16275897376584472 0.9067530855631553
128 0.14802359342490407 0.950387274304096
129 0.13845516463208543 0.9787211630969147
130 0.12879105155133863 1.0073383907776614
131 0.11903125418266365 1.0362389573463362
132 0.10008576517288276 1.0923400571561173
133 0.08975186207663866 1.1229406570523615
134 0.07999206470796368 1.1518412236210362
135 0.07023226733928867 1.1807417901897113
136 0.08368559999999998 0.819752138329
137 0.08061239999999997 0.842341416729
138 0.07756874999999999 0.864713490529
139 0.07295894999999998 0.898597408129
140 0.07097909999999998 0.9131501163290001
141 0.06834915 0.9324813257290001
142 0.05975009999999999 0.9956878643289999
143 0.056381399999999984 1.020449188729
144 0.052658099999999985 1.0478169683290002
145 0.04928939999999998 1.0725782927290002
146 0.046186649999999996 1.0953847757289998
147 0.043733999999999995 1.113412757529
148 0.04066079999999999 1.1360020359290002
149 0.3801595032830769 0.5090164854459232
150 0.3668227199364868 0.5428076201925132
151 0.3419844904010943 0.6057397335279058
152 0.3170239050551825 0.6689818572738175
153 0.2920633197092709 0.7322239810197292
154 0.26698037855283996 0.79577611517616
155 0.2418974373964091 0.8593282493325909
156 0.21461209165063305 0.9284605708783671
157 0.18965150630472136 0.9917026946242785
158 0.1766817903896888 1.0245637981393112
159 0.1644462093377713 1.055564839191229
160 0.1519659166648154 1.087185901064185
161 0.13973033561289794 1.1181869421161021
162 0.1271276871294229 1.150118014399577
163 0.1147697502669862 1.1814290658620137
164 0.10228945759403033 1.2130501277349697
165 0.08980916492107449 1.2446711896079257
166 0.06350266565945183 1.3113234278695485
167 0.19216914000000002 0.7212142921290001
168 0.17743595999999998 0.7792956847290001
169 0.16397838 0.832348385329
170 0.15160506 0.881126697729
171 0.14012465999999998 0.9263849257290001
172 0.12947340000000002 0.9683745039290002
173 0.11984262 1.006341128529
174 0.11550558 1.0234386813290002
175 0.11084964 1.041793407129
176 0.10262202000000001 1.074228470529
177 0.09509598000000001 1.103897753329
178 0.08808018000000001 1.131555559329
179 0.0816384 1.1569504539289999
180 0.07577064 1.180082437129
181 0.07028556 1.201705812729
182 0.06531072 1.221317711529
183 0.06071855999999999 1.239421002729
184 0.370230796286797 0.513503209042203
185 0.3518880547078463 0.5624336504211538
186 0.3253304656732918 0.6332777250557082
187 0.30068592330648075 0.6990186248225192
188 0.277954427607413 0.7596563497215869
189 0.2569109142622364 0.8157912732667636
190 0.23744285111402486 0.8677235822149753
191 0.21966277031970452 0.9151530898092957
192 0.2033456075654232 0.9586801695635769
193 0.1882662985373287 0.9989051949916714
194 0.17431231107849504 1.036128352850505
195 0.16148364518892214 1.0703496431400779
196 0.1496677687116839 1.1018692526173162
197 0.13886468164678042 1.1306871812822197
198 0.12884931968035948 1.1574038026486406
199 0.11973421496934715 1.1817189299596527
200 0.11129430319989128 1.204232936729109
201 0.10341705221506581 1.2252460097139344
202 0.09621499417179682 1.2444579621572032
203 0.08968812907008429 1.2618687940589155
204 0.08361139259607606 1.278078878932924
205 0.46038406505706203 0.42897957827193794
206 0.4330651626289464 0.4943923645000536
207 0.40547710845277046 0.5604496116762296
208 0.37883108539480553 0.6242512455341944
209 0.3519159105887803 0.6886973403402197
210 0.325000735782755 0.753143435146245
211 0.2980855609767298 0.8175895299522703
212 0.27103581029667445 0.8823578552323256
213 0.241832845632137 0.952281868096863
214 0.215186822574172 1.016083501954828
215 0.18827164776814673 1.0805295967608533
216 0.16162562471018171 1.1443312306188183
217 0.14157381947969291 1.1923435712493071
218 0.1282508079507104 1.2242443881782896
219 0.11479322054769776 1.2564674355813021
220 0.10133563314468512 1.2886904829843149
221 0.07482418596075023 1.35216988636825
222 0.11502413999999997 0.7959197823290001
223 0.10946573999999996 0.831502918329
224 0.10435895999999997 0.864194924529
225 0.09921743999999996 0.897109325329
226 0.09445805999999995 0.9275773855289999
227 0.09004607999999997 0.955821499729
228 0.08563409999999999 0.984065613929
229 0.08156951999999999 1.0100857821290001
230 0.07826921999999999 1.0312132691290001
231 0.07455203999999999 1.055009491329
232 0.07086959999999999 1.0785833189290002
233 0.06718716 1.102157146529
234 0.06350471999999999 1.125730974129
235 0.05982227999999999 1.1493048017290002
236 0.05613983999999999 1.172878629329
237 0.05242265999999999 1.196674851529
238 0.04874021999999999 1.220248679129
239 0.25197480000000005 0.633823405929
240 0.24049872000000003 0.675511876529
241 0.22196592000000007 0.742834872529
242 0.20457360000000005 0.8060149149290001
243 0.18939096000000005 0.8611679847289999
244 0.17506368000000003 0.9132138393289999
245 0.16180560000000005 0.9613756749289999
246 0.14954544000000003 1.005912426129
247 0.13835448000000003 1.046565158329
248 0.12794760000000005 1.084369609929
249 0.11846736000000004 1.118807911729
250 0.10969992000000003 1.150656867529
251 0.10171656000000004 1.179657542729
252 0.09430344000000004 1.206586741129
253 0.08738928000000003 1.231703397329
254 0.08111664000000002 1.254489642129
255 0.07541424000000004 1.275204410129
256 0.07013952000000002 1.294365570529
257 0.48911286077424004 0.42746069955476
258 0.4603811896918041 0.49616280043719596
259 0.4328635328804568 0.5619619956485433
260 0.40534587606910955 0.6277611908598906
261 0.37769332878319695 0.693882931145803
262 0.3500407814972843 0.7600046714317157
263 0.3223882342113717 0.8261264117176284
264 0.29460079645089365 0.8925706970781064
265 0.26681335869041556 0.9590149824385845
266 0.2374072352351524 1.0293298086938476
267 0.20921512605097806 1.096741729278022
268 0.18169746923963082 1.1625409244893694
269 0.1541798124282836 1.2283401197007164
270 0.12666215561693644 1.2941393149120635
271 0.11290332721126277 1.3270389125177373
272 0.15130943999999996 0.741807295329
273 0.14554115999999995 0.7751608015290001
274 0.13451471999999995 0.8389181841290001
275 0.12623507999999994 0.886792944729
276 0.11787695999999995 0.9351214945290002
277 0.11163779999999995 0.971197735929
278 0.10539863999999996 1.007273977329
279 0.09912023999999996 1.0435771133290002
280 0.09284183999999998 1.079880249329
281 0.08656343999999998 1.1161833853290002
282 0.08028503999999999 1.152486521329
283 0.07400663999999997 1.1887896573290002
284 0.06772823999999998 1.2250927933290001
285 0.06356879999999998 1.2491436209289999
286 0.05937011999999998 1.273421343129
287 0.05521067999999999 1.297472170729
288 0.19811396999999992 0.6829928709290001
289 0.18569009999999994 0.747772374329
290 0.17633879999999993 0.7965311403290001
291 0.16689843999999995 0.845754275529
292 0.15750260999999993 0.8947452261290001
293 0.14806224999999995 0.9439683613290002
294 0.13857735999999996 0.993423681129
295 0.12913699999999995 1.042646816329
296 0.12401604999999995 1.069348045329
297 0.11965210999999996 1.0921021361290002
298 0.11016721999999997 1.1415574559290003
299 0.10063779999999997 1.191244960329
300 0.09591761999999997 1.215856527929
301 0.08643272999999999 1.265311847729
302 0.07930792999999998 1.302461383729
303 0.07187141999999999 1.341236211929
304 0.06719576999999999 1.3656155949289999
305 0.06265370999999999 1.389298424129
306 0.057888999999999975 1.414142176329
307 0.05316881999999997 1.4387537439290001
308 0.3789010800000001 0.599973807529
309 0.3765895800000001 0.606976672529
310 0.35328966000000006 0.6775655517289999
311 0.32582904 0.760759587929
312 0.30067992000000004 0.836950759129
313 0.2783046 0.904738492329
314 0.23642022000000004 1.031630406129
315 0.21894528000000005 1.084572065529
316 0.20230248000000006 1.134992693529
317 0.17752320000000005 1.2100634063290001
318 0.17206806000000005 1.226590167729
319 0.16032564000000005 1.262164721929
320 0.14756616000000003 1.300820536729
321 0.1368408 1.333313830329
322 0.11927340000000006 1.386535604329
323 0.09976434000000005 1.445639784929
324 0.2431963599999999 0.6399746815290002
325 0.2319354399999999 0.6940208503290002
326 0.2216129299999999 0.7435631717290001
327 0.21119163999999988 0.793579582329
328 0.2008197399999999 0.8433589483290002
329 0.1903490599999999 0.8936124035290001
330 0.17987837999999992 0.9438658587290001
331 0.16935830999999993 0.9943563585290002
332 0.15883823999999994 1.0448468583290003
333 0.14836755999999993 1.0951003135290003
334 0.13784748999999993 1.145590813329
335 0.12732741999999994 1.1960813131290002
336 0.11680734999999993 1.2465718129290002
337 0.10628727999999994 1.2970623127290002
338 0.09576720999999996 1.347552812529
339 0.08524713999999999 1.3980433123290001
340 0.07472706999999996 1.4485338121290001
341 0.06944233999999996 1.473897584329
342 0.06420699999999997 1.499024311929
343 0.39185749999999997 0.732825011729
344 0.337635 0.886316795129
345 0.3106775 0.9626274549290001
346 0.2830025 1.040969196929
347 0.25666 1.1155389291289999
348 0.2292925 1.1930102073289999
349 0.20223250000000004 1.269611021729
350 0.1483175 1.422232341329
351 0.26525942999999996 0.664262297729
352 0.2515236299999999 0.7267882937290001
353 0.2376293399999999 0.7900357435290001
354 0.2168143199999999 0.8847866759290002
355 0.20978792999999993 0.9167711277290002
356 0.2024973899999999 0.9499580025290001
357 0.19578797999999992 0.9804995467290001
358 0.18907856999999992 1.011041090929
359 0.17787860999999994 1.0620238261290003
360 0.16667864999999993 1.113006561329
361 0.16202960999999994 1.134169206129
362 0.15669377999999992 1.1584581507290002
363 0.14401457999999995 1.216174454729
364 0.13292027999999995 1.2666762207289999
365 0.12156182999999994 1.3183804097290002
366 0.11046752999999997 1.3688821757290002
367 0.09921473999999994 1.4201053955290002
368 0.08769779999999996 1.472531038329
369 0.3418023 0.552252708329
370 0.33227184000000004 0.5921832135289999
371 0.31838795999999997 0.650353579129
372 0.30991644 0.6858473615289999
373 0.29756214 0.7376091275290002
374 0.28132505999999996 0.8056388771290002
375 0.2649703199999999 0.8741615959290001
376 0.25608698999999996 0.911380770529
377 0.24967451999999996 0.9382475919290001
378 0.24420332999999994 0.961170659729
379 0.23702606999999995 0.991241780929
380 0.23155487999999996 1.014164848729
381 0.22184792999999994 1.054834807729
382 0.21478832999999994 1.084412959729
383 0.19825709999999994 1.1536751323290002
384 0.19166813999999996 1.1812814075290001
385 0.18331427999999997 1.2162822207289998
386 0.16931274 1.274945555529
387 0.16307676 1.301072923129
388 0.15637013999999996 1.3291721675290002
389 0.14448648 1.378962056729
390 0.13195569 1.4314632765289999
391 0.12342534 1.4672035435289998
392 0.10830602999999998 1.530550085729
393 0.10565867999999999 1.5416418927290003
394 0.10083462 1.5618536299289998
395 0.09777546000000001 1.574670829129
396 0.08877447 1.612382972929
397 0.08253848999999999 1.638510340529
398 0.07624368000000001 1.6648841927290001
399 0.3968688 0.7736014341290001
400 0.38789759999999995 0.8062171137290001
401 0.32395999999999997 1.038668544529
402 0.3166976 1.065071713729
403 0.3056616 1.1051941767289999
404 0.2988264 1.130044218329
405 0.2789616 1.202264651729
406 0.27241119999999996 1.226079274929
407 0.2568184 1.282768432329
408 0.25112239999999997 1.3034768003290003
409 0.23460399999999998 1.363531067529
410 0.2294064 1.382427453329
411 0.2123184 1.4445525573290001
412 0.20769039999999997 1.4613781063290001
413 0.18996159999999998 1.525832901729
414 0.185832 1.5408464685290002
415 0.16767600000000005 1.6068543915290001
416 0.16411600000000004 1.619797121529
417 0.1453904 1.6878758813290002
418 0.14232880000000003 1.699006629129
419 0.12296240000000001 1.769415080329
