    0  0.1168012E-06  0.8714867E-01  0.0000000E+00  0.0000000E+00
    1  0.5531916E-05  0.2010725E+02  0.0000000E+00  0.0000000E+00
    2  0.9528846E-02  0.2292542E-01  0.1453170E-02  0.1672998E-02
    3  0.1173403E-01  0.3391766E-01  0.8076729E-02  0.9876326E-02
    4  0.1199833E-01  0.2719661E-01  0.1188531E-01  0.1525032E-01
    5  0.1350109E-01  0.2444810E-01  0.1346860E-01  0.1836828E-01
    6  0.1258569E-01  0.2068609E-01  0.1258311E-01  0.1859568E-01
    7  0.9994877E-02  0.1704531E-01  0.9994825E-02  0.1649608E-01
    8  0.2489194E-08  0.2194028E-06  0.0000000E+00  0.0000000E+00
    9  0.6731567E-07  0.2507587E-02  0.0000000E+00  0.0000000E+00
   10  0.2090059E-05  0.4099874E+01  0.0000000E+00  0.0000000E+00
   11  0.5728720E-02  0.1088212E+00  0.3923923E-03  0.4456835E-03
   12  0.9559479E-02  0.3357282E-01  0.4365302E-02  0.5377365E-02
   13  0.1137233E-01  0.3197726E-01  0.8574072E-02  0.1087559E-01
   14  0.1123374E-01  0.2703432E-01  0.1107503E-01  0.1450527E-01
   15  0.1263687E-01  0.2616542E-01  0.1257187E-01  0.1712020E-01
   16  0.1286134E-01  0.2302383E-01  0.1283926E-01  0.1832357E-01
   17  0.1201511E-01  0.2038298E-01  0.1201097E-01  0.1813319E-01
   18  0.6118668E-08  0.1327707E-06  0.0000000E+00  0.0000000E+00
   19  0.1798570E-05  0.3289348E+01  0.0000000E+00  0.0000000E+00
   20  0.5698004E-02  0.9954560E-02  0.5107133E-02  0.4070907E-02
   21  0.1260852E-01  0.1568585E-01  0.1237781E-01  0.1013720E-01
   22  0.1732205E-01  0.2006342E-01  0.1726981E-01  0.1475581E-01
   23  0.1964356E-01  0.2000101E-01  0.1964247E-01  0.1787813E-01
   24  0.1924527E-01  0.1937789E-01  0.1924527E-01  0.1916285E-01
   25  0.1652851E-01  0.1832303E-01  0.1652851E-01  0.1831713E-01
   26  0.1246774E-01  0.1588641E-01  0.1246774E-01  0.1588638E-01
   27  0.8491432E-02  0.1285518E-01  0.8491432E-02  0.1285518E-01
   28  0.2198973E-06  0.2182088E-01  0.0000000E+00  0.0000000E+00
   29  0.7149151E-02  0.2426924E-01  0.4020545E-02  0.4436366E-02
   30  0.1250836E-01  0.2588507E-01  0.1235348E-01  0.1435267E-01
   31  0.1542238E-01  0.2399716E-01  0.1539994E-01  0.1900306E-01
   32  0.1483597E-01  0.2108086E-01  0.1483561E-01  0.1971145E-01
   33  0.1237217E-01  0.1817056E-01  0.1237217E-01  0.1799223E-01
   34  0.9562970E-02  0.1549369E-01  0.9562970E-02  0.1548307E-01
   35  0.7084426E-02  0.1301807E-01  0.7084426E-02  0.1301774E-01
   36  0.5135658E-02  0.1091014E-01  0.5135658E-02  0.1091013E-01
   37  0.1001346E-08  0.2698406E-07  0.0000000E+00  0.0000000E+00
   38  0.8275867E-07  0.8089686E-05  0.0000000E+00  0.0000000E+00
   39  0.1842461E-05  0.3970581E+01  0.0000000E+00  0.0000000E+00
   40  0.8437429E-02  0.9157425E-01  0.7036142E-03  0.5270125E-03
   41  0.5616620E-02  0.9211428E-02  0.5055298E-02  0.3951276E-02
   42  0.9845884E-02  0.1268483E-01  0.9421866E-02  0.7453051E-02
   43  0.1267519E-01  0.1517868E-01  0.1244932E-01  0.9958008E-02
   44  0.1537549E-01  0.1822988E-01  0.1523574E-01  0.1239265E-01
   45  0.1747392E-01  0.1958064E-01  0.1742784E-01  0.1448583E-01
   46  0.1905325E-01  0.1981550E-01  0.1904568E-01  0.1628785E-01
   47  0.1996078E-01  0.1948954E-01  0.1996012E-01  0.1765073E-01
   48  0.2017064E-01  0.1922346E-01  0.2017061E-01  0.1855980E-01
   49  0.1967656E-01  0.1910501E-01  0.1967656E-01  0.1894098E-01
   50  0.1855275E-01  0.1882345E-01  0.1855275E-01  0.1879581E-01
   51  0.1699705E-01  0.1819929E-01  0.1699705E-01  0.1819597E-01
   52  0.1510577E-01  0.1721149E-01  0.1510577E-01  0.1721123E-01
   53  0.1312057E-01  0.1599238E-01  0.1312057E-01  0.1599237E-01
   54  0.1126620E-01  0.1471578E-01  0.1126620E-01  0.1471578E-01
   55  0.9209943E-02  0.1313820E-01  0.9209943E-02  0.1313820E-01
   56  0.7525607E-02  0.1171899E-01  0.7525607E-02  0.1171899E-01
   57  0.2027049E-11  0.2849878E-09  0.0000000E+00  0.0000000E+00
   58  0.5202774E-10  0.3029780E-08  0.0000000E+00  0.0000000E+00
   59  0.1099561E-06  0.4261934E-03  0.0000000E+00  0.0000000E+00
   60  0.1857220E-01  0.1581321E-02  0.2054267E-02  0.1171600E-02
   61  0.9886897E-02  0.7459500E-02  0.9778988E-02  0.5599749E-02
   62  0.1439330E-01  0.1158792E-01  0.1436122E-01  0.8292248E-02
   63  0.1885009E-01  0.1280525E-01  0.1884945E-01  0.1119060E-01
   64  0.2191994E-01  0.1388031E-01  0.2191994E-01  0.1370485E-01
   65  0.2293913E-01  0.1548243E-01  0.2293913E-01  0.1547848E-01
   66  0.2166211E-01  0.1611255E-01  0.2166211E-01  0.1611254E-01
   67  0.1863066E-01  0.1552388E-01  0.1863066E-01  0.1552388E-01
   68  0.1475210E-01  0.1399380E-01  0.1475210E-01  0.1399380E-01
   69  0.1104707E-01  0.1200617E-01  0.1104707E-01  0.1200617E-01
   70  0.8107678E-02  0.9957568E-02  0.8107678E-02  0.9957568E-02
   71  0.6144479E-02  0.8078060E-02  0.6144479E-02  0.8078060E-02
   72  0.4892652E-02  0.6224244E-02  0.4892652E-02  0.6224244E-02
   73  0.2248471E-05  0.5673359E+01  0.0000000E+00  0.0000000E+00
   74  0.1030876E-01  0.1678345E-01  0.9806991E-02  0.8661852E-02
   75  0.1699825E-01  0.2134547E-01  0.1693672E-01  0.1555834E-01
   76  0.1930462E-01  0.2034613E-01  0.1930436E-01  0.1896511E-01
   77  0.1783312E-01  0.1915785E-01  0.1783312E-01  0.1909722E-01
   78  0.1458743E-01  0.1728180E-01  0.1458743E-01  0.1728121E-01
   79  0.1115508E-01  0.1481137E-01  0.1115508E-01  0.1481137E-01
   80  0.8327131E-02  0.1244995E-01  0.8327131E-02  0.1244995E-01
   81  0.6268377E-02  0.1046467E-01  0.6268377E-02  0.1046467E-01
   82  0.4805134E-02  0.8833044E-02  0.4805134E-02  0.8833044E-02
   83  0.3887607E-02  0.7526949E-02  0.3887607E-02  0.7526949E-02
   84  0.1129508E-10  0.9393851E-09  0.0000000E+00  0.0000000E+00
   85  0.7696109E-06  0.3282096E+01  0.0000000E+00  0.0000000E+00
   86  0.9745076E-02  0.7551273E-02  0.9615564E-02  0.5722959E-02
   87  0.1779969E-01  0.1344960E-01  0.1779570E-01  0.1082688E-01
   88  0.2234856E-01  0.1478261E-01  0.2234856E-01  0.1468494E-01
   89  0.2221271E-01  0.1627424E-01  0.2221271E-01  0.1627396E-01
   90  0.1891360E-01  0.1579519E-01  0.1891360E-01  0.1579519E-01
   91  0.1508128E-01  0.1427193E-01  0.1508128E-01  0.1427193E-01
   92  0.1134955E-01  0.1226292E-01  0.1134955E-01  0.1226292E-01
   93  0.8622036E-02  0.1038831E-01  0.8622036E-02  0.1038831E-01
   94  0.7016630E-02  0.9008106E-02  0.7016630E-02  0.9008106E-02
   95  0.5916271E-02  0.7757888E-02  0.5916271E-02  0.7757888E-02
   96  0.3209306E-10  0.3317257E-08  0.0000000E+00  0.0000000E+00
   97  0.5187645E-02  0.8730480E-03  0.1696453E-02  0.7437269E-03
   98  0.8145051E-02  0.4762017E-02  0.8133327E-02  0.3527678E-02
   99  0.1474384E-01  0.6923910E-02  0.1474382E-01  0.6480974E-02
  100  0.2032644E-01  0.9341075E-02  0.2032644E-01  0.9336276E-02
  101  0.2333780E-01  0.1155241E-01  0.2333780E-01  0.1155241E-01
  102  0.2112362E-01  0.1290697E-01  0.2112362E-01  0.1290697E-01
  103  0.1774982E-01  0.1220684E-01  0.1774982E-01  0.1220684E-01
  104  0.1456661E-01  0.1114860E-01  0.1456661E-01  0.1114860E-01
  105  0.1195691E-01  0.9987073E-02  0.1195691E-01  0.9987073E-02
  106  0.9724711E-02  0.8621622E-02  0.9724711E-02  0.8621622E-02
  107  0.8513951E-02  0.7479717E-02  0.8513951E-02  0.7479717E-02
  108  0.8014805E-02  0.6576048E-02  0.8014805E-02  0.6576048E-02
  109  0.2231022E-10  0.1409537E-08  0.0000000E+00  0.0000000E+00
  110  0.6562277E-02  0.6033201E-02  0.6135848E-02  0.4024812E-02
  111  0.1597177E-01  0.1451470E-01  0.1592832E-01  0.1042647E-01
  112  0.2154456E-01  0.1529503E-01  0.2154455E-01  0.1479800E-01
  113  0.2218136E-01  0.1662801E-01  0.2218136E-01  0.1662543E-01
  114  0.1944816E-01  0.1622867E-01  0.1944816E-01  0.1622867E-01
  115  0.1715451E-01  0.1532355E-01  0.1715451E-01  0.1532355E-01
  116  0.1507463E-01  0.1432632E-01  0.1507463E-01  0.1432632E-01
  117  0.1139716E-01  0.1219838E-01  0.1139716E-01  0.1219838E-01
  118  0.8913454E-02  0.1039903E-01  0.8913454E-02  0.1039903E-01
  119  0.7254280E-02  0.8862992E-02  0.7254280E-02  0.8862992E-02
  120  0.6215181E-02  0.7528079E-02  0.6215181E-02  0.7528079E-02
  121  0.1688692E-12  0.8545379E-10  0.0000000E+00  0.0000000E+00
  122  0.4509610E-07  0.3750932E+01  0.0000000E+00  0.0000000E+00
  123  0.3803828E-02  0.1747967E-02  0.3789768E-02  0.1544838E-02
  124  0.8636796E-02  0.4540433E-02  0.8634446E-02  0.3509031E-02
  125  0.1462195E-01  0.6209035E-02  0.1462195E-01  0.6055083E-02
  126  0.2018190E-01  0.8764002E-02  0.2018190E-01  0.8763373E-02
  127  0.2352938E-01  0.1126988E-01  0.2352938E-01  0.1126988E-01
  128  0.2255223E-01  0.1230527E-01  0.2255223E-01  0.1230527E-01
  129  0.2012391E-01  0.1215267E-01  0.2012391E-01  0.1215267E-01
  130  0.1700107E-01  0.1145033E-01  0.1700107E-01  0.1145033E-01
  131  0.1387590E-01  0.1039766E-01  0.1387590E-01  0.1039766E-01
  132  0.9599369E-02  0.8037579E-02  0.9599369E-02  0.8037579E-02
  133  0.8585436E-02  0.6835929E-02  0.8585436E-02  0.6835929E-02
  134  0.8438154E-02  0.5857268E-02  0.8438154E-02  0.5857268E-02
  135  0.8904187E-02  0.4966343E-02  0.8904187E-02  0.4966343E-02
  136  0.3448060E-06  0.2350334E-02  0.0000000E+00  0.0000000E+00
  137  0.2386083E-01  0.8485290E-02  0.2383293E-02  0.2111743E-02
  138  0.1139944E-01  0.1773586E-01  0.1108802E-01  0.1007338E-01
  139  0.1805558E-01  0.2146082E-01  0.1803525E-01  0.1695401E-01
  140  0.1920762E-01  0.2066825E-01  0.1920649E-01  0.1853265E-01
  141  0.1911156E-01  0.1962051E-01  0.1911156E-01  0.1928504E-01
  142  0.1172329E-01  0.1476998E-01  0.1172329E-01  0.1476998E-01
  143  0.8700164E-02  0.1224518E-01  0.8700164E-02  0.1224518E-01
  144  0.6299922E-02  0.9811923E-02  0.6299922E-02  0.9811923E-02
  145  0.4941776E-02  0.8006892E-02  0.4941776E-02  0.8006892E-02
  146  0.4256932E-02  0.6640507E-02  0.4256932E-02  0.6640507E-02
  147  0.4110477E-02  0.5746870E-02  0.4110477E-02  0.5746870E-02
  148  0.4243123E-02  0.4789686E-02  0.4243123E-02  0.4789686E-02
  149  0.3338683E-18  0.2527984E-13  0.0000000E+00  0.0000000E+00
  150  0.3183806E-13  0.8301000E-10  0.0000000E+00  0.0000000E+00
  151  0.5213029E-03  0.1434029E-03  0.5000415E-03  0.1412137E-03
  152  0.2692233E-02  0.8486261E-03  0.2692200E-02  0.7558985E-03
  153  0.6828597E-02  0.2018366E-02  0.6828597E-02  0.2012120E-02
  154  0.1297875E-01  0.4055320E-02  0.1297875E-01  0.4055320E-02
  155  0.1904137E-01  0.6424971E-02  0.1904137E-01  0.6424971E-02
  156  0.2195524E-01  0.8501262E-02  0.2195524E-01  0.8501262E-02
  157  0.1937825E-01  0.8974622E-02  0.1937825E-01  0.8974622E-02
  158  0.1684517E-01  0.8647774E-02  0.1684517E-01  0.8647774E-02
  159  0.1441301E-01  0.8070055E-02  0.1441301E-01  0.8070055E-02
  160  0.1252778E-01  0.7414995E-02  0.1252778E-01  0.7414995E-02
  161  0.1139030E-01  0.6671800E-02  0.1139030E-01  0.6671800E-02
  162  0.1112895E-01  0.5987932E-02  0.1112895E-01  0.5987932E-02
  163  0.1164076E-01  0.5358299E-02  0.1164076E-01  0.5358299E-02
  164  0.1286025E-01  0.4832817E-02  0.1286025E-01  0.4832817E-02
  165  0.1468329E-01  0.4227821E-02  0.1468329E-01  0.4227821E-02
  166  0.2022209E-01  0.3139003E-02  0.2022209E-01  0.3139003E-02
  167  0.5550718E-07  0.3301182E-02  0.0000000E+00  0.0000000E+00
  168  0.7593936E-02  0.4707734E-02  0.7551116E-02  0.3650164E-02
  169  0.1620051E-01  0.8520987E-02  0.1620042E-01  0.7774526E-02
  170  0.2223108E-01  0.1120866E-01  0.2223108E-01  0.1120694E-01
  171  0.2358306E-01  0.1311033E-01  0.2358306E-01  0.1311033E-01
  172  0.2084314E-01  0.1314209E-01  0.2084314E-01  0.1314209E-01
  173  0.1661984E-01  0.1193924E-01  0.1661984E-01  0.1193924E-01
  174  0.1475376E-01  0.1120845E-01  0.1475376E-01  0.1120845E-01
  175  0.1286144E-01  0.1033507E-01  0.1286144E-01  0.1033507E-01
  176  0.1033098E-01  0.8814919E-02  0.1033098E-01  0.8814919E-02
  177  0.9065914E-02  0.7599613E-02  0.9065914E-02  0.7599613E-02
  178  0.8597570E-02  0.6575496E-02  0.8597570E-02  0.6575496E-02
  179  0.8748258E-02  0.5771582E-02  0.8748258E-02  0.5771582E-02
  180  0.9283897E-02  0.5073489E-02  0.9283897E-02  0.5073489E-02
  181  0.1014282E-01  0.4504997E-02  0.1014282E-01  0.4504997E-02
  182  0.1124009E-01  0.4091270E-02  0.1124009E-01  0.4091270E-02
  183  0.1243613E-01  0.3668959E-02  0.1243613E-01  0.3668959E-02
  184  0.3713171E-19  0.4999085E-14  0.0000000E+00  0.0000000E+00
  185  0.7557759E-12  0.7550837E-09  0.0000000E+00  0.0000000E+00
  186  0.1257177E-02  0.3783787E-03  0.1257012E-02  0.3614765E-03
  187  0.4249731E-02  0.1323689E-02  0.4249728E-02  0.1237864E-02
  188  0.9288888E-02  0.2836601E-02  0.9288888E-02  0.2836049E-02
  189  0.1505717E-01  0.4837371E-02  0.1505717E-01  0.4837371E-02
  190  0.1972642E-01  0.6768294E-02  0.1972642E-01  0.6768294E-02
  191  0.2187198E-01  0.8210557E-02  0.2187198E-01  0.8210557E-02
  192  0.2128476E-01  0.8902999E-02  0.2128476E-01  0.8902999E-02
  193  0.1885605E-01  0.8867500E-02  0.1885605E-01  0.8867500E-02
  194  0.1593376E-01  0.8367060E-02  0.1593376E-01  0.8367060E-02
  195  0.1354169E-01  0.7698234E-02  0.1354169E-01  0.7698234E-02
  196  0.1198756E-01  0.6968815E-02  0.1198756E-01  0.6968815E-02
  197  0.1137355E-01  0.6391226E-02  0.1137355E-01  0.6391226E-02
  198  0.1137651E-01  0.5824204E-02  0.1137651E-01  0.5824204E-02
  199  0.1186290E-01  0.5358441E-02  0.1186290E-01  0.5358441E-02
  200  0.1268308E-01  0.4965378E-02  0.1268308E-01  0.4965378E-02
  201  0.1374254E-01  0.4627567E-02  0.1374254E-01  0.4627567E-02
  202  0.1494011E-01  0.4348434E-02  0.1494011E-01  0.4348434E-02
  203  0.1619924E-01  0.4038216E-02  0.1619924E-01  0.4038216E-02
  204  0.1750876E-01  0.3834871E-02  0.1750876E-01  0.3834871E-02
  205  0.7693455E-22  0.1701124E-15  0.0000000E+00  0.0000000E+00
  206  0.9034959E-13  0.6827363E-07  0.0000000E+00  0.0000000E+00
  207  0.5547140E-03  0.1295028E-03  0.5547117E-03  0.1274328E-03
  208  0.1750709E-02  0.4202356E-03  0.1750709E-02  0.4069811E-03
  209  0.4416614E-02  0.1097404E-02  0.4416614E-02  0.1097236E-02
  210  0.8911043E-02  0.2384685E-02  0.8911043E-02  0.2384685E-02
  211  0.1440528E-01  0.4121170E-02  0.1440528E-01  0.4121170E-02
  212  0.1900430E-01  0.5932088E-02  0.1900430E-01  0.5932088E-02
  213  0.2028951E-01  0.7284107E-02  0.2028951E-01  0.7284107E-02
  214  0.1753714E-01  0.7428014E-02  0.1753714E-01  0.7428014E-02
  215  0.1371821E-01  0.6697881E-02  0.1371821E-01  0.6697881E-02
  216  0.1216378E-01  0.5759517E-02  0.1216378E-01  0.5759517E-02
  217  0.1301449E-01  0.5158123E-02  0.1301449E-01  0.5158123E-02
  218  0.1441809E-01  0.4659645E-02  0.1441809E-01  0.4659645E-02
  219  0.1644714E-01  0.4359722E-02  0.1644714E-01  0.4359722E-02
  220  0.1898404E-01  0.3948076E-02  0.1898404E-01  0.3948076E-02
  221  0.2485993E-01  0.3207002E-02  0.2485993E-01  0.3207002E-02
  222  0.1174445E-05  0.8302538E+00  0.0000000E+00  0.0000000E+00
  223  0.9435012E-02  0.9792349E-02  0.9093702E-02  0.6530647E-02
  224  0.1672147E-01  0.1646701E-01  0.1667305E-01  0.1191204E-01
  225  0.2120966E-01  0.1644359E-01  0.2120960E-01  0.1561824E-01
  226  0.2187199E-01  0.1710549E-01  0.2187199E-01  0.1709423E-01
  227  0.1986214E-01  0.1673656E-01  0.1986214E-01  0.1673654E-01
  228  0.1642108E-01  0.1516972E-01  0.1642108E-01  0.1516972E-01
  229  0.1308564E-01  0.1324550E-01  0.1308564E-01  0.1324550E-01
  230  0.1077271E-01  0.1165797E-01  0.1077271E-01  0.1165797E-01
  231  0.8743931E-02  0.9998475E-02  0.8743931E-02  0.9998475E-02
  232  0.7394692E-02  0.8561227E-02  0.7394692E-02  0.8561227E-02
  233  0.6642844E-02  0.7336032E-02  0.6642844E-02  0.7336032E-02
  234  0.6349843E-02  0.6264598E-02  0.6349843E-02  0.6264598E-02
  235  0.6580453E-02  0.5391368E-02  0.6580453E-02  0.5391368E-02
  236  0.7232811E-02  0.4654359E-02  0.7232811E-02  0.4654359E-02
  237  0.8299181E-02  0.4023170E-02  0.8299181E-02  0.4023170E-02
  238  0.9752920E-02  0.3492888E-02  0.9752920E-02  0.3492888E-02
  239  0.9303044E-14  0.1054394E-10  0.0000000E+00  0.0000000E+00
  240  0.5971196E-08  0.2332791E-03  0.0000000E+00  0.0000000E+00
  241  0.5505096E-02  0.2774356E-02  0.5497346E-02  0.2182833E-02
  242  0.1366709E-01  0.5520848E-02  0.1366709E-01  0.5412627E-02
  243  0.2042825E-01  0.8443110E-02  0.2042825E-01  0.8443092E-02
  244  0.2335255E-01  0.1057091E-01  0.2335255E-01  0.1057091E-01
  245  0.2185046E-01  0.1118120E-01  0.2185046E-01  0.1118120E-01
  246  0.1789931E-01  0.1048995E-01  0.1789931E-01  0.1048995E-01
  247  0.1403898E-01  0.9231368E-02  0.1403898E-01  0.9231368E-02
  248  0.1154269E-01  0.7983199E-02  0.1154269E-01  0.7983199E-02
  249  0.1045608E-01  0.6972696E-02  0.1045608E-01  0.6972696E-02
  250  0.1034536E-01  0.6095652E-02  0.1034536E-01  0.6095652E-02
  251  0.1095452E-01  0.5425988E-02  0.1095452E-01  0.5425988E-02
  252  0.1203406E-01  0.4812920E-02  0.1203406E-01  0.4812920E-02
  253  0.1349806E-01  0.4382425E-02  0.1349806E-01  0.4382425E-02
  254  0.1513976E-01  0.3985794E-02  0.1513976E-01  0.3985794E-02
  255  0.1687355E-01  0.3669281E-02  0.1687355E-01  0.3669281E-02
  256  0.1864341E-01  0.3406126E-02  0.1864341E-01  0.3406126E-02
  257  0.0000000E+00  0.0000000E+00  0.0000000E+00  0.0000000E+00
  258  0.1409574E-03  0.2944001E-04  0.1409499E-03  0.2936826E-04
  259  0.7736259E-03  0.1617495E-03  0.7736259E-03  0.1578488E-03
  260  0.2138484E-02  0.4602287E-03  0.2138484E-02  0.4598851E-03
  261  0.4944407E-02  0.1159732E-02  0.4944407E-02  0.1159732E-02
  262  0.9316744E-02  0.2358631E-02  0.9316744E-02  0.2358631E-02
  263  0.1429062E-01  0.3871232E-02  0.1429062E-01  0.3871232E-02
  264  0.1821864E-01  0.5377071E-02  0.1821864E-01  0.5377071E-02
  265  0.1909156E-01  0.6360764E-02  0.1909156E-01  0.6360764E-02
  266  0.1651346E-01  0.6437832E-02  0.1651346E-01  0.6437832E-02
  267  0.1349927E-01  0.5883633E-02  0.1349927E-01  0.5883633E-02
  268  0.1277971E-01  0.5123976E-02  0.1277971E-01  0.5123976E-02
  269  0.1502048E-01  0.4594136E-02  0.1502048E-01  0.4594136E-02
  270  0.1955446E-01  0.4113314E-02  0.1955446E-01  0.4113314E-02
  271  0.2241669E-01  0.3843115E-02  0.2241669E-01  0.3843115E-02
  272  0.4732070E-09  0.1456927E-07  0.0000000E+00  0.0000000E+00
  273  0.6661300E-04  0.1200200E+02  0.0000000E+00  0.0000000E+00
  274  0.1514056E-01  0.1203686E-01  0.1511921E-01  0.8774302E-02
  275  0.2203577E-01  0.1319742E-01  0.2203577E-01  0.1311075E-01
  276  0.2289393E-01  0.1492928E-01  0.2289393E-01  0.1492927E-01
  277  0.1987444E-01  0.1430984E-01  0.1987444E-01  0.1430984E-01
  278  0.1562944E-01  0.1258817E-01  0.1562944E-01  0.1258817E-01
  279  0.1184552E-01  0.1053012E-01  0.1184552E-01  0.1053012E-01
  280  0.9379087E-02  0.8631477E-02  0.9379087E-02  0.8631477E-02
  281  0.8367560E-02  0.7106991E-02  0.8367560E-02  0.7106991E-02
  282  0.8477182E-02  0.5839420E-02  0.8477182E-02  0.5839420E-02
  283  0.9616583E-02  0.4838863E-02  0.9616583E-02  0.4838863E-02
  284  0.1172398E-01  0.4087627E-02  0.1172398E-01  0.4087627E-02
  285  0.1356727E-01  0.3638856E-02  0.1356727E-01  0.3638856E-02
  286  0.1577801E-01  0.3283590E-02  0.1577801E-01  0.3283590E-02
  287  0.1820731E-01  0.2964432E-02  0.1820731E-01  0.2964432E-02
  288  0.6731289E-13  0.2879273E-10  0.0000000E+00  0.0000000E+00
  289  0.1199058E-01  0.1369996E-02  0.2010862E-02  0.9886054E-03
  290  0.1062909E-01  0.6844105E-02  0.1061608E-01  0.4984886E-02
  291  0.1841524E-01  0.8677936E-02  0.1841524E-01  0.8581975E-02
  292  0.2317228E-01  0.1133484E-01  0.2317228E-01  0.1133483E-01
  293  0.2292350E-01  0.1240115E-01  0.2292350E-01  0.1240115E-01
  294  0.1871237E-01  0.1155579E-01  0.1871237E-01  0.1155579E-01
  295  0.1393288E-01  0.9737379E-02  0.1393288E-01  0.9737379E-02
  296  0.1196121E-01  0.8667829E-02  0.1196121E-01  0.8667829E-02
  297  0.1086001E-01  0.7834636E-02  0.1086001E-01  0.7834636E-02
  298  0.1018599E-01  0.6352190E-02  0.1018599E-01  0.6352190E-02
  299  0.1146402E-01  0.5148776E-02  0.1146402E-01  0.5148776E-02
  300  0.1273816E-01  0.4678210E-02  0.1273816E-01  0.4678210E-02
  301  0.1639164E-01  0.3976356E-02  0.1639164E-01  0.3976356E-02
  302  0.1983952E-01  0.3558054E-02  0.1983952E-01  0.3558054E-02
  303  0.2371715E-01  0.3175641E-02  0.2371715E-01  0.3175641E-02
  304  0.2609749E-01  0.3004914E-02  0.2609749E-01  0.3004914E-02
  305  0.2822764E-01  0.2872267E-02  0.2822764E-01  0.2872267E-02
  306  0.3015538E-01  0.2765540E-02  0.3015538E-01  0.2765540E-02
  307  0.3166475E-01  0.2698037E-02  0.3166475E-01  0.2698037E-02
  308  0.1060861E-02  0.2673598E-03  0.1060856E-02  0.2535600E-03
  309  0.1213805E-02  0.3070552E-03  0.1213801E-02  0.2894823E-03
  310  0.3782075E-02  0.9365341E-03  0.3782075E-02  0.9355058E-03
  311  0.9525756E-02  0.2544401E-02  0.9525756E-02  0.2544401E-02
  312  0.1564104E-01  0.4458136E-02  0.1564104E-01  0.4458136E-02
  313  0.1915263E-01  0.5936805E-02  0.1915263E-01  0.5936805E-02
  314  0.1644569E-01  0.6458803E-02  0.1644569E-01  0.6458803E-02
  315  0.1398096E-01  0.5921706E-02  0.1398096E-01  0.5921706E-02
  316  0.1281458E-01  0.5267587E-02  0.1281458E-01  0.5267587E-02
  317  0.1422949E-01  0.4567827E-02  0.1422949E-01  0.4567827E-02
  318  0.1498612E-01  0.4473224E-02  0.1498612E-01  0.4473224E-02
  319  0.1704162E-01  0.4280211E-02  0.1704162E-01  0.4280211E-02
  320  0.1982210E-01  0.4055809E-02  0.1982210E-01  0.4055809E-02
  321  0.2243977E-01  0.3868996E-02  0.2243977E-01  0.3868996E-02
  322  0.2679715E-01  0.3677547E-02  0.2679715E-01  0.3677547E-02
  323  0.3086372E-01  0.3474649E-02  0.3086372E-01  0.3474649E-02
  324  0.4920717E-14  0.6250808E-11  0.0000000E+00  0.0000000E+00
  325  0.1962434E-06  0.2949191E+02  0.0000000E+00  0.0000000E+00
  326  0.5575302E-02  0.2819759E-02  0.5567606E-02  0.2212079E-02
  327  0.1206254E-01  0.4898065E-02  0.1206253E-01  0.4688221E-02
  328  0.1851107E-01  0.7285069E-02  0.1851107E-01  0.7284950E-02
  329  0.2255688E-01  0.9374497E-02  0.2255688E-01  0.9374497E-02
  330  0.2257310E-01  0.1031030E-01  0.2257310E-01  0.1031030E-01
  331  0.1920422E-01  0.9887783E-02  0.1920422E-01  0.9887783E-02
  332  0.1497327E-01  0.8636453E-02  0.1497327E-01  0.8636453E-02
  333  0.1215783E-01  0.7257845E-02  0.1215783E-01  0.7257845E-02
  334  0.1149210E-01  0.6079994E-02  0.1149210E-01  0.6079994E-02
  335  0.1279111E-01  0.5063658E-02  0.1279111E-01  0.5063658E-02
  336  0.1572197E-01  0.4392359E-02  0.1572197E-01  0.4392359E-02
  337  0.1980129E-01  0.3907167E-02  0.1980129E-01  0.3907167E-02
  338  0.2440678E-01  0.3556635E-02  0.2440678E-01  0.3556635E-02
  339  0.2871183E-01  0.3303165E-02  0.2871183E-01  0.3303165E-02
  340  0.3190358E-01  0.3109379E-02  0.3190358E-01  0.3109379E-02
  341  0.3290736E-01  0.3050022E-02  0.3290736E-01  0.3050022E-02
  342  0.3347092E-01  0.3016457E-02  0.3347092E-01  0.3016457E-02
  343  0.7276065E-02  0.1689286E-02  0.7276065E-02  0.1689286E-02
  344  0.1616323E-01  0.4320318E-02  0.1616323E-01  0.4320318E-02
  345  0.1727960E-01  0.5106824E-02  0.1727960E-01  0.5106824E-02
  346  0.1538448E-01  0.5123101E-02  0.1538448E-01  0.5123101E-02
  347  0.1329057E-01  0.4655665E-02  0.1329057E-01  0.4655665E-02
  348  0.1361630E-01  0.4178775E-02  0.1361630E-01  0.4178775E-02
  349  0.1684750E-01  0.3995696E-02  0.1684750E-01  0.3995696E-02
  350  0.2722516E-01  0.3757663E-02  0.2722516E-01  0.3757663E-02
  351  0.7207382E-07  0.2423339E+02  0.0000000E+00  0.0000000E+00
  352  0.5152372E-02  0.2232537E-02  0.5151483E-02  0.1797713E-02
  353  0.1220589E-01  0.4246728E-02  0.1220589E-01  0.4241435E-02
  354  0.2132495E-01  0.7927445E-02  0.2132495E-01  0.7927445E-02
  355  0.2227853E-01  0.8691100E-02  0.2227853E-01  0.8691100E-02
  356  0.2172467E-01  0.9028932E-02  0.2172467E-01  0.9028932E-02
  357  0.2011652E-01  0.8929246E-02  0.2011652E-01  0.8929246E-02
  358  0.1791408E-01  0.8511574E-02  0.1791408E-01  0.8511574E-02
  359  0.1438032E-01  0.7473366E-02  0.1438032E-01  0.7473366E-02
  360  0.1237289E-01  0.6419214E-02  0.1237289E-01  0.6419214E-02
  361  0.1211253E-01  0.5975172E-02  0.1211253E-01  0.5975172E-02
  362  0.1227547E-01  0.5600852E-02  0.1227547E-01  0.5600852E-02
  363  0.1423795E-01  0.4759360E-02  0.1423795E-01  0.4759360E-02
  364  0.1741898E-01  0.4330174E-02  0.1741898E-01  0.4330174E-02
  365  0.2158964E-01  0.3894645E-02  0.2158964E-01  0.3894645E-02
  366  0.2585905E-01  0.3684277E-02  0.2585905E-01  0.3684277E-02
  367  0.2966416E-01  0.3471103E-02  0.2966416E-01  0.3471103E-02
  368  0.3229892E-01  0.3323330E-02  0.3229892E-01  0.3323330E-02
  369  0.2044112E-15  0.1593285E-11  0.0000000E+00  0.0000000E+00
  370  0.1124323E-09  0.2734230E-04  0.0000000E+00  0.0000000E+00
  371  0.1797711E-02  0.5677010E-03  0.1797585E-02  0.5162819E-03
  372  0.3547386E-02  0.1095062E-02  0.3547379E-02  0.1007563E-02
  373  0.7405576E-02  0.2140471E-02  0.7405576E-02  0.2139656E-02
  374  0.1377278E-01  0.4117359E-02  0.1377278E-01  0.4117359E-02
  375  0.1896144E-01  0.5996308E-02  0.1896144E-01  0.5996308E-02
  376  0.2024761E-01  0.6714432E-02  0.2024761E-01  0.6714432E-02
  377  0.2035790E-01  0.7032199E-02  0.2035790E-01  0.7032199E-02
  378  0.1988325E-01  0.7140120E-02  0.1988325E-01  0.7140120E-02
  379  0.1868798E-01  0.7086366E-02  0.1868798E-01  0.7086366E-02
  380  0.1747219E-01  0.6903681E-02  0.1747219E-01  0.6903681E-02
  381  0.1526235E-01  0.6422963E-02  0.1526235E-01  0.6422963E-02
  382  0.1395575E-01  0.6021986E-02  0.1395575E-01  0.6021986E-02
  383  0.1285230E-01  0.5041754E-02  0.1285230E-01  0.5041754E-02
  384  0.1330814E-01  0.4764995E-02  0.1330814E-01  0.4764995E-02
  385  0.1450373E-01  0.4529261E-02  0.1450373E-01  0.4529261E-02
  386  0.1774653E-01  0.4075883E-02  0.1774653E-01  0.4075883E-02
  387  0.1952605E-01  0.4005813E-02  0.1952605E-01  0.4005813E-02
  388  0.2155806E-01  0.3942848E-02  0.2155806E-01  0.3942848E-02
  389  0.2518884E-01  0.3847427E-02  0.2518884E-01  0.3847427E-02
  390  0.2855519E-01  0.3758929E-02  0.2855519E-01  0.3758929E-02
  391  0.3030314E-01  0.3693111E-02  0.3030314E-01  0.3693111E-02
  392  0.3195346E-01  0.3631164E-02  0.3195346E-01  0.3631164E-02
  393  0.3204914E-01  0.3619763E-02  0.3204914E-01  0.3619763E-02
  394  0.3208753E-01  0.3591231E-02  0.3208753E-01  0.3591231E-02
  395  0.3202076E-01  0.3592447E-02  0.3202076E-01  0.3592447E-02
  396  0.3150152E-01  0.3581478E-02  0.3150152E-01  0.3581478E-02
  397  0.3091454E-01  0.3608880E-02  0.3091454E-01  0.3608880E-02
  398  0.3020207E-01  0.3688846E-02  0.3020207E-01  0.3688846E-02
  399  0.9565069E-02  0.2229270E-02  0.9565069E-02  0.2229270E-02
  400  0.1142469E-01  0.2722657E-02  0.1142469E-01  0.2722657E-02
  401  0.1468717E-01  0.4326800E-02  0.1468717E-01  0.4326800E-02
  402  0.1403937E-01  0.4216705E-02  0.1403937E-01  0.4216705E-02
  403  0.1321799E-01  0.4007949E-02  0.1321799E-01  0.4007949E-02
  404  0.1292583E-01  0.3879148E-02  0.1292583E-01  0.3879148E-02
  405  0.1339099E-01  0.3585019E-02  0.1339099E-01  0.3585019E-02
  406  0.1398474E-01  0.3526312E-02  0.1398474E-01  0.3526312E-02
  407  0.1610272E-01  0.3491278E-02  0.1610272E-01  0.3491278E-02
  408  0.1706807E-01  0.3439171E-02  0.1706807E-01  0.3439171E-02
  409  0.2011278E-01  0.3514667E-02  0.2011278E-01  0.3514667E-02
  410  0.2107486E-01  0.3585838E-02  0.2107486E-01  0.3585838E-02
  411  0.2402656E-01  0.3729306E-02  0.2402656E-01  0.3729306E-02
  412  0.2472531E-01  0.3749498E-02  0.2472531E-01  0.3749498E-02
  413  0.2675006E-01  0.3906992E-02  0.2675006E-01  0.3906992E-02
  414  0.2706629E-01  0.3936701E-02  0.2706629E-01  0.3936701E-02
  415  0.2774265E-01  0.4078728E-02  0.2774265E-01  0.4078728E-02
  416  0.2775178E-01  0.4105832E-02  0.2775178E-01  0.4105832E-02
  417  0.2731245E-01  0.4257315E-02  0.2731245E-01  0.4257315E-02
  418  0.2718473E-01  0.4288813E-02  0.2718473E-01  0.4288813E-02
  419  0.2628041E-01  0.4555136E-02  0.2628041E-01  0.4555136E-02
