Z,A,E0,ThetaDeg,nu,cross,error,dataSet,ratio,ratio_error,Veff,Eeff,Ep,Ep_eff,normalization,normError,system_err,normCross,normCrossError,ThetaRad,sin2(T/2),cos2(T/2),tan2(T/2),nuel,Ex,R,F2foc,Q2,Q2eff,qv2,qv,W2original,W2,epsilon,gamma,Sig_R,D_sig_R,Sig_mott,Sig_mott_eff,H,Hcc,Hstar_Sig(nb),Hstar_error(nb),Hstar_Sig(GeV),Hstar_error(GeV),Hcc_Sig(nb),Hcc_error(nb),Hcc_Sig(GeV),Hcc_error(GeV),qvbin,qvcenter,Q2bin,Q2center,qv_Ex_increment,qv_Ex_start,qv_Ex_bin_index,Ex_qvcenter,qv_W2_increment,qv_W2_start,qv_W2_bin_index,W2_qvcenter,Q2_Ex_increment,Q2_Ex_start,Q2_Ex_bin_index,Ex_q2center,Q2_W2_increment,Q2_W2_start,Q2_W2_bin_index,W2_q2center,nu_Ex_qvcenter,nu_Ex_q2center,epsilon_Ex_qvcenter,epsilon_Ex_q2center,nu_W2_qvcenter,nu_W2_q2center,epsilon_W2_qvcenter,epsilon_W2_q2center
26,56,0.1503,90.0,0.00362,7822.884165,156.4576833,Altemus:1973,15.26802615,0.145700738,0.0089,0.15919999999999998,0.14667999999999998,0.15557999999999997,1.0,0.0,0.0,7822.884165,156.4576833,1.5707963267948966,0.5000000000000001,0.5000000000000001,0.9999999999999998,0.0004318175927176815,0.0031881824072823185,4.433234524286382,1.1219362118521883,0.044092007999999995,0.049536672,0.049549776399999995,0.2225977906449208,0.8430573110490001,0.8376126470490001,0.3332745571724182,-0.0002639868274261531,-29633615.590870157,-592672.3118174032,0.0011792636416784277,0.0011133374707554503,317.2408920579168,282.7619687345579,2481738.750970352,49634.77501940704,6.3735805031672745,0.12747161006334548,2212014.1276777983,44240.28255355597,5.680876003320386,0.11361752006640774,"[0.186,0.223]",0.205,"[0.045,0.070]",0.056,0.0006,0.0,5,0.0032999999999999995,0.014,0.9346585225290001,-7,0.8436585225290001,0.003,0.0,1,0.0045000000000000005,0.01,0.918183522529,-9,0.8331835225290001,0.003702687300751961,0.005036772110179991,0.33326082948362906,0.3332326928023061,0.002834604118147621,0.0047040147163991955,0.33329084279134047,0.33324554790885264
26,56,0.1503,90.0,0.00742,36746.99551,734.9399103,Altemus:1973,2.591994221,0.04830599,0.0089,0.15919999999999998,0.14287999999999998,0.15177999999999997,1.0,0.0,0.0,36746.99551,734.9399103,1.5707963267948966,0.5000000000000001,0.5000000000000001,0.9999999999999998,0.0004318175927176815,0.006988182407282319,4.433234524286382,1.1219362118521883,0.042949728,0.048326752,0.048381808400000004,0.21995865156888011,0.8513304658490001,0.845953441849,0.333080358122296,-0.00021241172009880767,-172998907.46568212,-3459978.149784426,0.0011792636416784277,0.0011133374707554503,317.6107980982193,283.0916720068071,11671242.57164278,233424.85146461666,29.973986614535068,0.5994797323722698,10402768.400152532,208055.3680313598,26.71630195896026,0.5343260392519085,"[0.186,0.223]",0.205,"[0.045,0.070]",0.056,0.0006,0.0,11,0.006899999999999999,0.014,0.9346585225290001,-7,0.8436585225290001,0.003,0.0,2,0.0075,0.01,0.918183522529,-8,0.8431835225290001,0.0073023075938820625,0.00803677211017999,0.33305124590329943,0.3330772219068818,0.002834604118147621,0.010032954161528709,0.33329084279134047,0.3329343663137134
26,56,0.1503,90.0,0.00961,53536.90908,1070.738182,Altemus:1973,1.645089369,0.02228556,0.0089,0.15919999999999998,0.14068999999999998,0.14958999999999997,1.0,0.0,0.0,53536.90908,1070.738182,1.5707963267948966,0.5000000000000001,0.5000000000000001,0.9999999999999998,0.0004318175927176815,0.009178182407282319,4.433234524286382,1.1219362118521883,0.042291414,0.047629456,0.0477218081,0.21845321718848637,0.856098415589,0.850760373589,0.3329030073067796,-0.00018268389242024675,-293057632.8910459,-5861152.660010493,0.0011792636416784275,0.00111333747075545,317.949036105348,283.39314904583614,17022008.638045654,340440.1728880927,43.7157788416581,0.8743155771597836,15171993.254361818,303439.86520059366,38.96458495575996,0.7792916994063225,"[0.186,0.223]",0.205,"[0.045,0.070]",0.056,0.0006,0.0,15,0.0093,0.014,0.9346585225290001,-6,0.8576585225290001,0.003,0.0,3,0.0105,0.01,0.918183522529,-7,0.8531835225290001,0.009701916483635387,0.01103677211017999,0.332835230294086,0.332850658911081,0.010243485111882555,0.015361893606658223,0.33277802160257197,0.33239949740637337
26,56,0.1503,90.0,0.01869,111708.1714,2234.163428,Altemus:1973,0.85591769,0.013120795,0.0089,0.15919999999999998,0.13161,0.14051,1.0,0.0,0.0,111708.1714,2234.163428,1.5707963267948966,0.5000000000000001,0.5000000000000001,0.9999999999999998,0.0004318175927176815,0.018258182407282317,4.433234524286382,1.1219362118521883,0.039561966000000004,0.044738384,0.045087700099999996,0.21233864485768952,0.8758669012690001,0.8706904832690001,0.3316072131938614,-5.954725668168844e-05,-1875958316.5541818,-37519166.33108363,0.0011792636416784277,0.0011133374707554503,320.43268244035414,285.60686343420224,35794949.01220885,715898.9802441769,91.92828578224771,1.8385657156449542,31904620.453524258,638092.409070485,81.93717682976347,1.6387435365952692,"[0.186,0.223]",0.205,"[0.035,0.045]",0.04,0.0006,0.0,30,0.018299999999999997,0.014,0.9346585225290001,-5,0.8716585225290001,0.005,0.0,3,0.0175,0.008,0.934183522529,-8,0.874183522529,0.01869946704982084,0.017883408650128566,0.3314791852570663,0.33156599646938223,0.01759494199251188,0.018026363329222927,0.33169227816568897,0.33153778121053945
26,56,0.1503,90.0,0.02479,133527.7029,2670.554058,Altemus:1973,0.681162021,0.011109305,0.0089,0.15919999999999998,0.12550999999999998,0.13440999999999997,1.0,0.0,0.0,133527.7029,2670.554058,1.5707963267948966,0.5000000000000001,0.5000000000000001,0.9999999999999998,0.0004318175927176815,0.024358182407282318,4.433234524286382,1.1219362118521883,0.037728305999999996,0.042796143999999994,0.0434106881,0.2083523172417336,0.889147491869,0.884079653869,0.33017252555029214,2.2889633032452497e-05,5833544937.600656,116670898.75201312,0.001179263641678428,0.0011133374707554505,323.2081087337484,288.08064604686285,43157236.317870855,863144.7263574172,110.83604986971909,2.2167209973943818,38466746.916585565,769334.9383317113,98.78997459823624,1.975799491964725,"[0.186,0.223]",0.205,"[0.035,0.045]",0.04,0.0006,0.0,40,0.0243,0.014,0.9346585225290001,-4,0.885658522529,0.005,0.0,4,0.0225,0.008,0.934183522529,-7,0.882183522529,0.024696972302017173,0.022883408650128563,0.330092375555766,0.33044933460962805,0.024890289649787234,0.022289514885326538,0.3300411877794322,0.33059587565369974
26,56,0.1503,90.0,0.03092,138744.0039,2774.880078,Altemus:1973,0.701788887,0.011414547,0.0089,0.15919999999999998,0.11937999999999999,0.12827999999999998,1.0,0.0,0.0,138744.0039,2774.880078,1.5707963267948966,0.5000000000000001,0.5000000000000001,0.9999999999999998,0.0004318175927176815,0.030488182407282318,4.433234524286382,1.1219362118521883,0.035885628,0.040844351999999993,0.041800398399999994,0.2044514573193353,0.9024933968490001,0.897534672849,0.3282116851790048,0.00010529553976476927,1317662687.4220386,26353253.748440772,0.0011792636416784275,0.00111333747075545,327.0454543920449,291.50093466733756,45375595.79964715,907511.9159929431,116.53322195785182,2.3306644391570366,40444006.81633873,808880.1363267746,103.8679567757857,2.0773591355157137,"[0.186,0.223]",0.205,"[0.035,0.045]",0.04,0.0006,0.0,50,0.030299999999999997,0.014,0.9346585225290001,-3,0.899658522529,0.005,0.0,6,0.0325,0.008,0.934183522529,-5,0.898183522529,0.03069378839793302,0.032883408650128565,0.3283140899991754,0.3274323552609059,0.03213079354627424,0.030815817997533763,0.3278291409276415,0.328139892573651
26,56,0.1503,90.0,0.03703,130272.0555,2605.44111,Altemus:1973,0.731192884,0.01258213,0.0089,0.15919999999999998,0.11326999999999998,0.12216999999999999,1.0,0.0,0.0,130272.0555,2605.44111,1.5707963267948966,0.5000000000000001,0.5000000000000001,0.9999999999999998,0.0004318175927176815,0.03659818240728232,4.433234524286382,1.1219362118521883,0.034048962,0.038898928,0.0402701489,0.20067423576533186,0.9157957589090001,0.9109457929090001,0.3256796729839487,0.00018679513602711927,697406036.7454475,13948120.73490895,0.0011792636416784275,0.00111333747075545,332.0772432246044,295.9858499231279,43260385.059642665,865207.7011928533,111.10095559729658,2.2220191119459316,38558685.06840039,771173.7013680078,99.02608938335418,1.9805217876670835,"[0.186,0.223]",0.205,"[0.035,0.045]",0.04,0.0006,0.0,60,0.0363,0.014,0.9346585225290001,-2,0.913658522529,0.005,0.0,7,0.0375,0.008,0.934183522529,-3,0.914183522529,0.03668991557509571,0.03788340865012856,0.32613825962541226,0.32554651753908964,0.03931767228007044,0.03934212110974099,0.3250574679748385,0.3249506755686408
26,56,0.1503,90.0,0.04315,118042.4638,2360.849275,Altemus:1973,0.789097389,0.014503255,0.0089,0.15919999999999998,0.10715,0.11605,1.0,0.0,0.0,118042.4638,2360.849275,1.5707963267948966,0.5000000000000001,0.5000000000000001,0.9999999999999998,0.0004318175927176815,0.04271818240728232,4.433234524286382,1.1219362118521883,0.03220929,0.03695032,0.038812242500000003,0.19700822952354047,0.9291198924290001,0.924378862429,0.32249952334634135,0.00026756229629383034,441177495.61533386,8823549.90856923,0.001179263641678428,0.0011133374707554505,338.52239013991596,301.73051423400824,39960016.98358051,799200.3393330878,102.62497817435438,2.0524995626176974,35617013.3038233,712340.2657747356,91.47131279855232,1.829426255196145,"[0.186,0.223]",0.205,"[0.035,0.045]",0.04,0.0006,0.0,71,0.042899999999999994,0.014,0.9346585225290001,-1,0.927658522529,0.005,0.0,8,0.0425,0.008,0.934183522529,-2,0.922183522529,0.043284860052111185,0.04288340865012857,0.32327666304029307,0.3234205645204506,0.046452099979176875,0.043605272665844595,0.3217245195417979,0.32309436622361226
26,56,0.1503,90.0,0.04927,100799.2927,2015.985854,Altemus:1973,0.88445065,0.017867189,0.0089,0.15919999999999998,0.10102999999999998,0.10992999999999999,1.0,0.0,0.0,100799.2927,2015.985854,1.5707963267948966,0.5000000000000001,0.5000000000000001,0.9999999999999998,0.0004318175927176815,0.04883818240728232,4.433234524286382,1.1219362118521883,0.030369617999999998,0.035001712,0.0374292449,0.1934663921718705,0.942444025949,0.937811931949,0.3186022911529005,0.0003472089886194627,290313027.611376,5806260.552227519,0.0011792636416784277,0.0011133374707554503,346.61688001359386,308.9452647591872,34938736.34325103,698774.7268650206,89.72936763612913,1.7945873527225826,31141464.170740306,622829.2834148061,79.97724530880076,1.5995449061760152,"[0.186,0.223]",0.205,"[0.035,0.045]",0.04,0.0006,0.0,81,0.0489,0.014,0.9346585225290001,0,0.9416585225290001,0.005,0.0,9,0.0475,0.008,0.934183522529,0,0.9381835225290001,0.04927954127236944,0.047883408650128564,0.32023970129136553,0.3210642853455248,0.053535208540844814,0.05213157577805182,0.3178257054539134,0.3188892389155274
26,56,0.1503,90.0,0.05542,81621.32732,1632.426546,Altemus:1973,0.916953969,0.022837168,0.0089,0.15919999999999998,0.09487999999999999,0.10378,1.0,0.0,0.0,81621.32732,1632.426546,1.5707963267948966,0.5000000000000001,0.5000000000000001,0.9999999999999998,0.0004318175927176815,0.054988182407282316,4.433234524286382,1.1219362118521883,0.028520928,0.033043552000000004,0.0361149284,0.1900392812025977,0.955833473849,0.951310849849,0.3138831769262515,0.000425834743850916,191673714.97656724,3833474.2985920133,0.0011792636416784277,0.0011133374707554503,356.7182772183757,317.9488044418093,29115819.265867542,582316.3851746635,74.77500116969097,1.495500023027371,25951403.43834758,519028.06863977213,66.64817516340433,1.3329635029414655,"[0.186,0.223]",0.205,"[0.025,0.035]",0.026,0.0006,0.0,91,0.0549,0.014,0.9346585225290001,1,0.9556585225290001,0.005,0.0,10,0.0525,0.01,0.9481835225290001,0,0.9531835225290001,0.05527353430929338,0.05274921562258356,0.3167768511468152,0.3111351953775325,0.06056808972799077,0.05266446972256477,0.3133534940367075,0.3112017324192372
26,56,0.1503,90.0,0.06156,64799.91037,1295.998207,Altemus:1973,0.955232803,0.031131216,0.0089,0.15919999999999998,0.08873999999999999,0.09763999999999999,1.0,0.0,0.0,64799.91037,1295.998207,1.5707963267948966,0.5000000000000001,0.5000000000000001,0.9999999999999998,0.0004318175927176815,0.061128182407282315,4.433234524286382,1.1219362118521883,0.026675244,0.031088576,0.0348782096,0.18675708714798483,0.969201150289,0.964787818289,0.3082808020204061,0.000502612870686774,128926086.35639773,2578521.726332114,0.0011792636416784275,0.00111333747075545,369.15643543304316,329.0351372326312,23921303.928569887,478426.0784237352,61.434490745594665,1.2286898145326677,21321447.40125515,426428.94789348904,54.757561166666825,1.0951512229953266,"[0.186,0.223]",0.205,"[0.025,0.035]",0.026,0.0006,0.0,101,0.060899999999999996,0.014,0.9346585225290001,2,0.9696585225290001,0.005,0.0,12,0.0625,0.01,0.9481835225290001,1,0.9631835225290001,0.0612668393998419,0.06274921562258357,0.312875608051516,0.30276590115931734,0.06755179713367576,0.057993409167694285,0.3082973725074042,0.30686985647933274
26,56,0.1503,90.0,0.06772,47323.48627,946.4697255,Altemus:1973,1.057487602,0.048982021,0.0089,0.15919999999999998,0.08257999999999999,0.09147999999999999,1.0,0.0,0.0,47323.48627,946.4697255,1.5707963267948966,0.5000000000000001,0.5000000000000001,0.9999999999999998,0.0004318175927176815,0.06728818240728232,4.433234524286382,1.1219362118521883,0.024823548,0.029127232,0.0337132304,0.18361162926132973,0.982612369649,0.978308685649,0.3016687519174824,0.0005775802346678601,81934047.30550306,1638680.946283197,0.0011792636416784277,0.0011133374707554503,384.4942863231692,342.7060132843142,18195610.079707947,363912.20163260837,46.72981215364274,0.9345962431716003,16218043.314306682,324360.8663204042,41.651041886327185,0.833020837814557,"[0.158,0.186]",0.167,"[0.025,0.035]",0.026,0.0006,0.0,112,0.06749999999999999,0.002,0.9487945225290001,14,0.9777945225290001,0.005,0.0,13,0.0675,0.01,0.9481835225290001,3,0.9831835225290001,0.06772335994762102,0.06774921562258357,0.29466850627134034,0.2982338393537608,0.06456473489483339,0.06865128805795331,0.2983757723106844,0.29739437221665804
26,56,0.1503,90.0,0.078,24380.34773,487.6069547,Altemus:1973,1.581560707,0.137840528,0.0089,0.15919999999999998,0.07229999999999999,0.0812,1.0,0.0,0.0,24380.34773,487.6069547,1.5707963267948966,0.5000000000000001,0.5000000000000001,0.9999999999999998,0.0004318175927176815,0.07756818240728232,4.433234524286382,1.1219362118521883,0.02173338,0.02585408,0.03193808,0.17871228273400797,1.004993430529,1.000872730529,0.2881311807479842,0.0006971159283522827,34973161.18945365,699463.2239325211,0.0011792636416784272,0.0011133374707554499,418.3183809278433,372.85397913776893,10198747.58887142,203974.95181926023,26.192337434284468,0.5238467487931215,9090309.663892973,181806.19331514486,23.34565651557313,0.4669131304072186,"[0.158,0.186]",0.167,"[0.025,0.035]",0.026,0.0006,0.0,129,0.07769999999999999,0.002,0.9487945225290001,26,1.0017945225290001,0.005,0.0,15,0.0775,0.01,0.9481835225290001,5,1.003183522529,0.07790914142153582,0.07774921562258356,0.2811850857041132,0.28860066962155384,0.07646022727158208,0.07930916694821229,0.2832510603261901,0.28703943663304
26,56,0.1503,90.0,0.08825,11434.00521,228.6801042,Altemus:1973,2.571102554,0.468112433,0.0089,0.15919999999999998,0.062049999999999994,0.07095,1.0,0.0,0.0,11434.00521,228.6801042,1.5707963267948966,0.5000000000000001,0.5000000000000001,0.9999999999999998,0.0004318175927176815,0.08781818240728231,4.433234524286382,1.1219362118521883,0.01865223,0.02259048,0.030378542499999998,0.174294413278223,1.027309177029,1.023370927029,0.2710394718789926,0.0008078581631356554,14153481.058629846,283069.62117259693,0.001179263641678428,0.0011133374707554505,466.3078734491556,415.6277946313317,5331766.654481665,106635.3330896333,13.692998097867763,0.27385996195735524,4752290.369235457,95045.80738470913,12.204791995493391,0.24409583990986777,"[0.158,0.186]",0.167,"[0.015,0.025]",0.02,0.0006,0.0,146,0.08789999999999999,0.002,0.9487945225290001,37,1.0237945225290002,0.0025,0.0,35,0.08875,0.01,0.9541835225290001,6,1.019183522529,0.08809293731356149,0.08894170432506428,0.2651762201785943,0.26377828204031994,0.08724322246018146,0.0846381063933418,0.26661567020074634,0.2690804325680492
26,56,0.2004,90.0,0.00166,0.0,0.0,Altemus:1973,#DIV/0!,#DIV/0!,0.0089,0.20929999999999999,0.19874,0.20764,1.0,0.0,0.0,0.0,0.0,1.5707963267948966,0.5000000000000001,0.5000000000000001,0.9999999999999998,0.0007669412366465567,0.0008930587633534433,4.433234524286382,1.090794707989211,0.07965499200000001,0.08691810400000001,0.08692085960000001,0.29482343800993843,0.803816296889,0.7965531848890001,0.33332628828074773,-0.00029528403473463486,-0.0,-0.0,0.0006633357984441157,0.000635128972805546,548.1591776395591,502.53193715070796,0.0,0.0,0.0,0.0,0.0,0.0,0.0,0.0,"[0.270,0.340]",0.3,"[0.070,0.100]",0.093,0.001,0.0,0,0.0005,0.01,0.8866835225290001,-10,0.7916835225290001,0.005,0.0,0,0.0025,0.008,0.8811835225290001,-11,0.7971835225290002,0.0013626516647704534,0.0033914251115489125,0.33332874856215033,0.33330585229140786,0.0007070437330923829,0.005236908660912187,0.33333209898329363,0.33326781404616096
26,56,0.2004,90.0,0.00662,1124.964167,22.49928335,Altemus:1973,19.45661972,0.241936595,0.0089,0.20929999999999999,0.19378,0.20268,1.0,0.0,0.0,1124.964167,22.49928335,1.5707963267948966,0.5000000000000001,0.5000000000000001,0.9999999999999998,0.0007669412366465567,0.005853058763353443,4.433234524286382,1.090794707989211,0.07766702400000002,0.08484184800000001,0.08488567240000001,0.2913514585513517,0.815111933049,0.807937109049,0.3332185856788801,-0.0002551310133218455,-4409358.753970329,-88187.17511860211,0.0006633357984441154,0.0006351289728055459,548.5135373346171,502.85680093347355,617058.074615861,12341.161497802354,1.5847233364736115,0.0316944667435591,565695.88218241,11313.917648676765,1.4528153875947167,0.02905630776480865,"[0.270,0.340]",0.3,"[0.070,0.100]",0.093,0.001,0.0,5,0.0055,0.01,0.8866835225290001,-8,0.8116835225290001,0.005,0.0,1,0.0075,0.008,0.8811835225290001,-10,0.8051835225290002,0.006362281466408604,0.008391425111548912,0.3332333711235628,0.3331651601215286,0.011297177779925893,0.009500060217015799,0.33301805782240357,0.33311781889401976
26,56,0.2004,90.0,0.01907,33071.74569,661.4349138,Altemus:1973,1.014672776,0.012296902,0.0089,0.20929999999999999,0.18133,0.19022999999999998,1.0,0.0,0.0,33071.74569,661.4349138,1.5707963267948966,0.5000000000000001,0.5000000000000001,0.9999999999999998,0.0007669412366465567,0.018303058763353443,4.433234524286382,1.090794707989211,0.07267706400000001,0.079630278,0.0799939429,0.2828320047307235,0.8434648907490001,0.8365116767490001,0.3323215433136543,-0.00015425588705383312,-214395355.15722933,-4287907.103144586,0.0006633357984441154,0.0006351289728055459,551.4749960814913,505.5717561172344,18238240.82480083,364764.8164960166,46.83929607319441,0.9367859214638881,16720140.546355879,334402.81092711753,42.9405237577094,0.8588104751541878,"[0.270,0.340]",0.3,"[0.070,0.100]",0.093,0.001,0.0,18,0.0185,0.01,0.8866835225290001,-6,0.831683522529,0.005,0.0,3,0.0175,0.008,0.8811835225290001,-6,0.8371835225290001,0.01935907717420804,0.018391425111548915,0.33240667951236164,0.3325270576758157,0.02177050033162553,0.026552666441430183,0.33216101698289224,0.3316571119113438
26,56,0.2004,90.0,0.02962,54763.05914,1095.261183,Altemus:1973,0.70308344,0.008247896,0.0089,0.20929999999999999,0.17078,0.17967999999999998,1.0,0.0,0.0,54763.05914,1095.261183,1.5707963267948966,0.5000000000000001,0.5000000000000001,0.9999999999999998,0.0007669412366465567,0.028853058763353444,4.433234524286382,1.090794707989211,0.06844862400000001,0.075214048,0.0760913924,0.2758466827786769,0.867490891049,0.8607254670490001,0.33076119431334494,-6.890479323083496e-05,-794764145.892444,-15895282.920751436,0.0006633357984441154,0.0006351289728055459,556.6693051954363,510.3337054335455,30484914.08184039,609698.2817481416,78.29109891473367,1.5658219785805998,27947434.89179259,558948.6979379186,71.77436628662855,1.4354873259946979,"[0.270,0.340]",0.3,"[0.070,0.100]",0.093,0.001,0.0,28,0.0285,0.01,0.8866835225290001,-3,0.861683522529,0.005,0.0,5,0.0275,0.008,0.8811835225290001,-3,0.8611835225290001,0.029354410060328462,0.028391425111548914,0.33119891314760846,0.33141829857511934,0.03726968103912298,0.039342121109741016,0.32988589627040193,0.3296754658915824
26,56,0.2004,90.0,0.04019,66790.27642,1335.805528,Altemus:1973,0.654706079,0.005283703,0.0089,0.20929999999999999,0.16021,0.16910999999999998,1.0,0.0,0.0,66790.27642,1335.805528,1.5707963267948966,0.5000000000000001,0.5000000000000001,0.9999999999999998,0.0007669412366465567,0.03942305876335344,4.433234524286382,1.090794707989211,0.06421216800000001,0.070789446,0.0724046821,0.26908118124461994,0.891562438269,0.884985160269,0.3283387600067563,1.6189170180452894e-05,4125614572.9225717,82512291.43374357,0.0006633357984441154,0.0006351289728055459,564.8433439061997,517.8273599689911,37726043.0734922,754520.8612439068,96.88770524328699,1.9377541042854898,34585832.510167755,691716.6499962243,88.82304299210563,1.776460859310161,"[0.223,0.270]",0.24,"[0.070,0.100]",0.093,0.0006,0.0,65,0.039299999999999995,0.018,0.919083522529,-2,0.892083522529,0.005,0.0,7,0.0375,0.008,0.8811835225290001,0,0.8851835225290001,0.03983689692545056,0.03839142511154891,0.3271539810799564,0.32984828750527123,0.03624407144051611,0.05213157577805185,0.32822648340164606,0.32696351867523477
26,56,0.2004,90.0,0.05111,70381.66278,1407.633256,Altemus:1973,0.676070984,0.007684388,0.0089,0.20929999999999999,0.14928999999999998,0.15818999999999997,1.0,0.0,0.0,70381.66278,1407.633256,1.5707963267948966,0.5000000000000001,0.5000000000000001,0.9999999999999998,0.0007669412366465567,0.050343058763353446,4.433234524286382,1.090794707989211,0.059835432,0.06621833399999999,0.06883056609999999,0.2623558005838636,0.916431056589,0.910048154589,0.3247915802126031,0.00010329853080601566,681342340.7944663,13626846.819761598,0.0006633357984441155,0.0006351289728055459,577.0594156650003,529.0265999995188,40614401.1973579,812288.0241779818,104.30556218622158,2.086111244317231,37233771.76281608,744675.4354679323,95.62345822019999,1.9124691649474566,"[0.223,0.270]",0.24,"[0.045,0.070]",0.056,0.0006,0.0,83,0.0501,0.018,0.919083522529,-1,0.910083522529,0.003,0.0,16,0.0495,0.01,0.918183522529,-1,0.913183522529,0.050627540130044224,0.05003677211017999,0.3232957580892323,0.3236856566688213,0.04543606396606914,0.04733553027743524,0.32527238473633563,0.32467286844584187
26,56,0.2004,90.0,0.06146,64046.35554,1280.927111,Altemus:1973,0.772003334,0.008967411,0.0089,0.20929999999999999,0.13894,0.14784,1.0,0.0,0.0,64046.35554,1280.927111,1.5707963267948966,0.5000000000000001,0.5000000000000001,0.9999999999999998,0.0007669412366465567,0.060693058763353444,4.433234524286382,1.090794707989211,0.05568715200000002,0.06188582400000001,0.06566315560000001,0.25624823043291445,0.940001587689,0.9338029156890001,0.32029988145382293,0.0001847128162752761,346734768.2282761,6934695.365648284,0.0006633357984441154,0.0006351289728055459,592.9628823712519,543.6063065105344,37977111.5863724,759542.2318460405,97.53249727791463,1.950649945862861,34816002.780559905,696320.0557199193,89.41416433685093,1.7882832870162355,"[0.223,0.270]",0.24,"[0.045,0.070]",0.056,0.0006,0.0,101,0.060899999999999996,0.018,0.919083522529,0,0.9280835225290001,0.003,0.0,20,0.0615,0.01,0.918183522529,1,0.933183522529,0.06141595379323661,0.06203677211017999,0.3184564388492733,0.31873032012541486,0.054542956020550704,0.05799340916769427,0.32165490791031137,0.3205009502857897
26,56,0.2004,90.0,0.07202,51495.31852,1029.90637,Altemus:1973,0.878409947,0.011253062,0.0089,0.20929999999999999,0.12838,0.13727999999999999,1.0,0.0,0.0,51495.31852,1029.90637,1.5707963267948966,0.5000000000000001,0.5000000000000001,0.9999999999999998,0.0007669412366465567,0.07125305876335344,4.433234524286382,1.090794707989211,0.05145470400000001,0.057465408,0.0626522884,0.25030439149163963,0.9640503614490001,0.9580396574490001,0.31441381396886786,0.0002661704862171664,193467424.77671012,3869348.494031406,0.0006633357984441154,0.0006351289728055459,614.5710425186685,563.4158636977428,31647531.587667298,632950.6315075174,81.27692337545986,1.6255384668778623,29013279.36033617,580265.586981357,74.51165905020484,1.4902331804253128,"[0.223,0.270]",0.24,"[0.045,0.070]",0.056,0.0006,0.0,118,0.0711,0.018,0.919083522529,2,0.9640835225290001,0.003,0.0,23,0.07050000000000001,0.01,0.918183522529,3,0.9531835225290001,0.07160296519982268,0.07103677211018,0.31294848045384455,0.3144434324021566,0.07251061805531867,0.0686512880579533,0.3124120792313962,0.31562454436801407
26,56,0.2004,90.0,0.08262,38870.63099,777.4126198,Altemus:1973,0.922598864,0.014335759,0.0089,0.20929999999999999,0.11778,0.12668,1.0,0.0,0.0,38870.63099,777.4126198,1.5707963267948966,0.5000000000000001,0.5000000000000001,0.9999999999999998,0.0007669412366465567,0.08185305876335344,4.433234524286382,1.090794707989211,0.04720622400000001,0.05302824800000001,0.059854312400000005,0.24465140996936846,0.9881902290490001,0.982368205049,0.3069885840841736,0.0003457835548998763,112413185.76083012,2248263.7152166027,0.0006633357984441153,0.0006351289728055457,643.1438884970049,589.61038569997,24999408.763240784,499988.1752648157,64.20327047792634,1.2840654095585267,22918527.730415106,458370.5546083022,58.85916938145005,1.1771833876290012,"[0.223,0.270]",0.24,"[0.045,0.070]",0.056,0.0006,0.0,136,0.08189999999999999,0.018,0.919083522529,3,0.9820835225290001,0.003,0.0,27,0.0825,0.01,0.918183522529,6,0.983183522529,0.08238704759685334,0.08303677211018,0.3060758246215586,0.30804738978025303,0.08137572506613766,0.08463810639334178,0.30676740613905124,0.30714009998726916
26,56,0.2004,90.0,0.09322,25669.78092,513.3956185,Altemus:1973,1.090348222,0.021571668,0.0089,0.20929999999999999,0.10718,0.11608,1.0,0.0,0.0,25669.78092,513.3956185,1.5707963267948966,0.5000000000000001,0.5000000000000001,0.9999999999999998,0.0007669412366465567,0.09245305876335344,4.433234524286382,1.090794707989211,0.042957744000000006,0.04859108800000001,0.05728105640000001,0.2393346117886003,1.012330096649,1.006696752649,0.2978249140178683,0.0004226596747851799,60733924.836919606,1214678.4969749888,0.0006633357984441155,0.0006351289728055459,680.5803447737538,623.9307358103587,17470348.348800328,349406.96704406454,44.867201100807804,0.897344022190942,16016165.297506306,320323.30601251917,41.13258046834196,0.8226516095270766,"[0.223,0.270]",0.24,"[0.045,0.070]",0.056,0.0006,0.0,154,0.09269999999999999,0.018,0.919083522529,4,1.0000835225290001,0.003,0.0,30,0.0915,0.01,0.918183522529,8,1.003183522529,0.09316890451589899,0.09203677211017999,0.2980726773379377,0.30279839543977205,0.09016441789619856,0.09529598528360081,0.30042062466095054,0.3008122204620712
26,56,0.2004,90.0,0.10382,15669.86192,313.3972384,Altemus:1973,1.217560186,0.038330906,0.0089,0.20929999999999999,0.09658,0.10548,1.0,0.0,0.0,15669.86192,313.3972384,1.5707963267948966,0.5000000000000001,0.5000000000000001,0.9999999999999998,0.0007669412366465567,0.10305305876335344,4.433234524286382,1.090794707989211,0.03870926400000001,0.04415392800000001,0.054932520400000004,0.23437687684581857,1.036469964249,1.031025300249,0.286678506835971,0.0004961721178699559,31581504.39260875,631630.087852175,0.0006633357984441154,0.0006351289728055459,729.6676321914748,668.9321343853567,11433791.043933757,228675.82087867515,29.36416560623523,0.5872833121247046,10482074.179669423,209641.48359338846,26.91997439221686,0.5383994878443372,"[0.223,0.270]",0.24,"[0.035,0.045]",0.04,0.0006,0.0,171,0.10289999999999999,0.018,0.919083522529,6,1.0360835225290002,0.005,0.0,20,0.10250000000000001,0.008,0.934183522529,12,1.0341835225290001,0.10334972716922408,0.10288340865012857,0.28941013679330335,0.28334633699802064,0.10752025037456614,0.10328939445129515,0.2855344101393984,0.28301072867167576
26,56,0.2004,90.0,0.11443,9409.824287,188.1964857,Altemus:1973,1.449442581,0.089521332,0.0089,0.20929999999999999,0.08596999999999999,0.09487,1.0,0.0,0.0,9409.824287,188.1964857,1.5707963267948966,0.5000000000000001,0.5000000000000001,0.9999999999999998,0.0007669412366465567,0.11366305876335345,4.433234524286382,1.090794707989211,0.034456776,0.039712582,0.0528068069,0.22979731699913297,1.060632605309,1.0553767993090002,0.27326513146090353,0.0005657266639745793,16633163.833732301,332663.2766039405,0.0006633357984441154,0.0006351289728055459,794.5429380572263,728.4074008040429,7476509.435595224,149530.18868012278,19.20110839701562,0.3840221678586909,6854185.650916426,137083.71298919225,17.602861708424733,0.35205723409366707,"[0.223,0.270]",0.24,"[0.035,0.045]",0.04,0.0006,0.0,189,0.1137,0.018,0.919083522529,7,1.054083522529,0.005,0.0,22,0.1125,0.008,0.934183522529,15,1.0581835225290002,0.11412726071123558,0.11288340865012857,0.27898593139698463,0.2749418142586478,0.11609103700477197,0.11607884911960599,0.27693996985493635,0.27220402527472887
26,56,0.2004,90.0,0.12503,6251.612942,125.0322588,Altemus:1973,2.107936004,0.229972651,0.0089,0.20929999999999999,0.07536999999999999,0.08427,1.0,0.0,0.0,6251.612942,125.0322588,1.5707963267948966,0.5000000000000001,0.5000000000000001,0.9999999999999998,0.0007669412366465567,0.12426305876335345,4.433234524286382,1.090794707989211,0.030208296000000003,0.035275422,0.0509079229,0.2256278415887543,1.084772472909,1.079705346909,0.25731341292621707,0.000630524966284328,9914933.232288389,198298.66458232858,0.0006633357984441155,0.0006351289728055459,881.2483795015313,807.8957232255362,5509223.7744083,110184.47545291607,14.148741974724418,0.28297483940395973,5050651.359103212,101013.0271497484,12.971040170158545,0.25942080332017764,"[0.223,0.270]",0.24,"[0.035,0.045]",0.04,0.0006,0.0,207,0.12449999999999999,0.018,0.919083522529,8,1.072083522529,0.005,0.0,24,0.1225,0.008,0.934183522529,18,1.082183522529,0.12490257282637884,0.12288340865012856,0.2671725297996206,0.26631040682549956,0.12459271236868863,0.1288683037879167,0.26753274826766654,0.2610726125535412
26,56,0.2004,90.0,0.13513,5069.665458,101.3933092,Altemus:1973,2.430929635,0.503189021,0.0089,0.20929999999999999,0.06527,0.07417,1.0,0.0,0.0,5069.665458,101.3933092,1.5707963267948966,0.5000000000000001,0.5000000000000001,0.9999999999999998,0.0007669412366465567,0.13436305876335344,4.433234524286382,1.090794707989211,0.026160216000000003,0.031047562000000004,0.049307678900000006,0.22205332445158305,1.107773667509,1.1028863215090001,0.23944827131680868,0.0006873113869749691,7376082.448325027,147521.64902469833,0.0006633357984441154,0.0006351289728055459,993.1055406791036,910.4422064072998,5034712.855729266,100694.25715430953,12.930107040386474,0.2586021409097488,4615637.405328394,92312.74814298557,11.853841007554982,0.23707682024462723,"[0.186,0.223]",0.205,"[0.025,0.035]",0.026,0.0006,0.0,223,0.1341,0.014,0.9346585225290001,12,1.109658522529,0.005,0.0,26,0.1325,0.01,0.9481835225290001,15,1.103183522529,0.13432985817486554,0.13274921562258357,0.22197890039839435,0.2295913013960344,0.13489218883581022,0.13259856139950743,0.2208870667938451,0.22975350891967192
26,56,0.2497,90.0,0.00204,0.0,0.0,Altemus:1973,#DIV/0!,#DIV/0!,0.0089,0.2586,0.24766,0.25656,1.0,0.0,0.0,0.0,0.0,1.5707963267948966,0.5000000000000001,0.5000000000000001,0.9999999999999998,0.001189583824461271,0.0008504161755387291,4.433234524286382,1.0725559497989496,0.12368140400000002,0.13269283200000004,0.13269699360000003,0.36427598548353424,0.760502972369,0.751491544369,0.33332636399934346,-0.00029494024104215243,-0.0,-0.0,0.0004272595564696607,0.0004125549545648657,836.8065614263195,780.198516994082,0.0,0.0,0.0,0.0,0.0,0.0,0.0,0.0,"[0.340,0.428]",0.38,"[0.100,0.145]",0.12,0.0036,0.0,0,0.0018,0.008,0.8322835225290001,-11,0.7482835225290001,0.005,0.0,0,0.0025,0.008,0.8541835225290001,-13,0.7541835225290001,0.003184008052933507,0.0036502259503856938,0.33331773138729187,0.3333086608087637,0.006546306814271263,-0.0032893944512950492,0.3332673770811734,0.3333132972861498
26,56,0.2497,90.0,0.00557,0.0,0.0,Altemus:1973,#DIV/0!,#DIV/0!,0.0089,0.2586,0.24413,0.25303000000000003,1.0,0.0,0.0,0.0,0.0,1.5707963267948966,0.5000000000000001,0.5000000000000001,0.9999999999999998,0.001189583824461271,0.004380416175538729,4.433234524286382,1.0725559497989496,0.12191852200000004,0.13086711600000003,0.13089814090000004,0.3617984810636994,0.768890061749,0.7599414677490001,0.33328065904084125,-0.00027558150667139603,-0.0,-0.0,0.00042725955646966064,0.00041255495456486566,837.0360752842789,780.4125047660042,0.0,0.0,0.0,0.0,0.0,0.0,0.0,0.0,"[0.340,0.428]",0.38,"[0.100,0.145]",0.12,0.0036,0.0,1,0.0054,0.008,0.8322835225290001,-10,0.7562835225290001,0.005,0.0,0,0.0025,0.008,0.8541835225290001,-12,0.7621835225290001,0.006783664133536149,0.0036502259503856938,0.3332625069436437,0.3333086608087637,0.010770477681080748,0.0009737571048085617,0.33315476414070105,0.3333315774112885
26,56,0.2497,90.0,0.00846,0.0,0.0,Altemus:1973,#DIV/0!,#DIV/0!,0.0089,0.2586,0.24124,0.25014000000000003,1.0,0.0,0.0,0.0,0.0,1.5707963267948966,0.5000000000000001,0.5000000000000001,0.9999999999999998,0.001189583824461271,0.007270416175538729,4.433234524286382,1.0725559497989496,0.12047525600000003,0.12937240800000005,0.12944397960000004,0.3597832397430431,0.7757565456890001,0.766859393689,0.33321044054274523,-0.0002597217704463972,-0.0,-0.0,0.0004272595564696607,0.0004125549545648657,837.3888253229604,780.7413920736991,0.0,0.0,0.0,0.0,0.0,0.0,0.0,0.0,"[0.340,0.428]",0.38,"[0.100,0.145]",0.12,0.0036,0.0,2,0.009,0.008,0.8322835225290001,-9,0.7642835225290001,0.005,0.0,1,0.0075,0.008,0.8541835225290001,-11,0.7701835225290001,0.010383071862229087,0.008650225950385693,0.3331673822443463,0.3331948234881301,0.014975929991007164,0.005236908660912172,0.33298800453397603,0.3332825536400165
26,56,0.2497,90.0,0.01298,2536.410542,50.72821084,Altemus:1973,4.049029063,0.049376865,0.0089,0.2586,0.23672,0.24562,1.0,0.0,0.0,2536.410542,50.72821084,1.5707963267948966,0.5000000000000001,0.5000000000000001,0.9999999999999998,0.001189583824461271,0.011790416175538729,4.433234524286382,1.0725559497989496,0.11821796800000003,0.12703466400000002,0.12720314440000002,0.35665549820520087,0.786495821609,0.7776791256090001,0.33303887028251994,-0.0002349018706496927,-10797745.18178499,-215954.9036356998,0.0004272595564696607,0.0004125549545648657,838.2514305581176,781.5456440433226,2126149.7653141906,42522.99530628381,5.460359872980881,0.10920719745961761,1982320.610605663,39646.41221211326,5.090979052425586,0.10181958104851173,"[0.340,0.428]",0.38,"[0.100,0.145]",0.12,0.0036,0.0,3,0.0126,0.008,0.8322835225290001,-7,0.780283522529,0.005,0.0,2,0.0125,0.008,0.8541835225290001,-10,0.7781835225290001,0.013982231290427194,0.013650225950385694,0.3330323313912912,0.33298863705906834,0.023331660205533677,0.009500060217015783,0.332494534797607,0.3331662853420187
26,56,0.2497,90.0,0.0232,12205.48486,244.1096972,Altemus:1973,1.248864766,0.01302775,0.0089,0.2586,0.2265,0.2354,1.0,0.0,0.0,12205.48486,244.1096972,1.5707963267948966,0.5000000000000001,0.5000000000000001,0.9999999999999998,0.001189583824461271,0.022010416175538727,4.433234524286382,1.0725559497989496,0.11311410000000004,0.12174888000000003,0.12228712000000003,0.34969575347721915,0.8107779897290001,0.802143209729,0.3323537973797559,-0.00017875000007784784,-68282432.75347894,-1365648.6550695787,0.0004272595564696606,0.0004125549545648656,841.7057633138924,784.7662991116407,10273426.950702457,205468.53901404914,26.384128340708106,0.5276825668141621,9578453.182445362,191569.06364890723,24.599302577785156,0.4919860515557031,"[0.340,0.428]",0.38,"[0.100,0.145]",0.12,0.0036,0.0,6,0.0234,0.008,0.8322835225290001,-4,0.804283522529,0.005,0.0,4,0.0225,0.008,0.8541835225290001,-7,0.802183522529,0.02477822028566834,0.023650225950385694,0.33238714745886594,0.3323007398221403,0.03573086166020922,0.02228951488532656,0.3313627759702553,0.33241582415502957
26,56,0.2497,90.0,0.03343,21672.12868,433.4425737,Altemus:1973,0.923028849,0.008689502,0.0089,0.2586,0.21627000000000002,0.22517,1.0,0.0,0.0,21672.12868,433.4425737,1.5707963267948966,0.5000000000000001,0.5000000000000001,0.9999999999999998,0.001189583824461271,0.03224041617553873,4.433234524286382,1.0725559497989496,0.10800523800000005,0.11645792400000003,0.11757548890000004,0.3428928242177139,0.835083917309,0.8266312313090001,0.33121437882776616,-0.00012257526600199735,-176806703.2352747,-3536134.0655213194,0.00042725955646966054,0.00041255495456486555,847.4866230460078,790.1560969428858,18366839.149231736,367336.7830693834,47.16956120404765,0.943391224298604,17124364.610232778,342487.29228367115,43.978648585082745,0.8795729719045822,"[0.340,0.428]",0.38,"[0.100,0.145]",0.12,0.0036,0.0,8,0.0306,0.008,0.8322835225290001,-1,0.8282835225290001,0.005,0.0,6,0.0325,0.008,0.8541835225290001,-4,0.8261835225290001,0.031974305721448104,0.03365022595038569,0.33175627161485155,0.3312495204319494,0.047974191392198606,0.03507896955363739,0.3297725208097413,0.3310700390324726
26,56,0.2497,90.0,0.04366,31414.79024,628.2958048,Altemus:1973,0.778454983,0.006840409,0.0089,0.2586,0.20604,0.21494,1.0,0.0,0.0,31414.79024,628.2958048,1.5707963267948966,0.5000000000000001,0.5000000000000001,0.9999999999999998,0.001189583824461271,0.042470416175538726,4.433234524286382,1.0725559497989496,0.10289637600000003,0.11116696800000002,0.11307316360000001,0.33626353296187206,0.859389844889,0.851119252889,0.3295659245630589,-6.654105704215195e-05,-472111379.59680414,-9442227.591936084,0.00042725955646966064,0.00041255495456486566,855.9295840484027,798.0279109997446,26888848.34309102,537776.9668618204,69.05571325150089,1.3811142650300179,25069879.42972236,501397.5885944473,64.38425264849387,1.2876850529698776,"[0.270,0.340]",0.3,"[0.100,0.145]",0.12,0.001,0.0,42,0.0425,0.01,0.8866835225290001,-4,0.851683522529,0.005,0.0,8,0.0425,0.008,0.8541835225290001,-1,0.8501835225290001,0.04334466114525526,0.043650225950385695,0.3286619151660817,0.3298418796607642,0.03213079354627424,0.04786842422194822,0.33077444309910425,0.32914336384309256
26,56,0.2497,90.0,0.05391,38950.82931,779.0165862,Altemus:1973,0.751280538,0.00621861,0.0089,0.2586,0.19579000000000002,0.20469,1.0,0.0,0.0,38950.82931,779.0165862,1.5707963267948966,0.5000000000000001,0.5000000000000001,0.9999999999999998,0.001189583824461271,0.05272041617553873,4.433234524286382,1.0725559497989496,0.09777752600000005,0.10586566800000004,0.10877195610000004,0.3298059370296418,0.883743291389,0.8756551493889999,0.32734239948776883,-1.066390758463536e-05,-3652585039.851682,-73051700.79703364,0.0004272595564696606,0.0004125549545648656,867.4691237441234,808.7868273041889,33788641.77065262,675772.8354130524,86.7757044667703,1.7355140893354057,31502917.658501912,630058.3531700382,80.90552710377149,1.6181105420754298,"[0.270,0.340]",0.3,"[0.100,0.145]",0.12,0.001,0.0,52,0.0525,0.01,0.8866835225290001,-2,0.871683522529,0.005,0.0,10,0.0525,0.008,0.8541835225290001,2,0.8741835225290001,0.053335402731825354,0.05365022595038569,0.32623467869599476,0.3280869554437586,0.04238163978354781,0.06065787889025906,0.3288685608644105,0.326656157945636
26,56,0.2497,90.0,0.06417,42146.87422,842.9374844,Altemus:1973,0.734384235,0.006128094,0.0089,0.2586,0.18553,0.19443,1.0,0.0,0.0,42146.87422,842.9374844,1.5707963267948966,0.5000000000000001,0.5000000000000001,0.9999999999999998,0.001189583824461271,0.06298041617553873,4.433234524286382,1.0725559497989496,0.09265368200000001,0.10055919600000002,0.10467698490000002,0.32353822788041603,0.9081204973490001,0.9002149833490001,0.32447539213256626,4.4856397285514516e-05,939595615.5758967,18791912.311517935,0.00042725955646966075,0.00041255495456486577,882.6098336372206,822.9033029024413,37199245.64364306,743984.9128728613,95.5347885324961,1.9106957706499221,34682802.00265175,693656.0400530351,89.07207922384289,1.781441584476858,"[0.270,0.340]",0.3,"[0.100,0.145]",0.12,0.001,0.0,62,0.0625,0.01,0.8866835225290001,1,0.9016835225290001,0.005,0.0,12,0.0625,0.008,0.8541835225290001,5,0.8981835225290001,0.06332423314336921,0.06365022595038569,0.3232829357554628,0.3259959766015986,0.05756007965190635,0.07344733355856989,0.3250510528779976,0.32363417740294087
26,56,0.2497,90.0,0.07442,41245.29213,824.9058426,Altemus:1973,0.802418853,0.006693128,0.0089,0.2586,0.17528,0.18417999999999998,1.0,0.0,0.0,41245.29213,824.9058426,1.5707963267948966,0.5000000000000001,0.5000000000000001,0.9999999999999998,0.001189583824461271,0.07323041617553873,4.433234524286382,1.0725559497989496,0.087534832,0.09525789600000002,0.10079623240000002,0.3174842238600211,0.932473943849,0.924750879849,0.32089533508830426,9.974873867806244e-05,413491866.42969555,8269837.328593912,0.0004272595564696608,0.0004125549545648658,901.9411540150235,840.9269037984378,37200826.381418966,744016.5276283793,95.53884816990362,1.9107769633980722,34684275.80714297,693685.5161428595,89.07586423609169,1.781517284721834,"[0.270,0.340]",0.3,"[0.070,0.100]",0.093,0.001,0.0,73,0.0735,0.01,0.8866835225290001,3,0.9216835225290001,0.005,0.0,14,0.0725,0.008,0.8811835225290001,5,0.9251835225290002,0.07430974049740513,0.0733914251115489,0.319414251901072,0.3209413145979013,0.06755179713367576,0.0734473335585699,0.3218723601382239,0.32092313049720617
26,56,0.2497,90.0,0.08469,37196.96851,743.9393703,Altemus:1973,0.887868053,0.007699821,0.0089,0.2586,0.16501,0.17390999999999998,1.0,0.0,0.0,37196.96851,743.9393703,1.5707963267948966,0.5000000000000001,0.5000000000000001,0.9999999999999998,0.001189583824461271,0.08350041617553873,4.433234524286382,1.0725559497989496,0.08240599400000001,0.089946252,0.09711864810000001,0.31163864988155754,0.956874909269,0.949334651269,0.31650759718398086,0.00015399017911862524,241554160.9400011,4831083.219449414,0.00042725955646966075,0.00041255495456486577,926.2994882142635,863.6374525617038,34455532.89393508,689110.6579713314,88.48840861801364,1.769768172598164,32124695.12699431,642493.9026262499,82.50237074774586,1.6500474151767155,"[0.270,0.340]",0.3,"[0.070,0.100]",0.093,0.001,0.0,83,0.0835,0.01,0.8866835225290001,6,0.9516835225290001,0.005,0.0,16,0.0825,0.008,0.8811835225290001,8,0.9491835225290002,0.08429456100883215,0.08339142511154891,0.3153145083188462,0.317505556648852,0.08235598377863063,0.08623678822688075,0.31615486996637,0.3164626232241443
26,56,0.2497,90.0,0.09492,29762.5887,595.2517739,Altemus:1973,1.05568774,0.015956273,0.0089,0.2586,0.15478,0.16368,1.0,0.0,0.0,29762.5887,595.2517739,1.5707963267948966,0.5000000000000001,0.5000000000000001,0.9999999999999998,0.001189583824461271,0.09373041617553873,4.433234524286382,1.0725559497989496,0.07729713200000002,0.084655296,0.0936651024,0.30604754924684496,0.981180836849,0.973822672849,0.31124929730077733,0.00020706519838569913,143735349.69677234,2874706.9934525066,0.00042725955646966064,0.00041255495456486566,956.497655885399,891.7927834577714,28467846.324631266,569356.9263969755,73.1108825338238,1.4622176504308289,26542061.819681816,530841.236304457,68.16509903052463,1.3633019803814628,"[0.270,0.340]",0.3,"[0.070,0.100]",0.093,0.001,0.0,93,0.0935,0.01,0.8866835225290001,8,0.971683522529,0.005,0.0,18,0.0925,0.008,0.8811835225290001,11,0.9731835225290001,0.0942774737405827,0.09339142511154891,0.3106400055801004,0.31371869956534415,0.09210728054160666,0.09902624289519152,0.3117062485527171,0.31144052291355007
26,56,0.2497,90.0,0.10521,24603.92132,492.0784265,Altemus:1973,0.987241004,0.013883559,0.0089,0.2586,0.14449,0.15339,1.0,0.0,0.0,24603.92132,492.0784265,1.5707963267948966,0.5000000000000001,0.5000000000000001,0.9999999999999998,0.001189583824461271,0.10402041617553873,4.433234524286382,1.0725559497989496,0.07215830600000002,0.079333308,0.0904024521,0.3006700053214487,1.0056293211890002,0.9984543191890001,0.30496599222803455,0.0002592688024903039,94897346.24326864,1897946.9252510727,0.00042725955646966064,0.00041255495456486566,994.0972611942301,926.8488617125972,24458690.798850328,489173.81607641623,62.81460316787856,1.2562920636128743,22804116.469108302,456082.3294748509,58.56533934630929,1.1713067871642182,"[0.270,0.340]",0.3,"[0.070,0.100]",0.093,0.001,0.0,104,0.1045,0.01,0.8866835225290001,11,1.0016835225290002,0.005,0.0,20,0.10250000000000001,0.008,0.8811835225290001,14,0.9971835225290001,0.10525647556459461,0.10339142511154892,0.3048074574436265,0.3096082696093798,0.10656360087546723,0.11181569756350235,0.3040632625131719,0.30591551752981616
26,56,0.2497,90.0,0.12109,15159.23915,303.1847829,Altemus:1973,1.13495142,0.027005973,0.0089,0.2586,0.12861,0.13751,1.0,0.0,0.0,15159.23915,303.1847829,1.5707963267948966,0.5000000000000001,0.5000000000000001,0.9999999999999998,0.001189583824461271,0.11990041617553873,4.433234524286382,1.0725559497989496,0.06422783400000001,0.07112017200000001,0.08578296010000001,0.29288728224352795,1.043359343669,1.036467005669,0.2930541728010898,0.00033694590720043446,44990126.97899437,899802.5392831039,0.0004272595564696608,0.0004125549545648658,1070.2680003938035,997.8668251240646,16224448.57256196,324488.9713442124,41.667491816489104,0.8333498360549167,15126901.841906922,302538.0367383518,38.84878157106831,0.7769756311650949,"[0.270,0.340]",0.3,"[0.070,0.100]",0.093,0.001,0.0,119,0.11950000000000001,0.01,0.8866835225290001,14,1.031683522529,0.005,0.0,23,0.11750000000000001,0.008,0.8811835225290001,19,1.037183522529,0.12022412627553791,0.11839142511154892,0.29562627597512037,0.30289897862693127,0.1208226153855988,0.13313145534402035,0.2952284102311999,0.29575640241441115
26,56,0.2497,90.0,0.13085,10750.99367,215.0198733,Altemus:1973,1.316250427,0.02899732,0.0089,0.2586,0.11885000000000001,0.12775,1.0,0.0,0.0,10750.99367,215.0198733,1.5707963267948966,0.5000000000000001,0.5000000000000001,0.9999999999999998,0.001189583824461271,0.12966041617553872,4.433234524286382,1.0725559497989496,0.05935369000000002,0.06607230000000001,0.08319402250000002,0.28843374022468315,1.066548576629,1.0598299666289999,0.28423041357871176,0.00038259659485516195,28100076.72459803,562001.5342305888,0.0004272595564696607,0.0004125549545648657,1131.212289461476,1054.688372828962,12161656.163426537,243233.1231554095,31.233462659650232,0.6246692529024876,11338948.02010677,226778.96029666657,29.1205905533459,0.5824118107960538,"[0.270,0.340]",0.3,"[0.045,0.070]",0.056,0.001,0.0,129,0.1295,0.01,0.8866835225290001,17,1.061683522529,0.003,0.0,43,0.1305,0.01,0.918183522529,14,1.063183522529,0.13020018004406353,0.13103677211018,0.2886722605883141,0.276760147067125,0.13489218883581022,0.12726962195437788,0.28515857420526064,0.2794479319644917
26,56,0.2497,90.0,0.14158,7396.916276,147.9383255,Altemus:1973,1.620675367,0.052355601,0.0089,0.2586,0.10812,0.11702,1.0,0.0,0.0,7396.916276,147.9383255,1.5707963267948966,0.5000000000000001,0.5000000000000001,0.9999999999999998,0.001189583824461271,0.14039041617553874,4.433234524286382,1.0725559497989496,0.05399512800000001,0.06052274400000001,0.08056764040000002,0.2838443946954035,1.092042477209,1.085514861209,0.2730455802563842,0.00043062183352424844,17177290.374394074,343545.807441437,0.00042725955646966064,0.00041255495456486566,1214.6394749908106,1132.4719006206572,8984586.502031622,179691.73001633963,23.074139184061405,0.4614827836188395,8376799.833813594,167535.99665362242,21.5132265952062,0.4302645318459558,"[0.270,0.340]",0.3,"[0.045,0.070]",0.056,0.001,0.0,140,0.1405,0.01,0.8866835225290001,19,1.081683522529,0.003,0.0,46,0.1395,0.01,0.918183522529,16,1.083183522529,0.14117164154366435,0.14003677211018,0.2802031774057504,0.27024340885006276,0.14417031146208303,0.13792750084463692,0.2777318506204976,0.2717813444045895
26,56,0.2497,90.0,0.15142,5540.386732,110.8077346,Altemus:1973,1.823338422,0.06882913,0.0089,0.2586,0.09828,0.10718000000000001,1.0,0.0,0.0,5540.386732,110.8077346,1.5707963267948966,0.5000000000000001,0.5000000000000001,0.9999999999999998,0.001189583824461271,0.15023041617553873,4.433234524286382,1.0725559497989496,0.04908103200000002,0.05543349600000002,0.07836151240000003,0.27993126370593197,1.115421785849,1.109069321849,0.2612858458979782,0.0004724197409872485,11727678.272761988,234553.56537056927,0.0004272595564696606,0.0004125549545648656,1310.7055436281248,1222.0393200688657,7261815.60347611,145236.31201709397,18.649733510352135,0.372994670072397,6770570.434891844,135411.40864895532,17.388121816720165,0.3477624362088661,"[0.270,0.340]",0.3,"[0.045,0.070]",0.056,0.001,0.0,150,0.1505,0.01,0.8866835225290001,22,1.111683522529,0.003,0.0,50,0.1515,0.01,0.918183522529,19,1.113183522529,0.15114370077336048,0.15203677211018,0.2717137976416604,0.26140085822326264,0.15794026507618952,0.15391431918002546,0.26547063504380386,0.26000649469620263
26,56,0.2497,90.0,0.15759,4837.897222,96.75794445,Altemus:1973,1.906096714,0.095241792,0.0089,0.2586,0.09211,0.10101,1.0,0.0,0.0,4837.897222,96.75794445,1.5707963267948966,0.5000000000000001,0.5000000000000001,0.9999999999999998,0.001189583824461271,0.15640041617553874,4.433234524286382,1.0725559497989496,0.04599973400000001,0.052242372000000016,0.07707698010000003,0.2776274123713291,1.130081372669,1.123838734669,0.25311676541507844,0.0004974259998003782,9725863.19159331,194517.26385196968,0.00042725955646966064,0.00041255495456486566,1383.0971597325963,1289.5338093941464,6691281.906826417,133825.63815035933,17.18449368849553,0.34368987380543126,6238632.034143018,124772.6406957557,16.022002107877693,0.32044004219067157,"[0.270,0.340]",0.3,"[0.045,0.070]",0.056,0.001,0.0,156,0.1565,0.01,0.8866835225290001,23,1.121683522529,0.003,0.0,52,0.1575,0.01,0.918183522529,20,1.1231835225290001,0.1571260240133654,0.15803677211018,0.26623878559686215,0.256938200085106,0.1624919715216232,0.15924325862515498,0.26107269994600757,0.2560388232866117
26,56,0.2497,90.0,0.16376,4415.207348,88.30414695,Altemus:1973,1.83517995,0.135119362,0.0089,0.2586,0.08594000000000002,0.09484000000000002,1.0,0.0,0.0,4415.207348,88.30414695,1.5707963267948966,0.5000000000000001,0.5000000000000001,0.9999999999999998,0.001189583824461271,0.16257041617553872,4.433234524286382,1.0725559497989496,0.04291843600000002,0.049051248000000026,0.07586858560000002,0.27544252685451465,1.144740959489,1.138608147489,0.24429321270337498,0.0005214391833904844,8467348.616365166,169346.97230812564,0.0004272595564696607,0.0004125549545648657,1467.1125237245346,1367.8657267246008,6477605.99509139,129552.11988715667,16.63573301636662,0.3327146602896541,6039410.807711817,120788.21614055769,15.510363836483291,0.3102072766945364,"[0.270,0.340]",0.3,"[0.045,0.070]",0.056,0.001,0.0,162,0.1625,0.01,0.8866835225290001,25,1.141683522529,0.003,0.0,54,0.1635,0.01,0.918183522529,22,1.1431835225290001,0.16310766331682203,0.16403677211018,0.26046409462273074,0.2524613571142444,0.17153938167944405,0.169901137515414,0.25179021826618375,0.2480809245362752
26,56,0.2497,90.0,0.1699,4216.204628,84.32409256,Altemus:1973,2.032396612,0.194333547,0.0089,0.2586,0.07980000000000001,0.08870000000000001,1.0,0.0,0.0,4216.204628,84.32409256,1.5707963267948966,0.5000000000000001,0.5000000000000001,0.9999999999999998,0.001189583824461271,0.16871041617553872,4.433234524286382,1.0725559497989496,0.03985212000000001,0.045875640000000016,0.07474165000000002,0.2733891914469188,1.1593292679290002,1.153305747929,0.23482744122178395,0.0005442975447929084,7746139.346640193,154922.78693280384,0.00042725955646966075,0.00041255495456486577,1564.7253086206074,1458.875230624486,6597202.087754934,131944.04175509865,16.94287869161439,0.3388575738322877,6150916.499033526,123018.3299806705,15.79673181132446,0.31593463622648915,"[0.270,0.340]",0.3,"[0.045,0.070]",0.056,0.001,0.0,168,0.1685,0.01,0.8866835225290001,26,1.151683522529,0.003,0.0,56,0.1695,0.01,0.918183522529,23,1.1531835225290001,0.16908861891825921,0.17003677211018,0.25437754617152314,0.247979621746094,0.1760355400951571,0.17523007696054352,0.24689812595739538,0.2441032078068333
26,56,0.2497,90.0,0.17617,4189.004873,83.78009746,Altemus:1973,2.290687237,0.277488338,0.0089,0.2586,0.07353000000000001,0.08243000000000002,1.0,0.0,0.0,4189.004873,83.78009746,1.5707963267948966,0.5000000000000001,0.5000000000000001,0.9999999999999998,0.001189583824461271,0.17498041617553872,4.433234524286382,1.0725559497989496,0.03672088200000002,0.042632796000000014,0.07366866490000001,0.2714197209120959,1.174226449349,1.168314535349,0.22441842274128773,0.000566520401440099,7394270.113400186,147885.40226800373,0.0004272595564696606,0.0004125549545648656,1682.149702356419,1568.3561334695291,7046533.300286539,140930.66600573077,18.096847317254856,0.36193694634509715,6569851.485703296,131397.0297140659,16.872637106387884,0.3374527421277576,"[0.270,0.340]",0.3,"[0.035,0.045]",0.04,0.001,0.0,174,0.17450000000000002,0.01,0.8866835225290001,28,1.171683522529,0.005,0.0,34,0.17250000000000001,0.008,0.934183522529,29,1.170183522529,0.1750688910520708,0.17288340865012858,0.2479660093425824,0.22249744417749423,0.1849738662449053,0.1757629709050564,0.23659158625030544,0.22003986212324875
26,56,0.2497,90.0,0.18233,4296.892504,85.93785007,Altemus:1973,2.29396011,0.387722057,0.0089,0.2586,0.06737000000000001,0.07627000000000002,1.0,0.0,0.0,4296.892504,85.93785007,1.5707963267948966,0.5000000000000001,0.5000000000000001,0.9999999999999998,0.001189583824461271,0.18114041617553872,4.433234524286382,1.0725559497989496,0.033644578000000015,0.039446844000000016,0.07269107290000001,0.2696128203554127,1.188862276709,1.1830600107090001,0.21342346805381943,0.0005872057364875549,7317524.739629426,146350.49477555868,0.0004272595564696606,0.0004125549545648656,1819.315319790222,1696.2428115113737,7817402.360018969,156348.0471821862,20.076586726846,0.4015317344901964,7288573.021747108,145771.4604179797,18.71845168600235,0.37436903367648416,"[0.223,0.270]",0.24,"[0.035,0.045]",0.04,0.0006,0.0,301,0.18089999999999998,0.018,0.919083522529,14,1.180083522529,0.005,0.0,36,0.1825,0.008,0.934183522529,31,1.186183522529,0.1811376095208459,0.18288340865012856,0.1770791772787511,0.2140265713118176,0.17423925724888079,0.18428927401726364,0.19124228413882946,0.21285078863541657
26,56,0.2497,90.0,0.1885,4507.109739,90.14219478,Altemus:1973,2.912953258,0.539303487,0.0089,0.2586,0.061200000000000004,0.07010000000000001,1.0,0.0,0.0,4507.109739,90.14219478,1.5707963267948966,0.5000000000000001,0.5000000000000001,0.9999999999999998,0.001189583824461271,0.18731041617553873,4.433234524286382,1.0725559497989496,0.03056328000000001,0.03625572000000001,0.07178797,0.2679327714185034,1.2035218635290001,1.1978294235290001,0.20160921608575494,0.0006067432789283907,7428363.684489928,148567.27368979855,0.0004272595564696607,0.0004125549545648657,1984.2154593995274,1849.987834920377,8943076.821333969,178861.53642667938,22.967534372622726,0.4593506874524545,8338098.187801156,166761.96375602312,21.4138333547336,0.42827666709467205,"[0.223,0.270]",0.24,"[0.035,0.045]",0.04,0.0006,0.0,312,0.18749999999999997,0.018,0.919083522529,15,1.198083522529,0.005,0.0,37,0.1875,0.008,0.934183522529,32,1.194183522529,0.1877143572590967,0.18788340865012856,0.1625674639576394,0.20986320275251857,0.1822998546279354,0.18855242557336724,0.1745885802493952,0.20931007621026748
26,56,0.2988,90.0,0.01174,0.710067935,0.014201359,Altemus:1973,4250.015878,130.6029965,0.0089,0.30770000000000003,0.28706,0.29596,1.0,0.0,0.0,0.710067935,0.014201359,1.5707963267948966,0.5000000000000001,0.5000000000000001,0.9999999999999998,0.001701815606678314,0.010038184393321686,4.433234524286382,1.0604588142843576,0.17154705600000003,0.18213378400000005,0.18227161160000005,0.42693279517975663,0.730839816569,0.720253088569,0.3331652540736307,-0.00025729657439038336,-2759.725568373285,-55.19451253343537,0.0002983786081322548,0.00028974822265166636,1185.8858053892484,1118.2761550145954,842.0594849785555,16.841190055336853,0.002162570058539781,4.32514020844702e-05,794.0520401509536,15.881041138501919,0.002039277744133019,4.078555574424459e-05,"[0.340,0.428]",0.38,"[0.145,0.206]",0.16,0.0036,0.0,2,0.009,0.008,0.8322835225290001,-15,0.7162835225290001,0.005,0.0,2,0.0125,0.03,0.8141835225290001,-4,0.7091835225290001,0.010383071862229087,0.01403363460051426,0.3331673822443463,0.3330600258025451,-0.010542692998552483,-0.005953864173859821,0.3331622393030209,0.33328410657839297
26,56,0.2988,90.0,0.02222,2471.670143,49.43340287,Altemus:1973,2.280401378,0.053947328,0.0089,0.30770000000000003,0.27658,0.28548,1.0,0.0,0.0,2471.670143,49.43340287,1.5707963267948966,0.5000000000000001,0.5000000000000001,0.9999999999999998,0.001701815606678314,0.020518184393321686,4.433234524286382,1.0604588142843576,0.16528420800000002,0.17568439200000005,0.17617812040000005,0.4197357745058194,0.756768866649,0.7463686826489999,0.33270998685917796,-0.0002151801371655027,-11486516.253584085,-229730.32511815443,0.00029837860813225497,0.00028974822265166646,1189.1305705255886,1121.3359297956933,2939138.527296653,58782.77055782437,7.54827074621019,0.15096541495474297,2771572.5379491593,55431.45077019655,7.117929187381107,0.14235858377642022,"[0.340,0.428]",0.38,"[0.145,0.206]",0.16,0.0036,0.0,5,0.019799999999999998,0.008,0.8322835225290001,-11,0.7482835225290001,0.005,0.0,4,0.0225,0.03,0.8141835225290001,-3,0.7391835225290001,0.021179805450792344,0.024033634600514258,0.3326422758462669,0.3325330156053943,0.006546306814271263,0.010032954161528721,0.3332673770811734,0.3331935861551618
26,56,0.2988,90.0,0.03271,6073.768643,121.4753729,Altemus:1973,1.393105417,0.019653366,0.0089,0.30770000000000003,0.26609,0.27499,1.0,0.0,0.0,6073.768643,121.4753729,1.5707963267948966,0.5000000000000001,0.5000000000000001,0.9999999999999998,0.001701815606678314,0.03100818439332169,4.433234524286382,1.0604588142843576,0.15901538400000004,0.16922884600000004,0.17029879010000004,0.412672739710294,0.782722658189,0.772509196189,0.33193423742537265,-0.00017299810718186364,-35108873.397181004,-702177.4681748364,0.00029837860813225486,0.0002897482226516664,1194.682526503948,1126.5713579929743,7256225.267819697,145124.50540418123,18.635376457527,0.3727075292732669,6842533.788279655,136850.67581065596,17.57293749319528,0.3514587499796356,"[0.340,0.428]",0.38,"[0.145,0.206]",0.16,0.0036,0.0,8,0.0306,0.008,0.8322835225290001,-8,0.7722835225290001,0.005,0.0,6,0.0325,0.03,0.8141835225290001,-2,0.769183522529,0.031974305721448104,0.034033634600514256,0.33175627161485155,0.33173232638700684,0.019162910402884425,0.026019772496917202,0.332767730557625,0.3323956610167025
26,56,0.2988,90.0,0.04324,11036.25476,220.7250952,Altemus:1973,0.993906016,0.011587264,0.0089,0.30770000000000003,0.25556,0.26446000000000003,1.0,0.0,0.0,11036.25476,220.7250952,1.5707963267948966,0.5000000000000001,0.5000000000000001,0.9999999999999998,0.001701815606678314,0.04153818439332169,4.433234524286382,1.0604588142843576,0.15272265600000004,0.16274868400000006,0.16461838160000006,0.40573190853074403,0.808775415569,0.7987493875689999,0.3307997928114326,-0.00013068413261848816,-84449845.12556407,-1688996.9025112814,0.0002983786081322549,0.00028974822265166646,1202.8543296653,1134.2772708028617,13275006.821355276,265500.1364271055,34.09276041763888,0.6818552083527776,12518172.92905789,250363.45858115784,32.14906600653426,0.6429813201306853,"[0.340,0.428]",0.38,"[0.145,0.206]",0.16,0.0036,0.0,11,0.0414,0.008,0.8322835225290001,-5,0.796283522529,0.005,0.0,8,0.0425,0.03,0.8141835225290001,-1,0.799183522529,0.04276657405951312,0.04403363460051426,0.330506718081988,0.3306619143821668,0.03161540725570067,0.04200659083230574,0.3317915580777615,0.3309004516356344
26,56,0.2988,90.0,0.05377,16625.7676,332.5153519,Altemus:1973,0.819811772,0.008812826,0.0089,0.30770000000000003,0.24503000000000003,0.25393000000000004,1.0,0.0,0.0,16625.7676,332.5153519,1.5707963267948966,0.5000000000000001,0.5000000000000001,0.9999999999999998,0.001701815606678314,0.052068184393321684,4.433234524286382,1.0604588142843576,0.14642992800000004,0.15626852200000008,0.15915973490000007,0.39894828599707016,0.8348281729489999,0.8249895789489999,0.32927196789642843,-8.84614657666789e-05,-187943614.27213076,-3758872.2843121793,0.00029837860813225486,0.0002897482226516664,1213.9597478498888,1144.7495475523206,20183012.64350685,403660.252748741,51.83384263534459,1.0366768523951235,19032339.93781003,380646.7986417256,48.87869470944447,0.9775738938948957,"[0.340,0.428]",0.38,"[0.145,0.206]",0.16,0.0036,0.0,14,0.052199999999999996,0.008,0.8322835225290001,-1,0.8282835225290001,0.005,0.0,10,0.0525,0.03,0.8141835225290001,0,0.8291835225290001,0.05355661184889016,0.05403363460051425,0.3288897676778632,0.3293270238884431,0.047974191392198606,0.057993409167694285,0.3297725208097413,0.3287267274918136
26,56,0.2988,90.0,0.06431,21417.12153,428.3424306,Altemus:1973,0.765555725,0.00799127,0.0089,0.30770000000000003,0.23449,0.24339,1.0,0.0,0.0,21417.12153,428.3424306,1.5707963267948966,0.5000000000000001,0.5000000000000001,0.9999999999999998,0.001701815606678314,0.06260818439332169,4.433234524286382,1.0604588142843576,0.14013122400000003,0.14978220600000003,0.15391798210000002,0.3923238230084939,0.8609056717890001,0.8512546897890001,0.327308257743652,-4.636093207913947e-05,-461964860.7029804,-9239297.214059608,0.0002983786081322549,0.00028974822265166646,1228.4043952559518,1158.3706775872583,26308886.221182875,526177.7244236575,67.56625942751398,1.3513251885502797,24808965.57867476,496179.31157349516,63.71417589952379,1.2742835179904757,"[0.340,0.428]",0.38,"[0.145,0.206]",0.16,0.0036,0.0,17,0.063,0.008,0.8322835225290001,2,0.8522835225290001,0.005,0.0,12,0.0625,0.03,0.8141835225290001,1,0.8591835225290001,0.06434442047201827,0.06403363460051426,0.32690034584335287,0.3277341237006309,0.060067384102035604,0.07398022750308282,0.3277340804079593,0.3259013246397326
26,56,0.2988,90.0,0.07486,24630.30062,492.6060125,Altemus:1973,0.748427731,0.007549238,0.0089,0.30770000000000003,0.22394000000000003,0.23284000000000002,1.0,0.0,0.0,24630.30062,492.6060125,1.5707963267948966,0.5000000000000001,0.5000000000000001,0.9999999999999998,0.001701815606678314,0.07315818439332168,4.433234524286382,1.0604588142843576,0.13382654400000005,0.14328973600000006,0.14889375560000007,0.3858675363385731,0.8870079120890001,0.8775447200890001,0.32486313204686207,-4.462713761245157e-06,-5519130721.287358,-110382614.44815506,0.00029837860813225486,0.0002897482226516664,1246.663812940505,1175.589090446484,30705704.48480009,614114.0898206681,78.85813096314737,1.5771626195831143,28955112.703289274,579102.2541833444,74.3622759327661,1.4872455189572358,"[0.340,0.428]",0.38,"[0.100,0.145]",0.12,0.0036,0.0,20,0.0738,0.008,0.8322835225290001,5,0.8762835225290001,0.005,0.0,14,0.0725,0.008,0.8541835225290001,2,0.8741835225290001,0.07513000130994385,0.07365022595038569,0.3245321097533276,0.32358208686654544,0.07201583124035371,0.06065787889025906,0.32525527460720344,0.326656157945636
26,56,0.2988,90.0,0.08544,25961.59291,519.2318582,Altemus:1973,0.748759911,0.007679806,0.0089,0.30770000000000003,0.21336,0.22225999999999999,1.0,0.0,0.0,25961.59291,519.2318582,1.5707963267948966,0.5000000000000001,0.5000000000000001,0.9999999999999998,0.001701815606678314,0.08373818439332169,4.433234524286382,1.0604588142843576,0.12750393600000004,0.13677880400000003,0.14407879760000003,0.3795771299749236,0.913184376769,0.9039095087690001,0.3218806490983228,3.722183369094558e-05,697482910.8517376,13949658.217034753,0.0002983786081322548,0.00028974822265166636,1269.356285823086,1196.9878214268049,32954511.15028856,659090.2230057713,84.63349725137806,1.6926699450275615,31075710.538110483,621514.2107622097,79.80837738473825,1.5961675476947652,"[0.340,0.428]",0.38,"[0.100,0.145]",0.12,0.0036,0.0,23,0.0846,0.008,0.8322835225290001,8,0.900283522529,0.005,0.0,16,0.0825,0.008,0.8541835225290001,6,0.9061835225290001,0.08591335574227088,0.0836502259503857,0.3217773960146299,0.32086014424612436,0.08382460910052025,0.0777104851146735,0.32234161882575185,0.32251316102190986
26,56,0.2988,90.0,0.0945,25646.72845,512.9345689,Altemus:1973,0.805014957,0.008101618,0.0089,0.30770000000000003,0.2043,0.2132,1.0,0.0,0.0,25646.72845,512.9345689,1.5707963267948966,0.5000000000000001,0.5000000000000001,0.9999999999999998,0.001701815606678314,0.09279818439332169,4.433234524286382,1.0604588142843576,0.12208968000000003,0.13120328000000003,0.14013353000000003,0.3743441331181778,0.9356001395290001,0.9264865395290001,0.3188644897223941,7.257805218065615e-05,353367549.54737526,7067350.989569679,0.00029837860813225486,0.0002897482226516664,1292.7871272750388,1219.0828251519283,33155760.396878507,663115.2078082915,85.15034386701852,1.7030068770083582,31265486.174730334,625309.7233726985,80.29575757214255,1.6059151511297673,"[0.340,0.428]",0.38,"[0.100,0.145]",0.12,0.0036,0.0,25,0.09179999999999999,0.008,0.8322835225290001,11,0.924283522529,0.005,0.0,18,0.0925,0.008,0.8541835225290001,9,0.930183522529,0.09310102248580421,0.09365022595038569,0.3197218013995607,0.3178465012611218,0.09549850402252813,0.09049993978298428,0.3189964731463114,0.3188263126010835
26,56,0.2988,90.0,0.10661,23499.3148,469.9862959,Altemus:1973,0.876408533,0.009350485,0.0089,0.30770000000000003,0.19219000000000003,0.20109000000000002,1.0,0.0,0.0,23499.3148,469.9862959,1.5707963267948966,0.5000000000000001,0.5000000000000001,0.9999999999999998,0.001701815606678314,0.10490818439332168,4.433234524286382,1.0604588142843576,0.11485274400000005,0.12375078600000006,0.13511647810000005,0.36758193385964993,0.9655620475890001,0.9566640055890001,0.3141012502418939,0.00011922332154856321,197103339.30285636,3942066.785218365,0.0002983786081322548,0.00028974822265166636,1330.8113267347348,1254.9391912337703,31273154.30634519,625463.0859938227,80.31545080300218,1.6063090157182658,29490211.10965977,589804.2220677015,75.73651114136143,1.5147302225049362,"[0.340,0.428]",0.38,"[0.100,0.145]",0.12,0.0036,0.0,29,0.1062,0.008,0.8322835225290001,15,0.9562835225290001,0.005,0.0,20,0.10250000000000001,0.008,0.8541835225290001,12,0.9541835225290001,0.10747339090145402,0.1036502259503857,0.3150708814360909,0.31455877186056486,0.11086165414550109,0.1032893944512951,0.313867073237512,0.3146819604515981
26,56,0.2988,90.0,0.11531,21083.88354,421.6776708,Altemus:1973,0.933272087,0.009924642,0.0089,0.30770000000000003,0.18349000000000001,0.19239,1.0,0.0,0.0,21083.88354,421.6776708,1.5707963267948966,0.5000000000000001,0.5000000000000001,0.9999999999999998,0.001701815606678314,0.11360818439332168,4.433234524286382,1.0604588142843576,0.10965362400000005,0.11839680600000005,0.13169320210000005,0.3628955801604644,0.987087117789,0.978343935789,0.31011527703896924,0.00015221150731870015,138517014.32700884,2770340.2865401767,0.0002983786081322548,0.00028974822265166636,1363.6283627565138,1285.8852643671482,28750581.592199206,575011.6318439841,73.83700086043018,1.4767400172086036,27111455.159719065,542229.1031943813,69.62741019815891,1.3925482039631782,"[0.340,0.428]",0.38,"[0.100,0.145]",0.12,0.0036,0.0,31,0.1134,0.008,0.8322835225290001,18,0.9802835225290001,0.005,0.0,22,0.1125,0.008,0.8541835225290001,15,0.9781835225290001,0.11465809338873356,0.1136502259503857,0.31246856618203683,0.3110155908486326,0.12223797237558098,0.11607884911960595,0.3095168910975361,0.31011870953446763
26,56,0.2988,90.0,0.12778,16979.7508,339.595016,Altemus:1973,1.011793412,0.012868269,0.0089,0.30770000000000003,0.17102,0.17992,1.0,0.0,0.0,16979.7508,339.595016,1.5707963267948966,0.5000000000000001,0.5000000000000001,0.9999999999999998,0.001701815606678314,0.1260781843933217,4.433234524286382,1.0604588142843576,0.10220155200000003,0.11072276800000004,0.12705049640000005,0.35644143474068785,1.017939718409,1.009418502409,0.3034965917713329,0.0001985767866293831,85507229.15911831,1710144.5831823659,0.00029837860813225486,0.0002897482226516664,1420.2304004384835,1339.2603100733477,24115158.27802966,482303.1655605932,61.93234584887171,1.2386469169774341,22740306.321376175,454806.12642752344,58.40146266374925,1.168029253274985,"[0.340,0.428]",0.38,"[0.100,0.145]",0.12,0.0036,0.0,35,0.1278,0.008,0.8322835225290001,22,1.0122835225290001,0.005,0.0,25,0.1275,0.008,0.8541835225290001,19,1.0101835225290001,0.1290245369579779,0.1286502259503857,0.3066903141241514,0.3052644679358368,0.13721922336983916,0.13313145534402038,0.3030398354779242,0.30345332247607676
26,56,0.2988,90.0,0.13382,14935.08012,298.7016024,Altemus:1973,1.038360683,0.020028684,0.0089,0.30770000000000003,0.16498000000000002,0.17388,1.0,0.0,0.0,14935.08012,298.7016024,1.5707963267948966,0.5000000000000001,0.5000000000000001,0.9999999999999998,0.001701815606678314,0.13211818439332168,4.433234524286382,1.0604588142843576,0.09859204800000004,0.10700575200000004,0.12491354440000003,0.3534311027626177,1.032883560249,1.024469856249,0.29987641204800236,0.00022058844077942812,67705633.47394055,1354112.6694788109,0.0002983786081322548,0.00028974822265166636,1452.3565400226341,1369.5548761153404,21691061.288044028,433821.22576088057,55.7068004295088,1.1141360085901761,20454411.803519286,409088.23607038567,52.53084766625483,1.0506169533250964,"[0.340,0.428]",0.38,"[0.100,0.145]",0.12,0.0036,0.0,36,0.1314,0.008,0.8322835225290001,24,1.0282835225290001,0.005,0.0,26,0.1325,0.008,0.8541835225290001,21,1.0261835225290001,0.1326155311874544,0.1336502259503857,0.3051229966391821,0.3032410664505058,0.1446321308997479,0.1416577584562276,0.29950781861657444,0.29989965278018177
26,56,0.2988,90.0,0.13838,13437.97194,268.7594389,Altemus:1973,1.08312475,0.015654892,0.0089,0.30770000000000003,0.16042,0.16932,1.0,0.0,0.0,13437.97194,268.7594389,1.5707963267948966,0.5000000000000001,0.5000000000000001,0.9999999999999998,0.001701815606678314,0.1366781843933217,4.433234524286382,1.0604588142843576,0.09586699200000004,0.10419952800000004,0.12334855240000005,0.3512101257082433,1.044165666009,1.035833130009,0.29695220261458155,0.00023699186229307143,56702250.49070331,1134045.0102360216,0.0002983786081322548,0.00028974822265166636,1478.9356713799175,1394.618679630633,19873896.053068392,397477.92120926146,51.039972018119556,1.0207994407422103,18740846.683876295,374816.93381698785,48.130084196210376,0.9626016842823726,"[0.340,0.428]",0.38,"[0.100,0.145]",0.12,0.0036,0.0,37,0.135,0.008,0.8322835225290001,25,1.0362835225290001,0.005,0.0,27,0.1375,0.008,0.8541835225290001,22,1.0341835225290001,0.13620627885342884,0.1386502259503857,0.3035053714182538,0.3011687075221411,0.14831962031775292,0.1459209100123312,0.297667573369461,0.29807308866549237
26,56,0.2988,90.0,0.14901,10275.42402,205.5084803,Altemus:1973,1.179124091,0.019561237,0.0089,0.30770000000000003,0.14979,0.15869,1.0,0.0,0.0,10275.42402,205.5084803,1.5707963267948966,0.5000000000000001,0.5000000000000001,0.9999999999999998,0.001701815606678314,0.1473081843933217,4.433234524286382,1.0604588142843576,0.08951450400000002,0.09765782600000003,0.11986180610000002,0.3462106383403029,1.070465837989,1.062322515989,0.2894582064769917,0.00027444398256871067,37440879.278260045,748817.5852008278,0.00029837860813225486,0.0002897482226516664,1549.7424172972321,1461.3885955986548,15924260.459508844,318485.2090352026,40.89655123948847,0.8179310243917658,15016387.477768485,300327.74940923083,38.56495951432794,0.7712991899112462,"[0.340,0.428]",0.38,"[0.070,0.100]",0.093,0.0036,0.0,40,0.14579999999999999,0.008,0.8322835225290001,28,1.0602835225290002,0.005,0.0,29,0.1475,0.008,0.8811835225290001,22,1.061183522529,0.1469770429780155,0.1483914251115489,0.298344073028295,0.28789001775769923,0.15930775900090388,0.14592091001233115,0.2918462434614319,0.2891918519774249
26,56,0.2988,90.0,0.15962,7766.604327,155.3320865,Altemus:1973,1.346534413,0.02531222,0.0089,0.30770000000000003,0.13918,0.14808,1.0,0.0,0.0,7766.604327,155.3320865,1.5707963267948966,0.5000000000000001,0.5000000000000001,0.9999999999999998,0.001701815606678314,0.1579181843933217,4.433234524286382,1.0604588142843576,0.08317396800000001,0.09112843200000001,0.1166069764,0.34147763674946563,1.096716527049,1.088762063049,0.28096368612505807,0.00031060715334000786,25004589.377560932,500091.7874224386,0.00029837860813225486,0.0002897482226516664,1634.9993630438998,1541.784877470481,12698393.127658997,253967.86248777996,32.61190599870984,0.6522381198062371,11974433.100665402,239488.66195163666,30.752637970874645,0.615052759259109,"[0.340,0.428]",0.38,"[0.070,0.100]",0.093,0.0036,0.0,43,0.1566,0.008,0.8322835225290001,32,1.0922835225290002,0.005,0.0,31,0.1575,0.008,0.8811835225290001,25,1.085183522529,0.15774558985810927,0.1583914251115489,0.2927052396068857,0.28252390332943267,0.17378973318055235,0.15871036468064198,0.28336958386309724,0.28235040401828043
26,56,0.2988,90.0,0.17024,6012.988757,120.2597751,Altemus:1973,1.480295467,0.032378241,0.0089,0.30770000000000003,0.12856,0.13746,1.0,0.0,0.0,6012.988757,120.2597751,1.5707963267948966,0.5000000000000001,0.5000000000000001,0.9999999999999998,0.001701815606678314,0.1685381843933217,4.433234524286382,1.0604588142843576,0.07682745600000002,0.08459288400000002,0.11357454160000002,0.3370082218581618,1.1229919575690002,1.115226529569,0.2713554570781576,0.000345433768707267,17407067.00303995,348141.3399450025,0.0002983786081322549,0.00028974822265166646,1738.4371917521787,1639.3255148955027,10453203.288756505,209064.0657055926,26.845828413974914,0.5369165681009127,9857245.890129894,197144.91773702487,25.315295655391967,0.5063059129394353,"[0.270,0.340]",0.3,"[0.070,0.100]",0.093,0.001,0.0,168,0.1685,0.01,0.8866835225290001,22,1.111683522529,0.005,0.0,33,0.1675,0.008,0.8811835225290001,29,1.117183522529,0.16908861891825921,0.16839142511154892,0.25437754617152314,0.27702370394635545,0.15794026507618952,0.17576297090505644,0.26547063504380386,0.2728991400578343
26,56,0.2988,90.0,0.18085,4979.959001,99.59918001,Altemus:1973,1.686078138,0.040913991,0.0089,0.30770000000000003,0.11795,0.12685,1.0,0.0,0.0,4979.959001,99.59918001,1.5707963267948966,0.5000000000000001,0.5000000000000001,0.9999999999999998,0.001701815606678314,0.1791481843933217,4.433234524286382,1.0604588142843576,0.07048692000000002,0.07806349000000001,0.11077021250000002,0.3328215925987976,1.149242646629,1.1416660766289999,0.2605556406030275,0.00037870642997759186,13149919.322190186,262998.38641739805,0.00029837860813225486,0.0002897482226516664,1864.5612427269323,1758.2589890444892,9285438.543633733,185708.77085402902,23.846784856755015,0.47693569708721467,8756057.678581266,175121.15355404268,22.487233389490786,0.44974466774466015,"[0.270,0.340]",0.3,"[0.070,0.100]",0.093,0.001,0.0,179,0.1795,0.01,0.8866835225290001,25,1.141683522529,0.005,0.0,35,0.1775,0.008,0.8811835225290001,32,1.1411835225290001,0.18005192923926217,0.1783914251115489,0.24236462256970528,0.2714163547313554,0.17153938167944405,0.18855242557336727,0.25179021826618375,0.2656353279815993
26,56,0.2988,90.0,0.19146,4545.718126,90.91436251,Altemus:1973,1.732157556,0.051336223,0.0089,0.30770000000000003,0.10734000000000002,0.11624000000000002,1.0,0.0,0.0,4545.718126,90.91436251,1.5707963267948966,0.5000000000000001,0.5000000000000001,0.9999999999999998,0.001701815606678314,0.18975818439332168,4.433234524286382,1.0604588142843576,0.06414638400000003,0.07153409600000003,0.10819102760000003,0.3289240453356976,1.175493335689,1.1681056236890002,0.24845461326797574,0.00041030953281477226,11078753.386049386,221575.06769661588,0.00029837860813225486,0.0002897482226516664,2019.898248667757,1904.7399309240213,9181888.081644677,183637.7616126946,23.580847434707927,0.47161694864228376,8658410.82931731,173168.21656729883,22.23645757579117,0.4447291514669061,"[0.270,0.340]",0.3,"[0.070,0.100]",0.093,0.001,0.0,189,0.1895,0.01,0.8866835225290001,28,1.171683522529,0.005,0.0,37,0.1875,0.008,0.8811835225290001,35,1.1651835225290001,0.1900165827526905,0.1883914251115489,0.23041962513545436,0.26572745204555875,0.1849738662449053,0.2013418802416781,0.23659158625030544,0.25827801486132196
26,56,0.2988,90.0,0.20415,4627.715898,92.55431796,Altemus:1973,1.793498171,0.072919342,0.0089,0.30770000000000003,0.09465000000000001,0.10355000000000002,1.0,0.0,0.0,4627.715898,92.55431796,1.5707963267948966,0.5000000000000001,0.5000000000000001,0.9999999999999998,0.001701815606678314,0.20244818439332168,4.433234524286382,1.0604588142843576,0.056562840000000024,0.06372467000000002,0.10540189250000002,0.32465657624634686,1.206890248429,1.199728418429,0.23212409802838113,0.00044571623962917097,10382650.409709524,207653.00819419048,0.0002983786081322548,0.00028974822265166636,2256.9813939819874,2128.306506184395,10444668.678420646,208893.3735684129,26.82390989978099,0.5364781979956198,9849197.854486361,196983.95708972722,25.294626758213987,0.5058925351642797,"[0.270,0.340]",0.3,"[0.045,0.070]",0.056,0.001,0.0,202,0.2025,0.01,0.8866835225290001,31,1.2016835225290001,0.003,0.0,67,0.2025,0.01,0.918183522529,28,1.2031835225290002,0.202967797595079,0.20303677211018,0.2133007182510614,0.22359943354799436,0.1982495569820425,0.2018747741861911,0.21975616626831726,0.22444273672511805
26,56,0.2988,90.0,0.213,4983.31603,99.6663206,Altemus:1973,1.773638265,0.094388957,0.0089,0.30770000000000003,0.08580000000000002,0.09470000000000002,1.0,0.0,0.0,4983.31603,99.6663206,1.5707963267948966,0.5000000000000001,0.5000000000000001,0.9999999999999998,0.001701815606678314,0.21129818439332168,4.433234524286382,1.0604588142843576,0.05127408000000003,0.05827838000000003,0.10364738000000004,0.3219431316242048,1.228786440529,1.2217821405290001,0.2194438036918945,0.0004687536927938613,10630990.446813308,212619.80893626617,0.0002983786081322548,0.00028974822265166636,2466.897813261617,2326.2551831646415,12293331.417198563,245866.62834397127,31.571629934454176,0.6314325986890835,11592464.744134944,231849.2948826989,29.771670063169818,0.5954334012633964,"[0.270,0.340]",0.3,"[0.045,0.070]",0.056,0.001,0.0,211,0.2115,0.01,0.8866835225290001,33,1.2216835225290001,0.003,0.0,70,0.2115,0.01,0.918183522529,30,1.223183522529,0.21193214722200082,0.21203677211018,0.20030127307419324,0.21712227379079227,0.20701452832160017,0.21253265307645,0.20755459360261228,0.2167683836683849
26,56,0.2988,90.0,0.22184,5536.007112,110.7201422,Altemus:1973,1.754170434,0.149022569,0.0089,0.30770000000000003,0.07696,0.08586,1.0,0.0,0.0,5536.007112,110.7201422,1.5707963267948966,0.5000000000000001,0.5000000000000001,0.9999999999999998,0.001701815606678314,0.2201381843933217,4.433234524286382,1.0604588142843576,0.04599129600000001,0.05283824400000002,0.10205122960000002,0.31945458143529576,1.250657891169,1.243810943169,0.20564372768479297,0.0004903287706627905,11290398.286269909,225807.96564382024,0.00029837860813225486,0.0002897482226516664,2726.34820026339,2570.9138002716727,15093083.026446529,301861.6604198766,38.76192837478635,0.7752385672156555,14232597.082642928,284651.941550022,36.552035640294555,0.731040712541787,"[0.270,0.340]",0.3,"[0.045,0.070]",0.056,0.001,0.0,220,0.2205,0.01,0.8866835225290001,35,1.2416835225290002,0.003,0.0,73,0.2205,0.01,0.918183522529,32,1.243183522529,0.22089496281743237,0.22103677211018,0.18627670270650168,0.2107525108738388,0.21571292821966426,0.22319053196670902,0.19451530290441477,0.20924564815876043
26,56,0.2988,90.0,0.22745,5975.73142,119.5146284,Altemus:1973,1.844962436,0.171928744,0.0089,0.30770000000000003,0.07135,0.08025,1.0,0.0,0.0,5975.73142,119.5146284,1.5707963267948966,0.5000000000000001,0.5000000000000001,0.9999999999999998,0.001701815606678314,0.2257481843933217,4.433234524286382,1.0604588142843576,0.042638760000000005,0.04938585000000002,0.10111935250000004,0.31799269252610196,1.2645378502290001,1.2577907602290002,0.19626800730954105,0.0005032488307315358,11874307.60904803,237486.1521809606,0.0002983786081322549,0.00028974822265166646,2924.415854118394,2757.689232930666,17475523.704601422,349510.47409202845,44.880492405872815,0.8976098481174563,16479210.19581948,329584.2039163896,42.32176846600126,0.8464353693200253,"[0.270,0.340]",0.3,"[0.045,0.070]",0.056,0.001,0.0,225,0.2255,0.01,0.8866835225290001,37,1.2616835225290002,0.003,0.0,75,0.2265,0.01,0.918183522529,33,1.253183522529,0.22587364225158524,0.22703677211018,0.17801124452758632,0.20657240214163367,0.22434625088525884,0.22851947141183854,0.18058443888618791,0.20554811234311948
26,56,0.2988,90.0,0.23414,6580.826001,131.61652,Altemus:1973,1.803572986,0.243783987,0.0089,0.30770000000000003,0.06466000000000002,0.07356000000000003,1.0,0.0,0.0,6580.826001,131.61652,1.5707963267948966,0.5000000000000001,0.5000000000000001,0.9999999999999998,0.001701815606678314,0.23243818439332167,4.433234524286382,1.0604588142843576,0.03864081600000002,0.04526882400000003,0.10009036360000002,0.3163706111509096,1.281089886969,1.2744618789689999,0.184432294859295,0.0005178512630761631,12707946.219747124,254158.92435632134,0.0002983786081322549,0.00028974822265166646,3204.41828695634,3021.728183869938,21087719.180882163,421754.3835535549,54.157302324825885,1.0831460463319265,19885467.4003658,397709.34794688143,51.06968945453437,1.0213937889354798,"[0.270,0.340]",0.3,"[0.045,0.070]",0.056,0.001,0.0,232,0.2325,0.01,0.8866835225290001,38,1.271683522529,0.003,0.0,77,0.2325,0.01,0.918183522529,35,1.273183522529,0.23284299870073966,0.23303677211018,0.1658330324694031,0.2024494398864791,0.22863896005911266,0.23917735030209755,0.17326609282766953,0.19829213126413991
26,56,0.3208,90.0,0.00521,2.1917275,0.04383455,Altemus:1973,146.1130546,16.35194156,0.0089,0.3297,0.31559,0.32449,1.0,0.0,0.0,2.1917275,0.04383455,1.5707963267948966,0.5000000000000001,0.5000000000000001,0.9999999999999998,0.001960821015529468,0.003249178984470532,4.433234524286382,1.0562559662253344,0.20248254400000001,0.21396870600000006,0.21399585010000005,0.4625968548315045,0.687650483189,0.6761643211889999,0.3333051445751298,-0.0002853110445685318,-7681.888036667106,-153.6377607333421,0.00025885714135060015,0.00025186949027986813,1360.383086175055,1287.9293747675176,2981.5890205047376,59.631780410094755,0.0076572917443934576,0.00015314583488786916,2822.7902287357742,56.455804574715486,0.007249466028350844,0.00014498932056701688,"[0.428,0.523]",0.475,"[0.206,0.322]",0.265,0.0036,0.0,0,0.0018,0.032,0.7510585225290001,-3,0.6710585225290001,0.005,0.0,0,0.0025,0.015,0.7091835225290001,-3,0.6716835225290001,0.003962513914700594,0.00504008230710174,0.33331786826148424,0.3333120328667409,0.008660747697799676,0.03001647708076438,0.33325944784118144,0.3325794957664505
26,56,0.3208,90.0,0.02332,1333.906767,26.67813533,Altemus:1973,2.702887556,0.077973965,0.0089,0.3297,0.29747999999999997,0.30638,1.0,0.0,0.0,1333.906767,26.67813533,1.5707963267948966,0.5000000000000001,0.5000000000000001,0.9999999999999998,0.001960821015529468,0.021359178984470532,4.433234524286382,1.0562559662253344,0.19086316800000003,0.20202697200000005,0.20257079440000006,0.45007865357068433,0.733254107249,0.7220903032489999,0.33273622029080535,-0.00022095153754912432,-6037101.084682117,-120742.02164838355,0.0002588571413506001,0.0002518694902798681,1365.0358467310516,1292.334330294182,1820830.5531521244,36416.61104939213,4.676241650578274,0.09352483297650875,1723853.5084058226,34477.07015519311,4.427186023184723,0.08854372043050485,"[0.428,0.523]",0.475,"[0.145,0.206]",0.16,0.0036,0.0,5,0.019799999999999998,0.032,0.7510585225290001,-1,0.7350585225290001,0.005,0.0,4,0.0225,0.03,0.8141835225290001,-4,0.7091835225290001,0.021958042850997117,0.024033634600514258,0.3328581108351744,0.3325330156053943,0.04187164367714624,-0.005953864173859821,0.3316020559708048,0.33328410657839297
26,56,0.3208,90.0,0.03415,3567.769135,71.3553827,Altemus:1973,1.645229772,0.038121861,0.0089,0.3297,0.28664999999999996,0.29555,1.0,0.0,0.0,3567.769135,71.3553827,1.5707963267948966,0.5000000000000001,0.5000000000000001,0.9999999999999998,0.001960821015529468,0.03218917898447053,4.433234524286382,1.0562559662253344,0.18391464,0.19488567000000004,0.19605189250000005,0.4427774751497642,0.7605256284290001,0.7495545984290001,0.3320088092553554,-0.0001824103916655237,-19559023.48777382,-391180.46975547646,0.00025885714135060015,0.00025186949027986813,1371.0108640666128,1297.9911194879166,4891450.244566542,97829.00489133084,12.562181212181327,0.25124362424362656,4630932.653613086,92618.65307226173,11.893122135038807,0.23786244270077617,"[0.428,0.523]",0.475,"[0.145,0.206]",0.16,0.0036,0.0,8,0.0306,0.032,0.7510585225290001,-1,0.7350585225290001,0.005,0.0,6,0.0325,0.03,0.8141835225290001,-3,0.7391835225290001,0.032752382177960726,0.034033634600514256,0.3322751159939748,0.33173232638700684,0.04187164367714624,0.010032954161528721,0.3316020559708048,0.3331935861551618
26,56,0.3208,90.0,0.04428,6844.945336,136.8989067,Altemus:1973,1.131053591,0.023459647,0.0089,0.3297,0.27652,0.28542,1.0,0.0,0.0,6844.945336,136.8989067,1.5707963267948966,0.5000000000000001,0.5000000000000001,0.9999999999999998,0.001960821015529468,0.04231917898447053,4.433234524286382,1.0562559662253344,0.177415232,0.18820594800000007,0.19016666640000007,0.43608103191952763,0.7860344474090001,0.7752437314089999,0.3310342035385359,-0.00014637185948507763,-46764079.92683751,-935281.598400112,0.00025885714135060026,0.00025186949027986824,1379.062632060484,1305.6140520453016,9439608.331374293,188792.16659990462,24.242722403741567,0.4848544480039974,8936856.816163547,178737.1362971587,22.951560207868962,0.45903120409031795,"[0.428,0.523]",0.475,"[0.145,0.206]",0.16,0.0036,0.0,11,0.0414,0.032,0.7510585225290001,0,0.7670585225290001,0.005,0.0,8,0.0425,0.03,0.8141835225290001,-2,0.769183522529,0.04354448967215063,0.04403363460051426,0.3314605610691524,0.3306619143821668,0.05806204531808978,0.026019772496917202,0.3299963552672274,0.3323956610167025
26,56,0.3208,90.0,0.05501,10970.75744,219.4151487,Altemus:1973,0.935851518,0.017264988,0.0089,0.3297,0.26578999999999997,0.27469,1.0,0.0,0.0,10970.75744,219.4151487,1.5707963267948966,0.5000000000000001,0.5000000000000001,0.9999999999999998,0.001960821015529468,0.053049178984470535,4.433234524286382,1.0562559662253344,0.170530864,0.181130586,0.18415668610000002,0.4291348111025252,0.8130541539889999,0.802454431989,0.32966162116586184,-0.0001082581321651894,-101338876.07870318,-2026777.5206503456,0.0002588571413506002,0.0002518694902798682,1390.4930176343637,1316.435657734998,15254761.618480247,305095.2322305556,39.17714996955039,0.7835429990339026,14442296.286377521,288845.92559590685,37.09058336451812,0.7418116669522764,"[0.428,0.523]",0.475,"[0.145,0.206]",0.16,0.0036,0.0,14,0.052199999999999996,0.032,0.7510585225290001,1,0.7990585225290001,0.005,0.0,10,0.0525,0.03,0.8141835225290001,-1,0.799183522529,0.05433436671735592,0.05403363460051425,0.3304128964434183,0.3293270238884431,0.07399352741706322,0.04200659083230574,0.3278968896406236,0.3309004516356344
26,56,0.3208,90.0,0.06528,14873.09762,297.4619524,Altemus:1973,0.822895157,0.014690954,0.0089,0.3297,0.25551999999999997,0.26442,1.0,0.0,0.0,14873.09762,297.4619524,1.5707963267948966,0.5000000000000001,0.5000000000000001,0.9999999999999998,0.001960821015529468,0.06331917898447054,4.433234524286382,1.0562559662253344,0.163941632,0.17435854800000003,0.17862002640000002,0.4226346251787707,0.8389155134090001,0.828498597409,0.32798910256273955,-7.188586165522988e-05,-206898787.57150495,-4137975.7514300984,0.0002588571413506002,0.0002518694902798682,1404.5663184814468,1329.7594175972743,20890251.96853857,417805.0393707713,53.65016869759948,1.0730033739519893,19777641.629038606,395552.83258077205,50.792772219147984,1.0158554443829595,"[0.340,0.428]",0.38,"[0.145,0.206]",0.16,0.0036,0.0,17,0.063,0.008,0.8322835225290001,-1,0.8282835225290001,0.005,0.0,12,0.0625,0.03,0.8141835225290001,0,0.8291835225290001,0.06434442047201827,0.06403363460051426,0.32690034584335287,0.3277341237006309,0.047974191392198606,0.057993409167694285,0.3297725208097413,0.3287267274918136
26,56,0.3208,90.0,0.07599,18227.36184,364.5472367,Altemus:1973,0.756390317,0.013220783,0.0089,0.3297,0.24480999999999997,0.25371,1.0,0.0,0.0,18227.36184,364.5472367,1.5707963267948966,0.5000000000000001,0.5000000000000001,0.9999999999999998,0.001960821015529468,0.07402917898447053,4.433234524286382,1.0562559662253344,0.157070096,0.16729637400000003,0.17307085410000003,0.41601785310248407,0.8658848570690001,0.8556585790690001,0.3258355384999138,-3.412689972299798e-05,-534105412.09275615,-10682108.238924881,0.0002588571413506002,0.0002518694902798682,1422.9259260796118,1347.1411964323568,25936185.72617018,518723.7143811109,66.6090931634965,1.332181862904495,24554830.036943085,491096.60060414753,63.06150714729935,1.2612301426000152,"[0.340,0.428]",0.38,"[0.145,0.206]",0.16,0.0036,0.0,20,0.0738,0.008,0.8322835225290001,2,0.8522835225290001,0.005,0.0,14,0.0725,0.03,0.8141835225290001,1,0.8591835225290001,0.07513000130994385,0.07403363460051425,0.3245321097533276,0.32589082994899066,0.060067384102035604,0.07398022750308282,0.3277340804079593,0.3259013246397326
26,56,0.3208,90.0,0.0865,20374.72893,407.4945787,Altemus:1973,0.757703332,0.014986212,0.0089,0.3297,0.23429999999999998,0.24319999999999997,1.0,0.0,0.0,20374.72893,407.4945787,1.5707963267948966,0.5000000000000001,0.5000000000000001,0.9999999999999998,0.001960821015529468,0.08453917898447053,4.433234524286382,1.0562559662253344,0.15032688,0.16036608,0.16784833,0.4096929704058882,0.8923505715290001,0.8823113715290001,0.32327781764056707,2.691389924333284e-06,7570337075.943118,151406741.55601788,0.00025885714135060026,0.00025186949027986824,1445.0868608182216,1368.1218445396564,29443253.069475904,588865.0615340268,75.615913899099,1.512318278353106,27875111.725707103,557502.2346509541,71.5886265422217,1.4317725311957936,"[0.340,0.428]",0.38,"[0.145,0.206]",0.16,0.0036,0.0,23,0.0846,0.008,0.8322835225290001,6,0.8842835225290001,0.005,0.0,16,0.0825,0.03,0.8141835225290001,2,0.889183522529,0.08591335574227088,0.08403363460051426,0.3217773960146299,0.3238058170307967,0.07596736723500619,0.08996704583847132,0.3243321636472454,0.3224583328969597
26,56,0.3208,90.0,0.09706,21201.32894,424.0265788,Altemus:1973,0.772262911,0.014368911,0.0089,0.3297,0.22374,0.23263999999999999,1.0,0.0,0.0,21201.32894,424.0265788,1.5707963267948966,0.5000000000000001,0.5000000000000001,0.9999999999999998,0.001960821015529468,0.09509917898447053,4.433234524286382,1.0562559662253344,0.143551584,0.15340281600000003,0.16282345960000003,0.4035138902194075,0.918942193289,0.9090909612889999,0.32022315164406756,3.937749257495603e-05,538412365.8875116,10768247.317750232,0.0002588571413506002,0.0002518694902798682,1472.0719731825932,1393.6697356070142,31209882.126799017,624197.6425359803,80.15295572579444,1.6030591145158886,29547650.49832714,590953.0099665427,75.88402649428932,1.517680529885786,"[0.340,0.428]",0.38,"[0.145,0.206]",0.16,0.0036,0.0,26,0.0954,0.008,0.8322835225290001,9,0.908283522529,0.005,0.0,19,0.0975,0.03,0.8141835225290001,3,0.919183522529,0.09669448514718937,0.09903363460051426,0.3186271565200101,0.3202463837558347,0.08773066594325585,0.10595386417385985,0.3212744073514568,0.3184380976452352
26,56,0.3208,90.0,0.1075,20755.83266,415.1166533,Altemus:1973,0.803677707,0.015862529,0.0089,0.3297,0.2133,0.22219999999999998,1.0,0.0,0.0,20755.83266,415.1166533,1.5707963267948966,0.5000000000000001,0.5000000000000001,0.9999999999999998,0.001960821015529468,0.10553917898447053,4.433234524286382,1.0562559662253344,0.13685328000000002,0.14651868,0.15807493,0.39758638055144696,0.945231637529,0.9355662375289999,0.3166817436949571,7.52665510464775e-05,275764365.06547457,5515287.302638103,0.00025885714135060015,0.00025186949027986813,1504.0838682183073,1423.976683978736,31218513.075344678,624370.2616573019,80.17512165496525,1.6035024334855823,29555821.76440435,591116.4354304846,75.90501187082644,1.5181002377822332,"[0.340,0.428]",0.38,"[0.145,0.206]",0.16,0.0036,0.0,29,0.1062,0.008,0.8322835225290001,12,0.932283522529,0.005,0.0,21,0.1075,0.03,0.8141835225290001,4,0.9491835225290001,0.10747339090145402,0.10903363460051425,0.3150708814360909,0.317601053199213,0.09936061671112018,0.12194068250924839,0.3177858231856459,0.31388608902777787
26,56,0.3208,90.0,0.11817,19222.61511,384.4523022,Altemus:1973,0.87407462,0.018399162,0.0089,0.3297,0.20262999999999998,0.21152999999999997,1.0,0.0,0.0,19222.61511,384.4523022,1.5707963267948966,0.5000000000000001,0.5000000000000001,0.9999999999999998,0.001960821015529468,0.11620917898447053,4.433234524286382,1.0562559662253344,0.130007408,0.139482882,0.1534470309,0.3917231559405188,0.9721002553490001,0.9626247813490001,0.3124777924517884,0.00011146905855396166,172447990.1361544,3448959.802723089,0.00025885714135060026,0.00025186949027986824,1543.132921688779,1460.9459932362433,29663050.21719317,593261.0043438635,76.18039507778664,1.5236079015557331,28083202.524476968,561664.0504895394,72.12304357439704,1.442460871487941,"[0.340,0.428]",0.38,"[0.100,0.145]",0.12,0.0036,0.0,32,0.11699999999999999,0.008,0.8322835225290001,16,0.9642835225290001,0.005,0.0,23,0.11750000000000001,0.008,0.8541835225290001,13,0.9621835225290001,0.11825007438040558,0.1186502259503857,0.311096508073504,0.30915424880008385,0.11466741736890318,0.10755254600739872,0.3124650663770139,0.31320544607989087
26,56,0.3208,90.0,0.12874,16946.12612,338.9225224,Altemus:1973,0.932897577,0.020815967,0.0089,0.3297,0.19205999999999998,0.20095999999999997,1.0,0.0,0.0,16946.12612,338.9225224,1.5707963267948966,0.5000000000000001,0.5000000000000001,0.9999999999999998,0.001960821015529468,0.12677917898447053,4.433234524286382,1.0562559662253344,0.12322569600000001,0.132513024,0.1490870116,0.3861178726762075,0.998717058569,0.989429730569,0.307678219861728,0.0001467636355239801,115465428.88160554,2309308.5776321106,0.0002588571413506002,0.0002518694902798682,1589.1623518191072,1504.5239057897888,26930145.639082406,538602.912781648,69.16177261833042,1.383235452366608,25495851.85806876,509917.03716137516,65.47823144184345,1.3095646288368687,"[0.340,0.428]",0.38,"[0.100,0.145]",0.12,0.0036,0.0,35,0.1278,0.008,0.8322835225290001,19,0.9882835225290001,0.005,0.0,25,0.1275,0.008,0.8541835225290001,16,0.9861835225290001,0.1290245369579779,0.1286502259503857,0.3066903141241514,0.3052644679358368,0.12600305560258673,0.12034200067570955,0.30797046688567253,0.3085115290060839
26,56,0.3208,90.0,0.13935,14265.52836,285.3105673,Altemus:1973,1.035783577,0.025539187,0.0089,0.3297,0.18144999999999997,0.19034999999999996,1.0,0.0,0.0,14265.52836,285.3105673,1.5707963267948966,0.5000000000000001,0.5000000000000001,0.9999999999999998,0.001960821015529468,0.13738917898447053,4.433234524286382,1.0562559662253344,0.11641832,0.12551679,0.1449352125,0.3807035756333266,1.025434587629,1.016336117629,0.30216815893093874,0.00018152276348560694,78588095.98351626,1571761.9202212205,0.00025885714135060015,0.00025186949027986813,1644.0003211638323,1556.4412166483446,23452533.20541176,469050.6642726352,60.23059773292036,1.204611955080618,22203456.316769864,444069.1264910414,57.02272901535609,1.1404545807068456,"[0.340,0.428]",0.38,"[0.100,0.145]",0.12,0.0036,0.0,38,0.1386,0.008,0.8322835225290001,23,1.0202835225290001,0.005,0.0,27,0.1375,0.008,0.8541835225290001,20,1.0181835225290001,0.1397967800066695,0.1386502259503857,0.30183679344586767,0.3011687075221411,0.14093204193086495,0.137394606900124,0.30129848086277067,0.30169359014667957
26,56,0.3208,90.0,0.14992,11556.35265,231.127053,Altemus:1973,1.095934019,0.030352137,0.0089,0.3297,0.17087999999999998,0.17977999999999997,1.0,0.0,0.0,11556.35265,231.127053,1.5707963267948966,0.5000000000000001,0.5000000000000001,0.9999999999999998,0.001960821015529468,0.14795917898447053,4.433234524286382,1.0562559662253344,0.10963660800000001,0.11854693200000001,0.14102293840000002,0.3755302097035604,1.0520513908490001,1.043141066849,0.2959287570715873,0.0002153795854572479,53655747.48166602,1073114.9496333203,0.00025885714135060015,0.00025186949027986813,1708.8151101522938,1617.8039838761458,19747670.026568502,394953.40053137,50.715799402779844,1.0143159880555968,18695913.356247656,373918.2671249531,48.01468680363457,0.9602937360726913,"[0.340,0.428]",0.38,"[0.100,0.145]",0.12,0.0036,0.0,41,0.1494,0.008,0.8322835225290001,26,1.0442835225290001,0.005,0.0,29,0.1475,0.008,0.8541835225290001,23,1.0421835225290002,0.15056680489759344,0.14865022595038568,0.2965185122188058,0.29688730042534783,0.15199463802701219,0.15018406156843483,0.2957774469649408,0.2962154735763855
26,56,0.3208,90.0,0.16053,9100.116088,182.0023218,Altemus:1973,1.186688158,0.035680864,0.0089,0.3297,0.16026999999999997,0.16916999999999996,1.0,0.0,0.0,9100.116088,182.0023218,1.5707963267948966,0.5000000000000001,0.5000000000000001,0.9999999999999998,0.001960821015529468,0.15856917898447054,4.433234524286382,1.0562559662253344,0.10282923199999999,0.111550698,0.13732057890000002,0.3705679140184698,1.078768919909,1.070047453909,0.28884787787386584,0.00024848027555562474,36623092.38691604,732461.8478992993,0.0002588571413506002,0.0002518694902798682,1786.0963066735635,1690.9692004452356,16253683.735077478,325073.6747729934,41.74257331398475,0.8348514664631765,15388016.025284186,307760.3205733225,39.519372811835716,0.7903874564104236,"[0.340,0.428]",0.38,"[0.100,0.145]",0.12,0.0036,0.0,44,0.1602,0.008,0.8322835225290001,29,1.0682835225290002,0.005,0.0,31,0.1575,0.008,0.8541835225290001,26,1.0661835225290002,0.1613346130004203,0.1586502259503857,0.2907159428789267,0.2924405660765942,0.162946107411872,0.16297351623674566,0.28980445502500995,0.29047198585572626
26,56,0.3208,90.0,0.17112,7130.034537,142.6006907,Altemus:1973,1.313149319,0.04364495,0.0089,0.3297,0.14967999999999998,0.15857999999999997,1.0,0.0,0.0,7130.034537,142.6006907,1.5707963267948966,0.5000000000000001,0.5000000000000001,0.9999999999999998,0.001960821015529468,0.16915917898447053,4.433234524286382,1.0562559662253344,0.096034688,0.10456765200000001,0.13384970640000002,0.3658547613466306,1.105436086049,1.096903122049,0.28089418024712676,0.00028052162177129325,25417058.735005647,508341.1745575215,0.0002588571413506002,0.0002518694902798682,1877.9840469145047,1777.963019348161,13390091.114435446,267801.82221358956,34.388318927296574,0.6877663783530107,12676937.733461186,253538.7545981052,32.55680443651138,0.6511360885475815,"[0.340,0.428]",0.38,"[0.100,0.145]",0.12,0.0036,0.0,46,0.1674,0.008,0.8322835225290001,33,1.1002835225290002,0.005,0.0,33,0.1675,0.008,0.8541835225290001,30,1.0981835225290002,0.16851192086245703,0.1686502259503857,0.2865678431446713,0.28784861643369836,0.17738085426170602,0.18002612246116012,0.28111999769339235,0.28247336818923185
26,56,0.3208,90.0,0.18174,5737.612766,114.7522553,Altemus:1973,1.469374171,0.05188569,0.0089,0.3297,0.13905999999999996,0.14795999999999995,1.0,0.0,0.0,5737.612766,114.7522553,1.5707963267948966,0.5000000000000001,0.5000000000000001,0.9999999999999998,0.001960821015529468,0.17977917898447054,4.433234524286382,1.0562559662253344,0.08922089599999998,0.097564824,0.1305942516,0.36137826664037226,1.132178796569,1.123834868569,0.27195517533307495,0.000311537215279558,18417102.306224804,368342.0460602983,0.0002588571413506002,0.0002518694902798682,1988.2360457425568,1882.343020364441,11407728.517873853,228154.57031771235,29.297232046893523,0.585944640835747,10800155.343634015,216003.10683503342,27.73686775147025,0.5547373549327206,"[0.340,0.428]",0.38,"[0.070,0.100]",0.093,0.0036,0.0,49,0.1782,0.008,0.8322835225290001,36,1.124283522529,0.005,0.0,35,0.1775,0.008,0.8811835225290001,30,1.1251835225290001,0.1792760373583917,0.1783914251115489,0.27990842706406016,0.2714163547313554,0.18808552308623294,0.18002612246116004,0.2740505372933568,0.27049130943502264
26,56,0.3208,90.0,0.19233,4925.017992,98.50035983,Altemus:1973,1.594897727,0.062734796,0.0089,0.3297,0.12846999999999997,0.13736999999999996,1.0,0.0,0.0,4925.017992,98.50035983,1.5707963267948966,0.5000000000000001,0.5000000000000001,0.9999999999999998,0.001960821015529468,0.19036917898447053,4.433234524286382,1.0562559662253344,0.082426352,0.09058177799999999,0.1275726069,0.3571730769528969,1.1588459627090002,1.1506905367090001,0.26200377797635416,0.0003412355040236796,14432900.251956884,288658.0050098324,0.0002588571413506002,0.0002518694902798682,2120.556051350787,2007.615690852725,10443776.705947103,208875.53409773647,26.82161914360671,0.5364323828176741,9887543.39847118,197750.86794934745,25.39310546046636,0.5078621091577677,"[0.340,0.428]",0.38,"[0.070,0.100]",0.093,0.0036,0.0,52,0.189,0.008,0.8322835225290001,39,1.148283522529,0.005,0.0,38,0.1925,0.008,0.8811835225290001,33,1.1491835225290001,0.19003794071185354,0.19339142511154891,0.2727008641128561,0.2628600115568366,0.19868941034125653,0.1928155771294709,0.2664884871026969,0.26319089148120267
26,56,0.3208,90.0,0.20297,4615.899476,92.31798953,Altemus:1973,1.635997499,0.063060299,0.0089,0.3297,0.11782999999999996,0.12672999999999995,1.0,0.0,0.0,4615.899476,92.31798953,1.5707963267948966,0.5000000000000001,0.5000000000000001,0.9999999999999998,0.001960821015529468,0.20100917898447054,4.433234524286382,1.0562559662253344,0.07559972799999998,0.08356576199999999,0.1247625829,0.3532174725293187,1.1856390361490001,1.177673002149,0.25087972990418983,0.0003697217892218556,12484791.566423418,249695.83135551575,0.00025885714135060026,0.00025186949027986824,2281.8471864728986,2160.3164947104356,10532777.232352326,210655.54466986502,27.050189543954513,0.5410037909376926,9971803.775928056,199436.0755401643,25.609502250313266,0.5121900450617465,"[0.340,0.428]",0.38,"[0.070,0.100]",0.093,0.0036,0.0,55,0.1998,0.008,0.8322835225290001,43,1.180283522529,0.005,0.0,40,0.2025,0.008,0.8811835225290001,37,1.1811835225290002,0.2007976322873688,0.20339142511154892,0.26491607746363266,0.25709346892982204,0.21267596608364003,0.20986818335388532,0.2556105009966504,0.25334434367480896
26,56,0.3208,90.0,0.21356,4722.384709,94.44769418,Altemus:1973,1.712694009,0.070970499,0.0089,0.3297,0.10723999999999997,0.11613999999999998,1.0,0.0,0.0,4722.384709,94.44769418,1.5707963267948966,0.5000000000000001,0.5000000000000001,0.9999999999999998,0.001960821015529468,0.21159917898447053,4.433234524286382,1.0562559662253344,0.06880518399999999,0.076582716,0.1221905896,0.34955770567962025,1.212306202289,1.2045286702890001,0.23860227628493713,0.000396617342961188,11906652.073613739,238133.04147227475,0.0002588571413506002,0.0002518694902798682,2478.549510349795,2346.5424950045094,11704664.30817531,234093.28616350619,30.059820036067627,0.6011964007213525,11081276.397428004,221625.52794856008,28.45884046789362,0.5691768093578724,"[0.340,0.428]",0.38,"[0.070,0.100]",0.093,0.0036,0.0,58,0.21059999999999998,0.008,0.8322835225290001,46,1.204283522529,0.005,0.0,42,0.2125,0.008,0.8811835225290001,40,1.2051835225290002,0.2115551134480711,0.2133914251115489,0.25652171909007215,0.25130258464335986,0.22305534397899718,0.22265763802219615,0.24683067794542637,0.24593230119825554
26,56,0.3208,90.0,0.23479,5893.439559,117.8687912,Altemus:1973,1.481681438,0.096524278,0.0089,0.3297,0.08600999999999998,0.09490999999999998,1.0,0.0,0.0,5893.439559,117.8687912,1.5707963267948966,0.5000000000000001,0.5000000000000001,0.9999999999999998,0.001960821015529468,0.23282917898447053,4.433234524286382,1.0562559662253344,0.055184015999999995,0.062583654,0.1177099981,0.34308890699059336,1.2657664418690002,1.2583668038690001,0.21000968933769124,0.00044574796258968914,13221461.57384663,264429.23152180103,0.0002588571413506002,0.0002518694902798682,3031.4696858790876,2870.0142605702213,17865783.36866912,357315.66743401176,45.88275397957872,0.9176550797472823,16914255.578138676,338285.1116201738,43.4390483431271,0.8687809670099569,"[0.340,0.428]",0.38,"[0.045,0.070]",0.056,0.0036,0.0,64,0.2322,0.008,0.8322835225290001,53,1.260283522529,0.003,0.0,77,0.2325,0.01,0.918183522529,34,1.263183522529,0.23306344997053685,0.23303677211018,0.2377562518567087,0.2024494398864791,0.24692045363067205,0.23384841085696806,0.22413621866512837,0.2018962685051395
26,56,0.3208,90.0,0.25569,8003.158759,160.0631752,Altemus:1973,1.520899481,0.19665985,0.0089,0.3297,0.06511,0.07401,1.0,0.0,0.0,8003.158759,160.0631752,1.5707963267948966,0.5000000000000001,0.5000000000000001,0.9999999999999998,0.001960821015529468,0.2537291789844705,4.433234524286382,1.0562559662253344,0.04177457600000001,0.048802194000000014,0.11417957009999999,0.3379046760552449,1.3183956932690002,1.311368075269,0.17607865159425262,0.00048731595652939697,16422935.985920697,328458.71975945507,0.00025885714135060015,0.00025186949027986813,3932.9084855809588,3723.442623132071,31475690.994722676,629513.8199731116,80.83560381576957,1.6167120765174006,29799302.442953367,595986.0489335362,76.53031689340031,1.5306063380592563,"[0.270,0.340]",0.3,"[0.045,0.070]",0.056,0.001,0.0,253,0.2535,0.01,0.8866835225290001,42,1.311683522529,0.003,0.0,84,0.2535,0.01,0.918183522529,39,1.313183522529,0.2537455082244193,0.25403677211018,0.12456989595646378,0.1885081632206903,0.24565416098964465,0.2604931080826156,0.14144270318814003,0.18438440644140994
26,56,0.3488,90.0,0.00971,4.154314578,0.083086292,Altemus:1973,192.842883,2.18551095,0.0089,0.3577,0.33909,0.34799,1.0,0.0,0.0,4.154314578,0.083086292,1.5707963267948966,0.5000000000000001,0.5000000000000001,0.9999999999999998,0.0023168107289728845,0.007393189271027115,4.433234524286382,1.051683179156847,0.23654918400000005,0.2489520460000001,0.2490463301000001,0.49904541887487563,0.662028300189,0.649625438189,0.3332491937013341,-0.0002732795021183224,-15201.705747404712,-304.03411655816745,0.00021896561309190017,0.0002135174890870975,1601.7952842303694,1523.0777823360804,6654.361500249877,133.08723070978746,0.01708967501210051,0.0003417935020520457,6327.34423458669,126.54688536188803,0.016249832031925815,0.0003249966423596007,"[0.428,0.523]",0.475,"[0.206,0.322]",0.265,0.0036,0.0,2,0.009,0.032,0.7510585225290001,-4,0.6390585225290001,0.005,0.0,1,0.0075,0.015,0.7091835225290001,-4,0.6566835225290001,0.011161470306035426,0.01004008230710174,0.33321061116435263,0.33324882373483766,-0.00838939302061037,0.022023067913070113,0.3332640056786714,0.33292710738563064
26,56,0.3488,90.0,0.0153,5.837527399,0.116750548,Altemus:1973,161.0030987,3.47852757,0.0089,0.3577,0.3335,0.34240000000000004,1.0,0.0,0.0,5.837527399,0.116750548,1.5707963267948966,0.5000000000000001,0.5000000000000001,0.9999999999999998,0.0023168107289728845,0.012983189271027115,4.433234524286382,1.051683179156847,0.23264960000000007,0.2449529600000001,0.2451870500000001,0.49516365981360155,0.676417776329,0.6641144163289999,0.33312110124167066,-0.00025606943861958617,-22796.65793180483,-455.9331587142005,0.00021896561309190017,0.0002135174890870975,1603.0269618969376,1524.2489313008814,9357.713811409101,187.15427626024257,0.024032401589126288,0.00048064803186486336,8897.844899365364,177.95689801779224,0.022851370132584498,0.00045702740272998124,"[0.428,0.523]",0.475,"[0.206,0.322]",0.265,0.0036,0.0,3,0.0126,0.032,0.7510585225290001,-3,0.6710585225290001,0.005,0.0,2,0.0125,0.015,0.7091835225290001,-4,0.6566835225290001,0.01476057604192249,0.015040082307101741,0.33311867552323277,0.3331437522651795,0.008660747697799676,0.022023067913070113,0.33325944784118144,0.33292710738563064
26,56,0.3488,90.0,0.02537,650.5081626,13.01016325,Altemus:1973,3.265139658,0.048580482,0.0089,0.3577,0.32343,0.33233,1.0,0.0,0.0,650.5081626,13.01016325,1.5707963267948966,0.5000000000000001,0.5000000000000001,0.9999999999999998,0.0023168107289728845,0.023053189271027116,4.433234524286382,1.051683179156847,0.22562476800000006,0.23774888200000008,0.23839251890000007,0.48825456362434555,0.702339426549,0.6902153125489999,0.33273281423301304,-0.00022503023043355094,-2890758.9942325028,-57815.179875762355,0.00021896561309190014,0.00021351748908709746,1606.7670674793358,1527.805235762646,1045215.0927921729,20904.301852629924,2.684312574976572,0.05368625149127847,993849.7767266186,19876.99553147676,2.5523966040120873,0.05104793207239435,"[0.428,0.523]",0.475,"[0.206,0.322]",0.265,0.0036,0.0,6,0.0234,0.032,0.7510585225290001,-2,0.703058522529,0.005,0.0,4,0.0225,0.015,0.7091835225290001,-2,0.6866835225290001,0.02555640402687942,0.025040082307101738,0.33268943245251825,0.3328083704337771,0.025409272602853195,0.038009886248458656,0.33269683220523344,0.33212618919674125
26,56,0.3488,90.0,0.05631,6090.909989,121.8181998,Altemus:1973,1.112937149,0.014143043,0.0089,0.3577,0.29249,0.30139000000000005,1.0,0.0,0.0,6090.909989,121.8181998,1.5707963267948966,0.5000000000000001,0.5000000000000001,0.9999999999999998,0.0023168107289728845,0.053993189271027114,4.433234524286382,1.051683179156847,0.20404102400000007,0.2156144060000001,0.2187852221000001,0.46774482583990185,0.781983503789,0.770410121789,0.33009707119505394,-0.00012960836141045077,-46994730.29915853,-939894.6061374816,0.00021896561309190014,0.00021351748908709746,1632.4169702280603,1552.1946177144316,9942904.830175208,198858.0966361525,25.53528422186832,0.5107056845212137,9454277.701908868,189085.55406922125,24.280396157272772,0.48560792322518215,"[0.428,0.523]",0.475,"[0.206,0.322]",0.265,0.0036,0.0,14,0.052199999999999996,0.032,0.7510585225290001,0,0.7670585225290001,0.005,0.0,10,0.0525,0.015,0.7091835225290001,4,0.7766835225290001,0.05433436671735592,0.05504008230710174,0.3304128964434183,0.33081216128808305,0.05806204531808978,0.08597034125462422,0.3299963552672274,0.3272486493001888
26,56,0.3488,90.0,0.0856,13621.99089,272.4398178,Altemus:1973,0.913522854,0.001883499,0.0089,0.3577,0.2632,0.2721,1.0,0.0,0.0,13621.99089,272.4398178,1.5707963267948966,0.5000000000000001,0.5000000000000001,0.9999999999999998,0.0023168107289728845,0.08328318927102711,4.433234524286382,1.051683179156847,0.18360832000000002,0.19466034000000007,0.20198770000000008,0.44943041730617217,0.857380240129,0.846328220129,0.32517326813798325,-3.9820732240445316e-05,-342082883.05066246,-6841657.66101325,0.00021896561309190022,0.00021351748908709752,1681.5846677903512,1598.9460524970145,22906531.02540384,458130.62050807686,58.828359544946444,1.1765671908989292,21780828.56071579,435616.5712143159,55.93733998114354,1.1187467996228708,"[0.428,0.523]",0.475,"[0.145,0.206]",0.16,0.0036,0.0,23,0.0846,0.032,0.7510585225290001,2,0.831058522529,0.005,0.0,16,0.0825,0.03,0.8141835225290001,1,0.8591835225290001,0.08669062897544677,0.08403363460051426,0.32584830471976634,0.3238058170307967,0.0896781284730418,0.07398022750308282,0.3253172129852285,0.3259013246397326
26,56,0.3488,90.0,0.09665,15531.80889,310.6361778,Altemus:1973,0.84111259,0.001401962,0.0089,0.3577,0.25215,0.26105,1.0,0.0,0.0,15531.80889,310.6361778,1.5707963267948966,0.5000000000000001,0.5000000000000001,0.9999999999999998,0.0023168107289728845,0.09433318927102712,4.433234524286382,1.051683179156847,0.17589984000000003,0.18675517000000005,0.19609639250000005,0.4428277232739613,0.8858245534289999,0.8749692234289999,0.32257678498924836,-6.2798879128169e-06,-2473262119.583448,-49465242.39166895,0.00021896561309190017,0.0002135174890870975,1708.1895516361058,1624.2434846258466,26531273.663906783,530625.4732781356,68.1373929799639,1.3627478595992781,25227439.394036304,504548.78788072604,64.7888968183278,1.2957779363665558,"[0.428,0.523]",0.475,"[0.145,0.206]",0.16,0.0036,0.0,26,0.0954,0.032,0.7510585225290001,3,0.8630585225290001,0.005,0.0,18,0.0925,0.03,0.8141835225290001,2,0.889183522529,0.09747159803399796,0.09403363460051425,0.3238426945716881,0.32148871853395844,0.10512698204379911,0.08996704583847132,0.32226765263323,0.3224583328969597
26,56,0.3488,90.0,0.10218,16136.06251,322.7212502,Altemus:1973,0.831739465,0.01346611,0.0089,0.3577,0.24662,0.25552,1.0,0.0,0.0,16136.06251,322.7212502,1.5707963267948966,0.5000000000000001,0.5000000000000001,0.9999999999999998,0.0023168107289728845,0.09986318927102712,4.433234524286382,1.051683179156847,0.17204211200000002,0.18279900800000007,0.19323976040000007,0.4395904462110159,0.9000595808090002,0.8893026848090001,0.3211064509763398,1.0406740331073086e-05,1550539553.8524153,31010791.077048305,0.00021896561309190025,0.00021351748908709757,1723.4685083430002,1638.7715830205968,27809995.584639106,556199.9116927821,71.42139581860496,1.428427916372099,26443320.703232005,528866.4140646401,67.91151292907885,1.3582302585815769,"[0.428,0.523]",0.475,"[0.145,0.206]",0.16,0.0036,0.0,27,0.09899999999999999,0.032,0.7510585225290001,4,0.8950585225290001,0.005,0.0,19,0.0975,0.03,0.8141835225290001,2,0.889183522529,0.10106476019635835,0.09903363460051426,0.3231191594454555,0.3202463837558347,0.12035040921075424,0.08996704583847132,0.31875561329622654,0.3224583328969597
26,56,0.3488,90.0,0.11232,16592.45576,331.8491152,Altemus:1973,0.834415363,0.013835203,0.0089,0.3577,0.23648,0.24538,1.0,0.0,0.0,16592.45576,331.8491152,1.5707963267948966,0.5000000000000001,0.5000000000000001,0.9999999999999998,0.0023168107289728845,0.11000318927102712,4.433234524286382,1.051683179156847,0.16496844800000002,0.17554485200000003,0.18816063440000003,0.43377486603075566,0.9261614212490001,0.9155850172490001,0.3180931848933315,4.079790092690006e-05,406698761.0399284,8133975.220798568,0.00021896561309190022,0.00021351748908709752,1755.2731768372746,1669.0132652349807,29124292.533387136,582485.8506677428,74.79676214378217,1.4959352428756436,27693028.766264565,553860.5753252914,71.12100262338326,1.4224200524676656,"[0.428,0.523]",0.475,"[0.145,0.206]",0.16,0.0036,0.0,30,0.1098,0.032,0.7510585225290001,5,0.927058522529,0.005,0.0,22,0.1125,0.03,0.8141835225290001,3,0.919183522529,0.11184276482530464,0.11403363460051426,0.3207812156208377,0.31620094703310747,0.1353579992399624,0.10595386417385985,0.3147858187480994,0.3184380976452352
26,56,0.3488,90.0,0.12245,16245.51261,324.9102522,Altemus:1973,0.837523587,0.015665249,0.0089,0.3577,0.22635,0.23525,1.0,0.0,0.0,16245.51261,324.9102522,1.5707963267948966,0.5000000000000001,0.5000000000000001,0.9999999999999998,0.0023168107289728845,0.12013318927102712,4.433234524286382,1.051683179156847,0.15790176000000003,0.16829785000000003,0.18329185250000002,0.42812597737114716,0.952237520229,0.9418414302289999,0.3146450806291124,7.084678957310231e-05,229304852.17311484,4586097.043462297,0.00021896561309190014,0.00021351748908709746,1792.4999065609516,1704.4105507116985,29120079.83545976,582401.5967091952,74.78594312853927,1.4957188625707853,27689023.09420394,553780.4618840789,71.11071529022313,1.4222143058044627,"[0.428,0.523]",0.475,"[0.145,0.206]",0.16,0.0036,0.0,33,0.1206,0.032,0.7510585225290001,5,0.927058522529,0.005,0.0,24,0.1225,0.03,0.8141835225290001,4,0.9491835225290001,0.12261854773613123,0.12403363460051425,0.31818836853665905,0.3132533467519606,0.1353579992399624,0.12194068250924839,0.3147858187480994,0.31388608902777787
26,56,0.3488,90.0,0.13259,15217.53448,304.3506896,Altemus:1973,0.861046184,0.018351199,0.0089,0.3577,0.21620999999999999,0.22510999999999998,1.0,0.0,0.0,15217.53448,304.3506896,1.5707963267948966,0.5000000000000001,0.5000000000000001,0.9999999999999998,0.0023168107289728845,0.13027318927102713,4.433234524286382,1.051683179156847,0.15082809600000002,0.16104369400000001,0.1786238021,0.42263909201587113,0.978339360669,0.968123762669,0.3107204279896205,0.00010055497997768328,151335463.27966362,3026709.2655932726,0.00021896561309190014,0.00021351748908709746,1835.9888007920893,1745.7622572836374,27939222.88094747,558784.4576189494,71.75327626972253,1.4350655253944506,26566197.344096385,531323.9468819277,68.22708368051337,1.3645416736102673,"[0.340,0.428]",0.38,"[0.145,0.206]",0.16,0.0036,0.0,36,0.1314,0.008,0.8322835225290001,16,0.9642835225290001,0.005,0.0,26,0.1325,0.03,0.8141835225290001,5,0.979183522529,0.1326155311874544,0.13403363460051426,0.3051229966391821,0.3101195715886749,0.11466741736890318,0.1379275008446369,0.3124650663770139,0.30885169479721425
26,56,0.3488,90.0,0.14279,13678.73186,273.5746371,Altemus:1973,0.906809208,0.02221551,0.0089,0.3577,0.20601,0.21491,1.0,0.0,0.0,13678.73186,273.5746371,1.5707963267948966,0.5000000000000001,0.5000000000000001,0.9999999999999998,0.0023168107289728845,0.14047318927102712,4.433234524286382,1.051683179156847,0.14371257600000004,0.15374661400000003,0.17413559810000004,0.4172955764203594,1.004595649869,0.994561611869,0.30625728983349926,0.00013000295709184918,105218620.91441317,2104372.41751905,0.00021896561309190014,0.00021351748908709746,1886.9459013768242,1794.2151579239119,25811027.019259583,516220.5401964971,66.28766162931302,1.3257532321016565,24542588.044388745,490851.7607083534,63.030067365398956,1.2606013468471904,"[0.340,0.428]",0.38,"[0.145,0.206]",0.16,0.0036,0.0,39,0.1422,0.008,0.8322835225290001,20,0.9962835225290001,0.005,0.0,28,0.14250000000000002,0.03,0.8141835225290001,6,1.009183522529,0.14338703469795178,0.14403363460051427,0.30011659261805823,0.30681236052439176,0.12975486598899189,0.15391431918002543,0.30637560980338924,0.3033869923031813
26,56,0.3488,90.0,0.15306,11834.67948,236.6935896,Altemus:1973,0.967326578,0.021341516,0.0089,0.3577,0.19574,0.20464,1.0,0.0,0.0,11834.67948,236.6935896,1.5707963267948966,0.5000000000000001,0.5000000000000001,0.9999999999999998,0.0023168107289728845,0.15074318927102712,4.433234524286382,1.051683179156847,0.13654822400000002,0.14639945600000004,0.16982681960000004,0.412100496966456,1.0310321292890001,1.0211808972890002,0.30120054258631956,0.00015914436391057716,74364427.2985368,1487288.545970736,0.00021896561309190022,0.00021351748908709752,1946.6971240556445,1851.0300085015583,23038536.507836353,460770.730156727,59.167374910207634,1.1833474982041527,21906346.85847762,438126.9371695524,56.25969501351458,1.1251939002702918,"[0.340,0.428]",0.38,"[0.145,0.206]",0.16,0.0036,0.0,41,0.1494,0.008,0.8322835225290001,23,1.0202835225290001,0.005,0.0,30,0.1525,0.03,0.8141835225290001,6,1.009183522529,0.15056680489759344,0.15403363460051425,0.2965185122188058,0.3033447237566964,0.14093204193086495,0.15391431918002543,0.30129848086277067,0.3033869923031813
26,56,0.3488,90.0,0.16326,9932.261699,198.645234,Altemus:1973,0.929304954,0.02028843,0.0089,0.3577,0.18554,0.19444,1.0,0.0,0.0,9932.261699,198.645234,1.5707963267948966,0.5000000000000001,0.5000000000000001,0.9999999999999998,0.0023168107289728845,0.1609431892710271,4.433234524286382,1.051683179156847,0.12943270400000004,0.13910237600000003,0.1657562036,0.40713167845305287,1.057288418489,1.0476187464889999,0.2955758742939549,0.00018751218271917267,52968620.784896076,1059372.4158045813,0.0002189656130919002,0.00021351748908709752,2015.804820105381,1916.741524497413,20021501.00739226,400430.0201881613,51.419049815362186,1.028380996410783,19037578.430648524,380751.5686513053,48.89214816251577,0.9778429633487664,"[0.340,0.428]",0.38,"[0.100,0.145]",0.12,0.0036,0.0,44,0.1602,0.008,0.8322835225290001,26,1.0442835225290001,0.005,0.0,32,0.1625,0.008,0.8541835225290001,24,1.0501835225290002,0.1613346130004203,0.1636502259503857,0.2907159428789267,0.290161499192022,0.15199463802701219,0.15444721312453843,0.2957774469649408,0.29432837803739026
26,56,0.3488,90.0,0.17346,8164.896613,163.2979323,Altemus:1973,0.985781006,0.024609007,0.0089,0.3577,0.17534,0.18424,1.0,0.0,0.0,8164.896613,163.2979323,1.5707963267948966,0.5000000000000001,0.5000000000000001,0.9999999999999998,0.0023168107289728845,0.17114318927102712,4.433234524286382,1.051683179156847,0.12231718400000002,0.13180529600000002,0.1618936676,0.4023601217814708,1.0835447076890001,1.074056595689,0.28930515327439305,0.00021523473301653657,37934846.75344052,758696.9352546541,0.0002189656130919002,0.00021351748908709752,2096.3277439240474,1993.3072863300051,17116299.296103384,342325.98600592086,43.957935313443286,0.8791587064842168,16275147.910824079,325502.95829621394,41.797697428882664,0.8359539487824212,"[0.340,0.428]",0.38,"[0.100,0.145]",0.12,0.0036,0.0,47,0.17099999999999999,0.008,0.8322835225290001,30,1.0762835225290002,0.005,0.0,34,0.17250000000000001,0.008,0.8541835225290001,27,1.0741835225290002,0.1721002056834422,0.1736502259503857,0.284407272736833,0.28550437070226814,0.16657247450265655,0.16723666779284926,0.28771136240644907,0.2885057810249353
26,56,0.3488,90.0,0.18373,6680.836156,133.6167231,Altemus:1973,1.152550342,0.02997978,0.0089,0.3577,0.16507,0.17396999999999999,1.0,0.0,0.0,6680.836156,133.6167231,1.5707963267948966,0.5000000000000001,0.5000000000000001,0.9999999999999998,0.0023168107289728845,0.18141318927102712,4.433234524286382,1.051683179156847,0.11515283200000002,0.12445813800000002,0.15821485090000004,0.3977623045236942,1.1099811871090002,1.100675881109,0.282289795192487,0.00024242041675647482,27558884.04692944,551177.6808560875,0.00021896561309190014,0.00021351748908709746,2191.04896388093,2083.3735932122945,14638039.137462055,292760.7827054201,37.593288501720394,0.7518657699218672,13918677.627988335,278373.5525180992,35.7458303477475,0.7149166068479398,"[0.340,0.428]",0.38,"[0.100,0.145]",0.12,0.0036,0.0,50,0.1818,0.008,0.8322835225290001,33,1.1002835225290002,0.005,0.0,36,0.1825,0.008,0.8541835225290001,30,1.0981835225290002,0.18286358431351601,0.1836502259503857,0.2775681835973201,0.28073142918655963,0.17738085426170602,0.18002612246116012,0.28111999769339235,0.28247336818923185
26,56,0.3488,90.0,0.19406,5582.632446,111.6526489,Altemus:1973,1.288818504,0.035757325,0.0089,0.3577,0.15474,0.16363999999999998,1.0,0.0,0.0,5582.632446,111.6526489,1.5707963267948966,0.5000000000000001,0.5000000000000001,0.9999999999999998,0.0023168107289728845,0.19174318927102713,4.433234524286382,1.051683179156847,0.10794662400000002,0.11706805600000002,0.1547273396,0.3933539622274066,1.136572115289,1.127450683289,0.2744708460736703,0.0002689510265514191,20757059.445291575,415141.1888314686,0.00021896561309190014,0.00021351748908709746,2302.8334787687463,2189.6646484495154,12855872.896309454,257117.45788013245,33.01634421071802,0.6603268840960781,12224092.912293447,244481.85820207567,31.3938121908423,0.6278762437043766,"[0.340,0.428]",0.38,"[0.100,0.145]",0.12,0.0036,0.0,53,0.1926,0.008,0.8322835225290001,36,1.124283522529,0.005,0.0,38,0.1925,0.008,0.8541835225290001,34,1.1301835225290002,0.19362475025612014,0.1936502259503857,0.2701715979827662,0.2758615489371542,0.18808552308623294,0.19707872868557455,0.2740505372933568,0.27417288001890777
26,56,0.3488,90.0,0.2044,4908.998299,98.17996597,Altemus:1973,1.418598984,0.050649844,0.0089,0.3577,0.1444,0.1533,1.0,0.0,0.0,4908.998299,98.17996597,1.5707963267948966,0.5000000000000001,0.5000000000000001,0.9999999999999998,0.0023168107289728845,0.2020831892710271,4.433234524286382,1.051683179156847,0.10073344000000002,0.10967082000000003,0.15145018000000005,0.38916600570964577,1.1631887849290001,1.154251404929,0.2658227848101266,0.00029461072719710706,16662659.726289166,333253.1944918402,0.00021896561309190014,0.00021351748908709746,2434.7738015580603,2315.1209887278615,11952300.450298281,239046.0089816179,30.695797085101255,0.6139159416394955,11364924.99564427,227298.49988973417,29.1873044025584,0.5837460879917112,"[0.340,0.428]",0.38,"[0.100,0.145]",0.12,0.0036,0.0,56,0.2034,0.008,0.8322835225290001,40,1.156283522529,0.005,0.0,40,0.2025,0.008,0.8541835225290001,37,1.154183522529,0.20438370487531188,0.2036502259503857,0.26218738670420383,0.2709128774098044,0.202202130166809,0.20986818335388527,0.26385553352761026,0.26780375619716296
26,56,0.3488,90.0,0.2146,4640.750862,92.81501725,Altemus:1973,1.596358051,0.080058165,0.0089,0.3577,0.13419999999999999,0.14309999999999998,1.0,0.0,0.0,4640.750862,92.81501725,1.5707963267948966,0.5000000000000001,0.5000000000000001,0.9999999999999998,0.0023168107289728845,0.21228318927102713,4.433234524286382,1.051683179156847,0.09361792000000001,0.10237374000000002,0.14842690000000003,0.3852621185634529,1.1894450741290001,1.1806892541290002,0.25642955393307787,0.00031896721384394366,14549303.691979174,290986.07387093466,0.0002189656130919002,0.00021351748908709752,2588.959055022175,2461.729070439055,12014713.966276864,240294.27935142687,30.856086949785713,0.6171217390622037,11424271.305650502,228485.42613762734,29.339717094765728,0.5867943419585365,"[0.340,0.428]",0.38,"[0.100,0.145]",0.12,0.0036,0.0,58,0.21059999999999998,0.008,0.8322835225290001,43,1.180283522529,0.005,0.0,42,0.2125,0.008,0.8541835225290001,40,1.178183522529,0.2115551134480711,0.21365022595038569,0.25652171909007215,0.2659027351418487,0.21267596608364003,0.2226576380221961,0.2556105009966504,0.2613508783471998
26,56,0.3488,90.0,0.225,4725.195369,94.50390738,Altemus:1973,1.731251168,0.525036492,0.0089,0.3577,0.1238,0.13269999999999998,1.0,0.0,0.0,4725.195369,94.50390738,1.5707963267948966,0.5000000000000001,0.5000000000000001,0.9999999999999998,0.0023168107289728845,0.22268318927102712,4.433234524286382,1.051683179156847,0.08636288,0.09493358000000002,0.14555858000000002,0.38152140175880045,1.216216192529,1.207645492529,0.2459095920914438,0.0003427468055530978,13786256.479837505,275725.1295967501,0.00021896561309190022,0.00021351748908709752,2776.645158809715,2640.1916602258493,13120190.845763937,262403.81691527873,33.69516333647069,0.6739032667294139,12475421.406171605,249508.4281234321,32.03927190647349,0.6407854381294698,"[0.340,0.428]",0.38,"[0.070,0.100]",0.093,0.0036,0.0,61,0.22139999999999999,0.008,0.8322835225290001,46,1.204283522529,0.005,0.0,44,0.2225,0.008,0.8811835225290001,40,1.2051835225290002,0.22231038555568716,0.2233914251115489,0.24748179830117856,0.24550731018510907,0.22305534397899718,0.22265763802219615,0.24683067794542637,0.24593230119825554
26,56,0.3488,90.0,0.23526,5110.962005,102.2192401,Altemus:1973,1.731493991,0.058740409,0.0089,0.3577,0.11354,0.12244000000000001,1.0,0.0,0.0,5110.962005,102.2192401,1.5707963267948966,0.5000000000000001,0.5000000000000001,0.9999999999999998,0.0023168107289728845,0.2329431892710271,4.433234524286382,1.051683179156847,0.07920550400000001,0.08759357600000002,0.14294084360000003,0.3780751824703653,1.242626930489,1.234238858489,0.23453648643147945,0.00036508990446735624,13999187.439752903,279983.748795058,0.0002189656130919002,0.00021351748908709752,2999.767483972147,2852.3490186247095,15331697.634416092,306633.95268832176,39.37473639598966,0.7874947279197929,14578247.459189929,291564.9491837985,37.439732018493515,0.7487946403698701,"[0.340,0.428]",0.38,"[0.070,0.100]",0.093,0.0036,0.0,64,0.2322,0.008,0.8322835225290001,50,1.236283522529,0.005,0.0,46,0.2325,0.008,0.8811835225290001,44,1.237183522529,0.23306344997053685,0.23339142511154892,0.2377562518567087,0.23972586828460926,0.23675190293993353,0.23971024424661047,0.2342539554439474,0.2360873458068239
26,56,0.3488,90.0,0.24553,5764.741202,115.294824,Altemus:1973,1.702227326,0.065763577,0.0089,0.3577,0.10327,0.11217,1.0,0.0,0.0,5764.741202,115.294824,1.5707963267948966,0.5000000000000001,0.5000000000000001,0.9999999999999998,0.0023168107289728845,0.2432131892710271,4.433234524286382,1.051683179156847,0.07204115200000001,0.08024641800000003,0.14053139890000002,0.374875177759211,1.2690634099090001,1.260858143909,0.2220990068640259,0.00038627588222920836,14923896.28037745,298477.925503996,0.0002189656130919002,0.00021351748908709752,3271.531108356267,3110.757282415709,18859530.1739661,377190.60334846075,48.434886133234755,0.9686977223286184,17932710.675363388,358654.2133828375,46.054636123462444,0.9210927221496881,"[0.340,0.428]",0.38,"[0.070,0.100]",0.093,0.0036,0.0,67,0.243,0.008,0.8322835225290001,53,1.260283522529,0.005,0.0,48,0.2425,0.008,0.8811835225290001,47,1.261183522529,0.24381430805156867,0.2433914251115489,0.22730044529326593,0.23397475950047983,0.24692045363067205,0.2524996989149213,0.22413621866512837,0.22877542405125
26,56,0.3488,90.0,0.2558,6644.192645,132.8838529,Altemus:1973,1.664912592,0.095126682,0.0089,0.3577,0.09299999999999997,0.10189999999999998,1.0,0.0,0.0,6644.192645,132.8838529,1.5707963267948966,0.5000000000000001,0.5000000000000001,0.9999999999999998,0.0023168107289728845,0.25348318927102714,4.433234524286382,1.051683179156847,0.0648768,0.07289926000000001,0.13833290000000004,0.3719313108626377,1.2954998893290002,1.2874774293290001,0.20854275310009535,0.00040622002646194017,16356142.514363486,327122.8502872697,0.00021896561309190017,0.0002135174890870975,3606.6901715275626,3429.4455240970096,23963544.31045722,479270.8862091444,61.54297213765827,1.2308594427531654,22785896.72763352,455717.9345526704,58.5185475601106,1.1703709512022118,"[0.340,0.428]",0.38,"[0.070,0.100]",0.093,0.0036,0.0,70,0.25379999999999997,0.008,0.8322835225290001,56,1.2842835225290001,0.005,0.0,50,0.2525,0.008,0.8811835225290001,50,1.285183522529,0.25456296115632426,0.25339142511154894,0.21606459287074503,0.22826879330321562,0.25700250068132824,0.26528915358323213,0.21339990613804943,0.22155693201028323
26,56,0.3488,90.0,0.26613,7715.791124,154.3158225,Altemus:1973,1.445865994,0.107256662,0.0089,0.3577,0.08267000000000002,0.09157000000000003,1.0,0.0,0.0,7715.791124,154.3158225,1.5707963267948966,0.5000000000000001,0.5000000000000001,0.9999999999999998,0.0023168107289728845,0.2638131892710271,4.433234524286382,1.051683179156847,0.05767059200000003,0.06550917800000004,0.13633435490000004,0.3692348235202092,1.322090817509,1.314252231509,0.19371218628801204,0.00042497230112326534,18155985.93980363,363119.71884313447,0.00021896561309190017,0.0002135174890870975,4029.6958495472422,3831.6633083148868,31092291.46835625,621845.8294477189,79.85096038977755,1.5970192080025316,29564313.74445248,591286.2749656829,75.92682090227542,1.5185364182423173,"[0.340,0.428]",0.38,"[0.045,0.070]",0.056,0.0036,0.0,73,0.2646,0.008,0.8322835225290001,60,1.316283522529,0.003,0.0,87,0.2625,0.01,0.918183522529,39,1.313183522529,0.2653094106409526,0.26303677211018,0.2039930807864206,0.18278153130668182,0.27031440789774897,0.2604931080826156,0.19806763374309708,0.18438440644140994
26,56,0.3488,90.0,0.27337,8542.726569,170.8545314,Altemus:1973,1.439470162,0.141067374,0.0089,0.3577,0.07543,0.08433,1.0,0.0,0.0,8542.726569,170.8545314,1.5707963267948966,0.5000000000000001,0.5000000000000001,0.9999999999999998,0.0023168107289728845,0.2710531892710271,4.433234524286382,1.051683179156847,0.05261996800000001,0.060329682000000016,0.1350608389,0.3675062433483274,1.340727634549,1.3330179205489998,0.18256751019730563,0.0004373074920917713,19534827.835072316,390696.5567471807,0.00021896561309190014,0.00021351748908709746,4394.700839070455,4178.7307491156835,37542727.62073377,750854.5525025695,96.41691604552248,1.9283383211361786,35697754.195167825,713955.0839869311,91.67867087388584,1.8335734176923524,"[0.340,0.428]",0.38,"[0.045,0.070]",0.056,0.0036,0.0,75,0.2718,0.008,0.8322835225290001,62,1.332283522529,0.003,0.0,90,0.2715,0.01,0.918183522529,41,1.333183522529,0.2724724867330366,0.27203677211018,0.19545071725204075,0.17721069749236806,0.27691567774885073,0.27115098697287465,0.1899420590004772,0.1777519809021102
26,56,0.3488,90.0,0.28048,9368.045393,187.3609079,Altemus:1973,1.414809541,0.195259515,0.0089,0.3577,0.06831999999999999,0.07722,1.0,0.0,0.0,9368.045393,187.3609079,1.5707963267948966,0.5000000000000001,0.5000000000000001,0.9999999999999998,0.0023168107289728845,0.2781631892710271,4.433234524286382,1.051683179156847,0.047660032000000005,0.05524318800000001,0.1339122184,0.3659401841831531,1.3590298126090001,1.3514466566090002,0.17099574132257653,0.00044875839794955596,20875476.505406912,417509.530197273,0.00021896561309190014,0.00021351748908709746,4825.8881024992115,4588.728048658352,45209138.80575125,904182.7763080605,116.10572851177658,2.322114570731284,42987412.655963756,859748.2533028242,110.39991017528737,2.207998203977137,"[0.340,0.428]",0.38,"[0.045,0.070]",0.056,0.0036,0.0,77,0.27899999999999997,0.008,0.8322835225290001,64,1.348283522529,0.003,0.0,92,0.2775,0.01,0.918183522529,43,1.353183522529,0.2796345844416166,0.27803677211018,0.1864891834788261,0.17358479931768286,0.2834812807492021,0.2818088658631337,0.18149489991947015,0.17134160310349753
26,56,0.3726,90.0,0.01074,0.0,0.0,Altemus:1973,#DIV/0!,#DIV/0!,0.0089,0.3815,0.36185999999999996,0.37076,1.0,0.0,0.0,0.0,0.0,1.5707963267948966,0.5000000000000001,0.5000000000000001,0.9999999999999998,0.0026425700921557937,0.008097429907844206,4.433234524286382,1.0483429608827326,0.269658072,0.28288988000000004,0.2830052276,0.5319823564743478,0.630852254569,0.617620446569,0.33324274743436344,-0.00027313323813779047,-0.0,-0.0,0.00019188594659600965,0.00018740944613806866,1822.1117705165757,1738.0874756695168,0.0,0.0,0.0,0.0,0.0,0.0,0.0,0.0,"[0.523,0.609]",0.57,"[0.206,0.322]",0.265,0.0036,0.0,2,0.009,0.06,0.6517835225290001,-1,0.621783522529,0.005,0.0,1,0.0075,0.015,0.7091835225290001,-7,0.611683522529,0.012112830411403763,0.01004008230710174,0.3332329655281137,0.33324882373483766,0.03470363000146104,-0.0019571595900127006,0.3325085791427343,0.33333012122704486
26,56,0.3726,90.0,0.04391,1630.633122,32.61266244,Altemus:1973,1.733191827,0.03230647,0.0089,0.3815,0.32869,0.33759,1.0,0.0,0.0,1630.633122,32.61266244,1.5707963267948966,0.5000000000000001,0.5000000000000001,0.9999999999999998,0.0026425700921557937,0.041267429907844204,4.433234524286382,1.0483429608827326,0.24493978800000005,0.2575811700000001,0.2595092581000001,0.5094205120526657,0.7178155693889999,0.7051741873889998,0.33167817934665556,-0.0001816883223515079,-8974892.281988572,-179497.84563977143,0.00019188594659600962,0.00018740944613806863,1839.3086127527406,1754.491308077267,2999237.54553449,59984.75091068981,7.7026165373416715,0.15405233074683344,2860931.6392118973,57218.632784237954,7.347420476649992,0.14694840953299987,"[0.428,0.523]",0.475,"[0.206,0.322]",0.265,0.0036,0.0,11,0.0414,0.032,0.7510585225290001,-2,0.703058522529,0.005,0.0,8,0.0425,0.015,0.7091835225290001,-1,0.7016835225290001,0.04354448967215063,0.04504008230710174,0.3314605610691524,0.3316408312459061,0.025409272602853195,0.046003295416152924,0.33269683220523344,0.33156805401226414
26,56,0.3726,90.0,0.07438,6770.889476,135.4177895,Altemus:1973,1.015376196,0.012828595,0.0089,0.3815,0.29822,0.30712,1.0,0.0,0.0,6770.889476,135.4177895,1.5707963267948966,0.5000000000000001,0.5000000000000001,0.9999999999999998,0.0026425700921557937,0.07173742990784421,4.433234524286382,1.0483429608827326,0.22223354400000003,0.23433256000000005,0.23986494440000006,0.4897600886148238,0.7977001700090001,0.7856011540090001,0.3281681600731166,-9.776084710324826e-05,-69259725.91920213,-1385194.5181794616,0.0001918859465960096,0.00018740944613806858,1878.5594600433926,1791.932154017227,12719518.47804805,254390.3695233898,32.66615994518572,0.6533231988072242,12132974.563341254,242659.49123098643,31.15980281651335,0.6231960562382265,"[0.428,0.523]",0.475,"[0.206,0.322]",0.265,0.0036,0.0,19,0.0702,0.032,0.7510585225290001,1,0.7990585225290001,0.005,0.0,14,0.0725,0.015,0.7091835225290001,5,0.7916835225290001,0.07231254232660689,0.07504008230710174,0.3281429953817938,0.328677267225986,0.07399352741706322,0.09396375042231848,0.3278968896406236,0.32609028452046035
26,56,0.3726,90.0,0.10499,12321.93689,246.4387377,Altemus:1973,0.888090899,0.001047319,0.0089,0.3815,0.26761,0.27651000000000003,1.0,0.0,0.0,12321.93689,246.4387377,1.5707963267948966,0.5000000000000001,0.5000000000000001,0.9999999999999998,0.0026425700921557937,0.1023474299078442,4.433234524286382,1.0483429608827326,0.19942297200000006,0.2109771300000001,0.2220000301000001,0.47116879151743496,0.877951815069,0.866397657069,0.32211370587665394,-1.4272729100218213e-05,-863320308.504392,-17266406.16308147,0.00019188594659600957,0.00018740944613806858,1948.5193603047903,1858.6659452209087,24009532.5866188,480190.651537524,61.66107884014785,1.2332215763025398,22902364.476604234,458047.28934621805,58.81765904950378,1.1763531805127345,"[0.428,0.523]",0.475,"[0.206,0.322]",0.265,0.0036,0.0,28,0.1026,0.032,0.7510585225290001,3,0.8630585225290001,0.005,0.0,20,0.10250000000000001,0.015,0.7091835225290001,10,0.866683522529,0.10465767534840609,0.10504008230710175,0.32236785211468344,0.324330872024267,0.10512698204379911,0.1339307962607898,0.32226765263323,0.31894090768373223
26,56,0.3726,90.0,0.13572,13333.9849,266.679698,Altemus:1973,0.91000553,0.011541936,0.0089,0.3815,0.23687999999999998,0.24577999999999997,1.0,0.0,0.0,13333.9849,266.679698,1.5707963267948966,0.5000000000000001,0.5000000000000001,0.9999999999999998,0.0026425700921557937,0.1330774299078442,4.433234524286382,1.0483429608827326,0.176522976,0.18753014000000004,0.20595005840000005,0.45381720813561055,0.9585180696490001,0.9475109056490001,0.3128473043738422,6.774014752420571e-05,196840210.53003085,3936804.2106006164,0.00019188594659600968,0.0001874094461380687,2061.4571649492777,1966.395771106696,27487438.70943048,549748.7741886096,70.59300797552984,1.4118601595105968,26219891.51936054,524397.8303872107,67.33770398581076,1.346754079716215,"[0.428,0.523]",0.475,"[0.145,0.206]",0.16,0.0036,0.0,36,0.1314,0.032,0.7510585225290001,6,0.959058522529,0.005,0.0,26,0.1325,0.03,0.8141835225290001,4,0.9491835225290001,0.13339211030218934,0.13403363460051426,0.31533510005622073,0.3101195715886749,0.15015868023032108,0.12194068250924839,0.3103605012247248,0.31388608902777787
26,56,0.3726,90.0,0.15619,11357.79942,227.1559883,Altemus:1973,1.002659017,0.015737203,0.0089,0.3815,0.21641,0.22530999999999998,1.0,0.0,0.0,11357.79942,227.1559883,1.5707963267948966,0.5000000000000001,0.5000000000000001,0.9999999999999998,0.0026425700921557937,0.1535474299078442,4.433234524286382,1.0483429608827326,0.16126873200000003,0.17191153,0.19630684610000002,0.44306528424149866,1.012185210269,1.001542412269,0.3045240907572686,0.00012077975057451616,94037281.630191,1880745.6317758667,0.0001918859465960096,0.00018740944613806858,2169.4155560222384,2069.375802547988,24639786.743928354,492795.7346616256,63.279692244760916,1.265593844338071,23503555.289941568,470071.10559189384,60.361632219553165,1.2072326438596082,"[0.428,0.523]",0.475,"[0.145,0.206]",0.16,0.0036,0.0,42,0.153,0.032,0.7510585225290001,7,0.9910585225290001,0.005,0.0,30,0.1525,0.03,0.8141835225290001,6,1.009183522529,0.15493257988634923,0.15403363460051425,0.30882199990971715,0.3033447237566964,0.1647607812274835,0.15391431918002543,0.30547954625518103,0.3033869923031813
26,56,0.3726,90.0,0.17666,8498.454528,169.9690906,Altemus:1973,1.086397529,0.020927334,0.0089,0.3815,0.19593999999999998,0.20483999999999997,1.0,0.0,0.0,8498.454528,169.9690906,1.5707963267948966,0.5000000000000001,0.5000000000000001,0.9999999999999998,0.0026425700921557937,0.17401742990784422,4.433234524286382,1.0483429608827326,0.146014488,0.15629292,0.1875016756,0.4330146367041188,1.065852350889,1.055573918889,0.29417281556859537,0.00017206901548048209,49389801.55299364,987796.0312923375,0.00019188594659600962,0.00018740944613806863,2313.100208744775,2206.43462593299,19657776.94272478,393155.53894701955,50.4849367439557,1.0096987351167332,18751284.337496206,375025.68683818146,48.156890090096134,0.9631378020285845,"[0.428,0.523]",0.475,"[0.145,0.206]",0.16,0.0036,0.0,48,0.1746,0.032,0.7510585225290001,9,1.0550585225290001,0.005,0.0,34,0.17250000000000001,0.03,0.8141835225290001,8,1.069183522529,0.17646418453634993,0.17403363460051427,0.3011843459613981,0.29598090565099155,0.19339988671638675,0.1858879558508025,0.2943391356472627,0.2913813064949448
26,56,0.3726,90.0,0.1972,6011.855926,120.2371185,Altemus:1973,1.112934189,0.029421863,0.0089,0.3815,0.1754,0.1843,1.0,0.0,0.0,6011.855926,120.2371185,1.5707963267948966,0.5000000000000001,0.5000000000000001,0.9999999999999998,0.0026425700921557937,0.1945574299078442,4.433234524286382,1.0483429608827326,0.13070808000000003,0.14062090000000002,0.17950874,0.4236847176852146,1.119703013729,1.109790193729,0.2814453525367687,0.0002213201765969431,27163614.35472954,543272.2870042239,0.0001918859465960096,0.00018740944613806858,2505.680810085069,2390.1346253855886,15063792.026774403,301275.84048537444,38.686703476776614,0.773734069406831,14369145.01156214,287382.9001834401,36.90271687826414,0.7380543374425163,"[0.340,0.428]",0.38,"[0.100,0.145]",0.12,0.0036,0.0,54,0.19619999999999999,0.008,0.8322835225290001,34,1.1082835225290002,0.005,0.0,38,0.1925,0.008,0.8541835225290001,31,1.1061835225290002,0.19721131409779247,0.1936502259503857,0.2675770679502204,0.2758615489371542,0.18096045309591247,0.18428927401726372,0.27881730627786266,0.28042292345419845
26,56,0.3726,90.0,0.2178,4711.682327,94.23364655,Altemus:1973,1.373819275,0.034650044,0.0089,0.3815,0.1548,0.16369999999999998,1.0,0.0,0.0,4711.682327,94.23364655,1.5707963267948966,0.5000000000000001,0.5000000000000001,0.9999999999999998,0.0026425700921557937,0.2151574299078442,4.433234524286382,1.0483429608827326,0.11535696000000002,0.12490310000000002,0.17233994000000002,0.41513845883030404,1.173710981329,1.164164841329,0.26598728088483964,0.00026800634938215975,17580487.693153292,351609.7539003783,0.0001918859465960096,0.00018740944613806858,2766.600967370739,2639.0227917791212,13035344.883821815,260706.8977041023,33.47726265349375,0.6695452531409267,12434237.048575887,248684.74099790797,31.933502587078003,0.6386700518093352,"[0.340,0.428]",0.38,"[0.100,0.145]",0.12,0.0036,0.0,59,0.2142,0.008,0.8322835225290001,41,1.164283522529,0.005,0.0,43,0.2175,0.008,0.8541835225290001,38,1.162183522529,0.21514044953374167,0.2186502259503857,0.2535820314805198,0.2633797791378742,0.20570406381246997,0.21413133490998887,0.26116535359567933,0.2656604292748959
26,56,0.3726,90.0,0.23833,4738.004161,94.76008322,Altemus:1973,1.557871152,0.042119001,0.0089,0.3815,0.13427,0.14317,1.0,0.0,0.0,4738.004161,94.76008322,1.5707963267948966,0.5000000000000001,0.5000000000000001,0.9999999999999998,0.0026425700921557937,0.2356874299078442,4.433234524286382,1.0483429608827326,0.10005800400000002,0.10923871000000002,0.1660398989,0.4074799368067096,1.227535426709,1.218354720709,0.24752805075989615,0.0003113490494823577,15217660.593078105,304353.2118615621,0.00019188594659600962,0.00018740944613806863,3124.3266343701102,2980.25240875309,14803072.593968708,296061.45187937416,38.01712603109363,0.7603425206218727,14120448.313502412,282408.9662700483,36.2640161184296,0.7252803223685922,"[0.340,0.428]",0.38,"[0.100,0.145]",0.12,0.0036,0.0,65,0.23579999999999998,0.008,0.8322835225290001,48,1.220283522529,0.005,0.0,47,0.23750000000000002,0.008,0.8541835225290001,45,1.218183522529,0.2366473144120178,0.2386502259503857,0.23435446952600306,0.2532137783591306,0.22992369684903669,0.24397339580271415,0.24066959678713354,0.2504978458278819
26,56,0.3726,90.0,0.25893,5864.430746,117.2886149,Altemus:1973,1.452928744,0.043724619,0.0089,0.3815,0.11367,0.12257,1.0,0.0,0.0,5864.430746,117.2886149,1.5707963267948966,0.5000000000000001,0.5000000000000001,0.9999999999999998,0.0026425700921557937,0.2562874299078442,4.433234524286382,1.0483429608827326,0.08470688400000001,0.09352091000000001,0.16056565490000002,0.4007064447946901,1.281543394309,1.272729368309,0.22554059892675393,0.0003511750952472862,16699449.4352467,333988.98864798236,0.00019188594659600962,0.00018740944613806863,3632.225523175634,3464.7302063412567,21300935.034517124,426018.70061769796,54.70488147962717,1.0940976294059783,20318670.34866259,406373.4069039572,52.18223760816232,1.0436447519852847,"[0.340,0.428]",0.38,"[0.070,0.100]",0.093,0.0036,0.0,71,0.2574,0.008,0.8322835225290001,55,1.2762835225290001,0.005,0.0,51,0.2575,0.008,0.8811835225290001,48,1.269183522529,0.25814535576428455,0.25839142511154894,0.21213653535883412,0.2254369164831347,0.2536512939587229,0.25676285047102493,0.2170492855009658,0.22635760377144123
26,56,0.3726,90.0,0.27947,7763.552543,155.2710509,Altemus:1973,1.263107314,0.049227464,0.0089,0.3815,0.09312999999999999,0.10203,1.0,0.0,0.0,7763.552543,155.2710509,1.5707963267948966,0.5000000000000001,0.5000000000000001,0.9999999999999998,0.0026425700921557937,0.2768274299078442,4.433234524286382,1.0483429608827326,0.069400476,0.07784889000000002,0.15595237090000003,0.39490805372896615,1.335394057149,1.3269456431489999,0.19973871607166388,0.00038681179872175094,20070619.791472882,401412.39593286713,0.00019188594659600962,0.00018740944613806863,4379.26859205801,4177.324363746907,33998681.81435199,679973.6364622106,87.31512753331317,1.7463025511161354,32430877.187103156,648617.5439091561,83.28870492895905,1.6657740990083076,"[0.340,0.428]",0.38,"[0.070,0.100]",0.093,0.0036,0.0,76,0.2754,0.008,0.8322835225290001,61,1.324283522529,0.005,0.0,55,0.2775,0.008,0.8811835225290001,55,1.325183522529,0.27605365786020997,0.27839142511154896,0.19102367484744234,0.21428395105897297,0.2736195375333409,0.2866049113637502,0.19404429696668818,0.20979742684268424
26,56,0.3726,90.0,0.28987,8837.189818,176.7437964,Altemus:1973,1.168697314,0.066205435,0.0089,0.3815,0.08272999999999997,0.09162999999999998,1.0,0.0,0.0,8837.189818,176.7437964,1.5707963267948966,0.5000000000000001,0.5000000000000001,0.9999999999999998,0.0026425700921557937,0.2872274299078442,4.433234524286382,1.0483429608827326,0.06165039599999999,0.06991369,0.15393830690000002,0.3923497252452205,1.3626602155490002,1.3543969215490002,0.18505951395992393,0.00040319285222543375,21918022.031449452,438360.44072819717,0.00019188594659600965,0.00018740944613806866,4901.630774221352,4675.598498886327,43316641.56954439,866332.831586953,111.24543309096737,2.22490866232288,41319151.44741434,826383.0291353107,106.11549582714397,2.122309917023193,"[0.340,0.428]",0.38,"[0.045,0.070]",0.056,0.0036,0.0,79,0.2862,0.008,0.8322835225290001,65,1.356283522529,0.003,0.0,95,0.28650000000000003,0.01,0.918183522529,43,1.353183522529,0.28679570416747424,0.28703677211018,0.1770865894408824,0.1682792339346987,0.28675088651364666,0.2818088658631337,0.17714685887344525,0.17134160310349753
26,56,0.3726,90.0,0.30013,9840.15166,196.8030332,Altemus:1973,1.125694032,0.094607282,0.0089,0.3815,0.07246999999999998,0.08136999999999998,1.0,0.0,0.0,9840.15166,196.8030332,1.5707963267948966,0.5000000000000001,0.5000000000000001,0.9999999999999998,0.0026425700921557937,0.2974874299078442,4.433234524286382,1.0483429608827326,0.054004644,0.062085310000000005,0.1521633269,0.3900811798843928,1.389559329509,1.381478663509,0.16944127412250182,0.0004182121006893202,23529093.595763776,470581.8719152755,0.00019188594659600957,0.00018740944613806858,5560.600640162819,5304.180833608732,54717153.61989523,1094343.0723979045,140.52413186690782,2.8104826373381564,52193943.83477515,1043878.876695503,134.0440458040399,2.6808809160807985,"[0.340,0.428]",0.38,"[0.045,0.070]",0.056,0.0036,0.0,82,0.297,0.008,0.8322835225290001,68,1.380283522529,0.003,0.0,99,0.2985,0.01,0.918183522529,46,1.3831835225290001,0.2975355509147306,0.29903677211018,0.16210338912842143,0.16145494796615584,0.29650775889163417,0.29779568419852226,0.1635850144851065,0.16214750985525406
26,56,0.3726,90.0,0.3104,10640.31165,212.8062331,Altemus:1973,1.149026495,0.155136433,0.0089,0.3815,0.06219999999999998,0.07109999999999998,1.0,0.0,0.0,10640.31165,212.8062331,1.5707963267948966,0.5000000000000001,0.5000000000000001,0.9999999999999998,0.0026425700921557937,0.3077574299078442,4.433234524286382,1.0483429608827326,0.04635143999999999,0.0542493,0.15059746000000002,0.38806888563758885,1.416484660929,1.4085868009290001,0.1526239475774849,0.00043208624414350693,24625434.83903662,492508.6970121677,0.00019188594659600968,0.0001874094461380687,6425.840087479341,6129.520898455418,68372941.14384344,1367458.823519453,175.59481006943835,3.511896203039046,65220012.624753654,1304400.253108025,167.49748567165736,3.3499497150073254,"[0.340,0.428]",0.38,"[0.045,0.070]",0.056,0.0036,0.0,85,0.3078,0.008,0.8322835225290001,72,1.412283522529,0.003,0.0,102,0.3075,0.01,0.918183522529,49,1.4131835225290001,0.3082731994525858,0.30803677211018,0.14598568716478802,0.15652369550663703,0.3093982397619014,0.31378250253391077,0.1442271479030891,0.15345874732584636
26,56,0.1003,140.0,0.00189,2988.424505,59.7684901,Altemus:1973,10.14815665,0.126016233,0.0089,0.1092,0.09841,0.10731,1.0,0.0,0.0,2988.424505,59.7684901,2.443460952792061,0.8830222215594888,0.11697777844051105,7.548632170413027,0.00033944010472139463,0.0015505598952786053,4.433234524286382,1.1853412842231033,0.034863564589656115,0.04138990765533569,0.041393479755335694,0.20345387623571023,0.8490393298793439,0.8425129868136644,0.06211732895220034,-0.0002055299102707199,-14540095.410267571,-290801.90820535144,0.00019863561156775261,0.00018244644542349437,370.7439142231256,312.77398261389226,1107940.1983440067,22158.803966880132,2.845402661371831,0.05690805322743662,934701.4341697996,18694.02868339599,2.4004923301366032,0.04800984660273207,"[0.186,0.223]",0.205,"[0.035,0.045]",0.04,0.0006,0.0,2,0.0014999999999999998,0.014,0.9346585225290001,-7,0.8436585225290001,0.005,0.0,0,0.0025,0.008,0.934183522529,-12,0.8421835225290001,0.0019027840089336223,0.0028834086501285648,0.062117337285638625,0.06211024916354427,0.002834604118147621,0.0009737571048085431,0.06211121709551147,0.062120975767330215
26,56,0.1003,140.0,0.00448,11647.32001,232.9464002,Altemus:1973,2.83859291,0.048746836,0.0089,0.1092,0.09582,0.10472000000000001,1.0,0.0,0.0,11647.32001,232.9464002,2.443460952792061,0.8830222215594888,0.11697777844051105,7.548632170413027,0.00033944010472139463,0.004140559895278605,4.433234524286382,1.1853412842231033,0.03394600913505588,0.04039093401981879,0.04041100441981879,0.20102488507599947,0.8548171394739442,0.8483722145891813,0.06209341917726282,-0.00017370350545034736,-67052878.29282957,-1341057.5658565916,0.00019863561156775261,0.00018244644542349437,370.9055839015594,312.91037344123083,4320056.029197366,86401.12058394733,11.094731413416005,0.22189462826832013,3644567.2539186203,72891.34507837241,9.359946844918777,0.18719893689837555,"[0.186,0.223]",0.205,"[0.035,0.045]",0.04,0.0006,0.0,6,0.0039,0.014,0.9346585225290001,-7,0.8436585225290001,0.005,0.0,0,0.0025,0.008,0.934183522529,-11,0.8501835225290001,0.004302641264601448,0.0028834086501285648,0.06209669025722342,0.06211024916354427,0.002834604118147621,0.005236908660912154,0.06211121709551147,0.06208243554523255
26,56,0.1003,140.0,0.00913,27078.62375,541.5724749,Altemus:1973,0.93701217,0.016482743,0.0089,0.1092,0.09117,0.10007,1.0,0.0,0.0,27078.62375,541.5724749,2.443460952792061,0.8830222215594888,0.11697777844051105,7.548632170413027,0.00033944010472139463,0.008790559895278605,4.433234524286382,1.1853412842231033,0.03229866053895893,0.03859740992516488,0.03868076682516488,0.19667426579287103,0.8651904269700411,0.8588916775838351,0.06199678315742902,-0.0001165608321698398,-232313232.89236617,-4646264.656989402,0.0001986356115677526,0.00018244644542349437,371.5602788666279,313.4626995719263,10061340.991874494,201226.81980033385,25.839450972208738,0.516789019348751,8488138.501367478,169762.76999600328,21.799165621017274,0.4359833123398422,"[0.186,0.223]",0.205,"[0.035,0.045]",0.04,0.0006,0.0,14,0.0087,0.014,0.9346585225290001,-6,0.8576585225290001,0.005,0.0,1,0.0075,0.008,0.934183522529,-10,0.8581835225290001,0.009102024608047543,0.007883408650128564,0.06200748449813226,0.062031964908098904,0.010243485111882555,0.009500060217015766,0.061976861478764,0.06199117651873735
26,56,0.1003,140.0,0.01463,41770.13717,835.4027434,Altemus:1973,0.781443448,0.013660238,0.0089,0.1092,0.08567,0.09457,1.0,0.0,0.0,41770.13717,835.4027434,2.443460952792061,0.8830222215594888,0.11697777844051105,7.548632170413027,0.00033944010472139463,0.014290559895278606,4.433234524286382,1.1853412842231033,0.030350183704865762,0.03647603734009036,0.03669007424009036,0.1915465328323391,0.8774599068041343,0.8713340531689098,0.06178234695086366,-4.8982692785947e-05,-852752978.5374262,-17055059.570748523,0.00019863561156775261,0.00018244644542349437,373.02039588655475,314.69451106736733,15581113.103389096,311622.2620677819,40.01528309721399,0.8003056619442797,13144832.893930018,262896.6578786003,33.75844883648073,0.6751689767296145,"[0.186,0.223]",0.205,"[0.035,0.045]",0.04,0.0006,0.0,23,0.014099999999999998,0.014,0.9346585225290001,-5,0.8716585225290001,0.005,0.0,2,0.0125,0.008,0.934183522529,-8,0.874183522529,0.014500803198053802,0.012883408650128565,0.061830744786049274,0.0618815278678526,0.01759494199251188,0.018026363329222927,0.06169295803956186,0.061652620729176044
26,56,0.1003,140.0,0.01992,50084.22848,1001.68457,Altemus:1973,0.688220644,0.0125257,0.0089,0.1092,0.08038000000000001,0.08928000000000001,1.0,0.0,0.0,50084.22848,1001.68457,2.443460952792061,0.8830222215594888,0.11697777844051105,7.548632170413027,0.00033944010472139463,0.019580559895278606,4.433234524286382,1.1853412842231033,0.028476103258983428,0.03443566261735506,0.03483246901735506,0.18663458687326703,0.8892609155900166,0.883301356231645,0.061458161305841766,1.5984043744581743e-05,3133389102.30257,62667782.07107636,0.0001986356115677526,0.00018244644542349437,375.2472277559966,316.5731530239759,18793967.89141793,375879.3579784575,48.26650963283609,0.9653301930422045,15855322.126686811,317106.44266036554,40.71950439528556,0.8143900882309195,"[0.186,0.223]",0.205,"[0.025,0.035]",0.026,0.0006,0.0,32,0.0195,0.014,0.9346585225290001,-4,0.885658522529,0.005,0.0,3,0.0175,0.01,0.9481835225290001,-7,0.8831835225290001,0.019899023244164482,0.01774921562258357,0.061573063715955174,0.06142433086794312,0.024890289649787234,0.015361893606658236,0.06126266227656674,0.061597997616426446
26,56,0.1003,140.0,0.02519,52075.19352,1041.50387,Altemus:1973,0.760227612,0.013809262,0.0089,0.1092,0.07511,0.08401,1.0,0.0,0.0,52075.19352,1041.50387,2.443460952792061,0.8830222215594888,0.11697777844051105,7.548632170413027,0.00033944010472139463,0.024850559895278606,4.433234524286382,1.1853412842231033,0.02660910818340688,0.032403001976747295,0.033037538076747294,0.1817623120362065,0.9010173080855931,0.8952234142922527,0.061001987425850786,8.064910487332622e-05,645700824.6005131,12914016.487050505,0.00019863561156775261,0.00018244644542349437,378.42092421436894,319.2506067671419,19706342.860480517,394126.85705824196,50.60966332382047,1.0121932660876665,16625037.128776336,332500.7424478265,42.69627996378365,0.8539255989477144,"[0.158,0.186]",0.167,"[0.025,0.035]",0.026,0.0006,0.0,41,0.0249,0.002,0.9487945225290001,-27,0.895794522529,0.005,0.0,4,0.0225,0.01,0.9481835225290001,-6,0.893183522529,0.025161253804057537,0.022749215622583568,0.06079789763706401,0.06098388892867342,0.0228115553482795,0.020690833051787687,0.061033991667826686,0.06117759750264818
26,56,0.1003,140.0,0.03047,48535.946,970.71892,Altemus:1973,0.876525617,0.016696285,0.0089,0.1092,0.06983,0.07873000000000001,1.0,0.0,0.0,48535.946,970.71892,2.443460952792061,0.8830222215594888,0.11697777844051105,7.548632170413027,0.00033944010472139463,0.030130559895278606,4.433234524286382,1.1853412842231033,0.024738570422677443,0.030366484295075755,0.03129490519507575,0.1769036607735288,0.9127960087263226,0.9071680948539244,0.060390681388946925,0.00014535002432991992,333924581.1877653,6678491.623755305,0.00019863561156775253,0.00018244644542349432,382.7493669539774,322.9022493760851,18577102.606012434,371542.05212024867,47.70955803817938,0.9541911607635876,15672366.1389962,313447.32277992397,40.24963837267273,0.8049927674534544,"[0.158,0.186]",0.167,"[0.025,0.035]",0.026,0.0006,0.0,50,0.030299999999999997,0.002,0.9487945225290001,-21,0.9077945225290001,0.005,0.0,6,0.0325,0.01,0.9481835225290001,-5,0.903183522529,0.0305583712864248,0.032749215622583566,0.06016745091116964,0.0598084945611887,0.029034356804960915,0.026019772496917202,0.06035793736240584,0.06064137791697292
26,56,0.1003,140.0,0.03576,41090.52732,821.8105463,Altemus:1973,1.106167357,0.022787247,0.0089,0.1092,0.06454,0.07344,1.0,0.0,0.0,41090.52732,821.8105463,2.443460952792061,0.8830222215594888,0.11697777844051105,7.548632170413027,0.00033944010472139463,0.035420559895278605,4.433234524286382,1.1853412842231033,0.0228644899767951,0.028326109572340448,0.029604887172340447,0.1720607078107621,0.9245970175122049,0.9191353979166595,0.05959891878125989,0.00021004905474609464,195623481.23713222,3912469.624266565,0.00019863561156775261,0.00018244644542349437,388.48802723865185,327.74360634310887,15963177.896742728,319263.5578960058,40.99649867315373,0.8199299733633035,13467157.61039684,269343.15217516245,34.586240451435614,0.6917248089445415,"[0.158,0.186]",0.167,"[0.025,0.035]",0.026,0.0006,0.0,59,0.035699999999999996,0.002,0.9487945225290001,-15,0.9197945225290001,0.005,0.0,7,0.0375,0.01,0.9481835225290001,-3,0.923183522529,0.03595493074024603,0.037749215622583564,0.05941384666622354,0.059085198765886394,0.035217381323308206,0.03667765138717623,0.05952413186599618,0.059247312651933705
26,56,0.1003,140.0,0.04105,33121.55221,662.4310442,Altemus:1973,1.374784603,0.032510554,0.0089,0.1092,0.05925,0.06815,1.0,0.0,0.0,33121.55221,662.4310442,2.443460952792061,0.8830222215594888,0.11697777844051105,7.548632170413027,0.00033944010472139463,0.04071055989527861,4.433234524286382,1.1853412842231033,0.020990409530912767,0.02628573484960514,0.027970837349605142,0.16724484252019595,0.9363980262980872,0.9311027009793948,0.05859910748322074,0.0002745785362202222,120626880.25780459,2412537.6051560915,0.0001986356115677526,0.00018244644542349437,395.9569683334877,334.0446954844789,13114709.399570929,262294.1879914186,33.681085932645956,0.6736217186529191,11064078.82196272,221281.57643925436,28.414673799808824,0.5682934759961764,"[0.158,0.186]",0.167,"[0.025,0.035]",0.026,0.0006,0.0,67,0.040499999999999994,0.002,0.9487945225290001,-9,0.9317945225290001,0.005,0.0,8,0.0425,0.01,0.9481835225290001,-2,0.933183522529,0.040751404148487325,0.04274921562258357,0.058640140018016824,0.058280406844490866,0.04136138206761608,0.04200659083230574,0.05853471257125774,0.05840481103583557
26,56,0.1305,140.0,0.00314,0.0,0.0,Altemus:1973,#DIV/0!,#DIV/0!,0.0089,0.1394,0.12736,0.13626,1.0,0.0,0.0,0.0,0.0,2.443460952792061,0.8830222215594888,0.11697777844051105,7.548632170413027,0.0005740371444324377,0.0025659628555675623,4.433234524286382,1.1410496029124644,0.058705012691940214,0.06709077097044645,0.06710063057044645,0.2590378940820174,0.8275435642770599,0.8191578059985536,0.06211379574569626,-0.000200113139201738,-0.0,-0.0,0.00011733780358929742,0.00010984636562699651,604.2021647240955,529.5143727160535,0.0,0.0,0.0,0.0,0.0,0.0,0.0,0.0,"[0.223,0.270]",0.24,"[0.045,0.070]",0.056,0.0006,0.0,4,0.0026999999999999997,0.018,0.919083522529,-6,0.8200835225290001,0.003,0.0,0,0.0015,0.01,0.918183522529,-10,0.8231835225290001,0.0032520070872479323,0.00203677211017999,0.062111659437039536,0.062118041074489046,-0.0014253482822833563,-0.0006249247287303184,0.0621203018563055,0.06212195055820881
26,56,0.1305,140.0,0.0062,3549.936118,70.99872236,Altemus:1973,0.282117753,0.032220298,0.0089,0.1394,0.12430000000000001,0.1332,1.0,0.0,0.0,3549.936118,70.99872236,2.443460952792061,0.8830222215594888,0.11697777844051105,7.548632170413027,0.0005740371444324377,0.005625962855567562,4.433234524286382,1.1410496029124644,0.05729454363699881,0.06558410900677726,0.06562254900677726,0.25616898525539206,0.8346962640920013,0.8264066987222228,0.062088226562282946,-0.00017640512386759172,-20123769.877934802,-402475.39755869604,0.00011733780358929742,0.00010984636562699651,604.4839455740758,529.7613215334065,2145879.3911445583,42917.58782289116,5.511029331431352,0.11022058662862703,1880618.849230851,37612.376984617025,4.829789447684625,0.09659578895369252,"[0.223,0.270]",0.24,"[0.045,0.070]",0.056,0.0006,0.0,9,0.005699999999999999,0.018,0.919083522529,-6,0.8200835225290001,0.003,0.0,1,0.0045000000000000005,0.01,0.918183522529,-10,0.8231835225290001,0.006251733825905603,0.005036772110179991,0.06208282103664688,0.06209597374633912,-0.0014253482822833563,-0.0006249247287303184,0.0621203018563055,0.06212195055820881
26,56,0.1305,140.0,0.00886,8077.028209,161.5405642,Altemus:1973,1.180743679,0.019299177,0.0089,0.1394,0.12164,0.13054,1.0,0.0,0.0,8077.028209,161.5405642,2.443460952792061,0.8830222215594888,0.11697777844051105,7.548632170413027,0.0005740371444324377,0.008285962855567562,4.433234524286382,1.1410496029124644,0.05606844962191902,0.06427439631940467,0.06435289591940467,0.25367872579190526,0.8409139704670809,0.8327080237695953,0.062051280314653186,-0.00015579480075009124,-51844016.424888745,-1036880.328626149,0.00011733780358929743,0.00010984636562699653,604.8915172245739,530.118511658584,4885725.848007693,97714.51697225169,12.547479865278632,0.2509495973366422,4281782.172779478,85635.64346619193,10.996436818567659,0.2199287363985821,"[0.223,0.270]",0.24,"[0.045,0.070]",0.056,0.0006,0.0,13,0.0081,0.018,0.919083522529,-5,0.8380835225290001,0.003,0.0,2,0.0075,0.01,0.918183522529,-9,0.8331835225290001,0.00865139103565582,0.00803677211017999,0.06204664245492507,0.06205522946567165,0.008132580356012054,0.0047040147163991955,0.06205545175291687,0.062099343378040586
26,56,0.1305,140.0,0.01239,13933.31824,278.6663648,Altemus:1973,0.785311855,0.008360535,0.0089,0.1394,0.11811,0.12701,1.0,0.0,0.0,13933.31824,278.6663648,2.443460952792061,0.8830222215594888,0.11697777844051105,7.548632170413027,0.0005740371444324377,0.011815962855567562,4.433234524286382,1.1410496029124644,0.054441339895140224,0.06253631895608693,0.06268983105608693,0.2503793742625117,0.8491652875738598,0.8410703085129131,0.061979662876009714,-0.0001284429213517529,-108478677.48073334,-2169573.5496146665,0.0001173378035892974,0.00010984636562699651,605.6829524908921,530.812114517126,8439173.3295984,168783.46659196803,21.673413680366952,0.4334682736073391,7395974.117214441,147919.48234428882,18.994278272431625,0.3798855654486325,"[0.223,0.270]",0.24,"[0.045,0.070]",0.056,0.0006,0.0,19,0.011699999999999999,0.018,0.919083522529,-5,0.8380835225290001,0.003,0.0,3,0.0105,0.01,0.918183522529,-8,0.8431835225290001,0.012250669917342805,0.01103677211017999,0.061970525467267994,0.06199588173535473,0.008132580356012054,0.010032954161528709,0.06205545175291687,0.062017804903465645
26,56,0.1305,140.0,0.02354,28280.42317,565.6084634,Altemus:1973,0.636765578,0.006487173,0.0089,0.1394,0.10696,0.11586,1.0,0.0,0.0,28280.42317,565.6084634,2.443460952792061,0.8830222215594888,0.11697777844051105,7.548632170413027,0.0005740371444324377,0.02296596285556756,4.433234524286382,1.1410496029124644,0.04930188565899753,0.057046357879318416,0.057600489479318416,0.2400010197464136,0.8752282297100025,0.8674837574896815,0.06156151493703687,-4.206699390654612e-05,-672271073.9166753,-13445421.478333507,0.00011733780358929742,0.00010984636562699651,610.3407569942733,534.8941495938592,17260694.885696184,345213.8977139237,44.32877084728511,0.8865754169457022,15127032.90167162,302540.65803343244,38.84911815764927,0.7769823631529855,"[0.223,0.270]",0.24,"[0.045,0.070]",0.056,0.0006,0.0,38,0.0231,0.018,0.919083522529,-3,0.874083522529,0.003,0.0,7,0.0225,0.01,0.918183522529,-6,0.863183522529,0.02364674870304384,0.02303677211017999,0.06155640892647792,0.06157508087394278,0.02696454720224184,0.020690833051787677,0.06138632167123399,0.06168011557917379
26,56,0.1305,140.0,0.02879,31592.59935,631.8519869,Altemus:1973,0.634230814,0.006364149,0.0089,0.1394,0.10171000000000001,0.11061000000000001,1.0,0.0,0.0,31592.59935,631.8519869,2.443460952792061,0.8830222215594888,0.11697777844051105,7.548632170413027,0.0005740371444324377,0.028215962855567562,4.433234524286382,1.1410496029124644,0.04688196326081375,0.05446139862792517,0.05529026272792517,0.23513881586825508,0.8875000186081863,0.8799205832410748,0.06124811133206676,-1.423186393798449e-06,-22198497320.986988,-443969946.3494749,0.0001173378035892974,0.00010984636562699651,613.8736576487951,537.9903345848571,19393864.517617445,387877.29029096157,49.80715908240691,0.9961431814904838,16996513.09471184,339930.2618404378,43.65030140256564,0.8730060279131466,"[0.223,0.270]",0.24,"[0.045,0.070]",0.056,0.0006,0.0,47,0.028499999999999998,0.018,0.919083522529,-3,0.874083522529,0.003,0.0,9,0.0285,0.01,0.918183522529,-4,0.883183522529,0.029044022796597346,0.029036772110179992,0.06126831245490218,0.06125736281019882,0.02696454720224184,0.031348711942046706,0.06138632167123399,0.06111645477423607
26,56,0.1305,140.0,0.03406,32459.82959,649.1965917,Altemus:1973,0.677791605,0.00675327,0.0089,0.1394,0.09644,0.10534,1.0,0.0,0.0,32459.82959,649.1965917,2.443460952792061,0.8830222215594888,0.11697777844051105,7.548632170413027,0.0005740371444324377,0.03348596285556756,4.433234524286382,1.1410496029124644,0.044452822110636885,0.051866591912717086,0.053026675512717086,0.23027521688778643,0.8998185571783632,0.892404787376283,0.06084597791659964,3.934450303033663e-05,825015620.7328837,16500312.412116023,0.00011733780358929742,0.00010984636562699651,618.4602920901226,542.0099972091816,20075115.689427007,401502.3137266941,51.55674258901395,1.0311348516214465,17593552.14548641,351871.0428555272,45.183612051060955,0.9036722408820205,"[0.223,0.270]",0.24,"[0.045,0.070]",0.056,0.0006,0.0,55,0.033299999999999996,0.018,0.919083522529,-2,0.892083522529,0.003,0.0,11,0.0345,0.01,0.918183522529,-3,0.893183522529,0.033841131254078505,0.03503677211017999,0.06096251678589687,0.060870899520949685,0.03624407144051611,0.03667765138717621,0.060791714611610016,0.06075357873624718
26,56,0.1305,140.0,0.04172,31243.93575,624.878715,Altemus:1973,0.786072542,0.009097125,0.0089,0.1394,0.08878,0.09768,1.0,0.0,0.0,31243.93575,624.878715,2.443460952792061,0.8830222215594888,0.11697777844051105,7.548632170413027,0.0005740371444324377,0.04114596285556756,4.433234524286382,1.1410496029124644,0.040922040097286845,0.04809501327163666,0.04983557167163666,0.22323882205305748,0.9177236815517132,0.9105507083773634,0.06008303127732045,9.851984411900158e-05,317133426.5638973,6342668.531277947,0.00011733780358929739,0.00010984636562699648,627.3316458321077,549.784728228185,19600309.63632013,392006.1927264026,50.33734969293069,1.0067469938586138,17177438.725092623,343548.7745018525,44.114953078680756,0.8822990615736153,"[0.223,0.270]",0.24,"[0.045,0.070]",0.056,0.0006,0.0,68,0.0411,0.018,0.919083522529,-1,0.910083522529,0.003,0.0,13,0.0405,0.01,0.918183522529,-1,0.913183522529,0.04163549234748132,0.04103677211017999,0.06036559960486171,0.06041834213555904,0.04543606396606914,0.04733553027743524,0.06002949255591215,0.05987546811025732
26,56,0.1305,140.0,0.04463,30116.44587,602.3289174,Altemus:1973,0.864311815,0.009946061,0.0089,0.1394,0.08587,0.09477000000000001,1.0,0.0,0.0,30116.44587,602.3289174,2.443460952792061,0.8830222215594888,0.11697777844051105,7.548632170413027,0.0005740371444324377,0.044055962855567565,4.433234524286382,1.1410496029124644,0.03958071168229355,0.04666220728657868,0.048654044186578684,0.2205766174973646,0.9245257588267064,0.9174442632224213,0.05973105256107996,0.00012096712652403319,248963885.7712025,4979277.715424051,0.00011733780358929736,0.00010984636562699646,631.5010408350679,553.4387280125222,19018566.91315798,380371.3382631597,48.84332294383956,0.9768664588767914,16667607.494550778,333352.1498910156,42.80560881767957,0.8561121763535915,"[0.186,0.223]",0.205,"[0.045,0.070]",0.056,0.0006,0.0,73,0.04409999999999999,0.014,0.9346585225290001,-2,0.913658522529,0.003,0.0,14,0.043500000000000004,0.01,0.918183522529,-1,0.913183522529,0.04448385136220878,0.04403677211017999,0.05937089577592649,0.060168214348876425,0.03931767228007044,0.04733553027743524,0.05997425165925549,0.05987546811025732
26,56,0.1305,140.0,0.04992,27129.46431,542.5892862,Altemus:1973,0.975728813,0.011826625,0.0089,0.1394,0.08058000000000001,0.08948000000000002,1.0,0.0,0.0,27129.46431,542.5892862,2.443460952792061,0.8830222215594888,0.11697777844051105,7.548632170413027,0.0005740371444324377,0.04934596285556756,4.433234524286382,1.1410496029124644,0.037142351780123616,0.04405755310755578,0.04654955950755578,0.21575346928278066,0.9368910470688764,0.9299758457414442,0.05899286072958289,0.00016171343832478715,167762584.18000406,3355251.683600081,0.00011733780358929739,0.00010984636562699648,640.4075318306199,561.2442528317928,17373913.27865399,347478.26557307976,44.61953736800517,0.8923907473601033,15226255.926392738,304525.11852785473,39.10394189184794,0.7820788378369586,"[0.186,0.223]",0.205,"[0.035,0.045]",0.04,0.0006,0.0,82,0.049499999999999995,0.014,0.9346585225290001,-1,0.927658522529,0.005,0.0,9,0.0475,0.008,0.934183522529,-1,0.930183522529,0.04987897154040155,0.047883408650128564,0.058660401134404606,0.05895306179885814,0.046452099979176875,0.04786842422194821,0.05912122847266939,0.058954943939768904
26,56,0.1305,140.0,0.0552,23318.17053,466.3634106,Altemus:1973,1.126846549,0.014708272,0.0089,0.1394,0.0753,0.08420000000000001,1.0,0.0,0.0,23318.17053,466.3634106,2.443460952792061,0.8830222215594888,0.11697777844051105,7.548632170413027,0.0005740371444324377,0.05462596285556756,4.433234524286382,1.1410496029124644,0.03470860125395021,0.041457822660440284,0.044504862660440285,0.21096175639304932,0.9492329604750498,0.9424837390685598,0.0581163112514102,0.00020228900815583758,115271564.88916272,2305431.2977832546,0.00011733780358929743,0.00010984636562699653,651.278230931856,570.771182312763,15186616.851345738,303732.3370269148,39.002141154044914,0.7800428230808983,13309339.762778727,266186.7952555746,34.180933987877616,0.6836186797575524,"[0.186,0.223]",0.205,"[0.035,0.045]",0.04,0.0006,0.0,91,0.0549,0.014,0.9346585225290001,0,0.9416585225290001,0.005,0.0,10,0.0525,0.008,0.934183522529,1,0.9461835225290001,0.05527353430929338,0.05288340865012856,0.057867483242554474,0.058299484596658666,0.053535208540844814,0.05639472733415543,0.058132023032246315,0.05781137225650769
26,56,0.1305,140.0,0.06051,20256.48662,405.1297324,Altemus:1973,1.097919912,0.017263112,0.0089,0.1394,0.06999,0.07889,1.0,0.0,0.0,20256.48662,405.1297324,2.443460952792061,0.8830222215594888,0.11697777844051105,7.548632170413027,0.0005740371444324377,0.059935962855567564,4.433234524286382,1.1410496029124644,0.032261022599787186,0.03884332101760254,0.04250478111760254,0.20616687686823637,0.9616449983892129,0.9550626999713975,0.057076430166560735,0.00024297821354590018,83367501.65534252,1667350.0331068505,0.0001173378035892974,0.00010984636562699651,664.6090215077561,582.4541017422724,13462643.751703154,269252.87503406306,34.57464799765583,0.6914929599531164,11798473.71870646,235969.4743741292,30.300740572018952,0.606014811440379,"[0.186,0.223]",0.205,"[0.035,0.045]",0.04,0.0006,0.0,99,0.059699999999999996,0.014,0.9346585225290001,1,0.9556585225290001,0.005,0.0,11,0.0575,0.008,0.934183522529,2,0.9541835225290001,0.060068233406070703,0.057883408650128566,0.057093159174141525,0.05759756592483395,0.06056808972799077,0.060657878890259045,0.05700865195817448,0.057188679980590185
26,56,0.1305,140.0,0.0658,16162.09724,323.2419449,Altemus:1973,1.238205642,0.02364359,0.0089,0.1394,0.06470000000000001,0.07360000000000001,1.0,0.0,0.0,16162.09724,323.2419449,2.443460952792061,0.8830222215594888,0.11697777844051105,7.548632170413027,0.0005740371444324377,0.06522596285556756,4.433234524286382,1.1410496029124644,0.02982266269761724,0.036238666838579625,0.04056830683857963,0.20141575618252816,0.9740102866313827,0.9675942824904202,0.055862736895371336,0.000283371668730472,57034979.22854286,1140699.5849237507,0.00011733780358929742,0.00010984636562699651,680.7977614629923,596.641688253775,11003119.621539205,220062.39249886392,28.258118896051904,0.5651623780958801,9642980.982995277,192859.61971956972,24.765022330251607,0.4953004467582612,"[0.186,0.223]",0.205,"[0.035,0.045]",0.04,0.0006,0.0,108,0.06509999999999999,0.014,0.9346585225290001,2,0.9696585225290001,0.005,0.0,13,0.0675,0.008,0.934183522529,4,0.9701835225290001,0.06546174376193648,0.06788340865012857,0.05614345627647988,0.056064721295194735,0.06755179713367576,0.06918418200246626,0.05575294023162478,0.0558539950697334
26,56,0.1305,140.0,0.07109,12250.11391,245.0022783,Altemus:1973,1.331089663,0.035084572,0.0089,0.1394,0.059410000000000004,0.06831000000000001,1.0,0.0,0.0,12250.11391,245.0022783,2.443460952792061,0.8830222215594888,0.11697777844051105,7.548632170413027,0.0005740371444324377,0.07051596285556756,4.433234524286382,1.1410496029124644,0.027384302795447305,0.03363401265955672,0.03868780075955672,0.1966921471730804,0.9863755748735527,0.9801258650094433,0.054449169728388,0.0003235929885618268,37856549.254803926,757130.9854051088,0.00011733780358929735,0.00010984636562699646,700.5651833556008,613.9655818357484,8582003.297486145,171640.06601977942,22.040228397766757,0.4408045681352537,7521148.314307344,150422.96634754344,19.3157495883705,0.38631499192508817,"[0.186,0.223]",0.205,"[0.025,0.035]",0.026,0.0006,0.0,117,0.0705,0.014,0.9346585225290001,3,0.9836585225290001,0.005,0.0,14,0.0725,0.01,0.9481835225290001,3,0.9831835225290001,0.07085469720727389,0.07274921562258356,0.05511008560098392,0.05216375611785858,0.07448734802365753,0.06865128805795331,0.05436653078965649,0.05309565323736678
26,56,0.1603,140.0,0.00516,0.0,0.0,Altemus:1973,#DIV/0!,#DIV/0!,0.0089,0.1692,0.15514,0.16404,1.0,0.0,0.0,0.0,0.0,2.443460952792061,0.8830222215594888,0.11697777844051105,7.548632170413027,0.0008652667229525624,0.004294733277047437,4.433234524286382,1.1141243667810938,0.0878393136506963,0.09803513326402183,0.09806175886402183,0.31314814204146546,0.8021998862383037,0.7920040666249782,0.06210653706312967,-0.00019377092576745712,-0.0,-0.0,7.776638895554274e-05,7.367584012750297e-05,890.256030477941,799.0634232783644,0.0,0.0,0.0,0.0,0.0,0.0,0.0,0.0,"[0.270,0.340]",0.3,"[0.070,0.100]",0.093,0.001,0.0,4,0.0045000000000000005,0.01,0.8866835225290001,-10,0.7916835225290001,0.005,0.0,0,0.0025,0.008,0.8811835225290001,-12,0.7891835225290001,0.005362393837330615,0.0033914251115489125,0.062103741243815194,0.06211515201419455,0.0007070437330923829,0.0009737571048085764,0.06212203324261582,0.062121762839412176
26,56,0.1603,140.0,0.01117,3452.964316,69.05928631,Altemus:1973,1.385765841,0.025584394,0.0089,0.1692,0.14912999999999998,0.15802999999999998,1.0,0.0,0.0,3452.964316,69.05928631,2.443460952792061,0.8830222215594888,0.11697777844051105,7.548632170413027,0.0008652667229525624,0.010304733277047437,4.433234524286382,1.1141243667810938,0.084436488621428,0.09444338033231753,0.09456814923231753,0.3075193477365571,0.8168807527275721,0.8068738610166826,0.06204548080151787,-0.00016114851074448564,-21427218.284846343,-428544.36563487235,7.776638895554273e-05,7.367584012750295e-05,891.2481207829763,799.9538896702824,3077447.957765675,61548.95914640103,7.9034758575849695,0.15806951712881046,2762212.235476886,55244.244701538184,7.09389013761501,0.14187780273175585,"[0.270,0.340]",0.3,"[0.070,0.100]",0.093,0.001,0.0,10,0.0105,0.01,0.8866835225290001,-8,0.8116835225290001,0.005,0.0,2,0.0125,0.008,0.8811835225290001,-10,0.8051835225290002,0.011361432182553699,0.013391425111548913,0.0620387857043841,0.0620102118361142,0.011297177779925893,0.009500060217015799,0.06203972838528726,0.062065867232915455
26,56,0.1603,140.0,0.0216,12180.27081,243.6054162,Altemus:1973,0.773135519,0.010709121,0.0089,0.1692,0.1387,0.14759999999999998,1.0,0.0,0.0,12180.27081,243.6054162,2.443460952792061,0.8830222215594888,0.11697777844051105,7.548632170413027,0.0008652667229525624,0.02073473327704744,4.433234524286382,1.1141243667810938,0.07853108678194906,0.08821010527779578,0.08867666527779579,0.2977862744953095,0.8423585293470509,0.8326795108512042,0.061815713040826406,-0.00010453051996462824,-116523583.86930099,-2330471.67738602,7.776638895554274e-05,7.367584012750297e-05,894.9992012954267,803.3207314918,10901332.646512,218026.65293024,27.996710446328457,0.5599342089265691,9784664.056857418,195693.28113714838,25.12889160409982,0.5025778320819965,"[0.270,0.340]",0.3,"[0.070,0.100]",0.093,0.001,0.0,20,0.0205,0.01,0.8866835225290001,-6,0.831683522529,0.005,0.0,4,0.0225,0.008,0.8811835225290001,-7,0.8291835225290001,0.021358296909063768,0.023391425111548913,0.061826949308093036,0.06178145082517379,0.02177050033162553,0.022289514885326572,0.06181543310249479,0.061812656391357225
26,56,0.1603,140.0,0.03212,18859.87129,377.1974259,Altemus:1973,0.682348241,0.008501649,0.0089,0.1692,0.12818,0.13707999999999998,1.0,0.0,0.0,18859.87129,377.1974259,2.443460952792061,0.8830222215594888,0.11697777844051105,7.548632170413027,0.0008652667229525624,0.03125473327704744,4.433234524286382,1.1141243667810938,0.07257472749610837,0.0819230435737144,0.0829547379737144,0.28801864171215447,0.8680561525528917,0.8587078364752857,0.061397187163732096,-4.744261777558674e-05,-397530156.94056004,-7950603.14091901,7.776638895554273e-05,7.367584012750295e-05,901.9042820139224,809.5184962336714,17009798.67468244,340195.9735838392,43.68442131685588,0.8736884265687439,15267414.645841392,305348.2929977797,39.20964536757064,0.7841929075593125,"[0.270,0.340]",0.3,"[0.070,0.100]",0.093,0.001,0.0,31,0.0315,0.01,0.8866835225290001,-3,0.861683522529,0.005,0.0,6,0.0325,0.008,0.8811835225290001,-3,0.8611835225290001,0.03235263668307198,0.03339142511154891,0.06144427077045977,0.061431600379844915,0.03726968103912298,0.039342121109741016,0.06122228012541414,0.06116758392599574
26,56,0.1603,140.0,0.04266,22668.72093,453.3744187,Altemus:1973,0.710406205,0.008352919,0.0089,0.1692,0.11764,0.12653999999999999,1.0,0.0,0.0,22668.72093,453.3744187,2.443460952792061,0.8830222215594888,0.11697777844051105,7.548632170413027,0.0008652667229525624,0.041794733277047434,4.433234524286382,1.1141243667810938,0.06660704433329839,0.075624029280842,0.07744390488084199,0.2782874500958352,0.8938026305557016,0.8847856456081581,0.060751212999424944,9.700441323817826e-06,2336875217.660532,46737504.363519445,7.776638895554276e-05,7.367584012750298e-05,912.7493933338591,819.2526979469595,20690861.276512053,413817.225621516,53.13809520609424,1.0627619043562964,18571410.78090921,371428.21570010943,47.694940341013975,0.9538988070306791,"[0.270,0.340]",0.3,"[0.070,0.100]",0.093,0.001,0.0,41,0.0415,0.01,0.8866835225290001,-1,0.8816835225290001,0.005,0.0,8,0.0425,0.008,0.8811835225290001,0,0.8851835225290001,0.04234548182973441,0.04339142511154891,0.0609600959896326,0.06096477938901793,0.04746708872978278,0.05213157577805185,0.06066148294307114,0.06046517469967738
26,56,0.1603,140.0,0.05323,23107.20906,462.1441811,Altemus:1973,0.786204857,0.009371967,0.0089,0.1692,0.10707,0.11597,1.0,0.0,0.0,23107.20906,462.1441811,2.443460952792061,0.8830222215594888,0.11697777844051105,7.548632170413027,0.0008652667229525624,0.05236473327704744,4.433234524286382,1.1141243667810938,0.06062237535503451,0.06930708610478305,0.07214051900478305,0.26858987137415113,0.9196223907539656,0.9109376800042169,0.05982838160455783,6.690768668728379e-05,345359557.38537985,6907191.146213,7.776638895554274e-05,7.367584012750297e-05,928.6503769605786,833.5248780561338,21458518.4040759,429170.3679886529,55.10958575861323,1.1021917149337692,19260433.613954093,385208.67219572933,49.46448296237767,0.9892896590334881,"[0.223,0.270]",0.24,"[0.045,0.070]",0.056,0.0006,0.0,87,0.0525,0.018,0.919083522529,-1,0.910083522529,0.003,0.0,17,0.0525,0.01,0.918183522529,-1,0.913183522529,0.05302515801628971,0.053036772110179986,0.05926966718860871,0.059327445905643456,0.04543606396606914,0.04733553027743524,0.06002949255591215,0.05987546811025732
26,56,0.1603,140.0,0.06382,20135.62229,402.7124459,Altemus:1973,0.944991902,0.011914705,0.0089,0.1692,0.09648,0.10538,1.0,0.0,0.0,20135.62229,402.7124459,2.443460952792061,0.8830222215594888,0.11697777844051105,7.548632170413027,0.0008652667229525624,0.06295473327704744,4.433234524286382,1.1141243667810938,0.05462638249980134,0.06297819033993307,0.06705118273993307,0.25894243132390077,0.9454910057491986,0.9371391979090669,0.05856978219887859,0.00012406662925165319,162296843.32889774,3245936.867383973,7.776638895554274e-05,7.367584012750297e-05,951.1475205396838,853.7175461728034,19151947.21565709,383038.9444082565,49.185869110386086,0.9837173824519946,17190134.052081205,343802.6811269958,44.14755711024698,0.8829511424241906,"[0.223,0.270]",0.24,"[0.045,0.070]",0.056,0.0006,0.0,104,0.06269999999999999,0.018,0.919083522529,1,0.9460835225290001,0.003,0.0,20,0.0615,0.01,0.918183522529,1,0.933183522529,0.06321380607314353,0.06203677211017999,0.05806286910001043,0.058360717443282535,0.06356706833875447,0.05799340916769427,0.058017171314682446,0.05880978703636946
26,56,0.1603,140.0,0.07449,15094.75827,301.8951655,Altemus:1973,1.166696391,0.016791259,0.0089,0.1692,0.08581,0.09471,1.0,0.0,0.0,15094.75827,301.8951655,2.443460952792061,0.8830222215594888,0.11697777844051105,7.548632170413027,0.0008652667229525624,0.07362473327704744,4.433234524286382,1.1141243667810938,0.04858509413669106,0.056601484219918966,0.06215024431991897,0.24929950725967945,0.9715550399323089,0.963538649849081,0.05689162287381603,0.0001814240921228417,83201509.20077023,1664030.1845665993,7.776638895554273e-05,7.367584012750295e-05,982.6980707977485,882.036243078446,14833589.83108736,296671.79672001704,38.095500141758556,0.7619100030875469,13314123.874648103,266282.4775811657,34.19322050358106,0.6838644102981449,"[0.223,0.270]",0.24,"[0.045,0.070]",0.056,0.0006,0.0,122,0.0735,0.018,0.919083522529,2,0.9640835225290001,0.003,0.0,24,0.0735,0.01,0.918183522529,4,0.9631835225290001,0.07399962035055552,0.07403677211017999,0.05655045959236934,0.05689891139451589,0.07251061805531867,0.07398022750308281,0.05677370224664687,0.05690621734450794
26,56,0.1603,140.0,0.08506,11185.10675,223.702135,Altemus:1973,1.195339508,0.022891154,0.0089,0.1692,0.07524,0.08414,1.0,0.0,0.0,11185.10675,223.702135,2.443460952792061,0.8830222215594888,0.11697777844051105,7.548632170413027,0.0008652667229525624,0.08419473327704743,4.433234524286382,1.1141243667810938,0.042600425158427165,0.050284541043860015,0.05751974464386001,0.239832743060367,0.9973748001305728,0.98969068424514,0.0547359217786563,0.00023791887008533464,47012272.48594542,940245.4497189083,7.776638895554273e-05,7.367584012750295e-05,1026.074969163336,920.9698663425265,11476758.063594872,229535.1612718974,29.474513143293358,0.589490262865867,10301146.268574392,206022.92537148783,26.455316858790678,0.5291063371758135,"[0.223,0.270]",0.24,"[0.045,0.070]",0.056,0.0006,0.0,140,0.08429999999999999,0.018,0.919083522529,3,0.9820835225290001,0.003,0.0,28,0.0855,0.01,0.918183522529,7,0.993183522529,0.08478320807783035,0.08603677211018,0.054794595326535724,0.05527033879601437,0.08137572506613766,0.08996704583847129,0.05537592415212616,0.05470645987752524
26,56,0.1603,140.0,0.09565,6899.224609,137.9844922,Altemus:1973,1.509010156,0.041681496,0.0089,0.1692,0.06465,0.07355,1.0,0.0,0.0,6899.224609,137.9844922,2.443460952792061,0.8830222215594888,0.11697777844051105,7.548632170413027,0.0008652667229525624,0.09478473327704744,4.433234524286382,1.1141243667810938,0.03660443230319399,0.04395564527901003,0.05310456777901003,0.23044428345916942,1.023243415125806,1.01589220214999,0.05197611351750701,0.00029407647963328236,23460647.43975252,469212.9488630599,7.776638895554276e-05,7.367584012750298e-05,1086.875949438999,975.5427507426119,7498601.297299782,149972.02596773315,19.257844529690257,0.3851568906496312,6730488.553054981,134609.7710806105,17.2851838662587,0.3457036773752816,"[0.223,0.270]",0.24,"[0.035,0.045]",0.04,0.0006,0.0,157,0.09449999999999999,0.018,0.919083522529,5,1.0180835225290001,0.005,0.0,18,0.0925,0.008,0.934183522529,10,1.0181835225290001,0.09496566439988641,0.09288340865012856,0.052910446385259526,0.05167026595479878,0.09887863911985406,0.09476309133908793,0.05212741286782398,0.05131727178329509
26,56,0.19,140.0,0.00653,0.0,0.0,Altemus:1973,#DIV/0!,#DIV/0!,0.0089,0.1989,0.18347,0.19236999999999999,1.0,0.0,0.0,0.0,0.0,2.443460952792061,0.8830222215594888,0.11697777844051105,7.548632170413027,0.0012143840150815044,0.005315615984918496,4.433234524286382,1.0958783933518004,0.12312614611203475,0.13514617307616894,0.13518881397616894,0.3676803149152385,0.7694839217969652,0.757463894832831,0.0621039792935157,-0.0001934374443292027,-0.0,-0.0,5.535435261985131e-05,5.2877461024493465e-05,1230.2801813399246,1122.6429764501968,0.0,0.0,0.0,0.0,0.0,0.0,0.0,0.0,"[0.340,0.428]",0.38,"[0.100,0.145]",0.12,0.0036,0.0,1,0.0054,0.008,0.8322835225290001,-10,0.7562835225290001,0.005,0.0,1,0.0075,0.008,0.8541835225290001,-13,0.7541835225290001,0.006783664133536149,0.008650225950385693,0.0621037889094885,0.06208604790536667,0.010770477681080748,-0.0032893944512950492,0.06207554903809545,0.06211710386146352
26,56,0.19,140.0,0.01551,2200.944624,44.01889249,Altemus:1973,1.836075272,0.027168335,0.0089,0.1989,0.17449,0.18339,1.0,0.0,0.0,2200.944624,44.01889249,2.443460952792061,0.8830222215594888,0.11697777844051105,7.548632170413027,0.0012143840150815044,0.014295615984918495,4.433234524286382,1.0958783933518004,0.11709969605433558,0.12883743141050383,0.12907799151050384,0.3592742566765727,0.7923617549346644,0.7806240195784961,0.06201376037939659,-0.00015696738151834273,-14021668.723210525,-280433.374527918,5.5354352619851286e-05,5.287746102449344e-05,1232.3070627628545,1124.492526030904,2712239.6049051355,54244.79211042577,6.965550849775162,0.1393110170271512,2474945.7798958984,49498.91560916288,6.3561348522171945,0.127122697073223,"[0.340,0.428]",0.38,"[0.100,0.145]",0.12,0.0036,0.0,3,0.0126,0.008,0.8322835225290001,-7,0.780283522529,0.005,0.0,2,0.0125,0.008,0.8541835225290001,-10,0.7781835225290001,0.013982231290427194,0.013650225950385694,0.06204346787729918,0.06203202093343177,0.023331660205533677,0.009500060217015783,0.06190266199714032,0.06207856844203275
26,56,0.19,140.0,0.0292,8090.367015,161.8073403,Altemus:1973,0.985221064,0.013544503,0.0089,0.1989,0.1608,0.1697,1.0,0.0,0.0,8090.367015,161.8073403,2.443460952792061,0.8830222215594888,0.11697777844051105,7.548632170413027,0.0012143840150815044,0.027985615984918496,4.433234524286382,1.0958783933518004,0.10791237965234202,0.11921976176652216,0.12007240176652216,0.3465146487040947,0.827238986076658,0.8159316039624779,0.06170844466014582,-0.00010136418129070706,-79814850.88699389,-1596297.0177398778,5.53543526198513e-05,5.287746102449345e-05,1239.2105008297892,1130.7919823472387,10025667.760554956,200513.35521109911,25.74783528077696,0.5149567056155392,9148522.154808562,182970.44309617122,23.495157343166415,0.46990314686332824,"[0.340,0.428]",0.38,"[0.100,0.145]",0.12,0.0036,0.0,7,0.027,0.008,0.8322835225290001,-3,0.812283522529,0.005,0.0,5,0.0275,0.008,0.8541835225290001,-5,0.8181835225290001,0.028376387025453198,0.028650225950385695,0.06179735071594095,0.06172636004070672,0.03982900006389922,0.03081581799753378,0.06148185232962351,0.0616646906108791
26,56,0.19,140.0,0.04057,12785.92413,255.7184826,Altemus:1973,0.865639424,0.012181364,0.0089,0.1989,0.14943,0.15833,1.0,0.0,0.0,12785.92413,255.7184826,2.443460952792061,0.8830222215594888,0.11697777844051105,7.548632170413027,0.0012143840150815044,0.0393556159849185,4.433234524286382,1.0958783933518004,0.10028200803140216,0.11123196747491725,0.11287789237491724,0.3359730530487784,0.8562056857175978,0.8452557262740827,0.061272024310073996,-5.520062113158218e-05,-231626453.97634357,-4632529.079526871,5.535435261985129e-05,5.287746102449344e-05,1249.1982368178872,1139.9058913801102,15972153.879283277,319443.07758566557,41.01955071571657,0.8203910143143315,14574750.24252611,291495.0048505222,37.43075049618979,0.7486150099237957,"[0.270,0.340]",0.3,"[0.100,0.145]",0.12,0.001,0.0,39,0.0395,0.01,0.8866835225290001,-5,0.841683522529,0.005,0.0,7,0.0375,0.008,0.8541835225290001,-2,0.8421835225290001,0.04034706582611847,0.03865022595038569,0.06106732937108078,0.06140542848049175,0.02696454720224184,0.043605272665844616,0.06165142739127539,0.06121268579434317
26,56,0.19,140.0,0.0511,16509.7706,330.1954119,Altemus:1973,0.798739142,0.010787551,0.0089,0.1989,0.1389,0.1478,1.0,0.0,0.0,16509.7706,330.1954119,2.443460952792061,0.8830222215594888,0.11697777844051105,7.548632170413027,0.0012143840150815044,0.049885615984918495,4.433234524286382,1.0958783933518004,0.09321535779670587,0.10383430046606938,0.10644551046606938,0.3262598817906814,0.8830323653322941,0.8724134226629306,0.06069092430166288,-1.2483477130037657e-05,-1322529807.041846,-26450596.132826332,5.535435261985132e-05,5.287746102449347e-05,1262.7208607111083,1152.2454209987768,20847231.742174953,416944.63471722696,53.53968451553729,1.070793689986455,19023307.575590227,380466.15139658004,48.85549787306547,0.9771099571653907,"[0.270,0.340]",0.3,"[0.100,0.145]",0.12,0.001,0.0,49,0.0495,0.01,0.8866835225290001,-2,0.871683522529,0.005,0.0,9,0.0475,0.008,0.8541835225290001,2,0.8741835225290001,0.05033838097914867,0.04865022595038569,0.060479081463047736,0.06099406300953765,0.04238163978354781,0.06065787889025906,0.060958107814925,0.06038585756004405
26,56,0.19,140.0,0.06167,17914.2279,358.2845581,Altemus:1973,0.85256256,0.011334008,0.0089,0.1989,0.12833,0.13723,1.0,0.0,0.0,17914.2279,358.2845581,2.443460952792061,0.8830222215594888,0.11697777844051105,7.548632170413027,0.0012143840150815044,0.0604556159849185,4.433234524286382,1.0958783933518004,0.08612186368647419,0.09640853215804263,0.10021172105804263,0.31656234940062383,0.9099609506625258,0.8996742821909574,0.05990595451904264,3.033630414574845e-05,590521106.7878429,11810422.139053237,5.535435261985132e-05,5.287746102449347e-05,1281.4057875660362,1169.295603727336,22955395.31083696,459107.9063448798,58.953852390160705,1.1790770481323036,20947027.927639585,418940.5586697213,53.79598023631739,1.0759196050266453,"[0.270,0.340]",0.3,"[0.070,0.100]",0.093,0.001,0.0,60,0.0605,0.01,0.8866835225290001,1,0.9016835225290001,0.005,0.0,12,0.0625,0.008,0.8811835225290001,2,0.9011835225290001,0.06132661990242383,0.06339142511154891,0.059681296350398566,0.0597028903201321,0.05756007965190635,0.06065787889025907,0.05997260320274803,0.05989974984366682
26,56,0.19,140.0,0.07227,16461.52467,329.2304934,Altemus:1973,0.988304566,0.013555245,0.0089,0.1989,0.11773,0.12663,1.0,0.0,0.0,16461.52467,329.2304934,2.443460952792061,0.8830222215594888,0.11697777844051105,7.548632170413027,0.0012143840150815044,0.0710556159849185,4.433234524286382,1.0958783933518004,0.07900823666959096,0.08896168787563172,0.09418464077563171,0.3068951625158528,0.9369659652794091,0.9270125140733684,0.05888023869623603,7.318731121184743e-05,224923205.91407704,4498464.118281541,5.535435261985129e-05,5.287746102449344e-05,1306.574846958459,1192.262622280774,21508214.076408144,430164.28152816294,55.237213764641155,1.1047442752928232,19626460.56979385,392529.21139587706,50.404510299446,1.00809020598892,"[0.270,0.340]",0.3,"[0.070,0.100]",0.093,0.001,0.0,71,0.07150000000000001,0.01,0.8866835225290001,4,0.9316835225290001,0.005,0.0,14,0.0725,0.008,0.8811835225290001,5,0.9251835225290002,0.0723125473652857,0.0733914251115489,0.05872493647378059,0.05892176970676329,0.07251061805531867,0.0734473335585699,0.058706231408913935,0.05891714322444127
26,56,0.19,140.0,0.08285,13861.07605,277.221521,Altemus:1973,1.147962823,0.01706361,0.0089,0.1989,0.10715000000000001,0.11605000000000001,1.0,0.0,0.0,13861.07605,277.221521,2.443460952792061,0.8830222215594888,0.11697777844051105,7.548632170413027,0.0012143840150815044,0.08163561598491849,4.433234524286382,1.0958783933518004,0.07190803159047542,0.08152889424281023,0.08839301674281023,0.2973096310966233,0.9639200270385246,0.9542991643861898,0.057576023057444234,0.0001158299495284541,119667461.70941712,2393349.2341883425,5.535435261985131e-05,5.2877461024493465e-05,1339.877393904534,1222.6515296158457,18572142.454586554,371442.84909173107,47.6968194191735,0.95393638838347,16947265.834654063,338945.3166930813,43.52382500515438,0.8704765001030876,"[0.270,0.340]",0.3,"[0.070,0.100]",0.093,0.001,0.0,81,0.0815,0.01,0.8866835225290001,6,0.9516835225290001,0.005,0.0,16,0.0825,0.008,0.8811835225290001,9,0.9571835225290001,0.08229774956392077,0.08339142511154891,0.0577171875752702,0.05805120533397044,0.08235598377863063,0.09049993978298429,0.0577109218050563,0.0573827615674565
26,56,0.19,140.0,0.09351,11552.57362,231.0514724,Altemus:1973,1.225527788,0.020913089,0.0089,0.1989,0.09649,0.10539000000000001,1.0,0.0,0.0,11552.57362,231.0514724,2.443460952792061,0.8830222215594888,0.11697777844051105,7.548632170413027,0.0012143840150815044,0.09229561598491849,4.433234524286382,1.0958783933518004,0.06475413876028907,0.07403989801163095,0.08278401811163096,0.28772211960784483,0.9910779002287111,0.9817921409773692,0.05592762051293891,0.00015861963376566162,72831927.2068634,1456638.544137268,5.53543526198513e-05,5.287746102449345e-05,1384.1982985637674,1263.0947986209726,15991052.74883666,319821.0549767332,41.06808663291182,0.8213617326582364,14591995.650107859,291839.9130021572,37.47504000631216,0.7495008001262433,"[0.270,0.340]",0.3,"[0.070,0.100]",0.093,0.001,0.0,92,0.0925,0.01,0.8866835225290001,9,0.981683522529,0.005,0.0,18,0.0925,0.008,0.8811835225290001,12,0.9811835225290001,0.09327926828633082,0.09339142511154891,0.05645555487297315,0.057099938566590416,0.09694848476980511,0.10328939445129512,0.055998001542213606,0.056087828621483544
26,56,0.19,140.0,0.10411,8304.571988,166.0914398,Altemus:1973,1.302174274,0.028160392,0.0089,0.1989,0.08589000000000001,0.09479000000000001,1.0,0.0,0.0,8304.571988,166.0914398,2.443460952792061,0.8830222215594888,0.11697777844051105,7.548632170413027,0.0012143840150815044,0.10289561598491849,4.433234524286382,1.0958783933518004,0.05764051174340583,0.06659305372922002,0.07743194582922001,0.278265962397883,1.0180829148455943,1.00913037285978,0.05389515964494624,0.0002009369923316441,41329234.063050985,826584.6814600871,5.53543526198513e-05,5.287746102449345e-05,1442.5897294793608,1316.3775636337953,11980090.257610798,239601.80520991952,30.767166633569875,0.6153433328195913,10931952.240584902,218639.04486435317,28.07534742925893,0.561506948720407,"[0.270,0.340]",0.3,"[0.045,0.070]",0.056,0.001,0.0,102,0.10250000000000001,0.01,0.8866835225290001,12,1.0116835225290002,0.003,0.0,34,0.10350000000000001,0.01,0.918183522529,9,1.013183522529,0.10326046495102759,0.10403677211018,0.05516846477651086,0.052589353871198175,0.11133812919452224,0.10062492472873032,0.054028203253421926,0.05311519311980522
26,56,0.19,140.0,0.11472,5593.351288,111.8670258,Altemus:1973,1.49522166,0.042427158,0.0089,0.1989,0.07528,0.08418,1.0,0.0,0.0,5593.351288,111.8670258,2.443460952792061,0.8830222215594888,0.11697777844051105,7.548632170413027,0.0012143840150815044,0.1135056159849185,4.433234524286382,1.0958783933518004,0.050520173757638724,0.059139184122014354,0.07229986252201435,0.26888633755178853,1.0451134058913614,1.0364943955269856,0.051395464424403646,0.00024299333699896134,23018537.697697893,460370.7541185714,5.535435261985129e-05,5.287746102449344e-05,1520.7564554246683,1387.7054832455967,8506125.078683883,170122.5016345079,21.845358596993382,0.43690717209609137,7761924.252076421,155238.48509703664,19.934108318513545,0.3986821665128266,"[0.223,0.270]",0.24,"[0.045,0.070]",0.056,0.0006,0.0,189,0.1137,0.018,0.919083522529,6,1.0360835225290002,0.003,0.0,37,0.1125,0.01,0.918183522529,11,1.033183522529,0.11412726071123558,0.11303677211018,0.04875964844010571,0.05117196325505182,0.10752025037456614,0.11128280361898935,0.05028101017637962,0.05145123505103341
26,56,0.19,140.0,0.12532,3778.481844,75.56963688,Altemus:1973,2.016418317,0.074334087,0.0089,0.1989,0.06468000000000002,0.07358000000000002,1.0,0.0,0.0,3778.481844,75.56963688,2.443460952792061,0.8830222215594888,0.11697777844051105,7.548632170413027,0.0012143840150815044,0.12410561598491848,4.433234524286382,1.0958783933518004,0.043406546740755496,0.05169233983960344,0.06739744223960344,0.2596101736057419,1.0721184205082446,1.0638326274093965,0.0483463226951506,0.000284624158998481,13275337.755219031,265506.75510438066,5.53543526198513e-05,5.287746102449345e-05,1627.078414486364,1484.7253348155364,6147886.247901033,122957.72495802067,15.788949545954985,0.3157789909190997,5610007.720927325,112200.15441854652,14.407574455103244,0.28815148910206495,"[0.223,0.270]",0.24,"[0.045,0.070]",0.056,0.0006,0.0,206,0.12389999999999998,0.018,0.919083522529,8,1.072083522529,0.003,0.0,41,0.1245,0.01,0.918183522529,14,1.063183522529,0.12430400263035324,0.12503677211018,0.04622810137779261,0.04923161889740379,0.12459271236868863,0.12726962195437788,0.04615292469989972,0.04886623366410496
26,56,0.2203,140.0,0.00642,0.0,0.0,Altemus:1973,#DIV/0!,#DIV/0!,0.0089,0.2292,0.21388,0.22277999999999998,1.0,0.0,0.0,0.0,0.0,2.443460952792061,0.8830222215594888,0.11697777844051105,7.548632170413027,0.001630930273467751,0.004789069726532249,4.433234524286382,1.082431026564073,0.16642413056878283,0.1803526122678402,0.18039382866784018,0.4247279466527252,0.7259795172802173,0.7120510355811599,0.062109044705512345,-0.00019827816692983245,-0.0,-0.0,4.117465638872407e-05,3.95758150193539e-05,1633.516690039281,1509.118502658319,0.0,0.0,0.0,0.0,0.0,0.0,0.0,0.0,"[0.340,0.428]",0.38,"[0.145,0.206]",0.16,0.0036,0.0,1,0.0054,0.008,0.8322835225290001,-16,0.7082835225290001,0.005,0.0,0,0.0025,0.03,0.8141835225290001,-4,0.7091835225290001,0.006783664133536149,0.0040336346005142585,0.0621037889094885,0.06211643272244146,-0.014864356695747594,-0.005953864173859821,0.0620331988452713,0.06210945116415903
26,56,0.2203,140.0,0.01453,250.1017822,5.002035645,Altemus:1973,8.089506528,0.240474096,0.0089,0.2292,0.20577,0.21467,1.0,0.0,0.0,250.1017822,5.002035645,2.443460952792061,0.8830222215594888,0.11697777844051105,7.548632170413027,0.001630930273467751,0.012899069726532248,4.433234524286382,1.082431026564073,0.16011358400569686,0.17378712306103447,0.17399824396103447,0.41713096739637356,0.7475088519033032,0.7338353128479655,0.06205165787961076,-0.00017260383011792596,-1448993.2351392554,-28979.864708578723,4.117465638872408e-05,3.9575815019353906e-05,1635.2274958023245,1510.6990243923217,408973.3110026044,8179.466221687316,1.0503218037365067,0.021006436078929713,377828.51836832095,7556.570368877118,0.9703360102957418,0.0194067202097946,"[0.340,0.428]",0.38,"[0.145,0.206]",0.16,0.0036,0.0,3,0.0126,0.008,0.8322835225290001,-13,0.7322835225290001,0.005,0.0,2,0.0125,0.03,0.8141835225290001,-3,0.7391835225290001,0.013982231290427194,0.01403363460051426,0.06204346787729918,0.062050723829414844,-0.0019592050952148554,0.010032954161528721,0.062120808097476464,0.062085723606274644
26,56,0.2203,140.0,0.02472,2175.838079,43.51676157,Altemus:1973,1.793929446,0.040056749,0.0089,0.2292,0.19558,0.20448,1.0,0.0,0.0,2175.838079,43.51676157,2.443460952792061,0.8830222215594888,0.11697777844051105,7.548632170413027,0.001630930273467751,0.023089069726532248,4.433234524286382,1.082431026564073,0.15218454954480337,0.16553775992695918,0.16614883832695918,0.4076135894777788,0.7745598901041966,0.7612066797220408,0.06190802193111263,-0.00014033845802607112,-15504218.227877265,-310084.364486289,4.1174656388724084e-05,3.957581501935391e-05,1639.5235030632791,1514.6678752063929,3567337.669380556,71346.75337121588,9.161606478074338,0.18323212951938067,3295672.0399120897,65913.44078309511,8.463917102557325,0.1692783420122469,"[0.340,0.428]",0.38,"[0.145,0.206]",0.16,0.0036,0.0,6,0.0234,0.008,0.8322835225290001,-9,0.7642835225290001,0.005,0.0,4,0.0225,0.03,0.8141835225290001,-2,0.769183522529,0.02477822028566834,0.024033634600514258,0.061874567962425575,0.06191273090688181,0.014975929991007164,0.026019772496917202,0.062031855234877226,0.061876794960163094
26,56,0.2203,140.0,0.03491,4427.76376,88.55527521,Altemus:1973,1.23403151,0.02420635,0.0089,0.2292,0.18539,0.19429,1.0,0.0,0.0,4427.76376,88.55527521,2.443460952792061,0.8830222215594888,0.11697777844051105,7.548632170413027,0.001630930273467751,0.033279069726532245,4.433234524286382,1.082431026564073,0.14425551508390988,0.15728839679288387,0.15850710489288386,0.3981295076892491,0.8016109283050902,0.7885780465961162,0.061674176782325,-0.0001080725741162581,-40970281.278179534,-819405.6256561212,4.117465638872409e-05,3.957581501935392e-05,1646.5605498903824,1521.1690255378285,7290581.131450307,145811.62264547177,18.723608896384597,0.37447217796997884,6735377.084110911,134707.54169742993,17.297738550435277,0.3459547710477721,"[0.340,0.428]",0.38,"[0.145,0.206]",0.16,0.0036,0.0,9,0.0342,0.008,0.8322835225290001,-6,0.788283522529,0.005,0.0,6,0.0325,0.03,0.8141835225290001,-1,0.799183522529,0.03557197642494714,0.034033634600514256,0.0616115233476387,0.06170341662977539,0.027482415480027167,0.04200659083230574,0.06181751272665238,0.061486381915964776
26,56,0.2203,140.0,0.04512,7479.050783,149.5810157,Altemus:1973,0.995099541,0.02444829,0.0089,0.2292,0.17518,0.18408,1.0,0.0,0.0,7479.050783,149.5810157,2.443460952792061,0.8830222215594888,0.11697777844051105,7.548632170413027,0.001630930273467751,0.04348906972653225,4.433234524286382,1.082431026564073,0.13631091823938365,0.1490228425633541,0.1510586569633541,0.3886626518760892,0.8287150598096164,0.816003135485646,0.061336487388302635,-7.575114311530113e-05,-98731853.74399044,-1974637.0754078536,4.117465638872408e-05,3.9575815019353906e-05,1656.817609757914,1530.6449733033783,12391423.041548114,247828.460897235,31.823548015772708,0.6364709604856552,11447771.486079644,228955.42978281868,29.400070059696276,0.5880014013511651,"[0.340,0.428]",0.38,"[0.145,0.206]",0.16,0.0036,0.0,12,0.045,0.008,0.8322835225290001,-3,0.812283522529,0.005,0.0,8,0.0425,0.03,0.8141835225290001,0,0.8291835225290001,0.04636350109308296,0.04403363460051426,0.06125423405471097,0.06142422898773884,0.03982900006389922,0.057993409167694285,0.06148185232962351,0.0609213296402969
26,56,0.2203,140.0,0.05535,10415.06058,208.3012116,Altemus:1973,0.889154694,0.02029945,0.0089,0.2292,0.16494999999999999,0.17384999999999998,1.0,0.0,0.0,10415.06058,208.3012116,2.443460952792061,0.8830222215594888,0.11697777844051105,7.548632170413027,0.001630930273467751,0.05371906972653225,4.433234524286382,1.082431026564073,0.12835075901122464,0.14074109723836978,0.14380471973836978,0.3792159275905612,0.8558722846177754,0.8434819463906302,0.0608794706608567,-4.3384231772349756e-05,-240065575.77534127,-4801311.515506825,4.117465638872408e-05,3.9575815019353906e-05,1670.8810414711113,1543.6374239705015,17402327.268895116,348046.54537790234,44.69250993780012,0.8938501987560025,16077077.284207916,321541.54568415834,41.28901411821698,0.8257802823643398,"[0.340,0.428]",0.38,"[0.100,0.145]",0.12,0.0036,0.0,14,0.052199999999999996,0.008,0.8322835225290001,1,0.8442835225290001,0.005,0.0,10,0.0525,0.008,0.8541835225290001,-2,0.8421835225290001,0.05355661184889016,0.05365022595038569,0.06096360794675503,0.06075559046825007,0.056052662209821524,0.043605272665844616,0.060852932515541934,0.06121268579434317
26,56,0.2203,140.0,0.06558,12457.72558,249.1545117,Altemus:1973,0.86950061,0.019043605,0.0089,0.2292,0.15472,0.16362,1.0,0.0,0.0,12457.72558,249.1545117,2.443460952792061,0.8830222215594888,0.11697777844051105,7.548632170413027,0.001630930273467751,0.06394906972653225,4.433234524286382,1.082431026564073,0.12039059978306563,0.13245935191338545,0.13676008831338546,0.3698108818212161,0.8830295094259344,0.8709607572956146,0.060286550726171256,-1.1047209488280118e-05,-1127680758.947885,-22553615.18800976,4.117465638872409e-05,3.957581501935392e-05,1689.4454703255678,1560.7881046132998,21046648.051689956,420932.9612027437,54.051823797660134,1.0810364763870848,19443869.89580082,388877.39807209524,49.9355824723864,0.9987116498485682,"[0.340,0.428]",0.38,"[0.100,0.145]",0.12,0.0036,0.0,17,0.063,0.008,0.8322835225290001,4,0.8682835225290001,0.005,0.0,12,0.0625,0.008,0.8541835225290001,2,0.8741835225290001,0.06434442047201827,0.06365022595038569,0.060448867574230625,0.06021569134601909,0.06804877882077054,0.06065787889025906,0.060250237107939,0.06038585756004405
26,56,0.2203,140.0,0.07583,13294.88746,265.8977492,Altemus:1973,0.869055871,0.019228444,0.0089,0.2292,0.14447,0.15336999999999998,1.0,0.0,0.0,13294.88746,265.8977492,2.443460952792061,0.8830222215594888,0.11697777844051105,7.548632170413027,0.001630930273467751,0.07419906972653224,4.433234524286382,1.082431026564073,0.11241487817127387,0.12416141549294661,0.1299116043929466,0.36043252404985127,0.9102398275377263,0.8984932902160535,0.0595363832585816,2.1308595105784218e-05,623921351.6423287,12478427.032846576,4.117465638872408e-05,3.9575815019353906e-05,1713.4651647904202,1582.9786127153238,22780326.53251899,455606.53065037983,58.50424223205504,1.170084844641101,21045522.507637154,420910.45015274314,54.0489331849284,1.080978663698568,"[0.340,0.428]",0.38,"[0.100,0.145]",0.12,0.0036,0.0,20,0.0738,0.008,0.8322835225290001,8,0.900283522529,0.005,0.0,14,0.0725,0.008,0.8541835225290001,5,0.8981835225290001,0.07513000130994385,0.07365022595038569,0.05983933748186836,0.05959580178367542,0.08382460910052025,0.07344733355856989,0.05927865014354278,0.059609140583955375
26,56,0.2203,140.0,0.08609,12962.34112,259.2468224,Altemus:1973,0.954225775,0.021276249,0.0089,0.2292,0.13421,0.14311,1.0,0.0,0.0,12962.34112,259.2468224,2.443460952792061,0.8830222215594888,0.11697777844051105,7.548632170413027,0.001630930273467751,0.08445906972653225,4.433234524286382,1.082431026564073,0.10443137536766571,0.11585538352478056,0.12326687162478056,0.3510938216841484,0.9374766923013343,0.9260526841442195,0.05860611827062313,5.363409338507811e-05,241680996.20765355,4833619.924153071,4.117465638872408e-05,3.9575815019353906e-05,1744.1085691453447,1611.2884113102466,22607730.223577064,452154.6044715413,58.06098184892213,1.1612196369784429,20886070.03010628,417721.4006021256,53.6394286786321,1.0727885735726421,"[0.340,0.428]",0.38,"[0.100,0.145]",0.12,0.0036,0.0,23,0.0846,0.008,0.8322835225290001,11,0.924283522529,0.005,0.0,16,0.0825,0.008,0.8541835225290001,8,0.922183522529,0.08591335574227088,0.0836502259503857,0.05913470807109083,0.05890111953720506,0.09549850402252813,0.08623678822688066,0.05842809771719408,0.058709942669417335
26,56,0.2203,140.0,0.09637,11703.55521,234.0711041,Altemus:1973,1.082577027,0.024983861,0.0089,0.2292,0.12393,0.13283,1.0,0.0,0.0,11703.55521,234.0711041,2.443460952792061,0.8830222215594888,0.11697777844051105,7.548632170413027,0.001630930273467751,0.09473906972653225,4.433234524286382,1.082431026564073,0.0964323101804248,0.10753316046115996,0.11682033736115996,0.34178990236863344,0.9647666503685752,0.95366580008784,0.05746746565243223,8.593975458347693e-05,136183251.4733544,2723665.0283034826,4.1174656388724084e-05,3.957581501935391e-05,1782.9714354503506,1647.191730183475,20867104.63264613,417342.09247462545,53.59072190502849,1.0718144376426686,19277999.355657727,385559.9869484353,49.509595151886806,0.9901919026147057,"[0.340,0.428]",0.38,"[0.100,0.145]",0.12,0.0036,0.0,26,0.0954,0.008,0.8322835225290001,15,0.9562835225290001,0.005,0.0,18,0.0925,0.008,0.8541835225290001,12,0.9541835225290001,0.09669448514718937,0.09365022595038569,0.058334611731303956,0.05813727482643978,0.11086165414550109,0.1032893944512951,0.057137048689275216,0.057341096509553935
26,56,0.2203,140.0,0.10662,9858.553067,197.1710613,Altemus:1973,1.116695313,0.029356235,0.0089,0.2292,0.11367999999999999,0.12258,1.0,0.0,0.0,9858.553067,197.1710613,2.443460952792061,0.8830222215594888,0.11697777844051105,7.548632170413027,0.001630930273467751,0.10498906972653226,4.433234524286382,1.082431026564073,0.08845658856863302,0.09923522404072113,0.11060304844072114,0.33257036614936264,0.991976968480367,0.9811983330082789,0.05609556477212114,0.00011804392508847507,83515971.36075337,1670319.4268762104,4.1174656388724084e-05,3.957581501935391e-05,1831.8978748862248,1692.3922447984153,18059862.412890375,361197.2481845316,46.38118614204477,0.9276237226527088,16684538.755524432,333690.77504279296,42.849091539135856,0.8569818306088617,"[0.270,0.340]",0.3,"[0.070,0.100]",0.093,0.001,0.0,104,0.1045,0.01,0.8866835225290001,9,0.981683522529,0.005,0.0,20,0.10250000000000001,0.008,0.8811835225290001,12,0.9811835225290001,0.10525647556459461,0.10339142511154892,0.05489493923251491,0.05607706148897578,0.09694848476980511,0.10328939445129512,0.055998001542213606,0.056087828621483544
26,56,0.2203,140.0,0.1169,7773.7788,155.475576,Altemus:1973,1.249919795,0.026352692,0.0089,0.2292,0.10339999999999999,0.1123,1.0,0.0,0.0,7773.7788,155.475576,2.443460952792061,0.8830222215594888,0.11697777844051105,7.548632170413027,0.001630930273467751,0.11526906972653225,4.433234524286382,1.082431026564073,0.0804575233813921,0.09091300097710052,0.10457861097710053,0.32338616386156743,1.019266926547608,1.0088114489518996,0.05444661910310671,0.00015010510737326012,51788902.69649032,1035778.0539298063,4.1174656388724084e-05,3.957581501935391e-05,1893.9779418304006,1749.7446907470821,14723365.571868801,294467.311437376,37.812423130023625,0.7562484626004725,13602128.182342224,272042.5636468445,34.93287073454502,0.6986574146909004,"[0.270,0.340]",0.3,"[0.070,0.100]",0.093,0.001,0.0,115,0.1155,0.01,0.8866835225290001,12,1.0116835225290002,0.005,0.0,23,0.11750000000000001,0.008,0.8811835225290001,15,1.0051835225290002,0.11623317175136094,0.11839142511154892,0.05329398272767029,0.05442871738697821,0.11133812919452224,0.11607884911960602,0.054028203253421926,0.05469074135882859
26,56,0.2203,140.0,0.12717,5796.41027,115.9282054,Altemus:1973,1.463026184,0.035301159,0.0089,0.2292,0.09312999999999999,0.10203,1.0,0.0,0.0,5796.41027,115.9282054,2.443460952792061,0.8830222215594888,0.11697777844051105,7.548632170413027,0.001630930273467751,0.12553906972653225,4.433234524286382,1.082431026564073,0.07246623938596757,0.08259887346120717,0.09877108236120717,0.31427866991128617,1.0465303379630324,1.036397703887793,0.05248465011054392,0.00018196319449679258,31854850.020794574,637097.0004158914,4.117465638872408e-05,3.9575815019353906e-05,1972.9402481254306,1822.6937326326215,11435971.116330594,228719.42232661188,29.369764449755138,0.5873952889951027,10565080.670896363,211301.61341792723,27.133150962036506,0.5426630192407301,"[0.270,0.340]",0.3,"[0.070,0.100]",0.093,0.001,0.0,125,0.1255,0.01,0.8866835225290001,14,1.031683522529,0.005,0.0,25,0.1275,0.008,0.8811835225290001,19,1.037183522529,0.1262099869288278,0.1283914251115489,0.051695809323705454,0.05326721952526197,0.1208226153855988,0.13313145534402035,0.05257580912060146,0.05270228825680648
26,56,0.2203,140.0,0.13745,4266.658782,85.33317564,Altemus:1973,1.625323316,0.047458681,0.0089,0.2292,0.08285000000000001,0.09175000000000001,1.0,0.0,0.0,4266.658782,85.33317564,2.443460952792061,0.8830222215594888,0.11697777844051105,7.548632170413027,0.001630930273467751,0.13581906972653224,4.433234524286382,1.082431026564073,0.06446717419872666,0.07427665039758659,0.0931691528975866,0.30523622474664863,1.0738202960302734,1.0640108198314133,0.05015723895555777,0.00021363865215065302,19971380.36141162,399427.6072282324,4.1174656388724084e-05,3.957581501935391e-05,2074.6438028580624,1916.6521948687478,8851797.200986229,177035.94401972456,22.733110822457586,0.45466221644915167,8177700.9192763185,163554.01838552635,21.00190244418491,0.4200380488836981,"[0.270,0.340]",0.3,"[0.070,0.100]",0.093,0.001,0.0,135,0.1355,0.01,0.8866835225290001,17,1.061683522529,0.005,0.0,27,0.1375,0.008,0.8811835225290001,22,1.061183522529,0.1361848989107486,0.13839142511154892,0.04996035547855161,0.05206609440977449,0.13489218883581022,0.14592091001233115,0.05019307361842322,0.051140760529975585
26,56,0.2203,140.0,0.14772,3155.11976,63.1023952,Altemus:1973,1.785700838,0.066463404,0.0089,0.2292,0.07258,0.08148000000000001,1.0,0.0,0.0,3155.11976,63.1023952,2.443460952792061,0.8830222215594888,0.11697777844051105,7.548632170413027,0.001630930273467751,0.14608906972653224,4.433234524286382,1.082431026564073,0.056475890203302126,0.06596252288169326,0.08778372128169326,0.2962831775205829,1.101083707445698,1.0915970747673067,0.04741219154249856,0.00024502061992215455,12876956.074155768,257539.12148311536,4.117465638872408e-05,3.9575815019353906e-05,2207.464549780318,2039.3581628821225,6964815.020511385,139296.3004102277,17.88697912120737,0.35773958242414744,6434419.237426683,128688.38474853366,16.524821150023246,0.33049642300046495,"[0.270,0.340]",0.3,"[0.045,0.070]",0.056,0.001,0.0,146,0.1465,0.01,0.8866835225290001,20,1.091683522529,0.003,0.0,48,0.1455,0.01,0.918183522529,17,1.093183522529,0.14715510519941688,0.14603677211017999,0.04789111833079587,0.04577324103579564,0.1487796769798232,0.14325644028976645,0.04757025970944054,0.04623212259344959
26,56,0.2203,140.0,0.15808,2530.265707,50.60531413,Altemus:1973,1.91829656,0.098626006,0.0089,0.2292,0.06222,0.07112,1.0,0.0,0.0,2530.265707,50.60531413,2.443460952792061,0.8830222215594888,0.11697777844051105,7.548632170413027,0.001630930273467751,0.15644906972653225,4.433234524286382,1.082431026564073,0.048414575481530144,0.05757553543625458,0.08256482183625458,0.28734095050349956,1.12858603872747,1.1194250787727456,0.04415036096217296,0.000276352352309754,9155940.54420753,183118.8108479649,4.117465638872408e-05,3.9575815019353906e-05,2386.8143077428203,2205.0497899336924,6039274.391858603,120785.4878133039,15.510013494441031,0.31020026982752263,5579361.865696776,111587.237291885,14.328870028489465,0.2865774005131594,"[0.270,0.340]",0.3,"[0.045,0.070]",0.056,0.001,0.0,156,0.1565,0.01,0.8866835225290001,23,1.121683522529,0.003,0.0,52,0.1575,0.01,0.918183522529,20,1.1231835225290001,0.1571260240133654,0.15803677211018,0.04586265602768858,0.043800974735417025,0.1624919715216232,0.15924325862515498,0.0447121682358145,0.043603875784646536
26,56,0.2498,140.0,0.00491,0.208821994,0.00417644,Altemus:1973,108.8008,12.20034323,0.0089,0.2587,0.24489,0.25379,1.0,0.0,0.0,0.208821994,0.00417644,2.443460952792061,0.8830222215594888,0.11697777844051105,7.548632170413027,0.0020948886415380064,0.002815111358461994,4.433234524286382,1.072526395816413,0.21607031718823305,0.23190096650399616,0.23192507460399617,0.481585999177713,0.673499746200767,0.6576690968850039,0.06211630050218866,-0.00020498218199119494,-1018.7324184546441,-20.374648954509617,3.202389180482308e-05,3.0922180799554716e-05,2080.7971983667485,1940.0894994130508,434.516220072558,8.690324651146824,0.0011159208871125376,2.231841838351705e-05,405.1333578058951,8.102667388928642,0.0010404600683632521,2.080920196516762e-05,"[0.428,0.523]",0.475,"[0.206,0.322]",0.265,0.0036,0.0,0,0.0018,0.032,0.7510585225290001,-3,0.6710585225290001,0.005,0.0,0,0.0025,0.015,0.7091835225290001,-4,0.6566835225290001,0.003962513914700594,0.00504008230710174,0.06211830224734124,0.062116772367315956,0.008660747697799676,0.022023067913070113,0.0621029870025966,0.06201590359562212
26,56,0.2498,140.0,0.01091,0.244041529,0.004880831,Altemus:1973,2010.96921,79.29388117,0.0089,0.2587,0.23889,0.24778999999999998,1.0,0.0,0.0,0.244041529,0.004880831,2.443460952792061,0.8830222215594888,0.11697777844051105,7.548632170413027,0.0020948886415380064,0.008815111358461993,4.433234524286382,1.072526395816413,0.21077642236553962,0.22641845813477757,0.22653748623477757,0.47595954264493695,0.6900529170234604,0.6744108812542224,0.062091743036376094,-0.0001895665049117122,-1287.3662945553529,-25.74732810668834,3.202389180482307e-05,3.092218079955471e-05,2081.7291710913455,1940.9584502642676,508.02836987703455,10.160568271866945,0.0013047141694661004,2.609428563475931e-05,473.6744679279623,9.473490173761796,0.0012164867685824597,2.4329737465245497e-05,"[0.428,0.523]",0.475,"[0.206,0.322]",0.265,0.0036,0.0,2,0.009,0.032,0.7510585225290001,-3,0.6710585225290001,0.005,0.0,1,0.0075,0.015,0.7091835225290001,-3,0.6716835225290001,0.011161470306035426,0.01004008230710174,0.06209018586625665,0.06210020206749109,0.008660747697799676,0.03001647708076438,0.0621029870025966,0.061924894191812914
26,56,0.2498,140.0,0.02659,827.6857295,16.55371459,Altemus:1973,2.557734082,0.051904966,0.0089,0.2587,0.22321,0.23210999999999998,1.0,0.0,0.0,827.6857295,16.55371459,2.443460952792061,0.8830222215594888,0.11697777844051105,7.548632170413027,0.0020948886415380064,0.024495111358461993,4.433234524286382,1.072526395816413,0.19694171056223406,0.21209083626321976,0.21279786436321976,0.46130018899109476,0.7333118701067659,0.7181627444057802,0.06192873555385194,-0.00014926828547961213,-5544953.684170572,-110899.07368341144,3.202389180482308e-05,3.0922180799554716e-05,2087.934226178724,1946.743907024663,1728153.3631427553,34563.067262855104,4.438228873809935,0.08876457747619869,1611292.1508353883,32225.843016707764,4.138106895198165,0.08276213790396328,"[0.428,0.523]",0.475,"[0.206,0.322]",0.265,0.0036,0.0,6,0.0234,0.032,0.7510585225290001,-2,0.703058522529,0.005,0.0,4,0.0225,0.015,0.7091835225290001,0,0.716683522529,0.02555640402687942,0.025040082307101738,0.061953668754431666,0.06198480798443222,0.025409272602853195,0.05399670458384714,0.06195560582497019,0.061487867641646786
26,56,0.2498,140.0,0.04232,2787.138411,55.74276823,Altemus:1973,1.393543996,0.021918897,0.0089,0.2587,0.20748,0.21638,1.0,0.0,0.0,2787.138411,55.74276823,2.443460952792061,0.8830222215594888,0.11697777844051105,7.548632170413027,0.0020948886415380064,0.040225111358462,4.433234524286382,1.072526395816413,0.1830628829687394,0.19771752682191845,0.19950850922191846,0.4466637540946416,0.7767087662802606,0.7620541224270816,0.06159903815833454,-0.0001088363578906198,-25608523.337404083,-512170.46683996276,3.202389180482308e-05,3.0922180799554716e-05,2100.5852839976,1958.5394748244148,5854621.930611054,117092.43863322695,15.035790602765159,0.3007158121092503,5458720.599742894,109174.41201444328,14.019040148023429,0.2803808030107676,"[0.428,0.523]",0.475,"[0.145,0.206]",0.16,0.0036,0.0,11,0.0414,0.032,0.7510585225290001,0,0.7670585225290001,0.005,0.0,8,0.0425,0.03,0.8141835225290001,-2,0.769183522529,0.04354448967215063,0.04403363460051426,0.06163246516080458,0.06142422898773884,0.05806204531808978,0.026019772496917202,0.06125100242233786,0.061876794960163094
26,56,0.2498,140.0,0.05809,5788.367554,115.7673511,Altemus:1973,0.992611465,0.013463727,0.0089,0.2587,0.19171,0.20060999999999998,1.0,0.0,0.0,5788.367554,115.7673511,2.443460952792061,0.8830222215594888,0.11697777844051105,7.548632170413027,0.0020948886415380064,0.055995111358461996,4.433234524286382,1.072526395816413,0.16914876274309346,0.18330766732482232,0.18668211542482233,0.43206725798748313,0.8202160169259066,0.8060571123441778,0.06106801343485334,-6.831553413047962e-05,-84729887.97752027,-1694597.7598431644,3.202389180482308e-05,3.0922180799554716e-05,2121.2499123807106,1977.8067194010673,12278574.16674985,245571.48337742197,31.53373048846958,0.6306746098783471,11448272.24266432,228965.44489284253,29.401356098528396,0.5880271220721556,"[0.428,0.523]",0.475,"[0.145,0.206]",0.16,0.0036,0.0,15,0.055799999999999995,0.032,0.7510585225290001,1,0.7990585225290001,0.005,0.0,11,0.0575,0.03,0.8141835225290001,-1,0.799183522529,0.05793049698272057,0.05903363460051426,0.06125494996736019,0.06087872794110097,0.07399352741706322,0.04200659083230574,0.06070640161193287,0.061486381915964776
26,56,0.2498,140.0,0.07389,8550.312623,171.0062525,Altemus:1973,0.895990631,0.012766785,0.0089,0.2587,0.17591,0.18481,1.0,0.0,0.0,8550.312623,171.0062525,2.443460952792061,0.8830222215594888,0.11697777844051105,7.548632170413027,0.0020948886415380064,0.07179511135846199,4.433234524286382,1.072526395816413,0.15520817304333406,0.16887039528588016,0.17433012738588016,0.4175285946924835,0.8638060334256659,0.8501438111831199,0.060294093464381714,-2.7756418209772863e-05,-308048126.32450855,-6160962.527931279,3.202389180482308e-05,3.0922180799554716e-05,2152.020997468301,2006.4970017173057,18400452.299614266,368009.04607836617,47.25588621301339,0.9451177244813399,17156176.641795132,343123.5329161625,44.06034797590408,0.8812069597242043,"[0.340,0.428]",0.38,"[0.145,0.206]",0.16,0.0036,0.0,19,0.0702,0.008,0.8322835225290001,2,0.8522835225290001,0.005,0.0,14,0.0725,0.03,0.8141835225290001,1,0.8591835225290001,0.07153505514379788,0.07403363460051425,0.060053064292366634,0.060188614170800354,0.060067384102035604,0.07398022750308282,0.060664284754072026,0.06019131643513094
26,56,0.2498,140.0,0.08974,9948.954329,198.9790866,Altemus:1973,0.93950577,0.012773202,0.0089,0.2587,0.16005999999999998,0.16895999999999997,1.0,0.0,0.0,9948.954329,198.9790866,2.443460952792061,0.8830222215594888,0.11697777844051105,7.548632170413027,0.0020948886415380064,0.087645111358462,4.433234524286382,1.072526395816413,0.14122346755338552,0.15438743567719446,0.16244070327719445,0.4030393321714327,0.9075339930156144,0.8943700248918055,0.059224939967655564,1.2859976726834894e-05,773637039.9675399,15472740.80090601,3.2023891804823065e-05,3.09221807995547e-05,2195.858360190337,2047.3699936483497,21846494.538486496,436929.890813647,56.105982790737066,1.1221196559275288,20369190.56137245,407383.8112683964,52.311983191825206,1.0462396639416647,"[0.340,0.428]",0.38,"[0.145,0.206]",0.16,0.0036,0.0,24,0.0882,0.008,0.8322835225290001,7,0.892283522529,0.005,0.0,17,0.08750000000000001,0.03,0.8141835225290001,2,0.889183522529,0.08950731270116563,0.08903363460051426,0.05887863656211176,0.05936395685011084,0.079903567462147,0.08996704583847132,0.05953918217973114,0.05930845015120374
26,56,0.2498,140.0,0.10028,9929.716676,198.5943335,Altemus:1973,0.949483284,0.013404209,0.0089,0.2587,0.14952,0.15841999999999998,1.0,0.0,0.0,9929.716676,198.5943335,2.443460952792061,0.8830222215594888,0.11697777844051105,7.548632170413027,0.0020948886415380064,0.09818511135846199,4.433234524286382,1.072526395816413,0.13192385898152068,0.14475649597526719,0.1548125743752672,0.39346229091905005,0.9366123964274794,0.9237797594337329,0.05832245346005137,3.9810072570861463e-05,249427243.77920237,4988544.875081662,3.2023891804823085e-05,3.092218079955472e-05,2234.1174780306064,2083.0419528556067,22184153.577743575,443683.0715101892,56.973155883991,1.1394631175650674,20684016.416077923,413680.3282798976,53.12051629332882,1.0624103257595834,"[0.340,0.428]",0.38,"[0.100,0.145]",0.12,0.0036,0.0,27,0.09899999999999999,0.008,0.8322835225290001,11,0.924283522529,0.005,0.0,19,0.0975,0.008,0.8541835225290001,8,0.922183522529,0.10028770073629545,0.0986502259503857,0.0580466261203594,0.05773126822884626,0.09549850402252813,0.08623678822688066,0.05842809771719408,0.058709942669417335
26,56,0.2498,140.0,0.11087,9246.885708,184.9377142,Altemus:1973,1.009712923,0.015019111,0.0089,0.2587,0.13893,0.14783,1.0,0.0,0.0,9246.885708,184.9377142,2.443460952792061,0.8830222215594888,0.11697777844051105,7.548632170413027,0.0020948886415380064,0.10877511135846199,4.433234524286382,1.072526395816413,0.12258013461946676,0.13507986870359648,0.14737202560359647,0.38389064276639573,0.9658287429295331,0.9533290088454035,0.057237370849001,6.682339868154033e-05,138377961.76856852,2767559.235969963,3.2023891804823085e-05,3.092218079955472e-05,2281.7202787794204,2127.425756307435,21098806.635499198,421976.13280125277,54.1857770321452,1.0837155408772998,19672062.82083031,393441.2565017033,50.52162561546905,1.0104325125279265,"[0.340,0.428]",0.38,"[0.100,0.145]",0.12,0.0036,0.0,30,0.1098,0.008,0.8322835225290001,15,0.9562835225290001,0.005,0.0,21,0.1075,0.008,0.8541835225290001,12,0.9541835225290001,0.11106586557937703,0.10865022595038569,0.05711856743610738,0.056874922418304275,0.11086165414550109,0.1032893944512951,0.057137048689275216,0.057341096509553935
26,56,0.2498,140.0,0.12144,8088.858874,161.7771775,Altemus:1973,1.097113961,0.015298821,0.0089,0.2587,0.12835999999999997,0.13725999999999997,1.0,0.0,0.0,8088.858874,161.7771775,2.443460952792061,0.8830222215594888,0.11697777844051105,7.548632170413027,0.0020948886415380064,0.119345111358462,4.433234524286382,1.072526395816413,0.11325405657348847,0.12542151645982308,0.1401691900598231,0.37439176013879244,0.9949899121955115,0.9828224523091769,0.05595196179801509,9.370368119410683e-05,86323811.09173244,1726476.2220480877,3.202389180482307e-05,3.092218079955471e-05,2340.508543467264,2182.2386400902105,18932043.301497992,378640.86607677006,48.621113735024124,0.9724222748207001,17651820.389079392,353036.4078252326,45.333256062209514,0.9066651213562784,"[0.340,0.428]",0.38,"[0.100,0.145]",0.12,0.0036,0.0,33,0.1206,0.008,0.8322835225290001,18,0.9802835225290001,0.005,0.0,23,0.11750000000000001,0.008,0.8541835225290001,16,0.9861835225290001,0.12184180860527505,0.1186502259503857,0.05609395532866846,0.055964690138064425,0.12223797237558098,0.12034200067570955,0.05605443533866046,0.05580582195311958
26,56,0.2498,140.0,0.13205,6676.83494,133.5366988,Altemus:1973,1.205421442,0.021576091,0.0089,0.2587,0.11775,0.12664999999999998,1.0,0.0,0.0,6676.83494,133.5366988,2.443460952792061,0.8830222215594888,0.11697777844051105,7.548632170413027,0.0020948886415380064,0.129955111358462,4.433234524286382,1.072526395816413,0.1038926858953589,0.11572661416025497,0.13316381666025495,0.3649161775809,1.0242614359336413,1.0124275076687452,0.05443048639143469,0.00012058268008461996,55371425.94039602,1107428.5188079204,3.202389180482307e-05,3.092218079955471e-05,2413.6932111960664,2250.4744131343728,16115831.166954694,322316.62333909393,41.3885415126296,0.8277708302525921,15026046.193191575,300520.9238638315,38.58976494571438,0.7717952989142876,"[0.340,0.428]",0.38,"[0.100,0.145]",0.12,0.0036,0.0,36,0.1314,0.008,0.8322835225290001,22,1.0122835225290001,0.005,0.0,25,0.1275,0.008,0.8541835225290001,19,1.0101835225290001,0.1326155311874544,0.1286502259503857,0.054972224491816615,0.05500689385252167,0.13721922336983916,0.13313145534402038,0.05446305568871828,0.05456392198786315
26,56,0.2498,140.0,0.14266,5253.964498,105.07929,Altemus:1973,1.24340391,0.026642738,0.0089,0.2587,0.10713999999999999,0.11603999999999999,1.0,0.0,0.0,5253.964498,105.07929,2.443460952792061,0.8830222215594888,0.11697777844051105,7.548632170413027,0.0020948886415380064,0.140565111358462,4.433234524286382,1.072526395816413,0.09453131521722931,0.10603171186068683,0.12638358746068684,0.3555046940065445,1.0535329596717706,1.0420325630283132,0.05264528210191591,0.00014733429123628145,35660160.6721287,713203.2137140655,3.202389180482308e-05,3.0922180799554716e-05,2504.973572292576,2335.582212301429,13161042.217253432,263220.8444452676,33.800077483760084,0.6760015499325318,12271066.025592009,245421.32060526343,31.51444814375061,0.630288963114941,"[0.340,0.428]",0.38,"[0.100,0.145]",0.12,0.0036,0.0,39,0.1422,0.008,0.8322835225290001,26,1.0442835225290001,0.005,0.0,28,0.14250000000000002,0.008,0.8541835225290001,23,1.0421835225290002,0.14338703469795178,0.1436502259503857,0.053752748657712394,0.05349477773165168,0.15199463802701219,0.15018406156843483,0.05270733265333221,0.052812384278545337
26,56,0.2498,140.0,0.15332,4022.353437,80.44706874,Altemus:1973,1.395924075,0.034810467,0.0089,0.2587,0.09647999999999998,0.10537999999999999,1.0,0.0,0.0,4022.353437,80.44706874,2.443460952792061,0.8830222215594888,0.11697777844051105,7.548632170413027,0.0020948886415380064,0.151225111358462,4.433234524286382,1.072526395816413,0.08512582874891061,0.0962911219913752,0.1197981443913752,0.3461186854120638,1.0829424265000895,1.071777133257625,0.05054876622575968,0.00017405508072528526,23109658.277362004,462193.16554724006,3.202389180482308e-05,3.0922180799554716e-05,2620.4273729949173,2443.2287943834085,10540285.050174987,210805.70100349974,27.06947105828681,0.5413894211657362,9827529.73846547,196550.5947693094,25.238978885625816,0.5047795777125164,"[0.340,0.428]",0.38,"[0.070,0.100]",0.093,0.0036,0.0,42,0.153,0.008,0.8322835225290001,29,1.0682835225290002,0.005,0.0,30,0.1525,0.008,0.8811835225290001,23,1.069183522529,0.15415632050738992,0.1533914251115489,0.05243483966367625,0.05020871576991095,0.162946107411872,0.15018406156843478,0.05128547697583089,0.05061036671801047
26,56,0.2498,140.0,0.16394,3125.069952,62.50139904,Altemus:1973,1.403072593,0.043896617,0.0089,0.2587,0.08585999999999999,0.09476,1.0,0.0,0.0,3125.069952,62.50139904,2.443460952792061,0.8830222215594888,0.11697777844051105,7.548632170413027,0.0020948886415380064,0.161845111358462,4.433234524286382,1.072526395816413,0.07575563491274323,0.08658708217785836,0.11346340577785836,0.3368432955809843,1.1122415388562568,1.1014100915911418,0.048115318835747274,0.0002004858716230966,15587482.183657186,311749.64367314376,3.202389180482307e-05,3.092218079955471e-05,2767.0860726089645,2579.970137240905,8647337.540107965,172946.7508021593,22.208019247952265,0.4441603849590453,8062587.1529488675,161251.74305897736,20.70626824158243,0.41412536483164863,"[0.270,0.340]",0.3,"[0.070,0.100]",0.093,0.001,0.0,161,0.1615,0.01,0.8866835225290001,21,1.101683522529,0.005,0.0,32,0.1625,0.008,0.8811835225290001,27,1.101183522529,0.1621107709185523,0.16339142511154892,0.044795267218379155,0.048944957411869446,0.15336958002745582,0.1672366677928492,0.04664348844554762,0.04845548332841444
26,56,0.2498,140.0,0.17456,2602.822924,52.05645849,Altemus:1973,1.648325731,0.058056197,0.0089,0.2587,0.07524,0.08414,1.0,0.0,0.0,2602.822924,52.05645849,2.443460952792061,0.8830222215594888,0.11697777844051105,7.548632170413027,0.0020948886415380064,0.172465111358462,4.433234524286382,1.072526395816413,0.06638544107657583,0.07688304236434153,0.10735423596434153,0.32764956274095886,1.1415406512124242,1.1310430499246584,0.04528823449682714,0.00022668836465256756,11481943.18658216,229638.8637757566,3.202389180482307e-05,3.092218079955471e-05,2957.3077389747195,2757.3286312674854,7697348.376326009,153946.96755609324,19.76826509972315,0.39536530207041226,7176838.170464555,143536.76343686436,18.431495184484888,0.36862990376051114,"[0.270,0.340]",0.3,"[0.070,0.100]",0.093,0.001,0.0,172,0.17250000000000001,0.01,0.8866835225290001,24,1.131683522529,0.005,0.0,34,0.17250000000000001,0.008,0.8811835225290001,31,1.1331835225290001,0.17307554293385152,0.17339142511154892,0.04232091464166129,0.047669363073587843,0.16702493383006012,0.18428927401726367,0.043707913595257206,0.04627356090371436
26,56,0.2498,140.0,0.18517,2418.245681,48.36491361,Altemus:1973,1.699703232,0.065493759,0.0089,0.2587,0.06462999999999999,0.07353,1.0,0.0,0.0,2418.245681,48.36491361,2.443460952792061,0.8830222215594888,0.11697777844051105,7.548632170413027,0.0020948886415380064,0.183075111358462,4.433234524286382,1.072526395816413,0.057024070398446244,0.06718814006477337,0.10147606896477337,0.31855308657235354,1.170812174950554,1.1606481052842268,0.04201361594624237,0.00025259292054461145,9573687.480179809,191473.7495640068,3.202389180482308e-05,3.0922180799554716e-05,3209.7113117163076,2992.664165876363,7761870.516814806,155237.410304199,19.933970316068432,0.3986794062389371,7236997.1938139815,144739.943846353,18.585995080237236,0.3717199015278875,"[0.270,0.340]",0.3,"[0.045,0.070]",0.056,0.001,0.0,183,0.1835,0.01,0.8866835225290001,27,1.161683522529,0.003,0.0,61,0.1845,0.01,0.918183522529,24,1.1631835225290001,0.1840380182633794,0.18503677211018,0.03967110789796025,0.039482327348652035,0.18051362958090456,0.18055901640567304,0.040542368130582665,0.040182510447621
26,56,0.291,140.0,0.01381,0.0,0.0,Altemus:1973,#DIV/0!,#DIV/0!,0.0089,0.2999,0.27719,0.28609,1.0,0.0,0.0,0.0,0.0,2.443460952792061,0.8830222215594888,0.11697777844051105,7.548632170413027,0.0028389762999968537,0.010971023700003146,4.433234524286382,1.0621037777069238,0.28490637804750296,0.3030475433081986,0.3032382594081986,0.5506707359286478,0.6213649447414971,0.6032237794808014,0.0620857118935804,-0.0001888920223753238,-0.0,-0.0,2.3597880629381226e-05,2.2897576736078482e-05,2797.899261968508,2634.299322434534,0.0,0.0,0.0,0.0,0.0,0.0,0.0,0.0,"[0.523,0.609]",0.57,"[0.206,0.322]",0.265,0.0036,0.0,3,0.0126,0.06,0.6517835225290001,-1,0.621783522529,0.005,0.0,2,0.0125,0.015,0.7091835225290001,-8,0.5966835225290001,0.015711870526622818,0.015040082307101741,0.06207808573194819,0.06207266319440348,0.03470363000146104,-0.009950568757706913,0.061906336738874294,0.062100595216222104
26,56,0.291,140.0,0.02934,188.9708849,3.779417697,Altemus:1973,3.046765646,0.085732784,0.0089,0.2999,0.26166,0.27056,1.0,0.0,0.0,188.9708849,3.779417697,2.443460952792061,0.8830222215594888,0.11697777844051105,7.548632170413027,0.0028389762999968537,0.026501023700003148,4.433234524286382,1.0621037777069238,0.2689440559901498,0.28659702652125635,0.28745786212125635,0.5361509695237493,0.6664700261788502,0.6488170556477437,0.06194784662093504,-0.0001577926898656738,-1197589.6035543068,-23951.792064748708,2.359788062938123e-05,2.2897576736078482e-05,2804.950427164103,2640.9381889404212,530053.9643218336,10601.079283631721,1.3612801151238179,0.027225602295272707,499060.42653027474,9981.208527964558,1.2816827730928646,0.02563365545507486,"[0.523,0.609]",0.57,"[0.206,0.322]",0.265,0.0036,0.0,7,0.027,0.06,0.6517835225290001,-1,0.621783522529,0.005,0.0,5,0.0275,0.015,0.7091835225290001,-5,0.6416835225290001,0.03010554925651121,0.03004008230710174,0.06195979721209181,0.06192458448598578,0.03470363000146104,0.014029658745375841,0.061906336738874294,0.06207911145951395
26,56,0.291,140.0,0.04648,905.0055371,18.10011074,Altemus:1973,1.690818384,0.035226304,0.0089,0.2999,0.24452,0.25342,1.0,0.0,0.0,905.0055371,18.10011074,2.443460952792061,0.8830222215594888,0.11697777844051105,7.548632170413027,0.0028389762999968537,0.04364102370000315,4.433234524286382,1.0621037777069238,0.2513269149687053,0.26844107946857176,0.27060146986857175,0.5201936849564514,0.7162511656402948,0.6991370011404283,0.06165697266063474,-0.00012346163584036365,-7330257.135667435,-146605.14269714933,2.3597880629381233e-05,2.289757673607849e-05,2819.9311199020626,2655.0429243272993,2552053.2777519706,51041.06554939956,6.554161677075902,0.13108323352703383,2402828.5477543822,48056.57094977756,6.1709239856262466,0.12341847969888761,"[0.428,0.523]",0.475,"[0.206,0.322]",0.265,0.0036,0.0,12,0.045,0.032,0.7510585225290001,-2,0.703058522529,0.005,0.0,8,0.0425,0.015,0.7091835225290001,-1,0.7016835225290001,0.0471413631132549,0.04504008230710174,0.06154813863776165,0.06167952417720585,0.025409272602853195,0.046003295416152924,0.06195560582497019,0.06166052340054312
26,56,0.291,140.0,0.06223,2143.457213,42.86914426,Altemus:1973,1.258760839,0.022388597,0.0089,0.2999,0.22876999999999997,0.23766999999999996,1.0,0.0,0.0,2143.457213,42.86914426,2.443460952792061,0.8830222215594888,0.11697777844051105,7.548632170413027,0.0028389762999968537,0.05939102370000315,4.433234524286382,1.0621037777069238,0.23513846858085513,0.25175752252109324,0.2556300954210932,0.5055987494259585,0.761995211528145,0.7453761575879068,0.061238889254733704,-9.191871420430409e-05,-23319051.311312106,-466381.0262262421,2.359788062938124e-05,2.2897576736078496e-05,2841.713631237637,2675.5517595209776,6091091.580156735,121821.83160313469,15.643089959857383,0.3128617991971476,5734930.717700081,114698.61435400162,14.728400640501183,0.2945680128100237,"[0.428,0.523]",0.475,"[0.206,0.322]",0.265,0.0036,0.0,16,0.0594,0.032,0.7510585225290001,-1,0.7350585225290001,0.005,0.0,11,0.0575,0.015,0.7091835225290001,2,0.746683522529,0.06152637962519236,0.06004008230710174,0.061143808040720574,0.06133978342669534,0.04187164367714624,0.06998352291923568,0.06166940025775002,0.06106389213417666
26,56,0.291,140.0,0.07801,3857.130646,77.14261292,Altemus:1973,1.049407026,0.019902359,0.0089,0.2999,0.21298999999999998,0.22188999999999998,1.0,0.0,0.0,3857.130646,77.14261292,2.443460952792061,0.8830222215594888,0.11697777844051105,7.548632170413027,0.0028389762999968537,0.07517102370000314,4.433234524286382,1.0621037777069238,0.2189191870570282,0.23504218736990523,0.24112774746990523,0.49104760204068326,0.8078263889319719,0.7917033886190948,0.06064960727396723,-6.033292762384254e-05,-63930772.09924301,-1278615.4419848602,2.3597880629381237e-05,2.2897576736078492e-05,2872.9276204644393,2704.9405912735515,11081257.168633245,221625.14337266493,28.458791084665297,0.569175821693306,10433309.250210576,208666.18500421153,26.794736712176725,0.5358947342435345,"[0.428,0.523]",0.475,"[0.206,0.322]",0.265,0.0036,0.0,20,0.0738,0.032,0.7510585225290001,1,0.7990585225290001,0.005,0.0,15,0.0775,0.015,0.7091835225290001,5,0.7916835225290001,0.07590743498877828,0.08004008230710175,0.06063208652548082,0.060745063821580625,0.07399352741706322,0.09396375042231848,0.06070640161193287,0.06023998321018782
26,56,0.291,140.0,0.09384,5572.322868,111.4464574,Altemus:1973,0.980991254,0.016199707,0.0089,0.2999,0.19715999999999997,0.20605999999999997,1.0,0.0,0.0,5572.322868,111.4464574,2.443460952792061,0.8830222215594888,0.11697777844051105,7.548632170413027,0.0028389762999968537,0.09100102370000315,4.433234524286382,1.0621037777069238,0.20264851363990646,0.21827388854586807,0.22707983414586808,0.47652894366016013,0.8538027855290936,0.838177410623132,0.05985750899978337,-2.8680720600750572e-05,-194288105.43393993,-3885762.1100734635,2.359788062938124e-05,2.2897576736078496e-05,2915.8565803957345,2745.359391048446,16248094.302747432,324961.8861715829,41.728218581074756,0.8345643719210343,15298028.91561781,305960.5784221706,39.288268676687835,0.7857653738157812,"[0.428,0.523]",0.475,"[0.206,0.322]",0.265,0.0036,0.0,25,0.09179999999999999,0.032,0.7510585225290001,2,0.831058522529,0.005,0.0,18,0.0925,0.015,0.7091835225290001,8,0.8366835225290001,0.09387818881037191,0.09504008230710174,0.05984100952879076,0.06019795549446876,0.0896781284730418,0.1179439779254013,0.060041018553508914,0.059207427449925396
26,56,0.291,140.0,0.1097,6691.448622,133.8289724,Altemus:1973,0.932682944,0.018847937,0.0089,0.2999,0.18129999999999996,0.19019999999999995,1.0,0.0,0.0,6691.448622,133.8289724,2.443460952792061,0.8830222215594888,0.11697777844051105,7.548632170413027,0.0028389762999968537,0.10686102370000315,4.433234524286382,1.0621037777069238,0.18634700508680788,0.20147381151812144,0.21350790151812143,0.46206915231177403,0.899866313642192,0.8847395072108786,0.05882689161481742,2.977279218025181e-06,2247504561.039597,44950091.20735686,2.3597880629381233e-05,2.289757673607849e-05,2973.449408956574,2799.5846275739978,19896683.950149182,397933.6788840457,51.09849570296976,1.0219699137539398,18733276.69835241,374665.53385506483,48.11064302331278,0.9622128601786608,"[0.428,0.523]",0.475,"[0.145,0.206]",0.16,0.0036,0.0,29,0.1062,0.032,0.7510585225290001,4,0.8950585225290001,0.005,0.0,21,0.1075,0.03,0.8141835225290001,2,0.889183522529,0.10825034354107999,0.10903363460051425,0.05908658640485118,0.05807530579941328,0.12035040921075424,0.08996704583847132,0.05836711890567861,0.05930845015120374
26,56,0.291,140.0,0.12556,6884.331603,137.6866321,Altemus:1973,0.986762462,0.021670949,0.0089,0.2999,0.16543999999999998,0.17433999999999997,1.0,0.0,0.0,6884.331603,137.6866321,2.443460952792061,0.8830222215594888,0.11697777844051105,7.548632170413027,0.0028389762999968537,0.12272102370000315,4.433234524286382,1.0621037777069238,0.1700454965337093,0.18467373449037483,0.20043904809037483,0.44770419708818326,0.9459298417552908,0.9313016037986253,0.05751722971549501,3.455578755223119e-05,199223692.7777817,3984473.8567131828,2.3597880629381237e-05,2.2897576736078492e-05,3049.624119728352,2871.3052186976247,20994623.70471695,419892.4742163239,53.918215309084324,1.0783643064949673,19767017.258938882,395340.34529362986,50.765486801575506,1.0153097363264725,"[0.428,0.523]",0.475,"[0.145,0.206]",0.16,0.0036,0.0,34,0.12419999999999999,0.032,0.7510585225290001,5,0.927058522529,0.005,0.0,24,0.1225,0.03,0.8141835225290001,3,0.919183522529,0.12620998189535015,0.12403363460051425,0.05799090010812421,0.05698363306529046,0.1353579992399624,0.10595386417385985,0.05736713114962581,0.05828678684457401
26,56,0.291,140.0,0.14143,6224.179838,124.4835968,Altemus:1973,1.067594474,0.025842762,0.0089,0.2999,0.14956999999999998,0.15846999999999997,1.0,0.0,0.0,6224.179838,124.4835968,2.443460952792061,0.8830222215594888,0.11697777844051105,7.548632170413027,0.0028389762999968537,0.13859102370000315,4.433234524286382,1.0621037777069238,0.15373370960195176,0.1678630647280584,0.1878655096280584,0.43343455057027747,0.9920224137070484,0.9778930585809418,0.05587764748845738,6.604345453050672e-05,94243704.87956432,1884874.0981969482,2.3597880629381237e-05,2.2897576736078492e-05,3150.03864153756,2965.848260457633,19606407.00157899,392128.14015758137,50.35300889489921,1.0070601782215804,18459972.945307773,369199.45902478934,47.408746632660595,0.9481749329578865,"[0.428,0.523]",0.475,"[0.145,0.206]",0.16,0.0036,0.0,38,0.1386,0.032,0.7510585225290001,7,0.9910585225290001,0.005,0.0,27,0.1375,0.03,0.8141835225290001,5,0.979183522529,0.14057325249892472,0.13903363460051427,0.05699159741401973,0.055799723487909285,0.1647607812274835,0.1379275008446369,0.05505962374254543,0.05588987436027668
26,56,0.291,140.0,0.15733,5039.705743,100.7941149,Altemus:1973,1.2361436,0.031747885,0.0089,0.2999,0.13366999999999998,0.14256999999999997,1.0,0.0,0.0,5039.705743,100.7941149,2.443460952792061,0.8830222215594888,0.11697777844051105,7.548632170413027,0.0028389762999968537,0.15449102370000314,4.433234524286382,1.0621037777069238,0.13739108753421736,0.15102061676203246,0.17577334566203245,0.419253319202165,1.0382021171747828,1.0245725879469676,0.053845219203786904,9.744100532517732e-05,51720584.43138635,1034411.6890382317,2.3597880629381237e-05,2.2897576736078492e-05,3283.028569817324,3091.061945853695,16545497.937741445,330909.95888615,42.49200808503756,0.8498401620380089,15578042.640487622,311560.8529333949,40.00739756031899,0.8001479515239173,"[0.340,0.428]",0.38,"[0.145,0.206]",0.16,0.0036,0.0,42,0.153,0.008,0.8322835225290001,24,1.0282835225290001,0.005,0.0,30,0.1525,0.03,0.8141835225290001,7,1.039183522529,0.15415632050738992,0.15403363460051425,0.05243483966367625,0.05453742083298789,0.1446321308997479,0.16990113751541397,0.05360543747678736,0.053132035294289705
26,56,0.291,140.0,0.17058,3978.141155,79.56282309,Altemus:1973,1.295228047,0.036268195,0.0089,0.2999,0.12041999999999997,0.12931999999999996,1.0,0.0,0.0,3978.141155,79.56282309,2.443460952792061,0.8830222215594888,0.11697777844051105,7.548632170413027,0.0028389762999968537,0.16774102370000316,4.433234524286382,1.0621037777069238,0.12377223581110537,0.13698524345701085,0.16608277985701086,0.40753255067173577,1.0766852033978946,1.063472195751989,0.05180238778537787,0.0001234572987088876,32222810.612278663,644456.2121645736,2.3597880629381233e-05,2.289757673607849e-05,3427.2467333058976,3226.847324378513,13634071.278103499,272681.42552779755,35.014906723335244,0.7002981343786867,12836854.142011797,256737.08280796744,32.96750040653489,0.6593500080478261,"[0.340,0.428]",0.38,"[0.100,0.145]",0.12,0.0036,0.0,46,0.1674,0.008,0.8322835225290001,28,1.0602835225290002,0.005,0.0,33,0.1675,0.008,0.8541835225290001,26,1.0661835225290002,0.16851192086245703,0.1686502259503857,0.050523202037643995,0.05082416290203691,0.15930775900090388,0.16297351623674566,0.051769299998252014,0.05144340324359822
26,56,0.291,140.0,0.18393,3114.824811,62.29649622,Altemus:1973,1.390896844,0.033456135,0.0089,0.2999,0.10706999999999997,0.11596999999999998,1.0,0.0,0.0,3114.824811,62.29649622,2.443460952792061,0.8830222215594888,0.11697777844051105,7.548632170413027,0.0028389762999968537,0.18109102370000316,4.433234524286382,1.0621037777069238,0.11005060030140384,0.12284394280629098,0.156674187706291,0.39582090357419353,1.1154587280075963,1.102665385502709,0.049370694284560555,0.00014949806210173375,20835218.64571298,416704.3729142596,2.3597880629381237e-05,2.2897576736078492e-05,3614.519711198698,3403.169998135612,11258595.676290259,225171.9135258052,28.914230342492733,0.5782846068498547,10600278.346243627,212005.56692487255,27.223545334636132,0.5444709066927226,"[0.340,0.428]",0.38,"[0.100,0.145]",0.12,0.0036,0.0,50,0.1818,0.008,0.8322835225290001,33,1.1002835225290002,0.005,0.0,36,0.1825,0.008,0.8541835225290001,31,1.1061835225290002,0.18286358431351601,0.1836502259503857,0.0484332713782441,0.04916293391933861,0.17738085426170602,0.18428927401726372,0.04925292986555998,0.049091538329419766
26,56,0.291,140.0,0.19454,2688.362408,53.76724816,Altemus:1973,1.490833226,0.040314505,0.0089,0.2999,0.09645999999999999,0.10536,1.0,0.0,0.0,2688.362408,53.76724816,2.443460952792061,0.8830222215594888,0.11697777844051105,7.548632170413027,0.0028389762999968537,0.19170102370000314,4.433234524286382,1.0621037777069238,0.09914524054425532,0.11160505142770388,0.14945086302770388,0.38658875181218594,1.1462742408247448,1.1338144299412962,0.04713241764863442,0.00017004474101619844,15809735.672706908,316194.7134541382,2.3597880629381237e-05,2.2897576736078492e-05,3804.020263874994,3581.589994988863,10226585.076671774,204531.7015334355,26.263829435379314,0.5252765887075863,9628611.903396968,192572.23806793935,24.728119781367106,0.4945623956273421,"[0.340,0.428]",0.38,"[0.100,0.145]",0.12,0.0036,0.0,53,0.1926,0.008,0.8322835225290001,37,1.132283522529,0.005,0.0,38,0.1925,0.008,0.8541835225290001,34,1.1301835225290002,0.19362475025612014,0.1936502259503857,0.04674752361943962,0.04804179013660179,0.19163120944830536,0.19707872868557455,0.04706754508068183,0.0476559270685425
26,56,0.291,140.0,0.20515,2521.605329,50.43210657,Altemus:1973,1.624837937,0.046565574,0.0089,0.2999,0.08584999999999998,0.09474999999999999,1.0,0.0,0.0,2521.605329,50.43210657,2.443460952792061,0.8830222215594888,0.11697777844051105,7.548632170413027,0.0028389762999968537,0.20231102370000315,4.433234524286382,1.0621037777069238,0.08823988078710676,0.10036616004911676,0.14245268254911675,0.3774290430652055,1.1770897536418932,1.1649634743798831,0.04458712864684891,0.00019043390454649977,13241367.575826181,264827.351464012,2.3597880629381237e-05,2.2897576736078492e-05,4042.686884374814,3806.3012007197194,10194060.791117938,203881.21578193188,26.180300839871702,0.5236060166936101,9597989.391513944,191959.78779221585,24.64947530494132,0.4929895060010732,"[0.340,0.428]",0.38,"[0.100,0.145]",0.12,0.0036,0.0,56,0.2034,0.008,0.8322835225290001,41,1.164283522529,0.005,0.0,40,0.2025,0.008,0.8541835225290001,38,1.162183522529,0.20438370487531188,0.2036502259503857,0.04495927971809557,0.04691519270063092,0.20570406381246997,0.21413133490998887,0.04473268479214359,0.04573318987165123
26,56,0.291,140.0,0.21574,2600.23117,52.00462341,Altemus:1973,1.708117359,0.051668483,0.0089,0.2999,0.07526,0.08416,1.0,0.0,0.0,2600.23117,52.00462341,2.443460952792061,0.8830222215594888,0.11697777844051105,7.548632170413027,0.0028389762999968537,0.21290102370000313,4.433234524286382,1.0621037777069238,0.07735507778727613,0.08914845413966932,0.1356922017396693,0.36836422429393073,1.2078471787817238,1.1960538024293306,0.041702401749264255,0.00021060091367403183,12346723.120226528,246934.46245201374,2.3597880629381237e-05,2.2897576736078492e-05,4348.476893127435,4094.210927783133,11307045.159534715,226140.90323417907,29.038657896228862,0.5807731580362545,10645894.870976321,212917.89746046852,27.340697308245307,0.5468139462700532,"[0.340,0.428]",0.38,"[0.070,0.100]",0.093,0.0036,0.0,59,0.2142,0.008,0.8322835225290001,45,1.196283522529,0.005,0.0,42,0.2125,0.008,0.8811835225290001,39,1.1971835225290002,0.21514044953374167,0.2133914251115489,0.04306747814872612,0.042572415643811486,0.2196058894046734,0.21839448646609255,0.04225133263508785,0.04194617639936644
26,56,0.291,140.0,0.22637,2898.17892,57.9635784,Altemus:1973,1.693511731,0.056618313,0.0089,0.2999,0.06462999999999999,0.07353,1.0,0.0,0.0,2898.17892,57.9635784,2.443460952792061,0.8830222215594888,0.11697777844051105,7.548632170413027,0.0028389762999968537,0.22353102370000313,4.433234524286382,1.0621037777069238,0.06642916127280968,0.07788837729194255,0.12913175419194253,0.3593490701142032,1.2387207792761905,1.2272615632570576,0.03841739766556951,0.00023062893148395646,12566415.242667027,251328.30485334058,2.3597880629381237e-05,2.2897576736078492e-05,4752.725002851441,4474.821672428798,13774247.415820984,275484.94831641973,35.37490589650209,0.7074981179300419,12968833.841792285,259376.67683584575,33.306449557006864,0.6661289911401375,"[0.340,0.428]",0.38,"[0.070,0.100]",0.093,0.0036,0.0,62,0.225,0.008,0.8322835225290001,49,1.228283522529,0.005,0.0,44,0.2225,0.008,0.8811835225290001,43,1.2291835225290002,0.2258949855926886,0.2233914251115489,0.041070986557472836,0.04132496972542658,0.23334277427457006,0.23544709269050698,0.039626124855963285,0.03984631376678516
26,56,0.3299,140.0,0.01174,0.0,0.0,Altemus:1973,#DIV/0!,#DIV/0!,0.0089,0.33880000000000005,0.31816,0.32706,1.0,0.0,0.0,0.0,0.0,2.443460952792061,0.8830222215594888,0.11697777844051105,7.548632170413027,0.003643966760684958,0.008096033239315042,4.433234524286382,1.0546835497469953,0.3707315250749999,0.3913834509958556,0.39152127859585556,0.6257166120504198,0.5316553474940002,0.5110034215731445,0.06210184598290958,-0.00019657073036811906,-0.0,-0.0,1.836091612885192e-05,1.7878589819681957e-05,3569.752934376985,3384.667311093761,0.0,0.0,0.0,0.0,0.0,0.0,0.0,0.0,"[0.609,0.702]",0.649,"[0.322,0.438]",0.38,0.0036,0.0,2,0.009,0.018,0.5554825225290001,-3,0.5104825225290001,0.005,0.0,1,0.0075,0.05,0.5941835225290001,-2,0.519183522529,0.013035673866838238,0.011142382176221363,0.06209885066145424,0.062103327098593154,0.02696454720224184,0.010032954161528676,0.062021770865883064,0.06210692706971778
26,56,0.3299,140.0,0.02181,0.0,0.0,Altemus:1973,#DIV/0!,#DIV/0!,0.0089,0.33880000000000005,0.30809000000000003,0.31699000000000005,1.0,0.0,0.0,0.0,0.0,2.443460952792061,0.8830222215594888,0.11697777844051105,7.548632170413027,0.003643966760684958,0.01816603323931504,4.433234524286382,1.0546835497469953,0.358997597310651,0.37933296682925544,0.3798086429292554,0.6162861696722193,0.5622860934783491,0.5419507239597446,0.06204938182185337,-0.0001800904041315544,-0.0,-0.0,1.836091612885193e-05,1.7878589819681967e-05,3573.170960170569,3387.9081180584694,0.0,0.0,0.0,0.0,0.0,0.0,0.0,0.0,"[0.609,0.702]",0.649,"[0.322,0.438]",0.38,0.0036,0.0,5,0.019799999999999998,0.018,0.5554825225290001,-1,0.5464825225290001,0.005,0.0,3,0.0175,0.05,0.5941835225290001,-2,0.519183522529,0.023831858675727347,0.021142382176221365,0.06204378683823745,0.06205389646152863,0.04543606396606925,0.010032954161528676,0.061836704143251715,0.06210692706971778
26,56,0.3299,140.0,0.03195,40.88554762,0.817710952,Altemus:1973,2.45343418,0.283278583,0.0089,0.33880000000000005,0.29795000000000005,0.30685000000000007,1.0,0.0,0.0,40.88554762,0.817710952,2.443460952792061,0.8830222215594888,0.11697777844051105,7.548632170413027,0.003643966760684958,0.02830603323931504,4.433234524286382,1.0546835497469953,0.34718210301765223,0.36719871564262924,0.3682195181426292,0.6068109410208662,0.5931297642113478,0.5731131515863708,0.06196080803532555,-0.00016349115011506145,-250078.04759600537,-5001.560949473492,1.8360916128851925e-05,1.7878589819681964e-05,3578.954704233535,3393.3919848205455,146327.52298976318,2926.550458363682,0.375797108877661,0.007515942173876644,138740.6895887067,2774.813790416778,0.35631266740417994,0.007126253344597647,"[0.523,0.609]",0.57,"[0.322,0.438]",0.38,0.0036,0.0,7,0.027,0.06,0.6517835225290001,-2,0.5617835225290001,0.005,0.0,5,0.0275,0.05,0.5941835225290001,-1,0.5691835225290001,0.03010554925651121,0.031142382176221364,0.06195979721209181,0.06197401086577859,0.0033657431117094516,0.03667765138717625,0.062120325413995627,0.06191678012354528
26,56,0.3299,140.0,0.04208,136.033261,2.72066522,Altemus:1973,1.892184294,0.139568807,0.0089,0.33880000000000005,0.28782,0.29672000000000004,1.0,0.0,0.0,136.033261,2.72066522,2.443460952792061,0.8830222215594888,0.11697777844051105,7.548632170413027,0.003643966760684958,0.03843603323931504,4.433234524286382,1.0546835497469953,0.33537826108588914,0.3550764311731495,0.3568471575731495,0.597366853426895,0.6239430171231108,0.6042448470358506,0.061833157578038346,-0.00014690526313492635,-925993.106693932,-18519.862133878636,1.836091612885192e-05,1.7878589819681957e-05,3587.3193606290265,3401.322947996655,487994.75087480154,9759.89501749603,1.2532639983187188,0.025065279966374372,462693.05233011843,9253.861046602367,1.188284389776782,0.02376568779553564,"[0.523,0.609]",0.57,"[0.322,0.438]",0.38,0.0036,0.0,10,0.0378,0.06,0.6517835225290001,-1,0.621783522529,0.005,0.0,7,0.0375,0.05,0.5941835225290001,0,0.6191835225290001,0.04089820392329102,0.04114238217622136,0.06182230814343635,0.0618639055288739,0.03470363000146104,0.06332234861282382,0.061906336738874294,0.061513594607791156
26,56,0.3299,140.0,0.05222,306.5185981,6.130371962,Altemus:1973,1.688380422,0.089909716,0.0089,0.33880000000000005,0.27768000000000004,0.28658000000000006,1.0,0.0,0.0,306.5185981,6.130371962,2.443460952792061,0.8830222215594888,0.11697777844051105,7.548632170413027,0.003643966760684958,0.048576033239315045,4.433234524286382,1.0546835497469953,0.3235627667928903,0.3429421799865233,0.3456691083865233,0.5879363132062208,0.6547866878561097,0.6354072746624767,0.06166250266505114,-0.00013030156810517048,-2352378.429188199,-47047.56858376397,1.8360916128851922e-05,1.7878589819681964e-05,3598.556311791184,3411.977282336896,1103024.4358741401,22060.488717482804,2.832778041707939,0.05665556083415879,1045834.4933309534,20916.689866619065,2.685903314209732,0.053718066284194635,"[0.523,0.609]",0.57,"[0.322,0.438]",0.38,0.0036,0.0,13,0.0486,0.06,0.6517835225290001,-1,0.621783522529,0.005,0.0,9,0.0475,0.05,0.5941835225290001,0,0.6191835225290001,0.05168862780187311,0.051142382176221364,0.06164300291375939,0.06172390315957827,0.03470363000146104,0.06332234861282382,0.061906336738874294,0.061513594607791156
26,56,0.3299,140.0,0.06242,573.2344044,11.46468809,Altemus:1973,1.531258405,0.064134322,0.0089,0.33880000000000005,0.26748000000000005,0.27638000000000007,1.0,0.0,0.0,573.2344044,11.46468809,2.443460952792061,0.8830222215594888,0.11697777844051105,7.548632170413027,0.003643966760684958,0.058776033239315045,4.433234524286382,1.0546835497469953,0.3116773583324773,0.33073612849701767,0.3346323848970177,0.5784741868891107,0.6858128655165228,0.6667540953519824,0.06144348484374149,-0.00011359998659973936,-5046078.098756705,-100921.56199273973,1.8360916128851932e-05,1.7878589819681974e-05,3613.06957971783,3425.738061985093,2071135.7885853087,41422.71577893231,5.319073442512,0.10638146886879811,1963750.917592435,39275.018358700174,5.043288523641025,0.10086577049041641,"[0.523,0.609]",0.57,"[0.322,0.438]",0.38,0.0036,0.0,16,0.0594,0.06,0.6517835225290001,0,0.6817835225290001,0.005,0.0,11,0.0575,0.05,0.5941835225290001,1,0.6691835225290002,0.06247682227496654,0.061142382176221366,0.061421859494010606,0.06155441160618435,0.06506319616208411,0.08996704583847139,0.061362613622095476,0.06090564689723848
26,56,0.3299,140.0,0.07262,979.2451299,19.5849026,Altemus:1973,1.430489626,0.048499603,0.0089,0.33880000000000005,0.25728,0.26618,1.0,0.0,0.0,979.2451299,19.5849026,2.443460952792061,0.8830222215594888,0.11697777844051105,7.548632170413027,0.003643966760684958,0.06897603323931505,4.433234524286382,1.0546835497469953,0.2997919498720643,0.3185300770075119,0.3238037414075119,0.5690375571150923,0.7168390431769358,0.6981009160414882,0.06117248645814666,-9.690083264801686e-05,-10105642.058381641,-202112.84118827246,1.8360916128851925e-05,1.7878589819681964e-05,3631.1717481348746,3442.901663732164,3555807.2501915456,71116.14501109325,9.131994152881896,0.18263988307628898,3371444.686934329,67428.89374557238,8.658515774776747,0.173170315513219,"[0.523,0.609]",0.57,"[0.206,0.322]",0.265,0.0036,0.0,19,0.0702,0.06,0.6517835225290001,0,0.6817835225290001,0.005,0.0,13,0.0675,0.015,0.7091835225290001,-1,0.7016835225290001,0.07326278872385217,0.07004008230710175,0.061158844656472276,0.06106220978809728,0.06506319616208411,0.046003295416152924,0.061362613622095476,0.06166052340054312
26,56,0.3299,140.0,0.08282,1532.312908,30.64625815,Altemus:1973,1.251572045,0.037244351,0.0089,0.33880000000000005,0.24708000000000002,0.25598000000000004,1.0,0.0,0.0,1532.312908,30.64625815,2.443460952792061,0.8830222215594888,0.11697777844051105,7.548632170413027,0.003643966760684958,0.07917603323931505,4.433234524286382,1.0546835497469953,0.2879065414116513,0.3063240255180063,0.3131831779180063,0.5596277136793766,0.7478652208373489,0.7294477367309938,0.06084457293822401,-8.020645553948547e-05,-19104608.19759883,-382092.1638272983,1.836091612885193e-05,1.7878589819681967e-05,3653.292158706783,3463.8751686068867,5597986.731481588,111959.73459309885,14.376702251520104,0.2875340449365785,5307740.632557009,106154.81261650143,13.631294671248913,0.2726258933360193,"[0.523,0.609]",0.57,"[0.206,0.322]",0.265,0.0036,0.0,21,0.0774,0.06,0.6517835225290001,1,0.741783522529,0.005,0.0,15,0.0775,0.015,0.7091835225290001,1,0.731683522529,0.0804521959133524,0.08004008230710175,0.06096021804780014,0.060745063821580625,0.09453071926566958,0.061990113751541405,0.0605171426523584,0.06128881692965893
26,56,0.3299,140.0,0.09302,2217.615671,44.35231342,Altemus:1973,1.253959393,0.032144434,0.0089,0.33880000000000005,0.23688000000000003,0.24578000000000003,1.0,0.0,0.0,2217.615671,44.35231342,2.443460952792061,0.8830222215594888,0.11697777844051105,7.548632170413027,0.003643966760684958,0.08937603323931505,4.433234524286382,1.0546835497469953,0.2760211329512383,0.2941179740285006,0.3027706944285006,0.5502460308157621,0.7788913984977617,0.7607945574204994,0.060454323802305046,-6.351951772801661e-05,-34912350.57066364,-698247.0114132728,1.8360916128851925e-05,1.7878589819681964e-05,3679.931508704448,3489.133313577532,8160673.781909657,163213.47563819314,20.95817349378573,0.4191634698757146,7737556.714397692,154751.13428795384,19.871527814019018,0.3974305562803804,"[0.523,0.609]",0.57,"[0.206,0.322]",0.265,0.0036,0.0,24,0.0882,0.06,0.6517835225290001,1,0.741783522529,0.005,0.0,17,0.08750000000000001,0.015,0.7091835225290001,3,0.7616835225290001,0.091234452054195,0.09004008230710175,0.060627313203174105,0.06038961318744171,0.09453071926566958,0.07797693208692995,0.0605171426523584,0.06081367570394268
26,56,0.3299,140.0,0.10323,2979.311331,59.58622663,Altemus:1973,1.11321028,0.029842467,0.0089,0.33880000000000005,0.22667000000000004,0.23557000000000003,1.0,0.0,0.0,2979.311331,59.58622663,2.443460952792061,0.8830222215594888,0.11697777844051105,7.548632170413027,0.003643966760684958,0.09958603323931504,4.433234524286382,1.0546835497469953,0.26412407212958966,0.2818999558218483,0.2925563887218483,0.5408848201991329,0.8099479939794103,0.7921721102871517,0.05999529452184616,-4.682668945190482e-05,-63624214.435658924,-1272484.288926732,1.836091612885192e-05,1.7878589819681957e-05,3711.711157970108,3519.265242034446,11058343.110339474,221166.8622439066,28.399943393653295,0.5679988679683897,10484986.812387682,209699.7362829463,26.927454590968132,0.5385490919097441,"[0.523,0.609]",0.57,"[0.206,0.322]",0.265,0.0036,0.0,27,0.09899999999999999,0.06,0.6517835225290001,2,0.8017835225290001,0.005,0.0,19,0.0975,0.015,0.7091835225290001,5,0.7916835225290001,0.1020144838472774,0.10004008230710175,0.06025239343563581,0.05999725491567274,0.12318049522671026,0.09396375042231848,0.0593934412502608,0.06023998321018782
26,56,0.3299,140.0,0.11349,3730.447578,74.60895157,Altemus:1973,1.072203781,0.025477372,0.0089,0.33880000000000005,0.21641000000000005,0.22531000000000004,1.0,0.0,0.0,3730.447578,74.60895157,2.443460952792061,0.8830222215594888,0.11697777844051105,7.548632170413027,0.003643966760684958,0.10984603323931504,4.433234524286382,1.0546835497469953,0.2521687495017625,0.26962210402946324,0.28250208412946326,0.531509251217195,0.8411566785672374,0.8237033240395366,0.059458447488533024,-3.0066112812909642e-05,-124074821.41815946,-2481496.42869579,1.8360916128851922e-05,1.7878589819681964e-05,3749.5030915531265,3555.0977280840143,13987324.726587873,279746.4945692525,35.922129246679525,0.7184425850298849,13262105.709284313,265242.11422123725,34.059627890561835,0.6811925579025385,"[0.523,0.609]",0.57,"[0.206,0.322]",0.265,0.0036,0.0,30,0.1098,0.06,0.6517835225290001,2,0.8017835225290001,0.005,0.0,21,0.1075,0.015,0.7091835225290001,7,0.821683522529,0.11279229266865087,0.11004008230710174,0.059835384257825676,0.05956950219005574,0.12318049522671026,0.10995056875770697,0.0593934412502608,0.059573483466687664
26,56,0.3299,140.0,0.12369,4363.319487,87.26638974,Altemus:1973,1.093112712,0.026076477,0.0089,0.33880000000000005,0.20621000000000003,0.21511000000000002,1.0,0.0,0.0,4363.319487,87.26638974,2.443460952792061,0.8830222215594888,0.11697777844051105,7.548632170413027,0.003643966760684958,0.12004603323931504,4.433234524286382,1.0546835497469953,0.24028334104134946,0.2574160525399575,0.2727152686399575,0.5222214747020247,0.8721828562276506,0.8550501447290425,0.05884238582601296,-1.3421331839671687e-05,-325103316.0585899,-6502066.321171797,1.8360916128851922e-05,1.7878589819681964e-05,3793.724190545071,3597.0260382416463,16553230.688908609,331064.6137781722,42.51186727128576,0.8502373454257152,15694973.807906182,313899.47615812364,40.30769919705659,0.8061539839411318,"[0.428,0.523]",0.475,"[0.206,0.322]",0.265,0.0036,0.0,33,0.1206,0.032,0.7510585225290001,3,0.8630585225290001,0.005,0.0,24,0.1225,0.015,0.7091835225290001,9,0.851683522529,0.12261854773613123,0.12504008230710173,0.05822364785372936,0.058865066677843796,0.10512698204379911,0.12593738709309552,0.059259769069770006,0.05882064299974661
26,56,0.3299,140.0,0.13396,4803.946404,96.07892807,Altemus:1973,1.052801088,0.024282119,0.0089,0.33880000000000005,0.19594000000000003,0.20484000000000002,1.0,0.0,0.0,4803.946404,96.07892807,2.443460952792061,0.8830222215594888,0.11697777844051105,7.548632170413027,0.003643966760684958,0.13031603323931504,4.433234524286382,1.0546835497469953,0.22831636605228656,0.24512623403042583,0.2630715156304258,0.5129049771940469,0.9034219586367135,0.8866120906585742,0.058131052441688286,3.315356555217341e-06,1448998418.1158679,28979968.35930109,1.8360916128851925e-05,1.7878589819681964e-05,3845.953941885932,3646.547765733642,18475756.60907255,369515.13214299147,47.44928210465595,0.9489856419943474,17517820.026210364,350356.4004877418,44.98911746185706,0.899782349143491,"[0.428,0.523]",0.475,"[0.206,0.322]",0.265,0.0036,0.0,36,0.1314,0.032,0.7510585225290001,4,0.8950585225290001,0.005,0.0,26,0.1325,0.015,0.7091835225290001,11,0.8816835225290001,0.13339211030218934,0.13504008230710174,0.057504929436032526,0.05835608354054932,0.12035040921075424,0.14192420542848405,0.05836711890567861,0.057988502738481426
26,56,0.3299,140.0,0.14423,5002.90942,100.0581884,Altemus:1973,1.073075594,0.025441196,0.0089,0.33880000000000005,0.18567000000000003,0.19457000000000002,1.0,0.0,0.0,5002.90942,100.0581884,2.443460952792061,0.8830222215594888,0.11697777844051105,7.548632170413027,0.003643966760684958,0.14058603323931504,4.433234524286382,1.0546835497469953,0.21634939106322365,0.23283641552089415,0.25363870842089414,0.5036255637086884,0.9346610610457764,0.9181740365881059,0.05731940576871027,2.0024652621116274e-05,249837513.5219256,4996750.270438513,1.8360916128851925e-05,1.7878589819681964e-05,3907.13809496285,3704.5596244486046,19547057.980530497,390941.15961061,50.20058924021604,1.004011784804321,18533576.242105585,370671.52484211174,47.59777399795275,0.9519554799590552,"[0.428,0.523]",0.475,"[0.206,0.322]",0.265,0.0036,0.0,39,0.1422,0.032,0.7510585225290001,5,0.927058522529,0.005,0.0,28,0.14250000000000002,0.015,0.7091835225290001,13,0.9116835225290001,0.1441634538954233,0.14504008230710175,0.05672464685198068,0.057817712389273454,0.1353579992399624,0.1579110237638726,0.05736713114962581,0.05708452574638834
26,56,0.3299,140.0,0.1545,4956.468976,99.12937951,Altemus:1973,1.136212095,0.026165805,0.0089,0.33880000000000005,0.17540000000000003,0.18430000000000002,1.0,0.0,0.0,4956.468976,99.12937951,2.443460952792061,0.8830222215594888,0.11697777844051105,7.548632170413027,0.003643966760684958,0.15085603323931504,4.433234524286382,1.0546835497469953,0.20438241607416077,0.22054659701136245,0.24441684701136246,0.4943853224068879,0.9659001634548394,0.9497359825176377,0.05639752381879819,3.6700912035551605e-05,135050294.42316708,2701005.888190869,1.8360916128851925e-05,1.7878589819681964e-05,3978.7753105005872,3772.482572099511,19720676.388970926,394413.52773963084,50.64647457064987,1.0129294913108151,18698192.831111908,373963.8565845134,48.02054093173189,0.9604108185377533,"[0.428,0.523]",0.475,"[0.206,0.322]",0.265,0.0036,0.0,41,0.1494,0.032,0.7510585225290001,6,0.959058522529,0.005,0.0,30,0.1525,0.015,0.7091835225290001,16,0.956683522529,0.1513431175384241,0.15504008230710173,0.056170125887857365,0.05725181222845675,0.15015868023032108,0.18189125126695535,0.05626350741551623,0.0556108236831629
26,56,0.3299,140.0,0.16476,4690.725062,93.81450124,Altemus:1973,1.167303546,0.027727057,0.0089,0.33880000000000005,0.16514000000000004,0.17404000000000003,1.0,0.0,0.0,4690.725062,93.81450124,2.443460952792061,0.8830222215594888,0.11697777844051105,7.548632170413027,0.003643966760684958,0.16111603323931503,4.433234524286382,1.0546835497469953,0.19242709344633357,0.2082687452189773,0.2354146028189773,0.48519542745060706,0.9971088480426665,0.9812671962700228,0.05535550781862722,5.332159547371796e-05,87970455.87865134,1759409.1175730263,1.8360916128851925e-05,1.7878589819681964e-05,4062.629906000025,3851.9894493230663,19056679.917705026,381133.5983541004,48.94120444027152,0.9788240888054303,18068623.44849929,361372.4689699857,46.403686159712905,0.928073723194258,"[0.428,0.523]",0.475,"[0.206,0.322]",0.265,0.0036,0.0,44,0.1602,0.032,0.7510585225290001,7,0.9910585225290001,0.005,0.0,32,0.1625,0.015,0.7091835225290001,18,0.986683522529,0.1621107658885208,0.16504008230710174,0.05528663348411065,0.05666027906941211,0.1647607812274835,0.1978780696023439,0.05505962374254543,0.05456133296317629
26,56,0.3299,140.0,0.17503,4269.028693,85.38057386,Altemus:1973,1.244404848,0.031686365,0.0089,0.33880000000000005,0.15487000000000004,0.16377000000000003,1.0,0.0,0.0,4269.028693,85.38057386,2.443460952792061,0.8830222215594888,0.11697777844051105,7.548632170413027,0.003643966760684958,0.17138603323931503,4.433234524286382,1.0546835497469953,0.1804601184572707,0.1959789267094456,0.2266144276094456,0.4760403634246214,1.0283479504517292,1.0128291421995543,0.0541791801791338,6.991194329365716e-05,61062938.48918533,1221258.7697837066,1.8360916128851925e-05,1.7878589819681964e-05,4161.181098423435,3945.4309298951785,17764201.505938902,355284.03011877806,45.62187229752433,0.9124374459504866,16843157.845972188,336863.15691944375,43.256455747762836,0.8651291149552567,"[0.428,0.523]",0.475,"[0.145,0.206]",0.16,0.0036,0.0,47,0.17099999999999999,0.032,0.7510585225290001,8,1.023058522529,0.005,0.0,34,0.17250000000000001,0.03,0.8141835225290001,6,1.009183522529,0.17287619891739325,0.17403363460051427,0.05434081316657635,0.05275611465203796,0.17917208703067822,0.15391431918002543,0.05375856200197082,0.054547734746633936
26,56,0.3299,140.0,0.1853,3763.379955,75.26759911,Altemus:1973,1.254616875,0.035529232,0.0089,0.33880000000000005,0.14460000000000003,0.15350000000000003,1.0,0.0,0.0,3763.379955,75.26759911,2.443460952792061,0.8830222215594888,0.11697777844051105,7.548632170413027,0.003643966760684958,0.18165603323931503,4.433234524286382,1.0546835497469953,0.16849314346820782,0.18368910819991394,0.21802519819991395,0.4669316847247721,1.0595870528607922,1.044391088129086,0.05285602018267709,8.64476714298228e-05,43533618.57820621,870672.3716798011,1.8360916128851922e-05,1.7878589819681964e-05,4277.291548602485,4055.521250548139,16097073.275701499,321941.4655568029,41.3403676547144,0.826807353204137,15262467.381389398,305249.3476683432,39.196939844782264,0.783938796999799,"[0.428,0.523]",0.475,"[0.145,0.206]",0.16,0.0036,0.0,50,0.1818,0.032,0.7510585225290001,9,1.0550585225290001,0.005,0.0,36,0.1825,0.03,0.8141835225290001,7,1.039183522529,0.18363941799179884,0.18403363460051425,0.053332332793717865,0.05183223450255169,0.19339988671638675,0.16990113751541397,0.052363137465449135,0.053132035294289705
26,56,0.3299,140.0,0.19557,3257.86012,65.15720239,Altemus:1973,1.289005619,0.039148397,0.0089,0.33880000000000005,0.13433000000000003,0.14323000000000002,1.0,0.0,0.0,3257.86012,65.15720239,2.443460952792061,0.8830222215594888,0.11697777844051105,7.548632170413027,0.003643966760684958,0.19192603323931504,4.433234524286382,1.0546835497469953,0.1565261684791449,0.17139928969038223,0.20964691459038223,0.45787215965854733,1.090826155269855,1.0759530340586179,0.051371074119125754,0.00010291970753055969,31654385.71648342,633087.7142325053,1.836091612885193e-05,1.7878589819681967e-05,4414.742594660477,4185.845693449486,14382613.839209693,287652.2767400464,36.93730740769089,0.7387461480404387,13636899.753162825,272737.99502139806,35.02217078909751,0.7004434156744497,"[0.428,0.523]",0.475,"[0.145,0.206]",0.16,0.0036,0.0,53,0.1926,0.032,0.7510585225290001,10,1.0870585225290001,0.005,0.0,38,0.1925,0.03,0.8141835225290001,8,1.069183522529,0.19440042447710937,0.19403363460051426,0.05226083480385848,0.050891233116922015,0.2074510167374516,0.1858879558508025,0.05087592308048861,0.051658926649729785
26,56,0.3299,140.0,0.20583,2833.172743,56.66345485,Altemus:1973,1.431222297,0.045249624,0.0089,0.33880000000000005,0.12407000000000001,0.13297,1.0,0.0,0.0,2833.172743,56.66345485,2.443460952792061,0.8830222215594888,0.11697777844051105,7.548632170413027,0.003643966760684958,0.20218603323931505,4.433234524286382,1.0546835497469953,0.14457084585131771,0.15912143789799707,0.20148742679799708,0.44887350868367926,1.1220348398576823,1.107484247811003,0.0497094431879331,0.00011930192381447106,23747921.67983751,474958.4335129292,1.8360916128851922e-05,1.7878589819681964e-05,4578.310422051874,4340.932806954418,12971144.296750197,259422.88588922084,33.31238324791911,0.6662476648408023,12298612.507857738,245972.25011374545,31.58519278688883,0.6317038556262932,"[0.428,0.523]",0.475,"[0.145,0.206]",0.16,0.0036,0.0,56,0.2034,0.032,0.7510585225290001,11,1.119058522529,0.005,0.0,40,0.2025,0.03,0.8141835225290001,9,1.099183522529,0.2051592197372969,0.20403363460051427,0.051125935874122744,0.049936685854569264,0.22133189932088493,0.20187477418619104,0.04929927090984288,0.0501437320517064
26,56,0.3299,140.0,0.21617,2550.287792,51.00575583,Altemus:1973,1.435092938,0.051092273,0.0089,0.33880000000000005,0.11373000000000003,0.12263000000000003,1.0,0.0,0.0,2550.287792,51.00575583,2.443460952792061,0.8830222215594888,0.11697777844051105,7.548632170413027,0.003643966760684958,0.21252603323931504,4.433234524286382,1.0546835497469953,0.13252230433360493,0.1467478523684394,0.19347732126843942,0.4398605702588485,1.153486867015395,1.1392613189805607,0.047836034522886255,0.00013572566974983521,18790018.105643544,375800.36203919287,1.836091612885193e-05,1.7878589819681967e-05,4776.3882306582245,4528.740617793856,12181164.59450015,243623.29184223912,31.28356404759429,0.625671280829219,11549591.910694208,230991.83816859673,29.661564414367515,0.5932312881710434,"[0.428,0.523]",0.475,"[0.145,0.206]",0.16,0.0036,0.0,59,0.2142,0.032,0.7510585225290001,12,1.151058522529,0.005,0.0,42,0.2125,0.03,0.8141835225290001,10,1.1291835225290001,0.21591580513489816,0.21403363460051425,0.049927226552502084,0.0489719867318749,0.23504857677637536,0.2178615925215796,0.04763533111909179,0.048600696051094336
26,56,0.3299,140.0,0.22643,2450.587964,49.01175928,Altemus:1973,1.561992492,0.057206679,0.0089,0.33880000000000005,0.10347000000000003,0.11237000000000004,1.0,0.0,0.0,2450.587964,49.01175928,2.443460952792061,0.8830222215594888,0.11697777844051105,7.548632170413027,0.003643966760684958,0.22278603323931503,4.433234524286382,1.0546835497469953,0.12056698170577775,0.13447000057605427,0.18574054547605426,0.43097627020063906,1.1846955516032223,1.1707925327329458,0.04575919891606351,0.00015192388730924137,16130366.37886854,322607.3275773708,1.8360916128851925e-05,1.7878589819681964e-05,5014.97598996842,4754.958007234916,12289639.800765594,245792.7960153119,31.562149156304926,0.6312429831260986,11652442.86185531,233048.85723710622,29.925705358613275,0.5985141071722656,"[0.428,0.523]",0.475,"[0.100,0.145]",0.12,0.0036,0.0,61,0.22139999999999999,0.032,0.7510585225290001,13,1.183058522529,0.005,0.0,44,0.2225,0.008,0.8541835225290001,39,1.170183522529,0.2230856350374495,0.2236502259503857,0.04909242259407676,0.044662327447308754,0.24860674223549706,0.2183944864660925,0.04588606883697597,0.04525308128322424
26,56,0.3299,140.0,0.23683,2544.774202,50.89548404,Altemus:1973,1.552554249,0.059435529,0.0089,0.33880000000000005,0.09307000000000001,0.10197000000000002,1.0,0.0,0.0,2544.774202,50.89548404,2.443460952792061,0.8830222215594888,0.11697777844051105,7.548632170413027,0.003643966760684958,0.23318603323931505,4.433234524286382,1.0546835497469953,0.10844852602065075,0.12202461474361707,0.17811306364361706,0.4220344341918288,1.2163300856883494,1.202753996965383,0.043408992483929515,0.0001682282304714518,15126915.351058433,302538.30702116864,1.836091612885193e-05,1.7878589819681967e-05,5312.564168444527,5037.116744372226,13519276.242327215,270385.5248465443,34.720091081842746,0.6944018216368549,12818324.74354067,256366.4948708134,32.919913361853084,0.6583982672370616,"[0.340,0.428]",0.38,"[0.100,0.145]",0.12,0.0036,0.0,64,0.2322,0.008,0.8322835225290001,46,1.204283522529,0.005,0.0,46,0.2325,0.008,0.8541835225290001,43,1.202183522529,0.23306344997053685,0.2336502259503857,0.039681239037359615,0.043543449219453134,0.22305534397899718,0.23544709269050693,0.041608421403860424,0.04334330608523505
26,56,0.3299,140.0,0.2471,2824.418286,56.48836571,Altemus:1973,1.597532498,0.060536359,0.0089,0.33880000000000005,0.08280000000000004,0.09170000000000005,1.0,0.0,0.0,2824.418286,56.48836571,2.443460952792061,0.8830222215594888,0.11697777844051105,7.548632170413027,0.003643966760684958,0.24345603323931503,4.433234524286382,1.0546835497469953,0.0964815510315879,0.10973479623408541,0.1707932062340854,0.4132713469793005,1.247569188097412,1.2343159428949146,0.04082023666635207,0.00018419887415887867,15333526.325268578,306670.5264510824,1.8360916128851922e-05,1.7878589819681964e-05,5680.097670697057,5385.5942591117855,16042971.727382774,320859.4344908545,41.20142451518347,0.8240284901577936,15211170.90641195,304223.418074383,39.06520067091892,0.7813040132800659,"[0.340,0.428]",0.38,"[0.100,0.145]",0.12,0.0036,0.0,67,0.243,0.008,0.8322835225290001,50,1.236283522529,0.005,0.0,48,0.2425,0.008,0.8541835225290001,47,1.234183522529,0.24381430805156867,0.24365022595038568,0.03750754963246302,0.042433904822435316,0.23675190293993353,0.25249969891492136,0.03894762358082341,0.041462028736025745
26,56,0.3299,140.0,0.25737,3276.257994,65.52515989,Altemus:1973,1.582903425,0.061145978,0.0089,0.33880000000000005,0.07253000000000004,0.08143000000000004,1.0,0.0,0.0,3276.257994,65.52515989,2.443460952792061,0.8830222215594888,0.11697777844051105,7.548632170413027,0.003643966760684958,0.25372603323931503,4.433234524286382,1.0546835497469953,0.084514576042525,0.09744497772455371,0.1636842946245537,0.4045791574272625,1.278808290506475,1.2658778888244464,0.03793655611237428,0.0002000222062145217,16379471.33972839,327589.42684456223,1.8360916128851925e-05,1.7878589819681964e-05,6148.664967001599,5829.867137376498,20144612.750566732,402892.2550728213,51.73522435456417,1.0347044872491928,19100148.81278765,382002.9763140516,49.05284088954907,0.9810568179407034,"[0.340,0.428]",0.38,"[0.070,0.100]",0.093,0.0036,0.0,70,0.25379999999999997,0.008,0.8322835225290001,54,1.2682835225290001,0.005,0.0,50,0.2525,0.008,0.8811835225290001,48,1.269183522529,0.25456296115632426,0.25339142511154894,0.03522579028861132,0.03770679637353693,0.2502906384009903,0.25676285047102493,0.0361458183635844,0.037313951339834305
26,56,0.3299,140.0,0.2677,3890.133828,77.80267656,Altemus:1973,1.645213322,0.06714422,0.0089,0.33880000000000005,0.06220000000000003,0.07110000000000004,1.0,0.0,0.0,3890.133828,77.80267656,2.443460952792061,0.8830222215594888,0.11697777844051105,7.548632170413027,0.003643966760684958,0.26405603323931504,4.433234524286382,1.0546835497469953,0.07247768688604792,0.08508335891214257,0.15674664891214257,0.3959124258117476,1.310229899842952,1.2976242278168575,0.03470624274701849,0.0002157688385286053,18029173.510540403,360583.47021080804,1.8360916128851925e-05,1.7878589819681964e-05,6766.166832468608,6415.352580488927,26321294.480877742,526425.8896175547,67.59812621528063,1.3519625243056124,24956580.091907065,499131.60183814133,64.09327824587434,1.2818655649174868,"[0.340,0.428]",0.38,"[0.070,0.100]",0.093,0.0036,0.0,73,0.2646,0.008,0.8322835225290001,58,1.3002835225290001,0.005,0.0,52,0.2625,0.008,0.8811835225290001,52,1.301183522529,0.2653094106409526,0.26339142511154895,0.03283455261146434,0.0365505846531725,0.26367688353466734,0.2738154566954394,0.033204955663538205,0.03537518477340845
26,56,0.3686,140.0,0.0299,2.126433151,0.042528663,Altemus:1973,4.622764649,1.150188991,0.0089,0.3775,0.3387,0.3476,1.0,0.0,0.0,2.126433151,0.042528663,2.443460952792061,0.8830222215594888,0.11697777844051105,7.548632170413027,0.004543160348493058,0.02535683965150694,4.433234524286382,1.0488738312377877,0.440963001226378,0.4634771715632583,0.4643711815632583,0.6814478568190366,0.49550194670262204,0.47298777636574174,0.062010174871932895,-0.00017413089212758322,-12211.693887388992,-244.23387763292374,1.470782033687196e-05,1.4361066426943058e-05,4439.271576676809,4232.417135851292,9439.814246937605,188.79628484996667,0.024243251234352406,0.00048486502445903014,8999.952106534658,179.99904204604482,0.023113600999791057,0.000462272019778428,"[0.609,0.702]",0.649,"[0.438,0.650]",0.5,0.0036,0.0,7,0.027,0.018,0.5554825225290001,-5,0.47448252252900014,0.005,0.0,5,0.0275,0.1,0.4741835225290001,-1,0.4241835225290001,0.031028074586437526,0.03229260812660706,0.06198916551379891,0.06200107896846229,0.008132580356012165,0.02335530277435249,0.062113208036780526,0.062058860195250934
26,56,0.3686,140.0,0.05011,51.73455795,1.034691159,Altemus:1973,1.394019836,0.132632814,0.0089,0.3775,0.31849,0.32739,1.0,0.0,0.0,51.73455795,1.034691159,2.443460952792061,0.8830222215594888,0.11697777844051105,7.548632170413027,0.004543160348493058,0.045566839651506943,4.433234524286382,1.0488738312377877,0.41465103708470363,0.43652989412570525,0.43904090622570524,0.6626016195465456,0.5597389055042964,0.5378600484632947,0.06178901316446771,-0.0001463665297047143,-353458.9366460445,-7069.17873292089,1.4707820336871962e-05,1.436106642694306e-05,4457.262229324522,4249.569487365757,230594.4911013357,4611.889822026714,0.5922108247883061,0.011844216495766122,219849.59890667556,4396.991978133511,0.5646158833893602,0.011292317667787204,"[0.609,0.702]",0.649,"[0.322,0.438]",0.38,0.0036,0.0,12,0.045,0.018,0.5554825225290001,-1,0.5464825225290001,0.005,0.0,9,0.0475,0.05,0.5941835225290001,-2,0.519183522529,0.04901427515550694,0.051142382176221364,0.061789924126954006,0.06172390315957827,0.04543606396606925,0.010032954161528676,0.061836704143251715,0.06210692706971778
26,56,0.3686,140.0,0.07045,207.5269637,4.150539273,Altemus:1973,1.528331521,0.071879816,0.0089,0.3775,0.29814999999999997,0.30705,1.0,0.0,0.0,207.5269637,4.150539273,2.443460952792061,0.8830222215594888,0.11697777844051105,7.548632170413027,0.004543160348493058,0.06590683965150694,4.433234524286382,1.0488738312377877,0.3881698223077785,0.40940927942606,0.41437248192605997,0.6437177035984485,0.6243890659212215,0.60314960880294,0.06142398222131271,-0.0001184188121927664,-1752483.071373661,-35049.66141902861,1.470782033687196e-05,1.4361066426943058e-05,4487.240559764707,4278.150933052895,931223.408759458,18624.468170701915,2.3915600946479945,0.04783120188143579,887831.6733867894,17756.633463457634,2.2801218062859743,0.045602436114732366,"[0.609,0.702]",0.649,"[0.322,0.438]",0.38,0.0036,0.0,18,0.06659999999999999,0.018,0.5554825225290001,2,0.6004825225290001,0.005,0.0,13,0.0675,0.05,0.5941835225290001,0,0.6191835225290001,0.07058954065755074,0.07114238217622137,0.06143258621447881,0.06135592091049179,0.07251061805531867,0.06332234861282382,0.061394501922099665,0.061513594607791156
26,56,0.3686,140.0,0.09085,607.4816076,12.14963215,Altemus:1973,1.374823516,0.058783673,0.0089,0.3775,0.27775,0.28665,1.0,0.0,0.0,607.4816076,12.14963215,2.443460952792061,0.8830222215594888,0.11697777844051105,7.548632170413027,0.004543160348493058,0.08630683965150694,4.433234524286382,1.0488738312377877,0.3616104918530454,0.38220866291314154,0.39046238541314154,0.6248698947886204,0.6892299347759547,0.6686317637158585,0.060889151400978093,-9.039423627551532e-05,-6720357.764276457,-134407.15526340384,1.4707820336871962e-05,1.436106642694306e-05,4531.815382136363,4320.648725489049,2752994.493686606,55059.8898646685,7.070217210988552,0.14140434419649392,2624714.6336349784,52494.292664058274,6.740769957664889,0.13481539913110527,"[0.609,0.702]",0.649,"[0.322,0.438]",0.38,0.0036,0.0,23,0.0846,0.018,0.5554825225290001,6,0.6724825225290001,0.005,0.0,17,0.08750000000000001,0.05,0.5941835225290001,1,0.6691835225290002,0.08856212342651304,0.09114238217622136,0.06103617278667912,0.06087429171231437,0.10752025037456614,0.08996704583847139,0.0605204901551082,0.06090564689723848
26,56,0.3686,140.0,0.11125,1373.789709,27.47579418,Altemus:1973,1.289280294,0.039495856,0.0089,0.3775,0.25734999999999997,0.26625,1.0,0.0,0.0,1373.789709,27.47579418,2.443460952792061,0.8830222215594888,0.11697777844051105,7.548632170413027,0.004543160348493058,0.10670683965150694,4.433234524286382,1.0488738312377877,0.33505116139831226,0.355008046400223,0.367384608900223,0.6061226022020817,0.7540708036306878,0.7341139186287771,0.060155453469300346,-6.238835870548422e-05,-22019968.749061473,-440399.37498122954,1.4707820336871962e-05,1.436106642694306e-05,4594.258865714028,4380.182562370053,6311545.550199944,126230.91100399889,16.209257984095967,0.32418515968191935,6017449.727725229,120348.9945545046,15.453963576312358,0.3090792715262472,"[0.523,0.609]",0.57,"[0.322,0.438]",0.38,0.0036,0.0,29,0.1062,0.06,0.6517835225290001,1,0.741783522529,0.005,0.0,21,0.1075,0.05,0.5941835225290001,2,0.7191835225290001,0.10919993664016658,0.11114238217622135,0.05997906898234841,0.06028443443183943,0.09453071926566958,0.1166117430641189,0.0605171426523584,0.060105112215300155
26,56,0.3686,140.0,0.13172,2407.294046,48.14588092,Altemus:1973,1.13891363,0.031903456,0.0089,0.3775,0.23687999999999998,0.24577999999999997,1.0,0.0,0.0,2407.294046,48.14588092,2.443460952792061,0.8830222215594888,0.11697777844051105,7.548632170413027,0.004543160348493058,0.12717683965150695,4.433234524286382,1.0488738312377877,0.30840069598613645,0.3277140944384856,0.3450642528384856,0.5874216993255233,0.8191341656628635,0.7998207672105144,0.059183650097267324,-3.432170294438018e-05,-70139120.13343643,-1402782.4026687285,1.4707820336871959e-05,1.4361066426943055e-05,4679.359172034195,4461.317493746632,11264593.473933406,225291.86947866814,28.929633835751385,0.5785926767150278,10739703.040011909,214794.0608002382,27.581614655798212,0.5516322931159643,"[0.523,0.609]",0.57,"[0.322,0.438]",0.38,0.0036,0.0,35,0.1278,0.06,0.6517835225290001,2,0.8017835225290001,0.005,0.0,25,0.1275,0.05,0.5941835225290001,4,0.8191835225290001,0.13075037116679766,0.13114238217622137,0.059046598672643606,0.05959281079938216,0.12318049522671026,0.16990113751541397,0.0593934412502608,0.057990795339005384
26,56,0.3686,140.0,0.15219,3313.238924,66.26477848,Altemus:1973,1.19626145,0.029228499,0.0089,0.3775,0.21641,0.22530999999999998,1.0,0.0,0.0,3313.238924,66.26477848,2.443460952792061,0.8830222215594888,0.11697777844051105,7.548632170413027,0.004543160348493058,0.14764683965150693,4.433234524286382,1.0488738312377877,0.28175023057396065,0.3004201424767483,0.32358193857674833,0.5688426307659689,0.8841975276950395,0.8655276157922518,0.057933287577727886,-6.311102810880151e-06,-524985731.22403836,-10499714.624480767,1.4707820336871954e-05,1.4361066426943051e-05,4793.06764207838,4569.727549043747,15880578.277098991,317611.5655419798,40.784367027498234,0.8156873405499646,15140599.187566862,302811.9837513372,38.88395897852475,0.777679179570495,"[0.523,0.609]",0.57,"[0.206,0.322]",0.265,0.0036,0.0,41,0.1494,0.06,0.6517835225290001,3,0.861783522529,0.005,0.0,29,0.1475,0.015,0.7091835225290001,10,0.866683522529,0.152291928455476,0.15004008230710172,0.05794474236054643,0.05753808563648019,0.15107704591224025,0.1339307962607898,0.05801141988999975,0.058414027008093866
26,56,0.3686,140.0,0.16325,3601.996303,72.03992606,Altemus:1973,1.142449812,0.030061108,0.0089,0.3775,0.20534999999999998,0.21424999999999997,1.0,0.0,0.0,3601.996303,72.03992606,2.443460952792061,0.8830222215594888,0.11697777844051105,7.548632170413027,0.004543160348493058,0.15870683965150695,4.433234524286382,1.0488738312377877,0.26735090729801214,0.28567314156337187,0.31232370406337184,0.5588592882500674,0.9193514497309879,0.9010292154656282,0.05712426983499416,8.790943020653711e-06,409739466.46421885,8194789.329284377,1.4707820336871959e-05,1.4361066426943055e-05,4869.301515953559,4642.409192540576,17539206.058657013,350784.1211731403,45.04404088979192,0.9008808177958386,16721940.74854437,334438.81497088744,42.94514702176805,0.8589029404353611,"[0.523,0.609]",0.57,"[0.206,0.322]",0.265,0.0036,0.0,44,0.1602,0.06,0.6517835225290001,4,0.9217835225290001,0.005,0.0,31,0.1575,0.015,0.7091835225290001,12,0.8966835225290001,0.1630593815618937,0.16004008230710173,0.057329996343816775,0.05695913021069876,0.17827682984594106,0.14991761459617833,0.05638804308954584,0.057545015060106064
26,56,0.3686,140.0,0.17273,3703.64955,74.072991,Altemus:1973,1.197197505,0.03351559,0.0089,0.3775,0.19587,0.20476999999999998,1.0,0.0,0.0,3703.64955,74.072991,2.443460952792061,0.8830222215594888,0.11697777844051105,7.548632170413027,0.004543160348493058,0.16818683965150694,4.433234524286382,1.0488738312377877,0.25500863020434206,0.2730328550661922,0.3028685079661922,0.5503349052769524,0.949483382904658,0.9314591580428078,0.05634749702628203,2.1713024272561175e-05,170572717.25525194,3411454.345105039,1.4707820336871959e-05,1.4361066426943055e-05,4944.563727005465,4714.164449283981,18312931.222470112,366258.62444940227,47.03111532176464,0.9406223064352928,17459613.041216616,349192.2608243323,44.83963077452575,0.896792615490515,"[0.523,0.609]",0.57,"[0.206,0.322]",0.265,0.0036,0.0,46,0.1674,0.06,0.6517835225290001,4,0.9217835225290001,0.005,0.0,33,0.1675,0.015,0.7091835225290001,14,0.9266835225290001,0.1702364528813618,0.17004008230710174,0.056896437299430086,0.05635549931062794,0.17827682984594106,0.16590443293156687,0.05638804308954584,0.056608008875426066
26,56,0.3686,140.0,0.18339,3659.046104,73.18092208,Altemus:1973,1.200148857,0.034864278,0.0089,0.3775,0.18520999999999999,0.19410999999999998,1.0,0.0,0.0,3659.046104,73.18092208,2.443460952792061,0.8830222215594888,0.11697777844051105,7.548632170413027,0.004543160348493058,0.17884683965150694,4.433234524286382,1.0488738312377877,0.2411300781137805,0.25881919957463767,0.2924510916746377,0.540787473666539,0.9833659153552196,0.9656767938943625,0.055373877421006745,3.621432291039299e-05,101038644.65597689,2020772.893119538,1.4707820336871962e-05,1.436106642694306e-05,5041.890195800831,4806.955846968592,18448508.677740827,368970.1735548166,47.37930419750532,0.9475860839501065,17588873.063950446,351777.46127900894,45.17159527337285,0.9034319054674571,"[0.523,0.609]",0.57,"[0.206,0.322]",0.265,0.0036,0.0,49,0.1782,0.06,0.6517835225290001,5,0.981783522529,0.005,0.0,35,0.1775,0.015,0.7091835225290001,17,0.9716835225290001,0.1810002147458576,0.18004008230710172,0.056210395569596755,0.055729118612732345,0.2048295861789483,0.1898846604346497,0.05453784320040499,0.05509212572961061
26,56,0.3686,140.0,0.19326,3488.954816,69.77909632,Altemus:1973,1.211680925,0.034976091,0.0089,0.3775,0.17534,0.18424,1.0,0.0,0.0,3488.954816,69.77909632,2.443460952792061,0.8830222215594888,0.11697777844051105,7.548632170413027,0.004543160348493058,0.18871683965150693,4.433234524286382,1.0488738312377877,0.22828004911435815,0.2456589012911815,0.2830083288911815,0.5319852713103828,1.0147374533746418,0.9973586011978185,0.054369637463996284,4.9608928726359594e-05,70329170.6870935,1406583.4137418699,1.4707820336871965e-05,1.4361066426943061e-05,5145.940907819192,4906.158161793788,17953955.313187182,359079.1062637436,46.109196422920895,0.9221839284584178,17117364.146648142,342347.2829329629,43.96067005362019,0.8792134010724039,"[0.523,0.609]",0.57,"[0.206,0.322]",0.265,0.0036,0.0,52,0.189,0.06,0.6517835225290001,5,0.981783522529,0.005,0.0,37,0.1875,0.015,0.7091835225290001,19,1.001683522529,0.1917617636865785,0.19004008230710173,0.05548136768235529,0.055081917259096995,0.2048295861789483,0.2058714787700381,0.05453784320040499,0.054019417741779624
26,56,0.3686,140.0,0.20379,3211.59499,64.23189981,Altemus:1973,1.248881011,0.037473592,0.0089,0.3775,0.16480999999999998,0.17370999999999998,1.0,0.0,0.0,3211.59499,64.23189981,2.443460952792061,0.8830222215594888,0.11697777844051105,7.548632170413027,0.004543160348493058,0.19924683965150694,4.433234524286382,1.0488738312377877,0.2145707476590474,0.23161858306171917,0.27314894716171917,0.522636534468955,1.0482067842099525,1.0311589488072808,0.05317938557358948,6.385987350952075e-05,50291283.29734617,1005825.6661035162,1.4707820336871959e-05,1.4361066426943055e-05,5274.368999533986,5028.601956166305,16939137.05431466,338782.74113903695,43.50294874013032,0.8700589749380624,16149832.849127905,322996.65703284414,41.4758643456592,0.8295172870423281,"[0.428,0.523]",0.475,"[0.206,0.322]",0.265,0.0036,0.0,55,0.1998,0.032,0.7510585225290001,8,1.023058522529,0.005,0.0,39,0.1975,0.015,0.7091835225290001,21,1.0316835225290002,0.20157320025811032,0.20004008230710174,0.05151130479920117,0.05441581570825058,0.17917208703067822,0.22185829710542676,0.05375856200197082,0.05290604871418248
26,56,0.3686,140.0,0.2138,2906.621659,58.13243319,Altemus:1973,1.348094269,0.043366497,0.0089,0.3775,0.1548,0.16369999999999998,1.0,0.0,0.0,2906.621659,58.13243319,2.443460952792061,0.8830222215594888,0.11697777844051105,7.548632170413027,0.004543160348493058,0.20925683965150693,4.433234524286382,1.0488738312377877,0.20153844874473964,0.21827161388062535,0.26398205388062534,0.5137918390560766,1.0800233085842603,1.0632901434483746,0.05192395560820021,7.736377189270633e-05,37570836.94201355,751416.7389695303,1.4707820336871959e-05,1.4361066426943055e-05,5416.228671617573,5163.85146650653,15742927.567020437,314858.551394571,40.430853636267685,0.8086170728644527,15009362.516406793,300187.2503797744,38.54691806788122,0.7709383614902422,"[0.428,0.523]",0.475,"[0.206,0.322]",0.265,0.0036,0.0,58,0.21059999999999998,0.032,0.7510585225290001,9,1.0550585225290001,0.005,0.0,41,0.20750000000000002,0.015,0.7091835225290001,23,1.061683522529,0.2123305221252636,0.21004008230710175,0.05033391273175477,0.05373271446923944,0.19339988671638675,0.23784511544081519,0.052363137465449135,0.05175951280766499
26,56,0.3686,140.0,0.2344,2385.671185,47.7134237,Altemus:1973,1.374539803,0.049239812,0.0089,0.3775,0.13419999999999999,0.14309999999999998,1.0,0.0,0.0,2385.671185,47.7134237,2.443460952792061,0.8830222215594888,0.11697777844051105,7.548632170413027,0.004543160348493058,0.22985683965150694,4.433234524286382,1.0488738312377877,0.17471873269731303,0.1908043246567959,0.2457476846567959,0.4957294470341619,1.1454998722316871,1.1294142802722043,0.048912621347370046,0.00010499454708388139,22721857.95605232,454437.15912104637,1.470782033687196e-05,1.4361066426943058e-05,5786.264925617477,5516.645332631706,13804125.501821784,276082.5100364357,35.45163854466347,0.7090327708932692,13160901.807924202,263218.036158484,33.799716885706445,0.6759943377141288,"[0.428,0.523]",0.475,"[0.145,0.206]",0.16,0.0036,0.0,63,0.2286,0.032,0.7510585225290001,11,1.119058522529,0.005,0.0,45,0.2275,0.03,0.8141835225290001,10,1.1291835225290001,0.23025448378680125,0.22903363460051426,0.048228929434612426,0.047512843419565624,0.22133189932088493,0.2178615925215796,0.04929927090984288,0.048600696051094336
26,56,0.3686,140.0,0.25493,2322.056108,46.44112217,Altemus:1973,1.458276563,0.054434516,0.0089,0.3775,0.11367,0.12257,1.0,0.0,0.0,2322.056108,46.44112217,2.443460952792061,0.8830222215594888,0.11697777844051105,7.548632170413027,0.004543160348493058,0.25038683965150693,4.433234524286382,1.0488738312377877,0.14799015160732915,0.16343037088178528,0.22841967578178526,0.477932710516643,1.2107539427016707,1.1953137234272146,0.0452472226514181,0.00013226580860452634,17555981.644076504,351119.6329571353,1.4707820336871962e-05,1.436106642694306e-05,6303.305402010188,6009.593541457305,14636628.809327153,292732.5762495761,37.58966650891387,0.7517933303401584,13954613.389538288,279092.26785086165,35.83812026710009,0.7167624054963395,"[0.428,0.523]",0.475,"[0.145,0.206]",0.16,0.0036,0.0,69,0.2502,0.032,0.7510585225290001,13,1.183058522529,0.005,0.0,50,0.2525,0.03,0.8141835225290001,12,1.189183522529,0.2517551471411963,0.25403363460051426,0.045464875515092165,0.04507251268886855,0.24860674223549706,0.24983522919235657,0.04588606883697597,0.04548170615397581
26,56,0.3686,140.0,0.2756,2890.817214,57.81634427,Altemus:1973,1.515350047,0.054645447,0.0089,0.3775,0.09299999999999997,0.10189999999999998,1.0,0.0,0.0,2890.817214,57.81634427,2.443460952792061,0.8830222215594888,0.11697777844051105,7.548632170413027,0.004543160348493058,0.27105683965150695,4.433234524286382,1.0488738312377877,0.1210793006024598,0.13586974620913697,0.21182510620913697,0.4602446156221026,1.2764529995265403,1.2616625539198632,0.040754614616333965,0.0001593789142335098,18138015.48280468,362760.30959335004,1.4707820336871967e-05,1.4361066426943065e-05,7064.168699224973,6735.003285274521,20421220.47831954,408424.40949574916,52.445605985161414,1.048912119521807,19469663.43341814,389393.2686010127,50.00182521788133,1.0000365041846588,"[0.428,0.523]",0.475,"[0.100,0.145]",0.12,0.0036,0.0,75,0.2718,0.032,0.7510585225290001,15,1.247058522529,0.005,0.0,54,0.2725,0.008,0.8541835225290001,50,1.2581835225290001,0.2732469945970806,0.27365022595038574,0.042437205614241545,0.039187230714936204,0.27526872673583835,0.2652891535832322,0.042138600561874205,0.0400775895668722
26,56,0.3686,140.0,0.28587,3383.685737,67.67371474,Altemus:1973,1.453237795,0.052626046,0.0089,0.3775,0.08272999999999997,0.09162999999999998,1.0,0.0,0.0,3383.685737,67.67371474,2.443460952792061,0.8830222215594888,0.11697777844051105,7.548632170413027,0.004543160348493058,0.28132683965150695,4.433234524286382,1.0488738312377877,0.10770850041765055,0.12217610250385887,0.20389775940385887,0.4515503951984306,1.3090959271313496,1.2946283250451414,0.038174371790394,0.00017269346742663843,19593594.288315605,391871.8857663121,1.4707820336871957e-05,1.4361066426943055e-05,7582.269318678074,7228.962238222832,25656016.547703706,513120.3309540741,65.88956504525113,1.3177913009050226,24460536.41878619,489210.7283757238,62.81934307341248,1.2563868614682496,"[0.428,0.523]",0.475,"[0.100,0.145]",0.12,0.0036,0.0,78,0.2826,0.032,0.7510585225290001,16,1.279058522529,0.005,0.0,56,0.28250000000000003,0.008,0.8541835225290001,55,1.2981835225290002,0.28398961575002346,0.28365022595038575,0.040823105770853504,0.038139320829525904,0.2883824212691516,0.28660491136375027,0.04014352682934552,0.037833444195617405
26,56,0.3686,140.0,0.29613,3966.205141,79.32410282,Altemus:1973,1.418585222,0.052448119,0.0089,0.3775,0.07246999999999998,0.08136999999999998,1.0,0.0,0.0,3966.205141,79.32410282,2.443460952792061,0.8830222215594888,0.11697777844051105,7.548632170413027,0.004543160348493058,0.29158683965150695,4.433234524286382,1.0488738312377877,0.09435071951247595,0.10849579243412635,0.19618876933412635,0.4429320143477172,1.3417070699965241,1.3275619970748738,0.03533593558149544,0.000185873667501688,21338176.59224904,426763.5318449807,1.4707820336871959e-05,1.4361066426943055e-05,8239.74975296505,7855.806396886868,32680537.83076346,653610.7566152691,83.92988128574493,1.6785976257148982,31157739.71803338,623154.7943606676,80.01904403191978,1.6003808806383952,"[0.428,0.523]",0.475,"[0.100,0.145]",0.12,0.0036,0.0,80,0.2898,0.032,0.7510585225290001,18,1.3430585225290002,0.005,0.0,58,0.2925,0.008,0.8541835225290001,59,1.3301835225290002,0.2911501409279609,0.2936502259503857,0.0397094931840661,0.0371113089385716,0.31419796674094613,0.3036575175881647,0.03591750910926273,0.03610370521983332
26,56,0.3686,140.0,0.3064,4580.834541,91.61669082,Altemus:1973,1.468400559,0.058332166,0.0089,0.3775,0.06219999999999998,0.07109999999999998,1.0,0.0,0.0,4580.834541,91.61669082,2.443460952792061,0.8830222215594888,0.11697777844051105,7.548632170413027,0.004543160348493058,0.30185683965150695,4.433234524286382,1.0488738312377877,0.08097991932766667,0.09480214872884825,0.18868310872884825,0.434376689900423,1.3743499976013336,1.360527768200152,0.03220837098802964,0.0001989303860237657,23027324.445309926,460546.48890619853,1.470782033687196e-05,1.4361066426943058e-05,9098.574977005468,8674.613386309904,41679066.52854493,833581.3305708986,107.03982669919604,2.1407965339839206,39736968.629829384,794739.3725965878,102.05214727578544,2.041042945515709,"[0.428,0.523]",0.475,"[0.070,0.100]",0.093,0.0036,0.0,83,0.3006,0.032,0.7510585225290001,19,1.3750585225290002,0.005,0.0,60,0.3025,0.008,0.8811835225290001,59,1.357183522529,0.30188909630973626,0.30339142511154893,0.0379822809927227,0.0322167876438138,0.3269082212205018,0.30365751758816467,0.03368892058071932,0.03218959387849406
26,56,0.1009,160.0,0.00091,0.0,0.0,Altemus:1973,#DIV/0!,#DIV/0!,0.0089,0.10980000000000001,0.09999000000000001,0.10889000000000001,1.0,0.0,0.0,0.0,0.0,2.792526803190927,0.9698463103929541,0.03015368960704583,32.16343747752632,0.00037715577253343013,0.0005328442274665699,4.433234524286382,1.1841926133578762,0.03913908278775089,0.046382403233232124,0.046383231333232126,0.21536766547750877,0.8429247966012491,0.8356814761557678,0.015307366540068236,-0.00020801539031328368,-0.0,-0.0,4.1942196059114716e-05,3.854250985760177e-05,432.202396657884,364.97643354854097,0.0,0.0,0.0,0.0,0.0,0.0,0.0,0.0,"[0.186,0.223]",0.205,"[0.045,0.070]",0.056,0.0006,0.0,0,0.0003,0.014,0.9346585225290001,-8,0.8296585225290001,0.003,0.0,0,0.0015,0.01,0.918183522529,-9,0.8331835225290001,0.0007028139784495124,0.00203677211017999,0.015307458483945656,0.015306519111629979,-0.004633068051392741,0.0047040147163991955,0.015299936519360914,0.015301681921616439
26,56,0.1009,160.0,0.0022,1636.816983,32.73633965,Altemus:1973,2.196091584,0.142215044,0.0089,0.10980000000000001,0.09870000000000001,0.10760000000000002,1.0,0.0,0.0,1636.816983,32.73633965,2.792526803190927,0.9698463103929541,0.03015368960704583,32.16343747752632,0.00037715577253343013,0.00182284422746657,4.433234524286382,1.1841926133578762,0.03863413812532266,0.045832919348845404,0.0458377593488454,0.2140975463400863,0.8458504856036774,0.8386517043801547,0.015306044059917225,-0.00019418509725820928,-8429158.602338638,-168583.1719952755,4.194219605911473e-05,3.854250985760179e-05,432.2409010464335,365.00894885738114,707499.2475800249,14149.984947278088,1.8169935931485293,0.036339871851869814,597452.8464367399,11949.056925084707,1.5343733550205938,0.030687467091037746,"[0.186,0.223]",0.205,"[0.045,0.070]",0.056,0.0006,0.0,3,0.0021,0.014,0.9346585225290001,-7,0.8436585225290001,0.003,0.0,0,0.0015,0.01,0.918183522529,-8,0.8431835225290001,0.0025027586731525275,0.00203677211017999,0.015305388977329195,0.015306519111629979,0.002834604118147621,0.010032954161528709,0.015304753696410241,0.015280589198657218
26,56,0.1009,160.0,0.00506,7964.869125,159.2973825,Altemus:1973,0.815581512,0.032673481,0.0089,0.10980000000000001,0.09584000000000001,0.10474000000000001,1.0,0.0,0.0,7964.869125,159.2973825,2.792526803190927,0.9698463103929541,0.03015368960704583,32.16343747752632,0.00037715577253343013,0.00468284422746657,4.433234524286382,1.1841926133578762,0.03751464840862131,0.04461468376020509,0.04464028736020509,0.21128248237893527,0.8523368968803787,0.845236861528795,0.015298990221465091,-0.00016352203507033808,-48708231.41097747,-974164.6282195493,4.194219605911473e-05,3.854250985760179e-05,432.4463880447618,365.18247383635025,3444378.8843554924,68887.57768710985,8.845824764700012,0.17691649529400025,2908630.6108502666,58172.61221700533,7.469920572817073,0.14939841145634145,"[0.186,0.223]",0.205,"[0.035,0.045]",0.04,0.0006,0.0,7,0.0045,0.014,0.9346585225290001,-7,0.8436585225290001,0.005,0.0,0,0.0025,0.008,0.934183522529,-12,0.8421835225290001,0.004902588328796753,0.0028834086501285648,0.015299014690713509,0.015304503286622377,0.002834604118147621,0.0009737571048085431,0.015304753696410241,0.015307278344923141
26,56,0.1009,160.0,0.01017,18661.90553,373.2381106,Altemus:1973,0.523681785,0.017591987,0.0089,0.10980000000000001,0.09073,0.09963000000000001,1.0,0.0,0.0,18661.90553,373.2381106,2.792526803190927,0.9698463103929541,0.03015368960704583,32.16343747752632,0.00037715577253343013,0.00979284422746657,4.433234524286382,1.1841926133578762,0.03551444125745212,0.04243804604763445,0.04254147494763445,0.206255848274987,0.863926254091548,0.8570026493013656,0.015270987318550438,-0.00010873532761019605,-171626884.6579544,-3432537.693159088,4.194219605911473e-05,3.854250985760179e-05,433.2640202124617,365.8729292221353,8085532.21475297,161710.6442950594,20.76519555554786,0.41530391111095716,6827886.041127866,136557.72082255734,17.535319272653144,0.35070638545306293,"[0.186,0.223]",0.205,"[0.035,0.045]",0.04,0.0006,0.0,16,0.009899999999999999,0.014,0.9346585225290001,-6,0.8576585225290001,0.005,0.0,1,0.0075,0.008,0.934183522529,-10,0.8581835225290001,0.010301801461707782,0.007883408650128564,0.015269569049075093,0.015284251971203911,0.010243485111882555,0.009500060217015766,0.015269998819859196,0.015273701452298932
26,56,0.1009,160.0,0.01537,27179.05386,543.5810771,Altemus:1973,0.52658198,0.015064542,0.0089,0.10980000000000001,0.08553000000000001,0.09443000000000001,1.0,0.0,0.0,27179.05386,543.5810771,2.792526803190927,0.9698463103929541,0.03015368960704583,32.16343747752632,0.00037715577253343013,0.01499284422746657,4.433234524286382,1.1841926133578762,0.03347900540890422,0.040223072250106615,0.040459309150106613,0.20114499533944813,0.8757197291400958,0.8689756622988934,0.015219616580075718,-5.29856558049722e-05,-512951164.7461671,-10259023.29303604,4.1942196059114736e-05,3.8542509857601794e-05,434.77177357445476,367.1461624318221,11816685.450787831,236333.70897227945,30.347511788561125,0.6069502356595647,9978685.323226802,199573.70642782142,25.62717538197459,0.5125435075452017,"[0.186,0.223]",0.205,"[0.035,0.045]",0.04,0.0006,0.0,24,0.0147,0.014,0.9346585225290001,-5,0.8716585225290001,0.005,0.0,2,0.0125,0.008,0.934183522529,-9,0.866183522529,0.015100633004642816,0.012883408650128565,0.015225840539831973,0.015245342638116091,0.01759494199251188,0.013763211773119318,0.015196583846061503,0.015236585041716214
26,56,0.1009,160.0,0.02061,32242.43346,644.8486692,Altemus:1973,0.523161505,0.01452775,0.0089,0.10980000000000001,0.08029,0.08919,1.0,0.0,0.0,32242.43346,644.8486692,2.792526803190927,0.9698463103929541,0.03015368960704583,32.16343747752632,0.00037715577253343013,0.02023284422746657,4.433234524286382,1.1841926133578762,0.031427912361521336,0.037991060192597785,0.03841583229259778,0.19599957217452743,0.8876039232274787,0.8810407753964022,0.01514093859121986,3.186889242608229e-06,10117211802.946749,202344236.058935,4.194219605911472e-05,3.8542509857601774e-05,437.10084563128567,369.1129641417455,14093194.93057646,281863.8986115292,36.19402421054072,0.7238804842108143,11901100.185563596,238022.00371127191,30.56430499757093,0.6112860999514186,"[0.186,0.223]",0.205,"[0.035,0.045]",0.04,0.0006,0.0,33,0.0201,0.014,0.9346585225290001,-4,0.885658522529,0.005,0.0,4,0.0225,0.008,0.934183522529,-7,0.882183522529,0.020498791001024586,0.022883408650128563,0.01515689723797218,0.015112818371039687,0.024890289649787234,0.022289514885326538,0.015085376893547055,0.015122678750218096
26,56,0.1009,160.0,0.02623,33416.12741,668.3225481,Altemus:1973,0.632179778,0.016539619,0.0089,0.10980000000000001,0.07467,0.08357,1.0,0.0,0.0,33416.12741,668.3225481,2.792526803190927,0.9698463103929541,0.03015368960704583,32.16343747752632,0.00037715577253343013,0.02585284422746657,4.433234524286382,1.1841926133578762,0.029228075925206105,0.03559718466526961,0.03628519756526961,0.1904867385548653,0.9003499481837939,0.8939808394437304,0.015021743751682259,6.342080029214013e-05,526895391.67075646,10537907.831838358,4.194219605911473e-05,3.854250985760179e-05,440.67581061198297,372.13186912423834,14725679.033915054,294513.5806342335,37.81836454371475,0.756367290761121,12435205.951976994,248704.11900232665,31.93599091661081,0.6387198182366455,"[0.186,0.223]",0.205,"[0.035,0.045]",0.04,0.0006,0.0,43,0.026099999999999998,0.014,0.9346585225290001,-3,0.899658522529,0.005,0.0,5,0.0275,0.008,0.934183522529,-6,0.890183522529,0.02649608948139104,0.027883408650128564,0.01505576613883556,0.015020156232973545,0.03213079354627424,0.026552666441430152,0.014937204744080229,0.015046484525322189
26,56,0.1009,160.0,0.03136,31198.50679,623.9701358,Altemus:1973,0.760388956,0.019781075,0.0089,0.10980000000000001,0.06954,0.07844000000000001,1.0,0.0,0.0,31198.50679,623.9701358,2.792526803190927,0.9698463103929541,0.03015368960704583,32.16343747752632,0.00037715577253343013,0.03098284422746657,4.433234524286382,1.1841926133578762,0.027220040174619427,0.03341202782270849,0.03439547742270849,0.1854601774578804,0.9119846649143806,0.9057926772662915,0.014876464616328694,0.00011838589096620686,263532305.54226756,5270646.110845352,4.1942196059114736e-05,3.8542509857601794e-05,445.1105936240311,375.8768536495791,13886785.877480265,277735.7175496053,35.66392622340297,0.7132785244680594,11726796.57079023,234535.9314158046,30.116659926019086,0.6023331985203818,"[0.158,0.186]",0.167,"[0.025,0.035]",0.026,0.0006,0.0,51,0.030899999999999997,0.002,0.9487945225290001,-22,0.9057945225290001,0.005,0.0,6,0.0325,0.01,0.9481835225290001,-5,0.903183522529,0.031158016557306212,0.032749215622583566,0.01478265072538962,0.014710125343941262,0.028000006209425332,0.026019772496917202,0.014883720512299886,0.014924945773650479
26,56,0.1009,160.0,0.03656,26820.69308,536.4138616,Altemus:1973,0.943003222,0.025389351,0.0089,0.10980000000000001,0.06434000000000001,0.07324000000000001,1.0,0.0,0.0,26820.69308,536.4138616,2.792526803190927,0.9698463103929541,0.03015368960704583,32.16343747752632,0.00037715577253343013,0.03618284422746657,4.433234524286382,1.1841926133578762,0.02518460432607153,0.031197054025180648,0.03253368762518065,0.18037097223550316,0.9237781399629286,0.9177656902638194,0.014687964916205425,0.00017407716408883043,154073586.96579856,3081471.7393159713,4.194219605911472e-05,3.8542509857601774e-05,450.9955150984359,380.8464180667373,12096012.290911656,241920.2458182331,31.064876620588038,0.6212975324117607,10214564.889585327,204291.29779170654,26.232959292408527,0.5246591858481705,"[0.158,0.186]",0.167,"[0.025,0.035]",0.026,0.0006,0.0,60,0.0363,0.002,0.9487945225290001,-16,0.9177945225290001,0.005,0.0,7,0.0375,0.01,0.9481835225290001,-4,0.913183522529,0.03655451401865406,0.037749215622583564,0.014584905098670466,0.014523802853078124,0.034189607265184274,0.03134871194204672,0.014675452813674616,0.014758342468260379
26,56,0.1009,160.0,0.04159,22396.47767,447.9295534,Altemus:1973,1.16933566,0.033234244,0.0089,0.10980000000000001,0.05931,0.06821,1.0,0.0,0.0,22396.47767,447.9295534,2.792526803190927,0.9698463103929541,0.03015368960704583,32.16343747752632,0.00037715577253343013,0.04121284422746657,4.433234524286382,1.1841926133578762,0.02321571157257231,0.029054492832571978,0.03078422093257198,0.175454327198197,0.9351860590964277,0.929347277836428,0.014459955399015052,0.00022791692701114316,98265968.93746732,1965319.3787493464,4.1942196059114716e-05,3.854250985760177e-05,458.31901063482553,387.0307967343455,10264731.487419363,205294.62974838723,26.361796725333416,0.5272359345066683,8668126.596663078,173362.53193326155,22.26140952744365,0.44522819054887297,"[0.158,0.186]",0.167,"[0.025,0.035]",0.026,0.0006,0.0,68,0.0411,0.002,0.9487945225290001,-10,0.9297945225290001,0.005,0.0,8,0.0425,0.01,0.9481835225290001,-2,0.933183522529,0.041350932338595214,0.04274921562258357,0.014382609214962344,0.014316740556351881,0.04034006067771245,0.04200659083230574,0.014427323039042374,0.014348730660008113
26,56,0.1507,160.0,0.00291,0.0,0.0,Altemus:1973,#DIV/0!,#DIV/0!,0.0089,0.1596,0.14779,0.15669,1.0,0.0,0.0,0.0,0.0,2.792526803190927,0.9698463103929541,0.03015368960704583,32.16343747752632,0.0008397779146818163,0.0020702220853181835,4.433234524286382,1.1216032767236637,0.08640148576918115,0.09701459541090131,0.09702306351090131,0.3114852540825991,0.7994154856198189,0.7888023759780988,0.015306320061449524,-0.00019636174072235735,-0.0,-0.0,1.8802127521713347e-05,1.7753637954399757e-05,913.2272856754967,814.2159573063499,0.0,0.0,0.0,0.0,0.0,0.0,0.0,0.0,"[0.270,0.340]",0.3,"[0.070,0.100]",0.093,0.001,0.0,2,0.0025,0.01,0.8866835225290001,-10,0.7916835225290001,0.005,0.0,0,0.0025,0.008,0.8811835225290001,-12,0.7891835225290001,0.003362561084500726,0.0033914251115489125,0.015305741967110768,0.0153057716874135,0.0007070437330923829,0.0009737571048085764,0.015307551924838438,0.015307481968657576
26,56,0.1507,160.0,0.0066,0.0,0.0,Altemus:1973,#DIV/0!,#DIV/0!,0.0089,0.1596,0.1441,0.153,1.0,0.0,0.0,0.0,0.0,2.792526803190927,0.9698463103929541,0.03015368960704583,32.16343747752632,0.0008397779146818163,0.005760222085318184,4.433234524286382,1.1216032767236637,0.08424422558589217,0.09472993233689386,0.09477349233689386,0.3078530369135472,0.8084972005431078,0.7980114937921061,0.01530070757316201,-0.0001766093148764196,-0.0,-0.0,1.8802127521713343e-05,1.7753637954399757e-05,913.5726828560142,814.5239068172737,0.0,0.0,0.0,0.0,0.0,0.0,0.0,0.0,"[0.270,0.340]",0.3,"[0.070,0.100]",0.093,0.001,0.0,5,0.0055,0.01,0.8866835225290001,-9,0.8016835225290001,0.005,0.0,1,0.0075,0.008,0.8811835225290001,-11,0.7971835225290002,0.006362281466408604,0.008391425111548912,0.015300856193321014,0.015296231222531508,0.0060169568082888425,0.005236908660912187,0.015301572160896596,0.015303191900264405
26,56,0.1507,160.0,0.01271,4433.166682,88.66333364,Altemus:1973,0.868137897,0.021956991,0.0089,0.1596,0.13799,0.14689,1.0,0.0,0.0,4433.166682,88.66333364,2.792526803190927,0.9698463103929541,0.03015368960704583,32.16343747752632,0.0008397779146818163,0.011870222085318185,4.433234524286382,1.1216032767236637,0.0806721768813134,0.09094692654226365,0.09110847064226364,0.30184179737449157,0.8235349453076866,0.8132601956467364,0.015280908490185352,-0.000143901683383549,-30806913.28804013,-616138.2657608027,1.8802127521713347e-05,1.7753637954399757e-05,914.7931615447989,815.6120622409542,4055430.564681846,81108.61129363692,10.415122530080385,0.20830245060160768,3615744.2197639085,72314.88439527818,9.285923771999128,0.18571847543998257,"[0.270,0.340]",0.3,"[0.070,0.100]",0.093,0.001,0.0,11,0.0115,0.01,0.8866835225290001,-8,0.8116835225290001,0.005,0.0,2,0.0125,0.008,0.8811835225290001,-9,0.8131835225290001,0.012361204847636031,0.013391425111548913,0.015282043954337625,0.015278625132027834,0.011297177779925893,0.01376321177311935,0.015286260187495553,0.015276995199874572
26,56,0.1507,160.0,0.01791,8262.869207,165.2573841,Altemus:1973,0.753588111,0.015354231,0.0089,0.1596,0.13279,0.14168999999999998,1.0,0.0,0.0,8262.869207,165.2573841,2.792526803190927,0.9698463103929541,0.03015368960704583,32.16343747752632,0.0008397779146818163,0.017070222085318183,4.433234524286382,1.1216032767236637,0.07763213543060804,0.08772734714257836,0.08804811524257836,0.2967290266262779,0.8363330259583921,0.8262378142464217,0.01525271900330638,-0.00011606510077155924,-71191677.36099313,-1423833.5468752284,1.8802127521713354e-05,1.7753637954399767e-05,916.5363199706126,817.1662289075367,7573219.735382274,151464.394670984,19.449478972257353,0.3889895793509934,6752137.669840398,135042.7533641213,17.340782945170766,0.3468156588194697,"[0.270,0.340]",0.3,"[0.070,0.100]",0.093,0.001,0.0,17,0.0175,0.01,0.8866835225290001,-7,0.821683522529,0.005,0.0,3,0.0175,0.008,0.8811835225290001,-7,0.8291835225290001,0.018359438583672727,0.018391425111548915,0.015251179681026145,0.015253009082461234,0.016548199245701722,0.022289514885326572,0.015261769965063716,0.015227532721620075
26,56,0.1507,160.0,0.02311,11758.62062,235.1724124,Altemus:1973,0.714990327,0.01287651,0.0089,0.1596,0.12759,0.13649,1.0,0.0,0.0,11758.62062,235.1724124,2.792526803190927,0.9698463103929541,0.03015368960704583,32.16343747752632,0.0008397779146818163,0.022270222085318182,4.433234524286382,1.1216032767236637,0.07459209397990271,0.0845077677428931,0.08504183984289311,0.29161934065300454,0.8491311066090973,0.8392154328461069,0.0152129644939593,-8.822907567418576e-05,-133273759.58717383,-2665475.191743477,1.880212752171335e-05,1.775363795439976e-05,919.0056086196153,819.3677993738925,10806238.299410257,216124.76598820515,27.7524899471272,0.5550497989425439,9634635.101081874,192692.70202163752,24.743588506798513,0.49487177013597033,"[0.270,0.340]",0.3,"[0.070,0.100]",0.093,0.001,0.0,22,0.0225,0.01,0.8866835225290001,-5,0.841683522529,0.005,0.0,4,0.0225,0.008,0.8811835225290001,-6,0.8371835225290001,0.02335744005630147,0.023391425111548913,0.015216254427801936,0.015219463722989622,0.02696454720224184,0.026552666441430183,0.015185847186804572,0.015194209806320936
26,56,0.1507,160.0,0.02833,14638.08552,292.7617104,Altemus:1973,0.688204751,0.011608759,0.0089,0.1596,0.12237,0.13127,1.0,0.0,0.0,14638.08552,292.7617104,2.792526803190927,0.9698463103929541,0.03015368960704583,32.16343747752632,0.0008397779146818163,0.027490222085318185,4.433234524286382,1.1216032767236637,0.07154036006207928,0.08127580534551672,0.08207839424551672,0.28649327085555903,0.8619784106469207,0.8522429653634833,0.015160221899957171,-6.028746351495391e-05,-242804799.97917178,-4856095.999583436,1.8802127521713354e-05,1.7753637954399767e-05,922.3016243101508,822.3064638365745,13500730.0518869,270014.60103773803,34.67246091216747,0.6934492182433495,12036992.341288565,240739.84682577132,30.91330208436074,0.6182660416872149,"[0.270,0.340]",0.3,"[0.070,0.100]",0.093,0.001,0.0,27,0.0275,0.01,0.8866835225290001,-4,0.851683522529,0.005,0.0,5,0.0275,0.008,0.8811835225290001,-4,0.8531835225290001,0.02835496291132955,0.028391425111548914,0.015172961657196464,0.015178094053623196,0.03213079354627424,0.03507896955363741,0.015134699675547618,0.015110757503732065
26,56,0.1507,160.0,0.03356,16672.61762,333.4523524,Altemus:1973,0.713745152,0.011416324,0.0089,0.1596,0.11714,0.12603999999999999,1.0,0.0,0.0,16672.61762,333.4523524,2.792526803190927,0.9698463103929541,0.03015368960704583,32.16343747752632,0.0008397779146818163,0.03272022208531818,4.433234524286382,1.1216032767236637,0.06848277991069679,0.07803765144929478,0.07916392504929479,0.28136084491146734,0.8748503263783032,0.8652954548397053,0.015093139321103273,-3.2294857706890686e-05,-516262303.16049975,-10325246.063209994,1.8802127521713354e-05,1.7753637954399767e-05,926.5270706859895,826.073790897335,15447631.564126216,308952.63128252426,39.672476935265635,0.7934495387053125,13772812.441535104,275456.24883070204,35.37122060765875,0.707424412153175,"[0.270,0.340]",0.3,"[0.070,0.100]",0.093,0.001,0.0,32,0.0325,0.01,0.8866835225290001,-3,0.861683522529,0.005,0.0,6,0.0325,0.008,0.8811835225290001,-2,0.8691835225290001,0.03335200728623988,0.03339142511154891,0.015121301565323927,0.015129028609657135,0.03726968103912298,0.04360527266584463,0.015074944351086049,0.015005538096835755
26,56,0.1507,160.0,0.03882,18060.96629,361.2193258,Altemus:1973,0.716572956,0.011300614,0.0089,0.1596,0.11188000000000001,0.12078000000000001,1.0,0.0,0.0,18060.96629,361.2193258,2.792526803190927,0.9698463103929541,0.03015368960704583,32.16343747752632,0.0008397779146818163,0.037980222085318184,4.433234524286382,1.1216032767236637,0.06540766105863716,0.07478092305653622,0.07628791545653622,0.27620267098009066,0.8877960771903629,0.8784228151924638,0.015009787199484472,-4.1454613981438265e-06,-4356804841.576136,-87136096.8315227,1.8802127521713354e-05,1.7753637954399767e-05,931.8299471845845,830.8017340200453,16829749.264113262,336594.98528226523,43.22201994106169,0.8644403988212337,15005082.111809583,300101.64223619166,38.5359251689406,0.770718503378812,"[0.270,0.340]",0.3,"[0.070,0.100]",0.093,0.001,0.0,37,0.0375,0.01,0.8866835225290001,-1,0.8816835225290001,0.005,0.0,7,0.0375,0.008,0.8811835225290001,-1,0.8771835225290001,0.03834857331843722,0.03839142511154891,0.015061273921292046,0.01507241847401416,0.04746708872978278,0.04786842422194824,0.014930134888045888,0.014945047845068886
26,56,0.1507,160.0,0.04409,19012.65413,380.2530827,Altemus:1973,0.738087376,0.011500761,0.0089,0.1596,0.10661000000000001,0.11551000000000002,1.0,0.0,0.0,19012.65413,380.2530827,2.792526803190927,0.9698463103929541,0.03015368960704583,32.16343747752632,0.0008397779146818163,0.04325022208531818,4.433234524286382,1.1216032767236637,0.062326695973018494,0.0715180031649321,0.07346193126493211,0.2710386158187281,0.9007664396959815,0.891575132504068,0.014908608454167518,2.4052242153223196e-05,790473254.3802428,15809465.091762474,1.8802127521713347e-05,1.7753637954399757e-05,938.3466485387453,836.6119001361758,17840460.282711834,356809.2057480713,45.817719444064345,0.9163543891222723,15906212.698331209,318124.2540502854,40.85020113163662,0.8170040228475903,"[0.270,0.340]",0.3,"[0.070,0.100]",0.093,0.001,0.0,43,0.043500000000000004,0.01,0.8866835225290001,0,0.8916835225290001,0.005,0.0,8,0.0425,0.008,0.8811835225290001,1,0.8931835225290001,0.04434382133806025,0.04339142511154891,0.014978194623329968,0.015008436131500375,0.05252643607624241,0.05639472733415546,0.014845333518992336,0.014808958865511907
26,56,0.1507,160.0,0.04937,19051.11021,381.0222043,Altemus:1973,0.808456821,0.012341538,0.0089,0.1596,0.10133,0.11023000000000001,1.0,0.0,0.0,19051.11021,381.0222043,2.792526803190927,0.9698463103929541,0.03015368960704583,32.16343747752632,0.0008397779146818163,0.04853022208531818,4.433234524286382,1.1216032767236637,0.05923988465384076,0.06824889177448243,0.07068628867448243,0.26586893138251866,0.9137614138951592,0.9047524067745175,0.014787604860347029,5.229660134779437e-05,364289642.5200198,7285792.852312568,1.8802127521713347e-05,1.7753637954399757e-05,946.2573489034409,843.6649290715081,18027253.040981874,360545.06091426325,46.297439028479616,0.9259487808126095,16072753.544053134,321455.0709654292,41.27790992526335,0.8255581987219364,"[0.223,0.270]",0.24,"[0.045,0.070]",0.056,0.0006,0.0,80,0.048299999999999996,0.018,0.919083522529,-1,0.910083522529,0.003,0.0,16,0.0495,0.01,0.918183522529,-2,0.903183522529,0.048829254462539495,0.05003677211017999,0.014683294923217582,0.014662146896226507,0.04543606396606914,0.04200659083230573,0.014767098006311947,0.01484697059984512
26,56,0.1507,160.0,0.05464,18302.59783,366.0519566,Altemus:1973,0.894190003,0.013637955,0.0089,0.1596,0.09606,0.10496000000000001,1.0,0.0,0.0,18302.59783,366.0519566,2.792526803190927,0.9698463103929541,0.03015368960704583,32.16343747752632,0.0008397779146818163,0.053800222085318185,4.433234524286382,1.1216032767236637,0.056158919568222075,0.0649859718828783,0.0679715014828783,0.2607134470695332,0.926731776400778,0.9179047240861218,0.014645121275797836,8.047877691682917e-05,227421421.2886812,4548428.425773624,1.8802127521713354e-05,1.7753637954399767e-05,955.73994663409,852.1194315925322,17492523.87330941,349850.4774661882,44.92415209559053,0.8984830419118105,15595999.259566313,311919.98519132624,40.05351359780198,0.8010702719560396,"[0.223,0.270]",0.24,"[0.045,0.070]",0.056,0.0006,0.0,89,0.0537,0.018,0.919083522529,-1,0.910083522529,0.003,0.0,17,0.0525,0.01,0.918183522529,-1,0.913183522529,0.0542239256763537,0.053036772110179986,0.014537605727980515,0.014586182150249895,0.04543606396606914,0.04733553027743524,0.014767098006311947,0.014727388803869465
26,56,0.1507,160.0,0.06036,16773.1529,335.463058,Altemus:1973,0.984132208,0.015528386,0.0089,0.1596,0.09034,0.09924000000000001,1.0,0.0,0.0,16773.1529,335.463058,2.792526803190927,0.9698463103929541,0.03015368960704583,32.16343747752632,0.0008397779146818163,0.05952022208531818,4.433234524286382,1.1216032767236637,0.052814873972446205,0.061444434543224506,0.06508776414322451,0.2551230372648156,0.9408096651165538,0.9321801045457756,0.01446317370633469,0.00011105510146954193,151034510.59922916,3020690.211984583,1.8802127521713347e-05,1.7753637954399757e-05,968.120642419945,863.1578228337032,16238435.560955966,324768.71121911926,41.70341308196928,0.8340682616393855,14477878.139220817,289557.5627844163,37.181964378518856,0.743639287570377,"[0.223,0.270]",0.24,"[0.045,0.070]",0.056,0.0006,0.0,99,0.059699999999999996,0.018,0.919083522529,0,0.9280835225290001,0.003,0.0,19,0.0585,0.01,0.918183522529,1,0.933183522529,0.060217351221837134,0.05903677211017999,0.014357800540308125,0.01442367356819465,0.054542956020550704,0.05799340916769427,0.014528510829551058,0.014452913003810205
26,56,0.1507,160.0,0.06549,14924.81475,298.496295,Altemus:1973,1.065607866,0.017722163,0.0089,0.1596,0.08521,0.09411,1.0,0.0,0.0,14924.81475,298.496295,2.792526803190927,0.9698463103929541,0.03015368960704583,32.16343747752632,0.0008397779146818163,0.06465022208531819,4.433234524286382,1.1216032767236637,0.0498157561566542,0.05826819563545805,0.06255713573545806,0.2501142453669084,0.9534354639123458,0.944983024433542,0.014273118149175779,0.00013846419754939856,107788258.72785935,2155765.1745571867,1.8802127521713354e-05,1.7753637954399767e-05,981.3901808163295,874.9886891228481,14647066.64615272,292941.3329230544,37.61647287330685,0.7523294574661369,13059044.093503848,261180.88187007693,33.53812676367087,0.6707625352734173,"[0.223,0.270]",0.24,"[0.045,0.070]",0.056,0.0006,0.0,107,0.06449999999999999,0.018,0.919083522529,1,0.9460835225290001,0.003,0.0,21,0.0645,0.01,0.918183522529,2,0.9431835225290001,0.06501159646612109,0.06503677211018,0.01420035948761243,0.014247936762103175,0.06356706833875447,0.06332234861282378,0.014249071472643414,0.014299438303533222
26,56,0.1507,160.0,0.07073,12731.3568,254.627136,Altemus:1973,1.192017492,0.021340224,0.0089,0.1596,0.07997,0.08887,1.0,0.0,0.0,12731.3568,254.627136,2.792526803190927,0.9698463103929541,0.03015368960704583,32.16343747752632,0.0008397779146818163,0.06989022208531818,4.433234524286382,1.1216032767236637,0.046752329771712675,0.055023850240390575,0.060026583140390576,0.24500323087745307,0.9663319913372872,0.9580604708686093,0.014049791620069182,0.00016644517456910153,76489792.10697657,1529795.8421395314,1.880212752171335e-05,1.775363795439976e-05,997.4415410347,889.2997744695836,12698784.146054607,253975.68292109214,32.61291020885149,0.6522582041770297,11321992.730931798,226439.854618636,29.07704612286589,0.5815409224573179,"[0.223,0.270]",0.24,"[0.045,0.070]",0.056,0.0006,0.0,116,0.06989999999999999,0.018,0.919083522529,2,0.9640835225290001,0.003,0.0,23,0.07050000000000001,0.01,0.918183522529,3,0.9531835225290001,0.07040459638731988,0.07103677211018,0.014008780541644021,0.014060061938236581,0.07251061805531867,0.0686512880579533,0.013929802339355118,0.014136139799641904
26,56,0.1507,160.0,0.07593,11680.77757,233.6155514,Altemus:1973,1.189903662,0.023453918,0.0089,0.1596,0.07477,0.08367000000000001,1.0,0.0,0.0,11680.77757,233.6155514,2.792526803190927,0.9698463103929541,0.03015368960704583,32.16343747752632,0.0008397779146818163,0.07509022208531818,4.433234524286382,1.1216032767236637,0.043712288321007334,0.051804270840705297,0.0575696357407053,0.2399367327874273,0.9791300719879926,0.9710380894682947,0.013795787098521107,0.00019419365134485888,60150151.609522425,1203003.0321904484,1.8802127521713354e-05,1.7753637954399767e-05,1016.3296405743985,906.1400422645145,11871520.469347596,237430.40938695188,30.488338620171294,0.6097667724034258,10584420.280962193,211688.40561924383,27.18281878529399,0.5436563757058797,"[0.223,0.270]",0.24,"[0.045,0.070]",0.056,0.0006,0.0,125,0.07529999999999999,0.018,0.919083522529,2,0.9640835225290001,0.003,0.0,25,0.0765,0.01,0.918183522529,5,0.9731835225290001,0.07579703955606476,0.07703677211018,0.013801880732808932,0.013861168603858706,0.07251061805531867,0.07930916694821233,0.013929802339355118,0.013783199112297929
26,56,0.1507,160.0,0.08121,9536.152658,190.7230532,Altemus:1973,1.275147372,0.028581757,0.0089,0.1596,0.06949,0.07839,1.0,0.0,0.0,9536.152658,190.7230532,2.792526803190927,0.9698463103929541,0.03015368960704583,32.16343747752632,0.0008397779146818163,0.08037022208531819,4.433234524286382,1.1216032767236637,0.040625477001829606,0.04853515945025562,0.05513022355025562,0.23479826138678203,0.9921250461871703,0.9842153637387443,0.013501152286695451,0.0002223461292047799,42888772.97799613,857775.4597398223,1.8802127521713347e-05,1.7753637954399757e-05,1039.1295545586675,926.4680088971282,9909298.063710993,198185.96131578504,25.4489756080277,0.5089795122673013,8834940.365596319,176698.80734898508,22.689819240156982,0.4537963848983135,"[0.223,0.270]",0.24,"[0.045,0.070]",0.056,0.0006,0.0,133,0.08009999999999999,0.018,0.919083522529,3,0.9820835225290001,0.003,0.0,26,0.0795,0.01,0.918183522529,6,0.983183522529,0.08058985511497241,0.08003677211018,0.013605096125112853,0.013757944263442349,0.08137572506613766,0.08463810639334178,0.013571670862093575,0.013595144808198654
26,56,0.1507,160.0,0.08647,7563.925556,151.2785111,Altemus:1973,1.335549897,0.035645512,0.0089,0.1596,0.06423,0.07313,1.0,0.0,0.0,7563.925556,151.2785111,2.792526803190927,0.9698463103929541,0.03015368960704583,32.16343747752632,0.0008397779146818163,0.08563022208531819,4.433234524286382,1.1216032767236637,0.03755035814976997,0.04527843105749705,0.05275549195749705,0.22968563724686192,1.00507079699923,0.997342724091503,0.013166642990237417,0.00025036485290498393,30211611.04777989,604232.2208757144,1.8802127521713354e-05,1.7753637954399767e-05,1066.2522255114934,950.6500628512274,8065052.45768826,161301.04913244015,20.71259961639584,0.41425199227315,7190646.305213406,143812.9260852551,18.466957119543913,0.36933914234204923,"[0.223,0.270]",0.24,"[0.045,0.070]",0.056,0.0006,0.0,142,0.08549999999999999,0.018,0.919083522529,4,1.0000835225290001,0.003,0.0,28,0.0855,0.01,0.918183522529,7,0.993183522529,0.08598124711048882,0.08603677211018,0.013369216128070653,0.013544650827428848,0.09016441789619856,0.08996704583847129,0.01317559303105887,0.013400427411375655
26,56,0.1754,160.0,0.00228,0.0,0.0,Altemus:1973,#DIV/0!,#DIV/0!,0.0089,0.1843,0.17312,0.18202,1.0,0.0,0.0,0.0,0.0,2.792526803190927,0.9698463103929541,0.03015368960704583,32.16343747752632,0.0011365816566779319,0.001143418343322068,4.433234524286382,1.1040569917400072,0.11779849494786812,0.13013896681794723,0.13014416521794722,0.3607549933375105,0.766836252461132,0.7544957805910528,0.015307033570890576,-0.00020084501642827425,-0.0,-0.0,1.3879515954430136e-05,1.3209262606657874e-05,1217.7072779009259,1102.9387857793504,0.0,0.0,0.0,0.0,0.0,0.0,0.0,0.0,"[0.340,0.428]",0.38,"[0.100,0.145]",0.12,0.0036,0.0,0,0.0018,0.008,0.8322835225290001,-10,0.7562835225290001,0.005,0.0,0,0.0025,0.008,0.8541835225290001,-13,0.7541835225290001,0.003184008052933507,0.0036502259503856938,0.015306577395665735,0.01530596217465758,0.010770477681080748,-0.0032893944512950492,0.015295526413942176,0.015306276646351147
26,56,0.1754,160.0,0.00377,0.0,0.0,Altemus:1973,#DIV/0!,#DIV/0!,0.0089,0.1843,0.17163,0.18053,1.0,0.0,0.0,0.0,0.0,2.792526803190927,0.9698463103929541,0.03015368960704583,32.16343747752632,0.0011365816566779319,0.002633418343322068,4.433234524286382,1.1040569917400072,0.1167846331325243,0.12907366047491492,0.12908787337491492,0.35928800894952634,0.7706461678164758,0.7583571404740852,0.015305976038126983,-0.00019468294363866675,-0.0,-0.0,1.3879515954430134e-05,1.3209262606657872e-05,1217.7940284575009,1103.0173601258055,0.0,0.0,0.0,0.0,0.0,0.0,0.0,0.0,"[0.340,0.428]",0.38,"[0.100,0.145]",0.12,0.0036,0.0,0,0.0018,0.008,0.8322835225290001,-10,0.7562835225290001,0.005,0.0,0,0.0025,0.008,0.8541835225290001,-12,0.7621835225290001,0.003184008052933507,0.0036502259503856938,0.015306577395665735,0.01530596217465758,0.010770477681080748,0.0009737571048085617,0.015295526413942176,0.015307516546810934
26,56,0.1754,160.0,0.01437,2032.023392,40.64046784,Altemus:1973,1.621290391,0.038495128,0.0089,0.1843,0.16103,0.16993,1.0,0.0,0.0,2032.023392,40.64046784,2.792526803190927,0.9698463103929541,0.03015368960704583,32.16343747752632,0.0011365816566779319,0.013233418343322069,4.433234524286382,1.1040569917400072,0.1095719249159843,0.12149497105468504,0.12170146795468505,0.34885737480335005,0.7977502636330157,0.7858272174943151,0.015282059352343298,-0.00015084324960109078,-13471092.656607062,-269421.85313214123,1.387951595443014e-05,1.3209262606657875e-05,1219.7591470068874,1104.797266927799,2478579.119323962,49571.58238647924,6.365465963854565,0.12730931927709133,2244973.8898149556,44899.477796299114,5.765522986111899,0.11531045972223798,"[0.340,0.428]",0.38,"[0.100,0.145]",0.12,0.0036,0.0,3,0.0126,0.008,0.8322835225290001,-6,0.788283522529,0.005,0.0,2,0.0125,0.008,0.8541835225290001,-9,0.7861835225290001,0.013982231290427194,0.013650225950385694,0.01528722750896815,0.015284266463458705,0.027482415480027167,0.013763211773119394,0.015228788487908049,0.015283878601808737
26,56,0.1754,160.0,0.02585,6897.388146,137.9477629,Altemus:1973,0.914578079,0.018725929,0.0089,0.1843,0.14955,0.15844999999999998,1.0,0.0,0.0,6897.388146,137.9477629,2.792526803190927,0.9698463103929541,0.03015368960704583,32.16343747752632,0.0011365816566779319,0.02471341834332207,4.433234524286382,1.1040569917400072,0.10176042582863722,0.11328710741843609,0.11395532991843609,0.3375727031595358,0.8271045108003628,0.815577829210564,0.015219239343021324,-0.00010336256076725729,-66730043.207142785,-1334600.8639493617,1.3879515954430138e-05,1.3209262606657874e-05,1224.9501874413716,1109.4990535867494,8448956.902298594,168979.13802147287,21.69853976915808,0.4339707953202435,7652645.620207464,153052.9123819593,19.653459858952502,0.39306919712206184,"[0.270,0.340]",0.3,"[0.100,0.145]",0.12,0.001,0.0,24,0.0245,0.01,0.8866835225290001,-8,0.8116835225290001,0.005,0.0,4,0.0225,0.008,0.8541835225290001,-5,0.8181835225290001,0.025356506624724773,0.023650225950385694,0.015199941401096923,0.015237698282767472,0.011297177779925893,0.03081581799753378,0.015286260187495553,0.015189275966325392
26,56,0.1754,160.0,0.03643,10777.84049,215.5568098,Altemus:1973,0.825387981,0.014904656,0.0089,0.1843,0.13897,0.14787,1.0,0.0,0.0,10777.84049,215.5568098,2.792526803190927,0.9698463103929541,0.03015368960704583,32.16343747752632,0.0011365816566779319,0.035293418343322065,4.433234524286382,1.1040569917400072,0.09456132649552469,0.10572271741220667,0.10704986231220666,0.327184752566813,0.8541574668134753,0.8429960758967934,0.015120729607711962,-5.9607131007599084e-05,-180814615.7651167,-3616292.3153023333,1.3879515954430133e-05,1.3209262606657868e-05,1233.1772683562515,1116.95073495504,13290987.894237604,265819.75788475206,34.133802874062894,0.6826760574812579,12038316.856533688,240766.33713067375,30.916703693228378,0.6183340738645675,"[0.270,0.340]",0.3,"[0.100,0.145]",0.12,0.001,0.0,35,0.035500000000000004,0.01,0.8866835225290001,-5,0.841683522529,0.005,0.0,7,0.0375,0.008,0.8541835225290001,-2,0.8421835225290001,0.036350004297894145,0.03865022595038569,0.015086289117701919,0.01512226530832361,0.02696454720224184,0.043605272665844616,0.015185847186804572,0.015072465799374874
26,56,0.1754,160.0,0.04702,14419.54209,288.3908418,Altemus:1973,0.806544336,0.013336762,0.0089,0.1843,0.12838,0.13727999999999999,1.0,0.0,0.0,14419.54209,288.3908418,2.792526803190927,0.9698463103929541,0.03015368960704583,32.16343747752632,0.0011365816566779319,0.04588341834332207,4.433234524286382,1.1040569917400072,0.0873554227206984,0.09815117769897701,0.10036205809897701,0.31679971290860887,0.8812359927283017,0.8704402377500231,0.014975472958134927,-1.5818359827070948e-05,-911569988.7748752,-18231399.775497504,1.3879515954430138e-05,1.3209262606657874e-05,1245.5059500542336,1128.1174426433379,17959625.47015246,359192.50940304913,46.123758472157405,0.922475169443148,16266936.946658771,325338.7389331754,41.77661010005091,0.8355322020010182,"[0.270,0.340]",0.3,"[0.070,0.100]",0.093,0.001,0.0,45,0.0455,0.01,0.8866835225290001,-2,0.871683522529,0.005,0.0,9,0.0475,0.008,0.8811835225290001,-2,0.8691835225290001,0.046342084359885405,0.04839142511154891,0.014947823380579725,0.014937274180936018,0.04238163978354781,0.04360527266584463,0.015006713338686162,0.015005538096835755
26,56,0.1754,160.0,0.05763,15423.47095,308.4694189,Altemus:1973,0.88028175,0.014161533,0.0089,0.1843,0.11777,0.12667,1.0,0.0,0.0,15423.47095,308.4694189,2.792526803190927,0.9698463103929541,0.03015368960704583,32.16343747752632,0.0011365816566779319,0.05649341834332207,4.433234524286382,1.1040569917400072,0.0801359100624447,0.09056533857174694,0.09388655547174693,0.30640913085570237,0.9083656584465554,0.8979362299372531,0.01477413155675565,2.80385719751117e-05,550080473.5594441,11001609.467622364,1.387951595443014e-05,1.3209262606657875e-05,1262.9958266248038,1143.9589043626336,19479779.4419189,389595.5887120784,50.02780506548822,1.000556100985403,17643816.92943091,352876.3384742222,45.3127016447256,0.9062540326007213,"[0.270,0.340]",0.3,"[0.070,0.100]",0.093,0.001,0.0,56,0.0565,0.01,0.8866835225290001,1,0.9016835225290001,0.005,0.0,11,0.0575,0.008,0.8811835225290001,2,0.9011835225290001,0.057331164176027016,0.05839142511154891,0.01475683993014038,0.01477427384069341,0.05756007965190635,0.06065787889025907,0.014752430160296185,0.01473364825135583
26,56,0.1754,160.0,0.06855,14395.21573,287.9043147,Altemus:1973,0.984910561,0.01826718,0.0089,0.1843,0.10685,0.11575,1.0,0.0,0.0,14395.21573,287.9043147,2.792526803190927,0.9698463103929541,0.03015368960704583,32.16343747752632,0.0011365816566779319,0.06741341834332207,4.433234524286382,1.1040569917400072,0.07270545971106578,0.08275785852751012,0.08745696102751012,0.2957312310654898,0.9362879911179341,0.9262355923014898,0.014497073032020469,7.315300460078961e-05,196782289.51165485,3935645.7916000946,1.387951595443014e-05,1.3209262606657875e-05,1287.8573917532813,1166.4772755286867,18538984.983763605,370779.69980405783,47.61166468260469,0.9522332939828402,16791692.025378097,335833.8406242096,43.124281661916875,0.8624856335379111,"[0.270,0.340]",0.3,"[0.070,0.100]",0.093,0.001,0.0,67,0.0675,0.01,0.8866835225290001,3,0.9216835225290001,0.005,0.0,13,0.0675,0.008,0.8811835225290001,5,0.9251835225290002,0.06831793200116465,0.06839142511154891,0.01452532273589701,0.014585304365566504,0.06755179713367576,0.0734473335585699,0.01454278402156967,0.014480542324379958
26,56,0.1754,160.0,0.07929,11822.13912,236.4427824,Altemus:1973,1.186079766,0.021160299,0.0089,0.1843,0.09611,0.10501,1.0,0.0,0.0,11822.13912,236.4427824,2.792526803190927,0.9698463103929541,0.03015368960704583,32.16343747752632,0.0011365816566779319,0.07815341834332207,4.433234524286382,1.1040569917400072,0.06539748931053375,0.07507907320927722,0.08136597730927722,0.2852472213874786,0.9637500655584663,0.9540684816597229,0.014141587044657422,0.0001174891652597861,100623228.48119216,2012464.569623843,1.3879515954430138e-05,1.3209262606657874e-05,1321.1837016689522,1196.6625921971208,15619217.524206929,312384.3504841386,40.11314254898508,0.8022628509797016,14147111.644654188,282942.23289308377,36.33249266033475,0.7266498532066951,"[0.270,0.340]",0.3,"[0.070,0.100]",0.093,0.001,0.0,78,0.0785,0.01,0.8866835225290001,6,0.9516835225290001,0.005,0.0,15,0.0775,0.008,0.8811835225290001,9,0.9571835225290001,0.07930238929393596,0.07839142511154891,0.01425324023226485,0.014372474840910126,0.08235598377863063,0.09049993978298429,0.01417038082470183,0.014086103046358822
26,56,0.1754,160.0,0.08979,9734.695062,194.6939012,Altemus:1973,1.239997753,0.025657712,0.0089,0.1843,0.08561,0.09451000000000001,1.0,0.0,0.0,9734.695062,194.6939012,2.792526803190927,0.9698463103929541,0.03015368960704583,32.16343747752632,0.0011365816566779319,0.08865341834332206,4.433234524286382,1.1040569917400072,0.05825282551113095,0.06757188085904953,0.07563412495904953,0.2750165903342006,0.990598462357869,0.9812794070099504,0.013698265025436886,0.00016078805879718653,60543644.439908735,1210872.8885493998,1.3879515954430136e-05,1.3209262606657874e-05,1365.1686123489128,1236.50194017375,13289500.149430355,265790.00293400034,34.129982060412196,0.6825996410680033,12036969.331162823,240739.3865737964,30.91324298995012,0.6182648596719794,"[0.270,0.340]",0.3,"[0.045,0.070]",0.056,0.001,0.0,88,0.0885,0.01,0.8866835225290001,9,0.981683522529,0.003,0.0,29,0.0885,0.01,0.918183522529,6,0.983183522529,0.08928625577882343,0.08903677211017999,0.013970656394195632,0.013434864737690138,0.09694848476980511,0.08463810639334178,0.01373095745986749,0.013595144808198654
26,56,0.1754,160.0,0.10031,6807.087199,136.141744,Altemus:1973,1.460051812,0.036899777,0.0089,0.1843,0.07509,0.08399000000000001,1.0,0.0,0.0,6807.087199,136.141744,2.792526803190927,0.9698463103929541,0.03015368960704583,32.16343747752632,0.0011365816566779319,0.09917341834332206,4.433234524286382,1.1040569917400072,0.0510945528283007,0.06005038909482139,0.07011248519482138,0.2647876228127391,1.0174979989606994,1.0085421626941786,0.013139647432986607,0.00020410673478261926,33350625.133706555,667012.502772119,1.3879515954430136e-05,1.3209262606657874e-05,1424.8198447931752,1290.5310644767005,9698872.926372789,193977.45855595218,24.908563547253497,0.49817127101825415,8784757.488911191,175695.14980403444,22.560940000024186,0.4512188000667703,"[0.223,0.270]",0.24,"[0.045,0.070]",0.056,0.0006,0.0,165,0.09929999999999999,0.018,0.919083522529,4,1.0000835225290001,0.003,0.0,33,0.1005,0.01,0.918183522529,9,1.013183522529,0.09975672210061504,0.10103677211018,0.012696552952040389,0.012978039859080241,0.09016441789619856,0.10062492472873032,0.01317559303105887,0.01299412853912529
26,56,0.1754,160.0,0.11102,4464.617407,89.29234814,Altemus:1973,1.807769684,0.057821304,0.0089,0.1843,0.06438,0.07328000000000001,1.0,0.0,0.0,4464.617407,89.29234814,2.792526803190927,0.9698463103929541,0.03015368960704583,32.16343747752632,0.0011365816566779319,0.10988341834332206,4.433234524286382,1.1040569917400072,0.04380699575290983,0.05239305289758914,0.06471849329758914,0.2543982965697474,1.0448833636960901,1.036297306551411,0.012428575889995843,0.0002481216596654258,17993662.51628421,359873.2503256842,1.3879515954430133e-05,1.3209262606657868e-05,1508.5090712002798,1366.3326100791692,6734915.857898171,134698.31715796344,17.296554033170548,0.345931080663411,6100152.354711202,122003.04709422405,15.666359764554336,0.31332719529108677,"[0.223,0.270]",0.24,"[0.045,0.070]",0.056,0.0006,0.0,183,0.11009999999999999,0.018,0.919083522529,6,1.0360835225290002,0.003,0.0,36,0.1095,0.01,0.918183522529,11,1.033183522529,0.11053499642361686,0.11003677211018,0.01209990226142269,0.012620626519703613,0.10752025037456614,0.11128280361898935,0.012273024269933454,0.012570371170327431
26,56,0.2008,160.0,0.00264,0.0,0.0,Altemus:1973,#DIV/0!,#DIV/0!,0.0089,0.2097,0.19816,0.20706,1.0,0.0,0.0,0.0,0.0,2.792526803190927,0.9698463103929541,0.03015368960704583,32.16343747752632,0.0014882008310912465,0.0011517991689087535,4.433234524286382,1.0906099208742714,0.1543627870775501,0.1684447770527347,0.16845174665273469,0.4104287351693771,0.7309475168914499,0.7168655269162654,0.015307012000002753,-0.0002002892429999906,-0.0,-0.0,1.0590246808101163e-05,1.0140779966937117e-05,1576.4845657652331,1445.5072667058332,0.0,0.0,0.0,0.0,0.0,0.0,0.0,0.0,"[0.340,0.428]",0.38,"[0.145,0.206]",0.16,0.0036,0.0,0,0.0018,0.008,0.8322835225290001,-15,0.7162835225290001,0.005,0.0,0,0.0025,0.03,0.8141835225290001,-4,0.7091835225290001,0.003184008052933507,0.0040336346005142585,0.015306577395665735,0.015306103016988995,-0.010542692998552483,-0.005953864173859821,0.015296033199851055,0.015304296839702549
26,56,0.2008,160.0,0.00582,0.0,0.0,Altemus:1973,#DIV/0!,#DIV/0!,0.0089,0.2097,0.19498000000000001,0.20388,1.0,0.0,0.0,0.0,0.0,2.792526803190927,0.9698463103929541,0.03015368960704583,32.16343747752632,0.0014882008310912465,0.004331799168908753,4.433234524286382,1.0906099208742714,0.1518856289078559,0.1658578245219335,0.1658916969219335,0.40729804433845923,0.739392091341144,0.7254198957270664,0.015304557914537867,-0.00018980898058474182,-0.0,-0.0,1.0590246808101158e-05,1.0140779966937112e-05,1576.7452142315599,1445.7462600079643,0.0,0.0,0.0,0.0,0.0,0.0,0.0,0.0,"[0.340,0.428]",0.38,"[0.145,0.206]",0.16,0.0036,0.0,1,0.0054,0.008,0.8322835225290001,-14,0.7242835225290001,0.005,0.0,0,0.0025,0.03,0.8141835225290001,-3,0.7391835225290001,0.006783664133536149,0.0040336346005142585,0.015302831990242922,0.015306103016988995,-0.006241067859796945,0.010032954161528721,0.015303569709309753,0.015298158508267275
26,56,0.2008,160.0,0.01486,571.7205258,11.43441052,Altemus:1973,3.74273776,0.097297539,0.0089,0.2097,0.18594,0.19483999999999999,1.0,0.0,0.0,571.7205258,11.43441052,2.792526803190927,0.9698463103929541,0.03015368960704583,32.16343747752632,0.0014882008310912465,0.013371799168908753,4.433234524286382,1.0906099208742714,0.144843644677027,0.1585037204721087,0.1587245400721087,0.39840248502250675,0.763398051411973,0.7497379756168914,0.015286665020552207,-0.00016001454473225585,-3572928.4906983343,-71458.56983896441,1.0590246808101155e-05,1.0140779966937109e-05,1578.648148944298,1447.4910953302149,902545.5497676309,18050.91100166721,2.317909859355733,0.046358197203331744,827560.3701130084,16551.207408050133,2.1253335541800453,0.042506671098470644,"[0.340,0.428]",0.38,"[0.145,0.206]",0.16,0.0036,0.0,3,0.0126,0.008,0.8322835225290001,-11,0.7482835225290001,0.005,0.0,2,0.0125,0.03,0.8141835225290001,-3,0.7391835225290001,0.013982231290427194,0.01403363460051426,0.01528722750896815,0.015289104475216588,0.006546306814271263,0.010032954161528721,0.01530316226654741,0.015298158508267275
26,56,0.2008,160.0,0.02596,3060.15417,61.2030834,Altemus:1973,1.373362179,0.030448139,0.0089,0.2097,0.17484,0.18374,1.0,0.0,0.0,3060.15417,61.2030834,2.792526803190927,0.9698463103929541,0.03015368960704583,32.16343747752632,0.0014882008310912465,0.024471799168908754,4.433234524286382,1.0906099208742714,0.1361969604997924,0.14947379182685921,0.1501477134268592,0.38748898491035744,0.7928743961892075,0.7795975648621407,0.015239976088794835,-0.00012342905150918975,-24792819.296453558,-495856.38592907117,1.0590246808101156e-05,1.014077996693711e-05,1583.6346299543238,1452.0632901311096,4846166.116611131,96923.32233222261,12.445882897168639,0.24891765794337278,4443537.532398635,88870.7506479727,11.411855567196362,0.22823711134392727,"[0.340,0.428]",0.38,"[0.145,0.206]",0.16,0.0036,0.0,6,0.0234,0.008,0.8322835225290001,-7,0.780283522529,0.005,0.0,4,0.0225,0.03,0.8141835225290001,-2,0.769183522529,0.02477822028566834,0.024033634600514258,0.015243542742050746,0.015253412280676384,0.023331660205533677,0.026019772496917202,0.015250808243228466,0.015244118662121343
26,56,0.2008,160.0,0.03618,5575.097161,111.5019432,Altemus:1973,1.08582861,0.02084448,0.0089,0.2097,0.16462000000000002,0.17352,1.0,0.0,0.0,5575.097161,111.5019432,2.792526803190927,0.9698463103929541,0.03015368960704583,32.16343747752632,0.0014882008310912465,0.03469179916890875,4.433234524286382,1.0906099208742714,0.12823577921228455,0.1411597494165485,0.14246874181654848,0.3774503170174168,0.8200138775967154,0.8070899073924515,0.015169123679649704,-8.974455787019546e-05,-62121841.07100619,-1242436.821197269,1.0590246808101156e-05,1.014077996693711e-05,1591.2604734605627,1459.0555642341417,8871431.7480015,177428.63492820476,22.78353610029802,0.4556707219242271,8134376.533903016,162687.5306488792,20.890637123522524,0.4178127423955078,"[0.340,0.428]",0.38,"[0.100,0.145]",0.12,0.0036,0.0,9,0.0342,0.008,0.8322835225290001,-4,0.804283522529,0.005,0.0,6,0.0325,0.008,0.8541835225290001,-6,0.810183522529,0.03557197642494714,0.03365022595038569,0.015175531718234821,0.015166711084063988,0.03573086166020922,0.02655266644143017,0.015174348815888522,0.015219583821692646
26,56,0.2008,160.0,0.04631,8698.380579,173.9676116,Altemus:1973,0.885705095,0.015658087,0.0089,0.2097,0.15449000000000002,0.16339,1.0,0.0,0.0,8698.380579,173.9676116,2.792526803190927,0.9698463103929541,0.03015368960704583,32.16343747752632,0.0014882008310912465,0.04482179916890875,4.433234524286382,1.0906099208742714,0.12034470617486234,0.1329189226439019,0.1350635387439019,0.3675099165245775,0.8469143616141377,0.8343401451450981,0.0150682347947485,-5.635972681160916e-05,-154336812.3141484,-3086736.246637831,1.0590246808101158e-05,1.0140779966937112e-05,1602.2429333853854,1469.1255807584905,13936918.814599428,278738.3763240334,35.792677209164175,0.7158535442655808,12779013.41978175,255580.2684250175,32.8189543521404,0.656379087118268,"[0.340,0.428]",0.38,"[0.100,0.145]",0.12,0.0036,0.0,12,0.045,0.008,0.8322835225290001,0,0.8362835225290001,0.005,0.0,8,0.0425,0.008,0.8541835225290001,-3,0.8341835225290001,0.04636350109308296,0.043650225950385695,0.015083199445445492,0.015071988137815486,0.052021664495876196,0.039342121109741,0.015025060093544469,0.015115653088870496
26,56,0.2008,160.0,0.05638,11180.02039,223.6004078,Altemus:1973,0.845114738,0.014028597,0.0089,0.2097,0.14442,0.15331999999999998,1.0,0.0,0.0,11180.02039,223.6004078,2.792526803190927,0.9698463103929541,0.03015368960704583,32.16343747752632,0.0014882008310912465,0.05489179916890875,4.433234524286382,1.0906099208742714,0.11250037197083058,0.12472690629636474,0.12790561069636475,0.3576389390102324,0.8736555140381694,0.8614289797126353,0.014932891828253829,-2.3178587386642253e-05,-482342612.3217073,-9646852.246434147,1.0590246808101155e-05,1.0140779966937109e-05,1617.20908415424,1482.8483156084149,18080430.535737626,361608.6107147526,46.4340090214533,0.9286801804290662,16578274.403779233,331565.48807558464,42.57618432833452,0.8515236865666904,"[0.340,0.428]",0.38,"[0.100,0.145]",0.12,0.0036,0.0,15,0.055799999999999995,0.008,0.8322835225290001,3,0.8602835225290001,0.005,0.0,10,0.0525,0.008,0.8541835225290001,0,0.8581835225290001,0.05715279567350251,0.05365022595038569,0.014966547319943367,0.014954426300387237,0.06406602574378495,0.05213157577805184,0.014879002193041784,0.014973709498855526
26,56,0.2008,160.0,0.06663,12447.19962,248.9439923,Altemus:1973,0.870316243,0.014092326,0.0089,0.2097,0.13417,0.14307,1.0,0.0,0.0,12447.19962,248.9439923,2.792526803190927,0.9698463103929541,0.03015368960704583,32.16343747752632,0.0014882008310912465,0.06514179916890875,4.433234524286382,1.0906099208742714,0.10451582126662749,0.11638845867349924,0.12082801557349925,0.3476032444806855,0.9008746612423726,0.8890020238355009,0.014753488625434432,1.0585850921264204e-05,1175833639.8821595,23516672.788196616,1.0590246808101156e-05,1.014077996693711e-05,1637.4707109206659,1501.426568362785,20381924.81073284,407638.49605090974,52.344687183498024,1.0468937432494265,18688556.21118316,373771.12407352054,47.995792245807436,0.9599158445305537,"[0.340,0.428]",0.38,"[0.100,0.145]",0.12,0.0036,0.0,18,0.06659999999999999,0.008,0.8322835225290001,7,0.892283522529,0.005,0.0,13,0.0675,0.008,0.8541835225290001,4,0.8901835225290001,0.0679398615481972,0.0686502259503857,0.014825573128714286,0.01473769096082733,0.079903567462147,0.06918418200246627,0.014640724664010337,0.014729126878871589
26,56,0.2008,160.0,0.07706,12387.65776,247.7531552,Altemus:1973,0.931491669,0.015342691,0.0089,0.2097,0.12374,0.13264,1.0,0.0,0.0,12387.65776,247.7531552,2.792526803190927,0.9698463103929541,0.03015368960704583,32.16343747752632,0.0014882008310912465,0.07557179916890876,4.433234524286382,1.0906099208742714,0.096391054062253,0.10790357977530537,0.11384182337530538,0.3374045396483358,0.9285718032267472,0.9170592775136948,0.014520749743328275,4.492831786071799e-05,275720488.766192,5514409.775323841,1.0590246808101155e-05,1.0140779966937109e-05,1664.5022381232832,1526.2122655082392,20619284.066625256,412385.68133250513,52.95427122009764,1.0590854244019527,18906195.214230318,378123.9042846064,48.55473089557779,0.9710946179115559,"[0.270,0.340]",0.3,"[0.100,0.145]",0.12,0.001,0.0,75,0.0755,0.01,0.8866835225290001,3,0.9216835225290001,0.005,0.0,15,0.0775,0.008,0.8541835225290001,7,0.914183522529,0.07630685727456665,0.07865022595038569,0.014331469749861485,0.014568159841268143,0.06755179713367576,0.08197363667077705,0.01454278402156967,0.014507680372736354
26,56,0.2008,160.0,0.08732,11263.02764,225.2605527,Altemus:1973,1.012161238,0.017685298,0.0089,0.2097,0.11348000000000001,0.12238000000000002,1.0,0.0,0.0,11263.02764,225.2605527,2.792526803190927,0.9698463103929541,0.03015368960704583,32.16343747752632,0.0014882008310912465,0.08583179916890875,4.433234524286382,1.0906099208742714,0.08839871355248481,0.0995569970815883,0.1071817794815883,0.3273862848098379,0.9558175056965152,0.9446592221674118,0.014234169466929932,7.869060805486585e-05,143130519.8728039,2862610.3961852784,1.0590246808101158e-05,1.0140779966937112e-05,1699.0018179474123,1557.8455554351021,19135904.435951952,382718.08854913886,49.14466817902081,0.9828933631440802,17546057.549716707,350921.1508385496,45.06163683127393,0.901232736225394,"[0.270,0.340]",0.3,"[0.070,0.100]",0.093,0.001,0.0,85,0.0855,0.01,0.8866835225290001,5,0.9416835225290001,0.005,0.0,17,0.08750000000000001,0.008,0.8811835225290001,7,0.9411835225290002,0.08629129614256215,0.08839142511154892,0.014058957427389272,0.014138061502424009,0.0774452298890772,0.08197363667077713,0.014302096958528611,0.014290861630269035
26,56,0.2008,160.0,0.09759,9457.364194,189.1472839,Altemus:1973,1.157404936,0.021840123,0.0089,0.2097,0.10321000000000001,0.11211000000000002,1.0,0.0,0.0,9457.364194,189.1472839,2.792526803190927,0.9698463103929541,0.03015368960704583,32.16343747752632,0.0014882008310912465,0.09610179916890875,4.433234524286382,1.0906099208742714,0.08039858323715154,0.09120227931701966,0.10072608741701966,0.3173737346048341,0.9830897634318484,0.9722860673519803,0.013880364805815252,0.00011245851630498497,84096469.56706987,1681929.3915192408,1.0590246808101156e-05,1.014077996693711e-05,1743.5595603518364,1598.7013569014093,16489477.756177839,329789.555158428,42.34813752780905,0.846962750645737,15119500.969658604,302390.0194251461,38.829774713456935,0.7765954943512542,"[0.270,0.340]",0.3,"[0.070,0.100]",0.093,0.001,0.0,96,0.0965,0.01,0.8866835225290001,8,0.971683522529,0.005,0.0,19,0.0975,0.008,0.8811835225290001,11,0.9731835225290001,0.09727197570651924,0.09839142511154891,0.013720401017395125,0.013884452234380437,0.09210728054160666,0.09902624289519152,0.013884713242962102,0.013867761335862053
26,56,0.2008,160.0,0.10782,7419.118651,148.382373,Altemus:1973,1.277914594,0.02774184,0.0089,0.2097,0.09298000000000001,0.10188000000000001,1.0,0.0,0.0,7419.118651,148.382373,2.792526803190927,0.9698463103929541,0.03015368960704583,32.16343747752632,0.0014882008310912465,0.10633179916890875,4.433234524286382,1.0906099208742714,0.07242961214407859,0.0828801018358573,0.0945052542358573,0.30741706887526155,1.0102558001049213,0.9998053104131427,0.01344995979948803,0.00014605927749211322,50795257.777450055,1015905.1554120705,1.0590246808101156e-05,1.014077996693711e-05,1800.925328936684,1651.3010696739295,13361278.696972463,267225.5739034308,34.314323120074974,0.6862864623089971,12251198.5644341,245023.971255656,31.4634246977759,0.6292684938707009,"[0.270,0.340]",0.3,"[0.070,0.100]",0.093,0.001,0.0,106,0.1065,0.01,0.8866835225290001,11,1.0016835225290002,0.005,0.0,21,0.1075,0.008,0.8811835225290001,14,0.9971835225290001,0.10725240995876106,0.10839142511154891,0.013377308914987786,0.013614092830259038,0.10656360087546723,0.11181569756350235,0.013402071468318837,0.0135181055426244
26,56,0.2008,160.0,0.11755,5538.709964,110.7741993,Altemus:1973,1.268255613,0.035004541,0.0089,0.2097,0.08325,0.09215000000000001,1.0,0.0,0.0,5538.709964,110.7741993,2.792526803190927,0.9698463103929541,0.03015368960704583,32.16343747752632,0.0014882008310912465,0.11606179916890876,4.433234524286382,1.0906099208742714,0.06485013132925943,0.07496467789727376,0.08878268039727376,0.2979642267072907,1.0360940734997408,1.0259795269317264,0.012956045546229363,0.00017797533437254924,31120660.531565692,622413.210743689,1.0590246808101156e-05,1.014077996693711e-05,1871.4532164783404,1715.969367836043,10365436.577268433,207308.73158279774,26.62042668667837,0.5324085338296926,9504256.635552272,190085.13274536483,24.408751632608016,0.48817503274029905,"[0.270,0.340]",0.3,"[0.070,0.100]",0.093,0.001,0.0,116,0.1165,0.01,0.8866835225290001,13,1.021683522529,0.005,0.0,23,0.11750000000000001,0.008,0.8811835225290001,18,1.029183522529,0.11723093894396186,0.11839142511154892,0.013000532499013617,0.013329436907041662,0.11609103700477197,0.12886830378791672,0.013045283455314064,0.013018503296950418
26,56,0.2008,160.0,0.12839,3852.214136,77.04428273,Altemus:1973,1.563594283,0.05192079,0.0089,0.2097,0.07241,0.08131000000000001,1.0,0.0,0.0,3852.214136,77.04428273,2.792526803190927,0.9698463103929541,0.03015368960704583,32.16343747752632,0.0014882008310912465,0.12690179916890876,4.433234524286382,1.0906099208742714,0.05640598209671682,0.06614626109416527,0.08263025319416527,0.28745478460823237,1.0648799813722831,1.0551397023748348,0.012291434850877544,0.00021347006906089708,18045687.40220471,360913.7480909392,1.0590246808101156e-05,1.014077996693711e-05,1975.3020362889517,1811.190232622751,7609286.427061885,152185.72856099074,19.542105145263285,0.39084210295599536,6977092.61709449,139541.8523600017,17.918510341073777,0.3583702068679904,"[0.270,0.340]",0.3,"[0.045,0.070]",0.056,0.001,0.0,126,0.1265,0.01,0.8866835225290001,16,1.051683522529,0.003,0.0,42,0.1275,0.01,0.918183522529,13,1.053183522529,0.12720756375284736,0.12803677211018,0.012590014006721781,0.011882426390991716,0.13022291600950908,0.12194068250924837,0.012459271867063117,0.01213482992794889
26,56,0.2008,160.0,0.13792,2877.694039,57.55388077,Altemus:1973,1.64934143,0.072714471,0.0089,0.2097,0.06288000000000002,0.07178000000000002,1.0,0.0,0.0,2877.694039,57.55388077,2.792526803190927,0.9698463103929541,0.03015368960704583,32.16343747752632,0.0014882008310912465,0.13643179916890874,4.433234524286382,1.0906099208742714,0.04898229739319921,0.05839353857261326,0.07741546497261326,0.27823634732473984,1.0901871494558006,1.0807759082763866,0.011589955374784492,0.0002446068728051951,11764567.389289161,235291.3477449013,1.0590246808101156e-05,1.014077996693711e-05,2097.8333822443465,1923.5414441880826,6036922.6188997645,120738.45235701695,15.503973690987719,0.310079473765878,5535363.747709496,110707.2749349545,14.215874433417207,0.2843174886189439,"[0.270,0.340]",0.3,"[0.045,0.070]",0.056,0.001,0.0,136,0.1365,0.01,0.8866835225290001,19,1.081683522529,0.003,0.0,45,0.1365,0.01,0.918183522529,16,1.083183522529,0.13718228547511302,0.13703677211018,0.012145688732853838,0.011507706096100091,0.14417031146208303,0.13792750084463692,0.01181417463936477,0.011470569687060951
26,56,0.2251,160.0,0.00635,0.071636444,0.001432729,Altemus:1973,10518.66833,362.636649,0.0089,0.23399999999999999,0.21875,0.22765,1.0,0.0,0.0,0.071636444,0.001432729,2.792526803190927,0.9698463103929541,0.03015368960704583,32.16343747752632,0.0018685114990365792,0.0044814885009634205,4.433234524286382,1.0806392183463158,0.19102335391077221,0.2066552397570548,0.2066955622570548,0.4546378363676464,0.7012489357182279,0.6856170498719453,0.01530469511601574,-0.00019071623682814068,-375.6179609634047,-7.512359848475141,8.427184621842305e-06,8.106663497336337e-06,1963.3257428592503,1816.8188878649944,140.64567463209508,2.812913728240991,0.0003612050339059393,7.224101283182377e-06,130.15044451868295,2.6030091083919253,0.0003342512725557798,6.685026011028267e-06,"[0.428,0.523]",0.475,"[0.206,0.322]",0.265,0.0036,0.0,1,0.0054,0.032,0.7510585225290001,-3,0.6710585225290001,0.005,0.0,0,0.0025,0.015,0.7091835225290001,-2,0.6866835225290001,0.007562116280766418,0.00504008230710174,0.01530381524157536,0.01530619088597779,0.008660747697799676,0.038009886248458656,0.015302624534583566,0.015225896389665148
26,56,0.2251,160.0,0.01097,0.067296482,0.00134593,Altemus:1973,10853.01904,385.6368004,0.0089,0.23399999999999999,0.21413,0.22302999999999998,1.0,0.0,0.0,0.067296482,0.00134593,2.792526803190927,0.9698463103929541,0.03015368960704583,32.16343747752632,0.0018685114990365792,0.009101488500963421,4.433234524286382,1.0806392183463158,0.18698894067617672,0.2024613139600963,0.2025816548600963,0.45009071847806004,0.7139529914728233,0.6984806181889036,0.015298681471435838,-0.00017811731724784243,-377.82110712098756,-7.556424163559557,8.427184621842305e-06,8.106663497336337e-06,1964.1214819304332,1817.5552474729684,132.17846595454472,2.6435700261746278,0.0003394596200817069,6.789194217560612e-06,122.31507399557017,2.4463021342312925,0.0003141285401442087,6.282572483302987e-06,"[0.428,0.523]",0.475,"[0.145,0.206]",0.16,0.0036,0.0,2,0.009,0.032,0.7510585225290001,-2,0.703058522529,0.005,0.0,1,0.0075,0.03,0.8141835225290001,-4,0.7091835225290001,0.011161470306035426,0.009033634600514259,0.01529931287935178,0.015299951503231034,0.025409272602853195,-0.005953864173859821,0.015264501131810986,0.015304296839702549
26,56,0.2251,160.0,0.02267,841.8739333,16.83747867,Altemus:1973,2.576157681,0.063685307,0.0089,0.23399999999999999,0.20243,0.21133,1.0,0.0,0.0,841.8739333,16.83747867,2.792526803190927,0.9698463103929541,0.03015368960704583,32.16343747752632,0.0018685114990365792,0.02080148850096342,4.433234524286382,1.0806392183463158,0.17677192014700627,0.19184033304572104,0.19235426194572103,0.4385821039961857,0.7461256002019938,0.7310571873032791,0.015267361380621961,-0.00014620926164504985,-5758006.871984659,-115160.13746705122,8.427184621842305e-06,8.106663497336337e-06,1968.2759639492017,1821.3997146626064,1657040.2275897635,33140.80455966837,4.255596719598529,0.08511193441219021,1533388.941894506,30667.77884517572,3.93803653185084,0.07876073065572761,"[0.428,0.523]",0.475,"[0.145,0.206]",0.16,0.0036,0.0,5,0.019799999999999998,0.032,0.7510585225290001,-1,0.7350585225290001,0.005,0.0,4,0.0225,0.03,0.8141835225290001,-3,0.7391835225290001,0.021958042850997117,0.024033634600514258,0.015275423261824017,0.015253412280676384,0.04187164367714624,0.010032954161528721,0.015190493511864234,0.015298158508267275
26,56,0.2251,160.0,0.03319,2183.309575,43.66619149,Altemus:1973,1.638888063,0.032702188,0.0089,0.23399999999999999,0.19191,0.20081,1.0,0.0,0.0,2183.309575,43.66619149,2.792526803190927,0.9698463103929541,0.03015368960704583,32.16343747752632,0.0018685114990365792,0.03132148850096342,4.433234524286382,1.0806392183463158,0.16758533416693164,0.18229052798424852,0.18339210408424853,0.4282430432409247,0.7750534501020684,0.7603482562847516,0.015217086893563832,-0.00011751837745411578,-18578452.3433576,-371569.0467820589,8.427184621842307e-06,8.106663497336339e-06,1974.9804353452732,1827.6038864918792,4311993.694927004,86239.87387879027,11.074025794625348,0.22148051584178566,3990225.0646849335,79804.50127542262,10.247662315616996,0.2049532462654035,"[0.428,0.523]",0.475,"[0.145,0.206]",0.16,0.0036,0.0,8,0.0306,0.032,0.7510585225290001,0,0.7670585225290001,0.005,0.0,6,0.0325,0.03,0.8141835225290001,-2,0.769183522529,0.032752382177960726,0.034033634600514256,0.015235965409936181,0.01519928775301348,0.05806204531808978,0.026019772496917202,0.015082364554525772,0.015244118662121343
26,56,0.2251,160.0,0.04374,4169.268766,83.38537532,Altemus:1973,1.190616455,0.020911581,0.0089,0.23399999999999999,0.18136,0.19025999999999998,1.0,0.0,0.0,4169.268766,83.38537532,2.792526803190927,0.9698463103929541,0.03015368960704583,32.16343747752632,0.0018685114990365792,0.04187148850096342,4.433234524286382,1.0806392183463158,0.15837255069832068,0.17271348963838015,0.17462667723838016,0.4178835689978492,0.8040637938706794,0.7897228549306199,0.015142466667452831,-8.874643600867294e-05,-46979562.82540236,-939591.256508047,8.427184621842305e-06,8.106663497336337e-06,1985.0136854764612,1836.888437673116,8276055.5589395575,165521.11117879115,21.25449599921102,0.4250899199842204,7658481.58981706,153169.6317963412,19.668447746821943,0.39336895493643886,"[0.340,0.428]",0.38,"[0.145,0.206]",0.16,0.0036,0.0,11,0.0414,0.008,0.8322835225290001,-6,0.788283522529,0.005,0.0,8,0.0425,0.03,0.8141835225290001,-1,0.799183522529,0.04276657405951312,0.04403363460051426,0.01511667907023461,0.015127123677268033,0.027482415480027167,0.04200659083230574,0.015228788487908049,0.015143186088980895
26,56,0.2251,160.0,0.05431,6451.981813,129.0396363,Altemus:1973,1.009116298,0.016021434,0.0089,0.23399999999999999,0.17079,0.17969,1.0,0.0,0.0,6451.981813,129.0396363,2.792526803190927,0.9698463103929541,0.03015368960704583,32.16343747752632,0.0018685114990365792,0.05244148850096342,4.433234524286382,1.0806392183463158,0.14914230223735217,0.16311829576958126,0.16606787186958125,0.40751425971318017,0.8331291335516479,0.8191531400194187,0.015039841697834821,-5.992262744673456e-05,-107671877.68485603,-2153437.554364648,8.427184621842305e-06,8.106663497336337e-06,1998.975039559102,1849.8079707102434,12897350.599876283,257947.01207748466,33.12286689875934,0.6624573381805369,11934927.384564927,238698.5477652909,30.65117972439193,0.6130235946778652,"[0.340,0.428]",0.38,"[0.145,0.206]",0.16,0.0036,0.0,14,0.052199999999999996,0.008,0.8322835225290001,-2,0.820283522529,0.005,0.0,10,0.0525,0.03,0.8141835225290001,0,0.8291835225290001,0.05355661184889016,0.05403363460051425,0.01500813362999243,0.015037437246964776,0.04391003921875991,0.057993409167694285,0.015106329093997388,0.014997216484697975
26,56,0.2251,160.0,0.06486,8430.088583,168.6017717,Altemus:1973,0.913525395,0.01384683,0.0089,0.23399999999999999,0.16024,0.16913999999999998,1.0,0.0,0.0,8430.088583,168.6017717,2.792526803190927,0.9698463103929541,0.03015368960704583,32.16343747752632,0.0018685114990365792,0.06299148850096342,4.433234524286382,1.0806392183463158,0.1399295187687412,0.1535412574237129,0.1577480770237129,0.3971751213554456,0.8621394773202589,0.8485277386652872,0.014905496989858878,-3.11583370821548e-05,-270556434.40702534,-5411128.689424272,8.427184621842305e-06,8.106663497336337e-06,2017.5422550165215,1866.989667563549,17008059.929734852,340161.1986753987,43.67995588676435,0.8735991179425442,15738888.28110644,314777.76569680835,40.42047997629316,0.8084095997176546,"[0.340,0.428]",0.38,"[0.145,0.206]",0.16,0.0036,0.0,17,0.063,0.008,0.8322835225290001,2,0.8522835225290001,0.005,0.0,12,0.0625,0.03,0.8141835225290001,1,0.8591835225290001,0.06434442047201827,0.06403363460051426,0.014875267262633092,0.014930860939793077,0.060067384102035604,0.07398022750308282,0.014930858049757464,0.014808828560355496
26,56,0.2251,160.0,0.07545,9670.842892,193.4168578,Altemus:1973,0.922928859,0.01349417,0.0089,0.23399999999999999,0.14965,0.15855,1.0,0.0,0.0,9670.842892,193.4168578,2.792526803190927,0.9698463103929541,0.03015368960704583,32.16343747752632,0.0018685114990365792,0.07358148850096342,4.433234524286382,1.0806392183463158,0.13068180531541515,0.1439279080319835,0.1496206105319835,0.3868082348295903,0.8912598129135848,0.8780137101970165,0.014733798359737548,-2.2927912523320953e-06,-4217934311.3610435,-84358686.20977488,8.427184621842305e-06,8.106663497336337e-06,2041.7650117883763,1889.4048791907212,19745588.651387915,394911.7729460877,50.710454032617264,1.0142090804425994,18272137.746031705,365442.7548450579,46.926349860056554,0.9385269970070369,"[0.340,0.428]",0.38,"[0.100,0.145]",0.12,0.0036,0.0,20,0.0738,0.008,0.8322835225290001,5,0.8762835225290001,0.005,0.0,14,0.0725,0.008,0.8541835225290001,2,0.8741835225290001,0.07513000130994385,0.07365022595038569,0.014718075349624826,0.014655312811836355,0.07201583124035371,0.06065787889025906,0.014765963776235947,0.014859010463860628
26,56,0.2251,160.0,0.08605,10009.98687,200.1997375,Altemus:1973,0.976794488,0.014265753,0.0089,0.23399999999999999,0.13905,0.14795,1.0,0.0,0.0,10009.98687,200.1997375,2.792526803190927,0.9698463103929541,0.03015368960704583,32.16343747752632,0.0018685114990365792,0.08418148850096342,4.433234524286382,1.0806392183463158,0.12142535936591031,0.13430548087878874,0.14171008337878874,0.3764439976660389,0.9204076464630897,0.9075275249502113,0.014519397968617502,2.658879107018671e-05,376473937.5918421,7529478.755597825,8.427184621842302e-06,8.106663497336334e-06,2072.816515368974,1918.1392644077553,20748866.102762584,414977.32226253324,53.28706271104835,1.0657412547533058,19200548.85155309,384010.9772228757,49.31068742127706,0.986213748918156,"[0.340,0.428]",0.38,"[0.100,0.145]",0.12,0.0036,0.0,23,0.0846,0.008,0.8322835225290001,9,0.908283522529,0.005,0.0,16,0.0825,0.008,0.8541835225290001,6,0.9061835225290001,0.08591335574227088,0.0836502259503857,0.01453654966416609,0.014476418146675964,0.08773066594325585,0.0777104851146735,0.014503556434046454,0.014584895968819497
26,56,0.2251,160.0,0.09665,9522.196143,190.4439229,Altemus:1973,1.04843461,0.015913346,0.0089,0.23399999999999999,0.12845,0.13735,1.0,0.0,0.0,9522.196143,190.4439229,2.792526803190927,0.9698463103929541,0.03015368960704583,32.16343747752632,0.0018685114990365792,0.09478148850096342,4.433234524286382,1.0806392183463158,0.11216891341640545,0.12468305372559402,0.134024276225594,0.3660932616500801,0.9495554800125945,0.9370413397034059,0.014255934051596628,5.545504891070664e-05,171710174.81803286,3434203.497081962,8.427184621842307e-06,8.106663497336339e-06,2112.2531878647656,1954.6331023383655,20113289.15852532,402265.7832549966,51.65477936999589,1.0330955876169048,18612399.788066506,372247.99583951547,47.800207963063144,0.9560041594620577,"[0.340,0.428]",0.38,"[0.100,0.145]",0.12,0.0036,0.0,26,0.0954,0.008,0.8322835225290001,13,0.940283522529,0.005,0.0,18,0.0925,0.008,0.8541835225290001,10,0.9381835225290001,0.09669448514718937,0.09365022595038569,0.014330678370003201,0.014279942544198513,0.10320840767322392,0.09476309133908789,0.014194463502107808,0.014257059075896802
26,56,0.2251,160.0,0.10725,8415.771915,168.3154383,Altemus:1973,1.155865451,0.01874932,0.0089,0.23399999999999999,0.11785,0.12675,1.0,0.0,0.0,8415.771915,168.3154383,2.792526803190927,0.9698463103929541,0.03015368960704583,32.16343747752632,0.0018685114990365792,0.10538148850096342,4.433234524286382,1.0806392183463158,0.1029124674669006,0.11506062657239928,0.12656318907239927,0.3557572052290709,0.9787033135620993,0.9665551544566007,0.013935805011372272,8.4301035746501e-05,99829994.26373363,1996599.8852746729,8.427184621842305e-06,8.106663497336337e-06,2162.178909855093,2000.8332782552898,18196404.544763807,363928.09089527617,46.73185249209033,0.9346370498418066,16838556.509738248,336771.130194765,43.24463863490288,0.8648927726980575,"[0.340,0.428]",0.38,"[0.100,0.145]",0.12,0.0036,0.0,29,0.1062,0.008,0.8322835225290001,16,0.9642835225290001,0.005,0.0,21,0.1075,0.008,0.8541835225290001,14,0.9701835225290001,0.10747339090145402,0.10865022595038569,0.014100446018910036,0.01395576755369464,0.11466741736890318,0.11181569756350233,0.013933190774931433,0.013883284405090552
26,56,0.2251,160.0,0.11744,7012.112063,140.2422413,Altemus:1973,1.246814073,0.022666495,0.0089,0.23399999999999999,0.10765999999999999,0.11656,1.0,0.0,0.0,7012.112063,140.2422413,2.792526803190927,0.9698463103929541,0.03015368960704583,32.16343747752632,0.0018685114990365792,0.11557148850096342,4.433234524286382,1.0806392183463158,0.09401405386072564,0.10581038763928094,0.11960254123928094,0.3458360033878499,1.0067237309082744,0.9949273971297191,0.013566359430180117,0.00011200662371033369,62604440.97604796,1252088.8198780809,8.427184621842305e-06,8.106663497336337e-06,2222.7250261448694,2056.861335780751,15585996.968562428,311719.93946015753,40.02782579851028,0.8005565161985408,14422942.184546495,288458.84377320437,37.04087832363163,0.7408175666839293,"[0.340,0.428]",0.38,"[0.100,0.145]",0.12,0.0036,0.0,32,0.11699999999999999,0.008,0.8322835225290001,20,0.9962835225290001,0.005,0.0,23,0.11750000000000001,0.008,0.8541835225290001,17,0.9941835225290001,0.11825007438040558,0.1186502259503857,0.013845833546827155,0.013722423862391309,0.12975486598899189,0.12460515223181316,0.0135470197505086,0.013577743865883344
26,56,0.2251,160.0,0.12871,5371.338026,107.4267605,Altemus:1973,1.332517143,0.029003946,0.0089,0.23399999999999999,0.09639,0.10529000000000001,1.0,0.0,0.0,5371.338026,107.4267605,2.792526803190927,0.9698463103929541,0.03015368960704583,32.16343747752632,0.0018685114990365792,0.1268414885009634,4.433234524286382,1.0806392183463158,0.08417253066724267,0.0955797504679126,0.1121460145679126,0.3348820905451837,1.0377139275217573,1.0263067077210875,0.013075952243964472,0.00014261264250821544,37663827.91547093,753276.5581691784,8.427184621842305e-06,8.106663497336337e-06,2308.3807603556465,2136.125286927975,12399093.356585078,247981.86708553394,31.843246854078565,0.6368649369630041,11473850.981976394,229477.01959680536,29.46704720082967,0.5893409439068737,"[0.270,0.340]",0.3,"[0.070,0.100]",0.093,0.001,0.0,126,0.1265,0.01,0.8866835225290001,13,1.021683522529,0.005,0.0,25,0.1275,0.008,0.8811835225290001,18,1.029183522529,0.12720756375284736,0.1283914251115489,0.012590014006721781,0.013032900938856886,0.11609103700477197,0.12886830378791672,0.013045283455314064,0.013018503296950418
26,56,0.2251,160.0,0.1393,4006.401249,80.12802498,Altemus:1973,1.513852364,0.038678103,0.0089,0.23399999999999999,0.08579999999999999,0.09469999999999999,1.0,0.0,0.0,4006.401249,80.12802498,2.792526803190927,0.9698463103929541,0.03015368960704583,32.16343747752632,0.0018685114990365792,0.13743148850096343,4.433234524286382,1.0806392183463158,0.07492481721391658,0.08596640107618313,0.10537089107618314,0.3246088277853563,1.0668342631150836,1.055792679252817,0.012523975214527359,0.00017132845660366866,23384330.47504737,467686.60950094747,8.427184621842307e-06,8.106663497336339e-06,2412.8161428496483,2232.7675156394384,9666709.608320193,193334.19216640387,24.825961985434375,0.4965192397086875,8945362.563384473,178907.25126768948,22.973404596054852,0.45946809192109705,"[0.270,0.340]",0.3,"[0.070,0.100]",0.093,0.001,0.0,137,0.1375,0.01,0.8866835225290001,16,1.051683522529,0.005,0.0,27,0.1375,0.008,0.8811835225290001,21,1.053183522529,0.13817965301949897,0.13839142511154892,0.012099394133463741,0.012726825420178615,0.13022291600950908,0.14165775845622755,0.012459271867063117,0.012625162777842888
26,56,0.2251,160.0,0.14988,2985.894794,59.71789589,Altemus:1973,1.733450224,0.05339438,0.0089,0.23399999999999999,0.07521999999999998,0.08411999999999999,1.0,0.0,0.0,2985.894794,59.71789589,2.792526803190927,0.9698463103929541,0.03015368960704583,32.16343747752632,0.0018685114990365792,0.14801148850096343,4.433234524286382,1.0806392183463158,0.06568583625676928,0.07636212944591894,0.09882614384591895,0.3143662574862623,1.0959271007522307,1.0852508075630811,0.011869381368411284,0.0001999642412480228,14932143.74412317,298642.87493247236,8.427184621842309e-06,8.10666349733634e-06,2549.2588665312355,2359.028640874541,7611818.778133957,152236.37558817174,19.548608707902112,0.3909721742235121,7043811.337684187,140876.22677727405,18.089856795885144,0.36179713597828733,"[0.270,0.340]",0.3,"[0.070,0.100]",0.093,0.001,0.0,148,0.1485,0.01,0.8866835225290001,19,1.081683522529,0.005,0.0,29,0.1475,0.008,0.8811835225290001,25,1.085183522529,0.1491494410002474,0.1483914251115489,0.011567772037649667,0.012413442723630064,0.14417031146208303,0.15871036468064198,0.01181417463936477,0.012084627118191388
26,56,0.2251,160.0,0.16033,2413.412484,48.26824967,Altemus:1973,1.987849169,0.071807037,0.0089,0.23399999999999999,0.06477,0.07367,1.0,0.0,0.0,2413.412484,48.26824967,2.792526803190927,0.9698463103929541,0.03015368960704583,32.16343747752632,0.0018685114990365792,0.15846148850096342,4.433234524286382,1.0806392183463158,0.05656037774994613,0.0668758687147034,0.0925815776147034,0.3042722097311935,1.1246624649590538,1.1143469739942966,0.0111045960367601,0.00022818366379807195,10576622.549700651,211532.4509501887,8.427184621842307e-06,8.106663497336339e-06,2729.0485486340995,2525.4020974829295,6586319.836715616,131726.39670702186,16.914930986390523,0.3382986196577233,6094836.949185087,121896.73895844774,15.65270878496818,0.31305417563450644,"[0.270,0.340]",0.3,"[0.045,0.070]",0.056,0.001,0.0,158,0.1585,0.01,0.8866835225290001,22,1.111683522529,0.003,0.0,52,0.1575,0.01,0.918183522529,19,1.113183522529,0.15911997976254355,0.15803677211018,0.011048809672369705,0.010636461813168522,0.15794026507618952,0.15391431918002546,0.011111993478069656,0.010806254514852493
26,56,0.2503,160.0,0.00406,0.09729423,0.001945885,Altemus:1973,213.1267178,67.47882171,0.0089,0.25920000000000004,0.24624000000000001,0.25514000000000003,1.0,0.0,0.0,0.09729423,0.001945885,2.792526803190927,0.9698463103929541,0.03015368960704583,32.16343747752632,0.0023081450178102647,0.0017518549821897355,4.433234524286382,1.0723789862073623,0.23910153341772644,0.25655262205857704,0.25656910565857705,0.5065265103215991,0.6488734658712736,0.631422377230423,0.015306667245985844,-0.0001979313885100911,-491.5553350702618,-9.831108722307544,6.815720920123112e-06,6.581693465689872e-06,2408.6458123960156,2246.0770337495815,234.34733965979478,4.686947756654221,0.0006018488587651628,1.2036979649648793e-05,218.53033551934953,4.370607608817805,0.0005612277622985661,1.1224557553313753e-05,"[0.428,0.523]",0.475,"[0.206,0.322]",0.265,0.0036,0.0,0,0.0018,0.032,0.7510585225290001,-4,0.6390585225290001,0.005,0.0,0,0.0025,0.015,0.7091835225290001,-6,0.6266835225290001,0.003962513914700594,0.00504008230710174,0.015306586679416262,0.01530619088597779,-0.00838939302061037,0.006036249577681571,0.015302933628908213,0.015305563418450715
26,56,0.2503,160.0,0.01411,0.218541857,0.004370837,Altemus:1973,2065.050629,146.9512543,0.0089,0.25920000000000004,0.23619,0.24509,1.0,0.0,0.0,0.218541857,0.004370837,2.792526803190927,0.9698463103929541,0.03015368960704583,32.16343747752632,0.0023081450178102647,0.011801854982189735,4.433234524286382,1.0723789862073623,0.2293428816517739,0.24644697867969204,0.24664607077969203,0.4966347458441586,0.677491404937226,0.660387307909308,0.015295468359970504,-0.00017489890733134988,-1249.532431817699,-24.990647835891572,6.815720920123113e-06,6.581693465689873e-06,2410.4641783942707,2247.7726712262966,526.7873177782632,10.535746018100278,0.001352890741055859,2.7057813954442457e-05,491.23241368364535,9.824647958984732,0.0012615789366039062,2.523157792389861e-05,"[0.428,0.523]",0.475,"[0.206,0.322]",0.265,0.0036,0.0,3,0.0126,0.032,0.7510585225290001,-3,0.6710585225290001,0.005,0.0,2,0.0125,0.015,0.7091835225290001,-4,0.6566835225290001,0.01476057604192249,0.015040082307101741,0.015293079903467285,0.015294779872864171,0.008660747697799676,0.022023067913070113,0.015302624534583566,0.015280097393146796
26,56,0.2503,160.0,0.02378,304.8084016,6.096168032,Altemus:1973,3.957896152,0.177321228,0.0089,0.25920000000000004,0.22652000000000003,0.23542000000000002,1.0,0.0,0.0,304.8084016,6.096168032,2.792526803190927,0.9698463103929541,0.03015368960704583,32.16343747752632,0.0023081450178102647,0.021471854982189734,4.433234524286382,1.0723789862073623,0.21995321373368829,0.23672343922956102,0.23728892762956103,0.48712311342160824,0.7050272726753117,0.6882570471794389,0.015271712802822818,-0.00015273578728308267,-1995658.0381195392,-39913.16076239078,6.815720920123109e-06,6.58169346568987e-06,2414.330204864496,2251.377764686677,735908.1306793477,14718.16261358695,1.8899530468250316,0.03779906093650062,686238.8578519269,13724.777157038538,1.7623928397824624,0.03524785679564925,"[0.428,0.523]",0.475,"[0.206,0.322]",0.265,0.0036,0.0,5,0.019799999999999998,0.032,0.7510585225290001,-2,0.703058522529,0.005,0.0,4,0.0225,0.015,0.7091835225290001,-2,0.6866835225290001,0.021958042850997117,0.025040082307101738,0.015275423261824017,0.015272054199318794,0.025409272602853195,0.038009886248458656,0.015264501131810986,0.015225896389665148
26,56,0.2503,160.0,0.03311,846.9759105,16.93951821,Altemus:1973,2.2516579,0.080839371,0.0089,0.25920000000000004,0.21719000000000002,0.22609,1.0,0.0,0.0,846.9759105,16.93951821,2.792526803190927,0.9698463103929541,0.03015368960704583,32.16343747752632,0.0023081450178102647,0.030801854982189736,4.433234524286382,1.0723789862073623,0.21089368925843083,0.2273417822419992,0.22843805434199918,0.47795193727193863,0.7315949713305692,0.7151468783470009,0.015235293652268906,-0.0001313511419739049,-6448180.790603754,-128963.61581207508,6.815720920123112e-06,6.581693465689872e-06,2420.280544626696,2256.926493110799,2049919.317950632,40998.386359012635,5.264585481790783,0.10529170963581563,1911562.3714340911,38231.24742868182,4.9092583401040155,0.0981851668020803,"[0.428,0.523]",0.475,"[0.206,0.322]",0.265,0.0036,0.0,8,0.0306,0.032,0.7510585225290001,-2,0.703058522529,0.005,0.0,6,0.0325,0.015,0.7091835225290001,0,0.716683522529,0.032752382177960726,0.03504008230710174,0.015235965409936181,0.015238114625358285,0.025409272602853195,0.05399670458384714,0.015264501131810986,0.015143570070201636
26,56,0.2503,160.0,0.04203,1679.802286,33.59604573,Altemus:1973,1.594056647,0.04154358,0.0089,0.25920000000000004,0.20827,0.21717,1.0,0.0,0.0,1679.802286,33.59604573,2.792526803190927,0.9698463103929541,0.03015368960704583,32.16343747752632,0.0023081450178102647,0.03972185498218973,4.433234524286382,1.0723789862073623,0.2022322789348192,0.21837239528282967,0.22013891618282969,0.4691896377615662,0.7569951719741808,0.7408550556261703,0.015186663892033913,-0.00011090615276559244,-15146159.560239859,-302923.1912949635,6.815720920123113e-06,6.581693465689873e-06,2428.2704200975227,2264.377101126799,4079014.2027059994,81580.28407840268,10.47568983010168,0.2095137966643962,3803705.8308388502,76074.11663942078,9.768645194317553,0.19537290394450463,"[0.428,0.523]",0.475,"[0.206,0.322]",0.265,0.0036,0.0,11,0.0414,0.032,0.7510585225290001,-1,0.7350585225290001,0.005,0.0,7,0.0375,0.015,0.7091835225290001,2,0.746683522529,0.04354448967215063,0.04004008230710174,0.015180945237911315,0.015216984521333576,0.04187164367714624,0.06998352291923568,0.015190493511864234,0.015034032073918988
26,56,0.2503,160.0,0.0507,2788.267842,55.76535684,Altemus:1973,1.283162236,0.029668599,0.0089,0.25920000000000004,0.19960000000000003,0.20850000000000002,1.0,0.0,0.0,2788.267842,55.76535684,2.792526803190927,0.9698463103929541,0.03015368960704583,32.16343747752632,0.0023081450178102647,0.04839185498218974,4.433234524286382,1.0723789862073623,0.193813621142699,0.20965439248731405,0.21222488248731405,0.4606787193775224,0.7816834835863011,0.765842712241686,0.015125032261814822,-9.103478049374188e-05,-30628599.60640733,-612571.9921281466,6.8157209201231115e-06,6.581693465689871e-06,2438.470340549293,2273.8885896797815,6799108.434224382,135982.16868448764,17.461412865616488,0.34922825731232976,6340210.430894868,126804.20861789735,16.282874888635718,0.32565749777271435,"[0.428,0.523]",0.475,"[0.206,0.322]",0.265,0.0036,0.0,13,0.0486,0.032,0.7510585225290001,0,0.7670585225290001,0.005,0.0,9,0.0475,0.015,0.7091835225290001,3,0.7616835225290001,0.050737988777925125,0.05004008230710174,0.015135621639348581,0.015166519521276333,0.05806204531808978,0.07797693208692995,0.015082364554525772,0.014969421326253857
26,56,0.2503,160.0,0.05915,4004.056239,80.08112477,Altemus:1973,1.119564695,0.019955264,0.0089,0.25920000000000004,0.19115000000000001,0.20005,1.0,0.0,0.0,4004.056239,80.08112477,2.792526803190927,0.9698463103929541,0.03015368960704583,32.16343747752632,0.0023081450178102647,0.056841854982189736,4.433234524286382,1.0723789862073623,0.18560858557829116,0.20115760775581376,0.20465633025581376,0.4523895779699326,0.8057453328507088,0.7901963106731862,0.015049880905361796,-7.166893688590252e-05,-55868782.3899842,-1117375.6476601537,6.815720920123111e-06,6.5816934656898706e-06,2451.0208157528136,2285.5919849951893,9814025.189233923,196280.50376016824,25.204296616328698,0.5040859322636271,9151638.847328382,183032.77692371173,23.503161606576867,0.470063232072839,"[0.428,0.523]",0.475,"[0.145,0.206]",0.16,0.0036,0.0,15,0.055799999999999995,0.032,0.7510585225290001,1,0.7990585225290001,0.005,0.0,11,0.0575,0.03,0.8141835225290001,-1,0.799183522529,0.05793049698272057,0.05903363460051426,0.015083384401775809,0.014986216582128824,0.07399352741706322,0.04200659083230574,0.01494172901751135,0.015143186088980895
26,56,0.2503,160.0,0.06706,5189.17177,103.7834354,Altemus:1973,1.01224246,0.016597061,0.0089,0.25920000000000004,0.18324000000000001,0.19214,1.0,0.0,0.0,5189.17177,103.7834354,2.792526803190927,0.9698463103929541,0.03015368960704583,32.16343747752632,0.0023081450178102647,0.06475185498218973,4.433234524286382,1.0723789862073623,0.17792789548190463,0.19320381281780585,0.19770085641780585,0.4446356445650819,0.8282695018070954,0.8129935844711941,0.014964648001477879,-5.354254254016554e-05,-96916797.81749782,-1938335.9563499566,6.8157209201231115e-06,6.581693465689871e-06,2465.407525561533,2299.0076803731827,12793423.13318946,255868.46266378922,32.85596125643107,0.6571192251286215,11929945.754005702,238598.91508011406,30.638385942857173,0.6127677188571435,"[0.428,0.523]",0.475,"[0.145,0.206]",0.16,0.0036,0.0,17,0.063,0.032,0.7510585225290001,1,0.7990585225290001,0.005,0.0,12,0.0625,0.03,0.8141835225290001,-1,0.799183522529,0.06512201469591616,0.06403363460051426,0.01502423418048116,0.014930860939793077,0.07399352741706322,0.04200659083230574,0.01494172901751135,0.015143186088980895
26,56,0.2503,160.0,0.0747,6238.489255,124.7697851,Altemus:1973,0.984180584,0.015275333,0.0089,0.25920000000000004,0.17560000000000003,0.18450000000000003,1.0,0.0,0.0,6238.489255,124.7697851,2.792526803190927,0.9698463103929541,0.03015368960704583,32.16343747752632,0.0023081450178102647,0.07239185498218974,4.433234524286382,1.0723789862073623,0.1705093781195288,0.18552151277654408,0.1911016027765441,0.4371516930958224,0.8500248306094713,0.8350126959524561,0.014867304181647646,-3.603730304979867e-05,-173111990.2723923,-3462239.8054478457,6.815720920123112e-06,6.581693465689872e-06,2482.0402964673717,2314.517841537999,15484181.719988713,309683.63439977425,39.76634473690344,0.7953268947380688,14439094.6849406,288781.89369881205,37.08236103874378,0.7416472207748757,"[0.428,0.523]",0.475,"[0.145,0.206]",0.16,0.0036,0.0,20,0.0738,0.032,0.7510585225290001,2,0.831058522529,0.005,0.0,14,0.0725,0.03,0.8141835225290001,0,0.8291835225290001,0.07590743498877828,0.07403363460051425,0.0149225477187737,0.014808131621290131,0.0896781284730418,0.057993409167694285,0.014770069930348111,0.014997216484697975
26,56,0.2503,160.0,0.08206,7061.881966,141.2376393,Altemus:1973,0.980248613,0.014671726,0.0089,0.25920000000000004,0.16824000000000003,0.17714000000000002,1.0,0.0,0.0,7061.881966,141.2376393,2.792526803190927,0.9698463103929541,0.03015368960704583,32.16343747752632,0.0023081450178102647,0.07975185498218973,4.433234524286382,1.0723789862073623,0.16336274359242325,0.17812076299857463,0.18485460659857464,0.4299472137350987,0.8709828436965767,0.8562248242904253,0.014758241950848171,-1.917659062825975e-05,-368255343.34519273,-7365106.865860918,6.815720920123112e-06,6.581693465689872e-06,2500.936032397358,2332.138231505555,17661315.065306492,353226.3012561112,45.35764020951804,0.9071528040619034,16469284.91928821,329385.6983391215,42.29627845462778,0.8459255689727682,"[0.428,0.523]",0.475,"[0.145,0.206]",0.16,0.0036,0.0,22,0.081,0.032,0.7510585225290001,3,0.8630585225290001,0.005,0.0,15,0.0775,0.03,0.8141835225290001,1,0.8591835225290001,0.08309647826215638,0.07903363460051425,0.014846115988689313,0.014740965386714088,0.10512698204379911,0.07398022750308282,0.01456875274215806,0.014808828560355496
26,56,0.2503,160.0,0.08913,7614.284206,152.2856841,Altemus:1973,0.988405449,0.014534524,0.0089,0.25920000000000004,0.16117000000000004,0.17007000000000003,1.0,0.0,0.0,7614.284206,152.2856841,2.792526803190927,0.9698463103929541,0.03015368960704583,32.16343747752632,0.0023081450178102647,0.08682185498218974,4.433234524286382,1.0723789862073623,0.1564977020018477,0.17101161885044364,0.17895577575044364,0.4230316486392521,0.8911150655071525,0.8766011486585565,0.014638050216133274,-2.9836949421018815e-06,-2551964712.7987127,-51039294.249271154,6.815720920123112e-06,6.581693465689872e-06,2522.0862335319375,2351.8609241418408,19203881.37415226,384077.62743260345,49.319245977674726,0.9863849194239502,17907737.489401784,358154.74974099844,45.99050019816224,0.9198100038424442,"[0.340,0.428]",0.38,"[0.145,0.206]",0.16,0.0036,0.0,24,0.0882,0.008,0.8322835225290001,5,0.8762835225290001,0.005,0.0,17,0.08750000000000001,0.03,0.8141835225290001,2,0.889183522529,0.08950731270116563,0.08903363460051426,0.014470631655602424,0.014595585918885995,0.07201583124035371,0.08996704583847132,0.014765963776235947,0.014581289816363571
26,56,0.2503,160.0,0.09568,7889.913108,157.7982622,Altemus:1973,0.977564632,0.014567968,0.0089,0.25920000000000004,0.15462000000000004,0.16352000000000003,1.0,0.0,0.0,7889.913108,157.7982622,2.792526803190927,0.9698463103929541,0.03015368960704583,32.16343747752632,0.0023081450178102647,0.09337185498218974,4.433234524286382,1.0723789862073623,0.15013758567677415,0.16442535376271267,0.17358001616271268,0.4166293510576429,0.9097665581322258,0.8954787900462873,0.014512022311022412,1.2014506108290695e-05,656698913.537154,13133978.27407239,6.815720920123113e-06,6.581693465689873e-06,2544.6397814045445,2372.892246242222,20076986.76644197,401539.73543062503,51.561547873203445,1.031230957725474,18721913.63749807,374438.27284487715,48.08146050638217,0.9616292103714054,"[0.340,0.428]",0.38,"[0.145,0.206]",0.16,0.0036,0.0,25,0.09179999999999999,0.008,0.8322835225290001,7,0.892283522529,0.005,0.0,18,0.0925,0.03,0.8141835225290001,2,0.889183522529,0.09310102248580421,0.09403363460051425,0.014402008081595079,0.014517608332622469,0.079903567462147,0.08996704583847132,0.014640724664010337,0.014581289816363571
26,56,0.2503,160.0,0.10172,7940.838098,158.816762,Altemus:1973,1.018973048,0.015143238,0.0089,0.25920000000000004,0.14858000000000002,0.15748,1.0,0.0,0.0,7940.838098,158.816762,2.792526803190927,0.9698463103929541,0.03015368960704583,32.16343747752632,0.0023081450178102647,0.09941185498218974,4.433234524286382,1.0723789862073623,0.144272684515943,0.15835191236883556,0.16869887076883555,0.410729680895885,0.9269657971330569,0.9128865692801644,0.014382261944741539,2.5841153906616806e-05,307294253.449212,6145885.070532159,6.81572092012311e-06,6.5816934656898706e-06,2568.2743601636726,2394.931636292856,20394250.885304265,407885.0178088163,52.376342904124655,1.047526858346326,19017764.379579794,380355.28768739314,48.84126188388106,0.976825237923647,"[0.340,0.428]",0.38,"[0.145,0.206]",0.16,0.0036,0.0,27,0.09899999999999999,0.008,0.8322835225290001,10,0.916283522529,0.005,0.0,19,0.0975,0.03,0.8141835225290001,3,0.919183522529,0.10028770073629545,0.09903363460051426,0.014256641904066385,0.014436268894629416,0.09162190848775442,0.10595386417385985,0.014430580686817128,0.014318380996003756
26,56,0.2503,160.0,0.10891,7764.650604,155.2930121,Altemus:1973,1.015229197,0.015844886,0.0089,0.25920000000000004,0.14139000000000002,0.15029,1.0,0.0,0.0,7764.650604,155.2930121,2.792526803190927,0.9698463103929541,0.03015368960704583,32.16343747752632,0.0023081450178102647,0.10660185498218974,4.433234524286382,1.0723789862073623,0.13729112171025157,0.15112210382215072,0.16298349192215073,0.40371213992416766,0.9474397256787485,0.9336087435668493,0.014209427468678535,4.229482506448916e-05,183583939.45738813,3671678.7896206337,6.815720920123111e-06,6.5816934656898706e-06,2600.424985852896,2424.912292481327,20191391.43705938,403827.8287931961,51.855360982191364,1.0371072197773952,18828596.69646216,376571.9339777414,48.355443037527294,0.9671088608750984,"[0.340,0.428]",0.38,"[0.145,0.206]",0.16,0.0036,0.0,29,0.1062,0.008,0.8322835225290001,12,0.932283522529,0.005,0.0,21,0.1075,0.03,0.8141835225290001,3,0.919183522529,0.10747339090145402,0.10903363460051425,0.014100446018910036,0.01426401345677213,0.09936061671112018,0.10595386417385985,0.01427600364005809,0.014318380996003756
26,56,0.2503,160.0,0.11608,7367.434341,147.3486868,Altemus:1973,1.100627386,0.017453837,0.0089,0.25920000000000004,0.13422,0.14312,1.0,0.0,0.0,7367.434341,147.3486868,2.792526803190927,0.9698463103929541,0.03015368960704583,32.16343747752632,0.0023081450178102647,0.11377185498218974,4.433234524286382,1.0723789862073623,0.13032897910707944,0.1439124060085582,0.1573869724085582,0.39672026972232993,0.9678567031019205,0.9542732762004418,0.014015451995437744,5.8695696391304675e-05,125519157.17778978,2510383.143215055,6.815720920123113e-06,6.581693465689873e-06,2637.4528125168654,2459.440968574584,19431260.42370379,388625.2084213267,49.90319893262765,0.9980639785170833,18119769.85153869,362395.396981585,46.53503992009224,0.9307007982755184,"[0.340,0.428]",0.38,"[0.100,0.145]",0.12,0.0036,0.0,31,0.1134,0.008,0.8322835225290001,15,0.9562835225290001,0.005,0.0,22,0.1125,0.008,0.8541835225290001,12,0.9541835225290001,0.11465809338873356,0.1136502259503857,0.013933414598928348,0.01384067885579367,0.11086165414550109,0.1032893944512951,0.014023028296625308,0.014075405836095076
26,56,0.2503,160.0,0.12326,6795.533895,135.9106779,Altemus:1973,1.084491684,0.018828543,0.0089,0.25920000000000004,0.12704000000000004,0.13594000000000003,1.0,0.0,0.0,6795.533895,135.9106779,2.792526803190927,0.9698463103929541,0.03015368960704583,32.16343747752632,0.0023081450178102647,0.12095185498218973,4.433234524286382,1.0723789862073623,0.12335712640264772,0.13669265282841955,0.15188568042841954,0.38972513445814544,0.9883021560863524,0.9749666296605806,0.013797549621368334,7.511117484524827e-05,90473007.63169867,1809460.1526339734,6.815720920123112e-06,6.581693465689872e-06,2680.289954355754,2499.3868667969923,18214001.23325253,364280.0246650506,46.777044158871604,0.9355408831774321,16984668.17003681,339693.36340073624,43.61988136703985,0.8723976273407971,"[0.340,0.428]",0.38,"[0.100,0.145]",0.12,0.0036,0.0,33,0.1206,0.008,0.8322835225290001,17,0.9722835225290001,0.005,0.0,24,0.1225,0.008,0.8541835225290001,15,0.9781835225290001,0.12184180860527505,0.12365022595038569,0.013755541101682697,0.013601212345340442,0.11845947443664773,0.11607884911960595,0.013840644054931187,0.013783621971687463
26,56,0.2503,160.0,0.13044,6104.16363,122.0832726,Altemus:1973,1.176623111,0.021457485,0.0089,0.25920000000000004,0.11986000000000002,0.12876,1.0,0.0,0.0,6104.16363,122.0832726,2.792526803190927,0.9698463103929541,0.03015368960704583,32.16343747752632,0.0023081450178102647,0.12813185498218974,4.433234524286382,1.0723789862073623,0.11638527369821595,0.12947289964828085,0.14648749324828084,0.3827368459506882,1.0087476090707839,0.9956599831207191,0.013553744736773366,9.151699771633271e-05,66699780.17548768,1333995.6035097537,6.815720920123111e-06,6.5816934656898706e-06,2729.8522598193927,2545.6040214606837,16663464.879662847,333269.2975932569,42.79496978910675,0.8558993957821349,15538783.484182045,310775.6696836409,39.906572526619456,0.7981314505323891,"[0.340,0.428]",0.38,"[0.100,0.145]",0.12,0.0036,0.0,35,0.1278,0.008,0.8322835225290001,20,0.9962835225290001,0.005,0.0,25,0.1275,0.008,0.8541835225290001,17,0.9941835225290001,0.1290245369579779,0.1286502259503857,0.01356681826865927,0.013477253291745527,0.12975486598899189,0.12460515223181316,0.0135470197505086,0.013577743865883344
26,56,0.2503,160.0,0.13765,5349.010407,106.9802081,Altemus:1973,1.229087158,0.024509206,0.0089,0.25920000000000004,0.11265000000000003,0.12155000000000003,1.0,0.0,0.0,5349.010407,106.9802081,2.792526803190927,0.9698463103929541,0.03015368960704583,32.16343747752632,0.0023081450178102647,0.13534185498218973,4.433234524286382,1.0723789862073623,0.10938429069000524,0.12222298036850372,0.14117050286850372,0.37572663316366556,1.0292784887389947,1.0164397990604963,0.013280371437082815,0.00010798008578297162,49537008.31235619,990740.1658766852,6.815720920123111e-06,6.5816934656898706e-06,2787.5900263442927,2599.4448438448476,14910848.061365025,298216.96111579693,38.29391407634954,0.7658782812406282,13904457.52214858,278089.1503389938,35.7093103920117,0.7141862075731993,"[0.340,0.428]",0.38,"[0.100,0.145]",0.12,0.0036,0.0,37,0.135,0.008,0.8322835225290001,23,1.0202835225290001,0.005,0.0,27,0.1375,0.008,0.8541835225290001,20,1.0181835225290001,0.13620627885342884,0.1386502259503857,0.013367238124319957,0.013221920362206516,0.14093204193086495,0.137394606900124,0.013229966629229005,0.013254481983585408
26,56,0.2503,160.0,0.1469,4386.149733,87.72299466,Altemus:1973,1.352074225,0.03013349,0.0089,0.25920000000000004,0.10340000000000002,0.11230000000000002,1.0,0.0,0.0,4386.149733,87.72299466,2.792526803190927,0.9698463103929541,0.03015368960704583,32.16343747752632,0.0023081450178102647,0.14459185498218974,4.433234524286382,1.0723789862073623,0.10040244702482504,0.11292176631331113,0.13450137631331113,0.366744292816277,1.055618382904175,1.043099063615689,0.012883295907751896,0.0001290818298265515,33979606.1064033,679592.1221280659,6.8157209201231115e-06,6.581693465689871e-06,2875.8194000573058,2681.719277461875,12613774.493717572,252275.48987435142,32.39458913758462,0.6478917827516922,11762422.292820357,235248.44585640714,30.208153604494992,0.6041630720898998,"[0.340,0.428]",0.38,"[0.100,0.145]",0.12,0.0036,0.0,40,0.14579999999999999,0.008,0.8322835225290001,26,1.0442835225290001,0.005,0.0,28,0.14250000000000002,0.008,0.8541835225290001,23,1.0421835225290002,0.1469770429780155,0.1436502259503857,0.013047491235127646,0.01309095434199898,0.15199463802701219,0.15018406156843483,0.012890155362494469,0.012916929012471868
26,56,0.2503,160.0,0.15715,3450.553592,69.01107183,Altemus:1973,1.366447405,0.037298363,0.0089,0.25920000000000004,0.09315000000000001,0.10205000000000002,1.0,0.0,0.0,3450.553592,69.01107183,2.792526803190927,0.9698463103929541,0.03015368960704583,32.16343747752632,0.0023081450178102647,0.15484185498218975,4.433234524286382,1.0723789862073623,0.09044959323367942,0.10261501560350311,0.1273111381035031,0.3568068638682601,1.0848058331953205,1.072640410825497,0.01237496984837667,0.00015243447738360483,22636306.767507743,452726.13528455293,6.815720920123112e-06,6.581693465689872e-06,2997.033624332803,2794.7522870923513,10341425.137786333,206828.50272575632,26.558760710565352,0.5311752141343374,9643442.542976728,192868.85083158704,24.766207704698317,0.4953241540221918,"[0.340,0.428]",0.38,"[0.100,0.145]",0.12,0.0036,0.0,43,0.1566,0.008,0.8322835225290001,30,1.0762835225290002,0.005,0.0,30,0.1525,0.008,0.8541835225290001,27,1.0741835225290002,0.15774558985810927,0.1536502259503857,0.012703263289356533,0.012823418543484994,0.16657247450265655,0.16723666779284926,0.012402761880969532,0.012450295227793872
26,56,0.2503,160.0,0.1674,2757.509425,55.1501885,Altemus:1973,1.484636811,0.047444987,0.0089,0.25920000000000004,0.08290000000000003,0.09180000000000003,1.0,0.0,0.0,2757.509425,55.1501885,2.792526803190927,0.9698463103929541,0.03015368960704583,32.16343747752632,0.0023081450178102647,0.16509185498218973,4.433234524286382,1.0723789862073623,0.08049673944253383,0.09230826489369513,0.12033102489369513,0.3468876257431146,1.1139932834864663,1.102181758035305,0.011784795480420683,0.0001757485408374289,15690084.320818087,313801.6864163617,6.8157209201231115e-06,6.581693465689871e-06,3150.8853572574853,2938.2199742658977,8688596.069732009,173771.92139464014,22.31397905532455,0.4462795811064909,8102169.2717614705,162043.3854352294,20.807922704865245,0.4161584540973049,"[0.340,0.428]",0.38,"[0.070,0.100]",0.093,0.0036,0.0,45,0.1638,0.008,0.8322835225290001,33,1.1002835225290002,0.005,0.0,33,0.1675,0.008,0.8811835225290001,27,1.101183522529,0.16492338998498468,0.16839142511154892,0.012460159763941887,0.01177299964245844,0.17738085426170602,0.1672366677928492,0.01201225212229606,0.01181027361007582
26,56,0.2503,160.0,0.17768,2350.745328,47.01490655,Altemus:1973,1.781902936,0.054110498,0.0089,0.25920000000000004,0.07262000000000002,0.08152000000000002,1.0,0.0,0.0,2350.745328,47.01490655,2.792526803190927,0.9698463103929541,0.03015368960704583,32.16343747752632,0.0023081450178102647,0.17537185498218974,4.433234524286382,1.0723789862073623,0.07051475534760925,0.08197134808424865,0.11354153048424864,0.33695924157715074,1.1432661604613907,1.1318095677247515,0.011098591714751206,0.00019908390151183265,11807812.23468379,236156.24464344568,6.81572092012311e-06,6.5816934656898706e-06,3350.3463395219574,3124.2185669555,7875811.004813143,157516.22006275938,20.226591315173845,0.40453182621743355,7344242.199921497,146884.84396718774,18.861420799290727,0.3772284159055786,"[0.270,0.340]",0.3,"[0.070,0.100]",0.093,0.001,0.0,175,0.17550000000000002,0.01,0.8866835225290001,24,1.131683522529,0.005,0.0,35,0.1775,0.008,0.8811835225290001,31,1.1331835225290001,0.1760655366425823,0.1783914251115489,0.010088353796077797,0.0114496687725073,0.16702493383006012,0.18428927401726367,0.01061308112007207,0.01125893922017028
26,56,0.2503,160.0,0.18789,2215.566121,44.31132242,Altemus:1973,1.944875379,0.069648113,0.0089,0.25920000000000004,0.06241000000000002,0.07131000000000003,1.0,0.0,0.0,2215.566121,44.31132242,2.792526803190927,0.9698463103929541,0.03015368960704583,32.16343747752632,0.0023081450178102647,0.18558185498218974,4.433234524286382,1.0723789862073623,0.06060074196150224,0.07170481884062527,0.10700747094062527,0.3271199641425532,1.1723397085074978,1.1612356316283747,0.010309584295904324,0.00022220419780065296,9970856.279626457,199417.12559252916,6.815720920123113e-06,6.581693465689873e-06,3612.5108803712833,3368.6886136658636,8003756.7182944985,160075.13436589,20.55518041609744,0.4111036083219489,7463552.364636544,149271.04729273092,19.16783215679569,0.3833566431359139,"[0.270,0.340]",0.3,"[0.070,0.100]",0.093,0.001,0.0,185,0.1855,0.01,0.8866835225290001,27,1.161683522529,0.005,0.0,37,0.1875,0.008,0.8811835225290001,35,1.1651835225290001,0.18603094895740213,0.1883914251115489,0.00947720701857442,0.011126470616279954,0.18051362958090456,0.2013418802416781,0.009819815938700403,0.010710438613902825
26,56,0.2994,160.0,0.02199,0.0,0.0,Altemus:1973,#DIV/0!,#DIV/0!,0.0089,0.3083,0.27741,0.28631,1.0,0.0,0.0,0.0,0.0,2.792526803190927,0.9698463103929541,0.03015368960704583,32.16343747752632,0.003296553160920923,0.018693446839079076,4.433234524286382,1.0603358799540745,0.32220836980341255,0.3424309028989978,0.3429144629989978,0.5855889881128211,0.5994130992655875,0.5791905661700022,0.015286379592955101,-0.00016830528252869794,-0.0,-0.0,4.763540988240074e-06,4.626027154975926e-06,3412.273976758487,3218.106678523677,0.0,0.0,0.0,0.0,0.0,0.0,0.0,0.0,"[0.523,0.609]",0.57,"[0.322,0.438]",0.38,0.0036,0.0,5,0.019799999999999998,0.06,0.6517835225290001,-2,0.5617835225290001,0.005,0.0,3,0.0175,0.05,0.5941835225290001,-1,0.5691835225290001,0.022909206135082627,0.021142382176221365,0.015283286164721082,0.015289925177062106,0.0033657431117094516,0.03667765138717625,0.015307110091945074,0.01525445950740617
26,56,0.2994,160.0,0.03722,151.2058468,3.024116937,Altemus:1973,2.664314962,0.196989737,0.0089,0.3083,0.26217999999999997,0.27108,1.0,0.0,0.0,151.2058468,3.024116937,2.792526803190927,0.9698463103929541,0.03015368960704583,32.16343747752632,0.003296553160920923,0.03392344683907908,4.433234524286382,1.0603358799540745,0.30451890845700846,0.3242156025212543,0.3256009309212543,0.5706145204262281,0.6456823561919915,0.6259856621277458,0.015243499325319956,-0.0001421478310302073,-1063722.5042699936,-21274.450092434803,4.7635409882400706e-06,4.626027154975923e-06,3422.1707952471997,3227.44034220121,517452.23298958223,10349.044663213816,1.3289164551318122,0.026578329111425034,488007.8499390157,9760.157002007756,1.2532976392248183,0.025065952792785055,"[0.523,0.609]",0.57,"[0.322,0.438]",0.38,0.0036,0.0,9,0.0342,0.06,0.6517835225290001,-1,0.621783522529,0.005,0.0,6,0.0325,0.05,0.5941835225290001,0,0.6191835225290001,0.037300900301374895,0.036142382176221365,0.01524308121701838,0.015255995076488246,0.03470363000146104,0.06332234861282382,0.015251758605897014,0.015150219270577178
26,56,0.2994,160.0,0.05246,556.7448832,11.13489766,Altemus:1973,1.642601536,0.083747514,0.0089,0.3083,0.24694,0.25584,1.0,0.0,0.0,556.7448832,11.13489766,2.792526803190927,0.9698463103929541,0.03015368960704583,32.16343747752632,0.003296553160920923,0.04916344683907908,4.433234524286382,1.0603358799540745,0.28681783223119106,0.30598834199881103,0.30874039359881106,0.5556441249566229,0.691981993457809,0.6728114836901891,0.015173256754415242,-0.0001159722657937035,-4800672.638321665,-96013.4527319423,4.763540988240071e-06,4.626027154975924e-06,3438.503762770855,3242.843921229737,1914369.37578662,38287.38750197839,4.916467264978396,0.09832934526424499,1805436.76016088,36108.735190246225,4.636707441411243,0.09273414879491189,"[0.523,0.609]",0.57,"[0.206,0.322]",0.265,0.0036,0.0,13,0.0486,0.06,0.6517835225290001,0,0.6817835225290001,0.005,0.0,9,0.0475,0.015,0.7091835225290001,-3,0.6716835225290001,0.05168862780187311,0.05004008230710174,0.015183669346606579,0.015166519521276333,0.06506319616208411,0.03001647708076438,0.015111201772445753,0.015256558024950717
26,56,0.2994,160.0,0.06778,1282.215629,25.64431258,Altemus:1973,1.319668831,0.054280262,0.0089,0.3083,0.23162,0.24051999999999998,1.0,0.0,0.0,1282.215629,25.64431258,2.792526803190927,0.9698463103929541,0.03015368960704583,32.16343747752632,0.003296553160920923,0.06448344683907908,4.433234524286382,1.0603358799540745,0.2690238369700675,0.28766540031876964,0.29225952871876965,0.5406103298298781,0.7385246734389326,0.7198831100902304,0.015070636029576616,-8.966014515328125e-05,-14300842.663236259,-286016.8532647252,4.763540988240074e-06,4.626027154975926e-06,3462.6391355912256,3265.605928322637,4439850.01724212,88797.0003448424,11.40238532191067,0.2280477064382134,4187210.959450339,83744.21918900678,10.75355982710359,0.2150711965420718,"[0.523,0.609]",0.57,"[0.206,0.322]",0.265,0.0036,0.0,17,0.063,0.06,0.6517835225290001,1,0.741783522529,0.005,0.0,12,0.0625,0.015,0.7091835225290001,0,0.716683522529,0.06607239191467329,0.06504008230710175,0.015105059473896456,0.015070743033609661,0.09453071926566958,0.05399670458384714,0.014892884321678896,0.015143570070201636
26,56,0.2994,160.0,0.08308,2373.802903,47.47605807,Altemus:1973,1.147694274,0.03798799,0.0089,0.3083,0.21632,0.22522,1.0,0.0,0.0,2373.802903,47.47605807,2.792526803190927,0.9698463103929541,0.03015368960704583,32.16343747752632,0.003296553160920923,0.07978344683907908,4.433234524286382,1.0603358799540745,0.25125307146777054,0.26936637892812787,0.2762686653281279,0.5256126571232165,0.7850065927412295,0.7668932852808722,0.014930900486388114,-6.338544929941677e-05,-37450281.24336167,-749005.6250249983,4.763540988240071e-06,4.626027154975924e-06,3496.037116634528,3297.103477047244,8298903.056462792,165978.06116421623,21.313172749414203,0.42626345507806906,7826673.80530614,156533.47613909387,20.100397574339674,0.40200795157146946,"[0.523,0.609]",0.57,"[0.206,0.322]",0.265,0.0036,0.0,22,0.081,0.06,0.6517835225290001,1,0.741783522529,0.005,0.0,15,0.0775,0.015,0.7091835225290001,3,0.7616835225290001,0.08404652852838979,0.08004008230710175,0.014979809874703943,0.014951708937795568,0.09453071926566958,0.07797693208692995,0.014892884321678896,0.014969421326253857
26,56,0.2994,160.0,0.09846,3637.020929,72.74041859,Altemus:1973,1.040879355,0.033170004,0.0089,0.3083,0.20094,0.20984,1.0,0.0,0.0,3637.020929,72.74041859,2.792526803190927,0.9698463103929541,0.03015368960704583,32.16343747752632,0.003296553160920923,0.09516344683907908,4.433234524286382,1.0603358799540745,0.23338938693016736,0.2509716763798879,0.2606660479798879,0.5105546473981878,0.8317315547588326,0.814149265309112,0.014746728214275681,-3.69792407471061e-05,-98353044.99280785,-1967060.9001265792,4.763540988240074e-06,4.626027154975926e-06,3541.0229301240724,3339.5294802977355,12878774.506930156,257575.49017401336,33.07515993372115,0.6615031987653635,12145938.612855356,242918.77229050244,31.193096979000384,0.6238619396657732,"[0.428,0.523]",0.475,"[0.206,0.322]",0.265,0.0036,0.0,26,0.0954,0.032,0.7510585225290001,1,0.7990585225290001,0.005,0.0,19,0.0975,0.015,0.7091835225290001,6,0.8066835225290001,0.09747159803399796,0.10004008230710175,0.014672512902124785,0.014758785974852426,0.07399352741706322,0.10195715959001277,0.01494172901751135,0.014738338917548126
26,56,0.2994,160.0,0.10365,4034.503229,80.69006458,Altemus:1973,1.03794687,0.02799849,0.0089,0.3083,0.19574999999999998,0.20464999999999997,1.0,0.0,0.0,4034.503229,80.69006458,2.792526803190927,0.9698463103929541,0.03015368960704583,32.16343747752632,0.003296553160920923,0.10035344683907908,4.433234524286382,1.0603358799540745,0.22736126451468228,0.2447643612807093,0.2555076837807093,0.5054776788155035,0.8474989509143178,0.8300958541482908,0.014673440445839774,-2.8070343360157517e-05,-143728317.7207762,-2874566.354415524,4.763540988240073e-06,4.626027154975925e-06,3559.2383223290262,3356.7083691284547,14359758.504216999,287195.17008434,36.87861052936482,0.7375722105872965,13542650.754060075,270853.0150812015,34.78012130548871,0.6956024261097742,"[0.428,0.523]",0.475,"[0.206,0.322]",0.265,0.0036,0.0,27,0.09899999999999999,0.032,0.7510585225290001,2,0.831058522529,0.005,0.0,20,0.10250000000000001,0.015,0.7091835225290001,8,0.8366835225290001,0.10106476019635835,0.10504008230710175,0.014624790815340207,0.01470476666718684,0.0896781284730418,0.1179439779254013,0.014770069930348111,0.014555274043429552
26,56,0.2994,160.0,0.11583,4782.373436,95.64746871,Altemus:1973,0.981416458,0.027388075,0.0089,0.3083,0.18357,0.19247,1.0,0.0,0.0,4782.373436,95.64746871,2.792526803190927,0.9698463103929541,0.03015368960704583,32.16343747752632,0.003296553160920923,0.11253344683907908,4.433234524286382,1.0603358799540745,0.2132143413893243,0.23019690503639448,0.24361349393639448,0.4935721770282382,0.8845022043196759,0.8675196406726057,0.01447679881730093,-7.167782006397638e-06,-667204085.1314213,-13344081.701233296,4.763540988240073e-06,4.626027154975925e-06,3609.0243353841242,3403.661428056588,17259702.11141859,345194.0421922816,44.32622121276888,0.8865244241626911,16277579.998675652,325551.5999394764,41.80394349636527,0.8360788698398929,"[0.428,0.523]",0.475,"[0.206,0.322]",0.265,0.0036,0.0,31,0.1134,0.032,0.7510585225290001,3,0.8630585225290001,0.005,0.0,22,0.1125,0.015,0.7091835225290001,10,0.866683522529,0.11543493925196913,0.11504008230710175,0.014416612825452257,0.014590150628356887,0.10512698204379911,0.1339307962607898,0.01456875274215806,0.014351100768794466
26,56,0.2994,160.0,0.12939,5181.295773,103.6259155,Altemus:1973,1.013646051,0.03127596,0.0089,0.3083,0.17001,0.17890999999999999,1.0,0.0,0.0,5181.295773,103.6259155,2.792526803190927,0.9698463103929541,0.03015368960704583,32.16343747752632,0.003296553160920923,0.12609344683907908,4.433234524286382,1.0603358799540745,0.19746456490493558,0.21397894882351187,0.23072072092351187,0.48033396811334494,0.9256979445640645,0.9091835606454882,0.01421265566594305,1.609250121735001e-05,321969574.7118431,6439391.496722491,4.763540988240071e-06,4.626027154975924e-06,3678.0691166770143,3468.7773810279054,19057163.967040457,381143.2794879319,48.94244757168722,0.9788489518115838,17972761.581797898,359455.2317747091,46.157494523157155,0.9231498908194826,"[0.428,0.523]",0.475,"[0.206,0.322]",0.265,0.0036,0.0,35,0.1278,0.032,0.7510585225290001,4,0.8950585225290001,0.005,0.0,25,0.1275,0.015,0.7091835225290001,13,0.9116835225290001,0.12980116940043018,0.13004008230710173,0.014180761551342727,0.01440263062573549,0.12035040921075424,0.1579110237638726,0.014339037587004696,0.014009548820796181
26,56,0.2994,160.0,0.14476,5036.982501,100.73965,Altemus:1973,1.145308724,0.033258007,0.0089,0.3083,0.15464,0.16354,1.0,0.0,0.0,5036.982501,100.73965,2.792526803190927,0.9698463103929541,0.03015368960704583,32.16343747752632,0.003296553160920923,0.14146344683907908,4.433234524286382,1.0603358799540745,0.1796124952467457,0.1955962064199717,0.2165516640199717,0.46535111907029053,0.9723925262422544,0.9564088150690284,0.013846844568202664,4.243966054451916e-05,118685739.62122555,2373714.7919532536,4.763540988240073e-06,4.626027154975925e-06,3778.040106261381,3563.0597602950265,19029921.903314758,380598.4379907343,48.872484733672835,0.9774496944794019,17947069.662623305,358941.39318120485,46.09151275328871,0.9218302548827616,"[0.428,0.523]",0.475,"[0.145,0.206]",0.16,0.0036,0.0,39,0.1422,0.032,0.7510585225290001,6,0.959058522529,0.005,0.0,28,0.14250000000000002,0.03,0.8141835225290001,4,0.9491835225290001,0.1441634538954233,0.14403363460051427,0.013917220057773702,0.013574501013361351,0.15015868023032108,0.12194068250924839,0.01379899006795008,0.014024249197600567
26,56,0.2994,160.0,0.16013,4394.360869,87.88721739,Altemus:1973,1.173754308,0.039339054,0.0089,0.3083,0.13927,0.14817,1.0,0.0,0.0,4394.360869,87.88721739,2.792526803190927,0.9698463103929541,0.03015368960704583,32.16343747752632,0.003296553160920923,0.15683344683907907,4.433234524286382,1.0603358799540745,0.16176042558855586,0.17721346401643148,0.20285508091643148,0.4503943615504433,1.0190871079204442,1.0036340694925685,0.013398620600039057,6.876153601708861e-05,63907252.85583955,1278145.0572622211,4.763540988240072e-06,4.6260271549759246e-06,3907.9769255412925,3685.602835311539,17173060.878553584,343461.21761015145,44.10370993016798,0.8820741987037239,16195868.878168479,323917.3776002256,41.59409368668936,0.8318818738284406,"[0.428,0.523]",0.475,"[0.145,0.206]",0.16,0.0036,0.0,43,0.1566,0.032,0.7510585225290001,7,0.9910585225290001,0.005,0.0,31,0.1575,0.03,0.8141835225290001,6,1.009183522529,0.1585217959861609,0.15903363460051426,0.013625966736252916,0.01324587104671524,0.1647607812274835,0.15391431918002543,0.013490740991627401,0.01335985368382183
26,56,0.2994,160.0,0.17552,3523.242445,70.4648489,Altemus:1973,1.311944912,0.04530202,0.0089,0.3083,0.12387999999999999,0.13277999999999998,1.0,0.0,0.0,3523.242445,70.4648489,2.792526803190927,0.9698463103929541,0.03015368960704583,32.16343747752632,0.003296553160920923,0.1722234468390791,4.433234524286382,1.0603358799540745,0.14388512617153942,0.15880680132349173,0.18961407172349173,0.4354469792333984,1.0658424502774606,1.0509207751255083,0.012852515130260186,9.508433710148753e-05,37053867.67580337,741077.3535160675,4.763540988240072e-06,4.6260271549759246e-06,4078.538879330385,3846.4593686172684,14369681.293239545,287393.6258647909,36.904094152339404,0.7380818830467882,13552008.91048026,271040.1782096052,34.80415484378196,0.6960830968756392,"[0.428,0.523]",0.475,"[0.145,0.206]",0.16,0.0036,0.0,47,0.17099999999999999,0.032,0.7510585225290001,9,1.0550585225290001,0.005,0.0,34,0.17250000000000001,0.03,0.8141835225290001,7,1.039183522529,0.17287619891739325,0.17403363460051427,0.013306975299141351,0.012902587474284037,0.19339988671638675,0.16990113751541397,0.012802464564170996,0.01299842345813857
26,56,0.2994,160.0,0.19093,2744.695951,54.89391903,Altemus:1973,1.388168332,0.058261462,0.0089,0.3083,0.10847000000000001,0.11737000000000002,1.0,0.0,0.0,2744.695951,54.89391903,2.792526803190927,0.9698463103929541,0.03015368960704583,32.16343747752632,0.003296553160920923,0.18763344683907907,4.433234524286382,1.0603358799540745,0.12598659699569653,0.14037621834115252,0.17683048324115253,0.4205121677682496,1.1126585533133033,1.0982689319678474,0.012190378858691816,0.00012139800666371279,22609069.34496166,452181.38698160683,4.7635409882400706e-06,4.626027154975923e-06,4305.840559865861,4060.8269900782348,11818223.150315402,236364.46304936643,30.351460895502708,0.6070292180206364,11145735.39737925,222914.70798819323,28.624383527243555,0.5724876706491608,"[0.340,0.428]",0.38,"[0.100,0.145]",0.12,0.0036,0.0,52,0.189,0.008,0.8322835225290001,33,1.1002835225290002,0.005,0.0,37,0.1875,0.008,0.8541835225290001,30,1.0981835225290002,0.19003794071185354,0.1886502259503857,0.011523314498721706,0.011847699934174423,0.17738085426170602,0.18002612246116012,0.01201225212229606,0.012091873178761198
26,56,0.2994,160.0,0.20634,2313.070476,46.26140952,Altemus:1973,1.553389764,0.073646697,0.0089,0.3083,0.09306,0.10196000000000001,1.0,0.0,0.0,2313.070476,46.26140952,2.792526803190927,0.9698463103929541,0.03015368960704583,32.16343747752632,0.003296553160920923,0.20304344683907907,4.433234524286382,1.0603358799540745,0.10808806781985357,0.12194563535881323,0.16452183095881323,0.4056129077813146,1.1594746563491465,1.1456170888101866,0.011391336603632904,0.0001476559726048229,15665268.632177552,313305.37264355103,4.763540988240073e-06,4.626027154975925e-06,4615.330252482645,4352.705911151988,10675584.144007232,213511.68288014462,27.416945048531844,0.5483389009706368,10068115.533796342,201362.31067592688,25.85684929356472,0.5171369858712945,"[0.340,0.428]",0.38,"[0.100,0.145]",0.12,0.0036,0.0,56,0.2034,0.008,0.8322835225290001,39,1.148283522529,0.005,0.0,40,0.2025,0.008,0.8541835225290001,36,1.146183522529,0.20438370487531188,0.2036502259503857,0.010927763136028758,0.011420870341123978,0.19868941034125653,0.20560503179778167,0.011169428276189684,0.01136520491013543
26,56,0.2994,160.0,0.21474,2266.510103,45.33020205,Altemus:1973,1.620597233,0.068890053,0.0089,0.3083,0.08466000000000001,0.09356000000000002,1.0,0.0,0.0,2266.510103,45.33020205,2.792526803190927,0.9698463103929541,0.03015368960704583,32.16343747752632,0.003296553160920923,0.21144344683907906,4.433234524286382,1.0603358799540745,0.09833156911271013,0.11189911381100988,0.15801238141100987,0.3975077123918602,1.18499414145629,1.1714265967579902,0.010889002704885334,0.00016194040486752442,13995951.812360367,279919.0361854562,4.763540988240073e-06,4.626027154975925e-06,4833.153619110608,4558.134559513295,10954391.507065207,219087.83009297258,28.132975763944973,0.5626595151547747,10331058.029970339,206621.1605538254,26.53213599181749,0.5306427197192881,"[0.340,0.428]",0.38,"[0.100,0.145]",0.12,0.0036,0.0,58,0.21059999999999998,0.008,0.8322835225290001,42,1.172283522529,0.005,0.0,42,0.2125,0.008,0.8541835225290001,39,1.170183522529,0.2115551134480711,0.21365022595038569,0.010613518222692747,0.011136357145220533,0.20919531003256908,0.2183944864660925,0.01071814112361628,0.011001736147067029
26,56,0.2994,160.0,0.22182,2330.561089,46.61122177,Altemus:1973,1.734947013,0.079440097,0.0089,0.3083,0.07758000000000001,0.08648000000000002,1.0,0.0,0.0,2330.561089,46.61122177,2.792526803190927,0.9698463103929541,0.03015368960704583,32.16343747752632,0.003296553160920923,0.21852344683907907,4.433234524286382,1.0603358799540745,0.09010823448811778,0.10343133136357562,0.1526354437635756,0.39068586327582366,1.2065034217608823,1.1931803248854245,0.01042445174496934,0.0001739616420590299,13396982.584293941,267939.6516283949,4.763540988240073e-06,4.626027154975925e-06,5053.279636491895,4765.734831788172,11776976.892644074,235539.5378023487,30.245532604855757,0.6049106519673373,11106836.159457475,222136.72314149214,28.524482832897966,0.5704896565355662,"[0.340,0.428]",0.38,"[0.100,0.145]",0.12,0.0036,0.0,60,0.2178,0.008,0.8322835225290001,45,1.196283522529,0.005,0.0,43,0.2175,0.008,0.8541835225290001,42,1.194183522529,0.21872554021948787,0.2186502259503857,0.010288272295807692,0.010994488932252104,0.2196058894046734,0.23118394113440333,0.010247578029633197,0.010640901407442109
26,56,0.2994,160.0,0.23009,2517.764515,50.3552903,Altemus:1973,1.774391518,0.076698992,0.0089,0.3083,0.06931000000000001,0.07821000000000002,1.0,0.0,0.0,2517.764515,50.3552903,2.792526803190927,0.9698463103929541,0.03015368960704583,32.16343747752632,0.003296553160920923,0.22679344683907907,4.433234524286382,1.0603358799540745,0.08050272921334678,0.0935402916968692,0.1464816997968692,0.38272927742317964,1.2316279624556534,1.2185903999721308,0.009829532532970173,0.00018797918720631304,13393847.225420091,267876.94450840185,4.763540988240073e-06,4.626027154975925e-06,5365.568176096259,5060.253338148525,13509237.156588431,270184.74313176866,34.69430878662359,0.6938861757324719,12740526.29170065,254810.525834013,32.72011203480757,0.6544022406961514,"[0.340,0.428]",0.38,"[0.070,0.100]",0.093,0.0036,0.0,62,0.225,0.008,0.8322835225290001,48,1.220283522529,0.005,0.0,45,0.2275,0.008,0.8811835225290001,42,1.2211835225290002,0.2258949855926886,0.22839142511154892,0.009952008288026722,0.009861243619549702,0.22992369684903669,0.23118394113440338,0.009758189388580698,0.009775669953247614
26,56,0.2994,160.0,0.23726,2775.162265,55.5032453,Altemus:1973,1.72346679,0.081624056,0.0089,0.3083,0.06214,0.07104,1.0,0.0,0.0,2775.162265,55.5032453,2.792526803190927,0.9698463103929541,0.03015368960704583,32.16343747752632,0.003296553160920923,0.23396344683907908,4.433234524286382,1.0603358799540745,0.07217486067403504,0.08496486794713703,0.14125717554713704,0.37584195554399863,1.2534106658149649,1.2406206585418629,0.009263911506673116,0.0002001085552330175,13868283.95102072,277365.6790204144,4.763540988240072e-06,4.6260271549759246e-06,5699.676563645681,5375.350086137372,15817527.322134364,316350.54644268734,40.62244009739268,0.8124488019478537,14917468.720212935,298349.37440425874,38.3109171964945,0.7662183439298901,"[0.340,0.428]",0.38,"[0.070,0.100]",0.093,0.0036,0.0,64,0.2322,0.008,0.8322835225290001,51,1.244283522529,0.005,0.0,46,0.2325,0.008,0.8811835225290001,44,1.237183522529,0.23306344997053685,0.23339142511154892,0.009604708390378172,0.00970834824617345,0.2401511691890913,0.23971024424661047,0.00925040322658799,0.009517293116936635
26,56,0.3686,160.0,0.10125,531.6298297,10.63259659,Altemus:1973,1.254444282,0.06486092,0.0089,0.3775,0.26735,0.27625,1.0,0.0,0.0,531.6298297,10.63259659,2.792526803190927,0.9698463103929541,0.03015368960704583,32.16343747752632,0.004983831400395211,0.0962661685996048,4.433234524286382,1.0488738312377877,0.3822948333015953,0.4045592653015409,0.4148108278015409,0.64405809349898,0.6880616717274047,0.6657972397274592,0.014934975465213583,-7.951280657090567e-05,-6686090.613917876,-133721.81222805116,3.142844087368138e-06,3.0687478956394588e-06,5240.114679211405,4995.943766684967,2785801.2745176293,55716.02546939213,7.1544713084815035,0.1430894261157996,2655992.7338735056,53119.854657486336,6.821098110569155,0.13642196216006094,"[0.609,0.702]",0.649,"[0.322,0.438]",0.38,0.0036,0.0,26,0.0954,0.018,0.5554825225290001,6,0.6724825225290001,0.005,0.0,19,0.0975,0.05,0.5941835225290001,1,0.6691835225290002,0.09934270642759913,0.10114238217622137,0.014954332863791098,0.014912333712120201,0.10752025037456614,0.08996704583847139,0.014893748129450398,0.014993167059990797
26,56,0.3686,160.0,0.15278,2434.699013,48.69398026,Altemus:1973,1.090566015,0.046256231,0.0089,0.3775,0.21581999999999998,0.22471999999999998,1.0,0.0,0.0,2434.699013,48.69398026,2.792526803190927,0.9698463103929541,0.03015368960704583,32.16343747752632,0.004983831400395211,0.1477961685996048,4.433234524286382,1.0488738312377877,0.3086099529573604,0.329095232935972,0.35243696133597197,0.5936640138461923,0.8584449674516396,0.837959687473028,0.014308324418647654,-1.5701623392167637e-05,-155060336.89576894,-3101206.7379153785,3.142844087368138e-06,3.0687478956394588e-06,5476.573308276712,5221.38425535295,13333807.628283454,266676.1525656691,34.24377215344765,0.6848754430689531,12712499.093001567,254249.98186003134,32.64813281978462,0.6529626563956925,"[0.523,0.609]",0.57,"[0.322,0.438]",0.38,0.0036,0.0,41,0.1494,0.06,0.6517835225290001,3,0.861783522529,0.005,0.0,29,0.1475,0.05,0.5941835225290001,4,0.8191835225290001,0.152291928455476,0.15114238217622136,0.014230457406778092,0.014452132833205133,0.15107704591224025,0.16990113751541397,0.014247593291494293,0.014242292660747146
26,56,0.3686,160.0,0.17299,2950.061352,59.00122703,Altemus:1973,0.972657738,0.037812773,0.0089,0.3775,0.19560999999999998,0.20450999999999997,1.0,0.0,0.0,2950.061352,59.00122703,2.792526803190927,0.9698463103929541,0.03015368960704583,32.16343747752632,0.004983831400395211,0.1680061685996048,4.433234524286382,1.0488738312377877,0.27971083726248386,0.29949833609707915,0.32942387619707914,0.5739545941945923,0.925269077806516,0.9054815789719208,0.013936438344134217,9.301705859548921e-06,317152724.0857153,6343054.480639234,3.1428440873681376e-06,3.068747895639458e-06,5626.956132315001,5364.759768746035,16599865.815341884,331997.3162505681,42.63163520918077,0.8526327040391043,15826370.456542136,316527.4090771951,40.645150960502754,0.8129030190722778,"[0.523,0.609]",0.57,"[0.206,0.322]",0.265,0.0036,0.0,46,0.1674,0.06,0.6517835225290001,4,0.9217835225290001,0.005,0.0,33,0.1675,0.015,0.7091835225290001,13,0.9116835225290001,0.1702364528813618,0.17004008230710174,0.013961287138895037,0.013822568597205764,0.17827682984594106,0.1579110237638726,0.013830910754669953,0.014009548820796181
26,56,0.3686,160.0,0.19339,2978.415637,59.56831274,Altemus:1973,1.057206375,0.084125263,0.0089,0.3775,0.17520999999999998,0.18410999999999997,1.0,0.0,0.0,2978.415637,59.56831274,2.792526803190927,0.9698463103929541,0.03015368960704583,32.16343747752632,0.004983831400395211,0.1884061685996048,4.433234524286382,1.0488738312377877,0.2505400327015991,0.2696231903517346,0.3070228824517346,0.5540964559097401,0.992721420767401,0.9736382631172655,0.013468064681150194,3.451772546666076e-05,86286555.58074729,1725731.111614946,3.142844087368137e-06,3.068747895639458e-06,5828.175350863186,5556.602879476259,17358728.600188877,347174.57200377755,44.58054020499828,0.8916108040999655,16549872.904831316,330997.45809662633,42.503243838573304,0.8500648767714661,"[0.523,0.609]",0.57,"[0.206,0.322]",0.265,0.0036,0.0,52,0.189,0.06,0.6517835225290001,5,0.981783522529,0.005,0.0,37,0.1875,0.015,0.7091835225290001,17,0.9716835225290001,0.1917617636865785,0.19004008230710173,0.013598659153667984,0.013496443758776074,0.2048295861789483,0.1898846604346497,0.013357325521746587,0.013499055192551538
26,56,0.3686,160.0,0.21386,2607.014341,52.14028683,Altemus:1973,1.113879565,0.044353419,0.0089,0.3775,0.15474,0.16363999999999998,1.0,0.0,0.0,2607.014341,52.14028683,2.792526803190927,0.9698463103929541,0.03015368960704583,32.16343747752632,0.004983831400395211,0.20887616859960478,4.433234524286382,1.0488738312377877,0.22126913224271128,0.23964553185138152,0.2853816314513815,0.5342112236291761,1.0604052178462888,1.0420288182376185,0.012886001480230754,5.978942560743909e-05,43603267.87744941,872065.3577162419,3.1428440873681376e-06,3.068747895639458e-06,6098.625298110744,5814.450810459908,15899203.61256011,317984.07231218845,40.83220045674759,0.8166440092915763,15158356.647908054,303167.13301630557,38.9295635382199,0.7785912709137242,"[0.523,0.609]",0.57,"[0.206,0.322]",0.265,0.0036,0.0,58,0.21059999999999998,0.06,0.6517835225290001,6,1.0417835225290002,0.005,0.0,41,0.20750000000000002,0.015,0.7091835225290001,22,1.046683522529,0.213278228252463,0.21004008230710175,0.01319276515297958,0.013151678011021241,0.23077940367102456,0.22985170627312096,0.012830531803932987,0.012795672441268864
26,56,0.3686,160.0,0.25513,2023.388789,40.46777577,Altemus:1973,1.340375125,0.05816974,0.0089,0.3775,0.11346999999999996,0.12236999999999996,1.0,0.0,0.0,2023.388789,40.46777577,2.792526803190927,0.9698463103929541,0.03015368960704583,32.16343747752632,0.004983831400395211,0.2501461685996048,4.433234524286382,1.0488738312377877,0.16225545066292132,0.17920694043420649,0.24429825733420651,0.4942653713686672,1.196863952846079,1.1799124630747937,0.011275024837294098,0.0001106007693159378,18294527.257944,365890.54506846465,3.1428440873681368e-06,3.0687478956394575e-06,6992.766201674117,6666.927892959133,14149084.736565521,282981.69466138276,36.337559938319636,0.7267511985868051,13489787.155684901,269795.7430470288,34.644357458548924,0.6928871489997591,"[0.428,0.523]",0.475,"[0.145,0.206]",0.16,0.0036,0.0,69,0.2502,0.032,0.7510585225290001,13,1.183058522529,0.005,0.0,50,0.2525,0.03,0.8141835225290001,12,1.189183522529,0.2517551471411963,0.25403363460051426,0.01105508282580602,0.010956268719162731,0.24860674223549706,0.24983522919235657,0.01116122615897338,0.011059322891453555
26,56,0.3686,160.0,0.286,2859.448654,57.18897308,Altemus:1973,1.337985207,0.057315245,0.0089,0.3775,0.0826,0.09150000000000001,1.0,0.0,0.0,2859.448654,57.18897308,2.792526803190927,0.9698463103929541,0.03015368960704583,32.16343747752632,0.004983831400395211,0.28101616859960477,4.433234524286382,1.0488738312377877,0.1181131596435825,0.1339988154754425,0.2157948154754425,0.4645372056955637,1.2989352188854175,1.2830495630535574,0.009560823692075955,0.000148423243552007,19265504.41540552,385310.0883081104,3.1428440873681368e-06,3.0687478956394575e-06,8275.148904587699,7889.556072556509,23662363.396872867,473247.26793745736,60.76948185871703,1.2153896371743407,22559780.492329236,451195.60984658473,57.937837754043585,1.1587567550808717,"[0.428,0.523]",0.475,"[0.100,0.145]",0.12,0.0036,0.0,78,0.2826,0.032,0.7510585225290001,16,1.279058522529,0.005,0.0,56,0.28250000000000003,0.008,0.8541835225290001,53,1.2821835225290001,0.28398961575002346,0.28365022595038575,0.009890006645457548,0.009220271339190433,0.2883824212691516,0.27807860825154307,0.009720150174004566,0.009365140936697004
26,56,0.3686,160.0,0.30133,3654.272962,73.08545925,Altemus:1973,1.406709365,0.057819983,0.0089,0.3775,0.06727,0.07617,1.0,0.0,0.0,3654.272962,73.08545925,2.792526803190927,0.9698463103929541,0.03015368960704583,32.16343747752632,0.004983831400395211,0.2963461685996048,4.433234524286382,1.0488738312377877,0.0961921579809176,0.11154852212857329,0.20234829102857327,0.4498314028928764,1.3496236707280826,1.334267306580427,0.008497004670451272,0.00016712138965129775,21865979.98990265,437319.5998578897,3.1428440873681376e-06,3.068747895639458e-06,9331.204564177624,8896.403252968725,34098768.54176529,681975.3709286178,87.57216942147234,1.75144338866909,32509885.86637246,650197.7174164131,83.49161435186866,1.6698322872658498,"[0.428,0.523]",0.475,"[0.100,0.145]",0.12,0.0036,0.0,82,0.297,0.032,0.7510585225290001,18,1.3430585225290002,0.005,0.0,59,0.2975,0.008,0.8541835225290001,60,1.338183522529,0.2983096887671408,0.2986502259503857,0.009326465232990746,0.008838694994669485,0.31419796674094613,0.3079206691442682,0.008667961287690366,0.00860931783987635
26,56,0.12,90.0,0.01,143454.6035,2869.09207,Meziani:1984is,1.470848581,0.087832664,0.0089,0.1289,0.11,0.1189,1.0,0.0,0.0,143454.6035,2869.09207,1.5707963267948966,0.5000000000000001,0.5000000000000001,0.9999999999999998,0.00027542063616659007,0.00972457936383341,4.433234524286382,1.1538340277777774,0.026400000000000007,0.030652420000000007,0.030752420000000006,0.1753636792497238,0.8727216825290001,0.868469262529,0.3326099321963349,-0.00011345336463698701,-1264436748.6059754,-25288734.972119506,0.001849977208280793,0.001722244103907643,208.80516535766444,180.96637846589775,29954062.20513569,599081.2441027138,76.92776960776615,1.538555392155323,25960460.069656298,519209.20139312604,66.67143432745254,1.333428686549051,"[0.158,0.186]",0.167,"[0.025,0.035]",0.026,0.0006,0.0,16,0.009899999999999999,0.002,0.9487945225290001,-41,0.8677945225290001,0.005,0.0,1,0.0075,0.01,0.9481835225290001,-8,0.8731835225290001,0.010166331422823305,0.007749215622583567,0.3325087778405213,0.33282087160463336,0.008132580356012165,0.010032954161528723,0.33280591561420403,0.33247520486208565
26,56,0.12,90.0,0.02,234337.0726,4686.741451,Meziani:1984is,0.866273517,0.056329115,0.0089,0.1289,0.09999999999999999,0.1089,1.0,0.0,0.0,234337.0726,4686.741451,1.5707963267948966,0.5000000000000001,0.5000000000000001,0.9999999999999998,0.00027542063616659007,0.01972457936383341,4.433234524286382,1.1538340277777774,0.024000000000000004,0.028074420000000003,0.028474420000000004,0.16874365173244296,0.893887142529,0.889812722529,0.3301969366970874,8.99310399161446e-05,2605741830.83511,52114836.60558257,0.001849977208280793,0.001722244103907643,211.8547434287803,183.60937390345575,49645420.391524464,992908.4076186344,127.49894941812248,2.5499789878183656,43026483.18245466,860529.6634654837,110.50025077148975,2.2100050149582504,"[0.158,0.186]",0.167,"[0.025,0.035]",0.026,0.0006,0.0,32,0.0195,0.002,0.9487945225290001,-30,0.889794522529,0.005,0.0,3,0.0175,0.01,0.9481835225290001,-6,0.893183522529,0.019763578120006287,0.01774921562258357,0.3302064048917461,0.33066230550237985,0.019684996223738427,0.020690833051787687,0.33023133686737033,0.32971399875062
26,56,0.12,90.0,0.03,218521.3789,4370.427577,Meziani:1984is,0.668126848,0.059033126,0.0089,0.1289,0.09,0.0989,1.0,0.0,0.0,218521.3789,4370.427577,1.5707963267948966,0.5000000000000001,0.5000000000000001,0.9999999999999998,0.00027542063616659007,0.02972457936383341,4.433234524286382,1.1538340277777774,0.0216,0.025496420000000006,0.026396420000000007,0.16246975103076883,0.9150526025290001,0.9111561825290001,0.325669446869213,0.00029094013292214346,751087093.7784202,15021741.872131271,0.0018499772082807941,0.001722244103907644,217.71363643772182,188.68713454137475,47575084.039704256,951501.6805763716,122.18192908235976,2.443638581088065,41232172.82067103,824643.4562247335,105.89211805243394,2.117842360564094,"[0.158,0.186]",0.167,"[0.025,0.035]",0.026,0.0006,0.0,49,0.029699999999999997,0.002,0.9487945225290001,-19,0.9117945225290001,0.005,0.0,5,0.0275,0.01,0.9481835225290001,-4,0.913183522529,0.029958719126291555,0.02774921562258357,0.32610422018439544,0.32687940155543954,0.031099746949799556,0.03134871194204672,0.32553650518127114,0.3251402838854362
26,56,0.12,90.0,0.04,147515.8426,2950.316851,Meziani:1984is,0.718566888,0.099650314,0.0089,0.1289,0.07999999999999999,0.08889999999999999,1.0,0.0,0.0,147515.8426,2950.316851,1.5707963267948966,0.5000000000000001,0.5000000000000001,0.9999999999999998,0.00027542063616659007,0.03972457936383341,4.433234524286382,1.1538340277777774,0.0192,0.02291842,0.02451842,0.15658358790115903,0.9362180625290001,0.9324996425290001,0.3185093070332871,0.00048737797732043285,302672359.9844025,6053447.197636254,0.001849977208280794,0.0017222441039076437,227.36033702983892,197.0476962511868,33539251.69077667,670785.0335881731,86.13522296961061,1.7227044588083076,29067656.944882683,581353.138700606,74.651311103645,1.4930262215668435,"[0.124,0.158]",0.148,"[0.015,0.025]",0.02,0.001,0.0,39,0.0395,0.002,0.9547795225290001,-12,0.9317795225290001,0.0025,0.0,15,0.03875,0.01,0.9541835225290001,-3,0.929183522529,0.03969485133154649,0.03894170432506428,0.3169548730759625,0.31729455537358947,0.03829421352347273,0.03667765138717624,0.3181162304512728,0.31902760273083974
26,56,0.12,90.0,0.05,88866.43313,1777.328663,Meziani:1984is,0.510879062,0.19467418,0.0089,0.1289,0.06999999999999999,0.0789,1.0,0.0,0.0,88866.43313,1777.328663,1.5707963267948966,0.5000000000000001,0.5000000000000001,0.9999999999999998,0.00027542063616659007,0.04972457936383341,4.433234524286382,1.1538340277777774,0.016800000000000002,0.02034042,0.02284042,0.15113047343272634,0.957383522529,0.9538431025290001,0.30808893983544094,0.0006765281221678557,131356598.81401213,2627131.9768714965,0.0018499772082807935,0.0017222441039076433,242.29330350132162,209.98973653772853,21531741.653446995,430634.8331658572,55.297637089313405,1.1059527420351702,18661038.88001637,373220.7776843233,47.92512246827535,0.9585024495812245,"[0.124,0.158]",0.148,"[0.015,0.025]",0.02,0.001,0.0,49,0.0495,0.002,0.9547795225290001,-1,0.9537795225290001,0.0025,0.0,19,0.04875,0.01,0.9541835225290001,-1,0.9491835225290001,0.049686291289447126,0.048941704325064284,0.30730972169155046,0.3086868452068015,0.04949393735364527,0.04733553027743526,0.30751861279925713,0.3101674205493212
26,56,0.12,140.0,0.0,0.0,0.0,Meziani:1984is,#DIV/0!,#DIV/0!,0.0089,0.1289,0.12,0.1289,1.0,0.0,0.0,0.0,0.0,2.443460952792061,0.8830222215594888,0.11697777844051105,7.548632170413027,0.00048555138576371337,-0.00048555138576371337,4.433234524286382,1.1538340277777774,0.05086207996182655,0.058686398583509734,0.058686398583509734,0.24225275763860715,0.8294941425671735,0.8216698239454903,0.06212235686928426,-0.000225691895960478,-0.0,-0.0,0.00013877028677615502,0.000129188785206661,516.529084912516,447.6632448666152,0.0,0.0,0.0,0.0,0.0,0.0,0.0,0.0,"[0.223,0.270]",0.24,"[0.045,0.070]",0.056,0.0006,0.0,-1,-0.0003,0.018,0.919083522529,-6,0.8200835225290001,0.003,0.0,-1,-0.0015,0.01,0.918183522529,-10,0.8231835225290001,0.00025210784696838573,-0.0009632278898200097,0.06212229257914288,0.062121391580122524,-0.0014253482822833563,-0.0006249247287303184,0.0621203018563055,0.06212195055820881
26,56,0.12,140.0,0.01,14904.4199,298.088398,Meziani:1984is,1.006412869,0.050991585,0.0089,0.1289,0.11,0.1189,1.0,0.0,0.0,14904.4199,298.088398,2.443460952792061,0.8830222215594888,0.11697777844051105,7.548632170413027,0.00048555138576371337,0.009514448614236287,4.433234524286382,1.1538340277777774,0.04662357329834101,0.05413353600914901,0.054233536009149014,0.2328809481455042,0.852498109230659,0.844988146519851,0.06201491441114325,-0.0001360004018697427,-109590998.96098122,-2191819.9792196243,0.00013877028677615496,0.00012918878520666095,517.5425431224885,448.5415845459574,7713671.378811426,154273.4275762285,19.810185696866395,0.39620371393732784,6685252.1186843,133705.04237368598,17.16900803750757,0.3433801607501513,"[0.223,0.270]",0.24,"[0.045,0.070]",0.056,0.0006,0.0,15,0.0093,0.018,0.919083522529,-5,0.8380835225290001,0.003,0.0,3,0.0105,0.01,0.918183522529,-8,0.8431835225290001,0.009851178252041848,0.01103677211017999,0.06202418355859816,0.06199588173535473,0.008132580356012054,0.010032954161528709,0.06205545175291687,0.062017804903465645
26,56,0.12,140.0,0.02,31911.12317,638.2224634,Meziani:1984is,0.645542932,0.034157369,0.0089,0.1289,0.09999999999999999,0.1089,1.0,0.0,0.0,31911.12317,638.2224634,2.443460952792061,0.8830222215594888,0.11697777844051105,7.548632170413027,0.00048555138576371337,0.019514448614236287,4.433234524286382,1.1538340277777774,0.04238506663485546,0.04958067343478828,0.04998067343478828,0.2235635780595495,0.8755020758941446,0.8683064690942117,0.06165583933913662,-4.6317029018536174e-05,-688971720.4708682,-13779434.409417367,0.000138770286776155,0.00012918878520666097,520.9552696511465,451.4993119543185,16624267.775898298,332485.35551796603,42.69430411821908,0.8538860823643818,14407850.154944511,288157.00309889024,37.002119100652656,0.7400423820130532,"[0.223,0.270]",0.24,"[0.045,0.070]",0.056,0.0006,0.0,32,0.0195,0.018,0.919083522529,-3,0.874083522529,0.003,0.0,6,0.0195,0.01,0.918183522529,-5,0.873183522529,0.020048255845651397,0.02003677211017999,0.061715620395763844,0.061707449384420354,0.02696454720224184,0.02601977249691719,0.06138632167123399,0.061425864403111013
26,56,0.12,140.0,0.03,37906.26548,758.1253096,Meziani:1984is,0.638416887,0.036933208,0.0089,0.1289,0.09,0.0989,1.0,0.0,0.0,37906.26548,758.1253096,2.443460952792061,0.8830222215594888,0.11697777844051105,7.548632170413027,0.00048555138576371337,0.029514448614236286,4.433234524286382,1.1538340277777774,0.03814655997136991,0.045027810860427564,0.04592781086042756,0.21430774801772232,0.8985060425576301,0.8916247916685724,0.06097924198115845,4.328309124523915e-05,875775375.3128581,17515507.50625716,0.00013877028677615504,0.00012918878520666103,527.4954314792856,457.1675117739538,19995381.86514095,399907.637302819,51.351970854795795,1.027039417095916,17329513.070134517,346590.2614026904,44.505509127423586,0.8901101825484719,"[0.186,0.223]",0.205,"[0.045,0.070]",0.056,0.0006,0.0,49,0.029699999999999997,0.014,0.9346585225290001,-4,0.885658522529,0.003,0.0,9,0.0285,0.01,0.918183522529,-3,0.893183522529,0.030094137793604148,0.029036772110179992,0.0608650768810034,0.06125736281019882,0.024890289649787234,0.03667765138717621,0.06126266227656674,0.06075357873624718
26,56,0.12,140.0,0.04,34099.22471,681.9844943,Meziani:1984is,0.783009005,0.051027553,0.0089,0.1289,0.07999999999999999,0.08889999999999999,1.0,0.0,0.0,34099.22471,681.9844943,2.443460952792061,0.8830222215594888,0.11697777844051105,7.548632170413027,0.00048555138576371337,0.03951444861423629,4.433234524286382,1.1538340277777774,0.033908053307884364,0.040474948286066834,0.04207494828606683,0.20512178891104385,0.9215100092211157,0.9149431142429333,0.059901514835088716,0.000132697539660248,256969532.34631112,5139390.647679816,0.00013877028677615502,0.000129188785206661,538.2192649335135,466.46159844158433,18352859.6582189,367057.19321819994,47.13365919327849,0.9426731840037947,15905978.86384537,318119.57732355356,40.8496005998847,0.8169920121174904,"[0.186,0.223]",0.205,"[0.035,0.045]",0.04,0.0006,0.0,65,0.039299999999999995,0.014,0.9346585225290001,-2,0.913658522529,0.005,0.0,7,0.0375,0.008,0.934183522529,-3,0.914183522529,0.03968772089332617,0.03788340865012856,0.05993353165170491,0.060099995643212965,0.03931767228007044,0.03934212110974099,0.05997425165925549,0.059946813057231
26,56,0.12,140.0,0.05,26093.93001,521.8786002,Meziani:1984is,0.90059259,0.071664176,0.0089,0.1289,0.06999999999999999,0.0789,1.0,0.0,0.0,26093.93001,521.8786002,2.443460952792061,0.8830222215594888,0.11697777844051105,7.548632170413027,0.00048555138576371337,0.04951444861423629,4.433234524286382,1.1538340277777774,0.029669546644398824,0.03592208571170611,0.03842208571170611,0.19601552415996573,0.9445139758846013,0.938261436817294,0.05831597637940113,0.00022178754831786616,117652817.78849979,2353056.355769996,0.00013877028677615496,0.00012918878520666095,554.7191918822965,480.76168541385107,14474803.768180406,289496.07536360814,37.174068804774436,0.7434813760954887,12544961.770678667,250899.2354135734,32.217864883366026,0.6443572976673206,"[0.186,0.223]",0.205,"[0.035,0.045]",0.04,0.0006,0.0,82,0.049499999999999995,0.014,0.9346585225290001,0,0.9416585225290001,0.005,0.0,9,0.0475,0.008,0.934183522529,0,0.9381835225290001,0.04987897154040155,0.047883408650128564,0.058660401134404606,0.05895306179885814,0.053535208540844814,0.05213157577805182,0.058132023032246315,0.05840094473227033
26,56,0.1546,180.0,0.0058,0.0,0.0,Hotta:1984,#DIV/0!,#DIV/0!,0.0089,0.16349999999999998,0.1488,0.15769999999999998,1.0,0.0,0.0,0.0,0.0,3.141592653589793,1.0,3.749399456654644e-33,2.6670937881135714e+32,0.0009109912506395645,0.004889008749360435,4.433234524286382,1.1184498995027854,0.09201791999999999,0.10313579999999997,0.10316943999999997,0.3212,0.7992222693290001,0.7881043893290001,1.874088453332896e-33,-0.00017979526251339612,-0.0,-0.0,2.089496304144681e-36,1.9757561383533192e-36,1003.8025059142674,897.4943860789068,0.0,0.0,0.0,0.0,0.0,0.0,0.0,0.0,"[0.270,0.340]",0.3,"[0.100,0.145]",0.12,0.001,0.0,4,0.0045000000000000005,0.01,0.8866835225290001,-10,0.7916835225290001,0.005,0.0,0,0.0025,0.008,0.8541835225290001,-9,0.7861835225290001,0.005362393837330615,0.0036502259503856938,1.8741007561886255e-33,1.8744915949421e-33,0.0007070437330923829,0.013763211773119394,1.8746893151860232e-33,1.8717450851494924e-33
26,56,0.1546,180.0,0.0158,5089.998266,101.7999653,Hotta:1984,0.809430531,0.010609041,0.0089,0.16349999999999998,0.13879999999999998,0.14769999999999997,1.0,0.0,0.0,5089.998266,101.7999653,3.141592653589793,1.0,3.749399456654644e-33,2.6670937881135714e+32,0.0009109912506395645,0.014889008749360437,4.433234524286382,1.1184498995027854,0.08583391999999998,0.09659579999999997,0.09684543999999996,0.3111999999999999,0.8241717293290001,0.8134098493290001,1.8698672856208853e-33,-0.0001304758976194934,-39011023.17643333,-780220.4633753817,2.0894963041446815e-36,1.97575613835332e-36,1006.0685591041297,899.5204519678391,5120887.2213171385,102417.7444062214,13.15141931838871,0.26302838631609865,4578557.540747837,91571.15079696634,11.758612812460589,0.23517225620300897,"[0.270,0.340]",0.3,"[0.070,0.100]",0.093,0.001,0.0,14,0.0145,0.01,0.8866835225290001,-8,0.8116835225290001,0.005,0.0,2,0.0125,0.008,0.8811835225290001,-9,0.8131835225290001,0.01536040790644222,0.013391425111548913,1.8697850544497144e-33,1.8710917349991773e-33,0.011297177779925893,0.01376321177311935,1.8720412744293406e-33,1.8708890291651708e-33
26,56,0.1546,180.0,0.0258,10713.36709,214.2673418,Hotta:1984,0.660856661,0.007560648,0.0089,0.16349999999999998,0.1288,0.1377,1.0,0.0,0.0,10713.36709,214.2673418,3.141592653589793,1.0,3.749399456654644e-33,2.6670937881135714e+32,0.0009109912506395645,0.024889008749360435,4.433234524286382,1.1184498995027854,0.07964992,0.09005579999999998,0.09072143999999997,0.30119999999999997,0.849121189329,0.8387153093290001,1.8609447093685862e-33,-8.115653272559073e-05,-132008684.08492027,-2640173.6816984056,2.0894963041446815e-36,1.97575613835332e-36,1010.8923044784307,903.8333365918579,10830060.346333478,216601.20692666958,27.81366952686983,0.5562733905373967,9683098.323088104,193661.96646176206,24.86805134430661,0.49736102688613215,"[0.270,0.340]",0.3,"[0.070,0.100]",0.093,0.001,0.0,24,0.0245,0.01,0.8866835225290001,-5,0.841683522529,0.005,0.0,4,0.0225,0.008,0.8811835225290001,-6,0.8371835225290001,0.025356506624724773,0.023391425111548913,1.8613070311885204e-33,1.86373458081641e-33,0.02696454720224184,0.026552666441430183,1.8595545123568247e-33,1.8605943406568982e-33
26,56,0.1546,180.0,0.0357,14415.00764,288.3001528,Hotta:1984,0.69372145,0.006520982,0.0089,0.16349999999999998,0.11889999999999998,0.12779999999999997,1.0,0.0,0.0,14415.00764,288.3001528,3.141592653589793,1.0,3.749399456654644e-33,2.6670937881135714e+32,0.0009109912506395645,0.03478900874936044,4.433234524286382,1.1184498995027854,0.07352775999999998,0.08358119999999997,0.08485568999999997,0.29129999999999995,0.8738211547290001,0.8637677147290002,1.8465426765520565e-33,-3.2330361480626896e-05,-445865959.4213881,-8917319.188427761,2.0894963041446815e-36,1.97575613835332e-36,1018.7767169688377,910.8827471143248,14685674.158559913,293713.4831711982,37.715624360649365,0.7543124872129872,13130381.75879718,262607.6351759436,33.72133555326538,0.6744267110653075,"[0.270,0.340]",0.3,"[0.070,0.100]",0.093,0.001,0.0,34,0.0345,0.01,0.8866835225290001,-3,0.861683522529,0.005,0.0,6,0.0325,0.008,0.8811835225290001,-3,0.8611835225290001,0.03535069109255318,0.03339142511154891,1.8486690776557406e-33,1.852490020876833e-33,0.03726968103912298,0.039342121109741016,1.8457662558515164e-33,1.8440098038935007e-33
26,56,0.1546,180.0,0.0457,16626.85465,332.5370931,Hotta:1984,0.75179583,0.007036809,0.0089,0.16349999999999998,0.1089,0.1178,1.0,0.0,0.0,16626.85465,332.5370931,3.141592653589793,1.0,3.749399456654644e-33,2.6670937881135714e+32,0.0009109912506395645,0.04478900874936043,4.433234524286382,1.1184498995027854,0.06734375999999999,0.07704119999999999,0.07912968999999999,0.2813,0.898770614729,0.8890731747289999,1.825220302392324e-33,1.6989003413275355e-05,978683342.7208351,19573666.86030286,2.0894963041446815e-36,1.97575613835332e-36,1030.6781506291807,921.52375451719,17136935.801442195,342738.7161319117,44.01093381218919,0.8802186765084815,15322041.5228796,306440.83054974437,39.3499376518828,0.7869987532743208,"[0.270,0.340]",0.3,"[0.070,0.100]",0.093,0.001,0.0,44,0.0445,0.01,0.8866835225290001,0,0.8916835225290001,0.005,0.0,8,0.0425,0.008,0.8811835225290001,0,0.8851835225290001,0.04534296240923652,0.04339142511154891,1.8318735828133395e-33,1.837498953985147e-33,0.05252643607624241,0.05213157577805185,1.8172292149341435e-33,1.821471604115416e-33
26,56,0.1546,180.0,0.0556,16305.59688,326.1119375,Hotta:1984,0.876999481,0.010180553,0.0089,0.16349999999999998,0.09899999999999999,0.1079,1.0,0.0,0.0,16305.59688,326.1119375,3.141592653589793,1.0,3.749399456654644e-33,2.6670937881135714e+32,0.0009109912506395645,0.05468900874936043,4.433234524286382,1.1184498995027854,0.06122159999999999,0.0705666,0.07365796,0.2714,0.9234705801290001,0.914125580129,1.7960202244127152e-33,6.581517465823917e-05,247748288.51660213,4954965.768812637,2.0894963041446818e-36,1.97575613835332e-36,1047.4351347439297,936.5060832940073,17079055.065082997,341581.1011969165,43.86228499384612,0.8772456996079211,15270290.669859786,305405.8133035451,39.21703154816805,0.7843406307228483,"[0.270,0.340]",0.3,"[0.070,0.100]",0.093,0.001,0.0,54,0.0545,0.01,0.8866835225290001,2,0.9116835225290001,0.005,0.0,10,0.0525,0.008,0.8811835225290001,4,0.9171835225290002,0.05533332167303939,0.05339142511154891,1.8109229333375956e-33,1.8189452564703352e-33,0.06256840728139357,0.06918418200246629,1.7931543397104135e-33,1.782936929209975e-33
26,56,0.1546,180.0,0.0656,13941.75944,278.8351888,Hotta:1984,1.01852281,0.012982579,0.0089,0.16349999999999998,0.08899999999999998,0.09789999999999999,1.0,0.0,0.0,13941.75944,278.8351888,3.141592653589793,1.0,3.749399456654644e-33,2.6670937881135714e+32,0.0009109912506395645,0.06468900874936044,4.433234524286382,1.1184498995027854,0.055037599999999985,0.06402659999999999,0.06832996,0.26139999999999997,0.948420040129,0.939431040129,1.756632809761957e-33,0.00011513453955214187,121091025.28425962,2421820.5056851925,2.0894963041446815e-36,1.97575613835332e-36,1070.920840887334,957.5045260082004,14930520.742933726,298610.4148586746,38.34443729102806,0.7668887458205613,13349297.764317553,266985.9552863511,34.28355379000377,0.6856710758000756,"[0.223,0.270]",0.24,"[0.045,0.070]",0.056,0.0006,0.0,107,0.06449999999999999,0.018,0.919083522529,1,0.9460835225290001,0.003,0.0,21,0.0645,0.01,0.918183522529,2,0.9431835225290001,0.06501159646612109,0.06503677211018,1.7371401312746458e-33,1.7430444171794055e-33,0.06356706833875447,0.06332234861282378,1.7431852404315018e-33,1.749436342595989e-33
26,56,0.1546,180.0,0.0756,10404.139,208.0827801,Hotta:1984,1.211056484,0.036620041,0.0089,0.16349999999999998,0.07899999999999999,0.08789999999999999,1.0,0.0,0.0,10404.139,208.0827801,3.141592653589793,1.0,3.749399456654644e-33,2.6670937881135714e+32,0.0009109912506395645,0.07468900874936044,4.433234524286382,1.1184498995027854,0.04885359999999999,0.057486599999999985,0.06320195999999999,0.25139999999999996,0.9733695001290001,0.9647365001290001,1.7051704314622746e-33,0.00016445390444604476,63264773.40289275,1265295.4686659283,2.089496304144681e-36,1.9757561383533192e-36,1103.241442057679,986.4022005349839,11478277.313728537,229565.54638489493,29.47841486865731,0.5895682976564798,10262665.604271846,205253.31218407716,26.35649114167934,0.5271298230869138,"[0.223,0.270]",0.24,"[0.045,0.070]",0.056,0.0006,0.0,124,0.07469999999999999,0.018,0.919083522529,2,0.9640835225290001,0.003,0.0,24,0.0735,0.01,0.918183522529,4,0.9631835225290001,0.07519790669257276,0.07403677211017999,1.69065612169996e-33,1.7075588762607365e-33,0.07251061805531867,0.07398022750308281,1.7035751279824256e-33,1.7077913605143313e-33
26,56,0.1546,180.0,0.0855,8090.699194,161.8139839,Hotta:1984,1.322506219,0.051664262,0.0089,0.16349999999999998,0.06909999999999998,0.07799999999999999,1.0,0.0,0.0,8090.699194,161.8139839,3.141592653589793,1.0,3.749399456654644e-33,2.6670937881135714e+32,0.0009109912506395645,0.08458900874936044,4.433234524286382,1.1184498995027854,0.04273143999999998,0.05101199999999998,0.05832224999999998,0.24149999999999996,0.998069465529,0.989788905529,1.6397203904416124e-33,0.00021328007569100817,37934622.66827722,758692.4534593179,2.0894963041446815e-36,1.97575613835332e-36,1147.2777290120189,1025.7748062940047,9282278.99741169,185645.5799711794,23.838670536828392,0.4767734107954965,8299235.39850841,165984.7079906837,21.314026267449297,0.42628052540167366,"[0.223,0.270]",0.24,"[0.045,0.070]",0.056,0.0006,0.0,140,0.08429999999999999,0.018,0.919083522529,3,0.9820835225290001,0.003,0.0,28,0.0855,0.01,0.918183522529,7,0.993183522529,0.08478320807783035,0.08603677211018,1.6407465636242973e-33,1.6558254428937958e-33,0.08137572506613766,0.08996704583847129,1.6591740724294666e-33,1.6379547417172164e-33
26,56,0.1546,180.0,0.0955,5202.61573,104.0523146,Hotta:1984,1.449270981,0.079190934,0.0089,0.16349999999999998,0.059099999999999986,0.06799999999999999,1.0,0.0,0.0,5202.61573,104.0523146,3.141592653589793,1.0,3.749399456654644e-33,2.6670937881135714e+32,0.0009109912506395645,0.09458900874936044,4.433234524286382,1.1184498995027854,0.03654743999999999,0.04447199999999999,0.053592249999999994,0.23149999999999998,1.023018925529,1.015094365529,1.5556660957166876e-33,0.0002625994405849106,19811983.294449378,396239.66588898754,2.0894963041446818e-36,1.97575613835332e-36,1209.2663656681987,1081.198510729704,6291348.215785303,125826.96431570605,16.157387360408936,0.3231477472081787,5625060.379174932,112501.20758349863,14.446232564902383,0.2889246512980476,"[0.223,0.270]",0.24,"[0.035,0.045]",0.04,0.0006,0.0,157,0.09449999999999999,0.018,0.919083522529,5,1.0180835225290001,0.005,0.0,18,0.0925,0.008,0.934183522529,10,1.0181835225290001,0.09496566439988641,0.09288340865012856,1.5811765137498683e-33,1.5420956246275163e-33,0.09887863911985406,0.09476309133908793,1.556489456844816e-33,1.5309906607881608e-33
26,56,0.1546,180.0,0.1055,3355.726185,67.1145237,Hotta:1984,2.029367006,0.139761105,0.0089,0.16349999999999998,0.04909999999999999,0.05799999999999999,1.0,0.0,0.0,3355.726185,67.1145237,3.141592653589793,1.0,3.749399456654644e-33,2.6670937881135714e+32,0.0009109912506395645,0.10458900874936043,4.433234524286382,1.1184498995027854,0.03036343999999999,0.03793199999999999,0.04906224999999999,0.22149999999999997,1.047968385529,1.040399825529,1.4494058078239781e-33,0.0003119188054788133,10758332.380276872,215166.64760553744,2.089496304144681e-36,1.9757561383533192e-36,1297.9213106540944,1160.464417075002,4355468.528231464,87109.3705646293,11.185677494394074,0.2237135498878815,3894200.8311393457,77884.01662278692,10.001053689903092,0.20002107379806186,"[0.186,0.223]",0.205,"[0.035,0.045]",0.04,0.0006,0.0,174,0.10469999999999999,0.014,0.9346585225290001,7,1.039658522529,0.005,0.0,20,0.10250000000000001,0.008,0.934183522529,13,1.0421835225290002,0.10499714744566546,0.10288340865012857,1.3829105193643776e-33,1.4824156448671187e-33,0.10176715428684291,0.10755254600739876,1.4127026220303854e-33,1.4541700916774104e-33
26,56,0.1546,180.0,0.1154,2565.779262,51.31558523,Hotta:1984,2.40472752,0.319980761,0.0089,0.16349999999999998,0.039199999999999985,0.04809999999999998,1.0,0.0,0.0,2565.779262,51.31558523,3.141592653589793,1.0,3.749399456654644e-33,2.6670937881135714e+32,0.0009109912506395645,0.11448900874936044,4.433234524286382,1.1184498995027854,0.02424127999999999,0.03145739999999998,0.044774559999999984,0.21159999999999995,1.072668350929,1.065452230929,1.3171135402309678e-33,0.00036074497672377713,7112446.264122536,142248.92525473033,2.089496304144681e-36,1.9757561383533192e-36,1428.285890547193,1277.022682180174,3664666.3181731896,73293.32634918095,9.411565092010555,0.18823130180353,3276558.315041507,65531.16628805992,8.41482939575079,0.1682965878822194,"[0.186,0.223]",0.205,"[0.025,0.035]",0.026,0.0006,0.0,190,0.11429999999999998,0.014,0.9346585225290001,9,1.067658522529,0.005,0.0,22,0.1125,0.01,0.9481835225290001,11,1.063183522529,0.11457698509145331,0.11274921562258357,1.289075851966305e-33,1.2590852294804583e-33,0.11514217101710666,0.11128280361898936,1.2832840654570169e-33,1.269861601011094e-33
26,56,0.16,60.0,0.015,636284.7449,12725.6949,Meziani:1984is,1.246297363,0.063650748,0.0089,0.1689,0.14500000000000002,0.1539,1.0,0.0,0.0,636284.7449,12725.6949,1.0471975511965976,0.24999999999999994,0.7500000000000001,0.3333333333333333,0.00024500578673045115,0.014754994213269548,4.433234524286382,1.114344140625,0.0232,0.025993709999999993,0.026218709999999992,0.1619219256308422,0.885304412529,0.8825107025290001,0.5979297423564363,3.9073414407748314e-05,16284339481.06219,325686789.67242944,0.006243673077947682,0.005914669582425276,108.57139963959587,97.43076279712085,69082325.32311621,1381646.506679467,177.41664452824287,3.5483328911225214,61993708.05177846,1239874.1612304305,159.2117175119129,3.1842343507386994,"[0.158,0.186]",0.167,"[0.025,0.035]",0.026,0.0006,0.0,24,0.0147,0.002,0.9487945225290001,-34,0.881794522529,0.005,0.0,2,0.0125,0.01,0.9481835225290001,-7,0.8831835225290001,0.014965175424840993,0.012749215622583568,0.5980634019749728,0.5985033503044147,0.015500307725163864,0.015361893606658236,0.5979216935253339,0.5978295313685242
26,56,0.16,60.0,0.025,731793.7576,14635.87515,Meziani:1984is,0.859531792,0.048784237,0.0089,0.1689,0.135,0.1439,1.0,0.0,0.0,731793.7576,14635.87515,1.0471975511965976,0.24999999999999994,0.7500000000000001,0.3333333333333333,0.00024500578673045115,0.02475499421326955,4.433234524286382,1.114344140625,0.021599999999999998,0.024304709999999993,0.024929709999999994,0.15789145005350985,0.9056698725290001,0.902965162529,0.5938911923618728,0.0004059556942786485,1802644396.700335,36052887.929080054,0.006243673077947682,0.005914669582425276,111.51662810347716,100.07377796318025,81607172.31472531,1632143.446071473,209.58285080586194,4.191657015544447,73233366.01290375,1464667.3200579274,188.07731217423876,3.761546242970758,"[0.124,0.158]",0.148,"[0.015,0.025]",0.02,0.001,0.0,24,0.0245,0.002,0.9547795225290001,-26,0.9037795225290001,0.0025,0.0,9,0.02375,0.01,0.9541835225290001,-6,0.899183522529,0.024704104788405346,0.023941704325064282,0.5931993933922004,0.5931994991776287,0.023851483904759663,0.020690833051787698,0.5936680185674423,0.5949062865828078
26,56,0.16,60.0,0.035,549787.4641,10995.74928,Meziani:1984is,0.976741077,0.06657118,0.0089,0.1689,0.125,0.1339,1.0,0.0,0.0,549787.4641,10995.74928,1.0471975511965976,0.24999999999999994,0.7500000000000001,0.3333333333333333,0.00024500578673045115,0.03475499421326955,4.433234524286382,1.114344140625,0.019999999999999997,0.022615709999999994,0.023840709999999994,0.1544043716997676,0.926035332529,0.9234196225290001,0.5872758725007801,0.0007608329322047626,722612601.0434521,14452252.018240346,0.006243673077947683,0.005914669582425277,116.47675270453342,104.52493844424518,64037458.496028244,1280749.1696876115,164.4604601443583,3.2892092022888972,57466500.842470154,1149330.0166403532,147.58498218702678,2.9516996432036557,"[0.124,0.158]",0.148,"[0.015,0.025]",0.02,0.001,0.0,34,0.0345,0.002,0.9547795225290001,-16,0.9237795225290001,0.0025,0.0,13,0.03375,0.01,0.9541835225290001,-4,0.919183522529,0.03469841416866615,0.033941704325064284,0.5863582060443084,0.5864868813628017,0.034189607265184274,0.03134871194204673,0.5867684879651734,0.5884344187047181
26,56,0.16,60.0,0.045,359387.8706,7187.757413,Meziani:1984is,1.004485765,0.097109566,0.0089,0.1689,0.115,0.12390000000000001,1.0,0.0,0.0,359387.8706,7187.757413,1.0471975511965976,0.24999999999999994,0.7500000000000001,0.3333333333333333,0.00024500578673045115,0.04475499421326955,4.433234524286382,1.114344140625,0.018399999999999996,0.020926709999999998,0.022951709999999997,0.15149821781129966,0.9464007925290001,0.9438740825290001,0.5776415106057908,0.0010966182636477323,327723769.0758053,6554475.382428001,0.006243673077947682,0.005914669582425276,124.01258423153607,111.28750958566657,44568618.57457489,891372.3716155103,114.46074986295078,2.2892149975775036,39995381.0943698,799907.6219986834,102.71579998505075,2.0543159999868226,"[0.124,0.158]",0.148,"[0.015,0.025]",0.02,0.001,0.0,44,0.0445,0.002,0.9547795225290001,-6,0.9437795225290001,0.0025,0.0,17,0.043750000000000004,0.01,0.9541835225290001,-2,0.9391835225290001,0.044690810326059704,0.043941704325064286,0.5768495698528129,0.577691035177862,0.04441897744206713,0.04200659083230575,0.5771463809053432,0.5795471586465805
26,56,0.16,60.0,0.055,219387.8914,4387.757828,Meziani:1984is,1.130417902,0.168651058,0.0089,0.1689,0.10500000000000001,0.11390000000000002,1.0,0.0,0.0,219387.8914,4387.757828,1.0471975511965976,0.24999999999999994,0.7500000000000001,0.3333333333333333,0.00024500578673045115,0.05475499421326955,4.433234524286382,1.114344140625,0.0168,0.019237709999999998,0.022262709999999998,0.14920693683606,0.9667662525290001,0.9643285425290001,0.564494801618372,0.0014059946028457356,156037506.08712047,3120750.121742409,0.006243673077947682,0.005914669582425276,134.92376035065735,121.07907730818499,29600639.283089638,592012.7856617927,76.0201118438519,1.5204022368770376,26563283.46330029,531265.6692660059,68.21960027645915,1.3643920055291832,"[0.124,0.158]",0.148,"[0.015,0.025]",0.02,0.001,0.0,54,0.0545,0.002,0.9547795225290001,4,0.9637795225290001,0.0025,0.0,21,0.05375,0.01,0.9541835225290001,1,0.9691835225290001,0.054681294358914556,0.05394170432506428,0.5643156892233513,0.5670037019117105,0.054542956020550704,0.05799340916769429,0.5645120151040383,0.5621848022338459
26,56,0.16,140.0,0.015,6809.297312,136.1859462,Meziani:1984is,0.989823133,0.040385959,0.0089,0.1689,0.14500000000000002,0.1539,1.0,0.0,0.0,6809.297312,136.1859462,2.443460952792061,0.8830222215594888,0.11697777844051105,7.548632170413027,0.0008620397841027916,0.014137960215897208,4.433234524286382,1.114344140625,0.08194446216072057,0.0918120942030924,0.0920370942030924,0.3033761595826086,0.8265599503682795,0.8166923183259076,0.06197990121635276,-0.00014011684340539825,-48597278.86032051,-971945.5769209341,7.805828631158721e-05,7.394509064448759e-05,889.1544596398804,797.9172925351248,6054517.07197865,121090.34140400682,15.549159616808328,0.3109831922448258,5433256.075257743,108665.12147323816,13.953642371276167,0.27907284734355514,"[0.270,0.340]",0.3,"[0.070,0.100]",0.093,0.001,0.0,14,0.0145,0.01,0.8866835225290001,-7,0.821683522529,0.005,0.0,2,0.0125,0.008,0.8811835225290001,-9,0.8131835225290001,0.01536040790644222,0.013391425111548913,0.061969590474303976,0.0620102118361142,0.016548199245701722,0.01376321177311935,0.06194504607363467,0.06200391045988182
26,56,0.16,140.0,0.025,14807.05866,296.1411733,Meziani:1984is,0.769903075,0.032552042,0.0089,0.1689,0.135,0.1439,1.0,0.0,0.0,14807.05866,296.1411733,2.443460952792061,0.8830222215594888,0.11697777844051105,7.548632170413027,0.0008620397841027916,0.02413796021589721,4.433234524286382,1.114344140625,0.07629311994273984,0.0858463960742365,0.0864713960742365,0.29406019124362365,0.8509767525862603,0.8414234764547636,0.06170105178490519,-8.566097796374516e-05,-172856521.27701467,-3457130.426707686,7.80582863115872e-05,7.394509064448757e-05,893.703985053985,801.9999858865277,13233127.331370119,264662.5467167728,33.985205865110885,0.6797041175317381,11875260.836340988,237505.21680701975,30.497944599098144,0.6099588921879319,"[0.270,0.340]",0.3,"[0.070,0.100]",0.093,0.001,0.0,24,0.0245,0.01,0.8866835225290001,-5,0.841683522529,0.005,0.0,4,0.0225,0.008,0.8811835225290001,-5,0.8451835225290001,0.025356506624724773,0.023391425111548913,0.06170594488472593,0.06178145082517379,0.02696454720224184,0.030815817997533794,0.06165142739127539,0.06153308014042898
26,56,0.16,140.0,0.035,20145.59414,402.9118829,Meziani:1984is,0.769399001,0.034846329,0.0089,0.1689,0.125,0.1339,1.0,0.0,0.0,20145.59414,402.9118829,2.443460952792061,0.8830222215594888,0.11697777844051105,7.548632170413027,0.0008620397841027916,0.03413796021589721,4.433234524286382,1.114344140625,0.0706417777247591,0.07988069794538058,0.08110569794538058,0.284790621238447,0.875393554804241,0.8661546345836195,0.06124153819898273,-3.123145830747996e-05,-645041737.7780632,-12900834.758763164,7.80582863115872e-05,7.394509064448757e-05,901.2918455666262,808.8092472592177,18157059.72247681,363141.1945396654,46.63080745174072,0.9326161492662836,16293942.831963109,325878.8567201431,41.84596638663796,0.8369193279404771,"[0.270,0.340]",0.3,"[0.070,0.100]",0.093,0.001,0.0,34,0.0345,0.01,0.8866835225290001,-3,0.861683522529,0.005,0.0,6,0.0325,0.008,0.8811835225290001,-2,0.8691835225290001,0.03535069109255318,0.03339142511154891,0.06131266049962085,0.061431600379844915,0.03726968103912298,0.04360527266584463,0.06122228012541414,0.060953556609663534
26,56,0.16,140.0,0.045,23205.32334,464.1064668,Meziani:1984is,0.758446661,0.036586433,0.0089,0.1689,0.115,0.12390000000000001,1.0,0.0,0.0,23205.32334,464.1064668,2.443460952792061,0.8830222215594888,0.11697777844051105,7.548632170413027,0.0008620397841027916,0.04413796021589721,4.433234524286382,1.114344140625,0.06499043550677838,0.07391499981652469,0.07593999981652469,0.27557213178499146,0.8998103570222217,0.8908857927124754,0.060566145561204085,2.3139483320386886e-05,1002845353.9217578,20056907.07843516,7.805828631158718e-05,7.394509064448757e-05,912.6542497615669,819.0057420230058,21178436.963342275,423568.7392668456,54.39028296767246,1.0878056593534493,19005293.060960475,380105.86121920956,48.80923314871714,0.9761846629743429,"[0.270,0.340]",0.3,"[0.070,0.100]",0.093,0.001,0.0,44,0.0445,0.01,0.8866835225290001,0,0.8916835225290001,0.005,0.0,8,0.0425,0.008,0.8811835225290001,1,0.8931835225290001,0.04534296240923652,0.04339142511154891,0.060789485799188206,0.06096477938901793,0.05252643607624241,0.05639472733415546,0.06033284191187959,0.06019182167021917
26,56,0.16,140.0,0.055,22855.49357,457.1098713,Meziani:1984is,0.853186563,0.04462822,0.0089,0.1689,0.10500000000000001,0.11390000000000002,1.0,0.0,0.0,22855.49357,457.1098713,2.443460952792061,0.8830222215594888,0.11697777844051105,7.548632170413027,0.0008620397841027916,0.05413796021589721,4.433234524286382,1.114344140625,0.05933909328879766,0.06794930168766879,0.07097430168766879,0.2664100255014229,0.9242271592402025,0.9156169508413313,0.059632526420255454,7.741103963773601e-05,295248503.01659685,5904970.059040132,7.805828631158717e-05,7.394509064448755e-05,928.7862796648039,833.4824456867314,21227868.842783146,424557.3767627843,54.517233503024364,1.0903446698219572,19049652.678100962,380993.053478671,48.92315714286198,0.9784631426431853,"[0.223,0.270]",0.24,"[0.045,0.070]",0.056,0.0006,0.0,90,0.054299999999999994,0.018,0.919083522529,-1,0.910083522529,0.003,0.0,18,0.0555,0.01,0.918183522529,-1,0.913183522529,0.05482329918644524,0.05603677211017999,0.059072271167821024,0.05901856206520938,0.04543606396606914,0.04733553027743524,0.06002949255591215,0.05987546811025732
26,56,0.16,140.0,0.065,19647.87383,392.9574765,Meziani:1984is,0.982294582,0.055985702,0.0089,0.1689,0.095,0.1039,1.0,0.0,0.0,19647.87383,392.9574765,2.443460952792061,0.8830222215594888,0.11697777844051105,7.548632170413027,0.0008620397841027916,0.06413796021589721,4.433234524286382,1.114344140625,0.05368775107081692,0.061983603558812876,0.06620860355881288,0.25731032540264076,0.9486439614581832,0.9403481089701873,0.05838958487621362,0.00013153171582215716,149377461.60451302,2987549.2313299873,7.805828631158718e-05,7.394509064448757e-05,951.0665826911014,853.4765410599983,18686436.220644023,373728.72431777377,47.990347704007114,0.9598069538358901,16768999.395611662,335379.9878268856,43.06600264177892,0.8613200526163893,"[0.223,0.270]",0.24,"[0.045,0.070]",0.056,0.0006,0.0,106,0.0639,0.018,0.919083522529,1,0.9460835225290001,0.003,0.0,21,0.0645,0.01,0.918183522529,2,0.9431835225290001,0.06441233987772677,0.06503677211018,0.05790677553588,0.058012756297464906,0.06356706833875447,0.06332234861282378,0.058017171314682446,0.05821311092836772
26,56,0.16,140.0,0.075,14788.40129,295.7680257,Meziani:1984is,1.088691042,0.070325384,0.0089,0.1689,0.085,0.09390000000000001,1.0,0.0,0.0,14788.40129,295.7680257,2.443460952792061,0.8830222215594888,0.11697777844051105,7.548632170413027,0.0008620397841027916,0.0741379602158972,4.433234524286382,1.114344140625,0.04803640885283619,0.05601790542995697,0.06164290542995697,0.2482798933259739,0.9730607636761639,0.9650792670990431,0.056775452143896836,0.00018543669553631548,79749055.31631346,1594981.1057870016,7.80582863115872e-05,7.394509064448757e-05,981.4617780374235,880.7528502702521,14514250.624414328,290285.0123901404,37.27537588784491,0.74550751750484,13024926.587107774,260498.53165408017,33.4505064718502,0.6690101292108096,"[0.223,0.270]",0.24,"[0.045,0.070]",0.056,0.0006,0.0,123,0.0741,0.018,0.919083522529,2,0.9640835225290001,0.003,0.0,24,0.0735,0.01,0.918183522529,4,0.9631835225290001,0.0745987669574788,0.07403677211017999,0.056459320276561586,0.05689891139451589,0.07251061805531867,0.07398022750308281,0.05677370224664687,0.05690621734450794
26,56,0.1737,180.0,0.0061,0.0,0.0,Hotta:1984,#DIV/0!,#DIV/0!,0.0089,0.18259999999999998,0.1676,0.1765,1.0,0.0,0.0,0.0,0.0,3.141592653589793,1.0,3.749399456654644e-33,2.6670937881135714e+32,0.0011491555379643525,0.004950844462035648,4.433234524286382,1.1051008412190366,0.11644848,0.1289156,0.12895281,0.3591,0.7753546731290001,0.762887553129,1.874158774028683e-33,-0.00018245339270000593,-0.0,-0.0,1.655239911478962e-36,1.5745628292655845e-36,1251.9817906983399,1132.9118067788988,0.0,0.0,0.0,0.0,0.0,0.0,0.0,0.0,"[0.340,0.428]",0.38,"[0.100,0.145]",0.12,0.0036,0.0,1,0.0054,0.008,0.8322835225290001,-9,0.7642835225290001,0.005,0.0,0,0.0025,0.008,0.8541835225290001,-12,0.7621835225290001,0.006783664133536149,0.0036502259503856938,1.874102289838145e-33,1.8744915949421e-33,0.014975929991007164,0.0009737571048085617,1.8717879914586924e-33,1.8746849151467258e-33
26,56,0.1737,180.0,0.0161,2521.787089,50.43574178,Hotta:1984,1.526695103,0.033706256,0.0089,0.18259999999999998,0.1576,0.16649999999999998,1.0,0.0,0.0,2521.787089,50.43574178,3.141592653589793,1.0,3.749399456654644e-33,2.6670937881135714e+32,0.0011491555379643525,0.014950844462035647,4.433234524286382,1.1051008412190366,0.10950047999999998,0.12161159999999997,0.12187080999999997,0.34909999999999997,0.801068133129,0.7889570131290001,1.870712383723805e-33,-0.00014196207320901397,-17763808.5440406,-355276.17088081205,1.655239911478962e-36,1.5745628292655845e-36,1254.28830127842,1134.99895619916,3163048.0440476616,63260.96088095324,8.123313276323337,0.16246626552646676,2862225.713771518,57244.51427543036,7.35074390800618,0.14701487816012362,"[0.340,0.428]",0.38,"[0.100,0.145]",0.12,0.0036,0.0,4,0.0162,0.008,0.8322835225290001,-6,0.788283522529,0.005,0.0,2,0.0125,0.008,0.8541835225290001,-9,0.7861835225290001,0.017581142469495603,0.013650225950385694,1.8706868248868474e-33,1.8717933220157222e-33,0.027482415480027167,0.013763211773119394,1.8648941248922902e-33,1.8717450851494924e-33
26,56,0.1737,180.0,0.026,6419.903691,128.3980738,Hotta:1984,0.925247525,0.018847635,0.0089,0.18259999999999998,0.1477,0.1566,1.0,0.0,0.0,6419.903691,128.3980738,3.141592653589793,1.0,3.749399456654644e-33,2.6670937881135714e+32,0.0011491555379643525,0.024850844462035646,4.433234524286382,1.1051008412190366,0.10262196,0.11438063999999998,0.11505663999999997,0.33919999999999995,0.826524458529,0.8147657785290001,1.8636851791770142e-33,-0.00010187566691293205,-63017047.009731635,-1260340.9399983147,1.655239911478962e-36,1.5745628292655845e-36,1259.0177161775732,1139.2785791283543,8082772.483122793,161655.44963727548,20.758108036079825,0.41516216065692846,7314058.755223358,146281.17508168158,18.783903931501452,0.3756780785715113,"[0.270,0.340]",0.3,"[0.100,0.145]",0.12,0.001,0.0,24,0.0245,0.01,0.8866835225290001,-8,0.8116835225290001,0.005,0.0,4,0.0225,0.008,0.8541835225290001,-5,0.8181835225290001,0.025356506624724773,0.023650225950385694,1.8613070311885204e-33,1.8660020875314168e-33,0.011297177779925893,0.03081581799753378,1.8720412744293406e-33,1.8599808529444055e-33
26,56,0.1737,180.0,0.036,9858.154346,197.1630869,Hotta:1984,0.878460582,0.013288491,0.0089,0.18259999999999998,0.1377,0.14659999999999998,1.0,0.0,0.0,9858.154346,197.1630869,3.141592653589793,1.0,3.749399456654644e-33,2.6670937881135714e+32,0.0011491555379643525,0.034850844462035645,4.433234524286382,1.1051008412190366,0.09567395999999999,0.10707663999999997,0.10837263999999998,0.3292,0.8522379185290001,0.8408352385290001,1.8522806855881934e-33,-6.138434742194024e-05,-160597200.42696843,-3211944.008213553,1.6552399114789624e-36,1.574562829265585e-36,1266.7694892128784,1146.293118205851,12488009.145464137,249760.18288394736,32.07159963222725,0.6414319925794788,11300334.4850309,226006.68967769216,29.02142359863654,0.5804284719138528,"[0.270,0.340]",0.3,"[0.100,0.145]",0.12,0.001,0.0,34,0.0345,0.01,0.8866835225290001,-5,0.841683522529,0.005,0.0,6,0.0325,0.008,0.8541835225290001,-2,0.8421835225290001,0.03535069109255318,0.03365022595038569,1.8486690776557406e-33,1.857175149581751e-33,0.02696454720224184,0.043605272665844616,1.8595545123568247e-33,1.8454581395401605e-33
26,56,0.1737,180.0,0.0459,13120.59387,262.4118774,Hotta:1984,0.800268654,0.01257565,0.0089,0.18259999999999998,0.1278,0.1367,1.0,0.0,0.0,13120.59387,262.4118774,3.141592653589793,1.0,3.749399456654644e-33,2.6670937881135714e+32,0.0011491555379643525,0.04475084446203565,4.433234524286382,1.1051008412190366,0.08879543999999999,0.09984567999999998,0.10195248999999998,0.3193,0.8776942439290001,0.8666440039290001,1.8359597609696116e-33,-2.1297941125858322e-05,-616049870.3825406,-12320997.407650812,1.6552399114789624e-36,1.574562829265585e-36,1278.0305472066786,1156.4831909790996,16768519.763352694,335370.39526705386,43.0647708542617,0.8612954170852339,15173746.266318414,303474.92532636825,38.96908702626356,0.7793817405252711,"[0.270,0.340]",0.3,"[0.070,0.100]",0.093,0.001,0.0,44,0.0445,0.01,0.8866835225290001,-3,0.861683522529,0.005,0.0,8,0.0425,0.008,0.8811835225290001,-2,0.8691835225290001,0.04534296240923652,0.04339142511154891,1.8318735828133395e-33,1.837498953985147e-33,0.03726968103912298,0.04360527266584463,1.8457662558515164e-33,1.8371387392732123e-33
26,56,0.1737,180.0,0.0558,14291.11628,285.8223257,Hotta:1984,0.860674545,0.011335714,0.0089,0.18259999999999998,0.11789999999999999,0.1268,1.0,0.0,0.0,14291.11628,285.8223257,3.141592653589793,1.0,3.749399456654644e-33,2.6670937881135714e+32,0.0011491555379643525,0.05465084446203565,4.433234524286382,1.1051008412190366,0.08191691999999999,0.09261471999999998,0.09572835999999998,0.30939999999999995,0.9031505693290001,0.8924527693290001,1.813723649116218e-33,1.878846517022359e-05,760632449.2459823,15212648.990242062,1.655239911478962e-36,1.5745628292655845e-36,1293.699103005457,1170.66158557836,18488404.312382683,369768.0863770236,47.48176382949334,0.9496352769221135,16730060.844029514,334601.21699765645,42.96600098242275,0.8593200199491033,"[0.270,0.340]",0.3,"[0.070,0.100]",0.093,0.001,0.0,54,0.0545,0.01,0.8866835225290001,0,0.8916835225290001,0.005,0.0,10,0.0525,0.008,0.8811835225290001,1,0.8931835225290001,0.05533332167303939,0.05339142511154891,1.8109229333375956e-33,1.8189452564703352e-33,0.05252643607624241,0.05639472733415546,1.8172292149341435e-33,1.8127096340612423e-33
26,56,0.1737,180.0,0.0658,13777.59697,275.5519395,Hotta:1984,0.958077089,0.012846943,0.0089,0.18259999999999998,0.1079,0.1168,1.0,0.0,0.0,13777.59697,275.5519395,3.141592653589793,1.0,3.749399456654644e-33,2.6670937881135714e+32,0.0011491555379643525,0.06465084446203564,4.433234524286382,1.1051008412190366,0.07496892,0.08531071999999999,0.08964035999999999,0.2994,0.9288640293289999,0.918522229329,1.784151509514333e-33,5.927978466121526e-05,232416447.67671046,4648328.955221125,1.655239911478962e-36,1.5745628292655845e-36,1315.1420411600338,1190.0651887200636,18119497.0014061,362389.94015963614,46.534339188685806,0.9306867841114697,16396238.538212027,327924.770883247,42.108681355589034,0.8421736274174121,"[0.270,0.340]",0.3,"[0.070,0.100]",0.093,0.001,0.0,64,0.0645,0.01,0.8866835225290001,3,0.9216835225290001,0.005,0.0,12,0.0625,0.008,0.8811835225290001,4,0.9171835225290002,0.06532176998117478,0.06339142511154891,1.785819513622172e-33,1.797050290968541e-33,0.06755179713367576,0.06918418200246629,1.7796473425864103e-33,1.782936929209975e-33
26,56,0.1737,180.0,0.0757,11877.00023,237.5400045,Hotta:1984,1.119811379,0.015828913,0.0089,0.18259999999999998,0.09799999999999999,0.1069,1.0,0.0,0.0,11877.00023,237.5400045,3.141592653589793,1.0,3.749399456654644e-33,2.6670937881135714e+32,0.0011491555379643525,0.07455084446203565,4.433234524286382,1.1051008412190366,0.0680904,0.07807975999999998,0.08381024999999999,0.2895,0.954320354729,0.9443309947290001,1.7465179361696508e-33,9.936619095729733e-05,119527578.90361467,2390551.577065915,1.655239911478962e-36,1.5745628292655845e-36,1343.480424316417,1215.708444158294,15956517.308606582,319130.3460377836,40.9793930069479,0.8195878597939266,14438969.470881,288779.3892960492,37.082039465053285,0.7416407889888486,"[0.270,0.340]",0.3,"[0.070,0.100]",0.093,0.001,0.0,74,0.0745,0.01,0.8866835225290001,5,0.9416835225290001,0.005,0.0,14,0.0725,0.008,0.8811835225290001,7,0.9411835225290002,0.07530830842980407,0.0733914251115489,1.7565657057811758e-33,1.7720665627873566e-33,0.0774452298890772,0.08197363667077713,1.749766329965608e-33,1.7483718338138164e-33
26,56,0.1737,180.0,0.0857,9155.705479,183.1141096,Hotta:1984,1.365268906,0.021079752,0.0089,0.18259999999999998,0.088,0.0969,1.0,0.0,0.0,9155.705479,183.1141096,3.141592653589793,1.0,3.749399456654644e-33,2.6670937881135714e+32,0.0011491555379643525,0.08455084446203565,4.433234524286382,1.1051008412190366,0.06114239999999999,0.07077576,0.07812024999999999,0.27949999999999997,0.980033814729,0.970400454729,1.6984494806936707e-33,0.00013985751044828915,65464524.92721316,1309290.498687266,1.6552399114789624e-36,1.574562829265585e-36,1381.5027674553662,1250.114664587017,12648632.45724476,252972.64917252524,32.48411106515662,0.6496822213740916,11445681.683937598,228913.63370375425,29.394703047482434,0.5878940610138593,"[0.270,0.340]",0.3,"[0.070,0.100]",0.093,0.001,0.0,84,0.0845,0.01,0.8866835225290001,8,0.971683522529,0.005,0.0,16,0.0825,0.008,0.8811835225290001,11,0.9731835225290001,0.08529293811404415,0.08339142511154891,1.7231638896521955e-33,1.7442708481826252e-33,0.09210728054160666,0.09902624289519152,1.6979832179239642e-33,1.6958809895890716e-33
26,56,0.1737,180.0,0.0956,7516.254946,150.3250989,Hotta:1984,1.306501718,0.024746367,0.0089,0.18259999999999998,0.07809999999999999,0.087,1.0,0.0,0.0,7516.254946,150.3250989,3.141592653589793,1.0,3.749399456654644e-33,2.6670937881135714e+32,0.0011491555379643525,0.09445084446203565,4.433234524286382,1.1051008412190366,0.054263879999999994,0.06354479999999998,0.07268415999999998,0.26959999999999995,1.0054901401290002,0.9962092201290002,1.6389735988778573e-33,0.00017994391674437126,41769986.34901123,835399.7268690788,1.6552399114789618e-36,1.5745628292655842e-36,1431.6354208316318,1295.4794417244266,10760536.812694544,215210.73622525818,27.635119774870695,0.5527023954238797,9737153.76130254,194743.0752001412,25.00687606425708,0.5001375212186008,"[0.223,0.270]",0.24,"[0.045,0.070]",0.056,0.0006,0.0,157,0.09449999999999999,0.018,0.919083522529,4,1.0000835225290001,0.003,0.0,31,0.0945,0.01,0.918183522529,7,0.993183522529,0.09496566439988641,0.09503677211018,1.5811765137498683e-33,1.6143314687008038e-33,0.09016441789619856,0.08996704583847129,1.6101059673546135e-33,1.6379547417172164e-33
26,56,0.1737,180.0,0.1055,5194.63839,103.8927678,Hotta:1984,1.541974513,0.035613644,0.0089,0.18259999999999998,0.0682,0.0771,1.0,0.0,0.0,5194.63839,103.8927678,3.141592653589793,1.0,3.749399456654644e-33,2.6670937881135714e+32,0.0011491555379643525,0.10435084446203564,4.433234524286382,1.1051008412190366,0.047385359999999994,0.05631384,0.06744409,0.2597,1.030946465529,1.022017985529,1.5653193711868345e-33,0.00022003032304045283,23608738.64210507,472174.7728421014,1.655239911478962e-36,1.5745628292655845e-36,1498.9993103978338,1356.4366748144791,7786759.364376114,155735.18728752228,19.99788964420119,0.3999577928840238,7046198.024595239,140923.96049190479,18.0959862650557,0.361919725301114,"[0.223,0.270]",0.24,"[0.045,0.070]",0.056,0.0006,0.0,173,0.10409999999999998,0.018,0.919083522529,5,1.0180835225290001,0.003,0.0,34,0.10350000000000001,0.01,0.918183522529,10,1.023183522529,0.10454734063893056,0.10403677211018,1.5189576701388055e-33,1.5710483468524333e-33,0.09887863911985406,0.10595386417385984,1.556489456844816e-33,1.5616404239905392e-33
26,56,0.1737,180.0,0.1155,3533.665501,70.67331002,Hotta:1984,1.955476544,0.054617507,0.0089,0.18259999999999998,0.05819999999999999,0.06709999999999999,1.0,0.0,0.0,3533.665501,70.67331002,3.141592653589793,1.0,3.749399456654644e-33,2.6670937881135714e+32,0.0011491555379643525,0.11435084446203565,4.433234524286382,1.1051008412190366,0.04043735999999999,0.04900983999999999,0.06235009,0.2497,1.056659925529,1.048087445529,1.4735942439436016e-33,0.00026052164253144466,13563807.853597002,271276.1570719401,1.655239911478962e-36,1.5745628292655845e-36,1592.3057976136063,1440.86922950591,5626676.064069488,112533.52128138978,14.450381953204909,0.28900763906409827,5091549.887757485,101830.99775514971,13.076075426080298,0.261521508521606,"[0.223,0.270]",0.24,"[0.045,0.070]",0.056,0.0006,0.0,190,0.11429999999999998,0.018,0.919083522529,7,1.054083522529,0.003,0.0,38,0.1155,0.01,0.918183522529,12,1.043183522529,0.1147259474275728,0.11603677211018,1.4463164217128653e-33,1.5113206846085355e-33,0.11609103700477197,0.11661174306411887,1.4360613631094103e-33,1.5084159651494667e-33
26,56,0.1737,180.0,0.1254,2652.393594,53.04787189,Hotta:1984,2.507169379,0.105188009,0.0089,0.18259999999999998,0.04829999999999998,0.05719999999999998,1.0,0.0,0.0,2652.393594,53.04787189,3.141592653589793,1.0,3.749399456654644e-33,2.6670937881135714e+32,0.0011491555379643525,0.12425084446203566,4.433234524286382,1.1051008412190366,0.033558839999999986,0.041778879999999984,0.057504039999999985,0.23979999999999996,1.082116250929,1.073896210929,1.3620409102703006e-33,0.00030060804882752666,8823428.395697435,176468.56794721464,1.6552399114789618e-36,1.5745628292655842e-36,1722.7181946361545,1558.8787288731264,4569326.703720181,91386.53409163082,11.734906254756085,0.23469812513936442,4134759.9542859434,82695.19910130766,10.618855598563577,0.21237711201130655,"[0.223,0.270]",0.24,"[0.035,0.045]",0.04,0.0006,0.0,207,0.12449999999999999,0.018,0.919083522529,8,1.072083522529,0.005,0.0,24,0.1225,0.008,0.934183522529,17,1.0741835225290002,0.12490257282637884,0.12288340865012856,1.3669473086070799e-33,1.3609353382439503e-33,0.12459271236868863,0.1246051522318132,1.3694634655948711e-33,1.3504914736381855e-33
26,56,0.1737,180.0,0.1353,2367.536269,47.35072537,Hotta:1984,3.624020512,0.108974043,0.0089,0.18259999999999998,0.03839999999999999,0.04729999999999999,1.0,0.0,0.0,2367.536269,47.35072537,3.141592653589793,1.0,3.749399456654644e-33,2.6670937881135714e+32,0.0011491555379643525,0.13415084446203565,4.433234524286382,1.1051008412190366,0.026680319999999993,0.03454791999999999,0.05285400999999999,0.2299,1.1075725763289999,1.0997049763289999,1.2253938014972571e-33,0.0003406944551236084,6949148.227672291,138982.964524094,1.655239911478962e-36,1.5745628292655845e-36,1914.8233450295352,1732.713679701206,4533413.718085325,90668.27434255827,11.642674828316316,0.23285349651715,4102262.4804850547,82045.24959237395,10.53539586077347,0.21070791717096995,"[0.223,0.270]",0.24,"[0.025,0.035]",0.026,0.0006,0.0,223,0.1341,0.018,0.919083522529,10,1.108083522529,0.005,0.0,26,0.1325,0.01,0.9481835225290001,15,1.103183522529,0.13447876424829275,0.13274921562258357,1.286104614806622e-33,1.1173673172003468e-33,0.14139524651325186,0.13259856139950743,1.2240026573229782e-33,1.1183922179245308e-33
26,56,0.1922,180.0,0.0064,0.0,0.0,Hotta:1984,#DIV/0!,#DIV/0!,0.0089,0.2011,0.18580000000000002,0.1947,1.0,0.0,0.0,0.0,0.0,3.141592653589793,1.0,3.749399456654644e-33,2.6670937881135714e+32,0.0014059829111877642,0.004994017088812236,4.433234524286382,1.094756101918635,0.14284304000000003,0.15661668,0.15665764000000001,0.39580000000000004,0.749523076929,0.7357494369290001,1.8742095658247317e-33,-0.00018431203924743156,-0.0,-0.0,1.3519287997991023e-36,1.292097042871146e-36,1518.479165386944,1387.0479120652585,0.0,0.0,0.0,0.0,0.0,0.0,0.0,0.0,"[0.340,0.428]",0.38,"[0.145,0.206]",0.16,0.0036,0.0,1,0.0054,0.008,0.8322835225290001,-13,0.7322835225290001,0.005,0.0,0,0.0025,0.03,0.8141835225290001,-3,0.7391835225290001,0.006783664133536149,0.0040336346005142585,1.874102289838145e-33,1.8745091117440996e-33,-0.0019592050952148554,0.010032954161528721,1.8746498944904352e-33,1.873521047417031e-33
26,56,0.1922,180.0,0.0163,1119.072986,22.38145972,Hotta:1984,2.689726263,0.067019757,0.0089,0.2011,0.1759,0.1848,1.0,0.0,0.0,1119.072986,22.38145972,3.141592653589793,1.0,3.749399456654644e-33,2.6670937881135714e+32,0.0014059829111877642,0.014894017088812234,4.433234524286382,1.094756101918635,0.13523192,0.14865312,0.14891881,0.3859,0.7757120023290001,0.762290802329,1.871355026802919e-33,-0.00015048310680150338,-7436535.633704899,-148730.71267409797,1.3519287997991026e-36,1.2920970428711464e-36,1520.7954324604416,1389.1636957265125,1701881.0856986674,34037.62171397335,4.370756632734613,0.08741513265469227,1554575.5650194637,31091.511300389273,3.9924478384496447,0.0798489567689929,"[0.340,0.428]",0.38,"[0.145,0.206]",0.16,0.0036,0.0,4,0.0162,0.008,0.8322835225290001,-9,0.7642835225290001,0.005,0.0,2,0.0125,0.03,0.8141835225290001,-2,0.769183522529,0.017581142469495603,0.01403363460051426,1.8706868248868474e-33,1.8723950101808268e-33,0.014975929991007164,0.026019772496917202,1.8717879914586924e-33,1.866800495497626e-33
26,56,0.1922,180.0,0.0262,3621.807764,72.43615528,Hotta:1984,1.26456187,0.027058311,0.0089,0.2011,0.166,0.1749,1.0,0.0,0.0,3621.807764,72.43615528,3.141592653589793,1.0,3.749399456654644e-33,2.6670937881135714e+32,0.0014059829111877642,0.024794017088812237,4.433234524286382,1.094756101918635,0.1276208,0.14068956,0.141376,0.376,0.801900927729,0.788832167729,1.8655972718883718e-33,-0.00011665417435557525,-31047391.008574765,-620947.8201714952,1.351928799799103e-36,1.2920970428711466e-36,1525.4890324711264,1393.451043385465,5525028.021700774,110500.56043401547,14.189330309161779,0.28378660618323553,5046811.8076873785,100936.23615374755,12.961179466635542,0.2592235893327108,"[0.340,0.428]",0.38,"[0.100,0.145]",0.12,0.0036,0.0,6,0.0234,0.008,0.8322835225290001,-6,0.788283522529,0.005,0.0,4,0.0225,0.008,0.8541835225290001,-9,0.7861835225290001,0.02477822028566834,0.023650225950385694,1.8667288763804504e-33,1.8660020875314168e-33,0.027482415480027167,0.013763211773119394,1.8648941248922902e-33,1.8717450851494924e-33
26,56,0.1922,180.0,0.0362,6247.815241,124.9563048,Hotta:1984,1.061170944,0.020487162,0.0089,0.2011,0.156,0.1649,1.0,0.0,0.0,6247.815241,124.9563048,3.141592653589793,1.0,3.749399456654644e-33,2.6670937881135714e+32,0.0014059829111877642,0.03479401708881224,4.433234524286382,1.094756101918635,0.1199328,0.13264556,0.133956,0.366,0.828354387729,0.815641627729,1.8563602622937794e-33,-8.24835355213044e-05,-75746210.4590106,-1514924.2089377395,1.3519287997991026e-36,1.2920970428711464e-36,1533.0796694372352,1400.384676322341,9578398.5243772,191567.9704568824,24.599162205396066,0.4919832440291764,8749344.723989574,174986.89445178377,22.469993236196036,0.44939986465199155,"[0.340,0.428]",0.38,"[0.100,0.145]",0.12,0.0036,0.0,9,0.0342,0.008,0.8322835225290001,-3,0.812283522529,0.005,0.0,6,0.0325,0.008,0.8541835225290001,-5,0.8181835225290001,0.03557197642494714,0.03365022595038569,1.8582718864174217e-33,1.857175149581751e-33,0.03982900006389922,0.03081581799753378,1.8541046556079495e-33,1.8599808529444055e-33
26,56,0.1922,180.0,0.0461,9328.721619,186.5744324,Hotta:1984,0.939035417,0.016186569,0.0089,0.2011,0.1461,0.155,1.0,0.0,0.0,9328.721619,186.5744324,3.141592653589793,1.0,3.749399456654644e-33,2.6670937881135714e+32,0.0014059829111877642,0.04469401708881224,4.433234524286382,1.094756101918635,0.11232168000000001,0.124682,0.12680721,0.3561,0.8545433131290001,0.8421829931290001,1.8432809264339712e-33,-4.8654603075375966e-05,-191733587.9720958,-3834671.7598529765,1.3519287997991026e-36,1.2920970428711464e-36,1543.9579157256098,1410.3213610956066,14403153.587255677,288063.0717759927,36.99005741517442,0.739801148382792,13156495.37099009,263129.90744800825,33.78840031158247,0.675768006304089,"[0.340,0.428]",0.38,"[0.100,0.145]",0.12,0.0036,0.0,12,0.045,0.008,0.8322835225290001,1,0.8442835225290001,0.005,0.0,8,0.0425,0.008,0.8541835225290001,-2,0.8421835225290001,0.04636350109308296,0.043650225950385695,1.846792482954989e-33,1.8453987601552753e-33,0.056052662209821524,0.043605272665844616,1.833909417799865e-33,1.8454581395401605e-33
26,56,0.1922,180.0,0.0561,11601.64328,232.0328657,Hotta:1984,0.870566329,0.012584424,0.0089,0.2011,0.1361,0.145,1.0,0.0,0.0,11601.64328,232.0328657,3.141592653589793,1.0,3.749399456654644e-33,2.6670937881135714e+32,0.0014059829111877642,0.05469401708881223,4.433234524286382,1.094756101918635,0.10463368,0.11663799999999999,0.11978520999999999,0.34609999999999996,0.880996773129,0.868992453129,1.825444284086843e-33,-1.4483964241105249e-05,-800999166.172665,-16019983.330357486,1.3519287997991021e-36,1.292097042871146e-36,1559.0441198797896,1424.1017859114538,18087473.736626875,361749.4748884419,46.45209731050067,0.9290419466104057,16521920.914555617,330438.4184335225,42.43145777318819,0.8486291558295005,"[0.340,0.428]",0.38,"[0.100,0.145]",0.12,0.0036,0.0,15,0.055799999999999995,0.008,0.8322835225290001,4,0.8682835225290001,0.005,0.0,10,0.0525,0.008,0.8541835225290001,1,0.8661835225290001,0.05715279567350251,0.05365022595038569,1.832292539754517e-33,1.830786085257106e-33,0.06804877882077054,0.056394727334155445,1.8145816354484125e-33,1.8262972910023514e-33
26,56,0.1922,180.0,0.066,12517.19412,250.3438823,Hotta:1984,0.886780208,0.014140549,0.0089,0.2011,0.1262,0.1351,1.0,0.0,0.0,12517.19412,250.3438823,3.141592653589793,1.0,3.749399456654644e-33,2.6670937881135714e+32,0.0014059829111877642,0.06459401708881224,4.433234524286382,1.094756101918635,0.09702256000000001,0.10867444,0.11303044,0.3362,0.907185698529,0.8955338185289999,1.8024520044699805e-33,1.934496820482291e-05,647051677.08052,12941033.536441097,1.3519287997991026e-36,1.2920970428711464e-36,1578.9314612627534,1442.267787770781,19763791.602801144,395275.8318981297,50.757202698721656,1.0151440535689333,18053145.87254983,361062.91730676976,46.36393677986009,0.9272787352267997,"[0.270,0.340]",0.3,"[0.100,0.145]",0.12,0.001,0.0,64,0.0645,0.01,0.8866835225290001,0,0.8916835225290001,0.005,0.0,12,0.0625,0.008,0.8541835225290001,5,0.8981835225290001,0.06532176998117478,0.06365022595038569,1.785819513622172e-33,1.8134745418561734e-33,0.05252643607624241,0.07344733355856989,1.8172292149341435e-33,1.7940495636669015e-33
26,56,0.1922,180.0,0.0759,12162.82137,243.2564275,Hotta:1984,1.019500297,0.017759037,0.0089,0.2011,0.11630000000000001,0.1252,1.0,0.0,0.0,12162.82137,243.2564275,3.141592653589793,1.0,3.749399456654644e-33,2.6670937881135714e+32,0.0014059829111877642,0.07449401708881223,4.433234524286382,1.094756101918635,0.08941144000000002,0.10071088,0.10647169000000001,0.32630000000000003,0.9333746239290001,0.922075183929,1.7732662961920254e-33,5.317390065075121e-05,228736677.60215688,4574733.55392376,1.3519287997991023e-36,1.292097042871146e-36,1604.918665281833,1466.0056815112548,19520339.039201755,390406.78094452695,50.131969880724014,1.0026393980266541,17830765.231626503,356615.3047791307,45.792820695736985,0.9158564142912382,"[0.270,0.340]",0.3,"[0.100,0.145]",0.12,0.001,0.0,74,0.0745,0.01,0.8866835225290001,3,0.9216835225290001,0.005,0.0,14,0.0725,0.008,0.8541835225290001,8,0.922183522529,0.07530830842980407,0.07365022595038569,1.7565657057811758e-33,1.7936226659941128e-33,0.06755179713367576,0.08623678822688066,1.7796473425864103e-33,1.7652985344347353e-33
26,56,0.1922,180.0,0.0859,10828.65011,216.5730021,Hotta:1984,1.089701845,0.015791442,0.0089,0.2011,0.1063,0.11520000000000001,1.0,0.0,0.0,10828.65011,216.5730021,3.141592653589793,1.0,3.749399456654644e-33,2.6670937881135714e+32,0.0014059829111877642,0.08449401708881224,4.433234524286382,1.094756101918635,0.08172344000000001,0.09266688000000001,0.10004569,0.3163,0.9598280839290001,0.9488846439290001,1.7364323716587944e-33,8.73445394850222e-05,123976268.85258113,2479525.375906731,1.3519287997991024e-36,1.2920970428711461e-36,1638.9628664634156,1497.1032027965143,17747755.42421498,354955.1083204033,45.5796356093201,0.911592711765485,16211606.761643827,324232.13508316624,41.63451158613199,0.8326902313381551,"[0.270,0.340]",0.3,"[0.070,0.100]",0.093,0.001,0.0,84,0.0845,0.01,0.8866835225290001,6,0.9516835225290001,0.005,0.0,16,0.0825,0.008,0.8811835225290001,8,0.9491835225290002,0.08529293811404415,0.08339142511154891,1.7231638896521955e-33,1.7442708481826252e-33,0.08235598377863063,0.08623678822688075,1.7334201058247383e-33,1.7358886695631264e-33
26,56,0.1922,180.0,0.0958,8037.535454,160.7507091,Hotta:1984,1.393461972,0.017542691,0.0089,0.2011,0.09640000000000001,0.10530000000000002,1.0,0.0,0.0,8037.535454,160.7507091,3.141592653589793,1.0,3.749399456654644e-33,2.6670937881135714e+32,0.0014059829111877642,0.09439401708881223,4.433234524286382,1.094756101918635,0.07411232000000001,0.08470332000000001,0.09388096000000001,0.3064,0.9860170093289999,0.9754260093289999,1.6914323308200322e-33,0.00012117347193095021,66330817.51243481,1326616.3504137488,1.351928799799103e-36,1.2920970428711466e-36,1682.5669732196773,1536.9331765046695,13523691.700982625,270473.8340533038,34.73143082547517,0.6946286165959265,12353154.89658512,247063.09796244107,31.72526808903459,0.6345053618596346,"[0.270,0.340]",0.3,"[0.070,0.100]",0.093,0.001,0.0,94,0.0945,0.01,0.8866835225290001,8,0.971683522529,0.005,0.0,18,0.0925,0.008,0.8811835225290001,11,0.9731835225290001,0.0952756601279674,0.09339142511154891,1.6856164427993436e-33,1.7139571207137964e-33,0.09210728054160666,0.09902624289519152,1.6979832179239642e-33,1.6958809895890716e-33
26,56,0.1922,180.0,0.1058,6873.992748,137.479855,Hotta:1984,1.386384936,0.025458275,0.0089,0.2011,0.0864,0.09530000000000001,1.0,0.0,0.0,6873.992748,137.479855,3.141592653589793,1.0,3.749399456654644e-33,2.6670937881135714e+32,0.0014059829111877642,0.10439401708881224,4.433234524286382,1.094756101918635,0.06642432000000001,0.07665932,0.08785296000000001,0.2964,1.0124704693289999,1.0022354693289999,1.6358379544383846e-33,0.00015534411076522107,44250102.00991134,885002.0404557197,1.3519287997991024e-36,1.2920970428711461e-36,1739.7494474022244,1589.166248402904,11959025.084779898,239180.50176518792,30.71306723459068,0.614261344870534,10923917.26688793,218478.3454013252,28.0547120776618,0.5610942417164873,"[0.270,0.340]",0.3,"[0.070,0.100]",0.093,0.001,0.0,104,0.1045,0.01,0.8866835225290001,11,1.0016835225290002,0.005,0.0,20,0.10250000000000001,0.008,0.8811835225290001,15,1.0051835225290002,0.10525647556459461,0.10339142511154892,1.6439257405163298e-33,1.681429580844476e-33,0.10656360087546723,0.11607884911960602,1.6381584271186753e-33,1.6374568888758174e-33
26,56,0.1922,180.0,0.1157,4984.682884,99.69365769,Hotta:1984,1.586861227,0.034505706,0.0089,0.2011,0.07650000000000001,0.08540000000000002,1.0,0.0,0.0,4984.682884,99.69365769,3.141592653589793,1.0,3.749399456654644e-33,2.6670937881135714e+32,0.0014059829111877642,0.11429401708881223,4.433234524286382,1.094756101918635,0.05881320000000001,0.06869576000000001,0.08208225000000001,0.28650000000000003,1.0386593947290002,1.028776834729,1.5689618962594093e-33,0.00018917304321114956,26349858.3063774,526997.1661804096,1.3519287997991026e-36,1.2920970428711464e-36,1813.9052223376755,1656.903504953005,9041742.314984825,180834.84631783556,23.220926260234823,0.4644185252512811,8259138.5415788535,165182.7708481461,21.211049858081232,0.42422099720417705,"[0.270,0.340]",0.3,"[0.045,0.070]",0.056,0.001,0.0,114,0.1145,0.01,0.8866835225290001,14,1.031683522529,0.003,0.0,38,0.1155,0.01,0.918183522529,11,1.033183522529,0.11523538551590917,0.11603677211018,1.5980941558294474e-33,1.5113206846085355e-33,0.1208226153855988,0.11128280361898935,1.570621257978067e-33,1.5352040836908684e-33
26,56,0.1922,180.0,0.1256,3538.47041,70.76940821,Hotta:1984,1.695647922,0.053695518,0.0089,0.2011,0.06660000000000002,0.07550000000000003,1.0,0.0,0.0,3538.47041,70.76940821,3.141592653589793,1.0,3.749399456654644e-33,2.6670937881135714e+32,0.0014059829111877642,0.12419401708881223,4.433234524286382,1.094756101918635,0.05120208000000002,0.06073220000000002,0.07650756000000002,0.2766,1.0648483201290002,1.055318200129,1.4881488684349703e-33,0.00022300197565707766,15867439.737131745,317348.7947874775,1.3519287997991024e-36,1.2920970428711461e-36,1912.4082527218807,1746.8806516540574,6767000.014096176,135340.0003010476,17.378952292183197,0.3475790458927782,6181285.495679399,123625.70993105679,15.874725212059008,0.3174945042860434,"[0.270,0.340]",0.3,"[0.045,0.070]",0.056,0.001,0.0,124,0.1245,0.01,0.8866835225290001,16,1.051683522529,0.003,0.0,41,0.1245,0.01,0.918183522529,13,1.053183522529,0.12521239107284998,0.12503677211018,1.5481240595006372e-33,1.4655456893926082e-33,0.13022291600950908,0.12194068250924837,1.5214644759172861e-33,1.4813585572113354e-33
26,56,0.1922,180.0,0.1356,2647.418944,52.94837888,Hotta:1984,2.122822311,0.07743391,0.0089,0.2011,0.05660000000000001,0.06550000000000002,1.0,0.0,0.0,2647.418944,52.94837888,3.141592653589793,1.0,3.749399456654644e-33,2.6670937881135714e+32,0.0014059829111877642,0.13419401708881223,4.433234524286382,1.094756101918635,0.04351408000000001,0.05268820000000001,0.07107556000000001,0.2666,1.0913017801290001,1.0821276601290002,1.3897119379158687e-33,0.0002571726144913488,10294326.824946823,205886.53649893645,1.3519287997991024e-36,1.2920970428711461e-36,2047.8691300168239,1870.6167761273887,5421567.529639338,108431.35059278677,13.923623947123053,0.2784724789424611,4952306.290083855,99046.12580167712,12.718471194379232,0.25436942388758466,"[0.223,0.270]",0.24,"[0.045,0.070]",0.056,0.0006,0.0,223,0.1341,0.018,0.919083522529,9,1.090083522529,0.003,0.0,44,0.1335,0.01,0.918183522529,16,1.083183522529,0.13447876424829275,0.13403677211018,1.286104614806622e-33,1.4193465751569793e-33,0.13302692183748432,0.13792750084463692,1.2987450413607587e-33,1.3993280963205505e-33
26,56,0.1922,180.0,0.1455,2272.137939,45.44275878,Hotta:1984,1.874886171,0.095944879,0.0089,0.2011,0.04670000000000002,0.05560000000000002,1.0,0.0,0.0,2272.137939,45.44275878,3.141592653589793,1.0,3.749399456654644e-33,2.6670937881135714e+32,0.0014059829111877642,0.14409401708881223,4.433234524286382,1.094756101918635,0.03590296000000002,0.04472464000000002,0.06589489000000001,0.25670000000000004,1.117490705529,1.108669025529,1.2724092939154659e-33,0.00029100154693727665,7807992.647852637,156159.85295705273,1.3519287997991024e-36,1.2920970428711461e-36,2236.6609477648476,2043.067806468442,5082002.196096208,101640.04392192415,13.05155512498141,0.2610311024996282,4642131.875026457,92842.63750052913,11.921883880900657,0.23843767761801313,"[0.223,0.270]",0.24,"[0.035,0.045]",0.04,0.0006,0.0,240,0.14429999999999998,0.018,0.919083522529,10,1.108083522529,0.005,0.0,28,0.14250000000000002,0.008,0.934183522529,21,1.106183522529,0.14465154672063818,0.14288340865012858,1.1936867372548722e-33,1.2412010168100215e-33,0.14139524651325186,0.14165775845622752,1.2240026573229782e-33,1.2484074174335002e-33
26,56,0.2,60.0,0.015,290401.8443,5808.036885,Meziani:1984is,1.253435566,0.043043804,0.0089,0.2089,0.185,0.1939,1.0,0.0,0.0,290401.8443,5808.036885,1.0471975511965976,0.24999999999999994,0.7500000000000001,0.3333333333333333,0.00038267504551536824,0.014617324954484631,4.433234524286382,1.0909802499999999,0.03699999999999999,0.04050570999999999,0.040730709999999996,0.20181850757549466,0.871504412529,0.867998702529,0.5986698101843766,-0.00014522839336714445,-1999621682.557969,-39992433.64427368,0.003995950769886517,0.003825706816550041,165.2705911974074,151.48816048448853,47994884.49227846,959897.6896802987,123.26005705965049,2.465201140768564,43992441.19430985,879848.823734709,112.9810159804914,2.2596203192207778,"[0.186,0.223]",0.205,"[0.035,0.045]",0.04,0.0006,0.0,24,0.0147,0.014,0.9346585225290001,-5,0.8716585225290001,0.005,0.0,2,0.0125,0.008,0.934183522529,-9,0.866183522529,0.015100633004642816,0.012883408650128565,0.598693498146524,0.5990057569559839,0.01759494199251188,0.013763211773119318,0.5982241633237988,0.5988655928721565
26,56,0.2,60.0,0.025,407604.4988,8152.089977,Meziani:1984is,0.826781846,0.029194967,0.0089,0.2089,0.17500000000000002,0.1839,1.0,0.0,0.0,407604.4988,8152.089977,1.0471975511965976,0.24999999999999994,0.7500000000000001,0.3333333333333333,0.00038267504551536824,0.024617324954484633,4.433234524286382,1.0909802499999999,0.034999999999999996,0.03841670999999999,0.03904170999999999,0.1975897517585363,0.892269872529,0.888853162529,0.5961206940026705,9.922771522330374e-05,4107768660.0232596,82155373.21054302,0.003995950769886517,0.003825706816550041,168.0924789171459,154.07472217498523,68515250.62107283,1370305.012589549,175.96028806712465,3.5192057617741863,62801549.9098841,1256030.9983517567,161.28641015006886,3.2257282033970704,"[0.186,0.223]",0.205,"[0.035,0.045]",0.04,0.0006,0.0,41,0.0249,0.014,0.9346585225290001,-4,0.885658522529,0.005,0.0,4,0.0225,0.008,0.934183522529,-6,0.890183522529,0.025296684919716483,0.022883408650128563,0.5963117799215489,0.5968744645300308,0.024890289649787234,0.026552666441430152,0.5964303807544327,0.5957993518508347
26,56,0.2,60.0,0.035,394404.4153,7888.088306,Meziani:1984is,0.829098223,0.032453998,0.0089,0.2089,0.165,0.1739,1.0,0.0,0.0,394404.4153,7888.088306,1.0471975511965976,0.24999999999999994,0.7500000000000001,0.3333333333333333,0.00038267504551536824,0.034617324954484635,4.433234524286382,1.0909802499999999,0.032999999999999995,0.03632770999999999,0.03755270999999999,0.19378521615438055,0.913035332529,0.9097076225290001,0.5920147124848341,0.0003393175794156184,1162345953.2490287,23246919.064980574,0.003995950769886517,0.003825706816550041,172.71727690331582,158.31384381460236,68120456.60926047,1362409.1321852093,174.94638141983125,3.498927628396625,62439679.003593765,1248793.5800718754,160.35705634435755,3.207141126887151,"[0.186,0.223]",0.205,"[0.035,0.045]",0.04,0.0006,0.0,57,0.034499999999999996,0.014,0.9346585225290001,-2,0.913658522529,0.005,0.0,6,0.0325,0.008,0.934183522529,-4,0.906183522529,0.03489114974428986,0.032883408650128565,0.5929246339770656,0.5935814931197486,0.03931767228007044,0.035078969553637374,0.590972412090363,0.5927065438358589
26,56,0.2,60.0,0.045,330095.3351,6601.906702,Meziani:1984is,0.887622359,0.038776676,0.0089,0.2089,0.15500000000000003,0.16390000000000002,1.0,0.0,0.0,330095.3351,6601.906702,1.0471975511965976,0.24999999999999994,0.7500000000000001,0.3333333333333333,0.00038267504551536824,0.04461732495448463,4.433234524286382,1.0909802499999999,0.031,0.03423871,0.03626371,0.19043032846687,0.9338007925290001,0.9305620825290001,0.5861335838037977,0.0005721583833980747,576929998.1930681,11538599.963861363,0.003995950769886517,0.003825706816550041,179.51595112825984,164.54555536478307,59257378.04347816,1185147.5608695631,152.18429789157003,3.0436859578314,54315720.237353675,1086314.4047470735,139.49317404377396,2.7898634808754794,"[0.186,0.223]",0.205,"[0.025,0.035]",0.026,0.0006,0.0,74,0.0447,0.014,0.9346585225290001,-1,0.927658522529,0.005,0.0,8,0.0425,0.01,0.9481835225290001,-2,0.933183522529,0.04508333669154041,0.04274921562258357,0.5880456852306732,0.5835921239506557,0.046452099979176875,0.04200659083230574,0.5872853588229207,0.5841423008803216
26,56,0.2,60.0,0.055,246996.4905,4939.92981,Meziani:1984is,0.967625085,0.049798278,0.0089,0.2089,0.14500000000000002,0.1539,1.0,0.0,0.0,246996.4905,4939.92981,1.0471975511965976,0.24999999999999994,0.7500000000000001,0.3333333333333333,0.00038267504551536824,0.05461732495448463,4.433234524286382,1.0909802499999999,0.028999999999999998,0.03214971,0.03517471,0.18754922020632342,0.9545662525290001,0.9514165425290001,0.578237220887112,0.0007946592626671997,310820627.2849313,6216412.545698626,0.003995950769886517,0.003825706816550041,188.97734128654164,173.21793065139508,46676740.08179654,933534.8016359308,119.87480971573827,2.397496194314765,42784220.962566964,855684.4192513392,109.8780749841606,2.1975614996832116,"[0.186,0.223]",0.205,"[0.025,0.035]",0.026,0.0006,0.0,91,0.0549,0.014,0.9346585225290001,1,0.9556585225290001,0.005,0.0,10,0.0525,0.01,0.9481835225290001,0,0.9531835225290001,0.05527353430929338,0.05274921562258356,0.5817565422588257,0.575369920730758,0.06056808972799077,0.05266446972256477,0.5778917094488417,0.5754457614836644
26,56,0.2,60.0,0.065,169666.95,3393.339,Meziani:1984is,0.937130066,0.064832898,0.0089,0.2089,0.135,0.1439,1.0,0.0,0.0,169666.95,3393.339,1.0471975511965976,0.24999999999999994,0.7500000000000001,0.3333333333333333,0.00038267504551536824,0.06461732495448463,4.433234524286382,1.0909802499999999,0.026999999999999996,0.030060709999999994,0.03428571,0.18516400838175867,0.9753317125290001,0.9722710025290001,0.5680637062919223,0.0010036624956550897,169047813.11894944,3380956.262378989,0.003995950769886517,0.003825706816550041,201.75375642610834,184.92888063382298,34230944.503860705,684618.890077214,87.91162261116419,1.7582324522232835,31376319.144054815,627526.3828810962,80.58039786803124,1.6116079573606246,"[0.158,0.186]",0.167,"[0.025,0.035]",0.026,0.0006,0.0,107,0.06449999999999999,0.002,0.9487945225290001,11,0.9717945225290001,0.005,0.0,12,0.0625,0.01,0.9481835225290001,2,0.9731835225290001,0.06472716381908583,0.06274921562258357,0.560374541756786,0.5657301226710243,0.06156874874276985,0.0633223486128238,0.5644823054745286,0.565137781951601
26,56,0.2,60.0,0.075,101277.1498,2025.542995,Meziani:1984is,1.155245781,0.11157502,0.0089,0.2089,0.125,0.1339,1.0,0.0,0.0,101277.1498,2025.542995,1.0471975511965976,0.24999999999999994,0.7500000000000001,0.3333333333333333,0.00038267504551536824,0.07461732495448463,4.433234524286382,1.0909802499999999,0.024999999999999994,0.02797170999999999,0.03359670999999999,0.18329405336780566,0.9960971725290001,0.9931254625290001,0.5553301252642554,0.0011961206462656894,84671349.93128756,1693426.997789715,0.003995950769886517,0.003825706816550041,218.7275358780155,200.48716361090453,22152101.416502647,443042.02811132546,56.89083979415694,1.1378167953214047,20304768.501998685,406095.3698394866,52.14653500295441,1.042930699544199,"[0.158,0.186]",0.167,"[0.025,0.035]",0.026,0.0006,0.0,124,0.07469999999999999,0.002,0.9487945225290001,22,0.9937945225290001,0.005,0.0,14,0.0725,0.01,0.9481835225290001,4,0.9931835225290001,0.07491352950874841,0.07274921562258356,0.5450737681160973,0.5548248908995359,0.07251061805531867,0.07398022750308282,0.5489830639758656,0.553402849519757
26,56,0.2,60.0,0.085,54119.9402,1082.398804,Meziani:1984is,1.380267601,0.230968474,0.0089,0.2089,0.115,0.12390000000000001,1.0,0.0,0.0,54119.9402,1082.398804,1.0471975511965976,0.24999999999999994,0.7500000000000001,0.3333333333333333,0.00038267504551536824,0.08461732495448464,4.433234524286382,1.0909802499999999,0.023,0.025882709999999996,0.03310771,0.18195524174917302,1.0168626325290002,1.013979922529,0.5397345609780935,0.0013692954628960257,39523931.588539466,790478.6317707893,0.0039959507698865155,0.003825706816550039,241.11030918760642,221.00336755647635,13048875.51483677,260977.5102967354,33.51201190580677,0.6702402381161354,11960689.03615512,239213.7807231024,30.717340580461265,0.6143468116092253,"[0.158,0.186]",0.167,"[0.025,0.035]",0.026,0.0006,0.0,141,0.08489999999999999,0.002,0.9487945225290001,32,1.0137945225290002,0.005,0.0,16,0.0825,0.01,0.9481835225290001,6,1.013183522529,0.08509790927490002,0.08274921562258357,0.5261809189049071,0.5428168904846127,0.08235598377863063,0.0846381063933418,0.5316609388923883,0.5404386021061811
26,56,0.2,60.0,0.095,27894.46204,557.8892409,Meziani:1984is,1.681337318,0.559250792,0.0089,0.2089,0.10500000000000001,0.11390000000000002,1.0,0.0,0.0,27894.46204,557.8892409,1.0471975511965976,0.24999999999999994,0.7500000000000001,0.3333333333333333,0.00038267504551536824,0.09461732495448463,4.433234524286382,1.0909802499999999,0.021,0.023793709999999996,0.032818709999999994,0.1811593497449138,1.0376280925290002,1.034834382529,0.5209596072940489,0.0015209572050942318,18340070.283747252,366801.40574069315,0.0039959507698865155,0.003825706816550039,270.59483053415534,248.02908259260914,7548097.228555229,150961.94459816406,19.384959562371467,0.38769919131692326,6918637.82919556,138372.75660871412,17.768387248413955,0.3553677450319777,"[0.158,0.186]",0.167,"[0.015,0.025]",0.02,0.0006,0.0,157,0.09449999999999999,0.002,0.9487945225290001,43,1.0357945225290002,0.0025,0.0,37,0.09375,0.01,0.9541835225290001,8,1.039183522529,0.09468139478738635,0.09394170432506428,0.5044215412857281,0.5099868704923306,0.09307733937503515,0.09529598528360082,0.5083682058317024,0.507774666459866
26,56,0.2,90.0,0.015,22937.74972,458.7549945,Meziani:1984is,1.416878307,0.049263769,0.0089,0.2089,0.185,0.1939,1.0,0.0,0.0,22937.74972,458.7549945,1.5707963267948966,0.5000000000000001,0.5000000000000001,0.9999999999999998,0.0007638884857255057,0.014236111514274494,4.433234524286382,1.0909802499999999,0.07400000000000001,0.08101142000000001,0.08123642000000002,0.28502003438355,0.834504412529,0.827492992529,0.3327172770839479,-0.00018682537419394436,-122776415.24318965,-2455528.3053990523,0.0006659917949810857,0.0006376178027583397,548.0654514507987,502.3605619357443,12571388.155557232,251427.76316595118,32.28573290185321,0.6457146581778178,11523020.83888066,230460.4168278493,29.593324812115718,0.5918664963713303,"[0.270,0.340]",0.3,"[0.070,0.100]",0.093,0.001,0.0,14,0.0145,0.01,0.8866835225290001,-6,0.831683522529,0.005,0.0,2,0.0125,0.008,0.8811835225290001,-7,0.8291835225290001,0.01536040790644222,0.013391425111548913,0.3327502506377458,0.33290537627345906,0.02177050033162553,0.022289514885326572,0.33216101698289224,0.33215039583269573
26,56,0.2,90.0,0.025,46897.80635,937.956127,Meziani:1984is,0.895564276,0.032197668,0.0089,0.2089,0.17500000000000002,0.1839,1.0,0.0,0.0,46897.80635,937.956127,1.5707963267948966,0.5000000000000001,0.5000000000000001,0.9999999999999998,0.0007638884857255057,0.024236111514274496,4.433234524286382,1.0909802499999999,0.07000000000000002,0.07683342000000001,0.07745842000000001,0.2783135282374898,0.857269872529,0.850436452529,0.33153542093113514,-0.00010555331973911765,-444304418.52431715,-8886088.370486343,0.0006659917949810857,0.0006376178027583397,551.9692486679421,505.93880931203125,25886146.935184143,517722.9387036829,66.48058396303938,1.3296116792607877,23727420.304065216,474548.40608130436,60.93656045839453,1.2187312091678908,"[0.270,0.340]",0.3,"[0.070,0.100]",0.093,0.001,0.0,24,0.0245,0.01,0.8866835225290001,-4,0.851683522529,0.005,0.0,4,0.0225,0.008,0.8811835225290001,-4,0.8531835225290001,0.025356506624724773,0.023391425111548913,0.33174200703983603,0.3320310130445591,0.03213079354627424,0.03507896955363741,0.33077444309910425,0.33041869908149574
26,56,0.2,90.0,0.035,61915.25386,1238.305077,Meziani:1984is,0.772022999,0.029395018,0.0089,0.2089,0.165,0.1739,1.0,0.0,0.0,61915.25386,1238.305077,1.5707963267948966,0.5000000000000001,0.5000000000000001,0.9999999999999998,0.0007638884857255057,0.0342361115142745,4.433234524286382,1.0909802499999999,0.06600000000000002,0.07265542000000001,0.07388042000000002,0.27180952889845494,0.880035332529,0.873379912529,0.3296282225276847,-2.4541555966972385e-05,-2522874015.9476647,-50457480.31080385,0.0006659917949810857,0.0006376178027583397,558.3352848188301,511.7739618282093,34569470.89855327,691389.4178593984,88.78102323932313,1.7756204644996805,31686614.765531525,633732.2952082758,81.37729646281237,1.627545928993381,"[0.270,0.340]",0.3,"[0.070,0.100]",0.093,0.001,0.0,34,0.0345,0.01,0.8866835225290001,-2,0.871683522529,0.005,0.0,6,0.0325,0.008,0.8811835225290001,-1,0.8771835225290001,0.03535069109255318,0.03339142511154891,0.3302333771595162,0.33069021234834317,0.04238163978354781,0.04786842422194824,0.3288685608644105,0.32794657912226416
26,56,0.2,90.0,0.045,70266.11186,1405.322237,Meziani:1984is,0.740043794,0.029744068,0.0089,0.2089,0.15500000000000003,0.16390000000000002,1.0,0.0,0.0,70266.11186,1405.322237,1.5707963267948966,0.5000000000000001,0.5000000000000001,0.9999999999999998,0.0007638884857255057,0.04423611151427449,4.433234524286382,1.0909802499999999,0.06200000000000003,0.06847742000000002,0.07050242000000002,0.26552291803157035,0.902800792529,0.8963233725290001,0.3268888735494834,5.5941316341422206e-05,1256068259.6589327,25121365.189603478,0.0006659917949810856,0.0006376178027583394,567.6248745756961,520.2888636853841,39884792.93145434,797695.8585155618,102.43178839891443,2.0486357676867346,36558675.49522949,731173.509800532,93.88968168664321,1.877793633465624,"[0.223,0.270]",0.24,"[0.045,0.070]",0.056,0.0006,0.0,73,0.04409999999999999,0.018,0.919083522529,-2,0.892083522529,0.003,0.0,14,0.043500000000000004,0.01,0.918183522529,-3,0.893183522529,0.04463301369023043,0.04403677211017999,0.3255581036551892,0.3258115952663853,0.03624407144051611,0.03667765138717621,0.32822648340164606,0.3280791838267696
26,56,0.2,90.0,0.055,69160.0235,1383.20047,Meziani:1984is,0.795257104,0.033256206,0.0089,0.2089,0.14500000000000002,0.1539,1.0,0.0,0.0,69160.0235,1383.20047,1.5707963267948966,0.5000000000000001,0.5000000000000001,0.9999999999999998,0.0007638884857255057,0.054236111514274495,4.433234524286382,1.0909802499999999,0.058000000000000024,0.06429942000000002,0.06732442000000002,0.25946949724389573,0.925566252529,0.9192668325290001,0.32319669445714183,0.00013558061944941795,510102577.9411048,10202051.558822097,0.0006659917949810855,0.0006376178027583394,580.4249205482174,532.0214738518113,40142201.14510035,802844.022902007,103.09286199951315,2.061857239990263,36794617.6340959,735892.3526819181,94.4956262952635,1.8899125259052705,"[0.223,0.270]",0.24,"[0.045,0.070]",0.056,0.0006,0.0,90,0.054299999999999994,0.018,0.919083522529,0,0.9280835225290001,0.003,0.0,18,0.0555,0.01,0.918183522529,0,0.923183522529,0.05482329918644524,0.05603677211017999,0.321532417913097,0.32132156869990053,0.054542956020550704,0.052664469722564757,0.32165490791031137,0.3226789865223995
26,56,0.2,90.0,0.065,60424.66296,1208.493259,Meziani:1984is,0.888709963,0.040049872,0.0089,0.2089,0.135,0.1439,1.0,0.0,0.0,60424.66296,1208.493259,1.5707963267948966,0.5000000000000001,0.5000000000000001,0.9999999999999998,0.0007638884857255057,0.0642361115142745,4.433234524286382,1.0909802499999999,0.05400000000000002,0.060121420000000016,0.06434642000000002,0.25366596145324666,0.9483317125290001,0.9422102925290001,0.318415674748295,0.00021401328487162782,282340710.7472076,5646814.21400963,0.0006659917949810855,0.0006376178027583394,597.4929265352996,547.6661255190455,36103308.70687952,722066.1740180919,92.72021254615352,1.8544042506161753,33092541.04909738,661850.8208724144,84.98798447190363,1.6997596891567701,"[0.223,0.270]",0.24,"[0.045,0.070]",0.056,0.0006,0.0,107,0.06449999999999999,0.018,0.919083522529,1,0.9460835225290001,0.003,0.0,21,0.0645,0.01,0.918183522529,2,0.9431835225290001,0.06501159646612109,0.06503677211018,0.31661853586119326,0.3173531595804288,0.06356706833875447,0.06332234861282378,0.3173706618227069,0.31814667803581226
26,56,0.2,90.0,0.075,47347.55445,946.951089,Meziani:1984is,1.045460543,0.051533813,0.0089,0.2089,0.125,0.1339,1.0,0.0,0.0,47347.55445,946.951089,1.5707963267948966,0.5000000000000001,0.5000000000000001,0.9999999999999998,0.0007638884857255057,0.07423611151427449,4.433234524286382,1.0909802499999999,0.05000000000000002,0.05594342000000001,0.061568420000000006,0.2481298450408576,0.9710971725290001,0.9651537525290002,0.3123930018864168,0.00029082715834185163,162803070.79968613,3256061.4159937226,0.0006659917949810855,0.0006376178027583394,619.8224442569717,568.1335150264836,29347076.92878906,586941.5385757812,75.36891514674771,1.507378302934954,26899732.537586324,537994.6507517265,69.083665947892,1.38167331895784,"[0.223,0.270]",0.24,"[0.045,0.070]",0.056,0.0006,0.0,123,0.0741,0.018,0.919083522529,2,0.9640835225290001,0.003,0.0,24,0.0735,0.01,0.918183522529,4,0.9631835225290001,0.0745987669574788,0.07403677211017999,0.31114908069884145,0.3129140396695082,0.07251061805531867,0.07398022750308281,0.3124120792313962,0.3129433105291858
26,56,0.2,90.0,0.085,35612.95284,712.2590567,Meziani:1984is,1.024907993,0.059528903,0.0089,0.2089,0.115,0.12390000000000001,1.0,0.0,0.0,35612.95284,712.2590567,1.5707963267948966,0.5000000000000001,0.5000000000000001,0.9999999999999998,0.0007638884857255057,0.0842361115142745,4.433234524286382,1.0909802499999999,0.04600000000000001,0.05176542000000002,0.05899042000000002,0.2428794351113326,0.9938626325290001,0.9880972125290001,0.30495764678408827,0.00036556258348134044,97419578.61455426,1948391.5720175342,0.0006659917949810855,0.0006376178027583394,648.740528323593,594.6400297563526,23103565.8405848,462071.316746822,59.33438269343116,1.1866876537020143,21176887.336489182,423537.74667031964,54.38630322907419,1.087726064428769,"[0.223,0.270]",0.24,"[0.045,0.070]",0.056,0.0006,0.0,140,0.08429999999999999,0.018,0.919083522529,3,0.9820835225290001,0.003,0.0,28,0.0855,0.01,0.918183522529,6,0.983183522529,0.08478320807783035,0.08603677211018,0.30439742401252956,0.3063379366568311,0.08137572506613766,0.08463810639334178,0.30676740613905124,0.30714009998726916
26,56,0.2,90.0,0.095,23610.7784,472.2155679,Meziani:1984is,1.09272128,0.080048187,0.0089,0.2089,0.10500000000000001,0.11390000000000002,1.0,0.0,0.0,23610.7784,472.2155679,1.5707963267948966,0.5000000000000001,0.5000000000000001,0.9999999999999998,0.0007638884857255057,0.0942361115142745,4.433234524286382,1.0909802499999999,0.042000000000000016,0.04758742000000002,0.05661242000000002,0.23793364621255234,1.016628092529,1.0110406725290002,0.29591910467522814,0.00043771698574723595,53940740.635626785,1078814.8124840776,0.0006659917949810855,0.0006376178027583394,686.0568971206683,628.8444700265366,16198337.367707696,323966.74728554825,41.60043324067878,0.8320086646373832,14847507.429861996,296950.1485343555,38.13124320140423,0.7626248638665855,"[0.223,0.270]",0.24,"[0.045,0.070]",0.056,0.0006,0.0,157,0.09449999999999999,0.018,0.919083522529,5,1.0180835225290001,0.003,0.0,31,0.0945,0.01,0.918183522529,9,1.013183522529,0.09496566439988641,0.09503677211018,0.2966239525575846,0.3009717473092341,0.09887863911985406,0.10062492472873032,0.2933513087476694,0.2974755729600494
26,56,0.2,90.0,0.105,14683.93748,293.6787496,Meziani:1984is,1.137297133,0.128712071,0.0089,0.2089,0.09500000000000001,0.10390000000000002,1.0,0.0,0.0,14683.93748,293.6787496,1.5707963267948966,0.5000000000000001,0.5000000000000001,0.9999999999999998,0.0007638884857255057,0.10423611151427449,4.433234524286382,1.0909802499999999,0.03800000000000001,0.04340942000000002,0.05443442000000002,0.23331185139208,1.0393935525290001,1.0339841325290002,0.28506643036241686,0.0005067531747888762,28976508.111898128,579530.1622379626,0.0006659917949810857,0.0006376178027583397,734.2996492091984,673.0641083641967,10782410.140573801,215648.20281147602,27.691294670820604,0.5538258934164121,9883231.28725181,197664.6257450362,25.38203113284645,0.507640622656929,"[0.223,0.270]",0.24,"[0.035,0.045]",0.04,0.0006,0.0,173,0.10409999999999998,0.018,0.919083522529,6,1.0360835225290002,0.005,0.0,20,0.10250000000000001,0.008,0.934183522529,12,1.0341835225290001,0.10454734063893056,0.10288340865012857,0.28831714205815606,0.28334633699802064,0.10752025037456614,0.10328939445129515,0.2855344101393984,0.28301072867167576
26,56,0.2,90.0,0.115,9098.767991,181.9753598,Meziani:1984is,1.110040393,0.265970074,0.0089,0.2089,0.085,0.09390000000000001,1.0,0.0,0.0,9098.767991,181.9753598,1.5707963267948966,0.5000000000000001,0.5000000000000001,0.9999999999999998,0.0007638884857255057,0.1142361115142745,4.433234524286382,1.0909802499999999,0.03400000000000001,0.03923142000000001,0.05245642000000001,0.22903366564765104,1.0621590125290001,1.0569275925290003,0.2721677574951649,0.0005721119796742698,15903823.576951414,318076.4715040701,0.0006659917949810857,0.0006376178027583397,797.1020479187883,730.6292189237967,7252646.59916402,145052.93196733834,18.626185750905602,0.3725237149771698,6647825.750433173,132956.51499405087,17.07288995461247,0.3414577990547215,"[0.223,0.270]",0.24,"[0.035,0.045]",0.04,0.0006,0.0,190,0.11429999999999998,0.018,0.919083522529,7,1.054083522529,0.005,0.0,22,0.1125,0.008,0.934183522529,15,1.0581835225290002,0.1147259474275728,0.11288340865012857,0.2783671115918096,0.2749418142586478,0.11609103700477197,0.11607884911960599,0.27693996985493635,0.27220402527472887
26,56,0.2,140.0,0.005,0.0,0.0,Meziani:1984is,#DIV/0!,#DIV/0!,0.0089,0.2089,0.195,0.2039,1.0,0.0,0.0,0.0,0.0,2.443460952792061,0.8830222215594888,0.11697777844051105,7.548632170413027,0.0013451253633203486,0.0036548746366796515,4.433234524286382,1.0909802499999999,0.13775146656328027,0.1504483018035287,0.1504733018035287,0.3879088833779509,0.7519874859657197,0.7392906507254713,0.062112676784794575,-0.00020084488918550595,-0.0,-0.0,4.99573032394158e-05,4.782891645707592e-05,1356.8832126006519,1243.7284841780152,0.0,0.0,0.0,0.0,0.0,0.0,0.0,0.0,"[0.340,0.428]",0.38,"[0.145,0.206]",0.16,0.0036,0.0,1,0.0054,0.008,0.8322835225290001,-12,0.7402835225290001,0.005,0.0,0,0.0025,0.03,0.8141835225290001,-3,0.7391835225290001,0.006783664133536149,0.0040336346005142585,0.0621037889094885,0.06211643272244146,0.0023031651929098507,0.010032954161528721,0.06212021655237548,0.062085723606274644
26,56,0.2,140.0,0.015,1209.156152,24.18312305,Meziani:1984is,2.572041662,0.089318489,0.0089,0.2089,0.185,0.1939,1.0,0.0,0.0,1209.156152,24.18312305,2.443460952792061,0.8830222215594888,0.11697777844051105,7.548632170413027,0.0013451253633203486,0.01365487463667965,4.433234524286382,1.0909802499999999,0.13068728879080435,0.1430697681201776,0.1432947681201776,0.3785429541282965,0.7778171237381957,0.7654346444088225,0.06203086370319797,-0.0001636075910144352,-7390587.102363212,-147811.74210838607,4.99573032394158e-05,4.782891645707592e-05,1358.9098662469448,1245.5861288478366,1643134.2247859905,32862.68450930891,4.2198834406272985,0.08439766884744537,1506108.1305422264,30122.162623300384,3.8679741825090774,0.07735948368217058,"[0.340,0.428]",0.38,"[0.100,0.145]",0.12,0.0036,0.0,3,0.0126,0.008,0.8322835225290001,-9,0.7642835225290001,0.005,0.0,2,0.0125,0.008,0.8541835225290001,-12,0.7621835225290001,0.013982231290427194,0.013650225950385694,0.06204346787729918,0.06203202093343177,0.014975929991007164,0.0009737571048085617,0.062031855234877226,0.0621218964951429
26,56,0.2,140.0,0.025,4555.791183,91.11582367,Meziani:1984is,1.139209369,0.043900168,0.0089,0.2089,0.17500000000000002,0.1839,1.0,0.0,0.0,4555.791183,91.11582367,2.443460952792061,0.8830222215594888,0.11697777844051105,7.548632170413027,0.0013451253633203486,0.023654874636679653,4.433234524286382,1.0909802499999999,0.12362311101832844,0.1356912344368265,0.1363162344368265,0.369210284847032,0.8036467615106716,0.7915786380921735,0.06185514837469203,-0.00012636413872099943,-36052880.42249688,-721057.6085290739,4.995730323941581e-05,4.7828916457075935e-05,1363.2808358801988,1249.5925896735519,6210822.81205588,124216.4562547504,15.950582698548839,0.3190116540059884,5692882.902376905,113857.65806003401,14.62041379626152,0.2924082759573223,"[0.340,0.428]",0.38,"[0.100,0.145]",0.12,0.0036,0.0,6,0.0234,0.008,0.8322835225290001,-6,0.788283522529,0.005,0.0,4,0.0225,0.008,0.8541835225290001,-8,0.7941835225290002,0.02477822028566834,0.023650225950385694,0.061874567962425575,0.06185196785199621,0.027482415480027167,0.018026363329223007,0.06181751272665238,0.06196498484703199
26,56,0.2,140.0,0.035,8011.318318,160.2263664,Meziani:1984is,0.949906083,0.036947727,0.0089,0.2089,0.165,0.1739,1.0,0.0,0.0,8011.318318,160.2263664,2.443460952792061,0.8830222215594888,0.11697777844051105,7.548632170413027,0.0013451253633203486,0.033654874636679655,4.433234524286382,1.0909802499999999,0.11655893324585254,0.12831270075347542,0.12953770075347543,0.35991346286777803,0.8294763992831475,0.8177226317755246,0.06157105530697461,-8.912434125131591e-05,-89889228.97516187,-1797784.5799520484,4.9957303239415806e-05,4.782891645707593e-05,1370.400711507088,1256.1187166377101,10978716.323096968,219574.3265167554,28.19544655106652,0.5639089311621085,10063166.884182338,201263.3377338915,25.84414021341497,0.5168828043973376,"[0.340,0.428]",0.38,"[0.100,0.145]",0.12,0.0036,0.0,9,0.0342,0.008,0.8322835225290001,-2,0.820283522529,0.005,0.0,6,0.0325,0.008,0.8541835225290001,-5,0.8181835225290001,0.03557197642494714,0.03365022595038569,0.0616115233476387,0.06157739984691908,0.04391003921875991,0.03081581799753378,0.0613437558742398,0.0616646906108791
26,56,0.2,140.0,0.045,11931.86236,238.6372472,Meziani:1984is,0.87161582,0.034948442,0.0089,0.2089,0.15500000000000003,0.16390000000000002,1.0,0.0,0.0,11931.86236,238.6372472,2.443460952792061,0.8830222215594888,0.11697777844051105,7.548632170413027,0.0013451253633203486,0.04365487463667965,4.433234524286382,1.0909802499999999,0.10949475547337664,0.12093416707012436,0.12295916707012436,0.3506553394290815,0.8553060370556235,0.8438666254588757,0.06116184492364171,-5.190016679576907e-05,-229900270.01170814,-4598005.400234163,4.995730323941579e-05,4.782891645707592e-05,1380.772945386442,1265.6259775430785,16475192.734762821,329503.85469525645,42.311450856441056,0.8462290171288211,15101274.963284463,302025.4992656893,38.782966837796614,0.7756593367559323,"[0.340,0.428]",0.38,"[0.100,0.145]",0.12,0.0036,0.0,12,0.045,0.008,0.8322835225290001,1,0.8442835225290001,0.005,0.0,8,0.0425,0.008,0.8541835225290001,-2,0.8421835225290001,0.04636350109308296,0.043650225950385695,0.06125423405471097,0.06121083677694007,0.056052662209821524,0.043605272665844616,0.060852932515541934,0.06121268579434317
26,56,0.2,140.0,0.055,14924.5649,298.4912979,Meziani:1984is,0.857646443,0.03490889,0.0089,0.2089,0.14500000000000002,0.1539,1.0,0.0,0.0,14924.5649,298.4912979,2.443460952792061,0.8830222215594888,0.11697777844051105,7.548632170413027,0.0013451253633203486,0.05365487463667965,4.433234524286382,1.0909802499999999,0.10243057770090072,0.11355563338677327,0.11658063338677327,0.34143906247934386,0.8811356748280994,0.8700106191422268,0.06060812042571499,-1.4706165210537441e-05,-1014850893.2366724,-20297017.85793358,4.9957303239415806e-05,4.782891645707593e-05,1395.0320038286968,1278.6959285731314,20820245.678718433,416404.9134348655,53.470379135252415,1.0694075823467775,19083980.373355463,381679.6073392397,49.01131723993392,0.980226344470285,"[0.340,0.428]",0.38,"[0.100,0.145]",0.12,0.0036,0.0,14,0.052199999999999996,0.008,0.8322835225290001,4,0.8682835225290001,0.005,0.0,10,0.0525,0.008,0.8541835225290001,1,0.8661835225290001,0.05355661184889016,0.05365022595038569,0.06096360794675503,0.06075559046825007,0.06804877882077054,0.056394727334155445,0.060250237107939,0.060615656980003554
26,56,0.2,140.0,0.065,16205.39103,324.1078205,Meziani:1984is,0.851568467,0.03720984,0.0089,0.2089,0.135,0.1439,1.0,0.0,0.0,16205.39103,324.1078205,2.443460952792061,0.8830222215594888,0.11697777844051105,7.548632170413027,0.0013451253633203486,0.06365487463667965,4.433234524286382,1.0909802499999999,0.0953663999284248,0.10617709970342216,0.11040209970342217,0.3322681141840459,0.9069653126005753,0.896154612825578,0.05988735857104183,2.2440026392705375e-05,722164526.2978799,14443290.521501275,4.9957303239415806e-05,4.782891645707593e-05,1413.9889333042042,1296.0719805002927,22914243.57628722,458284.8713843455,58.848166852996414,1.1769633366967889,21003353.24703378,420067.06481106835,53.940634445945676,1.0788126885860574,"[0.270,0.340]",0.3,"[0.100,0.145]",0.12,0.001,0.0,63,0.0635,0.01,0.8866835225290001,0,0.8916835225290001,0.005,0.0,12,0.0625,0.008,0.8541835225290001,5,0.8981835225290001,0.06432301111211558,0.06365022595038569,0.059436230789856666,0.06021569134601909,0.05252643607624241,0.07344733355856989,0.06033284191187959,0.059609140583955375
26,56,0.2,140.0,0.075,15827.15187,316.5430374,Meziani:1984is,0.960374938,0.044733254,0.0089,0.2089,0.125,0.1339,1.0,0.0,0.0,15827.15187,316.5430374,2.443460952792061,0.8830222215594888,0.11697777844051105,7.548632170413027,0.0013451253633203486,0.07365487463667965,4.433234524286382,1.0909802499999999,0.08830222215594889,0.09879856602007107,0.10442356602007108,0.3231463538709219,0.9327949503730513,0.922298606508929,0.05897334821261122,5.951707854781796e-05,265926222.45871747,5318524.449174349,4.995730323941579e-05,4.782891645707592e-05,1438.697355831144,1318.7198905123573,22770481.545706946,455409.6309141389,58.47895842006047,1.1695791684012093,20871579.981128853,417431.599622577,53.60221545720968,1.0720443091441936,"[0.270,0.340]",0.3,"[0.070,0.100]",0.093,0.001,0.0,73,0.0735,0.01,0.8866835225290001,3,0.9216835225290001,0.005,0.0,14,0.0725,0.008,0.8811835225290001,5,0.9251835225290002,0.07430974049740513,0.0733914251115489,0.05853395092640229,0.05892176970676329,0.06755179713367576,0.0734473335585699,0.059158921222287615,0.05891714322444127
26,56,0.2,140.0,0.085,14167.16713,283.3433425,Meziani:1984is,1.009376107,0.051739349,0.0089,0.2089,0.115,0.12390000000000001,1.0,0.0,0.0,14167.16713,283.3433425,2.443460952792061,0.8830222215594888,0.11697777844051105,7.548632170413027,0.0013451253633203486,0.08365487463667966,4.433234524286382,1.0909802499999999,0.08123804438347298,0.09142003233672,0.09864503233671999,0.314078067264685,0.9586245881455271,0.9484426001922801,0.057835516768075454,9.649924554827227e-05,146811169.86467102,2936223.3962571435,4.995730323941578e-05,4.78289164570759e-05,1470.5514387023086,1347.917561937816,20833548.005357556,416670.959960096,53.50454205819534,1.070090840786241,19096173.377435163,381923.46741391154,49.04263121004743,0.9808526238547777,"[0.270,0.340]",0.3,"[0.070,0.100]",0.093,0.001,0.0,83,0.0835,0.01,0.8866835225290001,6,0.9516835225290001,0.005,0.0,16,0.0825,0.008,0.8811835225290001,8,0.9491835225290002,0.08429456100883215,0.08339142511154891,0.05749976032221925,0.05805120533397044,0.08235598377863063,0.08623678822688075,0.0577109218050563,0.05778835853281095
26,56,0.2,140.0,0.095,10747.05684,214.9411368,Meziani:1984is,1.256157868,0.069507402,0.0089,0.2089,0.10500000000000001,0.11390000000000002,1.0,0.0,0.0,10747.05684,214.9411368,2.443460952792061,0.8830222215594888,0.11697777844051105,7.548632170413027,0.0013451253633203486,0.09365487463667965,4.433234524286382,1.0909802499999999,0.07417386661099708,0.0840414986533689,0.09306649865336891,0.30506802299383806,0.984454225918003,0.9745865938756313,0.056438120272482434,0.00013335550024004157,80589528.14585947,1611790.5629171897,4.9957303239415785e-05,4.7828916457075915e-05,1511.4354934203147,1385.3921676586858,16243483.157781567,324869.6631556314,41.716376277512296,0.834327525550246,14888888.371518705,297777.76743037417,38.2375173863251,0.7647503477265022,"[0.270,0.340]",0.3,"[0.070,0.100]",0.093,0.001,0.0,93,0.0935,0.01,0.8866835225290001,8,0.971683522529,0.005,0.0,18,0.0925,0.008,0.8811835225290001,11,0.9731835225290001,0.0942774737405827,0.09339142511154891,0.05633286942858291,0.057099938566590416,0.09210728054160666,0.09902624289519152,0.056597892501429305,0.05653178145566441
26,56,0.2,140.0,0.105,9052.934932,181.0586986,Meziani:1984is,1.137752572,0.071137151,0.0089,0.2089,0.09500000000000001,0.10390000000000002,1.0,0.0,0.0,9052.934932,181.0586986,2.443460952792061,0.8830222215594888,0.11697777844051105,7.548632170413027,0.0013451253633203486,0.10365487463667965,4.433234524286382,1.0909802499999999,0.06710968883852116,0.07666296497001783,0.08768796497001782,0.2961215374977271,1.010283863690479,1.0007305875589823,0.05473926711176759,0.00017004850148762203,53237369.649264276,1064747.3927500586,4.995730323941582e-05,4.782891645707594e-05,1563.9599936568366,1433.536485795079,14158428.058826474,283168.5611139711,36.36155537965041,0.7272311074323463,12977712.528550792,259554.2505136744,33.32925172536388,0.6665850343600137,"[0.270,0.340]",0.3,"[0.070,0.100]",0.093,0.001,0.0,103,0.10350000000000001,0.01,0.8866835225290001,11,1.0016835225290002,0.005,0.0,20,0.10250000000000001,0.008,0.8811835225290001,14,0.9971835225290001,0.10425847978578417,0.10339142511154892,0.05503237506666702,0.05607706148897578,0.10656360087546723,0.11181569756350235,0.05471289060867382,0.05516659125194689
26,56,0.2,140.0,0.115,6543.686682,130.8737336,Meziani:1984is,1.199629564,0.085884308,0.0089,0.2089,0.085,0.09390000000000001,1.0,0.0,0.0,6543.686682,130.8737336,2.443460952792061,0.8830222215594888,0.11697777844051105,7.548632170413027,0.0013451253633203486,0.11365487463667966,4.433234524286382,1.0909802499999999,0.06004551106604525,0.06928443128666673,0.08250943128666673,0.28724454962047014,1.036113501462955,1.0268745812423334,0.05268973874010271,0.00020653336484159157,31683436.170320097,633668.7232127287,4.995730323941579e-05,4.782891645707592e-05,1631.8484437269162,1495.7635060093126,10678304.928258248,213566.09849989103,27.423932543669604,0.5484786507057561,9787807.733694766,195756.15461406478,25.136965168406675,0.5027393032144772,"[0.270,0.340]",0.3,"[0.045,0.070]",0.056,0.001,0.0,113,0.1135,0.01,0.8866835225290001,14,1.031683522529,0.003,0.0,37,0.1125,0.01,0.918183522529,10,1.023183522529,0.11423758023651942,0.11303677211018,0.05359725857582243,0.05117196325505182,0.1208226153855988,0.10595386417385984,0.05257580912060146,0.052290900091349304
26,56,0.2065,180.0,0.0066,0.0,0.0,Hotta:1984,#DIV/0!,#DIV/0!,0.0089,0.21539999999999998,0.1999,0.20879999999999999,1.0,0.0,0.0,0.0,0.0,3.141592653589793,1.0,3.749399456654644e-33,2.6670937881135714e+32,0.0016220979710694639,0.004977902028930536,4.433234524286382,1.088056094601012,0.1651174,0.17990207999999996,0.17994563999999996,0.42419999999999997,0.727624026129,0.712839346129,1.874245913941122e-33,-0.00018553390997077867,-0.0,-0.0,1.1711714434573849e-36,1.1227804228131383e-36,1742.0783023856893,1601.0923619011628,0.0,0.0,0.0,0.0,0.0,0.0,0.0,0.0,"[0.340,0.428]",0.38,"[0.145,0.206]",0.16,0.0036,0.0,1,0.0054,0.008,0.8322835225290001,-15,0.7162835225290001,0.005,0.0,0,0.0025,0.03,0.8141835225290001,-4,0.7091835225290001,0.006783664133536149,0.0040336346005142585,1.874102289838145e-33,1.8745091117440996e-33,-0.010542692998552483,-0.005953864173859821,1.873256723966816e-33,1.8742844747611903e-33
26,56,0.2065,180.0,0.0166,553.5534155,11.07106831,Hotta:1984,3.847867144,0.065034374,0.0089,0.21539999999999998,0.18989999999999999,0.19879999999999998,1.0,0.0,0.0,553.5534155,11.07106831,3.141592653589793,1.0,3.749399456654644e-33,2.6670937881135714e+32,0.0016220979710694639,0.014977902028930536,4.433234524286382,1.088056094601012,0.15685739999999998,0.17128607999999995,0.17156163999999996,0.41419999999999996,0.7546494861290001,0.7402208061290001,1.8716886108237946e-33,-0.00015520747693499357,-3566538.3294121064,-71330.76658824213,1.1711714434573852e-36,1.1227804228131386e-36,1744.4585179020721,1603.279947199562,965650.97078276,19313.0194156552,2.4799766687122484,0.04959953337424497,887501.0907749772,17750.021815499542,2.2792728068139274,0.04558545613627854,"[0.340,0.428]",0.38,"[0.145,0.206]",0.16,0.0036,0.0,4,0.0162,0.008,0.8322835225290001,-12,0.7402835225290001,0.005,0.0,2,0.0125,0.03,0.8141835225290001,-3,0.7391835225290001,0.017581142469495603,0.01403363460051426,1.8706868248868474e-33,1.8723950101808268e-33,0.0023031651929098507,0.010032954161528721,1.8746308607666474e-33,1.873521047417031e-33
26,56,0.2065,180.0,0.0265,2243.07003,44.86140061,Hotta:1984,1.493488814,0.02184506,0.0089,0.21539999999999998,0.18,0.18889999999999998,1.0,0.0,0.0,2243.07003,44.86140061,3.141592653589793,1.0,3.749399456654644e-33,2.6670937881135714e+32,0.0016220979710694639,0.024877902028930535,4.433234524286382,1.088056094601012,0.14867999999999998,0.16275623999999997,0.16345848999999996,0.40429999999999994,0.781404691529,0.767328451529,1.8666456475376493e-33,-0.00012518430822956652,-17918140.553899094,-358362.8111578641,1.1711714434573854e-36,1.1227804228131388e-36,1749.1713782521808,1607.6113969965845,3923513.8958912604,78470.27793531692,10.076335255264407,0.2015267051502102,3605984.9444894707,72119.69890586553,9.260860083651643,0.1852172017143194,"[0.340,0.428]",0.38,"[0.145,0.206]",0.16,0.0036,0.0,6,0.0234,0.008,0.8322835225290001,-9,0.7642835225290001,0.005,0.0,4,0.0225,0.03,0.8141835225290001,-2,0.769183522529,0.02477822028566834,0.024033634600514258,1.8667288763804504e-33,1.867956224323882e-33,0.014975929991007164,0.026019772496917202,1.8717879914586924e-33,1.866800495497626e-33
26,56,0.2065,180.0,0.0364,4169.264801,83.38529602,Hotta:1984,1.223237248,0.015590279,0.0089,0.21539999999999998,0.17009999999999997,0.17899999999999996,1.0,0.0,0.0,4169.264801,83.38529602,3.141592653589793,1.0,3.749399456654644e-33,2.6670937881135714e+32,0.0016220979710694639,0.03477790202893054,4.433234524286382,1.088056094601012,0.14050259999999998,0.15422639999999996,0.15555135999999997,0.3944,0.808159896929,0.7944360969290001,1.8587313552314867e-33,-9.516113952413922e-05,-43812682.59132601,-876253.6518265202,1.1711714434573852e-36,1.1227804228131386e-36,1756.619175128313,1614.4564456232945,7323810.495624131,146476.2099124826,18.80894826885002,0.37617896537700035,6731096.431484773,134621.92862969544,17.286745014508856,0.34573490029017706,"[0.340,0.428]",0.38,"[0.145,0.206]",0.16,0.0036,0.0,9,0.0342,0.008,0.8322835225290001,-5,0.796283522529,0.005,0.0,6,0.0325,0.03,0.8141835225290001,-1,0.799183522529,0.03557197642494714,0.034033634600514256,1.8582718864174217e-33,1.8612257534254623e-33,0.03161540725570067,0.04200659083230574,1.8617230934716725e-33,1.8542502032803626e-33
26,56,0.2065,180.0,0.0464,6804.668975,136.0933795,Hotta:1984,0.959635219,0.011462718,0.0089,0.21539999999999998,0.1601,0.16899999999999998,1.0,0.0,0.0,6804.668975,136.0933795,3.141592653589793,1.0,3.749399456654644e-33,2.6670937881135714e+32,0.0016220979710694639,0.04477790202893053,4.433234524286382,1.088056094601012,0.1322426,0.14561039999999997,0.14776335999999998,0.38439999999999996,0.8351853569290001,0.821817556929,1.847384746270203e-33,-6.483470648835424e-05,-104954110.90080696,-2099082.218016139,1.1711714434573852e-36,1.1227804228131386e-36,1767.408303334722,1624.3724125113486,12026628.44785917,240532.56895718342,30.8866856207734,0.617733712415468,11053316.559261875,221066.3311852375,28.38703424762258,0.5677406849524517,"[0.340,0.428]",0.38,"[0.145,0.206]",0.16,0.0036,0.0,12,0.045,0.008,0.8322835225290001,-2,0.820283522529,0.005,0.0,8,0.0425,0.03,0.8141835225290001,0,0.8291835225290001,0.04636350109308296,0.04403363460051426,1.846792482954989e-33,1.852253186783024e-33,0.04391003921875991,0.057993409167694285,1.8496679229665957e-33,1.8361044062433357e-33
26,56,0.2065,180.0,0.0563,9110.47925,182.209585,Hotta:1984,0.905550605,0.009659206,0.0089,0.21539999999999998,0.1502,0.1591,1.0,0.0,0.0,9110.47925,182.209585,3.141592653589793,1.0,3.749399456654644e-33,2.6670937881135714e+32,0.0016220979710694639,0.05467790202893054,4.433234524286382,1.088056094601012,0.1240652,0.13708056,0.14025025,0.3745,0.8619405623290001,0.848925202329,1.8323310553168862e-33,-3.4811537782927066e-05,-261708612.43791804,-5234172.248758361,1.1711714434573852e-36,1.1227804228131386e-36,1781.928615212602,1637.717599354132,16234223.673875645,324684.4734775129,41.69259614913694,0.8338519229827387,14920392.206275634,298407.8441255127,38.318425268713305,0.7663685053742662,"[0.340,0.428]",0.38,"[0.100,0.145]",0.12,0.0036,0.0,15,0.055799999999999995,0.008,0.8322835225290001,2,0.8522835225290001,0.005,0.0,10,0.0525,0.008,0.8541835225290001,-1,0.8501835225290001,0.05715279567350251,0.05365022595038569,1.832292539754517e-33,1.830786085257106e-33,0.060067384102035604,0.04786842422194822,1.827857023831437e-33,1.8395732903894687e-33
26,56,0.2065,180.0,0.0663,10578.6941,211.573882,Hotta:1984,0.884797302,0.011627144,0.0089,0.21539999999999998,0.1402,0.14909999999999998,1.0,0.0,0.0,10578.6941,211.573882,3.141592653589793,1.0,3.749399456654644e-33,2.6670937881135714e+32,0.0016220979710694639,0.06467790202893053,4.433234524286382,1.088056094601012,0.11580519999999998,0.12846455999999998,0.13286024999999999,0.3645,0.888966022329,0.876306662329,1.812675166061248e-33,-4.485104747142079e-06,-2358628102.6637726,-47172562.05327545,1.1711714434573852e-36,1.1227804228131386e-36,1801.251101766097,1655.4763221344872,19054884.402871512,381097.6880574302,48.93659321423834,0.9787318642847667,17512777.6016538,350255.552033076,44.976167549691716,0.8995233509938344,"[0.340,0.428]",0.38,"[0.100,0.145]",0.12,0.0036,0.0,17,0.063,0.008,0.8322835225290001,5,0.8762835225290001,0.005,0.0,12,0.0625,0.008,0.8541835225290001,2,0.8741835225290001,0.06434442047201827,0.06365022595038569,1.820948757760074e-33,1.8134745418561734e-33,0.07201583124035371,0.06065787889025906,1.8073678889099535e-33,1.8189286730201905e-33
26,56,0.2065,180.0,0.0762,11005.18822,220.1037644,Hotta:1984,0.954095449,0.007087566,0.0089,0.21539999999999998,0.13029999999999997,0.13919999999999996,1.0,0.0,0.0,11005.18822,220.1037644,3.141592653589793,1.0,3.749399456654644e-33,2.6670937881135714e+32,0.0016220979710694639,0.07457790202893054,4.433234524286382,1.088056094601012,0.10762779999999997,0.11993471999999995,0.12574115999999996,0.35459999999999997,0.9157212277290001,0.9034143077290001,1.7881303703657052e-33,2.553806395828521e-05,430932753.47638994,8618655.0695278,1.171171443457385e-36,1.1227804228131383e-36,1825.9759993585344,1678.200240244154,20095209.55814327,401904.1911628654,51.60834749296812,1.0321669498593624,18468909.514736135,369378.1902947226,47.43169745480154,0.9486339490960306,"[0.340,0.428]",0.38,"[0.100,0.145]",0.12,0.0036,0.0,20,0.0738,0.008,0.8322835225290001,8,0.900283522529,0.005,0.0,14,0.0725,0.008,0.8541835225290001,6,0.9061835225290001,0.07513000130994385,0.07365022595038569,1.801418740321988e-33,1.7936226659941128e-33,0.08382460910052025,0.0777104851146735,1.783476046423581e-33,1.7848769911508594e-33
26,56,0.2065,180.0,0.0861,10507.52352,210.1504703,Hotta:1984,1.018317968,0.008374952,0.0089,0.21539999999999998,0.1204,0.1293,1.0,0.0,0.0,10507.52352,210.1504703,3.141592653589793,1.0,3.749399456654644e-33,2.6670937881135714e+32,0.0016220979710694639,0.08447790202893053,4.433234524286382,1.088056094601012,0.0994504,0.11140487999999998,0.11881808999999999,0.3447,0.9424764331290001,0.9305219531290001,1.7577348556127932e-33,5.5561232663712385e-05,189116097.97423685,3782321.9576849206,1.1711714434573852e-36,1.1227804228131386e-36,1857.5515696157538,1707.2204078751236,19518266.807350453,390365.33596125385,50.12664799238249,1.0025329593705947,17938658.589571856,358773.171620715,46.06991150650539,0.9213982296916607,"[0.340,0.428]",0.38,"[0.100,0.145]",0.12,0.0036,0.0,23,0.0846,0.008,0.8322835225290001,12,0.932283522529,0.005,0.0,16,0.0825,0.008,0.8541835225290001,9,0.930183522529,0.08591335574227088,0.0836502259503857,1.7788731703890895e-33,1.7714066407767054e-33,0.09936061671112018,0.09049993978298428,1.7465277522502216e-33,1.7549227536935646e-33
26,56,0.2065,180.0,0.0961,9308.800533,186.1760107,Hotta:1984,1.16019244,0.012353901,0.0089,0.21539999999999998,0.11039999999999998,0.11929999999999999,1.0,0.0,0.0,9308.800533,186.1760107,3.141592653589793,1.0,3.749399456654644e-33,2.6670937881135714e+32,0.0016220979710694639,0.09447790202893054,4.433234524286382,1.088056094601012,0.09119039999999998,0.10278887999999999,0.11202408999999999,0.3347,0.9695018931290001,0.9579034131290002,1.7201504195309213e-33,8.588766569949748e-05,108383438.4970887,2167668.770407499,1.1711714434573856e-36,1.122780422813139e-36,1898.138152884468,1744.5223295959859,17669389.44927857,353387.78906149697,45.378376774250896,0.9075675356800093,16239410.391573515,324788.2079012512,41.7059166337293,0.8341183328537968,"[0.270,0.340]",0.3,"[0.100,0.145]",0.12,0.001,0.0,94,0.0945,0.01,0.8866835225290001,7,0.961683522529,0.005,0.0,18,0.0925,0.008,0.8541835225290001,12,0.9541835225290001,0.0952756601279674,0.09365022595038569,1.6856164427993436e-33,1.7470166191791587e-33,0.08724322246018124,0.1032893944512951,1.7161547087100416e-33,1.721636238138029e-33
26,56,0.2065,180.0,0.106,7716.390251,154.327805,Hotta:1984,1.29594275,0.014644153,0.0089,0.21539999999999998,0.10049999999999999,0.1094,1.0,0.0,0.0,7716.390251,154.327805,3.141592653589793,1.0,3.749399456654644e-33,2.6670937881135714e+32,0.0016220979710694639,0.10437790202893053,4.433234524286382,1.088056094601012,0.08301299999999999,0.09425903999999999,0.10549503999999998,0.3248,0.996257098529,0.9850110585290001,1.675030377545657e-33,0.00011591083440492456,66571777.268408336,1331435.5451956205,1.1711714434573854e-36,1.1227804228131388e-36,1949.2680155425228,1791.5142658681723,15041312.711718438,300826.25419538346,38.62897228967675,0.7725794456934133,13824023.215672586,276480.4642776215,35.502739685348594,0.7100547936149529,"[0.270,0.340]",0.3,"[0.070,0.100]",0.093,0.001,0.0,104,0.1045,0.01,0.8866835225290001,9,0.981683522529,0.005,0.0,20,0.10250000000000001,0.008,0.8811835225290001,12,0.9811835225290001,0.10525647556459461,0.10339142511154892,1.6439257405163298e-33,1.681429580844476e-33,0.09694848476980511,0.10328939445129512,1.678918405495505e-33,1.6817716090384864e-33
26,56,0.2065,180.0,0.116,5989.507624,119.7901525,Hotta:1984,1.419148373,0.016695863,0.0089,0.21539999999999998,0.09049999999999998,0.09939999999999999,1.0,0.0,0.0,5989.507624,119.7901525,3.141592653589793,1.0,3.749399456654644e-33,2.6670937881135714e+32,0.0016220979710694639,0.11437790202893054,4.433234524286382,1.088056094601012,0.07475299999999999,0.08564303999999998,0.09909903999999997,0.31479999999999997,1.023282558529,1.0123925185290001,1.6201467120279464e-33,0.00014623726744070965,40957464.05018394,819149.2811404429,1.1711714434573849e-36,1.1227804228131383e-36,2015.3009081041444,1852.203133739305,12070660.153743895,241413.20311518395,30.999767476000244,0.6199953496235185,11093784.790728258,221875.69585160926,28.490964417940045,0.5698192884539373,"[0.270,0.340]",0.3,"[0.070,0.100]",0.093,0.001,0.0,114,0.1145,0.01,0.8866835225290001,12,1.0116835225290002,0.005,0.0,22,0.1125,0.008,0.8811835225290001,16,1.0131835225290002,0.11523538551590917,0.11339142511154891,1.5980941558294474e-33,1.646996054641344e-33,0.11133812919452224,0.12034200067570963,1.6164873569151183e-33,1.6221018865945784e-33
26,56,0.2065,180.0,0.1259,4495.296117,89.90592235,Hotta:1984,1.599449694,0.038707128,0.0089,0.21539999999999998,0.08059999999999998,0.08949999999999998,1.0,0.0,0.0,4495.296117,89.90592235,3.141592653589793,1.0,3.749399456654644e-33,2.6670937881135714e+32,0.0016220979710694639,0.12427790202893055,4.433234524286382,1.088056094601012,0.06657559999999997,0.07711319999999998,0.09296400999999999,0.3049,1.0500377639290002,1.0395001639290002,1.5550544247225396e-33,0.00017626043614613692,25503716.065203454,510074.3213608033,1.1711714434573854e-36,1.1227804228131388e-36,2099.658435166626,1929.7336282432814,9438586.41063083,188771.7282336132,24.240097915517826,0.4848019583642798,8674724.085886344,173494.4817370242,22.27835314355426,0.4455670629206444,"[0.270,0.340]",0.3,"[0.070,0.100]",0.093,0.001,0.0,124,0.1245,0.01,0.8866835225290001,15,1.041683522529,0.005,0.0,24,0.1225,0.008,0.8811835225290001,19,1.037183522529,0.12521239107284998,0.12339142511154891,1.5481240595006372e-33,1.6109619755501947e-33,0.12553314894302992,0.13313145534402035,1.5464487318935067e-33,1.5746098343193755e-33
26,56,0.2211,180.0,0.0068,8.53e-33,1.7099999999999998e-34,Hotta:1984,1.88E+34,1.29E+33,0.0089,0.22999999999999998,0.2143,0.22319999999999998,1.0,0.0,0.0,8.53e-33,1.7099999999999998e-34,3.141592653589793,1.0,3.749399456654644e-33,2.6670937881135714e+32,0.0018585460358563621,0.0049414539641436375,4.433234524286382,1.0821268845935201,0.18952692,0.20534399999999997,0.20539023999999997,0.4532,0.7035898153290001,0.6877727353290001,1.8742776726569168e-33,-0.00018656619468280624,-4.5721037589379084e-29,-9.165647629289358e-31,1.0216052152536666e-36,9.820735351851552e-37,1986.2073596523298,1835.4662359196536,1.6942348777834373e-29,3.3964145850054837e-31,4.35111970613522e-35,8.722643256144461e-37,1.5656526992394646e-29,3.1386472634226072e-31,4.020896041012449e-35,8.06064739757478e-37,"[0.428,0.523]",0.475,"[0.145,0.206]",0.16,0.0036,0.0,1,0.0054,0.032,0.7510585225290001,-2,0.703058522529,0.005,0.0,0,0.0025,0.03,0.8141835225290001,-5,0.679183522529,0.007562116280766418,0.0040336346005142585,1.8742245778176683e-33,1.8745091117440996e-33,0.025409272602853195,-0.021940682509248362,1.869335231875706e-33,1.8690762206077164e-33
26,56,0.2211,180.0,0.0167,213.6924336,4.273848671,Hotta:1984,6.832249395,0.13102944,0.0089,0.22999999999999998,0.2044,0.2133,1.0,0.0,0.0,213.6924336,4.273848671,3.141592653589793,1.0,3.749399456654644e-33,2.6670937881135714e+32,0.0018585460358563621,0.014841453964143637,4.433234524286382,1.0821268845935201,0.18077136,0.19623599999999997,0.19651488999999997,0.44329999999999997,0.730923180729,0.7154585407290001,1.8720391919820445e-33,-0.000159745435357566,-1337706.039122068,-26754.1207761814,1.0216052152536664e-36,9.82073535185155e-37,1988.582356292311,1837.6609846813697,424945.00313012616,8498.900060613942,1.0913401685852486,0.021826803366597917,392694.2479483342,7853.884957129022,1.0085140514692874,0.020170281024666278,"[0.428,0.523]",0.475,"[0.145,0.206]",0.16,0.0036,0.0,4,0.0162,0.032,0.7510585225290001,-2,0.703058522529,0.005,0.0,2,0.0125,0.03,0.8141835225290001,-4,0.7091835225290001,0.018359433539792747,0.01403363460051426,1.8718990511523455e-33,1.8723950101808268e-33,0.025409272602853195,-0.005953864173859821,1.869335231875706e-33,1.8742844747611903e-33
26,56,0.2211,180.0,0.0267,1310.171356,26.20342713,Hotta:1984,2.02263619,0.028240581,0.0089,0.22999999999999998,0.1944,0.20329999999999998,1.0,0.0,0.0,1310.171356,26.20342713,3.141592653589793,1.0,3.749399456654644e-33,2.6670937881135714e+32,0.0018585460358563621,0.02484145396414364,4.433234524286382,1.0821268845935201,0.17192735999999997,0.18703599999999998,0.18774888999999997,0.43329999999999996,0.7585326407290001,0.7434240007290001,1.8675814189230572e-33,-0.0001326537592714647,-9876624.403224375,-197532.48813987174,1.0216052152536666e-36,9.820735351851552e-37,1993.3289492727495,1842.0473399674427,2611602.4924227335,52232.04986838796,6.707095467329246,0.13414190939777745,2413397.6612213375,48267.95324284722,6.198067493581067,0.12396134991892863,"[0.428,0.523]",0.475,"[0.145,0.206]",0.16,0.0036,0.0,6,0.0234,0.032,0.7510585225290001,-1,0.7350585225290001,0.005,0.0,4,0.0225,0.03,0.8141835225290001,-3,0.7391835225290001,0.02555640402687942,0.024033634600514258,1.869272926182841e-33,1.867956224323882e-33,0.04187164367714624,0.010032954161528721,1.8601322454519562e-33,1.873521047417031e-33
26,56,0.2211,180.0,0.0366,2640.476919,52.80953838,Hotta:1984,1.465644321,0.017799815,0.0089,0.22999999999999998,0.1845,0.1934,1.0,0.0,0.0,2640.476919,52.80953838,3.141592653589793,1.0,3.749399456654644e-33,2.6670937881135714e+32,0.0018585460358563621,0.03474145396414364,4.433234524286382,1.0821268845935201,0.16317179999999998,0.17792799999999998,0.17926755999999996,0.42339999999999994,0.785866006129,0.771109806129,1.8606912107345227e-33,-0.00010583299994622447,-24949466.80469864,-498989.3360939727,1.0216052152536667e-36,9.820735351851553e-37,2000.710319899689,1848.8685092148107,5282829.421300235,105656.5884260047,13.567317908862309,0.27134635817724617,4881894.624847647,97637.89249695293,12.537640550311814,0.25075281100623625,"[0.340,0.428]",0.38,"[0.145,0.206]",0.16,0.0036,0.0,9,0.0342,0.008,0.8322835225290001,-8,0.7722835225290001,0.005,0.0,6,0.0325,0.03,0.8141835225290001,-2,0.769183522529,0.03557197642494714,0.034033634600514256,1.8582718864174217e-33,1.8612257534254623e-33,0.019162910402884425,0.026019772496917202,1.8699322638991645e-33,1.866800495497626e-33
26,56,0.2211,180.0,0.0465,4684.35739,93.68714781,Hotta:1984,1.090864675,0.012381634,0.0089,0.22999999999999998,0.17459999999999998,0.18349999999999997,1.0,0.0,0.0,4684.35739,93.68714781,3.141592653589793,1.0,3.749399456654644e-33,2.6670937881135714e+32,0.0018585460358563621,0.04464145396414364,4.433234524286382,1.0821268845935201,0.15441623999999998,0.16881999999999997,0.17098224999999997,0.4135,0.813199371529,0.798795611529,1.850992182733696e-33,-7.90122406209842e-05,-59286477.046898484,-1185729.5410645322,1.0216052152536662e-36,9.820735351851548e-37,2011.193857104905,1858.5564093626328,9421150.807251966,188423.01616515126,24.195319946155404,0.4839063989747594,8706142.450929714,174122.84903717984,22.359041523345855,0.44718083051464835,"[0.340,0.428]",0.38,"[0.145,0.206]",0.16,0.0036,0.0,12,0.045,0.008,0.8322835225290001,-5,0.796283522529,0.005,0.0,8,0.0425,0.03,0.8141835225290001,-1,0.799183522529,0.04636350109308296,0.04403363460051426,1.846792482954989e-33,1.852253186783024e-33,0.03161540725570067,0.04200659083230574,1.8617230934716725e-33,1.8542502032803626e-33
26,56,0.2211,180.0,0.0565,6752.608103,135.0521621,Hotta:1984,0.956667395,0.006664092,0.0089,0.22999999999999998,0.1646,0.1735,1.0,0.0,0.0,6752.608103,135.0521621,3.141592653589793,1.0,3.749399456654644e-33,2.6670937881135714e+32,0.0018585460358563621,0.05464145396414364,4.433234524286382,1.0821268845935201,0.14557224,0.15961999999999998,0.16281225,0.40349999999999997,0.840808831529,0.826761071529,1.8379426034319108e-33,-5.192056453488294e-05,-130056523.1424486,-2601130.46361938,1.0216052152536664e-36,9.82073535185155e-37,2025.4735379178678,1871.7523487818137,13677229.024556272,273544.58057214436,35.12574408332911,0.7025148818746543,12639210.077193357,252784.20161873725,32.45991258827601,0.6491982519578011,"[0.340,0.428]",0.38,"[0.145,0.206]",0.16,0.0036,0.0,15,0.055799999999999995,0.008,0.8322835225290001,-1,0.8282835225290001,0.005,0.0,10,0.0525,0.03,0.8141835225290001,0,0.8291835225290001,0.05715279567350251,0.05403363460051425,1.832292539754517e-33,1.8411037993330913e-33,0.047974191392198606,0.057993409167694285,1.8448197794538394e-33,1.8361044062433357e-33
26,56,0.2211,180.0,0.0664,8422.48438,168.4496876,Hotta:1984,0.898784689,0.008311087,0.0089,0.22999999999999998,0.1547,0.1636,1.0,0.0,0.0,8422.48438,168.4496876,3.141592653589793,1.0,3.749399456654644e-33,2.6670937881135714e+32,0.0018585460358563621,0.06454145396414364,4.433234524286382,1.0821268845935201,0.13681668,0.15051199999999998,0.15492095999999997,0.39359999999999995,0.8681421969290001,0.8544468769290001,1.821346869461704e-33,-2.5099805209642572e-05,-335559750.74915487,-6711195.014983097,1.0216052152536664e-36,9.82073535185155e-37,2043.9292316479216,1888.8073669990038,17214962.02738002,344299.24054760044,44.21132010674924,0.8842264021349849,15908450.545378037,318169.01090756076,40.85594835152475,0.8171189670304951,"[0.340,0.428]",0.38,"[0.145,0.206]",0.16,0.0036,0.0,17,0.063,0.008,0.8322835225290001,2,0.8522835225290001,0.005,0.0,12,0.0625,0.03,0.8141835225290001,1,0.8591835225290001,0.06434442047201827,0.06403363460051426,1.820948757760074e-33,1.827857382996377e-33,0.060067384102035604,0.07398022750308282,1.827857023831437e-33,1.8126934441373694e-33
26,56,0.2211,180.0,0.0764,9406.303163,188.1260633,Hotta:1984,0.902586261,0.008292312,0.0089,0.22999999999999998,0.1447,0.1536,1.0,0.0,0.0,9406.303163,188.1260633,3.141592653589793,1.0,3.749399456654644e-33,2.6670937881135714e+32,0.0018585460358563621,0.07454145396414363,4.433234524286382,1.0821268845935201,0.12797267999999998,0.14131199999999997,0.14714895999999997,0.38359999999999994,0.8957516569290002,0.8824123369290001,1.80033598612855e-33,1.991870876458704e-06,4722345847.901157,94446916.97810477,1.0216052152536667e-36,9.820735351851553e-37,2067.7829783697916,1910.8507586395601,19450193.56983733,389003.87147945794,49.95182287864662,0.9990364577853508,17974041.535012245,359480.8307766789,46.160781688193666,0.9232156339601705,"[0.340,0.428]",0.38,"[0.100,0.145]",0.12,0.0036,0.0,20,0.0738,0.008,0.8322835225290001,6,0.8842835225290001,0.005,0.0,14,0.0725,0.008,0.8541835225290001,3,0.8821835225290001,0.07513000130994385,0.07365022595038569,1.801418740321988e-33,1.7936226659941128e-33,0.07596736723500619,0.06492103044636267,1.7997761218276003e-33,1.8110891432653912e-33
26,56,0.2211,180.0,0.0863,9599.113342,191.9822668,Hotta:1984,0.939670122,0.009688395,0.0089,0.22999999999999998,0.13479999999999998,0.14369999999999997,1.0,0.0,0.0,9599.113342,191.9822668,3.141592653589793,1.0,3.749399456654644e-33,2.6670937881135714e+32,0.0018585460358563621,0.08444145396414364,4.433234524286382,1.0821268845935201,0.11921711999999997,0.13220399999999996,0.13965168999999997,0.3737,0.923085022329,0.910098142329,1.7747211142506422e-33,2.881263020169885e-05,333156441.2829627,6663128.824270973,1.0216052152536664e-36,9.82073535185155e-37,2097.627665310717,1938.4304143766376,20135365.708632417,402707.3140887432,51.71147617955522,1.0342295233756198,18607213.25318137,372144.2649860902,47.7868879479689,0.9557377587602475,"[0.340,0.428]",0.38,"[0.100,0.145]",0.12,0.0036,0.0,23,0.0846,0.008,0.8322835225290001,9,0.908283522529,0.005,0.0,16,0.0825,0.008,0.8541835225290001,6,0.9061835225290001,0.08591335574227088,0.0836502259503857,1.7788731703890895e-33,1.7714066407767054e-33,0.08773066594325585,0.0777104851146735,1.7747762886913146e-33,1.7848769911508594e-33
26,56,0.2211,180.0,0.0963,9092.149047,181.8429809,Hotta:1984,0.989864987,0.009788665,0.0089,0.22999999999999998,0.1248,0.13369999999999999,1.0,0.0,0.0,9092.149047,181.8429809,3.141592653589793,1.0,3.749399456654644e-33,2.6670937881135714e+32,0.0018585460358563621,0.09444145396414363,4.433234524286382,1.0821268845935201,0.11037311999999999,0.12300399999999997,0.13227768999999998,0.36369999999999997,0.950694482329,0.938063602329,1.7432687657546324e-33,5.590430628780013e-05,162637722.40000337,3252754.447284559,1.0216052152536664e-36,9.82073535185155e-37,2135.473416717651,1973.4039021863875,19416042.590703227,388320.85172864556,49.86411662242279,0.9972823322290835,17942482.408610046,358849.6480932647,46.07973180626898,0.9215946359226563,"[0.340,0.428]",0.38,"[0.100,0.145]",0.12,0.0036,0.0,26,0.0954,0.008,0.8322835225290001,13,0.940283522529,0.005,0.0,18,0.0925,0.008,0.8541835225290001,10,0.9381835225290001,0.09669448514718937,0.09365022595038569,1.753313914640368e-33,1.7470166191791587e-33,0.10320840767322392,0.09476309133908789,1.7364084858369863e-33,1.74417655111054e-33
26,56,0.2211,180.0,0.1062,8073.397571,161.4679514,Hotta:1984,1.091238221,0.011767041,0.0089,0.22999999999999998,0.11489999999999999,0.1238,1.0,0.0,0.0,8073.397571,161.4679514,3.141592653589793,1.0,3.749399456654644e-33,2.6670937881135714e+32,0.0018585460358563621,0.10434145396414364,4.433234524286382,1.0821268845935201,0.10161755999999998,0.11389599999999998,0.12517444,0.3538,0.9780278477290001,0.9657494077290001,1.7057859436604524e-33,8.27250656130405e-05,97593123.81527247,1951862.4760636846,1.0216052152536666e-36,9.820735351851552e-37,2182.398161562197,2016.7673427520215,17619368.01651111,352387.36028657417,45.24991215302413,0.9049982429483862,16282164.566246295,325643.29128459055,41.81571754408576,0.8363143507781263,"[0.340,0.428]",0.38,"[0.100,0.145]",0.12,0.0036,0.0,28,0.1026,0.008,0.8322835225290001,16,0.9642835225290001,0.005,0.0,20,0.10250000000000001,0.008,0.8541835225290001,13,0.9621835225290001,0.10388066930406836,0.1036502259503857,1.734601061855502e-33,1.7206529748747975e-33,0.11466741736890318,0.10755254600739872,1.703995379440549e-33,1.7098742595588797e-33
26,56,0.2211,180.0,0.1161,6752.763449,135.055269,Hotta:1984,1.206913297,0.010958477,0.0089,0.22999999999999998,0.105,0.1139,1.0,0.0,0.0,6752.763449,135.055269,3.141592653589793,1.0,3.749399456654644e-33,2.6670937881135714e+32,0.0018585460358563621,0.11424145396414363,4.433234524286382,1.0821268845935201,0.09286199999999999,0.10478799999999999,0.11826720999999998,0.3439,1.005361213129,0.993435213129,1.6610355070688097e-33,0.00010954582493828066,61643275.33983684,1232865.506979309,1.0216052152536666e-36,9.820735351851552e-37,2241.194779774802,2071.101653311814,15134258.190952888,302685.16386388167,38.867674084567376,0.7773534818064638,13985659.543647489,279713.1909143718,35.91785273791369,0.7183570548646535,"[0.340,0.428]",0.38,"[0.100,0.145]",0.12,0.0036,0.0,31,0.1134,0.008,0.8322835225290001,20,0.9962835225290001,0.005,0.0,22,0.1125,0.008,0.8541835225290001,17,0.9941835225290001,0.11465809338873356,0.1136502259503857,1.7040231393620603e-33,1.69252260551921e-33,0.12975486598899189,0.12460515223181316,1.656119019406817e-33,1.659926733274074e-33
26,56,0.2211,180.0,0.1261,5337.873172,106.7574634,Hotta:1984,1.300143292,0.013113837,0.0089,0.22999999999999998,0.095,0.1039,1.0,0.0,0.0,5337.873172,106.7574634,3.141592653589793,1.0,3.749399456654644e-33,2.6670937881135714e+32,0.0018585460358563621,0.12424145396414363,4.433234524286382,1.0821268845935201,0.084018,0.09558799999999999,0.11148920999999999,0.3339,1.032970673129,1.021400673129,1.607319646729509e-33,0.00013663750102438195,39065945.52726411,781318.910252537,1.0216052152536664e-36,9.82073535185155e-37,2316.094446451876,2140.316888367367,12363018.409533659,247260.36809802943,31.750599479696465,0.6350119893560024,11424740.097994687,228494.80187428108,29.34092104330534,0.5868184206462371,"[0.270,0.340]",0.3,"[0.070,0.100]",0.093,0.001,0.0,124,0.1245,0.01,0.8866835225290001,13,1.021683522529,0.005,0.0,24,0.1225,0.008,0.8811835225290001,17,1.0211835225290002,0.12521239107284998,0.12339142511154891,1.5481240595006372e-33,1.6109619755501947e-33,0.11609103700477197,0.12460515223181323,1.5939711745878587e-33,1.6064939416456114e-33
26,56,0.2211,180.0,0.136,4064.107517,81.28215034,Hotta:1984,1.496023413,0.020914801,0.0089,0.22999999999999998,0.08509999999999998,0.09399999999999999,1.0,0.0,0.0,4064.107517,81.28215034,3.141592653589793,1.0,3.749399456654644e-33,2.6670937881135714e+32,0.0018585460358563621,0.13414145396414365,4.433234524286382,1.0821268845935201,0.07526243999999999,0.08647999999999999,0.10497599999999999,0.32399999999999995,1.0603040385290001,1.0490864785290002,1.5443914085671656e-33,0.0001634582603496224,24863274.014462423,497265.48028924846,1.0216052152536662e-36,9.820735351851548e-37,2410.4667293617026,2227.5268858763707,9796395.9542773,195927.91908554602,25.1590213639834,0.503180427279668,9052908.76120976,181058.17522419518,23.249603833134504,0.46499207666269,"[0.270,0.340]",0.3,"[0.070,0.100]",0.093,0.001,0.0,134,0.1345,0.01,0.8866835225290001,16,1.051683522529,0.005,0.0,26,0.1325,0.008,0.8811835225290001,20,1.045183522529,0.13518749332531854,0.13339142511154892,1.494017820030481e-33,1.5736251048972765e-33,0.13022291600950908,0.13739460690012395,1.5214644759172861e-33,1.558377874784151e-33
26,56,0.2211,180.0,0.1459,3065.969121,61.31938241,Hotta:1984,1.650375395,0.045988721,0.0089,0.22999999999999998,0.07519999999999999,0.0841,1.0,0.0,0.0,3065.969121,61.31938241,3.141592653589793,1.0,3.749399456654644e-33,2.6670937881135714e+32,0.0018585460358563621,0.14404145396414364,4.433234524286382,1.0821268845935201,0.06650687999999999,0.07737199999999998,0.09865880999999999,0.3141,1.087637403929,1.076772283929,1.4702109966676217e-33,0.00019027901967486245,16113017.221966704,322260.3443867797,1.0216052152536664e-36,9.82073535185155e-37,2532.0883301111767,2339.9181428361853,7763304.631765323,155266.09260998556,19.937653397973946,0.39875306789445003,7174116.771603412,143482.33540866905,18.42450611091059,0.36849012215811816,"[0.270,0.340]",0.3,"[0.070,0.100]",0.093,0.001,0.0,144,0.1445,0.01,0.8866835225290001,19,1.081683522529,0.005,0.0,28,0.14250000000000002,0.008,0.8811835225290001,24,1.077183522529,0.14516069336217186,0.14339142511154893,1.4357778036612647e-33,1.5352710876620659e-33,0.14417031146208303,0.15444721312453838,1.4417466016005031e-33,1.4920085046739335e-33
26,56,0.2211,180.0,0.1559,2454.372594,49.08745188,Hotta:1984,1.804941927,0.055818746,0.0089,0.22999999999999998,0.06519999999999998,0.07409999999999999,1.0,0.0,0.0,2454.372594,49.08745188,3.141592653589793,1.0,3.749399456654644e-33,2.6670937881135714e+32,0.0018585460358563621,0.15404145396414365,4.433234524286382,1.0821268845935201,0.05766287999999998,0.06817199999999998,0.09247680999999999,0.3041,1.1152468639289999,1.104737743929,1.3819900349020491e-33,0.0002173706957609638,11291184.331024094,225823.6866204819,1.0216052152536666e-36,9.820735351851552e-37,2693.727171286775,2489.289573744045,6611410.144919404,132228.2028983881,16.97936770404406,0.3395873540808812,6109644.108327325,122192.88216654652,15.69073640603803,0.3138147281207606,"[0.270,0.340]",0.3,"[0.045,0.070]",0.056,0.001,0.0,154,0.1545,0.01,0.8866835225290001,21,1.101683522529,0.003,0.0,51,0.1545,0.01,0.918183522529,18,1.103183522529,0.15513199227122954,0.15503677211018,1.3734063743799697e-33,1.3116929779428324e-33,0.15336958002745582,0.14858537973489594,1.3847317884706379e-33,1.3446003017755199e-33
26,56,0.2211,180.0,0.1658,2098.863593,41.97727187,Hotta:1984,1.934380115,0.069085004,0.0089,0.22999999999999998,0.05529999999999999,0.0642,1.0,0.0,0.0,2098.863593,41.97727187,3.141592653589793,1.0,3.749399456654644e-33,2.6670937881135714e+32,0.0018585460358563621,0.16394145396414364,4.433234524286382,1.0821268845935201,0.04890731999999999,0.05906399999999999,0.08655363999999999,0.29419999999999996,1.142580229329,1.132423549329,1.2792906774795944e-33,0.000244191455086204,8595155.765213255,171903.1153452166,1.0216052152536664e-36,9.82073535185155e-37,2909.9751706137067,2689.1256580385048,6107640.942135072,122152.81887180121,15.685591891538847,0.3137118379055107,5644107.940659186,112882.15884007498,14.495150351458866,0.2899030070982392,"[0.270,0.340]",0.3,"[0.045,0.070]",0.056,0.001,0.0,163,0.1635,0.01,0.8866835225290001,24,1.131683522529,0.003,0.0,54,0.1635,0.01,0.918183522529,21,1.1331835225290001,0.16410453672337155,0.16403677211018,1.313741682007129e-33,1.2662602585149633e-33,0.16702493383006012,0.16457219807028448,1.2935984594466918e-33,1.2635787179296328e-33
26,56,0.2356,180.0,0.0071,6.05e-33,1.21e-34,Hotta:1984,1.74E+34,1.49E+33,0.0089,0.2445,0.2285,0.2374,1.0,0.0,0.0,6.05e-33,1.21e-34,3.141592653589793,1.0,3.749399456654644e-33,2.6670937881135714e+32,0.002109148035416203,0.0049908519645837975,4.433234524286382,1.076978800649139,0.2153384,0.2321772,0.23222761,0.4819,0.678341299129,0.661502499129,1.8742927844100807e-33,-0.00018716742946480968,-3.2324000053318527e-29,-6.464800010663706e-31,8.997254685643613e-37,8.669747255368652e-37,2244.5182454844253,2084.087675757,1.3579335385180774e-29,2.7158670770361547e-31,3.487433446534905e-35,6.9748668930698105e-37,1.260873043832985e-29,2.52174608766597e-31,3.238163503713246e-35,6.476327007426491e-37,"[0.428,0.523]",0.475,"[0.206,0.322]",0.265,0.0036,0.0,1,0.0054,0.032,0.7510585225290001,-3,0.6710585225290001,0.005,0.0,0,0.0025,0.015,0.7091835225290001,-4,0.6566835225290001,0.007562116280766418,0.00504008230710174,1.8742245778176683e-33,1.8745200401632806e-33,0.008660747697799676,0.022023067913070113,1.8740764883956152e-33,1.8712748327174287e-33
26,56,0.2356,180.0,0.017,59.79179152,1.19583583,Hotta:1984,15.63759801,0.451567001,0.0089,0.2445,0.21860000000000002,0.2275,1.0,0.0,0.0,59.79179152,1.19583583,3.141592653589793,1.0,3.749399456654644e-33,2.6670937881135714e+32,0.002109148035416203,0.014890851964583798,4.433234524286382,1.076978800649139,0.20600864000000002,0.222495,0.222784,0.47200000000000003,0.7062488645289999,0.689762504529,1.8722678291716977e-33,-0.00016299899181976098,-366823.0757286881,-7336.46151211976,8.997254685643612e-37,8.66974725536865e-37,2246.945808949451,2086.3417251993496,134348.91536544333,2686.9783064100884,0.3450337499303888,0.006900674996299541,124746.10947259664,2494.9221886173964,0.32037190492739775,0.006407438096404705,"[0.428,0.523]",0.475,"[0.206,0.322]",0.265,0.0036,0.0,4,0.0162,0.032,0.7510585225290001,-2,0.703058522529,0.005,0.0,2,0.0125,0.015,0.7091835225290001,-2,0.6866835225290001,0.018359433539792747,0.015040082307101741,1.8718990511523455e-33,1.8731008489068863e-33,0.025409272602853195,0.038009886248458656,1.869335231875706e-33,1.8645344871620808e-33
26,56,0.2356,180.0,0.0269,738.2615956,14.76523191,Hotta:1984,2.519432151,0.046054136,0.0089,0.2445,0.2087,0.2176,1.0,0.0,0.0,738.2615956,14.76523191,3.141592653589793,1.0,3.749399456654644e-33,2.6670937881135714e+32,0.002109148035416203,0.024790851964583797,4.433234524286382,1.076978800649139,0.19667888,0.2128128,0.21353641,0.4621,0.734156429929,0.718022509929,1.8683469406672923e-33,-0.00013883055417471227,-5317716.982321698,-106354.33963202791,8.997254685643613e-37,8.669747255368652e-37,2251.661220097438,2090.72009471335,1662315.0050997774,33246.30009749223,4.2691433586568195,0.08538286716157102,1543498.353076061,30869.96705733978,3.963999436278257,0.0792799887148264,"[0.428,0.523]",0.475,"[0.206,0.322]",0.265,0.0036,0.0,6,0.0234,0.032,0.7510585225290001,-2,0.703058522529,0.005,0.0,4,0.0225,0.015,0.7091835225290001,0,0.716683522529,0.02555640402687942,0.025040082307101738,1.869272926182841e-33,1.870274547787422e-33,0.025409272602853195,0.05399670458384714,1.869335231875706e-33,1.854297943909322e-33
26,56,0.2356,180.0,0.0368,1612.820972,32.25641944,Hotta:1984,1.804292014,0.027901423,0.0089,0.2445,0.1988,0.2077,1.0,0.0,0.0,1612.820972,32.25641944,3.141592653589793,1.0,3.749399456654644e-33,2.6670937881135714e+32,0.002109148035416203,0.034690851964583796,4.433234524286382,1.076978800649139,0.18734912,0.2031306,0.20448484,0.4522,0.762063995329,0.746282515329,1.8622841704791705e-33,-0.00011466211652966348,-14065857.327714318,-281317.14655428636,8.997254685643612e-37,8.66974725536865e-37,2258.991629030381,2097.526550818637,3643349.0748726423,72866.98149745286,9.356818327779825,0.1871363665555965,3382934.810487122,67658.69620974244,8.688024613056534,0.1737604922611307,"[0.428,0.523]",0.475,"[0.145,0.206]",0.16,0.0036,0.0,9,0.0342,0.032,0.7510585225290001,-1,0.7350585225290001,0.005,0.0,6,0.0325,0.03,0.8141835225290001,-3,0.7391835225290001,0.03634999925574789,0.034033634600514256,1.8637209678604047e-33,1.8612257534254623e-33,0.04187164367714624,0.010032954161528721,1.8601322454519562e-33,1.873521047417031e-33
26,56,0.2356,180.0,0.0468,3120.043331,62.40086662,Hotta:1984,1.262802975,0.018268977,0.0089,0.2445,0.1888,0.1977,1.0,0.0,0.0,3120.043331,62.40086662,3.141592653589793,1.0,3.749399456654644e-33,2.6670937881135714e+32,0.002109148035416203,0.0446908519645838,4.433234524286382,1.076978800649139,0.17792512,0.19335059999999998,0.19554084,0.4422,0.7902534553289999,0.7748279753289999,1.8537013408141474e-33,-9.024955325183658e-05,-34571288.37295942,-691425.7674591885,8.997254685643613e-37,8.669747255368652e-37,2269.450994808346,2107.238316520674,7080785.441383095,141615.7088276619,18.184813376776386,0.36369626753552775,6574674.856287995,131493.49712575992,16.885024445992492,0.3377004889198499,"[0.428,0.523]",0.475,"[0.145,0.206]",0.16,0.0036,0.0,12,0.045,0.032,0.7510585225290001,0,0.7670585225290001,0.005,0.0,8,0.0425,0.03,0.8141835225290001,-2,0.769183522529,0.0471413631132549,0.04403363460051426,1.856234751389242e-33,1.852253186783024e-33,0.05806204531808978,0.026019772496917202,1.846688693209185e-33,1.866800495497626e-33
26,56,0.2356,180.0,0.0567,4769.977095,95.3995419,Hotta:1984,1.035644386,0.012578677,0.0089,0.2445,0.1789,0.1878,1.0,0.0,0.0,4769.977095,95.3995419,3.141592653589793,1.0,3.749399456654644e-33,2.6670937881135714e+32,0.002109148035416203,0.0545908519645838,4.433234524286382,1.076978800649139,0.16859536,0.18366839999999998,0.18688328999999998,0.43229999999999996,0.8181610207290001,0.8030879807290001,1.842449903264834e-33,-6.608111560678771e-05,-72183664.74596925,-1443673.2949193849,8.997254685643612e-37,8.66974725536865e-37,2283.3100343914934,2120.106758847295,10891336.564831086,217826.73129662173,27.97103859376757,0.5594207718753514,10112860.678656287,202257.21357312574,25.971763396743082,0.5194352679348616,"[0.428,0.523]",0.475,"[0.145,0.206]",0.16,0.0036,0.0,15,0.055799999999999995,0.032,0.7510585225290001,1,0.7990585225290001,0.005,0.0,10,0.0525,0.03,0.8141835225290001,-1,0.799183522529,0.05793049698272057,0.05403363460051425,1.8468154758872784e-33,1.8411037993330913e-33,0.07399352741706322,0.04200659083230574,1.8292080499373486e-33,1.8542502032803626e-33
26,56,0.2356,180.0,0.0666,6375.644301,127.512886,Hotta:1984,0.9238282,0.011136129,0.0089,0.2445,0.16899999999999998,0.17789999999999997,1.0,0.0,0.0,6375.644301,127.512886,3.141592653589793,1.0,3.749399456654644e-33,2.6670937881135714e+32,0.002109148035416203,0.0644908519645838,4.433234524286382,1.076978800649139,0.15926559999999998,0.17398619999999998,0.17842175999999998,0.4224,0.8460685861290002,0.8313479861290002,1.828094745129199e-33,-4.191267796173893e-05,-152117321.3226836,-3042346.425976489,8.997254685643613e-37,8.669747255368652e-37,2301.2397815797644,2136.7549483729053,14671886.29866351,293437.7259272454,37.68021449529518,0.7536042897877031,13623189.509227265,272463.79014181014,34.98696025639853,0.6997392050182186,"[0.340,0.428]",0.38,"[0.145,0.206]",0.16,0.0036,0.0,17,0.063,0.008,0.8322835225290001,-1,0.8282835225290001,0.005,0.0,12,0.0625,0.03,0.8141835225290001,0,0.8291835225290001,0.06434442047201827,0.06403363460051426,1.820948757760074e-33,1.827857382996377e-33,0.047974191392198606,0.057993409167694285,1.8448197794538394e-33,1.8361044062433357e-33
26,56,0.2356,180.0,0.0765,7617.808222,152.3561644,Hotta:1984,0.909710483,0.00971408,0.0089,0.2445,0.15910000000000002,0.168,1.0,0.0,0.0,7617.808222,152.3561644,3.141592653589793,1.0,3.749399456654644e-33,2.6670937881135714e+32,0.002109148035416203,0.0743908519645838,4.433234524286382,1.076978800649139,0.14993584000000001,0.164304,0.17015625,0.41250000000000003,0.873976151529,0.859607991529,1.8102224523818095e-33,-1.774424031669035e-05,-429311601.1754326,-8586232.0212544,8.997254685643612e-37,8.66974725536865e-37,2323.959879324777,2157.8510904058944,17703480.67631841,354069.6134334099,45.465929575650804,0.9093185912742814,16438095.778345687,328761.91548059974,42.2161787662363,0.844323575103055,"[0.340,0.428]",0.38,"[0.145,0.206]",0.16,0.0036,0.0,20,0.0738,0.008,0.8322835225290001,3,0.8602835225290001,0.005,0.0,14,0.0725,0.03,0.8141835225290001,1,0.8591835225290001,0.07513000130994385,0.07403363460051425,1.801418740321988e-33,1.8126068521616703e-33,0.06406602574378495,0.07398022750308282,1.8214128730598953e-33,1.8126934441373694e-33
26,56,0.2356,180.0,0.0864,8305.182784,166.1036557,Hotta:1984,0.947601059,0.01035498,0.0089,0.2445,0.1492,0.1581,1.0,0.0,0.0,8305.182784,166.1036557,3.141592653589793,1.0,3.749399456654644e-33,2.6670937881135714e+32,0.002109148035416203,0.0842908519645838,4.433234524286382,1.076978800649139,0.14060608,0.15462179999999998,0.16208675999999997,0.40259999999999996,0.9018837169290002,0.8878679969290002,1.788359804671779e-33,6.424197328358522e-06,1292796961.1609204,25855939.226331633,8.997254685643612e-37,8.66974725536865e-37,2352.3702227026565,2184.2307585671947,19536864.67518435,390737.29355073435,50.17441087950357,1.003488217710898,18140435.692335527,362808.7138903951,46.58811375791372,0.9317622752704646,"[0.340,0.428]",0.38,"[0.145,0.206]",0.16,0.0036,0.0,23,0.0846,0.008,0.8322835225290001,6,0.8842835225290001,0.005,0.0,16,0.0825,0.03,0.8141835225290001,2,0.889183522529,0.08591335574227088,0.08403363460051426,1.7788731703890895e-33,1.79545666764805e-33,0.07596736723500619,0.08996704583847132,1.7997761218276003e-33,1.7844291456303225e-33
26,56,0.2356,180.0,0.0964,8385.27287,167.7054574,Hotta:1984,0.99340834,0.010017563,0.0089,0.2445,0.1392,0.14809999999999998,1.0,0.0,0.0,8385.27287,167.7054574,3.141592653589793,1.0,3.749399456654644e-33,2.6670937881135714e+32,0.002109148035416203,0.0942908519645838,4.433234524286382,1.076978800649139,0.13118208,0.1448418,0.15413475999999998,0.3926,0.9300731769289999,0.9164134569289999,1.761671949341215e-33,3.083676060618524e-05,271924570.0638893,5438491.401277786,8.99725468564361e-37,8.669747255368649e-37,2388.006662398988,2217.320026132027,20024087.479593482,400481.74959186965,51.425692371427864,1.0285138474285573,18592833.45923258,371856.6691846516,47.74995788257997,0.9549991576515993,"[0.340,0.428]",0.38,"[0.100,0.145]",0.12,0.0036,0.0,26,0.0954,0.008,0.8322835225290001,10,0.916283522529,0.005,0.0,18,0.0925,0.008,0.8541835225290001,7,0.914183522529,0.09669448514718937,0.09365022595038569,1.753313914640368e-33,1.7470166191791587e-33,0.09162190848775442,0.08197363667077705,1.765715616051015e-33,1.7752883571958154e-33
26,56,0.2356,180.0,0.1063,7924.887273,158.4977455,Hotta:1984,1.039762424,0.010094781,0.0089,0.2445,0.1293,0.1382,1.0,0.0,0.0,7924.887273,158.4977455,3.141592653589793,1.0,3.749399456654644e-33,2.6670937881135714e+32,0.002109148035416203,0.1041908519645838,4.433234524286382,1.076978800649139,0.12185232,0.1351596,0.14645929,0.3827,0.957980742329,0.9446734623290001,1.7300620902971024e-33,5.500519825123411e-05,144075242.430786,2881504.849342924,8.997254685643612e-37,8.66974725536865e-37,2431.6377866333037,2257.832545234555,19270455.34783616,385409.1070539887,49.49022069470493,0.9898044141438951,17893068.40229452,357861.36813620373,45.95282717252666,0.9190565436824751,"[0.340,0.428]",0.38,"[0.100,0.145]",0.12,0.0036,0.0,28,0.1026,0.008,0.8322835225290001,14,0.9482835225290001,0.005,0.0,20,0.10250000000000001,0.008,0.8541835225290001,11,0.9461835225290001,0.10388066930406836,0.1036502259503857,1.734601061855502e-33,1.7206529748747975e-33,0.10704203506311438,0.09902624289519149,1.7259441578973117e-33,1.733075715770315e-33
26,56,0.2356,180.0,0.1162,7062.38603,141.2477206,Hotta:1984,1.156832828,0.009345284,0.0089,0.2445,0.1194,0.1283,1.0,0.0,0.0,7062.38603,141.2477206,3.141592653589793,1.0,3.749399456654644e-33,2.6670937881135714e+32,0.002109148035416203,0.1140908519645838,4.433234524286382,1.076978800649139,0.11252256000000001,0.1254774,0.13897984,0.37279999999999996,0.985888307729,0.9729334677290001,1.692565250407676e-33,7.91736358962829e-05,89201234.09832652,1784024.6819665306,8.997254685643612e-37,8.66974725536865e-37,2485.5079300339826,2307.852233057759,17553616.482526217,351072.32965052436,45.08104961868381,0.9016209923736761,16298943.37005142,325978.86740102846,41.85880872632926,0.8371761745265853,"[0.340,0.428]",0.38,"[0.100,0.145]",0.12,0.0036,0.0,31,0.1134,0.008,0.8322835225290001,17,0.9722835225290001,0.005,0.0,22,0.1125,0.008,0.8541835225290001,14,0.9701835225290001,0.11465809338873356,0.1136502259503857,1.7040231393620603e-33,1.69252260551921e-33,0.11845947443664773,0.11181569756350233,1.6925182901297748e-33,1.6978060230676225e-33
26,56,0.2356,180.0,0.1261,5963.49546,119.2699092,Hotta:1984,1.306280864,0.014588759,0.0089,0.2445,0.10950000000000001,0.11840000000000002,1.0,0.0,0.0,5963.49546,119.2699092,3.141592653589793,1.0,3.749399456654644e-33,2.6670937881135714e+32,0.002109148035416203,0.12399085196458379,4.433234524286382,1.076978800649139,0.10319280000000002,0.11579520000000001,0.13169641,0.3629,1.013795873129,1.001193473129,1.6483458431525045e-33,0.00010334207354133147,57706365.42932256,1154127.3085864512,8.997254685643612e-37,8.66974725536865e-37,2552.185495212859,2369.763911485122,15219946.613779739,304398.93227559474,39.087738368474305,0.781754767369486,14132076.327413369,282641.52654826734,36.29387908556281,0.725877581711256,"[0.340,0.428]",0.38,"[0.100,0.145]",0.12,0.0036,0.0,34,0.12419999999999999,0.008,0.8322835225290001,21,1.004283522529,0.005,0.0,24,0.1225,0.008,0.8541835225290001,18,1.0021835225290001,0.1254332961141884,0.12365022595038569,1.67043649945971e-33,1.662835398440688e-33,0.13349354292294457,0.12886830378791678,1.643341450939341e-33,1.646796298773818e-33
26,56,0.2356,180.0,0.136,4805.415165,96.10830329,Hotta:1984,1.408827285,0.016647885,0.0089,0.2445,0.0996,0.1085,1.0,0.0,0.0,4805.415165,96.10830329,3.141592653589793,1.0,3.749399456654644e-33,2.6670937881135714e+32,0.002109148035416203,0.1338908519645838,4.433234524286382,1.076978800649139,0.09386304,0.106113,0.124609,0.353,1.041703438529,1.0294534785290002,1.5964337429238428e-33,0.00012751051118638034,37686423.81157105,753728.476152996,8.997254685643613e-37,8.669747255368652e-37,2635.1762925553,2446.8228074377803,12663116.118693715,253262.3223475225,32.521307882182356,0.6504261575759708,11757999.424929384,235159.98847411945,30.19679483252636,0.6039358965876881,"[0.340,0.428]",0.38,"[0.100,0.145]",0.12,0.0036,0.0,37,0.135,0.008,0.8322835225290001,24,1.0282835225290001,0.005,0.0,26,0.1325,0.008,0.8541835225290001,21,1.0261835225290001,0.13620627885342884,0.1336502259503857,1.6338430017824695e-33,1.631800950140435e-33,0.1446321308997479,0.1416577584562276,1.603122036518668e-33,1.6061177510484444e-33
26,56,0.2356,180.0,0.146,3743.77098,74.8754196,Hotta:1984,1.535884548,0.020567497,0.0089,0.2445,0.08960000000000001,0.09850000000000002,1.0,0.0,0.0,3743.77098,74.8754196,3.141592653589793,1.0,3.749399456654644e-33,2.6670937881135714e+32,0.002109148035416203,0.1438908519645838,4.433234524286382,1.076978800649139,0.08443904,0.09633300000000002,0.11764900000000002,0.343,1.0698928985290002,1.057998938529,1.5350359878023264e-33,0.00015192307446420728,24642543.55833237,492850.8711666474,8.997254685643615e-37,8.669747255368654e-37,2740.5770193121825,2544.6898468756535,10260092.713355849,205201.85426711699,26.349883464955685,0.5269976692991137,9526736.001833715,190534.72003667432,24.46648295126472,0.48932965902529446,"[0.340,0.428]",0.38,"[0.070,0.100]",0.093,0.0036,0.0,39,0.1422,0.008,0.8322835225290001,28,1.0602835225290002,0.005,0.0,28,0.14250000000000002,0.008,0.8811835225290001,22,1.061183522529,0.14338703469795178,0.14339142511154893,1.6077777775936225e-33,1.5352710876620659e-33,0.15930775900090388,0.14592091001233115,1.5452126555250373e-33,1.5254408319453733e-33
26,56,0.2356,180.0,0.1559,2920.415094,58.40830188,Hotta:1984,1.746327093,0.054786732,0.0089,0.2445,0.0797,0.0886,1.0,0.0,0.0,2920.415094,58.40830188,3.141592653589793,1.0,3.749399456654644e-33,2.6670937881135714e+32,0.002109148035416203,0.1537908519645838,4.433234524286382,1.076978800649139,0.07510928,0.0866508,0.11095561000000001,0.3331,1.097800463929,1.086258943929,1.4640470294322668e-33,0.00017609151210925595,16584644.308057442,331692.8861611489,8.99725468564361e-37,8.669747255368649e-37,2873.4625783295996,2668.0771957606285,8391703.48579792,167834.0697159584,21.551502028378263,0.4310300405675653,7791892.914456532,155837.85828913064,20.01107358416739,0.4002214716833478,"[0.270,0.340]",0.3,"[0.070,0.100]",0.093,0.001,0.0,153,0.1535,0.01,0.8866835225290001,19,1.081683522529,0.005,0.0,30,0.1525,0.008,0.8811835225290001,25,1.085183522529,0.15413494790009707,0.1533914251115489,1.3798293635620402e-33,1.4961698848957365e-33,0.14417031146208303,0.15871036468064198,1.4417466016005031e-33,1.4751550859081456e-33
26,56,0.2356,180.0,0.1658,2378.895245,47.5779049,Hotta:1984,2.047168748,0.071882106,0.0089,0.2445,0.0698,0.0787,1.0,0.0,0.0,2378.895245,47.5779049,3.141592653589793,1.0,3.749399456654644e-33,2.6670937881135714e+32,0.002109148035416203,0.1636908519645838,4.433234524286382,1.076978800649139,0.06577952000000001,0.0769686,0.10445824000000001,0.3232,1.125708029329,1.114518949329,1.381346397466914e-33,0.00020025994975430463,11879036.461951701,237580.729239034,8.99725468564361e-37,8.669747255368649e-37,3045.4955829346886,2827.8138632803584,7244914.960911835,144898.29921823667,18.606329422836257,0.37212658845672514,6727072.953102726,134541.4590620545,17.276411951304397,0.34552823902608787,"[0.270,0.340]",0.3,"[0.070,0.100]",0.093,0.001,0.0,163,0.1635,0.01,0.8866835225290001,22,1.111683522529,0.005,0.0,32,0.1625,0.008,0.8811835225290001,29,1.117183522529,0.16410453672337155,0.16339142511154892,1.313741682007129e-33,1.4565730763215864e-33,0.15794026507618952,0.17576297090505644,1.3550928012937368e-33,1.4072434016042151e-33
26,56,0.2356,180.0,0.1757,2115.449252,42.30898505,Hotta:1984,2.283202962,0.089815437,0.0089,0.2445,0.05990000000000001,0.06880000000000001,1.0,0.0,0.0,2115.449252,42.30898505,3.141592653589793,1.0,3.749399456654644e-33,2.6670937881135714e+32,0.002109148035416203,0.1735908519645838,4.433234524286382,1.076978800649139,0.05644976000000001,0.06728640000000001,0.09815689000000001,0.3133,1.153615594729,1.1427789547290002,1.2851038353000337e-33,0.0002244283873993535,9425943.288696881,188518.86581849528,8.997254685643612e-37,8.66974725536865e-37,3273.575439144222,3039.5913430896735,6925082.714103215,138501.65431480005,17.78493894740988,0.35569877903226926,6430101.233124725,128602.02469289041,16.5137316878384,0.3302746338348305,"[0.270,0.340]",0.3,"[0.045,0.070]",0.056,0.001,0.0,173,0.17350000000000002,0.01,0.8866835225290001,25,1.141683522529,0.003,0.0,57,0.17250000000000001,0.01,0.918183522529,22,1.1431835225290001,0.17407222648285625,0.17303677211018,1.243527072912782e-33,1.2215624644989265e-33,0.17153938167944405,0.169901137515414,1.2617612474545858e-33,1.2370406789973312e-33
26,56,0.24,60.0,0.015,129617.0838,2592.341677,Meziani:1984is,1.380990798,0.044824338,0.0089,0.24889999999999998,0.22499999999999998,0.23389999999999997,1.0,0.0,0.0,129617.0838,2592.341677,1.0471975511965976,0.24999999999999994,0.7500000000000001,0.3333333333333333,0.0005508412723331801,0.01444915872766682,4.433234524286382,1.0755418402777779,0.05399999999999998,0.05821770999999997,0.058442709999999974,0.2417492709399554,0.8545044125290001,0.8502867025290001,0.5990738789089813,-0.0002474095628430545,-523896822.38039947,-10477936.45164987,0.002774965812421193,0.002675740437850889,233.9917318414727,217.55707037955878,30329325.914603293,606586.5185260576,77.89151869750162,1.5578303745509683,28199113.022669766,563982.2606709524,72.4207239370481,1.44841447929969,"[0.223,0.270]",0.24,"[0.045,0.070]",0.056,0.0006,0.0,24,0.0147,0.018,0.919083522529,-4,0.856083522529,0.003,0.0,4,0.0135,0.01,0.918183522529,-7,0.8531835225290001,0.015249879329608973,0.01403677211017999,0.5990286518394932,0.5991567682857128,0.01759494199251177,0.015361893606658223,0.5987059018441442,0.5989903257547815
26,56,0.24,60.0,0.025,218384.0952,4367.681904,Meziani:1984is,0.879184905,0.029443536,0.0089,0.24889999999999998,0.215,0.2239,1.0,0.0,0.0,218384.0952,4367.681904,1.0471975511965976,0.24999999999999994,0.7500000000000001,0.3333333333333333,0.0005508412723331801,0.02444915872766682,4.433234524286382,1.0755418402777779,0.051599999999999986,0.05572870999999998,0.05635370999999998,0.23738936370444227,0.8756698725290001,0.871541162529,0.5973204098486729,-7.221376584942467e-05,-3024133870.2008696,-60482677.40401739,0.0027749658124211923,0.0026757404378508886,236.73587300940338,220.1084738351621,51699349.42854066,1033986.9885708132,132.77383262655732,2.655476652531146,48068189.90434475,961363.798086895,123.44831939989066,2.4689663879978134,"[0.223,0.270]",0.24,"[0.045,0.070]",0.056,0.0006,0.0,40,0.0243,0.018,0.919083522529,-3,0.874083522529,0.003,0.0,8,0.025500000000000002,0.01,0.918183522529,-5,0.873183522529,0.024846191183804933,0.026036772110179993,0.597411130398598,0.5971086569950803,0.02696454720224184,0.02601977249691719,0.5969473514288788,0.5971124131592014
26,56,0.24,60.0,0.035,251689.6345,5033.79269,Meziani:1984is,0.750924846,0.026620087,0.0089,0.24889999999999998,0.205,0.21389999999999998,1.0,0.0,0.0,251689.6345,5033.79269,1.0471975511965976,0.24999999999999994,0.7500000000000001,0.3333333333333333,0.0005508412723331801,0.03444915872766682,4.433234524286382,1.0755418402777779,0.04919999999999998,0.053239709999999975,0.05446470999999997,0.2333767554834885,0.896835332529,0.8927956225290001,0.5945281670048099,0.00010120292888733685,2486979747.1987295,49739594.94397459,0.002774965812421193,0.002675740437850889,241.15770188511837,224.21973079432698,60696893.8443254,1213937.8768865082,155.8812502152962,3.117625004305925,56433782.09131255,1128675.641826251,144.9327626111106,2.898655252222212,"[0.223,0.270]",0.24,"[0.045,0.070]",0.056,0.0006,0.0,57,0.034499999999999996,0.018,0.919083522529,-2,0.892083522529,0.003,0.0,11,0.0345,0.01,0.918183522529,-3,0.893183522529,0.03504033948428997,0.03503677211017999,0.5948177810787094,0.5947846924522012,0.03624407144051611,0.03667765138717621,0.5944505940939713,0.5942895140365023
26,56,0.24,60.0,0.045,252184.5865,5043.69173,Meziani:1984is,0.777208483,0.028669476,0.0089,0.24889999999999998,0.195,0.2039,1.0,0.0,0.0,252184.5865,5043.69173,1.0471975511965976,0.24999999999999994,0.7500000000000001,0.3333333333333333,0.0005508412723331801,0.04444915872766682,4.433234524286382,1.0755418402777779,0.046799999999999994,0.050750709999999984,0.05277570999999998,0.22972964545308466,0.9180007925290001,0.9140500825290001,0.5905742182371034,0.00027147504809738195,928942045.5670674,18578840.911341347,0.0027749658124211923,0.0026757404378508886,247.5301363581422,230.14459046447985,62423285.08376671,1248465.701675334,160.31495361789635,3.2062990723579268,58038918.3814967,1160778.3676299339,149.0550600769675,2.98110120153935,"[0.223,0.270]",0.24,"[0.045,0.070]",0.056,0.0006,0.0,74,0.0447,0.018,0.919083522529,-1,0.910083522529,0.003,0.0,14,0.043500000000000004,0.01,0.918183522529,-1,0.913183522529,0.04523249730682011,0.04403677211017999,0.5912894465324444,0.5918025318377014,0.04543606396606914,0.04733553027743524,0.5912091403135756,0.5905484723737408
26,56,0.24,60.0,0.055,223404.1703,4468.083407,Meziani:1984is,0.859428898,0.032765727,0.0089,0.24889999999999998,0.185,0.1939,1.0,0.0,0.0,223404.1703,4468.083407,1.0471975511965976,0.24999999999999994,0.7500000000000001,0.3333333333333333,0.0005508412723331801,0.05444915872766682,4.433234524286382,1.0755418402777779,0.04439999999999999,0.04826170999999998,0.05128670999999998,0.2264656927660346,0.9391662525290001,0.9353045425290001,0.5853249463178047,0.00043712017133123624,511081814.45763385,10221636.291440377,0.0027749658124211927,0.002675740437850889,256.1951925619587,238.20104710737402,57235074.42915312,1144701.4888392575,146.9906348266293,2.9398126971905443,53215107.29361411,1064302.1461104832,136.6665891758022,2.733331784127789,"[0.223,0.270]",0.24,"[0.045,0.070]",0.056,0.0006,0.0,90,0.054299999999999994,0.018,0.919083522529,0,0.9280835225290001,0.003,0.0,18,0.0555,0.01,0.918183522529,1,0.933183522529,0.05482329918644524,0.05603677211017999,0.5870719357549001,0.5868375693734648,0.054542956020550704,0.05799340916769427,0.5872080324969384,0.585924276213493
26,56,0.24,60.0,0.065,178332.4941,3566.649882,Meziani:1984is,0.874770472,0.03712167,0.0089,0.24889999999999998,0.175,0.18389999999999998,1.0,0.0,0.0,178332.4941,3566.649882,1.0471975511965976,0.24999999999999994,0.7500000000000001,0.3333333333333333,0.0005508412723331801,0.06444915872766682,4.433234524286382,1.0755418402777779,0.04199999999999999,0.04577270999999999,0.04999770999999999,0.2236016770956783,0.9603317125290001,0.9565590025290002,0.5786358596043083,0.0005965784772103534,298925457.27411485,5978509.145482297,0.0027749658124211923,0.0026757404378508886,267.58514016017773,248.79100946093283,47719125.42886257,954382.5085772515,122.55185496163678,2.4510370992327357,44367521.22682485,887350.424536497,113.94429335262826,2.278885867052565,"[0.223,0.270]",0.24,"[0.045,0.070]",0.056,0.0006,0.0,107,0.06449999999999999,0.018,0.919083522529,2,0.9640835225290001,0.003,0.0,21,0.0645,0.01,0.918183522529,3,0.9531835225290001,0.06501159646612109,0.06503677211018,0.581578525266927,0.5824039875431608,0.07251061805531867,0.0686512880579533,0.5768231797961975,0.5804592564325822
26,56,0.24,60.0,0.075,132967.499,2659.34998,Meziani:1984is,0.94007935,0.044822983,0.0089,0.24889999999999998,0.16499999999999998,0.17389999999999997,1.0,0.0,0.0,132967.499,2659.34998,1.0471975511965976,0.24999999999999994,0.7500000000000001,0.3333333333333333,0.0005508412723331801,0.07444915872766682,4.433234524286382,1.0755418402777779,0.03959999999999999,0.04328370999999998,0.04890870999999998,0.2211531369888295,0.9814971725290002,0.9778134625290001,0.5703516361833902,0.0007482647462879573,177701140.7521659,3554022.8150433176,0.002774965812421192,0.002675740437850888,282.25121732407337,262.42699888939416,37530238.45728751,750604.7691457501,96.38484148142471,1.9276968296284938,34894261.71239852,697885.2342479704,89.61514826474031,1.7923029652948061,"[0.186,0.223]",0.205,"[0.035,0.045]",0.04,0.0006,0.0,124,0.07469999999999999,0.014,0.9346585225290001,3,0.9836585225290001,0.005,0.0,14,0.0725,0.008,0.934183522529,5,0.9781835225290001,0.07504883163949216,0.07288340865012856,0.5650216743658047,0.5697356899641624,0.07448734802365753,0.07344733355856987,0.5655879610839833,0.5692896104423353
26,56,0.24,60.0,0.085,89051.04516,1781.020903,Meziani:1984is,1.104984224,0.060863968,0.0089,0.24889999999999998,0.15499999999999997,0.16389999999999996,1.0,0.0,0.0,89051.04516,1781.020903,1.0471975511965976,0.24999999999999994,0.7500000000000001,0.3333333333333333,0.0005508412723331801,0.08444915872766683,4.433234524286382,1.0755418402777779,0.03719999999999998,0.040794709999999984,0.048019709999999986,0.21913400010039516,1.0026626325290002,0.9990679225290001,0.5603064779415956,0.000890630975928308,99986467.53463942,1999729.3504682288,0.0027749658124211927,0.002675740437850889,300.90311378438525,279.76885930041703,26795736.77439791,535914.7354277776,68.81658490706508,1.3763316979867464,24913709.323923122,498274.18642250873,63.98317790156073,1.2796635578875146,"[0.186,0.223]",0.205,"[0.035,0.045]",0.04,0.0006,0.0,140,0.08429999999999999,0.014,0.9346585225290001,4,0.997658522529,0.005,0.0,16,0.0825,0.008,0.934183522529,8,1.0021835225290001,0.08463416037356808,0.08288340865012857,0.554433293373365,0.5614315636478755,0.08137572506613766,0.0862367882268807,0.5582337159483567,0.5584679470579547
26,56,0.24,60.0,0.095,55425.43936,1108.508787,Meziani:1984is,1.142074844,0.080468465,0.0089,0.24889999999999998,0.145,0.15389999999999998,1.0,0.0,0.0,55425.43936,1108.508787,1.0471975511965976,0.24999999999999994,0.7500000000000001,0.3333333333333333,0.0005508412723331801,0.09444915872766682,4.433234524286382,1.0755418402777779,0.03479999999999999,0.038305709999999986,0.047330709999999984,0.21755622261843025,1.0238280925290002,1.0203223825290002,0.548324864352769,0.0010222360739750914,54219803.79196688,1084396.0756436882,0.0027749658124211923,0.0026757404378508886,324.4640750877488,301.67499109467485,17983563.918274507,359671.2783005974,46.185236992475915,0.9237047396828613,16720468.92534644,334409.3784465938,42.94136709785996,0.8588273418022474,"[0.186,0.223]",0.205,"[0.035,0.045]",0.04,0.0006,0.0,157,0.09449999999999999,0.014,0.9346585225290001,6,1.025658522529,0.005,0.0,18,0.0925,0.008,0.934183522529,10,1.0181835225290001,0.09481664573726079,0.09288340865012856,0.541097593514608,0.5523471977472958,0.09501472494838048,0.09476309133908793,0.5408147809805183,0.5505595160726279
26,56,0.24,60.0,0.105,33122.87948,662.4575896,Meziani:1984is,1.304234435,0.13615966,0.0089,0.24889999999999998,0.135,0.1439,1.0,0.0,0.0,33122.87948,662.4575896,1.0471975511965976,0.24999999999999994,0.7500000000000001,0.3333333333333333,0.0005508412723331801,0.10444915872766682,4.433234524286382,1.0755418402777779,0.03239999999999999,0.03581670999999999,0.04684170999999999,0.21642945732963428,1.0449935525290002,1.0415768425290002,0.5342228086761259,0.0011418175342174442,29008907.717204653,580178.1543440929,0.002774965812421193,0.002675740437850889,354.1491469645938,329.27509995624945,11730439.512853049,234608.79025706096,30.12601569906195,0.602520313981239,10906539.451615805,218130.78903231607,28.010082519227115,0.5602016503845423,"[0.186,0.223]",0.205,"[0.035,0.045]",0.04,0.0006,0.0,174,0.10469999999999999,0.014,0.9346585225290001,7,1.039658522529,0.005,0.0,20,0.10250000000000001,0.008,0.934183522529,13,1.0421835225290002,0.10499714744566546,0.10288340865012857,0.5252801644270548,0.5425690852475448,0.10176715428684291,0.10755254600739876,0.5305920476620304,0.5377907816196872
26,56,0.24,60.0,0.115,20239.46639,404.7893278,Meziani:1984is,1.650241136,0.264335032,0.0089,0.24889999999999998,0.12499999999999999,0.1339,1.0,0.0,0.0,20239.46639,404.7893278,1.0471975511965976,0.24999999999999994,0.7500000000000001,0.3333333333333333,0.0005508412723331801,0.11444915872766682,4.433234524286382,1.0755418402777779,0.02999999999999999,0.03332770999999999,0.04655270999999999,0.21576077029895863,1.0661590125290001,1.0628313025290002,0.517809730302496,0.0012483588919903676,16212858.753888037,324257.1750777607,0.0027749658124211923,0.0026757404378508886,391.5785270925231,364.0755872327486,7925340.438134826,158506.8087626965,20.353792387578654,0.40707584775157307,7368695.611216729,147373.91222433458,18.924221843681995,0.3784844368736399,"[0.186,0.223]",0.205,"[0.025,0.035]",0.026,0.0006,0.0,190,0.11429999999999998,0.014,0.9346585225290001,9,1.067658522529,0.005,0.0,22,0.1125,0.01,0.9481835225290001,11,1.063183522529,0.11457698509145331,0.11274921562258357,0.5077349264346325,0.5018505053871694,0.11514217101710666,0.11128280361898936,0.5066093836803267,0.5039810472089225
26,56,0.24,140.0,0.005,0.300582223,0.006011644,Meziani:1984is,235.2101839,15.00421401,0.0089,0.24889999999999998,0.235,0.24389999999999998,1.0,0.0,0.0,0.300582223,0.006011644,2.443460952792061,0.8830222215594888,0.11697777844051105,7.548632170413027,0.0019343785415428527,0.0030656214584571474,4.433234524286382,1.0755418402777779,0.19920981318382067,0.21442149571107053,0.21444649571107052,0.4630836811107367,0.6905291393451793,0.6753174568179295,0.06211556454663425,-0.0002041781970949505,-1472.15631872887,-29.44312412164341,3.469257169403876e-05,3.3452057880953405e-05,1926.1606990648881,1790.8747265168436,578.969664780158,11.579392409569241,0.0014869050039716255,2.973809780392768e-05,538.3051064109499,10.766101304416624,0.0013824706285602108,2.764941045552192e-05,"[0.428,0.523]",0.475,"[0.206,0.322]",0.265,0.0036,0.0,0,0.0018,0.032,0.7510585225290001,-3,0.6710585225290001,0.005,0.0,0,0.0025,0.015,0.7091835225290001,-3,0.6716835225290001,0.003962513914700594,0.00504008230710174,0.06211830224734124,0.062116772367315956,0.008660747697799676,0.03001647708076438,0.0621029870025966,0.061924894191812914
26,56,0.24,140.0,0.015,3.746428498,0.07492857,Meziani:1984is,306.9590146,10.91706408,0.0089,0.24889999999999998,0.22499999999999998,0.23389999999999997,1.0,0.0,0.0,3.746428498,0.07492857,2.443460952792061,0.8830222215594888,0.11697777844051105,7.548632170413027,0.0019343785415428527,0.013065621458457147,4.433234524286382,1.0755418402777779,0.19073279985684957,0.20563012647322423,0.20585512647322424,0.45371260338811864,0.7177716126721505,0.7028742860557758,0.06205867080244225,-0.00017672630614731723,-21199.04263079553,-423.98085284224925,3.469257169403875e-05,3.345205788095339e-05,1928.160462157881,1792.7340340938285,7223.7153041451365,144.47430616002913,0.0185518846433488,0.0003710376930650513,6716.349874663623,134.3269975649818,0.017248873031808266,0.0003449774608203287,"[0.428,0.523]",0.475,"[0.145,0.206]",0.16,0.0036,0.0,3,0.0126,0.032,0.7510585225290001,-2,0.703058522529,0.005,0.0,2,0.0125,0.03,0.8141835225290001,-4,0.7091835225290001,0.01476057604192249,0.01403363460051426,0.06206609170974809,0.062050723829414844,0.025409272602853195,-0.005953864173859821,0.06195560582497019,0.06210945116415903
26,56,0.24,140.0,0.025,1037.95598,20.75911959,Meziani:1984is,2.418214307,0.082662465,0.0089,0.24889999999999998,0.215,0.2239,1.0,0.0,0.0,1037.95598,20.75911959,2.443460952792061,0.8830222215594888,0.11697777844051105,7.548632170413027,0.0019343785415428527,0.02306562145845715,4.433234524286382,1.0755418402777779,0.1822557865298785,0.19683875723537797,0.19746375723537796,0.44436894269894467,0.7450140859991216,0.730431115293622,0.06193790964223791,-0.00014926758186794718,-6953659.776697195,-139073.19546695013,3.469257169403875e-05,3.345205788095339e-05,1932.4173284494877,1796.6919147937624,2005764.1219197698,40115.28241907123,5.151186480213442,0.10302372955464069,1864887.1171778361,37297.7423255898,4.7893873462728855,0.09578774687931522,"[0.428,0.523]",0.475,"[0.145,0.206]",0.16,0.0036,0.0,6,0.0234,0.032,0.7510585225290001,-1,0.7350585225290001,0.005,0.0,4,0.0225,0.03,0.8141835225290001,-3,0.7391835225290001,0.02555640402687942,0.024033634600514258,0.061953668754431666,0.06191273090688181,0.04187164367714624,0.010032954161528721,0.06166940025775002,0.062085723606274644
26,56,0.24,140.0,0.035,2342.391589,46.84783179,Meziani:1984is,1.635081008,0.055498833,0.0089,0.24889999999999998,0.205,0.21389999999999998,1.0,0.0,0.0,2342.391589,46.84783179,2.443460952792061,0.8830222215594888,0.11697777844051105,7.548632170413027,0.0019343785415428527,0.03306562145845715,4.433234524286382,1.0755418402777779,0.17377877320290738,0.1880473879975317,0.1892723879975317,0.4350544655529141,0.7722565593260927,0.7579879445314683,0.06174511700094674,-0.00012180657443753033,-19230420.03123828,-384608.400706863,3.4692571694038754e-05,3.34520578809534e-05,1939.2479701325149,1803.042798996708,4542478.134223726,90849.562703867,11.665953985298378,0.23331907975577118,4223432.286976906,84468.64575756855,10.846583134585853,0.21693166273802267,"[0.428,0.523]",0.475,"[0.145,0.206]",0.16,0.0036,0.0,9,0.0342,0.032,0.7510585225290001,0,0.7670585225290001,0.005,0.0,6,0.0325,0.03,0.8141835225290001,-2,0.769183522529,0.03634999925574789,0.034033634600514256,0.061781027444830064,0.06170341662977539,0.05806204531808978,0.026019772496917202,0.06125100242233786,0.061876794960163094
26,56,0.24,140.0,0.045,4372.774209,87.45548417,Meziani:1984is,1.212045202,0.041849863,0.0089,0.24889999999999998,0.195,0.2039,1.0,0.0,0.0,4372.774209,87.45548417,2.443460952792061,0.8830222215594888,0.11697777844051105,7.548632170413027,0.0019343785415428527,0.043065621458457146,4.433234524286382,1.0755418402777779,0.16530175987593632,0.17925601875968544,0.18128101875968544,0.42577108727541074,0.7994990326530638,0.7855447737693146,0.06147107606219018,-9.4348681608638e-05,-46346956.146546245,-926939.1228249351,3.4692571694038754e-05,3.34520578809534e-05,1949.0312570895796,1812.1389462507636,8522673.613536162,170453.47225123295,21.88785840445669,0.437757168039079,7924074.447289777,158481.48892767416,20.350541080581078,0.40701082156508234,"[0.340,0.428]",0.38,"[0.145,0.206]",0.16,0.0036,0.0,11,0.0414,0.008,0.8322835225290001,-6,0.788283522529,0.005,0.0,8,0.0425,0.03,0.8141835225290001,-1,0.799183522529,0.04276657405951312,0.04403363460051426,0.06138381062483606,0.06142422898773884,0.027482415480027167,0.04200659083230574,0.06181751272665238,0.061486381915964776
26,56,0.24,140.0,0.055,6638.799694,132.7759939,Meziani:1984is,1.012231173,0.035699224,0.0089,0.24889999999999998,0.185,0.1939,1.0,0.0,0.0,6638.799694,132.7759939,2.443460952792061,0.8830222215594888,0.11697777844051105,7.548632170413027,0.0019343785415428527,0.05306562145845715,4.433234524286382,1.0755418402777779,0.1568247465489652,0.17046464952183918,0.17348964952183918,0.416520887257577,0.8267415059800349,0.813101603007161,0.061105367086216084,-6.690028657196458e-05,-99234248.97229177,-1984684.9797447876,3.469257169403876e-05,3.3452057880953405e-05,1962.2243119911523,1824.405372722992,13026814.162006224,260536.28327936894,33.45535412576474,0.6691070826160822,12111861.830165356,242237.2366397952,31.105581273457755,0.6221116255628635,"[0.340,0.428]",0.38,"[0.145,0.206]",0.16,0.0036,0.0,14,0.052199999999999996,0.008,0.8322835225290001,-3,0.812283522529,0.005,0.0,10,0.0525,0.03,0.8141835225290001,-1,0.799183522529,0.05355661184889016,0.05403363460051425,0.06096360794675503,0.061077076474819726,0.03982900006389922,0.04200659083230574,0.06148185232962351,0.061486381915964776
26,56,0.24,140.0,0.065,8725.99637,174.5199274,Meziani:1984is,0.904194738,0.034380028,0.0089,0.24889999999999998,0.175,0.18389999999999998,1.0,0.0,0.0,8725.99637,174.5199274,2.443460952792061,0.8830222215594888,0.11697777844051105,7.548632170413027,0.0019343785415428527,0.06306562145845715,4.433234524286382,1.0755418402777779,0.1483477332219941,0.16167328028399292,0.16589828028399292,0.40730612600842736,0.853983979307006,0.8406584322450072,0.0606361934194103,-3.946891834749052e-05,-221085267.47996905,-4421705.349599381,3.469257169403876e-05,3.3452057880953405e-05,1979.3838070230581,1840.359652128314,17272095.914919987,345441.9182983997,44.35805087426154,0.8871610174852307,16058971.643966133,321179.4328793226,41.24251536584135,0.8248503073168268,"[0.340,0.428]",0.38,"[0.145,0.206]",0.16,0.0036,0.0,17,0.063,0.008,0.8322835225290001,1,0.8442835225290001,0.005,0.0,12,0.0625,0.03,0.8141835225290001,0,0.8291835225290001,0.06434442047201827,0.06403363460051426,0.060448867574230625,0.06066429595117381,0.056052662209821524,0.057993409167694285,0.060852932515541934,0.0609213296402969
26,56,0.24,140.0,0.075,10229.04204,204.5808409,Meziani:1984is,0.903310394,0.035584955,0.0089,0.24889999999999998,0.16499999999999998,0.17389999999999997,1.0,0.0,0.0,10229.04204,204.5808409,2.443460952792061,0.8830222215594888,0.11697777844051105,7.548632170413027,0.0019343785415428527,0.07306562145845714,4.433234524286382,1.0755418402777779,0.13987071989502303,0.15288191104614662,0.15850691104614661,0.3981292642423395,0.881226452633977,0.8682152614828536,0.06005017954195612,-1.2063438400038378e-05,-847937520.0330495,-16958750.4089505,3.469257169403874e-05,3.3452057880953385e-05,2001.1946128980549,1860.6385525468825,20470303.82555573,409406.07671123405,52.57166142304844,1.051433228974914,19032549.97524681,380650.99969100003,48.87923412581594,0.9775846829941665,"[0.340,0.428]",0.38,"[0.145,0.206]",0.16,0.0036,0.0,20,0.0738,0.008,0.8322835225290001,4,0.8682835225290001,0.005,0.0,14,0.0725,0.03,0.8141835225290001,1,0.8591835225290001,0.07513000130994385,0.07403363460051425,0.05983933748186836,0.060188614170800354,0.06804877882077054,0.07398022750308282,0.060250237107939,0.06019131643513094
26,56,0.24,140.0,0.085,10946.67605,218.933521,Meziani:1984is,0.940924894,0.038550515,0.0089,0.24889999999999998,0.15499999999999997,0.16389999999999996,1.0,0.0,0.0,10946.67605,218.933521,2.443460952792061,0.8830222215594888,0.11697777844051105,7.548632170413027,0.0019343785415428527,0.08306562145845715,4.433234524286382,1.0755418402777779,0.1313937065680519,0.14409054180830036,0.15131554180830037,0.38899298426616946,0.9084689259609482,0.8957720907206997,0.05933213623751628,1.5305742248368068e-05,715200600.687442,14304012.01374884,3.4692571694038754e-05,3.34520578809534e-05,2028.5089411918793,1886.034429555972,22205430.243756004,444108.6048751201,57.02779843797304,1.1405559687594609,20645807.919495773,412916.1583899155,53.02238955505868,1.0604477911011736,"[0.340,0.428]",0.38,"[0.100,0.145]",0.12,0.0036,0.0,23,0.0846,0.008,0.8322835225290001,7,0.892283522529,0.005,0.0,16,0.0825,0.008,0.8541835225290001,5,0.8981835225290001,0.08591335574227088,0.0836502259503857,0.05913470807109083,0.05890111953720506,0.079903567462147,0.07344733355856989,0.05953918217973114,0.059609140583955375
26,56,0.24,140.0,0.095,10863.65099,217.2730198,Meziani:1984is,0.984935912,0.04280329,0.0089,0.24889999999999998,0.145,0.15389999999999998,1.0,0.0,0.0,10863.65099,217.2730198,2.443460952792061,0.8830222215594888,0.11697777844051105,7.548632170413027,0.0019343785415428527,0.09306562145845715,4.433234524286382,1.0755418402777779,0.12291669324108084,0.1352991725704541,0.1443241725704541,0.3799002139647385,0.9357113992879194,0.923328919958546,0.058464787047143724,4.262641049876016e-05,254857278.92373163,5097145.5784746315,3.4692571694038754e-05,3.34520578809534e-05,2062.400754035884,1917.5458143992169,22405201.993358675,448104.0398671735,57.54085055832751,1.15081701116655,20831548.48496841,416630.9696993681,53.499406906816915,1.069988138136338,"[0.340,0.428]",0.38,"[0.100,0.145]",0.12,0.0036,0.0,25,0.09179999999999999,0.008,0.8322835225290001,11,0.924283522529,0.005,0.0,18,0.0925,0.008,0.8541835225290001,8,0.922183522529,0.09310102248580421,0.09365022595038569,0.058611943042450924,0.05813727482643978,0.09549850402252813,0.08623678822688066,0.05842809771719408,0.058709942669417335
26,56,0.24,140.0,0.105,10100.68941,202.0137883,Meziani:1984is,1.029632689,0.048313534,0.0089,0.24889999999999998,0.135,0.1439,1.0,0.0,0.0,10100.68941,202.0137883,2.443460952792061,0.8830222215594888,0.11697777844051105,7.548632170413027,0.0019343785415428527,0.10306562145845714,4.433234524286382,1.0755418402777779,0.11443967991410975,0.12650780333260783,0.13753280333260784,0.3708541537216589,0.9629538726148904,0.9508857491963923,0.05742844907135204,6.988425763939361e-05,144534545.4210887,2890690.909852711,3.4692571694038754e-05,3.34520578809534e-05,2104.24286957371,1956.4491038584345,21254303.668771185,425086.0735858479,54.585123199897616,1.091702464538362,19761484.74454688,395229.69508658245,50.75127824483335,1.0150255653991205,"[0.340,0.428]",0.38,"[0.100,0.145]",0.12,0.0036,0.0,28,0.1026,0.008,0.8322835225290001,14,0.9482835225290001,0.005,0.0,20,0.10250000000000001,0.008,0.8541835225290001,12,0.9541835225290001,0.10388066930406836,0.1036502259503857,0.05774796897113131,0.05731022462026736,0.10704203506311438,0.1032893944512951,0.05747633006588152,0.057341096509553935
26,56,0.24,140.0,0.115,8850.983938,177.0196788,Meziani:1984is,1.12981789,0.056942822,0.0089,0.24889999999999998,0.12499999999999999,0.1339,1.0,0.0,0.0,8850.983938,177.0196788,2.443460952792061,0.8830222215594888,0.11697777844051105,7.548632170413027,0.0019343785415428527,0.11306562145845715,4.433234524286382,1.0755418402777779,0.10596266658713864,0.11771643409476155,0.13094143409476156,0.361858306654361,0.9901963459418616,0.9784425784342387,0.056200659877870755,9.706253844074601e-05,91188465.50055231,1823769.3104231518,3.4692571694038754e-05,3.34520578809534e-05,2155.818630157479,2004.4023853137137,19081116.06876501,381622.32146153296,49.00396115707238,0.9800792233629099,17740933.317700565,354818.66643418744,45.562115132979145,0.9112423028654906,"[0.340,0.428]",0.38,"[0.100,0.145]",0.12,0.0036,0.0,31,0.1134,0.008,0.8322835225290001,18,0.9802835225290001,0.005,0.0,22,0.1125,0.008,0.8541835225290001,15,0.9781835225290001,0.11465809338873356,0.1136502259503857,0.05678778489667946,0.056426147496298394,0.12223797237558098,0.11607884911960595,0.05605443533866046,0.05620354132924606
26,56,0.24,140.0,0.125,7341.391189,146.8278238,Meziani:1984is,1.161905119,0.063067066,0.0089,0.24889999999999998,0.11499999999999999,0.1239,1.0,0.0,0.0,7341.391189,146.8278238,2.443460952792061,0.8830222215594888,0.11697777844051105,7.548632170413027,0.0019343785415428527,0.12306562145845715,4.433234524286382,1.0755418402777779,0.09748565326016756,0.10892506485691529,0.12455006485691529,0.352916512587489,1.0174388192688324,1.0059994076720846,0.054755740722933884,0.00012414167576431013,59137200.65240652,1182744.0132092368,3.469257169403875e-05,3.345205788095339e-05,2219.487663064691,2063.5995550777166,16294127.173717322,325882.5435187362,41.846439811574456,0.8369287963454906,15149691.591271868,302993.8318667094,38.90731001293903,0.7781462003647751,"[0.340,0.428]",0.38,"[0.100,0.145]",0.12,0.0036,0.0,34,0.12419999999999999,0.008,0.8322835225290001,21,1.004283522529,0.005,0.0,24,0.1225,0.008,0.8541835225290001,18,1.0021835225290001,0.1254332961141884,0.12365022595038569,0.05573086568356375,0.055491342108125744,0.13349354292294457,0.12886830378791678,0.05487649898210151,0.05498552395109445
26,56,0.24,140.0,0.135,5805.912576,116.1182515,Meziani:1984is,1.243559889,0.074062431,0.0089,0.24889999999999998,0.10499999999999998,0.11389999999999999,1.0,0.0,0.0,5805.912576,116.1182515,2.443460952792061,0.8830222215594888,0.11697777844051105,7.548632170413027,0.0019343785415428527,0.13306562145845716,4.433234524286382,1.0755418402777779,0.08900863993319645,0.100133695619069,0.118358695619069,0.34403298623688544,1.0446812925958038,1.0335562369099311,0.053064284463234614,0.0001510988028310233,38424610.03806141,768492.2006288646,3.469257169403876e-05,3.3452057880953405e-05,2298.438981345596,2137.0056424322675,13344535.786963025,266890.71569329174,34.27132411997445,0.6854264822814325,12407267.93438046,248145.3586448691,31.86424073574234,0.637284814605082,"[0.340,0.428]",0.38,"[0.100,0.145]",0.12,0.0036,0.0,36,0.1314,0.008,0.8322835225290001,25,1.0362835225290001,0.005,0.0,26,0.1325,0.008,0.8541835225290001,22,1.0341835225290001,0.1326155311874544,0.1336502259503857,0.054972224491816615,0.054512131843063416,0.14831962031775292,0.1459209100123312,0.053161410235604306,0.05325909154139761
26,56,0.24,140.0,0.145,4450.879115,89.0175823,Meziani:1984is,1.269412144,0.084253018,0.0089,0.24889999999999998,0.095,0.1039,1.0,0.0,0.0,4450.879115,89.0175823,2.443460952792061,0.8830222215594888,0.11697777844051105,7.548632170413027,0.0019343785415428527,0.14306562145845714,4.433234524286382,1.0755418402777779,0.08053162660622538,0.09134232638122275,0.11236732638122275,0.3352123601259696,1.0719237659227745,1.0611130661477772,0.051092554385692816,0.00017790723466032903,25017977.056963876,500359.5411392775,3.469257169403875e-05,3.345205788095339e-05,2397.090273035221,2228.7280543322513,10669159.033022111,213383.18066044225,27.40044413275679,0.5480088826551358,9919799.150042001,198395.98300084006,25.475944409266432,0.5095188881853288,"[0.270,0.340]",0.3,"[0.070,0.100]",0.093,0.001,0.0,143,0.14350000000000002,0.01,0.8866835225290001,17,1.061683522529,0.005,0.0,28,0.14250000000000002,0.008,0.8811835225290001,22,1.061183522529,0.1441634589271814,0.14339142511154893,0.048472211441217515,0.05145336509671782,0.13489218883581022,0.14592091001233115,0.05019307361842322,0.051140760529975585
26,56,0.24,140.0,0.155,3412.496737,68.24993475,Meziani:1984is,1.345056231,0.099340754,0.0089,0.24889999999999998,0.08499999999999999,0.0939,1.0,0.0,0.0,3412.496737,68.24993475,2.443460952792061,0.8830222215594888,0.11697777844051105,7.548632170413027,0.0019343785415428527,0.15306562145845715,4.433234524286382,1.0755418402777779,0.07205461327925428,0.08255095714337647,0.10657595714337648,0.3264597328054051,1.0991662392497457,1.0886698953856235,0.04880177767835558,0.00020453585977618083,16684099.994662166,333681.9999421345,3.4692571694038754e-05,3.34520578809534e-05,2521.742365160373,2344.6250724277616,8605437.592664436,172108.75187850613,22.100412156752434,0.44200824319981186,8001025.409148125,160020.50820640873,20.5481658910123,0.4109633178804604,"[0.270,0.340]",0.3,"[0.070,0.100]",0.093,0.001,0.0,153,0.1535,0.01,0.8866835225290001,20,1.091683522529,0.005,0.0,30,0.1525,0.008,0.8811835225290001,25,1.085183522529,0.15413494790009707,0.1533914251115489,0.046486030938349104,0.05020871576991095,0.1487796769798232,0.15871036468064198,0.04757025970944054,0.049538433078567576
26,56,0.2519,180.0,0.0073,6.51e-33,1.3e-34,Hotta:1984,8.14E+33,1.69E+33,0.0089,0.26080000000000003,0.2446,0.2535,1.0,0.0,0.0,6.51e-33,1.3e-34,3.141592653589793,1.0,3.749399456654644e-33,2.6670937881135714e+32,0.002409594280066346,0.004890405719933654,4.433234524286382,1.0719112750243842,0.24645896000000003,0.26445120000000005,0.26450449000000004,0.5143000000000001,0.647596048329,0.6296038083289999,1.874322030585697e-33,-0.00018803550211250655,-3.4621121686397804e-29,-6.9135880479749835e-31,7.870534944311392e-37,7.60194690365046e-37,2553.7231336269197,2382.401597155349,1.6624737599911247e-29,3.3198400737149956e-31,4.2695510716281703e-35,8.525985242882675e-37,1.550943439748132e-29,3.0971220763019535e-31,3.9831198449993395e-35,7.954002762671492e-37,"[0.428,0.523]",0.475,"[0.206,0.322]",0.265,0.0036,0.0,1,0.0054,0.032,0.7510585225290001,-4,0.6390585225290001,0.005,0.0,0,0.0025,0.015,0.7091835225290001,-6,0.6266835225290001,0.007562116280766418,0.00504008230710174,1.8742245778176683e-33,1.8745200401632806e-33,-0.00838939302061037,0.006036249577681571,1.874114930732169e-33,1.8744420009768208e-33
26,56,0.2519,180.0,0.0173,1.71e-32,3.4199999999999997e-34,Hotta:1984,2.85E+34,2.05E+33,0.0089,0.26080000000000003,0.2346,0.2435,1.0,0.0,0.0,1.71e-32,3.4199999999999997e-34,3.141592653589793,1.0,3.749399456654644e-33,2.6670937881135714e+32,0.002409594280066346,0.014890405719933653,4.433234524286382,1.0719112750243842,0.23638296,0.2540192,0.25431849,0.5043,0.676437508329,0.658801268329,1.8724935227081743e-33,-0.0001661407615612515,-1.029247719783426e-28,-2.058495439566852e-30,7.870534944311392e-37,7.60194690365046e-37,2556.2168687508174,2384.7280351563313,4.371130845563898e-29,8.742261691127794e-31,1.122590132550659e-34,2.2451802651013177e-36,4.077884940117327e-29,8.155769880234652e-31,1.0472789667457525e-34,2.0945579334915044e-36,"[0.428,0.523]",0.475,"[0.206,0.322]",0.265,0.0036,0.0,4,0.0162,0.032,0.7510585225290001,-3,0.6710585225290001,0.005,0.0,2,0.0125,0.015,0.7091835225290001,-4,0.6566835225290001,0.018359433539792747,0.015040082307101741,1.8718990511523455e-33,1.8731008489068863e-33,0.008660747697799676,0.022023067913070113,1.8740764883956152e-33,1.8712748327174287e-33
26,56,0.2519,180.0,0.0272,372.6764405,7.453528811,Hotta:1984,2.790624485,0.134164639,0.0089,0.26080000000000003,0.2247,0.2336,1.0,0.0,0.0,372.6764405,7.453528811,3.141592653589793,1.0,3.749399456654644e-33,2.6670937881135714e+32,0.002409594280066346,0.024790405719933652,4.433234524286382,1.0719112750243842,0.22640772000000003,0.24369152000000002,0.24443136000000001,0.4944,0.704990553729,0.687706753729,1.869025424314098e-33,-0.00014446496841550907,-2579701.117769332,-51594.02236230874,7.870534944311392e-37,7.60194690365046e-37,2560.9600956230147,2389.153053329677,954409.4926993247,19088.189856547455,2.4511063996271765,0.04902212799912056,890381.0557246107,17807.621116881364,2.2866691084776747,0.04573338217568929,"[0.428,0.523]",0.475,"[0.206,0.322]",0.265,0.0036,0.0,6,0.0234,0.032,0.7510585225290001,-2,0.703058522529,0.005,0.0,4,0.0225,0.015,0.7091835225290001,-2,0.6866835225290001,0.02555640402687942,0.025040082307101738,1.869272926182841e-33,1.870274547787422e-33,0.025409272602853195,0.038009886248458656,1.869335231875706e-33,1.8645344871620808e-33
26,56,0.2519,180.0,0.0371,896.7710464,17.93542093,Hotta:1984,2.196770299,0.072482269,0.0089,0.26080000000000003,0.21480000000000002,0.2237,1.0,0.0,0.0,896.7710464,17.93542093,3.141592653589793,1.0,3.749399456654644e-33,2.6670937881135714e+32,0.002409594280066346,0.034690405719933655,4.433234524286382,1.0719112750243842,0.21643248000000004,0.23336384000000004,0.23474025000000004,0.48450000000000004,0.733543599129,0.716612239129,1.8637073422620134e-33,-0.00012278917526976668,-7303339.601636727,-146066.7920490226,7.870534944311392e-37,7.60194690365046e-37,2568.2677858444354,2395.9704927872986,2303148.1897471254,46062.963800079044,5.914925731944074,0.11829851465207308,2148636.9659603895,42972.739323999725,5.518111311786994,0.1103622262480465,"[0.428,0.523]",0.475,"[0.206,0.322]",0.265,0.0036,0.0,9,0.0342,0.032,0.7510585225290001,-2,0.703058522529,0.005,0.0,6,0.0325,0.015,0.7091835225290001,0,0.716683522529,0.03634999925574789,0.03504008230710174,1.8637209678604047e-33,1.8660538616083307e-33,0.025409272602853195,0.05399670458384714,1.869335231875706e-33,1.854297943909322e-33
26,56,0.2519,180.0,0.047,1870.968208,37.41936416,Hotta:1984,1.453792741,0.042224127,0.0089,0.26080000000000003,0.20490000000000003,0.21380000000000002,1.0,0.0,0.0,1870.968208,37.41936416,3.141592653589793,1.0,3.749399456654644e-33,2.6670937881135714e+32,0.002409594280066346,0.044590405719933654,4.433234524286382,1.0719112750243842,0.20645724000000004,0.22303616000000004,0.22524516000000003,0.4746,0.7620966445290001,0.745517724529,1.856314375674794e-33,-0.00010111338212402424,-18503665.575196534,-370073.3115039307,7.87053494431139e-37,7.601946903650458e-37,2578.496181517381,2405.5126964297715,4824284.380068417,96485.68760136835,12.389686406160248,0.247793728123205,4500637.778960458,90012.75557920916,11.558499938232671,0.2311699987646534,"[0.428,0.523]",0.475,"[0.206,0.322]",0.265,0.0036,0.0,12,0.045,0.032,0.7510585225290001,-1,0.7350585225290001,0.005,0.0,8,0.0425,0.015,0.7091835225290001,2,0.746683522529,0.0471413631132549,0.04504008230710174,1.856234751389242e-33,1.860457685941303e-33,0.04187164367714624,0.06998352291923568,1.8601322454519562e-33,1.8406805245381223e-33
26,56,0.2519,180.0,0.0569,3052.642328,61.05284656,Hotta:1984,1.29068511,0.030792995,0.0089,0.26080000000000003,0.195,0.2039,1.0,0.0,0.0,3052.642328,61.05284656,3.141592653589793,1.0,3.749399456654644e-33,2.6670937881135714e+32,0.002409594280066346,0.05449040571993365,4.433234524286382,1.0719112750243842,0.19648200000000002,0.21270848000000003,0.21594609000000003,0.46470000000000006,0.790649689929,0.774423209929,1.8465929606269675e-33,-7.943758897828179e-05,-38428184.53156467,-768563.6906312933,7.870534944311394e-37,7.60194690365046e-37,2592.0707115379314,2418.176552419384,7912664.771209767,158253.29542419536,20.32123884682155,0.4064247769364311,7381828.100492521,147636.56200985043,18.95794859174261,0.3791589718348522,"[0.428,0.523]",0.475,"[0.206,0.322]",0.265,0.0036,0.0,15,0.055799999999999995,0.032,0.7510585225290001,0,0.7670585225290001,0.005,0.0,10,0.0525,0.015,0.7091835225290001,4,0.7766835225290001,0.05793049698272057,0.05504008230710174,1.8468154758872784e-33,1.8535108769695558e-33,0.05806204531808978,0.08597034125462422,1.846688693209185e-33,1.823832693313444e-33
26,56,0.2519,180.0,0.0668,4384.29073,87.68581459,Hotta:1984,0.99902134,0.025089577,0.0089,0.26080000000000003,0.18510000000000001,0.194,1.0,0.0,0.0,4384.29073,87.68581459,3.141592653589793,1.0,3.749399456654644e-33,2.6670937881135714e+32,0.002409594280066346,0.06439040571993365,4.433234524286382,1.0719112750243842,0.18650676000000002,0.20238080000000003,0.20684304000000003,0.45480000000000004,0.819202735329,0.803328695329,1.834256694248286e-33,-5.776179583253943e-05,-75902950.50227925,-1518059.0098724603,7.87053494431139e-37,7.601946903650458e-37,2609.503644927341,2434.439963203092,11440822.640356153,228816.45278102806,29.382224092788825,0.5876444817887595,10673292.563412856,213465.85124391274,27.41105983060065,0.5482211965494919,"[0.428,0.523]",0.475,"[0.145,0.206]",0.16,0.0036,0.0,17,0.063,0.032,0.7510585225290001,1,0.7990585225290001,0.005,0.0,12,0.0625,0.03,0.8141835225290001,-1,0.799183522529,0.06512201469591616,0.06403363460051426,1.8394626287985307e-33,1.827857382996377e-33,0.07399352741706322,0.04200659083230574,1.8292080499373486e-33,1.8542502032803626e-33
26,56,0.2519,180.0,0.0768,5656.108778,113.1221756,Hotta:1984,0.965327969,0.021746399,0.0089,0.26080000000000003,0.17510000000000003,0.18400000000000002,1.0,0.0,0.0,5656.108778,113.1221756,3.141592653589793,1.0,3.749399456654644e-33,2.6670937881135714e+32,0.002409594280066346,0.07439040571993365,4.433234524286382,1.0719112750243842,0.17643076000000005,0.19194880000000006,0.19784704000000006,0.4448000000000001,0.848044195329,0.832526155329,1.8188109522020417e-33,-3.586705528128444e-05,-157696491.49177232,-3153929.8309506765,7.87053494431139e-37,7.601946903650458e-37,2631.664122969044,2455.1137620127915,14884978.54667288,297699.5710387242,38.22747620717262,0.7645495244137972,13886390.500309153,277727.81010438764,35.66291081909089,0.7132582166340259,"[0.428,0.523]",0.475,"[0.145,0.206]",0.16,0.0036,0.0,20,0.0738,0.032,0.7510585225290001,2,0.831058522529,0.005,0.0,14,0.0725,0.03,0.8141835225290001,0,0.8291835225290001,0.07590743498877828,0.07403363460051425,1.8268242495888754e-33,1.8126068521616703e-33,0.0896781284730418,0.057993409167694285,1.807878020727559e-33,1.8361044062433357e-33
26,56,0.2519,180.0,0.0867,6630.687492,132.6137498,Hotta:1984,0.939570747,0.018851741,0.0089,0.26080000000000003,0.1652,0.1741,1.0,0.0,0.0,6630.687492,132.6137498,3.141592653589793,1.0,3.749399456654644e-33,2.6670937881135714e+32,0.002409594280066346,0.08429040571993365,4.433234524286382,1.0719112750243842,0.16645552000000002,0.18162112000000002,0.18913801000000002,0.4349,0.8765972407290001,0.8614316407290001,1.8001937544045427e-33,-1.419126213554191e-05,-467237334.40125054,-9344746.685206374,7.870534944311392e-37,7.60194690365046e-37,2658.8801997907876,2480.5039948201893,17630203.68347924,352604.0735632295,45.27774022142975,0.9055548041554544,16447446.812310262,328948.93614698504,42.240194012699185,0.8448038799991673,"[0.428,0.523]",0.475,"[0.145,0.206]",0.16,0.0036,0.0,23,0.0846,0.032,0.7510585225290001,3,0.8630585225290001,0.005,0.0,16,0.0825,0.03,0.8141835225290001,1,0.8591835225290001,0.08669062897544677,0.08403363460051426,1.8122560029464488e-33,1.79545666764805e-33,0.10512698204379911,0.07398022750308282,1.7828722007664415e-33,1.8126934441373694e-33
26,56,0.2519,180.0,0.0966,7176.958741,143.5391748,Hotta:1984,0.964196709,0.016720174,0.0089,0.26080000000000003,0.1553,0.16419999999999998,1.0,0.0,0.0,7176.958741,143.5391748,3.141592653589793,1.0,3.749399456654644e-33,2.6670937881135714e+32,0.002409594280066346,0.09419040571993366,4.433234524286382,1.0719112750243842,0.15648028,0.17129344,0.18062499999999998,0.425,0.905150286129,0.890337126129,1.7778478363031276e-33,7.4845310102003755e-06,958905605.6042527,19178112.109412875,7.87053494431139e-37,7.601946903650458e-37,2692.2998873325214,2511.6816569275065,19322525.209784456,386450.5041418431,49.62394607445593,0.9924789213508317,18026235.62229523,360524.712395671,46.29482610240019,0.9258965219189942,"[0.340,0.428]",0.38,"[0.145,0.206]",0.16,0.0036,0.0,26,0.0954,0.008,0.8322835225290001,7,0.892283522529,0.005,0.0,18,0.0925,0.03,0.8141835225290001,2,0.889183522529,0.09669448514718937,0.09403363460051425,1.753313914640368e-33,1.776521127235154e-33,0.079903567462147,0.08996704583847132,1.7918107354868468e-33,1.7844291456303225e-33
26,56,0.2519,180.0,0.1065,7251.974057,145.0394811,Hotta:1984,1.00524353,0.018891408,0.0089,0.26080000000000003,0.14540000000000003,0.15430000000000002,1.0,0.0,0.0,7251.974057,145.0394811,3.141592653589793,1.0,3.749399456654644e-33,2.6670937881135714e+32,0.002409594280066346,0.10409040571993365,4.433234524286382,1.0719112750243842,0.14650504000000003,0.16096576000000004,0.17230801000000004,0.4151,0.933703331529,0.919242611529,1.751296800084923e-33,2.9160324155942826e-05,248693190.72785616,4973863.813185396,7.870534944311394e-37,7.60194690365046e-37,2733.117270094466,2549.760725328962,19820495.537463732,396409.9106399499,50.902829264885014,1.0180565850169334,18490798.631643135,369815.97253087227,47.487912899999166,0.9497582577380524,"[0.340,0.428]",0.38,"[0.145,0.206]",0.16,0.0036,0.0,28,0.1026,0.008,0.8322835225290001,10,0.916283522529,0.005,0.0,20,0.10250000000000001,0.03,0.8141835225290001,3,0.919183522529,0.10388066930406836,0.10403363460051426,1.734601061855502e-33,1.755922572341205e-33,0.09162190848775442,0.10595386417385985,1.765715616051015e-33,1.7517875135980097e-33
26,56,0.2519,180.0,0.1164,6899.960011,137.9992002,Hotta:1984,1.086962821,0.018695761,0.0089,0.26080000000000003,0.1355,0.1444,1.0,0.0,0.0,6899.960011,137.9992002,3.141592653589793,1.0,3.749399456654644e-33,2.6670937881135714e+32,0.002409594280066346,0.11399040571993366,4.433234524286382,1.0719112750243842,0.1365298,0.15063808,0.16418704,0.4052,0.9622563769289999,0.9481480969289999,1.719996704074508e-33,5.083611730168519e-05,135729484.80806324,2714589.695767843,7.870534944311392e-37,7.60194690365046e-37,2782.8538961932413,2596.1606720947457,19201580.60018891,384031.6119481211,49.31333714941096,0.986266742845281,17913404.81958463,358268.0963397693,46.00505498767998,0.9201010996202508,"[0.340,0.428]",0.38,"[0.145,0.206]",0.16,0.0036,0.0,31,0.1134,0.008,0.8322835225290001,14,0.9482835225290001,0.005,0.0,22,0.1125,0.03,0.8141835225290001,4,0.9491835225290001,0.11465809338873356,0.11403363460051426,1.7040231393620603e-33,1.7337895597480713e-33,0.10704203506311438,0.12194068250924839,1.7259441578973117e-33,1.7152900018956886e-33
26,56,0.2519,180.0,0.1264,6210.782277,124.2156455,Hotta:1984,1.101310543,0.021736392,0.0089,0.26080000000000003,0.1255,0.1344,1.0,0.0,0.0,6210.782277,124.2156455,3.141592653589793,1.0,3.749399456654644e-33,2.6670937881135714e+32,0.002409594280066346,0.12399040571993367,4.433234524286382,1.0719112750243842,0.1264538,0.14020608,0.15618304000000002,0.39520000000000005,0.991097836929,0.9773455569289999,1.6829247278439373e-33,7.273085785294016e-05,85394046.76840241,1707880.9348180753,7.870534944311392e-37,7.60194690365046e-37,2844.1554456838107,2653.3496866325163,17664430.23508605,353288.6045879547,45.36564056223981,0.9073128109526225,16479377.208420737,329587.54406228074,42.322197386353466,0.8464439474544969,"[0.340,0.428]",0.38,"[0.100,0.145]",0.12,0.0036,0.0,34,0.12419999999999999,0.008,0.8322835225290001,18,0.9802835225290001,0.005,0.0,24,0.1225,0.008,0.8541835225290001,15,0.9781835225290001,0.1254332961141884,0.12365022595038569,1.67043649945971e-33,1.662835398440688e-33,0.12223797237558098,0.11607884911960595,1.6807108651088903e-33,1.6854478257300487e-33
26,56,0.2519,180.0,0.1363,5326.655341,106.5331068,Hotta:1984,1.270966407,0.023842354,0.0089,0.26080000000000003,0.11560000000000001,0.12450000000000001,1.0,0.0,0.0,5326.655341,106.5331068,3.141592653589793,1.0,3.749399456654644e-33,2.6670937881135714e+32,0.002409594280066346,0.13389040571993366,4.433234524286382,1.0719112750243842,0.11647856000000001,0.12987840000000003,0.14845609000000004,0.38530000000000003,1.019650882329,1.006251042329,1.6401011315574002e-33,9.44066509986827e-05,56422458.42482353,1128449.1682846213,7.870534944311392e-37,7.60194690365046e-37,2918.4173081010777,2722.6295460272013,15545403.141463447,310908.0627709006,39.92357307454977,0.7984714613410944,14502509.212910196,290050.1842037513,37.2452216939705,0.7449044337395653,"[0.340,0.428]",0.38,"[0.100,0.145]",0.12,0.0036,0.0,37,0.135,0.008,0.8322835225290001,21,1.004283522529,0.005,0.0,26,0.1325,0.008,0.8541835225290001,19,1.0101835225290001,0.13620627885342884,0.1336502259503857,1.6338430017824695e-33,1.631800950140435e-33,0.13349354292294457,0.13313145534402038,1.643341450939341e-33,1.6334407429181533e-33
26,56,0.2519,180.0,0.1462,4382.673235,87.65346471,Hotta:1984,1.334801772,0.028749577,0.0089,0.26080000000000003,0.10570000000000002,0.11460000000000002,1.0,0.0,0.0,4382.673235,87.65346471,3.141592653589793,1.0,3.749399456654644e-33,2.6670937881135714e+32,0.002409594280066346,0.14379040571993365,4.433234524286382,1.0719112750243842,0.10650332000000003,0.11955072000000004,0.14092516000000005,0.37540000000000007,1.048203927729,1.035156527729,1.5903597505607637e-33,0.00011608244414442509,37754832.50117697,755096.6501096849,7.87053494431139e-37,7.601946903650458e-37,3009.6960940350446,2807.7847151729784,13190514.516811434,263810.2903663256,33.87576799460573,0.6775153599694093,12305602.920830712,246112.05844469205,31.60314550645539,0.632062910201217,"[0.340,0.428]",0.38,"[0.100,0.145]",0.12,0.0036,0.0,39,0.1422,0.008,0.8322835225290001,25,1.0362835225290001,0.005,0.0,28,0.14250000000000002,0.008,0.8541835225290001,22,1.0341835225290001,0.14338703469795178,0.1436502259503857,1.6077777775936225e-33,1.599625610121009e-33,0.14831962031775292,0.1459209100123312,1.5890974067786744e-33,1.5921815485902795e-33
26,56,0.2519,180.0,0.1561,3512.889357,70.25778714,Hotta:1984,1.431869748,0.035013912,0.0089,0.26080000000000003,0.09580000000000002,0.10470000000000003,1.0,0.0,0.0,3512.889357,70.25778714,3.141592653589793,1.0,3.749399456654644e-33,2.6670937881135714e+32,0.002409594280066346,0.15369040571993364,4.433234524286382,1.0719112750243842,0.09652808000000003,0.10922304000000005,0.13359025000000005,0.36550000000000005,1.0767569731289999,1.064062013129,1.532749608710847e-33,0.00013775823729016747,25500394.213092428,510007.8842618486,7.870534944311392e-37,7.60194690365046e-37,3122.8189537096473,2913.3185054319056,10970117.466324495,219402.34932648993,28.173363039716612,0.5634672607943323,10234165.571282888,204683.31142565777,26.283297597625992,0.5256659519525199,"[0.340,0.428]",0.38,"[0.100,0.145]",0.12,0.0036,0.0,42,0.153,0.008,0.8322835225290001,28,1.0602835225290002,0.005,0.0,30,0.1525,0.008,0.8541835225290001,26,1.0661835225290002,0.15415632050738992,0.1536502259503857,1.566176977612049e-33,1.566509897985079e-33,0.15930775900090388,0.16297351623674566,1.5452126555250373e-33,1.5349577243322219e-33
26,56,0.2519,180.0,0.1661,2818.247782,56.36495564,Hotta:1984,1.472546178,0.042934479,0.0089,0.26080000000000003,0.08580000000000002,0.09470000000000002,1.0,0.0,0.0,2818.247782,56.36495564,3.141592653589793,1.0,3.749399456654644e-33,2.6670937881135714e+32,0.002409594280066346,0.16369040571993365,4.433234524286382,1.0719112750243842,0.08645208000000001,0.09879104000000004,0.12638025000000003,0.35550000000000004,1.105598433129,1.093259473129,1.4654468229741086e-33,0.00015965297784142243,17652334.582817893,353046.69165635784,7.870534944311392e-37,7.60194690365046e-37,3266.238975262936,3047.1169129073996,9205070.747516721,184101.41495033444,23.640384961434194,0.4728076992286839,8587530.481295966,171750.60962591931,22.054423264552764,0.4410884652910553,"[0.340,0.428]",0.38,"[0.070,0.100]",0.093,0.0036,0.0,45,0.1638,0.008,0.8322835225290001,32,1.0922835225290002,0.005,0.0,32,0.1625,0.008,0.8811835225290001,26,1.093183522529,0.16492338998498468,0.16339142511154892,1.5215742695255906e-33,1.4565730763215864e-33,0.17378973318055235,0.1629735162367456,1.4825853603816045e-33,1.4582346902829508e-33
26,56,0.2519,180.0,0.176,2373.346963,47.46693926,Hotta:1984,1.816000807,0.05435362,0.0089,0.26080000000000003,0.07590000000000002,0.08480000000000003,1.0,0.0,0.0,2373.346963,47.46693926,3.141592653589793,1.0,3.749399456654644e-33,2.6670937881135714e+32,0.002409594280066346,0.17359040571993364,4.433234524286382,1.0719112750243842,0.07647684000000003,0.08846336000000005,0.11943936000000005,0.3456000000000001,1.1341514785290001,1.1221649585290001,1.3885057401422954e-33,0.00018132877098716492,13088639.767861184,261772.79535722366,7.87053494431139e-37,7.601946903650458e-37,3447.230638659624,3215.9663947757294,8181474.367023369,163629.48734046737,21.011593380823957,0.4202318676164791,7632604.076151037,152652.08152302072,19.60198933474786,0.39203978669495715,"[0.340,0.428]",0.38,"[0.070,0.100]",0.093,0.0036,0.0,48,0.1746,0.008,0.8322835225290001,36,1.124283522529,0.005,0.0,34,0.17250000000000001,0.008,0.8811835225290001,30,1.1251835225290001,0.17568824449855924,0.17339142511154892,1.4739715059604596e-33,1.4167119881774184e-33,0.18808552308623294,0.18002612246116004,1.4154221311667928e-33,1.3902232855376022e-33
26,56,0.2519,180.0,0.1859,2174.305376,43.48610751,Hotta:1984,1.8994572,0.063008629,0.0089,0.26080000000000003,0.066,0.07490000000000001,1.0,0.0,0.0,2174.305376,43.48610751,3.141592653589793,1.0,3.749399456654644e-33,2.6670937881135714e+32,0.002409594280066346,0.18349040571993366,4.433234524286382,1.0719112750243842,0.06650160000000001,0.07813568000000001,0.11269449000000001,0.3357,1.162704523929,1.151070443929,1.2998056787751607e-33,0.00020300456413290734,10710623.109815795,214212.46214705592,7.870534944311392e-37,7.60194690365046e-37,3682.473163129827,3435.4272120573196,8006821.195568907,160136.4238745534,20.563050580755558,0.41126101152053823,7469667.856032921,149393.35708630417,19.18353791015752,0.38367075811492213,"[0.270,0.340]",0.3,"[0.070,0.100]",0.093,0.001,0.0,183,0.1835,0.01,0.8866835225290001,26,1.151683522529,0.005,0.0,36,0.1825,0.008,0.8811835225290001,33,1.1491835225290001,0.1840380182633794,0.1833914251115489,1.1691878937425043e-33,1.376796573007635e-33,0.1760355400951571,0.1928155771294709,1.229209129894341e-33,1.3392991130360017e-33
26,56,0.2519,180.0,0.1958,2192.147491,43.84294983,Hotta:1984,2.185071953,0.073900137,0.0089,0.26080000000000003,0.05610000000000001,0.06500000000000002,1.0,0.0,0.0,2192.147491,43.84294983,3.141592653589793,1.0,3.749399456654644e-33,2.6670937881135714e+32,0.002409594280066346,0.19339040571993366,4.433234524286382,1.0719112750243842,0.05652636000000001,0.06780800000000002,0.10614564000000001,0.32580000000000003,1.191257569329,1.179975929329,1.1975964267436615e-33,0.00022468035727864967,9756738.495307306,195134.76995065378,7.870534944311392e-37,7.60194690365046e-37,3996.7550190409847,3728.624851856386,8761476.487132352,175229.52978261458,22.501149927852488,0.4500229986596941,8173695.613877224,163473.91231483073,20.991616052681806,0.4198323211493944,"[0.270,0.340]",0.3,"[0.045,0.070]",0.056,0.001,0.0,193,0.1935,0.01,0.8866835225290001,29,1.181683522529,0.003,0.0,64,0.1935,0.01,0.918183522529,26,1.1831835225290002,0.19400191314872473,0.19403677211018,1.0907264997162796e-33,1.1210131693668657e-33,0.1894164619215878,0.19121689529593205,1.1273486809731579e-33,1.1341698394221759e-33
26,56,0.2712,180.0,0.0077,0.0,0.0,Hotta:1984,#DIV/0!,#DIV/0!,0.0089,0.2801,0.2635,0.27240000000000003,1.0,0.0,0.0,0.0,0.0,3.141592653589793,1.0,3.749399456654644e-33,2.6670937881135714e+32,0.002790928952691285,0.004909071047308715,4.433234524286382,1.0667111809416905,0.2858448,0.3051969600000001,0.30525625000000006,0.5525000000000001,0.608960826729,0.5896086667289999,1.8743356049166053e-33,-0.00018855747945862957,-0.0,-0.0,6.790178889842082e-37,6.574425258568984e-37,2945.6538384831592,2761.435232996004,0.0,0.0,0.0,0.0,0.0,0.0,0.0,0.0,"[0.523,0.609]",0.57,"[0.206,0.322]",0.265,0.0036,0.0,1,0.0054,0.06,0.6517835225290001,-2,0.5617835225290001,0.005,0.0,0,0.0025,0.015,0.7091835225290001,-8,0.5966835225290001,0.008513542020381237,0.00504008230710174,1.874281510469708e-33,1.8745200401632806e-33,0.0033657431117094516,-0.009950568757706913,1.8746343635273657e-33,1.8739995326677466e-33
26,56,0.2712,180.0,0.0177,0.0,0.0,Hotta:1984,#DIV/0!,#DIV/0!,0.0089,0.2801,0.2535,0.2624,1.0,0.0,0.0,0.0,0.0,3.141592653589793,1.0,3.749399456654644e-33,2.6670937881135714e+32,0.002790928952691285,0.014909071047308715,4.433234524286382,1.0667111809416905,0.2749968,0.29399296,0.29430625000000005,0.5425000000000001,0.6385742867290001,0.6195781267289999,1.8727041041165288e-33,-0.00016912149203377426,-0.0,-0.0,6.790178889842083e-37,6.574425258568985e-37,2948.220093655917,2763.8409968228084,0.0,0.0,0.0,0.0,0.0,0.0,0.0,0.0,"[0.523,0.609]",0.57,"[0.206,0.322]",0.265,0.0036,0.0,4,0.0162,0.06,0.6517835225290001,-1,0.621783522529,0.005,0.0,2,0.0125,0.015,0.7091835225290001,-6,0.6266835225290001,0.01931066241739643,0.015040082307101741,1.8725480549391703e-33,1.8731008489068863e-33,0.03470363000146104,0.006036249577681571,1.867750576283987e-33,1.8744420009768208e-33
26,56,0.2712,180.0,0.0276,156.1496312,3.122992623,Hotta:1984,3.89370116,0.198527526,0.0089,0.2801,0.24359999999999998,0.2525,1.0,0.0,0.0,156.1496312,3.122992623,3.141592653589793,1.0,3.749399456654644e-33,2.6670937881135714e+32,0.002790928952691285,0.024809071047308714,4.433234524286382,1.0667111809416905,0.26425728,0.282901,0.28366276,0.5326,0.667891612129,0.6492478921289999,1.8696653302094634e-33,-0.0001498798644831675,-1041831.9481302748,-20836.638955933486,6.790178889842082e-37,6.574425258568984e-37,2953.0118465691967,2768.3330777148917,461111.710771011,9222.234212467209,1.1842232017383416,0.023684464027182932,432274.18912394124,8645.483779710492,1.1101629221631593,0.022203258436153575,"[0.523,0.609]",0.57,"[0.206,0.322]",0.265,0.0036,0.0,6,0.0234,0.06,0.6517835225290001,-1,0.621783522529,0.005,0.0,4,0.0225,0.015,0.7091835225290001,-4,0.6566835225290001,0.02650750173101102,0.025040082307101738,1.8706453935940128e-33,1.870274547787422e-33,0.03470363000146104,0.022023067913070113,1.867750576283987e-33,1.8712748327174287e-33
26,56,0.2712,180.0,0.0375,430.8626988,8.617253977,Hotta:1984,2.483389727,0.095157924,0.0089,0.2801,0.2337,0.24259999999999998,1.0,0.0,0.0,430.8626988,8.617253977,3.141592653589793,1.0,3.749399456654644e-33,2.6670937881135714e+32,0.002790928952691285,0.034709071047308714,4.433234524286382,1.0667111809416905,0.25351776,0.27180904,0.27321529,0.5227,0.697208937529,0.6789176575290001,1.865050574017692e-33,-0.00013063823693256063,-3298136.2035865826,-65962.72407938639,6.790178889842082e-37,6.574425258568984e-37,2960.3185812460865,2775.1828556186347,1275490.8532234759,25509.817067429838,3.275704838349625,0.06551409677459517,1195722.7748353356,23914.455499481897,3.0708451330357667,0.06141690266784254,"[0.428,0.523]",0.475,"[0.206,0.322]",0.265,0.0036,0.0,9,0.0342,0.032,0.7510585225290001,-3,0.6710585225290001,0.005,0.0,6,0.0325,0.015,0.7091835225290001,-3,0.6716835225290001,0.03634999925574789,0.03504008230710174,1.8637209678604047e-33,1.8660538616083307e-33,0.008660747697799676,0.03001647708076438,1.8740764883956152e-33,1.8683474253659624e-33
26,56,0.2712,180.0,0.0474,972.556574,19.45113148,Hotta:1984,1.675995046,0.053467327,0.0089,0.2801,0.2238,0.2327,1.0,0.0,0.0,972.556574,19.45113148,3.141592653589793,1.0,3.749399456654644e-33,2.6670937881135714e+32,0.002790928952691285,0.04460907104730871,4.433234524286382,1.0667111809416905,0.24277824,0.26071708,0.26296384,0.5128,0.726526262929,0.7085874229290001,1.8586823155848826e-33,-0.00011139660938195386,-8730576.086614294,-174611.5217322859,6.790178889842082e-37,6.574425258568984e-37,2970.461290202183,2784.691248459462,2888941.655598655,57778.8331119731,7.41935556420352,0.1483871112840704,2708269.780249517,54165.39560499034,6.955355579617837,0.13910711159235675,"[0.428,0.523]",0.475,"[0.206,0.322]",0.265,0.0036,0.0,12,0.045,0.032,0.7510585225290001,-2,0.703058522529,0.005,0.0,8,0.0425,0.015,0.7091835225290001,-1,0.7016835225290001,0.0471413631132549,0.04504008230710174,1.856234751389242e-33,1.860457685941303e-33,0.025409272602853195,0.046003295416152924,1.869335231875706e-33,1.8598468984311974e-33
26,56,0.2712,180.0,0.0573,1695.717117,33.91434233,Hotta:1984,1.51558298,0.039511307,0.0089,0.2801,0.2139,0.2228,1.0,0.0,0.0,1695.717117,33.91434233,3.141592653589793,1.0,3.749399456654644e-33,2.6670937881135714e+32,0.002790928952691285,0.05450907104730871,4.433234524286382,1.0667111809416905,0.23203872,0.24962512,0.25290841000000003,0.5029,0.755843588329,0.738257188329,1.8503621316810898e-33,-9.215498183134718e-05,-18400710.230764642,-368014.20450678,6.790178889842082e-37,6.574425258568984e-37,2983.818018482786,2797.212658677373,5059711.287954283,101194.22572924747,12.99430780292718,0.2598861559819134,4743281.385208299,94865.62767619386,12.181655198791326,0.24363310390398873,"[0.428,0.523]",0.475,"[0.206,0.322]",0.265,0.0036,0.0,15,0.055799999999999995,0.032,0.7510585225290001,-1,0.7350585225290001,0.005,0.0,10,0.0525,0.015,0.7091835225290001,1,0.731683522529,0.05793049698272057,0.05504008230710174,1.8468154758872784e-33,1.8535108769695558e-33,0.04187164367714624,0.061990113751541405,1.8601322454519562e-33,1.847903219566344e-33
26,56,0.2712,180.0,0.0673,2629.59247,52.59184941,Hotta:1984,1.175087028,0.029282104,0.0089,0.2801,0.2039,0.2128,1.0,0.0,0.0,2629.59247,52.59184941,3.141592653589793,1.0,3.749399456654644e-33,2.6670937881135714e+32,0.002790928952691285,0.06450907104730871,4.433234524286382,1.0667111809416905,0.22119072,0.23842112000000001,0.24295041,0.4929,0.785457048329,0.768226648329,1.8397499674583627e-33,-7.271899440649183e-05,-36161012.55884871,-723220.2513144898,6.790178889842082e-37,6.574425258568984e-37,3001.029469703312,2813.347720846058,7891484.495779922,157829.68994560873,20.266843842319734,0.4053368769234668,7397957.982228457,147959.1596727026,18.999373217807847,0.3799874644284091,"[0.428,0.523]",0.475,"[0.206,0.322]",0.265,0.0036,0.0,17,0.063,0.032,0.7510585225290001,0,0.7670585225290001,0.005,0.0,12,0.0625,0.015,0.7091835225290001,3,0.7616835225290001,0.06512201469591616,0.06504008230710175,1.8394626287985307e-33,1.8452439781949364e-33,0.05806204531808978,0.07797693208692995,1.846688693209185e-33,1.832649739544555e-33
26,56,0.2712,180.0,0.0772,3667.136228,73.34272457,Hotta:1984,1.098950175,0.021815388,0.0089,0.2801,0.194,0.2029,1.0,0.0,0.0,3667.136228,73.34272457,3.141592653589793,1.0,3.749399456654644e-33,2.6670937881135714e+32,0.002790928952691285,0.07440907104730872,4.433234524286382,1.0667111809416905,0.2104512,0.22732916,0.233289,0.483,0.8147743737290001,0.7978964137290001,1.8268067268190024e-33,-5.347736685588502e-05,-68573612.41967063,-1371472.2485804078,6.790178889842081e-37,6.5744252585689835e-37,3022.2922809366682,2833.2807745284854,11083157.515027609,221663.15033077513,28.463671538227803,0.5692734308421744,10390026.572369307,207800.53147571898,26.683578504445908,0.5336715701616823,"[0.428,0.523]",0.475,"[0.206,0.322]",0.265,0.0036,0.0,20,0.0738,0.032,0.7510585225290001,1,0.7990585225290001,0.005,0.0,14,0.0725,0.015,0.7091835225290001,5,0.7916835225290001,0.07590743498877828,0.07504008230710174,1.8268242495888754e-33,1.835692889557914e-33,0.07399352741706322,0.09396375042231848,1.8292080499373486e-33,1.8142530186426612e-33
26,56,0.2712,180.0,0.0871,4672.717852,93.45435703,Hotta:1984,0.988717947,0.017762682,0.0089,0.2801,0.18409999999999999,0.19299999999999998,1.0,0.0,0.0,4672.717852,93.45435703,3.141592653589793,1.0,3.749399456654644e-33,2.6670937881135714e+32,0.002790928952691285,0.08430907104730871,4.433234524286382,1.0667111809416905,0.19971167999999997,0.2162372,0.22382360999999998,0.47309999999999997,0.8440916991290001,0.827566179129,1.8111575454182907e-33,-3.4235739305278346e-05,-136486547.29882163,-2729730.9456843403,6.790178889842082e-37,6.574425258568984e-37,3048.4061881834436,2857.7615409377418,14244342.015672049,284886.8402829569,36.582198878119705,0.7316439774841051,13353513.369098814,267070.26735339867,34.29438027060428,0.6858876053386928,"[0.428,0.523]",0.475,"[0.206,0.322]",0.265,0.0036,0.0,23,0.0846,0.032,0.7510585225290001,2,0.831058522529,0.005,0.0,16,0.0825,0.015,0.7091835225290001,7,0.821683522529,0.08669062897544677,0.08504008230710175,1.8122560029464488e-33,1.824898485557221e-33,0.0896781284730418,0.10995056875770697,1.807878020727559e-33,1.7929084131277575e-33
26,56,0.2712,180.0,0.097,5489.82294,109.7964588,Hotta:1984,1.009140014,0.017304748,0.0089,0.2801,0.1742,0.18309999999999998,1.0,0.0,0.0,5489.82294,109.7964588,3.141592653589793,1.0,3.749399456654644e-33,2.6670937881135714e+32,0.002790928952691285,0.09420907104730872,4.433234524286382,1.0667111809416905,0.18897216,0.20514524,0.21455424,0.4632,0.873409024529,0.8572359445290001,1.7924871850383533e-33,-1.4994111754671514e-05,-366131920.97155136,-7322638.419431027,6.790178889842081e-37,6.5744252585689835e-37,3080.158070480219,2887.5276883861493,16909522.434148442,338190.44868296885,43.42689272270047,0.8685378544540096,15852015.743587455,317040.3148717491,40.71101297013059,0.8142202594026118,"[0.428,0.523]",0.475,"[0.145,0.206]",0.16,0.0036,0.0,26,0.0954,0.032,0.7510585225290001,3,0.8630585225290001,0.005,0.0,18,0.0925,0.03,0.8141835225290001,1,0.8591835225290001,0.09747159803399796,0.09403363460051425,1.7957590834569446e-33,1.776521127235154e-33,0.10512698204379911,0.07398022750308282,1.7828722007664415e-33,1.8126934441373694e-33
26,56,0.2712,180.0,0.107,6002.0955,120.04191,Hotta:1984,1.001316957,0.017327282,0.0089,0.2801,0.1642,0.1731,1.0,0.0,0.0,6002.0955,120.04191,3.141592653589793,1.0,3.749399456654644e-33,2.6670937881135714e+32,0.002790928952691285,0.10420907104730871,4.433234524286382,1.0667111809416905,0.17812416,0.19394124000000001,0.20539024,0.4532,0.9030224845290001,0.8872054045290001,1.7701989633950663e-33,4.441875670183801e-06,1351252476.5808313,27025049.531616624,6.790178889842084e-37,6.574425258568986e-37,3118.939725644876,2923.8839728777216,18720174.092064347,374403.4818412869,48.0769930204889,0.9615398604097779,17549430.836131494,350988.6167226299,45.070300076958624,0.9014060015391724,"[0.428,0.523]",0.475,"[0.145,0.206]",0.16,0.0036,0.0,28,0.1026,0.032,0.7510585225290001,4,0.8950585225290001,0.005,0.0,20,0.10250000000000001,0.03,0.8141835225290001,2,0.889183522529,0.10465767534840609,0.10403363460051426,1.7836902415767295e-33,1.755922572341205e-33,0.12035040921075424,0.08996704583847132,1.754351517054297e-33,1.7844291456303225e-33
26,56,0.2712,180.0,0.1169,6148.864809,122.9772962,Hotta:1984,1.006689884,0.016913691,0.0089,0.2801,0.1543,0.16319999999999998,1.0,0.0,0.0,6148.864809,122.9772962,3.141592653589793,1.0,3.749399456654644e-33,2.6670937881135714e+32,0.002790928952691285,0.11410907104730872,4.433234524286382,1.0667111809416905,0.16738464,0.18284928,0.19651489,0.44329999999999997,0.932339809929,0.916875169929,1.744333447408725e-33,2.368350322079048e-05,259626489.8683671,5192529.798211812,6.790178889842081e-37,6.5744252585689835e-37,3165.188328774023,2967.2402289622587,19462315.12865611,389246.302636426,49.98295336364435,0.9996590674354632,18245159.023715135,364903.1805336475,46.857063333225305,0.9371412668169149,"[0.428,0.523]",0.475,"[0.145,0.206]",0.16,0.0036,0.0,31,0.1134,0.032,0.7510585225290001,5,0.927058522529,0.005,0.0,22,0.1125,0.03,0.8141835225290001,3,0.919183522529,0.11543493925196913,0.11403363460051426,1.7639815186318593e-33,1.7337895597480713e-33,0.1353579992399624,0.10595386417385985,1.7224654860767116e-33,1.7517875135980097e-33
26,56,0.2712,180.0,0.1268,5953.6776,119.073552,Hotta:1984,1.083364004,0.018475975,0.0089,0.2801,0.1444,0.1533,1.0,0.0,0.0,5953.6776,119.073552,3.141592653589793,1.0,3.749399456654644e-33,2.6670937881135714e+32,0.002790928952691285,0.12400907104730871,4.433234524286382,1.0667111809416905,0.15664512,0.17175732,0.18783555999999998,0.4334,0.9616571353290001,0.9465449353290001,1.714230261523584e-33,4.292513077139732e-05,138699113.8526051,2773982.2770521026,6.790178889842081e-37,6.5744252585689835e-37,3220.7714407754856,3019.3472219276778,19175434.781664737,383508.69563329476,49.24618967906588,0.9849237935813177,17976219.921813045,359524.3984362609,46.16637620278006,0.9233275240556011,"[0.428,0.523]",0.475,"[0.145,0.206]",0.16,0.0036,0.0,34,0.12419999999999999,0.032,0.7510585225290001,6,0.959058522529,0.005,0.0,24,0.1225,0.03,0.8141835225290001,4,0.9491835225290001,0.12620998189535015,0.12403363460051425,1.7423473023839464e-33,1.710255044639932e-33,0.15015868023032108,0.12194068250924839,1.6873533153561958e-33,1.7152900018956886e-33
26,56,0.2712,180.0,0.1367,5479.422509,109.5884502,Hotta:1984,1.127856082,0.019710106,0.0089,0.2801,0.1345,0.1434,1.0,0.0,0.0,5479.422509,109.5884502,3.141592653589793,1.0,3.749399456654644e-33,2.6670937881135714e+32,0.002790928952691285,0.1339090710473087,4.433234524286382,1.0667111809416905,0.1459056,0.16066536,0.17935225,0.4235,0.990974460729,0.976214700729,1.6793728918572885e-33,6.216675832200399e-05,88140714.69865516,1762814.2942948185,6.790178889842084e-37,6.574425258568986e-37,3287.6223595119422,3082.017342885293,18014271.957801428,360285.439221781,46.26410112027452,0.9252820225743552,16887675.201734047,337753.50409632124,43.37078484490306,0.8674156970563652,"[0.340,0.428]",0.38,"[0.145,0.206]",0.16,0.0036,0.0,37,0.135,0.008,0.8322835225290001,17,0.9722835225290001,0.005,0.0,26,0.1325,0.03,0.8141835225290001,5,0.979183522529,0.13620627885342884,0.13403363460051426,1.6338430017824695e-33,1.6854546169546915e-33,0.11845947443664773,0.1379275008446369,1.6925182901297748e-33,1.6754846506058876e-33
26,56,0.2712,180.0,0.1466,4817.31178,96.34623561,Hotta:1984,1.324390094,0.021796389,0.0089,0.2801,0.12459999999999999,0.13349999999999998,1.0,0.0,0.0,4817.31178,96.34623561,3.141592653589793,1.0,3.749399456654644e-33,2.6670937881135714e+32,0.002790928952691285,0.14380907104730872,4.433234524286382,1.0667111809416905,0.13516608,0.1495734,0.17106496,0.41359999999999997,1.020291786129,1.005884466129,1.639173869067013e-33,8.14083858726108e-05,59174638.19437729,1183492.7640103833,6.790178889842082e-37,6.574425258568984e-37,3368.247855470502,3157.600591096289,16225900.072117787,324518.0014760382,41.67121954539117,0.8334243909943264,15211146.524023116,304222.9305120383,39.06513805227382,0.7813027611265695,"[0.340,0.428]",0.38,"[0.145,0.206]",0.16,0.0036,0.0,39,0.1422,0.008,0.8322835225290001,21,1.004283522529,0.005,0.0,28,0.14250000000000002,0.03,0.8141835225290001,6,1.009183522529,0.14338703469795178,0.14403363460051427,1.6077777775936225e-33,1.659524827527686e-33,0.13349354292294457,0.15391431918002543,1.643341450939341e-33,1.6329281990564084e-33
26,56,0.2712,180.0,0.1566,4066.707167,81.33414334,Hotta:1984,1.263921839,0.024835818,0.0089,0.2801,0.11460000000000001,0.12350000000000001,1.0,0.0,0.0,4066.707167,81.33414334,3.141592653589793,1.0,3.749399456654644e-33,2.6670937881135714e+32,0.002790928952691285,0.1538090710473087,4.433234524286382,1.0667111809416905,0.12431808000000001,0.13836940000000003,0.16289296000000003,0.4036,1.049905246129,1.035853926129,1.5924633979811928e-33,0.00010084437329746614,40326564.923996426,806531.2984799285,6.790178889842082e-37,6.574425258568984e-37,3467.046009489167,3250.2199952835085,14099460.855108345,281989.2171021669,36.21011630501082,0.7242023261002165,13217692.94914615,264353.858982923,33.94556741501913,0.6789113483003826,"[0.340,0.428]",0.38,"[0.100,0.145]",0.12,0.0036,0.0,42,0.153,0.008,0.8322835225290001,25,1.0362835225290001,0.005,0.0,30,0.1525,0.008,0.8541835225290001,22,1.0341835225290001,0.15415632050738992,0.1536502259503857,1.566176977612049e-33,1.566509897985079e-33,0.14831962031775292,0.1459209100123312,1.5890974067786744e-33,1.5921815485902795e-33
26,56,0.2712,180.0,0.1665,3355.234862,67.10469724,Hotta:1984,1.39781571,0.027419839,0.0089,0.2801,0.10469999999999999,0.11359999999999999,1.0,0.0,0.0,3355.234862,67.10469724,3.141592653589793,1.0,3.749399456654644e-33,2.6670937881135714e+32,0.002790928952691285,0.16370907104730872,4.433234524286382,1.0667111809416905,0.11357855999999998,0.12727744,0.15499969,0.3937,1.0792225715290003,1.065523691529,1.539402963903973e-33,0.00012008600084807288,27940266.461574353,558805.329231487,6.790178889842083e-37,6.574425258568985e-37,3586.5488106028215,3362.249196110069,12033713.60359922,240674.27207198442,30.90488165791431,0.6180976331582861,11281135.717519978,225622.71435039956,28.97211748603923,0.5794423497207846,"[0.340,0.428]",0.38,"[0.100,0.145]",0.12,0.0036,0.0,45,0.1638,0.008,0.8322835225290001,29,1.0682835225290002,0.005,0.0,32,0.1625,0.008,0.8541835225290001,26,1.0661835225290002,0.16492338998498468,0.1636502259503857,1.5215742695255906e-33,1.5326463219088843e-33,0.162946107411872,0.16297351623674566,1.5299908228023766e-33,1.5349577243322219e-33
26,56,0.2712,180.0,0.1764,2773.874432,55.47748864,Hotta:1984,1.586228976,0.033887619,0.0089,0.2801,0.0948,0.1037,1.0,0.0,0.0,2773.874432,55.47748864,3.141592653589793,1.0,3.749399456654644e-33,2.6670937881135714e+32,0.002790928952691285,0.17360907104730872,4.433234524286382,1.0667111809416905,0.10283903999999999,0.11618548000000001,0.14730244,0.38380000000000003,1.108539896929,1.095193456929,1.47867807072021e-33,0.00013932762839867963,19909004.867740124,398180.0973548025,6.790178889842083e-37,6.574425258568985e-37,3733.8376611882168,3500.3267312638386,10357196.821608674,207143.93643217345,26.5992654157737,0.531985308315474,9709466.823498897,194189.33646997792,24.935770704392468,0.4987154140878493,"[0.340,0.428]",0.38,"[0.100,0.145]",0.12,0.0036,0.0,48,0.1746,0.008,0.8322835225290001,32,1.0922835225290002,0.005,0.0,34,0.17250000000000001,0.008,0.8541835225290001,30,1.0981835225290002,0.17568824449855924,0.1736502259503857,1.4739715059604596e-33,1.4982176076231014e-33,0.17378973318055235,0.18002612246116012,1.4825853603816045e-33,1.476050429703672e-33
26,56,0.2712,180.0,0.1863,2385.625276,47.71250552,Hotta:1984,1.827613097,0.067068371,0.0089,0.2801,0.0849,0.09380000000000001,1.0,0.0,0.0,2385.625276,47.71250552,3.141592653589793,1.0,3.749399456654644e-33,2.6670937881135714e+32,0.002790928952691285,0.1835090710473087,4.433234524286382,1.0667111809416905,0.09209952,0.10509352000000001,0.13980121,0.3739,1.137857222329,1.124863222329,1.4092781700026915e-33,0.0001585692559492864,15044689.853138812,300893.7970627762,6.790178889842082e-37,6.574425258568984e-37,3917.7104894896,3672.7003142791223,9346189.167776722,186923.78335553446,24.002804096669614,0.4800560819333923,8761686.700917419,175233.73401834836,22.501689797120143,0.45003379594240284,"[0.340,0.428]",0.38,"[0.100,0.145]",0.12,0.0036,0.0,50,0.1818,0.008,0.8322835225290001,36,1.124283522529,0.005,0.0,36,0.1825,0.008,0.8541835225290001,33,1.1221835225290002,0.18286358431351601,0.1836502259503857,1.4405705467771361e-33,1.463395330714344e-33,0.18808552308623294,0.19281557712947095,1.4154221311667928e-33,1.4312701948943276e-33
26,56,0.2712,180.0,0.1962,2211.845553,44.23691106,Hotta:1984,2.075190103,0.085901115,0.0089,0.2801,0.07499999999999998,0.08389999999999999,1.0,0.0,0.0,2211.845553,44.23691106,3.141592653589793,1.0,3.749399456654644e-33,2.6670937881135714e+32,0.002790928952691285,0.19340907104730873,4.433234524286382,1.0667111809416905,0.08135999999999997,0.09400156,0.132496,0.364,1.1671745477290003,1.1545329877290003,1.3300378803461572e-33,0.00017781088349989331,12439314.790319499,248786.29580638994,6.790178889842084e-37,6.574425258568986e-37,4151.11776199285,3891.5105008351484,9181631.361843199,183632.62723686395,23.580188129081645,0.47160376258163283,8607420.195725026,172148.4039145005,22.105503861190527,0.44211007722381046,"[0.340,0.428]",0.38,"[0.070,0.100]",0.093,0.0036,0.0,53,0.1926,0.008,0.8322835225290001,40,1.156283522529,0.005,0.0,38,0.1925,0.008,0.8811835225290001,34,1.1571835225290001,0.19362475025612014,0.19339142511154891,1.3879718025226703e-33,1.3370149496148622e-33,0.202202130166809,0.1970787286855745,1.3438935414192213e-33,1.3224138446370183e-33
26,56,0.2712,180.0,0.2061,2241.891809,44.83783619,Hotta:1984,1.909101939,0.096793253,0.0089,0.2801,0.06509999999999999,0.074,1.0,0.0,0.0,2241.891809,44.83783619,3.141592653589793,1.0,3.749399456654644e-33,2.6670937881135714e+32,0.002790928952691285,0.20330907104730872,4.433234524286382,1.0667111809416905,0.07062047999999999,0.0829096,0.12538681000000002,0.3541,1.1964918731290002,1.184202753129,1.2396088918421876e-33,0.00019705251105049987,11377128.852854135,227542.57710783053,6.790178889842083e-37,6.574425258568985e-37,4453.940194816819,4175.394684515156,9985252.04053569,199705.0408552532,25.64403996991455,0.5128807995126767,9360783.142556667,187215.66289288728,24.04028421946046,0.4808056844964413,"[0.340,0.428]",0.38,"[0.070,0.100]",0.093,0.0036,0.0,56,0.2034,0.008,0.8322835225290001,43,1.180283522529,0.005,0.0,40,0.2025,0.008,0.8811835225290001,37,1.1811835225290002,0.20438370487531188,0.20339142511154892,1.3323779338214298e-33,1.2975335017264424e-33,0.21267596608364003,0.20986818335388532,1.2874790346118914e-33,1.272191721142136e-33
26,56,0.28,60.0,0.015,55600.81742,1112.016348,Meziani:1984is,1.514366225,0.045143221,0.0089,0.28890000000000005,0.265,0.27390000000000003,1.0,0.0,0.0,55600.81742,1112.016348,1.0471975511965976,0.24999999999999994,0.7500000000000001,0.3333333333333333,0.0007494694826732928,0.014250530517326707,4.433234524286382,1.0645817602040817,0.0742,0.07912971,0.07935471000000001,0.28169968051100097,0.834304412529,0.829374702529,0.5993183514557173,-0.0003099547038534901,-179383686.4830465,-3587673.7283704192,0.002038750392799243,0.0019759436136510488,314.7304835873581,295.63768171927336,17499272.154449005,349985.44296308793,44.941482974227284,0.8988296591612305,16437696.76374539,328753.93515665276,42.21515402030929,0.8443030801024843,"[0.270,0.340]",0.3,"[0.070,0.100]",0.093,0.001,0.0,14,0.0145,0.01,0.8866835225290001,-6,0.831683522529,0.005,0.0,2,0.0125,0.008,0.8811835225290001,-7,0.8291835225290001,0.01536040790644222,0.013391425111548913,0.5993698297591302,0.5995375688945482,0.02177050033162553,0.022289514885326572,0.5987321147063314,0.5987206113751727
26,56,0.28,60.0,0.025,112685.6467,2253.712935,Meziani:1984is,0.905172956,0.026445249,0.0089,0.28890000000000005,0.255,0.2639,1.0,0.0,0.0,112685.6467,2253.712935,1.0471975511965976,0.24999999999999994,0.7500000000000001,0.3333333333333333,0.0007494694826732928,0.02425053051732671,4.433234524286382,1.0645817602040817,0.07139999999999999,0.07624071,0.07686571,0.27724665913226076,0.855869872529,0.8510291625290001,0.5980389775438089,-0.00017773358020450303,-634014385.8596791,-12680287.72281998,0.002038750392799243,0.0019759436136510488,317.42116085954257,298.16513181542064,35768808.78772228,715376.1760718668,91.86115267846277,1.8372230543844537,33598930.70201142,671978.6143383936,86.28849010230353,1.7257698028118158,"[0.270,0.340]",0.3,"[0.070,0.100]",0.093,0.001,0.0,24,0.0245,0.01,0.8866835225290001,-4,0.851683522529,0.005,0.0,4,0.0225,0.008,0.8811835225290001,-4,0.8531835225290001,0.025356506624724773,0.023391425111548913,0.5982780794380643,0.5985912925822224,0.03213079354627424,0.03507896955363741,0.5972278863054391,0.5968411467256756
26,56,0.28,60.0,0.035,148745.519,2974.910379,Meziani:1984is,0.739518076,0.022723374,0.0089,0.28890000000000005,0.24500000000000002,0.2539,1.0,0.0,0.0,148745.519,2974.910379,1.0471975511965976,0.24999999999999994,0.7500000000000001,0.3333333333333333,0.0007494694826732928,0.03425053051732671,4.433234524286382,1.0645817602040817,0.0686,0.07335171,0.07457671,0.27308736697254965,0.8774353325290001,0.8726836225290001,0.596018510405569,-4.6266430554270846e-05,-3214977192.275952,-64299543.823905095,0.002038750392799243,0.0019759436136510488,321.70711505283936,302.1910829950418,47852491.7945273,957049.8355688389,122.89436533572294,2.4578873058882533,44949569.47726957,898991.3892432003,115.43910475430646,2.3087820943100446,"[0.270,0.340]",0.3,"[0.070,0.100]",0.093,0.001,0.0,34,0.0345,0.01,0.8866835225290001,-2,0.871683522529,0.005,0.0,6,0.0325,0.008,0.8811835225290001,-2,0.8691835225290001,0.03535069109255318,0.03339142511154891,0.596639546622444,0.5971363465572005,0.04238163978354781,0.04360527266584463,0.5951520718582449,0.5951329139409213
26,56,0.28,60.0,0.045,171037.2485,3420.744969,Meziani:1984is,0.678214839,0.021749648,0.0089,0.28890000000000005,0.23500000000000004,0.24390000000000003,1.0,0.0,0.0,171037.2485,3420.744969,1.0471975511965976,0.24999999999999994,0.7500000000000001,0.3333333333333333,0.0007494694826732928,0.044250530517326706,4.433234524286382,1.0645817602040817,0.0658,0.07046271000000001,0.07248771000000001,0.2692354174324025,0.8990007925290001,0.894338082529,0.5931811207964451,8.372376577856793e-05,2042875722.4365444,40857514.436786845,0.002038750392799243,0.0019759436136510488,327.80257372350565,307.9167669194947,56066450.2608868,1121329.0048899334,143.98938410614957,2.8797876812811314,52665236.580926195,1053304.7313106072,135.25441585486737,2.705088316306558,"[0.223,0.270]",0.24,"[0.070,0.100]",0.093,0.0006,0.0,73,0.04409999999999999,0.018,0.919083522529,-2,0.892083522529,0.005,0.0,8,0.0425,0.008,0.8811835225290001,1,0.8931835225290001,0.04463301369023043,0.04339142511154891,0.5915236654096822,0.5951801523494804,0.03624407144051611,0.05639472733415546,0.5944505940939713,0.5919033596181792
26,56,0.28,60.0,0.055,172612.3312,3452.246625,Meziani:1984is,0.695199463,0.023520915,0.0089,0.28890000000000005,0.22500000000000003,0.23390000000000002,1.0,0.0,0.0,172612.3312,3452.246625,1.0471975511965976,0.24999999999999994,0.7500000000000001,0.3333333333333333,0.0007494694826732928,0.05425053051732671,4.433234524286382,1.0645817602040817,0.063,0.06757371000000001,0.07059871000000001,0.265704177611117,0.9205662525290002,0.9159925425290001,0.5894451753184002,0.00021144946649776525,816328998.4078739,16326579.972886741,0.0020387503927992434,0.001975943613651049,335.9668166879959,315.5857344611941,57992015.43435803,1159840.3090231277,148.93460432419852,2.978692087346798,54473989.31881088,1089479.7866918035,139.89963936226707,2.7979927880558266,"[0.223,0.270]",0.24,"[0.045,0.070]",0.056,0.0006,0.0,90,0.054299999999999994,0.018,0.919083522529,-1,0.910083522529,0.003,0.0,18,0.0555,0.01,0.918183522529,-1,0.913183522529,0.05482329918644524,0.05603677211017999,0.5870719357549001,0.5868375693734648,0.04543606396606914,0.04733553027743524,0.5912091403135756,0.5905484723737408
26,56,0.28,60.0,0.065,156939.3723,3138.787445,Meziani:1984is,0.758254594,0.02714424,0.0089,0.28890000000000005,0.21500000000000002,0.22390000000000002,1.0,0.0,0.0,156939.3723,3138.787445,1.0471975511965976,0.24999999999999994,0.7500000000000001,0.3333333333333333,0.0007494694826732928,0.06425053051732671,4.433234524286382,1.0645817602040817,0.0602,0.06468471,0.06890971000000001,0.2625065903934604,0.9421317125290001,0.9376470025290001,0.5847230970952642,0.0003360716374088669,466981901.5672142,9339638.028368728,0.002038750392799243,0.0019759436136510488,346.515595964235,325.4945828658642,54381940.122787446,1087638.8021092333,139.6632393943503,2.7932647869970877,51082915.52201906,1021658.3101148866,131.19071227331258,2.6238142446303194,"[0.223,0.270]",0.24,"[0.045,0.070]",0.056,0.0006,0.0,107,0.06449999999999999,0.018,0.919083522529,1,0.9460835225290001,0.003,0.0,21,0.0645,0.01,0.918183522529,1,0.933183522529,0.06501159646612109,0.06503677211018,0.581578525266927,0.5824039875431608,0.06356706833875447,0.05799340916769427,0.5824236358966846,0.585924276213493
26,56,0.28,60.0,0.075,130740.4045,2614.80809,Meziani:1984is,0.841361937,0.031665804,0.0089,0.28890000000000005,0.20500000000000002,0.2139,1.0,0.0,0.0,130740.4045,2614.80809,1.0471975511965976,0.24999999999999994,0.7500000000000001,0.3333333333333333,0.0007494694826732928,0.0742505305173267,4.433234524286382,1.0645817602040817,0.05739999999999999,0.06179571,0.06742071,0.2596549826211698,0.9636971725290001,0.9593014625290002,0.5789213047993379,0.0004567174284034999,286261036.62611645,5725220.732522329,0.002038750392799244,0.0019759436136510496,359.8358970328337,338.0068215369881,47045090.73169303,940901.8146338606,120.82080474426063,2.4164160948852125,44191148.571505144,883822.9714301028,113.49133458861735,2.269826691772347,"[0.223,0.270]",0.24,"[0.045,0.070]",0.056,0.0006,0.0,123,0.0741,0.018,0.919083522529,2,0.9640835225290001,0.003,0.0,24,0.0735,0.01,0.918183522529,4,0.9631835225290001,0.0745987669574788,0.07403677211017999,0.5753857486297818,0.5773932256048696,0.07251061805531867,0.07398022750308281,0.5768231797961975,0.5774264450103079
26,56,0.28,60.0,0.085,104322.4464,2086.448929,Meziani:1984is,0.91447242,0.036713096,0.0089,0.28890000000000005,0.195,0.2039,1.0,0.0,0.0,104322.4464,2086.448929,1.0471975511965976,0.24999999999999994,0.7500000000000001,0.3333333333333333,0.0007494694826732928,0.08425053051732671,4.433234524286382,1.0645817602040817,0.054599999999999996,0.058906709999999994,0.06613171,0.25716086405205596,0.9852626325290001,0.9809559225290001,0.5719402537772642,0.0005725022525016879,182221896.84693414,3644437.938685401,0.0020387503927992434,0.001975943613651049,376.40518481051873,353.57095047200636,39267509.717077434,785350.1947179539,100.84648686040771,2.016929738174835,36885386.52921294,737707.7309378297,94.72873820520398,1.8945747650121176,"[0.223,0.270]",0.24,"[0.045,0.070]",0.056,0.0006,0.0,140,0.08429999999999999,0.018,0.919083522529,3,0.9820835225290001,0.003,0.0,28,0.0855,0.01,0.918183522529,6,0.983183522529,0.08478320807783035,0.08603677211018,0.5676250599376388,0.5698688900715928,0.08137572506613766,0.08463810639334178,0.5703640302112887,0.5707932860579847
26,56,0.28,60.0,0.095,76233.26435,1524.665287,Meziani:1984is,0.960210751,0.04184525,0.0089,0.28890000000000005,0.18500000000000003,0.19390000000000002,1.0,0.0,0.0,76233.26435,1524.665287,1.0471975511965976,0.24999999999999994,0.7500000000000001,0.3333333333333333,0.0007494694826732928,0.09425053051732671,4.433234524286382,1.0645817602040817,0.0518,0.05601771,0.06504271,0.25503472312608727,1.006828092529,1.0026103825290003,0.5636746069906089,0.0006825556425996901,111687984.96727073,2233759.6993454145,0.0020387503927992434,0.001975943613651049,396.8167426228483,372.7442620722508,30250635.638873506,605012.7127774702,77.68942699587343,1.5537885399174691,28415511.865499575,568310.2373099915,72.9764776178208,1.459529552356416,"[0.223,0.270]",0.24,"[0.045,0.070]",0.056,0.0006,0.0,157,0.09449999999999999,0.018,0.919083522529,4,1.0000835225290001,0.003,0.0,31,0.0945,0.01,0.918183522529,8,1.003183522529,0.09496566439988641,0.09503677211018,0.5585269278031334,0.563637384814717,0.09016441789619856,0.09529598528360081,0.5629926604931103,0.5634508554736494
26,56,0.28,60.0,0.105,52681.99684,1053.639937,Meziani:1984is,1.068676272,0.051440723,0.0089,0.28890000000000005,0.17500000000000004,0.18390000000000004,1.0,0.0,0.0,52681.99684,1053.639937,1.0471975511965976,0.24999999999999994,0.7500000000000001,0.3333333333333333,0.0007494694826732928,0.1042505305173267,4.433234524286382,1.0645817602040817,0.049,0.05312871,0.06415371,0.25328582668597943,1.0283935525290002,1.0242648425290002,0.5540135675617337,0.000786049806900533,67021194.30285211,1340423.886311479,0.0020387503927992434,0.001975943613651049,421.81340272124964,396.22452543277416,22221972.34923052,444439.4470689731,57.07028173356267,1.141405634887913,20873899.196779907,417477.984014843,53.60817164726007,1.0721634331487173,"[0.223,0.270]",0.24,"[0.045,0.070]",0.056,0.0006,0.0,173,0.10409999999999998,0.018,0.919083522529,5,1.0180835225290001,0.003,0.0,34,0.10350000000000001,0.01,0.918183522529,10,1.023183522529,0.10454734063893056,0.10403677211018,0.5486062525015208,0.5569418325788521,0.09887863911985406,0.10595386417385984,0.5546432687129499,0.5554592269737736
26,56,0.28,60.0,0.115,35016.69546,700.3339092,Meziani:1984is,1.216562541,0.067682001,0.0089,0.28890000000000005,0.16500000000000004,0.17390000000000003,1.0,0.0,0.0,35016.69546,700.3339092,1.0471975511965976,0.24999999999999994,0.7500000000000001,0.3333333333333333,0.0007494694826732928,0.11425053051732671,4.433234524286382,1.0645817602040817,0.046200000000000005,0.05023971,0.06346471000000001,0.2519220315891407,1.0499590125290001,1.0459193025290001,0.5428414086801462,0.0008822293769525639,39691146.51447704,793822.9302895407,0.0020387503927992434,0.001975943613651049,452.3330117749181,424.89269371683133,15839207.319826901,316784.146396538,40.678118484389636,0.8135623696877926,14878338.05906134,297566.76118122676,38.21042216296434,0.7642084432592867,"[0.223,0.270]",0.24,"[0.045,0.070]",0.056,0.0006,0.0,190,0.11429999999999998,0.018,0.919083522529,7,1.054083522529,0.003,0.0,38,0.1155,0.01,0.918183522529,12,1.043183522529,0.1147259474275728,0.11603677211018,0.5364443861634867,0.5473577421544575,0.11609103700477197,0.11661174306411887,0.5346744547844106,0.5468810576318138
26,56,0.28,60.0,0.125,23092.83731,461.8567462,Meziani:1984is,1.459326957,0.097432809,0.0089,0.28890000000000005,0.15500000000000003,0.16390000000000002,1.0,0.0,0.0,23092.83731,461.8567462,1.0471975511965976,0.24999999999999994,0.7500000000000001,0.3333333333333333,0.0007494694826732928,0.12425053051732671,4.433234524286382,1.0645817602040817,0.04340000000000001,0.04735071,0.06297570999999999,0.2509496164571685,1.0715244725289998,1.067573762529,0.5300382401651024,0.0009704405086897241,23796242.122229256,475924.8424445851,0.0020387503927992425,0.0019759436136510483,489.5705903603007,459.87129280371045,11305573.994951077,226111.47989902153,29.03487966376843,0.5806975932753686,10619732.948255459,212394.65896510918,27.273508479238277,0.5454701695847656,"[0.223,0.270]",0.24,"[0.045,0.070]",0.056,0.0006,0.0,207,0.12449999999999999,0.018,0.919083522529,8,1.072083522529,0.003,0.0,41,0.1245,0.01,0.918183522529,14,1.063183522529,0.12490257282637884,0.12503677211018,0.5223841823482729,0.5397271488748016,0.12459271236868863,0.12726962195437788,0.5228429970020669,0.5377804991928995
26,56,0.28,60.0,0.135,15828.85985,316.577197,Meziani:1984is,1.56044088,0.140881909,0.0089,0.28890000000000005,0.14500000000000002,0.1539,1.0,0.0,0.0,15828.85985,316.577197,1.0471975511965976,0.24999999999999994,0.7500000000000001,0.3333333333333333,0.0007494694826732928,0.13425053051732672,4.433234524286382,1.0645817602040817,0.040600000000000004,0.04446171,0.06268671,0.250373141530796,1.0930899325290002,1.0892282225290002,0.5154810536695309,0.0010501573224798552,15072846.240429504,301456.9248085901,0.0020387503927992425,0.0019759436136510483,535.0647024210375,502.60555123400286,8469464.185304558,169389.28370609117,21.751206400199983,0.4350241280039997,7955672.830315026,159113.45660630052,20.43169178103357,0.4086338356206714,"[0.223,0.270]",0.24,"[0.035,0.045]",0.04,0.0006,0.0,223,0.1341,0.018,0.919083522529,9,1.090083522529,0.005,0.0,26,0.1325,0.008,0.934183522529,19,1.090183522529,0.13447876424829275,0.13288340865012857,0.5071581553782948,0.5099525731342591,0.13302692183748432,0.13313145534402032,0.5096025820928968,0.509666745521502
26,56,0.28,60.0,0.145,11825.68052,236.5136103,Meziani:1984is,1.73351546,0.224088584,0.0089,0.28890000000000005,0.13500000000000004,0.14390000000000003,1.0,0.0,0.0,11825.68052,236.5136103,1.0471975511965976,0.24999999999999994,0.7500000000000001,0.3333333333333333,0.0007494694826732928,0.1442505305173267,4.433234524286382,1.0645817602040817,0.03780000000000001,0.041572710000000006,0.06259771,0.25019534368169205,1.114655392529,1.110882682529,0.4990450897920501,0.0011210037031602756,10549189.52244462,210983.79035968665,0.002038750392799243,0.0019759436136510488,590.819703195826,554.9782320923525,6986845.054915061,139736.90103921926,17.943556469529984,0.3588711292388659,6562995.268278572,131259.90531007363,16.85502902669512,0.33710058039137347,"[0.223,0.270]",0.24,"[0.035,0.045]",0.04,0.0006,0.0,240,0.14429999999999998,0.018,0.919083522529,10,1.108083522529,0.005,0.0,28,0.14250000000000002,0.008,0.934183522529,22,1.114183522529,0.14465154672063818,0.14288340865012858,0.48851782476784794,0.4982740266579515,0.14139524651325186,0.14592091001233112,0.4947859293920977,0.4946702904657259
26,56,0.28,60.0,0.155,9840.301123,196.8060225,Meziani:1984is,2.012133547,0.361777547,0.0089,0.28890000000000005,0.12500000000000003,0.13390000000000002,1.0,0.0,0.0,9840.301123,196.8060225,1.0471975511965976,0.24999999999999994,0.7500000000000001,0.3333333333333333,0.0007494694826732928,0.1542505305173267,4.433234524286382,1.0645817602040817,0.035,0.03868371,0.06270871,0.2504170721017239,1.136220852529,1.132537142529,0.48060556954518513,0.001182768746695579,8319716.893510965,166394.3379040383,0.002038750392799243,0.0019759436136510488,659.4824742484508,619.4756465882218,6489506.131945848,129790.12266529628,16.66629484734538,0.3333258970146547,6095826.90079323,121916.53804064365,15.655251170328553,0.31310502347020835,"[0.223,0.270]",0.24,"[0.035,0.045]",0.04,0.0006,0.0,257,0.1545,0.018,0.919083522529,11,1.126083522529,0.005,0.0,30,0.1525,0.008,0.934183522529,24,1.130183522529,0.15482235120186516,0.15288340865012856,0.4668890891893167,0.48632874520402936,0.1496992066895827,0.15444721312453835,0.47819101746758774,0.48444158663485104
26,56,0.28,140.0,0.005,0.0,0.0,Meziani:1984is,#DIV/0!,#DIV/0!,0.0089,0.28890000000000005,0.275,0.28390000000000004,1.0,0.0,0.0,0.0,0.0,2.443460952792061,0.8830222215594888,0.11697777844051105,7.548632170413027,0.002629372042061151,0.002370627957938849,4.433234524286382,1.0645817602040817,0.2719708442403226,0.2896973740545739,0.2897223740545739,0.5382586497721833,0.6177681082886775,0.6000415784744262,0.062117329342314856,-0.00020613443854189335,-0.0,-0.0,2.5488420020110103e-05,2.470321081907521e-05,2594.919171476109,2437.501062369,0.0,0.0,0.0,0.0,0.0,0.0,0.0,0.0,"[0.523,0.609]",0.57,"[0.206,0.322]",0.265,0.0036,0.0,0,0.0018,0.06,0.6517835225290001,-1,0.621783522529,0.005,0.0,0,0.0025,0.015,0.7091835225290001,-8,0.5966835225290001,0.004914005302154578,0.00504008230710174,0.062118026572695786,0.062116772367315956,0.03470363000146104,-0.009950568757706913,0.061906336738874294,0.062100595216222104
26,56,0.28,140.0,0.015,0.005647107,0.000112942,Meziani:1984is,30989.31757,1611.444586,0.0089,0.28890000000000005,0.265,0.27390000000000003,1.0,0.0,0.0,0.005647107,0.000112942,2.443460952792061,0.8830222215594888,0.11697777844051105,7.548632170413027,0.002629372042061151,0.012370627957938848,4.433234524286382,1.0645817602040817,0.2620809953588563,0.27949316926223244,0.2797181692622324,0.528883890151924,0.6464234171701437,0.6290112432667676,0.06207548873660007,-0.00018482282680737608,-30.554164209843318,-0.6110825267146742,2.5488420020110103e-05,2.470321081907521e-05,2596.899908258948,2439.361639787177,14.664971650228464,0.29329906943858214,3.7662456353575134e-05,7.532481933644046e-07,13.775336191573645,0.27550638232084335,3.537770208119589e-05,7.075531645592029e-07,"[0.523,0.609]",0.57,"[0.206,0.322]",0.265,0.0036,0.0,3,0.0126,0.06,0.6517835225290001,-1,0.621783522529,0.005,0.0,2,0.0125,0.015,0.7091835225290001,-6,0.6266835225290001,0.015711870526622818,0.015040082307101741,0.06207808573194819,0.06207266319440348,0.03470363000146104,0.006036249577681571,0.061906336738874294,0.06211434697822746
26,56,0.28,140.0,0.025,167.7916847,3.355833695,Meziani:1984is,3.391109642,0.125751166,0.0089,0.28890000000000005,0.255,0.2639,1.0,0.0,0.0,167.7916847,3.355833695,2.443460952792061,0.8830222215594888,0.11697777844051105,7.548632170413027,0.002629372042061151,0.02237062795793885,4.433234524286382,1.0645817602040817,0.25219114647739005,0.269288964469891,0.26991396446989097,0.5195324479470854,0.67507872605161,0.657980908059109,0.06198742602200718,-0.00016350505902350664,-1026217.0828358105,-20524.341662832227,2.5488420020110096e-05,2.4703210819075207e-05,2601.077572765878,2443.285870563148,436439.1879697735,8728.783761996547,1.1208594370276392,0.02241718874723285,409963.0524254967,8199.26105095322,1.0528636493008947,0.021057272992292722,"[0.428,0.523]",0.475,"[0.206,0.322]",0.265,0.0036,0.0,6,0.0234,0.032,0.7510585225290001,-3,0.6710585225290001,0.005,0.0,4,0.0225,0.015,0.7091835225290001,-4,0.6566835225290001,0.02555640402687942,0.025040082307101738,0.061953668754431666,0.06198480798443222,0.008660747697799676,0.022023067913070113,0.0621029870025966,0.06201590359562212
26,56,0.28,140.0,0.035,528.8012806,10.57602561,Meziani:1984is,2.269283461,0.075453675,0.0089,0.28890000000000005,0.24500000000000002,0.2539,1.0,0.0,0.0,528.8012806,10.57602561,2.443460952792061,0.8830222215594888,0.11697777844051105,7.548632170413027,0.002629372042061151,0.03237062795793885,4.433234524286382,1.0645817602040817,0.24230129759592375,0.25908475967754957,0.26030975967754955,0.5102056052980499,0.7037340349330763,0.6869505728514504,0.06184809418215073,-0.00014218352296178864,-3719145.99937233,-74382.91997338027,2.5488420020110103e-05,2.470321081907521e-05,2607.7118227919223,2449.5176606182135,1378961.351328129,27579.227021347153,3.541436897824044,0.07082873794308667,1295308.0757872276,25906.161510845515,3.3265992619910616,0.06653198522723956,"[0.428,0.523]",0.475,"[0.206,0.322]",0.265,0.0036,0.0,8,0.0306,0.032,0.7510585225290001,-3,0.6710585225290001,0.005,0.0,6,0.0325,0.015,0.7091835225290001,-2,0.6866835225290001,0.032752382177960726,0.03504008230710174,0.06184526679766305,0.06185357784647759,0.008660747697799676,0.038009886248458656,0.0621029870025966,0.06180632826477832
26,56,0.28,140.0,0.045,1211.034303,24.22068606,Meziani:1984is,1.684510501,0.054416295,0.0089,0.28890000000000005,0.23500000000000004,0.24390000000000003,1.0,0.0,0.0,1211.034303,24.22068606,2.443460952792061,0.8830222215594888,0.11697777844051105,7.548632170413027,0.002629372042061151,0.04237062795793885,4.433234524286382,1.0645817602040817,0.2324114487144575,0.24888055488520813,0.25090555488520816,0.500904736337368,0.7323893438145426,0.715920237643792,0.06165189258663171,-0.0001208609938208919,-10020059.11679556,-200401.18233591123,2.54884200201101e-05,2.470321081907521e-05,2617.1049506655536,2458.3409640268974,3169403.869807108,63388.07739614216,8.139636254366895,0.16279272508733791,2977135.2359066615,59542.70471813323,7.645853572398719,0.1529170714479744,"[0.428,0.523]",0.475,"[0.206,0.322]",0.265,0.0036,0.0,11,0.0414,0.032,0.7510585225290001,-2,0.703058522529,0.005,0.0,8,0.0425,0.015,0.7091835225290001,0,0.716683522529,0.04354448967215063,0.04504008230710174,0.06163246516080458,0.06167952417720585,0.025409272602853195,0.05399670458384714,0.06195560582497019,0.061487867641646786
26,56,0.28,140.0,0.055,2157.244916,43.14489832,Meziani:1984is,1.344307259,0.044408495,0.0089,0.28890000000000005,0.22500000000000003,0.23390000000000002,1.0,0.0,0.0,2157.244916,43.14489832,2.443460952792061,0.8830222215594888,0.11697777844051105,7.548632170413027,0.002629372042061151,0.05237062795793885,4.433234524286382,1.0645817602040817,0.22252159983299125,0.23867635009286667,0.24170135009286667,0.491631315207714,0.7610446526960088,0.7448899024361334,0.06139259998492889,-9.954068823649523e-05,-21671991.164805666,-433439.82329611335,2.5488420020110096e-05,2.4703210819075207e-05,2629.6110064941486,2470.0883528100735,5672714.974817146,113454.29949634291,14.56861869501087,0.29137237390021736,5328585.541170346,106571.71082340692,13.684828389524585,0.2736965677904917,"[0.428,0.523]",0.475,"[0.206,0.322]",0.265,0.0036,0.0,14,0.052199999999999996,0.032,0.7510585225290001,-1,0.7350585225290001,0.005,0.0,10,0.0525,0.015,0.7091835225290001,2,0.746683522529,0.05433436671735592,0.05504008230710174,0.06135938369811212,0.06146337290288772,0.04187164367714624,0.06998352291923568,0.06166940025775002,0.06106389213417666
26,56,0.28,140.0,0.065,3330.995366,66.61990731,Meziani:1984is,1.128791724,0.039027373,0.0089,0.28890000000000005,0.21500000000000002,0.22390000000000002,1.0,0.0,0.0,3330.995366,66.61990731,2.443460952792061,0.8830222215594888,0.11697777844051105,7.548632170413027,0.002629372042061151,0.06237062795793885,4.433234524286382,1.0645817602040817,0.21263175095152495,0.2284721453005252,0.2326971453005252,0.4823869248855375,0.7896999615774751,0.7738595672284749,0.061063298498516626,-7.82263258357532e-05,-42581513.70925789,-851630.2740573237,2.54884200201101e-05,2.470321081907521e-05,2645.647367868195,2485.1518847749385,8812639.122439055,176252.78242232464,22.63254537580363,0.45265090744812736,8278029.411991486,165560.5882149782,21.259565231950756,0.42519130457519166,"[0.428,0.523]",0.475,"[0.206,0.322]",0.265,0.0036,0.0,17,0.063,0.032,0.7510585225290001,0,0.7670585225290001,0.005,0.0,12,0.0625,0.015,0.7091835225290001,4,0.7766835225290001,0.06512201469591616,0.06504008230710175,0.06102595454195541,0.061206016980104354,0.05806204531808978,0.08597034125462422,0.06125100242233786,0.060538807979538464
26,56,0.28,140.0,0.075,4632.499258,92.64998515,Meziani:1984is,1.057744368,0.036697254,0.0089,0.28890000000000005,0.20500000000000002,0.2139,1.0,0.0,0.0,4632.499258,92.64998515,2.443460952792061,0.8830222215594888,0.11697777844051105,7.548632170413027,0.002629372042061151,0.07237062795793885,4.433234524286382,1.0645817602040817,0.20274190207005865,0.2182679405081837,0.2238929405081837,0.4731732668993291,0.8183552704589414,0.8028292320208164,0.0606562872856884,-5.6922199399975415e-05,-81382998.31755975,-1627659.9661755168,2.54884200201101e-05,2.470321081907521e-05,2665.7095569388234,2503.9970217297387,12348897.544562608,246977.9508645951,31.71433439352164,0.6342866878019723,11599764.345197223,231995.28687890453,29.790416836976387,0.5958083366752205,"[0.428,0.523]",0.475,"[0.206,0.322]",0.265,0.0036,0.0,20,0.0738,0.032,0.7510585225290001,1,0.7990585225290001,0.005,0.0,14,0.0725,0.015,0.7091835225290001,6,0.8066835225290001,0.07590743498877828,0.07504008230710174,0.06063208652548082,0.06090850729831141,0.07399352741706322,0.10195715959001277,0.06070640161193287,0.05991794531952219
26,56,0.28,140.0,0.085,5871.758728,117.4351746,Meziani:1984is,0.986075939,0.035253492,0.0089,0.28890000000000005,0.195,0.2039,1.0,0.0,0.0,5871.758728,117.4351746,2.443460952792061,0.8830222215594888,0.11697777844051105,7.548632170413027,0.002629372042061151,0.08237062795793886,4.433234524286382,1.0645817602040817,0.1928520531885924,0.20806373571584225,0.21528873571584226,0.46399217204155746,0.8470105793404077,0.8317988968131579,0.060162984344031376,-3.56332548429131e-05,-164783114.92692062,-3295662.2996609593,2.54884200201101e-05,2.470321081907521e-05,2690.390420078318,2527.1806456298546,15797323.43082245,315946.46872406465,40.570552634337446,0.8114110529631264,14838995.013209773,296779.90036528267,38.1093816848412,0.7621876339564354,"[0.428,0.523]",0.475,"[0.206,0.322]",0.265,0.0036,0.0,22,0.081,0.032,0.7510585225290001,2,0.831058522529,0.005,0.0,16,0.0825,0.015,0.7091835225290001,8,0.8366835225290001,0.08309647826215638,0.08504008230710175,0.06033587510403193,0.06057204215475085,0.0896781284730418,0.1179439779254013,0.060041018553508914,0.059207427449925396
26,56,0.28,140.0,0.095,6860.270246,137.2054049,Meziani:1984is,1.002875944,0.036295946,0.0089,0.28890000000000005,0.18500000000000003,0.19390000000000002,1.0,0.0,0.0,6860.270246,137.2054049,2.443460952792061,0.8830222215594888,0.11697777844051105,7.548632170413027,0.002629372042061151,0.09237062795793885,4.433234524286382,1.0645817602040817,0.18296220430712612,0.1978595309235008,0.20688453092350081,0.4548456121845091,0.875665888221874,0.8607685616054993,0.05957381467151076,-1.4365182371424611e-05,-477562349.61879283,-9551246.990983602,2.5488420020110107e-05,2.4703210819075214e-05,2720.4052455220567,2555.374652483762,18662715.16291729,373254.30320393766,47.92942748386609,0.9585885495375913,17530560.69581694,350611.2138652313,45.02183794195193,0.9004367587077847,"[0.428,0.523]",0.475,"[0.145,0.206]",0.16,0.0036,0.0,25,0.09179999999999999,0.032,0.7510585225290001,3,0.8630585225290001,0.005,0.0,18,0.0925,0.03,0.8141835225290001,1,0.8591835225290001,0.09387818881037191,0.09403363460051425,0.05984100952879076,0.0590611374937886,0.10512698204379911,0.07398022750308282,0.059259769069770006,0.06019131643513094
26,56,0.28,140.0,0.105,7460.392646,149.2078529,Meziani:1984is,0.977160365,0.037263454,0.0089,0.28890000000000005,0.17500000000000004,0.18390000000000004,1.0,0.0,0.0,7460.392646,149.2078529,2.443460952792061,0.8830222215594888,0.11697777844051105,7.548632170413027,0.002629372042061151,0.10237062795793885,4.433234524286382,1.0645817602040817,0.17307235542565988,0.18765532613115937,0.19868032613115938,0.4457357133225465,0.9043211971033402,0.8897382263978408,0.05887808272312184,6.8754796298667385e-06,1085072321.877361,21701446.434638333,2.54884200201101e-05,2.470321081907521e-05,2756.6250798083906,2589.3972476852714,20565505.47318168,411310.1094085011,52.81615749054987,1.0563231496694065,19317920.18420384,386358.40363228886,49.61211948664699,0.9922423895999384,"[0.428,0.523]",0.475,"[0.145,0.206]",0.16,0.0036,0.0,28,0.1026,0.032,0.7510585225290001,4,0.8950585225290001,0.005,0.0,20,0.10250000000000001,0.03,0.8141835225290001,2,0.889183522529,0.10465767534840609,0.10403363460051426,0.059285347425338884,0.058416334419545,0.12035040921075424,0.08996704583847132,0.05836711890567861,0.05930845015120374
26,56,0.28,140.0,0.115,7618.640457,152.3728091,Meziani:1984is,1.023804712,0.040689674,0.0089,0.28890000000000005,0.16500000000000004,0.17390000000000003,1.0,0.0,0.0,7618.640457,152.3728091,2.443460952792061,0.8830222215594888,0.11697777844051105,7.548632170413027,0.002629372042061151,0.11237062795793885,4.433234524286382,1.0645817602040817,0.16318250654419358,0.1774511213388179,0.1906761213388179,0.43666476997671555,0.9329765059848065,0.9187078911901823,0.05806382676974333,2.8081226259008478e-05,271307256.55386704,5426145.129652902,2.5488420020110103e-05,2.470321081907521e-05,2800.1215440000183,2630.255043504814,21333119.279635847,426662.38548071205,54.7875367861608,1.095750735435566,20038967.48667407,400779.34962827124,51.46390707995782,1.0292781413289565,"[0.428,0.523]",0.475,"[0.145,0.206]",0.16,0.0036,0.0,31,0.1134,0.032,0.7510585225290001,5,0.927058522529,0.005,0.0,22,0.1125,0.03,0.8141835225290001,3,0.919183522529,0.11543493925196913,0.11403363460051426,0.058668711374358445,0.05772251206776467,0.1353579992399624,0.10595386417385985,0.05736713114962581,0.05828678684457401
26,56,0.28,140.0,0.125,7358.949164,147.1789833,Meziani:1984is,1.092547295,0.045658693,0.0089,0.28890000000000005,0.15500000000000003,0.16390000000000002,1.0,0.0,0.0,7358.949164,147.1789833,2.443460952792061,0.8830222215594888,0.11697777844051105,7.548632170413027,0.002629372042061151,0.12237062795793885,4.433234524286382,1.0645817602040817,0.15329265766272732,0.16724691654647644,0.18287191654647644,0.4276352611121731,0.9616318148662726,0.9476775559825235,0.05711765238210181,4.924345137003714e-05,149440158.21924403,2988803.164791026,2.5488420020110093e-05,2.47032108190752e-05,2852.228062032404,2679.2005730829246,20989401.312630698,419788.02630965854,53.90480320582897,1.0780960642630808,19716100.81747691,394322.01640312216,50.63472362657741,1.012694472669162,"[0.340,0.428]",0.38,"[0.145,0.206]",0.16,0.0036,0.0,33,0.1206,0.008,0.8322835225290001,14,0.9482835225290001,0.005,0.0,24,0.1225,0.03,0.8141835225290001,4,0.9491835225290001,0.12184180860527505,0.12403363460051425,0.05609395532866846,0.05698363306529046,0.10704203506311438,0.12194068250924839,0.05747633006588152,0.05714180572683037
26,56,0.28,140.0,0.135,6758.986331,135.1797266,Meziani:1984is,1.131826523,0.051043157,0.0089,0.28890000000000005,0.14500000000000002,0.1539,1.0,0.0,0.0,6758.986331,135.1797266,2.443460952792061,0.8830222215594888,0.11697777844051105,7.548632170413027,0.002629372042061151,0.13237062795793886,4.433234524286382,1.0645817602040817,0.14340280878126102,0.157042711754135,0.175267711754135,0.41864986773452467,0.9902871237477392,0.9766472207748652,0.05602454181783331,7.035229431816219e-05,96073431.52780586,1921468.6302718336,2.54884200201101e-05,2.470321081907521e-05,2914.6249672438416,2737.812234059979,19699910.31359245,393998.2062135565,50.593143311222256,1.0118628660747389,18504835.46685597,370096.7092823632,47.52396218165853,0.9504792434925463,"[0.340,0.428]",0.38,"[0.145,0.206]",0.16,0.0036,0.0,36,0.1314,0.008,0.8322835225290001,18,0.9802835225290001,0.005,0.0,26,0.1325,0.03,0.8141835225290001,5,0.979183522529,0.1326155311874544,0.13403363460051426,0.054972224491816615,0.05620375506378529,0.12223797237558098,0.1379275008446369,0.05605443533866046,0.05588987436027668
26,56,0.28,140.0,0.145,5929.777696,118.5955539,Meziani:1984is,1.175423491,0.058012293,0.0089,0.28890000000000005,0.13500000000000004,0.14390000000000003,1.0,0.0,0.0,5929.777696,118.5955539,2.443460952792061,0.8830222215594888,0.11697777844051105,7.548632170413027,0.002629372042061151,0.14237062795793884,4.433234524286382,1.0645817602040817,0.13351295989979475,0.14683850696179354,0.16786350696179353,0.4097114923477172,1.0189424326292051,1.0056168855672065,0.0547676355751027,9.13964658269834e-05,64879726.391447894,1297594.527610131,2.5488420020110103e-05,2.470321081907521e-05,2989.4601040661687,2808.107574089082,17726833.848173406,354536.6769036789,45.525904994402644,0.9105180997345028,16651453.660802105,333029.07315987995,42.764122678257486,0.8552824534209146,"[0.340,0.428]",0.38,"[0.145,0.206]",0.16,0.0036,0.0,39,0.1422,0.008,0.8322835225290001,21,1.004283522529,0.005,0.0,28,0.14250000000000002,0.03,0.8141835225290001,6,1.009183522529,0.14338703469795178,0.14403363460051427,0.053752748657712394,0.055386982416105825,0.13349354292294457,0.15391431918002543,0.05487649898210151,0.054547734746633936
26,56,0.28,140.0,0.155,5000.481233,100.0096247,Meziani:1984is,1.257878933,0.066993552,0.0089,0.28890000000000005,0.12500000000000003,0.13390000000000002,1.0,0.0,0.0,5000.481233,100.0096247,2.443460952792061,0.8830222215594888,0.11697777844051105,7.548632170413027,0.002629372042061151,0.15237062795793885,4.433234524286382,1.0645817602040817,0.12362311101832847,0.1366343021694521,0.1606593021694521,0.4008232804733928,1.0475977415106714,1.034586550359548,0.053327981783394485,0.00011236305043078342,44502896.76035752,890057.9355631394,2.54884200201101e-05,2.470321081907521e-05,3079.523482845159,2892.7073504009786,15399099.382550016,307981.98777418124,39.54783699637227,0.7909567402437976,14464928.81824125,289298.5764805333,37.14870804172983,0.7429741611317577,"[0.340,0.428]",0.38,"[0.100,0.145]",0.12,0.0036,0.0,42,0.153,0.008,0.8322835225290001,25,1.0362835225290001,0.005,0.0,30,0.1525,0.008,0.8541835225290001,22,1.0341835225290001,0.15415632050738992,0.1536502259503857,0.05243483966367625,0.05244540111799739,0.14831962031775292,0.1459209100123312,0.053161410235604306,0.05325909154139761
26,56,0.28,140.0,0.165,4103.399919,82.06799837,Meziani:1984is,1.286737853,0.073353806,0.0089,0.28890000000000005,0.11500000000000002,0.12390000000000002,1.0,0.0,0.0,4103.399919,82.06799837,2.443460952792061,0.8830222215594888,0.11697777844051105,7.548632170413027,0.002629372042061151,0.16237062795793886,4.433234524286382,1.0645817602040817,0.11373326213686219,0.12643009737711067,0.15365509737711067,0.3919886444491864,1.076253050392138,1.0635562151518894,0.05168424842237478,0.00013323728277701873,30797685.40362165,615953.7079973789,2.5488420020110096e-05,2.4703210819075207e-05,3188.506528693759,2995.0790515916015,13083717.431572942,261674.34859957374,33.6014926221456,0.6720298523610249,12290007.137699576,245800.1427240407,31.5630925479168,0.6312618508814165,"[0.340,0.428]",0.38,"[0.100,0.145]",0.12,0.0036,0.0,45,0.1638,0.008,0.8322835225290001,28,1.0602835225290002,0.005,0.0,32,0.1625,0.008,0.8541835225290001,26,1.0661835225290002,0.16492338998498468,0.1636502259503857,0.05101774641915959,0.05136991705380082,0.15930775900090388,0.16297351623674566,0.051769299998252014,0.05144340324359822
26,56,0.28,140.0,0.175,3355.452138,67.10904276,Meziani:1984is,1.36494273,0.084340348,0.0089,0.28890000000000005,0.10500000000000004,0.11390000000000004,1.0,0.0,0.0,3355.452138,67.10904276,2.443460952792061,0.8830222215594888,0.11697777844051105,7.548632170413027,0.002629372042061151,0.17237062795793884,4.433234524286382,1.0645817602040817,0.10384341325539594,0.11622589258476922,0.14685089258476922,0.3832112897407502,1.104908359273604,1.0925258799442308,0.049812392585622395,0.0001540022949611035,21788325.549612682,435766.5109922536,2.54884200201101e-05,2.470321081907521e-05,3321.3979168138417,3119.9087200001672,11144791.741121752,222895.834822435,28.621960037211768,0.5724392007442353,10468704.384889405,209374.08769778808,26.885638198164223,0.5377127639632845,"[0.340,0.428]",0.38,"[0.100,0.145]",0.12,0.0036,0.0,47,0.17099999999999999,0.008,0.8322835225290001,32,1.0922835225290002,0.005,0.0,34,0.17250000000000001,0.008,0.8541835225290001,29,1.0901835225290002,0.1721002056834422,0.1736502259503857,0.050017515355928535,0.05027397886885826,0.17378973318055235,0.1757629709050565,0.04977553531429601,0.050040328323567154
26,56,0.28,140.0,0.185,2831.970312,56.63940624,Meziani:1984is,1.37360197,0.093221316,0.0089,0.28890000000000005,0.09500000000000003,0.10390000000000003,1.0,0.0,0.0,2831.970312,56.63940624,2.443460952792061,0.8830222215594888,0.11697777844051105,7.548632170413027,0.002629372042061151,0.18237062795793885,4.433234524286382,1.0645817602040817,0.09395356437392964,0.10602168779242775,0.14024668779242774,0.37449524401843576,1.1335636681550705,1.1214955447365722,0.04768528013241932,0.00017463883204399584,16216154.67106741,324323.0934213482,2.5488420020110103e-05,2.470321081907521e-05,3485.1080200520855,3273.6875177947686,9869722.446900606,197394.44893801212,25.347337843132067,0.5069467568626413,9270985.861159757,185419.71722319513,23.80966759967121,0.4761933519934242,"[0.340,0.428]",0.38,"[0.100,0.145]",0.12,0.0036,0.0,50,0.1818,0.008,0.8322835225290001,36,1.124283522529,0.005,0.0,36,0.1825,0.008,0.8541835225290001,33,1.1221835225290002,0.18286358431351601,0.1836502259503857,0.0484332713782441,0.04916293391933861,0.18808552308623294,0.19281557712947095,0.04762802921455376,0.04813563656945278
26,56,0.28,140.0,0.195,2559.890157,51.19780313,Meziani:1984is,1.335994824,0.100394933,0.0089,0.28890000000000005,0.08500000000000002,0.09390000000000003,1.0,0.0,0.0,2559.890157,51.19780313,2.443460952792061,0.8830222215594888,0.11697777844051105,7.548632170413027,0.002629372042061151,0.19237062795793886,4.433234524286382,1.0645817602040817,0.08406371549246337,0.09581748300008629,0.13384248300008628,0.3658448892633137,1.1622189770365368,1.1504652095289138,0.04527224809711783,0.00019512493302435683,13119236.569733797,262384.7313434267,2.5488420020110093e-05,2.47032108190752e-05,3689.492398524721,3465.6731276491537,9444695.275309755,188893.90546930017,24.255786650199855,0.48511573290924387,8871742.526848473,177434.8505023127,22.78433423990844,0.4556866847091636,"[0.340,0.428]",0.38,"[0.070,0.100]",0.093,0.0036,0.0,53,0.1926,0.008,0.8322835225290001,39,1.148283522529,0.005,0.0,38,0.1925,0.008,0.8811835225290001,33,1.1491835225290001,0.19362475025612014,0.19339142511154891,0.04674752361943962,0.04510869135676779,0.19868941034125653,0.1928155771294709,0.045918604409825946,0.045182273360564344
26,56,0.2928,180.0,0.0082,0.0,0.0,Hotta:1984,#DIV/0!,#DIV/0!,0.0089,0.3017,0.2846,0.29350000000000004,1.0,0.0,0.0,0.0,0.0,3.141592653589793,1.0,3.749399456654644e-33,2.6670937881135714e+32,0.0032505416568466283,0.004949458343153372,4.433234524286382,1.061716277173102,0.33332352000000004,0.35419580000000006,0.3542630400000001,0.5952000000000001,0.5624203797289999,0.541548099729,1.8743439056884923e-33,-0.00018894609338090113,-0.0,-0.0,5.825301951383603e-37,5.653458440056741e-37,3417.4658882865288,3218.812748529941,0.0,0.0,0.0,0.0,0.0,0.0,0.0,0.0,"[0.523,0.609]",0.57,"[0.322,0.438]",0.38,0.0036,0.0,1,0.0054,0.06,0.6517835225290001,-2,0.5617835225290001,0.005,0.0,0,0.0025,0.05,0.5941835225290001,-2,0.519183522529,0.008513542020381237,0.006142382176221364,1.874281510469708e-33,1.874513614486592e-33,0.0033657431117094516,0.010032954161528676,1.8746343635273657e-33,1.874203260913184e-33
26,56,0.2928,180.0,0.0181,0.0,0.0,Hotta:1984,#DIV/0!,#DIV/0!,0.0089,0.3017,0.2747,0.2836,1.0,0.0,0.0,0.0,0.0,3.141592653589793,1.0,3.749399456654644e-33,2.6670937881135714e+32,0.0032505416568466283,0.014849458343153373,4.433234524286382,1.061716277173102,0.32172864,0.3422484800000001,0.34257609000000006,0.5853,0.592593065129,0.5720732251289999,1.8729069284328592e-33,-0.00017192287933683653,-0.0,-0.0,5.825301951383602e-37,5.65345844005674e-37,3420.0879196746437,3221.2823644193163,0.0,0.0,0.0,0.0,0.0,0.0,0.0,0.0,"[0.523,0.609]",0.57,"[0.322,0.438]",0.38,0.0036,0.0,4,0.0162,0.06,0.6517835225290001,-2,0.5617835225290001,0.005,0.0,2,0.0125,0.05,0.5941835225290001,-1,0.5691835225290001,0.01931066241739643,0.016142382176221364,1.8725480549391703e-33,1.8734150758329534e-33,0.0033657431117094516,0.03667765138717625,1.8746343635273657e-33,1.8680864559254457e-33
26,56,0.2928,180.0,0.0281,53.9525338,1.079050676,Hotta:1984,3.150917816,0.240952539,0.0089,0.3017,0.2647,0.2736,1.0,0.0,0.0,53.9525338,1.079050676,3.141592653589793,1.0,3.749399456654644e-33,2.6670937881135714e+32,0.0032505416568466283,0.02484945834315337,4.433234524286382,1.061716277173102,0.31001664,0.33018048000000005,0.33097009000000005,0.5753,0.6230705251290001,0.6029066851289999,1.8702271741684716e-33,-0.00015472771363576123,-348693.4081311875,-6973.868162623751,5.825301951383602e-37,5.65345844005674e-37,3424.9883912932337,3225.8979775769462,184786.8019458558,3695.7360389171163,0.4745679043228226,0.009491358086456451,174045.36967057182,3480.9073934114367,0.4469818486596011,0.008939636973192024,"[0.523,0.609]",0.57,"[0.322,0.438]",0.38,0.0036,0.0,6,0.0234,0.06,0.6517835225290001,-1,0.621783522529,0.005,0.0,4,0.0225,0.05,0.5941835225290001,0,0.6191835225290001,0.02650750173101102,0.026142382176221363,1.8706453935940128e-33,1.8713341626649147e-33,0.03470363000146104,0.06332234861282382,1.867750576283987e-33,1.855124649117273e-33
26,56,0.2928,180.0,0.038,180.5635373,3.611270747,Hotta:1984,2.154366301,0.116302551,0.0089,0.3017,0.2548,0.26370000000000005,1.0,0.0,0.0,180.5635373,3.611270747,3.141592653589793,1.0,3.749399456654644e-33,2.6670937881135714e+32,0.0032505416568466283,0.03474945834315337,4.433234524286382,1.061716277173102,0.29842176000000004,0.31823316000000007,0.31967716000000007,0.5654,0.653243210529,0.633431810529,1.8662316025228236e-33,-0.00013770449959169662,-1311239.1957807,-26224.783922875926,5.825301951383603e-37,5.653458440056741e-37,3432.321235986477,3232.80457291781,619752.0635196264,12395.041273824847,1.5916420160268376,0.0318328403293516,583726.6290856557,11674.532584945917,1.4991217995307582,0.029982435998917624,"[0.523,0.609]",0.57,"[0.206,0.322]",0.265,0.0036,0.0,9,0.0342,0.06,0.6517835225290001,-1,0.621783522529,0.005,0.0,6,0.0325,0.015,0.7091835225290001,-6,0.6266835225290001,0.037300900301374895,0.03504008230710174,1.8666714830332872e-33,1.8660538616083307e-33,0.03470363000146104,0.006036249577681571,1.867750576283987e-33,1.8744420009768208e-33
26,56,0.2928,180.0,0.0479,439.2493026,8.784986051,Hotta:1984,1.996588258,0.07740479,0.0089,0.3017,0.2449,0.2538,1.0,0.0,0.0,439.2493026,8.784986051,3.141592653589793,1.0,3.749399456654644e-33,2.6670937881135714e+32,0.0032505416568466283,0.04464945834315337,4.433234524286382,1.061716277173102,0.28682688,0.30628584000000003,0.30858025000000006,0.5555000000000001,0.683415895929,0.663956935929,1.8607606320835687e-33,-0.00012068128554763208,-3639746.6318556187,-72794.93262882609,5.825301951383603e-37,5.653458440056741e-37,3442.412876843627,3242.309598953598,1512077.455414823,30241.549104854046,3.8833045522388394,0.07766609103593601,1424182.2301536538,28483.644599830768,3.6575727769554645,0.07315145553078242,"[0.523,0.609]",0.57,"[0.206,0.322]",0.265,0.0036,0.0,12,0.045,0.06,0.6517835225290001,0,0.6817835225290001,0.005,0.0,8,0.0425,0.015,0.7091835225290001,-4,0.6566835225290001,0.048092067622320656,0.04504008230710174,1.8613544110514578e-33,1.860457685941303e-33,0.06506319616208411,0.022023067913070113,1.8502737035907877e-33,1.8712748327174287e-33
26,56,0.2928,180.0,0.0578,814.1060938,16.28212188,Hotta:1984,1.695110761,0.05404701,0.0089,0.3017,0.23500000000000001,0.2439,1.0,0.0,0.0,814.1060938,16.28212188,3.141592653589793,1.0,3.749399456654644e-33,2.6670937881135714e+32,0.0032505416568466283,0.05454945834315337,4.433234524286382,1.061716277173102,0.27523200000000003,0.29433852000000005,0.29767936000000006,0.5456000000000001,0.713588581329,0.694482061329,1.8536600706218463e-33,-0.00010365807150356745,-7853764.6127439495,-157075.29229346738,5.825301951383603e-37,5.653458440056741e-37,3455.5992558329817,3254.72946975417,2813224.411904376,56264.488251909905,7.22489917834311,0.14449798360236074,2649695.094997313,52993.901912965164,6.804924567587809,0.13609849138519123,"[0.523,0.609]",0.57,"[0.206,0.322]",0.265,0.0036,0.0,15,0.055799999999999995,0.06,0.6517835225290001,0,0.6817835225290001,0.005,0.0,10,0.0525,0.015,0.7091835225290001,-1,0.7016835225290001,0.058881005077026316,0.05504008230710174,1.8546950102934897e-33,1.8535108769695558e-33,0.06506319616208411,0.046003295416152924,1.8502737035907877e-33,1.8598468984311974e-33
26,56,0.2928,180.0,0.0678,1357.738944,27.15477888,Hotta:1984,1.369924615,0.036825931,0.0089,0.3017,0.225,0.2339,1.0,0.0,0.0,1357.738944,27.15477888,3.141592653589793,1.0,3.749399456654644e-33,2.6670937881135714e+32,0.0032505416568466283,0.06454945834315337,4.433234524286382,1.061716277173102,0.26352000000000003,0.28227052,0.28686736,0.5356,0.7440660413290001,0.7253155213290001,1.8446590339131365e-33,-8.646290580249207e-05,-15703138.026629526,-314062.7605325905,5.825301951383602e-37,5.65345844005674e-37,3472.4608953991624,3270.610962699796,4714695.389200553,94293.90778401105,12.108240885239043,0.24216481770478082,4440635.874730844,88812.71749461688,11.404403554477028,0.22808807108954057,"[0.523,0.609]",0.57,"[0.206,0.322]",0.265,0.0036,0.0,17,0.063,0.06,0.6517835225290001,1,0.741783522529,0.005,0.0,12,0.0625,0.015,0.7091835225290001,1,0.731683522529,0.06607239191467329,0.06504008230710175,1.849510082372594e-33,1.8452439781949364e-33,0.09453071926566958,0.061990113751541405,1.8231379449650225e-33,1.847903219566344e-33
26,56,0.2928,180.0,0.0777,2051.915902,41.03831804,Hotta:1984,1.301222919,0.027291567,0.0089,0.3017,0.2151,0.224,1.0,0.0,0.0,2051.915902,41.03831804,3.141592653589793,1.0,3.749399456654644e-33,2.6670937881135714e+32,0.0032505416568466283,0.07444945834315338,4.433234524286382,1.061716277173102,0.25192512,0.27032320000000004,0.27636049000000007,0.5257000000000001,0.774238726729,0.755840646729,1.833745589322744e-33,-6.943969175842757e-05,-29549611.32515351,-590992.2265030702,5.825301951383603e-37,5.653458440056741e-37,3493.1270716642352,3290.0758392486405,7167602.986054539,143352.05972109077,18.407777461869717,0.3681555492373943,6750958.933340282,135019.17866680562,17.33775572404502,0.34675511448090035,"[0.523,0.609]",0.57,"[0.206,0.322]",0.265,0.0036,0.0,20,0.0738,0.06,0.6517835225290001,1,0.741783522529,0.005,0.0,14,0.0725,0.015,0.7091835225290001,3,0.7616835225290001,0.07685761599552876,0.07504008230710174,1.8406153149748104e-33,1.835692889557914e-33,0.09453071926566958,0.07797693208692995,1.8231379449650225e-33,1.832649739544555e-33
26,56,0.2928,180.0,0.0876,2850.124402,57.00248805,Hotta:1984,1.210473479,0.023156884,0.0089,0.3017,0.2052,0.21409999999999998,1.0,0.0,0.0,2850.124402,57.00248805,3.141592653589793,1.0,3.749399456654644e-33,2.6670937881135714e+32,0.0032505416568466283,0.08434945834315337,4.433234524286382,1.061716277173102,0.24033024,0.25837588,0.26604964,0.5157999999999999,0.804411412129,0.786365772129,1.8206271282394247e-33,-5.241647771436296e-05,-54374588.41724154,-1087491.7685356105,5.825301951383604e-37,5.653458440056742e-37,3518.2966689079217,3313.7823583864106,10027583.189529782,200551.6638257786,25.752754469295244,0.5150550894762616,9444691.962554218,188893.83928422217,24.25577814240906,0.48511556293328545,"[0.428,0.523]",0.475,"[0.206,0.322]",0.265,0.0036,0.0,23,0.0846,0.032,0.7510585225290001,1,0.7990585225290001,0.005,0.0,16,0.0825,0.015,0.7091835225290001,5,0.7916835225290001,0.08669062897544677,0.08504008230710175,1.8122560029464488e-33,1.824898485557221e-33,0.07399352741706322,0.09396375042231848,1.8292080499373486e-33,1.8142530186426612e-33
26,56,0.2928,180.0,0.0975,3659.64776,73.1929552,Hotta:1984,1.087536359,0.018854274,0.0089,0.3017,0.1953,0.2042,1.0,0.0,0.0,3659.64776,73.1929552,3.141592653589793,1.0,3.749399456654644e-33,2.6670937881135714e+32,0.0032505416568466283,0.09424945834315338,4.433234524286382,1.061716277173102,0.22873536,0.24642856000000002,0.25593481,0.5059,0.834584097529,0.8168908975289999,1.8050672922690476e-33,-3.539326367029846e-05,-103399556.31362489,-2067991.126272498,5.825301951383604e-37,5.653458440056742e-37,3548.6246900835295,3342.3474485405886,12986716.398144882,259734.32796289766,33.352375387222125,0.6670475077444425,12231814.35319328,244636.2870638656,31.413642330157444,0.6282728466031489,"[0.428,0.523]",0.475,"[0.206,0.322]",0.265,0.0036,0.0,26,0.0954,0.032,0.7510585225290001,2,0.831058522529,0.005,0.0,18,0.0925,0.015,0.7091835225290001,7,0.821683522529,0.09747159803399796,0.09504008230710174,1.7957590834569446e-33,1.812906189786473e-33,0.0896781284730418,0.10995056875770697,1.807878020727559e-33,1.7929084131277575e-33
26,56,0.2928,180.0,0.1074,4365.70064,87.3140128,Hotta:1984,1.09489871,0.019240898,0.0089,0.3017,0.1854,0.1943,1.0,0.0,0.0,4365.70064,87.3140128,3.141592653589793,1.0,3.749399456654644e-33,2.6670937881135714e+32,0.0032505416568466283,0.10414945834315337,4.433234524286382,1.061716277173102,0.21714048000000002,0.23448124,0.246016,0.496,0.8647567829289999,0.847416022929,1.7868021467134395e-33,-1.837004962623385e-05,-237653176.16591752,-4753063.52331835,5.825301951383603e-37,5.653458440056741e-37,3584.8996333422547,3376.5137734228915,15650598.623618046,313011.97247236094,40.19373522349461,0.8038747044698923,14740848.341601133,294816.96683202265,37.85732223161673,0.7571464446323345,"[0.428,0.523]",0.475,"[0.206,0.322]",0.265,0.0036,0.0,28,0.1026,0.032,0.7510585225290001,3,0.8630585225290001,0.005,0.0,20,0.10250000000000001,0.015,0.7091835225290001,9,0.851683522529,0.10465767534840609,0.10504008230710175,1.7836902415767295e-33,1.799765513909625e-33,0.10512698204379911,0.12593738709309552,1.7828722007664415e-33,1.7688351107004034e-33
26,56,0.2928,180.0,0.1173,4867.796767,97.35593535,Hotta:1984,1.103168488,0.018899721,0.0089,0.3017,0.1755,0.18439999999999998,1.0,0.0,0.0,4867.796767,97.35593535,3.141592653589793,1.0,3.749399456654644e-33,2.6670937881135714e+32,0.0032505416568466283,0.11404945834315337,4.433234524286382,1.061716277173102,0.2055456,0.22253392,0.23629321,0.4861,0.8949294683290001,0.877941148329,1.765536467880791e-33,-1.3468355821692269e-06,-3614247226.1980767,-72284944.53138635,5.825301951383604e-37,5.653458440056742e-37,3628.079327240871,3417.1834841798795,17660752.819562647,353215.05642753374,45.35619625474659,0.9071239251881078,16634154.716536613,332683.0943649041,42.71969567567601,0.8543939136012799,"[0.428,0.523]",0.475,"[0.206,0.322]",0.265,0.0036,0.0,31,0.1134,0.032,0.7510585225290001,3,0.8630585225290001,0.005,0.0,22,0.1125,0.015,0.7091835225290001,11,0.8816835225290001,0.11543493925196913,0.11504008230710175,1.7639815186318593e-33,1.7855295694667238e-33,0.10512698204379911,0.14192420542848405,1.7828722007664415e-33,1.742270838971529e-33
26,56,0.2928,180.0,0.1273,5109.028381,102.1805676,Hotta:1984,1.111757379,0.015658555,0.0089,0.3017,0.1655,0.1744,1.0,0.0,0.0,5109.028381,102.1805676,3.141592653589793,1.0,3.749399456654644e-33,2.6670937881135714e+32,0.0032505416568466283,0.12404945834315337,4.433234524286382,1.061716277173102,0.19383360000000002,0.21046592000000003,0.22667121000000004,0.4761,0.9254069283290001,0.908774608329,1.740672770247972e-33,1.584833011890609e-05,322370138.85174197,6447402.775772876,5.825301951383602e-37,5.65345844005674e-37,3679.902661828651,3465.994391295068,18800727.138600025,376014.5426984024,48.283868674370595,0.9656773732983979,17707863.713513322,354157.27420094656,45.477186054762164,0.9095437209172165,"[0.428,0.523]",0.475,"[0.206,0.322]",0.265,0.0036,0.0,34,0.12419999999999999,0.032,0.7510585225290001,4,0.8950585225290001,0.005,0.0,24,0.1225,0.015,0.7091835225290001,13,0.9116835225290001,0.12620998189535015,0.12504008230710173,1.7423473023839464e-33,1.7702545610366994e-33,0.12035040921075424,0.1579110237638726,1.754351517054297e-33,1.713466468615088e-33
26,56,0.2928,180.0,0.1372,5076.035904,101.5207181,Hotta:1984,1.148534035,0.018912396,0.0089,0.3017,0.15560000000000002,0.1645,1.0,0.0,0.0,5076.035904,101.5207181,3.141592653589793,1.0,3.749399456654644e-33,2.6670937881135714e+32,0.0032505416568466283,0.13394945834315336,4.433234524286382,1.061716277173102,0.18223872000000002,0.19851860000000002,0.21734244000000003,0.4662,0.955579613729,0.939299733729,1.7123336127445715e-33,3.287154416297065e-05,154420366.71091607,3088407.33482675,5.825301951383604e-37,5.653458440056742e-37,3740.805128704597,3523.356671769945,18988461.143171877,379769.2229382536,48.76600555958981,0.9753201113839381,17884684.968502186,357693.6994405108,45.931296908655206,0.9186259383540771,"[0.428,0.523]",0.475,"[0.145,0.206]",0.16,0.0036,0.0,37,0.135,0.032,0.7510585225290001,5,0.927058522529,0.005,0.0,26,0.1325,0.03,0.8141835225290001,4,0.9491835225290001,0.13698280465143142,0.13403363460051426,1.718788782910381e-33,1.6854546169546915e-33,0.1353579992399624,0.12194068250924839,1.7224654860767116e-33,1.7152900018956886e-33
26,56,0.2928,180.0,0.1471,4804.150833,96.08301666,Hotta:1984,1.173984789,0.018941953,0.0089,0.3017,0.1457,0.1546,1.0,0.0,0.0,4804.150833,96.08301666,3.141592653589793,1.0,3.749399456654644e-33,2.6670937881135714e+32,0.0032505416568466283,0.14384945834315338,4.433234524286382,1.061716277173102,0.17064384,0.18657128,0.20820969,0.4563,0.9857522991290001,0.9698248591290001,1.6798695965095606e-33,4.9894758207035256e-05,96285682.21666631,1925713.6443333263,5.8253019513836045e-37,5.653458440056743e-37,3813.097382033432,3591.446664250157,18318694.964206032,366373.89928412065,47.04591771461883,0.9409183542923767,17253851.483732462,345077.02967464924,44.311195680151066,0.8862239136030213,"[0.428,0.523]",0.475,"[0.145,0.206]",0.16,0.0036,0.0,39,0.1422,0.032,0.7510585225290001,6,0.959058522529,0.005,0.0,28,0.14250000000000002,0.03,0.8141835225290001,5,0.979183522529,0.1441634538954233,0.14403363460051427,1.7020146330515283e-33,1.659524827527686e-33,0.15015868023032108,0.1379275008446369,1.6873533153561958e-33,1.6754846506058876e-33
26,56,0.2928,180.0,0.157,4352.377585,87.0475517,Hotta:1984,1.302736238,0.02205691,0.0089,0.3017,0.1358,0.1447,1.0,0.0,0.0,4352.377585,87.0475517,3.141592653589793,1.0,3.749399456654644e-33,2.6670937881135714e+32,0.0032505416568466283,0.15374945834315337,4.433234524286382,1.061716277173102,0.15904896000000002,0.17462396,0.19927296,0.4464,1.015924984529,1.000349984529,1.6428093925610438e-33,6.691797225109983e-05,65040488.206491746,1300809.7641298347,5.825301951383602e-37,5.65345844005674e-37,3899.1172010663727,3672.466255719523,16970430.30720922,339408.60614418436,43.583315807957845,0.8716663161591568,15983959.81306253,319679.1962612506,41.04987061515308,0.8209974123030617,"[0.428,0.523]",0.475,"[0.145,0.206]",0.16,0.0036,0.0,42,0.153,0.032,0.7510585225290001,7,0.9910585225290001,0.005,0.0,30,0.1525,0.03,0.8141835225290001,6,1.009183522529,0.15493257988634923,0.15403363460051425,1.6752515828241747e-33,1.6326016341476646e-33,0.1647607812274835,0.15391431918002543,1.6491448719365048e-33,1.6329281990564084e-33
26,56,0.2928,180.0,0.1669,3799.132377,75.98264754,Hotta:1984,1.284503807,0.022373529,0.0089,0.3017,0.1259,0.1348,1.0,0.0,0.0,3799.132377,75.98264754,3.141592653589793,1.0,3.749399456654644e-33,2.6670937881135714e+32,0.0032505416568466283,0.16364945834315336,4.433234524286382,1.061716277173102,0.14745408000000002,0.16267664,0.19053225000000001,0.4365,1.046097669929,1.030875109929,1.6006206446058428e-33,8.394118629516444e-05,45259455.3958413,905189.107916826,5.825301951383603e-37,5.653458440056741e-37,4001.8891310661174,3769.264178299539,15203706.566997683,304074.1313399537,39.04603081746791,0.7809206163493583,14319933.577244079,286398.6715448816,36.776332488215076,0.7355266497643016,"[0.428,0.523]",0.475,"[0.145,0.206]",0.16,0.0036,0.0,45,0.1638,0.032,0.7510585225290001,8,1.023058522529,0.005,0.0,32,0.1625,0.03,0.8141835225290001,7,1.039183522529,0.16569948964409065,0.16403363460051426,1.646567396924807e-33,1.6048189908542013e-33,0.17917208703067822,0.16990113751541397,1.6079615369342976e-33,1.5881700611906597e-33
26,56,0.2928,180.0,0.1769,3228.014307,64.56028615,Hotta:1984,1.524156813,0.029120069,0.0089,0.3017,0.1159,0.12480000000000001,1.0,0.0,0.0,3228.014307,64.56028615,3.141592653589793,1.0,3.749399456654644e-33,2.6670937881135714e+32,0.0032505416568466283,0.17364945834315337,4.433234524286382,1.061716277173102,0.13574208000000001,0.15060864000000002,0.18190225000000002,0.4265,1.076575129929,1.061708569929,1.5521851790824326e-33,0.00010113635199623976,31917448.506744806,638348.9702337725,5.825301951383602e-37,5.65345844005674e-37,4126.76686192478,3886.8829183937933,13321262.471946683,266425.2494802013,34.21155378888129,0.684231075883609,12546913.670209078,250938.27344305036,32.222877735257185,0.6444575548049662,"[0.340,0.428]",0.38,"[0.145,0.206]",0.16,0.0036,0.0,48,0.1746,0.008,0.8322835225290001,28,1.0602835225290002,0.005,0.0,34,0.17250000000000001,0.03,0.8141835225290001,8,1.069183522529,0.17568824449855924,0.17403363460051427,1.4739715059604596e-33,1.576307596961045e-33,0.15930775900090388,0.1858879558508025,1.5452126555250373e-33,1.5417387690516413e-33
26,56,0.2928,180.0,0.1868,2736.491031,54.72982063,Hotta:1984,1.637133083,0.035812286,0.0089,0.3017,0.10600000000000001,0.11490000000000002,1.0,0.0,0.0,2736.491031,54.72982063,3.141592653589793,1.0,3.749399456654644e-33,2.6670937881135714e+32,0.0032505416568466283,0.18354945834315337,4.433234524286382,1.061716277173102,0.12414720000000001,0.13866132000000003,0.17355556000000003,0.4166,1.1067478153290002,1.0922336953290002,1.497781684052691e-33,0.00011815956604030437,23159284.70883669,463185.6942613651,5.825301951383604e-37,5.653458440056742e-37,4276.662232426406,4028.0650531357924,11703047.841651298,234060.9568757926,30.05566864039093,0.6011133729176515,11022763.890190635,220455.27784409333,28.308569140916227,0.5661713829217729,"[0.340,0.428]",0.38,"[0.100,0.145]",0.12,0.0036,0.0,50,0.1818,0.008,0.8322835225290001,32,1.0922835225290002,0.005,0.0,36,0.1825,0.008,0.8541835225290001,29,1.0901835225290002,0.18286358431351601,0.1836502259503857,1.4405705467771361e-33,1.463395330714344e-33,0.17378973318055235,0.1757629709050565,1.4825853603816045e-33,1.4908877883153675e-33
26,56,0.2928,180.0,0.1967,2385.399293,47.70798585,Hotta:1984,1.748135003,0.04234092,0.0089,0.3017,0.09609999999999999,0.105,1.0,0.0,0.0,2385.399293,47.70798585,3.141592653589793,1.0,3.749399456654644e-33,2.6670937881135714e+32,0.0032505416568466283,0.19344945834315339,4.433234524286382,1.061716277173102,0.11255232,0.126714,0.16540489,0.4067,1.136920500729,1.122758820729,1.4361770161406246e-33,0.00013518278008436884,17645733.365679044,352914.66723960696,5.825301951383604e-37,5.653458440056742e-37,4460.109226522367,4200.848496358874,10639141.39564923,212782.82786838352,27.323353089940078,0.5464670616842575,10020701.033214571,200414.02062228296,25.735079773562976,0.5147015953633738,"[0.340,0.428]",0.38,"[0.100,0.145]",0.12,0.0036,0.0,53,0.1926,0.008,0.8322835225290001,36,1.124283522529,0.005,0.0,38,0.1925,0.008,0.8541835225290001,33,1.1221835225290002,0.19362475025612014,0.1936502259503857,1.3879718025226703e-33,1.428338931842067e-33,0.18808552308623294,0.19281557712947095,1.4154221311667928e-33,1.4312701948943276e-33
26,56,0.2928,180.0,0.2066,2213.54793,44.2709586,Hotta:1984,1.788983173,0.046531633,0.0089,0.3017,0.0862,0.0951,1.0,0.0,0.0,2213.54793,44.2709586,3.141592653589793,1.0,3.749399456654644e-33,2.6670937881135714e+32,0.0032505416568466283,0.20334945834315338,4.433234524286382,1.061716277173102,0.10095744,0.11476668000000001,0.15745024000000002,0.39680000000000004,1.1670931861290001,1.153283946129,1.366482920680392e-33,0.0001522059941284335,14543106.154756153,290862.12309512304,5.825301951383603e-37,5.653458440056741e-37,4687.586111518151,4415.1024264214875,10376196.533847753,207523.93067695503,26.64806031630279,0.5329612063260557,9773040.836743262,195460.81673486522,25.099040948355075,0.5019808189671014,"[0.340,0.428]",0.38,"[0.100,0.145]",0.12,0.0036,0.0,56,0.2034,0.008,0.8322835225290001,40,1.156283522529,0.005,0.0,40,0.2025,0.008,0.8541835225290001,37,1.154183522529,0.20438370487531188,0.2036502259503857,1.3323779338214298e-33,1.3931950844947293e-33,0.202202130166809,0.20986818335388527,1.3438935414192213e-33,1.3713581112635378e-33
26,56,0.2928,180.0,0.2166,2229.385352,44.58770705,Hotta:1984,2.076805607,0.098681908,0.0089,0.3017,0.07620000000000002,0.08510000000000002,1.0,0.0,0.0,2229.385352,44.58770705,3.141592653589793,1.0,3.749399456654644e-33,2.6670937881135714e+32,0.0032505416568466283,0.21334945834315336,4.433234524286382,1.061716277173102,0.08924544000000002,0.10269868000000004,0.14961424000000004,0.38680000000000003,1.1975706461289999,1.1841174061289998,1.2868373190651811e-33,0.00016940115982950866,13160390.130998703,263207.80267900554,5.825301951383603e-37,5.653458440056741e-37,4977.712618143079,4688.3642317292215,11097239.597353749,221944.79199685215,28.49983702314147,0.5699967405906667,10452170.543057859,209043.41090804082,26.843176125192688,0.53686352262426,"[0.340,0.428]",0.38,"[0.100,0.145]",0.12,0.0036,0.0,59,0.2142,0.008,0.8322835225290001,43,1.180283522529,0.005,0.0,42,0.2125,0.008,0.8541835225290001,41,1.186183522529,0.21514044953374167,0.21365022595038569,1.2737907863288898e-33,1.3580973780858253e-33,0.21267596608364003,0.2269207895782997,1.2874790346118914e-33,1.3117964506177004e-33
26,56,0.2928,180.0,0.2265,2422.91712,48.45834239,Hotta:1984,2.088391699,0.115975903,0.0089,0.3017,0.0663,0.0752,1.0,0.0,0.0,2422.91712,48.45834239,3.141592653589793,1.0,3.749399456654644e-33,2.6670937881135714e+32,0.0032505416568466283,0.22324945834315338,4.433234524286382,1.061716277173102,0.07765056,0.09075136000000002,0.14205361000000002,0.3769,1.227743331529,1.214642531529,1.1976573487807525e-33,0.0001864243738735733,12996782.929485071,259935.65853606033,5.825301951383604e-37,5.653458440056742e-37,5348.363091604742,5037.469243520646,12958640.498625258,259172.80991902153,33.28027109916312,0.6656054218459062,12205370.471599624,244107.40938161776,31.345729376754313,0.6269145874057144,"[0.340,0.428]",0.38,"[0.070,0.100]",0.093,0.0036,0.0,62,0.225,0.008,0.8322835225290001,47,1.212283522529,0.005,0.0,44,0.2225,0.008,0.8811835225290001,41,1.2131835225290002,0.2258949855926886,0.2233914251115489,1.2122122038056063e-33,1.2200316687476849e-33,0.22649458305208692,0.22692078957829978,1.2086906292325402e-33,1.2066122286005843e-33
26,56,0.3122,180.0,0.0087,0.0,0.0,Hotta:1984,#DIV/0!,#DIV/0!,0.0089,0.3211,0.3035,0.3124,1.0,0.0,0.0,0.0,0.0,3.141592653589793,1.0,3.749399456654644e-33,2.6670937881135714e+32,0.0036928363199680847,0.005007163680031915,4.433234524286382,1.0578274041221793,0.3790108,0.40124656000000003,0.40132225000000005,0.6335000000000001,0.5176713727290001,0.49543561272900005,1.874346157045298e-33,-0.00018915962593355227,-0.0,-0.0,5.123830906859123e-37,4.981812547871125e-37,3871.0934672235517,3659.4754986858325,0.0,0.0,0.0,0.0,0.0,0.0,0.0,0.0,"[0.609,0.702]",0.649,"[0.322,0.438]",0.38,0.0036,0.0,1,0.0054,0.018,0.5554825225290001,-4,0.4924825225290001,0.005,0.0,1,0.0075,0.05,0.5941835225290001,-2,0.519183522529,0.009436449140416414,0.011142382176221363,1.8743033959704457e-33,1.8740874310163578e-33,0.01759494199251188,0.010032954161528676,1.8733218273708316e-33,1.874203260913184e-33
26,56,0.3122,180.0,0.0186,0.0,0.0,Hotta:1984,#DIV/0!,#DIV/0!,0.0089,0.3211,0.29359999999999997,0.3025,1.0,0.0,0.0,0.0,0.0,3.141592653589793,1.0,3.749399456654644e-33,2.6670937881135714e+32,0.0036928363199680847,0.014907163680031914,4.433234524286382,1.0578274041221793,0.3666476799999999,0.38853099999999996,0.38887695999999994,0.6235999999999999,0.5486122981290001,0.5267289781290001,1.8730319228651208e-33,-0.00017378128260103594,-0.0,-0.0,5.123830906859124e-37,4.9818125478711255e-37,3873.809664041758,3662.0432113463494,0.0,0.0,0.0,0.0,0.0,0.0,0.0,0.0,"[0.609,0.702]",0.649,"[0.322,0.438]",0.38,0.0036,0.0,4,0.0162,0.018,0.5554825225290001,-2,0.5284825225290001,0.005,0.0,2,0.0125,0.05,0.5941835225290001,-2,0.519183522529,0.020233378583135675,0.016142382176221364,1.8728775992522168e-33,1.8734150758329534e-33,0.03624407144051611,0.010032954161528676,1.8688529547129314e-33,1.874203260913184e-33
26,56,0.3122,180.0,0.0285,18.27919579,0.365583916,Hotta:1984,2.680643097,0.437656016,0.0089,0.3211,0.28369999999999995,0.29259999999999997,1.0,0.0,0.0,18.27919579,0.365583916,3.141592653589793,1.0,3.749399456654644e-33,2.6670937881135714e+32,0.0036928363199680847,0.024807163680031916,4.433234524286382,1.0578274041221793,0.3542845599999999,0.37581543999999995,0.37662768999999996,0.6136999999999999,0.5795532235290002,0.5580223435290002,1.8706566776043818e-33,-0.0001584029392685195,-115396.82201864767,-2307.936441635556,5.123830906859124e-37,4.9818125478711255e-37,3878.7283902600325,3666.6930494949047,70900.03566179467,1418.000714011639,0.18208487287035854,0.0036416974593994345,67024.20015354952,1340.4840038043292,0.17213098484762615,0.0034426196988358772,"[0.609,0.702]",0.649,"[0.322,0.438]",0.38,0.0036,0.0,6,0.0234,0.018,0.5554825225290001,0,0.5644825225290001,0.005,0.0,4,0.0225,0.05,0.5941835225290001,-1,0.5691835225290001,0.027430090659720463,0.026142382176221363,1.871350869740496e-33,1.8713341626649147e-33,0.054542956020550704,0.03667765138717625,1.861458762474764e-33,1.8680864559254457e-33
26,56,0.3122,180.0,0.0384,78.3069575,1.56613915,Hotta:1984,2.183714008,0.229864632,0.0089,0.3211,0.2738,0.2827,1.0,0.0,0.0,78.3069575,1.56613915,3.141592653589793,1.0,3.749399456654644e-33,2.6670937881135714e+32,0.0036928363199680847,0.03470716368003191,4.433234524286382,1.0578274041221793,0.34192143999999997,0.36309988,0.36457444,0.6038,0.6104941489290001,0.589315708929,1.8671173063906595e-33,-0.00014302459593600324,-547506.9304515894,-10950.138609031786,5.123830906859125e-37,4.981812547871127e-37,3886.081040017679,3673.643757832573,304307.1828422202,6086.143656844403,0.7815191372494728,0.015630382744989454,287671.8656147356,5753.437312294712,0.7387964560229969,0.014775929120459939,"[0.523,0.609]",0.57,"[0.322,0.438]",0.38,0.0036,0.0,9,0.0342,0.06,0.6517835225290001,-2,0.5617835225290001,0.005,0.0,6,0.0325,0.05,0.5941835225290001,-1,0.5691835225290001,0.037300900301374895,0.036142382176221365,1.8666714830332872e-33,1.8682774175765296e-33,0.0033657431117094516,0.03667765138717625,1.8746343635273657e-33,1.8680864559254457e-33
26,56,0.3122,180.0,0.0483,203.0589272,4.061178545,Hotta:1984,2.048666393,0.147740365,0.0089,0.3211,0.26389999999999997,0.2728,1.0,0.0,0.0,203.0589272,4.061178545,3.141592653589793,1.0,3.749399456654644e-33,2.6670937881135714e+32,0.0036928363199680847,0.04460716368003192,4.433234524286382,1.0578274041221793,0.32955831999999996,0.35038431999999997,0.35271720999999995,0.5939,0.641435074329,0.620609074329,1.862300366670947e-33,-0.00012764625260348682,-1590794.2697759478,-31815.885403353106,5.123830906859124e-37,4.9818125478711255e-37,3896.132596925841,3683.145834323495,791144.5053607112,15822.890111110357,2.0318106378374337,0.040636212766754685,747895.6418388778,14957.912840460702,1.9207392717562448,0.03841478544458392,"[0.523,0.609]",0.57,"[0.322,0.438]",0.38,0.0036,0.0,12,0.045,0.06,0.6517835225290001,-1,0.621783522529,0.005,0.0,8,0.0425,0.05,0.5941835225290001,0,0.6191835225290001,0.048092067622320656,0.046142382176221367,1.8613544110514578e-33,1.8642544117590607e-33,0.03470363000146104,0.06332234861282382,1.867750576283987e-33,1.855124649117273e-33
26,56,0.3122,180.0,0.0582,394.2653476,7.885306953,Hotta:1984,1.965681247,0.088772701,0.0089,0.3211,0.254,0.2629,1.0,0.0,0.0,394.2653476,7.885306953,3.141592653589793,1.0,3.749399456654644e-33,2.6670937881135714e+32,0.0036928363199680847,0.05450716368003192,4.433234524286382,1.0578274041221793,0.31719519999999995,0.33766876,0.341056,0.5840000000000001,0.672375999729,0.651902439729,1.8560809152650114e-33,-0.00011226790927097046,-3511825.865113413,-70236.51731117553,5.123830906859127e-37,4.981812547871128e-37,3909.1879584450353,3695.4875088427216,1541257.3492700662,30825.14698931051,3.9582441092278864,0.07916488219459726,1457002.6672253336,29140.05334820216,3.7418619462903497,0.07483723893529771,"[0.523,0.609]",0.57,"[0.322,0.438]",0.38,0.0036,0.0,15,0.055799999999999995,0.06,0.6517835225290001,0,0.6817835225290001,0.005,0.0,10,0.0525,0.05,0.5941835225290001,1,0.6691835225290002,0.058881005077026316,0.05614238217622136,1.8546950102934897e-33,1.8592776704244212e-33,0.06506319616208411,0.08996704583847139,1.8502737035907877e-33,1.835601090172716e-33
26,56,0.3122,180.0,0.0681,693.8891868,13.87778374,Hotta:1984,1.542032965,0.059087244,0.0089,0.3211,0.24409999999999998,0.253,1.0,0.0,0.0,693.8891868,13.87778374,3.141592653589793,1.0,3.749399456654644e-33,2.6670937881135714e+32,0.0036928363199680847,0.06440716368003191,4.433234524286382,1.0578274041221793,0.30483207999999995,0.3249532,0.32959081,0.5741,0.7033169251290001,0.6831958051290001,1.8483211827389665e-33,-9.6889565938454e-05,-7161650.2776033785,-143233.0055933517,5.123830906859126e-37,4.981812547871127e-37,3925.5997451165595,3711.0021255066217,2723931.2148412163,54478.624312526736,6.995577143683054,0.13991154291398789,2575024.247080861,51500.48495646123,6.613155526527713,0.1322631105686765,"[0.523,0.609]",0.57,"[0.322,0.438]",0.38,0.0036,0.0,17,0.063,0.06,0.6517835225290001,0,0.6817835225290001,0.005,0.0,12,0.0625,0.05,0.5941835225290001,1,0.6691835225290002,0.06607239191467329,0.06614238217622137,1.849510082372594e-33,1.8533625760143134e-33,0.06506319616208411,0.08996704583847139,1.8502737035907877e-33,1.835601090172716e-33
26,56,0.3122,180.0,0.078,1118.258336,22.36516671,Hotta:1984,1.350314102,0.047395131,0.0089,0.3211,0.23419999999999996,0.24309999999999996,1.0,0.0,0.0,1118.258336,22.36516671,3.141592653589793,1.0,3.749399456654644e-33,2.6670937881135714e+32,0.0036928363199680847,0.07430716368003192,4.433234524286382,1.0578274041221793,0.29246895999999994,0.3122376399999999,0.3183216399999999,0.5641999999999999,0.7342578505290001,0.714489170529,1.8388690724311552e-33,-8.151122260593771e-05,-13719072.052276397,-274381.44092284545,5.123830906859124e-37,4.9818125478711255e-37,3945.778017931871,3730.0773288306045,4412399.160557873,88247.98317169967,11.331886263583298,0.22663772517033084,4171190.066889437,83423.80130048796,10.712415106117314,0.21424830202655074,"[0.523,0.609]",0.57,"[0.206,0.322]",0.265,0.0036,0.0,20,0.0738,0.06,0.6517835225290001,1,0.741783522529,0.005,0.0,14,0.0725,0.015,0.7091835225290001,0,0.716683522529,0.07685761599552876,0.07504008230710174,1.8406153149748104e-33,1.835692889557914e-33,0.09453071926566958,0.05399670458384714,1.8231379449650225e-33,1.854297943909322e-33
26,56,0.3122,180.0,0.0879,1667.039246,33.34078492,Hotta:1984,1.265717052,0.039591149,0.0089,0.3211,0.22429999999999997,0.23319999999999996,1.0,0.0,0.0,1667.039246,33.34078492,3.141592653589793,1.0,3.749399456654644e-33,2.6670937881135714e+32,0.0036928363199680847,0.08420716368003192,4.433234524286382,1.0578274041221793,0.28010583999999994,0.29952207999999997,0.30724849,0.5543,0.7651987759290001,0.745782535929,1.8275564576543055e-33,-6.61328792734213e-05,-25207419.73304617,-504148.39466092334,5.123830906859124e-37,4.9818125478711255e-37,3970.2024708809845,3753.1665897572316,6618483.333524774,132369.66667049547,16.997533007290738,0.33995066014581476,6256676.001901287,125133.52003802572,16.06834247350196,0.3213668494700392,"[0.523,0.609]",0.57,"[0.206,0.322]",0.265,0.0036,0.0,23,0.0846,0.06,0.6517835225290001,1,0.741783522529,0.005,0.0,16,0.0825,0.015,0.7091835225290001,2,0.746683522529,0.08764061389165789,0.08504008230710175,1.830380434986742e-33,1.824898485557221e-33,0.09453071926566958,0.06998352291923568,1.8231379449650225e-33,1.8406805245381223e-33
26,56,0.3122,180.0,0.0978,2308.26262,46.16525241,Hotta:1984,1.208701287,0.033358423,0.0089,0.3211,0.21439999999999998,0.22329999999999997,1.0,0.0,0.0,2308.26262,46.16525241,3.141592653589793,1.0,3.749399456654644e-33,2.6670937881135714e+32,0.0036928363199680847,0.09410716368003191,4.433234524286382,1.0578274041221793,0.26774271999999993,0.28680651999999995,0.29637136,0.5444,0.7961397013290001,0.7770759013290002,1.8141972460716333e-33,-5.075453594090484e-05,-45478942.467084825,-909578.8495387232,5.123830906859125e-37,4.981812547871127e-37,3999.437866838836,3780.803797721334,9231752.929036623,184635.05862072684,23.708909914695578,0.4741781983966248,8727088.079834197,174541.76163449197,22.412833910622712,0.4482566783095525,"[0.523,0.609]",0.57,"[0.206,0.322]",0.265,0.0036,0.0,26,0.0954,0.06,0.6517835225290001,2,0.8017835225290001,0.005,0.0,18,0.0925,0.015,0.7091835225290001,4,0.7766835225290001,0.09842138698103042,0.09504008230710174,1.818806271906344e-33,1.812906189786473e-33,0.12318049522671026,0.08597034125462422,1.7871477635519166e-33,1.823832693313444e-33
26,56,0.3122,180.0,0.1077,2975.69246,59.5138492,Hotta:1984,1.058577135,0.028228724,0.0089,0.3211,0.20449999999999996,0.21339999999999995,1.0,0.0,0.0,2975.69246,59.5138492,3.141592653589793,1.0,3.749399456654644e-33,2.6670937881135714e+32,0.0036928363199680847,0.10400716368003192,4.433234524286382,1.0578274041221793,0.25537959999999993,0.27409095999999994,0.2856902499999999,0.5345,0.8270806267290001,0.8083692667290001,1.798585174849246e-33,-3.537619260838849e-05,-84115678.95224532,-1682313.5790449064,5.123830906859125e-37,4.981812547871127e-37,4034.1537700386007,3813.6219144240044,12004400.955984438,240088.01911968878,30.82960116384105,0.616592023276821,11348165.976042276,226963.3195208455,29.144264029938316,0.5828852805987663,"[0.523,0.609]",0.57,"[0.206,0.322]",0.265,0.0036,0.0,28,0.1026,0.06,0.6517835225290001,2,0.8017835225290001,0.005,0.0,20,0.10250000000000001,0.015,0.7091835225290001,6,0.8066835225290001,0.10560733371667652,0.10504008230710175,1.8103465262650668e-33,1.799765513909625e-33,0.12318049522671026,0.10195715959001277,1.7871477635519166e-33,1.8039359998147127e-33
26,56,0.3122,180.0,0.1176,3583.216137,71.66432275,Hotta:1984,1.06329059,0.025954337,0.0089,0.3211,0.1946,0.2035,1.0,0.0,0.0,3583.216137,71.66432275,3.141592653589793,1.0,3.749399456654644e-33,2.6670937881135714e+32,0.0036928363199680847,0.11390716368003191,4.433234524286382,1.0578274041221793,0.24301647999999998,0.2613754,0.27520516,0.5246,0.8580215521290001,0.8396626321290002,1.7804912937368073e-33,-1.999784927587208e-05,-179180075.19554827,-3583601.5044110194,5.123830906859125e-37,4.981812547871127e-37,4075.150038293966,3852.3770724919555,14602143.377911108,292042.8675989736,37.50110131516385,0.7500220264079346,13803899.691961993,276077.9938777636,35.451058621688404,0.7090211725327045,"[0.523,0.609]",0.57,"[0.206,0.322]",0.265,0.0036,0.0,31,0.1134,0.06,0.6517835225290001,3,0.861783522529,0.005,0.0,22,0.1125,0.015,0.7091835225290001,8,0.8366835225290001,0.11638440185303267,0.11504008230710175,1.796542065703603e-33,1.7855295694667238e-33,0.15107704591224025,0.1179439779254013,1.743001790823259e-33,1.7811983623259187e-33
26,56,0.3122,180.0,0.1275,4049.104157,80.98208314,Hotta:1984,1.047145204,0.023955916,0.0089,0.3211,0.18469999999999998,0.19359999999999997,1.0,0.0,0.0,4049.104157,80.98208314,3.141592653589793,1.0,3.749399456654644e-33,2.6670937881135714e+32,0.0036928363199680847,0.12380716368003192,4.433234524286382,1.0578274041221793,0.23065335999999995,0.24865983999999997,0.26491608999999994,0.5146999999999999,0.888962477529,0.870955997529,1.7596610854928266e-33,-4.619505943355788e-06,-876523205.435812,-17530464.10871624,5.123830906859125e-37,4.981812547871127e-37,4123.390136698686,3897.980068043721,16696036.143439448,333920.72286878893,42.87861903368936,0.8575723806737872,15783327.297418974,315666.5459483795,40.53460788272116,0.8106921576544233,"[0.428,0.523]",0.475,"[0.206,0.322]",0.265,0.0036,0.0,34,0.12419999999999999,0.032,0.7510585225290001,3,0.8630585225290001,0.005,0.0,24,0.1225,0.015,0.7091835225290001,10,0.866683522529,0.12620998189535015,0.12504008230710173,1.7423473023839464e-33,1.7702545610366994e-33,0.10512698204379911,0.1339307962607898,1.7828722007664415e-33,1.7558489115934244e-33
26,56,0.3122,180.0,0.1374,4318.316832,86.36633663,Hotta:1984,1.060598418,0.022925599,0.0089,0.3211,0.17479999999999998,0.18369999999999997,1.0,0.0,0.0,4318.316832,86.36633663,3.141592653589793,1.0,3.749399456654644e-33,2.6670937881135714e+32,0.0036928363199680847,0.1337071636800319,4.433234524286382,1.0578274041221793,0.21829023999999997,0.23594427999999998,0.25482304,0.5048,0.9199034029290001,0.902249362929,1.7358111637644132e-33,1.0758837389160613e-05,401373928.7806922,8027478.574684376,5.123830906859125e-37,4.981812547871127e-37,4180.045223420622,3951.5380364808793,18050759.646818474,361015.1928945691,46.35780849508734,0.9271561697943953,17063993.215223614,341279.86426495685,43.82360327822723,0.8764720654630614,"[0.428,0.523]",0.475,"[0.206,0.322]",0.265,0.0036,0.0,37,0.135,0.032,0.7510585225290001,4,0.8950585225290001,0.005,0.0,26,0.1325,0.015,0.7091835225290001,12,0.8966835225290001,0.13698280465143142,0.13504008230710174,1.718788782910381e-33,1.7539992691947813e-33,0.12035040921075424,0.14991761459617833,1.754351517054297e-33,1.7281326196466404e-33
26,56,0.3122,180.0,0.1473,4371.881035,87.4376207,Hotta:1984,1.017868502,0.020814839,0.0089,0.3211,0.1649,0.17379999999999998,1.0,0.0,0.0,4371.881035,87.4376207,3.141592653589793,1.0,3.749399456654644e-33,2.6670937881135714e+32,0.0036928363199680847,0.1436071636800319,4.433234524286382,1.0578274041221793,0.20592711999999996,0.22322871999999996,0.24492600999999997,0.49489999999999995,0.9508443283290002,0.9335427283290002,1.708625477297637e-33,2.613718072167707e-05,167266740.87592575,3345334.817518514,5.123830906859125e-37,4.981812547871127e-37,4246.55330279246,4014.410371904094,18565425.84859497,371308.5169718994,47.67956988838438,0.9535913977676875,17550524.571634807,351010.4914326961,45.073108999242166,0.9014621799848432,"[0.428,0.523]",0.475,"[0.206,0.322]",0.265,0.0036,0.0,39,0.1422,0.032,0.7510585225290001,5,0.927058522529,0.005,0.0,28,0.14250000000000002,0.015,0.7091835225290001,14,0.9266835225290001,0.1441634538954233,0.14504008230710175,1.7020146330515283e-33,1.736824531406138e-33,0.1353579992399624,0.16590443293156687,1.7224654860767116e-33,1.6983049288606838e-33
26,56,0.3122,180.0,0.1572,4223.584273,84.47168546,Hotta:1984,1.10096063,0.021782447,0.0089,0.3211,0.15499999999999997,0.16389999999999996,1.0,0.0,0.0,4223.584273,84.47168546,3.141592653589793,1.0,3.749399456654644e-33,2.6670937881135714e+32,0.0036928363199680847,0.15350716368003192,4.433234524286382,1.0578274041221793,0.19356399999999996,0.21051315999999995,0.23522499999999996,0.485,0.981785253729,0.964836093729,1.6777509357480116e-33,4.151552405419336e-05,101735058.61293322,2034701.1722586642,5.123830906859124e-37,4.9818125478711255e-37,4324.699816435327,4088.2849126262786,18265734.130142238,365314.6826028447,46.90990414780464,0.9381980829560927,17267215.86051153,345344.3172102306,44.34551795973942,0.8869103591947884,"[0.428,0.523]",0.475,"[0.206,0.322]",0.265,0.0036,0.0,42,0.153,0.032,0.7510585225290001,6,0.959058522529,0.005,0.0,30,0.1525,0.015,0.7091835225290001,17,0.9716835225290001,0.15493257988634923,0.15504008230710173,1.6752515828241747e-33,1.7187927285188696e-33,0.15015868023032108,0.1898846604346497,1.6873533153561958e-33,1.650175129981262e-33
26,56,0.3122,180.0,0.1671,3912.849895,78.25699791,Hotta:1984,1.114277347,0.025812388,0.0089,0.3211,0.14509999999999998,0.15399999999999997,1.0,0.0,0.0,3912.849895,78.25699791,3.141592653589793,1.0,3.749399456654644e-33,2.6670937881135714e+32,0.0036928363199680847,0.1634071636800319,4.433234524286382,1.0578274041221793,0.18120087999999995,0.19779759999999996,0.22572000999999997,0.47509999999999997,1.012726179129,0.9961294591290002,1.6427923558208076e-33,5.689386738670982e-05,68774545.91729909,1375490.9185217477,5.123830906859126e-37,4.981812547871127e-37,4416.729319530062,4175.283512526518,17281998.854166623,345639.97712749976,44.38348351920925,0.8876696704976151,16337257.653584618,326745.1531134452,41.957207145753756,0.8391441430223044,"[0.428,0.523]",0.475,"[0.145,0.206]",0.16,0.0036,0.0,45,0.1638,0.032,0.7510585225290001,7,0.9910585225290001,0.005,0.0,32,0.1625,0.03,0.8141835225290001,6,1.009183522529,0.16569948964409065,0.16403363460051426,1.646567396924807e-33,1.6048189908542013e-33,0.1647607812274835,0.15391431918002543,1.6491448719365048e-33,1.6329281990564084e-33
26,56,0.3122,180.0,0.177,3498.233075,69.9646615,Hotta:1984,1.246343485,0.025727274,0.0089,0.3211,0.1352,0.14409999999999998,1.0,0.0,0.0,3498.233075,69.9646615,3.141592653589793,1.0,3.749399456654644e-33,2.6670937881135714e+32,0.0036928363199680847,0.1733071636800319,4.433234524286382,1.0578274041221793,0.16883775999999998,0.18508203999999998,0.21641103999999997,0.46519999999999995,1.043667104529,1.027422824529,1.603306606290818e-33,7.227221071922613e-05,48403570.891036645,968071.4178207329,5.123830906859124e-37,4.9818125478711255e-37,4525.503191582012,4278.111130366703,15831264.945810257,316625.2989162051,40.65772094650956,0.8131544189301914,14965829.854774438,299316.59709548875,38.435117853889125,0.7687023570777826,"[0.428,0.523]",0.475,"[0.145,0.206]",0.16,0.0036,0.0,48,0.1746,0.032,0.7510585225290001,8,1.023058522529,0.005,0.0,34,0.17250000000000001,0.03,0.8141835225290001,7,1.039183522529,0.17646418453634993,0.17403363460051427,1.6159632609463136e-33,1.576307596961045e-33,0.17917208703067822,0.16990113751541397,1.6079615369342976e-33,1.5881700611906597e-33
26,56,0.3122,180.0,0.1869,3050.247718,61.00495437,Hotta:1984,1.242522034,0.030489327,0.0089,0.3211,0.12529999999999997,0.13419999999999996,1.0,0.0,0.0,3050.247718,61.00495437,3.141592653589793,1.0,3.749399456654644e-33,2.6670937881135714e+32,0.0036928363199680847,0.18320716368003193,4.433234524286382,1.0578274041221793,0.15647463999999994,0.17236647999999993,0.20729808999999993,0.4552999999999999,1.0746080299290002,1.058716189929,1.5587958057343256e-33,8.765055405174253e-05,34800096.257227935,696001.9252586481,5.123830906859126e-37,4.981812547871127e-37,4654.727153589906,4400.270909461412,14198070.878150247,283961.4176095522,36.46336573347343,0.7292673147890109,13421916.300166456,268438.32604733185,34.470052100542766,0.6894010421238628,"[0.428,0.523]",0.475,"[0.145,0.206]",0.16,0.0036,0.0,50,0.1818,0.032,0.7510585225290001,9,1.0550585225290001,0.005,0.0,36,0.1825,0.03,0.8141835225290001,8,1.069183522529,0.18363941799179884,0.18403363460051425,1.594494449620622e-33,1.5471938157166012e-33,0.19339988671638675,0.1858879558508025,1.5639169621235962e-33,1.5417387690516413e-33
26,56,0.3122,180.0,0.1968,2642.169714,52.84339428,Hotta:1984,1.476059611,0.033684437,0.0089,0.3211,0.11539999999999997,0.12429999999999998,1.0,0.0,0.0,2642.169714,52.84339428,3.141592653589793,1.0,3.749399456654644e-33,2.6670937881135714e+32,0.0036928363199680847,0.19310716368003192,4.433234524286382,1.0578274041221793,0.14411151999999997,0.15965091999999997,0.19838115999999997,0.44539999999999996,1.105548955329,1.0900095553290001,1.5086993964104607e-33,0.00010302889738425892,25644938.27538214,512898.7655076427,5.123830906859124e-37,4.9818125478711255e-37,4809.287510233485,4546.382038782965,12706953.80545738,254139.07610914754,32.63389145914089,0.6526778291828177,12012312.931145923,240246.25862291845,30.849920631638003,0.61699841263276,"[0.428,0.523]",0.475,"[0.145,0.206]",0.16,0.0036,0.0,53,0.1926,0.032,0.7510585225290001,10,1.0870585225290001,0.005,0.0,38,0.1925,0.03,0.8141835225290001,9,1.099183522529,0.19440042447710937,0.19403363460051426,1.5606930281845422e-33,1.5175987664705381e-33,0.2074510167374516,0.20187477418619104,1.5171177419399928e-33,1.4941312077244573e-33
26,56,0.3122,180.0,0.2067,2337.819037,46.75638073,Hotta:1984,1.539896777,0.03806967,0.0089,0.3211,0.10549999999999998,0.11439999999999999,1.0,0.0,0.0,2337.819037,46.75638073,3.141592653589793,1.0,3.749399456654644e-33,2.6670937881135714e+32,0.0036928363199680847,0.2030071636800319,4.433234524286382,1.0578274041221793,0.13174839999999996,0.14693536,0.18966024999999997,0.4355,1.136489880729,1.121302920729,1.4523848801932785e-33,0.00011840724071677521,19743885.786444075,394877.7156444271,5.123830906859125e-37,4.981812547871127e-37,4995.761979350852,4722.662657332557,11679187.459647223,233583.7491429868,29.99439060881737,0.5998878120480465,11040730.66564106,220814.61326559453,28.354711261907344,0.5670942251168597,"[0.428,0.523]",0.475,"[0.145,0.206]",0.16,0.0036,0.0,56,0.2034,0.032,0.7510585225290001,11,1.119058522529,0.005,0.0,40,0.2025,0.03,0.8141835225290001,10,1.1291835225290001,0.2051592197372969,0.20403363460051427,1.5249748122958012e-33,1.4876375888930162e-33,0.22133189932088493,0.2178615925215796,1.4676640121819018e-33,1.4458047111466898e-33
26,56,0.3122,180.0,0.2166,2180.654881,43.61309762,Hotta:1984,1.577507761,0.041730583,0.0089,0.3211,0.09559999999999999,0.1045,1.0,0.0,0.0,2180.654881,43.61309762,3.141592653589793,1.0,3.749399456654644e-33,2.6670937881135714e+32,0.0036928363199680847,0.2129071636800319,4.433234524286382,1.0578274041221793,0.11938527999999998,0.1342198,0.18113536,0.4256,1.167430806129,1.152596286129,1.3891369558994305e-33,0.00013378558404929163,16299625.228653671,325992.5045730734,5.123830906859124e-37,4.9818125478711255e-37,5223.220887645091,4937.687251522374,11390042.12318442,227800.8424636884,29.251809997405108,0.5850361999481022,10767391.80588374,215347.83611767477,27.65272471049211,0.5530544942098421,"[0.340,0.428]",0.38,"[0.100,0.145]",0.12,0.0036,0.0,59,0.2142,0.008,0.8322835225290001,40,1.156283522529,0.005,0.0,42,0.2125,0.008,0.8541835225290001,37,1.154183522529,0.21514044953374167,0.21365022595038569,1.2737907863288898e-33,1.3580973780858253e-33,0.202202130166809,0.20986818335388527,1.3438935414192213e-33,1.3713581112635378e-33
26,56,0.3122,180.0,0.2265,2189.671622,43.79343243,Hotta:1984,1.671483506,0.044755569,0.0089,0.3211,0.08569999999999997,0.09459999999999998,1.0,0.0,0.0,2189.671622,43.79343243,3.141592653589793,1.0,3.749399456654644e-33,2.6670937881135714e+32,0.0036928363199680847,0.22280716368003192,4.433234524286382,1.0578274041221793,0.10702215999999995,0.12150423999999997,0.17280648999999998,0.41569999999999996,1.1983717315290001,1.183889651529,1.3181447393475655e-33,0.00014916392738180802,14679632.40465772,293592.6480261141,5.123830906859125e-37,4.981812547871127e-37,5504.531442764753,5203.619627658065,12053116.292628696,241062.3257975286,30.954711480033552,0.6190942294593041,11394218.23036507,227884.36455526523,29.26253504060126,0.5852507006783864,"[0.340,0.428]",0.38,"[0.100,0.145]",0.12,0.0036,0.0,61,0.22139999999999999,0.008,0.8322835225290001,43,1.180283522529,0.005,0.0,44,0.2225,0.008,0.8541835225290001,41,1.186183522529,0.22231038555568716,0.2236502259503857,1.2330706659155696e-33,1.3231662752329886e-33,0.21267596608364003,0.2269207895782997,1.2874790346118914e-33,1.3117964506177004e-33
26,56,0.3122,180.0,0.2364,2365.554313,47.31108626,Hotta:1984,1.741663667,0.046923463,0.0089,0.3211,0.07579999999999998,0.08469999999999998,1.0,0.0,0.0,2365.554313,47.31108626,3.141592653589793,1.0,3.749399456654644e-33,2.6670937881135714e+32,0.0036928363199680847,0.23270716368003191,4.433234524286382,1.0578274041221793,0.09465903999999997,0.10878867999999997,0.16467363999999995,0.40579999999999994,1.229312656929,1.215183016929,1.2384866748624002e-33,0.00016454227071432446,14376575.105779571,287531.50211559143,5.123830906859125e-37,4.981812547871127e-37,5858.576689700566,5538.310566421948,13858781.356362438,277175.62712724874,35.592005248752706,0.711840104975054,13101174.447132913,262023.48894265827,33.646325582090725,0.6729265116418145,"[0.340,0.428]",0.38,"[0.100,0.145]",0.12,0.0036,0.0,64,0.2322,0.008,0.8322835225290001,47,1.212283522529,0.005,0.0,46,0.2325,0.008,0.8541835225290001,45,1.218183522529,0.23306344997053685,0.2336502259503857,1.1694988167488508e-33,1.2885093005729223e-33,0.22649458305208692,0.24397339580271415,1.2086906292325402e-33,1.2531204637799274e-33
26,56,0.32,90.0,0.015,2.302999289,0.046059986,Meziani:1984is,885.8014024,26.09640406,0.0089,0.3289,0.305,0.3139,1.0,0.0,0.0,2.302999289,0.046059986,1.5707963267948966,0.5000000000000001,0.5000000000000001,0.9999999999999998,0.001951083293270095,0.013048916706729904,4.433234524286382,1.05639853515625,0.19520000000000007,0.20648342000000008,0.2067084200000001,0.4546519767910397,0.713304412529,0.702020992529,0.33309135892280484,-0.0002503326121821943,-9199.757350527932,-183.9951478893894,0.0002601530449144865,0.00025311333041239185,1355.5271121673093,1283.1588335805632,3121.7779755415368,62.435559809046694,0.008017323834891532,0.00016034647746370636,2955.1138814101064,59.102277910497065,0.007589298515740278,0.00015178597103979302,"[0.428,0.523]",0.475,"[0.206,0.322]",0.265,0.0036,0.0,3,0.0126,0.032,0.7510585225290001,-2,0.703058522529,0.005,0.0,2,0.0125,0.015,0.7091835225290001,-1,0.7016835225290001,0.01476057604192249,0.015040082307101741,0.33311867552323277,0.3331437522651795,0.025409272602853195,0.046003295416152924,0.33269683220523344,0.33156805401226414
26,56,0.32,90.0,0.025,1694.265963,33.88531926,Meziani:1984is,2.449438335,0.069056454,0.0089,0.3289,0.295,0.3039,1.0,0.0,0.0,1694.265963,33.88531926,1.5707963267948966,0.5000000000000001,0.5000000000000001,0.9999999999999998,0.001951083293270095,0.023048916706729906,4.433234524286382,1.05639853515625,0.18880000000000005,0.19990542000000008,0.20053042000000007,0.44780623041668377,0.738469872529,0.727364452529,0.33264000544722766,-0.00021461226085409395,-7894544.124633502,-157890.88249267006,0.0002601530449144865,0.00025311333041239185,1359.2043144736967,1286.6397190456719,2302853.606775533,46057.07213551066,5.91416918644404,0.1182833837288808,2179909.8826229647,43598.1976524593,5.598426152275273,0.11196852304550547,"[0.428,0.523]",0.475,"[0.145,0.206]",0.16,0.0036,0.0,6,0.0234,0.032,0.7510585225290001,-1,0.7350585225290001,0.005,0.0,4,0.0225,0.03,0.8141835225290001,-3,0.7391835225290001,0.02555640402687942,0.024033634600514258,0.33268943245251825,0.3325330156053943,0.04187164367714624,0.010032954161528721,0.3316020559708048,0.3331935861551618
26,56,0.32,90.0,0.035,3850.384846,77.00769692,Meziani:1984is,1.675157227,0.047008288,0.0089,0.3289,0.28500000000000003,0.29390000000000005,1.0,0.0,0.0,3850.384846,77.00769692,1.5707963267948966,0.5000000000000001,0.5000000000000001,0.9999999999999998,0.001951083293270095,0.03304891670672991,4.433234524286382,1.05639853515625,0.18240000000000006,0.1933274200000001,0.19455242000000011,0.4410809676238594,0.763635332529,0.7527079125289999,0.3319311674116403,-0.00017887122768230014,-21526015.647630103,-430520.3129526021,0.0002601530449144866,0.0002531133304123919,1365.0019582618866,1292.1278408058297,5255782.854851892,105115.65709703785,13.497857145304753,0.26995714290609507,4975189.457333467,99503.78914666934,12.777239551272485,0.2555447910254497,"[0.428,0.523]",0.475,"[0.145,0.206]",0.16,0.0036,0.0,9,0.0342,0.032,0.7510585225290001,0,0.7670585225290001,0.005,0.0,6,0.0325,0.03,0.8141835225290001,-3,0.7391835225290001,0.03634999925574789,0.034033634600514256,0.3320293930842261,0.33173232638700684,0.05806204531808978,0.010032954161528721,0.3299963552672274,0.3331935861551618
26,56,0.32,90.0,0.045,7257.370047,145.1474009,Meziani:1984is,1.189136002,0.036790187,0.0089,0.3289,0.275,0.28390000000000004,1.0,0.0,0.0,7257.370047,145.1474009,1.5707963267948966,0.5000000000000001,0.5000000000000001,0.9999999999999998,0.001951083293270095,0.0430489167067299,4.433234524286382,1.05639853515625,0.17600000000000005,0.18674942000000008,0.18877442000000008,0.43448178327750414,0.788800792529,0.778051372529,0.3309409814589895,-0.00014314573846866844,-50699169.42437294,-1013983.3882080233,0.00026015304491448663,0.00025311333041239196,1373.1475087725685,1299.8385202886227,9965439.60027871,199308.79195064827,25.59315782815298,0.5118631564219993,9433409.143079452,188668.1828095955,24.22680170071188,0.48453603388070826,"[0.428,0.523]",0.475,"[0.145,0.206]",0.16,0.0036,0.0,11,0.0414,0.032,0.7510585225290001,0,0.7670585225290001,0.005,0.0,8,0.0425,0.03,0.8141835225290001,-2,0.769183522529,0.04354448967215063,0.04403363460051426,0.3314605610691524,0.3306619143821668,0.05806204531808978,0.026019772496917202,0.3299963552672274,0.3323956610167025
26,56,0.32,90.0,0.055,11158.517,223.17034,Meziani:1984is,0.949947022,0.029573822,0.0089,0.3289,0.265,0.27390000000000003,1.0,0.0,0.0,11158.517,223.17034,1.5707963267948966,0.5000000000000001,0.5000000000000001,0.9999999999999998,0.001951083293270095,0.053048916706729905,4.433234524286382,1.05639853515625,0.16960000000000003,0.18017142000000005,0.18319642000000005,0.42801450909986694,0.8139662525290001,0.803394832529,0.3296436177513693,-0.00010747656652915727,-103822790.03091162,-2076455.8006182327,0.00026015304491448663,0.00025311333041239196,1383.9031915032608,1310.0199834133339,15442307.288743392,308846.14577486785,39.65880317618838,0.7931760635237676,14617880.255257403,292357.6051051481,37.541516630674344,0.750830332613487,"[0.428,0.523]",0.475,"[0.145,0.206]",0.16,0.0036,0.0,14,0.052199999999999996,0.032,0.7510585225290001,1,0.7990585225290001,0.005,0.0,10,0.0525,0.03,0.8141835225290001,-1,0.799183522529,0.05433436671735592,0.05403363460051425,0.3304128964434183,0.3293270238884431,0.07399352741706322,0.04200659083230574,0.3278968896406236,0.3309004516356344
26,56,0.32,90.0,0.065,14994.48337,299.8896674,Meziani:1984is,0.860316403,0.027143316,0.0089,0.3289,0.255,0.2639,1.0,0.0,0.0,14994.48337,299.8896674,1.5707963267948966,0.5000000000000001,0.5000000000000001,0.9999999999999998,0.001951083293270095,0.06304891670672991,4.433234524286382,1.05639853515625,0.16320000000000004,0.17359342000000005,0.17781842000000006,0.4216852143483336,0.8391317125290001,0.8287382925290001,0.3280111382897872,-7.190931292942036e-05,-208519352.48939478,-4170387.049787896,0.0002601530449144866,0.0002531133304123919,1397.572812488205,1322.9598167527681,20955882.29521852,419117.6459043704,53.81871994836279,1.0763743989672558,19837098.971477628,396741.97942955256,50.945470063911586,1.0189094012782318,"[0.340,0.428]",0.38,"[0.145,0.206]",0.16,0.0036,0.0,17,0.063,0.008,0.8322835225290001,-1,0.8282835225290001,0.005,0.0,12,0.0625,0.03,0.8141835225290001,0,0.8291835225290001,0.06434442047201827,0.06403363460051426,0.32690034584335287,0.3277341237006309,0.047974191392198606,0.057993409167694285,0.3297725208097413,0.3287267274918136
26,56,0.32,90.0,0.075,18186.77044,363.7354087,Meziani:1984is,0.846769362,0.026942662,0.0089,0.3289,0.245,0.2539,1.0,0.0,0.0,18186.77044,363.7354087,1.5707963267948966,0.5000000000000001,0.5000000000000001,0.9999999999999998,0.001951083293270095,0.0730489167067299,4.433234524286382,1.05639853515625,0.15680000000000002,0.16701542000000005,0.17264042000000004,0.41550020457275355,0.8642971725290001,0.8540817525290001,0.3260133501657811,-3.6494658128123796e-05,-498340616.75960106,-9966812.332451893,0.00026015304491448663,0.00025311333041239196,1414.5102191463668,1338.9929766772625,25725372.640649065,514507.4526715303,66.06768477747498,1.3213536951862264,24351957.887601648,487039.15761813364,62.54049260651714,1.2508098517864639,"[0.340,0.428]",0.38,"[0.145,0.206]",0.16,0.0036,0.0,20,0.0738,0.008,0.8322835225290001,2,0.8522835225290001,0.005,0.0,14,0.0725,0.03,0.8141835225290001,1,0.8591835225290001,0.07513000130994385,0.07403363460051425,0.3245321097533276,0.32589082994899066,0.060067384102035604,0.07398022750308282,0.3277340804079593,0.3259013246397326
26,56,0.32,90.0,0.085,20352.98222,407.0596444,Meziani:1984is,0.854911571,0.027907458,0.0089,0.3289,0.235,0.24389999999999998,1.0,0.0,0.0,20352.98222,407.0596444,1.5707963267948966,0.5000000000000001,0.5000000000000001,0.9999999999999998,0.001951083293270095,0.08304891670672991,4.433234524286382,1.05639853515625,0.15040000000000003,0.16043742000000003,0.16766242000000003,0.4094660181260467,0.889462632529,0.8794252125290001,0.3236176549622798,-1.2885720655309753e-06,-15794989480.555944,-315899789.6111189,0.0002601530449144866,0.0002531133304123919,1435.129875257811,1358.5117997589268,29209172.834513046,584183.4566902609,75.01475101636095,1.5002950203272187,27649766.50615364,552995.3301230728,71.0098968522951,1.4201979370459021,"[0.340,0.428]",0.38,"[0.145,0.206]",0.16,0.0036,0.0,23,0.0846,0.008,0.8322835225290001,5,0.8762835225290001,0.005,0.0,16,0.0825,0.03,0.8141835225290001,2,0.889183522529,0.08591335574227088,0.08403363460051426,0.3217773960146299,0.3238058170307967,0.07201583124035371,0.08996704583847132,0.32525527460720344,0.3224583328969597
26,56,0.32,90.0,0.095,21313.42305,426.268461,Meziani:1984is,0.839846324,0.027822842,0.0089,0.3289,0.225,0.2339,1.0,0.0,0.0,21313.42305,426.268461,1.5707963267948966,0.5000000000000001,0.5000000000000001,0.9999999999999998,0.001951083293270095,0.0930489167067299,4.433234524286382,1.05639853515625,0.14400000000000004,0.15385942000000002,0.16288442000000003,0.4035894200793673,0.9146280925290001,0.9047686725290001,0.32078889596705584,3.364753232397528e-05,633431980.8294914,12668639.616589826,0.0002601530449144866,0.0002531133304123919,1459.9201856288776,1381.9786160655208,31115896.5355428,622317.930710856,79.91158272399275,1.598231654479855,29454694.890257973,589093.8978051594,75.64529868661091,1.5129059737322181,"[0.340,0.428]",0.38,"[0.145,0.206]",0.16,0.0036,0.0,25,0.09179999999999999,0.008,0.8322835225290001,9,0.908283522529,0.005,0.0,18,0.0925,0.03,0.8141835225290001,3,0.919183522529,0.09310102248580421,0.09403363460051425,0.3197218013995607,0.32148871853395844,0.08773066594325585,0.10595386417385985,0.3212744073514568,0.3184380976452352
26,56,0.32,90.0,0.105,21088.76056,421.7752112,Meziani:1984is,0.858277088,0.029731477,0.0089,0.3289,0.21500000000000002,0.22390000000000002,1.0,0.0,0.0,21088.76056,421.7752112,1.5707963267948966,0.5000000000000001,0.5000000000000001,0.9999999999999998,0.001951083293270095,0.1030489167067299,4.433234524286382,1.05639853515625,0.13760000000000006,0.14728142000000005,0.15830642000000006,0.39787739317533494,0.9397935525290001,0.930112132529,0.3174892054064218,6.824671920196331e-05,309007682.810243,6180153.656204861,0.0002601530449144865,0.00025311333041239185,1489.4604330430875,1409.9417818889574,31410874.436039582,628217.4887207916,80.66914247710392,1.6133828495420783,29733924.641795967,594678.4928359194,76.36241417655155,1.5272482835310313,"[0.340,0.428]",0.38,"[0.145,0.206]",0.16,0.0036,0.0,28,0.1026,0.008,0.8322835225290001,12,0.932283522529,0.005,0.0,20,0.10250000000000001,0.03,0.8141835225290001,3,0.919183522529,0.10388066930406836,0.10403363460051426,0.3163021330870965,0.3189500201973615,0.09936061671112018,0.10595386417385985,0.3177858231856459,0.3184380976452352
26,56,0.32,90.0,0.115,19846.04228,396.9208456,Meziani:1984is,0.917059419,0.032953674,0.0089,0.3289,0.20500000000000002,0.2139,1.0,0.0,0.0,19846.04228,396.9208456,1.5707963267948966,0.5000000000000001,0.5000000000000001,0.9999999999999998,0.001951083293270095,0.11304891670672991,4.433234524286382,1.05639853515625,0.13120000000000004,0.14070342000000005,0.15392842000000007,0.3923371254418833,0.9649590125290002,0.9554555925290001,0.31367785456518155,0.00010243654236099426,193739868.8259217,3874797.3765184344,0.0002601530449144866,0.0002531133304123919,1524.4425125417167,1443.0562536857733,30254150.557332344,605083.0111466468,77.69845397977765,1.5539690795955527,28638955.423066266,572779.1084613253,73.55032347549158,1.4710064695098315,"[0.340,0.428]",0.38,"[0.100,0.145]",0.12,0.0036,0.0,31,0.1134,0.008,0.8322835225290001,15,0.9562835225290001,0.005,0.0,22,0.1125,0.008,0.8541835225290001,12,0.9541835225290001,0.11465809338873356,0.1136502259503857,0.31246856618203683,0.3110155908486326,0.11086165414550109,0.1032893944512951,0.313867073237512,0.3146819604515981
26,56,0.32,90.0,0.125,17841.77752,356.8355505,Meziani:1984is,1.008868089,0.037888602,0.0089,0.3289,0.195,0.2039,1.0,0.0,0.0,17841.77752,356.8355505,1.5707963267948966,0.5000000000000001,0.5000000000000001,0.9999999999999998,0.001951083293270095,0.1230489167067299,4.433234524286382,1.05639853515625,0.12480000000000004,0.13412542000000005,0.14975042000000005,0.3869759940874887,0.9901244725289999,0.9807990525289999,0.30931111044796966,0.00013613917050018512,131055429.92841828,2621108.5993029084,0.0002601530449144866,0.0002531133304123919,1565.6991126886082,1482.1102648131073,27934855.231851555,558697.1047936011,71.74205931019708,1.4348411866060433,26443481.604903743,528869.6322462859,67.91192615539347,1.3582385234885037,"[0.340,0.428]",0.38,"[0.100,0.145]",0.12,0.0036,0.0,34,0.12419999999999999,0.008,0.8322835225290001,18,0.9802835225290001,0.005,0.0,24,0.1225,0.008,0.8541835225290001,15,0.9781835225290001,0.1254332961141884,0.12365022595038569,0.3082079444812749,0.30723637147327726,0.12223797237558098,0.11607884911960595,0.3095168910975361,0.31011870953446763
26,56,0.32,90.0,0.135,15378.06142,307.5612284,Meziani:1984is,1.105470939,0.043438505,0.0089,0.3289,0.185,0.1939,1.0,0.0,0.0,15378.06142,307.5612284,1.5707963267948966,0.5000000000000001,0.5000000000000001,0.9999999999999998,0.001951083293270095,0.13304891670672991,4.433234524286382,1.05639853515625,0.11840000000000003,0.12754742000000002,0.14577242,0.38180154530855426,1.0152899325290001,1.0061425125290002,0.3043421035740436,0.00016927164641625912,90848418.77288485,1816968.3754576968,0.0002601530449144865,0.00025311333041239185,1614.2406735147224,1528.0603103789454,24823892.223971568,496477.8444794314,63.752510383926804,1.2750502076785362,23498605.306471687,469972.1061294337,60.34891971380602,1.2069783942761203,"[0.340,0.428]",0.38,"[0.100,0.145]",0.12,0.0036,0.0,36,0.1314,0.008,0.8322835225290001,21,1.004283522529,0.005,0.0,26,0.1325,0.008,0.8541835225290001,18,1.0021835225290001,0.1326155311874544,0.1336502259503857,0.3051229966391821,0.3032410664505058,0.13349354292294457,0.12886830378791678,0.3047321351235714,0.3051772718061933
26,56,0.32,90.0,0.145,12765.24434,255.3048868,Meziani:1984is,1.120229243,0.048726055,0.0089,0.3289,0.17500000000000002,0.1839,1.0,0.0,0.0,12765.24434,255.3048868,1.5707963267948966,0.5000000000000001,0.5000000000000001,0.9999999999999998,0.001951083293270095,0.1430489167067299,4.433234524286382,1.05639853515625,0.11200000000000004,0.12096942000000004,0.14199442000000004,0.3768214696643492,1.0404553925289999,1.031485972529,0.2987207125988738,0.000201746301345918,63273746.5561387,1265474.931122774,0.0002601530449144866,0.0002531133304123919,1671.3044633898974,1582.077604019678,21334609.841704622,426692.1968340925,54.79136483507876,1.0958272967015754,20195607.180152953,403912.14360305906,51.86618781800438,1.0373237563600877,"[0.340,0.428]",0.38,"[0.100,0.145]",0.12,0.0036,0.0,39,0.1422,0.008,0.8322835225290001,24,1.0282835225290001,0.005,0.0,28,0.14250000000000002,0.008,0.8541835225290001,22,1.0341835225290001,0.14338703469795178,0.1436502259503857,0.30011659261805823,0.29904993716644707,0.1446321308997479,0.1459209100123312,0.29950781861657444,0.29807308866549237
26,56,0.32,90.0,0.155,10283.59145,205.6718289,Meziani:1984is,1.205804418,0.056303287,0.0089,0.3289,0.165,0.1739,1.0,0.0,0.0,10283.59145,205.6718289,1.5707963267948966,0.5000000000000001,0.5000000000000001,0.9999999999999998,0.001951083293270095,0.1530489167067299,4.433234524286382,1.05639853515625,0.10560000000000004,0.11439142000000004,0.13841642000000004,0.3720435727169602,1.0656208525289999,1.056829432529,0.2923934727360722,0.00023347134466899,44046482.29777331,880929.6455271482,0.0002601530449144865,0.00025311333041239185,1738.4206532591531,1645.6106245944638,17877207.766359244,357544.1551533428,45.912094021253026,0.9182418799786009,16922787.34910879,338455.7468176147,43.46095956528589,0.8692191908830935,"[0.340,0.428]",0.38,"[0.100,0.145]",0.12,0.0036,0.0,42,0.153,0.008,0.8322835225290001,28,1.0602835225290002,0.005,0.0,30,0.1525,0.008,0.8541835225290001,25,1.0581835225290002,0.15415632050738992,0.1536502259503857,0.294639160395802,0.29468333515089573,0.15930775900090388,0.15871036468064206,0.2918462434614319,0.2924133647030989
26,56,0.32,90.0,0.165,8152.250353,163.0450071,Meziani:1984is,1.312521026,0.065626051,0.0089,0.3289,0.155,0.1639,1.0,0.0,0.0,8152.250353,163.0450071,1.5707963267948966,0.5000000000000001,0.5000000000000001,0.9999999999999998,0.001951083293270095,0.1630489167067299,4.433234524286382,1.05639853515625,0.09920000000000002,0.10781342000000003,0.13503842000000005,0.3674757406958996,1.090786312529,1.082172892529,0.28530351642299545,0.0002643516467920227,30838659.2326158,616773.1848036295,0.0002601530449144866,0.0002531133304123919,1817.5026458950379,1720.4706229796261,14816736.586576257,296334.73180422524,38.05221778152258,0.7610443558171593,14025707.243511787,280514.14493905456,36.02070290252186,0.7204140582271772,"[0.340,0.428]",0.38,"[0.100,0.145]",0.12,0.0036,0.0,45,0.1638,0.008,0.8322835225290001,31,1.0842835225290002,0.005,0.0,32,0.1625,0.008,0.8541835225290001,28,1.0821835225290002,0.16492338998498468,0.1636502259503857,0.2886704333144616,0.290161499192022,0.1701869778652364,0.1714998193489529,0.28556655137502956,0.28651627473315033
26,56,0.32,90.0,0.175,6510.579552,130.211591,Meziani:1984is,1.345502337,0.073265367,0.0089,0.3289,0.14500000000000002,0.1539,1.0,0.0,0.0,6510.579552,130.211591,1.5707963267948966,0.5000000000000001,0.5000000000000001,0.9999999999999998,0.001951083293270095,0.1730489167067299,4.433234524286382,1.05639853515625,0.09280000000000002,0.10123542000000005,0.13186042000000003,0.36312590103158443,1.115951772529,1.107516352529,0.27739055633680604,0.00029428972902041515,22123026.765736546,442460.5351788105,0.00026015304491448663,0.00025311333041239196,1910.972687708922,1808.9505277724315,12441539.70502819,248830.79402412486,31.95225720771143,0.6390451439579188,11777316.316694802,235546.326261538,30.246404310836564,0.604928086030902,"[0.340,0.428]",0.38,"[0.100,0.145]",0.12,0.0036,0.0,48,0.1746,0.008,0.8322835225290001,34,1.1082835225290002,0.005,0.0,34,0.17250000000000001,0.008,0.8541835225290001,31,1.1061835225290002,0.17568824449855924,0.1736502259503857,0.28218778955391477,0.28550437070226814,0.18096045309591247,0.18428927401726372,0.27881730627786266,0.28042292345419845
26,56,0.32,90.0,0.185,5399.810706,107.9962141,Meziani:1984is,1.464866165,0.08611413,0.0089,0.3289,0.135,0.1439,1.0,0.0,0.0,5399.810706,107.9962141,1.5707963267948966,0.5000000000000001,0.5000000000000001,0.9999999999999998,0.001951083293270095,0.1830489167067299,4.433234524286382,1.05639853515625,0.08640000000000002,0.09465742000000003,0.12888242000000003,0.3590019777104299,1.141117232529,1.132859812529,0.2685909227186728,0.0003231869683858167,16708008.781943744,334160.17557699117,0.00026015304491448663,0.00025311333041239196,2021.939917509263,1913.9934884614372,10918092.813455276,218361.85622866673,28.039753765540734,0.56079507520696,10335202.530208357,206704.05056588727,26.542779862330484,0.5308555971482997,"[0.340,0.428]",0.38,"[0.070,0.100]",0.093,0.0036,0.0,50,0.1818,0.008,0.8322835225290001,37,1.132283522529,0.005,0.0,36,0.1825,0.008,0.8811835225290001,31,1.1331835225290001,0.18286358431351601,0.1833914251115489,0.2775681835973201,0.2685805546726898,0.19163120944830536,0.18428927401726367,0.27158536137642986,0.26806941102942805
26,56,0.32,90.0,0.195,4788.104591,95.76209182,Meziani:1984is,1.608152005,0.100039586,0.0089,0.3289,0.125,0.1339,1.0,0.0,0.0,4788.104591,95.76209182,1.5707963267948966,0.5000000000000001,0.5000000000000001,0.9999999999999998,0.001951083293270095,0.1930489167067299,4.433234524286382,1.05639853515625,0.08000000000000002,0.08807942000000002,0.12610442000000002,0.3551118415372825,1.166282692529,1.1582032725290001,0.25883766898099864,0.0003509450176076701,13643460.80089599,272869.21601791977,0.0002601530449144866,0.0002531133304123919,2154.458250464286,2039.4369915948662,10315771.440165875,206315.42880331748,26.492877100969473,0.5298575420193894,9765037.622510608,195300.75245021214,25.07848716114602,0.5015697432229203,"[0.340,0.428]",0.38,"[0.070,0.100]",0.093,0.0036,0.0,53,0.1926,0.008,0.8322835225290001,40,1.156283522529,0.005,0.0,38,0.1925,0.008,0.8811835225290001,34,1.1571835225290001,0.19362475025612014,0.19339142511154891,0.2701715979827662,0.2628600115568366,0.202202130166809,0.1970787286855745,0.26385553352761026,0.26073787934982406
26,56,0.32,90.0,0.205,4604.657414,92.09314829,Meziani:1984is,1.539745384,0.107499854,0.0089,0.3289,0.11500000000000002,0.12390000000000002,1.0,0.0,0.0,4604.657414,92.09314829,1.5707963267948966,0.5000000000000001,0.5000000000000001,0.9999999999999998,0.001951083293270095,0.2030489167067299,4.433234524286382,1.05639853515625,0.07360000000000003,0.08150142000000003,0.12352642000000003,0.35146325554743274,1.191448152529,1.1835467325290001,0.24806076171406216,0.0003774674306527656,12198820.454620495,243976.40911890226,0.0002601530449144866,0.0002531133304123919,2313.909179101996,2190.3752249710856,10654759.05687466,213095.1811606323,27.36346223561569,0.5472692447717393,10085927.519105028,201718.5504040043,25.902593883820952,0.518051877732672,"[0.340,0.428]",0.38,"[0.070,0.100]",0.093,0.0036,0.0,56,0.2034,0.008,0.8322835225290001,43,1.180283522529,0.005,0.0,40,0.2025,0.008,0.8811835225290001,37,1.1811835225290002,0.20438370487531188,0.20339142511154892,0.26218738670420383,0.25709346892982204,0.21267596608364003,0.20986818335388532,0.2556105009966504,0.25334434367480896
26,56,0.32,90.0,0.215,4773.084388,95.46168776,Meziani:1984is,1.636258521,0.129685534,0.0089,0.3289,0.10500000000000001,0.11390000000000002,1.0,0.0,0.0,4773.084388,95.46168776,1.5707963267948966,0.5000000000000001,0.5000000000000001,0.9999999999999998,0.001951083293270095,0.2130489167067299,4.433234524286382,1.05639853515625,0.06720000000000002,0.07492342000000003,0.12114842000000003,0.3480638159878157,1.2166136125290001,1.208890192529,0.23618737340420826,0.00040266147291479,11853839.289486893,237076.78578973786,0.0002601530449144865,0.00025311333041239185,2507.586228067669,2373.7123297854405,11968920.676753597,239378.41353507194,30.73848101033408,0.6147696202066817,11329929.262901993,226598.58525803988,29.0974286572516,0.581948573145032,"[0.340,0.428]",0.38,"[0.070,0.100]",0.093,0.0036,0.0,59,0.2142,0.008,0.8322835225290001,47,1.212283522529,0.005,0.0,42,0.2125,0.008,0.8811835225290001,40,1.2051835225290002,0.21514044953374167,0.2133914251115489,0.2535820314805198,0.25130258464335986,0.22649458305208692,0.22265763802219615,0.24378149817668376,0.24593230119825554
26,56,0.32,140.0,0.035,95.20125955,1.904025191,Meziani:1984is,1.355024089,0.088024045,0.0089,0.3289,0.28500000000000003,0.29390000000000005,1.0,0.0,0.0,95.20125955,1.904025191,2.443460952792061,0.8830222215594888,0.11697777844051105,7.548632170413027,0.0034296808778893073,0.031570319122110696,4.433234524286382,1.05639853515625,0.3221265064249016,0.3414248157935288,0.34264981579352877,0.5853629778125098,0.6239088261040985,0.6046105167354713,0.06191401519126651,-0.00015581566275989093,-610986.455814159,-12219.729116283179,1.9514571577896795e-05,1.898650928831552e-05,3375.7367857995773,3195.5144516555756,321374.39391738834,6427.487878347766,0.8253510046084362,0.016507020092168725,304217.0007078384,6084.340014156767,0.7812875322534976,0.01562575064506995,"[0.523,0.609]",0.57,"[0.322,0.438]",0.38,0.0036,0.0,8,0.0306,0.06,0.6517835225290001,-1,0.621783522529,0.005,0.0,6,0.0325,0.05,0.5941835225290001,0,0.6191835225290001,0.03370334876287018,0.036142382176221365,0.061918612863365946,0.06192271752167766,0.03470363000146104,0.06332234861282382,0.061906336738874294,0.061513594607791156
26,56,0.32,140.0,0.045,266.6081269,5.332162538,Meziani:1984is,1.792893584,0.073516139,0.0089,0.3289,0.275,0.28390000000000004,1.0,0.0,0.0,266.6081269,5.332162538,2.443460952792061,0.8830222215594888,0.11697777844051105,7.548632170413027,0.0034296808778893073,0.04157031912211069,4.433234524286382,1.05639853515625,0.3108238219889401,0.32980777544669215,0.33183277544669215,0.5760492821336488,0.65397697054006,0.6349930170823079,0.06176667270683146,-0.00013862564570162858,-1923223.6975388739,-38464.47395077748,1.95145715778968e-05,1.898650928831552e-05,3384.852549103557,3204.143546642565,902429.1979491896,18048.583958983792,2.3176110455981465,0.046352220911962935,854250.7092890971,17085.014185781944,2.193879457865164,0.04387758915730328,"[0.523,0.609]",0.57,"[0.322,0.438]",0.38,0.0036,0.0,11,0.0414,0.06,0.6517835225290001,-1,0.621783522529,0.005,0.0,8,0.0425,0.05,0.5941835225290001,0,0.6191835225290001,0.0444952596798629,0.046142382176221367,0.061767186831216715,0.06179761794650419,0.03470363000146104,0.06332234861282382,0.061906336738874294,0.061513594607791156
26,56,0.32,140.0,0.055,536.8444156,10.73688831,Meziani:1984is,1.579601045,0.057558576,0.0089,0.3289,0.265,0.27390000000000003,1.0,0.0,0.0,536.8444156,10.73688831,2.443460952792061,0.8830222215594888,0.11697777844051105,7.548632170413027,0.0034296808778893073,0.05157031912211069,4.433234524286382,1.05639853515625,0.2995211375529786,0.31819073509985546,0.32121573509985546,0.5667589744325673,0.6840451149760215,0.6653755174291447,0.06157335120696707,-0.00012143507681440648,-4420834.817113661,-88416.6963258035,1.9514571577896805e-05,1.898650928831553e-05,3396.8793621150567,3215.5282775099936,1823595.7160183585,36471.914313573405,4.683343118500884,0.09366686235256998,1726238.3989851272,34524.76797327148,4.433310879031254,0.08866621756410888,"[0.523,0.609]",0.57,"[0.206,0.322]",0.265,0.0036,0.0,14,0.052199999999999996,0.06,0.6517835225290001,0,0.6817835225290001,0.005,0.0,10,0.0525,0.015,0.7091835225290001,-3,0.6716835225290001,0.05528494026972197,0.05504008230710174,0.06157393853861932,0.06146337290288772,0.06506319616208411,0.03001647708076438,0.061362613622095476,0.061924894191812914
26,56,0.32,140.0,0.065,942.0800589,18.84160118,Meziani:1984is,1.454228849,0.049677307,0.0089,0.3289,0.255,0.2639,1.0,0.0,0.0,942.0800589,18.84160118,2.443460952792061,0.8830222215594888,0.11697777844051105,7.548632170413027,0.0034296808778893073,0.061570319122110695,4.433234524286382,1.05639853515625,0.28821845311701716,0.3065736947530188,0.3107986947530188,0.5574932239525596,0.714113259411983,0.6957580177759812,0.06132965743610288,-0.00010424599469038,-9037086.381093707,-180741.72764105952,1.95145715778968e-05,1.898650928831552e-05,3412.1483492750253,3229.982090774426,3214516.9178605536,64290.33836403537,8.25549520342004,0.1651099040859269,3042901.7183227167,60858.0343729143,7.814754497173726,0.15629508996006494,"[0.523,0.609]",0.57,"[0.206,0.322]",0.265,0.0036,0.0,17,0.063,0.06,0.6517835225290001,0,0.6817835225290001,0.005,0.0,12,0.0625,0.015,0.7091835225290001,-1,0.7016835225290001,0.06607239191467329,0.06504008230710175,0.06133884222499813,0.061206016980104354,0.06506319616208411,0.046003295416152924,0.061362613622095476,0.06166052340054312
26,56,0.32,140.0,0.075,1510.791701,30.21583402,Meziani:1984is,1.343666369,0.044612371,0.0089,0.3289,0.245,0.2539,1.0,0.0,0.0,1510.791701,30.21583402,2.443460952792061,0.8830222215594888,0.11697777844051105,7.548632170413027,0.0034296808778893073,0.07157031912211069,4.433234524286382,1.05639853515625,0.2769157686810557,0.29495665440618224,0.30058165440618223,0.5482532757824455,0.7441814038479444,0.7261405181228179,0.061030767387434785,-8.706071729906049e-05,-17353310.975032635,-347066.2195006527,1.9514571577896795e-05,1.898650928831552e-05,3431.042863220709,3247.86787281301,5183591.083529126,103671.8216705825,13.312454847817964,0.2662490969563593,4906851.828190419,98137.03656380837,12.601735429185297,0.2520347085837059,"[0.523,0.609]",0.57,"[0.206,0.322]",0.265,0.0036,0.0,19,0.0702,0.06,0.6517835225290001,1,0.741783522529,0.005,0.0,14,0.0725,0.015,0.7091835225290001,1,0.731683522529,0.07326278872385217,0.07504008230710174,0.061158844656472276,0.06090850729831141,0.09453071926566958,0.061990113751541405,0.0605171426523584,0.06128881692965893
26,56,0.32,140.0,0.085,2228.269672,44.56539344,Meziani:1984is,1.220678105,0.04047984,0.0089,0.3289,0.235,0.24389999999999998,1.0,0.0,0.0,2228.269672,44.56539344,2.443460952792061,0.8830222215594888,0.11697777844051105,7.548632170413027,0.0034296808778893073,0.0815703191221107,4.433234524286382,1.05639853515625,0.2656130842450943,0.28333961405934555,0.2905646140593455,0.5390404567927582,0.7742495482839058,0.7565230184696545,0.06067137960548456,-6.988187611221083e-05,-31886231.394561008,-637724.6278912202,1.9514571577896795e-05,1.898650928831552e-05,3454.0092015549308,3269.608094490641,7696463.950633788,153929.27901267575,19.76599372512893,0.3953198745025786,7285568.556279206,145711.37112558412,18.71073564315893,0.37421471286317864,"[0.523,0.609]",0.57,"[0.206,0.322]",0.265,0.0036,0.0,22,0.081,0.06,0.6517835225290001,1,0.741783522529,0.005,0.0,16,0.0825,0.015,0.7091835225290001,3,0.7616835225290001,0.08404652852838979,0.08504008230710175,0.060853913958319544,0.06057204215475085,0.09453071926566958,0.07797693208692995,0.0605171426523584,0.06081367570394268
26,56,0.32,140.0,0.095,3043.755545,60.8751109,Meziani:1984is,1.074330692,0.036796648,0.0089,0.3289,0.225,0.2339,1.0,0.0,0.0,3043.755545,60.8751109,2.443460952792061,0.8830222215594888,0.11697777844051105,7.548632170413027,0.0034296808778893073,0.0915703191221107,4.433234524286382,1.05639853515625,0.25431039980913284,0.2717225737125089,0.2807475737125089,0.529856182102756,0.8043176927198673,0.7869055188164913,0.0602456628854773,-5.271245440295508e-05,-57742626.092352204,-1154852.5218470441,1.951457157789679e-05,1.898650928831551e-05,3481.570074193989,3295.6975595190847,10597048.218634015,211940.96437268032,27.21524974818598,0.5443049949637196,10031297.721429182,200625.95442858365,25.762294098751873,0.5152458819750374,"[0.523,0.609]",0.57,"[0.206,0.322]",0.265,0.0036,0.0,25,0.09179999999999999,0.06,0.6517835225290001,2,0.8017835225290001,0.005,0.0,18,0.0925,0.015,0.7091835225290001,5,0.7916835225290001,0.09482804306698966,0.09504008230710174,0.06050701171767022,0.06019795549446876,0.12318049522671026,0.09396375042231848,0.0593934412502608,0.06023998321018782
26,56,0.32,140.0,0.105,3866.675637,77.33351274,Meziani:1984is,0.995687345,0.035689572,0.0089,0.3289,0.21500000000000002,0.22390000000000002,1.0,0.0,0.0,3866.675637,77.33351274,2.443460952792061,0.8830222215594888,0.11697777844051105,7.548632170413027,0.0034296808778893073,0.10157031912211069,4.433234524286382,1.05639853515625,0.24300771537317137,0.2601055333656723,0.27113053336567233,0.5207019621296547,0.8343858371558288,0.8172880191633278,0.05974719763693017,-3.555583022690583e-05,-108749412.18709068,-2174988.243741814,1.9514571577896795e-05,1.898650928831552e-05,3514.3416814759366,3326.7195708068043,13588819.359856619,271776.3871971324,34.89869112902401,0.6979738225804802,12863345.515569767,257266.91031139533,33.03553532839972,0.6607107065679944,"[0.428,0.523]",0.475,"[0.206,0.322]",0.265,0.0036,0.0,28,0.1026,0.032,0.7510585225290001,2,0.831058522529,0.005,0.0,20,0.10250000000000001,0.015,0.7091835225290001,7,0.821683522529,0.10465767534840609,0.10504008230710175,0.059285347425338884,0.059787704124921084,0.0896781284730418,0.10995056875770697,0.060041018553508914,0.059573483466687664
26,56,0.32,140.0,0.115,4589.312042,91.78624084,Meziani:1984is,0.980539122,0.035735204,0.0089,0.3289,0.20500000000000002,0.2139,1.0,0.0,0.0,4589.312042,91.78624084,2.443460952792061,0.8830222215594888,0.11697777844051105,7.548632170413027,0.0034296808778893073,0.1115703191221107,4.433234524286382,1.05639853515625,0.2317050309372099,0.24848849301883566,0.2617134930188357,0.5115794102764846,0.8644539815917902,0.8476705195101645,0.05916891007702558,-1.8415824649967062e-05,-249204807.7797161,-4984096.155594323,1.9514571577896795e-05,1.898650928831552e-05,3553.055584965545,3363.366633635117,16306080.78197773,326121.6156395546,41.87713896736644,0.8375427793473289,15435538.993402643,308710.7798680529,39.641420897249226,0.7928284179449847,"[0.428,0.523]",0.475,"[0.206,0.322]",0.265,0.0036,0.0,30,0.1098,0.032,0.7510585225290001,3,0.8630585225290001,0.005,0.0,22,0.1125,0.015,0.7091835225290001,9,0.851683522529,0.11184276482530464,0.11504008230710175,0.05888104353905959,0.059342854125558425,0.10512698204379911,0.12593738709309552,0.059259769069770006,0.05882064299974661
26,56,0.32,140.0,0.125,5117.636594,102.3527319,Meziani:1984is,1.018048059,0.037908123,0.0089,0.3289,0.195,0.2039,1.0,0.0,0.0,5117.636594,102.3527319,2.443460952792061,0.8830222215594888,0.11697777844051105,7.548632170413027,0.0034296808778893073,0.12157031912211069,4.433234524286382,1.05639853515625,0.22040234650124843,0.23687145267199902,0.25249645267199905,0.5024902513203605,0.8945221260277515,0.8780530198570009,0.05850299830306487,-1.2967558485302e-06,-3946492009.1168694,-78929840.1977605,1.9514571577896795e-05,1.898650928831552e-05,3598.5870166741142,3406.467253517967,18416260.603224732,368325.2121364664,47.29648496485237,0.9459296994818845,17433061.472866222,348661.2295254538,44.77144126090334,0.895428825393036,"[0.428,0.523]",0.475,"[0.206,0.322]",0.265,0.0036,0.0,33,0.1206,0.032,0.7510585225290001,3,0.8630585225290001,0.005,0.0,24,0.1225,0.015,0.7091835225290001,11,0.8816835225290001,0.12261854773613123,0.12504008230710173,0.05822364785372936,0.058865066677843796,0.10512698204379911,0.14192420542848405,0.059259769069770006,0.057988502738481426
26,56,0.32,140.0,0.135,5394.773791,107.8954758,Meziani:1984is,1.049163546,0.039668021,0.0089,0.3289,0.185,0.1939,1.0,0.0,0.0,5394.773791,107.8954758,2.443460952792061,0.8830222215594888,0.11697777844051105,7.548632170413027,0.0034296808778893073,0.1315703191221107,4.433234524286382,1.05639853515625,0.20909966206528696,0.22525441232516236,0.24347941232516235,0.49343633056875974,0.9245902704637132,0.9084355202038379,0.05774084916063783,1.579650022751374e-05,341517026.7654343,6830340.534042584,1.9514571577896795e-05,1.898650928831552e-05,3651.991951470623,3457.0210294076787,19701670.46473666,394033.40922169335,50.5976637165272,1.0119532741429638,18649846.444384385,372996.9288185473,47.89637814959995,0.9579275628144331,"[0.428,0.523]",0.475,"[0.206,0.322]",0.265,0.0036,0.0,36,0.1314,0.032,0.7510585225290001,4,0.8950585225290001,0.005,0.0,26,0.1325,0.015,0.7091835225290001,13,0.9116835225290001,0.13339211030218934,0.13504008230710174,0.057504929436032526,0.05835608354054932,0.12035040921075424,0.1579110237638726,0.05836711890567861,0.05708452574638834
26,56,0.32,140.0,0.145,5403.140432,108.0628086,Meziani:1984is,1.014224981,0.040161829,0.0089,0.3289,0.17500000000000002,0.1839,1.0,0.0,0.0,5403.140432,108.0628086,2.443460952792061,0.8830222215594888,0.11697777844051105,7.548632170413027,0.0034296808778893073,0.14157031912211068,4.433234524286382,1.05639853515625,0.19779697762932552,0.21363737197832575,0.23466237197832573,0.48441962385758663,0.9546584148996744,0.9388180205506742,0.05687294467299268,3.2858441871122675e-05,164436903.40498152,3288738.066882287,1.95145715778968e-05,1.898650928831552e-05,3714.5562788587436,3516.245200311008,20070269.217241146,401405.38419624063,51.544295920072315,1.0308859180198586,18998766.610626347,379975.3320718771,48.79247197408173,0.9758494391204188,"[0.428,0.523]",0.475,"[0.206,0.322]",0.265,0.0036,0.0,39,0.1422,0.032,0.7510585225290001,5,0.927058522529,0.005,0.0,28,0.14250000000000002,0.015,0.7091835225290001,15,0.9416835225290001,0.1441634538954233,0.14504008230710175,0.05672464685198068,0.057817712389273454,0.1353579992399624,0.17389784209926112,0.05736713114962581,0.056116446366500976
26,56,0.32,140.0,0.155,5173.127297,103.4625459,Meziani:1984is,1.09991494,0.045427067,0.0089,0.3289,0.165,0.1739,1.0,0.0,0.0,5173.127297,103.4625459,2.443460952792061,0.8830222215594888,0.11697777844051105,7.548632170413027,0.0034296808778893073,0.1515703191221107,4.433234524286382,1.05639853515625,0.18649429319336408,0.2020203316314891,0.2260453316314891,0.475442248471346,0.9847265593356359,0.9692005208975109,0.055888756625186345,4.988286548747693e-05,103705495.79391567,2074109.9150764348,1.9514571577896792e-05,1.8986509288315514e-05,3787.861945143729,3585.637256287442,19595092.02569054,391901.8403622963,50.32394986937196,1.0064789969983208,18548957.96764075,370979.15920938953,47.63727721558098,0.9527455439432756,"[0.428,0.523]",0.475,"[0.145,0.206]",0.16,0.0036,0.0,42,0.153,0.032,0.7510585225290001,6,0.959058522529,0.005,0.0,30,0.1525,0.03,0.8141835225290001,5,0.979183522529,0.15493257988634923,0.15403363460051425,0.05588253427755466,0.05453742083298789,0.15015868023032108,0.1379275008446369,0.05626350741551623,0.05588987436027668
26,56,0.32,140.0,0.165,4753.718319,95.07436639,Meziani:1984is,1.186439671,0.051538603,0.0089,0.3289,0.155,0.1639,1.0,0.0,0.0,4753.718319,95.07436639,2.443460952792061,0.8830222215594888,0.11697777844051105,7.548632170413027,0.0034296808778893073,0.1615703191221107,4.433234524286382,1.05639853515625,0.17519160875740258,0.19040329128465247,0.21762829128465247,0.4665064750725894,1.0147947037715974,0.9995830212443475,0.05477662770156573,6.68627804227223e-05,71096629.37954225,1421932.587740405,1.95145715778968e-05,1.898650928831552e-05,3873.877314688853,3667.060475539068,18415321.556394927,368306.43116663734,47.294073312713856,0.9458814663537657,17432172.559450917,348643.451225689,44.76915836097659,0.8953831673137089,"[0.428,0.523]",0.475,"[0.145,0.206]",0.16,0.0036,0.0,44,0.1602,0.032,0.7510585225290001,7,0.9910585225290001,0.005,0.0,32,0.1625,0.03,0.8141835225290001,6,1.009183522529,0.1621107658885208,0.16403363460051426,0.05528663348411065,0.05365913571168927,0.1647607812274835,0.15391431918002543,0.05505962374254543,0.054547734746633936
26,56,0.32,140.0,0.175,4217.698874,84.35397748,Meziani:1984is,1.192593438,0.055954682,0.0089,0.3289,0.14500000000000002,0.1539,1.0,0.0,0.0,4217.698874,84.35397748,2.443460952792061,0.8830222215594888,0.11697777844051105,7.548632170413027,0.0034296808778893073,0.17157031912211068,4.433234524286382,1.05639853515625,0.16388892432144114,0.17878625093781586,0.20941125093781585,0.4576147407348411,1.0448628482075588,1.0299655215911843,0.05352363735457628,8.379031379578178e-05,50336353.7255583,1006727.0745111662,1.9514571577896802e-05,1.8986509288315524e-05,3975.082767111512,3762.862816279431,16765702.110903028,335314.0422180606,43.05753458303417,0.8611506916606835,15870622.263238225,317412.4452647645,40.7587980767747,0.815175961535494,"[0.428,0.523]",0.475,"[0.145,0.206]",0.16,0.0036,0.0,47,0.17099999999999999,0.032,0.7510585225290001,8,1.023058522529,0.005,0.0,34,0.17250000000000001,0.03,0.8141835225290001,7,1.039183522529,0.17287619891739325,0.17403363460051427,0.05434081316657635,0.05275611465203796,0.17917208703067822,0.16990113751541397,0.05375856200197082,0.053132035294289705
26,56,0.32,140.0,0.185,3649.354683,72.98709365,Meziani:1984is,1.287898932,0.064942989,0.0089,0.3289,0.135,0.1439,1.0,0.0,0.0,3649.354683,72.98709365,2.443460952792061,0.8830222215594888,0.11697777844051105,7.548632170413027,0.0034296808778893073,0.1815703191221107,4.433234524286382,1.05639853515625,0.15258623988547967,0.1671692105909792,0.2013942105909792,0.44876966318032147,1.0749309926435204,1.0603480219380208,0.05211545033452049,0.00010065660432376148,36255491.7038714,725109.8339780803,1.95145715778968e-05,1.898650928831552e-05,4094.648672176168,3876.045389982045,14942825.30704583,298856.50609997014,38.37603776867472,0.767520755268336,14145064.395451536,282901.2878702703,36.32723493222053,0.7265446985448664,"[0.428,0.523]",0.475,"[0.145,0.206]",0.16,0.0036,0.0,50,0.1818,0.032,0.7510585225290001,9,1.0550585225290001,0.005,0.0,36,0.1825,0.03,0.8141835225290001,8,1.069183522529,0.18363941799179884,0.18403363460051425,0.053332332793717865,0.05183223450255169,0.19339988671638675,0.1858879558508025,0.052363137465449135,0.051658926649729785
26,56,0.32,140.0,0.195,3133.441317,62.66882633,Meziani:1984is,1.381867271,0.074678277,0.0089,0.3289,0.125,0.1339,1.0,0.0,0.0,3133.441317,62.66882633,2.443460952792061,0.8830222215594888,0.11697777844051105,7.548632170413027,0.0034296808778893073,0.1915703191221107,4.433234524286382,1.05639853515625,0.1412835554495182,0.15555217024414256,0.19357717024414256,0.43997405633075976,1.1049991370794818,1.0907305222848576,0.050536145531715766,0.00011745168409456811,26678555.877300654,533571.1174608717,1.95145715778968e-05,1.898650928831552e-05,4236.693125896919,4010.5064375825527,13275429.288135288,265508.58572033886,34.093845393255776,0.6818769077563093,12566686.573615652,251333.73143220798,32.27365833881341,0.6454731666732707,"[0.428,0.523]",0.475,"[0.145,0.206]",0.16,0.0036,0.0,53,0.1926,0.032,0.7510585225290001,10,1.0870585225290001,0.005,0.0,38,0.1925,0.03,0.8141835225290001,9,1.099183522529,0.19440042447710937,0.19403363460051426,0.05226083480385848,0.050891233116922015,0.2074510167374516,0.20187477418619104,0.05087592308048861,0.0501437320517064
26,56,0.32,140.0,0.205,2741.451952,54.82903903,Meziani:1984is,1.291286538,0.076966514,0.0089,0.3289,0.11500000000000002,0.12390000000000002,1.0,0.0,0.0,2741.451952,54.82903903,2.443460952792061,0.8830222215594888,0.11697777844051105,7.548632170413027,0.0034296808778893073,0.20157031912211068,4.433234524286382,1.05639853515625,0.1299808710135568,0.14393512989730595,0.18596012989730593,0.43123094728614497,1.1350672815154432,1.121113022631694,0.048768022473178026,0.00013416434722891366,20433535.50047454,408670.7099349553,1.951457157789679e-05,1.898650928831551e-05,4406.664512690468,4171.403467573615,12080659.030124411,241613.18055842156,31.025446505885043,0.6205089300045292,11435702.178759255,228714.04353347106,29.36907376655547,0.5873814752239798,"[0.428,0.523]",0.475,"[0.100,0.145]",0.12,0.0036,0.0,55,0.1998,0.032,0.7510585225290001,11,1.119058522529,0.005,0.0,40,0.2025,0.008,0.8541835225290001,33,1.1221835225290002,0.20157320025811032,0.2036502259503857,0.05151130479920117,0.04691519270063092,0.22133189932088493,0.19281557712947095,0.04929927090984288,0.04813563656945278
26,56,0.32,140.0,0.215,2520.294227,50.40588454,Meziani:1984is,1.408565699,0.087688175,0.0089,0.3289,0.10500000000000001,0.11390000000000002,1.0,0.0,0.0,2520.294227,50.40588454,2.443460952792061,0.8830222215594888,0.11697777844051105,7.548632170413027,0.0034296808778893073,0.2115703191221107,4.433234524286382,1.05639853515625,0.11867818657759532,0.1323180895504693,0.1785430895504693,0.42254359485202153,1.1651354259514046,1.1514955229785309,0.046791382475238966,0.00015078200440037052,16714821.089046396,334296.421780928,1.9514571577896792e-05,1.8986509288315514e-05,4611.925610997527,4365.706177655184,11623409.492750514,232468.1898550103,29.851142105251,0.59702284210502,11002864.076322595,220057.28152645193,28.25746260698456,0.5651492521396914,"[0.340,0.428]",0.38,"[0.100,0.145]",0.12,0.0036,0.0,58,0.21059999999999998,0.008,0.8322835225290001,39,1.148283522529,0.005,0.0,42,0.2125,0.008,0.8541835225290001,37,1.154183522529,0.2115551134480711,0.21365022595038569,0.04370965350132217,0.045787409943723364,0.19868941034125653,0.20986818335388527,0.045918604409825946,0.046213826173425614
26,56,0.32,140.0,0.225,2489.012849,49.78025698,Meziani:1984is,1.297703225,0.086781392,0.0089,0.3289,0.095,0.1039,1.0,0.0,0.0,2489.012849,49.78025698,2.443460952792061,0.8830222215594888,0.11697777844051105,7.548632170413027,0.0034296808778893073,0.2215703191221107,4.433234524286382,1.05639853515625,0.10737550214163384,0.12070104920363264,0.17132604920363265,0.4139155097403728,1.1952035703873662,1.1818780233253674,0.04458428108292873,0.00016729052226311305,14878385.310348323,297567.7062069664,1.9514571577896795e-05,1.898650928831552e-05,4862.675030447716,4603.068698621858,12103260.631295834,242065.21262591664,31.083491747153982,0.6216698349430795,11457097.135699514,229141.94271399025,29.424020114299456,0.5884804022859891,"[0.340,0.428]",0.38,"[0.100,0.145]",0.12,0.0036,0.0,61,0.22139999999999999,0.008,0.8322835225290001,43,1.180283522529,0.005,0.0,44,0.2225,0.008,0.8541835225290001,40,1.178183522529,0.22231038555568716,0.2236502259503857,0.04174818884550415,0.044662327447308754,0.21267596608364003,0.2226576380221961,0.04351014762800031,0.04477377887671701
26,56,0.32,140.0,0.235,2645.637613,52.91275226,Meziani:1984is,1.29269405,0.091093353,0.0089,0.3289,0.08500000000000002,0.09390000000000003,1.0,0.0,0.0,2645.637613,52.91275226,2.443460952792061,0.8830222215594888,0.11697777844051105,7.548632170413027,0.0034296808778893073,0.23157031912211068,4.433234524286382,1.05639853515625,0.0960728177056724,0.10908400885679605,0.16430900885679606,0.4053504765715665,1.2252717148233276,1.212260523672204,0.04212224803084949,0.00018367404699428234,14403981.707237914,288079.6341447583,1.95145715778968e-05,1.898650928831552e-05,5173.457456621711,4897.2592108493545,13687093.636493713,273741.8727298743,35.151078296405004,0.7030215659281001,12956373.16883375,259127.46337667498,33.27444816193906,0.6654889632387813,"[0.340,0.428]",0.38,"[0.100,0.145]",0.12,0.0036,0.0,64,0.2322,0.008,0.8322835225290001,47,1.212283522529,0.005,0.0,46,0.2325,0.008,0.8541835225290001,44,1.210183522529,0.23306344997053685,0.2336502259503857,0.039681239037359615,0.043543449219453134,0.22649458305208692,0.23971024424661055,0.040956558730064214,0.04286976424770093
26,56,0.3331,180.0,0.0092,0.0,0.0,Hotta:1984,#DIV/0!,#DIV/0!,0.0089,0.342,0.3239,0.33280000000000004,1.0,0.0,0.0,0.0,0.0,3.141592653589793,1.0,3.749399456654644e-33,2.6670937881135714e+32,0.004200488193571716,0.004999511806428283,4.433234524286382,1.0541512952792562,0.43156436000000004,0.4552704000000001,0.4553550400000001,0.6748000000000001,0.466056085729,0.44235004572899994,1.874351264884366e-33,-0.0001894130869069825,-0.0,-0.0,4.501023921617905e-37,4.383892012546562e-37,4391.410894005289,4165.826019159761,0.0,0.0,0.0,0.0,0.0,0.0,0.0,0.0,"[0.609,0.702]",0.649,"[0.438,0.650]",0.5,0.0036,0.0,1,0.0054,0.018,0.5554825225290001,-7,0.4384825225290001,0.005,0.0,0,0.0025,0.1,0.4741835225290001,-1,0.4241835225290001,0.009436449140416414,0.007292608126607057,1.8743033959704457e-33,1.874500348472559e-33,-0.011081799368220846,0.02335530277435249,1.8741531368078952e-33,1.8726567715209784e-33
26,56,0.3331,180.0,0.0191,0.0,0.0,Hotta:1984,#DIV/0!,#DIV/0!,0.0089,0.342,0.314,0.3229,1.0,0.0,0.0,0.0,0.0,3.141592653589793,1.0,3.749399456654644e-33,2.6670937881135714e+32,0.004200488193571716,0.014899511806428282,4.433234524286382,1.0541512952792562,0.4183736,0.44172720000000004,0.44209201000000004,0.6649,0.497824651129,0.47447105112899995,1.873152744458758e-33,-0.000175522554970151,-0.0,-0.0,4.501023921617905e-37,4.383892012546562e-37,4394.220699916352,4168.491486558649,0.0,0.0,0.0,0.0,0.0,0.0,0.0,0.0,"[0.609,0.702]",0.649,"[0.438,0.650]",0.5,0.0036,0.0,4,0.0162,0.018,0.5554825225290001,-5,0.47448252252900014,0.005,0.0,2,0.0125,0.1,0.4741835225290001,0,0.5241835225290001,0.020233378583135675,0.01729260812660706,1.8728775992522168e-33,1.873579199454177e-33,0.008132580356012165,0.0766446972256476,1.874405354598482e-33,1.8529299888505818e-33
26,56,0.3331,180.0,0.029,4.680705156,0.093614103,Hotta:1984,8.11843488,1.495501162,0.0089,0.342,0.3041,0.313,1.0,0.0,0.0,4.680705156,0.093614103,3.141592653589793,1.0,3.749399456654644e-33,2.6670937881135714e+32,0.004200488193571716,0.024799511806428285,4.433234524286382,1.0541512952792562,0.40518284,0.428184,0.429025,0.655,0.529593216529,0.5065920565290001,1.8710248318258985e-33,-0.0001616320230333195,-28959.021041486936,-579.1804200873116,4.501023921617905e-37,4.383892012546562e-37,4399.218237939297,4173.232303218767,20591.443488691704,411.8288692459279,0.052882771282948805,0.001057655424303212,19533.66995886184,390.67339867644887,0.050166206236021915,0.001003324123434319,"[0.609,0.702]",0.649,"[0.322,0.438]",0.38,0.0036,0.0,6,0.0234,0.018,0.5554825225290001,-3,0.5104825225290001,0.005,0.0,4,0.0225,0.05,0.5941835225290001,-2,0.519183522529,0.027430090659720463,0.026142382176221363,1.871350869740496e-33,1.8713341626649147e-33,0.02696454720224184,0.010032954161528676,1.871463578751835e-33,1.874203260913184e-33
26,56,0.3331,180.0,0.0389,30.48817374,0.609763475,Hotta:1984,1.672779762,0.295196429,0.0089,0.342,0.2942,0.30310000000000004,1.0,0.0,0.0,30.48817374,0.609763475,3.141592653589793,1.0,3.749399456654644e-33,2.6670937881135714e+32,0.004200488193571716,0.03469951180642828,4.433234524286382,1.0541512952792562,0.39199208,0.4146408000000001,0.4161540100000001,0.6451,0.561361781929,0.5387130619289999,1.867882986669823e-33,-0.00014774149109648808,-206361.6220042653,-4127.232441439022,4.5010239216179056e-37,4.383892012546562e-37,4406.617878393238,4180.251827348822,134349.73148224325,2686.9946305261888,0.34503584587466263,0.006900716919756661,127448.24398916338,2548.964880619318,0.32731150397463477,0.006546230081639833,"[0.609,0.702]",0.649,"[0.322,0.438]",0.38,0.0036,0.0,9,0.0342,0.018,0.5554825225290001,-1,0.5464825225290001,0.005,0.0,6,0.0325,0.05,0.5941835225290001,-2,0.519183522529,0.038223298473184286,0.036142382176221365,1.8681969545423935e-33,1.8682774175765296e-33,0.04543606396606925,0.010032954161528676,1.865511247204905e-33,1.874203260913184e-33
26,56,0.3331,180.0,0.0488,84.32284435,1.686456887,Hotta:1984,1.814454922,0.177887737,0.0089,0.342,0.2843,0.2932,1.0,0.0,0.0,84.32284435,1.686456887,3.141592653589793,1.0,3.749399456654644e-33,2.6670937881135714e+32,0.004200488193571716,0.04459951180642829,4.433234524286382,1.0541512952792562,0.37880132,0.40109760000000005,0.40347904000000007,0.6352000000000001,0.593130347329,0.570834067329,1.8636347547390337e-33,-0.0001338509591596566,-629975.6451458837,-12599.512902917675,4.5010239216179056e-37,4.383892012546562e-37,4416.662944750887,4189.780883000162,372425.58203664166,7448.511640732833,0.9564602348338883,0.019129204696677768,353294.24125782825,7065.884825156565,0.9073272870005928,0.018146545740011857,"[0.609,0.702]",0.649,"[0.322,0.438]",0.38,0.0036,0.0,12,0.045,0.018,0.5554825225290001,0,0.5644825225290001,0.005,0.0,8,0.0425,0.05,0.5941835225290001,-1,0.5691835225290001,0.04901427515550694,0.046142382176221367,1.8640070256283843e-33,1.8642544117590607e-33,0.054542956020550704,0.03667765138717625,1.861458762474764e-33,1.8680864559254457e-33
26,56,0.3331,180.0,0.0587,170.6962368,3.413924736,Hotta:1984,1.810233229,0.117167199,0.0089,0.342,0.2744,0.2833,1.0,0.0,0.0,170.6962368,3.413924736,3.141592653589793,1.0,3.749399456654644e-33,2.6670937881135714e+32,0.004200488193571716,0.054499511806428286,4.433234524286382,1.0541512952792562,0.36561056,0.3875544,0.39100009,0.6253,0.6248989127290001,0.6029550727290001,1.8581789287876074e-33,-0.00011996042722282505,-1422937.886699368,-28458.757733987357,4.5010239216179056e-37,4.383892012546562e-37,4429.630772519979,4202.082559075659,756121.3032826373,15122.426065652742,1.941864346014404,0.038837286920288074,717279.6795571288,14345.593591142575,1.8421116159611441,0.03684223231922288,"[0.609,0.702]",0.649,"[0.322,0.438]",0.38,0.0036,0.0,15,0.055799999999999995,0.018,0.5554825225290001,2,0.6004825225290001,0.005,0.0,10,0.0525,0.05,0.5941835225290001,0,0.6191835225290001,0.059803022089752744,0.05614238217622136,1.8587817252154927e-33,1.8592776704244212e-33,0.07251061805531867,0.06332234861282382,1.8512981291386542e-33,1.855124649117273e-33
26,56,0.3331,180.0,0.0686,318.1776351,6.363552701,Hotta:1984,1.725451256,0.119430142,0.0089,0.342,0.2645,0.27340000000000003,1.0,0.0,0.0,318.1776351,6.363552701,3.141592653589793,1.0,3.749399456654644e-33,2.6670937881135714e+32,0.004200488193571716,0.06439951180642828,4.433234524286382,1.0541512952792562,0.3524198,0.3740112000000001,0.3787171600000001,0.6154000000000001,0.6566674781290001,0.635076078129,1.8514046076797144e-33,-0.00010606989528599363,-2999697.8336040163,-59993.956662652585,4.501023921617905e-37,4.383892012546562e-37,4445.838867237895,4217.458050990815,1414566.4968134162,28291.329931822485,3.63287773179125,0.07265755462440723,1341900.8287977125,26838.016571736793,3.446258376819487,0.06892516752555851,"[0.609,0.702]",0.649,"[0.322,0.438]",0.38,0.0036,0.0,17,0.063,0.018,0.5554825225290001,4,0.6364825225290001,0.005,0.0,12,0.0625,0.05,0.5941835225290001,0,0.6191835225290001,0.06699428197933344,0.06614238217622137,1.8547233020625786e-33,1.8533625760143134e-33,0.09016441789619856,0.06332234861282382,1.838516052049184e-33,1.855124649117273e-33
26,56,0.3331,180.0,0.0785,543.6152471,10.87230494,Hotta:1984,1.648224557,0.091976817,0.0089,0.342,0.2546,0.2635,1.0,0.0,0.0,543.6152471,10.87230494,3.141592653589793,1.0,3.749399456654644e-33,2.6670937881135714e+32,0.004200488193571716,0.07429951180642828,4.433234524286382,1.0541512952792562,0.33922904,0.36046800000000007,0.36663025000000005,0.6055,0.688436043529,0.667197083529,1.8431901395771163e-33,-9.217936334916215e-05,-5897363.871356583,-117947.27740543483,4.5010239216179056e-37,4.383892012546562e-37,4465.652450644214,4236.253819202692,2427596.760419675,48551.93519946219,6.234533500237761,0.12469066998181791,2302892.1667041904,46057.8433256113,5.914268215727198,0.11828536429278494,"[0.523,0.609]",0.57,"[0.322,0.438]",0.38,0.0036,0.0,20,0.0738,0.06,0.6517835225290001,0,0.6817835225290001,0.005,0.0,14,0.0725,0.05,0.5941835225290001,1,0.6691835225290002,0.07685761599552876,0.07614238217622135,1.8406153149748104e-33,1.8465272505804492e-33,0.06506319616208411,0.08996704583847139,1.8502737035907877e-33,1.835601090172716e-33
26,56,0.3331,180.0,0.0884,865.140015,17.3028003,Hotta:1984,1.502646944,0.049702937,0.0089,0.342,0.2447,0.2536,1.0,0.0,0.0,865.140015,17.3028003,3.141592653589793,1.0,3.749399456654644e-33,2.6670937881135714e+32,0.004200488193571716,0.08419951180642829,4.433234524286382,1.0541512952792562,0.32603828,0.34692480000000003,0.35473936000000006,0.5956,0.7202046089290001,0.699318088929,1.8334019329290395e-33,-7.828883141233066e-05,-11050618.579851974,-221012.37159703948,4.5010239216179056e-37,4.383892012546562e-37,4489.493774371611,4258.870424460556,3884040.711302262,77680.81422604524,9.974960555934755,0.19949921111869515,3684519.2229008614,73690.38445801724,9.462551154284053,0.1892510230856811,"[0.523,0.609]",0.57,"[0.322,0.438]",0.38,0.0036,0.0,23,0.0846,0.06,0.6517835225290001,0,0.6817835225290001,0.005,0.0,16,0.0825,0.05,0.5941835225290001,2,0.7191835225290001,0.08764061389165789,0.08614238217622136,1.830380434986742e-33,1.8387924189958904e-33,0.06506319616208411,0.1166117430641189,1.8502737035907877e-33,1.809931341830667e-33
26,56,0.3331,180.0,0.0983,1287.78096,25.75561919,Hotta:1984,1.397753233,0.034167301,0.0089,0.342,0.2348,0.2437,1.0,0.0,0.0,1287.78096,25.75561919,3.141592653589793,1.0,3.749399456654644e-33,2.6670937881135714e+32,0.004200488193571716,0.09409951180642828,4.433234524286382,1.0541512952792562,0.31284752000000005,0.3333816,0.34304449,0.5857,0.7519731743289999,0.7314390943289999,1.8218931163981904e-33,-6.439829947549925e-05,-19997126.795094095,-399942.53574659827,4.501023921617905e-37,4.383892012546562e-37,4517.853703777226,4285.773516580841,5818005.979789792,116360.1195506173,14.94175382706986,0.29883507642537005,5519137.533525052,110382.75062764328,14.17420240717119,0.2834840480333569,"[0.523,0.609]",0.57,"[0.322,0.438]",0.38,0.0036,0.0,26,0.0954,0.06,0.6517835225290001,1,0.741783522529,0.005,0.0,18,0.0925,0.05,0.5941835225290001,2,0.7191835225290001,0.09842138698103042,0.09614238217622137,1.818806271906344e-33,1.830181254895033e-33,0.09453071926566958,0.1166117430641189,1.8231379449650225e-33,1.809931341830667e-33
26,56,0.3331,180.0,0.1082,1792.913378,35.85826756,Hotta:1984,1.243785688,0.028445323,0.0089,0.342,0.2249,0.23379999999999998,1.0,0.0,0.0,1792.913378,35.85826756,3.141592653589793,1.0,3.749399456654644e-33,2.6670937881135714e+32,0.004200488193571716,0.10399951180642829,4.433234524286382,1.0541512952792562,0.29965675999999997,0.3198384,0.33154564000000003,0.5758,0.7837417397290001,0.763560099729,1.8085020258105198e-33,-5.050776753866776e-05,-35497775.20115852,-709955.5040231706,4.5010239216179056e-37,4.383892012546562e-37,4551.306244800515,4317.5076150666055,8160097.853677786,163201.95707355574,20.95669439976407,0.4191338879952815,7740917.162669791,154818.34325339584,19.880158088894074,0.3976031617778815,"[0.523,0.609]",0.57,"[0.206,0.322]",0.265,0.0036,0.0,28,0.1026,0.06,0.6517835225290001,1,0.741783522529,0.005,0.0,20,0.10250000000000001,0.015,0.7091835225290001,3,0.7616835225290001,0.10560733371667652,0.10504008230710175,1.8103465262650668e-33,1.799765513909625e-33,0.09453071926566958,0.07797693208692995,1.8231379449650225e-33,1.832649739544555e-33
26,56,0.3331,180.0,0.1181,2336.571079,46.73142157,Hotta:1984,1.125580995,0.022682811,0.0089,0.342,0.21500000000000002,0.22390000000000002,1.0,0.0,0.0,2336.571079,46.73142157,3.141592653589793,1.0,3.749399456654644e-33,2.6670937881135714e+32,0.004200488193571716,0.11389951180642828,4.433234524286382,1.0541512952792562,0.28646600000000005,0.30629520000000005,0.32024281000000004,0.5659000000000001,0.8155103051289998,0.7956811051289998,1.7930504926182815e-33,-3.661723560183636e-05,-63810690.25546048,-1276213.8048361142,4.501023921617904e-37,4.383892012546561e-37,4590.52692475297,4354.713545684056,10726092.4497486,214521.84894906674,27.546660052818787,0.5509332009384822,10175097.72817491,203501.95451995108,26.131600061755243,0.5226320011232676,"[0.523,0.609]",0.57,"[0.206,0.322]",0.265,0.0036,0.0,31,0.1134,0.06,0.6517835225290001,2,0.8017835225290001,0.005,0.0,22,0.1125,0.015,0.7091835225290001,5,0.7916835225290001,0.11638440185303267,0.11504008230710175,1.796542065703603e-33,1.7855295694667238e-33,0.12318049522671026,0.09396375042231848,1.7871477635519166e-33,1.8142530186426612e-33
26,56,0.3331,180.0,0.128,2856.823728,57.13647456,Hotta:1984,1.095622376,0.021002346,0.0089,0.342,0.2051,0.214,1.0,0.0,0.0,2856.823728,57.13647456,3.141592653589793,1.0,3.749399456654644e-33,2.6670937881135714e+32,0.004200488193571716,0.12379951180642829,4.433234524286382,1.0541512952792562,0.27327524000000003,0.292752,0.309136,0.556,0.847278870529,0.827802110529,1.7753419041046015e-33,-2.2726703665004796e-05,-125703391.48651001,-2514067.8297302006,4.501023921617904e-37,4.383892012546561e-37,4636.316275065422,4398.1507169112865,13245138.34511947,264902.76690238947,34.01605244919481,0.6803210489838964,12564741.327392373,251294.8265478475,32.26866257388944,0.645373251477789,"[0.523,0.609]",0.57,"[0.206,0.322]",0.265,0.0036,0.0,34,0.12419999999999999,0.06,0.6517835225290001,2,0.8017835225290001,0.005,0.0,24,0.1225,0.015,0.7091835225290001,7,0.821683522529,0.12715924885023355,0.12504008230710173,1.7814005298658973e-33,1.7702545610366994e-33,0.12318049522671026,0.10995056875770697,1.7871477635519166e-33,1.7929084131277575e-33
26,56,0.3331,180.0,0.1379,3288.733451,65.77466902,Hotta:1984,1.076402224,0.019156311,0.0089,0.342,0.1952,0.2041,1.0,0.0,0.0,3288.733451,65.77466902,3.141592653589793,1.0,3.749399456654644e-33,2.6670937881135714e+32,0.004200488193571716,0.13369951180642828,4.433234524286382,1.0541512952792562,0.26008448,0.27920880000000003,0.29822521,0.5461,0.8790474359290001,0.8599231159290001,1.755159000496965e-33,-8.836171728173289e-06,-372189852.3671952,-7443797.047343903,4.501023921617905e-37,4.383892012546562e-37,4689.6301483086245,4448.725879586658,15422943.541560665,308458.8708312133,39.60907336419111,0.7921814672838222,14630673.61452604,292613.47229052085,37.574372427914376,0.7514874485582875,"[0.523,0.609]",0.57,"[0.206,0.322]",0.265,0.0036,0.0,37,0.135,0.06,0.6517835225290001,3,0.861783522529,0.005,0.0,26,0.1325,0.015,0.7091835225290001,10,0.866683522529,0.13793187608102642,0.13504008230710174,1.7649227451195663e-33,1.7539992691947813e-33,0.15107704591224025,0.1339307962607898,1.743001790823259e-33,1.7558489115934244e-33
26,56,0.3331,180.0,0.1478,3581.200432,71.62400864,Hotta:1984,1.089020309,0.019546518,0.0089,0.342,0.18530000000000002,0.1942,1.0,0.0,0.0,3581.200432,71.62400864,3.141592653589793,1.0,3.749399456654644e-33,2.6670937881135714e+32,0.004200488193571716,0.14359951180642827,4.433234524286382,1.0541512952792562,0.24689372000000004,0.26566560000000006,0.28751044000000003,0.5362,0.9108160013289999,0.8920441213289999,1.7322613681295016e-33,5.0543602086581166e-06,708536844.2608038,14170736.885216078,4.501023921617904e-37,4.383892012546561e-37,4751.619308288158,4507.530683277681,17016501.119541094,340330.0223908219,43.701634479142996,0.87403268958286,16142370.830207288,322847.4166041458,41.45670045168038,0.8291340090336077,"[0.523,0.609]",0.57,"[0.206,0.322]",0.265,0.0036,0.0,39,0.1422,0.06,0.6517835225290001,4,0.9217835225290001,0.005,0.0,28,0.14250000000000002,0.015,0.7091835225290001,12,0.8966835225290001,0.1451123950419344,0.14504008230710175,1.7531956024814398e-33,1.736824531406138e-33,0.17827682984594106,0.14991761459617833,1.6913113497817455e-33,1.7281326196466404e-33
26,56,0.3331,180.0,0.1577,3707.613639,74.15227279,Hotta:1984,1.122015508,0.019149784,0.0089,0.342,0.1754,0.1843,1.0,0.0,0.0,3707.613639,74.15227279,3.141592653589793,1.0,3.749399456654644e-33,2.6670937881135714e+32,0.004200488193571716,0.1534995118064283,4.433234524286382,1.0541512952792562,0.23370296000000002,0.2521224,0.27699169,0.5263,0.942584566729,0.9241651267290001,1.70638258059378e-33,1.8944892145489666e-05,195705185.89004984,3914103.7183288434,4.501023921617905e-37,4.383892012546562e-37,4823.681780050517,4575.891337089967,17884348.357911095,357686.9672064587,45.930432428177674,0.9186086486874347,16965637.13197671,339312.7426852931,43.57100601580174,0.8714201204335524,"[0.523,0.609]",0.57,"[0.206,0.322]",0.265,0.0036,0.0,42,0.153,0.06,0.6517835225290001,4,0.9217835225290001,0.005,0.0,30,0.1525,0.015,0.7091835225290001,14,0.9266835225290001,0.15588132570878344,0.15504008230710173,1.7344925702827474e-33,1.7187927285188696e-33,0.17827682984594106,0.16590443293156687,1.6913113497817455e-33,1.6983049288606838e-33
26,56,0.3331,180.0,0.1676,3667.603498,73.35206996,Hotta:1984,1.112443044,0.022085266,0.0089,0.342,0.1655,0.1744,1.0,0.0,0.0,3667.603498,73.35206996,3.141592653589793,1.0,3.749399456654644e-33,2.6670937881135714e+32,0.004200488193571716,0.16339951180642828,4.433234524286382,1.0541512952792562,0.22051220000000002,0.23857920000000002,0.26666896,0.5164,0.9743531321289999,0.9562861321289999,1.6772269311904535e-33,3.283542408232108e-05,111696547.26569146,2233930.945313829,4.501023921617905e-37,4.383892012546562e-37,4907.533030109175,4655.4351847655,17998885.30777895,359977.706155579,46.22458525561956,0.9244917051123911,17074290.368358225,341485.80736716447,43.8500483399531,0.8770009667990619,"[0.428,0.523]",0.475,"[0.206,0.322]",0.265,0.0036,0.0,45,0.1638,0.032,0.7510585225290001,6,0.959058522529,0.005,0.0,32,0.1625,0.015,0.7091835225290001,16,0.956683522529,0.16569948964409065,0.16504008230710174,1.646567396924807e-33,1.6999672838875687e-33,0.15015868023032108,0.18189125126695535,1.6873533153561958e-33,1.6666265746504562e-33
26,56,0.3331,180.0,0.1775,3483.360236,69.66720472,Hotta:1984,1.225827853,0.022105092,0.0089,0.342,0.15560000000000002,0.1645,1.0,0.0,0.0,3483.360236,69.66720472,3.141592653589793,1.0,3.749399456654644e-33,2.6670937881135714e+32,0.004200488193571716,0.17329951180642827,4.433234524286382,1.0541512952792562,0.20732144000000002,0.225036,0.25654225,0.5065000000000001,1.006121697529,0.988407137529,1.6444656896237062e-33,4.6725956019152586e-05,74548720.51354496,1490974.4102708993,4.501023921617905e-37,4.383892012546562e-37,5005.301488344986,4748.181319664391,17435268.173692543,348705.3634738508,44.77710849133098,0.8955421698266195,16539626.002236944,330792.5200447389,42.476927829860536,0.8495385565972108,"[0.428,0.523]",0.475,"[0.206,0.322]",0.265,0.0036,0.0,48,0.1746,0.032,0.7510585225290001,7,0.9910585225290001,0.005,0.0,34,0.17250000000000001,0.015,0.7091835225290001,18,0.986683522529,0.17646418453634993,0.17504008230710175,1.6159632609463136e-33,1.6804121814055482e-33,0.1647607812274835,0.1978780696023439,1.6491448719365048e-33,1.633358764291999e-33
26,56,0.3331,180.0,0.1874,3194.948055,63.89896109,Hotta:1984,1.223807064,0.023161566,0.0089,0.342,0.1457,0.1546,1.0,0.0,0.0,3194.948055,63.89896109,3.141592653589793,1.0,3.749399456654644e-33,2.6670937881135714e+32,0.004200488193571716,0.1831995118064283,4.433234524286382,1.0541512952792562,0.19413068,0.2114928,0.24661156,0.4966,1.037890262929,1.020528142929,1.607732803373794e-33,6.061648795598408e-05,52707574.50217129,1054151.4898784542,4.5010239216179056e-37,4.383892012546562e-37,5119.660771076586,4856.666015593456,16357050.222810937,327141.00440502213,42.00803825490218,0.840160764966561,15516795.640304912,310335.91275753157,39.85010353165083,0.7970020705082881,"[0.428,0.523]",0.475,"[0.206,0.322]",0.265,0.0036,0.0,50,0.1818,0.032,0.7510585225290001,8,1.023058522529,0.005,0.0,36,0.1825,0.015,0.7091835225290001,20,1.016683522529,0.18363941799179884,0.18504008230710173,1.594494449620622e-33,1.660191507883099e-33,0.17917208703067822,0.21386488793773242,1.6079615369342976e-33,1.5987588379108254e-33
26,56,0.3331,180.0,0.1973,2855.778232,57.11556464,Hotta:1984,1.358648916,0.026262543,0.0089,0.342,0.1358,0.1447,1.0,0.0,0.0,2855.778232,57.11556464,3.141592653589793,1.0,3.749399456654644e-33,2.6670937881135714e+32,0.004200488193571716,0.1930995118064283,4.433234524286382,1.0541512952792562,0.18093992,0.1979496,0.23687689,0.4867,1.069658828329,1.052649148329,1.566619949048225e-33,7.45070198928155e-05,38328982.10273707,766579.6420547414,4.5010239216179056e-37,4.383892012546562e-37,5254.016182295162,4984.119647553358,15004305.04397427,300086.10087948537,38.533929509887905,0.7706785901977581,14233540.395166392,284670.80790332786,36.554458247551494,0.73108916495103,"[0.428,0.523]",0.475,"[0.145,0.206]",0.16,0.0036,0.0,53,0.1926,0.032,0.7510585225290001,9,1.0550585225290001,0.005,0.0,38,0.1925,0.03,0.8141835225290001,7,1.039183522529,0.19440042447710937,0.19403363460051426,1.5606930281845422e-33,1.5175987664705381e-33,0.19339988671638675,0.16990113751541397,1.5639169621235962e-33,1.5881700611906597e-33
26,56,0.3331,180.0,0.2072,2526.294037,50.52588074,Hotta:1984,1.4091788,0.028500245,0.0089,0.342,0.1259,0.1348,1.0,0.0,0.0,2526.294037,50.52588074,3.141592653589793,1.0,3.749399456654644e-33,2.6670937881135714e+32,0.004200488193571716,0.20299951180642828,4.433234524286382,1.0541512952792562,0.16774916,0.18440640000000003,0.22733824000000002,0.4768,1.101427393729,1.084770153729,1.5206708206319334e-33,8.8397551829647e-05,28578778.31128718,571575.5662257435,4.5010239216179056e-37,4.383892012546562e-37,5412.773397194068,5134.721573111728,13674257.156963607,273485.1431392721,35.1181117580736,0.7023622351614719,12971816.491807418,259436.32983614833,33.3141095735887,0.666282191471774,"[0.428,0.523]",0.475,"[0.145,0.206]",0.16,0.0036,0.0,56,0.2034,0.032,0.7510585225290001,10,1.0870585225290001,0.005,0.0,40,0.2025,0.03,0.8141835225290001,9,1.099183522529,0.2051592197372969,0.20403363460051427,1.5249748122958012e-33,1.4876375888930162e-33,0.2074510167374516,0.20187477418619104,1.5171177419399928e-33,1.4941312077244573e-33
26,56,0.3331,180.0,0.2171,2265.057082,45.30114165,Hotta:1984,1.545214921,0.030904298,0.0089,0.342,0.11600000000000002,0.12490000000000002,1.0,0.0,0.0,2265.057082,45.30114165,3.141592653589793,1.0,3.749399456654644e-33,2.6670937881135714e+32,0.004200488193571716,0.21289951180642827,4.433234524286382,1.0541512952792562,0.15455840000000004,0.17086320000000005,0.21799561000000003,0.46690000000000004,1.133195959129,1.1168911591289998,1.4693745191526419e-33,0.0001022880837664784,22143899.842439897,442877.99694656103,4.501023921617904e-37,4.383892012546561e-37,5601.73492633619,5313.97623037804,12688249.366384534,253764.98738370807,32.58585487666389,0.6517170976771411,12036459.494197441,240729.1899370886,30.91193363096095,0.6182386727556921,"[0.428,0.523]",0.475,"[0.145,0.206]",0.16,0.0036,0.0,59,0.2142,0.032,0.7510585225290001,11,1.119058522529,0.005,0.0,42,0.2125,0.03,0.8141835225290001,10,1.1291835225290001,0.21591580513489816,0.21403363460051425,1.4873409830864663e-33,1.457418873308202e-33,0.22133189932088493,0.2178615925215796,1.4676640121819018e-33,1.4458047111466898e-33
26,56,0.3331,180.0,0.227,2119.047741,42.38095481,Hotta:1984,1.6611235,0.034449436,0.0089,0.342,0.1061,0.115,1.0,0.0,0.0,2119.047741,42.38095481,3.141592653589793,1.0,3.749399456654644e-33,2.6670937881135714e+32,0.004200488193571716,0.2227995118064283,4.433234524286382,1.0541512952792562,0.14136764000000002,0.15732000000000002,0.208849,0.457,1.1649645245290001,1.1490121645290001,1.4121578808634672e-33,0.00011617861570330999,18239567.825558342,364791.35642509244,4.501023921617904e-37,4.383892012546561e-37,5828.70136218261,5529.283498758613,12351296.454496682,247025.92903164664,31.720495253756702,0.6344099049254418,11716815.707393015,234336.31409256745,30.09102715692589,0.6018205429965151,"[0.428,0.523]",0.475,"[0.145,0.206]",0.16,0.0036,0.0,61,0.22139999999999999,0.032,0.7510585225290001,12,1.151058522529,0.005,0.0,44,0.2225,0.03,0.8141835225290001,11,1.1591835225290001,0.2230856350374495,0.22403363460051426,1.4611881167170847e-33,1.4270442476099515e-33,0.23504857677637536,0.23384841085696814,1.4156499849510822e-33,1.3971718834202101e-33
26,56,0.3331,180.0,0.2369,2117.138647,42.34277293,Hotta:1984,1.983809613,0.043927213,0.0089,0.342,0.09620000000000001,0.10510000000000001,1.0,0.0,0.0,2117.138647,42.34277293,3.141592653589793,1.0,3.749399456654644e-33,2.6670937881135714e+32,0.004200488193571716,0.23269951180642828,4.433234524286382,1.0541512952792562,0.12817688000000002,0.14377680000000004,0.19989841000000003,0.44710000000000005,1.196733089929,1.1811331699290002,1.348376547366093e-33,0.00013006914764014148,16277024.070746016,325540.4813380381,4.501023921617904e-37,4.383892012546561e-37,6104.412435743008,5790.83141393464,12923887.484938929,258477.74963773444,33.19101870288616,0.6638203739009502,12259992.984702682,245199.85963614532,31.486010453645076,0.6297202089241819,"[0.428,0.523]",0.475,"[0.100,0.145]",0.12,0.0036,0.0,64,0.2322,0.032,0.7510585225290001,13,1.183058522529,0.005,0.0,46,0.2325,0.008,0.8541835225290001,40,1.178183522529,0.23383854035488127,0.2336502259503857,1.4203642200852576e-33,1.2885093005729223e-33,0.24860674223549706,0.2226576380221961,1.3611644279405066e-33,1.3266229019247487e-33
26,56,0.3331,180.0,0.2468,2269.967067,45.39934134,Hotta:1984,1.986812965,0.038767082,0.0089,0.342,0.08630000000000002,0.09520000000000002,1.0,0.0,0.0,2269.967067,45.39934134,3.141592653589793,1.0,3.749399456654644e-33,2.6670937881135714e+32,0.004200488193571716,0.24259951180642828,4.433234524286382,1.0541512952792562,0.11498612000000002,0.13023360000000003,0.19114384000000004,0.43720000000000003,1.228501655329,1.213254175329,1.2773045395503676e-33,0.0001439596795769729,15768075.294904262,315361.5058980852,4.501023921617905e-37,4.383892012546562e-37,6444.075245127731,6113.04589197571,14627838.583709903,292556.77167419804,37.567091525712826,0.7513418305142564,13876412.853844503,277528.25707689003,35.637286311696734,0.7127457262339346,"[0.428,0.523]",0.475,"[0.100,0.145]",0.12,0.0036,0.0,67,0.243,0.032,0.7510585225290001,14,1.215058522529,0.005,0.0,48,0.2425,0.008,0.8541835225290001,44,1.210183522529,0.24458923943640087,0.24365022595038568,1.377627853894914e-33,1.2542214189835047e-33,0.2620117672652519,0.23971024424661055,1.3042910949865645e-33,1.2676811574495593e-33
26,56,0.3331,180.0,0.2567,2574.963475,51.4992695,Hotta:1984,1.553420093,0.064855289,0.0089,0.342,0.07640000000000002,0.08530000000000003,1.0,0.0,0.0,2574.963475,51.4992695,3.141592653589793,1.0,3.749399456654644e-33,2.6670937881135714e+32,0.004200488193571716,0.25249951180642827,4.433234524286382,1.0541512952792562,0.10179536000000003,0.11669040000000004,0.18258529000000004,0.42730000000000007,1.260270220729,1.245375180729,1.198122045748628e-33,0.00015785021151380442,16312702.088301051,326254.041766021,4.5010239216179056e-37,4.383892012546562e-37,6869.956690149004,6517.049991698846,17689887.55196558,353797.7510393115,45.43101982847518,0.9086203965695034,16781165.69337358,335623.3138674716,43.09724802495262,0.8619449604990523,"[0.340,0.428]",0.38,"[0.100,0.145]",0.12,0.0036,0.0,70,0.25379999999999997,0.008,0.8322835225290001,51,1.244283522529,0.005,0.0,50,0.2525,0.008,0.8541835225290001,48,1.242183522529,0.25456296115632426,0.2536502259503857,1.0333918582380181e-33,1.2203855631428556e-33,0.2401511691890913,0.256762850471025,1.1259547305805772e-33,1.2099575216827393e-33
26,56,0.34,60.0,0.015,13098.6107,261.9722141,Meziani:1984is,2.511716757,0.070236456,0.0089,0.34890000000000004,0.325,0.33390000000000003,1.0,0.0,0.0,13098.6107,261.9722141,1.0471975511965976,0.24999999999999994,0.7500000000000001,0.3333333333333333,0.0011044516202802224,0.013895548379719777,4.433234524286382,1.0530381487889273,0.11049999999999999,0.11649770999999999,0.11672271,0.34164705472168205,0.798004412529,0.7920067025290001,0.5995368293965119,-0.00036648162406789685,-35741521.10167811,-714830.4223064272,0.0013826819272963725,0.0013474114510770038,458.3673056090368,435.28081687847066,6003974.893780699,120079.4979214507,15.419357621564425,0.30838715254900595,5701573.965469076,114031.47935290959,14.64273411110304,0.2928546823338492,"[0.340,0.428]",0.38,"[0.100,0.145]",0.12,0.0036,0.0,3,0.0126,0.008,0.8322835225290001,-6,0.788283522529,0.005,0.0,2,0.0125,0.008,0.8541835225290001,-8,0.7941835225290002,0.013982231290427194,0.013650225950385694,0.5996748004397554,0.599627573975158,0.027482415480027167,0.018026363329223007,0.5987407297651672,0.5993508036376184
26,56,0.34,60.0,0.025,37884.59182,757.6918363,Meziani:1984is,1.129746896,0.031147227,0.0089,0.34890000000000004,0.315,0.3239,1.0,0.0,0.0,37884.59182,757.6918363,1.0471975511965976,0.24999999999999994,0.7500000000000001,0.3333333333333333,0.0011044516202802224,0.02389554837971978,4.433234524286382,1.0530381487889273,0.10709999999999999,0.11300871,0.11363371,0.33709599522984546,0.8201698725290001,0.814261162529,0.598675598547785,-0.00027357979830117964,-138477300.06107196,-2769546.0008559152,0.0013826819272963725,0.0013474114510770038,461.00317114296365,437.7839223328726,17464916.966476783,349298.3392834353,44.85325227058985,0.8970650452934025,16585265.20293946,331705.30401501077,42.59413803970392,0.851882760681647,"[0.270,0.340]",0.3,"[0.100,0.145]",0.12,0.001,0.0,23,0.0235,0.01,0.8866835225290001,-8,0.8116835225290001,0.005,0.0,4,0.0225,0.008,0.8541835225290001,-5,0.8181835225290001,0.024356982912316028,0.023650225950385694,0.5984116844341004,0.5988834154343389,0.011297177779925893,0.03081581799753378,0.5996593735787931,0.5981067635391459
26,56,0.34,60.0,0.035,59926.0743,1198.521486,Meziani:1984is,0.87441069,0.024863968,0.0089,0.34890000000000004,0.30500000000000005,0.31390000000000007,1.0,0.0,0.0,59926.0743,1198.521486,1.0471975511965976,0.24999999999999994,0.7500000000000001,0.3333333333333333,0.0011044516202802224,0.03389554837971978,4.433234524286382,1.0530381487889273,0.1037,0.10951971,0.11074471000000001,0.33278327782507344,0.8423353325290001,0.836515622529,0.5973275086353741,-0.0001808569148002382,-331345220.42571676,-6626904.408514335,0.0013826819272963725,0.0013474114510770038,465.1529122394207,441.72465430087345,27874787.9797209,557495.7595944181,71.58779510051382,1.4317559020102766,26470824.453775957,529416.4890755191,67.98214782897006,1.359642956579401,"[0.270,0.340]",0.3,"[0.100,0.145]",0.12,0.001,0.0,33,0.0335,0.01,0.8866835225290001,-6,0.831683522529,0.005,0.0,6,0.0325,0.008,0.8541835225290001,-3,0.8341835225290001,0.034351358755699835,0.03365022595038569,0.5968283403466556,0.5977438403690495,0.02177050033162553,0.039342121109741,0.5987321147063314,0.5969202843185422
26,56,0.34,60.0,0.045,82493.90116,1649.878023,Meziani:1984is,0.738236393,0.021577353,0.0089,0.34890000000000004,0.29500000000000004,0.30390000000000006,1.0,0.0,0.0,82493.90116,1649.878023,1.0471975511965976,0.24999999999999994,0.7500000000000001,0.3333333333333333,0.0011044516202802224,0.043895548379719776,4.433234524286382,1.0530381487889273,0.10029999999999999,0.10603071,0.10805571,0.32871828364117506,0.8645007925290001,0.8587700825290001,0.5954511721234349,-8.863691513293816e-05,-930694632.549826,-18613892.648740124,0.001382681927296373,0.0013474114510770043,470.977409377812,447.2557902289402,38852763.85780608,777055.2770619262,99.78134004695374,1.9956268006971631,36895874.95238388,737917.4989582266,94.75567448502198,1.8951134894707122,"[0.270,0.340]",0.3,"[0.100,0.145]",0.12,0.001,0.0,43,0.043500000000000004,0.01,0.8866835225290001,-3,0.861683522529,0.005,0.0,8,0.0425,0.008,0.8541835225290001,0,0.8581835225290001,0.04434382133806025,0.043650225950385695,0.5946866815317161,0.5962133650008158,0.03726968103912298,0.05213157577805184,0.5962613012577005,0.5946133948909005
26,56,0.34,60.0,0.055,98087.62329,1961.752466,Meziani:1984is,0.694277195,0.020593832,0.0089,0.34890000000000004,0.28500000000000003,0.29390000000000005,1.0,0.0,0.0,98087.62329,1961.752466,1.0471975511965976,0.24999999999999994,0.7500000000000001,0.3333333333333333,0.0011044516202802224,0.05389554837971978,4.433234524286382,1.0530381487889273,0.09689999999999999,0.10254171000000001,0.10556671000000001,0.32491031070127646,0.8866662525290001,0.8810245425290001,0.5930025249704318,2.7277422686750693e-06,35959270938.6153,719185418.8456267,0.0013826819272963727,0.0013474114510770038,478.6645049574185,454.55571149812425,46951063.6445576,939021.2729868849,120.57932517309237,2.4115865037077078,44586289.39374594,891725.7879658297,114.5061319115244,2.290122638463965,"[0.270,0.340]",0.3,"[0.100,0.145]",0.12,0.001,0.0,53,0.0535,0.01,0.8866835225290001,-1,0.8816835225290001,0.005,0.0,10,0.0525,0.008,0.8541835225290001,3,0.8821835225290001,0.054334371757761346,0.05365022595038569,0.5919693475584606,0.5942980141522856,0.04746708872978278,0.06492103044636267,0.5939000415269793,0.5916873057665909
26,56,0.34,60.0,0.065,104169.0057,2083.380114,Meziani:1984is,0.670064954,0.020639537,0.0089,0.34890000000000004,0.275,0.28390000000000004,1.0,0.0,0.0,104169.0057,2083.380114,1.0471975511965976,0.24999999999999994,0.7500000000000001,0.3333333333333333,0.0011044516202802224,0.06389554837971978,4.433234524286382,1.0530381487889273,0.0935,0.09905271,0.10327771000000001,0.3213684956556881,0.9088317125290001,0.9032790025290001,0.5899347555768552,9.285919514821447e-05,1121795267.9186342,22435905.35837269,0.0013826819272963725,0.0013474114510770038,488.43443778280835,463.8335641918999,50879729.73347366,1017594.5946694731,130.6688922469753,2.6133778449395058,48317081.192157336,966341.6238431467,124.08751990348526,2.481750398069705,"[0.270,0.340]",0.3,"[0.070,0.100]",0.093,0.001,0.0,63,0.0635,0.01,0.8866835225290001,1,0.9016835225290001,0.005,0.0,12,0.0625,0.008,0.8811835225290001,2,0.9011835225290001,0.06432301111211558,0.06339142511154891,0.5886538395176009,0.5898059393066085,0.05756007965190635,0.06065787889025907,0.5909653440428922,0.5906527530937026
26,56,0.34,60.0,0.075,101805.5363,2036.110726,Meziani:1984is,0.706248428,0.022297412,0.0089,0.34890000000000004,0.265,0.27390000000000003,1.0,0.0,0.0,101805.5363,2036.110726,1.0471975511965976,0.24999999999999994,0.7500000000000001,0.3333333333333333,0.0011044516202802224,0.07389554837971977,4.433234524286382,1.0530381487889273,0.0901,0.09556371,0.10118871,0.3181017290113337,0.9309971725290002,0.9255334625290002,0.5861982538030711,0.0001813585215253814,561349615.3570714,11226992.307141429,0.0013826819272963723,0.0013474114510770036,500.5465290799411,475.33560835911504,50958407.83608695,1019168.156721739,130.87095268570852,2.61741905371417,48391796.531486474,967835.9306297294,124.2794032070157,2.485588064140314,"[0.270,0.340]",0.3,"[0.070,0.100]",0.093,0.001,0.0,73,0.0735,0.01,0.8866835225290001,3,0.9216835225290001,0.005,0.0,14,0.0725,0.008,0.8811835225290001,5,0.9251835225290002,0.07430974049740513,0.0733914251115489,0.5847120388009218,0.5864145991149787,0.06755179713367576,0.0734473335585699,0.5874495403716171,0.5863943624712467
26,56,0.34,60.0,0.085,93134.63539,1862.692708,Meziani:1984is,0.769853231,0.025124917,0.0089,0.34890000000000004,0.255,0.2639,1.0,0.0,0.0,93134.63539,1862.692708,1.0471975511965976,0.24999999999999994,0.7500000000000001,0.3333333333333333,0.0011044516202802224,0.08389554837971978,4.433234524286382,1.0530381487889273,0.0867,0.09207471,0.09929971,0.31511856498784707,0.9531626325290001,0.9477879225290001,0.5817405855290876,0.0002678113471183875,347762095.9384866,6955241.919516526,0.001382681927296372,0.0013474114510770034,515.3074522678214,489.35307126381275,47992971.68071338,959859.433717329,123.25514459314182,2.465102892127518,45575719.869131885,911514.3974805084,117.04717890315223,2.3409435783143953,"[0.270,0.340]",0.3,"[0.070,0.100]",0.093,0.001,0.0,83,0.0835,0.01,0.8866835225290001,6,0.9516835225290001,0.005,0.0,16,0.0825,0.008,0.8811835225290001,8,0.9491835225290002,0.08429456100883215,0.08339142511154891,0.5801095867330054,0.5825750431906215,0.08235598377863063,0.08623678822688075,0.5810567606722679,0.5814031424508923
26,56,0.34,60.0,0.095,80561.83725,1611.236745,Meziani:1984is,0.851519806,0.028797754,0.0089,0.34890000000000004,0.24500000000000002,0.2539,1.0,0.0,0.0,80561.83725,1611.236745,1.0471975511965976,0.24999999999999994,0.7500000000000001,0.3333333333333333,0.0011044516202802224,0.09389554837971978,4.433234524286382,1.0530381487889273,0.0833,0.08858571,0.09761071,0.31242712750335877,0.9753280925290001,0.9700423825290001,0.576506499055108,0.00035179468218875124,229002430.4766935,4580048.609533871,0.0013826819272963725,0.0013474114510770038,533.0815218524667,506.2319180606613,42946026.80446074,858920.5360892148,110.29362338094069,2.2058724676188137,40782973.39355833,815659.4678711666,104.73848787699345,2.094769757539869,"[0.270,0.340]",0.3,"[0.070,0.100]",0.093,0.001,0.0,93,0.0935,0.01,0.8866835225290001,8,0.971683522529,0.005,0.0,18,0.0925,0.008,0.8811835225290001,11,0.9731835225290001,0.0942774737405827,0.09339142511154891,0.5748050986414197,0.578305561368296,0.09210728054160666,0.09902624289519152,0.5760204183012514,0.575717839051151
26,56,0.34,60.0,0.105,66296.14588,1325.922918,Meziani:1984is,0.929164119,0.033033595,0.0089,0.34890000000000004,0.23500000000000004,0.24390000000000003,1.0,0.0,0.0,66296.14588,1325.922918,1.0471975511965976,0.24999999999999994,0.7500000000000001,0.3333333333333333,0.0011044516202802224,0.10389554837971977,4.433234524286382,1.0530381487889273,0.07990000000000001,0.08509671,0.09612171,0.3100350141516277,0.9974935525290002,0.9922968425290002,0.5704379705164004,0.00043288487610732007,153149600.5962656,3062992.012849346,0.0013826819272963723,0.0013474114510770036,554.3035775701233,526.3850870052655,36748190.84039479,734963.8170296171,94.37639339573197,1.8875278684840624,34897302.51715757,697946.0505537055,89.62295763384438,1.792459153217631,"[0.270,0.340]",0.3,"[0.070,0.100]",0.093,0.001,0.0,103,0.10350000000000001,0.01,0.8866835225290001,10,0.991683522529,0.005,0.0,20,0.10250000000000001,0.008,0.8811835225290001,13,0.9891835225290001,0.10425847978578417,0.10339142511154892,0.5687491773935592,0.5736260631800854,0.10176715428684291,0.10755254600739873,0.5703342936158338,0.571563077159325
26,56,0.34,60.0,0.115,52156.60947,1043.132189,Meziani:1984is,0.970155087,0.0373874,0.0089,0.34890000000000004,0.22500000000000003,0.23390000000000002,1.0,0.0,0.0,52156.60947,1043.132189,1.0471975511965976,0.24999999999999994,0.7500000000000001,0.3333333333333333,0.0011044516202802224,0.11389554837971978,4.433234524286382,1.0530381487889273,0.0765,0.08160771,0.09483271,0.30794920035616263,1.0196590125290002,1.014551302529,0.5634742963882478,0.0005106664931950693,102134387.44271933,2042687.7480710961,0.0013826819272963727,0.0013474114510770038,579.4952342990791,550.3079209101228,30224506.625063222,604490.1322694663,77.62232268325266,1.552446453069751,28702195.319156922,574043.9061630152,73.71273564260149,1.4742547122867111,"[0.270,0.340]",0.3,"[0.070,0.100]",0.093,0.001,0.0,113,0.1135,0.01,0.8866835225290001,12,1.0116835225290002,0.005,0.0,22,0.1125,0.008,0.8811835225290001,16,1.0131835225290002,0.11423758023651942,0.11339142511154891,0.561883180272894,0.5685578572150067,0.11133812919452224,0.12034200067570963,0.5639655965260865,0.5648180379919274
26,56,0.34,60.0,0.125,39478.77377,789.5754755,Meziani:1984is,1.05626381,0.044327618,0.0089,0.34890000000000004,0.21500000000000002,0.22390000000000002,1.0,0.0,0.0,39478.77377,789.5754755,1.0471975511965976,0.24999999999999994,0.7500000000000001,0.3333333333333333,0.0011044516202802224,0.12389554837971978,4.433234524286382,1.0530381487889273,0.0731,0.07811871000000001,0.09374371000000001,0.30617594614861565,1.041824472529,1.036805762529,0.5555522420575116,0.0005847418283659332,67514878.9685934,1350297.579542884,0.0013826819272963725,0.0013474114510770038,609.2855401668266,578.5977847692893,24053846.001578398,481076.9200924965,61.774884178241884,1.2354976837213139,22842331.048729926,456846.6210324583,58.663481706990034,1.1732696342883957,"[0.270,0.340]",0.3,"[0.070,0.100]",0.093,0.001,0.0,123,0.1235,0.01,0.8866835225290001,15,1.041683522529,0.005,0.0,24,0.1225,0.008,0.8811835225290001,19,1.037183522529,0.12421477618383392,0.12339142511154891,0.5541376782900891,0.5631234235174469,0.12553314894302992,0.13313145534402035,0.5530440888250167,0.5575005143227013
26,56,0.34,60.0,0.135,29060.06594,581.2013188,Meziani:1984is,1.121814385,0.051617226,0.0089,0.34890000000000004,0.20500000000000002,0.2139,1.0,0.0,0.0,29060.06594,581.2013188,1.0471975511965976,0.24999999999999994,0.7500000000000001,0.3333333333333333,0.0011044516202802224,0.1338955483797198,4.433234524286382,1.0530381487889273,0.0697,0.07462971,0.09285471000000001,0.30472070819030334,1.063989932529,1.0590602225290002,0.5466062562965617,0.0006547407039787228,44384083.291916996,887681.6658383398,0.0013826819272963725,0.0013474114510770038,644.4374708731247,611.9792256475,18727395.397779834,374547.90795559663,48.095538716847,0.9619107743369399,17784156.65122649,355683.1330245298,45.67312093314043,0.9134624186628085,"[0.270,0.340]",0.3,"[0.070,0.100]",0.093,0.001,0.0,133,0.1335,0.01,0.8866835225290001,17,1.061683522529,0.005,0.0,26,0.1325,0.008,0.8811835225290001,22,1.061183522529,0.13419006871773576,0.13339142511154892,0.5454305271659535,0.5573461832267547,0.13489218883581022,0.14592091001233115,0.5447789470309844,0.5496607407681979
26,56,0.34,60.0,0.145,21169.58899,423.3917798,Meziani:1984is,1.242348163,0.062353596,0.0089,0.34890000000000004,0.19500000000000003,0.20390000000000003,1.0,0.0,0.0,21169.58899,423.3917798,1.0471975511965976,0.24999999999999994,0.7500000000000001,0.3333333333333333,0.0011044516202802224,0.14389554837971977,4.433234524286382,1.0530381487889273,0.0663,0.07114071000000001,0.09216571000000001,0.30358805971249925,1.086155392529,1.0813146825289999,0.5365687622398342,0.0007203301289849691,29388731.830265757,587774.6366053151,0.0013826819272963727,0.0013474114510770038,685.8822432294828,651.3365579568971,14519845.184707362,290396.90369414724,37.289743790346144,0.7457948758069228,13788527.226108825,275770.5445221765,35.41157918469728,0.7082315836939457,"[0.270,0.340]",0.3,"[0.070,0.100]",0.093,0.001,0.0,143,0.14350000000000002,0.01,0.8866835225290001,19,1.081683522529,0.005,0.0,28,0.14250000000000002,0.008,0.8811835225290001,25,1.085183522529,0.1441634589271814,0.14339142511154893,0.5356644421754453,0.5512502694466628,0.14417031146208303,0.15871036468064198,0.5356573420496695,0.541350274572779
26,56,0.34,60.0,0.155,15913.4574,318.2691481,Meziani:1984is,1.457885575,0.076664673,0.0089,0.34890000000000004,0.18500000000000003,0.19390000000000002,1.0,0.0,0.0,15913.4574,318.2691481,1.0471975511965976,0.24999999999999994,0.7500000000000001,0.3333333333333333,0.0011044516202802224,0.15389554837971978,4.433234524286382,1.0530381487889273,0.0629,0.06765171,0.09167671000000001,0.30278162097458955,1.108320852529,1.103569142529,0.5253705360650185,0.0007812233664064,20369919.9029355,407398.3981867144,0.0013826819272963727,0.0013474114510770038,734.7642426062733,697.7565280529553,11692639.473758195,233852.78954864034,30.02893795786146,0.6005787593459307,11103718.784742609,222074.37576462785,28.51647681747996,0.5703295365287965,"[0.270,0.340]",0.3,"[0.045,0.070]",0.056,0.001,0.0,153,0.1535,0.01,0.8866835225290001,21,1.101683522529,0.003,0.0,51,0.1545,0.01,0.918183522529,18,1.103183522529,0.15413494790009707,0.15503677211018,0.5247239317134753,0.5120814626405749,0.15336958002745582,0.14858537973489594,0.5256083413858144,0.518270212473338
26,56,0.34,60.0,0.165,12332.32187,246.6464374,Meziani:1984is,1.621754623,0.094061768,0.0089,0.34890000000000004,0.17500000000000002,0.1839,1.0,0.0,0.0,12332.32187,246.6464374,1.0471975511965976,0.24999999999999994,0.7500000000000001,0.3333333333333333,0.0011044516202802224,0.16389554837971979,4.433234524286382,1.0530381487889273,0.0595,0.06416271,0.09138771,0.30230400261987933,1.130486312529,1.125823602529,0.5129411849352276,0.0008371879521290086,14730649.000189647,294612.98000379297,0.0013826819272963725,0.0013474114510770038,792.5005669793525,752.5848592387536,9773372.074146869,195467.44148293737,25.09989162945788,0.5019978325891575,9281118.718620952,185622.37437241903,23.83569071863601,0.47671381437272015,"[0.270,0.340]",0.3,"[0.045,0.070]",0.056,0.001,0.0,163,0.1635,0.01,0.8866835225290001,23,1.121683522529,0.003,0.0,54,0.1635,0.01,0.918183522529,20,1.1231835225290001,0.16410453672337155,0.16403677211018,0.5124713922321911,0.5032710744425254,0.1624919715216232,0.15924325862515498,0.5145488071596749,0.5079874513062174
26,56,0.34,60.0,0.175,10283.80709,205.6761418,Meziani:1984is,1.769772599,0.112798693,0.0089,0.34890000000000004,0.16500000000000004,0.17390000000000003,1.0,0.0,0.0,10283.80709,205.6761418,1.0471975511965976,0.24999999999999994,0.7500000000000001,0.3333333333333333,0.0011044516202802224,0.17389554837971977,4.433234524286382,1.0530381487889273,0.056100000000000004,0.060673710000000006,0.09129871,0.30215676394878205,1.152651772529,1.148078062529,0.4992097357635809,0.0008880522407280915,11580182.58201631,231603.6516403262,0.0013826819272963727,0.0013474114510770038,860.8610225431785,817.5022182560367,8852928.68713419,177058.57374268377,22.736016695627928,0.45472033391255856,8407035.108192159,168140.70216384318,21.590876571543063,0.43181753143086127,"[0.270,0.340]",0.3,"[0.045,0.070]",0.056,0.001,0.0,173,0.17350000000000002,0.01,0.8866835225290001,26,1.151683522529,0.003,0.0,57,0.17250000000000001,0.01,0.918183522529,22,1.1431835225290001,0.17407222648285625,0.17303677211018,0.4987420931461625,0.49428708721181663,0.1760355400951571,0.169901137515414,0.49584699179874286,0.4974346686290465
26,56,0.34,60.0,0.185,9352.468257,187.0493651,Meziani:1984is,2.085011086,0.142208448,0.0089,0.34890000000000004,0.15500000000000003,0.16390000000000002,1.0,0.0,0.0,9352.468257,187.0493651,1.0471975511965976,0.24999999999999994,0.7500000000000001,0.3333333333333333,0.0011044516202802224,0.18389554837971978,4.433234524286382,1.0530381487889273,0.0527,0.05718471,0.09140971,0.30234038764280236,1.174817232529,1.170332522529,0.4841053458984171,0.0009337101224053837,10016458.03400586,200329.16063727732,0.0013826819272963727,0.0013474114510770038,942.0772434556462,894.627839019038,8810747.515060993,176214.95026353674,22.627687365708994,0.45255374721740244,8366978.466254059,167339.56928929605,21.488003441976463,0.42976006874762623,"[0.270,0.340]",0.3,"[0.045,0.070]",0.056,0.001,0.0,183,0.1835,0.01,0.8866835225290001,28,1.171683522529,0.003,0.0,61,0.1845,0.01,0.918183522529,25,1.173183522529,0.1840380182633794,0.18503677211018,0.4833376737050846,0.48209751805529893,0.1849738662449053,0.18588795585080242,0.4817966781049571,0.48122552430983534
26,56,0.36,90.0,0.005,0.38014293,0.007602859,Meziani:1984is,123.9007654,17.30927891,0.0089,0.3689,0.355,0.3639,1.0,0.0,0.0,0.38014293,0.007602859,1.5707963267948966,0.5000000000000001,0.5000000000000001,0.9999999999999998,0.0024674592389441474,0.0025325407610558527,4.433234524286382,1.0500556327160495,0.25560000000000005,0.2684854200000001,0.2685104200000001,0.5181799108417848,0.634138952529,0.621253532529,0.33331264241199077,-0.00028833610503213147,-1318.402112554159,-26.368043638353083,0.00020555302314231042,0.00020059389626248778,1703.0253078201508,1621.8429336121412,647.3930303789041,12.947861288788204,0.0016626293137003347,3.3252588023484776e-05,616.5321247831148,12.33064314439947,0.0015833725965545425,3.1667453597172186e-05,"[0.428,0.523]",0.475,"[0.206,0.322]",0.265,0.0036,0.0,0,0.0018,0.032,0.7510585225290001,-5,0.607058522529,0.005,0.0,0,0.0025,0.015,0.7091835225290001,-6,0.6266835225290001,0.003962513914700594,0.00504008230710174,0.33331786826148424,0.3333120328667409,-0.025758056270857588,0.006036249577681571,0.33267922098264635,0.33330278157703624
26,56,0.36,90.0,0.015,1.738464773,0.034769295,Meziani:1984is,293.3622861,14.20793817,0.0089,0.3689,0.345,0.3539,1.0,0.0,0.0,1.738464773,0.034769295,1.5707963267948966,0.5000000000000001,0.5000000000000001,0.9999999999999998,0.0024674592389441474,0.012532540761055852,4.433234524286382,1.0500556327160495,0.24840000000000004,0.26110742000000003,0.26133242,0.5112068270279653,0.660104412529,0.647396992529,0.33314195120914336,-0.00025917663691732846,-6707.644615183935,-134.15289052882736,0.0002055530231423104,0.00020059389626248778,1704.7704888712747,1623.5049227456216,2963.6834409526996,59.27366803485956,0.0076113067861918095,0.00015222613370987468,2822.4061169853494,56.44812159289472,0.00724847955579704,0.00014496958919798383,"[0.428,0.523]",0.475,"[0.206,0.322]",0.265,0.0036,0.0,3,0.0126,0.032,0.7510585225290001,-4,0.6390585225290001,0.005,0.0,2,0.0125,0.015,0.7091835225290001,-5,0.6416835225290001,0.01476057604192249,0.015040082307101741,0.33311867552323277,0.3331437522651795,-0.00838939302061037,0.014029658745375841,0.3332640056786714,0.33316835731055394
26,56,0.36,90.0,0.025,398.4343877,7.968687753,Meziani:1984is,3.087082938,0.114447953,0.0089,0.3689,0.33499999999999996,0.3439,1.0,0.0,0.0,398.4343877,7.968687753,1.5707963267948966,0.5000000000000001,0.5000000000000001,0.9999999999999998,0.0024674592389441474,0.022532540761055854,4.433234524286382,1.0500556327160495,0.24120000000000003,0.25372942000000004,0.25435442,0.5043356223785903,0.686069872529,0.6735404525290001,0.3327868409961484,-0.00022996851117523538,-1732560.6260780375,-34651.212517212334,0.00020555302314231042,0.00020059389626248778,1708.4076598913352,1626.9687116218859,680688.359910794,13613.767196507473,1.748138097841296,0.03496276195243841,648240.282422124,12964.80564681551,1.664805219243101,0.03329610438068366,"[0.428,0.523]",0.475,"[0.206,0.322]",0.265,0.0036,0.0,6,0.0234,0.032,0.7510585225290001,-3,0.6710585225290001,0.005,0.0,4,0.0225,0.015,0.7091835225290001,-3,0.6716835225290001,0.02555640402687942,0.025040082307101738,0.33268943245251825,0.3328083704337771,0.008660747697799676,0.03001647708076438,0.33325944784118144,0.3325794957664505
26,56,0.36,90.0,0.035,1151.873955,23.03747911,Meziani:1984is,2.239828402,0.07162242,0.0089,0.3689,0.32499999999999996,0.3339,1.0,0.0,0.0,1151.873955,23.03747911,1.5707963267948966,0.5000000000000001,0.5000000000000001,0.9999999999999998,0.0024674592389441474,0.032532540761055856,4.433234524286382,1.0500556327160495,0.234,0.24635142000000004,0.24757642000000005,0.4975705176153427,0.7120353325290001,0.699683912529,0.3322319685661685,-0.00020073139313153687,-5738384.699224356,-114767.69403430492,0.0002055530231423104,0.00020059389626248778,1714.1083771606409,1632.397678518202,1974436.795698659,39488.735931114265,5.070731905556395,0.10141463815514948,1880316.3700875798,37606.32741807557,4.829012623303165,0.0965802525079864,"[0.428,0.523]",0.475,"[0.206,0.322]",0.265,0.0036,0.0,9,0.0342,0.032,0.7510585225290001,-2,0.703058522529,0.005,0.0,6,0.0325,0.015,0.7091835225290001,-1,0.7016835225290001,0.03634999925574789,0.03504008230710174,0.3320293930842261,0.33230689596143886,0.025409272602853195,0.046003295416152924,0.33269683220523344,0.33156805401226414
26,56,0.36,90.0,0.045,2530.869117,50.61738233,Meziani:1984is,1.533070191,0.047019421,0.0089,0.3689,0.315,0.3239,1.0,0.0,0.0,2530.869117,50.61738233,1.5707963267948966,0.5000000000000001,0.5000000000000001,0.9999999999999998,0.0024674592389441474,0.04253254076105585,4.433234524286382,1.0500556327160495,0.22680000000000006,0.23897342000000008,0.24099842000000007,0.4909158991110393,0.738000792529,0.725827372529,0.3314608566517016,-0.00017148733743547396,-14758343.996986352,-295166.87988141365,0.0002055530231423104,0.00020059389626248778,1722.0663548443865,1639.9763033413094,4358324.554900422,87166.49108078776,11.193012317967536,0.22386024631512474,4150565.378738344,83011.30755836712,10.659446956173122,0.2131889390813447,"[0.428,0.523]",0.475,"[0.206,0.322]",0.265,0.0036,0.0,11,0.0414,0.032,0.7510585225290001,-1,0.7350585225290001,0.005,0.0,8,0.0425,0.015,0.7091835225290001,1,0.731683522529,0.04354448967215063,0.04504008230710174,0.3314605610691524,0.3316408312459061,0.04187164367714624,0.061990113751541405,0.3316020559708048,0.33014173548569903
26,56,0.36,90.0,0.055,4375.33555,87.506711,Meziani:1984is,1.209050126,0.036568624,0.0089,0.3689,0.305,0.3139,1.0,0.0,0.0,4375.33555,87.506711,1.5707963267948966,0.5000000000000001,0.5000000000000001,0.9999999999999998,0.0024674592389441474,0.05253254076105585,4.433234524286382,1.0500556327160495,0.21960000000000005,0.23159542000000008,0.23462042000000008,0.484376320643361,0.7639662525290001,0.751970832529,0.3304558185959158,-0.00014226094518545655,-30755704.20466526,-615114.0840933052,0.00020555302314231036,0.00020059389626248772,1732.5011289370582,1649.9136569134066,7580273.779853444,151605.47559706887,19.46759510970024,0.38935190219400484,7218925.8775237305,144378.51755047461,18.53958447834408,0.3707916895668816,"[0.428,0.523]",0.475,"[0.206,0.322]",0.265,0.0036,0.0,14,0.052199999999999996,0.032,0.7510585225290001,0,0.7670585225290001,0.005,0.0,10,0.0525,0.015,0.7091835225290001,2,0.746683522529,0.05433436671735592,0.05504008230710174,0.3304128964434183,0.33081216128808305,0.05806204531808978,0.06998352291923568,0.3299963552672274,0.32927624125788857
26,56,0.36,90.0,0.065,6556.221483,131.1244297,Meziani:1984is,1.064637615,0.032030645,0.0089,0.3689,0.295,0.3039,1.0,0.0,0.0,6556.221483,131.1244297,1.5707963267948966,0.5000000000000001,0.5000000000000001,0.9999999999999998,0.0024674592389441474,0.06253254076105585,4.433234524286382,1.0500556327160495,0.21240000000000003,0.22421742000000006,0.22844242000000006,0.4779565042972007,0.7899317125290001,0.7781142925290001,0.329197879918942,-0.00011307951517293535,-57978860.919003814,-1159577.2187338097,0.00020555302314231036,0.00020059389626248772,1745.662459619929,1662.4475934714421,11444949.719826799,228898.9944663625,29.39282322343416,0.587856464648011,10899374.62667912,217987.4926000803,27.99168187632818,0.5598336376973428,"[0.428,0.523]",0.475,"[0.206,0.322]",0.265,0.0036,0.0,17,0.063,0.032,0.7510585225290001,0,0.7670585225290001,0.005,0.0,12,0.0625,0.015,0.7091835225290001,4,0.7766835225290001,0.06512201469591616,0.06504008230710175,0.3291300806270258,0.32982333899971744,0.05806204531808978,0.08597034125462422,0.3299963552672274,0.3272486493001888
26,56,0.36,90.0,0.075,8934.278372,178.6855674,Meziani:1984is,0.950272607,0.028653685,0.0089,0.3689,0.285,0.2939,1.0,0.0,0.0,8934.278372,178.6855674,1.5707963267948966,0.5000000000000001,0.5000000000000001,0.9999999999999998,0.0024674592389441474,0.07253254076105585,4.433234524286382,1.0500556327160495,0.20520000000000002,0.21683942000000006,0.22246442000000005,0.4716613403703976,0.8158971725290001,0.804257752529,0.327666697100281,-8.397318517172973e-05,-106394420.47754787,-2127888.4090746148,0.00020555302314231042,0.00020059389626248778,1761.8356492587268,1677.8498151584631,15740730.136190822,314814.602653343,40.4252102129673,0.8085042040783567,14990377.315034457,299807.5462335751,38.498160434037565,0.7699632085083896,"[0.428,0.523]",0.475,"[0.206,0.322]",0.265,0.0036,0.0,20,0.0738,0.032,0.7510585225290001,1,0.7990585225290001,0.005,0.0,14,0.0725,0.015,0.7091835225290001,6,0.8066835225290001,0.07590743498877828,0.07504008230710174,0.32760956981396555,0.328677267225986,0.07399352741706322,0.10195715959001277,0.3278968896406236,0.3248382911414469
26,56,0.36,90.0,0.085,11211.66381,224.2332762,Meziani:1984is,0.889252494,0.02711462,0.0089,0.3689,0.27499999999999997,0.2839,1.0,0.0,0.0,11211.66381,224.2332762,1.5707963267948966,0.5000000000000001,0.5000000000000001,0.9999999999999998,0.0024674592389441474,0.08253254076105586,4.433234524286382,1.0500556327160495,0.19800000000000004,0.20946142000000004,0.21668642000000005,0.46549588612575304,0.8418626325290001,0.8304012125290001,0.32584047402825117,-5.497505848318646e-05,-203940916.46903783,-4078818.3293807567,0.00020555302314231036,0.00020059389626248772,1781.3480032594443,1696.4320248936249,19971874.941159673,399437.4988231935,51.29160057113161,1.0258320114226323,19019825.539624874,380396.5107924975,48.84655533770334,0.9769311067540669,"[0.428,0.523]",0.475,"[0.206,0.322]",0.265,0.0036,0.0,22,0.081,0.032,0.7510585225290001,2,0.831058522529,0.005,0.0,16,0.0825,0.015,0.7091835225290001,8,0.8366835225290001,0.08309647826215638,0.08504008230710175,0.32646235408138835,0.32737727772640496,0.0896781284730418,0.1179439779254013,0.3253172129852285,0.32206253656937245
26,56,0.36,90.0,0.095,13113.54445,262.270889,Meziani:1984is,0.876955887,0.027223761,0.0089,0.3689,0.265,0.27390000000000003,1.0,0.0,0.0,13113.54445,262.270889,1.5707963267948966,0.5000000000000001,0.5000000000000001,0.9999999999999998,0.0024674592389441474,0.09253254076105585,4.433234524286382,1.0500556327160495,0.19080000000000005,0.20208342000000007,0.21110842000000007,0.4594653632212118,0.8678280925290001,0.856544672529,0.3236958767244467,-2.6121310199186666e-05,-502024758.71245974,-10040495.174249195,0.0002055530231423104,0.00020059389626248778,1804.5767273978345,1718.5534472398936,23664397.128167033,473287.9425633407,60.77470487025284,1.2154940974050568,22536327.020081073,450726.5404016215,57.877604744669,1.1575520948933802,"[0.428,0.523]",0.475,"[0.145,0.206]",0.16,0.0036,0.0,25,0.09179999999999999,0.032,0.7510585225290001,3,0.8630585225290001,0.005,0.0,18,0.0925,0.03,0.8141835225290001,1,0.8591835225290001,0.09387818881037191,0.09403363460051425,0.3245386248156396,0.32148871853395844,0.10512698204379911,0.07398022750308282,0.32226765263323,0.3259013246397326
26,56,0.36,90.0,0.105,14428.49992,288.5699984,Meziani:1984is,0.880202382,0.027792217,0.0089,0.3689,0.255,0.2639,1.0,0.0,0.0,14428.49992,288.5699984,1.5707963267948966,0.5000000000000001,0.5000000000000001,0.9999999999999998,0.0024674592389441474,0.10253254076105585,4.433234524286382,1.0500556327160495,0.1836,0.19470542000000007,0.20573042000000008,0.4535751536404966,0.8937935525290002,0.8826881325290001,0.3212079471397831,2.5487331118049653e-06,5661047778.275226,113220955.56550449,0.00020555302314231047,0.00020059389626248786,1831.9586442517705,1744.630081658882,26432415.15202998,528648.3030405996,67.88350538457388,1.3576701076914774,25172394.993644774,503447.89987289545,64.64753225406541,1.2929506450813082,"[0.428,0.523]",0.475,"[0.145,0.206]",0.16,0.0036,0.0,28,0.1026,0.032,0.7510585225290001,4,0.8950585225290001,0.005,0.0,20,0.10250000000000001,0.03,0.8141835225290001,2,0.889183522529,0.10465767534840609,0.10403363460051426,0.32236785211468344,0.3189500201973615,0.12035040921075424,0.08996704583847132,0.31875561329622654,0.3224583328969597
26,56,0.36,90.0,0.115,15049.51768,300.9903535,Meziani:1984is,0.910328178,0.029436159,0.0089,0.3689,0.245,0.2539,1.0,0.0,0.0,15049.51768,300.9903535,1.5707963267948966,0.5000000000000001,0.5000000000000001,0.9999999999999998,0.0024674592389441474,0.11253254076105586,4.433234524286382,1.0500556327160495,0.17640000000000003,0.18732742000000005,0.20055242000000006,0.4478307939389609,0.9197590125290002,0.9088315925290001,0.31835001704359317,3.099254732429222e-05,485585051.22307456,9711701.02123491,0.00020555302314231042,0.00020059389626248778,1864.0022318928761,1775.1461673240028,28052334.5444313,561046.6907022258,72.04376868870881,1.4408753732954647,26715093.62972682,534301.8724170218,68.60947786391286,1.3721895568223657,"[0.428,0.523]",0.475,"[0.145,0.206]",0.16,0.0036,0.0,31,0.1134,0.032,0.7510585225290001,4,0.8950585225290001,0.005,0.0,22,0.1125,0.03,0.8141835225290001,3,0.919183522529,0.11543493925196913,0.11403363460051426,0.3199455155627431,0.31620094703310747,0.12035040921075424,0.10595386417385985,0.31875561329622654,0.3184380976452352
26,56,0.36,90.0,0.125,14973.57321,299.4714642,Meziani:1984is,0.941659002,0.031455418,0.0089,0.3689,0.235,0.24389999999999998,1.0,0.0,0.0,14973.57321,299.4714642,1.5707963267948966,0.5000000000000001,0.5000000000000001,0.9999999999999998,0.0024674592389441474,0.12253254076105585,4.433234524286382,1.0500556327160495,0.16920000000000002,0.17994942000000003,0.19557442000000003,0.4422379676147221,0.9457244725289999,0.9349750525289999,0.3150936232934767,5.91644059797784e-05,253084146.828378,5061682.93656756,0.00020555302314231044,0.0002005938962624878,1901.3026529429687,1810.6684957492237,28469294.468208764,569385.8893641753,73.11460164393065,1.462292032878613,27112177.280141573,542243.5456028315,69.62926474173004,1.392585294834601,"[0.428,0.523]",0.475,"[0.145,0.206]",0.16,0.0036,0.0,34,0.12419999999999999,0.032,0.7510585225290001,5,0.927058522529,0.005,0.0,24,0.1225,0.03,0.8141835225290001,4,0.9491835225290001,0.12620998189535015,0.12403363460051425,0.31726650532752715,0.3132533467519606,0.1353579992399624,0.12194068250924839,0.3147858187480994,0.31388608902777787
26,56,0.36,90.0,0.135,14278.65978,285.5731955,Meziani:1984is,0.931459969,0.032986289,0.0089,0.3689,0.22499999999999998,0.23389999999999997,1.0,0.0,0.0,14278.65978,285.5731955,1.5707963267948966,0.5000000000000001,0.5000000000000001,0.9999999999999998,0.0024674592389441474,0.13253254076105586,4.433234524286382,1.0500556327160495,0.162,0.17257142,0.19079642,0.4368024954141173,0.9716899325290002,0.9611185125290002,0.31140842608651814,8.701542507018378e-05,164093432.49755204,3281868.6488018194,0.00020555302314231042,0.00020059389626248778,1944.5606704477275,1851.8644249523923,27765720.234891802,555314.40450338,71.30768823926769,1.4261537642859534,26442142.08258055,528842.8414664246,67.90848600547466,1.358169719633899,"[0.428,0.523]",0.475,"[0.145,0.206]",0.16,0.0036,0.0,36,0.1314,0.032,0.7510585225290001,6,0.959058522529,0.005,0.0,26,0.1325,0.03,0.8141835225290001,4,0.9491835225290001,0.13339211030218934,0.13403363460051426,0.31533510005622073,0.3101195715886749,0.15015868023032108,0.12194068250924839,0.3103605012247248,0.31388608902777787
26,56,0.36,90.0,0.145,13097.8589,261.9571781,Meziani:1984is,0.992528634,0.037257998,0.0089,0.3689,0.215,0.2239,1.0,0.0,0.0,13097.8589,261.9571781,1.5707963267948966,0.5000000000000001,0.5000000000000001,0.9999999999999998,0.0024674592389441474,0.14253254076105584,4.433234524286382,1.0500556327160495,0.15480000000000002,0.16519342000000004,0.18621842000000002,0.43153032338411634,0.9976553925289999,0.9872619725289999,0.30726213215751663,0.00011449366601695218,114398109.1326109,2287962.1835256293,0.00020555302314231042,0.00020059389626248778,1994.6066670604678,1899.5247536563986,26125076.686157282,522501.5339226064,67.09420133184324,1.3418840271491181,24879707.200448766,497594.14419892785,63.89585393518526,1.2779170791915395,"[0.428,0.523]",0.475,"[0.145,0.206]",0.16,0.0036,0.0,39,0.1422,0.032,0.7510585225290001,7,0.9910585225290001,0.005,0.0,28,0.14250000000000002,0.03,0.8141835225290001,5,0.979183522529,0.1441634538954233,0.14403363460051427,0.312215253701864,0.30681236052439176,0.1647607812274835,0.1379275008446369,0.30547954625518103,0.30885169479721425
26,56,0.36,90.0,0.155,11597.35966,231.9471931,Meziani:1984is,1.077831538,0.042250996,0.0089,0.3689,0.205,0.21389999999999998,1.0,0.0,0.0,11597.35966,231.9471931,1.5707963267948966,0.5000000000000001,0.5000000000000001,0.9999999999999998,0.0024674592389441474,0.15253254076105585,4.433234524286382,1.0500556327160495,0.1476,0.15781542,0.18184042,0.42642750849353045,1.023620852529,1.013405432529,0.30262042531235034,0.00014154430561934492,81934484.11261967,1638689.6815459009,0.00020555302314231042,0.00020059389626248778,2052.4314386057627,1954.5930469388475,23802785.571002237,476055.7112148016,61.13011290051922,1.2226022574832807,22668118.554285076,453362.3708902422,58.216070649896416,1.1643214124959513,"[0.340,0.428]",0.38,"[0.145,0.206]",0.16,0.0036,0.0,42,0.153,0.008,0.8322835225290001,22,1.0122835225290001,0.005,0.0,30,0.1525,0.03,0.8141835225290001,6,1.009183522529,0.15415632050738992,0.15403363460051425,0.294639160395802,0.3033447237566964,0.13721922336983916,0.15391431918002543,0.3030398354779242,0.3033869923031813
26,56,0.36,90.0,0.165,9958.605132,199.1721026,Meziani:1984is,1.104572363,0.046191208,0.0089,0.3689,0.19499999999999998,0.20389999999999997,1.0,0.0,0.0,9958.605132,199.1721026,1.5707963267948966,0.5000000000000001,0.5000000000000001,0.9999999999999998,0.0024674592389441474,0.16253254076105586,4.433234524286382,1.0500556327160495,0.1404,0.15043742000000002,0.17766242000000002,0.42150020166068725,1.049586312529,1.039548892529,0.29744690716938826,0.00016810988156161705,59238666.040876895,1184773.3205795982,0.00020555302314231042,0.00020059389626248778,2119.2260881581174,2018.203628579732,21104535.797399715,422090.71586322517,54.20049061735812,1.084009812129459,20098493.012995142,401969.86017917463,51.616780033991525,1.032335600472505,"[0.340,0.428]",0.38,"[0.145,0.206]",0.16,0.0036,0.0,45,0.1638,0.008,0.8322835225290001,25,1.0362835225290001,0.005,0.0,32,0.1625,0.03,0.8141835225290001,7,1.039183522529,0.16492338998498468,0.16403363460051426,0.2886704333144616,0.29972983108316675,0.14831962031775292,0.16990113751541397,0.297667573369461,0.29754555062578
26,56,0.36,90.0,0.175,8360.626124,167.2125225,Meziani:1984is,1.155415857,0.050833513,0.0089,0.3689,0.185,0.1939,1.0,0.0,0.0,8360.626124,167.2125225,1.5707963267948966,0.5000000000000001,0.5000000000000001,0.9999999999999998,0.0024674592389441474,0.17253254076105584,4.433234524286382,1.0500556327160495,0.1332,0.14305942000000002,0.17368442,0.4167546280486877,1.075551772529,1.065692352529,0.2917030515329603,0.00019413062148343436,43067013.6432517,861340.2729680575,0.00020555302314231044,0.0002005938962624878,2196.4343056865728,2091.731368561232,18363566.035772964,367271.3207593879,47.161155221702685,0.9432231045468709,17488183.92438331,349763.67852950084,44.91300627540726,0.8982601256155848,"[0.340,0.428]",0.38,"[0.100,0.145]",0.12,0.0036,0.0,47,0.17099999999999999,0.008,0.8322835225290001,29,1.0682835225290002,0.005,0.0,34,0.17250000000000001,0.008,0.8541835225290001,26,1.0661835225290002,0.1721002056834422,0.1736502259503857,0.284407272736833,0.28550437070226814,0.162946107411872,0.16297351623674566,0.28980445502500995,0.29047198585572626
26,56,0.36,90.0,0.185,6953.681847,139.0736369,Meziani:1984is,1.264078541,0.058098718,0.0089,0.3689,0.175,0.18389999999999998,1.0,0.0,0.0,6953.681847,139.0736369,1.5707963267948966,0.5000000000000001,0.5000000000000001,0.9999999999999998,0.0024674592389441474,0.18253254076105585,4.433234524286382,1.0500556327160495,0.12600000000000003,0.13568142000000002,0.16990642000000003,0.41219706452132826,1.101517232529,1.091835812529,0.2853481764427609,0.00021954486255135736,31673170.422620796,633463.4082702207,0.00020555302314231034,0.0002005938962624877,2285.8217462651864,2176.857754053214,15894877.182482067,317897.54355820845,40.82108935555576,0.816421786876298,15137176.247861026,302743.5248701462,38.875168213677284,0.7775033640499222,"[0.340,0.428]",0.38,"[0.100,0.145]",0.12,0.0036,0.0,50,0.1818,0.008,0.8322835225290001,32,1.0922835225290002,0.005,0.0,36,0.1825,0.008,0.8541835225290001,29,1.0901835225290002,0.18286358431351601,0.1836502259503857,0.2775681835973201,0.28073142918655963,0.17378973318055235,0.1757629709050565,0.28336958386309724,0.2845049743688048
26,56,0.36,90.0,0.195,5843.791057,116.8758211,Meziani:1984is,1.321060237,0.065026281,0.0089,0.3689,0.16499999999999998,0.17389999999999997,1.0,0.0,0.0,5843.791057,116.8758211,1.5707963267948966,0.5000000000000001,0.5000000000000001,0.9999999999999998,0.0024674592389441474,0.19253254076105586,4.433234524286382,1.0500556327160495,0.1188,0.12830342,0.16632842,0.40783381419396797,1.127482692529,1.117979272529,0.2783394386318682,0.00024428956684976,23921574.43462977,478431.4885288553,0.00020555302314231042,0.00020059389626248778,2389.5693864957384,2275.6597955814336,13964144.210884774,279282.88412211265,35.86259724199899,0.7172519445945048,13298480.36219323,265969.6071528382,34.15304496699629,0.6830608991061526,"[0.340,0.428]",0.38,"[0.100,0.145]",0.12,0.0036,0.0,53,0.1926,0.008,0.8322835225290001,35,1.1162835225290002,0.005,0.0,38,0.1925,0.008,0.8541835225290001,32,1.1141835225290002,0.19362475025612014,0.1936502259503857,0.2701715979827662,0.2758615489371542,0.18452863988524715,0.18855242557336732,0.27646099828758597,0.2783550846904106
26,56,0.36,90.0,0.205,5085.078043,101.7015609,Meziani:1984is,1.490635922,0.075711719,0.0089,0.3689,0.155,0.1639,1.0,0.0,0.0,5085.078043,101.7015609,1.5707963267948966,0.5000000000000001,0.5000000000000001,0.9999999999999998,0.0024674592389441474,0.20253254076105584,4.433234524286382,1.0500556327160495,0.11160000000000002,0.12092542000000002,0.16295042,0.40367117806452324,1.1534481525290001,1.144122732529,0.27063185588062805,0.0002683009356813538,18952889.709781952,379057.7943447254,0.00020555302314231042,0.00020059389626248778,2510.401094775129,2390.7315160833755,12765585.486164171,255311.70982369946,32.7844688464161,0.6556893771862096,12157056.339143675,243141.12687850275,31.22164942977026,0.6244329888409994,"[0.340,0.428]",0.38,"[0.100,0.145]",0.12,0.0036,0.0,56,0.2034,0.008,0.8322835225290001,38,1.140283522529,0.005,0.0,40,0.2025,0.008,0.8541835225290001,36,1.146183522529,0.20438370487531188,0.2036502259503857,0.26218738670420383,0.2709128774098044,0.19516580405119355,0.20560503179778167,0.26906488270884626,0.26993779797608297
26,56,0.36,90.0,0.215,4685.757635,93.71515269,Meziani:1984is,1.483217986,0.079816335,0.0089,0.3689,0.145,0.15389999999999998,1.0,0.0,0.0,4685.757635,93.71515269,1.5707963267948966,0.5000000000000001,0.5000000000000001,0.9999999999999998,0.0024674592389441474,0.21253254076105585,4.433234524286382,1.0500556327160495,0.10440000000000002,0.11354742000000001,0.15977242,0.399715423770462,1.179413612529,1.170266192529,0.26217836356622953,0.00029151512300077634,16073806.349276504,321476.12695122656,0.00020555302314231036,0.00020059389626248772,2651.7609691015055,2525.352835108862,12425509.207162378,248510.18411672994,31.9110878184622,0.6382217563011416,11833191.328180246,236663.8265383514,30.38990204349623,0.6077980408050687,"[0.340,0.428]",0.38,"[0.100,0.145]",0.12,0.0036,0.0,59,0.2142,0.008,0.8322835225290001,42,1.172283522529,0.005,0.0,42,0.2125,0.008,0.8541835225290001,39,1.170183522529,0.21514044953374167,0.21365022595038569,0.2535820314805198,0.2659027351418487,0.20919531003256908,0.2183944864660925,0.2584172510129662,0.26350906480888553
26,56,0.36,90.0,0.225,4622.523977,92.45047953,Meziani:1984is,1.555427303,0.086100148,0.0089,0.3689,0.13499999999999998,0.14389999999999997,1.0,0.0,0.0,4622.523977,92.45047953,1.5707963267948966,0.5000000000000001,0.5000000000000001,0.9999999999999998,0.0024674592389441474,0.22253254076105586,4.433234524286382,1.0500556327160495,0.09720000000000001,0.10616942000000001,0.15679442000000002,0.3959727515877829,1.2053790725290001,1.196409652529,0.25292991256443653,0.00031386904470602793,14727556.14154142,294551.12279896793,0.00020555302314231036,0.00020059389626248772,2818.064639680297,2683.72889195514,13026571.36565804,260531.42728498013,33.45473057823363,0.6690946114922993,12405601.150830278,248112.02298976824,31.859960116303938,0.6371992022571553,"[0.340,0.428]",0.38,"[0.100,0.145]",0.12,0.0036,0.0,61,0.22139999999999999,0.008,0.8322835225290001,45,1.196283522529,0.005,0.0,44,0.2225,0.008,0.8541835225290001,42,1.194183522529,0.22231038555568716,0.2236502259503857,0.24748179830117856,0.2608475365661954,0.2196058894046734,0.23118394113440333,0.24981801334169168,0.2570187376851514
26,56,0.36,90.0,0.235,4857.413468,97.14826936,Meziani:1984is,1.552266458,0.089759705,0.0089,0.3689,0.125,0.1339,1.0,0.0,0.0,4857.413468,97.14826936,1.5707963267948966,0.5000000000000001,0.5000000000000001,0.9999999999999998,0.0024674592389441474,0.23253254076105584,4.433234524286382,1.0500556327160495,0.09000000000000001,0.09879142000000002,0.15401642000000001,0.39244925786654256,1.231344532529,1.2225531125290001,0.24283561653869912,0.0003353012764355014,14486713.321338555,289734.2664267711,0.00020555302314231044,0.0002005938962624878,3015.063186167855,2871.336615155487,14645408.527362728,292908.1705472546,37.61221450663239,0.752244290132648,13947269.145617794,278945.3829123559,35.81925884188204,0.7163851768376407,"[0.340,0.428]",0.38,"[0.070,0.100]",0.093,0.0036,0.0,64,0.2322,0.008,0.8322835225290001,48,1.220283522529,0.005,0.0,46,0.2325,0.008,0.8811835225290001,42,1.2211835225290002,0.23306344997053685,0.23339142511154892,0.2377562518567087,0.23972586828460926,0.22992369684903669,0.23118394113440338,0.24066959678713354,0.24100005427495938
26,56,0.36,90.0,0.245,5353.62496,107.0724992,Meziani:1984is,1.488710931,0.093207874,0.0089,0.3689,0.11499999999999999,0.1239,1.0,0.0,0.0,5353.62496,107.0724992,1.5707963267948966,0.5000000000000001,0.5000000000000001,0.9999999999999998,0.0024674592389441474,0.24253254076105585,4.433234524286382,1.0500556327160495,0.0828,0.09141342000000001,0.15143842000000002,0.38915089618295884,1.257309992529,1.248696572529,0.23184295752068546,0.000355753027972346,15048712.278047446,300974.2455609489,0.00020555302314231042,0.00020059389626248778,3250.383269378659,3095.4391063750527,17401333.000511993,348026.6600102398,44.689956466134696,0.8937991293226938,16571820.062049577,331436.40124099154,42.55960834240819,0.8511921668481638,"[0.340,0.428]",0.38,"[0.070,0.100]",0.093,0.0036,0.0,67,0.243,0.008,0.8322835225290001,52,1.252283522529,0.005,0.0,48,0.2425,0.008,0.8811835225290001,45,1.245183522529,0.24381430805156867,0.2433914251115489,0.22730044529326593,0.23397475950047983,0.24354065812424086,0.2439733958027141,0.22757606478593995,0.23364131696980292
26,56,0.36,90.0,0.255,6077.523764,121.5504753,Meziani:1984is,1.433149476,0.102015233,0.0089,0.3689,0.10499999999999998,0.11389999999999999,1.0,0.0,0.0,6077.523764,121.5504753,1.5707963267948966,0.5000000000000001,0.5000000000000001,0.9999999999999998,0.0024674592389441474,0.25253254076105586,4.433234524286382,1.0500556327160495,0.0756,0.08403542,0.14906042,0.3860834365781573,1.2832754525290002,1.2748400325290001,0.21989805950058236,0.00037516917751436005,16199421.829548817,323988.4366442857,0.00020555302314231042,0.00020059389626248778,3534.351740976585,3365.870941365947,21480106.696119968,429602.1339930864,55.16502862793819,1.1033005727403018,20456160.632708594,409123.2127214893,52.5353389946108,1.0507067800651,"[0.340,0.428]",0.38,"[0.070,0.100]",0.093,0.0036,0.0,70,0.25379999999999997,0.008,0.8322835225290001,55,1.2762835225290001,0.005,0.0,50,0.2525,0.008,0.8811835225290001,49,1.277183522529,0.25456296115632426,0.25339142511154894,0.21606459287074503,0.22826879330321562,0.2536512939587229,0.26102600202712856,0.2170492855009658,0.22395114245044434
26,56,0.36,140.0,0.025,0.0,0.0,Meziani:1984is,#DIV/0!,#DIV/0!,0.0089,0.3689,0.33499999999999996,0.3439,1.0,0.0,0.0,0.0,0.0,2.443460952792061,0.8830222215594888,0.11697777844051105,7.548632170413027,0.004334882336446855,0.020665117663553147,4.433234524286382,1.0500556327160495,0.42596991968029735,0.44809743224680115,0.44872243224680114,0.6698674736444524,0.5012999528487028,0.4791724402821989,0.06204119838575523,-0.00017968312915719016,-0.0,-0.0,1.5418920752906113e-05,1.5046927273098944e-05,4236.909252007049,4034.9378832890575,0.0,0.0,0.0,0.0,0.0,0.0,0.0,0.0,"[0.609,0.702]",0.649,"[0.438,0.650]",0.5,0.0036,0.0,5,0.019799999999999998,0.018,0.5554825225290001,-5,0.47448252252900014,0.005,0.0,4,0.0225,0.1,0.4741835225290001,0,0.5241835225290001,0.023831858675727347,0.027292608126607054,0.06204378683823745,0.06203567908544537,0.008132580356012165,0.0766446972256476,0.062113208036780526,0.06144529394738884
26,56,0.36,140.0,0.035,13.37528774,0.267505755,Meziani:1984is,1.442959611,0.118875947,0.0089,0.3689,0.32499999999999996,0.3339,1.0,0.0,0.0,13.37528774,0.267505755,2.443460952792061,0.8830222215594888,0.11697777844051105,7.548632170413027,0.004334882336446855,0.03066511766355315,4.433234524286382,1.0500556327160495,0.4132543996898407,0.43506755634546934,0.4362925563454693,0.6605244555241458,0.5327809328391594,0.5109677761835307,0.06195873997276416,-0.00016542801666167566,-80852.61499177861,-1617.0523010445575,1.5418920752906113e-05,1.5046927273098944e-05,4243.293965131257,4041.0182402961373,56755.27774903609,1135.1055558293806,0.14575842504440198,0.002915168503067558,54049.78172654929,1080.9956353391897,0.13881019300604733,0.002776203862196569,"[0.609,0.702]",0.649,"[0.322,0.438]",0.38,0.0036,0.0,8,0.0306,0.018,0.5554825225290001,-3,0.5104825225290001,0.005,0.0,6,0.0325,0.05,0.5941835225290001,-2,0.519183522529,0.03462581050716551,0.036142382176221365,0.06195648168689247,0.06192271752167766,0.02696454720224184,0.010032954161528676,0.062021770865883064,0.06210692706971778
26,56,0.36,140.0,0.045,48.61174558,0.972234912,Meziani:1984is,1.121128224,0.081461794,0.0089,0.3689,0.315,0.3239,1.0,0.0,0.0,48.61174558,0.972234912,2.443460952792061,0.8830222215594888,0.11697777844051105,7.548632170413027,0.004334882336446855,0.040665117663553144,4.433234524286382,1.0500556327160495,0.4005388796993841,0.4220376804441376,0.4240626804441376,0.6512009524287703,0.564261912829616,0.5427631120848625,0.06184405384032802,-0.00015117021692631933,-321569.59597202577,-6431.391922086539,1.5418920752906113e-05,1.5046927273098944e-05,4252.202471143054,4049.5020822319725,206706.9846818534,4134.13969533795,0.5308631325201467,0.010617262654771125,196853.3649471409,3937.0673005626186,0.5055571495264766,0.010111142994689489,"[0.609,0.702]",0.649,"[0.322,0.438]",0.38,0.0036,0.0,11,0.0414,0.018,0.5554825225290001,-1,0.5464825225290001,0.005,0.0,8,0.0425,0.05,0.5941835225290001,-2,0.519183522529,0.045417530746121315,0.046142382176221367,0.0618369372002294,0.06179761794650419,0.04543606396606925,0.010032954161528676,0.061836704143251715,0.06210692706971778
26,56,0.36,140.0,0.055,108.04769,2.160953799,Meziani:1984is,1.295724138,0.06497131,0.0089,0.3689,0.305,0.3139,1.0,0.0,0.0,108.04769,2.160953799,2.443460952792061,0.8830222215594888,0.11697777844051105,7.548632170413027,0.004334882336446855,0.050665117663553146,4.433234524286382,1.0500556327160495,0.3878233597089275,0.4090078045428058,0.4120328045428058,0.6418978147203851,0.5957428928200725,0.5745584479861943,0.061694413983867304,-0.0001369108023065894,-789183.0898634633,-15783.661789965241,1.541892075290611e-05,1.504692727309894e-05,4263.876079355755,4060.6192153142515,460701.960820646,9214.039212149044,1.183170885375953,0.023663417696568607,438740.52618431754,8774.810519625731,1.1267697143965512,0.022535394277502577,"[0.609,0.702]",0.649,"[0.322,0.438]",0.38,0.0036,0.0,14,0.052199999999999996,0.018,0.5554825225290001,1,0.5824825225290001,0.005,0.0,10,0.0525,0.05,0.5941835225290001,-1,0.5691835225290001,0.05620702077614226,0.05614238217622136,0.061685148714837205,0.061642814791268305,0.06356706833875447,0.03667765138717625,0.06156307855278998,0.06191678012354528
26,56,0.36,140.0,0.065,209.4060251,4.188120502,Meziani:1984is,1.403971065,0.056349859,0.0089,0.3689,0.295,0.3039,1.0,0.0,0.0,209.4060251,4.188120502,2.443460952792061,0.8830222215594888,0.11697777844051105,7.548632170413027,0.004334882336446855,0.06066511766355315,4.433234524286382,1.0500556327160495,0.37510783971847084,0.3959779286414739,0.4002029286414739,0.6326159408689239,0.6272238728105293,0.6063537838875261,0.06150686052585538,-0.0001226509800095812,-1707332.6693650691,-34146.65338730139,1.5418920752906113e-05,1.5046927273098944e-05,4278.587898083463,4074.629728918807,895962.0847786219,17919.24169557244,2.3010022601651148,0.0460200452033023,853252.0152871779,17065.040305743558,2.191314620362919,0.04382629240725838,"[0.609,0.702]",0.649,"[0.322,0.438]",0.38,0.0036,0.0,16,0.0594,0.018,0.5554825225290001,2,0.6004825225290001,0.005,0.0,12,0.0625,0.05,0.5941835225290001,0,0.6191835225290001,0.06339877580710152,0.06614238217622137,0.06156603774311259,0.0614587574049592,0.07251061805531867,0.06332234861282382,0.061394501922099665,0.061513594607791156
26,56,0.36,140.0,0.075,375.418939,7.508378779,Meziani:1984is,1.427738306,0.048212805,0.0089,0.3689,0.285,0.2939,1.0,0.0,0.0,375.418939,7.508378779,2.443460952792061,0.8830222215594888,0.11697777844051105,7.548632170413027,0.004334882336446855,0.07066511766355314,4.433234524286382,1.0500556327160495,0.36239231972801417,0.3829480527401421,0.3885730527401421,0.6233562807417137,0.658704852800986,0.638149119788858,0.061278177594674625,-0.00010839210675490983,-3463526.5448698797,-69270.53088817184,1.5418920752906117e-05,1.5046927273098947e-05,4296.648249753074,4091.829152555911,1613043.1271785062,32260.862539273476,4.142603737856418,0.08285207474609374,1536150.1590218095,30723.00317634436,3.945127866360047,0.07890255731669234,"[0.609,0.702]",0.649,"[0.322,0.438]",0.38,0.0036,0.0,19,0.0702,0.018,0.5554825225290001,4,0.6364825225290001,0.005,0.0,14,0.0725,0.05,0.5941835225290001,0,0.6191835225290001,0.07418455189286988,0.07614238217622135,0.06136048081992611,0.06124597564622307,0.09016441789619856,0.06332234861282382,0.06099646645004487,0.061513594607791156
26,56,0.36,140.0,0.085,623.8942114,12.47788423,Meziani:1984is,1.429729566,0.049687911,0.0089,0.3689,0.27499999999999997,0.2839,1.0,0.0,0.0,623.8942114,12.47788423,2.443460952792061,0.8830222215594888,0.11697777844051105,7.548632170413027,0.004334882336446855,0.08066511766355315,4.433234524286382,1.0500556327160495,0.34967679973755755,0.3699181768388103,0.37714317683881027,0.6141198391509676,0.6901858327914425,0.6699444556901899,0.06100486888803713,-9.41357050288379e-05,-6627604.384636773,-132552.0877139814,1.5418920752906113e-05,1.5046927273098944e-05,4318.411231162021,4112.55470340378,2694231.7695667325,53884.63539997147,6.9193032791264715,0.13838606560471045,2565799.0735194623,51315.981478614354,6.5894635136894255,0.13178927029491216,"[0.609,0.702]",0.649,"[0.322,0.438]",0.38,0.0036,0.0,22,0.081,0.018,0.5554825225290001,6,0.6724825225290001,0.005,0.0,16,0.0825,0.05,0.5941835225290001,1,0.6691835225290002,0.08496810145214795,0.08614238217622136,0.06112263491775565,0.061005076121832084,0.10752025037456614,0.08996704583847139,0.0605204901551082,0.06090564689723848
26,56,0.36,140.0,0.095,972.1568708,19.44313742,Meziani:1984is,1.265227904,0.042791448,0.0089,0.3689,0.265,0.27390000000000003,1.0,0.0,0.0,972.1568708,19.44313742,2.443460952792061,0.8830222215594888,0.11697777844051105,7.548632170413027,0.004334882336446855,0.09066511766355315,4.433234524286382,1.0500556327160495,0.33696127974710094,0.3568883009374785,0.3659133009374785,0.6049076796813531,0.7216668127818993,0.7017397915915217,0.06068313065632237,-7.988348110563502e-05,-12169685.864270924,-243393.7173354914,1.5418920752906117e-05,1.5046927273098947e-05,4344.282711641828,4137.192903203621,4223324.286820259,84466.4857537823,10.846305769495562,0.216926115434539,4022000.5066743996,80440.01015003676,10.329267737406214,0.2065853547906247,"[0.523,0.609]",0.57,"[0.322,0.438]",0.38,0.0036,0.0,25,0.09179999999999999,0.06,0.6517835225290001,0,0.6817835225290001,0.005,0.0,18,0.0925,0.05,0.5941835225290001,2,0.7191835225290001,0.09482804306698966,0.09614238217622137,0.06050701171767022,0.06073673794160528,0.06506319616208411,0.1166117430641189,0.061362613622095476,0.060105112215300155
26,56,0.36,140.0,0.105,1421.250367,28.42500734,Meziani:1984is,1.1890938,0.039472285,0.0089,0.3689,0.255,0.2639,1.0,0.0,0.0,1421.250367,28.42500734,2.443460952792061,0.8830222215594888,0.11697777844051105,7.548632170413027,0.004334882336446855,0.10066511766355314,4.433234524286382,1.0500556327160495,0.32424575975664427,0.34385842503614666,0.35488342503614667,0.5957209288216645,0.7531477927723559,0.7335351274928534,0.060308821808845725,-6.563734502828571e-05,-21653075.187418498,-433061.5037483699,1.5418920752906113e-05,1.5046927273098944e-05,4374.730150650581,4166.188927852332,6217586.832138104,124351.73664276207,15.967953997805154,0.319359079956103,5921197.542701464,118423.95085402927,15.206769527537139,0.30413539055074273,"[0.523,0.609]",0.57,"[0.322,0.438]",0.38,0.0036,0.0,27,0.09899999999999999,0.06,0.6517835225290001,1,0.741783522529,0.005,0.0,20,0.10250000000000001,0.05,0.5941835225290001,2,0.7191835225290001,0.1020144838472774,0.10614238217622138,0.06025239343563581,0.0604417080441607,0.09453071926566958,0.1166117430641189,0.0605171426523584,0.060105112215300155
26,56,0.36,140.0,0.115,1948.972909,38.97945818,Meziani:1984is,1.082621513,0.03612159,0.0089,0.3689,0.245,0.2539,1.0,0.0,0.0,1948.972909,38.97945818,2.443460952792061,0.8830222215594888,0.11697777844051105,7.548632170413027,0.004334882336446855,0.11066511766355315,4.433234524286382,1.0500556327160495,0.31153023976618766,0.3308285491348149,0.3440535491348149,0.5865607804267303,0.7846287727628125,0.7653304633941853,0.059877430809639906,-5.139943276027646e-05,-37918179.33263739,-758363.5866527478,1.541892075290611e-05,1.504692727309894e-05,4410.294736546575,4200.0581675268095,8595544.962234568,171910.89924469136,22.075005986820894,0.4415001197364179,8185799.584733935,163715.9916946787,21.022701368423878,0.42045402736847753,"[0.523,0.609]",0.57,"[0.322,0.438]",0.38,0.0036,0.0,30,0.1098,0.06,0.6517835225290001,1,0.741783522529,0.005,0.0,22,0.1125,0.05,0.5941835225290001,3,0.7691835225290001,0.11279229266865087,0.11614238217622136,0.059835384257825676,0.06012079615203592,0.09453071926566958,0.14325644028976647,0.0605171426523584,0.05912747149502853
26,56,0.36,140.0,0.125,2510.128308,50.20256615,Meziani:1984is,1.055722925,0.035376678,0.0089,0.3689,0.235,0.24389999999999998,1.0,0.0,0.0,2510.128308,50.20256615,2.443460952792061,0.8830222215594888,0.11697777844051105,7.548632170413027,0.004334882336446855,0.12066511766355315,4.433234524286382,1.0500556327160495,0.298814719775731,0.31779867323348304,0.33342367323348304,0.5774285005379307,0.816109752753269,0.797125799295517,0.059384038988302024,-3.717213074128632e-05,-67527156.98409109,-1350543.139412803,1.5418920752906117e-05,1.5046927273098947e-05,4451.606512892264,4239.4006319244645,11174103.524088038,223482.07043724472,28.697238310702055,0.5739447660997153,10641439.535146685,212828.79066053973,27.329255152390775,0.5465851029389397,"[0.523,0.609]",0.57,"[0.206,0.322]",0.265,0.0036,0.0,33,0.1206,0.06,0.6517835225290001,2,0.8017835225290001,0.005,0.0,24,0.1225,0.015,0.7091835225290001,5,0.7916835225290001,0.12356787989297402,0.12504008230710173,0.05937619984250231,0.058865066677843796,0.12318049522671026,0.09396375042231848,0.0593934412502608,0.06023998321018782
26,56,0.36,140.0,0.135,3044.583405,60.8916681,Meziani:1984is,0.988641006,0.033830573,0.0089,0.3689,0.22499999999999998,0.23389999999999997,1.0,0.0,0.0,3044.583405,60.8916681,2.443460952792061,0.8830222215594888,0.11697777844051105,7.548632170413027,0.004334882336446855,0.13066511766355315,4.433234524286382,1.0500556327160495,0.28609919978527437,0.3047687973321512,0.32299379733215117,0.5683254325931149,0.8475907327437258,0.8289211351968491,0.05882327984527276,-2.2958103102108542e-05,-132614763.13870095,-2652295.262774019,1.541892075290611e-05,1.504692727309894e-05,4499.403386571108,4284.91905227255,13698808.883155195,273976.1776631039,35.18116529395147,0.7036233058790294,13045793.438317334,260915.86876634666,33.504096542916194,0.6700819308583238,"[0.523,0.609]",0.57,"[0.206,0.322]",0.265,0.0036,0.0,36,0.1314,0.06,0.6517835225290001,2,0.8017835225290001,0.005,0.0,26,0.1325,0.015,0.7091835225290001,7,0.821683522529,0.13434124689345595,0.13504008230710174,0.05887474297075427,0.05835608354054932,0.12318049522671026,0.10995056875770697,0.0593934412502608,0.059573483466687664
26,56,0.36,140.0,0.145,3490.821568,69.81643137,Meziani:1984is,0.991170684,0.035521724,0.0089,0.3689,0.215,0.2239,1.0,0.0,0.0,3490.821568,69.81643137,2.443460952792061,0.8830222215594888,0.11697777844051105,7.548632170413027,0.004334882336446855,0.14066511766355314,4.433234524286382,1.0500556327160495,0.27338367979481776,0.2917389214308194,0.31276392143081944,0.5592530030592767,0.8790717127341823,0.8607164710981805,0.058189293878960886,-8.760321817902114e-06,-398480973.7087909,-7969619.47531733,1.541892075290611e-05,1.504692727309894e-05,4554.555231558612,4337.4418360843465,15899139.634972036,317982.7927449863,40.832036150046164,0.816640723117893,15141235.511348756,302824.7102703496,38.88559317988797,0.7777118637091534,"[0.523,0.609]",0.57,"[0.206,0.322]",0.265,0.0036,0.0,39,0.1422,0.06,0.6517835225290001,3,0.861783522529,0.005,0.0,28,0.14250000000000002,0.015,0.7091835225290001,10,0.866683522529,0.1451123950419344,0.14504008230710175,0.058330904972490515,0.057817712389273454,0.15107704591224025,0.1339307962607898,0.05801141988999975,0.058414027008093866
26,56,0.36,140.0,0.155,3800.361564,76.00723128,Meziani:1984is,0.976222903,0.036049202,0.0089,0.3689,0.205,0.21389999999999998,1.0,0.0,0.0,3800.361564,76.00723128,2.443460952792061,0.8830222215594888,0.11697777844051105,7.548632170413027,0.004334882336446855,0.15066511766355314,4.433234524286382,1.0500556327160495,0.2606681598043611,0.27870904552948755,0.30273404552948757,0.55021272752408,0.9105526927246389,0.8925118069995124,0.05747567840374654,5.417899896351283e-06,701445511.4904164,14028910.229808329,1.541892075290611e-05,1.504692727309894e-05,4618.094756208765,4397.952463017325,17550429.81040574,351008.5962081148,45.07286563425389,0.9014573126850778,16713809.500750171,334276.19001500343,42.92426441984742,0.8584852883969484,"[0.523,0.609]",0.57,"[0.206,0.322]",0.265,0.0036,0.0,41,0.1494,0.06,0.6517835225290001,4,0.9217835225290001,0.005,0.0,30,0.1525,0.015,0.7091835225290001,12,0.8966835225290001,0.152291928455476,0.15504008230710173,0.05794474236054643,0.05725181222845675,0.17827682984594106,0.14991761459617833,0.05638804308954584,0.057545015060106064
26,56,0.36,140.0,0.165,3946.926524,78.93853047,Meziani:1984is,1.041316573,0.039524425,0.0089,0.3689,0.19499999999999998,0.20389999999999997,1.0,0.0,0.0,3946.926524,78.93853047,2.443460952792061,0.8830222215594888,0.11697777844051105,7.548632170413027,0.004334882336446855,0.16066511766355315,4.433234524286382,1.0500556327160495,0.24795263981390442,0.26567916962815574,0.29290416962815574,0.5412062172852006,0.9420336727150955,0.9243071429008443,0.05667543176237886,1.9572870618890547e-05,201652920.55783918,4033058.4106458724,1.5418920752906113e-05,1.5046927273098944e-05,4691.257456343889,4467.6275334189595,18516048.48535647,370320.9696602168,47.55275936108304,0.9510551871011803,17633397.611003987,352667.9521754035,45.28594283912765,0.9057188566678158,"[0.523,0.609]",0.57,"[0.206,0.322]",0.265,0.0036,0.0,44,0.1602,0.06,0.6517835225290001,4,0.9217835225290001,0.005,0.0,32,0.1625,0.015,0.7091835225290001,14,0.9266835225290001,0.1630593815618937,0.16504008230710174,0.057329996343816775,0.05666027906941211,0.17827682984594106,0.16590443293156687,0.05638804308954584,0.056608008875426066
26,56,0.36,140.0,0.175,3928.344516,78.56689032,Meziani:1984is,1.071698265,0.041747866,0.0089,0.3689,0.185,0.1939,1.0,0.0,0.0,3928.344516,78.56689032,2.443460952792061,0.8830222215594888,0.11697777844051105,7.548632170413027,0.004334882336446855,0.17066511766355313,4.433234524286382,1.0500556327160495,0.2352371198234478,0.25264929372682393,0.28327429372682394,0.5322351864794584,0.9735146527055523,0.9561024788021761,0.055780891262886434,3.370047982797813e-05,116566426.82988417,2331328.536597683,1.5418920752906117e-05,1.5046927273098947e-05,4775.5339346256815,4547.886593659229,18759942.543058697,375198.85086117394,48.1791260205074,0.9635825204101479,17865665.359591153,357313.3071918231,45.882450909661216,0.9176490181932244,"[0.523,0.609]",0.57,"[0.206,0.322]",0.265,0.0036,0.0,47,0.17099999999999999,0.06,0.6517835225290001,5,0.981783522529,0.005,0.0,34,0.17250000000000001,0.015,0.7091835225290001,16,0.956683522529,0.17382461946755967,0.17504008230710175,0.05667252289340228,0.05604503204977966,0.2048295861789483,0.18189125126695535,0.05453784320040499,0.0556108236831629
26,56,0.36,140.0,0.185,3763.663639,75.27327279,Meziani:1984is,1.070765187,0.044903056,0.0089,0.3689,0.175,0.18389999999999998,1.0,0.0,0.0,3763.663639,75.27327279,2.443460952792061,0.8830222215594888,0.11697777844051105,7.548632170413027,0.004334882336446855,0.18066511766355314,4.433234524286382,1.0500556327160495,0.2225215998329912,0.23961941782549212,0.2738444178254921,0.5233014597968288,1.0049956326960088,0.9878978147035079,0.0547836640880771,4.779615270302219e-05,78744070.93778534,1574881.4189649285,1.541892075290611e-05,1.504692727309894e-05,4872.73929381836,4640.458221451226,18339351.702470697,366787.03409814136,47.098968175394056,0.9419793636330224,17465123.876374587,349302.4775738963,44.85378365484214,0.8970756732160186,"[0.523,0.609]",0.57,"[0.206,0.322]",0.265,0.0036,0.0,50,0.1818,0.06,0.6517835225290001,5,0.981783522529,0.005,0.0,36,0.1825,0.015,0.7091835225290001,18,0.986683522529,0.1845876435391176,0.18504008230710173,0.055972170715705344,0.05540800014916294,0.2048295861789483,0.1978780696023439,0.05453784320040499,0.05456133296317629
26,56,0.36,140.0,0.195,3489.449295,69.7889859,Meziani:1984is,1.172104723,0.051010915,0.0089,0.3689,0.16499999999999998,0.17389999999999997,1.0,0.0,0.0,3489.449295,69.7889859,2.443460952792061,0.8830222215594888,0.11697777844051105,7.548632170413027,0.004334882336446855,0.19066511766355315,4.433234524286382,1.0500556327160495,0.2098060798425345,0.22658954192416025,0.26461454192416023,0.5144069808275936,1.0364766126864655,1.01969315060484,0.053674550334257366,6.185480021779367e-05,56413556.95456915,1128271.1390913832,1.5418920752906117e-05,1.5046927273098947e-05,4985.1064772940545,4747.468916860808,17395276.282693673,347905.52565387345,44.67440165457972,0.8934880330915943,16566052.06497436,331321.04129948723,42.54479502102755,0.850895900420551,"[0.428,0.523]",0.475,"[0.206,0.322]",0.265,0.0036,0.0,52,0.189,0.032,0.7510585225290001,8,1.023058522529,0.005,0.0,38,0.1925,0.015,0.7091835225290001,20,1.016683522529,0.1908136680743553,0.19504008230710174,0.05262502588584053,0.054751109633315205,0.17917208703067822,0.21386488793773242,0.05375856200197082,0.05346734092131974
26,56,0.36,140.0,0.205,3155.704664,63.11409328,Meziani:1984is,1.245363689,0.057356445,0.0089,0.3689,0.155,0.1639,1.0,0.0,0.0,3155.704664,63.11409328,2.443460952792061,0.8830222215594888,0.11697777844051105,7.548632170413027,0.004334882336446855,0.20066511766355313,4.433234524286382,1.0500556327160495,0.1970905598520779,0.21355966602282847,0.2555846660228285,0.5055538210940834,1.067957592676922,1.0514884865061715,0.052443457234243346,7.587076410416517e-05,41593157.802753136,831863.1560550627,1.5418920752906113e-05,1.5046927273098944e-05,5115.413785122768,4871.564539767629,16142735.140001811,322854.70280003623,41.45763606901826,0.8291527213803652,15373218.93912172,307464.3787824344,39.481371060107456,0.7896274212021491,"[0.428,0.523]",0.475,"[0.206,0.322]",0.265,0.0036,0.0,55,0.1998,0.032,0.7510585225290001,9,1.0550585225290001,0.005,0.0,40,0.2025,0.015,0.7091835225290001,22,1.046683522529,0.20157320025811032,0.20504008230710175,0.05151130479920117,0.0540762723359069,0.19339988671638675,0.22985170627312096,0.052363137465449135,0.05233646981641071
26,56,0.36,140.0,0.215,2820.29099,56.40581981,Meziani:1984is,1.262281095,0.061341188,0.0089,0.3689,0.145,0.15389999999999998,1.0,0.0,0.0,2820.29099,56.40581981,2.443460952792061,0.8830222215594888,0.11697777844051105,7.548632170413027,0.004334882336446855,0.21066511766355314,4.433234524286382,1.0500556327160495,0.18437503986162126,0.20052979012149663,0.24675479012149662,0.4967441898215787,1.0994385726673788,1.0832838224075034,0.05107930350745495,8.983775625096149e-05,31393159.26503692,627863.1854120501,1.5418920752906113e-05,1.5046927273098944e-05,5267.162111079482,5016.07909807175,14854929.844746843,297098.59694760846,38.150305384632816,0.7630061078279271,14146802.685419083,282936.05375854246,36.331699193836165,0.7266339840055458,"[0.428,0.523]",0.475,"[0.145,0.206]",0.16,0.0036,0.0,58,0.21059999999999998,0.032,0.7510585225290001,10,1.0870585225290001,0.005,0.0,42,0.2125,0.03,0.8141835225290001,8,1.069183522529,0.2123305221252636,0.21403363460051425,0.05033391273175477,0.0489719867318749,0.2074510167374516,0.1858879558508025,0.05087592308048861,0.051658926649729785
26,56,0.36,140.0,0.225,2541.183214,50.82366428,Meziani:1984is,1.282866966,0.067291488,0.0089,0.3689,0.13499999999999998,0.14389999999999997,1.0,0.0,0.0,2541.183214,50.82366428,2.443460952792061,0.8830222215594888,0.11697777844051105,7.548632170413027,0.004334882336446855,0.22066511766355315,4.433234524286382,1.0500556327160495,0.1716595198711646,0.18749991422016482,0.23812491422016482,0.4879804445058888,1.1309195526578355,1.1150791583088353,0.049569912656474355,0.00010374879209689869,24493617.348591402,489872.346971828,1.5418920752906113e-05,1.5046927273098944e-05,5444.826088337291,5185.273921395794,13836300.658832006,276726.01317664015,35.53427051119359,0.7106854102238719,13176731.049042948,263534.620980859,33.840369409077375,0.6768073881815476,"[0.428,0.523]",0.475,"[0.145,0.206]",0.16,0.0036,0.0,61,0.22139999999999999,0.032,0.7510585225290001,11,1.119058522529,0.005,0.0,44,0.2225,0.03,0.8141835225290001,10,1.1291835225290001,0.2230856350374495,0.22403363460051426,0.04909242259407676,0.04800033402519565,0.22133189932088493,0.2178615925215796,0.04929927090984288,0.048600696051094336
26,56,0.36,140.0,0.235,2361.691922,47.23383844,Meziani:1984is,1.32108679,0.073675994,0.0089,0.3689,0.125,0.1339,1.0,0.0,0.0,2361.691922,47.23383844,2.443460952792061,0.8830222215594888,0.11697777844051105,7.548632170413027,0.004334882336446855,0.23066511766355313,4.433234524286382,1.0500556327160495,0.15894399988070798,0.174470038318833,0.229695038318833,0.47926510233776987,1.162400532648292,1.146874494210167,0.04790189389480539,0.00011759611758278296,20083077.320452042,401661.5464090408,1.5418920752906113e-05,1.5046927273098944e-05,5654.217783029302,5384.684017554607,13353520.463409051,267070.409268181,34.29439849015192,0.6858879698030385,12716964.74678122,254339.2949356244,32.65960147411126,0.6531920294822252,"[0.428,0.523]",0.475,"[0.145,0.206]",0.16,0.0036,0.0,64,0.2322,0.032,0.7510585225290001,12,1.151058522529,0.005,0.0,46,0.2325,0.03,0.8141835225290001,11,1.1591835225290001,0.23383854035488127,0.23403363460051427,0.047786380492785795,0.0470247200435439,0.23504857677637536,0.23384841085696814,0.04763533111909179,0.047042809719424455
26,56,0.36,140.0,0.245,2326.974562,46.53949123,Meziani:1984is,1.297822524,0.076064433,0.0089,0.3689,0.11499999999999999,0.1239,1.0,0.0,0.0,2326.974562,46.53949123,2.443460952792061,0.8830222215594888,0.11697777844051105,7.548632170413027,0.004334882336446855,0.24066511766355314,4.433234524286382,1.0500556327160495,0.1462284798902513,0.1614401624175012,0.2214651624175012,0.4706008525465091,1.1938815126387488,1.1786698301114988,0.04606050924507916,0.00013137112925073216,17712982.86976574,354259.65731919464,1.5418920752906117e-05,1.5046927273098947e-05,5903.026523697484,5621.632168601251,13736192.559455333,274723.85113007645,35.27717373573855,0.7055434745631701,13081395.053256005,261627.9010089038,33.595528309763395,0.6719105660508936,"[0.428,0.523]",0.475,"[0.145,0.206]",0.16,0.0036,0.0,66,0.2394,0.032,0.7510585225290001,13,1.183058522529,0.005,0.0,48,0.2425,0.03,0.8141835225290001,12,1.189183522529,0.24100591812939598,0.24403363460051425,0.04687958709171935,0.04604792472737927,0.24860674223549706,0.24983522919235657,0.04588606883697597,0.04548170615397581
26,56,0.36,140.0,0.255,2448.607705,48.9721541,Meziani:1984is,1.290529305,0.078820302,0.0089,0.3689,0.10499999999999998,0.11389999999999999,1.0,0.0,0.0,2448.607705,48.9721541,2.443460952792061,0.8830222215594888,0.11697777844051105,7.548632170413027,0.004334882336446855,0.25066511766355315,4.433234524286382,1.0500556327160495,0.1335129598997947,0.1484102865161694,0.2134352865161694,0.4619905697264495,1.2253624926292055,1.2104651660128307,0.044029525191719515,0.00014506428712309841,16879466.01855331,337589.32037106616,1.541892075290611e-05,1.504692727309894e-05,6201.643117254637,5906.013856821673,15185391.120569922,303707.82241139846,38.99899324261716,0.7799798648523433,14461511.035650313,289230.2207130063,37.1399305213413,0.742798610426826,"[0.428,0.523]",0.475,"[0.145,0.206]",0.16,0.0036,0.0,69,0.2502,0.032,0.7510585225290001,14,1.215058522529,0.005,0.0,50,0.2525,0.03,0.8141835225290001,13,1.219183522529,0.2517551471411963,0.25403363460051426,0.045464875515092165,0.04507251268886855,0.2620117672652519,0.2658220475277451,0.044053279163746795,0.04392761724237359
26,56,0.36,140.0,0.265,2727.450136,54.54900273,Meziani:1984is,1.165924157,0.07552842,0.0089,0.3689,0.09499999999999997,0.10389999999999998,1.0,0.0,0.0,2727.450136,54.54900273,2.443460952792061,0.8830222215594888,0.11697777844051105,7.548632170413027,0.004334882336446855,0.26066511766355316,4.433234524286382,1.0500556327160495,0.12079743990933803,0.13538041061483758,0.20560541061483759,0.4534373282106774,1.256843472619662,1.2422605019141626,0.04179104710926589,0.00015866502006852006,17189990.17440732,343799.80355117226,1.5418920752906117e-05,1.5046927273098947e-05,6564.460052265559,6251.535487968461,17904237.462318268,358084.7493120099,45.98151145816238,0.9196302293318354,17050751.316868406,341015.02639988344,43.789595546692766,0.8757919110944067,"[0.428,0.523]",0.475,"[0.100,0.145]",0.12,0.0036,0.0,72,0.261,0.032,0.7510585225290001,15,1.247058522529,0.005,0.0,52,0.2625,0.008,0.8541835225290001,48,1.242183522529,0.2625021721787135,0.26365022595038573,0.04398426708710355,0.04025353919624167,0.27526872673583835,0.256762850471025,0.042138600561874205,0.04099772748077391
26,56,0.36,140.0,0.275,3151.219089,63.02438178,Meziani:1984is,1.075774138,0.074574313,0.0089,0.3689,0.08499999999999996,0.09389999999999997,1.0,0.0,0.0,3151.219089,63.02438178,2.443460952792061,0.8830222215594888,0.11697777844051105,7.548632170413027,0.004334882336446855,0.27066511766355317,4.433234524286382,1.0500556327160495,0.10808191991888139,0.12235053471350572,0.19797553471350574,0.4449444175551658,1.2883244526101187,1.2740558378154945,0.039325334520804466,0.00017216162347655513,18303841.619088423,366076.83238176844,1.5418920752906113e-05,1.5046927273098944e-05,7012.002528929785,6677.74383609819,22096356.221279815,441927.1244255962,56.74767545452668,1.1349535090905334,21043033.847764704,420860.67695529404,54.04254182965949,1.0808508365931897,"[0.428,0.523]",0.475,"[0.100,0.145]",0.12,0.0036,0.0,75,0.2718,0.032,0.7510585225290001,16,1.279058522529,0.005,0.0,54,0.2725,0.008,0.8541835225290001,52,1.2741835225290001,0.2732469945970806,0.27365022595038574,0.042437205614241545,0.039187230714936204,0.2883824212691516,0.27381545669543944,0.04014352682934552,0.03916976202717321
26,56,0.4,60.0,0.015,1826.084321,36.52168642,Meziani:1984is,6.680962024,0.178524067,0.0089,0.40890000000000004,0.385,0.39390000000000003,1.0,0.0,0.0,1826.084321,36.52168642,1.0471975511965976,0.24999999999999994,0.7500000000000001,0.3333333333333333,0.0015277769714510114,0.013472223028548988,4.433234524286382,1.0449950625000002,0.154,0.16106571,0.16129071,0.4016101467841668,0.754504412529,0.747438702529,0.5996649203431886,-0.0004000110214067972,-4565085.018352373,-91301.70036704745,0.0009989876924716289,0.0009772440131784093,629.035664260262,601.9508482225598,1148672.1638554847,22973.44327710969,2.950010151236803,0.05900020302473605,1099213.0059518672,21984.260119037343,2.822989559567227,0.05645979119134453,"[0.340,0.428]",0.38,"[0.145,0.206]",0.16,0.0036,0.0,3,0.0126,0.008,0.8322835225290001,-11,0.7482835225290001,0.005,0.0,2,0.0125,0.03,0.8141835225290001,-3,0.7391835225290001,0.013982231290427194,0.01403363460051426,0.5996748004397554,0.5997047310276682,0.006546306814271263,0.010032954161528721,0.5999287616093265,0.5998490477333908
26,56,0.4,60.0,0.025,10913.9942,218.2798841,Meziani:1984is,1.750046742,0.045721116,0.0089,0.40890000000000004,0.375,0.3839,1.0,0.0,0.0,10913.9942,218.2798841,1.0471975511965976,0.24999999999999994,0.7500000000000001,0.3333333333333333,0.0015277769714510114,0.02347222302854899,4.433234524286382,1.0449950625000002,0.15,0.15697671,0.15760170999999998,0.39699081853362805,0.777269872529,0.770293162529,0.5990459636279357,-0.00033071993069865794,-33000715.06710765,-660014.3016445237,0.0009989876924716287,0.000977244013178409,631.6342222508068,604.4375183359364,6893652.2381668165,137873.04482649977,17.70421946452508,0.3540843894527174,6596827.569380803,131936.55144805982,16.94191685668857,0.3388383372890026,"[0.340,0.428]",0.38,"[0.145,0.206]",0.16,0.0036,0.0,6,0.0234,0.008,0.8322835225290001,-8,0.7722835225290001,0.005,0.0,4,0.0225,0.03,0.8141835225290001,-2,0.769183522529,0.02477822028566834,0.024033634600514258,0.5989769576697329,0.5991348259568764,0.019162910402884425,0.026019772496917202,0.5993887341218221,0.5989861731331744
26,56,0.4,60.0,0.035,20656.53658,413.1307316,Meziani:1984is,1.181224156,0.03166068,0.0089,0.40890000000000004,0.365,0.3739,1.0,0.0,0.0,20656.53658,413.1307316,1.0471975511965976,0.24999999999999994,0.7500000000000001,0.3333333333333333,0.0015277769714510114,0.03347222302854899,4.433234524286382,1.0449950625000002,0.14599999999999996,0.15288770999999998,0.15411270999999999,0.392571916978278,0.8000353325290002,0.7931476225290001,0.598083163453151,-0.0002614186034823966,-79017087.17295235,-1580341.743459047,0.0009989876924716293,0.0009772440131784097,635.6930171077174,608.321550904665,13131216.061536131,262624.3212307226,33.72347820251427,0.6744695640502852,12565816.368664544,251316.32737329087,32.27142348580643,0.6454284697161287,"[0.340,0.428]",0.38,"[0.145,0.206]",0.16,0.0036,0.0,9,0.0342,0.008,0.8322835225290001,-5,0.796283522529,0.005,0.0,6,0.0325,0.03,0.8141835225290001,-1,0.799183522529,0.03557197642494714,0.034033634600514256,0.5978857834094529,0.5982675841662267,0.03161540725570067,0.04200659083230574,0.5983317963298145,0.5973647943942999
26,56,0.4,60.0,0.045,33544.50222,670.8900444,Meziani:1984is,0.945013278,0.025667395,0.0089,0.40890000000000004,0.35500000000000004,0.36390000000000006,1.0,0.0,0.0,33544.50222,670.8900444,1.0471975511965976,0.24999999999999994,0.7500000000000001,0.3333333333333333,0.0015277769714510114,0.04347222302854899,4.433234524286382,1.0449950625000002,0.142,0.14879871,0.15082371,0.3883602837572349,0.8228007925290001,0.8160020825290001,0.596751526030804,-0.00019227248243941617,-174463354.2689587,-3489267.0853791735,0.000998987692471629,0.0009772440131784095,641.3403221906651,613.7256961352055,21513441.86150028,430268.8372300056,55.250639718168685,1.1050127943633736,20587122.976478446,411742.45952956885,52.871675379967336,1.0574335075993466,"[0.340,0.428]",0.38,"[0.145,0.206]",0.16,0.0036,0.0,12,0.045,0.008,0.8322835225290001,-3,0.812283522529,0.005,0.0,8,0.0425,0.03,0.8141835225290001,0,0.8291835225290001,0.04636350109308296,0.04403363460051426,0.5963951024026313,0.5971055889111779,0.03982900006389922,0.057993409167694285,0.597345914104172,0.5949972106367128
26,56,0.4,60.0,0.055,46001.94555,920.0389111,Meziani:1984is,0.799966166,0.024346796,0.0089,0.40890000000000004,0.34500000000000003,0.35390000000000005,1.0,0.0,0.0,46001.94555,920.0389111,1.0471975511965976,0.24999999999999994,0.7500000000000001,0.3333333333333333,0.0015277769714510114,0.05347222302854899,4.433234524286382,1.0449950625000002,0.13799999999999998,0.14470971000000002,0.14773471000000002,0.38436273232455825,0.8455662525290001,0.8388565425290001,0.5950246611646912,-0.0001234609304299396,-372603263.1521818,-7452065.26385361,0.0009989876924716293,0.0009772440131784097,648.7222713779531,620.789795720162,29842486.60500092,596849.7321648906,76.64122209370163,1.5328244420406367,28557538.380714513,571150.7676763693,73.34122891485107,1.4668245784564522,"[0.340,0.428]",0.38,"[0.100,0.145]",0.12,0.0036,0.0,14,0.052199999999999996,0.008,0.8322835225290001,0,0.8362835225290001,0.005,0.0,10,0.0525,0.008,0.8541835225290001,-2,0.8421835225290001,0.05355661184889016,0.05365022595038569,0.5951752220308776,0.5942980141522856,0.052021664495876196,0.043605272665844616,0.5954509180047509,0.5962211112379092
26,56,0.4,60.0,0.065,55712.35552,1114.24711,Meziani:1984is,0.737717866,0.022795662,0.0089,0.40890000000000004,0.335,0.34390000000000004,1.0,0.0,0.0,55712.35552,1114.24711,1.0471975511965976,0.24999999999999994,0.7500000000000001,0.3333333333333333,0.0015277769714510114,0.06347222302854899,4.433234524286382,1.0449950625000002,0.13399999999999998,0.14062071,0.14484571000000002,0.38058600867609416,0.8683317125290001,0.8617110025290001,0.592874745688501,-5.517633430920393e-05,-1009714694.1257867,-20194293.87526625,0.0009989876924716293,0.0009772440131784097,658.0058476188063,629.673642710447,36659055.71677788,733181.1140723553,94.14747732396174,1.8829495458032806,35080601.84425788,701612.0366332881,90.09370541782987,1.8018741077097484,"[0.340,0.428]",0.38,"[0.100,0.145]",0.12,0.0036,0.0,17,0.063,0.008,0.8322835225290001,3,0.8602835225290001,0.005,0.0,12,0.0625,0.008,0.8541835225290001,0,0.8581835225290001,0.06434442047201827,0.06365022595038569,0.5929983234738189,0.5920052624399812,0.06406602574378495,0.05213157577805184,0.5930598287240493,0.5946133948909005
26,56,0.4,60.0,0.075,61729.29409,1234.585882,Meziani:1984is,0.701449784,0.022031679,0.0089,0.40890000000000004,0.325,0.33390000000000003,1.0,0.0,0.0,61729.29409,1234.585882,1.0471975511965976,0.24999999999999994,0.7500000000000001,0.3333333333333333,0.0015277769714510114,0.07347222302854899,4.433234524286382,1.0449950625000002,0.12999999999999998,0.13653171,0.14215671,0.37703674887204297,0.8910971725290001,0.8845654625290001,0.5902724933998869,1.2377186732339307e-05,4987344493.13209,99746889.87880056,0.000998987692471629,0.0009772440131784095,669.3824392645241,640.5603847190656,41320505.45204137,826410.109174704,106.11897317039322,2.1223794637516846,39541340.37072674,790826.807542647,101.54973643274339,2.030994728983884,"[0.340,0.428]",0.38,"[0.100,0.145]",0.12,0.0036,0.0,20,0.0738,0.008,0.8322835225290001,6,0.8842835225290001,0.005,0.0,14,0.0725,0.008,0.8541835225290001,3,0.8821835225290001,0.07513000130994385,0.07365022595038569,0.5903932167973727,0.5893439622351436,0.07596736723500619,0.06492103044636267,0.5901725868833794,0.5916873057665909
26,56,0.4,60.0,0.085,63896.42744,1277.928549,Meziani:1984is,0.743390545,0.023475491,0.0089,0.40890000000000004,0.315,0.3239,1.0,0.0,0.0,63896.42744,1277.928549,1.0471975511965976,0.24999999999999994,0.7500000000000001,0.3333333333333333,0.0015277769714510114,0.083472223028549,4.433234524286382,1.0449950625000002,0.12599999999999997,0.13244271,0.13966771,0.3737214336909244,0.9138626325290001,0.9074199225290002,0.5871871331032978,7.898549068941872e-05,808964113.3110018,16179282.268752145,0.0009989876924716293,0.0009772440131784097,683.0720873761999,653.6605883496218,43645866.067322694,872917.3214830683,112.0909446660211,2.241818893671274,41766576.35386932,835331.5272081185,107.26456869361628,2.1452913742080706,"[0.340,0.428]",0.38,"[0.100,0.145]",0.12,0.0036,0.0,23,0.0846,0.008,0.8322835225290001,9,0.908283522529,0.005,0.0,16,0.0825,0.008,0.8541835225290001,6,0.9061835225290001,0.08591335574227088,0.0836502259503857,0.5873440865649607,0.5863242596717887,0.08773066594325585,0.0777104851146735,0.5867851313926985,0.5881604872216486
26,56,0.4,60.0,0.095,62583.46559,1251.669312,Meziani:1984is,0.778160806,0.024926712,0.0089,0.40890000000000004,0.30500000000000005,0.31390000000000007,1.0,0.0,0.0,62583.46559,1251.669312,1.0471975511965976,0.24999999999999994,0.7500000000000001,0.3333333333333333,0.0015277769714510114,0.09347222302854899,4.433234524286382,1.0449950625000002,0.122,0.12835371,0.13737871000000001,0.37064634086956805,0.9366280925290001,0.9302743825290001,0.5835863965934271,0.00014442654937042967,433323830.43704796,8666476.610125747,0.000998987692471629,0.0009772440131784095,699.3285781529947,669.2171123564468,43766406.00694157,875328.1202786971,112.40051432104923,2.2480102867801866,41881926.123398855,837638.5226018205,107.56080899764943,2.151216180296724,"[0.340,0.428]",0.38,"[0.100,0.145]",0.12,0.0036,0.0,25,0.09179999999999999,0.008,0.8322835225290001,12,0.932283522529,0.005,0.0,18,0.0925,0.008,0.8541835225290001,9,0.930183522529,0.09310102248580421,0.09365022595038569,0.585055443542578,0.5829575001623193,0.09936061671112018,0.09049993978298428,0.582889457439589,0.5840548374446466
26,56,0.4,60.0,0.105,58471.62081,1169.432416,Meziani:1984is,0.858536146,0.028047794,0.0089,0.40890000000000004,0.29500000000000004,0.30390000000000006,1.0,0.0,0.0,58471.62081,1169.432416,1.0471975511965976,0.24999999999999994,0.7500000000000001,0.3333333333333333,0.0015277769714510114,0.10347222302854898,4.433234524286382,1.0449950625000002,0.118,0.12426471000000001,0.13528971,0.36781749550558357,0.9593935525290002,0.9531288425290001,0.5794365186445729,0.00020847300522747314,280475741.9129604,5609514.837299852,0.0009989876924716293,0.0009772440131784097,718.4455746169341,687.5109753132771,42008677.21162393,840173.5440887896,107.88633007207787,2.1577266010725364,40199881.051231205,803997.620887122,103.2409950473597,2.0648199005940624,"[0.340,0.428]",0.38,"[0.100,0.145]",0.12,0.0036,0.0,28,0.1026,0.008,0.8322835225290001,15,0.9562835225290001,0.005,0.0,20,0.10250000000000001,0.008,0.8541835225290001,12,0.9541835225290001,0.10388066930406836,0.1036502259503857,0.5812225405271877,0.5792561250222666,0.11086165414550109,0.1032893944512951,0.57847359272498,0.5793953513046284
26,56,0.4,60.0,0.115,52386.10995,1047.722199,Meziani:1984is,0.929635738,0.031306008,0.0089,0.40890000000000004,0.28500000000000003,0.29390000000000005,1.0,0.0,0.0,52386.10995,1047.722199,1.0471975511965976,0.24999999999999994,0.7500000000000001,0.3333333333333333,0.0015277769714510114,0.113472223028549,4.433234524286382,1.0449950625000002,0.11399999999999999,0.12017571,0.13340071,0.365240619318279,0.9821590125290002,0.9759833025290001,0.5747022513163158,0.0002708951227695282,193381517.59405792,3867630.3518811585,0.0009989876924716293,0.0009772440131784097,740.7640337880289,708.8684534220264,38805746.1210252,776114.9224205039,99.66058949239498,1.9932117898478994,37134860.741052724,742697.2148210546,95.36943576936274,1.907388715387255,"[0.340,0.428]",0.38,"[0.100,0.145]",0.12,0.0036,0.0,31,0.1134,0.008,0.8322835225290001,17,0.9722835225290001,0.005,0.0,22,0.1125,0.008,0.8541835225290001,15,0.9781835225290001,0.11465809338873356,0.1136502259503857,0.5768873637482247,0.5752335609045283,0.11845947443664773,0.11607884911960595,0.5752329379152606,0.5742097532459344
26,56,0.4,60.0,0.125,45181.42554,903.6285109,Meziani:1984is,0.907452554,0.032092834,0.0089,0.40890000000000004,0.275,0.28390000000000004,1.0,0.0,0.0,45181.42554,903.6285109,1.0471975511965976,0.24999999999999994,0.7500000000000001,0.3333333333333333,0.0015277769714510114,0.12347222302854899,4.433234524286382,1.0449950625000002,0.10999999999999999,0.11608671,0.13171170999999998,0.3629210795751605,1.0049244725289999,0.9988377625289999,0.5693468951388345,0.0003314640884464663,136308659.41393557,2726173.188580404,0.0009989876924716293,0.0009772440131784097,766.6812240325423,733.6697095949601,34639750.636542365,692795.0128075156,88.96151506894859,1.7792303015758704,33148243.35501811,662964.8671737292,85.1310386635904,1.7026207734602286,"[0.340,0.428]",0.38,"[0.100,0.145]",0.12,0.0036,0.0,34,0.12419999999999999,0.008,0.8322835225290001,20,0.9962835225290001,0.005,0.0,24,0.1225,0.008,0.8541835225290001,18,1.0021835225290001,0.1254332961141884,0.12365022595038569,0.5720210001383171,0.5709041037990098,0.12975486598899189,0.12886830378791678,0.569912344964321,0.5685281039818949
26,56,0.4,60.0,0.135,37656.41858,753.1283715,Meziani:1984is,0.985223805,0.03638158,0.0089,0.40890000000000004,0.265,0.27390000000000003,1.0,0.0,0.0,37656.41858,753.1283715,1.0471975511965976,0.24999999999999994,0.7500000000000001,0.3333333333333333,0.0015277769714510114,0.133472223028549,4.433234524286382,1.0449950625000002,0.10599999999999998,0.11199771,0.13022271,0.36086383858735416,1.0276899325290003,1.0216922225290002,0.5633323499964917,0.0003899555917051679,96565915.14777079,1931318.3026989764,0.0009989876924716293,0.0009772440131784097,796.6617480177491,762.3593417866019,29999428.250030845,599988.5649209507,77.04427830117174,1.5408855658188367,28707722.482689567,574154.4495775554,73.72693045731182,1.474538608950448,"[0.340,0.428]",0.38,"[0.100,0.145]",0.12,0.0036,0.0,37,0.135,0.008,0.8322835225290001,23,1.0202835225290001,0.005,0.0,26,0.1325,0.008,0.8541835225290001,20,1.0181835225290001,0.13620627885342884,0.1336502259503857,0.5665899361989484,0.5662827993665416,0.14093204193086495,0.137394606900124,0.5640191914597626,0.5644804832943987
26,56,0.4,60.0,0.145,30486.02062,609.7204125,Meziani:1984is,1.04966143,0.04067438,0.0089,0.40890000000000004,0.255,0.2639,1.0,0.0,0.0,30486.02062,609.7204125,1.0471975511965976,0.24999999999999994,0.7500000000000001,0.3333333333333333,0.0015277769714510114,0.14347222302854898,4.433234524286382,1.0449950625000002,0.10199999999999998,0.10790870999999999,0.12893370999999998,0.3590734047517304,1.0504553925289999,1.044546682529,0.5566191887788302,0.00044615359940131376,68330773.66384289,1366615.4735009957,0.000998987692471629,0.0009772440131784095,831.2510981901929,795.4593548045523,25341538.119823866,506830.7624796024,65.08192420238726,1.3016384842612263,24250390.292943478,485007.8059384154,62.27964756760489,1.2455929515563868,"[0.340,0.428]",0.38,"[0.100,0.145]",0.12,0.0036,0.0,39,0.1422,0.008,0.8322835225290001,26,1.0442835225290001,0.005,0.0,28,0.14250000000000002,0.008,0.8541835225290001,23,1.0421835225290002,0.14338703469795178,0.1436502259503857,0.5626366120643391,0.5613853213484824,0.15199463802701219,0.15018406156843483,0.5575254389773596,0.5580439279442763
26,56,0.4,60.0,0.155,24160.71435,483.214287,Meziani:1984is,1.076127122,0.04511456,0.0089,0.40890000000000004,0.24500000000000002,0.2539,1.0,0.0,0.0,24160.71435,483.214287,1.0471975511965976,0.24999999999999994,0.7500000000000001,0.3333333333333333,0.0015277769714510114,0.153472223028549,4.433234524286382,1.0449950625000002,0.09799999999999999,0.10381970999999998,0.12784470999999997,0.3575537861637043,1.073220852529,1.067401142529,0.5491667571044658,0.0004998542174499616,48335521.6512075,966710.4330241501,0.0009989876924716293,0.0009772440131784097,871.0924359981827,833.5852170575998,21046215.518597748,420924.31037195504,54.050712969825256,1.0810142593965053,20140014.315711416,402800.2863142284,51.72341469300029,1.0344682938600058,"[0.340,0.428]",0.38,"[0.100,0.145]",0.12,0.0036,0.0,42,0.153,0.008,0.8322835225290001,29,1.0682835225290002,0.005,0.0,30,0.1525,0.008,0.8541835225290001,26,1.0661835225290002,0.15415632050738992,0.1536502259503857,0.5561753845274472,0.5562278497288623,0.162946107411872,0.16297351623674566,0.5503978608524682,0.5511997725155474
26,56,0.4,60.0,0.165,18975.6101,379.5122021,Meziani:1984is,1.275321313,0.055334189,0.0089,0.40890000000000004,0.23500000000000001,0.2439,1.0,0.0,0.0,18975.6101,379.5122021,1.0471975511965976,0.24999999999999994,0.7500000000000001,0.3333333333333333,0.0015277769714510114,0.163472223028549,4.433234524286382,1.0449950625000002,0.09399999999999999,0.09973070999999999,0.12695571,0.35630844783698296,1.095986312529,1.090255602529,0.5409333026338378,0.0005508695191244604,34446651.05115892,688933.0212047095,0.0009989876924716295,0.00097724401317841,916.9475107454645,877.465878692096,17399638.446071494,347992.76901312463,44.68560452573029,0.8937120907500956,16650450.390115114,333009.00789004884,42.761546086951284,0.8552309219643758,"[0.340,0.428]",0.38,"[0.070,0.100]",0.093,0.0036,0.0,45,0.1638,0.008,0.8322835225290001,32,1.0922835225290002,0.005,0.0,32,0.1625,0.008,0.8811835225290001,26,1.093183522529,0.16492338998498468,0.16339142511154892,0.5490324369736361,0.5382011765272521,0.17378973318055235,0.1629735162367456,0.5425974974654224,0.53848453014399
26,56,0.4,60.0,0.175,15050.38763,301.0077526,Meziani:1984is,1.375379858,0.120927118,0.0089,0.40890000000000004,0.22500000000000003,0.23390000000000002,1.0,0.0,0.0,15050.38763,301.0077526,1.0471975511965976,0.24999999999999994,0.7500000000000001,0.3333333333333333,0.0015277769714510114,0.17347222302854898,4.433234524286382,1.0449950625000002,0.09000000000000001,0.09564170999999999,0.12626670999999998,0.35534027354072883,1.118751772529,1.113110062529,0.5318761376569155,0.000599031210280005,25124546.720971353,502490.93441942707,0.000998987692471629,0.0009772440131784095,969.7229447907215,927.9689250117594,14594706.212805446,291894.12425610895,37.48200125054273,0.7496400250108546,13966292.03002138,279325.84060042765,35.868113252968335,0.7173622650593668,"[0.340,0.428]",0.38,"[0.070,0.100]",0.093,0.0036,0.0,48,0.1746,0.008,0.8322835225290001,35,1.1162835225290002,0.005,0.0,34,0.17250000000000001,0.008,0.8811835225290001,28,1.109183522529,0.17568824449855924,0.17339142511154892,0.5411509742082161,0.5312978492820598,0.18452863988524715,0.17149981934895284,0.5340789792995956,0.5326212615215917
26,56,0.4,60.0,0.185,12334.52666,246.6905333,Meziani:1984is,1.394459671,0.066723274,0.0089,0.40890000000000004,0.21500000000000002,0.22390000000000002,1.0,0.0,0.0,12334.52666,246.6905333,1.0471975511965976,0.24999999999999994,0.7500000000000001,0.3333333333333333,0.0015277769714510114,0.183472223028549,4.433234524286382,1.0449950625000002,0.08600000000000001,0.09155271,0.12577771,0.35465153319843407,1.141517232529,1.135964522529,0.5219518387544373,0.00064419399922828,19147223.77851438,382944.4757255204,0.0009989876924716289,0.0009772440131784093,1030.5035472804902,986.1324557985556,12710773.477155777,254215.4696461659,32.64370110774145,0.6528740224194821,12163477.066338556,243269.54142538435,31.23813908713224,0.6247627819959025,"[0.340,0.428]",0.38,"[0.070,0.100]",0.093,0.0036,0.0,50,0.1818,0.008,0.8322835225290001,37,1.132283522529,0.005,0.0,36,0.1825,0.008,0.8811835225290001,31,1.1331835225290001,0.18286358431351601,0.1833914251115489,0.5354543616609664,0.5241751558242357,0.19163120944830536,0.18428927401726367,0.5279753381245125,0.5235257527118675
26,56,0.4,60.0,0.195,10680.7244,213.614488,Meziani:1984is,1.498025733,0.073777767,0.0089,0.40890000000000004,0.20500000000000002,0.2139,1.0,0.0,0.0,10680.7244,213.614488,1.0471975511965976,0.24999999999999994,0.7500000000000001,0.3333333333333333,0.0015277769714510114,0.193472223028549,4.433234524286382,1.0449950625000002,0.082,0.08746371,0.12548871,0.3542438566863228,1.164282692529,1.158818982529,0.5111164873656557,0.000686238543829986,15564156.94809198,311283.1389618396,0.000998987692471629,0.0009772440131784095,1100.5949370092915,1053.205872931377,11755151.198231602,235103.02396463204,30.189480040773002,0.6037896008154601,11249001.665241456,224980.03330482912,28.889591084333947,0.577791821686679,"[0.340,0.428]",0.38,"[0.070,0.100]",0.093,0.0036,0.0,53,0.1926,0.008,0.8322835225290001,40,1.156283522529,0.005,0.0,38,0.1925,0.008,0.8811835225290001,34,1.1571835225290001,0.19362475025612014,0.19339142511154891,0.5261910437045453,0.51685762965946,0.202202130166809,0.1970787286855745,0.5181389450222651,0.5141150843691409
26,56,0.4,60.0,0.205,9905.514476,198.1102895,Meziani:1984is,1.726311141,0.083286941,0.0089,0.40890000000000004,0.19500000000000003,0.20390000000000003,1.0,0.0,0.0,9905.514476,198.1102895,1.0471975511965976,0.24999999999999994,0.7500000000000001,0.3333333333333333,0.0015277769714510114,0.20347222302854898,4.433234524286382,1.0449950625000002,0.078,0.08337471,0.12539971,0.35411821472497007,1.187048152529,1.181673442529,0.49932595502846694,0.0007250738608379388,13661386.806238739,273227.73609719134,0.000998987692471629,0.0009772440131784095,1181.5786460924812,1130.7026114226076,11704144.383401554,234082.88764439948,30.05848476965418,0.6011696953323931,11200191.085497642,224003.8216873388,28.76423616561745,0.5752847232542718,"[0.340,0.428]",0.38,"[0.070,0.100]",0.093,0.0036,0.0,56,0.2034,0.008,0.8322835225290001,43,1.180283522529,0.005,0.0,40,0.2025,0.008,0.8811835225290001,37,1.1811835225290002,0.20438370487531188,0.20339142511154892,0.5159900136328727,0.5093693437084444,0.21267596608364003,0.20986818335388532,0.5074251231146869,0.5044393293755884
26,56,0.4,60.0,0.215,9835.769764,196.7153953,Meziani:1984is,1.870722927,0.089774367,0.0089,0.40890000000000004,0.18500000000000003,0.19390000000000002,1.0,0.0,0.0,9835.769764,196.7153953,1.0471975511965976,0.24999999999999994,0.7500000000000001,0.3333333333333333,0.0015277769714510114,0.21347222302854899,4.433234524286382,1.0449950625000002,0.074,0.07928571,0.12551071,0.3542749073812595,1.209813612529,1.204527902529,0.48653623686291825,0.0007606391022004097,12930928.393697694,258618.56790024758,0.0009989876924716293,0.0009772440131784097,1275.3841806078005,1220.4690972956635,12544385.16110612,250887.7032476301,32.216384039531,0.6443276808561286,12004253.045077061,240085.06092595062,30.829221300297764,0.6165844260686433,"[0.340,0.428]",0.38,"[0.070,0.100]",0.093,0.0036,0.0,59,0.2142,0.008,0.8322835225290001,46,1.204283522529,0.005,0.0,42,0.2125,0.008,0.8811835225290001,40,1.2051835225290002,0.21514044953374167,0.2133914251115489,0.5047533398235124,0.5017337683511074,0.22305534397899718,0.22265763802219615,0.49575630440986607,0.494546825770636
26,56,0.4,60.0,0.225,10333.61384,206.6722768,Meziani:1984is,1.741888199,0.088836298,0.0089,0.40890000000000004,0.17500000000000002,0.1839,1.0,0.0,0.0,10333.61384,206.6722768,1.0471975511965976,0.24999999999999994,0.7500000000000001,0.3333333333333333,0.0015277769714510114,0.223472223028549,4.433234524286382,1.0449950625000002,0.06999999999999999,0.07519671,0.12582171,0.35471356049635316,1.232579072529,1.2273823625290001,0.47270383651778053,0.000792904628852488,13032606.273159323,260652.12546318647,0.0009989876924716293,0.0009772440131784097,1384.3844570915335,1324.776074807084,14305694.385681957,286113.8877136391,36.73976351668827,0.7347952703337655,13689724.381527357,273794.48763054714,35.15783455358505,0.703156691071701,"[0.340,0.428]",0.38,"[0.070,0.100]",0.093,0.0036,0.0,62,0.225,0.008,0.8322835225290001,49,1.228283522529,0.005,0.0,44,0.2225,0.008,0.8811835225290001,43,1.2291835225290002,0.2258949855926886,0.2233914251115489,0.4923664842549796,0.49397364753703704,0.23334277427457006,0.23544709269050698,0.4830426618240628,0.4844837843463821
26,56,0.4,60.0,0.235,11300.65359,226.0130718,Meziani:1984is,1.778658185,0.092030075,0.0089,0.40890000000000004,0.16500000000000004,0.17390000000000003,1.0,0.0,0.0,11300.65359,226.0130718,1.0471975511965976,0.24999999999999994,0.7500000000000001,0.3333333333333333,0.0015277769714510114,0.23347222302854898,4.433234524286382,1.0449950625000002,0.066,0.07110771,0.12633271000000001,0.35543313013842703,1.255344532529,1.2502368225290001,0.45778620526191044,0.0008218723428323015,13749889.126401516,274997.7825280303,0.0009989876924716293,0.0009772440131784097,1511.5239819319634,1446.441266732744,17081208.912790537,341624.17825581075,43.86781648734043,0.8773563297468085,16345731.69362753,326914.6338725506,41.97897010383282,0.8395794020766565,"[0.340,0.428]",0.38,"[0.070,0.100]",0.093,0.0036,0.0,64,0.2322,0.008,0.8322835225290001,52,1.252283522529,0.005,0.0,46,0.2325,0.008,0.8811835225290001,46,1.253183522529,0.23306344997053685,0.23339142511154892,0.48340407402515734,0.4861108930268776,0.24354065812424086,0.2482365473588177,0.4691799437895783,0.47429397470607
26,56,0.4,60.0,0.245,12668.74508,253.3749017,Meziani:1984is,1.862852228,0.098668021,0.0089,0.40890000000000004,0.15500000000000003,0.16390000000000002,1.0,0.0,0.0,12668.74508,253.3749017,1.0471975511965976,0.24999999999999994,0.7500000000000001,0.3333333333333333,0.0015277769714510114,0.24347222302854898,4.433234524286382,1.0449950625000002,0.062,0.06701871,0.12704370999999998,0.3564319149571205,1.278109992529,1.2730912825290002,0.4417422371469397,0.0008475752712785923,14947044.24409271,298940.88499983784,0.0009989876924716293,0.0009772440131784097,1660.493707921517,1588.9967020026152,21036371.492601674,420727.4300180829,54.02543162539014,1.0805086329342495,20130594.150631856,402611.88317153684,51.69922190459167,1.0339844384999182,"[0.340,0.428]",0.38,"[0.045,0.070]",0.056,0.0036,0.0,67,0.243,0.008,0.8322835225290001,55,1.2762835225290001,0.003,0.0,81,0.2445,0.01,0.918183522529,35,1.273183522529,0.24381430805156867,0.24503677211018,0.46878930178905487,0.41990967808713153,0.2536512939587229,0.23917735030209755,0.4540467926468775,0.4259509502960434
26,56,0.4,90.0,0.015,0.0,0.0,Meziani:1984is,#DIV/0!,#DIV/0!,0.0089,0.40890000000000004,0.385,0.39390000000000003,1.0,0.0,0.0,0.0,0.0,1.5707963267948966,0.5000000000000001,0.5000000000000001,0.9999999999999998,0.0030439278357765054,0.011956072164223494,4.433234524286382,1.0449950625000002,0.3080000000000001,0.3221314200000001,0.3223564200000001,0.567764405365465,0.600504412529,0.586372992529,0.33317818942215166,-0.00026558047311923825,-0.0,-0.0,0.00016649794874527135,0.00016287400219640143,2094.0564687386664,2003.8912564131526,0.0,0.0,0.0,0.0,0.0,0.0,0.0,0.0,"[0.523,0.609]",0.57,"[0.322,0.438]",0.38,0.0036,0.0,3,0.0126,0.06,0.6517835225290001,-2,0.5617835225290001,0.005,0.0,2,0.0125,0.05,0.5941835225290001,-1,0.5691835225290001,0.015711870526622818,0.016142382176221364,0.3331644434770366,0.3331810190445911,0.0033657431117094516,0.03667765138717625,0.3333255850631954,0.3325484896618888
26,56,0.4,90.0,0.025,67.77418206,1.355483641,Meziani:1984is,4.278915528,0.190337967,0.0089,0.40890000000000004,0.375,0.3839,1.0,0.0,0.0,67.77418206,1.355483641,1.5707963267948966,0.5000000000000001,0.5000000000000001,0.9999999999999998,0.0030439278357765054,0.021956072164223496,4.433234524286382,1.0449950625000002,0.3000000000000001,0.3139534200000001,0.3145784200000001,0.5608729089553177,0.627269872529,0.613316452529,0.3328915327461288,-0.0002411364548949196,-281061.5345968077,-5621.230691106748,0.00016649794874527135,0.00016287400219640143,2097.662029009101,2007.3415696249767,142167.3282544118,2843.3465646687036,0.3651129318891495,0.00730225863670555,136045.93299636935,2720.9186595259184,0.3493920162796458,0.006987840324561868,"[0.523,0.609]",0.57,"[0.206,0.322]",0.265,0.0036,0.0,6,0.0234,0.06,0.6517835225290001,-1,0.621783522529,0.005,0.0,4,0.0225,0.015,0.7091835225290001,-7,0.611683522529,0.02650750173101102,0.025040082307101738,0.3328523959219377,0.3328083704337771,0.03470363000146104,-0.0019571595900127006,0.3325085791427343,0.33333012122704486
26,56,0.4,90.0,0.035,301.4873406,6.029746812,Meziani:1984is,2.58053953,0.087565866,0.0089,0.40890000000000004,0.365,0.3739,1.0,0.0,0.0,301.4873406,6.029746812,1.5707963267948966,0.5000000000000001,0.5000000000000001,0.9999999999999998,0.0030439278357765054,0.0319560721642235,4.433234524286382,1.0449950625000002,0.29200000000000004,0.3057754200000001,0.30700042000000005,0.5540761860971829,0.654035332529,0.640259912529,0.3324454362412007,-0.00021666167465635215,-1391512.0940433517,-27830.241880867037,0.00016649794874527143,0.00016287400219640148,2103.2869294938105,2012.7242749472896,634114.3828918285,12682.287657836572,1.6285272033557368,0.03257054406711474,606810.8890149215,12136.217780298432,1.558406600945769,0.031168132018915384,"[0.523,0.609]",0.57,"[0.206,0.322]",0.265,0.0036,0.0,8,0.0306,0.06,0.6517835225290001,-1,0.621783522529,0.005,0.0,6,0.0325,0.015,0.7091835225290001,-5,0.6416835225290001,0.03370334876287018,0.03504008230710174,0.332555493273858,0.33230689596143886,0.03470363000146104,0.014029658745375841,0.3325085791427343,0.33316835731055394
26,56,0.4,90.0,0.045,771.870864,15.43741728,Meziani:1984is,1.852641506,0.056615688,0.0089,0.40890000000000004,0.35500000000000004,0.36390000000000006,1.0,0.0,0.0,771.870864,15.43741728,1.5707963267948966,0.5000000000000001,0.5000000000000001,0.9999999999999998,0.0030439278357765054,0.04195607216422349,4.433234524286382,1.0449950625000002,0.2840000000000001,0.2975974200000001,0.2996224200000001,0.5473777671772942,0.680800792529,0.667203372529,0.3318280519029066,-0.00019217030729686314,-4016597.9586410304,-80331.95917282061,0.00016649794874527143,0.00016287400219640148,2111.0996789903015,2020.200625579799,1629496.3332123666,32589.926664247334,4.184858722653268,0.08369717445306536,1559334.00231962,31186.680046392397,4.004668416941222,0.08009336833882442,"[0.523,0.609]",0.57,"[0.206,0.322]",0.265,0.0036,0.0,11,0.0414,0.06,0.6517835225290001,0,0.6817835225290001,0.005,0.0,8,0.0425,0.015,0.7091835225290001,-3,0.6716835225290001,0.0444952596798629,0.04504008230710174,0.33197643187202175,0.3316408312459061,0.06506319616208411,0.03001647708076438,0.3304253035206953,0.3325794957664505
26,56,0.4,90.0,0.055,1471.384215,29.42768429,Meziani:1984is,1.556357597,0.052127785,0.0089,0.40890000000000004,0.34500000000000003,0.35390000000000005,1.0,0.0,0.0,1471.384215,29.42768429,1.5707963267948966,0.5000000000000001,0.5000000000000001,0.9999999999999998,0.0030439278357765054,0.051956072164223495,4.433234524286382,1.0449950625000002,0.2760000000000001,0.28941942000000015,0.29244442000000015,0.5407813051502429,0.7075662525290001,0.6941468325289999,0.3310267479344185,-0.00016767804561856471,-8775055.849273888,-175501.11692583963,0.0001664979487452714,0.00016287400219640145,2121.288703597281,2029.9509344306405,3121230.7139308527,62424.614257404166,8.015918362244332,0.16031836719040785,2986837.7621457446,59736.75522261538,7.670771518352825,0.15341543031492347,"[0.523,0.609]",0.57,"[0.206,0.322]",0.265,0.0036,0.0,14,0.052199999999999996,0.06,0.6517835225290001,0,0.6817835225290001,0.005,0.0,10,0.0525,0.015,0.7091835225290001,-2,0.6866835225290001,0.05528494026972197,0.05504008230710174,0.33123625116721545,0.33081216128808305,0.06506319616208411,0.038009886248458656,0.3304253035206953,0.33212618919674125
26,56,0.4,90.0,0.065,2438.219524,48.76439048,Meziani:1984is,1.382156105,0.043884482,0.0089,0.40890000000000004,0.335,0.34390000000000004,1.0,0.0,0.0,2438.219524,48.76439048,1.5707963267948966,0.5000000000000001,0.5000000000000001,0.9999999999999998,0.0030439278357765054,0.0619560721642235,4.433234524286382,1.0449950625000002,0.26800000000000007,0.28124142000000013,0.2854664200000001,0.5342905763720712,0.7343317125290001,0.7210902925289999,0.3300280625702072,-0.00014320218654232216,-17026412.67477718,-340528.2534955436,0.00016649794874527143,0.00016287400219640148,2134.065348865495,2042.1774470015685,5203319.799095721,104066.39598191442,13.363121968536703,0.2672624393707341,4979276.9227517,99585.538455034,12.787736945442935,0.25575473890885875,"[0.523,0.609]",0.57,"[0.206,0.322]",0.265,0.0036,0.0,17,0.063,0.06,0.6517835225290001,1,0.741783522529,0.005,0.0,12,0.0625,0.015,0.7091835225290001,0,0.716683522529,0.06607239191467329,0.06504008230710175,0.33033398190854335,0.32982333899971744,0.09453071926566958,0.05399670458384714,0.3271647749614251,0.33090615202075374
26,56,0.4,90.0,0.075,3689.799123,73.79598245,Meziani:1984is,1.19789719,0.037129393,0.0089,0.40890000000000004,0.325,0.33390000000000003,1.0,0.0,0.0,3689.799123,73.79598245,1.5707963267948966,0.5000000000000001,0.5000000000000001,0.9999999999999998,0.0030439278357765054,0.07195607216422349,4.433234524286382,1.0449950625000002,0.26000000000000006,0.2730634200000001,0.2786884200000001,0.5279094808771672,0.7610971725290001,0.748033752529,0.32881765631160514,-0.00011876171355818468,-31068927.960459784,-621378.5591249935,0.0001664979487452714,0.00016287400219640145,2149.6674319464237,2057.1077405893707,7931841.005137576,158636.82008125485,20.370487088860997,0.40740974172201233,7590314.337143171,151806.28672229234,19.493381184144102,0.3898676236300516,"[0.523,0.609]",0.57,"[0.206,0.322]",0.265,0.0036,0.0,19,0.0702,0.06,0.6517835225290001,1,0.741783522529,0.005,0.0,14,0.0725,0.015,0.7091835225290001,2,0.746683522529,0.07326278872385217,0.07504008230710174,0.3296418336959482,0.328677267225986,0.09453071926566958,0.06998352291923568,0.3271647749614251,0.32927624125788857
26,56,0.4,90.0,0.085,5156.799545,103.1359909,Meziani:1984is,1.043282748,0.032384427,0.0089,0.40890000000000004,0.315,0.3239,1.0,0.0,0.0,5156.799545,103.1359909,1.5707963267948966,0.5000000000000001,0.5000000000000001,0.9999999999999998,0.0030439278357765054,0.0819560721642235,4.433234524286382,1.0449950625000002,0.25200000000000006,0.2648854200000001,0.2721104200000001,0.5216420420173206,0.7878626325290001,0.774977212529,0.3273802627605428,-9.43773734494545e-05,-54640210.42884624,-1092804.2085769246,0.0001664979487452714,0.00016287400219640145,2168.363463433015,2074.9987643439367,11181815.721625997,223636.31443251992,28.71704471129329,0.5743408942258658,10700352.683844374,214007.0536768875,27.480555403383338,0.5496111080676668,"[0.428,0.523]",0.475,"[0.206,0.322]",0.265,0.0036,0.0,22,0.081,0.032,0.7510585225290001,0,0.7670585225290001,0.005,0.0,16,0.0825,0.015,0.7091835225290001,4,0.7766835225290001,0.08309647826215638,0.08504008230710175,0.32646235408138835,0.32737727772640496,0.05806204531808978,0.08597034125462422,0.3299963552672274,0.3272486493001888
26,56,0.4,90.0,0.095,6718.915857,134.3783171,Meziani:1984is,1.003138028,0.030957375,0.0089,0.40890000000000004,0.30500000000000005,0.31390000000000007,1.0,0.0,0.0,6718.915857,134.3783171,1.5707963267948966,0.5000000000000001,0.5000000000000001,0.9999999999999998,0.0030439278357765054,0.0919560721642235,4.433234524286382,1.0449950625000002,0.2440000000000001,0.25670742000000013,0.26573242000000014,0.5154924053756759,0.814628092529,0.801920672529,0.32569963829988136,-7.007174502514272e-05,-95886235.66587587,-1917724.712746674,0.00016649794874527138,0.00016287400219640145,2190.457689114743,2096.1416639370414,14717500.901480623,294350.0179419942,37.79736153305699,0.7559472304361193,14083799.464344952,281675.9892030534,36.16989485350509,0.7233978968547702,"[0.428,0.523]",0.475,"[0.206,0.322]",0.265,0.0036,0.0,25,0.09179999999999999,0.032,0.7510585225290001,1,0.7990585225290001,0.005,0.0,18,0.0925,0.015,0.7091835225290001,6,0.8066835225290001,0.09387818881037191,0.09504008230710174,0.3245386248156396,0.3259271073941091,0.07399352741706322,0.10195715959001277,0.3278968896406236,0.3248382911414469
26,56,0.4,90.0,0.105,8215.446474,164.3089295,Meziani:1984is,0.936041641,0.029091541,0.0089,0.40890000000000004,0.29500000000000004,0.30390000000000006,1.0,0.0,0.0,8215.446474,164.3089295,1.5707963267948966,0.5000000000000001,0.5000000000000001,0.9999999999999998,0.0030439278357765054,0.10195607216422349,4.433234524286382,1.0449950625000002,0.2360000000000001,0.24852942000000014,0.2595544200000001,0.509464836863154,0.841393552529,0.828864132529,0.3237585109423807,-4.586929728776116e-05,-179105566.46334422,-3582111.329702906,0.00016649794874527138,0.00016287400219640145,2216.2961414273245,2120.8675724506825,18207862.32042892,364157.2464529043,46.761278254798135,0.9352255652098002,17423874.019910898,348477.48044063535,44.74784612180704,0.8949569225450767,"[0.428,0.523]",0.475,"[0.206,0.322]",0.265,0.0036,0.0,28,0.1026,0.032,0.7510585225290001,2,0.831058522529,0.005,0.0,20,0.10250000000000001,0.015,0.7091835225290001,7,0.821683522529,0.10465767534840609,0.10504008230710175,0.32236785211468344,0.324330872024267,0.0896781284730418,0.10995056875770697,0.3253172129852285,0.3234949149799125
26,56,0.4,90.0,0.115,9484.971554,189.6994311,Meziani:1984is,0.92567489,0.029098664,0.0089,0.40890000000000004,0.28500000000000003,0.29390000000000005,1.0,0.0,0.0,9484.971554,189.6994311,1.5707963267948966,0.5000000000000001,0.5000000000000001,0.9999999999999998,0.0030439278357765054,0.1119560721642235,4.433234524286382,1.0449950625000002,0.2280000000000001,0.24035142000000012,0.25357642000000014,0.5035637199004711,0.8681590125290001,0.8558075925290001,0.3215385287570134,-2.179643415461686e-05,-435161618.0296592,-8703232.361510767,0.00016649794874527138,0.00016287400219640145,2246.273942034411,2149.554598526546,21305844.44268783,426116.88889868214,54.71748978023362,1.0943497957200496,20388464.220794182,407769.2844588747,52.361481641195425,1.0472296329343178,"[0.428,0.523]",0.475,"[0.206,0.322]",0.265,0.0036,0.0,31,0.1134,0.032,0.7510585225290001,3,0.8630585225290001,0.005,0.0,22,0.1125,0.015,0.7091835225290001,9,0.851683522529,0.11543493925196913,0.11504008230710175,0.3199455155627431,0.3225930379667296,0.10512698204379911,0.12593738709309552,0.32226765263323,0.3205436610405321
26,56,0.4,90.0,0.125,10401.70768,208.0341536,Meziani:1984is,0.916195714,0.028937556,0.0089,0.40890000000000004,0.275,0.28390000000000004,1.0,0.0,0.0,10401.70768,208.0341536,1.5707963267948966,0.5000000000000001,0.5000000000000001,0.9999999999999998,0.0030439278357765054,0.1219560721642235,4.433234524286382,1.0449950625000002,0.22000000000000008,0.2321734200000001,0.2477984200000001,0.4977935515853938,0.8949244725289999,0.8827510525289999,0.3190202083827938,2.1184774480482047e-06,4909992168.943455,98199843.3788691,0.00016649794874527138,0.00016287400219640145,2280.844164991447,2182.6363079026,23724674.26787472,474493.48535749444,60.92950811143904,1.218590162228781,22703144.84655732,454062.8969311464,58.30602487793002,1.1661204975586004,"[0.428,0.523]",0.475,"[0.206,0.322]",0.265,0.0036,0.0,33,0.1206,0.032,0.7510585225290001,4,0.8950585225290001,0.005,0.0,24,0.1225,0.015,0.7091835225290001,11,0.8816835225290001,0.12261854773613123,0.12504008230710173,0.31818836853665905,0.3207183920156518,0.12035040921075424,0.14192420542848405,0.31875561329622654,0.3172569992701777
26,56,0.4,90.0,0.135,10895.6833,217.913666,Meziani:1984is,0.917794665,0.029828327,0.0089,0.40890000000000004,0.265,0.27390000000000003,1.0,0.0,0.0,10895.6833,217.913666,1.5707963267948966,0.5000000000000001,0.5000000000000001,0.9999999999999998,0.0030439278357765054,0.1319560721642235,4.433234524286382,1.0449950625000002,0.21200000000000008,0.2239954200000001,0.2422204200000001,0.4921589377426769,0.9216899325290001,0.9096945125290001,0.3161828842583524,2.58450995738236e-05,421576371.5236505,8431527.430473011,0.0001664979487452714,0.00016287400219640145,2320.528660276822,2220.6120809081062,25283745.370949544,505674.90741899086,64.93350135275983,1.2986700270551965,24195085.965728704,483901.71931457403,62.13761546147001,1.2427523092294002,"[0.428,0.523]",0.475,"[0.206,0.322]",0.265,0.0036,0.0,36,0.1314,0.032,0.7510585225290001,4,0.8950585225290001,0.005,0.0,26,0.1325,0.015,0.7091835225290001,13,0.9116835225290001,0.13339211030218934,0.13504008230710174,0.31533510005622073,0.31871200989967513,0.12035040921075424,0.1579110237638726,0.31875561329622654,0.3136570606078869
26,56,0.4,90.0,0.145,10954.34023,219.0868046,Meziani:1984is,0.940266578,0.03131179,0.0089,0.40890000000000004,0.255,0.2639,1.0,0.0,0.0,10954.34023,219.0868046,1.5707963267948966,0.5000000000000001,0.5000000000000001,0.9999999999999998,0.0030439278357765054,0.14195607216422348,4.433234524286382,1.0449950625000002,0.20400000000000007,0.2158174200000001,0.23684242000000008,0.4866645867535464,0.9484553925289999,0.9366379725289999,0.31300465933208116,4.935113901817013e-05,221967323.30669862,4439346.466133973,0.00016649794874527138,0.00016287400219640145,2365.931358583788,2264.059844382076,25917217.062752943,518344.3412550589,66.56037800228948,1.3312075600457896,24801281.836442113,496025.6367288423,63.69444257760736,1.2738888515521474,"[0.428,0.523]",0.475,"[0.206,0.322]",0.265,0.0036,0.0,39,0.1422,0.032,0.7510585225290001,5,0.927058522529,0.005,0.0,28,0.14250000000000002,0.015,0.7091835225290001,15,0.9416835225290001,0.1441634538954233,0.14504008230710175,0.312215253701864,0.3165792237403808,0.1353579992399624,0.17389784209926112,0.3147858187480994,0.30976728308324847
26,56,0.4,90.0,0.155,10575.13454,211.5026908,Meziani:1984is,0.945614447,0.032623698,0.0089,0.40890000000000004,0.24500000000000002,0.2539,1.0,0.0,0.0,10575.13454,211.5026908,1.5707963267948966,0.5000000000000001,0.5000000000000001,0.9999999999999998,0.0030439278357765054,0.1519560721642235,4.433234524286382,1.0449950625000002,0.1960000000000001,0.20763942000000007,0.23166442000000007,0.48131530206300327,0.9752208525289999,0.963581432529,0.30946235817473694,7.260239071852641e-05,145658213.66680527,2913164.2733361055,0.00016649794874527138,0.00016287400219640145,2417.754742260538,2313.651833412885,25568081.68412821,511361.6336825643,65.66373147118362,1.3132746294236728,24467179.417058926,489343.58834117855,62.836403565479635,1.2567280713095927,"[0.428,0.523]",0.475,"[0.206,0.322]",0.265,0.0036,0.0,42,0.153,0.032,0.7510585225290001,6,0.959058522529,0.005,0.0,30,0.1525,0.015,0.7091835225290001,16,0.956683522529,0.15493257988634923,0.15504008230710173,0.30882199990971715,0.3143255888443742,0.15015868023032108,0.18189125126695535,0.3103605012247248,0.3077213006394745
26,56,0.4,90.0,0.165,9894.558716,197.8911743,Meziani:1984is,1.020763057,0.036080437,0.0089,0.40890000000000004,0.23500000000000001,0.2439,1.0,0.0,0.0,9894.558716,197.8911743,1.5707963267948966,0.5000000000000001,0.5000000000000001,0.9999999999999998,0.0030439278357765054,0.1619560721642235,4.433234524286382,1.0449950625000002,0.18800000000000008,0.19946142000000008,0.22668642000000008,0.4761159732670183,1.0019863125289998,0.9905248925289999,0.30553148359585175,9.556281274893097e-05,103539843.91392547,2070796.878069223,0.0001664979487452714,0.00016287400219640145,2476.8203917382425,2370.1742530848005,24507044.79504016,490140.8958512668,62.93878549256735,1.258775709724128,23451828.314299002,469036.56623857655,60.22878743751704,1.2045757486285995,"[0.428,0.523]",0.475,"[0.145,0.206]",0.16,0.0036,0.0,44,0.1602,0.032,0.7510585225290001,7,0.9910585225290001,0.005,0.0,32,0.1625,0.03,0.8141835225290001,5,0.979183522529,0.1621107658885208,0.16403363460051426,0.3064042439157571,0.29972983108316675,0.1647607812274835,0.1379275008446369,0.30547954625518103,0.30885169479721425
26,56,0.4,90.0,0.175,8981.846532,179.6369306,Meziani:1984is,1.019834838,0.038633481,0.0089,0.40890000000000004,0.22500000000000003,0.23390000000000002,1.0,0.0,0.0,8981.846532,179.6369306,1.5707963267948966,0.5000000000000001,0.5000000000000001,0.9999999999999998,0.0030439278357765054,0.17195607216422348,4.433234524286382,1.0449950625000002,0.18000000000000008,0.1912834200000001,0.22190842000000008,0.47107156568827213,1.0287517725289999,1.0174683525289998,0.30118617806895565,0.0001181946368496667,75991997.36468692,1519839.9469553137,0.0001664979487452714,0.00016287400219640145,2544.094827533681,2434.5520077839415,22850669.30376253,457013.3859734868,58.68489594315226,1.1736979186016965,21866772.50808783,437335.45006437454,56.15806050102964,1.123161209770497,"[0.428,0.523]",0.475,"[0.145,0.206]",0.16,0.0036,0.0,47,0.17099999999999999,0.032,0.7510585225290001,8,1.023058522529,0.005,0.0,34,0.17250000000000001,0.03,0.8141835225290001,6,1.009183522529,0.17287619891739325,0.17403363460051427,0.3025381797074915,0.29598090565099155,0.17917208703067822,0.15391431918002543,0.30014059886173744,0.3033869923031813
26,56,0.4,90.0,0.185,7949.212334,158.9842467,Meziani:1984is,1.083126181,0.042771533,0.0089,0.40890000000000004,0.21500000000000002,0.22390000000000002,1.0,0.0,0.0,7949.212334,158.9842467,1.5707963267948966,0.5000000000000001,0.5000000000000001,0.9999999999999998,0.0030439278357765054,0.1819560721642235,4.433234524286382,1.0449950625000002,0.17200000000000007,0.18310542000000005,0.21733042000000005,0.4661871083588649,1.0555172325289999,1.044411812529,0.2963991915000344,0.00014045851828236265,56594732.95894921,1131894.659321375,0.00016649794874527138,0.00016287400219640145,2620.7223034812796,2507.8800824298432,20832678.058822278,416653.56122886,53.50230786884972,1.0700461575116047,19935671.283444244,398713.42571904254,51.1986226431091,1.0239724529909964,"[0.428,0.523]",0.475,"[0.145,0.206]",0.16,0.0036,0.0,50,0.1818,0.032,0.7510585225290001,9,1.0550585225290001,0.005,0.0,36,0.1825,0.03,0.8141835225290001,7,1.039183522529,0.18363941799179884,0.18403363460051425,0.2983768910060561,0.2921111242932827,0.19339988671638675,0.16990113751541397,0.2943391356472627,0.29754555062578
26,56,0.4,90.0,0.195,6911.828869,138.2365774,Meziani:1984is,1.192159146,0.048901674,0.0089,0.40890000000000004,0.20500000000000002,0.2139,1.0,0.0,0.0,6911.828869,138.2365774,1.5707963267948966,0.5000000000000001,0.5000000000000001,0.9999999999999998,0.0030439278357765054,0.1919560721642235,4.433234524286382,1.0449950625000002,0.16400000000000006,0.17492742000000006,0.21295242000000006,0.4614676803417549,1.082282692529,1.0713552725289999,0.29114185712997503,0.00016231372848993873,42583143.97249793,851662.8795731767,0.00016649794874527138,0.00016287400219640145,2708.0668255768196,2591.4637520852584,18717694.46420305,374353.8893382223,48.07062486115476,0.9614124973621919,17911753.97462995,358235.0795444282,46.00081530160796,0.9200163061652664,"[0.428,0.523]",0.475,"[0.145,0.206]",0.16,0.0036,0.0,53,0.1926,0.032,0.7510585225290001,10,1.0870585225290001,0.005,0.0,38,0.1925,0.03,0.8141835225290001,8,1.069183522529,0.19440042447710937,0.19403363460051426,0.2939107054426016,0.28813352543150633,0.2074510167374516,0.1858879558508025,0.2880685061362439,0.2913813064949448
26,56,0.4,90.0,0.205,5974.977232,119.4995446,Meziani:1984is,1.208372805,0.053054595,0.0089,0.40890000000000004,0.19500000000000003,0.20390000000000003,1.0,0.0,0.0,5974.977232,119.4995446,1.5707963267948966,0.5000000000000001,0.5000000000000001,0.9999999999999998,0.0030439278357765054,0.20195607216422348,4.433234524286382,1.0449950625000002,0.15600000000000006,0.16674942000000006,0.20877442000000007,0.45691839533991196,1.109048152529,1.098298732529,0.28538407764555046,0.00018371839354298426,32522477.019167084,650449.5401656171,0.00016649794874527143,0.00016287400219640148,2807.7665625099926,2686.87064969744,16776341.283768112,335526.8255630515,43.08485801694365,0.8616971600504375,16053990.957271252,321079.8190379502,41.229724008331026,0.8245944798906045,"[0.428,0.523]",0.475,"[0.145,0.206]",0.16,0.0036,0.0,56,0.2034,0.032,0.7510585225290001,10,1.0870585225290001,0.005,0.0,40,0.2025,0.03,0.8141835225290001,9,1.099183522529,0.2051592197372969,0.20403363460051427,0.2891290482120561,0.28406092528173965,0.2074510167374516,0.20187477418619104,0.2880685061362439,0.2849475483903518
26,56,0.4,90.0,0.215,5222.419572,104.4483914,Meziani:1984is,1.267611671,0.05859353,0.0089,0.40890000000000004,0.18500000000000003,0.19390000000000002,1.0,0.0,0.0,5222.419572,104.4483914,1.5707963267948966,0.5000000000000001,0.5000000000000001,0.9999999999999998,0.0030439278357765054,0.2119560721642235,4.433234524286382,1.0449950625000002,0.14800000000000005,0.15857142000000005,0.20479642000000003,0.45254438456354756,1.135813612529,1.125242192529,0.27909432388443445,0.0002046297806470028,25521307.58039051,510426.1514123353,0.00016649794874527146,0.0001628740021964015,2921.8051193800725,2795.9989709330057,15258892.241020286,305177.84470353357,39.187758199476626,0.7837551636893825,14601879.749092387,292037.59487000783,37.50042426585783,0.7500084850299303,"[0.428,0.523]",0.475,"[0.145,0.206]",0.16,0.0036,0.0,58,0.21059999999999998,0.032,0.7510585225290001,11,1.119058522529,0.005,0.0,42,0.2125,0.03,0.8141835225290001,10,1.1291835225290001,0.2123305221252636,0.21403363460051425,0.2857603558660763,0.2799058428678847,0.22133189932088493,0.2178615925215796,0.281319945779614,0.2782960331198244
26,56,0.4,90.0,0.225,4709.134218,94.18268437,Meziani:1984is,1.356937327,0.064767744,0.0089,0.40890000000000004,0.17500000000000002,0.1839,1.0,0.0,0.0,4709.134218,94.18268437,1.5707963267948966,0.5000000000000001,0.5000000000000001,0.9999999999999998,0.0030439278357765054,0.2219560721642235,4.433234524286382,1.0449950625000002,0.14000000000000004,0.15039342000000006,0.20101842000000006,0.4483507778514498,1.162579072529,1.152185652529,0.27223964885630997,0.00022500463405141793,20929054.36304868,418581.08730541717,0.00016649794874527143,0.00016287400219640148,3052.606090173814,2921.167955445544,14375131.793312702,287502.6358967801,36.91809208060047,0.7383618416904062,13756171.975513712,275123.4395394859,35.32848470334324,0.706569694141886,"[0.428,0.523]",0.475,"[0.145,0.206]",0.16,0.0036,0.0,61,0.22139999999999999,0.032,0.7510585225290001,12,1.151058522529,0.005,0.0,44,0.2225,0.03,0.8141835225290001,11,1.1591835225290001,0.2230856350374495,0.22403363460051426,0.28042674576363796,0.27568043412396936,0.23504857677637536,0.23384841085696814,0.274082562220543,0.2714762491565675
26,56,0.4,90.0,0.235,4460.399515,89.20799031,Meziani:1984is,1.398977822,0.06905211,0.0089,0.40890000000000004,0.16500000000000004,0.17390000000000003,1.0,0.0,0.0,4460.399515,89.20799031,1.5707963267948966,0.5000000000000001,0.5000000000000001,0.9999999999999998,0.0030439278357765054,0.23195607216422348,4.433234524286382,1.0449950625000002,0.13200000000000006,0.14221542000000006,0.19744042000000006,0.44434268307242336,1.189344532529,1.179129112529,0.26478572016122404,0.0002447995605324681,18220618.963931557,364412.3793194809,0.00016649794874527143,0.00016287400219640148,3203.1602545710593,3065.2396068819307,14287374.445956029,285747.4889511522,36.692714402187114,0.7338542881260055,13672193.255894955,273443.8651485515,35.112811264777726,0.7022562253742757,"[0.428,0.523]",0.475,"[0.100,0.145]",0.12,0.0036,0.0,64,0.2322,0.032,0.7510585225290001,13,1.183058522529,0.005,0.0,46,0.2325,0.008,0.8541835225290001,40,1.178183522529,0.23383854035488127,0.2336502259503857,0.2747445161711825,0.25576273066168187,0.24860674223549706,0.2226576380221961,0.26634329570626936,0.2613508783471998
26,56,0.4,90.0,0.245,4477.094652,89.54189303,Meziani:1984is,1.418330523,0.071698283,0.0089,0.40890000000000004,0.15500000000000003,0.16390000000000002,1.0,0.0,0.0,4477.094652,89.54189303,1.5707963267948966,0.5000000000000001,0.5000000000000001,0.9999999999999998,0.0030439278357765054,0.2419560721642235,4.433234524286382,1.0449950625000002,0.12400000000000005,0.13403742000000005,0.19406242000000004,0.44052516386694646,1.216109992529,1.206072572529,0.256696874262801,0.00026397146322052384,16960525.192300048,339210.50380811805,0.0001664979487452714,0.00016287400219640145,3377.1993542304135,3231.7849867643877,15120041.167562837,302400.82331748476,38.83116204515288,0.7766232408163247,14469007.28065673,289380.1455808168,37.159182314464644,0.7431836462062945,"[0.428,0.523]",0.475,"[0.100,0.145]",0.12,0.0036,0.0,67,0.243,0.032,0.7510585225290001,14,1.215058522529,0.005,0.0,48,0.2425,0.008,0.8541835225290001,43,1.202183522529,0.24458923943640087,0.24365022595038568,0.268699144835889,0.2506627600604422,0.2620117672652519,0.23544709269050693,0.2580868538860161,0.2548470491626876
26,56,0.4,90.0,0.255,4743.235293,94.86470587,Meziani:1984is,1.425187574,0.073578471,0.0089,0.40890000000000004,0.14500000000000002,0.1539,1.0,0.0,0.0,4743.235293,94.86470587,1.5707963267948966,0.5000000000000001,0.5000000000000001,0.9999999999999998,0.0030439278357765054,0.2519560721642235,4.433234524286382,1.0449950625000002,0.11600000000000005,0.12585942000000006,0.19088442000000005,0.4369032158270297,1.242875452529,1.233016032529,0.2479361964599844,0.0002824780209242498,16791519.841014322,335830.39685568743,0.00016649794874527138,0.00016287400219640145,3579.437625236829,3425.315347111344,16978114.87311543,339562.29749810306,43.603051245225764,0.8720610249964422,16247076.644073073,324941.5329157146,41.7256050386609,0.8345121008611867,"[0.428,0.523]",0.475,"[0.100,0.145]",0.12,0.0036,0.0,69,0.2502,0.032,0.7510585225290001,15,1.247058522529,0.005,0.0,50,0.2525,0.008,0.8541835225290001,47,1.234183522529,0.2517551471411963,0.2536502259503857,0.2644593988117319,0.2455610370028807,0.27526872673583835,0.25249969891492136,0.2492956206286796,0.24614768821817992
26,56,0.4,90.0,0.265,5232.900057,104.6580011,Meziani:1984is,1.393108968,0.073764069,0.0089,0.40890000000000004,0.135,0.1439,1.0,0.0,0.0,5232.900057,104.6580011,1.5707963267948966,0.5000000000000001,0.5000000000000001,0.9999999999999998,0.0030439278357765054,0.2619560721642235,4.433234524286382,1.0449950625000002,0.10800000000000004,0.11768142000000004,0.18790642000000005,0.4334817412533082,1.269640912529,1.259959492529,0.23846563078565497,0.0003002782083022365,17426839.218825273,348536.7842432957,0.00016649794874527138,0.00016287400219640145,3815.914033642553,3651.6096301101447,19968296.764155217,399365.93513046775,51.28241112716472,1.0256482221512946,19108508.241545126,382170.16468483815,49.07430950389272,0.9814861897027332,"[0.428,0.523]",0.475,"[0.100,0.145]",0.12,0.0036,0.0,72,0.261,0.032,0.7510585225290001,15,1.247058522529,0.005,0.0,52,0.2625,0.008,0.8541835225290001,50,1.2581835225290001,0.2625021721787135,0.26365022595038573,0.25777295883277507,0.24046993438353817,0.27526872673583835,0.2652891535832322,0.2492956206286796,0.23963734720843713
26,56,0.4,90.0,0.275,5910.137148,118.202743,Meziani:1984is,1.340070425,0.073940755,0.0089,0.40890000000000004,0.125,0.1339,1.0,0.0,0.0,5910.137148,118.202743,1.5707963267948966,0.5000000000000001,0.5000000000000001,0.9999999999999998,0.0030439278357765054,0.2719560721642235,4.433234524286382,1.0449950625000002,0.10000000000000003,0.10950342000000003,0.18512842000000004,0.4302655226717568,1.296406372529,1.286902952529,0.22824612442889713,0.00031733285029833855,18624410.11840917,372488.2024942341,0.00016649794874527138,0.00016287400219640145,4094.4878421468948,3918.1886968455356,24198984.69790672,483979.694121914,62.1476281525267,1.2429525634711514,23157032.57010051,463140.65155873774,59.47169549667292,1.1894339103359648,"[0.428,0.523]",0.475,"[0.100,0.145]",0.12,0.0036,0.0,75,0.2718,0.032,0.7510585225290001,16,1.279058522529,0.005,0.0,54,0.2725,0.008,0.8541835225290001,54,1.2901835225290001,0.2732469945970806,0.27365022595038574,0.2506780180095416,0.23540079005723624,0.2883824212691516,0.28234175980764664,0.23994953790143064,0.2310208041337034
26,56,0.4,90.0,0.285,6721.702635,134.4340527,Meziani:1984is,1.230343032,0.074534687,0.0089,0.40890000000000004,0.11500000000000005,0.12390000000000005,1.0,0.0,0.0,6721.702635,134.4340527,1.5707963267948966,0.5000000000000001,0.5000000000000001,0.9999999999999998,0.0030439278357765054,0.28195607216422347,4.433234524286382,1.0449950625000002,0.09200000000000005,0.10132542000000008,0.18255042000000007,0.4272591953369758,1.3231718325289998,1.313846412529,0.21723781161034983,0.0003336052022600866,20148674.509456836,402973.49018913676,0.00016649794874527143,0.00016287400219640148,4425.574112806734,4235.019160970182,29747393.175440807,594947.8635088162,76.39700395092304,1.5279400790184607,28466539.453568764,569330.7890713753,73.10752623859696,1.4621505247719393,"[0.340,0.428]",0.38,"[0.100,0.145]",0.12,0.0036,0.0,78,0.2826,0.008,0.8322835225290001,60,1.316283522529,0.005,0.0,56,0.28250000000000003,0.008,0.8541835225290001,57,1.3141835225290002,0.28321526652734974,0.28365022595038575,0.1818444549057488,0.23036392256378077,0.27031440789774897,0.29513121447595747,0.19806763374309708,0.22463292136959387
26,56,0.4,90.0,0.295,7610.10714,152.2021428,Meziani:1984is,1.1340182,0.078711113,0.0089,0.40890000000000004,0.10500000000000004,0.11390000000000004,1.0,0.0,0.0,7610.10714,152.2021428,1.5707963267948966,0.5000000000000001,0.5000000000000001,0.9999999999999998,0.0030439278357765054,0.2919560721642235,4.433234524286382,1.0449950625000002,0.08400000000000005,0.09314742000000006,0.18017242000000006,0.42446721899341067,1.3499372925289999,1.340789872529,0.2054002421121808,0.00034906154518857176,21801619.92891205,436032.39857824094,0.00016649794874527143,0.00016287400219640148,4823.266574385424,4615.587907991118,36705575.395853855,734111.507917077,94.26694877092862,1.885338975418572,35125118.49390087,702502.3698780175,90.20803270152159,1.8041606540304318,"[0.340,0.428]",0.38,"[0.070,0.100]",0.093,0.0036,0.0,81,0.2934,0.008,0.8322835225290001,63,1.340283522529,0.005,0.0,58,0.2925,0.008,0.8811835225290001,57,1.341183522529,0.29395584631113536,0.2933914251115489,0.16721925960415637,0.20613664050589076,0.2802029014970301,0.2951312144759574,0.18575943778542026,0.20520520997426123
26,56,0.4,140.0,0.03,0.072460077,0.001449202,Meziani:1984is,44.0242423,17.80290683,0.0089,0.40890000000000004,0.37,0.3789,1.0,0.0,0.0,0.072460077,0.001449202,2.443460952792061,0.8830222215594888,0.11697777844051105,7.548632170413027,0.005344555964364672,0.024655444035635327,4.433234524286382,1.0449950625000002,0.5227491551632174,0.5472343370612851,0.5481343370612851,0.740360950524327,0.41390344736578266,0.38941826546771496,0.0620266828742788,-0.00017853274313901345,-405.86435701365656,-8.117289716831312,1.248932580985395e-05,1.2217486730109024e-05,5206.9227749540905,4982.724762830245,377.29402520622705,7.545882899309017,0.0009689633294703866,1.937927274070028e-05,361.04861998448627,7.220974691743116,0.0009272420169644451,1.8544846225721065e-05,"[0.702,0.878]",0.756,"[0.438,0.650]",0.5,0.002,0.0,12,0.025,0.04,0.405147522529,-1,0.385147522529,0.005,0.0,4,0.0225,0.1,0.4741835225290001,-1,0.4241835225290001,0.030469397393389386,0.027292608126607054,0.06202770655217665,0.06203567908544537,0.03982900006389922,0.02335530277435249,0.061960614346318825,0.062058860195250934
26,56,0.4,140.0,0.04,4.037227232,0.080744545,Meziani:1984is,2.145036557,0.47062003,0.0089,0.40890000000000004,0.36000000000000004,0.36890000000000006,1.0,0.0,0.0,4.037227232,0.080744545,2.443460952792061,0.8830222215594888,0.11697777844051105,7.548632170413027,0.005344555964364672,0.03465544403563533,4.433234524286382,1.0449950625000002,0.5086207996182657,0.5327916256054581,0.5343916256054582,0.7310209474464177,0.4467972629107344,0.42262643692354196,0.061947881055808646,-0.0001664423948728479,-24256.00301584342,-485.1200624797789,1.2489325809853948e-05,1.2217486730109024e-05,5214.422373144926,4989.901445725658,21051.80800401076,421.0361619574072,0.05406507554363714,0.0010813015156937314,20145.3660016798,402.90732182996044,0.051737158847711906,0.0010347431815676462,"[0.702,0.878]",0.756,"[0.438,0.650]",0.5,0.002,0.0,17,0.035,0.04,0.405147522529,0,0.425147522529,0.005,0.0,6,0.0325,0.1,0.4741835225290001,-1,0.4241835225290001,0.04046260302723681,0.037292608126607056,0.06195542646505656,0.06196072084639983,0.060067384102035604,0.02335530277435249,0.06175439881957735,0.062058860195250934
26,56,0.4,140.0,0.05,12.51134723,0.250226945,Meziani:1984is,0.959129323,0.224596116,0.0089,0.40890000000000004,0.35000000000000003,0.35890000000000005,1.0,0.0,0.0,12.51134723,0.250226945,2.443460952792061,0.8830222215594888,0.11697777844051105,7.548632170413027,0.005344555964364672,0.04465544403563533,4.433234524286382,1.0449950625000002,0.4944924440733138,0.5183489141496311,0.5208489141496311,0.7216986311124824,0.4796910784556863,0.45583460837936896,0.06184261860899876,-0.00015434972421459394,-81058.4359231206,-1621.1687210539294,1.2489325809853953e-05,1.2217486730109027e-05,5224.470170636203,4999.516608372685,65365.16039760689,1307.3032100419257,0.1678702529561968,0.003357405064490912,62550.68826950259,1251.0137673898585,0.16064214940364543,0.0032128429932087948,"[0.702,0.878]",0.756,"[0.438,0.650]",0.5,0.002,0.0,22,0.045,0.04,0.405147522529,1,0.465147522529,0.005,0.0,8,0.0425,0.1,0.4741835225290001,-1,0.4241835225290001,0.05045389607190032,0.04729260812660706,0.06186278351171957,0.06186282395046904,0.079903567462147,0.02335530277435249,0.061471051969853516,0.062058860195250934
26,56,0.4,140.0,0.06,26.34596687,0.526919337,Meziani:1984is,1.434754708,0.177636297,0.0089,0.40890000000000004,0.34,0.34890000000000004,1.0,0.0,0.0,26.34596687,0.526919337,2.443460952792061,0.8830222215594888,0.11697777844051105,7.548632170413027,0.005344555964364672,0.054655444035635325,4.433234524286382,1.0449950625000002,0.480364088528362,0.5039062026938042,0.5075062026938042,0.7123946958630477,0.512584894000638,0.48904277983519584,0.06170888432685495,-0.0001422554500974829,-185201.81020794628,-3704.0362013470826,1.2489325809853948e-05,1.2217486730109024e-05,5237.285370040957,5011.7800150284975,137981.34684783473,2759.6269348617807,0.35436252978935207,0.007087250590406901,132040.1902356689,2640.8038027086664,0.3391045015481612,0.006782090025814739,"[0.702,0.878]",0.756,"[0.438,0.650]",0.5,0.002,0.0,27,0.055,0.04,0.405147522529,2,0.505147522529,0.005,0.0,10,0.0525,0.1,0.4741835225290001,0,0.5241835225290001,0.06044327762511159,0.05729260812660705,0.06174977731192365,0.061742206417883264,0.09936061671112018,0.0766446972256476,0.061114856167903776,0.06144529394738884
26,56,0.4,140.0,0.07,53.21334803,1.064266961,Meziani:1984is,1.700701109,0.142069617,0.0089,0.40890000000000004,0.33,0.33890000000000003,1.0,0.0,0.0,53.21334803,1.064266961,2.443460952792061,0.8830222215594888,0.11697777844051105,7.548632170413027,0.005344555964364672,0.06465544403563533,4.433234524286382,1.0449950625000002,0.46623573298341014,0.4894634912379771,0.4943634912379771,0.7031098713842504,0.54547870954559,0.522250951291023,0.061544511959496936,-0.00013016037354373348,-408829.097375942,-8176.581950591972,1.2489325809853951e-05,1.2217486730109025e-05,5253.113076445031,5026.926217122706,279535.7343778134,5590.714689657513,0.7179013124859982,0.014358026255116363,267499.57431288186,5349.991488268408,0.6869901478467494,0.013739802962099033,"[0.702,0.878]",0.756,"[0.438,0.650]",0.5,0.002,0.0,32,0.065,0.04,0.405147522529,2,0.505147522529,0.005,0.0,12,0.0625,0.1,0.4741835225290001,0,0.5241835225290001,0.0704307487835365,0.06729260812660706,0.061616404829442785,0.06159913544595432,0.09936061671112018,0.0766446972256476,0.061114856167903776,0.06144529394738884
26,56,0.4,140.0,0.08,102.6906174,2.053812348,Meziani:1984is,1.577554056,0.103222673,0.0089,0.40890000000000004,0.32,0.3289,1.0,0.0,0.0,102.6906174,2.053812348,2.443460952792061,0.8830222215594888,0.11697777844051105,7.548632170413027,0.005344555964364672,0.07465544403563533,4.433234524286382,1.0449950625000002,0.4521073774384583,0.47502077978215007,0.4814207797821501,0.6938449248803007,0.5783725250905418,0.55545912274685,0.06134716704830309,-0.00011806538571240576,-869777.5116759707,-17395.550233519418,1.248932580985395e-05,1.2217486730109024e-05,5272.228238969268,5045.218325105022,541408.3729334689,10828.167458669379,1.3904404114377702,0.027808808228755404,518096.5847228286,10361.931694456573,1.3305712738118989,0.02661142547623798,"[0.609,0.702]",0.649,"[0.438,0.650]",0.5,0.0036,0.0,20,0.0738,0.018,0.5554825225290001,-1,0.5464825225290001,0.005,0.0,14,0.0725,0.1,0.4741835225290001,0,0.5241835225290001,0.07777931573636465,0.07729260812660706,0.061284787815928804,0.061433925940767076,0.04543606396606925,0.0766446972256476,0.061836704143251715,0.06144529394738884
26,56,0.4,140.0,0.09,181.4294116,3.628588231,Meziani:1984is,1.752747789,0.088188568,0.0089,0.40890000000000004,0.31000000000000005,0.3189000000000001,1.0,0.0,0.0,181.4294116,3.628588231,2.443460952792061,0.8830222215594888,0.11697777844051105,7.548632170413027,0.005344555964364672,0.08465544403563532,4.433234524286382,1.0449950625000002,0.43797902189350657,0.46057806832632314,0.46867806832632314,0.6846006633989797,0.6112663406354936,0.5886672942026769,0.06111433252393399,-0.00010597147673466506,-1712058.916139001,-34241.17831334352,1.2489325809853948e-05,1.2217486730109024e-05,5294.940334379386,5066.952490389766,960657.9093235593,19213.158181176244,2.467153530436701,0.049343070595135596,919294.20893657,18385.884173664446,2.3609236243991347,0.04721847247496979,"[0.609,0.702]",0.649,"[0.438,0.650]",0.5,0.0036,0.0,23,0.0846,0.018,0.5554825225290001,1,0.5824825225290001,0.005,0.0,16,0.0825,0.1,0.4741835225290001,1,0.6241835225290001,0.08856212342651304,0.08729260812660707,0.06103617278667912,0.061246938802852896,0.06356706833875447,0.12993409167694267,0.06156307855278998,0.06021544633282935
26,56,0.4,140.0,0.1,303.5076601,6.070153202,Meziani:1984is,1.611161971,0.071167891,0.0089,0.40890000000000004,0.30000000000000004,0.30890000000000006,1.0,0.0,0.0,303.5076601,6.070153202,2.443460952792061,0.8830222215594888,0.11697777844051105,7.548632170413027,0.005344555964364672,0.09465544403563533,4.433234524286382,1.0449950625000002,0.4238506663485547,0.4461353568704961,0.4561353568704961,0.6753779363219501,0.6441601561804454,0.621875465658504,0.06084329294158639,-9.387974541391683e-05,-3232940.809136533,-64658.81618273066,1.2489325809853948e-05,1.2217486730109024e-05,5321.598960955714,5092.463258366556,1615146.04863026,32302.9209726052,4.148004442970664,0.08296008885941329,1545601.6076920552,30912.032153841104,3.9694009970220923,0.07938801994044185,"[0.609,0.702]",0.649,"[0.438,0.650]",0.5,0.0036,0.0,26,0.0954,0.018,0.5554825225290001,3,0.618482522529,0.005,0.0,18,0.0925,0.1,0.4741835225290001,1,0.6241835225290001,0.09934270642759913,0.09729260812660706,0.06075522851213414,0.06103857898406917,0.08137572506613766,0.12993409167694267,0.061205463511914755,0.06021544633282935
26,56,0.4,140.0,0.11,483.307223,9.666144459,Meziani:1984is,1.562153355,0.061865411,0.0089,0.40890000000000004,0.29000000000000004,0.29890000000000005,1.0,0.0,0.0,483.307223,9.666144459,2.443460952792061,0.8830222215594888,0.11697777844051105,7.548632170413027,0.005344555964364672,0.10465544403563533,4.433234524286382,1.0449950625000002,0.4097223108036029,0.4316926454146692,0.4437926454146692,0.6661776380325815,0.6770539717253973,0.6550836371143309,0.06053111721295875,-8.179140987557379e-05,-5909021.78768207,-118180.43574141519,1.2489325809853951e-05,1.2217486730109025e-05,5352.60055586402,5122.129996536724,2586950.510482896,51739.01020430531,6.643784455485335,0.13287568909596018,2475562.424471164,49511.24848430115,6.357718513608129,0.12715437025900794,"[0.609,0.702]",0.649,"[0.322,0.438]",0.38,0.0036,0.0,29,0.1062,0.018,0.5554825225290001,5,0.6544825225290001,0.005,0.0,20,0.10250000000000001,0.05,0.5941835225290001,1,0.6691835225290002,0.11012106611603656,0.10614238217622138,0.060441916994661525,0.0604417080441607,0.09887863911985406,0.08996704583847139,0.060767989826673266,0.06090564689723848
26,56,0.4,140.0,0.12,730.2256961,14.60451392,Meziani:1984is,1.383134016,0.048067331,0.0089,0.40890000000000004,0.28,0.28890000000000005,1.0,0.0,0.0,730.2256961,14.60451392,2.443460952792061,0.8830222215594888,0.11697777844051105,7.548632170413027,0.005344555964364672,0.11465544403563532,4.433234524286382,1.0449950625000002,0.39559395525865104,0.41724993395884213,0.43164993395884216,0.6570007107749901,0.7099477872703489,0.6882918085701578,0.06017463967896269,-6.970781925906898e-05,-10475520.592404671,-209510.41181940224,1.248932580985395e-05,1.2217486730109024e-05,5388.396508326291,5156.3846583498,3934745.591155376,78694.91181233071,10.105180400195513,0.20210360797623336,3765324.5765028433,75306.4915197441,9.670074781042816,0.19340149559437114,"[0.609,0.702]",0.649,"[0.322,0.438]",0.38,0.0036,0.0,31,0.1134,0.018,0.5554825225290001,7,0.6904825225290001,0.005,0.0,22,0.1125,0.05,0.5941835225290001,1,0.6691835225290002,0.11730540474704299,0.11614238217622136,0.06021503905072962,0.06012079615203592,0.11609103700477197,0.08996704583847139,0.060254402721501926,0.06090564689723848
26,56,0.4,140.0,0.13,1043.141889,20.86283778,Meziani:1984is,1.322926454,0.044481005,0.0089,0.40890000000000004,0.27,0.27890000000000004,1.0,0.0,0.0,1043.141889,20.86283778,2.443460952792061,0.8830222215594888,0.11697777844051105,7.548632170413027,0.005344555964364672,0.12465544403563533,4.433234524286382,1.0449950625000002,0.3814655997136992,0.40280722250301515,0.4197072225030152,0.6478481477190586,0.7428416028153008,0.7214999800259848,0.05977043935001865,-5.7630466553142036e-05,-18100528.268986005,-362010.5653797201,1.2489325809853951e-05,1.2217486730109025e-05,5429.503019007142,5195.721218067612,5663742.035578313,113274.84071156626,14.545574468229802,0.290911489364596,5419874.44613243,108397.4889226486,13.919275784357877,0.2783855156871575,"[0.609,0.702]",0.649,"[0.322,0.438]",0.38,0.0036,0.0,34,0.12419999999999999,0.018,0.5554825225290001,9,0.7264825225290001,0.005,0.0,24,0.1225,0.05,0.5941835225290001,2,0.7191835225290001,0.12808006196924993,0.12614238217622137,0.05984767947862571,0.05977486941772737,0.13302692183748432,0.1166117430641189,0.059668106977432474,0.060105112215300155
26,56,0.4,140.0,0.14,1407.615719,28.15231437,Meziani:1984is,1.250341252,0.041772765,0.0089,0.40890000000000004,0.26,0.26890000000000003,1.0,0.0,0.0,1407.615719,28.15231437,2.443460952792061,0.8830222215594888,0.11697777844051105,7.548632170413027,0.005344555964364672,0.13465544403563534,4.433234524286382,1.0449950625000002,0.3673372441687474,0.3883645110471881,0.4079645110471881,0.638720996247335,0.7757354183602527,0.7547081514818121,0.05931481712163473,-4.556100268438247e-05,-30895187.464399382,-617903.7490685018,1.2489325809853948e-05,1.2217486730109024e-05,5476.513160294832,5240.707211757597,7708826.009741372,154176.52014006232,19.79774186093746,0.3959548370781019,7376901.849946655,147538.03694652603,18.945297036690505,0.37890594059921867,"[0.609,0.702]",0.649,"[0.322,0.438]",0.38,0.0036,0.0,37,0.135,0.018,0.5554825225290001,11,0.7624825225290001,0.005,0.0,26,0.1325,0.05,0.5941835225290001,3,0.7691835225290001,0.13885249954231682,0.13614238217622138,0.059447818518431554,0.05940484682404919,0.1496992066895827,0.14325644028976647,0.05901220555668489,0.05912747149502853
26,56,0.4,140.0,0.15,1796.698737,35.93397473,Meziani:1984is,1.152113016,0.038793371,0.0089,0.40890000000000004,0.25,0.2589,1.0,0.0,0.0,1796.698737,35.93397473,2.443460952792061,0.8830222215594888,0.11697777844051105,7.548632170413027,0.005344555964364672,0.14465544403563532,4.433234524286382,1.0449950625000002,0.35320888862379557,0.37392179959136107,0.3964217995913611,0.6296203614809174,0.8086292339052044,0.7879163229376389,0.05880377075167579,-3.350125197848285e-05,-53630793.80298927,-1072615.8757612891,1.2489325809853948e-05,1.2217486730109024e-05,5530.1117326656195,5291.997953976571,9935944.7655492,198718.8952556829,25.51740944267016,0.5103481887113794,9508126.04011629,190162.5207494058,24.418689004734087,0.4883737799587731,"[0.609,0.702]",0.649,"[0.322,0.438]",0.38,0.0036,0.0,40,0.14579999999999999,0.018,0.5554825225290001,12,0.7804825225290001,0.005,0.0,28,0.14250000000000002,0.05,0.5941835225290001,3,0.7691835225290001,0.14962271883746325,0.14614238217622139,0.05901539349457947,0.05901169340291355,0.15794026507618952,0.14325644028976647,0.058659048134625115,0.05912747149502853
26,56,0.4,140.0,0.16,2174.78623,43.4957246,Meziani:1984is,1.135743811,0.038532523,0.0089,0.40890000000000004,0.24000000000000002,0.2489,1.0,0.0,0.0,2174.78623,43.4957246,2.443460952792061,0.8830222215594888,0.11697777844051105,7.548632170413027,0.005344555964364672,0.15465544403563533,4.433234524286382,1.0449950625000002,0.3390805330788438,0.3594790881355341,0.3850790881355341,0.6205474100627075,0.8415230494501562,0.8211244943934659,0.05823296736206196,-2.145322912357599e-05,-101373374.49167605,-2027467.489833521,1.2489325809853948e-05,1.2217486730109024e-05,5591.0937036387595,5350.354182787116,12159433.597313276,243188.6719462655,31.22775468412664,0.6245550936825328,11635876.602348324,232717.53204696646,29.883160030841427,0.5976632006168284,"[0.609,0.702]",0.649,"[0.322,0.438]",0.38,0.0036,0.0,42,0.153,0.018,0.5554825225290001,14,0.816482522529,0.005,0.0,30,0.1525,0.05,0.5941835225290001,4,0.8191835225290001,0.156801633334112,0.15614238217622137,0.05870898497494311,0.05859641433622851,0.17423925724888079,0.16990113751541397,0.057903976635490004,0.057990795339005384
26,56,0.4,140.0,0.17,2504.1128,50.08225599,Meziani:1984is,1.030305025,0.035102253,0.0089,0.40890000000000004,0.23,0.2389,1.0,0.0,0.0,2504.1128,50.08225599,2.443460952792061,0.8830222215594888,0.11697777844051105,7.548632170413027,0.005344555964364672,0.16465544403563534,4.433234524286382,1.0449950625000002,0.32495217753389194,0.34503637667970705,0.373936376679707,0.611503374217761,0.8744168649951081,0.8543326658492929,0.057597713201345935,-9.419157775318937e-06,-265853153.72479886,-5317063.073434312,1.2489325809853945e-05,1.2217486730109018e-05,5660.387279225229,5416.664137803261,14174248.238865068,283484.9647206975,36.40218463243181,0.7280436925032667,13563938.00077411,271278.75996131555,34.83479103273927,0.696695820515675,"[0.609,0.702]",0.649,"[0.322,0.438]",0.38,0.0036,0.0,45,0.1638,0.018,0.5554825225290001,16,0.852482522529,0.005,0.0,32,0.1625,0.05,0.5941835225290001,5,0.8691835225290001,0.16756815854272133,0.16614238217622138,0.05822212877408115,0.05816004900116433,0.19030288248597638,0.19654583474106155,0.05708594343581766,0.05671496385642877
26,56,0.4,140.0,0.18,2752.429041,55.04858082,Meziani:1984is,1.046348501,0.036331545,0.0089,0.40890000000000004,0.22000000000000003,0.22890000000000002,1.0,0.0,0.0,2752.429041,55.04858082,2.443460952792061,0.8830222215594888,0.11697777844051105,7.548632170413027,0.005344555964364672,0.17465544403563532,4.433234524286382,1.0449950625000002,0.31082382198894015,0.33059366522388006,0.36299366522388005,0.6024895561118716,0.9073106805400599,0.8875408373051199,0.056892920375454285,2.598509046111498e-06,1059233965.384432,21184679.30768864,1.2489325809853948e-05,1.2217486730109024e-05,5739.083024734971,5491.9714271233415,15796418.785990655,315928.3757198131,40.56822933311971,0.8113645866623942,15116261.6483565,302325.23296712997,38.82145551584336,0.7764291103168672,"[0.523,0.609]",0.57,"[0.322,0.438]",0.38,0.0036,0.0,48,0.1746,0.06,0.6517835225290001,3,0.861783522529,0.005,0.0,34,0.17250000000000001,0.05,0.5941835225290001,5,0.8691835225290001,0.1774125400721971,0.17614238217622138,0.05644384428172759,0.057703665019644745,0.15107704591224025,0.19654583474106155,0.05801141988999975,0.05671496385642877
26,56,0.4,140.0,0.19,2899.051213,57.98102426,Meziani:1984is,1.024473106,0.036908627,0.0089,0.40890000000000004,0.21000000000000002,0.2189,1.0,0.0,0.0,2899.051213,57.98102426,2.443460952792061,0.8830222215594888,0.11697777844051105,7.548632170413027,0.005344555964364672,0.18465544403563533,4.433234524286382,1.0449950625000002,0.2966954664439883,0.3161509537680531,0.3522509537680531,0.5935073325309916,0.9402044960850118,0.9207490087609469,0.056113070221567786,1.4597066606404312e-05,198605054.78053182,3972101.0956106363,1.2489325809853946e-05,1.221748673010902e-05,5828.470969647481,5577.510534550952,16897035.834491815,337940.7166898363,43.39482474290558,0.8678964948581115,16169488.680710217,323389.7736142043,41.526344286344965,0.8305268857268993,"[0.523,0.609]",0.57,"[0.206,0.322]",0.265,0.0036,0.0,51,0.18539999999999998,0.06,0.6517835225290001,4,0.9217835225290001,0.005,0.0,36,0.1825,0.015,0.7091835225290001,14,0.9266835225290001,0.18817482650251094,0.18504008230710173,0.05572916353182458,0.05540800014916294,0.17827682984594106,0.16590443293156687,0.05638804308954584,0.056608008875426066
26,56,0.4,140.0,0.2,2937.508817,58.75017634,Meziani:1984is,1.048507491,0.039148819,0.0089,0.40890000000000004,0.2,0.2089,1.0,0.0,0.0,2937.508817,58.75017634,2.443460952792061,0.8830222215594888,0.11697777844051105,7.548632170413027,0.005344555964364672,0.19465544403563534,4.433234524286382,1.0449950625000002,0.28256711089903647,0.30170824231222604,0.3417082423122261,0.5845581599056043,0.9730983116299636,0.953957180216774,0.055252172964389064,2.6573533983876574e-05,110542648.13939787,2210852.962787958,1.2489325809853948e-05,1.2217486730109024e-05,5930.088372194513,5674.752527545566,17419686.87891056,348393.7375782112,44.73709274164833,0.8947418548329666,16669635.583958136,333392.71167916275,42.81081733976932,0.8562163467953865,"[0.523,0.609]",0.57,"[0.206,0.322]",0.265,0.0036,0.0,54,0.19619999999999999,0.06,0.6517835225290001,5,0.981783522529,0.005,0.0,38,0.1925,0.015,0.7091835225290001,16,0.956683522529,0.19893490091873645,0.19504008230710174,0.054971383904677276,0.054751109633315205,0.2048295861789483,0.18189125126695535,0.05453784320040499,0.0556108236831629
26,56,0.4,140.0,0.21,2875.45702,57.5091404,Meziani:1984is,1.081567201,0.042428038,0.0089,0.40890000000000004,0.19000000000000003,0.19890000000000002,1.0,0.0,0.0,2875.45702,57.5091404,2.443460952792061,0.8830222215594888,0.11697777844051105,7.548632170413027,0.005344555964364672,0.20465544403563532,4.433234524286382,1.0449950625000002,0.2684387553540846,0.28726553085639905,0.331365530856399,0.5756435797057056,1.0059921271749155,0.987165351672601,0.05430372325462792,3.8524627291905756e-05,74639450.71323636,1492789.0142647272,1.2489325809853955e-05,1.2217486730109029e-05,6045.781895520971,5785.464556222217,17384385.992864683,347687.71985729365,44.6464333042041,0.892928666084082,16635854.672150357,332717.09344300715,42.72406148732792,0.8544812297465585,"[0.523,0.609]",0.57,"[0.206,0.322]",0.265,0.0036,0.0,56,0.2034,0.06,0.6517835225290001,5,0.981783522529,0.005,0.0,40,0.2025,0.015,0.7091835225290001,18,0.986683522529,0.2061070556394924,0.20504008230710175,0.054442165732949924,0.0540762723359069,0.2048295861789483,0.1978780696023439,0.05453784320040499,0.05456133296317629
26,56,0.4,140.0,0.22,2733.393742,54.66787484,Meziani:1984is,1.093878263,0.045364851,0.0089,0.40890000000000004,0.18000000000000002,0.1889,1.0,0.0,0.0,2733.393742,54.66787484,2.443460952792061,0.8830222215594888,0.11697777844051105,7.548632170413027,0.005344555964364672,0.21465544403563533,4.433234524286382,1.0449950625000002,0.25431039980913284,0.27282281940057207,0.32122281940057207,0.5667652242336081,1.0388859427198671,1.0203735231284279,0.05326065114616712,5.0446730407701794e-05,54183764.139106385,1083675.2827821276,1.2489325809853948e-05,1.2217486730109024e-05,6177.789536268527,5911.788254280413,16886331.257829472,337726.6251565895,43.367333339516286,0.8673466667903258,16159245.018279186,323184.9003655837,41.50003659899233,0.8300007319798467,"[0.523,0.609]",0.57,"[0.206,0.322]",0.265,0.0036,0.0,59,0.2142,0.06,0.6517835225290001,6,1.0417835225290002,0.005,0.0,42,0.2125,0.015,0.7091835225290001,20,1.016683522529,0.21686344639458355,0.21504008230710173,0.05361215074658894,0.05338537486335233,0.23077940367102456,0.21386488793773242,0.05247332475829214,0.05346734092131974
26,56,0.4,140.0,0.23,2542.73816,50.85476321,Meziani:1984is,1.179830486,0.051125988,0.0089,0.40890000000000004,0.17,0.1789,1.0,0.0,0.0,2542.73816,50.85476321,2.443460952792061,0.8830222215594888,0.11697777844051105,7.548632170413027,0.005344555964364672,0.22465544403563534,4.433234524286382,1.0449950625000002,0.240182044264181,0.25838010794474503,0.31128010794474503,0.5579248228433156,1.0717797582648192,1.053581694584255,0.05211526802082329,6.233586301116266e-05,40790935.38088443,815818.7077781099,1.2489325809853948e-05,1.2217486730109024e-05,6328.850034785631,6056.344438264396,16092608.49236675,321852.1699106235,41.32890123585702,0.8265780248796774,15399698.113278642,307993.9623261363,39.54937465157354,0.7909874931870093,"[0.523,0.609]",0.57,"[0.206,0.322]",0.265,0.0036,0.0,62,0.225,0.06,0.6517835225290001,6,1.0417835225290002,0.005,0.0,44,0.2225,0.015,0.7091835225290001,22,1.046683522529,0.22761762876812242,0.22504008230710174,0.052738532435316954,0.05268026878506499,0.23077940367102456,0.22985170627312096,0.05247332475829214,0.05233646981641071
26,56,0.4,140.0,0.24,2342.826655,46.8565331,Meziani:1984is,1.199405852,0.055061692,0.0089,0.40890000000000004,0.16000000000000003,0.16890000000000002,1.0,0.0,0.0,2342.826655,46.8565331,2.443460952792061,0.8830222215594888,0.11697777844051105,7.548632170413027,0.005344555964364672,0.23465544403563532,4.433234524286382,1.0449950625000002,0.2260536887192292,0.24393739648891807,0.3015373964889181,0.549124208616701,1.1046735738097708,1.086789866040082,0.050859206917709,7.418764573314012e-05,31579741.233835157,631594.8246767032,1.248932580985395e-05,1.2217486730109024e-05,6502.351157194991,6222.375004948877,15233881.611246519,304677.6322249304,39.123526111294225,0.7824705222258845,14577946.018999984,291558.92037999973,37.438957862343216,0.7487791572468644,"[0.523,0.609]",0.57,"[0.206,0.322]",0.265,0.0036,0.0,65,0.23579999999999998,0.06,0.6517835225290001,7,1.101783522529,0.005,0.0,46,0.2325,0.015,0.7091835225290001,25,1.091683522529,0.23836960411975383,0.23504008230710174,0.051821099206065445,0.05196276184941239,0.25616558047578153,0.2538319337762037,0.05020528627170373,0.050586984507998006
26,56,0.4,140.0,0.25,2176.273518,43.52547036,Meziani:1984is,1.185512749,0.058816136,0.0089,0.40890000000000004,0.15000000000000002,0.1589,1.0,0.0,0.0,2176.273518,43.52547036,2.443460952792061,0.8830222215594888,0.11697777844051105,7.548632170413027,0.005344555964364672,0.24465544403563533,4.433234524286382,1.0449950625000002,0.21192533317427736,0.2294946850330911,0.2919946850330911,0.5403653255281015,1.1375673893547227,1.119998037495909,0.04948335666783732,8.599726221156722e-05,25306311.64334062,506126.23286681244,1.2489325809853948e-05,1.2217486730109024e-05,6702.533974169609,6413.938414345003,14586547.191480616,291730.94382961234,37.46104732087526,0.7492209464175053,13958484.317221941,279169.6863444388,35.84806155088915,0.7169612310177829,"[0.523,0.609]",0.57,"[0.206,0.322]",0.265,0.0036,0.0,67,0.243,0.06,0.6517835225290001,7,1.101783522529,0.005,0.0,48,0.2425,0.015,0.7091835225290001,27,1.121683522529,0.24553636223502195,0.24504008230710173,0.05118502531356244,0.05123461024501938,0.25616558047578153,0.2698187521115923,0.05020528627170373,0.04939524848167407
26,56,0.4,140.0,0.26,2083.023974,41.66047949,Meziani:1984is,1.324996752,0.06720998,0.0089,0.40890000000000004,0.14,0.1489,1.0,0.0,0.0,2083.023974,41.66047949,2.443460952792061,0.8830222215594888,0.11697777844051105,7.548632170413027,0.005344555964364672,0.25465544403563534,4.433234524286382,1.0449950625000002,0.19779697762932552,0.21505197357726405,0.28265197357726407,0.5316502361301686,1.1704612048996745,1.153206208951736,0.04797778917381421,9.775941785786842e-05,21307655.258631866,426153.10527492926,1.248932580985395e-05,1.2217486730109024e-05,6934.779462090216,6636.183950477005,14445311.873936744,288906.23754808266,37.09832797102254,0.7419665595985492,13823330.264717631,276466.6053607144,35.50096005455771,0.710019201261584,"[0.523,0.609]",0.57,"[0.206,0.322]",0.265,0.0036,0.0,70,0.25379999999999997,0.06,0.6517835225290001,8,1.161783522529,0.005,0.0,50,0.2525,0.015,0.7091835225290001,29,1.151683522529,0.25628466223445656,0.25504008230710173,0.050194063151859925,0.05049751190828268,0.2810233226914941,0.2858055704469808,0.04774307889553979,0.04819064642463508
26,56,0.4,140.0,0.27,2094.620345,41.89240689,Meziani:1984is,1.317661221,0.070179782,0.0089,0.40890000000000004,0.13,0.1389,1.0,0.0,0.0,2094.620345,41.89240689,2.443460952792061,0.8830222215594888,0.11697777844051105,7.548632170413027,0.005344555964364672,0.26465544403563535,4.433234524286382,1.0449950625000002,0.1836686220843737,0.20060926212143704,0.27350926212143706,0.5229811297947919,1.2033550204446264,1.186414380407563,0.046331679109449006,0.00010946829514655133,19134493.162571084,382689.863160071,1.2489325809853948e-05,1.2217486730109024e-05,7206.018914747507,6895.744461708885,15093873.825284947,301877.4764336388,38.76395929768526,0.775279185768641,14443966.643416503,288879.3327993726,37.094873161360276,0.7418974630501096,"[0.428,0.523]",0.475,"[0.145,0.206]",0.16,0.0036,0.0,73,0.2646,0.032,0.7510585225290001,13,1.183058522529,0.005,0.0,52,0.2625,0.03,0.8141835225290001,12,1.189183522529,0.2660840243200866,0.26403363460051427,0.043475991901162574,0.04410083328614793,0.24860674223549706,0.24983522919235657,0.04588606883697597,0.04548170615397581
26,56,0.4,140.0,0.28,2228.225111,44.56450222,Meziani:1984is,1.292508547,0.07180603,0.0089,0.40890000000000004,0.12,0.1289,1.0,0.0,0.0,2228.225111,44.56450222,2.443460952792061,0.8830222215594888,0.11697777844051105,7.548632170413027,0.005344555964364672,0.27465544403563535,4.433234524286382,1.0449950625000002,0.16954026653942186,0.18616655066561003,0.26456655066561,0.5143603315435689,1.2362488359895782,1.21962255186339,0.04453321524534213,0.00012111750525991561,18397217.69547908,367944.3539095816,1.248932580985395e-05,1.2217486730109024e-05,7525.335402946229,7201.311922893633,16768141.313542092,335362.8262708418,43.06379892265394,0.8612759784530787,16046144.05873529,320922.8811747058,41.209571669774206,0.8241914333954842,"[0.428,0.523]",0.475,"[0.145,0.206]",0.16,0.0036,0.0,76,0.2754,0.032,0.7510585225290001,14,1.215058522529,0.005,0.0,54,0.2725,0.03,0.8141835225290001,13,1.219183522529,0.27682811283295905,0.2740336346005143,0.04190665079625702,0.04313502331706999,0.2620117672652519,0.2658220475277451,0.044053279163746795,0.04392761724237359
26,56,0.4,140.0,0.29,2486.832027,49.73664054,Meziani:1984is,1.230481177,0.07157701,0.0089,0.40890000000000004,0.11000000000000004,0.11890000000000005,1.0,0.0,0.0,2486.832027,49.73664054,2.443460952792061,0.8830222215594888,0.11697777844051105,7.548632170413027,0.005344555964364672,0.2846554440356353,4.433234524286382,1.0449950625000002,0.1554119109944701,0.1717238392097831,0.2558238392097831,0.5057903115024872,1.2691426515345299,1.2528307233192169,0.04256950253481383,0.0001327000359499732,18740251.34354534,374805.0268709068,1.2489325809853948e-05,1.2217486730109024e-05,7904.868759139374,7564.503453469066,19658080.799459543,393161.6159891909,50.485717106256,1.00971434212512,18811649.456438977,376232.98912877956,48.31191927881093,0.9662383855762188,"[0.428,0.523]",0.475,"[0.145,0.206]",0.16,0.0036,0.0,79,0.2862,0.032,0.7510585225290001,15,1.247058522529,0.005,0.0,56,0.28250000000000003,0.03,0.8141835225290001,14,1.249183522529,0.2875700005313462,0.2840336346005143,0.04027006963755706,0.04217701192395,0.27526872673583835,0.28180886586313364,0.042138600561874205,0.04238938115706297
26,56,0.4,140.0,0.3,2855.761774,57.11523548,Meziani:1984is,1.159060266,0.141118214,0.0089,0.40890000000000004,0.10000000000000003,0.10890000000000004,1.0,0.0,0.0,2855.761774,57.11523548,2.443460952792061,0.8830222215594888,0.11697777844051105,7.548632170413027,0.005344555964364672,0.2946554440356353,4.433234524286382,1.0449950625000002,0.14128355544951826,0.15728112775395608,0.24728112775395608,0.49727369501508534,1.3020364670794817,1.2860388947750439,0.04042645402123633,0.00014420819552410572,19803047.69518202,396060.95390364045,1.2489325809853951e-05,1.2217486730109025e-05,8361.21919225311,8001.20449588546,23877650.153271586,477553.0030654317,61.32237948850844,1.2264475897701688,22849533.94530664,456990.67890613276,58.681980125153395,1.1736396025030678,"[0.428,0.523]",0.475,"[0.145,0.206]",0.16,0.0036,0.0,81,0.2934,0.032,0.7510585225290001,16,1.279058522529,0.005,0.0,58,0.2925,0.03,0.8141835225290001,15,1.279183522529,0.29473003698988265,0.29403363460051424,0.03914135250966155,0.04122852731724894,0.2883824212691516,0.2977956841985222,0.04014352682934552,0.040874489678898604
26,56,0.4,140.0,0.31,3307.375541,66.14751083,Meziani:1984is,1.073358606,0.068936834,0.0089,0.40890000000000004,0.09000000000000002,0.09890000000000003,1.0,0.0,0.0,3307.375541,66.14751083,2.443460952792061,0.8830222215594888,0.11697777844051105,7.548632170413027,0.005344555964364672,0.3046554440356353,4.433234524286382,1.0449950625000002,0.12715519990456645,0.1428384162981291,0.23893841629812912,0.48881327344716113,1.3349302826244336,1.3192470662308708,0.03808867155492603,0.00015563355292352955,21251044.385172375,425020.887767701,1.2489325809853946e-05,1.221748673010902e-05,8917.702458265343,8533.726883772086,29494190.992382366,589883.8199368244,75.74673224256144,1.5149346450802523,28224239.568961944,564484.7914645763,72.48525372105422,1.4497050746402471,"[0.428,0.523]",0.475,"[0.100,0.145]",0.12,0.0036,0.0,84,0.30419999999999997,0.032,0.7510585225290001,17,1.3110585225290001,0.005,0.0,60,0.3025,0.008,0.8541835225290001,58,1.3221835225290002,0.30546825966764146,0.3036502259503857,0.037391300437912535,0.036104431431468936,0.30135739754960833,0.2993943660320611,0.03806941782723871,0.0365302919894491
26,56,0.44,90.0,0.095,2872.514409,57.45028818,Meziani:1984is,1.239332339,0.034777893,0.0089,0.4489,0.345,0.3539,1.0,0.0,0.0,2872.514409,57.45028818,1.5707963267948966,0.5000000000000001,0.5000000000000001,0.9999999999999998,0.00368035199981509,0.09131964800018491,4.433234524286382,1.040863688016529,0.30360000000000004,0.31773142000000004,0.32675642000000005,0.5716261190673498,0.755028092529,0.740896672529,0.3271385305278407,-0.00010339053896067532,-27783145.710194655,-555662.9142038932,0.00013760161053328216,0.00013487348771362028,2617.1581698388627,2514.4100999681546,7517824.553494202,150356.49106988404,19.307213533917732,0.3861442706783546,7222679.242293654,144453.5848458731,18.549223838050857,0.3709844767610172,"[0.523,0.609]",0.57,"[0.206,0.322]",0.265,0.0036,0.0,25,0.09179999999999999,0.06,0.6517835225290001,1,0.741783522529,0.005,0.0,18,0.0925,0.015,0.7091835225290001,2,0.746683522529,0.09482804306698966,0.09504008230710174,0.3271255485901293,0.3259271073941091,0.09453071926566958,0.06998352291923568,0.3271647749614251,0.32927624125788857
26,56,0.44,90.0,0.105,3885.362556,77.70725112,Meziani:1984is,1.132455449,0.032429406,0.0089,0.4489,0.335,0.34390000000000004,1.0,0.0,0.0,3885.362556,77.70725112,1.5707963267948966,0.5000000000000001,0.5000000000000001,0.9999999999999998,0.00368035199981509,0.1013196480001849,4.433234524286382,1.040863688016529,0.29480000000000006,0.3087534200000001,0.3197784200000001,0.5654895401331488,0.7825935525290001,0.768640132529,0.3255827053901115,-8.263142226542818e-05,-47020400.34503413,-940408.0069006826,0.0001376016105332822,0.0001348734877136203,2641.8394390352382,2538.1223972463968,10264504.03539156,205290.08070783116,26.361212584956334,0.5272242516991266,9861525.724806108,197230.51449612214,25.3262870906663,0.506525741813326,"[0.523,0.609]",0.57,"[0.206,0.322]",0.265,0.0036,0.0,28,0.1026,0.06,0.6517835225290001,1,0.741783522529,0.005,0.0,20,0.10250000000000001,0.015,0.7091835225290001,3,0.7616835225290001,0.10560733371667652,0.10504008230710175,0.3256167695118978,0.324330872024267,0.09453071926566958,0.07797693208692995,0.3271647749614251,0.3283112841055577
26,56,0.44,90.0,0.115,4957.988563,99.15977125,Meziani:1984is,1.077049681,0.031464373,0.0089,0.4489,0.325,0.33390000000000003,1.0,0.0,0.0,4957.988563,99.15977125,1.5707963267948966,0.5000000000000001,0.5000000000000001,0.9999999999999998,0.00368035199981509,0.11131964800018491,4.433234524286382,1.040863688016529,0.2860000000000001,0.29977542000000007,0.31300042000000006,0.5594644045871016,0.8101590125290001,0.7963835925290002,0.3238097939560473,-6.194796990406773e-05,-80034722.21410827,-1600694.4441207398,0.00013760161053328216,0.00013487348771362028,2670.2881067318826,2565.45418720523,13239257.893091597,264785.15783512907,34.00095032195438,0.6800190063705095,12719492.51906399,254389.8503556253,32.66609327754206,0.6533218654849555,"[0.523,0.609]",0.57,"[0.206,0.322]",0.265,0.0036,0.0,30,0.1098,0.06,0.6517835225290001,2,0.8017835225290001,0.005,0.0,22,0.1125,0.015,0.7091835225290001,5,0.7916835225290001,0.11279229266865087,0.11504008230710175,0.3245167057701634,0.3225930379667296,0.12318049522671026,0.09396375042231848,0.3227910270555303,0.32609028452046035
26,56,0.44,90.0,0.125,5992.797032,119.8559406,Meziani:1984is,1.009545287,0.030036058,0.0089,0.4489,0.315,0.3239,1.0,0.0,0.0,5992.797032,119.8559406,1.5707963267948966,0.5000000000000001,0.5000000000000001,0.9999999999999998,0.00368035199981509,0.12131964800018491,4.433234524286382,1.040863688016529,0.27720000000000006,0.2907974200000001,0.3064224200000001,0.553554351441663,0.8377244725289998,0.8241270525289999,0.3218059102282357,-4.135860402778594e-05,-144898435.83632228,-2897968.7157592946,0.00013760161053328216,0.00013487348771362028,2702.8648778473685,2596.752013703111,16197720.617860753,323954.41224910045,41.59884930893002,0.8319769859009414,15561807.760560028,311236.1551073305,39.965703278784595,0.7993140653089336,"[0.523,0.609]",0.57,"[0.206,0.322]",0.265,0.0036,0.0,33,0.1206,0.06,0.6517835225290001,2,0.8017835225290001,0.005,0.0,24,0.1225,0.015,0.7091835225290001,7,0.821683522529,0.12356787989297402,0.12504008230710173,0.322723557834788,0.3207183920156518,0.12318049522671026,0.10995056875770697,0.3227910270555303,0.3234949149799125
26,56,0.44,90.0,0.135,6891.697482,137.8339496,Meziani:1984is,0.996851649,0.030036141,0.0089,0.4489,0.305,0.3139,1.0,0.0,0.0,6891.697482,137.8339496,1.5707963267948966,0.5000000000000001,0.5000000000000001,0.9999999999999998,0.00368035199981509,0.13131964800018492,4.433234524286382,1.040863688016529,0.2684,0.2818194200000001,0.3000444200000001,0.5477631057309356,0.8652899325290002,0.851870512529,0.3195563901397182,-2.088301056305253e-05,-330014557.105727,-6600291.140199108,0.0001376016105332822,0.0001348734877136203,2739.978296448902,2632.4083816106677,18883101.526371546,377662.03041783185,48.495421881433835,0.9699084373472053,18141762.215141933,362835.2441975424,46.59152052258329,0.9318304101812447,"[0.523,0.609]",0.57,"[0.206,0.322]",0.265,0.0036,0.0,36,0.1314,0.06,0.6517835225290001,3,0.861783522529,0.005,0.0,26,0.1325,0.015,0.7091835225290001,9,0.851683522529,0.13434124689345595,0.13504008230710174,0.32075644189915714,0.31871200989967513,0.15107704591224025,0.12593738709309552,0.31734786157942146,0.3205436610405321
26,56,0.44,90.0,0.145,7574.736209,151.4947242,Meziani:1984is,1.012576516,0.030892165,0.0089,0.4489,0.29500000000000004,0.30390000000000006,1.0,0.0,0.0,7574.736209,151.4947242,1.5707963267948966,0.5000000000000001,0.5000000000000001,0.9999999999999998,0.00368035199981509,0.1413196480001849,4.433234524286382,1.040863688016529,0.2596000000000001,0.2728414200000001,0.29386642000000013,0.5420944751609262,0.8928553925289999,0.8796139725289999,0.31704575965355974,-5.421466766279319e-07,-13971747011.553556,-279434940.26796156,0.00013760161053328213,0.00013487348771362026,2782.092798381231,2672.8694932981957,21073619.05669645,421472.3811895708,54.12109050496081,1.082421810242115,20246281.332817324,404925.62670980394,51.99632874895848,1.0399265751164588,"[0.523,0.609]",0.57,"[0.206,0.322]",0.265,0.0036,0.0,39,0.1422,0.06,0.6517835225290001,3,0.861783522529,0.005,0.0,28,0.14250000000000002,0.015,0.7091835225290001,11,0.8816835225290001,0.1451123950419344,0.14504008230710175,0.31861250621569354,0.3165792237403808,0.15107704591224025,0.14192420542848405,0.31734786157942146,0.3172569992701777
26,56,0.44,90.0,0.155,7991.953203,159.8390641,Meziani:1984is,1.009765672,0.031531716,0.0089,0.4489,0.28500000000000003,0.29390000000000005,1.0,0.0,0.0,7991.953203,159.8390641,1.5707963267948966,0.5000000000000001,0.5000000000000001,0.9999999999999998,0.00368035199981509,0.1513196480001849,4.433234524286382,1.040863688016529,0.2508000000000001,0.2638634200000001,0.28788842000000014,0.5365523460017673,0.9204208525289999,0.9073574325289999,0.31425770365037053,1.9641763998790996e-05,406885715.7377477,8137714.316791431,0.0001376016105332822,0.0001348734877136203,2829.73842165414,2718.6445777991285,22615137.04259097,452302.7409650089,58.080003978966666,1.1616000798700257,21727280.24136033,434545.60493595235,55.79981763956431,1.115996353070566,"[0.523,0.609]",0.57,"[0.206,0.322]",0.265,0.0036,0.0,42,0.153,0.06,0.6517835225290001,4,0.9217835225290001,0.005,0.0,30,0.1525,0.015,0.7091835225290001,13,0.9116835225290001,0.15588132570878344,0.15504008230710173,0.31628860702631595,0.3143255888443742,0.17827682984594106,0.1579110237638726,0.3108622034791696,0.3136570606078869
26,56,0.44,90.0,0.165,8126.59894,162.5319788,Meziani:1984is,0.996726928,0.0340856,0.0089,0.4489,0.275,0.28390000000000004,1.0,0.0,0.0,8126.59894,162.5319788,1.5707963267948966,0.5000000000000001,0.5000000000000001,0.9999999999999998,0.00368035199981509,0.16131964800018492,4.433234524286382,1.040863688016529,0.24200000000000008,0.2548854200000001,0.2821104200000001,0.5311406781635164,0.9479863125289999,0.9351008925289999,0.3111750360691909,3.964525024417184e-05,204982914.47144222,4099658.2894288446,0.00013760161053328216,0.00013487348771362028,2883.5225838476454,2770.3172058413234,23433231.573362336,468664.6314672467,60.18102744448391,1.203620548889678,22513256.86845386,450265.1373690772,57.818356176076186,1.1563671235215236,"[0.523,0.609]",0.57,"[0.206,0.322]",0.265,0.0036,0.0,44,0.1602,0.06,0.6517835225290001,4,0.9217835225290001,0.005,0.0,32,0.1625,0.015,0.7091835225290001,15,0.9416835225290001,0.1630593815618937,0.16504008230710174,0.3146376714532196,0.3119568501859396,0.17827682984594106,0.17389784209926112,0.3108622034791696,0.30976728308324847
26,56,0.44,90.0,0.175,7992.324377,159.8464875,Meziani:1984is,0.994704372,0.035033613,0.0089,0.4489,0.265,0.27390000000000003,1.0,0.0,0.0,7992.324377,159.8464875,1.5707963267948966,0.5000000000000001,0.5000000000000001,0.9999999999999998,0.00368035199981509,0.1713196480001849,4.433234524286382,1.040863688016529,0.23320000000000007,0.2459074200000001,0.2765324200000001,0.525863499398846,0.9755517725289999,0.9628443525289999,0.3077796718499339,5.9443628158129265e-05,134452162.90868348,2689043.257500763,0.00013760161053328216,0.00013487348771362028,2944.14445522887,2828.559098683935,23530557.49893508,470611.14986093587,60.430979064669806,1.2086195809909512,22606761.836196765,452135.2366107929,58.058494844629614,1.161169896602021,"[0.523,0.609]",0.57,"[0.206,0.322]",0.265,0.0036,0.0,47,0.17099999999999999,0.06,0.6517835225290001,5,0.981783522529,0.005,0.0,34,0.17250000000000001,0.015,0.7091835225290001,16,0.956683522529,0.17382461946755967,0.17504008230710175,0.31200601507367204,0.30947890892323443,0.2048295861789483,0.18189125126695535,0.3033464547881482,0.3077213006394745
26,56,0.44,90.0,0.185,7627.360936,152.5472187,Meziani:1984is,1.030500597,0.037234373,0.0089,0.4489,0.255,0.2639,1.0,0.0,0.0,7627.360936,152.5472187,1.5707963267948966,0.5000000000000001,0.5000000000000001,0.9999999999999998,0.00368035199981509,0.1813196480001849,4.433234524286382,1.040863688016529,0.22440000000000007,0.23692942000000008,0.27115442000000006,0.5207248985788946,1.0031172325289999,0.990587812529,0.30405260131862627,7.901105401761398e-05,96535364.96677576,1930707.299082386,0.00013760161053328213,0.00013487348771362026,3012.412616407172,2894.147092543529,22976758.313497618,459535.1662097041,59.00871667319365,1.1801743333091441,22074704.476704493,441494.0894762069,56.69206962694677,1.133841392390281,"[0.428,0.523]",0.475,"[0.206,0.322]",0.265,0.0036,0.0,50,0.1818,0.032,0.7510585225290001,7,0.9910585225290001,0.005,0.0,36,0.1825,0.015,0.7091835225290001,18,0.986683522529,0.18363941799179884,0.18504008230710173,0.2983768910060561,0.3068977892721257,0.1647607812274835,0.1978780696023439,0.30547954625518103,0.30344271417131335
26,56,0.44,90.0,0.195,7088.926332,141.7785266,Meziani:1984is,1.073505302,0.040203549,0.0089,0.4489,0.245,0.2539,1.0,0.0,0.0,7088.926332,141.7785266,1.5707963267948966,0.5000000000000001,0.5000000000000001,0.9999999999999998,0.00368035199981509,0.19131964800018492,4.433234524286382,1.040863688016529,0.21560000000000004,0.22795142000000007,0.2659764200000001,0.5157290179929768,1.030682692529,1.018331272529,0.29997386776065715,9.832059699120024e-05,72100114.81759477,1442002.295945063,0.00013760161053328216,0.00013487348771362028,3089.2669062074774,2967.9841287329255,21899585.517990362,437991.7102362365,56.24233059597144,1.1248466116020754,21039820.843132913,420796.41674393887,54.034290218296384,1.0806858040610337,"[0.428,0.523]",0.475,"[0.206,0.322]",0.265,0.0036,0.0,53,0.1926,0.032,0.7510585225290001,8,1.023058522529,0.005,0.0,38,0.1925,0.015,0.7091835225290001,20,1.016683522529,0.19440042447710937,0.19504008230710174,0.2939107054426016,0.3042196060387118,0.17917208703067822,0.21386488793773242,0.30014059886173744,0.29893633468841124
26,56,0.44,90.0,0.205,6447.288984,128.9457797,Meziani:1984is,1.15862652,0.044514834,0.0089,0.4489,0.23500000000000001,0.2439,1.0,0.0,0.0,6447.288984,128.9457797,1.5707963267948966,0.5000000000000001,0.5000000000000001,0.9999999999999998,0.00368035199981509,0.2013196480001849,4.433234524286382,1.040863688016529,0.20680000000000007,0.21897342000000006,0.26099842000000006,0.5108800446288738,1.058248152529,1.046074732529,0.2955225490426566,0.00011734433350486311,54943334.641146556,1098866.6929933697,0.0001376016105332822,0.0001348734877136203,3175.8056622636223,3051.1254248050877,20475336.861637075,409506.73729625763,52.58458722381101,1.051691744639342,19671487.340148162,393429.7468639858,50.52014767084081,1.0104029535735337,"[0.428,0.523]",0.475,"[0.206,0.322]",0.265,0.0036,0.0,55,0.1998,0.032,0.7510585225290001,9,1.0550585225290001,0.005,0.0,40,0.2025,0.015,0.7091835225290001,22,1.046683522529,0.20157320025811032,0.20504008230710175,0.29075867824076773,0.30145053308509534,0.19339988671638675,0.22985170627312096,0.2943391356472627,0.29422749620767635
26,56,0.44,90.0,0.215,5778.932367,115.5786473,Meziani:1984is,1.197453017,0.047586644,0.0089,0.4489,0.225,0.2339,1.0,0.0,0.0,5778.932367,115.5786473,1.5707963267948966,0.5000000000000001,0.5000000000000001,0.9999999999999998,0.00368035199981509,0.2113196480001849,4.433234524286382,1.040863688016529,0.19800000000000006,0.20999542000000007,0.25622042000000006,0.5061822003982361,1.0858136125289999,1.073818192529,0.2906767442708372,0.00013605346489474723,42475451.62830406,849509.032272079,0.00013760161053328213,0.00013487348771362026,3273.319967805073,3144.8113768314033,18916294.709496133,378325.8940589899,48.58066833403414,0.9716133663444223,18173652.253680833,363473.04494782415,46.67342025026305,0.9334684046822017,"[0.428,0.523]",0.475,"[0.206,0.322]",0.265,0.0036,0.0,58,0.21059999999999998,0.032,0.7510585225290001,10,1.0870585225290001,0.005,0.0,42,0.2125,0.015,0.7091835225290001,24,1.0766835225290001,0.2123305221252636,0.21504008230710173,0.2857603558660763,0.29859677297386633,0.2074510167374516,0.24583852460850952,0.2880685061362439,0.2893413754966462
26,56,0.44,90.0,0.225,5158.769138,103.1753828,Meziani:1984is,1.240606011,0.050787309,0.0089,0.4489,0.215,0.2239,1.0,0.0,0.0,5158.769138,103.1753828,1.5707963267948966,0.5000000000000001,0.5000000000000001,0.9999999999999998,0.00368035199981509,0.22131964800018492,4.433234524286382,1.040863688016529,0.18920000000000006,0.20101742000000006,0.25164242000000003,0.5016397312813251,1.113379072529,1.101561652529,0.2854135666127211,0.00015441845973747113,33407723.05830852,668154.4614252067,0.0001376016105332821,0.00013487348771362023,3383.337094203636,3250.5092964199057,17453854.985028315,349077.0998358998,44.82484298324694,0.8964968600125011,16768627.041153103,335372.54095308244,43.0650463642028,0.8613009276179733,"[0.428,0.523]",0.475,"[0.145,0.206]",0.16,0.0036,0.0,61,0.22139999999999999,0.032,0.7510585225290001,10,1.0870585225290001,0.005,0.0,44,0.2225,0.03,0.8141835225290001,9,1.099183522529,0.2230856350374495,0.22403363460051426,0.28042674576363796,0.27568043412396936,0.2074510167374516,0.20187477418619104,0.2880685061362439,0.2849475483903518
26,56,0.44,90.0,0.235,4652.307968,93.04615936,Meziani:1984is,1.28108458,0.054811505,0.0089,0.4489,0.20500000000000002,0.2139,1.0,0.0,0.0,4652.307968,93.04615936,1.5707963267948966,0.5000000000000001,0.5000000000000001,0.9999999999999998,0.00368035199981509,0.2313196480001849,4.433234524286382,1.040863688016529,0.18040000000000003,0.19203942000000007,0.24726442000000007,0.4972568953770275,1.140944532529,1.129305112529,0.2797091435598844,0.00017240922191806606,26984101.640519634,539682.0328103927,0.00013760161053328221,0.00013487348771362034,3507.6761472471558,3369.9668723494306,16318789.689001484,326375.7937800297,41.909777875064314,0.8381955575012864,15678123.732127296,313562.4746425459,40.26442497473193,0.8052884994946387,"[0.428,0.523]",0.475,"[0.145,0.206]",0.16,0.0036,0.0,64,0.2322,0.032,0.7510585225290001,11,1.119058522529,0.005,0.0,46,0.2325,0.03,0.8141835225290001,10,1.1291835225290001,0.23383854035488127,0.23403363460051427,0.2747445161711825,0.2713964351652748,0.22133189932088493,0.2178615925215796,0.281319945779614,0.2782960331198244
26,56,0.44,90.0,0.245,4309.449757,86.18899514,Meziani:1984is,1.389968636,0.060796625,0.0089,0.4489,0.195,0.2039,1.0,0.0,0.0,4309.449757,86.18899514,1.5707963267948966,0.5000000000000001,0.5000000000000001,0.9999999999999998,0.00368035199981509,0.2413196480001849,4.433234524286382,1.040863688016529,0.17160000000000003,0.18306142000000003,0.24308642000000003,0.4930379498578178,1.1685099925290001,1.157048572529,0.2735386260709367,0.00018999528507292204,22681877.370514702,453637.547410294,0.0001376016105332822,0.0001348734877136203,3648.5201046380735,3505.2813799189184,15723114.078342162,314462.2815668432,40.3799688019594,0.8075993760391879,15105833.99090821,302116.67981816415,38.794675294041156,0.775893505880823,"[0.428,0.523]",0.475,"[0.145,0.206]",0.16,0.0036,0.0,67,0.243,0.032,0.7510585225290001,12,1.151058522529,0.005,0.0,48,0.2425,0.03,0.8141835225290001,11,1.1591835225290001,0.24458923943640087,0.24403363460051425,0.268699144835889,0.26706511462793553,0.23504857677637536,0.23384841085696814,0.274082562220543,0.2714762491565675
26,56,0.44,90.0,0.255,4160.851098,83.21702195,Meziani:1984is,1.415575771,0.063929228,0.0089,0.4489,0.185,0.1939,1.0,0.0,0.0,4160.851098,83.21702195,1.5707963267948966,0.5000000000000001,0.5000000000000001,0.9999999999999998,0.00368035199981509,0.2513196480001849,4.433234524286382,1.040863688016529,0.16280000000000003,0.17408342000000002,0.23910842000000002,0.4889871368451322,1.196075452529,1.184792032529,0.2668762082050987,0.00020714603352715302,20086559.356950417,401731.1870907332,0.0001376016105332822,0.0001348734877136203,3808.5101591093644,3658.9903202088503,15846643.677274354,316932.87350740196,40.69721647478976,0.8139443293979854,15224513.891412366,304490.2777916574,39.099468012321985,0.7819893601524698,"[0.428,0.523]",0.475,"[0.145,0.206]",0.16,0.0036,0.0,69,0.2502,0.032,0.7510585225290001,13,1.183058522529,0.005,0.0,50,0.2525,0.03,0.8141835225290001,12,1.189183522529,0.2517551471411963,0.25403363460051426,0.2644593988117319,0.2626972348211822,0.24860674223549706,0.24983522919235657,0.26634329570626936,0.26453483182472
26,56,0.44,90.0,0.265,4217.800002,84.35600005,Meziani:1984is,1.394091706,0.064488596,0.0089,0.4489,0.175,0.18389999999999998,1.0,0.0,0.0,4217.800002,84.35600005,1.5707963267948966,0.5000000000000001,0.5000000000000001,0.9999999999999998,0.00368035199981509,0.2613196480001849,4.433234524286382,1.040863688016529,0.15400000000000003,0.16510542000000003,0.23533042000000004,0.48510866823836496,1.223640912529,1.2125354925290002,0.2596951590353348,0.0002238309492335069,18843685.452988315,376873.7091044429,0.00013760161053328216,0.00013487348771362028,3990.8708534365715,3834.1916423672915,16832695.093606513,336653.901912039,43.229585395490155,0.8645917080122963,16171853.516845144,323437.07037524483,41.5324176385368,0.8306483528692055,"[0.428,0.523]",0.475,"[0.145,0.206]",0.16,0.0036,0.0,72,0.261,0.032,0.7510585225290001,14,1.215058522529,0.005,0.0,52,0.2625,0.03,0.8141835225290001,13,1.219183522529,0.2625021721787135,0.26403363460051427,0.25777295883277507,0.2583030213066638,0.2620117672652519,0.2658220475277451,0.2580868538860161,0.2575151275809972
26,56,0.44,90.0,0.275,4425.045444,88.50090887,Meziani:1984is,1.407895146,0.066214009,0.0089,0.4489,0.16499999999999998,0.17389999999999997,1.0,0.0,0.0,4425.045444,88.50090887,1.5707963267948966,0.5000000000000001,0.5000000000000001,0.9999999999999998,0.00368035199981509,0.27131964800018493,4.433234524286382,1.040863688016529,0.14520000000000002,0.15612742000000002,0.23175242000000001,0.4814067095502513,1.2512063725290001,1.2402789525290001,0.2519678688130279,0.0002400198835188612,18436161.95094217,368723.23897718015,0.00013760161053328213,0.00013487348771362026,4199.578396395511,4034.7054515834175,18583325.249690782,371666.50495181984,47.725538979126924,0.9545107794746851,17853754.976411164,357075.0994878762,45.851862764155754,0.9170372551794962,"[0.428,0.523]",0.475,"[0.145,0.206]",0.16,0.0036,0.0,75,0.2718,0.032,0.7510585225290001,15,1.247058522529,0.005,0.0,54,0.2725,0.03,0.8141835225290001,14,1.249183522529,0.2732469945970806,0.2740336346005143,0.2506780180095416,0.25389214041533664,0.27526872673583835,0.28180886586313364,0.2492956206286796,0.2504568984396647
26,56,0.44,90.0,0.285,4854.313835,97.08627669,Meziani:1984is,1.415236063,0.067156762,0.0089,0.4489,0.15500000000000003,0.16390000000000002,1.0,0.0,0.0,4854.313835,97.08627669,1.5707963267948966,0.5000000000000001,0.5000000000000001,0.9999999999999998,0.00368035199981509,0.2813196480001849,4.433234524286382,1.040863688016529,0.13640000000000005,0.14714942000000006,0.22837442000000005,0.47788536282250793,1.2787718325289998,1.2680224125289998,0.2436659115394703,0.0002556833516654796,18985646.9080986,379712.93812286115,0.00013760161053328216,0.00013487348771362028,4439.590594367666,4265.294913715124,21551166.043974835,431023.32083510084,55.347522645037486,1.1069504527867327,20705080.110002454,414101.6021573962,53.17461189419316,1.0634922377743226,"[0.428,0.523]",0.475,"[0.145,0.206]",0.16,0.0036,0.0,78,0.2826,0.032,0.7510585225290001,16,1.279058522529,0.005,0.0,56,0.28250000000000003,0.03,0.8141835225290001,15,1.279183522529,0.28398961575002346,0.2840336346005143,0.24315471996712223,0.24947368413339405,0.2883824212691516,0.2977956841985222,0.23994953790143064,0.24339615311486582
26,56,0.44,90.0,0.295,5426.647567,108.5329513,Meziani:1984is,1.350741855,0.066892127,0.0089,0.4489,0.14500000000000002,0.1539,1.0,0.0,0.0,5426.647567,108.5329513,1.5707963267948966,0.5000000000000001,0.5000000000000001,0.9999999999999998,0.00368035199981509,0.2913196480001849,4.433234524286382,1.040863688016529,0.12760000000000005,0.13817142000000004,0.22519642000000004,0.474548648717916,1.3063372925289998,1.295765872529,0.2347601262774604,0.00027079284751458087,20039848.233834174,400796.964528969,0.00013760161053328213,0.00013487348771362026,4717.1664142043865,4531.973272305641,25598399.644776348,511967.9927068403,65.74159380169976,1.3148318755494117,24593421.731866438,491868.43445604976,63.16061801231344,1.2632123597807097,"[0.428,0.523]",0.475,"[0.100,0.145]",0.12,0.0036,0.0,80,0.2898,0.032,0.7510585225290001,17,1.3110585225290001,0.005,0.0,58,0.2925,0.008,0.8541835225290001,55,1.2981835225290002,0.2911501409279609,0.2936502259503857,0.2378906036902373,0.22536865647007098,0.30135739754960833,0.28660491136375027,0.23002595914871043,0.22888325456784292
26,56,0.44,90.0,0.305,6088.706274,121.7741255,Meziani:1984is,1.277775549,0.065695401,0.0089,0.4489,0.135,0.1439,1.0,0.0,0.0,6088.706274,121.7741255,1.5707963267948966,0.5000000000000001,0.5000000000000001,0.9999999999999998,0.00368035199981509,0.3013196480001849,4.433234524286382,1.040863688016529,0.11880000000000003,0.12919342000000003,0.22221842000000003,0.4714004879081056,1.333902752529,1.323509332529,0.22522071970192098,0.0002853211744028024,21339833.213374704,426796.66433759057,0.0001376016105332822,0.0001348734877136203,5040.318765865512,4842.438855245637,30689020.492685284,613780.409954512,78.81528327548631,1.5763056657686163,29484187.839395486,589683.7568847585,75.72104222953227,1.5144208448393717,"[0.428,0.523]",0.475,"[0.100,0.145]",0.12,0.0036,0.0,83,0.3006,0.032,0.7510585225290001,17,1.3110585225290001,0.005,0.0,60,0.3025,0.008,0.8541835225290001,58,1.3221835225290002,0.30188909630973626,0.3036502259503857,0.22960432754419244,0.22042335560973475,0.30135739754960833,0.2993943660320611,0.23002595914871043,0.22252140108248764
26,56,0.44,140.0,0.095,47.84746237,0.956949247,Meziani:1984is,0.967658423,0.049950402,0.0089,0.4489,0.345,0.3539,1.0,0.0,0.0,47.84746237,0.956949247,2.443460952792061,0.8830222215594888,0.11697777844051105,7.548632170413027,0.0064582835524112925,0.08854171644758871,4.433234524286382,1.040863688016529,0.5361710929309216,0.561127808695302,0.5701528086953019,0.7550846367761047,0.5224569995980786,0.49750028383369815,0.06119919614459171,-0.0001151909887715919,-415375.0469567982,-8307.50093566347,1.0321756867647892e-05,1.011711521890192e-05,6371.547165085849,6121.404020950597,304862.3632201254,6097.247261853888,0.782944946807781,0.015658898929610275,292893.6485440004,5857.872968431446,0.7522069948465218,0.015044139890642058,"[0.702,0.878]",0.756,"[0.438,0.650]",0.5,0.002,0.0,44,0.089,0.04,0.405147522529,2,0.505147522529,0.005,0.0,17,0.08750000000000001,0.1,0.4741835225290001,0,0.5241835225290001,0.09439289170710197,0.09229260812660707,0.06121317681410373,0.06114540350584345,0.09936061671112018,0.0766446972256476,0.061114856167903776,0.06144529394738884
26,56,0.44,140.0,0.105,84.01646026,1.680329205,Meziani:1984is,0.985521167,0.042491674,0.0089,0.4489,0.335,0.34390000000000004,1.0,0.0,0.0,84.01646026,1.680329205,2.443460952792061,0.8830222215594888,0.11697777844051105,7.548632170413027,0.0064582835524112925,0.0985417164475887,4.433234524286382,1.040863688016529,0.5206299018314746,0.5452722616849799,0.5562972616849798,0.7458533781414279,0.5567636506975255,0.5321212908440203,0.060966242483657083,-0.00010474847264231611,-802078.141481742,-16041.562827725505,1.0321756867647894e-05,1.0117115218901922e-05,6399.067561632204,6147.843983131234,537627.0054929272,10752.54010857873,1.3807291355087767,0.027614582706888734,516520.08969342546,10330.40179263894,1.3265225325901184,0.0265304506486446,"[0.702,0.878]",0.756,"[0.438,0.650]",0.5,0.002,0.0,49,0.099,0.04,0.405147522529,3,0.545147522529,0.005,0.0,19,0.0975,0.1,0.4741835225290001,0,0.5241835225290001,0.10437387571230516,0.10229260812660707,0.0610105004965191,0.060926522386295014,0.11845947443664773,0.0766446972256476,0.060689664204738245,0.06144529394738884
26,56,0.44,140.0,0.115,140.8484521,2.816969042,Meziani:1984is,1.06497443,0.039546051,0.0089,0.4489,0.325,0.33390000000000003,1.0,0.0,0.0,140.8484521,2.816969042,2.443460952792061,0.8830222215594888,0.11697777844051105,7.548632170413027,0.0064582835524112925,0.10854171644758871,4.433234524286382,1.040863688016529,0.5050887107320277,0.5294167146746577,0.5426417146746577,0.7366421890406887,0.5910703017969725,0.5667422978543425,0.06070024212596513,-9.430781826628935e-05,-1493497.0895233483,-29869.941790466964,1.0321756867647894e-05,1.0117115218901922e-05,6430.751263834152,6178.283802068837,905761.361351159,18115.227227023184,2.3261686795085876,0.046523373590171765,870201.7101558985,17404.03420311797,2.234844683592851,0.04469689367185703,"[0.702,0.878]",0.756,"[0.438,0.650]",0.5,0.002,0.0,54,0.109,0.04,0.405147522529,4,0.5851475225289999,0.005,0.0,21,0.1075,0.1,0.4741835225290001,0,0.5241835225290001,0.11435295413566848,0.11229260812660706,0.06078741297230742,0.060686953848740614,0.13721922336983916,0.0766446972256476,0.06019895439238945,0.06144529394738884
26,56,0.44,140.0,0.125,227.8347213,4.556694426,Meziani:1984is,1.114843245,0.037658878,0.0089,0.4489,0.315,0.3239,1.0,0.0,0.0,227.8347213,4.556694426,2.443460952792061,0.8830222215594888,0.11697777844051105,7.548632170413027,0.0064582835524112925,0.11854171644758871,4.433234524286382,1.040863688016529,0.48954751963258064,0.5135611676643355,0.5291861676643355,0.7274518318516597,0.6253769528964193,0.6013633048646645,0.06039888980771329,-8.386991991821844e-05,-2716524.8461207743,-54330.49692241548,1.0321756867647892e-05,1.011711521890192e-05,6466.984216253468,6213.094270371715,1473403.5465616079,29468.070931232156,3.783982546104333,0.07567965092208666,1415558.6015007666,28311.17203001533,3.6354256466714623,0.07270851293342924,"[0.702,0.878]",0.756,"[0.438,0.650]",0.5,0.002,0.0,59,0.11900000000000001,0.04,0.405147522529,4,0.5851475225289999,0.005,0.0,23,0.11750000000000001,0.1,0.4741835225290001,1,0.6241835225290001,0.12433012806821608,0.12229260812660707,0.060543896845884654,0.06042720314887885,0.13721922336983916,0.12993409167694267,0.06019895439238945,0.06021544633282935
26,56,0.44,140.0,0.135,354.49994,7.089998799,Meziani:1984is,1.133991729,0.036389287,0.0089,0.4489,0.305,0.3139,1.0,0.0,0.0,354.49994,7.089998799,2.443460952792061,0.8830222215594888,0.11697777844051105,7.548632170413027,0.0064582835524112925,0.12854171644758872,4.433234524286382,1.040863688016529,0.47400632853313357,0.49770562065401336,0.5159306206540134,0.7182831062011784,0.6596836039958667,0.6359843118749868,0.060059712185746315,-7.34357594471775e-05,-4827347.639197393,-96546.95277033054,1.0321756867647894e-05,1.0117115218901922e-05,6508.2015996306445,6252.693483843866,2307157.0765769673,46143.14152503115,5.925221321247378,0.11850442640823325,2216579.4648610414,44331.589290968135,5.692600663722343,0.11385201325838874,"[0.702,0.878]",0.756,"[0.438,0.650]",0.5,0.002,0.0,64,0.129,0.04,0.405147522529,5,0.625147522529,0.005,0.0,25,0.1275,0.1,0.4741835225290001,1,0.6241835225290001,0.13430539859994184,0.13229260812660706,0.06027993205252487,0.0601478112833537,0.1556573097222419,0.12993409167694267,0.059645876974939116,0.06021544633282935
26,56,0.44,140.0,0.145,527.4184188,10.54836838,Meziani:1984is,1.116760392,0.034886912,0.0089,0.4489,0.29500000000000004,0.30390000000000006,1.0,0.0,0.0,527.4184188,10.54836838,2.443460952792061,0.8830222215594888,0.11697777844051105,7.548632170413027,0.0064582835524112925,0.1385417164475887,4.433234524286382,1.040863688016529,0.4584651374336867,0.4818500736436912,0.5028750736436912,0.7091368511392503,0.6939902550953132,0.6706053188853087,0.059680054292241026,-6.300641408790619e-05,-8370868.687498211,-167417.37381344978,1.032175686764789e-05,1.0117115218901919e-05,6554.895937847269,6297.554630172839,3457172.85093795,69143.45704497858,8.878682121638263,0.17757364250010219,3321446.3053523777,66428.92613223777,8.530110353409956,0.17060220713289243,"[0.702,0.878]",0.756,"[0.438,0.650]",0.5,0.002,0.0,69,0.139,0.04,0.405147522529,6,0.665147522529,0.005,0.0,27,0.1375,0.1,0.4741835225290001,1,0.6241835225290001,0.14427876681980223,0.14229260812660707,0.05999549585308882,0.05984935227688661,0.17378973318055213,0.12993409167694267,0.05903329345809993,0.06021544633282935
26,56,0.44,140.0,0.155,745.163252,14.90326504,Meziani:1984is,1.109823918,0.034354888,0.0089,0.4489,0.28500000000000003,0.29390000000000005,1.0,0.0,0.0,745.163252,14.90326504,2.443460952792061,0.8830222215594888,0.11697777844051105,7.548632170413027,0.0064582835524112925,0.1485417164475887,4.433234524286382,1.040863688016529,0.44292394633423965,0.46599452663336904,0.49001952663336906,0.7000139474563125,0.7282969061947604,0.705226325895631,0.05925706478776402,-5.258306496552388e-05,-14171164.280525807,-283423.28561051615,1.0321756867647894e-05,1.0117115218901922e-05,6607.626860625286,6348.215368351246,4923760.719466089,98475.21438932179,12.645160700972124,0.2529032140194425,4730456.808276993,94609.13616553985,12.14871922861365,0.24297438457227297,"[0.609,0.702]",0.649,"[0.438,0.650]",0.5,0.0036,0.0,41,0.1494,0.018,0.5554825225290001,8,0.7084825225290001,0.005,0.0,29,0.1475,0.1,0.4741835225290001,2,0.7241835225290001,0.1532122992219911,0.15229260812660705,0.058864003551077106,0.05953243036286328,0.12459271236868863,0.18322348612823774,0.05997014283358792,0.05844221045793887
26,56,0.44,140.0,0.165,999.1498011,19.98299602,Meziani:1984is,0.98783986,0.034729527,0.0089,0.4489,0.275,0.28390000000000004,1.0,0.0,0.0,999.1498011,19.98299602,2.443460952792061,0.8830222215594888,0.11697777844051105,7.548632170413027,0.0064582835524112925,0.15854171644758872,4.433234524286382,1.040863688016529,0.42738275523479263,0.4501389796230468,0.4773639796230468,0.6909153201536689,0.7626035572942074,0.7398473329059532,0.05878767989756672,-4.216700635362003e-05,-23695061.316920433,-473901.22629097826,1.0321756867647894e-05,1.0117115218901922e-05,6667.032930291195,6405.2891911292445,6661364.626227598,133227.2925112179,17.107660381098505,0.34215320758772566,6399843.421304764,127996.86841328473,16.43602383103486,0.32872047658779724,"[0.609,0.702]",0.649,"[0.438,0.650]",0.5,0.0036,0.0,44,0.1602,0.018,0.5554825225290001,10,0.744482522529,0.005,0.0,31,0.1575,0.1,0.4741835225290001,2,0.7241835225290001,0.16397956294382254,0.16229260812660706,0.05838805053869739,0.059197677081934415,0.14139524651325186,0.18322348612823774,0.05934867389027196,0.05844221045793887
26,56,0.44,140.0,0.175,1273.536319,25.47072638,Meziani:1984is,1.00507538,0.034706509,0.0089,0.4489,0.265,0.27390000000000003,1.0,0.0,0.0,1273.536319,25.47072638,2.443460952792061,0.8830222215594888,0.11697777844051105,7.548632170413027,0.0064582835524112925,0.1685417164475887,4.433234524286382,1.040863688016529,0.4118415641353456,0.4342834326127246,0.46490843261272463,0.6818419410777872,0.7969102083936543,0.7744683399162754,0.058268605904414614,-3.1759655750173595e-05,-40099185.23732862,-801983.7047465723,1.0321756867647892e-05,1.011711521890192e-05,6733.846060206365,6469.47927738587,8575797.524227867,171515.9504845573,22.02429078328958,0.4404858156657915,8239116.824768781,164782.3364953756,21.159630254043247,0.4231926050808649,"[0.609,0.702]",0.649,"[0.322,0.438]",0.38,0.0036,0.0,46,0.1674,0.018,0.5554825225290001,12,0.7804825225290001,0.005,0.0,33,0.1675,0.05,0.5941835225290001,3,0.7691835225290001,0.17115650807183158,0.17114238217622138,0.0580525665675121,0.05793429167322938,0.15794026507618952,0.14325644028976647,0.058659048134625115,0.05912747149502853
26,56,0.44,140.0,0.185,1547.048451,30.94096902,Meziani:1984is,0.976052171,0.03380631,0.0089,0.4489,0.255,0.2639,1.0,0.0,0.0,1547.048451,30.94096902,2.443460952792061,0.8830222215594888,0.11697777844051105,7.548632170413027,0.0064582835524112925,0.1785417164475887,4.433234524286382,1.040863688016529,0.3963003730358986,0.4184278856024024,0.4526528856024024,0.6727948317298539,0.8312168594931014,0.8090893469265976,0.057696300058521416,-2.136256484040032e-05,-72418666.13667394,-1448373.3227334789,1.0321756867647894e-05,1.0117115218901922e-05,6808.909212415777,6541.595494978638,10533712.450067457,210674.24900134915,27.052591362193056,0.5410518272438611,10120165.177575279,202403.3035515056,25.990522749183903,0.5198104549836782,"[0.609,0.702]",0.649,"[0.322,0.438]",0.38,0.0036,0.0,49,0.1782,0.018,0.5554825225290001,14,0.816482522529,0.005,0.0,35,0.1775,0.05,0.5941835225290001,4,0.8191835225290001,0.18192008074644406,0.18114238217622136,0.05752200522581545,0.05746830593997103,0.17423925724888079,0.16990113751541397,0.057903976635490004,0.057990795339005384
26,56,0.44,140.0,0.195,1796.000134,35.92000268,Meziani:1984is,1.007795025,0.035022269,0.0089,0.4489,0.245,0.2539,1.0,0.0,0.0,1796.000134,35.92000268,2.443460952792061,0.8830222215594888,0.11697777844051105,7.548632170413027,0.0064582835524112925,0.18854171644758871,4.433234524286382,1.040863688016529,0.3807591819364516,0.4025723385920802,0.44059733859208017,0.6637750662627214,0.8655235105925485,0.8437103539369198,0.05706694975117249,-1.097743142035332e-05,-163608413.0455168,-3272168.260910336,1.0321756867647892e-05,1.011711521890192e-05,6893.198278717978,6622.575422775738,12380185.032266056,247603.70064532117,31.79468665523404,0.635893733104681,11894146.346730331,237882.92693460666,30.54644620740112,0.6109289241480225,"[0.609,0.702]",0.649,"[0.322,0.438]",0.38,0.0036,0.0,52,0.189,0.018,0.5554825225290001,16,0.852482522529,0.005,0.0,37,0.1875,0.05,0.5941835225290001,4,0.8191835225290001,0.19268144061393855,0.19114238217622137,0.05695856086762193,0.05698394309810544,0.19030288248597638,0.16990113751541397,0.05708594343581766,0.057990795339005384
26,56,0.44,140.0,0.205,1998.383317,39.96766634,Meziani:1984is,1.030833265,0.036279326,0.0089,0.4489,0.23500000000000001,0.2439,1.0,0.0,0.0,1998.383317,39.96766634,2.443460952792061,0.8830222215594888,0.11697777844051105,7.548632170413027,0.0064582835524112925,0.1985417164475887,4.433234524286382,1.040863688016529,0.3652179908370046,0.38671679158175803,0.428741791581758,0.6547837746781436,0.8998301616919955,0.8783313609472421,0.056376449783270034,-6.061123598513659e-07,-3297050925.491858,-65941018.509837165,1.0321756867647894e-05,1.0117115218901922e-05,6987.849345955924,6713.510545527799,13964401.55466768,279288.0310933536,35.863258150129106,0.717265163002582,13416167.472686322,268323.34945372643,34.45528801035434,0.6891057602070867,"[0.609,0.702]",0.649,"[0.322,0.438]",0.38,0.0036,0.0,55,0.1998,0.018,0.5554825225290001,17,0.870482522529,0.005,0.0,39,0.1975,0.05,0.5941835225290001,5,0.8691835225290001,0.20344058903849316,0.20114238217622138,0.056362136502321594,0.056482315875755015,0.1982495569820425,0.19654583474106155,0.05665403616309538,0.05671496385642877
26,56,0.44,140.0,0.215,2137.855648,42.75711296,Meziani:1984is,1.010358207,0.072970315,0.0089,0.4489,0.225,0.2339,1.0,0.0,0.0,2137.855648,42.75711296,2.443460952792061,0.8830222215594888,0.11697777844051105,7.548632170413027,0.0064582835524112925,0.2085417164475887,4.433234524286382,1.040863688016529,0.3496767997375576,0.3708612445714359,0.4170862445714359,0.645822146237984,0.9341368127914425,0.9129523679575642,0.055620377543205965,9.749362312025004e-06,219281587.8186349,4385631.756372698,1.0321756867647892e-05,1.011711521890192e-05,7094.192957051798,6815.679169834909,15166360.481235009,303327.20962470013,38.950118915381715,0.7790023783076342,14570938.208187513,291418.7641637502,37.42096046179217,0.7484192092358434,"[0.609,0.702]",0.649,"[0.322,0.438]",0.38,0.0036,0.0,57,0.207,0.018,0.5554825225290001,19,0.9064825225290001,0.005,0.0,41,0.20750000000000002,0.05,0.5941835225290001,6,0.9191835225290002,0.2106121267484795,0.2111423821762214,0.055946146973501504,0.05596454523247325,0.21397850142189012,0.2231905319667091,0.05574577780019049,0.05532088033643229
26,56,0.44,140.0,0.225,2206.352294,44.12704587,Meziani:1984is,1.028847481,0.038615773,0.0089,0.4489,0.215,0.2239,1.0,0.0,0.0,2206.352294,44.12704587,2.443460952792061,0.8830222215594888,0.11697777844051105,7.548632170413027,0.0064582835524112925,0.2185417164475887,4.433234524286382,1.040863688016529,0.3341356086381106,0.35500569756111366,0.4056306975611137,0.6368914331038797,0.9684434638908894,0.9475733749678864,0.0547939658900616,2.008677411117146e-05,109841046.7399499,2196820.9343011584,1.032175686764789e-05,1.0117115218901919e-05,7213.797555131194,6930.588162680375,15916178.7842153,318323.57561216806,40.8757959492454,0.8175159187996439,15291319.091499088,305826.3817606759,39.27103656304733,0.785420731082956,"[0.609,0.702]",0.649,"[0.322,0.438]",0.38,0.0036,0.0,60,0.2178,0.018,0.5554825225290001,21,0.9424825225290001,0.005,0.0,43,0.2175,0.05,0.5941835225290001,7,0.9691835225290001,0.2213675924625207,0.22114238217622137,0.055294521387941116,0.05543175506633671,0.22949560829917848,0.24983522919235662,0.05477991988388625,0.053829729670622085
26,56,0.44,140.0,0.235,2205.104705,44.10209411,Meziani:1984is,1.070243964,0.041494628,0.0089,0.4489,0.20500000000000002,0.2139,1.0,0.0,0.0,2205.104705,44.10209411,2.443460952792061,0.8830222215594888,0.11697777844051105,7.548632170413027,0.0064582835524112925,0.2285417164475887,4.433234524286382,1.040863688016529,0.3185944175386636,0.3391501505507915,0.39437515055079153,0.6279929542206597,1.0027501149903366,0.9821943819782086,0.05389207351803982,3.040369950064986e-05,72527512.809843,1450550.2565257675,1.0321756867647894e-05,1.0117115218901922e-05,7348.525116188283,7060.026399990609,16204267.308517456,324085.34624383436,41.61566246459095,0.8323132494805432,15568097.432043506,311361.94871147035,39.981856359975254,0.7996371273808199,"[0.609,0.702]",0.649,"[0.322,0.438]",0.38,0.0036,0.0,63,0.2286,0.018,0.5554825225290001,23,0.9784825225290001,0.005,0.0,45,0.2275,0.05,0.5941835225290001,7,0.9691835225290001,0.23212085036459484,0.23114238217622138,0.054609622842391674,0.05488506718039267,0.24480921292055602,0.24983522919235662,0.05375831648076913,0.053829729670622085
26,56,0.44,140.0,0.245,2144.636207,42.89272414,Meziani:1984is,1.156373278,0.046021791,0.0089,0.4489,0.195,0.2039,1.0,0.0,0.0,2144.636207,42.89272414,2.443460952792061,0.8830222215594888,0.11697777844051105,7.548632170413027,0.0064582835524112925,0.2385417164475887,4.433234524286382,1.040863688016529,0.30305322643921656,0.3232946035404693,0.3833196035404693,0.6191280994596104,1.0370567660897836,1.0168153889885307,0.05290915255616389,4.069749189555339e-05,52697011.71030451,1053940.2342060902,1.0321756867647894e-05,1.0117115218901922e-05,7500.603154959435,7206.133945601075,16086065.100464437,321721.30200928875,41.31209655202925,0.8262419310405851,15454535.772227833,309090.71544455667,39.69020826420954,0.7938041652841907,"[0.609,0.702]",0.649,"[0.322,0.438]",0.38,0.0036,0.0,66,0.2394,0.018,0.5554825225290001,25,1.0144825225290002,0.005,0.0,47,0.23750000000000002,0.05,0.5941835225290001,8,1.019183522529,0.24287190181377127,0.2411423821762214,0.053891328458832786,0.05432559653793699,0.25992711789725675,0.2764799264180041,0.052682678624413226,0.05226232108679935
26,56,0.44,140.0,0.255,2044.091463,40.88182926,Meziani:1984is,1.174115759,0.04892149,0.0089,0.4489,0.185,0.1939,1.0,0.0,0.0,2044.091463,40.88182926,2.443460952792061,0.8830222215594888,0.11697777844051105,7.548632170413027,0.0064582835524112925,0.2485417164475887,4.433234524286382,1.040863688016529,0.28751203533976954,0.3074390565301471,0.3724640565301471,0.6102983340384824,1.0713634171892306,1.051436395998853,0.05183921313354522,5.096526217263022e-05,40107543.370938145,802150.867418763,1.0321756867647896e-05,1.0117115218901924e-05,7672.7190152330695,7371.492639784766,15683739.437035684,313674.78874071373,40.27884718065577,0.8055769436131154,15068005.174551373,301360.1034910275,38.69752364731945,0.7739504729463891,"[0.609,0.702]",0.649,"[0.206,0.322]",0.265,0.0036,0.0,69,0.2502,0.018,0.5554825225290001,27,1.050482522529,0.005,0.0,49,0.2475,0.015,0.7091835225290001,22,1.046683522529,0.2536207481677195,0.25004008230710173,0.05313950816461124,0.050867075734398526,0.2748566396218336,0.22985170627312096,0.051554587274114966,0.05233646981641071
26,56,0.44,140.0,0.265,1929.733434,38.59466869,Meziani:1984is,1.165964148,0.052338835,0.0089,0.4489,0.175,0.18389999999999998,1.0,0.0,0.0,1929.733434,38.59466869,2.443460952792061,0.8830222215594888,0.11697777844051105,7.548632170413027,0.0064582835524112925,0.2585417164475887,4.433234524286382,1.040863688016529,0.2719708442403226,0.2915835095198249,0.3618085095198249,0.6015052032358696,1.1056700682886775,1.0860574030091752,0.05067578461487878,6.120385758530681e-05,31529604.670919802,630592.0935817844,1.0321756867647889e-05,1.0117115218901919e-05,7868.144927360805,7559.24624708001,15183422.329885647,303668.4466763944,38.99393701100728,0.7798787404222146,14587330.21882932,291746.6044521789,37.46305828509992,0.7492611658961343,"[0.523,0.609]",0.57,"[0.206,0.322]",0.265,0.0036,0.0,71,0.2574,0.06,0.6517835225290001,7,1.101783522529,0.005,0.0,51,0.2575,0.015,0.7091835225290001,25,1.091683522529,0.25986693918890325,0.26004008230710174,0.049853879258647496,0.05012612097797538,0.25616558047578153,0.2538319337762037,0.05020528627170373,0.050586984507998006
26,56,0.44,140.0,0.275,1832.180162,36.64360324,Meziani:1984is,1.260793042,0.05840037,0.0089,0.4489,0.16499999999999998,0.17389999999999997,1.0,0.0,0.0,1832.180162,36.64360324,2.443460952792061,0.8830222215594888,0.11697777844051105,7.548632170413027,0.0064582835524112925,0.26854171644758873,4.433234524286382,1.040863688016529,0.25642965314087557,0.2757279625095027,0.3513529625095027,0.5927503374182951,1.1399767193881245,1.1206784100194973,0.04941187318324888,7.14098389849316e-05,25657250.990113758,513145.01980227506,1.0321756867647889e-05,1.0117115218901919e-05,8090.9062181473755,7773.262062360362,14823997.865492066,296479.9573098413,38.0708661367162,0.7614173227343238,14242016.544683862,284840.3308936772,36.57622662316531,0.7315245324633061,"[0.523,0.609]",0.57,"[0.206,0.322]",0.265,0.0036,0.0,74,0.2682,0.06,0.6517835225290001,7,1.101783522529,0.005,0.0,53,0.2675,0.015,0.7091835225290001,27,1.121683522529,0.2706123016187334,0.27004008230710175,0.048803606537525926,0.049378645059571354,0.25616558047578153,0.2698187521115923,0.05020528627170373,0.04939524848167407
26,56,0.44,140.0,0.285,1782.224563,35.64449126,Meziani:1984is,1.301743926,0.06284281,0.0089,0.4489,0.15500000000000003,0.16390000000000002,1.0,0.0,0.0,1782.224563,35.64449126,2.443460952792061,0.8830222215594888,0.11697777844051105,7.548632170413027,0.0064582835524112925,0.2785417164475887,4.433234524286382,1.040863688016529,0.24088846204142858,0.2598724154991806,0.3410974154991806,0.5840354573989328,1.1742833704875713,1.1552994170298194,0.04803991541785739,8.157945625138091e-05,21846487.39883985,436929.74797679705,1.0321756867647894e-05,1.0117115218901922e-05,8346.011103589657,8018.351682047652,14874465.991888225,297489.3198377645,38.200477952748074,0.7640095590549614,14290503.322517691,285810.0664503538,36.700749956550936,0.7340149991310186,"[0.523,0.609]",0.57,"[0.206,0.322]",0.265,0.0036,0.0,77,0.27899999999999997,0.06,0.6517835225290001,8,1.161783522529,0.005,0.0,55,0.2775,0.015,0.7091835225290001,29,1.151683522529,0.2813554624513017,0.28004008230710176,0.04770854656809053,0.0486261776897088,0.2810233226914941,0.2858055704469808,0.04774307889553979,0.04819064642463508
26,56,0.44,140.0,0.295,1806.145625,36.1229125,Meziani:1984is,1.201453509,0.060903173,0.0089,0.4489,0.14500000000000002,0.1539,1.0,0.0,0.0,1806.145625,36.1229125,2.443460952792061,0.8830222215594888,0.11697777844051105,7.548632170413027,0.0064582835524112925,0.2885417164475887,4.433234524286382,1.040863688016529,0.2253472709419816,0.2440168684888584,0.3310418684888584,0.5753623801473802,1.2085900215870184,1.1899204240401415,0.04655172748302704,9.170862184128725e-05,19694392.8361038,393887.85672207596,1.0321756867647892e-05,1.011711521890192e-05,8639.770075493683,8300.577851800786,15604682.922858836,312093.6584571767,40.075814908540536,0.8015162981708106,14992052.37200189,299841.0474400378,38.50246230119629,0.7700492460239257,"[0.523,0.609]",0.57,"[0.206,0.322]",0.265,0.0036,0.0,80,0.2898,0.06,0.6517835225290001,8,1.161783522529,0.005,0.0,57,0.28750000000000003,0.015,0.7091835225290001,32,1.196683522529,0.29209642303929684,0.29004008230710177,0.04656842396677082,0.047870174789233506,0.2810233226914941,0.30978579795006356,0.04774307889553979,0.04637230466863906
26,56,0.44,140.0,0.305,1920.411185,38.4082237,Meziani:1984is,1.213281832,0.06300734,0.0089,0.4489,0.135,0.1439,1.0,0.0,0.0,1920.411185,38.4082237,2.443460952792061,0.8830222215594888,0.11697777844051105,7.548632170413027,0.0064582835524112925,0.2985417164475887,4.433234524286382,1.040863688016529,0.20980607984253455,0.2281613214785362,0.3211863214785362,0.5667330248702084,1.2428966726864654,1.2245414310504636,0.04493844951199487,0.00010179288237084832,18865869.01040511,377317.38020810223,1.0321756867647894e-05,1.0117115218901922e-05,8980.248465575434,8627.689263219669,17245769.59737015,344915.391947403,44.290439847842975,0.8858087969568595,16568710.96179146,331374.2192358292,42.55162357738013,0.8510324715476026,"[0.523,0.609]",0.57,"[0.206,0.322]",0.265,0.0036,0.0,82,0.297,0.06,0.6517835225290001,9,1.221783522529,0.005,0.0,59,0.2975,0.015,0.7091835225290001,34,1.226683522529,0.2992558417405675,0.3000400823071017,0.045783165440186194,0.047112016121133006,0.3053843171613634,0.3257726162854521,0.04509481627207126,0.045160079555427016
26,56,0.44,140.0,0.315,2128.914928,42.57829857,Meziani:1984is,1.20718774,0.064352031,0.0089,0.4489,0.125,0.1339,1.0,0.0,0.0,2128.914928,42.57829857,2.443460952792061,0.8830222215594888,0.11697777844051105,7.548632170413027,0.0064582835524112925,0.3085417164475887,4.433234524286382,1.040863688016529,0.19426488874308753,0.21230577446821403,0.31153077446821403,0.5581494194821078,1.2772033237859124,1.259162438060786,0.04319048473493892,0.00011182738816342389,19037509.173413012,380750.1835576838,1.0321756867647894e-05,1.0117115218901922e-05,9377.921810241709,9009.750189395392,19964797.73544036,399295.9548025864,51.27342495116682,1.0254684992641794,19180991.675754678,383619.8336051911,49.2604608475424,0.9852092171822358,"[0.523,0.609]",0.57,"[0.206,0.322]",0.265,0.0036,0.0,85,0.3078,0.06,0.6517835225290001,10,1.281783522529,0.005,0.0,61,0.3075,0.015,0.7091835225290001,36,1.256683522529,0.30999313825648755,0.3100400823071017,0.04456729033515314,0.0463530037358589,0.32927720513153635,0.34175943462084063,0.04226754617144337,0.043953287046468996
26,56,0.44,140.0,0.325,2421.524008,48.43048016,Meziani:1984is,1.123259563,0.064009277,0.0089,0.4489,0.11499999999999999,0.1239,1.0,0.0,0.0,2421.524008,48.43048016,2.443460952792061,0.8830222215594888,0.11697777844051105,7.548632170413027,0.0064582835524112925,0.3185417164475887,4.433234524286382,1.040863688016529,0.17872369764364054,0.19645022745789184,0.30207522745789184,0.5496137074872604,1.3115099748853594,1.293783445071108,0.04129743286590293,0.00012180686071108366,19880029.695073295,397600.59390146594,1.0321756867647889e-05,1.0117115218901919e-05,9846.64859380545,9460.0750388067,23843895.968239337,476877.91936478677,61.23569227554626,1.2247138455109254,22907798.823951956,458155.9764790392,58.831615494471784,1.1766323098894358,"[0.523,0.609]",0.57,"[0.145,0.206]",0.16,0.0036,0.0,88,0.3186,0.06,0.6517835225290001,10,1.281783522529,0.005,0.0,63,0.3175,0.03,0.8141835225290001,15,1.279183522529,0.3207282381282397,0.31903363460051426,0.04330555278652342,0.0389086228701553,0.32927720513153635,0.2977956841985222,0.04226754617144337,0.040874489678898604
26,56,0.44,140.0,0.335,2775.566765,55.5113353,Meziani:1984is,1.073654591,0.063770759,0.0089,0.4489,0.10499999999999998,0.11389999999999999,1.0,0.0,0.0,2775.566765,55.5113353,2.443460952792061,0.8830222215594888,0.11697777844051105,7.548632170413027,0.0064582835524112925,0.3285417164475887,4.433234524286382,1.040863688016529,0.1631825065441935,0.18059468044756963,0.2928196804475697,0.5411281552900105,1.3458166259848066,1.3284044520814304,0.03924801722856397,0.00013172555802533996,21070829.43209902,421416.5886419803,1.0321756867647894e-05,1.0117115218901922e-05,10405.155424060215,9996.655223786594,28880203.579681013,577604.0715936202,74.16989495408642,1.4833978990817283,27746384.00030571,554927.6800061142,71.25802908488878,1.4251605816977755,"[0.523,0.609]",0.57,"[0.145,0.206]",0.16,0.0036,0.0,91,0.32939999999999997,0.06,0.6517835225290001,11,1.341783522529,0.005,0.0,65,0.3275,0.03,0.8141835225290001,17,1.339183522529,0.3314611427034464,0.32903363460051427,0.04199762773405269,0.03800439467728594,0.3527279769667101,0.3297693208692993,0.03926739194520919,0.03793845604449868
26,56,0.44,140.0,0.345,3156.993525,63.13987049,Meziani:1984is,1.004119893,0.063034656,0.0089,0.4489,0.09500000000000003,0.10390000000000003,1.0,0.0,0.0,3156.993525,63.13987049,2.443460952792061,0.8830222215594888,0.11697777844051105,7.548632170413027,0.0064582835524112925,0.3385417164475887,4.433234524286382,1.040863688016529,0.14764131544474657,0.16473913343724753,0.2837641334372475,0.5326951599529016,1.3801232770842535,1.3630254590917525,0.037030005067211734,0.0001415772378871397,22298736.520885102,445974.7303470693,1.0321756867647896e-05,1.0117115218901924e-05,11079.37988019049,10644.410029620083,34977530.54277665,699550.6107447393,89.82899857175272,1.7965799711505148,33604333.54095566,672086.6707126691,86.30236562765579,1.7260473122797468,"[0.523,0.609]",0.57,"[0.145,0.206]",0.16,0.0036,0.0,94,0.3402,0.06,0.6517835225290001,11,1.341783522529,0.005,0.0,67,0.3375,0.03,0.8141835225290001,18,1.369183522529,0.3421918533283588,0.3390336346005143,0.040643176067240425,0.03711522551024441,0.3527279769667101,0.3457561392046878,0.03926739194520919,0.03652634794824967
26,56,0.44,140.0,0.355,3525.395233,70.50790466,Meziani:1984is,0.941738381,0.063255319,0.0089,0.4489,0.08500000000000002,0.09390000000000003,1.0,0.0,0.0,3525.395233,70.50790466,2.443460952792061,0.8830222215594888,0.11697777844051105,7.548632170413027,0.0064582835524112925,0.3485417164475887,4.433234524286382,1.040863688016529,0.13210012434529955,0.14888358642692534,0.27490858642692534,0.5243172574185646,1.4144299281837005,1.3976464661020747,0.03463012045836799,0.00015135511905178903,23292210.102214772,465844.2020442954,1.0321756867647894e-05,1.0117115218901922e-05,11906.310407355402,11438.875757155176,41974449.95270903,839488.9990541803,107.79842791476514,2.1559685582953025,40326558.06515413,806531.1613030824,103.56632588479088,2.0713265176958173,"[0.523,0.609]",0.57,"[0.145,0.206]",0.16,0.0036,0.0,96,0.3474,0.06,0.6517835225290001,12,1.401783522529,0.005,0.0,69,0.34750000000000003,0.03,0.8141835225290001,19,1.399183522529,0.3493444422145444,0.3490336346005143,0.03971418624876179,0.03624190767568333,0.37576030343222266,0.36174295754007624,0.03609966990160132,0.03515587529662571
26,56,0.48,60.0,0.015,32.30801478,0.646160296,Meziani:1984is,63.76126834,3.838056929,0.0089,0.4889,0.46499999999999997,0.4739,1.0,0.0,0.0,32.30801478,0.646160296,1.0471975511965976,0.24999999999999994,0.7500000000000001,0.3333333333333333,0.0021983195678836887,0.01280168043211631,4.433234524286382,1.037427126736111,0.22319999999999993,0.23168970999999994,0.23191470999999994,0.4815752381508002,0.6853044125290001,0.6768147025290001,0.5997670201589259,-0.00042704077383426994,-75655.57379899842,-1513.111476916647,0.0006937414531052982,0.0006811124923103766,898.639772038651,866.2196590770629,29033.26703692057,580.6653410978673,0.07456299123242272,0.0014912598255716059,27985.837548188312,559.7167513102542,0.0718729916644923,0.0014374598341796935,"[0.428,0.523]",0.475,"[0.206,0.322]",0.265,0.0036,0.0,3,0.0126,0.032,0.7510585225290001,-3,0.6710585225290001,0.005,0.0,2,0.0125,0.015,0.7091835225290001,-3,0.6716835225290001,0.01476057604192249,0.015040082307101741,0.5997681098326487,0.5997952058562829,0.008660747697799676,0.03001647708076438,0.5999201965928991,0.5991851182816242
26,56,0.48,60.0,0.025,1540.829186,30.81658372,Meziani:1984is,2.73878509,0.125906234,0.0089,0.4889,0.45499999999999996,0.4639,1.0,0.0,0.0,1540.829186,30.81658372,1.0471975511965976,0.24999999999999994,0.7500000000000001,0.3333333333333333,0.0021983195678836887,0.022801680432116313,4.433234524286382,1.037427126736111,0.21839999999999993,0.22680070999999993,0.22742570999999992,0.47689171726923496,0.7088698725290001,0.7004691625290002,0.5993393546313949,-0.00037700962692967574,-4086975.705496808,-81739.51410993616,0.0006937414531052981,0.0006811124923103765,901.2038716792109,868.6912540204368,1388601.228019527,27772.024560390542,3.5661939477388294,0.0713238789547766,1338504.8378176286,26770.096756352577,3.4375368214619253,0.06875073642923853,"[0.428,0.523]",0.475,"[0.206,0.322]",0.265,0.0036,0.0,6,0.0234,0.032,0.7510585225290001,-2,0.703058522529,0.005,0.0,4,0.0225,0.015,0.7091835225290001,-1,0.7016835225290001,0.02555640402687942,0.025040082307101738,0.5993040493007978,0.5994326826838273,0.025409272602853195,0.046003295416152924,0.599312053327052,0.5980894511503939
26,56,0.48,60.0,0.035,3872.932863,77.45865725,Meziani:1984is,1.915860735,0.074104047,0.0089,0.4889,0.44499999999999995,0.45389999999999997,1.0,0.0,0.0,3872.932863,77.45865725,1.0471975511965976,0.24999999999999994,0.7500000000000001,0.3333333333333333,0.0021983195678836887,0.032801680432116315,4.433234524286382,1.037427126736111,0.2135999999999999,0.22191170999999993,0.22313670999999993,0.4723734857080782,0.7324353325290002,0.7241236225290002,0.5986780677180945,-0.0003268947667533915,-11847644.125553498,-236952.88248047908,0.0006937414531052983,0.0006811124923103766,905.1799240688388,872.5238628728167,3505701.0748540503,70114.0214880292,9.003311896502382,0.18006623790680087,3379226.3422718374,67584.5268367115,8.678500556302248,0.17357001110363687,"[0.428,0.523]",0.475,"[0.206,0.322]",0.265,0.0036,0.0,9,0.0342,0.032,0.7510585225290001,-1,0.7350585225290001,0.005,0.0,6,0.0325,0.015,0.7091835225290001,0,0.716683522529,0.03634999925574789,0.03504008230710174,0.5985895375404391,0.5988900805229568,0.04187164367714624,0.05399670458384714,0.5981263278330201,0.597370986872574
26,56,0.48,60.0,0.045,7832.535945,156.6507189,Meziani:1984is,1.366096508,0.040855223,0.0089,0.4889,0.435,0.4439,1.0,0.0,0.0,7832.535945,156.6507189,1.0471975511965976,0.24999999999999994,0.7500000000000001,0.3333333333333333,0.0021983195678836887,0.04280168043211631,4.433234524286382,1.037427126736111,0.20879999999999993,0.21702270999999995,0.21904770999999995,0.46802533051107387,0.7560007925290002,0.7477780825290001,0.5977689301115522,-0.00027677414001778044,-28299377.768807534,-565987.5553761506,0.0006937414531052983,0.0006811124923103766,910.668600038672,877.8145245765465,7132844.543785727,142656.89087571454,18.318511123953066,0.3663702224790613,6875513.816788887,137510.27633577771,17.657636523912412,0.3531527304782482,"[0.428,0.523]",0.475,"[0.206,0.322]",0.265,0.0036,0.0,11,0.0414,0.032,0.7510585225290001,-1,0.7350585225290001,0.005,0.0,8,0.0425,0.015,0.7091835225290001,2,0.746683522529,0.04354448967215063,0.04504008230710174,0.5979728502869751,0.598168377716132,0.04187164367714624,0.06998352291923568,0.5981263278330201,0.5955969040396458
26,56,0.48,60.0,0.055,12731.85881,254.6371762,Meziani:1984is,1.083895149,0.03416626,0.0089,0.4889,0.425,0.4339,1.0,0.0,0.0,12731.85881,254.6371762,1.0471975511965976,0.24999999999999994,0.7500000000000001,0.3333333333333333,0.0021983195678836887,0.05280168043211631,4.433234524286382,1.037427126736111,0.20399999999999993,0.21213370999999995,0.21515870999999995,0.4638520345972409,0.7795662525290001,0.7714325425290002,0.5965970405220758,-0.00022673179588387503,-56153830.38963296,-1123076.6077926592,0.0006937414531052982,0.0006811124923103766,917.7820036140978,884.6712987943228,11685070.888373602,233701.41776747204,30.009500380789763,0.6001900076157953,11263510.06950864,225270.20139017282,28.926851445656524,0.5785370289131305,"[0.428,0.523]",0.475,"[0.206,0.322]",0.265,0.0036,0.0,14,0.052199999999999996,0.032,0.7510585225290001,0,0.7670585225290001,0.005,0.0,10,0.0525,0.015,0.7091835225290001,4,0.7766835225290001,0.05433436671735592,0.05504008230710174,0.5968348357640149,0.5972688714170874,0.05806204531808978,0.08597034125462422,0.596381574159409,0.5933802060185137
26,56,0.48,60.0,0.065,18104.61132,362.0922264,Meziani:1984is,0.927940385,0.028721964,0.0089,0.4889,0.415,0.4239,1.0,0.0,0.0,18104.61132,362.0922264,1.0471975511965976,0.24999999999999994,0.7500000000000001,0.3333333333333333,0.0021983195678836887,0.06280168043211631,4.433234524286382,1.037427126736111,0.19919999999999993,0.20724470999999994,0.21146970999999995,0.4598583586279583,0.8031317125290002,0.7950870025290002,0.5951468092592179,-0.00017685768104428113,-102368250.07033208,-2047365.0014066417,0.0006937414531052982,0.0006811124923103766,926.6452320339606,893.2147696477866,16776551.75750607,335531.03515012143,43.08539855382013,0.8617079710764025,16171306.22975651,323426.1245951302,41.53101210045734,0.8306202420091469,"[0.428,0.523]",0.475,"[0.206,0.322]",0.265,0.0036,0.0,17,0.063,0.032,0.7510585225290001,1,0.7990585225290001,0.005,0.0,12,0.0625,0.015,0.7091835225290001,5,0.7916835225290001,0.06512201469591616,0.06504008230710175,0.5954374741381763,0.596193171785139,0.07399352741706322,0.09396375042231848,0.594090086114996,0.5921089207151615
26,56,0.48,60.0,0.075,23468.33484,469.3666968,Meziani:1984is,0.852212146,0.026205523,0.0089,0.4889,0.40499999999999997,0.4139,1.0,0.0,0.0,23468.33484,469.3666968,1.0471975511965976,0.24999999999999994,0.7500000000000001,0.3333333333333333,0.0021983195678836887,0.07280168043211631,4.433234524286382,1.037427126736111,0.19439999999999993,0.20235570999999994,0.20798070999999993,0.456049021487822,0.8266971725290002,0.8187414625290002,0.593401943670096,-0.00012724732615619383,-184430868.20695183,-3688617.3641390367,0.0006937414531052983,0.0006811124923103766,937.3981761700119,903.5797811834707,21999174.27676315,439983.48553526297,56.498093605273155,1.1299618721054632,21205512.859467622,424110.2571893524,54.45981905545882,1.0891963811091765,"[0.428,0.523]",0.475,"[0.145,0.206]",0.16,0.0036,0.0,20,0.0738,0.032,0.7510585225290001,2,0.831058522529,0.005,0.0,14,0.0725,0.03,0.8141835225290001,0,0.8291835225290001,0.07590743498877828,0.07403363460051425,0.5937755828891768,0.5918896628912539,0.0896781284730418,0.057993409167694285,0.5912585025493422,0.5949972106367128
26,56,0.48,60.0,0.085,28257.35316,565.1470633,Meziani:1984is,0.796252921,0.024489201,0.0089,0.4889,0.39499999999999996,0.4039,1.0,0.0,0.0,28257.35316,565.1470633,1.0471975511965976,0.24999999999999994,0.7500000000000001,0.3333333333333333,0.0021983195678836887,0.08280168043211632,4.433234524286382,1.037427126736111,0.1895999999999999,0.19746670999999993,0.20469170999999994,0.45242867946229925,0.8502626325290003,0.8423959225290002,0.5913454358478936,-7.800141560859742e-05,-362267183.7366684,-7245343.676015397,0.0006937414531052984,0.0006811124923103767,950.197603318311,915.9174450235978,26850069.248751104,537001.3850700419,68.95612110888767,1.3791224224217826,25881402.709436685,517628.0542803255,66.46839988253743,1.3293679978859738,"[0.428,0.523]",0.475,"[0.145,0.206]",0.16,0.0036,0.0,23,0.0846,0.032,0.7510585225290001,2,0.831058522529,0.005,0.0,16,0.0825,0.03,0.8141835225290001,0,0.8291835225290001,0.08669062897544677,0.08403363460051426,0.5918429017608794,0.5895912792857075,0.0896781284730418,0.057993409167694285,0.5912585025493422,0.5949972106367128
26,56,0.48,60.0,0.095,32005.99208,640.1198415,Meziani:1984is,0.790476981,0.024307948,0.0089,0.4889,0.385,0.39390000000000003,1.0,0.0,0.0,32005.99208,640.1198415,1.0471975511965976,0.24999999999999994,0.7500000000000001,0.3333333333333333,0.0021983195678836887,0.09280168043211631,4.433234524286382,1.037427126736111,0.18479999999999996,0.19257770999999996,0.20160270999999996,0.44900190422758784,0.8738280925290002,0.8660503825290002,0.5889595530729218,-2.922523464315612e-05,-1095149191.1287382,-21902983.819153063,0.0006937414531052981,0.0006811124923103765,965.2195727412699,930.397468762923,30892810.000618067,617856.1999158394,79.33865376885616,1.5867730751292364,29778294.016478162,595565.8802365235,76.47636322993262,1.5295272643597084,"[0.428,0.523]",0.475,"[0.145,0.206]",0.16,0.0036,0.0,25,0.09179999999999999,0.032,0.7510585225290001,3,0.8630585225290001,0.005,0.0,18,0.0925,0.03,0.8141835225290001,1,0.8591835225290001,0.09387818881037191,0.09403363460051425,0.590400404022681,0.5870233722278478,0.10512698204379911,0.07398022750308282,0.5878882349339659,0.5919012022081955
26,56,0.48,60.0,0.105,34415.46216,688.3092432,Meziani:1984is,0.816493467,0.025104995,0.0089,0.4889,0.375,0.3839,1.0,0.0,0.0,34415.46216,688.3092432,1.0471975511965976,0.24999999999999994,0.7500000000000001,0.3333333333333333,0.0021983195678836887,0.10280168043211631,4.433234524286382,1.037427126736111,0.17999999999999997,0.18768870999999995,0.19871370999999996,0.44577315980215765,0.8973935525290002,0.8897048425290002,0.5862258315008987,1.8972009559490922e-05,1814012482.5513463,36280249.65102692,0.0006937414531052981,0.0006811124923103765,982.6622446889912,947.2108636493653,33818775.298154645,676375.5059630928,86.85309313763804,1.7370618627527605,32598699.63546565,651973.9927093129,83.71970512366478,1.6743941024732953,"[0.428,0.523]",0.475,"[0.145,0.206]",0.16,0.0036,0.0,28,0.1026,0.032,0.7510585225290001,4,0.8950585225290001,0.005,0.0,20,0.10250000000000001,0.03,0.8141835225290001,2,0.889183522529,0.10465767534840609,0.10403363460051426,0.5879993690519305,0.5841931967725515,0.12035040921075424,0.08996704583847132,0.5839757458509791,0.5880997006155174
26,56,0.48,60.0,0.115,35382.53763,707.6507525,Meziani:1984is,0.853528379,0.026453727,0.0089,0.4889,0.365,0.3739,1.0,0.0,0.0,35382.53763,707.6507525,1.0471975511965976,0.24999999999999994,0.7500000000000001,0.3333333333333333,0.0021983195678836887,0.11280168043211632,4.433234524286382,1.037427126736111,0.17519999999999997,0.18279970999999998,0.19602471,0.44274677864440753,0.9209590125290001,0.9133593025290002,0.5831250736683044,6.647799308441008e-05,532244371.2323446,10644887.423142634,0.000693741453105298,0.0006811124923103764,1002.7491564373724,966.5731024329002,35479809.76109608,709596.1951216467,91.11894781873737,1.8223789561172221,34199809.16897794,683996.1832829014,87.831661107041,1.7566332218925853,"[0.428,0.523]",0.475,"[0.145,0.206]",0.16,0.0036,0.0,31,0.1134,0.032,0.7510585225290001,5,0.927058522529,0.005,0.0,22,0.1125,0.03,0.8141835225290001,3,0.919183522529,0.11543493925196913,0.11403363460051426,0.5853050772705772,0.5811086378590322,0.1353579992399624,0.10595386417385985,0.5795126980089582,0.5836203713416341
26,56,0.48,60.0,0.125,34973.63837,699.4727674,Meziani:1984is,0.889241196,0.027963919,0.0089,0.4889,0.355,0.3639,1.0,0.0,0.0,34973.63837,699.4727674,1.0471975511965976,0.24999999999999994,0.7500000000000001,0.3333333333333333,0.0021983195678836887,0.12280168043211631,4.433234524286382,1.037427126736111,0.17039999999999997,0.17791070999999997,0.19353570999999997,0.43992693711569875,0.944524472529,0.937013762529,0.5796373504424479,0.00011317820341394452,309013902.9870035,6180278.059740069,0.0006937414531052982,0.0006811124923103766,1025.733054819808,988.7278136315039,35873616.92342336,717472.338468467,92.13032004751663,1.8426064009503322,34579409.000308976,691588.1800061794,88.80654618832972,1.7761309237665939,"[0.428,0.523]",0.475,"[0.145,0.206]",0.16,0.0036,0.0,34,0.12419999999999999,0.032,0.7510585225290001,5,0.927058522529,0.005,0.0,24,0.1225,0.03,0.8141835225290001,4,0.9491835225290001,0.12620998189535015,0.12403363460051425,0.5823066954157988,0.5777781573289394,0.1353579992399624,0.12194068250924839,0.5795126980089582,0.578495123444231
26,56,0.48,60.0,0.135,33377.51816,667.5503633,Meziani:1984is,0.880832417,0.028342431,0.0089,0.4889,0.345,0.3539,1.0,0.0,0.0,33377.51816,667.5503633,1.0471975511965976,0.24999999999999994,0.7500000000000001,0.3333333333333333,0.0021983195678836887,0.13280168043211632,4.433234524286382,1.037427126736111,0.16559999999999994,0.17302170999999997,0.19124670999999996,0.4373176305615862,0.9680899325290002,0.9606682225290002,0.5757420081036334,0.00015895698310199358,209978306.76355729,4199566.135900246,0.0006937414531052982,0.0006811124923103766,1051.9003946795174,1013.9511176933856,35109824.52592676,702196.4906237251,90.1687548621206,1.8033750975125595,33843171.844163276,676863.4369846606,86.91574814108046,1.7383149630820112,"[0.428,0.523]",0.475,"[0.145,0.206]",0.16,0.0036,0.0,36,0.1314,0.032,0.7510585225290001,6,0.959058522529,0.005,0.0,26,0.1325,0.03,0.8141835225290001,4,0.9491835225290001,0.13339211030218934,0.13403363460051426,0.5801328190724471,0.5742107383861597,0.15015868023032108,0.12194068250924839,0.5744859863400301,0.578495123444231
26,56,0.48,60.0,0.145,30859.30228,617.1860456,Meziani:1984is,0.90734391,0.030039564,0.0089,0.4889,0.33499999999999996,0.3439,1.0,0.0,0.0,30859.30228,617.1860456,1.0471975511965976,0.24999999999999994,0.7500000000000001,0.3333333333333333,0.0021983195678836887,0.1428016804321163,4.433234524286382,1.037427126736111,0.16079999999999994,0.16813270999999996,0.18915770999999995,0.4349226482950732,0.991655392529,0.984322682529,0.5714176813078263,0.00020369867731516748,151494858.41900557,3029897.168380112,0.0006937414531052981,0.0006811124923103765,1081.5766377922735,1042.5567347511558,33376700.40461784,667534.0080923568,85.71776012916393,1.714355202583279,32172573.421735696,643451.468434714,82.6253313799918,1.6525066275998361,"[0.428,0.523]",0.475,"[0.145,0.206]",0.16,0.0036,0.0,39,0.1422,0.032,0.7510585225290001,7,0.9910585225290001,0.005,0.0,28,0.14250000000000002,0.03,0.8141835225290001,5,0.979183522529,0.1441634538954233,0.14403363460051427,0.5765994647580222,0.5704158281455508,0.1647607812274835,0.1379275008446369,0.5688776599146625,0.5727595617042861
26,56,0.48,60.0,0.155,27722.43315,554.448663,Meziani:1984is,0.952297364,0.032392539,0.0089,0.4889,0.32499999999999996,0.3339,1.0,0.0,0.0,27722.43315,554.448663,1.0471975511965976,0.24999999999999994,0.7500000000000001,0.3333333333333333,0.0021983195678836887,0.1528016804321163,4.433234524286382,1.037427126736111,0.15599999999999994,0.16324370999999996,0.18726870999999995,0.4327455487928211,1.015220852529,1.007977142529,0.5666423127394836,0.00024728886916767123,112105462.90784782,2242109.2581569566,0.0006937414531052981,0.0006811124923103765,1115.1325186493173,1074.9020243548846,30914186.701646827,618283.7340329365,79.3935532319224,1.587871064638448,29798899.51297796,595977.9902595592,76.52928209204002,1.5305856418408004,"[0.428,0.523]",0.475,"[0.145,0.206]",0.16,0.0036,0.0,42,0.153,0.032,0.7510585225290001,8,1.023058522529,0.005,0.0,30,0.1525,0.03,0.8141835225290001,6,1.009183522529,0.15493257988634923,0.15403363460051425,0.5727255192320226,0.5664032789152326,0.17917208703067822,0.15391431918002543,0.5626647353390971,0.5664523981775325
26,56,0.48,60.0,0.165,24280.1112,485.6022241,Meziani:1984is,0.988463348,0.034925705,0.0089,0.4889,0.31499999999999995,0.32389999999999997,1.0,0.0,0.0,24280.1112,485.6022241,1.0471975511965976,0.24999999999999994,0.7500000000000001,0.3333333333333333,0.0021983195678836887,0.16280168043211632,4.433234524286382,1.037427126736111,0.15119999999999995,0.15835470999999995,0.18557970999999995,0.43078963543706567,1.038786312529,1.031631602529,0.5613931803245136,0.00028961568247220056,83835623.10142021,1676712.4623736895,0.0006937414531052981,0.0006811124923103765,1152.9914841168072,1111.3951567319023,27994761.447009113,559895.2290554814,71.89590994608591,1.4379181992178285,26984797.992592014,539695.9599629798,69.3021303311013,1.3860426069074534,"[0.428,0.523]",0.475,"[0.145,0.206]",0.16,0.0036,0.0,45,0.1638,0.032,0.7510585225290001,8,1.023058522529,0.005,0.0,32,0.1625,0.03,0.8141835225290001,7,1.039183522529,0.16569948964409065,0.16403363460051426,0.5684940044677671,0.5621832888436985,0.17917208703067822,0.16990113751541397,0.5626647353390971,0.5596148402915347
26,56,0.48,60.0,0.175,20831.47789,416.6295578,Meziani:1984is,1.051293629,0.038499429,0.0089,0.4889,0.305,0.3139,1.0,0.0,0.0,20831.47789,416.6295578,1.0471975511965976,0.24999999999999994,0.7500000000000001,0.3333333333333333,0.0021983195678836887,0.1728016804321163,4.433234524286382,1.037427126736111,0.14639999999999997,0.15346570999999998,0.18409070999999996,0.4290579331512237,1.062351772529,1.055286062529,0.5556469329311023,0.0003305711275399137,63016628.35779502,1260332.5671559004,0.000693741453105298,0.0006811124923103764,1195.6385661963843,1152.5036654459077,24906918.35615128,498138.3671230256,63.96573739547549,1.27931474790951,24008354.62488038,480167.09249760763,61.65805360875856,1.2331610721751711,"[0.428,0.523]",0.475,"[0.145,0.206]",0.16,0.0036,0.0,48,0.1746,0.032,0.7510585225290001,9,1.0550585225290001,0.005,0.0,34,0.17250000000000001,0.03,0.8141835225290001,8,1.069183522529,0.17646418453634993,0.17403363460051427,0.5638858537606327,0.5577663425398203,0.19339988671638675,0.1858879558508025,0.5558188985755224,0.5522899721731159
26,56,0.48,60.0,0.185,17629.12707,352.5825414,Meziani:1984is,1.151503414,0.043564267,0.0089,0.4889,0.295,0.3039,1.0,0.0,0.0,17629.12707,352.5825414,1.0471975511965976,0.24999999999999994,0.7500000000000001,0.3333333333333333,0.0021983195678836887,0.1828016804321163,4.433234524286382,1.037427126736111,0.14159999999999995,0.14857670999999997,0.18280170999999998,0.42755316628461537,1.085917232529,1.078940522529,0.5493796355395386,0.00037005246222271627,47639534.578721166,952790.6915744235,0.0006937414531052983,0.0006811124923103766,1243.631014708782,1198.7646964866024,21924129.186494157,438482.5837298832,56.30536343816356,1.1261072687632714,21133175.161392294,422663.50322784594,54.274041990118384,1.0854808398023679,"[0.340,0.428]",0.38,"[0.145,0.206]",0.16,0.0036,0.0,50,0.1818,0.008,0.8322835225290001,30,1.0762835225290002,0.005,0.0,36,0.1825,0.03,0.8141835225290001,8,1.069183522529,0.18286358431351601,0.18403363460051425,0.5354543616609664,0.5531631522418701,0.16657247450265655,0.1858879558508025,0.5478745949420373,0.5522899721731159
26,56,0.48,60.0,0.195,14863.69354,297.2738707,Meziani:1984is,1.204276713,0.047632844,0.0089,0.4889,0.285,0.2939,1.0,0.0,0.0,14863.69354,297.2738707,1.0471975511965976,0.24999999999999994,0.7500000000000001,0.3333333333333333,0.0021983195678836887,0.19280168043211632,4.433234524286382,1.037427126736111,0.13679999999999995,0.14368770999999997,0.18171270999999997,0.4262777381004079,1.109482692529,1.102594982529,0.5425668249089305,0.00040796353773126626,36433877.455467634,728677.5488642326,0.0006937414531052983,0.0006811124923103766,1297.6111049425729,1250.7973538585177,19287293.797967184,385745.8758295825,49.53346506013892,0.9906693008695269,18591468.548395943,371829.3708428391,47.746452530095326,0.9549290502806778,"[0.340,0.428]",0.38,"[0.100,0.145]",0.12,0.0036,0.0,53,0.1926,0.008,0.8322835225290001,33,1.1002835225290002,0.005,0.0,38,0.1925,0.008,0.8541835225290001,31,1.1061835225290002,0.19362475025612014,0.1936502259503857,0.5261910437045453,0.5333326854160793,0.17738085426170602,0.18428927401726372,0.5398402265788715,0.5389826112738267
26,56,0.48,60.0,0.205,12655.05373,253.1010746,Meziani:1984is,1.216905145,0.050098562,0.0089,0.4889,0.275,0.28390000000000004,1.0,0.0,0.0,12655.05373,253.1010746,1.0471975511965976,0.24999999999999994,0.7500000000000001,0.3333333333333333,0.0021983195678836887,0.2028016804321163,4.433234524286382,1.037427126736111,0.13199999999999998,0.13879871,0.18082370999999997,0.42523371221012096,1.1330481525290002,1.1262494425290002,0.5351835768062083,0.00044421609709177656,28488507.761990044,569770.1552398009,0.0006937414531052982,0.0006811124923103766,1358.3216514161857,1309.317653655012,17189633.48129416,343792.6696258832,44.14627154857877,0.8829254309715754,16569485.256641706,331389.70513283415,42.55361211487599,0.8510722422975199,"[0.340,0.428]",0.38,"[0.100,0.145]",0.12,0.0036,0.0,56,0.2034,0.008,0.8322835225290001,36,1.124283522529,0.005,0.0,40,0.2025,0.008,0.8541835225290001,34,1.1301835225290002,0.20438370487531188,0.2036502259503857,0.5159900136328727,0.5271274200011676,0.18808552308623294,0.19707872868557455,0.5310710168582208,0.531224136937369
26,56,0.48,60.0,0.215,11055.03377,221.1006755,Meziani:1984is,1.30257404,0.054907114,0.0089,0.4889,0.265,0.27390000000000003,1.0,0.0,0.0,11055.03377,221.1006755,1.0471975511965976,0.24999999999999994,0.7500000000000001,0.3333333333333333,0.0021983195678836887,0.2128016804321163,4.433234524286382,1.037427126736111,0.12719999999999998,0.13390971,0.18013470999999998,0.4244227962774855,1.156613612529,1.149903902529,0.5272045858879916,0.00047873099359460115,23092371.118469134,461847.4225782683,0.0006937414531052982,0.0006811124923103766,1426.6249130754177,1375.15674721537,15771386.591172056,315427.7319661036,40.503941861771274,0.8100788376018101,15202404.279509269,304048.085727701,39.04268629373735,0.7808537262279135,"[0.340,0.428]",0.38,"[0.100,0.145]",0.12,0.0036,0.0,59,0.2142,0.008,0.8322835225290001,39,1.148283522529,0.005,0.0,42,0.2125,0.008,0.8541835225290001,36,1.146183522529,0.21514044953374167,0.21365022595038569,0.5047533398235124,0.5207633873234614,0.19868941034125653,0.20560503179778167,0.5215117218068374,0.5258953359979117
26,56,0.48,60.0,0.225,10060.3011,201.2060219,Meziani:1984is,1.381668388,0.05924276,0.0089,0.4889,0.255,0.2639,1.0,0.0,0.0,10060.3011,201.2060219,1.0471975511965976,0.24999999999999994,0.7500000000000001,0.3333333333333333,0.0021983195678836887,0.22280168043211632,4.433234524286382,1.037427126736111,0.12239999999999997,0.12902070999999998,0.17964571,0.42384632828420254,1.180179072529,1.173558362529,0.5186042593352708,0.0005114392973530489,19670567.263929524,393411.3450830638,0.0006937414531052982,0.0006811124923103766,1503.5257819199314,1449.2832731781664,15125922.077727446,302518.4414041963,38.84626534897621,0.7769253065933899,14580226.107365908,291604.52200238983,37.44481356603034,0.7488962709484032,"[0.340,0.428]",0.38,"[0.100,0.145]",0.12,0.0036,0.0,61,0.22139999999999999,0.008,0.8322835225290001,42,1.172283522529,0.005,0.0,44,0.2225,0.008,0.8541835225290001,39,1.170183522529,0.22231038555568716,0.2236502259503857,0.4966310862625088,0.5142571751170435,0.20919531003256908,0.2183944864660925,0.5110984435041843,0.5176933915149612
26,56,0.48,60.0,0.235,9630.677548,192.613551,Meziani:1984is,1.422537504,0.061574069,0.0089,0.4889,0.245,0.2539,1.0,0.0,0.0,9630.677548,192.613551,1.0471975511965976,0.24999999999999994,0.7500000000000001,0.3333333333333333,0.0021983195678836887,0.2328016804321163,4.433234524286382,1.037427126736111,0.11759999999999997,0.12413170999999998,0.17935670999999997,0.4235052656107123,1.2037445325290002,1.1972128225290002,0.5093568253305204,0.0005422832601779542,17759496.291365553,355189.92590107326,0.0006937414531052982,0.0006811124923103766,1590.2004269048066,1532.830968000419,15314707.548212135,306294.15102785075,39.331102600073656,0.7866220521648307,14762200.788400741,295244.0158293281,37.91215940517647,0.7582431882609936,"[0.340,0.428]",0.38,"[0.100,0.145]",0.12,0.0036,0.0,64,0.2322,0.008,0.8322835225290001,45,1.196283522529,0.005,0.0,46,0.2325,0.008,0.8541835225290001,42,1.194183522529,0.23306344997053685,0.2336502259503857,0.48340407402515734,0.5076250527154686,0.2196058894046734,0.23118394113440333,0.49975729222948734,0.5092715508028423
26,56,0.48,60.0,0.245,9707.612244,194.1522449,Meziani:1984is,1.493673175,0.063764393,0.0089,0.4889,0.235,0.24389999999999998,1.0,0.0,0.0,9707.612244,194.1522449,1.0471975511965976,0.24999999999999994,0.7500000000000001,0.3333333333333333,0.0021983195678836887,0.2428016804321163,4.433234524286382,1.037427126736111,0.11279999999999996,0.11924270999999996,0.17926770999999997,0.42340017713742156,1.227309992529,1.2208672825290001,0.49943645743246323,0.0005712171123504377,16994610.34011258,339892.20683726465,0.0006937414531052983,0.0006811124923103766,1688.0319480143387,1627.133033743893,16386759.606807165,327735.19216990395,42.08433764400002,0.8416867529667043,15795576.560989082,315911.5312523243,40.56606633798285,0.8113213268432328,"[0.340,0.428]",0.38,"[0.100,0.145]",0.12,0.0036,0.0,67,0.243,0.008,0.8322835225290001,48,1.220283522529,0.005,0.0,48,0.2425,0.008,0.8541835225290001,45,1.218183522529,0.24381430805156867,0.24365022595038568,0.46878930178905487,0.5008828998795528,0.22992369684903669,0.24397339580271415,0.4874027457676949,0.5006633541064102
26,56,0.48,60.0,0.255,10225.30801,204.5061602,Meziani:1984is,1.486507789,0.124201638,0.0089,0.4889,0.22499999999999998,0.23389999999999997,1.0,0.0,0.0,10225.30801,204.5061602,1.0471975511965976,0.24999999999999994,0.7500000000000001,0.3333333333333333,0.0021983195678836887,0.2528016804321163,4.433234524286382,1.037427126736111,0.10799999999999996,0.11435370999999996,0.17937870999999994,0.42353123851730223,1.2508754525290002,1.244521742529,0.48881741584060434,0.0005982076694293032,17093241.248068683,341864.82496137364,0.0006937414531052983,0.0006811124923103766,1798.6551257946173,1733.765273184474,18391802.665015258,367836.0533003052,47.23367229447817,0.9446734458895635,17728283.93535304,354565.6787070608,45.529629096052105,0.9105925819210421,"[0.340,0.428]",0.38,"[0.100,0.145]",0.12,0.0036,0.0,70,0.25379999999999997,0.008,0.8322835225290001,51,1.244283522529,0.005,0.0,50,0.2525,0.008,0.8541835225290001,48,1.242183522529,0.25456296115632426,0.2536502259503857,0.45260845534450195,0.4940461440756565,0.2401511691890913,0.256762850471025,0.47393563061214194,0.4919011732285455
26,56,0.48,60.0,0.265,11115.73013,222.3146025,Meziani:1984is,1.430405364,0.061534419,0.0089,0.4889,0.21499999999999997,0.22389999999999996,1.0,0.0,0.0,11115.73013,222.3146025,1.0471975511965976,0.24999999999999994,0.7500000000000001,0.3333333333333333,0.0021983195678836887,0.2628016804321163,4.433234524286382,1.037427126736111,0.10319999999999996,0.10946470999999995,0.17968970999999995,0.4238982307110988,1.2744409125290002,1.2681762025290002,0.47747420644483923,0.0006232347327710815,17835543.40846226,356710.868008792,0.0006937414531052983,0.0006811124923103766,1924.013095190819,1854.6007190346274,21386810.332727145,427736.2064621416,54.92542569531509,1.0985085134121784,20615241.091692872,412304.8216483974,52.94388808601724,1.0588777612440479,"[0.340,0.428]",0.38,"[0.100,0.145]",0.12,0.0036,0.0,73,0.2646,0.008,0.8322835225290001,54,1.2682835225290001,0.005,0.0,52,0.2625,0.008,0.8541835225290001,51,1.2661835225290001,0.2653094106409526,0.26365022595038573,0.43464862017935485,0.487129706185308,0.2502906384009903,0.2695523051393358,0.4592406263902041,0.4830160226223579
26,56,0.48,60.0,0.275,12300.7318,246.014636,Meziani:1984is,1.390161193,0.059752543,0.0089,0.4889,0.20499999999999996,0.21389999999999995,1.0,0.0,0.0,12300.7318,246.014636,1.0471975511965976,0.24999999999999994,0.7500000000000001,0.3333333333333333,0.0021983195678836887,0.27280168043211633,4.433234524286382,1.037427126736111,0.09839999999999995,0.10457570999999995,0.18020070999999996,0.4245005418135529,1.298006372529,1.2918306625290001,0.4653817584198147,0.0006462912737144826,19032798.832797166,380655.9766559434,0.0006937414531052983,0.0006811124923103766,2066.4298289589688,1991.8795023803189,25418599.109544147,508371.98219088296,65.27983158544436,1.3055966317088872,24501575.536697764,490031.51073395525,62.92473938947763,1.2584947877895525,"[0.340,0.428]",0.38,"[0.100,0.145]",0.12,0.0036,0.0,75,0.2718,0.008,0.8322835225290001,57,1.2922835225290001,0.005,0.0,54,0.2725,0.008,0.8541835225290001,54,1.2901835225290001,0.2724724867330366,0.27365022595038574,0.42156269107967587,0.4801479545029758,0.26034433782262634,0.28234175980764664,0.4431831631461676,0.4740374066524852
26,56,0.48,60.0,0.285,13677.51626,273.5503252,Meziani:1984is,1.308717143,0.056954785,0.0089,0.4889,0.195,0.2039,1.0,0.0,0.0,13677.51626,273.5503252,1.0471975511965976,0.24999999999999994,0.7500000000000001,0.3333333333333333,0.0021983195678836887,0.2828016804321163,4.433234524286382,1.037427126736111,0.09359999999999999,0.09968670999999997,0.18091170999999995,0.42533717213523664,1.321571832529,1.3154851225289999,0.45251562094411335,0.0006673833980824208,20494241.09035276,409884.82180705515,0.0006937414531052981,0.0006811124923103765,2228.703838697265,2148.2991732721266,30483132.99250626,609662.6598501251,78.28652473614618,1.5657304947229234,29383396.87377407,587667.9374754813,75.46219172275397,1.509243834455079,"[0.340,0.428]",0.38,"[0.070,0.100]",0.093,0.0036,0.0,78,0.2826,0.008,0.8322835225290001,60,1.316283522529,0.005,0.0,56,0.28250000000000003,0.008,0.8811835225290001,54,1.317183522529,0.28321526652734974,0.28339142511154897,0.40004238561466,0.44595661234497386,0.27031440789774897,0.2823417598076466,0.42560553770637205,0.446804813265817
26,56,0.48,60.0,0.295,15152.01931,303.0403862,Meziani:1984is,1.346355201,0.058276061,0.0089,0.4889,0.185,0.1939,1.0,0.0,0.0,15152.01931,303.0403862,1.0471975511965976,0.24999999999999994,0.7500000000000001,0.3333333333333333,0.0021983195678836887,0.2928016804321163,4.433234524286382,1.037427126736111,0.08879999999999998,0.09479770999999997,0.18182270999999994,0.4264067424420021,1.345137292529,1.339139582529,0.43885217939580906,0.0006865300944518927,22070437.1628413,441408.743256826,0.0006937414531052982,0.0006811124923103766,2414.2307312396474,2327.13283566736,36580470.65853856,731609.4131707712,93.94565584100403,1.8789131168200808,35260761.66296689,705215.2332593378,90.55639034287645,1.8111278068575292,"[0.340,0.428]",0.38,"[0.070,0.100]",0.093,0.0036,0.0,81,0.2934,0.008,0.8322835225290001,63,1.340283522529,0.005,0.0,58,0.2925,0.008,0.8811835225290001,57,1.341183522529,0.29395584631113536,0.2933914251115489,0.37593172828231114,0.43788261792691474,0.2802029014970301,0.2951312144759574,0.4063220151631641,0.4364797800807885
26,56,0.48,60.0,0.305,16574.03797,331.4807594,Meziani:1984is,1.188605941,0.055327495,0.0089,0.4889,0.175,0.18389999999999998,1.0,0.0,0.0,16574.03797,331.4807594,1.0471975511965976,0.24999999999999994,0.7500000000000001,0.3333333333333333,0.0021983195678836887,0.3028016804321163,4.433234524286382,1.037427126736111,0.08399999999999998,0.08990870999999998,0.18293370999999997,0.4277075051948469,1.3687027525289999,1.362794042529,0.4243688910940018,0.0007037627761993155,23550603.31481073,471012.0662962146,0.0006937414531052981,0.0006811124923103765,2627.1655792545725,2532.3856602053565,43542742.06404233,870854.8412808466,111.82610247162845,2.236522049432569,41971856.0869271,839437.121738542,107.79176637056794,2.1558353274113586,"[0.340,0.428]",0.38,"[0.070,0.100]",0.093,0.0036,0.0,84,0.30419999999999997,0.008,0.8322835225290001,66,1.364283522529,0.005,0.0,60,0.3025,0.008,0.8811835225290001,60,1.365183522529,0.30469422743547625,0.30339142511154893,0.3487931571116956,0.4298307377782346,0.29001178885354595,0.30792066914426824,0.3851125969791614,0.42619476949691565
26,56,0.48,60.0,0.315,17828.20284,356.5640569,Meziani:1984is,1.189127148,0.057212721,0.0089,0.4889,0.16499999999999998,0.17389999999999997,1.0,0.0,0.0,17828.20284,356.5640569,1.0471975511965976,0.24999999999999994,0.7500000000000001,0.3333333333333333,0.0021983195678836887,0.3128016804321163,4.433234524286382,1.037427126736111,0.07919999999999998,0.08501970999999997,0.18424470999999998,0.42923735857914325,1.392268212529,1.3864485025289999,0.4090445403168686,0.0007191246333315047,24791534.05913366,495830.6813217311,0.000693741453105298,0.0006811124923103764,2872.641105089213,2769.0051966608376,51214028.30805225,1024280.5664483091,131.52743502321943,2.630548701202138,49366386.31108351,987327.7264985706,126.7823364490409,2.535646729691951,"[0.428,0.523]",0.475,"[0.070,0.100]",0.093,0.0036,0.0,86,0.3114,0.032,0.7510585225290001,19,1.3750585225290002,0.005,0.0,62,0.3125,0.008,0.8811835225290001,63,1.3891835225290001,0.3126258540292781,0.31339142511154894,0.4595292030880517,0.4218143828918225,0.3269082212205018,0.3207101238125791,0.44118895798762486,0.41597711934223985
26,56,0.48,60.0,0.325,18809.80183,376.1960366,Meziani:1984is,1.201501228,0.061669975,0.0089,0.4889,0.15499999999999997,0.16389999999999996,1.0,0.0,0.0,18809.80183,376.1960366,1.0471975511965976,0.24999999999999994,0.7500000000000001,0.3333333333333333,0.0021983195678836887,0.3228016804321163,4.433234524286382,1.037427126736111,0.07439999999999997,0.08013070999999997,0.18575570999999996,0.4309938630653573,1.415833672529,1.410102962529,0.3928595119279827,0.0007326698152876688,25672958.59269798,513459.1718539597,0.0006937414531052982,0.0006811124923103766,3157.065485171606,3043.1684344944492,59383776.14041071,1187675.5228082142,152.50891241674182,3.0501782483348365,57241395.188151926,1144827.9037630386,147.0068677465143,2.9401373549302865,"[0.428,0.523]",0.475,"[0.070,0.100]",0.093,0.0036,0.0,89,0.3222,0.032,0.7510585225290001,20,1.4070585225290002,0.005,0.0,64,0.3225,0.008,0.8811835225290001,66,1.4131835225290001,0.3233604154352463,0.32339142511154895,0.4459377183095366,0.4138458721443493,0.33949204981510583,0.3334995784808899,0.4232198173280633,0.4058512770306025
26,56,0.48,140.0,0.05,0.334425039,0.006688501,Meziani:1984is,11.48239383,6.428944455,0.0089,0.4889,0.43,0.4389,1.0,0.0,0.0,0.334425039,0.006688501,2.443460952792061,0.8830222215594888,0.11697777844051105,7.548632170413027,0.007675649120541361,0.04232435087945864,4.433234524286382,1.037427126736111,0.729023146119514,0.7579093107698341,0.7604093107698341,0.8720145129353262,0.24516037640948607,0.21627421175916595,0.06193076573897621,-0.000168300110571366,-1987.07557508223,-39.741512808833285,8.673142923509687e-06,8.515255887266617e-06,7456.7213399621,7187.706150910064,2493.7143249289575,49.874288139057846,0.006404336071079876,0.00012808672563466108,2403.7489098386377,48.07497977806812,0.006173287651759022,0.00012346575709624983,"[0.702,0.878]",0.756,"[0.650,1.050]",0.8,0.002,0.0,21,0.043000000000000003,0.04,0.405147522529,-5,0.225147522529,0.005,0.0,8,0.0425,0.1,0.17418352252900005,0,0.22418352252900003,0.048455790417392564,0.050168173002571294,0.06188294111168507,0.06193959687251967,-0.04570170171117416,0.0766446972256476,0.061909389108213586,0.06169745594207268
26,56,0.48,140.0,0.06,0.71899385,0.014379877,Meziani:1984is,3.671797747,2.14188202,0.0089,0.4889,0.42,0.4289,1.0,0.0,0.0,0.71899385,0.014379877,2.443460952792061,0.8830222215594888,0.11697777844051105,7.548632170413027,0.007675649120541361,0.052324350879458636,4.433234524286382,1.037427126736111,0.7120691194655717,0.7406409282050168,0.7442409282050169,0.8626939945339929,0.28087986306342827,0.2523080543239832,0.061840444857038795,-0.00015915263200085616,-4517.637194942099,-90.35274389884198,8.673142923509688e-06,8.515255887266619e-06,7469.05032221098,7199.590342031679,5370.201247010214,107.40402494020425,0.01379170549383817,0.00027583410987676337,5176.461178440174,103.52922356880347,0.013294143885777094,0.00026588287771554185,"[0.702,0.878]",0.756,"[0.650,1.050]",0.8,0.002,0.0,26,0.053,0.04,0.405147522529,-4,0.265147522529,0.005,0.0,10,0.0525,0.1,0.17418352252900005,0,0.22418352252900003,0.058445554181126624,0.06016817300257129,0.061774007719097114,0.06185981506682338,-0.023568937185692862,0.0766446972256476,0.062065725542396484,0.06169745594207268
26,56,0.48,140.0,0.07,1.409081514,0.02818163,Meziani:1984is,4.038091441,0.929683618,0.0089,0.4889,0.41,0.4189,1.0,0.0,0.0,1.409081514,0.02818163,2.443460952792061,0.8830222215594888,0.11697777844051105,7.548632170413027,0.007675649120541361,0.062324350879458645,4.433234524286382,1.037427126736111,0.6951150928116295,0.7233725456401994,0.7282725456401994,0.8533888595711802,0.3165993497173706,0.28834189688880074,0.0617301837600629,-0.00015000372663569818,-9393.643382088241,-187.87286577514456,8.673142923509688e-06,8.515255887266619e-06,7484.150277257102,7214.145537916742,10545.777803680956,210.91555397805706,0.02708357750145721,0.0005416715446473395,10165.319116784067,203.3063803157206,0.02610648671455689,0.0005221297291034916,"[0.702,0.878]",0.756,"[0.650,1.050]",0.8,0.002,0.0,31,0.063,0.04,0.405147522529,-3,0.305147522529,0.005,0.0,12,0.0625,0.1,0.17418352252900005,1,0.32418352252900007,0.06843340733082925,0.07016817300257129,0.06164470886352198,0.06176583608068728,-0.0019592050952148554,0.12993409167694267,0.062121965568695946,0.06091665897611905
26,56,0.48,140.0,0.08,2.660230867,0.053204617,Meziani:1984is,2.605037062,0.530029186,0.0089,0.4889,0.39999999999999997,0.4089,1.0,0.0,0.0,2.660230867,0.053204617,2.443460952792061,0.8830222215594888,0.11697777844051105,7.548632170413027,0.007675649120541361,0.07232435087945864,4.433234524286382,1.037427126736111,0.6781610661576873,0.706104163075382,0.712504163075382,0.844099616796135,0.3523188363713128,0.3243757394536181,0.06159872136834457,-0.00014085378891058893,-18886.470059308518,-377.7293987723198,8.673142923509687e-06,8.515255887266617e-06,7502.2246105926115,7231.567805823283,19957.64948026552,399.15298705455405,0.051255066862590334,0.0010251013307009758,19237.63989385456,384.7527954183582,0.049405944322899915,0.000988118880143501,"[0.702,0.878]",0.756,"[0.650,1.050]",0.8,0.002,0.0,36,0.073,0.04,0.405147522529,-3,0.305147522529,0.005,0.0,14,0.0725,0.1,0.17418352252900005,1,0.32418352252900007,0.07841935096233499,0.08016817300257129,0.06149503938419249,0.06165779011830038,-0.0019592050952148554,0.12993409167694267,0.062121965568695946,0.06091665897611905
26,56,0.48,140.0,0.09,4.922282263,0.098445645,Meziani:1984is,0.936557425,0.239726195,0.0089,0.4889,0.39,0.39890000000000003,1.0,0.0,0.0,4.922282263,0.098445645,2.443460952792061,0.8830222215594888,0.11697777844051105,7.548632170413027,0.007675649120541361,0.08232435087945864,4.433234524286382,1.037427126736111,0.6612070395037453,0.6888357805105647,0.6969357805105647,0.8348267967132852,0.38803832302525487,0.3604095820184354,0.06144471529807629,-0.00013170325096096525,-37374.03767245568,-747.4807514749785,8.673142923509688e-06,8.515255887266619e-06,7523.497148044693,7252.072896642537,37032.776567551475,740.6555293949202,0.09510726405702795,0.0019021452761168955,35696.74978912659,713.9349938969929,0.09167609136677246,0.001833521822493024,"[0.702,0.878]",0.756,"[0.650,1.050]",0.8,0.002,0.0,41,0.083,0.04,0.405147522529,-2,0.345147522529,0.005,0.0,16,0.0825,0.1,0.17418352252900005,1,0.32418352252900007,0.08840338617043386,0.0901681730025713,0.06132499146424532,0.06153582613788795,0.019162910402884314,0.12993409167694267,0.06208492075284134,0.06091665897611905
26,56,0.48,140.0,0.1,9.313891363,0.186277827,Meziani:1984is,1.717864142,0.230837994,0.0089,0.4889,0.38,0.3889,1.0,0.0,0.0,9.313891363,0.186277827,2.443460952792061,0.8830222215594888,0.11697777844051105,7.548632170413027,0.007675649120541361,0.09232435087945864,4.433234524286382,1.037427126736111,0.6442530128498031,0.6715673979457474,0.6815673979457474,0.8255709527022783,0.4237578096791971,0.39644342458325277,0.06126673608986524,-0.00012255258571606186,-75999.14198937471,-1519.982837665956,8.673142923509687e-06,8.515255887266617e-06,7548.21476362907,7275.898777947706,70303.25229303387,1406.0650438981418,0.18055221886225192,0.0036110443722048705,67766.93078598939,1355.3386138280541,0.17403845938585982,0.003480769182858862,"[0.702,0.878]",0.756,"[0.650,1.050]",0.8,0.002,0.0,46,0.093,0.04,0.405147522529,-1,0.385147522529,0.005,0.0,18,0.0925,0.1,0.17418352252900005,2,0.42418352252900005,0.09838551404887141,0.10016817300257129,0.06113455462944621,0.06140011134316546,0.03982900006389922,0.18322348612823774,0.061960614346318825,0.05977000766925276
26,56,0.48,140.0,0.11,20.37078403,0.407415681,Meziani:1984is,1.443243419,0.14530614,0.0089,0.4889,0.37,0.3789,1.0,0.0,0.0,20.37078403,0.407415681,2.443460952792061,0.8830222215594888,0.11697777844051105,7.548632170413027,0.007675649120541361,0.10232435087945864,4.433234524286382,1.037427126736111,0.6272989861958608,0.6542990153809299,0.6663990153809299,0.8163326622039142,0.4594772963331394,0.4324772671480702,0.061063260985026874,-0.00011340231024466814,-179632.88389848103,-3592.6576814968857,8.67314292350969e-06,8.515255887266622e-06,7576.6504237745885,7303.308568392439,154342.3094535201,3086.8461921010626,0.3963806157929142,0.0079276123236416,148774.12155117086,2975.4824339447405,0.38208044264273516,0.0076416088603572215,"[0.702,0.878]",0.756,"[0.650,1.050]",0.8,0.002,0.0,51,0.10300000000000001,0.04,0.405147522529,0,0.425147522529,0.005,0.0,20,0.10250000000000001,0.1,0.17418352252900005,2,0.42418352252900005,0.10836573569034869,0.1101681730025713,0.06092371574604895,0.06125083061717774,0.060067384102035604,0.18322348612823774,0.06175439881957735,0.05977000766925276
26,56,0.48,140.0,0.12,36.95533591,0.739106718,Meziani:1984is,1.185214501,0.100662053,0.0089,0.4889,0.36,0.3689,1.0,0.0,0.0,36.95533591,0.739106718,2.443460952792061,0.8830222215594888,0.11697777844051105,7.548632170413027,0.007675649120541361,0.11232435087945863,4.433234524286382,1.037427126736111,0.6103449595419186,0.6370306328161126,0.6514306328161126,0.8071125279761878,0.49519678298708136,0.46851110971288734,0.06083266721106859,-0.00010425298937428568,-354477.4699680233,-7089.549397442055,8.67314292350969e-06,8.515255887266622e-06,7609.10672695156,7334.5939496404535,281197.09506953554,5623.94189986889,0.7221680049850973,0.014443360095793618,271052.3831724166,5421.0476619814135,0.6961144415580665,0.013922288827394,"[0.702,0.878]",0.756,"[0.438,0.650]",0.5,0.002,0.0,56,0.113,0.04,0.405147522529,1,0.465147522529,0.005,0.0,22,0.1125,0.1,0.4741835225290001,-1,0.4241835225290001,0.11834405218651511,0.11729260812660706,0.06069245901778708,0.060559568263274986,0.079903567462147,0.02335530277435249,0.061471051969853516,0.062058860195250934
26,56,0.48,140.0,0.13,62.55373557,1.251074711,Meziani:1984is,1.368423472,0.85526467,0.0089,0.4889,0.35,0.3589,1.0,0.0,0.0,62.55373557,1.251074711,2.443460952792061,0.8830222215594888,0.11697777844051105,7.548632170413027,0.007675649120541361,0.12232435087945864,4.433234524286382,1.037427126736111,0.5933909328879764,0.6197622502512953,0.6366622502512953,0.7979111794249378,0.5309162696410236,0.5045449522777047,0.060573224734266566,-9.510523960600945e-05,-657731.7488409692,-13154.634972613516,8.67314292350969e-06,8.515255887266622e-06,7645.920035355635,7370.0791489911735,478280.8600810015,9565.617198561662,1.228316866011157,0.02456633731236867,461025.9822159645,9220.519641371258,1.1840030343872072,0.023680060680173032,"[0.702,0.878]",0.756,"[0.438,0.650]",0.5,0.002,0.0,61,0.123,0.04,0.405147522529,2,0.505147522529,0.005,0.0,24,0.1225,0.1,0.4741835225290001,0,0.5241835225290001,0.12832046462799696,0.12729260812660706,0.06044076598199622,0.06028992722679501,0.09936061671112018,0.0766446972256476,0.061114856167903776,0.06144529394738884
26,56,0.48,140.0,0.14,102.1819799,2.043639598,Meziani:1984is,1.311385825,0.069386011,0.0089,0.4889,0.33999999999999997,0.3489,1.0,0.0,0.0,102.1819799,2.043639598,2.443460952792061,0.8830222215594888,0.11697777844051105,7.548632170413027,0.007675649120541361,0.13232435087945865,4.433234524286382,1.037427126736111,0.5764369062340342,0.6024938676864778,0.6220938676864778,0.7887292740138899,0.566635756294966,0.5405787948425224,0.060283088433397795,-8.595973334917562e-05,-1188719.135329658,-23774.382706593155,8.673142923509688e-06,8.515255887266619e-06,7687.465317463736,7410.125607231385,785520.4265510266,15710.408531020532,2.0173669261310074,0.040347338522620145,757181.3058545927,15143.626117091853,1.9445866356684947,0.03889173271336989,"[0.702,0.878]",0.756,"[0.438,0.650]",0.5,0.002,0.0,66,0.133,0.04,0.405147522529,3,0.545147522529,0.005,0.0,26,0.1325,0.1,0.4741835225290001,0,0.5241835225290001,0.13829497410436176,0.13729260812660707,0.06016861550486679,0.06000092808250641,0.11845947443664773,0.0766446972256476,0.060689664204738245,0.06144529394738884
26,56,0.48,140.0,0.15,162.1404347,3.242808695,Meziani:1984is,1.332178493,0.060009707,0.0089,0.4889,0.32999999999999996,0.3389,1.0,0.0,0.0,162.1404347,3.242808695,2.443460952792061,0.8830222215594888,0.11697777844051105,7.548632170413027,0.007675649120541361,0.14232435087945863,4.433234524286382,1.037427126736111,0.5594828795800921,0.5852254851216605,0.6077254851216605,0.7795674987591905,0.6023552429489079,0.5766126374073395,0.05996028964448777,-7.681720350164172e-05,-2110730.76484143,-42214.615309846515,8.673142923509685e-06,8.515255887266616e-06,7734.161848329488,7455.137473281838,1254020.3641282986,25080.407290300132,3.220564509563212,0.06441129021112704,1208779.2306661766,24175.58462077867,3.1043766126451233,0.06208753227204869,"[0.702,0.878]",0.756,"[0.438,0.650]",0.5,0.002,0.0,71,0.14300000000000002,0.04,0.405147522529,4,0.5851475225289999,0.005,0.0,28,0.14250000000000002,0.1,0.4741835225290001,1,0.6241835225290001,0.14826758170414678,0.14729260812660708,0.059875983775822594,0.059693160317589485,0.13721922336983916,0.12993409167694267,0.06019895439238945,0.06021544633282935
26,56,0.48,140.0,0.16,248.8393605,4.97678721,Meziani:1984is,1.342231387,0.053448136,0.0089,0.4889,0.31999999999999995,0.32889999999999997,1.0,0.0,0.0,248.8393605,4.97678721,2.443460952792061,0.8830222215594888,0.11697777844051105,7.548632170413027,0.007675649120541361,0.15232435087945864,4.433234524286382,1.037427126736111,0.5425288529261498,0.5679571025568431,0.593557102556843,0.7704265718138511,0.6380747296028502,0.6126464799721569,0.05960272702183826,-6.76784484034859e-05,-3676788.791262878,-73535.77582525757,8.673142923509688e-06,8.515255887266619e-06,7786.479950212923,7505.568101646101,1937582.6913570554,38751.65382714111,4.976083506001246,0.09952167012002494,1867680.766602815,37353.6153320563,4.796561973135108,0.09593123946270217,"[0.702,0.878]",0.756,"[0.438,0.650]",0.5,0.002,0.0,76,0.153,0.04,0.405147522529,5,0.625147522529,0.005,0.0,30,0.1525,0.1,0.4741835225290001,1,0.6241835225290001,0.1582382885148519,0.15729260812660706,0.059562844301023266,0.05936724218590279,0.1556573097222419,0.12993409167694267,0.059645876974939116,0.06021544633282935
26,56,0.48,140.0,0.17,366.7652809,7.335305619,Meziani:1984is,1.256934677,0.047169132,0.0089,0.4889,0.30999999999999994,0.31889999999999996,1.0,0.0,0.0,366.7652809,7.335305619,2.443460952792061,0.8830222215594888,0.11697777844051105,7.548632170413027,0.007675649120541361,0.16232435087945865,4.433234524286382,1.037427126736111,0.5255748262722076,0.5506887199920257,0.5795887199920258,0.7613072441478708,0.6737942162567924,0.6486803225369743,0.05920815665557632,-5.854433719393439e-05,-6264743.927069337,-125294.87855846781,8.673142923509688e-06,8.515255887266619e-06,7844.949001950001,7561.927772827084,2877254.9243463664,57545.09849477228,7.389341799690144,0.14778683601395023,2773452.5637464365,55469.05128249066,7.122757453757773,0.14245514909457596,"[0.702,0.878]",0.756,"[0.438,0.650]",0.5,0.002,0.0,81,0.163,0.04,0.405147522529,6,0.665147522529,0.005,0.0,32,0.1625,0.1,0.4741835225290001,1,0.6241835225290001,0.16820709562293956,0.16729260812660707,0.05922916789598725,0.059023817774779885,0.17378973318055213,0.12993409167694267,0.05903329345809993,0.06021544633282935
26,56,0.48,140.0,0.18,516.4691984,10.32938397,Meziani:1984is,1.208203707,0.043177793,0.0089,0.4889,0.3,0.3089,1.0,0.0,0.0,516.4691984,10.32938397,2.443460952792061,0.8830222215594888,0.11697777844051105,7.548632170413027,0.007675649120541361,0.17232435087945863,4.433234524286382,1.037427126736111,0.5086207996182656,0.5334203374272084,0.5658203374272084,0.7522103013301589,0.7095137029107345,0.6847141651017916,0.05877418138047552,-4.941581560342666e-05,-10451495.985511696,-209029.91975070682,8.673142923509687e-06,8.515255887266617e-06,7910.167004625899,7624.792913900735,4085357.612089267,81707.15225760567,10.491980920512786,0.20983961845088536,3937970.6842083125,78759.41369941585,10.113463056939725,0.2022692611779584,"[0.702,0.878]",0.756,"[0.438,0.650]",0.5,0.002,0.0,86,0.17300000000000001,0.04,0.405147522529,6,0.665147522529,0.005,0.0,34,0.17250000000000001,0.1,0.4741835225290001,2,0.7241835225290001,0.178174004113842,0.17729260812660708,0.05887492267733043,0.05866355402638127,0.17378973318055213,0.18322348612823774,0.05903329345809993,0.05844221045793887
26,56,0.48,140.0,0.19,693.5776824,13.87155365,Meziani:1984is,1.182275642,0.040802928,0.0089,0.4889,0.29,0.2989,1.0,0.0,0.0,693.5776824,13.87155365,2.443460952792061,0.8830222215594888,0.11697777844051105,7.548632170413027,0.007675649120541361,0.18232435087945864,4.433234524286382,1.037427126736111,0.4916667729643234,0.5161519548623911,0.5522519548623911,0.74313656541876,0.7452331895646767,0.720748007666609,0.058298239204804515,-4.0293912214917036e-05,-17212964.546620358,-344259.29098204244,8.673142923509688e-06,8.515255887266619e-06,7982.8120680880775,7694.817170631643,5536700.2932192795,110734.00588035121,14.219306938308957,0.2843861388071819,5336953.45969842,106739.06920935804,13.706318807225388,0.27412637618403135,"[0.702,0.878]",0.756,"[0.438,0.650]",0.5,0.002,0.0,91,0.183,0.04,0.405147522529,7,0.705147522529,0.005,0.0,36,0.1825,0.1,0.4741835225290001,2,0.7241835225290001,0.18813901507194686,0.18729260812660706,0.058500074053616825,0.05828713773732498,0.19163120944830536,0.18322348612823774,0.05836381012644584,0.05844221045793887
26,56,0.48,140.0,0.2,888.9765085,17.77953017,Meziani:1984is,1.108015781,0.040046053,0.0089,0.4889,0.27999999999999997,0.2889,1.0,0.0,0.0,888.9765085,17.77953017,2.443460952792061,0.8830222215594888,0.11697777844051105,7.548632170413027,0.007675649120541361,0.19232435087945865,4.433234524286382,1.037427126736111,0.4747127463103812,0.4988835722975737,0.5388835722975737,0.7340868969662745,0.7809526762186189,0.7567818502314263,0.05777759078141461,-3.1179745230753315e-05,-28511346.12938343,-570226.9225876686,8.673142923509685e-06,8.515255887266616e-06,8063.656283786493,7772.744779824554,7168401.008904602,143368.02017809203,18.409826937414337,0.3681965387482867,6909787.515830033,138195.75031660066,17.745657948365196,0.35491315896730385,"[0.702,0.878]",0.756,"[0.438,0.650]",0.5,0.002,0.0,96,0.193,0.04,0.405147522529,8,0.7451475225290001,0.005,0.0,38,0.1925,0.1,0.4741835225290001,2,0.7241835225290001,0.19810212958061868,0.19729260812660707,0.05810458471531427,0.05789527255948717,0.20919531003256908,0.18322348612823774,0.05763980675796904,0.05844221045793887
26,56,0.48,140.0,0.21,1089.762747,21.79525495,Meziani:1984is,1.110333421,0.039366367,0.0089,0.4889,0.27,0.27890000000000004,1.0,0.0,0.0,1089.762747,21.79525495,2.443460952792061,0.8830222215594888,0.11697777844051105,7.548632170413027,0.007675649120541361,0.20232435087945863,4.433234524286382,1.037427126736111,0.457758719656439,0.4816151897327564,0.5257151897327564,0.7250621971477733,0.8166721628725611,0.7928156927962436,0.05720930583614289,-2.2074529783757817e-05,-49367427.42315783,-987348.5489161675,8.673142923509688e-06,8.515255887266619e-06,8153.582582957356,7859.426819317568,8885470.553494964,177709.4111514351,22.81959044201546,0.45639180904970883,8564910.560464986,171298.21128789397,21.996330974888853,0.43992661969962216,"[0.702,0.878]",0.756,"[0.438,0.650]",0.5,0.002,0.0,101,0.203,0.04,0.405147522529,9,0.785147522529,0.005,0.0,40,0.2025,0.1,0.4741835225290001,3,0.8241835225290002,0.20806334872219168,0.20729260812660708,0.05768841462385153,0.057488676023789764,0.2264945830520867,0.2365128805795329,0.05686346134541921,0.05622305998304299
26,56,0.48,140.0,0.22,1284.378232,25.68756465,Meziani:1984is,1.035520508,0.03729431,0.0089,0.4889,0.26,0.26890000000000003,1.0,0.0,0.0,1284.378232,25.68756465,2.443460952792061,0.8830222215594888,0.11697777844051105,7.548632170413027,0.007675649120541361,0.21232435087945864,4.433234524286382,1.037427126736111,0.4408046930024968,0.464346807167939,0.5127468071679391,0.7160634100189306,0.8523916495265033,0.828849535361061,0.056590248460834706,-1.2979585833429978e-05,-98953714.58555938,-1979074.2924816282,8.67314292350969e-06,8.515255887266622e-06,8253.605357388256,7955.841084814543,10600751.056548057,212015.02121349718,27.22475934524816,0.5444951871169316,10218309.106587065,204366.1822112997,26.2425751588943,0.5248515033822072,"[0.702,0.878]",0.756,"[0.438,0.650]",0.5,0.002,0.0,106,0.213,0.04,0.405147522529,10,0.8251475225289999,0.005,0.0,42,0.2125,0.1,0.4741835225290001,3,0.8241835225290002,0.21802267357796978,0.21729260812660706,0.057251520999769386,0.057068076607503626,0.24354065812424086,0.2365128805795329,0.05603677147801507,0.05622305998304299
26,56,0.48,140.0,0.23,1449.183019,28.98366038,Meziani:1984is,0.986762874,0.036434321,0.0089,0.4889,0.24999999999999997,0.25889999999999996,1.0,0.0,0.0,1449.183019,28.98366038,2.443460952792061,0.8830222215594888,0.11697777844051105,7.548632170413027,0.007675649120541361,0.22232435087945865,4.433234524286382,1.037427126736111,0.42385066634855456,0.4470784246031215,0.49997842460312153,0.7070915249125261,0.8881111361804455,0.8648833779258785,0.055917061169835094,-3.896346690454081e-06,-371933796.9976979,-7438675.939953957,8.673142923509688e-06,8.515255887266619e-06,8364.895860179371,8063.11657426627,12122265.036275344,242445.30072550685,31.132298699539415,0.6226459739907882,11684931.619644132,233698.6323928826,30.009142712014796,0.6001828542402958,"[0.702,0.878]",0.756,"[0.438,0.650]",0.5,0.002,0.0,111,0.223,0.04,0.405147522529,11,0.865147522529,0.005,0.0,44,0.2225,0.1,0.4741835225290001,3,0.8241835225290002,0.22798010522822665,0.22729260812660707,0.056793858309958825,0.05663421086412699,0.26034433782262634,0.2365128805795329,0.05516157291480917,0.05622305998304299
26,56,0.48,140.0,0.24,1576.149346,31.52298691,Meziani:1984is,1.008787653,0.037433001,0.0089,0.4889,0.24,0.24889999999999998,1.0,0.0,0.0,1576.149346,31.52298691,2.443460952792061,0.8830222215594888,0.11697777844051105,7.548632170413027,0.007675649120541361,0.23232435087945863,4.433234524286382,1.037427126736111,0.4068966396946124,0.42981004203830414,0.4874100420383041,0.6981475789819114,0.9238306228343877,0.9009172204906959,0.05518614760961358,5.173631785118586e-06,304650468.27136594,6093009.363494441,8.673142923509688e-06,8.515255887266619e-06,8488.813730939284,8182.5638757357965,13379638.210335772,267592.7641218273,34.36147386725748,0.6872294771271406,12896942.7013442,257938.8539450584,33.12181933719375,0.6624363865337312,"[0.609,0.702]",0.649,"[0.322,0.438]",0.38,0.0036,0.0,64,0.2322,0.018,0.5554825225290001,19,0.9064825225290001,0.005,0.0,46,0.2325,0.05,0.5941835225290001,6,0.9191835225290002,0.23570477927534483,0.23614238217622138,0.05437390830456942,0.054606860409114104,0.21397850142189012,0.2231905319667091,0.05574577780019049,0.05532088033643229
26,56,0.48,140.0,0.25,1657.175281,33.14350562,Meziani:1984is,0.989635809,0.036809625,0.0089,0.4889,0.22999999999999998,0.23889999999999997,1.0,0.0,0.0,1657.175281,33.14350562,2.443460952792061,0.8830222215594888,0.11697777844051105,7.548632170413027,0.007675649120541361,0.24232435087945864,4.433234524286382,1.037427126736111,0.38994261304067024,0.41254165947348675,0.47504165947348675,0.6892326599004771,0.9595501094883299,0.9369510630555133,0.05439365380123016,1.4228661264601288e-05,116467406.88969778,2329348.1377939554,8.673142923509687e-06,8.515255887266617e-06,8626.946440077592,8315.713188664304,14296362.391007533,285927.2478201507,36.71579716676957,0.7343159433353914,13780594.340140173,275611.8868028035,35.39120601394195,0.707824120278839,"[0.609,0.702]",0.649,"[0.322,0.438]",0.38,0.0036,0.0,67,0.243,0.018,0.5554825225290001,21,0.9424825225290001,0.005,0.0,48,0.2425,0.05,0.5941835225290001,6,0.9191835225290002,0.24645509554199663,0.24614238217622136,0.053644453427097186,0.05404141314138937,0.22949560829917848,0.2231905319667091,0.05477991988388625,0.05532088033643229
26,56,0.48,140.0,0.26,1690.053069,33.80106137,Meziani:1984is,0.999968599,0.037691124,0.0089,0.4889,0.21999999999999997,0.22889999999999996,1.0,0.0,0.0,1690.053069,33.80106137,2.443460952792061,0.8830222215594888,0.11697777844051105,7.548632170413027,0.007675649120541361,0.25232435087945865,4.433234524286382,1.037427126736111,0.37298858638672805,0.39527327690866937,0.46287327690866936,0.6803479087266083,0.9952695961422721,0.9729849056203308,0.0535354477845769,2.3266910261082554e-05,72637623.56219988,1452752.4708142024,8.673142923509688e-06,8.515255887266619e-06,8781.15907410319,8464.362313071502,14840624.842565296,296812.49676349433,38.11356739882895,0.7622713477510619,14305221.504334431,286104.430002045,36.73854906680481,0.7347709811187152,"[0.609,0.702]",0.649,"[0.322,0.438]",0.38,0.0036,0.0,70,0.25379999999999997,0.018,0.5554825225290001,23,0.9784825225290001,0.005,0.0,50,0.2525,0.05,0.5941835225290001,7,0.9691835225290001,0.25720320716565936,0.2561423821762214,0.052881427671489845,0.05346483313271492,0.24480921292055602,0.24983522919235662,0.05375831648076913,0.053829729670622085
26,56,0.48,140.0,0.27,1679.10043,33.5820086,Meziani:1984is,1.006491315,0.039366317,0.0089,0.4889,0.20999999999999996,0.21889999999999996,1.0,0.0,0.0,1679.10043,33.5820086,2.443460952792061,0.8830222215594888,0.11697777844051105,7.548632170413027,0.007675649120541361,0.26232435087945866,4.433234524286382,1.037427126736111,0.3560345597327858,0.37800489434385204,0.45090489434385206,0.6714945229440461,1.0309890827962143,1.009018748185148,0.052607097521706093,3.228639261878473e-05,52006442.770663485,1040128.8554132698,8.67314292350969e-06,8.515255887266622e-06,8953.657768975849,8630.637794430239,15034090.609960187,300681.81219920376,38.61042454892834,0.7722084909785669,14491707.631802065,289834.15263604134,37.217481164582686,0.7443496232916538,"[0.609,0.702]",0.649,"[0.322,0.438]",0.38,0.0036,0.0,72,0.261,0.018,0.5554825225290001,25,1.0144825225290002,0.005,0.0,52,0.2625,0.05,0.5941835225290001,8,1.019183522529,0.2643673907827022,0.2661423821762214,0.05235402462747381,0.05287819958508623,0.25992711789725675,0.2764799264180041,0.052682678624413226,0.05226232108679935
26,56,0.48,140.0,0.28,1635.119731,32.70239463,Meziani:1984is,1.033563456,0.042198745,0.0089,0.4889,0.19999999999999996,0.20889999999999995,1.0,0.0,0.0,1635.119731,32.70239463,2.443460952792061,0.8830222215594888,0.11697777844051105,7.548632170413027,0.007675649120541361,0.27232435087945867,4.433234524286382,1.037427126736111,0.3390805330788436,0.36073651177903465,0.4391365117790347,0.6626737596880041,1.0667085694501566,1.0450525907499655,0.05160384690405249,4.128495512958432e-05,39605704.44772731,792114.0891967652,8.673142923509688e-06,8.515255887266619e-06,9147.07136504215,8817.073632747679,14956556.869845523,299131.1374883812,38.411303052300525,0.768226061280925,14416971.066585578,288339.4214198823,37.02554334890759,0.740510867204591,"[0.609,0.702]",0.649,"[0.322,0.438]",0.38,0.0036,0.0,75,0.2718,0.018,0.5554825225290001,27,1.050482522529,0.005,0.0,54,0.2725,0.05,0.5941835225290001,9,1.069183522529,0.2751118310135965,0.2761423821762214,0.05153473318660345,0.052282570824747986,0.2748566396218336,0.3031246236436517,0.051554587274114966,0.05063854134313576
26,56,0.48,140.0,0.29,1574.94992,31.4989984,Meziani:1984is,1.079399401,0.045715739,0.0089,0.4889,0.19,0.1989,1.0,0.0,0.0,1574.94992,31.4989984,2.443460952792061,0.8830222215594888,0.11697777844051105,7.548632170413027,0.007675649120541361,0.2823243508794586,4.433234524286382,1.037427126736111,0.32212650642490154,0.3434681292142174,0.4275681292142174,0.6538869391677872,1.1024280561040984,1.0810864333147825,0.050520589694958644,5.026026422445259e-05,31335886.19762481,626717.7239524963,8.673142923509687e-06,8.515255887266617e-06,9364.557696642789,9026.71373757594,14748709.395162946,294974.1879032589,37.877510922991405,0.7575502184598281,14216622.078858128,284332.44157716254,36.511008770475556,0.730220175409511,"[0.609,0.702]",0.649,"[0.322,0.438]",0.38,0.0036,0.0,78,0.2826,0.018,0.5554825225290001,29,1.086482522529,0.005,0.0,56,0.28250000000000003,0.05,0.5941835225290001,9,1.069183522529,0.2858540702139152,0.2861423821762214,0.050681481779594174,0.051678981075613785,0.2896046496577337,0.3031246236436517,0.05037550480041636,0.05063854134313576
26,56,0.48,140.0,0.3,1519.767825,30.39535649,Meziani:1984is,1.125171867,0.049612841,0.0089,0.4889,0.18,0.18889999999999998,1.0,0.0,0.0,1519.767825,30.39535649,2.443460952792061,0.8830222215594888,0.11697777844051105,7.548632170413027,0.007675649120541361,0.2923243508794586,4.433234524286382,1.037427126736111,0.3051724797709593,0.3261997466494,0.41619974664939996,0.6451354482970223,1.1381475427580408,1.1171202758796,0.04935184122461993,5.9209791687905474e-05,25667508.391360145,513350.16765831196,8.67314292350969e-06,8.515255887266622e-06,9609.943645478956,9263.246928690949,14604883.152462123,292097.66295314307,37.50813758102971,0.7501627513737925,14077984.637254573,281559.692652459,36.15496126367496,0.7230992250356014,"[0.609,0.702]",0.649,"[0.322,0.438]",0.38,0.0036,0.0,81,0.2934,0.018,0.5554825225290001,31,1.122482522529,0.005,0.0,58,0.2925,0.05,0.5941835225290001,10,1.119183522529,0.29659410973575717,0.29614238217622135,0.04979411086529943,0.05106843758846804,0.30417761170615554,0.3297693208692993,0.049146785194483185,0.04897693114544665
26,56,0.48,140.0,0.31,1492.555588,29.85111176,Meziani:1984is,1.165785726,0.052996351,0.0089,0.4889,0.16999999999999998,0.17889999999999998,1.0,0.0,0.0,1492.555588,29.85111176,2.443460952792061,0.8830222215594888,0.11697777844051105,7.548632170413027,0.007675649120541361,0.30232435087945864,4.433234524286382,1.037427126736111,0.2882184531170171,0.3089313640845826,0.4050313640845826,0.6364207445429342,1.1738670294119828,1.1531541184444174,0.04809170763940412,6.81307993448867e-05,21907207.934615523,438144.15869231045,8.673142923509688e-06,8.515255887266619e-06,9887.91216918072,9531.187217254917,14758258.561763884,295165.17123527767,37.902035012017876,0.7580407002403575,14225826.741387997,284516.5348277599,36.53464810705587,0.7306929621411173,"[0.609,0.702]",0.649,"[0.206,0.322]",0.265,0.0036,0.0,83,0.3006,0.018,0.5554825225290001,33,1.158482522529,0.005,0.0,60,0.3025,0.015,0.7091835225290001,29,1.151683522529,0.3037529147071325,0.3050400823071017,0.0491834927684784,0.046732538327538806,0.31858161471444657,0.2858055704469808,0.047869683168148075,0.04819064642463508
26,56,0.48,140.0,0.32,1514.371229,30.28742458,Meziani:1984is,1.208422324,0.056591144,0.0089,0.4889,0.15999999999999998,0.16889999999999997,1.0,0.0,0.0,1514.371229,30.28742458,2.443460952792061,0.8830222215594888,0.11697777844051105,7.548632170413027,0.007675649120541361,0.31232435087945865,4.433234524286382,1.037427126736111,0.2712644264630749,0.2916629815197652,0.3940629815197652,0.6277443600063367,1.209586516065925,1.1891879610092349,0.04673385249152556,7.702032267213512e-05,19661969.418726914,393239.3883745383,8.673142923509688e-06,8.515255887266619e-06,10204.25577420111,9836.11813420101,15453031.357807282,309060.62715614564,39.686344639798726,0.7937268927959744,14895534.307479171,297910.6861495834,38.254585422937076,0.7650917084587414,"[0.609,0.702]",0.649,"[0.206,0.322]",0.265,0.0036,0.0,86,0.3114,0.018,0.5554825225290001,35,1.194482522529,0.005,0.0,62,0.3125,0.015,0.7091835225290001,32,1.196683522529,0.3144892910991075,0.31504008230710173,0.048238880900564184,0.045973562827372874,0.332822402607137,0.30978579795006356,0.046545362286390224,0.04637230466863906
26,56,0.48,140.0,0.33,1600.455968,32.00911936,Meziani:1984is,1.11218305,0.055484188,0.0089,0.4889,0.14999999999999997,0.15889999999999996,1.0,0.0,0.0,1600.455968,32.00911936,2.443460952792061,0.8830222215594888,0.11697777844051105,7.548632170413027,0.007675649120541361,0.32232435087945865,4.433234524286382,1.037427126736111,0.2543103998091327,0.27439459895494783,0.38329459895494783,0.6191079057441827,1.2453060027198672,1.225221803574052,0.04527146043836516,8.587515329031939e-05,18637008.572075732,372740.1714415146,8.673142923509687e-06,8.515255887266617e-06,10566.22570415784,10185.029320951578,16910778.987454418,338215.5797490883,43.4301197922899,0.8686023958457979,16300690.96097194,326013.8192194388,41.863296874573784,0.8372659374914757,"[0.609,0.702]",0.649,"[0.206,0.322]",0.265,0.0036,0.0,89,0.3222,0.018,0.5554825225290001,37,1.230482522529,0.005,0.0,64,0.3225,0.015,0.7091835225290001,34,1.226683522529,0.32522347141146923,0.32504008230710174,0.04725968688718151,0.045215539392841404,0.3469054010513871,0.3257726162854521,0.045174902253205654,0.045160079555427016
26,56,0.48,140.0,0.34,1756.810324,35.13620649,Meziani:1984is,1.127042557,0.057490555,0.0089,0.4889,0.13999999999999996,0.14889999999999995,1.0,0.0,0.0,1756.810324,35.13620649,2.443460952792061,0.8830222215594888,0.11697777844051105,7.548632170413027,0.007675649120541361,0.33232435087945866,4.433234524286382,1.037427126736111,0.23735637315519054,0.25712621639013045,0.3727262163901305,0.6105130763465517,1.2810254893738096,1.2612556461388695,0.04369719780347872,9.469182029946779e-05,18552925.885720607,371058.5178200179,8.673142923509688e-06,8.515255887266619e-06,10983.021841393811,10586.78875686229,19295086.15967814,385901.72330339294,49.553477337682295,0.9910695470357108,18598979.786062796,371979.5958271238,47.76574282724259,0.9553148568167408,"[0.609,0.702]",0.649,"[0.206,0.322]",0.265,0.0036,0.0,92,0.333,0.018,0.5554825225290001,39,1.266482522529,0.005,0.0,66,0.3325,0.015,0.7091835225290001,36,1.256683522529,0.3359554569912646,0.33504008230710175,0.04624572303614663,0.04445957371520038,0.3608357416105704,0.34175943462084063,0.043759305454440664,0.043953287046468996
26,56,0.48,140.0,0.35,1978.324424,39.56648848,Meziani:1984is,1.132271317,0.059140957,0.0089,0.4889,0.13,0.1389,1.0,0.0,0.0,1978.324424,39.56648848,2.443460952792061,0.8830222215594888,0.11697777844051105,7.548632170413027,0.007675649120541361,0.3423243508794586,4.433234524286382,1.037427126736111,0.2204023465012484,0.23985783382531317,0.36235783382531317,0.6019616547798649,1.3167449760277516,1.2972894887036868,0.042003169733754286,0.00010346657042893899,19120421.36700294,382408.42734005884,8.67314292350969e-06,8.515255887266622e-06,11466.494236236284,11052.81897949927,22684445.605201464,453688.91210402927,58.258001644185896,1.165160032883718,21866061.741194163,437321.2348238832,56.1562351154954,1.123124702309908,"[0.523,0.609]",0.57,"[0.206,0.322]",0.265,0.0036,0.0,95,0.3438,0.06,0.6517835225290001,10,1.281783522529,0.005,0.0,68,0.3425,0.015,0.7091835225290001,39,1.3016835225290002,0.345768269557972,0.34504008230710176,0.04018129226600536,0.043706693745670225,0.32927720513153635,0.3657396621239235,0.04226754617144337,0.042162083274676174
26,56,0.48,140.0,0.36,2248.899649,44.97799299,Meziani:1984is,1.058295332,0.057361386,0.0089,0.4889,0.12,0.1289,1.0,0.0,0.0,2248.899649,44.97799299,2.443460952792061,0.8830222215594888,0.11697777844051105,7.548632170413027,0.007675649120541361,0.3523243508794586,4.433234524286382,1.037427126736111,0.2034483198473062,0.22258945126049579,0.3521894512604958,0.593455517507838,1.3524644626816937,1.3333233312685042,0.040180873669584026,0.00011219534698493181,20044500.145821862,400890.0030055674,8.673142923509688e-06,8.515255887266619e-06,12032.171190601692,11598.088078202238,27059145.567252055,541182.9114653628,69.49306914451415,1.3898613831992923,26082936.208140098,521658.7242787828,66.98597651205532,1.3397195305389673,"[0.523,0.609]",0.57,"[0.206,0.322]",0.265,0.0036,0.0,97,0.351,0.06,0.6517835225290001,11,1.341783522529,0.005,0.0,70,0.3525,0.015,0.7091835225290001,41,1.331683522529,0.35292037134783527,0.3550400823071017,0.039241844389545665,0.04295785094316578,0.3527279769667101,0.38172648045931196,0.03926739194520919,0.04098566964453047
26,56,0.48,140.0,0.37,2543.689366,50.87378732,Meziani:1984is,0.994618303,0.057003816,0.0089,0.4889,0.10999999999999999,0.11889999999999999,1.0,0.0,0.0,2543.689366,50.87378732,2.443460952792061,0.8830222215594888,0.11697777844051105,7.548632170413027,0.007675649120541361,0.36232435087945863,4.433234524286382,1.037427126736111,0.18649429319336402,0.20532106869567843,0.3422210686956784,0.5849966399011864,1.388183949335636,1.3693571738333217,0.03822114882774987,0.00012087376759396737,21044180.359667648,420883.60719335295,8.673142923509688e-06,8.515255887266619e-06,12700.806149275688,12242.600778364238,32306905.54153998,646138.1108307994,82.97032199570384,1.6594064399140767,31141373.412108436,622827.4682421687,79.9770122232488,1.599540244464976,"[0.523,0.609]",0.57,"[0.145,0.206]",0.16,0.0036,0.0,100,0.3618,0.06,0.6517835225290001,11,1.341783522529,0.005,0.0,72,0.3625,0.03,0.8141835225290001,18,1.369183522529,0.3636466981053772,0.36403363460051424,0.03779326477117085,0.034963055157855916,0.3527279769667101,0.3457561392046878,0.03926739194520919,0.03652634794824967
26,56,0.48,140.0,0.38,2832.684249,56.65368498,Meziani:1984is,0.92491777,0.114732166,0.0089,0.4889,0.09999999999999998,0.10889999999999998,1.0,0.0,0.0,2832.684249,56.65368498,2.443460952792061,0.8830222215594888,0.11697777844051105,7.548632170413027,0.007675649120541361,0.37232435087945864,4.433234524286382,1.037427126736111,0.1695402665394218,0.18805268613086107,0.3324526861308611,0.5765871019463245,1.4239034359895781,1.405391016398139,0.03611412138057644,0.0001294971007606631,21874499.369954042,437489.9873990809,8.673142923509688e-06,8.515255887266619e-06,13500.776885238212,13013.71107165235,38243438.032077566,764868.7606415513,98.21647460677755,1.9643294921355512,36863734.37370652,737274.6874741304,94.6731313222743,1.8934626264454861,"[0.523,0.609]",0.57,"[0.145,0.206]",0.16,0.0036,0.0,103,0.3726,0.06,0.6517835225290001,12,1.401783522529,0.005,0.0,74,0.3725,0.03,0.8141835225290001,19,1.399183522529,0.3743708349431145,0.37403363460051425,0.03629705449009387,0.03413197107041555,0.37576030343222266,0.36174295754007624,0.03609966990160132,0.03515587529662571
26,56,0.48,140.0,0.39,3084.997348,61.69994695,Meziani:1984is,0.881686333,0.058995188,0.0089,0.4889,0.08999999999999997,0.09889999999999997,1.0,0.0,0.0,3084.997348,61.69994695,2.443460952792061,0.8830222215594888,0.11697777844051105,7.548632170413027,0.007675649120541361,0.38232435087945865,4.433234524286382,1.037427126736111,0.15258623988547962,0.17078430356604368,0.3228843035660437,0.5682290942622031,1.4596229226435204,1.4414248589629564,0.03384914500057362,0.00013806024128334627,22345298.82986763,446905.97652492044,8.673142923509688e-06,8.515255887266619e-06,14471.940221946286,13949.837871964084,44645897.20511882,892917.9439576571,114.65921618933332,2.2931843234149993,43035212.840039164,860704.2566612848,110.52267020438056,2.2104534037293524,"[0.523,0.609]",0.57,"[0.145,0.206]",0.16,0.0036,0.0,106,0.38339999999999996,0.06,0.6517835225290001,13,1.4617835225290001,0.005,0.0,76,0.3825,0.03,0.8141835225290001,20,1.4291835225290002,0.38509278320179163,0.38403363460051426,0.03475281576099081,0.03331851696837875,0.398395815574374,0.3777297758754649,0.03276898730810408,0.03382923679651957
26,56,0.56,60.0,0.015,0.0,0.0,Meziani:1984is,#DIV/0!,#DIV/0!,0.0089,0.5689000000000001,0.545,0.5539000000000001,1.0,0.0,0.0,0.0,0.0,1.0471975511965976,0.24999999999999994,0.7500000000000001,0.3333333333333333,0.002989875001868647,0.012010124998131352,4.433234524286382,1.0320382971938775,0.30519999999999997,0.31511371,0.31533870999999997,0.5615502737956771,0.6033044125290001,0.5933907025290001,0.5998286822195081,-0.0004435578569708484,-0.0,-0.0,0.0005096875981998107,0.000501713930377736,1216.2950838115346,1178.5367724421208,0.0,0.0,0.0,0.0,0.0,0.0,0.0,0.0,"[0.523,0.609]",0.57,"[0.206,0.322]",0.265,0.0036,0.0,3,0.0126,0.06,0.6517835225290001,-1,0.621783522529,0.005,0.0,2,0.0125,0.015,0.7091835225290001,-8,0.5966835225290001,0.015711870526622818,0.015040082307101741,0.5998175619808825,0.5997952058562829,0.03470363000146104,-0.009950568757706913,0.5991083830363604,0.5999103405077247
26,56,0.56,60.0,0.025,128.6959688,2.573919377,Meziani:1984is,5.066203751,0.265742589,0.0089,0.5689000000000001,0.535,0.5439,1.0,0.0,0.0,128.6959688,2.573919377,1.0471975511965976,0.24999999999999994,0.7500000000000001,0.3333333333333333,0.002989875001868647,0.022010124998131354,4.433234524286382,1.0320382971938775,0.2996,0.30942471,0.31004971,0.5568210753913684,0.6276698725290001,0.617845162529,0.5995156207621862,-0.00040544181803330357,-317421.546263461,-6348.430927735665,0.0005096875981998107,0.000501713930377736,1218.8350207793953,1180.9978603443496,156859.15380657243,3137.1830773502834,0.4028443542068987,0.008056887087268174,151989.6637877432,3039.7932769358617,0.3903385710610125,0.007806771424253279,"[0.523,0.609]",0.57,"[0.206,0.322]",0.265,0.0036,0.0,6,0.0234,0.06,0.6517835225290001,-1,0.621783522529,0.005,0.0,4,0.0225,0.015,0.7091835225290001,-7,0.611683522529,0.02650750173101102,0.025040082307101738,0.5994802876567619,0.5994326826838273,0.03470363000146104,-0.0019571595900127006,0.5991083830363604,0.5999965309118367
26,56,0.56,60.0,0.035,554.1228161,11.08245632,Meziani:1984is,2.616748414,0.104309006,0.0089,0.5689000000000001,0.525,0.5339,1.0,0.0,0.0,554.1228161,11.08245632,1.0471975511965976,0.24999999999999994,0.7500000000000001,0.3333333333333333,0.002989875001868647,0.032010124998131356,4.433234524286382,1.0320382971938775,0.294,0.30373571,0.30496070999999997,0.552232478219092,0.652035332529,0.6422996225290001,0.5990336122479589,-0.0003672305260145125,-1508923.6238441183,-30178.4724714362,0.0005096875981998107,0.000501713930377736,1222.7537676977786,1184.7949548214037,677555.7611535783,13551.11522062606,1.7400929841662853,0.034801859677045174,656521.9168667085,13130.438334964581,1.6860740428893148,0.033721480851700736,"[0.523,0.609]",0.57,"[0.206,0.322]",0.265,0.0036,0.0,8,0.0306,0.06,0.6517835225290001,-1,0.621783522529,0.005,0.0,6,0.0325,0.015,0.7091835225290001,-5,0.6416835225290001,0.03370334876287018,0.03504008230710174,0.5991591478776087,0.5988900805229568,0.03470363000146104,0.014029658745375841,0.5991083830363604,0.5998217906150676
26,56,0.56,60.0,0.045,1395.850636,27.91701273,Meziani:1984is,1.812514845,0.062470867,0.0089,0.5689000000000001,0.515,0.5239,1.0,0.0,0.0,1395.850636,27.91701273,1.0471975511965976,0.24999999999999994,0.7500000000000001,0.3333333333333333,0.002989875001868647,0.04201012499813135,4.433234524286382,1.0320382971938775,0.2884,0.29804671,0.30007171,0.5477880155680662,0.6764007925290001,0.6667540825290001,0.5983738026159762,-0.0003289652941593183,-4243154.705930735,-84863.09414901305,0.0005096875981998106,0.0005017139303777359,1228.1340164630603,1190.0081807064419,1714291.647973197,34285.83297174529,4.402629333966908,0.088052586710879,1661073.6758842897,33221.47352958588,4.265955387448025,0.08531910777952219,"[0.523,0.609]",0.57,"[0.206,0.322]",0.265,0.0036,0.0,11,0.0414,0.06,0.6517835225290001,0,0.6817835225290001,0.005,0.0,8,0.0425,0.015,0.7091835225290001,-3,0.6716835225290001,0.0444952596798629,0.04504008230710174,0.5985321563587653,0.598168377716132,0.06506319616208411,0.03001647708076438,0.5968483296206436,0.5991851182816242
26,56,0.56,60.0,0.055,2613.474109,52.26948217,Meziani:1984is,1.542008772,0.048594321,0.0089,0.5689000000000001,0.505,0.5139,1.0,0.0,0.0,2613.474109,52.26948217,1.0471975511965976,0.24999999999999994,0.7500000000000001,0.3333333333333333,0.002989875001868647,0.05201012499813135,4.433234524286382,1.0320382971938775,0.2828,0.29235771,0.29538271,0.5434912234801956,0.7007662525290002,0.6912085425290001,0.5975269759742992,-0.0002906904459595675,-8990574.493678102,-179811.4898391612,0.0005096875981998107,0.000501713930377736,1235.0663866965135,1196.72534445153,3227814.0245275204,64556.28047819974,8.289644720474557,0.16579289437777225,3127610.7033081804,62552.21405419636,8.032303397087281,0.16064606791101144,"[0.523,0.609]",0.57,"[0.206,0.322]",0.265,0.0036,0.0,14,0.052199999999999996,0.06,0.6517835225290001,0,0.6817835225290001,0.005,0.0,10,0.0525,0.015,0.7091835225290001,-2,0.6866835225290001,0.05528494026972197,0.05504008230710174,0.5977294373929724,0.5972688714170874,0.06506319616208411,0.038009886248458656,0.5968483296206436,0.5986943930655738
26,56,0.56,60.0,0.065,4255.231254,85.10462508,Meziani:1984is,1.32072728,0.03971582,0.0089,0.5689000000000001,0.49500000000000005,0.5039,1.0,0.0,0.0,4255.231254,85.10462508,1.0471975511965976,0.24999999999999994,0.7500000000000001,0.3333333333333333,0.002989875001868647,0.062010124998131355,4.433234524286382,1.0320382971938775,0.2772,0.28666871,0.29089370999999997,0.5393456312977792,0.7251317125290001,0.7156630025290001,0.5964835464827818,-0.0002524532633774817,-16855520.887592368,-337110.41775184736,0.0005096875981998106,0.0005017139303777359,1243.650338971046,1205.042819004434,5292019.79143729,105840.3958287458,13.590920539840093,0.27181841079680186,5127735.865835933,102554.71731671866,13.16900794940841,0.2633801589881682,"[0.523,0.609]",0.57,"[0.206,0.322]",0.265,0.0036,0.0,17,0.063,0.06,0.6517835225290001,1,0.741783522529,0.005,0.0,12,0.0625,0.015,0.7091835225290001,0,0.716683522529,0.06607239191467329,0.06504008230710175,0.5967489993892502,0.596193171785139,0.09453071926566958,0.05399670458384714,0.593288274957095,0.597370986872574
26,56,0.56,60.0,0.075,6356.66966,127.1333932,Meziani:1984is,1.146826938,0.033822742,0.0089,0.5689000000000001,0.48500000000000004,0.49390000000000006,1.0,0.0,0.0,6356.66966,127.1333932,1.0471975511965976,0.24999999999999994,0.7500000000000001,0.3333333333333333,0.002989875001868647,0.07201012499813135,4.433234524286382,1.0320382971938775,0.2716,0.28097971,0.28660471,0.5353547515433108,0.749497172529,0.7401174625290001,0.5952335508870168,-0.00021430389891065232,-29661941.25404235,-593238.825080847,0.0005096875981998106,0.0005017139303777359,1253.9952064373158,1215.0665434092334,7971233.282545522,159424.66565091044,20.47165400305149,0.4094330800610298,7723776.631370546,154475.53262741095,19.83613792115479,0.39672275842309584,"[0.523,0.609]",0.57,"[0.206,0.322]",0.265,0.0036,0.0,20,0.0738,0.06,0.6517835225290001,1,0.741783522529,0.005,0.0,14,0.0725,0.015,0.7091835225290001,2,0.746683522529,0.07685761599552876,0.07504008230710174,0.5955883708982563,0.5949431948210185,0.09453071926566958,0.06998352291923568,0.593288274957095,0.5955969040396458
26,56,0.56,60.0,0.085,8827.243013,176.5448603,Meziani:1984is,1.029766597,0.030020698,0.0089,0.5689000000000001,0.47500000000000003,0.48390000000000005,1.0,0.0,0.0,8827.243013,176.5448603,1.0471975511965976,0.24999999999999994,0.7500000000000001,0.3333333333333333,0.002989875001868647,0.08201012499813136,4.433234524286382,1.0320382971938775,0.266,0.27529071,0.28251571,0.531522069156117,0.7738626325290001,0.7645719225290002,0.5937666418350863,-0.00017629524860501912,-50070793.64218718,-1001415.8730706358,0.0005096875981998106,0.0005017139303777359,1266.221362147748,1226.91315389227,11177243.67193005,223544.8734892499,28.705302811872894,0.5741060563675339,10830260.565253332,216605.21135414322,27.81418372740905,0.556283674674219,"[0.523,0.609]",0.57,"[0.206,0.322]",0.265,0.0036,0.0,22,0.081,0.06,0.6517835225290001,1,0.741783522529,0.005,0.0,16,0.0825,0.015,0.7091835225290001,3,0.7616835225290001,0.08404652852838979,0.08504008230710175,0.5947130683076908,0.593521153903373,0.09453071926566958,0.07797693208692995,0.593288274957095,0.5945433022684476
26,56,0.56,60.0,0.095,11509.22589,230.1845177,Meziani:1984is,0.947066302,0.027369347,0.0089,0.5689000000000001,0.4650000000000001,0.4739000000000001,1.0,0.0,0.0,11509.22589,230.1845177,1.0471975511965976,0.24999999999999994,0.7500000000000001,0.3333333333333333,0.002989875001868647,0.09201012499813135,4.433234524286382,1.0320382971938775,0.2604,0.26960171000000005,0.27862671000000006,0.5278510301211887,0.7982280925290002,0.789026382529,0.5920720821226879,-0.00013848278352580993,-83109434.95625903,-1662188.698403069,0.0005096875981998109,0.0005017139303777361,1280.4615422588665,1240.711265987371,14737121.133315075,294742.42253825534,37.84775004677093,0.7569550006065715,14279626.224516526,285592.5243662594,36.672815485316136,0.7334563093876842,"[0.523,0.609]",0.57,"[0.206,0.322]",0.265,0.0036,0.0,25,0.09179999999999999,0.06,0.6517835225290001,2,0.8017835225290001,0.005,0.0,18,0.0925,0.015,0.7091835225290001,5,0.7916835225290001,0.09482804306698966,0.09504008230710174,0.593245274216947,0.5919295500951258,0.12318049522671026,0.09396375042231848,0.5884684259574668,0.5921089207151615
26,56,0.56,60.0,0.105,14184.12104,283.6824207,Meziani:1984is,0.944718391,0.027002026,0.0089,0.5689000000000001,0.45500000000000007,0.4639000000000001,1.0,0.0,0.0,14184.12104,283.6824207,1.0471975511965976,0.24999999999999994,0.7500000000000001,0.3333333333333333,0.002989875001868647,0.10201012499813135,4.433234524286382,1.0320382971938775,0.2548,0.26391271000000005,0.27493771000000006,0.5243450295368499,0.8225935525290001,0.8134808425290001,0.5901387400268878,-0.00010092433772456228,-140542126.5058048,-2810842.529125255,0.0005096875981998106,0.0005017139303777359,1296.8623487250104,1256.6029305803788,18394852.526534237,367897.05040099856,47.24150492307661,0.9448300981284733,17823808.06657081,356476.16120575595,45.774953363190825,0.915499066941097,"[0.523,0.609]",0.57,"[0.206,0.322]",0.265,0.0036,0.0,28,0.1026,0.06,0.6517835225290001,2,0.8017835225290001,0.005,0.0,20,0.10250000000000001,0.015,0.7091835225290001,6,0.8066835225290001,0.10560733371667652,0.10504008230710175,0.5915882190191003,0.5901711612980556,0.12318049522671026,0.10195715959001277,0.5884684259574668,0.5907308643951076
26,56,0.56,60.0,0.115,16620.21067,332.4042133,Meziani:1984is,0.908532407,0.026172953,0.0089,0.5689000000000001,0.44500000000000006,0.4539000000000001,1.0,0.0,0.0,16620.21067,332.4042133,1.0471975511965976,0.24999999999999994,0.7500000000000001,0.3333333333333333,0.002989875001868647,0.11201012499813136,4.433234524286382,1.0320382971938775,0.2492,0.25822371000000005,0.27144871000000004,0.5210073991797046,0.8469590125290002,0.8379353025290002,0.587955085904259,-6.367985139563457e-05,-260996379.6357,-5219927.5911436435,0.0005096875981998107,0.000501713930377736,1315.585959200275,1274.745290729391,21865315.796402596,437306.3157964933,56.15431938638084,1.1230863873897492,21186535.282512877,423730.705522783,54.41108100258004,1.0882216197242218,"[0.428,0.523]",0.475,"[0.206,0.322]",0.265,0.0036,0.0,31,0.1134,0.032,0.7510585225290001,2,0.831058522529,0.005,0.0,22,0.1125,0.015,0.7091835225290001,8,0.8366835225290001,0.11543493925196913,0.11504008230710175,0.5853050772705772,0.5882490303421042,0.0896781284730418,0.1179439779254013,0.5912585025493422,0.5876606503321553
26,56,0.56,60.0,0.125,18617.05158,372.3410315,Meziani:1984is,0.875541432,0.025084531,0.0089,0.5689000000000001,0.43500000000000005,0.4439000000000001,1.0,0.0,0.0,18617.05158,372.3410315,1.0471975511965976,0.24999999999999994,0.7500000000000001,0.3333333333333333,0.002989875001868647,0.12201012499813135,4.433234524286382,1.0320382971938775,0.2436,0.25253471,0.26815971,0.5178413946373928,0.8713244725289999,0.862389762529,0.5855091902454361,-2.681106869589499e-05,-694379317.406711,-13887586.344404416,0.0005096875981998107,0.000501713930377736,1336.8120767904911,1295.312470889207,24887499.386375494,497749.98759382864,63.91586576128107,1.2783173148823022,24114899.08276161,482297.981525701,61.93168018577309,1.2386336033828007,"[0.428,0.523]",0.475,"[0.206,0.322]",0.265,0.0036,0.0,33,0.1206,0.032,0.7510585225290001,3,0.8630585225290001,0.005,0.0,24,0.1225,0.015,0.7091835225290001,10,0.866683522529,0.12261854773613123,0.12504008230710173,0.5833406720980583,0.5861664521029805,0.10512698204379911,0.1339307962607898,0.5878882349339659,0.5841830064133963
26,56,0.56,60.0,0.135,20035.22225,400.7044449,Meziani:1984is,0.853496896,0.026902621,0.0089,0.5689000000000001,0.42500000000000004,0.43390000000000006,1.0,0.0,0.0,20035.22225,400.7044449,1.0471975511965976,0.24999999999999994,0.7500000000000001,0.3333333333333333,0.002989875001868647,0.13201012499813136,4.433234524286382,1.0320382971938775,0.238,0.24684571000000002,0.26507071000000004,0.5148501820918393,0.8956899325290002,0.8868442225290002,0.5827887233950712,9.618809401095406e-06,2082921223.880198,41658424.46720767,0.0005096875981998109,0.0005017139303777361,1360.7401582313155,1318.4977359185038,27262731.494664572,545254.6297572175,70.015916804111,1.400318335732756,26416395.175249033,528327.9033731308,67.84236301548594,1.3568472599711032,"[0.428,0.523]",0.475,"[0.206,0.322]",0.265,0.0036,0.0,36,0.1314,0.032,0.7510585225290001,4,0.8950585225290001,0.005,0.0,26,0.1325,0.015,0.7091835225290001,11,0.8816835225290001,0.13339211030218934,0.13504008230710174,0.5801328190724471,0.5839269597475369,0.12035040921075424,0.14192420542848405,0.5839757458509791,0.582296021117273
26,56,0.56,60.0,0.145,20807.06433,416.1412867,Meziani:1984is,0.845866563,0.026961997,0.0089,0.5689000000000001,0.41500000000000004,0.42390000000000005,1.0,0.0,0.0,20807.06433,416.1412867,1.0471975511965976,0.24999999999999994,0.7500000000000001,0.3333333333333333,0.002989875001868647,0.14201012499813134,4.433234524286382,1.0320382971938775,0.2324,0.24115671,0.26218171,0.5120368248475885,0.920055392529,0.9112986825289999,0.5797809571637179,4.554551584399307e-05,456841116.94486856,9136822.341092978,0.0005096875981998107,0.000501713930377736,1387.591966248945,1344.5159642058065,28871715.30553299,577434.306249419,74.1480954400988,1.4829619091583361,27975430.159942195,559508.6033332956,71.84626349788395,1.4369252703029767,"[0.428,0.523]",0.475,"[0.206,0.322]",0.265,0.0036,0.0,39,0.1422,0.032,0.7510585225290001,5,0.927058522529,0.005,0.0,28,0.14250000000000002,0.015,0.7091835225290001,13,0.9116835225290001,0.1441634538954233,0.14504008230710175,0.5765994647580222,0.5815343102110918,0.1353579992399624,0.1579110237638726,0.5795126980089582,0.5782357379905588
26,56,0.56,60.0,0.155,20931.80893,418.6361786,Meziani:1984is,0.859935233,0.027804573,0.0089,0.5689000000000001,0.405,0.41390000000000005,1.0,0.0,0.0,20931.80893,418.6361786,1.0471975511965976,0.24999999999999994,0.7500000000000001,0.3333333333333333,0.002989875001868647,0.15201012499813135,4.433234524286382,1.0320382971938775,0.22679999999999997,0.23546771,0.25949271,0.509404269711199,0.944420852529,0.935753142529,0.5764727685761386,8.090414937912819e-05,258723552.38432342,5174471.047686469,0.0005096875981998109,0.0005017139303777361,1417.614500586345,1373.6064877057886,29673235.862670746,593464.7172534149,76.20655376648934,1.5241310753297868,28752068.54566596,575041.3709133192,73.8408196417669,1.476816392835338,"[0.428,0.523]",0.475,"[0.206,0.322]",0.265,0.0036,0.0,42,0.153,0.032,0.7510585225290001,5,0.927058522529,0.005,0.0,30,0.1525,0.015,0.7091835225290001,15,0.9416835225290001,0.15493257988634923,0.15504008230710173,0.5727255192320226,0.578992469014341,0.1353579992399624,0.17389784209926112,0.5795126980089582,0.5738079746265867
26,56,0.56,60.0,0.165,20463.25322,409.2650644,Meziani:1984is,0.894285958,0.029223115,0.0089,0.5689000000000001,0.395,0.40390000000000004,1.0,0.0,0.0,20463.25322,409.2650644,1.0471975511965976,0.24999999999999994,0.7500000000000001,0.3333333333333333,0.002989875001868647,0.16201012499813136,4.433234524286382,1.0320382971938775,0.22119999999999998,0.22977871,0.25700371,0.5069553333381551,0.968786312529,0.9602076025290001,0.5728506460187534,0.00011562964396572703,176972379.3845233,3539447.5876904665,0.0005096875981998107,0.000501713930377736,1451.0833728316209,1406.036362000452,29693886.501585126,593877.7300317026,76.25958856296467,1.5251917712592933,28772078.112142835,575441.5622428567,73.89220804142177,1.4778441608284354,"[0.428,0.523]",0.475,"[0.206,0.322]",0.265,0.0036,0.0,45,0.1638,0.032,0.7510585225290001,6,0.959058522529,0.005,0.0,32,0.1625,0.015,0.7091835225290001,16,0.956683522529,0.16569948964409065,0.16504008230710174,0.5684940044677671,0.5763055945297478,0.15015868023032108,0.18189125126695535,0.5744859863400301,0.5714619022598221
26,56,0.56,60.0,0.175,19496.37607,389.9275215,Meziani:1984is,0.89760271,0.030159451,0.0089,0.5689000000000001,0.38500000000000006,0.3939000000000001,1.0,0.0,0.0,19496.37607,389.9275215,1.0471975511965976,0.24999999999999994,0.7500000000000001,0.3333333333333333,0.002989875001868647,0.17201012499813134,4.433234524286382,1.0320382971938775,0.2156,0.22408971000000003,0.25471471,0.5046926886730181,0.993151772529,0.984662062529,0.5689006980672017,0.0001496572709711699,130273497.19450514,2605469.9445582964,0.0005096875981998107,0.000501713930377736,1488.3067032543136,1442.1041421631683,29016587.19414799,580331.7440317905,74.52015420106731,1.4904030844035723,28115804.68771787,562316.0938985678,72.20677217472294,1.4441354438648188,"[0.428,0.523]",0.475,"[0.206,0.322]",0.265,0.0036,0.0,47,0.17099999999999999,0.032,0.7510585225290001,7,0.9910585225290001,0.005,0.0,34,0.17250000000000001,0.015,0.7091835225290001,18,0.986683522529,0.17287619891739325,0.17504008230710175,0.5654650221459128,0.5734780218083174,0.1647607812274835,0.1978780696023439,0.5688776599146625,0.5665171433241948
26,56,0.56,60.0,0.185,18152.96592,363.0593183,Meziani:1984is,0.919959861,0.031840527,0.0089,0.5689000000000001,0.37500000000000006,0.3839000000000001,1.0,0.0,0.0,18152.96592,363.0593183,1.0471975511965976,0.24999999999999994,0.7500000000000001,0.3333333333333333,0.002989875001868647,0.18201012499813135,4.433234524286382,1.0320382971938775,0.21,0.21840071000000003,0.25262571,0.5026188516162122,1.017517232529,1.009116522529,0.5646086652929797,0.00018292316823950778,99238199.81201985,1984763.9956937195,0.0005096875981998109,0.0005017139303777361,1529.6296339677233,1482.1442558157014,27767314.61563815,555346.2921598001,71.3117829144367,1.426235657895896,26905314.16434619,538106.2831387094,69.09800063460257,1.3819600123114084,"[0.428,0.523]",0.475,"[0.206,0.322]",0.265,0.0036,0.0,50,0.1818,0.032,0.7510585225290001,8,1.023058522529,0.005,0.0,36,0.1825,0.015,0.7091835225290001,19,1.001683522529,0.18363941799179884,0.18504008230710173,0.5605940521964445,0.5705142460775003,0.17917208703067822,0.2058714787700381,0.5626647353390971,0.5639233218991244
26,56,0.56,60.0,0.195,16570.14704,331.4029409,Meziani:1984is,1.001801611,0.035063056,0.0089,0.5689000000000001,0.36500000000000005,0.37390000000000007,1.0,0.0,0.0,16570.14704,331.4029409,1.0471975511965976,0.24999999999999994,0.7500000000000001,0.3333333333333333,0.002989875001868647,0.19201012499813136,4.433234524286382,1.0320382971938775,0.2044,0.21271171,0.25073671,0.5007361680565924,1.0418826925290001,1.033570982529,0.5599599353655254,0.00021536488903835298,76939872.20474516,1538797.4445592314,0.0005096875981998107,0.000501713930377736,1575.4395727036456,1526.5320841167247,26105265.37233418,522105.30760422745,67.04332208297964,1.3408664420641956,25294861.095091775,505897.2220544887,64.96204866163504,1.2992409736247434,"[0.428,0.523]",0.475,"[0.206,0.322]",0.265,0.0036,0.0,53,0.1926,0.032,0.7510585225290001,8,1.023058522529,0.005,0.0,38,0.1925,0.015,0.7091835225290001,21,1.0316835225290002,0.19440042447710937,0.19504008230710174,0.5553093756534263,0.5674189060196847,0.17917208703067822,0.22185829710542676,0.5626647353390971,0.55850528777219
26,56,0.56,60.0,0.205,14888.91996,297.7783992,Meziani:1984is,1.088057431,0.038619322,0.0089,0.5689000000000001,0.3550000000000001,0.3639000000000001,1.0,0.0,0.0,14888.91996,297.7783992,1.0471975511965976,0.24999999999999994,0.7500000000000001,0.3333333333333333,0.002989875001868647,0.20201012499813134,4.433234524286382,1.0320382971938775,0.1988,0.20702271000000003,0.24904771000000003,0.4990468014124527,1.066248152529,1.058025442529,0.5549395617825473,0.000246921962905489,60298078.73226259,1205961.574645252,0.0005096875981998107,0.000501713930377736,1626.1723063686609,1575.6898855306433,24211949.310691588,484238.9862138318,62.18092376160095,1.2436184752320192,23460320.587447308,469206.41174894624,60.25059722170341,1.2050119444340683,"[0.428,0.523]",0.475,"[0.206,0.322]",0.265,0.0036,0.0,56,0.2034,0.032,0.7510585225290001,9,1.0550585225290001,0.005,0.0,40,0.2025,0.015,0.7091835225290001,23,1.061683522529,0.2051592197372969,0.20504008230710175,0.5495851068981827,0.5641967669383688,0.19339988671638675,0.23784511544081519,0.5558188985755224,0.5527971334464621
26,56,0.56,60.0,0.215,13243.09376,264.8618752,Meziani:1984is,1.042052579,0.037377973,0.0089,0.5689000000000001,0.3450000000000001,0.3539000000000001,1.0,0.0,0.0,13243.09376,264.8618752,1.0471975511965976,0.24999999999999994,0.7500000000000001,0.3333333333333333,0.002989875001868647,0.21201012499813135,4.433234524286382,1.0320382971938775,0.1932,0.20133371000000003,0.24755871000000002,0.49755272082463786,1.090613612529,1.082479902529,0.5495322865763662,0.00027753645958296174,47716591.10986587,954331.8221973173,0.0005096875981998109,0.0005017139303777361,1682.319154736115,1630.0937274424386,22279110.30041432,445582.2060082864,57.21702293729074,1.1443404587458148,21587484.0701081,431749.68140216195,55.440794293064904,1.108815885861298,"[0.428,0.523]",0.475,"[0.145,0.206]",0.16,0.0036,0.0,58,0.21059999999999998,0.032,0.7510585225290001,10,1.0870585225290001,0.005,0.0,42,0.2125,0.03,0.8141835225290001,8,1.069183522529,0.2123305221252636,0.21403363460051425,0.5455105116962292,0.538345453033041,0.2074510167374516,0.1858879558508025,0.5483060874020799,0.5522899721731159
26,56,0.56,60.0,0.225,11749.44081,234.9888162,Meziani:1984is,1.072391461,0.039831683,0.0089,0.5689000000000001,0.3350000000000001,0.3439000000000001,1.0,0.0,0.0,11749.44081,234.9888162,1.0471975511965976,0.24999999999999994,0.7500000000000001,0.3333333333333333,0.002989875001868647,0.22201012499813136,4.433234524286382,1.0320382971938775,0.18760000000000002,0.19564471000000003,0.24626971000000003,0.4962556901437,1.114979072529,1.106934362529,0.5437225673570233,0.00030715354658683217,38252662.03357492,765053.2406714984,0.0005096875981998107,0.000501713930377736,1744.4353739473122,1690.2816287830108,20496140.17306416,409922.8034612832,52.63801411254423,1.0527602822508844,19859863.949616376,397197.27899232757,51.00393488852837,1.0200786977705676,"[0.428,0.523]",0.475,"[0.145,0.206]",0.16,0.0036,0.0,61,0.22139999999999999,0.032,0.7510585225290001,11,1.119058522529,0.005,0.0,44,0.2225,0.03,0.8141835225290001,9,1.099183522529,0.2230856350374495,0.22403363460051426,0.5389873180651513,0.5331069767835154,0.22133189932088493,0.20187477418619104,0.5400859416795797,0.5445221447751722
26,56,0.56,60.0,0.235,10500.19497,210.0038994,Meziani:1984is,1.104741391,0.042284929,0.0089,0.5689000000000001,0.32500000000000007,0.3339000000000001,1.0,0.0,0.0,10500.19497,210.0038994,1.0471975511965976,0.24999999999999994,0.7500000000000001,0.3333333333333333,0.002989875001868647,0.23201012499813134,4.433234524286382,1.0320382971938775,0.18200000000000002,0.18995571000000003,0.24518071000000002,0.49515725784845366,1.1393445325290001,1.131388822529,0.5374946090633006,0.00033572203055439267,31276454.96680859,625529.0993361718,0.0005096875981998107,0.000501713930377736,1813.150069385182,1756.863165170474,19038429.23841344,380768.58476826875,48.894333199832964,0.9778866639966592,18447405.76990129,368948.11539802584,47.37647171890534,0.9475294343781069,"[0.428,0.523]",0.475,"[0.145,0.206]",0.16,0.0036,0.0,64,0.2322,0.032,0.7510585225290001,11,1.119058522529,0.005,0.0,46,0.2325,0.03,0.8141835225290001,10,1.1291835225290001,0.23383854035488127,0.23403363460051427,0.5319389368426521,0.5277372751414005,0.22133189932088493,0.2178615925215796,0.5400859416795797,0.5363563887206245
26,56,0.56,60.0,0.245,9559.098415,191.1819683,Meziani:1984is,1.182119852,0.045715608,0.0089,0.5689000000000001,0.31500000000000006,0.3239000000000001,1.0,0.0,0.0,9559.098415,191.1819683,1.0471975511965976,0.24999999999999994,0.7500000000000001,0.3333333333333333,0.002989875001868647,0.24201012499813135,4.433234524286382,1.0320382971938775,0.17640000000000003,0.18426671000000003,0.24429171000000002,0.4942587480257684,1.163709992529,1.1558432825290001,0.5308324007998783,0.0003631948723695558,26319475.141910832,526389.5028382166,0.0005096875981998107,0.000501713930377736,1889.1779412078613,1830.5308498188053,18058837.86345303,361176.7572690606,46.3785549028316,0.927571098056632,17498224.545111544,349964.4909022309,44.93879251277337,0.8987758502554675,"[0.428,0.523]",0.475,"[0.145,0.206]",0.16,0.0036,0.0,67,0.243,0.032,0.7510585225290001,12,1.151058522529,0.005,0.0,48,0.2425,0.03,0.8141835225290001,11,1.1591835225290001,0.24458923943640087,0.24403363460051425,0.5243257000629045,0.5222472829261867,0.23504857677637536,0.23384841085696814,0.5311111028666754,0.527837861735921
26,56,0.56,60.0,0.255,8960.434515,179.2086903,Meziani:1984is,1.205298692,0.047542337,0.0089,0.5689000000000001,0.30500000000000005,0.31390000000000007,1.0,0.0,0.0,8960.434515,179.2086903,1.0471975511965976,0.24999999999999994,0.7500000000000001,0.3333333333333333,0.002989875001868647,0.25201012499813136,4.433234524286382,1.0320382971938775,0.1708,0.17857771000000003,0.24360271000000003,0.4935612525310309,1.188075452529,1.180297742529,0.5237197581418747,0.0003895296662137846,23003214.62571805,460064.292514361,0.0005096875981998107,0.000501713930377736,1973.3332677966273,1912.07368288768,17681923.52236264,353638.47044725274,45.410566674901254,0.9082113334980251,17133011.023369934,342660.22046739864,44.00085423028685,0.8800170846057368,"[0.428,0.523]",0.475,"[0.145,0.206]",0.16,0.0036,0.0,70,0.25379999999999997,0.032,0.7510585225290001,13,1.183058522529,0.005,0.0,50,0.2525,0.03,0.8141835225290001,12,1.189183522529,0.25533773363945045,0.25403363460051426,0.5161028766510684,0.5166478049761897,0.24860674223549706,0.24983522919235657,0.5213263374232395,0.5190113402551322
26,56,0.56,60.0,0.265,8711.504132,174.2300826,Meziani:1984is,1.262698133,0.049589599,0.0089,0.5689000000000001,0.29500000000000004,0.30390000000000006,1.0,0.0,0.0,8711.504132,174.2300826,1.0471975511965976,0.24999999999999994,0.7500000000000001,0.3333333333333333,0.002989875001868647,0.26201012499813137,4.433234524286382,1.0320382971938775,0.1652,0.17288871000000003,0.24311371000000004,0.4930656244355309,1.212440912529,1.204752202529,0.5161403712860929,0.0004146890731354091,21007315.35107369,420146.306925016,0.0005096875981998106,0.0005017139303777359,2066.546638587662,2002.3933648650666,18002729.581027128,360054.5915378807,46.23445808571251,0.9246891615019588,17443858.07191141,348877.1613581325,44.799168995399164,0.8959833797022823,"[0.428,0.523]",0.475,"[0.145,0.206]",0.16,0.0036,0.0,72,0.261,0.032,0.7510585225290001,14,1.215058522529,0.005,0.0,52,0.2625,0.03,0.8141835225290001,13,1.219183522529,0.2625021721787135,0.26403363460051427,0.5102576355386816,0.5109494767571366,0.2620117672652519,0.2658220475277451,0.5106674503647731,0.5099207623813343
26,56,0.56,60.0,0.275,8795.31963,175.9063926,Meziani:1984is,1.296143913,0.050481395,0.0089,0.5689000000000001,0.28500000000000003,0.29390000000000005,1.0,0.0,0.0,8795.31963,175.9063926,1.0471975511965976,0.24999999999999994,0.7500000000000001,0.3333333333333333,0.002989875001868647,0.2720101249981314,4.433234524286382,1.0320382971938775,0.1596,0.16719971000000003,0.24282471000000005,0.4927724728513151,1.2368063725290002,1.2292066625290001,0.5080778594205076,0.0004386412004725408,20051284.787030835,401025.6957406167,0.0005096875981998109,0.0005017139303777361,2169.8850864739643,2102.5238039847004,19084832.895908706,381696.6579181741,49.01350668115603,0.9802701336231205,18492368.885728907,369847.3777145782,47.49194561328222,0.9498389122656444,"[0.428,0.523]",0.475,"[0.145,0.206]",0.16,0.0036,0.0,75,0.2718,0.032,0.7510585225290001,14,1.215058522529,0.005,0.0,54,0.2725,0.03,0.8141835225290001,13,1.219183522529,0.2732469945970806,0.2740336346005143,0.5009032074914613,0.5051627284682825,0.2620117672652519,0.2658220475277451,0.5106674503647731,0.5099207623813343
26,56,0.56,60.0,0.285,9172.362757,183.4472551,Meziani:1984is,1.221059426,0.050041632,0.0089,0.5689000000000001,0.2750000000000001,0.2839000000000001,1.0,0.0,0.0,9172.362757,183.4472551,1.0471975511965976,0.24999999999999994,0.7500000000000001,0.3333333333333333,0.002989875001868647,0.28201012499813133,4.433234524286382,1.0320382971938775,0.15400000000000003,0.16151071000000006,0.24273571000000005,0.4926821592061154,1.261171832529,1.253661122529,0.49951583166886354,0.0004613599194886709,19881143.483737834,397622.8695880564,0.0005096875981998107,0.000501713930377736,2284.5764526354847,2213.6547246815076,20954963.969672896,419099.27930207486,53.81636151245133,1.0763272300143374,20304444.15352575,406088.8829819688,52.14570201394518,1.0429140400515,"[0.428,0.523]",0.475,"[0.145,0.206]",0.16,0.0036,0.0,78,0.2826,0.032,0.7510585225290001,15,1.247058522529,0.005,0.0,56,0.28250000000000003,0.03,0.8141835225290001,14,1.249183522529,0.28398961575002346,0.2840336346005143,0.49078888978437674,0.49929775270600124,0.27526872673583835,0.28180886586313364,0.4990599446307594,0.5006088270233968
26,56,0.56,60.0,0.295,9792.584008,195.8516802,Meziani:1984is,1.204993492,0.048812448,0.0089,0.5689000000000001,0.26500000000000007,0.2739000000000001,1.0,0.0,0.0,9792.584008,195.8516802,1.0471975511965976,0.24999999999999994,0.7500000000000001,0.3333333333333333,0.002989875001868647,0.29201012499813134,4.433234524286382,1.0320382971938775,0.14840000000000003,0.15582171000000003,0.24284671000000002,0.4927947950212137,1.2855372925289998,1.2781155825289998,0.4904379549446417,0.00048282511485657503,20281844.72323674,405636.89454758057,0.0005096875981998106,0.0005017139303777359,2412.039059336742,2337.1604192355076,23620095.119132344,472401.90247912845,60.660928824758834,1.2132185767429597,22886839.74553621,457736.79500421055,58.777788566273664,1.1755557715655642,"[0.428,0.523]",0.475,"[0.145,0.206]",0.16,0.0036,0.0,81,0.2934,0.032,0.7510585225290001,16,1.279058522529,0.005,0.0,58,0.2925,0.03,0.8141835225290001,15,1.279183522529,0.29473003698988265,0.29403363460051424,0.4798436479302263,0.49336447569883657,0.2883824212691516,0.2977956841985222,0.48641736823422654,0.4911166517912909
26,56,0.56,60.0,0.305,10582.91485,211.658297,Meziani:1984is,1.143352297,0.046490027,0.0089,0.5689000000000001,0.25500000000000006,0.2639000000000001,1.0,0.0,0.0,10582.91485,211.658297,1.0471975511965976,0.24999999999999994,0.7500000000000001,0.3333333333333333,0.002989875001868647,0.30201012499813135,4.433234524286382,1.0320382971938775,0.1428,0.15013271000000003,0.24315771000000003,0.4931102412240087,1.309902752529,1.3025700425289999,0.4808280290169818,0.0005030228611142491,21038635.950973913,420772.7190194783,0.0005096875981998107,0.000501713930377736,2553.91809166967,2474.6350000904026,27027897.69801461,540557.9539602923,69.41281863061158,1.388256372612232,26188851.49078647,523777.0298157295,67.25798724654476,1.3451597449308954,"[0.428,0.523]",0.475,"[0.145,0.206]",0.16,0.0036,0.0,83,0.3006,0.032,0.7510585225290001,17,1.3110585225290001,0.005,0.0,60,0.3025,0.03,0.8141835225290001,16,1.309183522529,0.30188909630973626,0.30403363460051425,0.47204557088571786,0.4873725320861787,0.30135739754960833,0.3137825025339107,0.472639273164229,0.4814834902147191
26,56,0.56,60.0,0.315,11470.14854,229.4029708,Meziani:1984is,1.063630515,0.044027329,0.0089,0.5689000000000001,0.24500000000000005,0.25390000000000007,1.0,0.0,0.0,11470.14854,229.4029708,1.0471975511965976,0.24999999999999994,0.7500000000000001,0.3333333333333333,0.002989875001868647,0.31201012499813136,4.433234524286382,1.0320382971938775,0.13720000000000002,0.14444371000000003,0.24366871000000004,0.4936281090051498,1.334268212529,1.327024502529,0.4706700690492795,0.0005219455228646804,21975758.0772922,439515.161545844,0.0005096875981998107,0.000501713930377736,2712.1305300210224,2627.935937450512,31108540.03921006,622170.8007842011,79.89268983223303,1.5978537966446607,30142815.556161523,602856.3111232304,77.4125243699406,1.5482504873988117,"[0.428,0.523]",0.475,"[0.100,0.145]",0.12,0.0036,0.0,86,0.3114,0.032,0.7510585225290001,17,1.3110585225290001,0.005,0.0,62,0.3125,0.008,0.8541835225290001,59,1.3301835225290002,0.3126258540292781,0.3136502259503857,0.4595292030880517,0.45183392132356137,0.30135739754960833,0.3036575175881647,0.472639273164229,0.45894028527441566
26,56,0.56,60.0,0.325,12377.68113,247.5536226,Meziani:1984is,1.131068077,0.045242723,0.0089,0.5689000000000001,0.23500000000000004,0.24390000000000003,1.0,0.0,0.0,12377.68113,247.5536226,1.0471975511965976,0.24999999999999994,0.7500000000000001,0.3333333333333333,0.002989875001868647,0.32201012499813136,4.433234524286382,1.0320382971938775,0.1316,0.13875471,0.24437971000000003,0.4943477622079421,1.358633672529,1.351478962529,0.45994839581798724,0.0005395917772398352,22938972.853358418,458779.4570671683,0.0005096875981998107,0.000501713930377736,2888.92107852135,2799.2382515032195,35758143.919672966,715162.8783934593,91.83376325439814,1.8366752650879625,34648078.4840056,692961.569680112,88.98290257647905,1.7796580515295808,"[0.428,0.523]",0.475,"[0.100,0.145]",0.12,0.0036,0.0,89,0.3222,0.032,0.7510585225290001,18,1.3430585225290002,0.005,0.0,64,0.3225,0.008,0.8541835225290001,62,1.354183522529,0.3233604154352463,0.32365022595038573,0.4459377183095366,0.4447195460254938,0.31419796674094613,0.31644697225647545,0.4576086860242158,0.4498440320449503
26,56,0.56,60.0,0.335,13238.50898,264.7701795,Meziani:1984is,1.087735788,0.086867789,0.0089,0.5689000000000001,0.22500000000000003,0.23390000000000002,1.0,0.0,0.0,13238.50898,264.7701795,1.0471975511965976,0.24999999999999994,0.7500000000000001,0.3333333333333333,0.002989875001868647,0.3320101249981314,4.433234524286382,1.0320382971938775,0.126,0.13306571,0.24529071000000002,0.495268321215884,1.382999132529,1.375933422529,0.4486477337535278,0.0005559665589341444,23811700.123438783,476234.00228890864,0.0005096875981998109,0.0005017139303777361,3086.9323704529497,2991.1025383906294,40866381.906894065,817327.6378291879,104.95269691659801,2.0990539375391766,39597737.81458514,791954.7559925925,101.69457587181158,2.033891516668059,"[0.428,0.523]",0.475,"[0.100,0.145]",0.12,0.0036,0.0,92,0.333,0.032,0.7510585225290001,19,1.3750585225290002,0.005,0.0,66,0.3325,0.008,0.8541835225290001,65,1.378183522529,0.3340927818749364,0.33365022595038574,0.43115281203283723,0.4376128504870035,0.3269082212205018,0.3292364269247863,0.44118895798762486,0.4407480107894891
26,56,0.56,60.0,0.345,13984.91579,279.6983157,Meziani:1984is,1.065433659,0.043689931,0.0089,0.5689000000000001,0.21500000000000008,0.22390000000000007,1.0,0.0,0.0,13984.91579,279.6983157,1.0471975511965976,0.24999999999999994,0.7500000000000001,0.3333333333333333,0.002989875001868647,0.3420101249981313,4.433234524286382,1.0320382971938775,0.12040000000000003,0.12737671000000003,0.24640171,0.49638866828323147,1.407364592529,1.400387882529,0.436753316866178,0.0005710809298684628,24488500.768570837,489770.0151963103,0.0005096875981998107,0.000501713930377736,3309.2939033040316,3206.5611443897333,46280196.56206728,925603.9309104164,118.85640999698641,2.3771281990898387,44843487.57977645,896869.7512748729,115.16666612097458,2.3033333215959853,"[0.428,0.523]",0.475,"[0.100,0.145]",0.12,0.0036,0.0,95,0.3438,0.032,0.7510585225290001,20,1.4070585225290002,0.005,0.0,68,0.3425,0.008,0.8541835225290001,68,1.402183522529,0.3448229546942514,0.34365022595038575,0.4150370591068981,0.43052367116951684,0.33949204981510583,0.3420258815930971,0.4232198173280633,0.4316736164000523
26,56,0.56,60.0,0.355,14568.96044,291.3792089,Meziani:1984is,1.043313973,0.043723092,0.0089,0.5689000000000001,0.20500000000000007,0.21390000000000006,1.0,0.0,0.0,14568.96044,291.3792089,1.0471975511965976,0.24999999999999994,0.7500000000000001,0.3333333333333333,0.002989875001868647,0.35201012499813134,4.433234524286382,1.0320382971938775,0.11480000000000003,0.12168771000000002,0.24771271,0.4977074542339104,1.431730052529,1.424842342529,0.4242510025264137,0.000584951877208676,24906254.69828634,498125.09413668094,0.0005096875981998107,0.000501713930377736,3559.7358209580425,3449.228415880496,51861650.35238865,1037233.0074037464,133.19065248863149,2.6638130506868376,50251672.339486815,1005033.447134659,129.05592055137703,2.581118411913368,"[0.428,0.523]",0.475,"[0.100,0.145]",0.12,0.0036,0.0,97,0.351,0.032,0.7510585225290001,21,1.4390585225290002,0.005,0.0,70,0.3525,0.008,0.8541835225290001,71,1.426183522529,0.3519751852264861,0.3536502259503857,0.403475696506984,0.42346117740790734,0.35195315169938335,0.35481533626140793,0.4035123863694884,0.4226404518689541
26,56,0.56,60.0,0.365,14957.32951,299.1465902,Meziani:1984is,1.022909871,0.044058667,0.0089,0.5689000000000001,0.19500000000000006,0.20390000000000005,1.0,0.0,0.0,14957.32951,299.1465902,1.0471975511965976,0.24999999999999994,0.7500000000000001,0.3333333333333333,0.002989875001868647,0.36201012499813134,4.433234524286382,1.0320382971938775,0.10920000000000002,0.11599871000000002,0.24922371,0.4992231064363908,1.456095512529,1.449296802529,0.41112739296081824,0.0005976020449760362,25028912.862237256,500578.25724474515,0.0005096875981998107,0.000501713930377736,3842.736060259631,3723.4432779365543,57477069.47326251,1149541.3894652503,147.61212445538078,2.9522424891076158,55692768.01989155,1113855.360397831,143.02969653039005,2.860593930607801,"[0.428,0.523]",0.475,"[0.100,0.145]",0.12,0.0036,0.0,100,0.3618,0.032,0.7510585225290001,21,1.4390585225290002,0.005,0.0,72,0.3625,0.008,0.8541835225290001,74,1.450183522529,0.36270170499900445,0.3636502259503857,0.38477158227008396,0.41643388125125813,0.35195315169938335,0.36760479092971876,0.4035123863694884,0.4136663576791381
26,56,0.56,60.0,0.375,15135.04954,302.7009908,Meziani:1984is,1.096791917,0.047703841,0.0089,0.5689000000000001,0.18500000000000005,0.19390000000000004,1.0,0.0,0.0,15135.04954,302.7009908,1.0471975511965976,0.24999999999999994,0.7500000000000001,0.3333333333333333,0.002989875001868647,0.37201012499813135,4.433234524286382,1.0320382971938775,0.10360000000000001,0.11030971,0.25093471,0.5009338379466893,1.480460972529,1.473751262529,0.39736996420082626,0.0006090594057995096,24849874.07777126,496997.4815554252,0.0005096875981998107,0.000501713930377736,4163.712892971622,4034.455799065596,63018000.90546221,1260360.0181092443,161.84229776908936,3.236845955381787,61061688.385798074,1221233.7677159617,156.81811247619413,3.1363622495238834,"[0.428,0.523]",0.475,"[0.100,0.145]",0.12,0.0036,0.0,103,0.3726,0.032,0.7510585225290001,22,1.471058522529,0.005,0.0,74,0.3725,0.008,0.8541835225290001,77,1.474183522529,0.37342603473351943,0.3736502259503857,0.36424319720258436,0.40944965086593726,0.364295049097244,0.3803942455980296,0.3818428384832439,0.40476745717397605
26,56,0.56,60.0,0.385,15105.66968,302.1133937,Meziani:1984is,1.045964881,0.049451631,0.0089,0.5689000000000001,0.17500000000000004,0.18390000000000004,1.0,0.0,0.0,15105.66968,302.1133937,1.0471975511965976,0.24999999999999994,0.7500000000000001,0.3333333333333333,0.002989875001868647,0.38201012499813136,4.433234524286382,1.0320382971938775,0.098,0.10462071,0.25284571,0.5028376576987845,1.504826432529,1.498205722529,0.38296720208215806,0.0006193568804351698,24389282.104021385,487785.64224188554,0.0005096875981998109,0.0005017139303777361,4529.280127743058,4388.674470761614,68417809.49787484,1368356.190410425,175.7100405973704,3.514200813110614,66293866.88837377,1325877.338206343,170.25534912331042,3.405106983593304,"[0.428,0.523]",0.475,"[0.100,0.145]",0.12,0.0036,0.0,106,0.38339999999999996,0.032,0.7510585225290001,23,1.503058522529,0.005,0.0,76,0.3825,0.008,0.8541835225290001,80,1.4981835225290001,0.3841481757708962,0.3836502259503857,0.34164025246263424,0.40251572698627014,0.37652109891016783,0.3931837002663404,0.3579442480152201,0.3959582150279651
26,56,0.56,60.0,0.395,14889.3566,297.7871319,Meziani:1984is,1.074593109,0.053461007,0.0089,0.5689000000000001,0.16500000000000004,0.17390000000000003,1.0,0.0,0.0,14889.3566,297.7871319,1.0471975511965976,0.24999999999999994,0.7500000000000001,0.3333333333333333,0.002989875001868647,0.39201012499813137,4.433234524286382,1.0320382971938775,0.09240000000000001,0.09893171,0.25495671000000003,0.5049323816116372,1.529191892529,1.522660182529,0.367908744738109,0.0006285319134873481,23689101.985908486,473782.03955906886,0.0005096875981998109,0.0005017139303777361,4947.590179167429,4793.998626426923,73666434.48828173,1473328.6892708759,189.18951497565217,3.7837902982424083,71379555.08878063,1427591.101296213,183.31637061343594,3.666327411037529,"[0.428,0.523]",0.475,"[0.070,0.100]",0.093,0.0036,0.0,108,0.3906,0.032,0.7510585225290001,24,1.535058522529,0.005,0.0,78,0.3925,0.008,0.8811835225290001,80,1.5251835225290002,0.39129505451450086,0.39339142511154895,0.32527353916531576,0.3602260701181111,0.38863450338107597,0.3931837002663405,0.3314960086627183,0.3603781206700382
26,56,0.56,90.0,0.025,1.056733184,0.021134664,Meziani:1984is,1.28698523,0.493975213,0.0089,0.5689000000000001,0.535,0.5439,1.0,0.0,0.0,1.056733184,0.021134664,1.5707963267948966,0.5000000000000001,0.5000000000000001,0.9999999999999998,0.0059479932957619,0.0190520067042381,4.433234524286382,1.0320382971938775,0.5992000000000002,0.6188494200000002,0.6194744200000002,0.7870669730080155,0.3280698725289999,0.30842045252899986,0.3331090535093945,-0.0002652338552857965,-3984.1564828190662,-79.6831308628638,8.494793303330174e-05,8.361898839628928e-05,4055.1433662334703,3929.2566731868824,4285.204560976374,85.70409251717334,0.011005226167034525,0.00022010452667329365,4152.1759150100215,83.04351955756258,0.01066358312182585,0.00021327166566566385,"[0.702,0.878]",0.756,"[0.438,0.650]",0.5,0.002,0.0,9,0.019,0.04,0.405147522529,-3,0.305147522529,0.005,0.0,3,0.0175,0.1,0.4741835225290001,-2,0.32418352252900007,0.024472555513220584,0.022292608126607057,0.33310038786630525,0.33311260831008266,-0.0019592050952148554,-0.02993409167694262,0.3333318408665622,0.3329355641859664
26,56,0.56,90.0,0.035,1.179323161,0.023586463,Meziani:1984is,2.391202085,0.484176025,0.0089,0.5689000000000001,0.525,0.5339,1.0,0.0,0.0,1.179323161,0.023586463,1.5707963267948966,0.5000000000000001,0.5000000000000001,0.9999999999999998,0.0059479932957619,0.029052006704238104,4.433234524286382,1.0320382971938775,0.5880000000000002,0.6074714200000002,0.6086964200000002,0.7801899896820006,0.3580353325289999,0.33856391252899987,0.3328858114630401,-0.0002511708177409395,-4695.303266545748,-93.90606445501702,8.494793303330173e-05,8.361898839628926e-05,4060.5800504034896,3934.5245825123425,4788.736100535382,95.77472111738004,0.012298391614851412,0.00024596783000279185,4640.075967680661,92.8015184880178,0.01191660391701632,0.00023833207611731157,"[0.702,0.878]",0.756,"[0.438,0.650]",0.5,0.002,0.0,14,0.029,0.04,0.405147522529,-2,0.345147522529,0.005,0.0,5,0.0275,0.1,0.4741835225290001,-2,0.32418352252900007,0.03446690922792328,0.03229260812660706,0.33287111243033524,0.33287050461828654,0.019162910402884314,-0.02993409167694262,0.33319052292661977,0.3329355641859664
26,56,0.56,90.0,0.045,3.9322054,0.078644108,Meziani:1984is,0.8290513,0.143685271,0.0089,0.5689000000000001,0.515,0.5239,1.0,0.0,0.0,3.9322054,0.078644108,1.5707963267948966,0.5000000000000001,0.5000000000000001,0.9999999999999998,0.0059479932957619,0.0390520067042381,4.433234524286382,1.0320382971938775,0.5768000000000002,0.5960934200000002,0.5981184200000003,0.7733811608773518,0.3880007925289999,0.3687073725289999,0.3325801239331863,-0.00023708789834434775,-16585.432776028254,-331.7086555205651,8.494793303330171e-05,8.361898839628925e-05,4068.0378717199924,3941.750885389649,15996.360486581862,319.9272097316372,0.041081717920167786,0.0008216343584033557,15499.774116983957,309.9954823396792,0.03980638899919643,0.0007961277799839288,"[0.702,0.878]",0.756,"[0.438,0.650]",0.5,0.002,0.0,19,0.039,0.04,0.405147522529,-1,0.385147522529,0.005,0.0,7,0.0375,0.1,0.4741835225290001,-2,0.32418352252900007,0.04445934969430709,0.042292608126607054,0.33256389988948304,0.3325402626269271,0.03982900006389922,-0.02993409167694262,0.33271596450813806,0.3329355641859664
26,56,0.56,90.0,0.055,8.407180122,0.168143602,Meziani:1984is,1.593875688,0.137977298,0.0089,0.5689000000000001,0.505,0.5139,1.0,0.0,0.0,8.407180122,0.168143602,1.5707963267948966,0.5000000000000001,0.5000000000000001,0.9999999999999998,0.0059479932957619,0.0490520067042381,4.433234524286382,1.0320382971938775,0.5656000000000002,0.5847154200000002,0.5877404200000003,0.7666423025114126,0.4179662525289999,0.3988508325289999,0.332187627759191,-0.0002229888833876569,-37702.23875862218,-754.0447731992512,8.494793303330171e-05,8.361898839628925e-05,4077.6361844094013,3951.0512308472807,34281.42187431464,685.6284356921329,0.08804125816770718,0.0017608251587463973,33217.19936898289,664.3439856411953,0.0853081309163548,0.0017061626138623915,"[0.702,0.878]",0.756,"[0.438,0.650]",0.5,0.002,0.0,24,0.049,0.04,0.405147522529,-1,0.385147522529,0.005,0.0,9,0.0475,0.1,0.4741835225290001,-1,0.4241835225290001,0.054449878010721875,0.052292608126607056,0.33217857974266984,0.3321224075671581,0.03982900006389922,0.02335530277435249,0.33271596450813806,0.3330910783381942
26,56,0.56,90.0,0.065,15.70419752,0.31408395,Meziani:1984is,1.337222101,0.095515864,0.0089,0.5689000000000001,0.49500000000000005,0.5039,1.0,0.0,0.0,15.70419752,0.31408395,1.5707963267948966,0.5000000000000001,0.5000000000000001,0.9999999999999998,0.0059479932957619,0.0590520067042381,4.433234524286382,1.0320382971938775,0.5544000000000002,0.5733374200000002,0.5775624200000002,0.7599752759136315,0.4479317125289999,0.4289942925289999,0.3317037538326119,-0.00020887786736421536,-75183.63586419122,-1503.6727153688298,8.494793303330173e-05,8.361898839628926e-05,4089.504243578626,3962.5508614341434,64222.38240003693,1284.4476463649369,0.16493538015304113,0.0032987075988597705,62228.681411007936,1244.5736266351385,0.1598151741088505,0.0031963034781063745,"[0.702,0.878]",0.756,"[0.438,0.650]",0.5,0.002,0.0,29,0.059000000000000004,0.04,0.405147522529,0,0.425147522529,0.005,0.0,11,0.0575,0.1,0.4741835225290001,-1,0.4241835225290001,0.06443849527447298,0.06229260812660706,0.3317149265266961,0.33161760177227145,0.060067384102035604,0.02335530277435249,0.33192749237327707,0.3330910783381942
26,56,0.56,90.0,0.075,27.91140737,0.558228147,Meziani:1984is,1.468933453,0.079179096,0.0089,0.5689000000000001,0.48500000000000004,0.49390000000000006,1.0,0.0,0.0,27.91140737,0.558228147,1.5707963267948966,0.5000000000000001,0.5000000000000001,0.9999999999999998,0.0059479932957619,0.0690520067042381,4.433234524286382,1.0320382971938775,0.5432000000000002,0.5619594200000002,0.5675844200000002,0.7533819881043083,0.4778971725289999,0.4591377525289999,0.3311237183688168,-0.00019475926671787654,-143312.345750571,-2866.2469129576025,8.494793303330173e-05,8.361898839628926e-05,4103.7822443453215,3976.3856200913733,114542.33797969515,2290.84675795239,0.2941666651452077,0.005883333298688433,110986.51890258037,2219.7303764610533,0.2850346406185214,0.00570069280828558,"[0.702,0.878]",0.756,"[0.438,0.650]",0.5,0.002,0.0,34,0.069,0.04,0.405147522529,1,0.465147522529,0.005,0.0,13,0.0675,0.1,0.4741835225290001,-1,0.4241835225290001,0.07442520258182128,0.07229260812660707,0.3311726594466024,0.3310266420651577,0.079903567462147,0.02335530277435249,0.33084162956719637,0.3330910783381942
26,56,0.56,90.0,0.085,54.56747135,1.091349427,Meziani:1984is,1.359784468,0.058826255,0.0089,0.5689000000000001,0.47500000000000003,0.48390000000000005,1.0,0.0,0.0,54.56747135,1.091349427,1.5707963267948966,0.5000000000000001,0.5000000000000001,0.9999999999999998,0.0059479932957619,0.0790520067042381,4.433234524286382,1.0320382971938775,0.5320000000000003,0.5505814200000002,0.5578064200000002,0.7468643919748753,0.5078626325289999,0.4892812125289999,0.3304425139479235,-0.0001806378333802641,-302082.18471669214,-6041.643694333843,8.494793303330171e-05,8.361898839628925e-05,4120.622492399075,3992.7030843749585,224851.9497981521,4497.038995963042,0.5774628787064339,0.011549257574128677,217871.7111656872,4357.434223313743,0.5595362887952523,0.011190725775905045,"[0.702,0.878]",0.756,"[0.438,0.650]",0.5,0.002,0.0,39,0.079,0.04,0.405147522529,2,0.505147522529,0.005,0.0,15,0.0775,0.1,0.4741835225290001,0,0.5241835225290001,0.08441000102798313,0.08229260812660706,0.3305514419079696,0.3303504566342849,0.09936061671112018,0.0766446972256476,0.3294725066970131,0.3307427752820207
26,56,0.56,90.0,0.095,96.30764228,1.926152846,Meziani:1984is,1.235623645,0.046309928,0.0089,0.5689000000000001,0.4650000000000001,0.4739000000000001,1.0,0.0,0.0,96.30764228,1.926152846,1.5707963267948966,0.5000000000000001,0.5000000000000001,0.9999999999999998,0.0059479932957619,0.0890520067042381,4.433234524286382,1.0320382971938775,0.5208000000000003,0.5392034200000003,0.5482284200000003,0.7404244863590076,0.5378280925289999,0.5194246725289998,0.3296549003397564,-0.0001665186679653118,-578359.4323494243,-11567.188649390619,8.494793303330174e-05,8.361898839628928e-05,4140.190725555303,4011.6638469837053,398732.0073677538,7974.640149011152,1.0240201742243036,0.020480403488739193,386353.88672291534,7727.077736062972,0.9922307893114285,0.019844615790349657,"[0.702,0.878]",0.756,"[0.438,0.650]",0.5,0.002,0.0,44,0.089,0.04,0.405147522529,2,0.505147522529,0.005,0.0,17,0.08750000000000001,0.1,0.4741835225290001,0,0.5241835225290001,0.09439289170710197,0.09229260812660707,0.32985088094966397,0.3295901014209035,0.09936061671112018,0.0766446972256476,0.3294725066970131,0.3307427752820207
26,56,0.56,90.0,0.105,159.734838,3.194696759,Meziani:1984is,1.389803269,0.044511267,0.0089,0.5689000000000001,0.45500000000000007,0.4639000000000001,1.0,0.0,0.0,159.734838,3.194696759,1.5707963267948966,0.5000000000000001,0.5000000000000001,0.9999999999999998,0.0059479932957619,0.0990520067042381,4.433234524286382,1.0320382971938775,0.5096000000000003,0.5278254200000003,0.5388504200000003,0.7340643159832797,0.5677935525289999,0.5495681325289998,0.3287553951313136,-0.00015240723247380962,-1048079.1193911982,-20961.582381262597,8.49479330333017e-05,8.361898839628924e-05,4162.667609241055,4033.44296481961,664923.0362099672,13298.460720036679,1.7076497266433115,0.034152994522175704,644281.3585677001,12885.62716732056,1.6546379444313533,0.03309275887826841,"[0.702,0.878]",0.756,"[0.438,0.650]",0.5,0.002,0.0,49,0.099,0.04,0.405147522529,3,0.545147522529,0.005,0.0,19,0.0975,0.1,0.4741835225290001,0,0.5241835225290001,0.10437387571230516,0.10229260812660707,0.32907052657519126,0.32874675604348413,0.11845947443664773,0.0766446972256476,0.3278321962976655,0.3307427752820207
26,56,0.56,90.0,0.115,255.2122454,5.104244908,Meziani:1984is,1.367489242,0.040358565,0.0089,0.5689000000000001,0.44500000000000006,0.4539000000000001,1.0,0.0,0.0,255.2122454,5.104244908,1.5707963267948966,0.5000000000000001,0.5000000000000001,0.9999999999999998,0.0059479932957619,0.1090520067042381,4.433234524286382,1.0320382971938775,0.49840000000000023,0.5164474200000003,0.5296724200000004,0.7277859712855149,0.597759012529,0.5797115925289998,0.32773826417956897,-0.0001383093623438994,-1845227.5469640829,-36904.55093928166,8.494793303330173e-05,8.361898839628926e-05,4188.250432898095,4058.2316027282995,1068892.7972774447,21377.855945548898,2.745121455688967,0.05490242911377935,1035710.3996855301,20714.207993710603,2.659902702402595,0.053198054048051904,"[0.702,0.878]",0.756,"[0.438,0.650]",0.5,0.002,0.0,54,0.109,0.04,0.405147522529,4,0.5851475225289999,0.005,0.0,21,0.1075,0.1,0.4741835225290001,1,0.6241835225290001,0.11435295413566848,0.11229260812660706,0.3282098709804973,0.32782171928840215,0.13721922336983916,0.12993409167694267,0.32593098647011665,0.3259950252811614
26,56,0.56,90.0,0.125,394.619835,7.892396699,Meziani:1984is,1.353201113,0.037251042,0.0089,0.5689000000000001,0.43500000000000005,0.4439000000000001,1.0,0.0,0.0,394.619835,7.892396699,1.5707963267948966,0.5000000000000001,0.5000000000000001,0.9999999999999998,0.0059479932957619,0.1190520067042381,4.433234524286382,1.0320382971938775,0.48720000000000024,0.5050694200000002,0.5206944200000002,0.7215915880884424,0.6277244725289997,0.6098550525289997,0.32659751191732783,-0.00012423127766610027,-3176493.411430818,-63529.86822056685,8.494793303330171e-05,8.361898839628925e-05,4217.155039154426,4086.238902781915,1664173.0257205383,33283.46051019361,4.273915111524979,0.08547830221966912,1612510.9215863803,32250.218427641368,4.141236931948937,0.0828247386284845,"[0.702,0.878]",0.756,"[0.438,0.650]",0.5,0.002,0.0,59,0.11900000000000001,0.04,0.405147522529,5,0.625147522529,0.005,0.0,23,0.11750000000000001,0.1,0.4741835225290001,1,0.6241835225290001,0.12433012806821608,0.12229260812660707,0.32726834767568447,0.3268164041985558,0.1556573097222419,0.12993409167694267,0.32377760612303724,0.3259950252811614
26,56,0.56,90.0,0.135,588.7531224,11.77506245,Meziani:1984is,1.260290556,0.041613367,0.0089,0.5689000000000001,0.42500000000000004,0.43390000000000006,1.0,0.0,0.0,588.7531224,11.77506245,1.5707963267948966,0.5000000000000001,0.5000000000000001,0.9999999999999998,0.0059479932957619,0.1290520067042381,4.433234524286382,1.0320382971938775,0.4760000000000002,0.49369142000000027,0.5119164200000003,0.7154833471157803,0.657689932529,0.639998512529,0.32532687154536827,-0.00011017959336371319,-5343576.831477955,-106871.53664771127,8.494793303330171e-05,8.361898839628925e-05,4249.618023489164,4117.694115658225,2501975.880336562,50039.51761523048,6.425553327912876,0.12851106658008518,2424305.267681887,48486.105361873124,6.2260803163836265,0.12452160634882257,"[0.702,0.878]",0.756,"[0.438,0.650]",0.5,0.002,0.0,64,0.129,0.04,0.405147522529,5,0.625147522529,0.005,0.0,25,0.1275,0.1,0.4741835225290001,1,0.6241835225290001,0.13430539859994184,0.13229260812660706,0.326245330497746,0.32573233279393066,0.1556573097222419,0.12993409167694267,0.32377760612303724,0.3259950252811614
26,56,0.56,90.0,0.145,844.8071027,16.89614205,Meziani:1984is,1.161211828,0.037049878,0.0089,0.5689000000000001,0.41500000000000004,0.42390000000000005,1.0,0.0,0.0,844.8071027,16.89614205,1.5707963267948966,0.5000000000000001,0.5000000000000001,0.9999999999999998,0.0059479932957619,0.1390520067042381,4.433234524286382,1.0320382971938775,0.4648000000000002,0.4823134200000002,0.5033384200000002,0.7094634733374229,0.6876553925289998,0.6701419725289998,0.32391979515030545,-9.616132812160003e-05,-8785310.261435928,-175706.2051871218,8.49479330333017e-05,8.361898839628924e-05,4285.899249234963,4152.849037568049,3620758.127210294,72415.16252706229,9.298800446762929,0.18597600889123056,3508356.3633783474,70167.12725095556,9.010131186067865,0.18020262367869605,"[0.702,0.878]",0.756,"[0.438,0.650]",0.5,0.002,0.0,69,0.139,0.04,0.405147522529,6,0.665147522529,0.005,0.0,27,0.1375,0.1,0.4741835225290001,1,0.6241835225290001,0.14427876681980223,0.14229260812660707,0.32514013251104734,0.3245711304600755,0.17378973318055213,0.12993409167694267,0.32137941130455755,0.3259950252811614
26,56,0.56,90.0,0.155,1159.013556,23.18027111,Meziani:1984is,1.130271509,0.034770948,0.0089,0.5689000000000001,0.405,0.41390000000000005,1.0,0.0,0.0,1159.013556,23.18027111,1.5707963267948966,0.5000000000000001,0.5000000000000001,0.9999999999999998,0.0059479932957619,0.1490520067042381,4.433234524286382,1.0320382971938775,0.45360000000000017,0.4709354200000002,0.49496042000000023,0.7035342351300328,0.7176208525289998,0.7002854325289998,0.3223694437945593,-8.218391182864622e-05,-14102681.780547852,-282053.6354892787,8.494793303330173e-05,8.361898839628926e-05,4326.284731427921,4191.9808045797645,5014222.65084078,100284.45297355273,12.877484269221661,0.2575496852733259,4858562.5789997345,97171.25153807487,12.477719387192966,0.2495543876362012,"[0.702,0.878]",0.756,"[0.438,0.650]",0.5,0.002,0.0,74,0.149,0.04,0.405147522529,7,0.705147522529,0.005,0.0,29,0.1475,0.1,0.4741835225290001,2,0.7241835225290001,0.15425023381570924,0.15229260812660705,0.32395200479187286,0.3233345200420244,0.19163120944830536,0.18322348612823774,0.3187425399878374,0.31905219715359445
26,56,0.56,90.0,0.165,1521.164107,30.42328214,Meziani:1984is,1.05839994,0.032212172,0.0089,0.5689000000000001,0.395,0.40390000000000004,1.0,0.0,0.0,1521.164107,30.42328214,1.5707963267948966,0.5000000000000001,0.5000000000000001,0.9999999999999998,0.0059479932957619,0.1590520067042381,4.433234524286382,1.0320382971938775,0.4424000000000002,0.4595574200000002,0.4867824200000002,0.6976979432390497,0.7475863125289999,0.7304288925289998,0.3206686776325699,-6.825519128208229e-05,-22286423.617412407,-445728.4723482481,8.494793303330171e-05,8.361898839628925e-05,4371.089953609081,4235.395106454982,6649145.14589843,132982.90291796857,17.076278414904692,0.34152556829809383,6442731.014902763,128854.62029805526,16.546167386748404,0.33092334773496807,"[0.609,0.702]",0.649,"[0.438,0.650]",0.5,0.0036,0.0,44,0.1602,0.018,0.5554825225290001,9,0.7264825225290001,0.005,0.0,31,0.1575,0.1,0.4741835225290001,2,0.7241835225290001,0.16397956294382254,0.16229260812660706,0.3188383067159389,0.32202431568237866,0.13302692183748432,0.18322348612823774,0.32386437391470924,0.31905219715359445
26,56,0.56,90.0,0.175,1913.310748,38.26621496,Meziani:1984is,1.003496166,0.030523008,0.0089,0.5689000000000001,0.38500000000000006,0.3939000000000001,1.0,0.0,0.0,1913.310748,38.26621496,1.5707963267948966,0.5000000000000001,0.5000000000000001,0.9999999999999998,0.0059479932957619,0.1690520067042381,4.433234524286382,1.0320382971938775,0.43120000000000025,0.4481794200000003,0.4788044200000003,0.6919569495279314,0.7775517725289998,0.7605723525289998,0.31881004611604885,-5.438343388564474e-05,-35181867.184467085,-703637.3436893417,8.49479330333017e-05,8.361898839628924e-05,4420.663694693972,4283.429894717861,8458103.360351367,169162.0672070273,21.72202962549183,0.4344405925098366,8195532.455868193,163910.64911736385,21.047697245881523,0.42095394491763044,"[0.609,0.702]",0.649,"[0.438,0.650]",0.5,0.0036,0.0,46,0.1674,0.018,0.5554825225290001,11,0.7624825225290001,0.005,0.0,33,0.1675,0.1,0.4741835225290001,2,0.7241835225290001,0.17115650807183158,0.17229260812660707,0.31751095103151183,0.32064241644304803,0.1496992066895827,0.18322348612823774,0.3212966074735803,0.31905219715359445
26,56,0.56,90.0,0.185,2312.395851,46.24791701,Meziani:1984is,0.994639391,0.030098653,0.0089,0.5689000000000001,0.37500000000000006,0.3839000000000001,1.0,0.0,0.0,2312.395851,46.24791701,1.5707963267948966,0.5000000000000001,0.5000000000000001,0.9999999999999998,0.0059479932957619,0.1790520067042381,4.433234524286382,1.0320382971938775,0.4200000000000002,0.4368014200000003,0.4710264200000003,0.6863136455003647,0.8075172325289999,0.7907158125289997,0.31678577836065147,-4.057732905882332e-05,-56987384.4492774,-1139747.688739105,8.494793303330173e-05,8.361898839628926e-05,4475.392459086061,4336.459675241411,10348878.953987295,206977.57903499197,26.577903538388817,0.5315580706528397,10027611.361057047,200552.22717777634,25.75282681917367,0.5150565362721048,"[0.609,0.702]",0.649,"[0.322,0.438]",0.38,0.0036,0.0,49,0.1782,0.018,0.5554825225290001,13,0.7984825225290001,0.005,0.0,35,0.1775,0.05,0.5941835225290001,3,0.7691835225290001,0.18192008074644406,0.18114238217622136,0.31540311615818517,0.3151891844689737,0.16611982980694873,0.14325644028976647,0.31844895520177063,0.3217490099063494
26,56,0.56,90.0,0.195,2692.940572,53.85881143,Meziani:1984is,1.00633487,0.030449985,0.0089,0.5689000000000001,0.36500000000000005,0.37390000000000007,1.0,0.0,0.0,2692.940572,53.85881143,1.5707963267948966,0.5000000000000001,0.5000000000000001,0.9999999999999998,0.0059479932957619,0.1890520067042381,4.433234524286382,1.0320382971938775,0.4088000000000002,0.4254234200000002,0.4634484200000002,0.6807704605812448,0.8374826925289998,0.8208592725289998,0.3145877737570833,-2.684598706169086e-05,-100310730.45709755,-2006214.6087694557,8.494793303330171e-05,8.361898839628925e-05,4535.705623131312,4394.900494937001,12214385.695178851,244287.71385821997,31.368882197821318,0.6273776438399407,11835205.85271873,236704.11701042563,30.395075728404287,0.6079015144552163,"[0.609,0.702]",0.649,"[0.322,0.438]",0.38,0.0036,0.0,52,0.189,0.018,0.5554825225290001,14,0.816482522529,0.005,0.0,37,0.1875,0.05,0.5941835225290001,4,0.8191835225290001,0.19268144061393855,0.19114238217622137,0.3131529621177886,0.3132545879181244,0.17423925724888079,0.16990113751541397,0.3169216977803449,0.317266089901221
26,56,0.56,90.0,0.205,3030.104242,60.60208483,Meziani:1984is,0.986764732,0.030262985,0.0089,0.5689000000000001,0.3550000000000001,0.3639000000000001,1.0,0.0,0.0,3030.104242,60.60208483,1.5707963267948966,0.5000000000000001,0.5000000000000001,0.9999999999999998,0.0059479932957619,0.1990520067042381,4.433234524286382,1.0320382971938775,0.39760000000000023,0.4140454200000003,0.45607042000000025,0.6753298601424346,0.8674481525289999,0.8510027325289997,0.31220759292137445,-1.319893492967674e-05,-229571875.16600713,-4591437.502562506,8.494793303330171e-05,8.361898839628925e-05,4602.081435854527,4459.215756205591,13944786.480812252,278895.72957022424,35.81288288309334,0.7162576575436765,13511888.578871798,270237.7715328438,34.70111814694176,0.6940223628243141,"[0.609,0.702]",0.649,"[0.322,0.438]",0.38,0.0036,0.0,55,0.1998,0.018,0.5554825225290001,16,0.852482522529,0.005,0.0,39,0.1975,0.05,0.5941835225290001,5,0.8691835225290001,0.20344058903849316,0.20114238217622138,0.3107578858878201,0.3112415919333539,0.19030288248597638,0.19654583474106155,0.3136627306103103,0.31217639160928995
26,56,0.56,90.0,0.215,3302.784657,66.05569313,Meziani:1984is,0.956768403,0.030247204,0.0089,0.5689000000000001,0.3450000000000001,0.3539000000000001,1.0,0.0,0.0,3302.784657,66.05569313,1.5707963267948966,0.5000000000000001,0.5000000000000001,0.9999999999999998,0.0059479932957619,0.2090520067042381,4.433234524286382,1.0320382971938775,0.38640000000000024,0.4026674200000003,0.4488924200000003,0.6699943432597026,0.8974136125289998,0.8811461925289998,0.30963644909194904,3.5389079421670054e-07,9332779238.607664,186655584.74389595,8.494793303330173e-05,8.361898839628926e-05,4675.054043074074,4529.923022997879,15440696.764110869,308813.9352354668,39.65466704042723,0.7930933406884801,14961360.257748455,299227.2051096698,38.423639072550564,0.7684727813346741,"[0.609,0.702]",0.649,"[0.322,0.438]",0.38,0.0036,0.0,58,0.21059999999999998,0.018,0.5554825225290001,18,0.8884825225290001,0.005,0.0,41,0.20750000000000002,0.05,0.5941835225290001,5,0.8691835225290001,0.21419752738287912,0.2111423821762214,0.3082150852492283,0.3091536630135107,0.20614105204978161,0.19654583474106155,0.31013358186130824,0.31217639160928995
26,56,0.56,90.0,0.225,3496.098222,69.92196445,Meziani:1984is,0.898144102,0.029461415,0.0089,0.5689000000000001,0.3350000000000001,0.3439000000000001,1.0,0.0,0.0,3496.098222,69.92196445,1.5707963267948966,0.5000000000000001,0.5000000000000001,0.9999999999999998,0.0059479932957619,0.2190520067042381,4.433234524286382,1.0320382971938775,0.37520000000000026,0.3912894200000003,0.44191442000000025,0.6647664401878304,0.9273790725289999,0.9112896525289997,0.30686520009524454,1.3802154845102638e-05,253300898.39127594,5066017.968550043,8.49479330333017e-05,8.361898839628924e-05,4755.221743294803,4607.6020204136785,16624722.2819487,332494.44568652625,42.69547137681965,0.8539094276585162,16108629.23125187,322172.5846711134,41.37004556217444,0.8274009113618209,"[0.609,0.702]",0.649,"[0.322,0.438]",0.38,0.0036,0.0,60,0.2178,0.018,0.5554825225290001,19,0.9064825225290001,0.005,0.0,43,0.2175,0.05,0.5941835225290001,6,0.9191835225290002,0.2213675924625207,0.22114238217622137,0.306436338084718,0.3069943228174323,0.21397850142189012,0.2231905319667091,0.3082683582652179,0.30654356926980864
26,56,0.56,90.0,0.235,3602.789346,72.05578691,Meziani:1984is,0.946488865,0.031087024,0.0089,0.5689000000000001,0.32500000000000007,0.3339000000000001,1.0,0.0,0.0,3602.789346,72.05578691,1.5707963267948966,0.5000000000000001,0.5000000000000001,0.9999999999999998,0.0059479932957619,0.2290520067042381,4.433234524286382,1.0320382971938775,0.36400000000000016,0.3799114200000003,0.4351364200000003,0.6596487095416774,0.957344532529,0.9414331125289999,0.3038843410170594,2.7135137853238848e-05,132772104.0329991,2655442.0802914556,8.494793303330174e-05,8.361898839628928e-05,4843.25673366814,4692.904078111253,17449233.760002337,348984.6751516141,44.81297479215922,0.8962594957188001,16907544.814419173,338150.8962414544,43.4218138164118,0.8684362762077132,"[0.609,0.702]",0.649,"[0.322,0.438]",0.38,0.0036,0.0,63,0.2286,0.018,0.5554825225290001,21,0.9424825225290001,0.005,0.0,45,0.2275,0.05,0.5941835225290001,6,0.9191835225290002,0.23212085036459484,0.23114238217622138,0.3036405341576982,0.3047671350422779,0.22949560829917848,0.2231905319667091,0.3043374227815049,0.30654356926980864
26,56,0.56,90.0,0.245,3623.632112,72.47264225,Meziani:1984is,0.941044757,0.031736114,0.0089,0.5689000000000001,0.31500000000000006,0.3239000000000001,1.0,0.0,0.0,3623.632112,72.47264225,1.5707963267948966,0.5000000000000001,0.5000000000000001,0.9999999999999998,0.0059479932957619,0.2390520067042381,4.433234524286382,1.0320382971938775,0.35280000000000017,0.36853342000000017,0.42855842000000016,0.6546437351720401,0.9873099925289999,0.971576572529,0.3006839977335786,4.03417550983454e-05,89823362.99365968,1796467.260121076,8.494793303330173e-05,8.361898839628926e-05,4939.916668051223,4786.563329561418,17900440.668954454,358008.81342848827,45.9717605655075,0.9194352114370167,17344744.58712039,346894.89179027354,44.54462658072397,0.8908925317374077,"[0.609,0.702]",0.649,"[0.322,0.438]",0.38,0.0036,0.0,66,0.2394,0.018,0.5554825225290001,23,0.9784825225290001,0.005,0.0,47,0.23750000000000002,0.05,0.5941835225290001,7,0.9691835225290001,0.24287190181377127,0.2411423821762214,0.30068849106419887,0.30247569263036633,0.24480921292055602,0.24983522919235662,0.30013958500764853,0.30043437668114786
26,56,0.56,90.0,0.255,3567.146754,71.34293509,Meziani:1984is,0.958749453,0.033079659,0.0089,0.5689000000000001,0.30500000000000005,0.31390000000000007,1.0,0.0,0.0,3567.146754,71.34293509,1.5707963267948966,0.5000000000000001,0.5000000000000001,0.9999999999999998,0.0059479932957619,0.2490520067042381,4.433234524286382,1.0320382971938775,0.3416000000000001,0.35715542000000017,0.42218042000000017,0.6497541227264357,1.017275452529,1.0017200325289999,0.297253921474188,5.34105796933207e-05,66787269.01078911,1335745.380403011,8.494793303330174e-05,8.361898839628928e-05,5046.0584312053625,4889.410058643798,18000030.95336854,360000.6191178314,46.227527492948326,0.9245505499885589,17441243.21966617,348824.8644422176,44.7924535539441,0.8958490712044515,"[0.609,0.702]",0.649,"[0.322,0.438]",0.38,0.0036,0.0,69,0.2502,0.018,0.5554825225290001,24,0.996482522529,0.005,0.0,49,0.2475,0.05,0.5941835225290001,8,1.019183522529,0.2536207481677195,0.25114238217622137,0.29757659603804315,0.3001236053736891,0.2523921597023405,0.2764799264180041,0.2979405291034444,0.29391693286328885
26,56,0.56,90.0,0.265,3448.885551,68.97771103,Meziani:1984is,1.017720057,0.035373746,0.0089,0.5689000000000001,0.29500000000000004,0.30390000000000006,1.0,0.0,0.0,3448.885551,68.97771103,1.5707963267948966,0.5000000000000001,0.5000000000000001,0.9999999999999998,0.0059479932957619,0.2590520067042381,4.433234524286382,1.0320382971938775,0.33040000000000014,0.34577742000000017,0.4160024200000002,0.6449824958865165,1.0472409125289999,1.031863492529,0.2935834846077577,6.632987046847246e-05,51995963.9094924,1039919.2783406096,8.494793303330173e-05,8.361898839628926e-05,5162.654639457313,5002.386688066347,17805404.99082744,356108.09986817534,45.72769073947171,0.914553814922021,17252659.168986768,345053.1834297592,44.30813358748969,0.8861626718782648,"[0.609,0.702]",0.649,"[0.322,0.438]",0.38,0.0036,0.0,71,0.2574,0.018,0.5554825225290001,26,1.032482522529,0.005,0.0,51,0.2575,0.05,0.5941835225290001,8,1.019183522529,0.2607854213539227,0.2611423821762214,0.2954112973478699,0.29771448797794714,0.2674149872209891,0.2764799264180041,0.2933415866579613,0.29391693286328885
26,56,0.56,90.0,0.275,3290.285189,65.80570378,Meziani:1984is,1.057659078,0.037686703,0.0089,0.5689000000000001,0.28500000000000003,0.29390000000000005,1.0,0.0,0.0,3290.285189,65.80570378,1.5707963267948966,0.5000000000000001,0.5000000000000001,0.9999999999999998,0.0059479932957619,0.2690520067042381,4.433234524286382,1.0320382971938775,0.3192000000000001,0.33439942000000017,0.41002442000000017,0.6403314922756808,1.077206372529,1.062006952529,0.28966167786506086,7.908760479850706e-05,41603045.09641833,832060.9019283666,8.494793303330175e-05,8.361898839628929e-05,5290.813516962936,5126.567038596058,17408285.352624148,348165.707052483,44.707811438119904,0.8941562287623982,16867867.597508203,337357.35195016407,43.319915122995816,0.8663983024599163,"[0.609,0.702]",0.649,"[0.322,0.438]",0.38,0.0036,0.0,74,0.2682,0.018,0.5554825225290001,28,1.068482522529,0.005,0.0,53,0.2675,0.05,0.5941835225290001,9,1.069183522529,0.2715305955623961,0.2711423821762214,0.2920242782459031,0.295251948640405,0.2822529204658456,0.3031246236436517,0.2884735370423852,0.2870591307804032
26,56,0.56,90.0,0.285,3116.94732,62.3389464,Meziani:1984is,1.026645519,0.040103341,0.0089,0.5689000000000001,0.2750000000000001,0.2839000000000001,1.0,0.0,0.0,3116.94732,62.3389464,1.5707963267948966,0.5000000000000001,0.5000000000000001,0.9999999999999998,0.0059479932957619,0.2790520067042381,4.433234524286382,1.0320382971938775,0.30800000000000016,0.3230214200000002,0.4042464200000002,0.6358037590326123,1.1071718325289996,1.0921504125289996,0.2854771092323663,9.167151657710786e-05,34001262.73004588,680025.2546009175,8.494793303330173e-05,8.361898839628926e-05,5431.802979519341,5263.179665220242,16930643.739780825,338612.8747956165,43.48113628146642,0.8696227256293284,16405053.752186732,328101.07504373457,42.13132051367868,0.8426264102735734,"[0.609,0.702]",0.649,"[0.322,0.438]",0.38,0.0036,0.0,77,0.27899999999999997,0.018,0.5554825225290001,29,1.086482522529,0.005,0.0,55,0.2775,0.05,0.5941835225290001,9,1.069183522529,0.28227356828926986,0.2811423821762214,0.2884665317607075,0.2927395781881959,0.2896046496577337,0.3031246236436517,0.2859379120794453,0.2870591307804032
26,56,0.56,90.0,0.295,2956.396342,59.12792683,Meziani:1984is,1.11960631,0.043972453,0.0089,0.5689000000000001,0.26500000000000007,0.2739000000000001,1.0,0.0,0.0,2956.396342,59.12792683,1.5707963267948966,0.5000000000000001,0.5000000000000001,0.9999999999999998,0.0059479932957619,0.2890520067042381,4.433234524286382,1.0320382971938775,0.2968000000000002,0.31164342000000017,0.39866842000000013,0.631401948048943,1.1371372925289998,1.1222938725289997,0.2810180047749453,0.00010406913949742587,28408002.182752036,568160.0435589508,8.494793303330173e-05,8.361898839628926e-05,5587.080000727748,5413.636311674745,16517622.87661287,330352.4574763866,42.42041958843847,0.8484083916252825,16004854.588753588,320097.0917209354,41.10353240163666,0.8220706478937007,"[0.609,0.702]",0.649,"[0.206,0.322]",0.265,0.0036,0.0,80,0.2898,0.018,0.5554825225290001,31,1.122482522529,0.005,0.0,57,0.28750000000000003,0.015,0.7091835225290001,27,1.121683522529,0.29301434088711886,0.29004008230710177,0.2847334748383705,0.2751113036596086,0.30417761170615554,0.2698187521115923,0.2806616684265797,0.28173376937978206
26,56,0.56,90.0,0.305,2835.086728,56.70173455,Meziani:1984is,1.061695916,0.044090362,0.0089,0.5689000000000001,0.25500000000000006,0.2639000000000001,1.0,0.0,0.0,2835.086728,56.70173455,1.5707963267948966,0.5000000000000001,0.5000000000000001,0.9999999999999998,0.0059479932957619,0.2990520067042381,4.433234524286382,1.0320382971938775,0.28560000000000013,0.30026542000000017,0.39329042000000014,0.6271287108720188,1.1671027525289999,1.1524373325289998,0.27627221167417004,0.0001162678557408326,24384097.478494518,487681.94948388194,8.494793303330173e-05,8.361898839628926e-05,5758.326660967944,5579.566840324523,16325355.491998775,326507.1097823922,41.92664011487695,0.8385328021496541,15818555.89699295,316371.1178840633,40.62508167465869,0.8125016333498796,"[0.609,0.702]",0.649,"[0.206,0.322]",0.265,0.0036,0.0,83,0.3006,0.018,0.5554825225290001,33,1.158482522529,0.005,0.0,59,0.2975,0.015,0.7091835225290001,29,1.151683522529,0.3037529147071325,0.3000400823071017,0.2808202250626116,0.2717814633569456,0.31858161471444657,0.2858055704469808,0.27510915261139146,0.2765112610760749
26,56,0.56,90.0,0.315,2775.558558,55.51117116,Meziani:1984is,1.120495185,0.046477131,0.0089,0.5689000000000001,0.24500000000000005,0.25390000000000007,1.0,0.0,0.0,2775.558558,55.51117116,1.5707963267948966,0.5000000000000001,0.5000000000000001,0.9999999999999998,0.0059479932957619,0.3090520067042381,4.433234524286382,1.0320382971938775,0.27440000000000014,0.2888874200000002,0.3881124200000002,0.6229866932768309,1.1970682125289998,1.1825807925289997,0.27122720378789,0.0001282549501106526,21640946.845368333,432818.9369073667,8.494793303330174e-05,8.361898839628928e-05,5947.494720716339,5762.862421760546,16507619.870744055,330152.3974148811,42.39472995323669,0.8478945990647337,15995162.11329409,319903.2422658818,41.078640268009806,0.8215728053601962,"[0.609,0.702]",0.649,"[0.206,0.322]",0.265,0.0036,0.0,85,0.3078,0.018,0.5554825225290001,34,1.176482522529,0.005,0.0,61,0.3075,0.015,0.7091835225290001,31,1.181683522529,0.3109107430438556,0.3100400823071017,0.2781087308598691,0.2684224655468044,0.3257220642818982,0.30179238878236936,0.27222801016345005,0.2711948242203891
26,56,0.56,90.0,0.325,2793.615317,55.87230635,Meziani:1984is,1.192003774,0.049398355,0.0089,0.5689000000000001,0.23500000000000004,0.24390000000000003,1.0,0.0,0.0,2793.615317,55.87230635,1.5707963267948966,0.5000000000000001,0.5000000000000001,0.9999999999999998,0.0059479932957619,0.3190520067042381,4.433234524286382,1.0320382971938775,0.2632000000000001,0.2775094200000001,0.38313442000000014,0.6189785295145545,1.2270336725289999,1.2127242525289998,0.26587009007066315,0.0001400176695723577,19951876.970472842,399037.53948087647,8.494793303330174e-05,8.361898839628928e-05,6156.86116354154,5965.729353534754,17199901.651112087,343998.0330838104,44.17264217559548,0.8834528436700296,16665952.899111196,333319.05804188125,42.80135949964389,0.8560271901460892,"[0.609,0.702]",0.649,"[0.206,0.322]",0.265,0.0036,0.0,88,0.3186,0.018,0.5554825225290001,36,1.2124825225290001,0.005,0.0,63,0.3175,0.015,0.7091835225290001,33,1.211683522529,0.3216456552330129,0.32004008230710174,0.2738834411686346,0.2650394090897318,0.33988329816114426,0.31777920711775776,0.26625297856625063,0.2658061238003125
26,56,0.56,90.0,0.335,2896.30475,57.92609499,Meziani:1984is,1.156646241,0.049373257,0.0089,0.5689000000000001,0.22500000000000003,0.23390000000000002,1.0,0.0,0.0,2896.30475,57.92609499,1.5707963267948966,0.5000000000000001,0.5000000000000001,0.9999999999999998,0.0059479932957619,0.3290520067042381,4.433234524286382,1.0320382971938775,0.2520000000000001,0.2661314200000001,0.37835642000000014,0.6151068362487936,1.2569991325289998,1.2428677125289997,0.2601876262178956,0.0001515432880772237,19112062.215016052,382241.2442343334,8.494793303330173e-05,8.361898839628926e-05,6389.097990213983,6190.756687601618,18504774.85727221,370095.49708155333,47.523806524637344,0.9504761303286628,17930318.000394832,358606.3599459891,46.04849127581317,0.920969825357273,"[0.609,0.702]",0.649,"[0.206,0.322]",0.265,0.0036,0.0,91,0.32939999999999997,0.018,0.5554825225290001,38,1.2484825225290002,0.005,0.0,65,0.3275,0.015,0.7091835225290001,35,1.2416835225290002,0.33237837224074696,0.33004008230710175,0.2694633385811707,0.2616372001278373,0.35388934372040104,0.33376602545314643,0.259989762492917,0.26036561712256867
26,56,0.56,90.0,0.345,3080.802733,61.61605465,Meziani:1984is,1.097116659,0.048364018,0.0089,0.5689000000000001,0.21500000000000008,0.22390000000000007,1.0,0.0,0.0,3080.802733,61.61605465,1.5707963267948966,0.5000000000000001,0.5000000000000001,0.9999999999999998,0.0059479932957619,0.3390520067042381,4.433234524286382,1.0320382971938775,0.24080000000000018,0.2547534200000002,0.37377842000000017,0.611374206194537,1.2869645925289999,1.2730111725289999,0.254166229925652,0.0001628191764534026,18921620.90551845,378432.4180489512,8.494793303330171e-05,8.361898839628925e-05,6647.360717520389,6441.0019818010915,20479207.065773655,409584.1412489995,52.594526649392584,1.0518905328171348,19843456.50879122,396869.13011141436,50.96179743755405,1.0192359485856637,"[0.609,0.702]",0.649,"[0.206,0.322]",0.265,0.0036,0.0,94,0.3402,0.018,0.5554825225290001,39,1.266482522529,0.005,0.0,67,0.3375,0.015,0.7091835225290001,37,1.271683522529,0.3431088954131809,0.34004008230710175,0.2648422828003869,0.25822054479443607,0.3608357416105704,0.34975284378853483,0.25674821056302943,0.25489246771008606
26,56,0.56,90.0,0.355,3335.057488,66.70114976,Meziani:1984is,1.058452519,0.04707565,0.0089,0.5689000000000001,0.20500000000000007,0.21390000000000006,1.0,0.0,0.0,3335.057488,66.70114976,1.5707963267948966,0.5000000000000001,0.5000000000000001,0.9999999999999998,0.0059479932957619,0.3490520067042381,4.433234524286382,1.0320382971938775,0.22960000000000017,0.24337542000000015,0.3694004200000002,0.6077832014789486,1.3169300525289998,1.3031546325289998,0.24779200018538433,0.00017383287704777567,19185424.211114008,383708.4842222802,8.494793303330171e-05,8.361898839628925e-05,6935.401700684366,6720.101104330908,23129963.374155328,462599.26748310664,59.40217661623268,1.1880435323246539,22411923.508115865,448238.47016231733,57.558112695767015,1.1511622539153403,"[0.523,0.609]",0.57,"[0.206,0.322]",0.265,0.0036,0.0,96,0.3474,0.06,0.6517835225290001,10,1.281783522529,0.005,0.0,69,0.34750000000000003,0.015,0.7091835225290001,39,1.3016835225290002,0.3493444422145444,0.35004008230710176,0.23791291595082842,0.2547939436159294,0.32927720513153635,0.3657396621239235,0.24989309607030125,0.24940448775167573
26,56,0.56,90.0,0.365,3639.151951,72.78303902,Meziani:1984is,1.093661395,0.048088127,0.0089,0.5689000000000001,0.19500000000000006,0.20390000000000005,1.0,0.0,0.0,3639.151951,72.78303902,1.5707963267948966,0.5000000000000001,0.5000000000000001,0.9999999999999998,0.0059479932957619,0.3590520067042381,4.433234524286382,1.0320382971938775,0.21840000000000015,0.23199742000000015,0.36522242000000016,0.6043363467474053,1.3468955125289999,1.333298092529,0.24105074105952093,0.00018457218269528458,19716686.977733683,394333.7395546737,8.494793303330171e-05,8.361898839628925e-05,7257.7167986218765,7032.41034596844,26411934.247510273,528238.6849502055,67.83090649853763,1.3566181299707525,25592009.830763634,511840.1966152727,65.72518353531119,1.3145036707062239,"[0.523,0.609]",0.57,"[0.206,0.322]",0.265,0.0036,0.0,99,0.35819999999999996,0.06,0.6517835225290001,11,1.341783522529,0.005,0.0,71,0.3575,0.015,0.7091835225290001,41,1.331683522529,0.36007149924353854,0.3600400823071017,0.23105006619954702,0.25136168750444116,0.3527279769667101,0.38172648045931196,0.23578382765840955,0.2439181064090848
26,56,0.56,90.0,0.375,3967.90705,79.358141,Meziani:1984is,1.121498045,0.049396318,0.0089,0.5689000000000001,0.18500000000000005,0.19390000000000004,1.0,0.0,0.0,3967.90705,79.358141,1.5707963267948966,0.5000000000000001,0.5000000000000001,0.9999999999999998,0.0059479932957619,0.3690520067042381,4.433234524286382,1.0320382971938775,0.20720000000000013,0.22061942000000012,0.3612444200000001,0.6010361220425942,1.376860972529,1.3634415525289998,0.2339279904090757,0.00019502521948149313,20345609.970594257,406912.1994118852,8.494793303330171e-05,8.361898839628925e-05,7619.737415673953,7383.1925001156405,30234409.810801458,604688.1962160292,77.64775596123802,1.5529551192247606,29295821.572715975,585916.4314543195,75.23728157410731,1.5047456314821464,"[0.523,0.609]",0.57,"[0.206,0.322]",0.265,0.0036,0.0,102,0.369,0.06,0.6517835225290001,11,1.341783522529,0.005,0.0,73,0.3675,0.015,0.7091835225290001,43,1.361683522529,0.37079636590550535,0.3700400823071017,0.22385069780877234,0.24792785523308608,0.3527279769667101,0.39771329879470046,0.23578382765840955,0.2384483610342787
26,56,0.56,90.0,0.385,4294.116005,85.88232011,Meziani:1984is,1.015342854,0.047739744,0.0089,0.5689000000000001,0.17500000000000004,0.18390000000000004,1.0,0.0,0.0,4294.116005,85.88232011,1.5707963267948966,0.5000000000000001,0.5000000000000001,0.9999999999999998,0.0059479932957619,0.3790520067042381,4.433234524286382,1.0320382971938775,0.19600000000000012,0.20924142000000012,0.3574664200000001,0.5978849554889303,1.4068264325289999,1.393585012529,0.22640905406735748,0.00020518053265117266,20928476.739557084,418569.53483987926,8.494793303330173e-05,8.361898839628926e-05,8028.085187769485,7778.8636425585455,34473529.094304375,689470.5819663684,88.53462630783292,1.7706925263628353,33403342.86822325,668066.8574422536,85.78618307921272,1.7157236617840306,"[0.523,0.609]",0.57,"[0.206,0.322]",0.265,0.0036,0.0,105,0.37979999999999997,0.06,0.6517835225290001,12,1.401783522529,0.005,0.0,75,0.3775,0.015,0.7091835225290001,45,1.391683522529,0.3815190435416369,0.38004008230710173,0.21629944648355642,0.24449631228128077,0.37576030343222266,0.41370011713008903,0.22039984394389617,0.23300890823684345
26,56,0.56,90.0,0.395,4591.630436,91.83260873,Meziani:1984is,0.988755533,0.047695476,0.0089,0.5689000000000001,0.16500000000000004,0.17390000000000003,1.0,0.0,0.0,4591.630436,91.83260873,1.5707963267948966,0.5000000000000001,0.5000000000000001,0.9999999999999998,0.0059479932957619,0.3890520067042381,4.433234524286382,1.0320382971938775,0.18480000000000008,0.19786342000000012,0.35388842000000015,0.5948852158189848,1.436791892529,1.423728472529,0.21847904597350837,0.00021502717490332748,21353721.63106509,427074.4326678075,8.494793303330177e-05,8.361898839628932e-05,8490.914524194406,8227.32503946926,38987141.55876549,779742.8312602191,100.1264477238035,2.002528954694133,37776836.05809196,755536.7212441125,97.01815135741408,1.9403630273595753,"[0.523,0.609]",0.57,"[0.145,0.206]",0.16,0.0036,0.0,108,0.3906,0.06,0.6517835225290001,12,1.401783522529,0.005,0.0,77,0.3875,0.03,0.8141835225290001,20,1.4291835225290002,0.3922395334917965,0.38903363460051427,0.20837977000569677,0.20442207422883868,0.37576030343222266,0.3777297758754649,0.22039984394389617,0.20905206763467177
26,56,0.56,90.0,0.405,4838.601127,96.77202255,Meziani:1984is,1.000289107,0.049394441,0.0089,0.5689000000000001,0.15500000000000003,0.16390000000000002,1.0,0.0,0.0,4838.601127,96.77202255,1.5707963267948966,0.5000000000000001,0.5000000000000001,0.9999999999999998,0.0059479932957619,0.3990520067042381,4.433234524286382,1.0320382971938775,0.1736000000000001,0.18648542000000007,0.3505104200000001,0.5920392047829266,1.466757352529,1.453871932529,0.21012293479484873,0.00022455479620425196,21547529.63993196,430950.5928431718,8.494793303330171e-05,8.361898839628925e-05,9018.380521066549,8738.416535110777,43636346.15294745,872726.9231491329,112.06649570231363,2.241329914277882,42281712.09498244,845634.2419870329,108.5875359538726,2.1717507193018717,"[0.523,0.609]",0.57,"[0.145,0.206]",0.16,0.0036,0.0,110,0.3978,0.06,0.6517835225290001,13,1.4617835225290001,0.005,0.0,79,0.3975,0.03,0.8141835225290001,21,1.459183522529,0.3993853120718427,0.3990336346005143,0.20288655900982044,0.2003868259560856,0.398395815574374,0.3937165942108533,0.20365770787851636,0.20252510500495027
26,56,0.56,90.0,0.415,5019.216278,100.3843256,Meziani:1984is,0.946362886,0.049609339,0.0089,0.5689000000000001,0.14500000000000007,0.15390000000000006,1.0,0.0,0.0,5019.216278,100.3843256,1.5707963267948966,0.5000000000000001,0.5000000000000001,0.9999999999999998,0.0059479932957619,0.4090520067042381,4.433234524286382,1.0320382971938775,0.16240000000000013,0.17510742000000012,0.3473324200000001,0.5893491494861091,1.496722812529,1.4840153925289998,0.20132559757654273,0.0002337537341481694,21472239.989195086,429444.79995502194,8.494793303330173e-05,8.361898839628926e-05,9623.289263355258,9324.546666069542,48301370.11853534,966027.4027556384,124.04717085688162,2.4809434181262104,46801916.41130687,936038.3285991193,120.19628650813357,2.40392573112056,"[0.523,0.609]",0.57,"[0.145,0.206]",0.16,0.0036,0.0,113,0.40859999999999996,0.06,0.6517835225290001,13,1.4617835225290001,0.005,0.0,81,0.40750000000000003,0.03,0.8141835225290001,22,1.489183522529,0.41010215885241763,0.4090336346005143,0.19431254518317564,0.19641131281125193,0.398395815574374,0.4097034125462419,0.20365770787851636,0.19614723373964033
26,56,0.56,90.0,0.425,5125.469147,102.5093829,Meziani:1984is,1.00478607,0.054043833,0.0089,0.5689000000000001,0.13500000000000006,0.14390000000000006,1.0,0.0,0.0,5125.469147,102.5093829,1.5707963267948966,0.5000000000000001,0.5000000000000001,0.9999999999999998,0.0059479932957619,0.4190520067042381,4.433234524286382,1.0320382971938775,0.1512000000000001,0.16372942000000013,0.3443544200000001,0.5868171947037681,1.5266882725289999,1.514158852529,0.19207188095944927,0.0002426151038031742,21125927.72112872,422518.55425770424,8.494793303330174e-05,8.361898839628928e-05,10322.019229416934,10001.585461976176,52905191.095117204,1058103.8214894636,135.87066501191373,2.7174132991779185,51262817.70644263,1025256.3537287893,131.6527355441629,2.6330547098558186,"[0.523,0.609]",0.57,"[0.145,0.206]",0.16,0.0036,0.0,116,0.4194,0.06,0.6517835225290001,14,1.5217835225290002,0.005,0.0,83,0.4175,0.03,0.8141835225290001,23,1.519183522529,0.42081682151326305,0.41903363460051424,0.18531940322110926,0.19249778992480204,0.42065434262321777,0.4256902308816304,0.18545902616250384,0.18992803435204977
26,56,0.62,60.0,0.025,3.56630366,0.071326073,Meziani:1984is,21.28253992,3.140506549,0.0089,0.6289,0.595,0.6039,1.0,0.0,0.0,3.56630366,0.071326073,1.0471975511965976,0.24999999999999994,0.7500000000000001,0.3333333333333333,0.0036627897758387817,0.02133721022416122,4.433234524286382,1.0289157388137358,0.36889999999999995,0.37979270999999987,0.38041770999999985,0.6167801147897035,0.558369872529,0.5474771625290002,0.5996053075192522,-0.00042016063156123396,-8487.952921120475,-169.7590579464011,0.0004158117346395959,0.00040992729444514137,1488.595640040697,1446.7614634381414,5308.78407933718,106.17568128902448,0.013633974442458346,0.00027267948808456724,5159.5907022064,103.19181375477571,0.01325081727117647,0.00026501634468041726,"[0.609,0.702]",0.649,"[0.322,0.438]",0.38,0.0036,0.0,5,0.019799999999999998,0.018,0.5554825225290001,-1,0.5464825225290001,0.005,0.0,4,0.0225,0.05,0.5941835225290001,-1,0.5691835225290001,0.023831858675727347,0.026142382176221363,0.5996761162285145,0.5995686739906326,0.04543606396606925,0.03667765138717625,0.598820216546279,0.5991515697727265
26,56,0.62,60.0,0.035,111.5854714,2.231709428,Meziani:1984is,2.831909889,0.224043504,0.0089,0.6289,0.585,0.5939,1.0,0.0,0.0,111.5854714,2.231709428,1.0471975511965976,0.24999999999999994,0.7500000000000001,0.3333333333333333,0.0036627897758387817,0.03133721022416122,4.433234524286382,1.0289157388137358,0.3626999999999999,0.37350370999999993,0.3747287099999999,0.6121508882620362,0.5833353325290002,0.5725316225290001,0.5992138905223835,-0.0003881573867382571,-287474.8110236132,-5749.496220472263,0.00041581173463959594,0.0004099272944451415,1492.4817777794171,1450.5383885954927,166539.2827294263,3330.785654588526,0.4277047795625989,0.008554095591251977,161859.00987522444,3237.1801975044887,0.4156849423410619,0.008313698846821238,"[0.609,0.702]",0.649,"[0.322,0.438]",0.38,0.0036,0.0,8,0.0306,0.018,0.5554825225290001,0,0.5644825225290001,0.005,0.0,6,0.0325,0.05,0.5941835225290001,-1,0.5691835225290001,0.03462581050716551,0.036142382176221365,0.5993156723173527,0.5991761190934346,0.054542956020550704,0.03667765138717625,0.5982976707970353,0.5991515697727265
26,56,0.62,60.0,0.045,335.8635527,6.717271055,Meziani:1984is,2.006767315,0.114927624,0.0089,0.6289,0.575,0.5839,1.0,0.0,0.0,335.8635527,6.717271055,1.0471975511965976,0.24999999999999994,0.7500000000000001,0.3333333333333333,0.0036627897758387817,0.04133721022416122,4.433234524286382,1.0289157388137358,0.35649999999999993,0.36721470999999994,0.36923970999999994,0.607650977124204,0.6083007925290002,0.5975860825290001,0.59867943649762,-0.00035608962989090574,-943199.4770611479,-18863.98954403124,0.0004158117346395958,0.00040992729444514137,1497.8008499719535,1455.7079782828553,503056.71470866003,10061.134295671001,1.291946006645887,0.02583892013676438,488919.25327981426,9778.385067051993,1.2556382975883,0.025112765955504535,"[0.523,0.609]",0.57,"[0.322,0.438]",0.38,0.0036,0.0,11,0.0414,0.06,0.6517835225290001,-1,0.621783522529,0.005,0.0,8,0.0425,0.05,0.5941835225290001,0,0.6191835225290001,0.0444952596798629,0.046142382176221367,0.5985321563587653,0.5986582999787899,0.03470363000146104,0.06332234861282382,0.5991083830363604,0.5974781893199941
26,56,0.62,60.0,0.055,679.9913513,13.59982703,Meziani:1984is,1.764728327,0.081471624,0.0089,0.6289,0.565,0.5739,1.0,0.0,0.0,679.9913513,13.59982703,1.0471975511965976,0.24999999999999994,0.7500000000000001,0.3333333333333333,0.0036627897758387817,0.05133721022416122,4.433234524286382,1.0289157388137358,0.3502999999999999,0.36092570999999996,0.36395070999999996,0.6032832750872512,0.6332662525290003,0.6226405425290001,0.5979952267065847,-0.0003239864340104669,-2098826.6171602476,-41976.53235555115,0.00041581173463959594,0.0004099272944451415,1504.6319839735868,1462.3471361302306,1023136.7359913993,20462.734725846512,2.627611125481793,0.05255222252509259,994383.4051668806,19887.668109187,2.5537670640661356,0.05107534129634507,"[0.523,0.609]",0.57,"[0.322,0.438]",0.38,0.0036,0.0,14,0.052199999999999996,0.06,0.6517835225290001,-1,0.621783522529,0.005,0.0,10,0.0525,0.05,0.5941835225290001,0,0.6191835225290001,0.05528494026972197,0.05614238217622136,0.5977294373929724,0.5980158670273186,0.03470363000146104,0.06332234861282382,0.5991083830363604,0.5974781893199941
26,56,0.62,60.0,0.065,1196.756908,23.93513817,Meziani:1984is,1.646115419,0.064841907,0.0089,0.6289,0.5549999999999999,0.5639,1.0,0.0,0.0,1196.756908,23.93513817,1.0471975511965976,0.24999999999999994,0.7500000000000001,0.3333333333333333,0.0036627897758387817,0.06133721022416122,4.433234524286382,1.0289157388137358,0.3440999999999999,0.3546367099999999,0.3588617099999999,0.5990506739834285,0.6582317125290003,0.6476950025290003,0.5971542969652767,-0.00029187873694095826,-4100185.304838023,-82003.70613102126,0.000415811734639596,0.00040992729444514153,1513.06120692044,1470.5394716431188,1810766.451608854,36215.32904730769,4.650395109981282,0.09300790223848396,1759878.2711755726,35197.56543821684,4.5197045147184225,0.09039409033213472,"[0.523,0.609]",0.57,"[0.322,0.438]",0.38,0.0036,0.0,17,0.063,0.06,0.6517835225290001,-1,0.621783522529,0.005,0.0,12,0.0625,0.05,0.5941835225290001,1,0.6691835225290002,0.06607239191467329,0.06614238217622137,0.5967489993892502,0.5972496247894624,0.03470363000146104,0.08996704583847139,0.5991083830363604,0.5949311432378429
26,56,0.62,60.0,0.075,1947.418526,38.94837053,Meziani:1984is,1.458340856,0.042774575,0.0089,0.6289,0.545,0.5539000000000001,1.0,0.0,0.0,1947.418526,38.94837053,1.0471975511965976,0.24999999999999994,0.7500000000000001,0.3333333333333333,0.0036627897758387817,0.07133721022416122,4.433234524286382,1.0289157388137358,0.3379,0.34834771,0.35397270999999997,0.5949560572008659,0.6831971725290001,0.6727494625290001,0.5961494329212818,-0.00025979930589713424,-7495857.309068666,-149917.14621986457,0.0004158117346395958,0.00040992729444514137,1523.1821656271457,1480.375999868816,2966273.1678151037,59325.46337153389,7.617957700850854,0.15235915405613532,2882911.6475903057,57658.232966609874,7.403869348556957,0.14807738700915804,"[0.523,0.609]",0.57,"[0.322,0.438]",0.38,0.0036,0.0,19,0.0702,0.06,0.6517835225290001,0,0.6817835225290001,0.005,0.0,14,0.0725,0.05,0.5941835225290001,1,0.6691835225290002,0.07326278872385217,0.07614238217622135,0.595995440997899,0.5963605294770443,0.06506319616208411,0.08996704583847139,0.5968483296206436,0.5949311432378429
26,56,0.62,60.0,0.085,2961.585836,59.23171672,Meziani:1984is,1.370887161,0.038830548,0.0089,0.6289,0.535,0.5439,1.0,0.0,0.0,2961.585836,59.23171672,1.0471975511965976,0.24999999999999994,0.7500000000000001,0.3333333333333333,0.0036627897758387817,0.08133721022416122,4.433234524286382,1.0289157388137358,0.33169999999999994,0.34205871,0.34928370999999997,0.591002292719749,0.7081626325290002,0.6978039225290001,0.5949731657207821,-0.0002277826831072671,-13001804.156487763,-260036.08312975525,0.00041581173463959594,0.0004099272944451415,1535.0969309704549,1491.9559231743397,4546321.32764917,90926.42655298338,11.675824042199705,0.2335164808439941,4418555.530009429,88371.11060018858,11.347696999621245,0.22695393999242489,"[0.523,0.609]",0.57,"[0.322,0.438]",0.38,0.0036,0.0,22,0.081,0.06,0.6517835225290001,0,0.6817835225290001,0.005,0.0,16,0.0825,0.05,0.5941835225290001,2,0.7191835225290001,0.08404652852838979,0.08614238217622136,0.5947130683076908,0.5953496859972596,0.06506319616208411,0.1166117430641189,0.5968483296206436,0.5915328003547203
26,56,0.62,60.0,0.095,4249.411898,84.98823797,Meziani:1984is,1.233111811,0.034593022,0.0089,0.6289,0.525,0.5339,1.0,0.0,0.0,4249.411898,84.98823797,1.0471975511965976,0.24999999999999994,0.7500000000000001,0.3333333333333333,0.0036627897758387817,0.09133721022416122,4.433234524286382,1.0289157388137358,0.32549999999999996,0.33576971,0.34479471,0.5871922257659752,0.7331280925290002,0.7228583825290001,0.5936177681335163,-0.00019586511129271388,-21695604.030517697,-433912.0806614094,0.00041581173463959594,0.0004099272944451415,1548.9168979307483,1505.3875059939658,6581985.895080173,131639.71791709264,16.903800594080405,0.33807601192138725,6397011.579071305,127940.23159647996,16.428751117724417,0.32857502239314956,"[0.523,0.609]",0.57,"[0.322,0.438]",0.38,0.0036,0.0,25,0.09179999999999999,0.06,0.6517835225290001,1,0.741783522529,0.005,0.0,18,0.0925,0.05,0.5941835225290001,2,0.7191835225290001,0.09482804306698966,0.09614238217622137,0.593245274216947,0.5942183445461692,0.09453071926566958,0.1166117430641189,0.593288274957095,0.5915328003547203
26,56,0.62,60.0,0.105,5773.981386,115.4796277,Meziani:1984is,1.104956801,0.030827948,0.0089,0.6289,0.515,0.5239,1.0,0.0,0.0,5773.981386,115.4796277,1.0471975511965976,0.24999999999999994,0.7500000000000001,0.3333333333333333,0.0036627897758387817,0.10133721022416121,4.433234524286382,1.0289157388137358,0.3193,0.32948070999999995,0.34050570999999996,0.583528671103657,0.7580935525290002,0.7479128425290003,0.5920752512101939,-0.00016408443787691685,-35189085.94080801,-703781.7186942718,0.0004158117346395958,0.00040992729444514137,1564.7637941467033,1520.7890550403679,9034917.020889802,180698.34038650073,23.20339759757627,0.464067951871153,8781007.695835615,175620.1538862965,22.551309813112663,0.4510261961841397,"[0.523,0.609]",0.57,"[0.322,0.438]",0.38,0.0036,0.0,28,0.1026,0.06,0.6517835225290001,1,0.741783522529,0.005,0.0,20,0.10250000000000001,0.05,0.5941835225290001,3,0.7691835225290001,0.10560733371667652,0.10614238217622138,0.5915882190191003,0.5929678967811439,0.09453071926566958,0.14325644028976647,0.593288274957095,0.5873125602116956
26,56,0.62,60.0,0.115,7453.46517,149.0693034,Meziani:1984is,1.051859749,0.029248141,0.0089,0.6289,0.505,0.5139,1.0,0.0,0.0,7453.46517,149.0693034,1.0471975511965976,0.24999999999999994,0.7500000000000001,0.3333333333333333,0.0036627897758387817,0.11133721022416122,4.433234524286382,1.0289157388137358,0.31309999999999993,0.32319170999999997,0.33641670999999995,0.5800144049935312,0.7830590125290002,0.7729673025290003,0.590337361553555,-0.00013247999704444713,-56261060.811311446,-1125221.2162262287,0.000415811734639596,0.00040992729444514153,1582.7708118123148,1538.290019391805,11797127.117935713,235942.54235871424,30.29728224329091,0.6059456448658181,11465591.080895443,229311.82161790883,29.44583419262441,0.5889166838524882,"[0.523,0.609]",0.57,"[0.322,0.438]",0.38,0.0036,0.0,30,0.1098,0.06,0.6517835225290001,2,0.8017835225290001,0.005,0.0,22,0.1125,0.05,0.5941835225290001,3,0.7691835225290001,0.11279229266865087,0.11614238217622136,0.5903762231240165,0.591599871593907,0.12318049522671026,0.14325644028976647,0.5884684259574668,0.5873125602116956
26,56,0.62,60.0,0.125,9172.54848,183.4509696,Meziani:1984is,0.955023571,0.027582302,0.0089,0.6289,0.495,0.5039,1.0,0.0,0.0,9172.54848,183.4509696,1.0471975511965976,0.24999999999999994,0.7500000000000001,0.3333333333333333,0.0036627897758387817,0.12133721022416122,4.433234524286382,1.0289157388137358,0.30689999999999995,0.31690271,0.33252771,0.5766521568502107,0.808024472529,0.798021762529,0.5883955792912893,-0.0001010924690466343,-90734241.29910876,-1814684.8259821753,0.00041581173463959594,0.0004099272944451415,1603.083880067064,1558.0322271241587,14704364.60742165,294087.29214843304,37.76362501358434,0.7552725002716869,14291126.136698715,285822.5227339743,36.70234946267128,0.7340469892534256,"[0.523,0.609]",0.57,"[0.206,0.322]",0.265,0.0036,0.0,33,0.1206,0.06,0.6517835225290001,2,0.8017835225290001,0.005,0.0,24,0.1225,0.015,0.7091835225290001,5,0.7916835225290001,0.12356787989297402,0.12504008230710173,0.5883936738437137,0.5861664521029805,0.12318049522671026,0.09396375042231848,0.5884684259574668,0.5921089207151615
26,56,0.62,60.0,0.135,10805.14019,216.1028037,Meziani:1984is,0.903273797,0.026283787,0.0089,0.6289,0.485,0.4939,1.0,0.0,0.0,10805.14019,216.1028037,1.0471975511965976,0.24999999999999994,0.7500000000000001,0.3333333333333333,0.0036627897758387817,0.13133721022416123,4.433234524286382,1.0289157388137358,0.3006999999999999,0.31061370999999993,0.3288387099999999,0.5734446006372367,0.8329899325290002,0.8230762225290003,0.5862411168463558,-6.996371647337215e-05,-154439196.98165813,-3088783.9382038503,0.000415811734639596,0.00040992729444514153,1625.8630977693117,1580.1712778189324,17567678.70114509,351353.5738603155,45.11716408979221,0.9023432813782913,17073972.181045003,341479.44346288295,43.84923117398222,0.8769846230738262,"[0.523,0.609]",0.57,"[0.206,0.322]",0.265,0.0036,0.0,36,0.1314,0.06,0.6517835225290001,2,0.8017835225290001,0.005,0.0,26,0.1325,0.015,0.7091835225290001,7,0.821683522529,0.13434124689345595,0.13504008230710174,0.5862088169974433,0.5839269597475369,0.12318049522671026,0.10995056875770697,0.5884684259574668,0.5892475638197537
26,56,0.62,60.0,0.145,12233.37411,244.6674821,Meziani:1984is,0.882830845,0.025749233,0.0089,0.6289,0.475,0.4839,1.0,0.0,0.0,12233.37411,244.6674821,1.0471975511965976,0.24999999999999994,0.7500000000000001,0.3333333333333333,0.0036627897758387817,0.1413372102241612,4.433234524286382,1.0289157388137358,0.29449999999999993,0.30432470999999994,0.32534970999999996,0.5703943460449095,0.857955392529,0.848130682529,0.5838649186078514,-3.913659757827779e-05,-312581442.1024162,-6251628.83949317,0.000415811734639596,0.00040992729444514153,1651.284349785703,1604.8781134298833,20200779.212916605,404015.5840932036,51.87947058887269,1.0375894113533723,19633074.36253878,392661.48709028773,50.42149578612327,1.0084299153103018,"[0.523,0.609]",0.57,"[0.206,0.322]",0.265,0.0036,0.0,39,0.1422,0.06,0.6517835225290001,3,0.861783522529,0.005,0.0,28,0.14250000000000002,0.015,0.7091835225290001,9,0.851683522529,0.1451123950419344,0.14504008230710175,0.5838156095768405,0.5815343102110918,0.15107704591224025,0.12593738709309552,0.582398039739506,0.5859718554782029
26,56,0.62,60.0,0.155,13363.46646,267.2693291,Meziani:1984is,0.875521336,0.025666993,0.0089,0.6289,0.46499999999999997,0.4739,1.0,0.0,0.0,13363.46646,267.2693291,1.0471975511965976,0.24999999999999994,0.7500000000000001,0.3333333333333333,0.0036627897758387817,0.15133721022416122,4.433234524286382,1.0289157388137358,0.28829999999999995,0.29803570999999995,0.32206071,0.567503929501814,0.882920852529,0.873185142529,0.581257661613419,-8.654757151998888e-06,-1544060246.3251781,-30881204.914949223,0.0004158117346395959,0.00040992729444514137,1679.5411337811486,1632.3407937345153,22444491.609474752,448889.8320215409,57.641753818655154,1.1528350759417647,21813731.448360972,436274.62880398537,56.02184089934503,1.1204368175676842,"[0.523,0.609]",0.57,"[0.206,0.322]",0.265,0.0036,0.0,42,0.153,0.06,0.6517835225290001,3,0.861783522529,0.005,0.0,30,0.1525,0.015,0.7091835225290001,10,0.866683522529,0.15588132570878344,0.15504008230710173,0.5812073162062139,0.578992469014341,0.15107704591224025,0.1339307962607898,0.582398039739506,0.5841830064133963
26,56,0.62,60.0,0.165,14135.04988,282.7009976,Meziani:1984is,0.898475782,0.026529797,0.0089,0.6289,0.45499999999999996,0.4639,1.0,0.0,0.0,14135.04988,282.7009976,1.0471975511965976,0.24999999999999994,0.7500000000000001,0.3333333333333333,0.0036627897758387817,0.16133721022416123,4.433234524286382,1.0289157388137358,0.2820999999999999,0.29174670999999996,0.31897170999999996,0.5647758050766694,0.9078863125290001,0.898239602529,0.5784097573622182,2.1437604120315183e-05,659357724.896367,13187154.497927338,0.00041581173463959594,0.0004099272944451415,1710.846629085668,1662.7665070593132,24182902.439155776,483658.04878311546,62.106325831409364,1.2421265166281872,23503287.516076766,470065.7503215353,60.360944524974805,1.207218890499496,"[0.523,0.609]",0.57,"[0.206,0.322]",0.265,0.0036,0.0,44,0.1602,0.06,0.6517835225290001,4,0.9217835225290001,0.005,0.0,32,0.1625,0.015,0.7091835225290001,12,0.8966835225290001,0.1630593815618937,0.16504008230710174,0.579345301252658,0.5763055945297478,0.17827682984594106,0.14991761459617833,0.5750586267531375,0.5803129034380705
26,56,0.62,60.0,0.175,14523.57069,290.4714139,Meziani:1984is,0.908867404,0.027197169,0.0089,0.6289,0.445,0.4539,1.0,0.0,0.0,14523.57069,290.4714139,1.0471975511965976,0.24999999999999994,0.7500000000000001,0.3333333333333333,0.0036627897758387817,0.1713372102241612,4.433234524286382,1.0289157388137358,0.2758999999999999,0.28545771,0.31608271,0.5622123353324792,0.9328517725290001,0.923294062529,0.575311354885636,5.109598041517037e-05,284240963.2223821,5684819.266404744,0.00041581173463959604,0.00040992729444514153,1745.43604470825,1696.383852307099,25349963.780194268,506999.275778429,65.10356291219992,1.30207125869226,24637550.796356674,492751.01609677187,63.27394990308881,1.2654789984974402,"[0.523,0.609]",0.57,"[0.206,0.322]",0.265,0.0036,0.0,47,0.17099999999999999,0.06,0.6517835225290001,4,0.9217835225290001,0.005,0.0,34,0.17250000000000001,0.015,0.7091835225290001,14,0.9266835225290001,0.17382461946755967,0.17504008230710175,0.5763615218639068,0.5734780218083174,0.17827682984594106,0.16590443293156687,0.5750586267531375,0.5760666849301704
26,56,0.62,60.0,0.185,14537.04587,290.7409174,Meziani:1984is,0.901145949,0.027103168,0.0089,0.6289,0.435,0.4439,1.0,0.0,0.0,14537.04587,290.7409174,1.0471975511965976,0.24999999999999994,0.7500000000000001,0.3333333333333333,0.0036627897758387817,0.18133721022416122,4.433234524286382,1.0289157388137358,0.26969999999999994,0.27916871,0.31339371,0.5598157821998233,0.9578172325290001,0.948348522529,0.5719523452111088,8.027582975757245e-05,181088702.71289492,3621774.054257898,0.000415811734639596,0.00040992729444514153,1783.5692901667862,1733.4454347283195,25927828.58347791,518556.57166955824,66.58763042020621,1.3317526084041242,25199175.79778767,503983.51595575345,64.71631048911435,1.2943262097822872,"[0.523,0.609]",0.57,"[0.206,0.322]",0.265,0.0036,0.0,50,0.1818,0.06,0.6517835225290001,4,0.9217835225290001,0.005,0.0,36,0.1825,0.015,0.7091835225290001,15,0.9416835225290001,0.1845876435391176,0.18504008230710173,0.5731409080211898,0.5705142460775003,0.17827682984594106,0.17389784209926112,0.5750586267531375,0.5738079746265867
26,56,0.62,60.0,0.195,14210.63688,284.2127376,Meziani:1984is,0.914807697,0.029907175,0.0089,0.6289,0.425,0.4339,1.0,0.0,0.0,14210.63688,284.2127376,1.0471975511965976,0.24999999999999994,0.7500000000000001,0.3333333333333333,0.0036627897758387817,0.19133721022416122,4.433234524286382,1.0289157388137358,0.26349999999999996,0.27287970999999994,0.31090471,0.5575882979403352,0.9827826925290001,0.973402982529,0.568322367362583,0.0001089328588727477,130453171.12810256,2609063.4225620516,0.0004158117346395959,0.00040992729444514137,1825.534020760942,1774.2308256122592,25942001.08112013,518840.0216224026,66.62402810897112,1.3324805621794225,25212950.004078418,504259.00008156843,64.75168528939379,1.295033705787876,"[0.523,0.609]",0.57,"[0.206,0.322]",0.265,0.0036,0.0,53,0.1926,0.06,0.6517835225290001,5,0.981783522529,0.005,0.0,38,0.1925,0.015,0.7091835225290001,17,0.9716835225290001,0.19534845514181853,0.19504008230710174,0.5696737027242426,0.5674189060196847,0.2048295861789483,0.1898846604346497,0.5664052906067983,0.569030822361573
26,56,0.62,60.0,0.205,13600.58175,272.0116351,Meziani:1984is,0.904373079,0.030366348,0.0089,0.6289,0.41500000000000004,0.42390000000000005,1.0,0.0,0.0,13600.58175,272.0116351,1.0471975511965976,0.24999999999999994,0.7500000000000001,0.3333333333333333,0.0036627897758387817,0.2013372102241612,4.433234524286382,1.0289157388137358,0.2573,0.26659071,0.30861571,0.5555319162748438,1.007748152529,0.998457442529,0.56441081604912,0.00013702332106574195,99257423.07380378,1985148.4622058785,0.0004158117346395959,0.00040992729444514137,1871.6491185517389,1819.0499454402484,25455516.844178364,509110.3370707322,65.37464339977967,1.3074928684762688,24740137.490293138,494802.7499877677,63.53741218416178,1.2707482441504026,"[0.523,0.609]",0.57,"[0.206,0.322]",0.265,0.0036,0.0,55,0.1998,0.06,0.6517835225290001,5,0.981783522529,0.005,0.0,40,0.2025,0.015,0.7091835225290001,19,1.001683522529,0.20252110106780918,0.20504008230710175,0.5672199728736262,0.5641967669383688,0.2048295861789483,0.2058714787700381,0.5664052906067983,0.5639233218991244
26,56,0.62,60.0,0.215,12778.25179,255.5650359,Meziani:1984is,0.946921394,0.03232054,0.0089,0.6289,0.405,0.41390000000000005,1.0,0.0,0.0,12778.25179,255.5650359,1.0471975511965976,0.24999999999999994,0.7500000000000001,0.3333333333333333,0.0036627897758387817,0.21133721022416121,4.433234524286382,1.0289157388137358,0.25109999999999993,0.26030170999999996,0.30652671,0.5536485437531647,1.0327136125290002,1.023511902529,0.5602068512008481,0.00016450432384738838,77677300.45718713,1553546.009751629,0.00041581173463959604,0.00040992729444514153,1922.2686820326626,1868.2469414345796,24563233.227044813,491264.6647331231,63.08308814915776,1.2616617634768306,23872929.823548444,477458.59665779356,61.310256777574345,1.2262051360312887,"[0.523,0.609]",0.57,"[0.206,0.322]",0.265,0.0036,0.0,58,0.21059999999999998,0.06,0.6517835225290001,6,1.0417835225290002,0.005,0.0,42,0.2125,0.015,0.7091835225290001,20,1.016683522529,0.213278228252463,0.21504008230710173,0.5633173663487347,0.5608527039157678,0.23077940367102456,0.21386488793773242,0.5563665094212025,0.5612518577059042
26,56,0.62,60.0,0.225,11824.26591,236.4853182,Meziani:1984is,0.981033418,0.034251598,0.0089,0.6289,0.395,0.40390000000000004,1.0,0.0,0.0,11824.26591,236.4853182,1.0471975511965976,0.24999999999999994,0.7500000000000001,0.3333333333333333,0.0036627897758387817,0.22133721022416122,4.433234524286382,1.0289157388137358,0.24489999999999995,0.25401271,0.30463770999999995,0.5519399514439953,1.0576790725290002,1.048566362529,0.5556994095187057,0.00019133414262286413,61799037.78755595,1235980.755751119,0.000415811734639596,0.00040992729444514153,1977.7866117978851,1922.2046443551615,23385874.811136138,467717.49622272275,60.05940620763938,1.2011881241527875,22728658.84829241,454573.1769658482,58.37154972173276,1.1674309944346553,"[0.523,0.609]",0.57,"[0.206,0.322]",0.265,0.0036,0.0,61,0.22139999999999999,0.06,0.6517835225290001,6,1.0417835225290002,0.005,0.0,44,0.2225,0.015,0.7091835225290001,22,1.046683522529,0.22403314660204643,0.22504008230710174,0.5591370518088414,0.5573916850613649,0.23077940367102456,0.22985170627312096,0.5563665094212025,0.5556861811242451
26,56,0.62,60.0,0.235,10822.45286,216.4490573,Meziani:1984is,0.979445245,0.035574191,0.0089,0.6289,0.385,0.39390000000000003,1.0,0.0,0.0,10822.45286,216.4490573,1.0471975511965976,0.24999999999999994,0.7500000000000001,0.3333333333333333,0.0036627897758387817,0.2313372102241612,4.433234524286382,1.0289157388137358,0.23869999999999994,0.24772370999999996,0.30294870999999995,0.5504077670236858,1.0826445325290002,1.073620822529,0.550877218211039,0.00021747253641459305,49764687.709200695,995293.7546438421,0.000415811734639596,0.00040992729444514153,2038.6418970933842,1981.3497064820765,22063105.82971412,441262.11679814657,56.66228207969102,1.1332456421173827,21443063.79757711,428861.2761496772,55.06989536870966,1.1013979078830418,"[0.523,0.609]",0.57,"[0.206,0.322]",0.265,0.0036,0.0,64,0.2322,0.06,0.6517835225290001,7,1.101783522529,0.005,0.0,46,0.2325,0.015,0.7091835225290001,24,1.0766835225290001,0.23478585747665903,0.23504008230710174,0.554665161045827,0.5538187549458843,0.25616558047578153,0.24583852460850952,0.5448424682082077,0.5498407618274069
26,56,0.62,60.0,0.245,9853.833291,197.0766658,Meziani:1984is,0.982358815,0.037041422,0.0089,0.6289,0.375,0.3839,1.0,0.0,0.0,9853.833291,197.0766658,1.0471975511965976,0.24999999999999994,0.7500000000000001,0.3333333333333333,0.0036627897758387817,0.2413372102241612,4.433234524286382,1.0289157388137358,0.23249999999999993,0.24143470999999997,0.30145970999999994,0.5490534673417516,1.1076099925290002,1.098675282529,0.5457288110959153,0.00024288106131945678,40570611.95907508,811412.2390991567,0.000415811734639596,0.00040992729444514153,2105.324729825081,2046.158543801036,20745518.911115963,414910.37818021275,53.2784664817269,1.0655693295264004,20162505.177570734,403250.10351049143,51.781175534503014,1.0356235105849616,"[0.523,0.609]",0.57,"[0.206,0.322]",0.265,0.0036,0.0,67,0.243,0.06,0.6517835225290001,7,1.101783522529,0.005,0.0,48,0.2425,0.015,0.7091835225290001,25,1.091683522529,0.24553636223502195,0.24504008230710173,0.5498864381129982,0.5501390183094315,0.25616558047578153,0.2538319337762037,0.5448424682082077,0.5468196996087741
26,56,0.62,60.0,0.255,8990.756712,179.8151342,Meziani:1984is,1.178988637,0.042932982,0.0089,0.6289,0.365,0.3739,1.0,0.0,0.0,8990.756712,179.8151342,1.0471975511965976,0.24999999999999994,0.7500000000000001,0.3333333333333333,0.0036627897758387817,0.2513372102241612,4.433234524286382,1.0289157388137358,0.22629999999999995,0.23514570999999995,0.30017070999999995,0.5478783715387933,1.1325754525290002,1.123729742529,0.5402425472527482,0.00026752337721460274,33607368.468542345,672147.3692213272,0.0004158117346395959,0.00040992729444514137,2178.3835994934066,2117.164231548176,19585316.968456067,391706.33928198594,50.298845649927976,1.005976912774779,19034908.525198083,380698.17041927506,48.885291333884,0.9777058264601886,"[0.523,0.609]",0.57,"[0.206,0.322]",0.265,0.0036,0.0,69,0.2502,0.06,0.6517835225290001,7,1.101783522529,0.005,0.0,50,0.2525,0.015,0.7091835225290001,27,1.121683522529,0.2527021404574654,0.25504008230710173,0.5465219377705101,0.5463576241262459,0.25616558047578153,0.2698187521115923,0.5448424682082077,0.5405940879398867
26,56,0.62,60.0,0.265,8292.121561,165.8424312,Meziani:1984is,1.13963597,0.043655896,0.0089,0.6289,0.355,0.3639,1.0,0.0,0.0,8292.121561,165.8424312,1.0471975511965976,0.24999999999999994,0.7500000000000001,0.3333333333333333,0.0036627897758387817,0.26133721022416123,4.433234524286382,1.0289157388137358,0.22009999999999993,0.22885670999999996,0.29908170999999995,0.5468836347889741,1.1575409125290002,1.1487842025290003,0.5344066324102769,0.00029136554313789314,28459513.337428607,569190.2666799298,0.00041581173463959604,0.00040992729444514153,2258.4335560568848,2194.964534861419,18727205.584265195,374544.11164013523,48.09505123938159,0.9619010246716301,18200912.74515471,364018.25485919486,46.74343041426469,0.9348686081725519,"[0.523,0.609]",0.57,"[0.206,0.322]",0.265,0.0036,0.0,72,0.261,0.06,0.6517835225290001,8,1.161783522529,0.005,0.0,52,0.2625,0.015,0.7091835225290001,29,1.151683522529,0.263448971370984,0.26504008230710174,0.5411936889668115,0.5424797501017278,0.2810233226914941,0.2858055704469808,0.5317018923741402,0.5341415023902372
26,56,0.62,60.0,0.275,7799.650324,155.9930065,Meziani:1984is,1.116716729,0.044360963,0.0089,0.6289,0.345,0.3539,1.0,0.0,0.0,7799.650324,155.9930065,1.0471975511965976,0.24999999999999994,0.7500000000000001,0.3333333333333333,0.0036627897758387817,0.27133721022416124,4.433234524286382,1.0289157388137358,0.21389999999999992,0.22256770999999995,0.29819270999999997,0.546070242734394,1.1825063725290001,1.1738386625290003,0.5282091432597819,0.0003143762967867393,24809918.571217794,496198.37148797396,0.000415811734639596,0.00040992729444514153,2346.1658697746857,2280.231297151351,18299273.38634587,365985.4677738407,46.99603938236413,0.9399207877677906,17785006.775621478,355700.1355580342,45.675304215432746,0.9135060844257764,"[0.523,0.609]",0.57,"[0.206,0.322]",0.265,0.0036,0.0,75,0.2718,0.06,0.6517835225290001,8,1.161783522529,0.005,0.0,54,0.2725,0.015,0.7091835225290001,30,1.166683522529,0.27419359978468094,0.27504008230710175,0.5355099728954051,0.5385105876702722,0.2810233226914941,0.293798979614675,0.5317018923741402,0.5308367116035264
26,56,0.62,60.0,0.285,7535.336553,150.7067311,Meziani:1984is,1.143943597,0.045651577,0.0089,0.6289,0.335,0.34390000000000004,1.0,0.0,0.0,7535.336553,150.7067311,1.0471975511965976,0.24999999999999994,0.7500000000000001,0.3333333333333333,0.0036627897758387817,0.2813372102241612,4.433234524286382,1.0289157388137358,0.20769999999999997,0.21627870999999999,0.29750371,0.5454390066726068,1.207471832529,1.1988931225289998,0.5216380548823846,0.000336527313707833,22391456.045502577,447829.12102891266,0.00041581173463959594,0.0004099272944451415,2442.359370116096,2373.7214603519983,18403999.837197877,368079.9968416519,47.264996969078396,0.9452999396324657,17886790.086830955,357735.80183156795,45.936703255770446,0.9187340653592558,"[0.523,0.609]",0.57,"[0.206,0.322]",0.265,0.0036,0.0,78,0.2826,0.06,0.6517835225290001,9,1.221783522529,0.005,0.0,56,0.28250000000000003,0.015,0.7091835225290001,32,1.196683522529,0.2849360270521615,0.28504008230710176,0.5294490391994624,0.5344553275550548,0.3053843171613634,0.30978579795006356,0.5167771782730829,0.5240832810122331
26,56,0.62,60.0,0.295,7503.242658,150.0648532,Meziani:1984is,1.159498686,0.046113396,0.0089,0.6289,0.325,0.33390000000000003,1.0,0.0,0.0,7503.242658,150.0648532,1.0471975511965976,0.24999999999999994,0.7500000000000001,0.3333333333333333,0.0036627897758387817,0.2913372102241612,4.433234524286382,1.0289157388137358,0.20149999999999996,0.20998970999999997,0.29701470999999996,0.5449905595512641,1.232437292529,1.223947582529,0.5146812714769965,0.0003577934419914046,20970878.102847546,419417.5621687472,0.00041581173463959594,0.0004099272944451415,2547.893813146524,2476.290056641624,19117465.54685528,382349.3110390213,49.09731357975017,0.9819462718567425,18580205.186574668,371604.1038305449,47.71752605937953,0.954350521441974,"[0.523,0.609]",0.57,"[0.206,0.322]",0.265,0.0036,0.0,80,0.2898,0.06,0.6517835225290001,9,1.221783522529,0.005,0.0,58,0.2925,0.015,0.7091835225290001,34,1.226683522529,0.29209642303929684,0.2950400823071017,0.5251870925787374,0.5303191459433919,0.3053843171613634,0.3257726162854521,0.5167771782730829,0.5171553790817688
26,56,0.62,60.0,0.305,7686.537191,153.7307438,Meziani:1984is,1.087615892,0.044233182,0.0089,0.6289,0.315,0.3239,1.0,0.0,0.0,7686.537191,153.7307438,1.0471975511965976,0.24999999999999994,0.7500000000000001,0.3333333333333333,0.0036627897758387817,0.3013372102241612,4.433234524286382,1.0289157388137358,0.19529999999999995,0.20370070999999995,0.2967257099999999,0.5447253528155266,1.257402752529,1.249002042529,0.5073266605706321,0.00037815290863430135,20326531.980832614,406530.63956376363,0.00041581173463959604,0.00040992729444514153,2663.7657128166456,2588.9055948233154,20475134.219675772,409502.68434024014,52.584066800437206,1.051681335871923,19899719.13859739,397994.3827201697,51.106290648311756,1.022125812833259,"[0.523,0.609]",0.57,"[0.145,0.206]",0.16,0.0036,0.0,83,0.3006,0.06,0.6517835225290001,9,1.221783522529,0.005,0.0,60,0.3025,0.03,0.8141835225290001,14,1.249183522529,0.3028351847340218,0.30403363460051425,0.5184428505541956,0.4873725320861787,0.3053843171613634,0.28180886586313364,0.5167771782730829,0.5006088270233968
26,56,0.62,60.0,0.315,8054.844781,161.0968956,Meziani:1984is,1.057748502,0.042955514,0.0089,0.6289,0.305,0.3139,1.0,0.0,0.0,8054.844781,161.0968956,1.0471975511965976,0.24999999999999994,0.7500000000000001,0.3333333333333333,0.0036627897758387817,0.3113372102241612,4.433234524286382,1.0289157388137358,0.18909999999999993,0.19741170999999996,0.29663670999999997,0.5446436541446159,1.2823682125290001,1.274056502529,0.4995620908849624,0.0003975874941894236,20259301.15689808,405186.0230876583,0.00041581173463959604,0.00040992729444514153,2791.1071822519407,2712.668372115565,22481935.12017366,449638.70234765107,57.73791592663988,1.1547583183894357,21850122.679718826,437002.4535401232,56.11530055241205,1.122306010908908,"[0.523,0.609]",0.57,"[0.145,0.206]",0.16,0.0036,0.0,86,0.3114,0.06,0.6517835225290001,10,1.281783522529,0.005,0.0,62,0.3125,0.03,0.8141835225290001,15,1.279183522529,0.3135717488854013,0.31403363460051426,0.5112515470707008,0.481331243175386,0.32927720513153635,0.2977956841985222,0.4998574411069271,0.4911166517912909
26,56,0.62,60.0,0.325,8565.911226,171.3182245,Meziani:1984is,1.055345983,0.042260536,0.0089,0.6289,0.295,0.3039,1.0,0.0,0.0,8565.911226,171.3182245,1.0471975511965976,0.24999999999999994,0.7500000000000001,0.3333333333333333,0.0036627897758387817,0.32133721022416123,4.433234524286382,1.0289157388137358,0.18289999999999995,0.19112270999999995,0.29674770999999994,0.5447455461038667,1.307333672529,1.299110962529,0.4913754740217912,0.00041608267286379665,20587041.433479793,411740.8286215285,0.000415811734639596,0.00040992729444514153,2931.208474579727,2848.8323815118183,25108471.57814882,502169.43150435225,64.48336467819081,1.289667293413258,24402845.2777844,488056.9054987114,62.671181172265264,1.2534236232989784,"[0.523,0.609]",0.57,"[0.145,0.206]",0.16,0.0036,0.0,89,0.3222,0.06,0.6517835225290001,10,1.281783522529,0.005,0.0,64,0.3225,0.03,0.8141835225290001,16,1.309183522529,0.3243061168419743,0.32403363460051426,0.5035816635446166,0.4752495985794615,0.32927720513153635,0.3137825025339107,0.4998574411069271,0.4814834902147191
26,56,0.62,60.0,0.335,9171.56726,183.4313452,Meziani:1984is,1.075061625,0.042086591,0.0089,0.6289,0.285,0.2939,1.0,0.0,0.0,9171.56726,183.4313452,1.0471975511965976,0.24999999999999994,0.7500000000000001,0.3333333333333333,0.0036627897758387817,0.33133721022416124,4.433234524286382,1.0289157388137358,0.17669999999999997,0.18483370999999998,0.29705871,0.5450309257280728,1.3322991325290001,1.324165422529,0.48275481011515964,0.000433627715849196,21150786.549791533,423015.7309958307,0.0004158117346395959,0.00040992729444514137,3085.545100193931,2998.8316669655937,28299284.420192074,565985.6884038416,72.67798327426623,1.453559665485325,27503986.334992863,550079.7266998573,70.63550544776253,1.4127101089552505,"[0.523,0.609]",0.57,"[0.145,0.206]",0.16,0.0036,0.0,92,0.333,0.06,0.6517835225290001,11,1.341783522529,0.005,0.0,66,0.3325,0.03,0.8141835225290001,16,1.309183522529,0.33503828995090146,0.3340336346005143,0.4953981808172908,0.46913624110938945,0.3527279769667101,0.3137825025339107,0.48067887359411987,0.4814834902147191
26,56,0.62,60.0,0.345,9817.780054,196.3556011,Meziani:1984is,1.017541638,0.03992756,0.0089,0.6289,0.275,0.28390000000000004,1.0,0.0,0.0,9817.780054,196.3556011,1.0471975511965976,0.24999999999999994,0.7500000000000001,0.3333333333333333,0.0036627897758387817,0.3413372102241612,4.433234524286382,1.0289157388137358,0.17049999999999998,0.17854471,0.29756971,0.545499505041022,1.357264592529,1.349219882529,0.47368823757860273,0.0004502157563499022,21806833.535985224,436136.67076412763,0.00041581173463959594,0.0004099272944451415,3255.8106441203645,3164.312218485524,31964832.80144581,639296.6560940323,82.09181367323164,1.6418362736318637,31066521.383275673,621330.4277287996,79.78477787488943,1.5956955576603196,"[0.523,0.609]",0.57,"[0.145,0.206]",0.16,0.0036,0.0,94,0.3402,0.06,0.6517835225290001,11,1.341783522529,0.005,0.0,68,0.3425,0.03,0.8141835225290001,17,1.339183522529,0.3421918533283588,0.3440336346005143,0.4896381169338159,0.46299945477189647,0.3527279769667101,0.3297693208692993,0.48067887359411987,0.47174650710546445
26,56,0.62,60.0,0.355,10453.54385,209.0708771,Meziani:1984is,1.014010191,0.039508133,0.0089,0.6289,0.265,0.27390000000000003,1.0,0.0,0.0,10453.54385,209.0708771,1.0471975511965976,0.24999999999999994,0.7500000000000001,0.3333333333333333,0.0036627897758387817,0.3513372102241612,4.433234524286382,1.0289157388137358,0.16429999999999997,0.17225571,0.29828071,0.5461508125051175,1.382230052529,1.374274342529,0.46416408705229023,0.0004658438154917229,22440018.526307426,448800.37074081274,0.00041581173463959594,0.0004099272944451415,3443.9567350004604,3347.1708178660865,36001552.74683014,720031.0552809985,92.45888374883423,1.8491776758611584,34989796.9180035,699795.938694787,89.86050097302675,1.7972100203201522,"[0.523,0.609]",0.57,"[0.145,0.206]",0.16,0.0036,0.0,97,0.351,0.06,0.6517835225290001,12,1.401783522529,0.005,0.0,70,0.3525,0.03,0.8141835225290001,18,1.369183522529,0.35292037134783527,0.35403363460051424,0.48050977670014566,0.456847155704562,0.37576030343222266,0.3457561392046878,0.4589114901884833,0.4619406094457833
26,56,0.62,60.0,0.365,11032.08501,220.6417003,Meziani:1984is,0.969898255,0.038523996,0.0089,0.6289,0.255,0.2639,1.0,0.0,0.0,11032.08501,220.6417003,1.0471975511965976,0.24999999999999994,0.7500000000000001,0.3333333333333333,0.0036627897758387817,0.3613372102241612,4.433234524286382,1.0289157388137358,0.15809999999999996,0.16596671,0.29919171,0.5469841953841079,1.407195512529,1.399328802529,0.45417093962597543,0.0004805127890332197,22958983.115093134,459179.6625099736,0.000415811734639596,0.00040992729444514153,3652.2420568946936,3549.602673106605,40291844.84875952,805836.8973404146,103.47717569558245,2.069543514849615,39159518.44143531,783190.3691836664,100.56914457823731,2.011382892476352,"[0.523,0.609]",0.57,"[0.145,0.206]",0.16,0.0036,0.0,100,0.3618,0.06,0.6517835225290001,12,1.401783522529,0.005,0.0,72,0.3625,0.03,0.8141835225290001,19,1.399183522529,0.3636466981053772,0.36403363460051424,0.47075348442130355,0.45068688586568867,0.37576030343222266,0.36174295754007624,0.4589114901884833,0.4520983290637498
26,56,0.62,60.0,0.375,11514.74281,230.2948563,Meziani:1984is,0.963981583,0.038385573,0.0089,0.6289,0.245,0.2539,1.0,0.0,0.0,11514.74281,230.2948563,1.0471975511965976,0.24999999999999994,0.7500000000000001,0.3333333333333333,0.0036627897758387817,0.3713372102241612,4.433234524286382,1.0289157388137358,0.15189999999999998,0.15967770999999997,0.30030271,0.5479988229914367,1.432160972529,1.424383262529,0.4436976893794687,0.000494227395531888,23298471.33950926,465969.4269925212,0.0004158117346395959,0.00040992729444514137,3883.292890671943,3774.160258398899,44715118.89198887,894302.3782281067,114.83699074100956,2.296739815817495,43458484.69918646,869169.6943611453,111.609713418718,2.2321942693436365,"[0.523,0.609]",0.57,"[0.145,0.206]",0.16,0.0036,0.0,103,0.3726,0.06,0.6517835225290001,12,1.401783522529,0.005,0.0,74,0.3725,0.03,0.8141835225290001,20,1.4291835225290002,0.3743708349431145,0.37403363460051425,0.46031667922042957,0.44452580928583574,0.37576030343222266,0.3777297758754649,0.4589114901884833,0.442249752543665
26,56,0.62,60.0,0.385,11873.78159,237.4756319,Meziani:1984is,1.010630009,0.040256762,0.0089,0.6289,0.235,0.24389999999999998,1.0,0.0,0.0,11873.78159,237.4756319,1.0471975511965976,0.24999999999999994,0.7500000000000001,0.3333333333333333,0.0036627897758387817,0.3813372102241612,4.433234524286382,1.0289157388137358,0.14569999999999997,0.15338870999999996,0.3016137099999999,0.549193690786775,1.457126432529,1.449437722529,0.4327336102424168,0.0005069960873231241,23419868.292657014,468397.3660503804,0.0004158117346395959,0.00040992729444514137,4140.1784871199425,4023.826569018435,49159575.09967883,983191.5024075944,126.25120564233133,2.5250241139099034,47778037.83656396,955560.7571336618,122.7031533096089,2.4540630672255737,"[0.523,0.609]",0.57,"[0.145,0.206]",0.16,0.0036,0.0,105,0.37979999999999997,0.06,0.6517835225290001,13,1.4617835225290001,0.005,0.0,76,0.3825,0.03,0.8141835225290001,21,1.459183522529,0.3815190435416369,0.38403363460051426,0.4529518643607981,0.4383707106811358,0.398395815574374,0.3937165942108533,0.4341408591100313,0.4324224932933675
26,56,0.62,60.0,0.395,12093.67206,241.8734413,Meziani:1984is,0.983985669,0.079545732,0.0089,0.6289,0.22499999999999998,0.23389999999999997,1.0,0.0,0.0,12093.67206,241.8734413,1.0471975511965976,0.24999999999999994,0.7500000000000001,0.3333333333333333,0.0036627897758387817,0.39133721022416124,4.433234524286382,1.0289157388137358,0.13949999999999996,0.14709970999999997,0.30312470999999996,0.5505676252741346,1.482091892529,1.474492182529,0.42126842712922463,0.000518830926327752,23309466.429840915,466189.3287895593,0.00041581173463959594,0.0004099272944451415,4426.505703070541,4302.107097879538,53532708.344654866,1070654.1673357477,137.48224951309888,2.749644991398789,52028272.408753455,1040565.4486052798,133.6185698467455,2.672371398039773,"[0.523,0.609]",0.57,"[0.145,0.206]",0.16,0.0036,0.0,108,0.3906,0.06,0.6517835225290001,13,1.4617835225290001,0.005,0.0,78,0.3925,0.03,0.8141835225290001,22,1.489183522529,0.3922395334917965,0.39403363460051427,0.4412458800256696,0.4322279962250843,0.398395815574374,0.4097034125462419,0.4341408591100313,0.42264170041864924
26,56,0.62,60.0,0.405,12171.7324,243.434648,Meziani:1984is,0.977675125,0.041571732,0.0089,0.6289,0.21499999999999997,0.22389999999999996,1.0,0.0,0.0,12171.7324,243.434648,1.0471975511965976,0.24999999999999994,0.7500000000000001,0.3333333333333333,0.0036627897758387817,0.40133721022416124,4.433234524286382,1.0289157388137358,0.13329999999999995,0.14081070999999995,0.30483571,0.5521192896467212,1.507057352529,1.499546642529,0.40929239125279626,0.0005297474272965255,22976482.325013515,459529.6465002703,0.00041581173463959604,0.00040992729444514153,4746.5389149426865,4613.146379134114,57773601.49886874,1155472.029977375,148.37367549947422,2.9674735099894844,56149983.248849384,1122999.6649769875,144.20391282043968,2.884078256408793,"[0.523,0.609]",0.57,"[0.100,0.145]",0.12,0.0036,0.0,111,0.4014,0.06,0.6517835225290001,14,1.5217835225290002,0.005,0.0,80,0.4025,0.008,0.8541835225290001,80,1.4981835225290001,0.402957837094462,0.40365022595038574,0.42868444297912617,0.38882474068294753,0.42065434262321777,0.3931837002663404,0.4058426960998318,0.3959582150279651
26,56,0.62,60.0,0.415,12115.94602,242.3189205,Meziani:1984is,0.990430295,0.043083718,0.0089,0.6289,0.20500000000000002,0.2139,1.0,0.0,0.0,12115.94602,242.3189205,1.0471975511965976,0.24999999999999994,0.7500000000000001,0.3333333333333333,0.0036627897758387817,0.4113372102241612,4.433234524286382,1.0289157388137358,0.1271,0.13452171,0.30674671,0.5538471901165519,1.532022812529,1.524601102529,0.39679635946229447,0.0005397643716121009,22446731.67999882,448934.6337852424,0.00041581173463959594,0.0004099272944451415,5105.3534734071045,4961.8771302820205,61856187.09681998,1237123.742446935,158.858537356686,3.177170748444873,60117835.46836946,1202356.709863577,154.39411738403206,3.0878823489549467,"[0.523,0.609]",0.57,"[0.100,0.145]",0.12,0.0036,0.0,114,0.4122,0.06,0.6517835225290001,14,1.5217835225290002,0.005,0.0,82,0.41250000000000003,0.008,0.8541835225290001,83,1.5221835225290001,0.4136739556867255,0.41365022595038575,0.41518550757442796,0.38207920374150994,0.42065434262321777,0.40597315493465125,0.4058426960998318,0.3872515061312354
26,56,0.62,60.0,0.425,11943.49153,238.8698306,Meziani:1984is,1.021476841,0.045715275,0.0089,0.6289,0.195,0.2039,1.0,0.0,0.0,11943.49153,238.8698306,1.0471975511965976,0.24999999999999994,0.7500000000000001,0.3333333333333333,0.0036627897758387817,0.4213372102241612,4.433234524286382,1.0289157388137358,0.12089999999999998,0.12823270999999997,0.30885770999999995,0.5557496828609081,1.556988272529,1.549655562529,0.3837718773853366,0.000548903595188776,21758814.543549232,435176.29087098467,0.000415811734639596,0.00040992729444514153,5509.034205111662,5354.213175379331,65797103.36723141,1315942.0673446285,168.97956524323857,3.3795913048647717,63947999.70995744,1278959.9941991488,164.23071284540714,3.284614256908143,"[0.523,0.609]",0.57,"[0.100,0.145]",0.12,0.0036,0.0,117,0.423,0.06,0.6517835225290001,14,1.5217835225290002,0.005,0.0,84,0.4225,0.008,0.8541835225290001,86,1.5461835225290002,0.42438789060435056,0.4236502259503857,0.400655656659875,0.3754070711342037,0.42065434262321777,0.4187626096029621,0.4058426960998318,0.37865869242532557
26,56,0.62,60.0,0.435,11678.14272,233.5628544,Meziani:1984is,1.121753717,0.050607362,0.0089,0.6289,0.185,0.1939,1.0,0.0,0.0,11678.14272,233.5628544,1.0471975511965976,0.24999999999999994,0.7500000000000001,0.3333333333333333,0.0036627897758387817,0.4313372102241612,4.433234524286382,1.0289157388137358,0.11469999999999997,0.12194370999999997,0.31116870999999996,0.557824981513019,1.581953732529,1.574710022529,0.37021126608411087,0.0005571897543298015,20959004.772165444,419180.0954433089,0.00041581173463959594,0.0004099272944451415,5964.935214679994,5797.301945791135,69659364.75258681,1393187.295051736,178.89859231819239,3.5779718463638472,67701719.51388258,1354034.3902776516,173.87098434751255,3.477419686950251,"[0.523,0.609]",0.57,"[0.100,0.145]",0.12,0.0036,0.0,119,0.43019999999999997,0.06,0.6517835225290001,15,1.581783522529,0.005,0.0,86,0.4325,0.008,0.8541835225290001,90,1.5781835225290002,0.43152930138920453,0.4336502259503857,0.3903442383427805,0.3688127674567814,0.44255411536564193,0.43581521582737653,0.3733470345913422,0.36739574816541154
26,56,0.62,60.0,0.445,11345.42704,226.9085408,Meziani:1984is,1.022438376,0.050416789,0.0089,0.6289,0.175,0.18389999999999998,1.0,0.0,0.0,11345.42704,226.9085408,1.0471975511965976,0.24999999999999994,0.7500000000000001,0.3333333333333333,0.0036627897758387817,0.4413372102241612,4.433234524286382,1.0289157388137358,0.10849999999999997,0.11565470999999997,0.31367970999999994,0.5600711651210049,1.606919192529,1.599764482529,0.3561077118581399,0.000564650073617316,20092846.118513413,401856.9223702682,0.0004158117346395959,0.00040992729444514137,6482.024310929061,6299.859226959011,73541333.89115195,1470826.6778230388,188.86823267851707,3.777364653570341,71474593.22173426,1429491.864434685,183.5604467439367,3.671208934878734,"[0.523,0.609]",0.57,"[0.100,0.145]",0.12,0.0036,0.0,122,0.441,0.06,0.6517835225290001,15,1.581783522529,0.005,0.0,88,0.4425,0.008,0.8541835225290001,93,1.6021835225290002,0.44223959981373895,0.4436502259503857,0.3738511504825286,0.36230022748878465,0.44255411536564193,0.44860467049568736,0.3733470345913422,0.3591050023222196
26,56,0.62,60.0,0.455,10967.56192,219.3512384,Meziani:1984is,1.094135605,0.056347984,0.0089,0.6289,0.16499999999999998,0.17389999999999997,1.0,0.0,0.0,10967.56192,219.3512384,1.0471975511965976,0.24999999999999994,0.7500000000000001,0.3333333333333333,0.0036627897758387817,0.45133721022416123,4.433234524286382,1.0289157388137358,0.10229999999999996,0.10936570999999996,0.31639070999999996,0.5624861864970552,1.631884652529,1.624818942529,0.34145535874434907,0.0005713140800207631,19197079.686188392,383941.59372376784,0.000415811734639596,0.00040992729444514153,7071.346111554814,6872.619248401776,77555426.33622865,1551108.526724573,199.1771909989078,3.983543819978156,75375877.15943034,1507517.5431886066,193.57969120828542,3.871593824165708,"[0.523,0.609]",0.57,"[0.100,0.145]",0.12,0.0036,0.0,125,0.4518,0.06,0.6517835225290001,16,1.641783522529,0.005,0.0,90,0.4525,0.008,0.8541835225290001,96,1.6261835225290002,0.4529477181189847,0.45365022595038573,0.3560056693952242,0.35587292214542676,0.46411194092349695,0.4613941251639982,0.33578678503741227,0.3509561829328309
26,56,0.62,60.0,0.465,10567.19826,211.3439652,Meziani:1984is,1.145052804,0.064350075,0.0089,0.6289,0.15499999999999997,0.16389999999999996,1.0,0.0,0.0,10567.19826,211.3439652,1.0471975511965976,0.24999999999999994,0.7500000000000001,0.3333333333333333,0.0036627897758387817,0.46133721022416124,4.433234524286382,1.0289157388137358,0.09609999999999995,0.10307670999999995,0.31930170999999996,0.565067880878041,1.6568501125290003,1.6498734025290003,0.32624940317843776,0.0005772133274194708,18307266.58243051,366145.3316486103,0.00041581173463959604,0.00040992729444514153,7746.654503237923,7528.949369721223,81860433.98743694,1637208.6797487389,210.2332752950485,4.20466550590097,79559900.6793462,1591198.0135869242,204.32506508009294,4.086501301601859,"[0.523,0.609]",0.57,"[0.100,0.145]",0.12,0.0036,0.0,128,0.4626,0.06,0.6517835225290001,16,1.641783522529,0.005,0.0,92,0.4625,0.008,0.8541835225290001,99,1.6501835225290002,0.4636536576357173,0.46365022595038574,0.33665167922546035,0.349533884509301,0.46411194092349695,0.474183579832309,0.33578678503741227,0.34295508600705
26,56,0.9,85.0,0.3253,98.24899196,1.964979839,Chen:1990kq,0.848863671,0.019440403,0.0089,0.9089,0.5747,0.5836,1.0,0.0,0.0,98.24899196,1.964979839,1.4835298641951802,0.45642212862617093,0.5435778713738292,0.8396628204761494,0.013954906574055737,0.31134509342594424,4.433234524286382,1.0198755679012346,0.9443008703572575,0.9684073345303181,1.074227424530318,1.036449431728494,0.5464957659717427,0.522389301798682,0.3493047816446498,-7.258894113000556e-05,-1353498.0732676308,-27069.961462597374,4.2908392039491504e-05,4.2488230647532564e-05,10216.115862792502,10017.02186455538,1003723.0852659289,20074.461703275356,2.577753151627463,0.051555063027301874,984162.3006338457,19683.24601067351,2.5275173097166443,0.05055034618918775,"[0.878,1.302]",0.991,"[0.650,1.050]",0.8,0.002,0.0,155,0.311,0.12,-0.005397477470999945,4,0.5346025225290001,0.005,0.0,62,0.3125,0.1,0.17418352252900005,3,0.5241835225290001,0.3194353931655698,0.3201681730025713,0.3479422914769047,0.34548217770410183,0.29326405690450097,0.2365128805795329,0.352050179223911,0.3575580065807006
26,56,0.9,85.0,0.3593,230.5444891,4.610889782,Chen:1990kq,0.897874422,0.014487442,0.0089,0.9089,0.5407,0.5496,1.0,0.0,0.0,230.5444891,4.610889782,1.4835298641951802,0.45642212862617093,0.5435778713738292,0.8396628204761494,0.013954906574055737,0.34534509342594427,4.433234524286382,1.0198755679012346,0.8884348018134142,0.9119888126419855,1.0410853026419855,1.020335877366853,0.666164398515586,0.6426103876870146,0.34281297800534155,-4.773414185071862e-05,-4829760.841223319,-96595.21682446639,4.29083920394915e-05,4.248823064753256e-05,10618.320063084959,10411.387817570745,2447995.1740442016,48959.90348088403,6.286920533853604,0.1257384106770721,2400288.085223811,48005.76170447623,6.164399591208202,0.12328799182416406,"[0.878,1.302]",0.991,"[0.650,1.050]",0.8,0.002,0.0,172,0.34500000000000003,0.12,-0.005397477470999945,5,0.654602522529,0.005,0.0,69,0.34750000000000003,0.1,0.17418352252900005,4,0.624183522529,0.35321758168662143,0.3551681730025713,0.3420309215481582,0.3396597667456481,0.341056325282978,0.2898022750308279,0.3442398293023801,0.3501861468607433
26,56,0.9,85.0,0.3903,393.5121788,7.870243575,Chen:1990kq,0.925003137,0.011892897,0.0089,0.9089,0.5097,0.5186000000000001,1.0,0.0,0.0,393.5121788,7.870243575,1.4835298641951802,0.45642212862617093,0.5435778713738292,0.8396628204761494,0.013954906574055737,0.37634509342594424,4.433234524286382,1.0198755679012346,0.8374980922587336,0.8605483956261532,1.0128824856261531,1.0064206305646526,0.7752740340702664,0.7522237307028469,0.3359538290801544,-2.5460455904486838e-05,-15455818.241284998,-309116.36478642334,4.290839203949151e-05,4.248823064753258e-05,11062.469032126108,10846.881110105585,4353216.291739472,87064.32582372696,11.17989331965438,0.22359786636467702,4268379.818822212,85367.59636559735,10.962017006310957,0.21924034009836227,"[0.878,1.302]",0.991,"[0.650,1.050]",0.8,0.002,0.0,188,0.377,0.12,-0.005397477470999945,6,0.7746025225290001,0.005,0.0,75,0.3775,0.1,0.17418352252900005,5,0.7241835225290001,0.3849927436399483,0.3851681730025713,0.33581536576694376,0.3343648398562007,0.38712638227275475,0.34309166948212305,0.33537441629442816,0.3417142871304277
26,56,0.9,85.0,0.4203,552.7297857,11.05459571,Chen:1990kq,0.984206052,0.01251968,0.0089,0.9089,0.4797,0.48860000000000003,1.0,0.0,0.0,552.7297857,11.05459571,1.4835298641951802,0.45642212862617093,0.5435778713738292,0.8396628204761494,0.013954906574055737,0.40634509342594427,4.433234524286382,1.0198755679012346,0.7882045023671072,0.8107673469011539,0.987419436901154,0.9936898091965892,0.8808640039618929,0.8583011594278461,0.3283833417046685,-4.333033292109507e-06,-127561859.88843565,-2551237.196845572,4.29083920394915e-05,4.248823064753256e-05,11577.023392274195,11351.407717412172,6398965.6586556025,127979.31312680396,16.43376956841156,0.3286753912493031,6274261.155038556,125485.22305536548,16.113504515291044,0.3222700901892105,"[0.878,1.302]",0.991,"[0.650,1.050]",0.8,0.002,0.0,203,0.40700000000000003,0.12,-0.005397477470999945,7,0.894602522529,0.005,0.0,81,0.40750000000000003,0.1,0.17418352252900005,6,0.8241835225290001,0.4147645177951702,0.4151681730025713,0.32938489400078724,0.3288234072594304,0.43164799134548637,0.39638106393341815,0.3254653164264248,0.3323207642561191
26,56,0.9,85.0,0.4483,665.8443288,13.31688658,Chen:1990kq,1.019757878,0.012976006,0.0089,0.9089,0.45170000000000005,0.46060000000000006,1.0,0.0,0.0,665.8443288,13.31688658,1.4835298641951802,0.45642212862617093,0.5435778713738292,0.8396628204761494,0.013954906574055737,0.43434509342594424,4.433234524286382,1.0198755679012346,0.7421971518015892,0.7643050347578214,0.9652779247578214,0.9824855850127376,0.979414642527411,0.9573067595711787,0.3204202006070958,1.494088678755016e-05,44565248.25252208,891304.9653181634,4.29083920394915e-05,4.248823064753256e-05,12147.758337434554,11911.020049664481,8088515.996613714,161770.31998086532,20.772858478926036,0.41545716970331176,7930885.150292189,158617.70305348787,20.368032270518803,0.4073606455327352,"[0.878,1.302]",0.991,"[0.650,1.050]",0.8,0.002,0.0,217,0.435,0.12,-0.005397477470999945,8,1.014602522529,0.005,0.0,86,0.4325,0.1,0.17418352252900005,7,0.924183522529,0.4425363055238378,0.4401681730025713,0.32282908216260203,0.32404058761875376,0.47476752402222344,0.4496704583847132,0.31450744562727967,0.32218751526672196
26,56,0.9,85.0,0.4753,727.8545355,14.55709071,Chen:1990kq,1.079886106,0.013642836,0.0089,0.9089,0.4247,0.43360000000000004,1.0,0.0,0.0,727.8545355,14.55709071,1.4835298641951802,0.45642212862617093,0.5435778713738292,0.8396628204761494,0.013954906574055737,0.46134509342594426,4.433234524286382,1.0198755679012346,0.6978329208991253,0.719502090905322,0.945412180905322,0.972323084630475,1.0744456154298745,1.0527764454236779,0.31185657870058675,3.306088086239756e-05,22015582.05691487,440311.64113829745,4.2908392039491504e-05,4.2488230647532564e-05,12797.882674880118,12548.474615600826,9314996.949708367,186299.93899416734,23.92269650562955,0.47845393011259096,9133464.16257168,182669.2832514336,23.456485534661063,0.4691297106932213,"[0.878,1.302]",0.991,"[0.650,1.050]",0.8,0.002,0.0,230,0.461,0.12,-0.005397477470999945,8,1.014602522529,0.005,0.0,92,0.4625,0.1,0.17418352252900005,8,1.0241835225290001,0.4683112727645238,0.4701681730025713,0.31623787531969255,0.3181307823075487,0.47476752402222344,0.5029598528360083,0.31450744562727967,0.3114928569743694
26,56,0.9,85.0,0.5003,761.7326623,15.23465325,Chen:1990kq,1.164450527,0.014834601,0.0089,0.9089,0.39970000000000006,0.4086000000000001,1.0,0.0,0.0,761.7326623,15.23465325,1.4835298641951802,0.45642212862617093,0.5435778713738292,0.8396628204761494,0.013954906574055737,0.48634509342594423,4.433234524286382,1.0198755679012346,0.65675492932277,0.6780178836344894,0.9283179736344894,0.9634925913749879,1.1624372570062298,1.1411743026945105,0.3030970812854619,4.938221786433903e-05,15425242.025228662,308504.84058557404,4.29083920394915e-05,4.248823064753256e-05,13505.103669122811,13241.913125651672,10287278.572518418,205745.57150438873,26.41970195888566,0.5283940393164479,10086797.739147963,201735.95483592688,25.904828775586633,0.5180965756477637,"[0.878,1.302]",0.991,"[0.650,1.050]",0.8,0.002,0.0,243,0.487,0.12,-0.005397477470999945,9,1.134602522529,0.005,0.0,97,0.4875,0.1,0.17418352252900005,9,1.124183522529,0.4940736236474521,0.49516817300257127,0.3091363862660131,0.3130849651979728,0.5166096490576481,0.5562492472873034,0.3024812279115539,0.30040561419392675
26,56,0.9,85.0,0.5233,799.7134391,15.99426878,Chen:1990kq,1.262952391,0.019256898,0.0089,0.9089,0.37670000000000003,0.38560000000000005,1.0,0.0,0.0,799.7134391,15.99426878,1.4835298641951802,0.45642212862617093,0.5435778713738292,0.8396628204761494,0.013954906574055737,0.5093450934259443,4.433234524286382,1.0198755679012346,0.618963177072523,0.6398524129453234,0.9136953029453234,0.9558741041294734,1.243389567256477,1.2225003313836766,0.29428725849557863,6.397146384645541e-05,12501096.44230552,250021.92881484647,4.29083920394915e-05,4.248823064753256e-05,14263.285252356602,13985.319093101236,11406540.90202641,228130.81801200163,29.294182021902955,0.5858836403647975,11184247.628854882,223684.95254912702,28.72329031490224,0.5744658062262109,"[0.878,1.302]",0.991,"[0.438,0.650]",0.5,0.002,0.0,254,0.509,0.12,-0.005397477470999945,10,1.254602522529,0.005,0.0,101,0.5075000000000001,0.1,0.4741835225290001,7,1.224183522529,0.5158626954525332,0.5122926081266072,0.30270866432397564,0.2808371423050813,0.5572815869439202,0.4496704583847132,0.28935371894991224,0.2977558064667909
26,56,0.9,85.0,0.5453,860.7583656,17.21516731,Chen:1990kq,1.266325189,0.022422088,0.0089,0.9089,0.3547,0.36360000000000003,1.0,0.0,0.0,860.7583656,17.21516731,1.4835298641951802,0.45642212862617093,0.5435778713738292,0.8396628204761494,0.013954906574055737,0.5313450934259443,4.433234524286382,1.0198755679012346,0.5828145444853302,0.6033463105469905,0.9006984005469905,0.9490513160767391,1.3208222118436699,1.3002904457820095,0.28514713520619783,7.751215090704924e-05,11104818.477198515,222096.36951816786,4.2908392039491504e-05,4.2488230647532564e-05,15104.2588935381,14809.90364797209,13001117.19880112,260022.34394581386,33.389359401859735,0.6677871879596133,12747748.458721936,254954.96914481887,32.73865994316395,0.6547731987872096,"[0.878,1.302]",0.991,"[0.438,0.650]",0.5,0.002,0.0,265,0.531,0.12,-0.005397477470999945,10,1.254602522529,0.005,0.0,106,0.5325,0.1,0.4741835225290001,8,1.3241835225290002,0.5376427586838517,0.5372926081266071,0.295877794548616,0.2740542683911378,0.5572815869439202,0.5029598528360083,0.28935371894991224,0.28336968500665427
26,56,0.9,85.0,0.5663,945.5816719,18.91163344,Chen:1990kq,1.300786634,0.023900632,0.0089,0.9089,0.3337,0.3426,1.0,0.0,0.0,945.5816719,18.91163344,1.4835298641951802,0.45642212862617093,0.5435778713738292,0.8396628204761494,0.013954906574055737,0.5523450934259443,4.433234524286382,1.0198755679012346,0.5483090315611916,0.568499576439491,0.8891952664394911,0.942971508816407,1.3947351907678085,1.3745446458895092,0.2757366952571937,9.0032905636042e-05,10502623.071197031,210052.46144615475,4.290839203949152e-05,4.2488230647532585e-05,16033.690920391666,15721.222691300298,15161164.2672318,303223.28537670337,38.93677404245817,0.7787354809315185,14865700.036751952,297314.0007664815,38.177965300791314,0.7635593060965766,"[0.878,1.302]",0.991,"[0.438,0.650]",0.5,0.002,0.0,276,0.553,0.12,-0.005397477470999945,11,1.374602522529,0.005,0.0,110,0.5525,0.1,0.4741835225290001,9,1.4241835225290003,0.5594138245058105,0.5572926081266071,0.2886238567405459,0.26864107581946434,0.5968763486071639,0.5562492472873035,0.2750790888789973,0.2689229831252166
26,56,0.9,85.0,0.5863,1042.566475,20.8513295,Chen:1990kq,1.237331174,0.025513961,0.0089,0.9089,0.3137,0.3226,1.0,0.0,0.0,1042.566475,20.8513295,1.4835298641951802,0.45642212862617093,0.5435778713738292,0.8396628204761494,0.013954906574055737,0.5723450934259443,4.433234524286382,1.0198755679012346,0.5154466383001073,0.535312210622825,0.879059900622825,0.937581943417654,1.4651285040288928,1.4452629317061751,0.26612058399689986,0.0001015680715682972,10264706.801083148,205294.1360216629,4.290839203949152e-05,4.2488230647532585e-05,17057.133767670643,16724.72045072313,17783195.82576385,355663.916515277,45.670653349300984,0.9134130669860195,17436632.845670827,348732.65691341646,44.78061323038162,0.8956122646076321,"[0.878,1.302]",0.991,"[0.438,0.650]",0.5,0.002,0.0,286,0.5730000000000001,0.12,-0.005397477470999945,12,1.494602522529,0.005,0.0,114,0.5725,0.1,0.4741835225290001,9,1.4241835225290003,0.579197904232089,0.5772926081266071,0.28164397095447125,0.2632512480503104,0.6354752398811444,0.5562492472873035,0.25959858476880776,0.2689229831252166
26,56,0.9,85.0,0.6043,1131.530798,22.63061596,Chen:1990kq,1.263774705,0.030489669,0.0089,0.9089,0.2957000000000001,0.3046000000000001,1.0,0.0,0.0,1131.530798,22.63061596,1.4835298641951802,0.45642212862617093,0.5435778713738292,0.8396628204761494,0.013954906574055737,0.5903450934259442,4.433234524286382,1.0198755679012346,0.48587048436513164,0.5054435813878255,0.8706220713878254,0.9330713109874429,1.5284824859638684,1.5089093889411744,0.25689615417559825,0.00011160860768131822,10138382.885582784,202767.6577116557,4.29083920394915e-05,4.248823064753256e-05,18116.59288067514,17763.532582662636,20499482.79931146,409989.6559862292,52.64659861704568,1.0529319723409136,20099984.198559254,401999.68397118506,51.62060968416494,1.0324121936832988,"[0.878,1.302]",0.991,"[0.438,0.650]",0.5,0.002,0.0,295,0.591,0.12,-0.005397477470999945,12,1.494602522529,0.005,0.0,118,0.5925,0.1,0.4741835225290001,10,1.5241835225290001,0.596997233090093,0.5972926081266071,0.27503309971897755,0.2578946118955863,0.6354752398811444,0.6095386417385985,0.25959858476880776,0.2546349897602657
26,56,0.9,85.0,0.6333,1251.523987,25.03047973,Chen:1990kq,1.350353663,0.026847268,0.0089,0.9089,0.26670000000000005,0.27560000000000007,1.0,0.0,0.0,1251.523987,25.03047973,1.4835298641951802,0.45642212862617093,0.5435778713738292,0.8396628204761494,0.013954906574055737,0.6193450934259442,4.433234524286382,1.0198755679012346,0.4382200141365593,0.4573219009536595,0.8583907909536594,0.9264938159284494,1.6305527901924406,1.6114509033753404,0.2408428332250444,0.0001270711933794242,9848998.452883428,196979.96897897252,4.290839203949151e-05,4.248823064753258e-05,20168.090194821943,19775.049848801784,25240848.650799166,504816.9728143024,64.82333435831154,1.2964666866482755,24748949.229896158,494978.9844001726,63.56004241939941,1.2712008478801269,"[0.878,1.302]",0.991,"[0.438,0.650]",0.5,0.002,0.0,309,0.619,0.12,-0.005397477470999945,13,1.614602522529,0.005,0.0,123,0.6175,0.1,0.4741835225290001,11,1.6241835225290002,0.6246731488143737,0.6222926081266071,0.26409571913966556,0.25125900010017144,0.6731498254958411,0.6628280361898936,0.24284003737402868,0.24067858619971885
26,56,0.9,85.0,0.6633,1325.330254,26.50660508,Chen:1990kq,1.524148411,0.031162044,0.0089,0.9089,0.23670000000000002,0.2456,1.0,0.0,0.0,1325.330254,26.50660508,1.4835298641951802,0.45642212862617093,0.5435778713738292,0.8396628204761494,0.013954906574055737,0.6493450934259443,4.433234524286382,1.0198755679012346,0.38892642424493284,0.4075408522286602,0.8475077422286602,0.9206018369678937,1.736142760084067,1.7175283321003398,0.22260475454314668,0.00014209475643633344,9327087.69302,186541.7538604,4.290839203949149e-05,4.248823064753256e-05,22881.496984884274,22435.577147878234,30325540.21087691,606510.8042175382,77.88179628515995,1.557635925703199,29734549.160034053,594690.983200681,76.36401805901686,1.5272803611803372,"[0.878,1.302]",0.991,"[0.322,0.438]",0.38,0.002,0.0,324,0.649,0.12,-0.005397477470999945,14,1.734602522529,0.005,0.0,129,0.6475,0.05,0.5941835225290001,22,1.7191835225290002,0.6543098230926105,0.6511423821762213,0.2514348673470948,0.21963350363046502,0.709963488653555,0.6495056875770698,0.2247169365792901,0.22008825522404193
26,56,0.9,85.0,0.6933,1352.390444,27.04780888,Chen:1990kq,1.804212689,0.040594786,0.0089,0.9089,0.2067,0.21559999999999999,1.0,0.0,0.0,1352.390444,27.04780888,1.4835298641951802,0.45642212862617093,0.5435778713738292,0.8396628204761494,0.013954906574055737,0.6793450934259443,4.433234524286382,1.0198755679012346,0.3396328343533063,0.357759803503661,0.838424693503661,0.915655335540432,1.8417327299756936,1.8236057608253389,0.20261091952547725,0.00015608511831790867,8664441.93126406,173288.8386252812,4.29083920394915e-05,4.248823064753256e-05,26449.217650705275,25933.76925886574,35769669.20208994,715393.3840417989,91.86336238737601,1.8372672477475205,35072581.72259099,701451.6344518198,90.07310820909099,1.8014621641818198,"[0.878,1.302]",0.991,"[0.322,0.438]",0.38,0.002,0.0,339,0.679,0.12,-0.005397477470999945,15,1.854602522529,0.005,0.0,135,0.6775,0.05,0.5941835225290001,24,1.8191835225290003,0.6839298772702875,0.6811423821762214,0.23772032034862087,0.21143117343601478,0.745972683541745,0.7027950820283649,0.2051270679300975,0.2056724659418581
26,56,0.961,37.5,0.077,4016.80509,80.3361018,Sealock:1989nx,1.147678291,0.094353595,0.0089,0.9699,0.884,0.8929,1.0,0.0,0.0,4016.80509,80.3361018,0.6544984694978736,0.10332332985438242,0.8966766701456176,0.11522919386048376,0.0036446585960814293,0.07335534140391857,4.433234524286382,1.018608142099638,0.35110259388485743,0.35792181380018406,0.3638508138001841,0.6032004756299385,0.6737476706441426,0.666928450728816,0.8101915964104196,-0.000575197829471057,-6983345.353882492,-139666.90707764984,0.0012114100755957627,0.0012002939299386823,704.0022742744418,691.141416583707,2827839.9186771535,56556.798373543075,7.262434599416123,0.14524869198832246,2776180.360043245,55523.60720086489,7.129762957172326,0.14259525914344648,"[0.523,0.609]",0.57,"[0.322,0.438]",0.38,0.0036,0.0,20,0.0738,0.06,0.6517835225290001,0,0.6817835225290001,0.005,0.0,14,0.0725,0.05,0.5941835225290001,1,0.6691835225290002,0.07685761599552876,0.07614238217622135,0.8098962823908971,0.8103895225180239,0.06506319616208411,0.08996704583847139,0.810700770992266,0.8094759236914715
26,56,0.961,37.5,0.087,5959.853599,119.197072,Sealock:1989nx,1.255064386,0.086747097,0.0089,0.9699,0.874,0.8829,1.0,0.0,0.0,5959.853599,119.197072,0.6544984694978736,0.10332332985438242,0.8966766701456176,0.11522919386048376,0.0036446585960814293,0.08335534140391856,4.433234524286382,1.018608142099638,0.347130845085255,0.3539132818951535,0.36148228189515347,0.6012339660191808,0.696484879443745,0.6897024426338466,0.8094628749153993,-0.0005118557149604836,-11643620.310970083,-232872.40625847518,0.0012114100755957623,0.001200293929938682,710.0569855815153,697.0855191849223,4231835.681013085,84636.71363446284,10.868164660186999,0.21736329324021122,4154527.640325043,83090.55282044256,10.669622802920713,0.21339245609421922,"[0.523,0.609]",0.57,"[0.322,0.438]",0.38,0.0036,0.0,23,0.0846,0.06,0.6517835225290001,0,0.6817835225290001,0.005,0.0,16,0.0825,0.05,0.5941835225290001,1,0.6691835225290002,0.08764061389165789,0.08614238217622136,0.8090362793309736,0.8097436778846111,0.06506319616208411,0.08996704583847139,0.810700770992266,0.8094759236914715
26,56,0.961,37.5,0.097,8397.655581,167.9531116,Sealock:1989nx,1.309889396,0.07394921,0.0089,0.9699,0.864,0.8729,1.0,0.0,0.0,8397.655581,167.9531116,0.6544984694978736,0.10332332985438242,0.8966766701456176,0.11522919386048376,0.0036446585960814293,0.09335534140391857,4.433234524286382,1.018608142099638,0.34315909628565255,0.34990474999012283,0.35931374999012283,0.5994278521975125,0.7192220882433475,0.7124764345388772,0.8086326685949816,-0.00044875815732382514,-18713098.456147347,-374261.9690783795,0.0012114100755957623,0.001200293929938682,716.9935388144463,703.8953540431366,6021064.792766076,120421.29584098163,15.463247755822797,0.30926495507962837,5911070.748320318,118221.41495232844,15.180761979723323,0.3036152395583117,"[0.523,0.609]",0.57,"[0.322,0.438]",0.38,0.0036,0.0,25,0.09179999999999999,0.06,0.6517835225290001,1,0.741783522529,0.005,0.0,18,0.0925,0.05,0.5941835225290001,2,0.7191835225290001,0.09482804306698966,0.09614238217622137,0.8083953997679018,0.8090194656940851,0.09453071926566958,0.1166117430641189,0.8084230005984653,0.8072944932705026
26,56,0.961,37.5,0.107,11275.86934,225.5173867,Sealock:1989nx,1.223852422,0.061103936,0.0089,0.9699,0.854,0.8629,1.0,0.0,0.0,11275.86934,225.5173867,0.6544984694978736,0.10332332985438242,0.8966766701456176,0.11522919386048376,0.0036446585960814293,0.10335534140391857,4.433234524286382,1.018608142099638,0.33918734748605006,0.3458962180850922,0.3573452180850922,0.5977835880024578,0.74195929704295,0.7352504264439079,0.8076980404417199,-0.00038599599198258964,-29212400.06167887,-584248.0009745074,0.0012114100755957625,0.0012002939299386821,724.8519532920786,711.6102093960832,8173335.916165261,163466.71825082003,20.990692280055416,0.4198138454149525,8024023.742160274,160480.47477204446,20.60723001564438,0.4121446001301325,"[0.523,0.609]",0.57,"[0.322,0.438]",0.38,0.0036,0.0,28,0.1026,0.06,0.6517835225290001,1,0.741783522529,0.005,0.0,20,0.10250000000000001,0.05,0.5941835225290001,2,0.7191835225290001,0.10560733371667652,0.10614238217622138,0.8073301732551984,0.808217308994758,0.09453071926566958,0.1166117430641189,0.8084230005984653,0.8072944932705026
26,56,0.961,37.5,0.117,14469.85762,289.3971523,Sealock:1989nx,1.119568722,0.051831885,0.0089,0.9699,0.844,0.8529,1.0,0.0,0.0,14469.85762,289.3971523,0.6544984694978736,0.10332332985438242,0.8966766701456176,0.11522919386048376,0.0036446585960814293,0.11335534140391858,4.433234524286382,1.018608142099638,0.3352155986864476,0.3418876861800616,0.3555766861800616,0.5963025123039997,0.7646965058425526,0.7580244183489385,0.8066559972588686,-0.0003236610361805753,-44706825.97681314,-894136.5192272976,0.0012114100755957623,0.001200293929938682,733.6754163225476,720.2724835973096,10616178.813481487,212323.5761962622,27.264380780324704,0.5452876154180721,10422240.285256855,208444.80563310988,26.766309489854596,0.5353261896121122,"[0.523,0.609]",0.57,"[0.322,0.438]",0.38,0.0036,0.0,31,0.1134,0.06,0.6517835225290001,1,0.741783522529,0.005,0.0,22,0.1125,0.05,0.5941835225290001,3,0.7691835225290001,0.11638440185303267,0.11614238217622136,0.80613672261445,0.8073376750381384,0.09453071926566958,0.14325644028976647,0.8084230005984653,0.8045669790908848
26,56,0.961,37.5,0.127,17803.36236,356.0672473,Sealock:1989nx,1.027895721,0.044148964,0.0089,0.9699,0.834,0.8429,1.0,0.0,0.0,17803.36236,356.0672473,0.6544984694978736,0.10332332985438242,0.8966766701456176,0.11522919386048376,0.0036446585960814293,0.12335534140391857,4.433234524286382,1.018608142099638,0.33124384988684513,0.33787915427503096,0.35400815427503096,0.5949858437601948,0.7874337146421551,0.7807984102539691,0.8055034899607092,-0.0002618455975524027,-67991833.83801991,-1359836.677142303,0.0012114100755957625,0.0012002939299386821,743.510528648967,729.9279260780132,13236987.36001272,264739.7472746055,33.99511915807475,0.6799023833524429,12995171.364650162,259903.42736599606,33.37408936080291,0.6674817874035178,"[0.523,0.609]",0.57,"[0.322,0.438]",0.38,0.0036,0.0,34,0.12419999999999999,0.06,0.6517835225290001,2,0.8017835225290001,0.005,0.0,24,0.1225,0.05,0.5941835225290001,3,0.7691835225290001,0.12715924885023355,0.12614238217622137,0.8048105575987693,0.8063810746032741,0.12318049522671026,0.14325644028976647,0.8053160575014814,0.8045669790908848
26,56,0.961,37.5,0.137,21076.4658,421.5293161,Sealock:1989nx,0.991627353,0.032548151,0.0089,0.9699,0.824,0.8329,1.0,0.0,0.0,21076.4658,421.5293161,0.6544984694978736,0.10332332985438242,0.8966766701456176,0.11522919386048376,0.0036446585960814293,0.13335534140391858,4.433234524286382,1.018608142099638,0.3272721010872427,0.3338706223700003,0.3526396223700003,0.59383467595788,0.8101709234417572,0.8035724021589996,0.8042374139852246,-0.00020064196289647964,-105045153.54484601,-2100903.0713953204,0.0012114100755957623,0.001200293929938682,754.4075690125346,740.625897077053,15900245.327553827,318004.9066265173,40.83487578039769,0.8166975158017,15609776.390338829,312195.52788083913,40.088895908710796,0.8017779183644228,"[0.523,0.609]",0.57,"[0.322,0.438]",0.38,0.0036,0.0,37,0.135,0.06,0.6517835225290001,2,0.8017835225290001,0.005,0.0,26,0.1325,0.05,0.5941835225290001,4,0.8191835225290001,0.13793187608102642,0.13614238217622138,0.8033465868425574,0.8053480612615177,0.12318049522671026,0.16990113751541397,0.8053160575014814,0.8013045397537811
26,56,0.961,37.5,0.147,24096.45574,481.9291149,Sealock:1989nx,0.867347473,0.034776899,0.0089,0.9699,0.814,0.8229,1.0,0.0,0.0,24096.45574,481.9291149,0.6544984694978736,0.10332332985438242,0.8966766701456176,0.11522919386048376,0.0036446585960814293,0.14335534140391856,4.433234524286382,1.018608142099638,0.3233003522876402,0.3298620904649697,0.3514710904649697,0.5928499729821785,0.8329081322413597,0.8263463940640302,0.8028546098265987,-0.00014014187256417758,-171943297.88168842,-3438865.9583473303,0.0012114100755957625,0.0012002939299386821,766.4207794264039,752.4196477033798,18468024.389664646,369360.48786993494,47.429424284067395,0.9485884858781792,18130646.738790885,362612.9348510597,46.56297385008331,0.931259477194902,"[0.523,0.609]",0.57,"[0.322,0.438]",0.38,0.0036,0.0,39,0.1422,0.06,0.6517835225290001,2,0.8017835225290001,0.005,0.0,28,0.14250000000000002,0.05,0.5941835225290001,4,0.8191835225290001,0.1451123950419344,0.14614238217622139,0.8022912396152019,0.8042392305836762,0.12318049522671026,0.16990113751541397,0.8053160575014814,0.8013045397537811
26,56,0.961,37.5,0.157,26698.48109,533.9696218,Sealock:1989nx,0.966347108,0.04532093,0.0089,0.9699,0.8039999999999999,0.8129,1.0,0.0,0.0,26698.48109,533.9696218,0.6544984694978736,0.10332332985438242,0.8966766701456176,0.11522919386048376,0.0036446585960814293,0.15335534140391857,4.433234524286382,1.018608142099638,0.31932860348803777,0.3258535585599391,0.35050255855993906,0.5920325654555998,0.8556453410409621,0.8491203859690608,0.8013518636952909,-8.043598631293825e-05,-331922094.9952535,-6638441.899905071,0.0012114100755957623,0.001200293929938682,779.6086729030428,765.3666220417696,20814367.411101885,416287.3482220377,53.455282617998705,1.0691056523599742,20434126.285499364,408682.52570998727,52.47875057017738,1.0495750114035476,"[0.523,0.609]",0.57,"[0.322,0.438]",0.38,0.0036,0.0,42,0.153,0.06,0.6517835225290001,3,0.861783522529,0.005,0.0,30,0.1525,0.05,0.5941835225290001,5,0.8691835225290001,0.15588132570878344,0.15614238217622137,0.8005844788262613,0.8030552192916405,0.15107704591224025,0.19654583474106155,0.8013646341501914,0.7975203732309143
26,56,0.961,37.5,0.167,28760.08818,575.2017636,Sealock:1989nx,0.890122445,0.041029081,0.0089,0.9699,0.7939999999999999,0.8029,1.0,0.0,0.0,28760.08818,575.2017636,0.6544984694978736,0.10332332985438242,0.8966766701456176,0.11522919386048376,0.0036446585960814293,0.16335534140391858,4.433234524286382,1.018608142099638,0.3153568546884353,0.32184502665490844,0.34973402665490844,0.5913831470839429,0.8783825498405646,0.8718943778740915,0.7997259083136913,-2.1613346804121558e-05,-1330663336.9023438,-26613266.738046877,0.0012114100755957625,0.0012002939299386821,794.0343655433519,779.5287831752686,22836498.370977152,456729.9674195431,58.64850227323948,1.1729700454647898,22419316.542968825,448386.3308593765,57.5770994254458,1.1515419885089162,"[0.523,0.609]",0.57,"[0.206,0.322]",0.265,0.0036,0.0,45,0.1638,0.06,0.6517835225290001,3,0.861783522529,0.005,0.0,32,0.1625,0.015,0.7091835225290001,10,0.866683522529,0.16664804026301283,0.16504008230710174,0.7987229773327046,0.7973551854095993,0.15107704591224025,0.1339307962607898,0.8013646341501914,0.8025310060797096
26,56,0.961,37.5,0.177,30207.613,604.15226,Sealock:1989nx,0.830916365,0.038731958,0.0089,0.9699,0.784,0.7929,1.0,0.0,0.0,30207.613,604.15226,0.6544984694978736,0.10332332985438242,0.8966766701456176,0.11522919386048376,0.0036446585960814293,0.17335534140391856,4.433234524286382,1.018608142099638,0.3113851058888329,0.31783649474987785,0.34916549474987785,0.5909022717420181,0.9011197586401671,0.8946683697791221,0.7979734238556165,3.623915285616002e-05,833562890.3881851,16671257.807763701,0.0012114100755957623,0.001200293929938682,809.7659350795365,794.9729651781312,24461095.98746576,489221.9197493152,62.82078015297007,1.2564156030594014,24014235.677563462,480284.7135512692,61.67315727859662,1.2334631455719323,"[0.523,0.609]",0.57,"[0.206,0.322]",0.265,0.0036,0.0,48,0.1746,0.06,0.6517835225290001,4,0.9217835225290001,0.005,0.0,34,0.17250000000000001,0.015,0.7091835225290001,12,0.8966835225290001,0.1774125400721971,0.17504008230710175,0.7966989312190834,0.7954792898829206,0.17827682984594106,0.14991761459617833,0.7965290951191453,0.7999973624557176
26,56,0.961,37.5,0.187,31015.2979,620.3059579,Sealock:1989nx,0.893107656,0.028953454,0.0089,0.9699,0.774,0.7829,1.0,0.0,0.0,31015.2979,620.3059579,0.6544984694978736,0.10332332985438242,0.8966766701456176,0.11522919386048376,0.0036446585960814293,0.18335534140391857,4.433234524286382,1.018608142099638,0.3074133570892304,0.3138279628448473,0.3487969628448473,0.5905903511274522,0.9238569674397696,0.9174423616841527,0.7960910390381479,9.303729104309317e-05,333364154.870269,6667283.096330541,0.0012114100755957625,0.0012002939299386821,826.876808167985,811.771253333553,25645830.53193121,512916.61055593647,65.86340540556014,1.317268107898845,25177327.248796515,503546.5448947531,64.66019923009563,1.2932039843934338,"[0.523,0.609]",0.57,"[0.206,0.322]",0.265,0.0036,0.0,50,0.1818,0.06,0.6517835225290001,4,0.9217835225290001,0.005,0.0,36,0.1825,0.015,0.7091835225290001,13,0.9116835225290001,0.1845876435391176,0.18504008230710173,0.7952549960201386,0.7935026702091199,0.17827682984594106,0.1579110237638726,0.7965290951191453,0.7986301941188519
26,56,0.961,37.5,0.197,31199.82071,623.9964142,Sealock:1989nx,0.955133694,0.028077084,0.0089,0.9699,0.764,0.7729,1.0,0.0,0.0,31199.82071,623.9964142,0.6544984694978736,0.10332332985438242,0.8966766701456176,0.11522919386048376,0.0036446585960814293,0.19335534140391858,4.433234524286382,1.018608142099638,0.30344160828962796,0.3098194309398167,0.34862843093981666,0.590447653005596,0.946594176239372,0.9402163535891833,0.794075332374544,0.0001487000225558059,209817188.8191272,4196343.776382544,0.0012114100755957623,0.001200293929938682,845.4461789557863,830.0013950537287,26377769.20337511,527555.3840675021,67.74316412069685,1.3548632824139368,25895894.714726217,517917.89429452433,66.50561812814408,1.3301123625628815,"[0.523,0.609]",0.57,"[0.206,0.322]",0.265,0.0036,0.0,53,0.1926,0.06,0.6517835225290001,4,0.9217835225290001,0.005,0.0,38,0.1925,0.015,0.7091835225290001,15,0.9416835225290001,0.19534845514181853,0.19504008230710174,0.7929401475373107,0.7914268915331325,0.17827682984594106,0.17389784209926112,0.7965290951191453,0.7956986864262631
26,56,0.961,37.5,0.207,30812.50795,616.2501591,Sealock:1989nx,0.918458181,0.03862068,0.0089,0.9699,0.754,0.7629,1.0,0.0,0.0,30812.50795,616.2501591,0.6544984694978736,0.10332332985438242,0.8966766701456176,0.11522919386048376,0.0036446585960814293,0.20335534140391856,4.433234524286382,1.018608142099638,0.29946985949002547,0.30581089903478603,0.348659899034786,0.5904743000629121,0.9693313850389745,0.9629903454942139,0.7919228335971725,0.0002031499603001482,151673708.94129345,3033474.1793181165,0.0012114100755957623,0.001200293929938682,865.5594616980495,849.7472442286667,26670057.79476887,533401.1559819333,68.49381721287953,1.3698763444798832,26182843.718286384,523656.8744507024,67.24255813594274,1.3448511629370863,"[0.523,0.609]",0.57,"[0.206,0.322]",0.265,0.0036,0.0,56,0.2034,0.06,0.6517835225290001,5,0.981783522529,0.005,0.0,40,0.2025,0.015,0.7091835225290001,16,0.956683522529,0.2061070556394924,0.20504008230710175,0.7904371456350713,0.7892535847697357,0.2048295861789483,0.18189125126695535,0.7907445953908387,0.7941358455525692
26,56,0.961,37.5,0.217,29931.14907,598.6229813,Sealock:1989nx,0.998959309,0.040426113,0.0089,0.9699,0.744,0.7529,1.0,0.0,0.0,29931.14907,598.6229813,0.6544984694978736,0.10332332985438242,0.8966766701456176,0.11522919386048376,0.0036446585960814293,0.21335534140391857,4.433234524286382,1.018608142099638,0.29549811069042303,0.3018023671297554,0.3488913671297554,0.5906702693802655,0.9920685938385769,0.9857643373992446,0.7896300252596061,0.0002563138277410644,116775397.30801143,2335507.945770082,0.0012114100755957623,0.001200293929938682,887.3087804863518,871.0992420081767,26558171.379856903,531163.4275084072,68.20647146692889,1.3641294291107,26073001.267310742,521460.0252591049,66.9604616809131,1.339209233394547,"[0.523,0.609]",0.57,"[0.206,0.322]",0.265,0.0036,0.0,59,0.2142,0.06,0.6517835225290001,5,0.981783522529,0.005,0.0,42,0.2125,0.015,0.7091835225290001,18,0.986683522529,0.21686344639458355,0.21504008230710173,0.7877342539484921,0.7869844435157087,0.2048295861789483,0.1978780696023439,0.7907445953908387,0.7908199489566407
26,56,0.961,37.5,0.227,28652.4369,573.0487379,Sealock:1989nx,1.005150107,0.041532244,0.0089,0.9699,0.734,0.7429,1.0,0.0,0.0,28652.4369,573.0487379,0.6544984694978736,0.10332332985438242,0.8966766701456176,0.11522919386048376,0.0036446585960814293,0.22335534140391858,4.433234524286382,1.018608142099638,0.29152636189082054,0.2977938352247248,0.3493228352247248,0.591035392531382,1.0148058026381794,1.0085383293042751,0.7871933445272002,0.00030812287658588735,92990294.05891357,1859805.8808537256,0.0012114100755957627,0.0012002939299386823,910.793499465384,894.1549373324096,26096453.272362098,521929.0653561626,67.02069092224524,1.3404138182109955,25619717.92074032,512394.35832539096,65.79634321800799,1.3159268641305237,"[0.523,0.609]",0.57,"[0.206,0.322]",0.265,0.0036,0.0,62,0.225,0.06,0.6517835225290001,5,0.981783522529,0.005,0.0,44,0.2225,0.015,0.7091835225290001,19,1.001683522529,0.22761762876812242,0.22504008230710174,0.7848183474345579,0.7846212208829918,0.2048295861789483,0.2058714787700381,0.7907445953908387,0.7890685580370829
26,56,0.961,37.5,0.237,27084.494,541.68988,Sealock:1989nx,0.993188206,0.030017175,0.0089,0.9699,0.724,0.7329,1.0,0.0,0.0,27084.494,541.68988,0.6544984694978736,0.10332332985438242,0.8966766701456176,0.11522919386048376,0.0036446585960814293,0.23335534140391856,4.433234524286382,1.018608142099638,0.2875546130912181,0.29378530331969416,0.3499543033196941,0.591569356305492,1.037543011437782,1.0313123212093058,0.7846091851656225,0.0003585132647075895,75546699.84690985,1510933.996938197,0.001211410075595762,0.0012002939299386817,936.1207972697957,919.0195508747724,25354358.116929,507087.16233858,65.11484841069402,1.3022969682138805,24891179.511550467,497823.5902310094,63.92531702767857,1.2785063405535715,"[0.523,0.609]",0.57,"[0.206,0.322]",0.265,0.0036,0.0,64,0.2322,0.06,0.6517835225290001,6,1.0417835225290002,0.005,0.0,46,0.2325,0.015,0.7091835225290001,21,1.0316835225290002,0.23478585747665903,0.23504008230710174,0.7827488829420657,0.7821657262633978,0.23077940367102456,0.22185829710542676,0.7839183242594874,0.7853832436796471
26,56,0.961,37.5,0.247,25340.95907,506.8191815,Sealock:1989nx,1.022060764,0.032082448,0.0089,0.9699,0.714,0.7229,1.0,0.0,0.0,25340.95907,506.8191815,0.6544984694978736,0.10332332985438242,0.8966766701456176,0.11522919386048376,0.0036446585960814293,0.24335534140391857,4.433234524286382,1.018608142099638,0.2835828642916156,0.2897767714146635,0.3507857714146635,0.5922717040469379,1.0602802202373844,1.0540863131143365,0.7818738997369289,0.00040742638996671247,62197637.89005029,1243952.758046449,0.0012114100755957625,0.0012002939299386821,963.4062898115992,945.8065864521245,24413639.357896294,488272.7872542665,62.698902437657885,1.253978049000579,23967645.995419703,479352.92000297474,61.553506050342186,1.231070121249745,"[0.523,0.609]",0.57,"[0.206,0.322]",0.265,0.0036,0.0,67,0.243,0.06,0.6517835225290001,6,1.0417835225290002,0.005,0.0,48,0.2425,0.015,0.7091835225290001,22,1.046683522529,0.24553636223502195,0.24504008230710173,0.7794444317037237,0.7796198220354558,0.23077940367102456,0.22985170627312096,0.7839183242594874,0.7834511332613425
26,56,0.961,37.5,0.257,23533.83357,470.6766715,Sealock:1989nx,1.032555955,0.040622366,0.0089,0.9699,0.704,0.7129,1.0,0.0,0.0,23533.83357,470.6766715,0.6544984694978736,0.10332332985438242,0.8966766701456176,0.11522919386048376,0.0036446585960814293,0.2533553414039186,4.433234524286382,1.018608142099638,0.2796111154920132,0.2857682395096329,0.35181723950963295,0.5931418375984221,1.083017429036987,1.076860305019367,0.7789838020128736,0.0004548091763254147,51744412.37122623,1034888.2476443971,0.0012114100755957623,0.001200293929938682,992.7747059964267,974.6384943969117,23363794.703425586,467275.89416778926,60.002700261472896,1.2000540054844215,22936980.118052296,458739.6024585098,58.90655864755846,1.1781311732014752,"[0.523,0.609]",0.57,"[0.206,0.322]",0.265,0.0036,0.0,70,0.25379999999999997,0.06,0.6517835225290001,7,1.101783522529,0.005,0.0,50,0.2525,0.015,0.7091835225290001,24,1.0766835225290001,0.25628466223445656,0.25504008230710173,0.7758837114880367,0.7769854202239334,0.25616558047578153,0.24583852460850952,0.7759246396496534,0.7794127055622447
26,56,0.961,37.5,0.267,21768.34179,435.3668357,Sealock:1989nx,1.033611114,0.042217272,0.0089,0.9699,0.694,0.7029,1.0,0.0,0.0,21768.34179,435.3668357,0.6544984694978736,0.10332332985438242,0.8966766701456176,0.11522919386048376,0.0036446585960814293,0.2633553414039186,4.433234524286382,1.018608142099638,0.2756393666924107,0.2817597076046023,0.3530487076046023,0.5941790198287064,1.1057546378365894,1.0996342969243977,0.7759351696151973,0.0005006143094472328,43483259.226121835,869665.1843226822,0.0012114100755957625,0.0012002939299386821,1024.3606214514484,1005.6473918811928,22298632.123971935,445972.6423770027,57.26715871969912,1.145343174130907,21891276.146691874,437825.5228332728,56.220990538771254,1.1244198105171557,"[0.523,0.609]",0.57,"[0.206,0.322]",0.265,0.0036,0.0,73,0.2646,0.06,0.6517835225290001,7,1.101783522529,0.005,0.0,52,0.2625,0.015,0.7091835225290001,26,1.106683522529,0.26703075883088445,0.26504008230710174,0.7720467157424002,0.7742644791225143,0.25616558047578153,0.2618253429438979,0.7759246396496534,0.7751485078210268
26,56,0.961,37.5,0.277,20137.11076,402.7422151,Sealock:1989nx,1.117340033,0.045190197,0.0089,0.9699,0.6839999999999999,0.6929,1.0,0.0,0.0,20137.11076,402.7422151,0.6544984694978736,0.10332332985438242,0.8966766701456176,0.11522919386048376,0.0036446585960814293,0.2733553414039186,4.433234524286382,1.018608142099638,0.27166761789280824,0.27775117569957164,0.3544801756995717,0.5953823777200428,1.1284918466361917,1.1224082888294284,0.772724246892652,0.0005448004198204804,36962362.779814795,739247.2554127425,0.0012114100755957623,0.001200293929938682,1058.30925591709,1038.9758457414416,21311290.704735626,426225.81398888165,54.731476824433734,1.0946295362168807,20921971.682660084,418439.4335493041,53.73163099954882,1.0746326197241474,"[0.523,0.609]",0.57,"[0.206,0.322]",0.265,0.0036,0.0,75,0.2718,0.06,0.6517835225290001,7,1.101783522529,0.005,0.0,54,0.2725,0.015,0.7091835225290001,27,1.121683522529,0.27419359978468094,0.27504008230710175,0.7693242133128382,0.7714589998899767,0.25616558047578153,0.2698187521115923,0.7759246396496534,0.7729342552660926
26,56,0.961,37.5,0.287,18716.89922,374.3379843,Sealock:1989nx,1.127323482,0.033499139,0.0089,0.9699,0.6739999999999999,0.6829,1.0,0.0,0.0,18716.89922,374.3379843,0.6544984694978736,0.10332332985438242,0.8966766701456176,0.11522919386048376,0.0036446585960814293,0.28335534140391855,4.433234524286382,1.018608142099638,0.26769586909320575,0.27374264379454105,0.356111643794541,0.5967509059855217,1.1512290554357945,1.145182280734459,0.7693472480445059,0.0005873322123095168,31867653.140291963,637353.0626355779,0.0012114100755957625,0.0012002939299386821,1094.7773405982837,1074.777723984848,20490837.152317688,409816.7429368761,52.62439493944456,1.0524878985077315,20116506.343725376,402330.1267670298,51.66304171785911,1.0332608340811589,"[0.523,0.609]",0.57,"[0.206,0.322]",0.265,0.0036,0.0,78,0.2826,0.06,0.6517835225290001,8,1.161783522529,0.005,0.0,56,0.28250000000000003,0.015,0.7091835225290001,29,1.151683522529,0.2849360270521615,0.28504008230710176,0.7649752238598267,0.7685710231300482,0.2810233226914941,0.2858055704469808,0.7665975534683965,0.7683466116879024
26,56,0.961,37.5,0.297,17563.36031,351.2672062,Sealock:1989nx,1.093184884,0.039969572,0.0089,0.9699,0.6639999999999999,0.6728999999999999,1.0,0.0,0.0,17563.36031,351.2672062,0.6544984694978736,0.10332332985438242,0.8966766701456176,0.11522919386048376,0.0036446585960814293,0.29335534140391856,4.433234524286382,1.018608142099638,0.2637241202936033,0.2697341118895104,0.3579431118895104,0.5982834711819393,1.1739662642353967,1.1679562726394896,0.7658003605001806,0.0006281805419039157,27959096.371830042,559181.9274366008,0.0012114100755957625,0.0012002939299386821,1133.934062500005,1113.2191228735398,19915692.507469647,398313.8501493929,51.14731331936216,1.0229462663872433,19551868.559010144,391037.3711802028,50.21294372724448,1.0042588745448895,"[0.523,0.609]",0.57,"[0.206,0.322]",0.265,0.0036,0.0,81,0.2934,0.06,0.6517835225290001,8,1.161783522529,0.005,0.0,58,0.2925,0.015,0.7091835225290001,30,1.166683522529,0.2956762545256595,0.2950400823071017,0.7602830966959133,0.7656026254648969,0.2810233226914941,0.293798979614675,0.7665975534683965,0.7659753338589249
26,56,0.961,37.5,0.307,16710.81221,334.2162442,Sealock:1989nx,1.148956721,0.05038654,0.0089,0.9699,0.6539999999999999,0.6628999999999999,1.0,0.0,0.0,16710.81221,334.2162442,0.6544984694978736,0.10332332985438242,0.8966766701456176,0.11522919386048376,0.0036446585960814293,0.30335534140391857,4.433234524286382,1.018608142099638,0.2597523714940008,0.26572557998447977,0.3599745799844798,0.5999788162797748,1.1967034730349992,1.1907302645445204,0.762079748564563,0.0006673224362793773,25041586.048223242,500831.7209644649,0.0012114100755957625,0.0012002939299386821,1175.9620935990918,1154.4793772952796,19651281.712212864,393025.6342442573,50.46825574780406,1.0093651149560812,19292288.074299157,385845.7614859831,49.54629131844046,0.9909258263688091,"[0.523,0.609]",0.57,"[0.206,0.322]",0.265,0.0036,0.0,84,0.30419999999999997,0.06,0.6517835225290001,8,1.161783522529,0.005,0.0,60,0.3025,0.015,0.7091835225290001,32,1.196683522529,0.3064142835560091,0.3050400823071017,0.7552163974432686,0.7625559161119625,0.2810233226914941,0.30978579795006356,0.7665975534683965,0.7610832497851575
26,56,0.961,37.5,0.317,16174.49873,323.4899746,Sealock:1989nx,1.100497783,0.049646052,0.0089,0.9699,0.6439999999999999,0.6528999999999999,1.0,0.0,0.0,16174.49873,323.4899746,0.6544984694978736,0.10332332985438242,0.8966766701456176,0.11522919386048376,0.0036446585960814293,0.3133553414039186,4.433234524286382,1.018608142099638,0.2557806226943984,0.2617170480794492,0.36220604807944917,0.6018355656484994,1.2194406818346017,1.2135042564495508,0.7581815573383354,0.0007047410665857948,22950980.859337967,459019.6171867593,0.0012114100755957627,0.0012002939299386823,1221.0587136450547,1198.7521630527212,19750012.61310737,395000.2522621474,50.72181561374696,1.0144363122749391,19389215.338880993,387784.3067776198,49.795219100836,0.9959043820167199,"[0.523,0.609]",0.57,"[0.206,0.322]",0.265,0.0036,0.0,87,0.315,0.06,0.6517835225290001,9,1.221783522529,0.005,0.0,62,0.3125,0.015,0.7091835225290001,33,1.211683522529,0.31715011549268013,0.31504008230710173,0.7497393090844748,0.7594330334735357,0.3053843171613634,0.31777920711775776,0.7557196201304462,0.758564632603338
26,56,0.961,37.5,0.327,15944.75767,318.8951534,Sealock:1989nx,1.222972491,0.040514884,0.0089,0.9699,0.6339999999999999,0.6428999999999999,1.0,0.0,0.0,15944.75767,318.8951534,0.6544984694978736,0.10332332985438242,0.8966766701456176,0.11522919386048376,0.0036446585960814293,0.3233553414039186,4.433234524286382,1.018608142099638,0.2518088738947959,0.25770851617441853,0.36463751617441853,0.6038522304127215,1.2421778906342043,1.2362782483545816,0.7541019169224256,0.0007404256686192179,21534582.532416206,430691.65064832417,0.0012114100755957627,0.0012002939299386823,1269.4370364543379,1246.2467007554749,20240865.923587374,404817.3184717475,51.98242094070462,1.0396484188140924,19871101.640583053,397422.0328116611,51.03279543157216,1.0206559086314433,"[0.523,0.609]",0.57,"[0.206,0.322]",0.265,0.0036,0.0,89,0.3222,0.06,0.6517835225290001,9,1.221783522529,0.005,0.0,64,0.3225,0.015,0.7091835225290001,35,1.2416835225290002,0.3243061168419743,0.32504008230710174,0.7458399325986084,0.7562361417481663,0.3053843171613634,0.33376602545314643,0.7557196201304462,0.7533877963533375
26,56,0.961,37.5,0.337,15996.77571,319.9355143,Sealock:1989nx,1.118975494,0.037007458,0.0089,0.9699,0.6239999999999999,0.6328999999999999,1.0,0.0,0.0,15996.77571,319.9355143,0.6544984694978736,0.10332332985438242,0.8966766701456176,0.11522919386048376,0.0036446585960814293,0.3333553414039186,4.433234524286382,1.018608142099638,0.24783712509519346,0.2536999842693879,0.3672689842693879,0.6060272141326558,1.2649150994338068,1.2590522402596123,0.7498369469153605,0.0007743714172002622,20657755.896823127,413155.1180655996,0.001211410075595762,0.0012002939299386817,1321.3273507861613,1297.1890722005558,21136977.270014714,422739.5455324271,54.28380653337553,1.085676131006853,20750842.641455285,415016.85295882466,53.29213884102804,1.065842777153704,"[0.523,0.609]",0.57,"[0.206,0.322]",0.265,0.0036,0.0,92,0.333,0.06,0.6517835225290001,10,1.281783522529,0.005,0.0,66,0.3325,0.015,0.7091835225290001,36,1.256683522529,0.33503828995090146,0.33504008230710175,0.7395848753920042,0.752967427572618,0.32927720513153635,0.34175943462084063,0.7430056635313349,0.7507318223619694
26,56,0.961,37.5,0.347,16289.29199,325.7858398,Sealock:1989nx,1.111159405,0.045674177,0.0089,0.9699,0.614,0.6229,1.0,0.0,0.0,16289.29199,325.7858398,0.6544984694978736,0.10332332985438242,0.8966766701456176,0.11522919386048376,0.0036446585960814293,0.34335534140391855,4.433234524286382,1.018608142099638,0.24386537629559105,0.24969145236435733,0.3701004523643573,0.6083588187610641,1.287652308233409,1.2818262321646428,0.7453827612119143,0.0008065792571594959,20195525.54248106,403910.51084962126,0.0012114100755957623,0.001200293929938682,1376.9785882880922,1351.8236615012245,22430006.28860273,448600.1257720546,57.6045527399131,1.1520910547982621,22020250.341184366,440405.00682368735,56.55222097594263,1.1310444195188527,"[0.523,0.609]",0.57,"[0.206,0.322]",0.265,0.0036,0.0,95,0.3438,0.06,0.6517835225290001,10,1.281783522529,0.005,0.0,68,0.3425,0.015,0.7091835225290001,38,1.286683522529,0.345768269557972,0.34504008230710176,0.7327961328186535,0.7496290967027015,0.32927720513153635,0.3577462529562292,0.7430056635313349,0.7452904267339244
26,56,0.961,37.5,0.357,16770.97338,335.4194677,Sealock:1989nx,1.180611259,0.045554899,0.0089,0.9699,0.604,0.6129,1.0,0.0,0.0,16770.97338,335.4194677,0.6544984694978736,0.10332332985438242,0.8966766701456176,0.11522919386048376,0.0036446585960814293,0.35335534140391855,4.433234524286382,1.018608142099638,0.23989362749598858,0.24568292045932671,0.3731319204593267,0.6108452508281673,1.3103895170330115,1.3046002240696735,0.740735473110973,0.0008370556948116023,20035672.03945094,400713.44090848515,0.0012114100755957623,0.001200293929938682,1436.6599326047667,1410.4147348001816,24094185.485827137,481883.7098602087,61.87848370104221,1.2375696743898057,23654027.972093605,473080.5595829135,60.74807489118753,1.214961498185972,"[0.609,0.702]",0.649,"[0.206,0.322]",0.265,0.0036,0.0,98,0.35459999999999997,0.018,0.5554825225290001,41,1.302482522529,0.005,0.0,70,0.3525,0.015,0.7091835225290001,39,1.3016835225290002,0.3574128493344588,0.3550400823071017,0.751439816405672,0.746223370740901,0.37461828359091476,0.3657396621239235,0.7431563193286844,0.7425072868626051
26,56,0.961,37.5,0.367,17382.92203,347.6584405,Sealock:1989nx,1.098779594,0.038601105,0.0089,0.9699,0.594,0.6029,1.0,0.0,0.0,17382.92203,347.6584405,0.6544984694978736,0.10332332985438242,0.8966766701456176,0.11522919386048376,0.0036446585960814293,0.36335534140391856,4.433234524286382,1.018608142099638,0.23592187869638612,0.24167438855429607,0.3763633885542961,0.6134846278060242,1.333126725832614,1.3273742159747042,0.7358912007399866,0.0008658125541791307,20077003.903553464,401540.07795557077,0.0012114100755957623,0.001200293929938682,1500.6625855878297,1473.2481742140228,26085900.718611445,521718.0142221626,66.99358994281398,1.3398717984708806,25609358.14320222,512187.16271671944,65.76973732481791,1.3153947461179996,"[0.609,0.702]",0.649,"[0.206,0.322]",0.265,0.0036,0.0,100,0.3618,0.018,0.5554825225290001,42,1.320482522529,0.005,0.0,72,0.3625,0.015,0.7091835225290001,41,1.331683522529,0.3645633656297633,0.3650400823071017,0.7481099955180175,0.7427524839182762,0.38145557911352357,0.38172648045931196,0.7395943851270886,0.7368218553783558
26,56,0.961,37.5,0.377,18065.47488,361.3094977,Sealock:1989nx,1.1070841,0.036035587,0.0089,0.9699,0.584,0.5929,1.0,0.0,0.0,18065.47488,361.3094977,0.6544984694978736,0.10332332985438242,0.8966766701456176,0.11522919386048376,0.0036446585960814293,0.3733553414039186,4.433234524286382,1.018608142099638,0.23195012989678365,0.23766585664926546,0.3797948566492655,0.6162749846044909,1.3558639346322165,1.3501482078797347,0.7308460728027314,0.0008928667025012812,20233115.233652785,404662.30478505447,0.0012114100755957625,0.0012002939299386821,1569.3017086697782,1540.633383741667,28350180.597114958,567003.6120992294,72.80869440604616,1.4561738885239501,27832273.69327449,556645.474019553,71.47861026907458,1.4295722057771556,"[0.609,0.702]",0.649,"[0.206,0.322]",0.265,0.0036,0.0,103,0.3726,0.018,0.5554825225290001,44,1.356482522529,0.005,0.0,74,0.3725,0.015,0.7091835225290001,42,1.3466835225290001,0.3752873153593157,0.37504008230710173,0.74281490156758,0.7392186799376665,0.39502498714653445,0.38971988962700627,0.7320197321517085,0.7339218636820956
26,56,0.961,37.5,0.387,18761.29277,375.2258555,Sealock:1989nx,0.98074265,0.050369663,0.0089,0.9699,0.574,0.5829,1.0,0.0,0.0,18761.29277,375.2258555,0.6544984694978736,0.10332332985438242,0.8966766701456176,0.11522919386048376,0.0036446585960814293,0.3833553414039186,4.433234524286382,1.018608142099638,0.2279783810971812,0.2336573247442348,0.3834263247442348,0.6192142801520608,1.378601143431819,1.3729221997847654,0.725596234656367,0.0009182397497343276,20431802.016225245,408636.0404334089,0.001211410075595762,0.0012002939299386817,1642.9185599170578,1612.9053872773295,30823276.099870708,616465.522161706,79.16007739213671,1.5832015482646673,30260190.18102021,605203.8037816948,77.71396489033116,1.5542792982208482,"[0.609,0.702]",0.649,"[0.206,0.322]",0.265,0.0036,0.0,106,0.38339999999999996,0.018,0.5554825225290001,45,1.374482522529,0.005,0.0,76,0.3825,0.015,0.7091835225290001,44,1.376683522529,0.38600907662433315,0.38504008230710174,0.7371299749971285,0.7356242088847589,0.4017581647603573,0.4057067079623947,0.7279910376967935,0.728013083899942
26,56,0.961,37.5,0.397,19418.84634,388.3769269,Sealock:1989nx,0.95783239,0.048818554,0.0089,0.9699,0.564,0.5729,1.0,0.0,0.0,19418.84634,388.3769269,0.6544984694978736,0.10332332985438242,0.8966766701456176,0.11522919386048376,0.0036446585960814293,0.3933553414039186,4.433234524286382,1.018608142099638,0.22400663229757872,0.2296487928392042,0.38725779283920425,0.6223004040165845,1.4013383522314216,1.395696191689796,0.7201378547229379,0.0009419577268219453,20615411.6974197,412308.2340545558,0.0012114100755957623,0.001200293929938682,1721.8828501160626,1690.4271416550603,33436978.48188507,668739.5698098898,85.87256577818265,1.7174513160058655,32826144.91276503,656522.8984243433,84.30382816416048,1.6860765637173436,"[0.609,0.702]",0.649,"[0.206,0.322]",0.265,0.0036,0.0,109,0.3942,0.018,0.5554825225290001,46,1.392482522529,0.005,0.0,78,0.3925,0.015,0.7091835225290001,45,1.391683522529,0.39672865076408925,0.39504008230710175,0.7310180777278853,0.7319713242130996,0.4084576792855802,0.41370011713008903,0.723789723140924,0.7250065963545934
26,56,0.961,37.5,0.407,19993.81711,399.8763421,Sealock:1989nx,1.075332433,0.04056254,0.0089,0.9699,0.554,0.5629000000000001,1.0,0.0,0.0,19993.81711,399.8763421,0.6544984694978736,0.10332332985438242,0.8966766701456176,0.11522919386048376,0.0036446585960814293,0.40335534140391854,4.433234524286382,1.018608142099638,0.2200348834979763,0.2256402609341736,0.3912892609341736,0.6255311830230157,1.4240755610310236,1.4184701835948264,0.7144671312395178,0.0009640507474920555,20739382.404933788,414787.64799494675,0.0012114100755957623,0.001200293929938682,1806.5953445381515,1773.5920908841845,36120736.910473235,722414.7380288052,92.76497151145021,1.8552994297650363,35460875.89288088,709217.5176802584,91.07032201827437,1.821406439909995,"[0.609,0.702]",0.649,"[0.206,0.322]",0.265,0.0036,0.0,112,0.40499999999999997,0.018,0.5554825225290001,47,1.410482522529,0.005,0.0,80,0.4025,0.015,0.7091835225290001,47,1.421683522529,0.40744603911650756,0.40504008230710176,0.7244369311915717,0.7282622798086439,0.41512403063402636,0.42968693546547754,0.719406122277234,0.7188951622441966
26,56,0.961,37.5,0.417,20457.28167,409.1456335,Sealock:1989nx,1.070523462,0.03578188,0.0089,0.9699,0.544,0.5529000000000001,1.0,0.0,0.0,20457.28167,409.1456335,0.6544984694978736,0.10332332985438242,0.8966766701456176,0.11522919386048376,0.0036446585960814293,0.41335534140391855,4.433234524286382,1.018608142099638,0.21606313469837385,0.221631729029143,0.395520729029143,0.6289043878278661,1.4468127698306261,1.441244175499857,0.7085802993501482,0.0009845526582303124,20778250.405388184,415565.0082093326,0.0012114100755957623,0.001200293929938682,1897.4907408590147,1862.8269914942487,38817502.55196984,776350.0512291458,99.69078225906968,1.9938156456687053,38108376.46747654,762167.5295358134,97.86961063709832,1.9573922132203756,"[0.609,0.702]",0.649,"[0.206,0.322]",0.265,0.0036,0.0,114,0.4122,0.018,0.5554825225290001,49,1.4464825225290001,0.005,0.0,82,0.41250000000000003,0.015,0.7091835225290001,48,1.436683522529,0.41458975101854634,0.41504008230710177,0.7197652221225417,0.7244993271389443,0.42835918260400996,0.4376803446331718,0.7100493571006155,0.7157925005086421
26,56,0.961,37.5,0.427,20787.4504,415.7490079,Sealock:1989nx,1.067952037,0.042092704,0.0089,0.9699,0.534,0.5429,1.0,0.0,0.0,20787.4504,415.7490079,0.6544984694978736,0.10332332985438242,0.8966766701456176,0.11522919386048376,0.0036446585960814293,0.42335534140391856,4.433234524286382,1.018608142099638,0.21209138589877138,0.21762319712411238,0.39995219712411234,0.6324177394128918,1.4695499786302286,1.4640181674048875,0.7024736385415512,0.0010035006808987903,20714934.02613501,414298.68042304897,0.001211410075595762,0.0012002939299386817,1995.040858172578,1958.5950432913658,41471812.885235906,829436.2575052138,106.50755964260586,2.130151192339752,40714197.31610512,814283.9461262429,104.56185773565858,2.091237154210167,"[0.609,0.702]",0.649,"[0.206,0.322]",0.265,0.0036,0.0,117,0.423,0.018,0.5554825225290001,50,1.464482522529,0.005,0.0,84,0.4225,0.015,0.7091835225290001,50,1.466683522529,0.42530349936146195,0.4250400823071017,0.7122911219526593,0.7206847124915876,0.4349289234362438,0.4536671629685603,0.7050525708336108,0.7094989655319585
26,56,0.961,37.5,0.437,20975.60417,419.5120834,Sealock:1989nx,1.029767716,0.041286058,0.0089,0.9699,0.524,0.5329,1.0,0.0,0.0,20975.60417,419.5120834,0.6544984694978736,0.10332332985438242,0.8966766701456176,0.11522919386048376,0.0036446585960814293,0.43335534140391857,4.433234524286382,1.018608142099638,0.20811963709916892,0.2136146652190818,0.4045836652190818,0.6360689154636326,1.4922871874298311,1.4867921593099183,0.6961434804233091,0.0010209350522228835,20545483.40203403,410909.66804068064,0.0012114100755957623,0.001200293929938682,2099.7581772599074,2061.399364952763,44043696.37892451,880873.9275784902,113.1126491127937,2.262252982255874,43239097.11553852,864781.9423107705,111.04628407901464,2.220925681580293,"[0.609,0.702]",0.649,"[0.206,0.322]",0.265,0.0036,0.0,120,0.43379999999999996,0.018,0.5554825225290001,51,1.4824825225290001,0.005,0.0,86,0.4325,0.015,0.7091835225290001,51,1.481683522529,0.4360150654781094,0.4350400823071017,0.7042023450335242,0.7168206743059918,0.4414673822926253,0.46166057213625455,0.6998260628602135,0.7063103464097906
26,56,0.961,37.5,0.447,21021.45625,420.4291249,Sealock:1989nx,1.065577938,0.028732548,0.0089,0.9699,0.514,0.5229,1.0,0.0,0.0,21021.45625,420.4291249,0.6544984694978736,0.10332332985438242,0.8966766701456176,0.11522919386048376,0.0036446585960814293,0.4433553414039186,4.433234524286382,1.018608142099638,0.20414788829956645,0.20960613331405117,0.4094151333140512,0.6398555566016842,1.5150243962294336,1.509566151214949,0.6895862168518017,0.0010368986640713227,20273395.056234777,405467.90102825407,0.001211410075595762,0.0012002939299386817,2212.199778393857,2171.7868598948075,46503660.85776615,930073.216934103,119.43030911415315,2.388606181714928,45654122.45960358,913082.4489748928,117.24853177392995,2.3449706349208426,"[0.609,0.702]",0.649,"[0.206,0.322]",0.265,0.0036,0.0,123,0.4446,0.018,0.5554825225290001,53,1.5184825225290002,0.005,0.0,88,0.4425,0.015,0.7091835225290001,53,1.5116835225290002,0.4467244507014101,0.44504008230710174,0.6954283080892394,0.7129094406021901,0.45445221429354465,0.4776473904716432,0.6886244396030092,0.6998549885948068
26,56,0.961,37.5,0.457,20933.56387,418.6712775,Sealock:1989nx,0.99361963,0.038168369,0.0089,0.9699,0.504,0.5129,1.0,0.0,0.0,20933.56387,418.6712775,0.6544984694978736,0.10332332985438242,0.8966766701456176,0.11522919386048376,0.0036446585960814293,0.4533553414039186,4.433234524286382,1.018608142099638,0.200176139499964,0.2055976014090205,0.4144466014090205,0.6437752724429702,1.5377616050290361,1.5323401431199795,0.682798308395658,0.0010514367081153563,19909485.476802774,398189.70963116334,0.0012114100755957623,0.001200293929938682,2332.9717301564406,2290.3525249145655,48837412.72013426,976748.2546359822,125.42383093968932,2.5084766193929378,47945240.86511483,958904.8175313317,123.13256271558512,2.4626512548999084,"[0.609,0.702]",0.649,"[0.145,0.206]",0.16,0.0036,0.0,125,0.4518,0.018,0.5554825225290001,54,1.536482522529,0.005,0.0,90,0.4525,0.03,0.8141835225290001,23,1.519183522529,0.4538628299004728,0.45403363460051427,0.6891582378098466,0.6547139319925434,0.46089944202742916,0.4256902308816304,0.6826161844320491,0.6704794396777058
26,56,0.961,37.5,0.467,20727.15193,414.5430385,Sealock:1989nx,1.056585105,0.039223913,0.0089,0.9699,0.49399999999999994,0.5028999999999999,1.0,0.0,0.0,20727.15193,414.5430385,0.6544984694978736,0.10332332985438242,0.8966766701456176,0.11522919386048376,0.0036446585960814293,0.4633553414039186,4.433234524286382,1.018608142099638,0.1962043907003615,0.20158906950398983,0.4196780695039899,0.6478256474577013,1.5604988138286386,1.5551141350250102,0.6757762931388256,0.0010645963280849313,19469494.101379644,389389.8819336606,0.0012114100755957625,0.0012002939299386821,2462.733991232288,2417.7442624362893,51045461.59944692,1020909.2317426652,131.09452342564296,2.621890467880382,50112952.65540276,1002259.0528662809,128.6996618301325,2.5739932359817272,"[0.609,0.702]",0.649,"[0.145,0.206]",0.16,0.0036,0.0,128,0.4626,0.018,0.5554825225290001,55,1.554482522529,0.005,0.0,92,0.4625,0.03,0.8141835225290001,24,1.549183522529,0.4645685832598758,0.4640336346005143,0.6790528031161749,0.6490943186965791,0.46731709762056883,0.44167704921701895,0.6763116111901349,0.6616194877587306
26,56,0.961,37.5,0.477,20418.82033,408.3764066,Sealock:1989nx,1.052950154,0.033449533,0.0089,0.9699,0.484,0.4929,1.0,0.0,0.0,20418.82033,408.3764066,0.6544984694978736,0.10332332985438242,0.8966766701456176,0.11522919386048376,0.0036446585960814293,0.47335534140391855,4.433234524286382,1.018608142099638,0.19223264190075906,0.19758053759895927,0.42510953759895925,0.6520042466111392,1.583236022628241,1.5778881269300407,0.6685167958155738,0.0010764262824531218,18969083.77549694,379381.6755099388,0.0012114100755957625,0.0012002939299386821,2602.205897180299,2554.668267049604,53133974.67619097,1062679.4935238196,136.4582250728615,2.7291645014572303,52163312.34763832,1043266.2469527664,133.96537827744308,2.679307565548862,"[0.609,0.702]",0.649,"[0.145,0.206]",0.16,0.0036,0.0,131,0.4734,0.018,0.5554825225290001,56,1.572482522529,0.005,0.0,94,0.47250000000000003,0.03,0.8141835225290001,25,1.579183522529,0.4752721592737359,0.4740336346005143,0.6680105125337022,0.6434510614352273,0.47370558430253806,0.45766386755240746,0.6696899791635565,0.6526768543119441
26,56,0.961,37.5,0.487,20029.65504,400.5931008,Sealock:1989nx,0.978549055,0.034199291,0.0089,0.9699,0.474,0.4829,1.0,0.0,0.0,20029.65504,400.5931008,0.6544984694978736,0.10332332985438242,0.8966766701456176,0.11522919386048376,0.0036446585960814293,0.48335534140391856,4.433234524286382,1.018608142099638,0.1882608931011566,0.19357200569392863,0.4307410056939286,0.6563086207676451,1.6059732314278432,1.6006621188350714,0.661016537269848,0.0010869766199851734,18426941.91552456,368538.8383104912,0.0012114100755957625,0.0012002939299386821,2752.172316098624,2701.8950687215424,55125062.10209328,1102501.2420418656,141.57171898630045,2.831434379726009,54118026.18076959,1082360.5236153917,138.98545783708474,2.7797091567416943,"[0.609,0.702]",0.649,"[0.145,0.206]",0.16,0.0036,0.0,134,0.48419999999999996,0.018,0.5554825225290001,58,1.608482522529,0.005,0.0,96,0.4825,0.03,0.8141835225290001,26,1.6091835225289999,0.48597355927001473,0.48403363460051424,0.6559046355384736,0.6377878819640083,0.48639661872884765,0.4736506858877959,0.6554021280470426,0.6436675594851771
26,56,0.961,37.5,0.497,19578.08692,391.5617383,Sealock:1989nx,1.011334769,0.041679251,0.0089,0.9699,0.46399999999999997,0.4729,1.0,0.0,0.0,19578.08692,391.5617383,0.6544984694978736,0.10332332985438242,0.8966766701456176,0.11522919386048376,0.0036446585960814293,0.49335534140391857,4.433234524286382,1.018608142099638,0.18428914430155413,0.18956347378889804,0.4365724737888981,0.6607363118437627,1.6287104402274457,1.6234361107401019,0.6532723442293491,0.0010962983701944017,17858356.312732916,357167.12616344227,0.0012114100755957623,0.001200293929938682,2913.490571281972,2860.2663289893285,57040571.6451589,1140811.432611829,146.49111441925663,2.929822287636892,55998542.80330239,1119970.855780021,143.81498474702667,2.876299694205962,"[0.609,0.702]",0.649,"[0.145,0.206]",0.16,0.0036,0.0,137,0.495,0.018,0.5554825225290001,59,1.626482522529,0.005,0.0,98,0.4925,0.03,0.8141835225290001,26,1.6091835225289999,0.49667278457531694,0.49403363460051425,0.6425841424412704,0.6321083953022998,0.49269992864994483,0.4736506858877959,0.6476831778568287,0.6436675594851771
26,56,0.961,37.5,0.507,19081.45329,381.6290657,Sealock:1989nx,1.095304413,0.037208906,0.0089,0.9699,0.45399999999999996,0.4629,1.0,0.0,0.0,19081.45329,381.6290657,0.6544984694978736,0.10332332985438242,0.8966766701456176,0.11522919386048376,0.0036446585960814293,0.5033553414039186,4.433234524286382,1.018608142099638,0.18031739550195167,0.1855549418838674,0.4426039418838674,0.665284857699217,1.6514476490270482,1.6462101026451326,0.6452811593825589,0.0011044432503617828,17276988.45889047,345539.76908726606,0.0012114100755957625,0.0012002939299386821,3087.0982459163215,3030.7025030773298,58906320.98109323,1178126.4193131546,151.2827161084589,3.025654321376352,57830208.248356156,1156604.1646640527,148.51905247549135,2.9703810487314843,"[0.609,0.702]",0.649,"[0.145,0.206]",0.16,0.0036,0.0,139,0.5022,0.018,0.5554825225290001,60,1.644482522529,0.005,0.0,100,0.5025000000000001,0.03,0.8141835225290001,27,1.6391835225290001,0.5038043939383599,0.5040336346005143,0.6329409103265209,0.6264161078232215,0.4989755945475821,0.4896375042231846,0.6395410735689645,0.6346069531819597
26,56,0.961,37.5,0.517,18556.13884,371.1227768,Sealock:1989nx,1.013141805,0.035298292,0.0089,0.9699,0.44399999999999995,0.45289999999999997,1.0,0.0,0.0,18556.13884,371.1227768,0.6544984694978736,0.10332332985438242,0.8966766701456176,0.11522919386048376,0.0036446585960814293,0.5133553414039186,4.433234524286382,1.018608142099638,0.1763456467023492,0.18154640997883678,0.44883540997883675,0.6699517967576748,1.6741848578266507,1.668984094550163,0.637040051744659,0.00111146339040606,16695231.709989777,333904.63419979555,0.0012114100755957625,0.0012002939299386821,3274.022005174497,3214.211500828784,60753206.89323316,1215064.1378646633,156.02587291196485,3.120517458239297,59643354.870503694,1192867.097410074,153.17556031935072,3.0635112063870142,"[0.609,0.702]",0.649,"[0.145,0.206]",0.16,0.0036,0.0,142,0.513,0.018,0.5554825225290001,61,1.662482522529,0.005,0.0,102,0.5125,0.03,0.8141835225290001,28,1.669183522529,0.5144999977030338,0.5140336346005142,0.6171743097035449,0.6207144157341166,0.505223976972588,0.505624322558573,0.6309419094773793,0.6255096893241466
26,56,0.961,37.5,0.527,18013.68154,360.2736309,Sealock:1989nx,1.0158945,0.046464683,0.0089,0.9699,0.43399999999999994,0.44289999999999996,1.0,0.0,0.0,18013.68154,360.2736309,0.6544984694978736,0.10332332985438242,0.8966766701456176,0.11522919386048376,0.0036446585960814293,0.5233553414039186,4.433234524286382,1.018608142099638,0.17237389790274674,0.17753787807380617,0.45526687807380617,0.6747346723518854,1.6969220666262534,1.691758086455194,0.6285462272958964,0.0011174110765420247,16120908.337284166,322418.1668351759,0.0012114100755957623,0.001200293929938682,3475.387595528776,3411.898503348917,62604525.3739217,1252090.5078259727,160.78041340058644,3.2156082689042753,61460853.08613002,1229217.0620637902,157.84324388883522,3.1568648786529447,"[0.609,0.702]",0.649,"[0.145,0.206]",0.16,0.0036,0.0,145,0.5237999999999999,0.018,0.5554825225290001,63,1.6984825225290001,0.005,0.0,104,0.5225,0.03,0.8141835225290001,29,1.6991835225290002,0.5251934303077519,0.5240336346005142,0.5996187226113189,0.6150066039295982,0.5176402949901241,0.5216111408939617,0.6122173309976956,0.6163897069285963
26,56,0.961,37.5,0.537,17463.47926,349.2695851,Sealock:1989nx,1.024996207,0.038766616,0.0089,0.9699,0.42399999999999993,0.43289999999999995,1.0,0.0,0.0,17463.47926,349.2695851,0.6544984694978736,0.10332332985438242,0.8966766701456176,0.11522919386048376,0.0036446585960814293,0.5333553414039186,4.433234524286382,1.018608142099638,0.16840214910314427,0.17352934616877552,0.46189834616877556,0.6796310367903864,1.719659275425856,1.7145320783602247,0.6197970398734551,0.0011223385143405052,15559903.75173187,311198.0749455377,0.0012114100755957623,0.001200293929938682,3692.4312106393754,3624.9771212590504,64482695.86597742,1289653.9169503052,165.6039149980491,3.3120782990126947,63304712.77508193,1266094.2551391409,162.57862877150464,3.2515725744991295,"[0.609,0.702]",0.649,"[0.145,0.206]",0.16,0.0036,0.0,148,0.5346,0.018,0.5554825225290001,64,1.716482522529,0.005,0.0,106,0.5325,0.03,0.8141835225290001,30,1.729183522529,0.5358846930741734,0.5340336346005142,0.5799645788798478,0.6092958451985466,0.5238089137548346,0.53759795922935,0.6020029425754472,0.6072602175330831
26,56,0.961,37.5,0.547,16915.0242,338.300484,Sealock:1989nx,1.010935592,0.037304115,0.0089,0.9699,0.4139999999999999,0.42289999999999994,1.0,0.0,0.0,16915.0242,338.300484,0.6544984694978736,0.10332332985438242,0.8966766701456176,0.11522919386048376,0.0036446585960814293,0.5433553414039186,4.433234524286382,1.018608142099638,0.1644304003035418,0.1695208142637449,0.46872981426374494,0.6846384551453014,1.7423964842254585,1.7373060702652552,0.610790002295297,0.0011262976115076074,15018254.524537584,300365.09049075167,0.0012114100755957623,0.001200293929938682,3926.5124490143326,3854.7821156432988,66417053.096678704,1328341.061933574,170.57171490323162,3.4114342980646324,65203732.7718336,1304074.6554366718,167.45567589086352,3.34911351781727,"[0.609,0.702]",0.649,"[0.145,0.206]",0.16,0.0036,0.0,150,0.5418,0.018,0.5554825225290001,65,1.734482522529,0.005,0.0,108,0.5425,0.03,0.8141835225290001,30,1.729183522529,0.5430109967714856,0.5440336346005142,0.5655092381095678,0.6035851997660194,0.5299516158299485,0.53759795922935,0.59115216066194,0.6072602175330831
26,56,0.961,37.5,0.557,16368.6746,327.373492,Sealock:1989nx,1.044678352,0.044658472,0.0089,0.9699,0.4039999999999999,0.41289999999999993,1.0,0.0,0.0,16368.6746,327.373492,0.6544984694978736,0.10332332985438242,0.8966766701456176,0.11522919386048376,0.0036446585960814293,0.5533553414039186,4.433234524286382,1.018608142099638,0.16045865150393937,0.1655122823587143,0.47576128235871434,0.6897545087628745,1.7651336930250607,1.760080062170286,0.601522797691747,0.0011293397804348303,14494021.094074594,289880.42188149184,0.001211410075595762,0.0012002939299386817,4179.129132291728,4102.78394562738,68406804.87786365,1368136.0975572728,175.6817786251863,3.5136355725037256,67157135.36007868,1343142.7072015733,172.47238792246125,3.4494477584492245,"[0.609,0.702]",0.649,"[0.145,0.206]",0.16,0.0036,0.0,153,0.5526,0.018,0.5554825225290001,66,1.752482522529,0.005,0.0,110,0.5525,0.03,0.8141835225290001,31,1.759183522529,0.5536986460741673,0.5540336346005142,0.541451326069197,0.597877615150776,0.5360687251536361,0.5535847775647386,0.5796057145824908,0.5981336984784841
26,56,0.961,37.5,0.567,15830.66754,316.6133509,Sealock:1989nx,0.972795364,0.035500714,0.0089,0.9699,0.394,0.40290000000000004,1.0,0.0,0.0,15830.66754,316.6133509,0.6544984694978736,0.10332332985438242,0.8966766701456176,0.11522919386048376,0.0036446585960814293,0.5633553414039185,4.433234524286382,1.018608142099638,0.15648690270433693,0.1615037504536837,0.4829927504536837,0.6949767985002692,1.787870901824663,1.7828540540753162,0.5919932910178431,0.0011315157603368653,13990673.479693316,279813.46968224336,0.001211410075595762,0.0012002939299386817,4451.934306410934,4370.605458968986,70477091.914712,1409541.8387394333,180.99867231065474,3.6199734473564367,69189601.96944712,1383792.039826003,177.69215150545088,3.5538430312314726,"[0.609,0.702]",0.649,"[0.145,0.206]",0.16,0.0036,0.0,156,0.5634,0.018,0.5554825225290001,68,1.788482522529,0.005,0.0,112,0.5625,0.03,0.8141835225290001,32,1.789183522529,0.5643841290564708,0.5640336346005143,0.5140237995175249,0.5921759263189883,0.548227428028529,0.5695715959001271,0.5541491588094499,0.5890218915372636
26,56,0.961,37.5,0.577,15301.77955,306.035591,Sealock:1989nx,1.058700392,0.050124889,0.0089,0.9699,0.384,0.3929,1.0,0.0,0.0,15301.77955,306.035591,0.6544984694978736,0.10332332985438242,0.8966766701456176,0.11522919386048376,0.0036446585960814293,0.5733553414039185,4.433234524286382,1.018608142099638,0.15251515390473447,0.1574952185486531,0.49042421854865303,0.7003029476938198,1.8106081106242655,1.8056280459803469,0.582199540716644,0.001132875458590341,13507027.126388898,270140.54252777796,0.001211410075595762,0.0012002939299386817,4746.755813599831,4660.041106499925,72633811.0373855,1452676.22074771,186.53754014906247,3.7307508029812495,71306921.70559992,1426138.4341119986,183.12983417210478,3.662596683442096,"[0.609,0.702]",0.649,"[0.145,0.206]",0.16,0.0036,0.0,159,0.5741999999999999,0.018,0.5554825225290001,69,1.806482522529,0.005,0.0,114,0.5725,0.03,0.8141835225290001,33,1.8191835225289998,0.5750674470351669,0.5740336346005143,0.48248400233768785,0.5864828561147121,0.5542696367541396,0.5855584142355155,0.5400768247190681,0.5799358063711972
26,56,0.961,37.5,0.587,14785.36989,295.7073978,Sealock:1989nx,1.095677695,0.051266895,0.0089,0.9699,0.374,0.3829,1.0,0.0,0.0,14785.36989,295.7073978,0.6544984694978736,0.10332332985438242,0.8966766701456176,0.11522919386048376,0.0036446585960814293,0.5833553414039185,4.433234524286382,1.018608142099638,0.148543405105132,0.15348668664362244,0.49805568664362243,0.7057306048653569,1.833345319423868,1.8284020378853776,0.5721398105008177,0.001133467810713933,13044366.809752803,260887.33619505606,0.0012114100755957623,0.001200293929938682,5065.618904208353,4973.079140882074,74897049.22049698,1497940.9844099397,192.34996933898546,3.8469993867797094,73528814.59018488,1470576.2918036978,188.83608071549284,3.7767216143098574,"[0.702,0.878]",0.756,"[0.145,0.206]",0.16,0.002,0.0,291,0.583,0.04,0.405147522529,35,1.825147522529,0.005,0.0,116,0.5825,0.03,0.8141835225290001,33,1.8191835225289998,0.5851957993254828,0.5840336346005143,0.6349326257862303,0.5808010159478061,0.6098495799428804,0.5855584142355155,0.6024707244698202,0.5799358063711972
26,56,0.961,37.5,0.597,14277.85436,285.5570871,Sealock:1989nx,1.008554902,0.037820809,0.0089,0.9699,0.364,0.3729,1.0,0.0,0.0,14277.85436,285.5570871,0.6544984694978736,0.10332332985438242,0.8966766701456176,0.11522919386048376,0.0036446585960814293,0.5933553414039185,4.433234524286382,1.018608142099638,0.14457165630552954,0.14947815473859183,0.5058871547385918,0.7112574461744438,1.8560825282234705,1.851176029790408,0.5618125812169401,0.001133340658287027,12598025.364747858,251960.50720672242,0.0012114100755957625,0.0012002939299386821,5410.772458107277,5311.927358988269,77254221.1319549,1545084.4220980208,198.40363833682315,3.9680727653468737,75842925.20253393,1516858.503519486,194.77916004859085,3.895583199607613,"[0.702,0.878]",0.756,"[0.145,0.206]",0.16,0.002,0.0,296,0.593,0.04,0.405147522529,36,1.865147522529,0.005,0.0,118,0.5925,0.03,0.8141835225290001,34,1.849183522529,0.5950839325362338,0.5940336346005143,0.6227289793522218,0.575132906720219,0.6227149956389798,0.6015452325709042,0.5824889290590017,0.5708857283029088
26,56,0.961,37.5,0.607,13782.62473,275.6524947,Sealock:1989nx,1.030282713,0.048539376,0.0089,0.9699,0.354,0.3629,1.0,0.0,0.0,13782.62473,275.6524947,0.6544984694978736,0.10332332985438242,0.8966766701456176,0.11522919386048376,0.0036446585960814293,0.6033553414039186,4.433234524286382,1.018608142099638,0.14059990750592707,0.14546962283356119,0.5139186228335612,0.7168811776253866,1.878819737023073,1.8739500216954388,0.551216562754026,0.0011325406439888519,12169651.308457296,243393.02625744295,0.0012114100755957623,0.001200293929938682,5784.719511041636,5679.043070594057,79728618.18899596,1594572.364358391,204.75836396363826,4.095167280758392,78272119.46750478,1565442.389918,201.0177962465268,4.020355926389024,"[0.702,0.878]",0.756,"[0.145,0.206]",0.16,0.002,0.0,301,0.603,0.04,0.405147522529,36,1.865147522529,0.005,0.0,120,0.6025,0.03,0.8141835225290001,35,1.879183522529,0.6049702128436749,0.6040336346005143,0.6094574979625779,0.5694809199718723,0.6227149956389798,0.6175320509062926,0.5824889290590017,0.5618812298948948
26,56,0.961,37.5,0.617,13299.90298,265.9980596,Sealock:1989nx,1.075195813,0.041052931,0.0089,0.9699,0.344,0.3529,1.0,0.0,0.0,13299.90298,265.9980596,0.6544984694978736,0.10332332985438242,0.8966766701456176,0.11522919386048376,0.0036446585960814293,0.6133553414039186,4.433234524286382,1.018608142099638,0.13662815870632464,0.1414610909285306,0.5221500909285306,0.7225995370386911,1.9015569458226753,1.8967240136004695,0.5403507059549227,0.0011311131228507836,11758243.01859375,235164.86037187497,0.0012114100755957619,0.0012002939299386815,6190.252939060617,6077.16813091712,82329763.51116607,1646595.270223321,211.43860341463042,4.228772068292607,80825746.53434564,1616514.9306869125,207.5759997154509,4.151519994309018,"[0.702,0.878]",0.756,"[0.100,0.145]",0.12,0.002,0.0,306,0.613,0.04,0.405147522529,37,1.905147522529,0.005,0.0,122,0.6125,0.008,0.8541835225290001,130,1.898183522529,0.6148546412890497,0.6136502259503858,0.5949777806616183,0.5118625467782173,0.6354752398811444,0.6063412780715208,0.560102290687517,0.5163889499863934
26,56,0.961,37.5,0.627,12829.90604,256.5981207,Sealock:1989nx,1.20032056,0.059158656,0.0089,0.9699,0.33399999999999996,0.3429,1.0,0.0,0.0,12829.90604,256.5981207,0.6544984694978736,0.10332332985438242,0.8966766701456176,0.11522919386048376,0.0036446585960814293,0.6233553414039186,4.433234524286382,1.018608142099638,0.13265640990672214,0.13745255902349998,0.5305815590235,0.7284102957972931,1.9242941546222778,1.9194980055055,0.5292142144863486,0.0011291020887491752,11362928.2664892,227258.56524121802,0.0012114100755957625,0.0012002939299386821,6630.4973532901895,6509.370070047613,85068658.04118182,1701373.1601605865,218.47260921798681,4.3694521826568975,83514606.37829909,1670292.1269150446,214.48150686058062,4.289630135539881,"[0.702,0.878]",0.756,"[0.100,0.145]",0.12,0.002,0.0,311,0.623,0.04,0.405147522529,37,1.905147522529,0.005,0.0,124,0.6225,0.008,0.8541835225290001,133,1.922183522529,0.6247372189126281,0.6236502259503858,0.5791235066769326,0.5057115895857156,0.6354752398811444,0.6191307327398317,0.560102290687517,0.5084854014256817
26,56,0.961,37.5,0.637,12373.19543,247.4639086,Sealock:1989nx,1.091068195,0.04849192,0.0089,0.9699,0.32399999999999995,0.3329,1.0,0.0,0.0,12373.19543,247.4639086,0.6544984694978736,0.10332332985438242,0.8966766701456176,0.11522919386048376,0.0036446585960814293,0.6333553414039186,4.433234524286382,1.018608142099638,0.12868466110711968,0.13344402711846934,0.5392130271184693,0.7343112603783694,1.9470313634218803,1.9422719974105307,0.5178065566205686,0.0011265501151222336,10983262.31910018,219665.24638200362,0.0012114100755957623,0.001200293929938682,7108.958510311657,6979.09060068781,87960532.9518478,1759210.659036956,225.89949794308436,4.517989958861687,86353651.92598636,1727073.0385197273,221.77271966179447,4.435454393235889,"[0.702,0.878]",0.756,"[0.100,0.145]",0.12,0.002,0.0,316,0.633,0.04,0.405147522529,38,1.945147522529,0.005,0.0,126,0.6325000000000001,0.008,0.8541835225290001,136,1.946183522529,0.6346179467536857,0.6336502259503858,0.5616961712817621,0.4996108135618339,0.6481328505089422,0.6319201874081425,0.5348627843285052,0.5006626067430164
26,56,0.961,37.5,0.647,11929.79669,238.5959338,Sealock:1989nx,1.181914526,0.054401598,0.0089,0.9699,0.31399999999999995,0.32289999999999996,1.0,0.0,0.0,11929.79669,238.5959338,0.6544984694978736,0.10332332985438242,0.8966766701456176,0.11522919386048376,0.0036446585960814293,0.6433553414039186,4.433234524286382,1.018608142099638,0.12471291230751722,0.12943549521343872,0.5480444952134387,0.7403002736818612,1.9697685722214828,1.9650459893155614,0.5061274768790098,0.0011234983088697808,10618437.603169302,212368.75206338605,0.0012114100755957625,0.0012002939299386821,7629.581866935979,7490.203103235817,91019360.50225686,1820387.2100451372,233.7551530277363,4.675103060554727,89356600.18841037,1787132.0037682077,229.4848660309166,4.589697320618333,"[0.702,0.878]",0.756,"[0.100,0.145]",0.12,0.002,0.0,321,0.643,0.04,0.405147522529,38,1.945147522529,0.005,0.0,128,0.6425,0.008,0.8541835225290001,138,1.962183522529,0.6444968258505455,0.6436502259503857,0.5424569124381289,0.4935618942546592,0.6481328505089422,0.6404464905203496,0.5348627843285052,0.4954940660262305
26,56,0.961,37.5,0.657,11498.42178,229.9684355,Sealock:1989nx,1.200164707,0.060703983,0.0089,0.9699,0.30399999999999994,0.31289999999999996,1.0,0.0,0.0,11498.42178,229.9684355,0.6544984694978736,0.10332332985438242,0.8966766701456176,0.11522919386048376,0.0036446585960814293,0.6533553414039186,4.433234524286382,1.018608142099638,0.12074116350791475,0.12542696330840808,0.5570759633084081,0.7463752161670484,1.9925057810210853,1.987819981220592,0.49417700748554655,0.001119986276386786,10266573.816507224,205331.47624085768,0.0012114100755957625,0.0012002939299386821,8196.822324761511,8047.081096235452,94250520.345828,1885010.4060968778,242.05339045242488,4.841067806943396,92528732.54238,1850574.6500428917,237.631509555269,4.752630189038735,"[0.702,0.878]",0.756,"[0.100,0.145]",0.12,0.002,0.0,326,0.653,0.04,0.405147522529,39,1.985147522529,0.005,0.0,130,0.6525,0.008,0.8541835225290001,141,1.986183522529,0.6543738572405502,0.6536502259503857,0.521115713018873,0.48756636941219744,0.6606902649091723,0.6532359451886606,0.506202881549444,0.4878136736242615
26,56,0.961,37.5,0.667,11082.15453,221.6430906,Sealock:1989nx,1.055751385,0.13445039,0.0089,0.9699,0.29399999999999993,0.30289999999999995,1.0,0.0,0.0,11082.15453,221.6430906,0.6544984694978736,0.10332332985438242,0.8966766701456176,0.11522919386048376,0.0036446585960814293,0.6633553414039186,4.433234524286382,1.018608142099638,0.11676941470831229,0.12141843140337746,0.5663074314033775,0.7525340068085811,2.015242989820688,2.010593973125623,0.4819554795747743,0.0011160521006880054,9929782.420702633,198595.64841405264,0.0012114100755957625,0.0012002939299386821,8815.72775029774,8654.680230737253,97697257.2232088,1953945.144464176,250.90527099490038,5.018105419898007,95912503.72476628,1918250.0744953258,246.3216821315742,4.926433642631484,"[0.702,0.878]",0.756,"[0.100,0.145]",0.12,0.002,0.0,331,0.663,0.04,0.405147522529,40,2.025147522529,0.005,0.0,132,0.6625,0.008,0.8541835225290001,144,2.010183522529,0.6642490419600833,0.6636502259503857,0.4973169399012115,0.4816256442778457,0.6731498254958411,0.6660253998569714,0.4733929275600299,0.48022281511140985
26,56,1.1,85.0,0.5008,82.65593691,1.653118738,Chen:1990kq,0.770664545,0.015969815,0.0089,1.1089,0.5992000000000001,0.6081000000000001,1.0,0.0,0.0,82.65593691,1.653118738,1.4835298641951802,0.45642212862617093,0.5435778713738292,0.8396628204761494,0.02077463621372,0.48002536378628,4.433234524286382,1.0162472809917351,1.2033478136803275,1.2311020947897937,1.4819027347897937,1.2173342740553204,0.6167826456486725,0.5890283645392063,0.3309681717227353,-3.8531326578500836e-05,-2145161.9824612834,-42903.23964403509,2.8723799629742235e-05,2.8493263227267074e-05,16966.60688722638,16695.352799044158,1402390.788447355,28047.81576555378,3.601608180383457,0.07203216359895445,1379970.0276479858,27599.40054962065,3.54402737183092,0.07088054742804303,"[0.878,1.302]",0.991,"[1.050,1.500]",1.25,0.002,0.0,240,0.481,0.12,-0.005397477470999945,4,0.5346025225290001,0.005,0.0,96,0.4825,0.1,-0.2758164774709999,8,0.5741835225290002,0.48812958457692446,0.49448152031651765,0.31082187006706236,0.33246694411128036,0.29326405690450097,0.5029598528360083,0.352050179223911,0.3312158720030815
26,56,1.1,85.0,0.5358,147.5194409,2.950388818,Chen:1990kq,0.840567177,0.010846028,0.0089,1.1089,0.5642,0.5731,1.0,0.0,0.0,147.5194409,2.950388818,1.4835298641951802,0.45642212862617093,0.5435778713738292,0.8396628204761494,0.02077463621372,0.51502536378628,4.433234524286382,1.0162472809917351,1.133058805871897,1.1602443850090953,1.4473260250090954,1.2030486378401728,0.7527507634571033,0.7255651843199049,0.32311799902021915,-2.0235389681809456e-05,-7290170.4992917515,-145803.40998583502,2.8723799629742245e-05,2.8493263227267087e-05,17789.03751434382,17504.634794184993,2624228.8682651264,52484.577365302524,6.739522419144087,0.13479044838288173,2582273.937996857,51645.478759937134,6.631774121518065,0.1326354824303613,"[0.878,1.302]",0.991,"[1.050,1.500]",1.25,0.002,0.0,257,0.515,0.12,-0.005397477470999945,6,0.7746025225290001,0.005,0.0,103,0.5175,0.1,-0.2758164774709999,10,0.7741835225290001,0.521803605639569,0.5294815203165176,0.3008864878437814,0.32722880260522325,0.38712638227275475,0.6095386417385985,0.33537441629442816,0.314616641715427
26,56,1.1,85.0,0.5688,212.9453914,4.258907827,Chen:1990kq,0.878159414,0.011364416,0.0089,1.1089,0.5312000000000001,0.5401000000000001,1.0,0.0,0.0,212.9453914,4.258907827,1.4835298641951802,0.45642212862617093,0.5435778713738292,0.8396628204761494,0.02077463621372,0.54802536378628,4.433234524286382,1.0162472809917351,1.0667863127953772,1.0934356872158653,1.4169691272158653,1.1903651234876909,0.8809492745336229,0.8542999001131348,0.3148400169073055,-3.365114565995565e-06,-63280279.83112676,-1265605.5963253684,2.872379962974224e-05,2.849326322726708e-05,18706.034147413022,18406.970918690364,3983363.7630626312,79667.27524254659,10.23004117873095,0.2046008235265783,3919679.6267689373,78393.59251697177,10.066488117682992,0.2013297623063872,"[0.878,1.302]",0.991,"[1.050,1.500]",1.25,0.002,0.0,274,0.549,0.12,-0.005397477470999945,7,0.894602522529,0.005,0.0,109,0.5475,0.1,-0.2758164774709999,11,0.8741835225290002,0.5554561176280615,0.5594815203165177,0.28997517745070767,0.3225957265025699,0.43164799134548637,0.6628280361898936,0.3254653164264248,0.30585127747079915
26,56,1.1,85.0,0.5998,265.6362301,5.312724602,Chen:1990kq,0.926078494,0.012837104,0.0089,1.1089,0.5002000000000001,0.5091000000000001,1.0,0.0,0.0,265.6362301,5.312724602,1.4835298641951802,0.45642212862617093,0.5435778713738292,0.8396628204761494,0.02077463621372,0.57902536378628,4.433234524286382,1.0162472809917351,1.0045303344507674,1.0306760014101037,1.3904360414101038,1.1791675205033862,1.0013781788782325,0.9752325119188963,0.30623196167729433,1.210102415699795e-05,21951549.443555497,439030.98887111,2.8723799629742235e-05,2.8493263227267074e-05,19718.13019333903,19402.88605160794,5237849.769179564,104756.99538359129,13.451801546117252,0.26903603092234507,5154109.503809007,103082.19007618015,13.236740503738334,0.26473481007476674,"[0.878,1.302]",0.991,"[0.650,1.050]",0.8,0.002,0.0,289,0.579,0.12,-0.005397477470999945,8,1.014602522529,0.005,0.0,115,0.5775,0.1,0.17418352252900005,8,1.0241835225290001,0.5851316811991651,0.5851681730025713,0.2794757012798605,0.2942801280003128,0.47476752402222344,0.5029598528360083,0.31450744562727967,0.3114928569743694
26,56,1.1,85.0,0.6288,304.1897996,6.083795992,Chen:1990kq,0.989513785,0.014859144,0.0089,1.1089,0.47120000000000006,0.4801000000000001,1.0,0.0,0.0,304.1897996,6.083795992,1.4835298641951802,0.45642212862617093,0.5435778713738292,0.8396628204761494,0.02077463621372,0.60802536378628,4.433234524286382,1.0162472809917351,0.9462908708380678,0.9719653275918105,1.3673547675918105,1.1693394578101821,1.1140374764909327,1.0883630197371899,0.29740087843888496,2.6196824430111627e-05,11611705.090879362,232234.10181758722,2.872379962974224e-05,2.849326322726708e-05,20823.830873163177,20490.90931179823,6334396.9402118,126687.938804236,16.26794473095556,0.32535889461911116,6233125.597177678,124662.51194355355,16.007860522962485,0.32015721045924966,"[0.878,1.302]",0.991,"[0.650,1.050]",0.8,0.002,0.0,304,0.609,0.12,-0.005397477470999945,9,1.134602522529,0.005,0.0,121,0.6075,0.1,0.17418352252900005,9,1.124183522529,0.6147905591939065,0.6151681730025713,0.26809606700368105,0.2878763528913599,0.5166096490576481,0.5562492472873034,0.3024812279115539,0.30040561419392675
26,56,1.1,85.0,0.6568,337.224203,6.74448406,Chen:1990kq,1.073469807,0.015805508,0.0089,1.1089,0.44320000000000004,0.45210000000000006,1.0,0.0,0.0,337.224203,6.74448406,1.4835298641951802,0.45642212862617093,0.5435778713738292,0.8396628204761494,0.02077463621372,0.63602536378628,4.433234524286382,1.0162472809917351,0.8900596645913236,0.9152791597672517,1.3466653997672517,1.1604591331741294,1.2228119707376766,1.1975924755617484,0.2881163817419778,3.943233888096005e-05,8551970.605092084,171039.41210184165,2.8723799629742242e-05,2.8493263227267087e-05,22066.7165286064,21713.924299085887,7441430.89418622,148828.6178837244,19.11101998319021,0.38222039966380417,7322460.815761572,146449.21631523143,18.805482032424386,0.3761096406484877,"[0.878,1.302]",0.991,"[0.650,1.050]",0.8,0.002,0.0,318,0.637,0.12,-0.005397477470999945,10,1.254602522529,0.005,0.0,127,0.6375000000000001,0.1,0.17418352252900005,10,1.224183522529,0.6424571493600979,0.6451681730025713,0.2566209087370463,0.28144572621466707,0.5572815869439202,0.6095386417385985,0.28935371894991224,0.28908076326259596
26,56,1.1,85.0,0.6828,371.3071628,7.426143256,Chen:1990kq,1.106900273,0.018582997,0.0089,1.1089,0.4172000000000001,0.42610000000000015,1.0,0.0,0.0,371.3071628,7.426143256,1.4835298641951802,0.45642212862617093,0.5435778713738292,0.8396628204761494,0.02077463621372,0.66202536378628,4.433234524286382,1.0162472809917351,0.8378449730764898,0.8626420039301615,1.3288578439301615,1.152760965651666,1.3238168582525103,1.2990198273988383,0.27879078967303383,5.136681867911614e-05,7228541.154544186,144570.8230908837,2.8723799629742242e-05,2.8493263227267087e-05,23406.246612504518,23032.038609405023,8690907.021486163,173818.14042972325,22.319914022104705,0.44639828044209406,8551960.909558237,171039.21819116472,21.963073790783632,0.43926147581567265,"[0.878,1.302]",0.991,"[0.650,1.050]",0.8,0.002,0.0,331,0.663,0.12,-0.005397477470999945,10,1.254602522529,0.005,0.0,132,0.6625,0.1,0.17418352252900005,11,1.3241835225290002,0.6681345816202935,0.6701681730025713,0.24517116915284992,0.276082146460958,0.5572815869439202,0.6628280361898936,0.28935371894991224,0.27765657985932407
26,56,1.1,85.0,0.7068,409.2803223,8.185606447,Chen:1990kq,1.160573754,0.019961869,0.0089,1.1089,0.3932000000000001,0.4021000000000001,1.0,0.0,0.0,409.2803223,8.185606447,1.4835298641951802,0.45642212862617093,0.5435778713738292,0.8396628204761494,0.02077463621372,0.68602536378628,4.433234524286382,1.0162472809917351,0.789646796293566,0.8140538600805397,1.3136201000805396,1.1461326712386048,1.4170521390354343,1.3926450752484607,0.2695498154976324,6.205875057178355e-05,6595046.122086911,131900.922457852,2.8723799629742245e-05,2.8493263227267087e-05,24833.03709226296,24436.01823763691,10163673.42480924,203273.4685210178,26.102260262324208,0.5220452053102601,10001181.420028713,200023.62842501025,25.68494966781268,0.5136989934190099,"[0.878,1.302]",0.991,"[0.650,1.050]",0.8,0.002,0.0,343,0.687,0.12,-0.005397477470999945,11,1.374602522529,0.005,0.0,137,0.6875,0.1,0.17418352252900005,12,1.424183522529,0.6918257549998685,0.6951681730025713,0.2338737456191611,0.27072672028263167,0.5968763486071639,0.7161174306411887,0.2750790888789973,0.2662531490565028
26,56,1.1,85.0,0.7298,451.1247393,9.022494785,Chen:1990kq,1.259075264,0.025270173,0.0089,1.1089,0.3702000000000001,0.3791000000000001,1.0,0.0,0.0,451.1247393,9.022494785,1.4835298641951802,0.45642212862617093,0.5435778713738292,0.8396628204761494,0.02077463621372,0.70902536378628,4.433234524286382,1.0162472809917351,0.7434568768765976,0.767490222224652,1.300098262224652,1.1402185151209623,1.5064026164524025,1.4823692711043481,0.26009753157903287,7.199629593462263e-05,6265943.73285052,125318.87464312078,2.8723799629742235e-05,2.8493263227267074e-05,26405.86457797708,25983.700101227463,11912338.773731016,238246.7754482144,30.593167844798096,0.6118633568281465,11721889.934215622,234437.79865832874,30.104058743402334,0.6020811748013156,"[0.878,1.302]",0.991,"[0.650,1.050]",0.8,0.002,0.0,354,0.709,0.12,-0.005397477470999945,12,1.494602522529,0.005,0.0,141,0.7075,0.1,0.17418352252900005,13,1.5241835225290001,0.7135333392775038,0.7151681730025713,0.22286048507738934,0.2664554857993836,0.6354752398811444,0.7694068250924838,0.25959858476880776,0.25497201565284094
26,56,1.1,85.0,0.7518,492.9677395,9.859354789,Chen:1990kq,1.282031154,0.027385159,0.0089,1.1089,0.34820000000000007,0.3571000000000001,1.0,0.0,0.0,492.9677395,9.859354789,1.4835298641951802,0.45642212862617093,0.5435778713738292,0.8396628204761494,0.02077463621372,0.73102536378628,4.433234524286382,1.0162472809917351,0.6992752148255841,0.7229510903624986,1.2881543303624987,1.134968867574128,1.5918682905034158,1.5681924149665014,0.25048703401380135,8.120534176301186e-05,6070631.916539035,121412.63831846623,2.872379962974225e-05,2.849326322726709e-05,28135.89405242781,27686.070682492318,13870088.089836832,277401.7617686007,35.62104310618179,0.7124208620513773,13648339.67998546,272966.7935720231,35.05155071255879,0.7010310141800726,"[0.878,1.302]",0.991,"[0.650,1.050]",0.8,0.002,0.0,365,0.731,0.12,-0.005397477470999945,13,1.614602522529,0.005,0.0,146,0.7325,0.1,0.17418352252900005,13,1.5241835225290001,0.7352320156343524,0.7401681730025713,0.21117549216935122,0.2611411583731744,0.6731498254958411,0.7694068250924838,0.24284003737402868,0.25497201565284094
26,56,1.1,85.0,0.7718,529.5953192,10.59190638,Chen:1990kq,1.374634506,0.030211747,0.0089,1.1089,0.32820000000000005,0.33710000000000007,1.0,0.0,0.0,529.5953192,10.59190638,1.4835298641951802,0.45642212862617093,0.5435778713738292,0.8396628204761494,0.02077463621372,0.75102536378628,4.433234524286382,1.0162472809917351,0.659110067506481,0.6824609704878137,1.2781362104878138,1.13054686346379,1.669564357822519,1.6462134548411862,0.24124879602103352,8.931556496228387e-05,5929485.184621932,118589.70364765362,2.8723799629742245e-05,2.8493263227267087e-05,29937.897815064458,29459.26486105692,15854970.549546042,317099.4108711693,40.71860147784154,0.8143720292492858,15601488.777488781,312029.7754319386,40.06761173137416,0.8013522343248551,"[0.878,1.302]",0.991,"[0.650,1.050]",0.8,0.002,0.0,375,0.751,0.12,-0.005397477470999945,13,1.614602522529,0.005,0.0,150,0.7525000000000001,0.1,0.17418352252900005,14,1.6241835225290002,0.7549503642565156,0.7601681730025713,0.19993111216678522,0.2569151667918247,0.6731498254958411,0.8226962195437789,0.24284003737402868,0.24389671905371121
26,56,1.1,85.0,0.7918,562.6804719,11.25360944,Chen:1990kq,1.427097687,0.031456574,0.0089,1.1089,0.30820000000000014,0.31710000000000016,1.0,0.0,0.0,562.6804719,11.25360944,1.4835298641951802,0.45642212862617093,0.5435778713738292,0.8396628204761494,0.02077463621372,0.77102536378628,4.433234524286382,1.0162472809917351,0.6189449201873781,0.641970850613129,1.2689180906131288,1.126462645014529,1.7472604251416217,1.724234494715871,0.23151625408974805,9.716812975819485e-05,5790792.447073372,115815.84896205031,2.872379962974225e-05,2.849326322726709e-05,32001.88464229511,31490.253642858577,18006835.552215975,360136.71110832324,46.24500300624678,0.9249000602893095,17718950.78001436,354379.0156632677,45.50565976532525,0.9101131954682511,"[0.878,1.302]",0.991,"[0.438,0.650]",0.5,0.002,0.0,385,0.771,0.12,-0.005397477470999945,14,1.734602522529,0.005,0.0,154,0.7725,0.1,0.4741835225290001,12,1.724183522529,0.7746613682329482,0.777292608126607,0.1880553489176184,0.2123787805013306,0.709963488653555,0.7161174306411887,0.2247169365792901,0.22718375323819925
26,56,1.108,37.5,0.125,3251.165619,65.02331237,Sealock:1989nx,1.310299289,0.10027173,0.0089,1.1169,0.9830000000000001,0.9919000000000001,1.0,0.0,0.0,3251.165619,65.02331237,0.6544984694978736,0.10332332985438242,0.8966766701456176,0.11522919386048376,0.0048421442503070455,0.12015785574969295,4.433234524286382,1.0161295028607173,0.4501442049500744,0.4578682892589337,0.4734932892589337,0.6881084865476763,0.6647802675789256,0.6570561832700663,0.8075438137421226,-0.0004470282448774575,-7272841.607337881,-145456.83212438767,0.0009112938429605118,0.0009040322123737552,962.9489036028015,947.6635614769613,3130706.3682471733,62614.127355313976,8.040253657642221,0.16080507312811404,3081011.189452989,61620.22377958315,7.912626919114573,0.15825253835795366,"[0.609,0.702]",0.649,"[0.438,0.650]",0.5,0.0036,0.0,33,0.1206,0.018,0.5554825225290001,5,0.6544825225290001,0.005,0.0,24,0.1225,0.1,0.4741835225290001,1,0.6241835225290001,0.12448875625727851,0.12729260812660706,0.8069320911016,0.8078021993372972,0.09887863911985406,0.12993409167694267,0.8091040729293394,0.807597890722904
26,56,1.108,37.5,0.135,4405.413519,88.10827038,Sealock:1989nx,1.096378349,0.071502936,0.0089,1.1169,0.9730000000000001,0.9819000000000001,1.0,0.0,0.0,4405.413519,88.10827038,0.6544984694978736,0.10332332985438242,0.8966766701456176,0.11522919386048376,0.0048421442503070455,0.13015785574969296,4.433234524286382,1.0161295028607173,0.44556491497092815,0.45325221617435935,0.47147721617435934,0.6866419854439134,0.688125017558072,0.6804377163546409,0.8066305148420588,-0.0003983300744492104,-11059706.011632616,-221194.12023265232,0.0009112938429605118,0.0009040322123737552,973.2105788215969,957.7623482850458,4287395.040774478,85747.90081548956,11.01085173875448,0.2202170347750896,4219339.197124127,84386.78394248254,10.836071295790097,0.2167214259158019,"[0.609,0.702]",0.649,"[0.438,0.650]",0.5,0.0036,0.0,36,0.1314,0.018,0.5554825225290001,6,0.6724825225290001,0.005,0.0,26,0.1325,0.1,0.4741835225290001,2,0.7241835225290001,0.13526193356096883,0.13729260812660707,0.8058514966231533,0.8070071931179515,0.10752025037456614,0.18322348612823774,0.8084321189550578,0.8026121791920012
26,56,1.108,37.5,0.145,5756.920288,115.1384058,Sealock:1989nx,1.120390708,0.062533435,0.0089,1.1169,0.9630000000000001,0.9719000000000001,1.0,0.0,0.0,5756.920288,115.1384058,0.6544984694978736,0.10332332985438242,0.8966766701456176,0.11522919386048376,0.0048421442503070455,0.14015785574969294,4.433234524286382,1.0161295028607173,0.44098562499178195,0.44863614308978483,0.46966114308978485,0.685318278677714,0.711469767537218,0.7038192494392151,0.8056338626431722,-0.00034993961707846435,-16451181.881213436,-329023.6377385741,0.0009112938429605116,0.000904032212373755,984.4849519553343,968.8577579764253,5667601.39314237,113352.02790222678,14.555486037735417,0.29110972085584214,5577636.883080677,111552.73770036784,14.324439942701439,0.2864887989535572,"[0.609,0.702]",0.649,"[0.438,0.650]",0.5,0.0036,0.0,38,0.1386,0.018,0.5554825225290001,8,0.7084825225290001,0.005,0.0,28,0.14250000000000002,0.1,0.4741835225290001,2,0.7241835225290001,0.1424428190483482,0.14729260812660708,0.8050740274873318,0.8061538372451855,0.12459271236868863,0.18322348612823774,0.8069221473084002,0.8026121791920012
26,56,1.108,37.5,0.155,7261.492218,145.2298444,Sealock:1989nx,1.035599815,0.053845682,0.0089,1.1169,0.9530000000000001,0.9619000000000001,1.0,0.0,0.0,7261.492218,145.2298444,0.6544984694978736,0.10332332985438242,0.8966766701456176,0.11522919386048376,0.0048421442503070455,0.15015785574969295,4.433234524286382,1.0161295028607173,0.43640633501263565,0.4440200700052105,0.4680450700052105,0.684138195107692,0.7348145175163643,0.7272007825237895,0.8045518256713952,-0.0003019109395258891,-24051769.138949405,-481035.38291147747,0.0009112938429605119,0.0009040322123737552,996.815535778885,980.9926126271724,7238368.255839874,144767.3651566701,18.589516230154185,0.37179032470548423,7123470.222507701,142469.40448939372,18.294436071208416,0.3658887215249434,"[0.609,0.702]",0.649,"[0.438,0.650]",0.5,0.0036,0.0,41,0.1494,0.018,0.5554825225290001,9,0.7264825225290001,0.005,0.0,30,0.1525,0.1,0.4741835225290001,2,0.7241835225290001,0.1532122992219911,0.15729260812660706,0.8038196639715591,0.8052425066459643,0.13302692183748432,0.18322348612823774,0.8060840636142401,0.8026121791920012
26,56,1.108,37.5,0.165,8857.50097,177.1500194,Sealock:1989nx,1.028506802,0.048772222,0.0089,1.1169,0.9430000000000001,0.9519000000000001,1.0,0.0,0.0,8857.50097,177.1500194,0.6544984694978736,0.10332332985438242,0.8966766701456176,0.11522919386048376,0.0048421442503070455,0.16015785574969296,4.433234524286382,1.0161295028607173,0.4318270450334894,0.4394039969206361,0.4666289969206361,0.6831024790766288,0.7581592674955107,0.750582315608364,0.803382341169259,-0.0002542979735289765,-34831189.75382127,-696623.7950764254,0.0009112938429605118,0.0009040322123737552,1010.248806943707,994.2126511429357,8948279.787445227,178965.59574890454,22.98089658625314,0.4596179317250629,8806239.521884823,176124.79043769647,22.61610997570176,0.4523221995140353,"[0.609,0.702]",0.649,"[0.438,0.650]",0.5,0.0036,0.0,44,0.1602,0.018,0.5554825225290001,10,0.744482522529,0.005,0.0,32,0.1625,0.1,0.4741835225290001,2,0.7241835225290001,0.16397956294382254,0.16729260812660707,0.802456134605737,0.8042736003992174,0.14139524651325186,0.18322348612823774,0.8051903471171378,0.8026121791920012
26,56,1.108,37.5,0.175,10474.02854,209.4805709,Sealock:1989nx,1.03112188,0.044395525,0.0089,1.1169,0.933,0.9419000000000001,1.0,0.0,0.0,10474.02854,209.4805709,0.6544984694978736,0.10332332985438242,0.8966766701456176,0.11522919386048376,0.0048421442503070455,0.17015785574969294,4.433234524286382,1.0161295028607173,0.4272477550543432,0.4347879238360617,0.4654129238360617,0.6822117881098667,0.7815040174746568,0.7739638486929383,0.8021233154103894,-0.00020715428169914676,-50561487.091112055,-1011229.7423049732,0.0009112938429605117,0.000904032212373755,1024.8344047801395,1008.566724905551,10734144.804441093,214682.8961913053,27.567340042141833,0.5513468011060338,10563756.66115507,211275.13332395809,27.129750651399533,0.54259501328701,"[0.609,0.702]",0.649,"[0.322,0.438]",0.38,0.0036,0.0,47,0.17099999999999999,0.018,0.5554825225290001,12,0.7804825225290001,0.005,0.0,34,0.17250000000000001,0.05,0.5941835225290001,3,0.7691835225290001,0.17474461158176524,0.17614238217622138,0.8009792650098437,0.8004644020470539,0.15794026507618952,0.14325644028976647,0.8032346450533772,0.8045669790908848
26,56,1.108,37.5,0.185,12038.52444,240.7704888,Sealock:1989nx,0.971879906,0.031897597,0.0089,1.1169,0.923,0.9319000000000001,1.0,0.0,0.0,12038.52444,240.7704888,0.6544984694978736,0.10332332985438242,0.8966766701456176,0.11522919386048376,0.0048421442503070455,0.18015785574969295,4.433234524286382,1.0161295028607173,0.42266846507519695,0.43017185075148734,0.46439685075148734,0.6814666908598596,0.8048487674538031,0.7973453817775127,0.8007726240713022,-0.0001605328212178835,-74991047.61674055,-1499820.9523348112,0.000911293842960512,0.0009040322123737554,1040.6253436773588,1024.1070067817914,12527593.632743282,250551.8726548657,32.173260178185835,0.6434652035637168,12328737.23031784,246574.74460635683,31.66255884472226,0.6332511768944452,"[0.609,0.702]",0.649,"[0.322,0.438]",0.38,0.0036,0.0,50,0.1818,0.018,0.5554825225290001,13,0.7984825225290001,0.005,0.0,36,0.1825,0.05,0.5941835225290001,4,0.8191835225290001,0.18550744650234208,0.18614238217622137,0.7993844357820343,0.7990590669264961,0.16611982980694873,0.16990113751541397,0.8021716998210537,0.8013045397537811
26,56,1.108,37.5,0.195,13483.13292,269.6626583,Sealock:1989nx,0.993834303,0.024178357,0.0089,1.1169,0.913,0.9219,1.0,0.0,0.0,13483.13292,269.6626583,0.6544984694978736,0.10332332985438242,0.8966766701456176,0.11522919386048376,0.0048421442503070455,0.19015785574969296,4.433234524286382,1.0161295028607173,0.41808917509605076,0.42555577766691294,0.46358077766691297,0.6808676653116323,0.8281935174329493,0.820726914862087,0.799328112663546,-0.00011448570742572842,-117771320.30866878,-2355426.405299904,0.0009112938429605119,0.0009040322123737552,1057.6782400445832,1040.8892144819074,14260816.297112782,285216.32583648775,36.62450798859851,0.732490159500338,14034447.633853946,280688.95257299,36.043149899190254,0.7208629977164848,"[0.609,0.702]",0.649,"[0.322,0.438]",0.38,0.0036,0.0,52,0.189,0.018,0.5554825225290001,14,0.816482522529,0.005,0.0,38,0.1925,0.05,0.5941835225290001,4,0.8191835225290001,0.19268144061393855,0.19614238217622137,0.7982531842547316,0.7975814908076438,0.17423925724888079,0.16990113751541397,0.8010512031286301,0.8013045397537811
26,56,1.108,37.5,0.205,14749.63217,294.9926435,Sealock:1989nx,0.922056892,0.025898951,0.0089,1.1169,0.9030000000000001,0.9119000000000002,1.0,0.0,0.0,14749.63217,294.9926435,0.6544984694978736,0.10332332985438242,0.8966766701456176,0.11522919386048376,0.0048421442503070455,0.20015785574969294,4.433234524286382,1.0161295028607173,0.4135098851169045,0.42093970458233854,0.4629647045823385,0.680415097262207,0.8515382674120955,0.8441084479466615,0.797787597029318,-6.906397944687442e-05,-213564759.6348796,-4271295.194145524,0.0009112938429605119,0.0009040322123737552,1076.0535549412332,1058.9728493384073,15871394.130604077,317427.88271968684,40.760780380025636,0.8152156078768638,15619460.005758336,312389.200221064,40.11376528805776,0.8022753060331197,"[0.609,0.702]",0.649,"[0.322,0.438]",0.38,0.0036,0.0,55,0.1998,0.018,0.5554825225290001,16,0.852482522529,0.005,0.0,40,0.2025,0.05,0.5941835225290001,4,0.8191835225290001,0.20344058903849316,0.20614238217622138,0.7964501563698759,0.7960325016615567,0.19030288248597638,0.16990113751541397,0.7986344297831831,0.8013045397537811
26,56,1.108,37.5,0.215,15792.96712,315.8593424,Sealock:1989nx,0.918130196,0.027543906,0.0089,1.1169,0.8930000000000001,0.9019000000000001,1.0,0.0,0.0,15792.96712,315.8593424,0.6544984694978736,0.10332332985438242,0.8966766701456176,0.11522919386048376,0.0048421442503070455,0.21015785574969295,4.433234524286382,1.0161295028607173,0.4089305951377583,0.4163236314977642,0.4625486314977642,0.6801092790851807,0.8748830173912417,0.8674899810312359,0.7961488639037582,-2.431737000881967e-05,-649452104.1655428,-12989042.083310857,0.0009112938429605118,0.0009040322123737552,1095.8158535560078,1078.4214516662973,17306183.744784765,346123.67489569535,44.44559495106514,0.888911899021303,17031474.527668502,340629.4905533701,43.74008905945267,0.8748017811890536,"[0.609,0.702]",0.649,"[0.322,0.438]",0.38,0.0036,0.0,58,0.21059999999999998,0.018,0.5554825225290001,17,0.870482522529,0.005,0.0,42,0.2125,0.05,0.5941835225290001,5,0.8691835225290001,0.21419752738287912,0.21614238217622136,0.7945143623656107,0.7944129624869639,0.1982495569820425,0.19654583474106155,0.7973363113692691,0.7975203732309143
26,56,1.108,37.5,0.225,16583.25211,331.6650421,Sealock:1989nx,0.850255421,0.026231284,0.0089,1.1169,0.8830000000000001,0.8919000000000001,1.0,0.0,0.0,16583.25211,331.6650421,0.6544984694978736,0.10332332985438242,0.8966766701456176,0.11522919386048376,0.0048421442503070455,0.22015785574969296,4.433234524286382,1.0161295028607173,0.4043513051586121,0.4117075584131898,0.46233255841318976,0.6799504087896335,0.898227767370388,0.8908715141158103,0.7944096715471968,1.9705918400043954e-05,841536627.3902267,16830732.542729914,0.0009112938429605115,0.0009040322123737549,1117.0340828161613,1099.3028739657361,18524057.810803022,370481.15610435704,47.573328843060025,0.9514665765743248,18230016.70422136,364600.33397449687,46.81817495617091,0.9363634988410959,"[0.609,0.702]",0.649,"[0.322,0.438]",0.38,0.0036,0.0,61,0.22139999999999999,0.018,0.5554825225290001,18,0.8884825225290001,0.005,0.0,44,0.2225,0.05,0.5941835225290001,5,0.8691835225290001,0.22495225700851051,0.22614238217622137,0.7924391759476005,0.7927237701417462,0.20614105204978161,0.19654583474106155,0.7959769541187826,0.7975203732309143
26,56,1.108,37.5,0.235,17106.25309,342.1250618,Sealock:1989nx,0.900255592,0.025955421,0.0089,1.1169,0.8730000000000001,0.8819000000000001,1.0,0.0,0.0,17106.25309,342.1250618,0.6544984694978736,0.10332332985438242,0.8966766701456176,0.11522919386048376,0.0048421442503070455,0.23015785574969294,4.433234524286382,1.0161295028607173,0.39977201517946587,0.4070914853286154,0.46231648532861536,0.6799385893804053,0.9215725173495342,0.9142530472003847,0.7925677504507029,6.295942894224439e-05,271702799.36452985,5434055.9872905975,0.0009112938429605116,0.000904032212373755,1139.7818685197133,1121.6895733377255,19497397.110291317,389947.9422058264,50.073050612629636,1.0014610122525929,19187905.729929246,383758.114598585,49.27821746308771,0.9855643492617543,"[0.609,0.702]",0.649,"[0.322,0.438]",0.38,0.0036,0.0,63,0.2286,0.018,0.5554825225290001,19,0.9064825225290001,0.005,0.0,46,0.2325,0.05,0.5941835225290001,6,0.9191835225290002,0.23212085036459484,0.23614238217622138,0.7909747010167902,0.7909658541395564,0.21397850142189012,0.2231905319667091,0.7945551485206795,0.7932295857838261
26,56,1.108,37.5,0.245,17362.62689,347.2525379,Sealock:1989nx,0.881203063,0.022750014,0.0089,1.1169,0.8630000000000001,0.8719000000000001,1.0,0.0,0.0,17362.62689,347.2525379,0.6544984694978736,0.10332332985438242,0.8966766701456176,0.11522919386048376,0.0048421442503070455,0.24015785574969295,4.433234524286382,1.0161295028607173,0.3951927252003196,0.40247541224404104,0.46250041224404104,0.6800738285245514,0.9449172673286805,0.937634580284959,0.7906208041183366,0.00010539865540319054,164732906.91974437,3294658.1393436664,0.0009112938429605118,0.0009040322123737552,1164.1378335059562,1145.6589246041472,20212490.851696856,404249.81715035095,51.909548320689055,1.038190966712754,19891648.451100446,397832.96913657483,51.08556357683513,1.0217112718309298,"[0.609,0.702]",0.649,"[0.322,0.438]",0.38,0.0036,0.0,66,0.2394,0.018,0.5554825225290001,21,0.9424825225290001,0.005,0.0,48,0.2425,0.05,0.5941835225290001,6,0.9191835225290002,0.24287190181377127,0.24614238217622136,0.7886505952272401,0.789140175414491,0.22949560829917848,0.2231905319667091,0.7915187457259341,0.7932295857838261
26,56,1.108,37.5,0.255,17366.31792,347.3263583,Sealock:1989nx,0.886774046,0.01940538,0.0089,1.1169,0.8530000000000001,0.8619000000000001,1.0,0.0,0.0,17366.31792,347.3263583,0.6544984694978736,0.10332332985438242,0.8966766701456176,0.11522919386048376,0.0048421442503070455,0.25015785574969296,4.433234524286382,1.0161295028607173,0.39061343522117337,0.39785933915946664,0.46288433915946664,0.6803560385264958,0.9682620173078267,0.9610161133695334,0.7885665099295751,0.00014698123482934105,118153299.910454,2363065.9975287206,0.0009112938429605118,0.0009040322123737552,1190.1859385148691,1171.293555756554,20669147.392162792,413382.94772423716,53.08232979167164,1.06164659552777,20341056.266915563,406821.1252211819,52.23972893438143,1.044794578386818,"[0.609,0.702]",0.649,"[0.322,0.438]",0.38,0.0036,0.0,69,0.2502,0.018,0.5554825225290001,22,0.9604825225290001,0.005,0.0,50,0.2525,0.05,0.5941835225290001,7,0.9691835225290001,0.2536207481677195,0.2561423821762214,0.7861659137059378,0.7872477250567644,0.23717734881487018,0.24983522919235662,0.7899011085199137,0.7884490448537435
26,56,1.108,37.5,0.265,17142.54223,342.8508447,Sealock:1989nx,0.927517038,0.025142129,0.0089,1.1169,0.8430000000000001,0.8519000000000001,1.0,0.0,0.0,17142.54223,342.8508447,0.6544984694978736,0.10332332985438242,0.8966766701456176,0.11522919386048376,0.0048421442503070455,0.26015785574969297,4.433234524286382,1.0161295028607173,0.38603414524202717,0.39324326607489224,0.4634682660748922,0.6807850366120661,0.991606767286973,0.9843976464541079,0.7864025200854249,0.00018766712608388195,91345472.10115938,1826909.4425560462,0.0009112938429605117,0.000904032212373755,1218.0158475352675,1198.6817075049764,20879888.103182565,417597.76218545286,53.62355230610998,1.0724710464350093,20548451.791232564,410969.03594451945,52.772360368578184,1.0554472076794081,"[0.609,0.702]",0.649,"[0.322,0.438]",0.38,0.0036,0.0,72,0.261,0.018,0.5554825225290001,23,0.9784825225290001,0.005,0.0,52,0.2625,0.05,0.5941835225290001,7,0.9691835225290001,0.2643673907827022,0.2661423821762214,0.7835111666730187,0.7852895230223585,0.24480921292055602,0.24983522919235662,0.7882149331509452,0.7884490448537435
26,56,1.108,37.5,0.275,16725.57919,334.5115837,Sealock:1989nx,0.896829929,0.031389048,0.0089,1.1169,0.8330000000000001,0.8419000000000001,1.0,0.0,0.0,16725.57919,334.5115837,0.6544984694978736,0.10332332985438242,0.8966766701456176,0.11522919386048376,0.0048421442503070455,0.270157855749693,4.433234524286382,1.0161295028607173,0.3814548552628809,0.38862719299031784,0.46425219299031784,0.6813605455192705,1.0149515172661192,1.0077791795386823,0.7841264626417787,0.00022741877274360634,73545288.22849883,1470905.7641302592,0.0009112938429605117,0.000904032212373755,1247.7233196064235,1227.9176188602912,20868895.189286917,417377.903660966,53.59532039747298,1.0719064076290203,20537633.37304404,410752.667338089,52.74457659834269,1.054891531651501,"[0.609,0.702]",0.649,"[0.322,0.438]",0.38,0.0036,0.0,75,0.2718,0.018,0.5554825225290001,25,1.0144825225290002,0.005,0.0,54,0.2725,0.05,0.5941835225290001,8,1.019183522529,0.2751118310135965,0.2761423821762214,0.7806758699281474,0.7832666168196428,0.25992711789725675,0.2764799264180041,0.7846293809013766,0.7831972185259266
26,56,1.108,37.5,0.285,16156.46059,323.1292117,Sealock:1989nx,0.922231693,0.03144253,0.0089,1.1169,0.8230000000000002,0.8319000000000002,1.0,0.0,0.0,16156.46059,323.1292117,0.6544984694978736,0.10332332985438242,0.8966766701456176,0.11522919386048376,0.0048421442503070455,0.28015785574969293,4.433234524286382,1.0161295028607173,0.3768755652837347,0.3840111199057435,0.4652361199057435,0.6820821943913676,1.0382962672452651,1.0311607126232565,0.7817359426336107,0.00026620124895687284,60692655.099516466,1213853.1016146736,0.0009112938429605118,0.0009040322123737552,1279.410629220388,1259.1019408632988,20670747.4094263,413414.94806058495,53.08643894249642,1.0617287785213512,20342630.886350397,406852.61760109774,52.24377285871708,1.0448754568509802,"[0.609,0.702]",0.649,"[0.322,0.438]",0.38,0.0036,0.0,77,0.27899999999999997,0.018,0.5554825225290001,26,1.032482522529,0.005,0.0,56,0.28250000000000003,0.05,0.5941835225290001,8,1.019183522529,0.28227356828926986,0.2861423821762214,0.778679689715341,0.781180080175958,0.2674149872209891,0.2764799264180041,0.7827258350678951,0.7831972185259266
26,56,1.108,37.5,0.295,15480.65924,309.6131849,Sealock:1989nx,0.936652617,0.032685947,0.0089,1.1169,0.8130000000000002,0.8219000000000002,1.0,0.0,0.0,15480.65924,309.6131849,0.6544984694978736,0.10332332985438242,0.8966766701456176,0.11522919386048376,0.0048421442503070455,0.29015785574969294,4.433234524286382,1.0161295028607173,0.37229627530458853,0.37939504682116915,0.4664200468211691,0.6829495199655455,1.0616410172244115,1.0545422457078308,0.779228543293628,0.0003039823870985496,50926171.702774495,1018523.4343844564,0.0009112938429605116,0.000904032212373755,1313.1870176744233,1292.3421807726254,20329000.739009604,406580.0149115108,52.20876802941641,1.04417536092558,20006308.922019497,400126.17856962414,51.38003362999761,1.0276006729318505,"[0.609,0.702]",0.649,"[0.322,0.438]",0.38,0.0036,0.0,80,0.2898,0.018,0.5554825225290001,27,1.050482522529,0.005,0.0,58,0.2925,0.05,0.5941835225290001,9,1.069183522529,0.29301434088711886,0.29614238217622135,0.7755170960419163,0.7790310116871594,0.2748566396218336,0.3031246236436517,0.7807453974954435,0.7774940043211745
26,56,1.108,37.5,0.305,14745.49961,294.9099921,Sealock:1989nx,1.037604721,0.027059103,0.0089,1.1169,0.8030000000000002,0.8119000000000002,1.0,0.0,0.0,14745.49961,294.9099921,0.6544984694978736,0.10332332985438242,0.8966766701456176,0.11522919386048376,0.0048421442503070455,0.30015785574969295,4.433234524286382,1.0161295028607173,0.3677169853254423,0.37477897373659474,0.46780397373659477,0.6839619680483665,1.0849857672035577,1.0779237787924052,0.7766018273690095,0.000340732886289363,43275833.36783517,865516.6670632183,0.0009112938429605118,0.0009040322123737552,1349.1691779472728,1327.7531792443249,19894173.58724553,397883.4716099937,51.09204861015939,1.0218409718566954,19578383.986723453,391567.67960169376,50.28104042478793,1.0056208081547662,"[0.609,0.702]",0.649,"[0.322,0.438]",0.38,0.0036,0.0,83,0.3006,0.018,0.5554825225290001,29,1.086482522529,0.005,0.0,60,0.3025,0.05,0.5941835225290001,9,1.069183522529,0.3037529147071325,0.30614238217622136,0.7721401765409814,0.7768205334530934,0.2896046496577337,0.3031246236436517,0.7765436781568849,0.7774940043211745
26,56,1.108,37.5,0.315,13997.84949,279.9569897,Sealock:1989nx,0.985865723,0.024932401,0.0089,1.1169,0.7930000000000001,0.8019000000000002,1.0,0.0,0.0,13997.84949,279.9569897,0.6544984694978736,0.10332332985438242,0.8966766701456176,0.11522919386048376,0.0048421442503070455,0.31015785574969296,4.433234524286382,1.0161295028607173,0.36313769534629603,0.3701629006520203,0.4693879006520203,0.6851188952671063,1.1083305171827038,1.1013053118769798,0.77385333853987,0.0003764264010894307,37186152.324832335,743723.0462309904,0.0009112938429605118,0.0009040322123737552,1387.4817759222412,1365.4576232813365,19421761.06947744,388435.2212508006,49.878802771320956,0.9975760550700872,19113470.295665268,382269.4057767596,49.08705300938194,0.9817410598369631,"[0.609,0.702]",0.649,"[0.322,0.438]",0.38,0.0036,0.0,86,0.3114,0.018,0.5554825225290001,30,1.104482522529,0.005,0.0,62,0.3125,0.05,0.5941835225290001,10,1.119183522529,0.3144892910991075,0.31614238217622137,0.7685336419626748,0.7745497897019624,0.2969126227017055,0.3297693208692993,0.7743168453040082,0.7713605501431398
26,56,1.108,37.5,0.325,13281.62568,265.6325136,Sealock:1989nx,0.948679047,0.032601431,0.0089,1.1169,0.7830000000000001,0.7919000000000002,1.0,0.0,0.0,13281.62568,265.6325136,0.6544984694978736,0.10332332985438242,0.8966766701456176,0.11522919386048376,0.0048421442503070455,0.32015785574969297,4.433234524286382,1.0161295028607173,0.3585584053671498,0.36554682756744594,0.47117182756744597,0.686419571084221,1.1316752671618502,1.1246868449615541,0.7709806029430762,0.0004110396099240814,32312276.869017813,646245.5373803562,0.000911293842960512,0.0009040322123737554,1428.2580110573215,1405.5865980038327,18969588.277324643,379391.7655464929,48.7175364248931,0.9743507284978621,18668475.05551154,373369.5011102308,47.944219991387165,0.9588843998277432,"[0.609,0.702]",0.649,"[0.322,0.438]",0.38,0.0036,0.0,88,0.3186,0.018,0.5554825225290001,31,1.122482522529,0.005,0.0,64,0.3225,0.05,0.5941835225290001,10,1.119183522529,0.3216456552330129,0.3261423821762214,0.7659933960321735,0.7722199454064922,0.30417761170615554,0.3297693208692993,0.7720019949991395,0.7713605501431398
26,56,1.108,37.5,0.335,12635.31303,252.7062606,Sealock:1989nx,1.020948193,0.03434818,0.0089,1.1169,0.7730000000000001,0.7819000000000002,1.0,0.0,0.0,12635.31303,252.7062606,0.6544984694978736,0.10332332985438242,0.8966766701456176,0.11522919386048376,0.0048421442503070455,0.330157855749693,4.433234524286382,1.0161295028607173,0.3539791153880036,0.36093075448287154,0.47315575448287156,0.6878631800604474,1.1550200171409963,1.1480683780461285,0.7679811308050177,0.0004445522630495459,28422559.235946972,568451.1847189395,0.0009112938429605117,0.000904032212373755,1471.6402199115394,1448.280180595504,18594634.84612034,371892.6969224068,47.75458418917328,0.9550916837834655,18299473.436969124,365989.46873938246,46.996553150685436,0.9399310630137088,"[0.609,0.702]",0.649,"[0.322,0.438]",0.38,0.0036,0.0,91,0.32939999999999997,0.018,0.5554825225290001,32,1.140482522529,0.005,0.0,66,0.3325,0.05,0.5941835225290001,11,1.1691835225290002,0.33237837224074696,0.3361423821762214,0.7619653939765668,0.7698321848947806,0.3114003663357797,0.3564140180949468,0.7695958299999015,0.7648190702150075
26,56,1.108,37.5,0.345,12090.18752,241.8037504,Sealock:1989nx,1.017353948,0.034821627,0.0089,1.1169,0.7630000000000001,0.7719000000000001,1.0,0.0,0.0,12090.18752,241.8037504,0.6544984694978736,0.10332332985438242,0.8966766701456176,0.11522919386048376,0.0048421442503070455,0.34015785574969293,4.433234524286382,1.0161295028607173,0.34939982540885733,0.35631468139829714,0.47533968139829713,0.6894488243505076,1.1783647671201427,1.1714499111307028,0.7648524181869032,0.0004769472101119398,25349110.47527131,506982.20950542623,0.0009112938429605119,0.0009040322123737552,1517.7805262814202,1493.6880801201037,18350251.17694666,367005.0235389332,47.12696011370247,0.9425392022740494,18058968.985040836,361179.37970081676,46.37889164818615,0.927577832963723,"[0.609,0.702]",0.649,"[0.322,0.438]",0.38,0.0036,0.0,94,0.3402,0.018,0.5554825225290001,34,1.176482522529,0.005,0.0,68,0.3425,0.05,0.5941835225290001,11,1.1691835225290002,0.3431088954131809,0.3461423821762214,0.7576578955595377,0.7673877104586495,0.3257220642818982,0.3564140180949468,0.7644951787572508,0.7648190702150075
26,56,1.108,37.5,0.355,11668.79957,233.3759913,Sealock:1989nx,1.088372452,0.030937201,0.0089,1.1169,0.7530000000000001,0.7619000000000001,1.0,0.0,0.0,11668.79957,233.3759913,0.6544984694978736,0.10332332985438242,0.8966766701456176,0.11522919386048376,0.0048421442503070455,0.35015785574969294,4.433234524286382,1.0161295028607173,0.3448205354297111,0.35169860831372274,0.47772360831372274,0.6911755264140381,1.2017095170992889,1.1948314442152772,0.7615919488460925,0.0005082104075906731,22960567.898086768,459211.3577649665,0.000911293842960512,0.0009040322123737554,1566.8415420866186,1541.9703272815889,18283159.91255847,365663.19809448527,46.954656895053766,0.9390931374986804,17992942.69193616,359858.8536845262,46.2093234797946,0.9241864691998846,"[0.609,0.702]",0.649,"[0.322,0.438]",0.38,0.0036,0.0,97,0.351,0.018,0.5554825225290001,35,1.194482522529,0.005,0.0,70,0.3525,0.05,0.5941835225290001,12,1.2191835225290002,0.3538372260950595,0.35614238217622135,0.7530480023739017,0.7648877409622608,0.332822402607137,0.38305871532059443,0.7617928585097515,0.7578926587771507
26,56,1.108,37.5,0.365,11383.86157,227.6772315,Sealock:1989nx,1.080476947,0.025650347,0.0089,1.1169,0.7430000000000001,0.7519000000000001,1.0,0.0,0.0,11383.86157,227.6772315,0.6544984694978736,0.10332332985438242,0.8966766701456176,0.11522919386048376,0.0048421442503070455,0.36015785574969295,4.433234524286382,1.0161295028607173,0.3402412454505649,0.34708253522914834,0.4803075352291483,0.6930422319232417,1.225054267078435,1.2182129772998516,0.7581971962169108,0.0005383309066428149,21146587.404748887,422931.74828073714,0.0009112938429605117,0.000904032212373755,1618.9971235748403,1593.2980186254458,18430439.137004163,368608.782901983,47.332898155573886,0.9466579635272674,18137884.083787356,362757.68183507695,46.58156073838739,0.9316312151769374,"[0.609,0.702]",0.649,"[0.322,0.438]",0.38,0.0036,0.0,100,0.3618,0.018,0.5554825225290001,36,1.2124825225290001,0.005,0.0,72,0.3625,0.05,0.5941835225290001,12,1.2191835225290002,0.3645633656297633,0.36614238217622136,0.7481099955180175,0.7623335104536962,0.33988329816114426,0.38305871532059443,0.7589835172045555,0.7578926587771507
26,56,1.108,37.5,0.375,11238.09814,224.7619629,Sealock:1989nx,1.08559294,0.035949143,0.0089,1.1169,0.7330000000000001,0.7419000000000001,1.0,0.0,0.0,11238.09814,224.7619629,0.6544984694978736,0.10332332985438242,0.8966766701456176,0.11522919386048376,0.0048421442503070455,0.37015785574969295,4.433234524286382,1.0161295028607173,0.33566195547141864,0.342466462144574,0.483091462144574,0.6950478128478458,1.2483990170575814,1.241594510384426,0.7546656255142989,0.0005673008220743095,19809768.82583813,396195.3766930359,0.0009112938429605119,0.0009040322123737552,1674.4331878993266,1647.8541201542537,18817444.494485695,376348.89005715714,48.326802046586245,0.9665360413617512,18518746.322696853,370374.9266187225,47.559687924158695,0.9511937589063744,"[0.609,0.702]",0.649,"[0.322,0.438]",0.38,0.0036,0.0,102,0.369,0.018,0.5554825225290001,38,1.2484825225290002,0.005,0.0,74,0.3725,0.05,0.5941835225290001,12,1.2191835225290002,0.3717129086783686,0.37614238217622137,0.7446215466213225,0.7597262667821219,0.35388934372040104,0.38305871532059443,0.7530248266104409,0.7578926587771507
26,56,1.108,37.5,0.385,11225.04797,224.5009593,Sealock:1989nx,1.0601291,0.035634592,0.0089,1.1169,0.7230000000000001,0.7319000000000001,1.0,0.0,0.0,11225.04797,224.5009593,0.6544984694978736,0.10332332985438242,0.8966766701456176,0.11522919386048376,0.0048421442503070455,0.38015785574969296,4.433234524286382,1.0161295028607173,0.3310826654922724,0.3378503890599996,0.4860753890599996,0.6971910706972656,1.2717437670367278,1.2649760434690005,0.750994695963547,0.0005951152833540878,18861972.266508244,377239.4451621302,0.0009112938429605118,0.0009040322123737552,1733.3485956645172,1705.8343358642844,19456921.135066338,389138.42252799193,49.96910055485674,0.9993820106519777,19148072.248949684,382961.44480841025,49.17591745361034,0.9835183486341158,"[0.609,0.702]",0.649,"[0.322,0.438]",0.38,0.0036,0.0,105,0.37979999999999997,0.018,0.5554825225290001,39,1.266482522529,0.005,0.0,76,0.3825,0.05,0.5941835225290001,13,1.269183522529,0.38243539928268433,0.3861423821762214,0.7390704597478127,0.757067270223075,0.3608357416105704,0.4097034125462419,0.7498651379444788,0.7506051041948458
26,56,1.108,37.5,0.395,11329.88612,226.5977224,Sealock:1989nx,1.138581612,0.036893575,0.0089,1.1169,0.7130000000000001,0.7219000000000001,1.0,0.0,0.0,11329.88612,226.5977224,0.6544984694978736,0.10332332985438242,0.8966766701456176,0.11522919386048376,0.0048421442503070455,0.39015785574969297,4.433234524286382,1.0161295028607173,0.3265033755131262,0.33323431597542513,0.48925931597542516,0.6994707398994079,1.295088517015874,1.2883575765535749,0.7471818631592262,0.0006217723687554374,18221919.611317433,364438.3922263487,0.0009112938429605117,0.000904032212373755,1795.9561056453797,1767.4480473101219,20347978.15348084,406959.56306961685,52.25750566500641,1.0451501133001284,20024985.09904005,400499.70198080107,51.42799763011058,1.0285599526022118,"[0.609,0.702]",0.649,"[0.322,0.438]",0.38,0.0036,0.0,108,0.3906,0.018,0.5554825225290001,40,1.2844825225290002,0.005,0.0,78,0.3925,0.05,0.5941835225290001,13,1.269183522529,0.39315570231547525,0.3961423821762214,0.7331053128299888,0.7543577921143306,0.3677451937970849,0.4097034125462419,0.7465776923658983,0.7506051041948458
26,56,1.108,37.5,0.405,11531.94942,230.6389883,Sealock:1989nx,1.075273534,0.030090316,0.0089,1.1169,0.7030000000000001,0.7119000000000001,1.0,0.0,0.0,11531.94942,230.6389883,0.6544984694978736,0.10332332985438242,0.8966766701456176,0.11522919386048376,0.0048421442503070455,0.400157855749693,4.433234524286382,1.0161295028607173,0.32192408553397994,0.3286182428908508,0.4926432428908508,0.7018854912953044,1.31843326699502,1.3117391096381492,0.7432245815562903,0.0006472730238535631,17816205.828174528,356324.1164089962,0.0009112938429605117,0.000904032212373755,1862.4834085726523,1832.919330980144,21478064.46324902,429561.2890787321,55.15978378272469,1.1031956751761725,21137133.015803263,422742.6601327732,54.284206518394484,1.0856841298971607,"[0.609,0.702]",0.649,"[0.322,0.438]",0.38,0.0036,0.0,111,0.4014,0.018,0.5554825225290001,42,1.320482522529,0.005,0.0,80,0.4025,0.05,0.5941835225290001,14,1.3191835225290003,0.40387381911509834,0.4061423821762214,0.726685632978886,0.7515991135047067,0.38145557911352357,0.43634810977188954,0.7395943851270886,0.7429807059499771
26,56,1.108,37.5,0.415,11805.8828,236.117656,Sealock:1989nx,1.050323827,0.026173392,0.0089,1.1169,0.6930000000000001,0.7019000000000001,1.0,0.0,0.0,11805.8828,236.117656,0.6544984694978736,0.10332332985438242,0.8966766701456176,0.11522919386048376,0.0048421442503070455,0.41015785574969293,4.433234524286382,1.0161295028607173,0.3173447955548337,0.3240021698062764,0.49622716980627635,0.7044339357287356,1.3417780169741664,1.3351206427227238,0.7391203070961294,0.0006716209657276245,17578192.764142904,351563.85528285813,0.0009112938429605118,0.0009040322123737552,1933.1742476510656,1902.48806102823,22822828.599746656,456456.5719949331,58.61339568219988,1.1722679136439975,22460551.07689853,449211.02153797064,57.68299760727852,1.1536599521455706,"[0.702,0.878]",0.756,"[0.322,0.438]",0.38,0.002,0.0,205,0.41100000000000003,0.04,0.405147522529,23,1.345147522529,0.005,0.0,82,0.41250000000000003,0.05,0.5941835225290001,14,1.3191835225290003,0.41482884367987793,0.4161423821762214,0.7520272459943221,0.7487925238180718,0.4461703980950612,0.43634810977188954,0.7387551699719682,0.7429807059499771
26,56,1.108,37.5,0.425,12168.1242,243.362484,Sealock:1989nx,1.06014697,0.035009505,0.0089,1.1169,0.683,0.6919000000000001,1.0,0.0,0.0,12168.1242,243.362484,0.6544984694978736,0.10332332985438242,0.8966766701456176,0.11522919386048376,0.0048421442503070455,0.42015785574969294,4.433234524286382,1.0161295028607173,0.31276550557568744,0.319386096721702,0.500011096721702,0.7071146277101769,1.3651227669533126,1.3585021758072982,0.7348664999701731,0.0006948225743091651,17512563.134694193,350251.2626938838,0.000911293842960512,0.0009040322123737554,2008.2896343530956,1976.4111057686466,24437117.700381055,488742.35400762106,62.759199318564086,1.2551839863712815,24049215.805252228,480984.31610504456,61.762992947136766,1.2352598589427355,"[0.702,0.878]",0.756,"[0.206,0.322]",0.265,0.002,0.0,210,0.421,0.04,0.405147522529,23,1.345147522529,0.005,0.0,84,0.4225,0.015,0.7091835225290001,43,1.361683522529,0.4247490107849501,0.4250400823071017,0.7480770785842854,0.7206847124915876,0.4461703980950612,0.39771329879470046,0.7387551699719682,0.7309852228834398
26,56,1.108,37.5,0.435,12508.56243,250.1712487,Sealock:1989nx,1.007309998,0.033337164,0.0089,1.1169,0.673,0.6819000000000001,1.0,0.0,0.0,12508.56243,250.1712487,0.6544984694978736,0.10332332985438242,0.8966766701456176,0.11522919386048376,0.0048421442503070455,0.43015785574969295,4.433234524286382,1.0161295028607173,0.30818621559654125,0.31477002363712764,0.5039950236371277,0.709926069134757,1.388467516932459,1.3818837088918725,0.7304606275234018,0.0007168867723864703,17448449.19980849,348968.98413566186,0.0009112938429605118,0.0009040322123737552,2088.109169021896,2054.9636273164256,26119243.901365805,522384.8782361271,67.07922162319679,1.3415844330002025,25704640.823666763,514092.81667883164,66.01444150017113,1.3202888305311766,"[0.702,0.878]",0.756,"[0.206,0.322]",0.265,0.002,0.0,215,0.431,0.04,0.405147522529,24,1.385147522529,0.005,0.0,86,0.4325,0.015,0.7091835225290001,44,1.376683522529,0.4346673069235649,0.4350400823071017,0.7439018653985725,0.7168206743059918,0.46054204228722095,0.4057067079623947,0.731823983862918,0.728013083899942
26,56,1.108,37.5,0.445,12840.46003,256.8092007,Sealock:1989nx,0.989061137,0.032709108,0.0089,1.1169,0.663,0.6719,1.0,0.0,0.0,12840.46003,256.8092007,0.6544984694978736,0.10332332985438242,0.8966766701456176,0.11522919386048376,0.0048421442503070455,0.44015785574969296,4.433234524286382,1.0161295028607173,0.30360692561739505,0.3101539505525532,0.5081789505525531,0.7128667130344586,1.411812266911605,1.4052652419764469,0.7259001672998814,0.0007378248958166377,17403126.545069955,348062.5310369326,0.0009112938429605115,0.0009040322123737549,2172.9324769409254,2138.4404948615816,27901452.61804885,558029.0525782703,71.65627499949777,1.4331255005480064,27458559.70080356,549171.1942299153,70.51884114944335,1.4103768235380596,"[0.702,0.878]",0.756,"[0.206,0.322]",0.265,0.002,0.0,220,0.441,0.04,0.405147522529,25,1.425147522529,0.005,0.0,88,0.4425,0.015,0.7091835225290001,46,1.4066835225290002,0.44458373315393374,0.44504008230710174,0.7394854453482413,0.7129094406021901,0.47476752402222344,0.42169352629778334,0.7243568597086503,0.7219669076795339
26,56,1.108,37.5,0.455,13143.43285,262.8686571,Sealock:1989nx,1.011912196,0.024422843,0.0089,1.1169,0.653,0.6619,1.0,0.0,0.0,13143.43285,262.8686571,0.6544984694978736,0.10332332985438242,0.8966766701456176,0.11522919386048376,0.0048421442503070455,0.45015785574969297,4.433234524286382,1.0161295028607173,0.29902763563824875,0.30553787746797884,0.5125628774679789,0.7159349673454838,1.4351570168907513,1.4286467750610212,0.7211826102321424,0.0007576505555148669,17347618.574724447,346952.3716264759,0.000911293842960512,0.0009040322123737554,2263.080771804652,2227.1578233221094,29744650.158340618,594893.0033931205,76.38995935756977,1.527799187732598,29272499.297186308,585449.9861664419,75.17738550303729,1.5035477106327224,"[0.702,0.878]",0.756,"[0.206,0.322]",0.265,0.002,0.0,225,0.451,0.04,0.405147522529,25,1.425147522529,0.005,0.0,90,0.4525,0.015,0.7091835225290001,47,1.421683522529,0.45449829053325175,0.45504008230710175,0.7348099705750293,0.7089532265097442,0.47476752402222344,0.42968693546547754,0.7243568597086503,0.7188951622441966
26,56,1.108,37.5,0.465,13399.76323,267.9952646,Sealock:1989nx,0.970166396,0.026866146,0.0089,1.1169,0.643,0.6519,1.0,0.0,0.0,13399.76323,267.9952646,0.6544984694978736,0.10332332985438242,0.8966766701456176,0.11522919386048376,0.0048421442503070455,0.460157855749693,4.433234524286382,1.0161295028607173,0.29444834565910255,0.30092180438340443,0.5171468043834044,0.7191291986725364,1.4585017668698976,1.4520283081455956,0.7163054639759251,0.0007763794927852645,17259295.685320456,345185.9137064091,0.0009112938429605117,0.000904032212373755,2358.8985599779403,2321.4546505508547,31608682.187292356,632173.643745847,81.1771506734812,1.6235430134696236,31106942.666563842,622138.8533312768,79.88858747329205,1.597771749465841,"[0.702,0.878]",0.756,"[0.206,0.322]",0.265,0.002,0.0,230,0.461,0.04,0.405147522529,26,1.465147522529,0.005,0.0,92,0.4625,0.015,0.7091835225290001,49,1.4516835225290001,0.46441098011774784,0.46504008230710175,0.7298556848056369,0.7049542318994514,0.48885121412048094,0.4456737538008661,0.7162994976293263,0.7126600582027635
26,56,1.108,37.5,0.475,13598.43291,271.9686581,Sealock:1989nx,0.992761452,0.031841904,0.0089,1.1169,0.6330000000000001,0.6419000000000001,1.0,0.0,0.0,13598.43291,271.9686581,0.6544984694978736,0.10332332985438242,0.8966766701456176,0.11522919386048376,0.0048421442503070455,0.47015785574969293,4.433234524286382,1.0161295028607173,0.28986905567995636,0.2963057312988301,0.52193073129883,0.7224477360327389,1.4818465168490438,1.47540984123017,0.7112662563914589,0.0007940294295309376,17125855.042971257,342517.1007334853,0.0009112938429605117,0.000904032212373755,2460.7555005891545,2421.694767902487,33462418.58267508,669248.3714074262,85.93790083020228,1.718758015972077,32931253.82981999,658625.0763542304,84.57376799734742,1.6914753593250111,"[0.702,0.878]",0.756,"[0.206,0.322]",0.265,0.002,0.0,235,0.47100000000000003,0.04,0.405147522529,26,1.465147522529,0.005,0.0,94,0.47250000000000003,0.015,0.7091835225290001,51,1.481683522529,0.4743218029626348,0.47504008230710176,0.724600665607368,0.7009146391200508,0.48885121412048094,0.46166057213625455,0.7162994976293263,0.7063103464097906
26,56,1.108,37.5,0.485,13732.68315,274.6536631,Sealock:1989nx,0.975774352,0.031093705,0.0089,1.1169,0.6230000000000001,0.6319000000000001,1.0,0.0,0.0,13732.68315,274.6536631,0.6544984694978736,0.10332332985438242,0.8966766701456176,0.11522919386048376,0.0048421442503070455,0.48015785574969294,4.433234524286382,1.0161295028607173,0.28528976570081016,0.29168965821425574,0.5269146582142558,0.7258888745629428,1.50519126682819,1.4987913743147443,0.7060625391720716,0.0008106199148355789,16940964.43804425,338819.2888842474,0.0009112938429605114,0.0009040322123737547,2569.0484383956486,2528.2687208303532,35279928.20148974,705598.5642866996,90.60561368525875,1.812112274364956,34719913.26121905,694398.2654772078,89.16738804470893,1.7833477615434863,"[0.702,0.878]",0.756,"[0.206,0.322]",0.265,0.002,0.0,240,0.481,0.04,0.405147522529,27,1.505147522529,0.005,0.0,96,0.4825,0.015,0.7091835225290001,52,1.496683522529,0.48423076012213784,0.4850400823071017,0.7190205235060924,0.6968366108416802,0.5027972698095607,0.46965398130394886,0.7075893332121086,0.703095317718082
26,56,1.108,37.5,0.495,13798.99792,275.9799585,Sealock:1989nx,0.963838104,0.024277125,0.0089,1.1169,0.6130000000000001,0.6219000000000001,1.0,0.0,0.0,13798.99792,275.9799585,0.6544984694978736,0.10332332985438242,0.8966766701456176,0.11522919386048376,0.0048421442503070455,0.49015785574969295,4.433234524286382,1.0161295028607173,0.28071047572166385,0.2870735851296813,0.5320985851296813,0.7294508791753433,1.5285360168073363,1.5221729073993189,0.7006918916205193,0.000826172169346328,16702327.229102675,334046.54470309365,0.000911293842960512,0.0009040322123737554,2684.2036285286035,2641.595998316892,37039320.28692265,740786.4060068735,95.12406958185846,1.9024813923265247,36451377.68625511,729027.5539892619,93.61412035971296,1.8722824078726714,"[0.702,0.878]",0.756,"[0.206,0.322]",0.265,0.002,0.0,245,0.491,0.04,0.405147522529,27,1.505147522529,0.005,0.0,98,0.4925,0.015,0.7091835225290001,54,1.526683522529,0.4941378526494873,0.4950400823071017,0.7130880493133447,0.6927222880073952,0.5027972698095607,0.4856407996393374,0.7075893332121086,0.6965904597500796
26,56,1.108,37.5,0.505,13798.92144,275.9784288,Sealock:1989nx,1.000078163,0.024422199,0.0089,1.1169,0.6030000000000001,0.6119000000000001,1.0,0.0,0.0,13798.92144,275.9784288,0.6544984694978736,0.10332332985438242,0.8966766701456176,0.11522919386048376,0.0048421442503070455,0.500157855749693,4.433234524286382,1.0161295028607173,0.27613118574251766,0.2824575120451069,0.5374825120451069,0.7331319881475006,1.5518807667864825,1.5455544404838932,0.6951519245729803,0.0008407089288109225,16413435.098776514,328268.70197553025,0.0009112938429605119,0.0009040322123737552,2806.6791747118887,2762.1274323894963,38729145.43913338,774582.9087826678,99.46386426801585,1.9892772853603176,38114379.44681157,762287.5889362314,97.88502743793431,1.9577005487586863,"[0.702,0.878]",0.756,"[0.206,0.322]",0.265,0.002,0.0,250,0.501,0.04,0.405147522529,28,1.5451475225290001,0.005,0.0,100,0.5025000000000001,0.015,0.7091835225290001,55,1.541683522529,0.504043081596933,0.5050400823071018,0.7067727989662478,0.6885737878936493,0.5166096490576483,0.4936342088070316,0.69815396961014,0.6933028228104632
26,56,1.108,37.5,0.515,13739.26102,274.7852205,Sealock:1989nx,0.95347195,0.029768704,0.0089,1.1169,0.5930000000000001,0.6019000000000001,1.0,0.0,0.0,13739.26102,274.7852205,0.6544984694978736,0.10332332985438242,0.8966766701456176,0.11522919386048376,0.0048421442503070455,0.510157855749693,4.433234524286382,1.0161295028607173,0.27155189576337146,0.27784143896053254,0.5430664389605325,0.7369304166341165,1.5752255167656286,1.5689359735684676,0.6894402844701838,0.0008542542880335365,16083338.664447676,321666.77340601466,0.0009112938429605116,0.000904032212373755,2936.9677054098984,2890.347831788596,40351765.91193706,807035.3185324379,103.63106446403081,2.0726212900348857,39711243.299534574,794224.8662797263,101.9860796997602,2.0397215947375007,"[0.702,0.878]",0.756,"[0.206,0.322]",0.265,0.002,0.0,255,0.511,0.04,0.405147522529,29,1.585147522529,0.005,0.0,102,0.5125,0.015,0.7091835225290001,57,1.571683522529,0.5139464480157301,0.5150400823071017,0.7000406025818712,0.6843932022802203,0.5302921236935322,0.5096210271424202,0.6879092313235395,0.6866625420003143
26,56,1.108,37.5,0.525,13623.35639,272.4671278,Sealock:1989nx,1.020306568,0.030609197,0.0089,1.1169,0.5830000000000001,0.5919000000000001,1.0,0.0,0.0,13623.35639,272.4671278,0.6544984694978736,0.10332332985438242,0.8966766701456176,0.11522919386048376,0.0048421442503070455,0.520157855749693,4.433234524286382,1.0161295028607173,0.26697260578422516,0.27322536587595814,0.5488503658759581,0.7408443600891877,1.598570266744775,1.5923175066530422,0.6835546575746285,0.0008668335464157166,15716231.156871382,314324.62313742767,0.0009112938429605121,0.0009040322123737554,3075.5993156554523,3026.7788770985326,41899985.59001434,837999.7118002867,107.60718916730792,2.152143783346158,41234887.35643732,824697.7471287464,105.899089500266,2.1179817900053197,"[0.702,0.878]",0.756,"[0.206,0.322]",0.265,0.002,0.0,260,0.521,0.04,0.405147522529,29,1.585147522529,0.005,0.0,104,0.5225,0.015,0.7091835225290001,58,1.586683522529,0.5238479529561388,0.5250400823071018,0.6928529810909859,0.6801825957296896,0.5302921236935322,0.5176144363101144,0.6879092313235395,0.6833120304630319
26,56,1.108,37.5,0.535,13460.31252,269.2062504,Sealock:1989nx,1.002948481,0.023996471,0.0089,1.1169,0.5730000000000001,0.5819000000000001,1.0,0.0,0.0,13460.31252,269.2062504,0.6544984694978736,0.10332332985438242,0.8966766701456176,0.11522919386048376,0.0048421442503070455,0.530157855749693,4.433234524286382,1.0161295028607173,0.26239331580507896,0.26860929279138374,0.5548342927913837,0.7448719975884338,1.6219150167239214,1.6156990397376165,0.6774927743323047,0.0008784730561439917,15322396.544617187,306447.93089234375,0.0009112938429605117,0.000904032212373755,3223.1448061155256,3171.982308398074,43384536.38752978,867690.7277505957,111.41979998917878,2.228395999783576,42695873.178949095,853917.4635789819,109.65118095232718,2.1930236190465435,"[0.702,0.878]",0.756,"[0.206,0.322]",0.265,0.002,0.0,265,0.531,0.04,0.405147522529,30,1.625147522529,0.005,0.0,106,0.5325,0.015,0.7091835225290001,60,1.6166835225290002,0.533747597467439,0.5350400823071018,0.6851664495073597,0.675944003976217,0.5438482914363655,0.5336012546455031,0.6767567296733206,0.6765555111403616
26,56,1.108,37.5,0.545,13257.95805,265.1591609,Sealock:1989nx,0.988085794,0.023910168,0.0089,1.1169,0.5630000000000001,0.5719000000000001,1.0,0.0,0.0,13257.95805,265.1591609,0.6544984694978736,0.10332332985438242,0.8966766701456176,0.11522919386048376,0.0048421442503070455,0.540157855749693,4.433234524286382,1.0161295028607173,0.2578140258259327,0.26399321970680933,0.5610182197068094,0.7490114950431732,1.6452597667030675,1.6390805728221909,0.6712524138767444,0.0008892000739762726,14909983.071316944,298199.6613138783,0.0009112938429605119,0.0009040322123737552,3380.2192553595323,3326.5634408243973,44814805.087358914,896296.1014091565,115.09300398615754,2.301860078855046,44103438.54911351,882068.770649614,113.26607844977957,2.2653215681412666,"[0.702,0.878]",0.756,"[0.206,0.322]",0.265,0.002,0.0,270,0.541,0.04,0.405147522529,30,1.625147522529,0.005,0.0,108,0.5425,0.015,0.7091835225290001,61,1.631683522529,0.5436453825979299,0.5450400823071018,0.6769316802823643,0.6716794324229989,0.5438482914363655,0.5415946638131972,0.6767567296733206,0.6731515656797676
26,56,1.108,37.5,0.555,13023.72752,260.4745503,Sealock:1989nx,0.982821545,0.030022127,0.0089,1.1169,0.553,0.5619000000000001,1.0,0.0,0.0,13023.72752,260.4745503,0.6544984694978736,0.10332332985438242,0.8966766701456176,0.11522919386048376,0.0048421442503070455,0.550157855749693,4.433234524286382,1.0161295028607173,0.2532347358467865,0.25937714662223493,0.567402146622235,0.7532610082980765,1.6686045166822137,1.6624621059067652,0.6648314086726119,0.0008990426174673503,14486218.191400666,289724.3637167839,0.0009112938429605116,0.000904032212373755,3547.4859664087785,3491.175048477102,46201490.60753181,924029.8117958874,118.65427802918187,2.3730855596725746,45468112.555988565,909362.2507706537,116.7708227102289,2.335416453307977,"[0.702,0.878]",0.756,"[0.206,0.322]",0.265,0.002,0.0,275,0.551,0.04,0.405147522529,31,1.665147522529,0.005,0.0,110,0.5525,0.015,0.7091835225290001,63,1.661683522529,0.553541309394916,0.5550400823071018,0.6680924928415005,0.6673908547474862,0.5572815869439202,0.5575814821485858,0.6645807917058767,0.6662973631187834
26,56,1.108,37.5,0.565,12765.26428,255.3052856,Sealock:1989nx,0.979219837,0.030003296,0.0089,1.1169,0.5430000000000001,0.5519000000000002,1.0,0.0,0.0,12765.26428,255.3052856,0.6544984694978736,0.10332332985438242,0.8966766701456176,0.11522919386048376,0.0048421442503070455,0.5601578557496929,4.433234524286382,1.0161295028607173,0.2486554458676403,0.2547610735376606,0.5739860735376605,0.757618686106448,1.6919492666613598,1.6858436389913394,0.6582276492953907,0.0009080293263615776,14058207.052793873,281164.14105587744,0.0009112938429605117,0.000904032212373755,3725.660834595036,3666.521662943703,47559045.171251,951180.9034250199,122.14073819583852,2.4428147639167705,46804118.01582145,936082.360316429,120.20194065025643,2.404038813005129,"[0.702,0.878]",0.756,"[0.206,0.322]",0.265,0.002,0.0,280,0.561,0.04,0.405147522529,32,1.705147522529,0.005,0.0,112,0.5625,0.015,0.7091835225290001,65,1.691683522529,0.5634353789047282,0.5650400823071018,0.6585846256731093,0.663080211613125,0.5705952919754792,0.5735683004839742,0.6512445503523334,0.6593880012909619
26,56,1.108,37.5,0.575,12488.81131,249.7762261,Sealock:1989nx,1.016910232,0.022820426,0.0089,1.1169,0.5330000000000001,0.5419000000000002,1.0,0.0,0.0,12488.81131,249.7762261,0.6544984694978736,0.10332332985438242,0.8966766701456176,0.11522919386048376,0.0048421442503070455,0.5701578557496929,4.433234524286382,1.0161295028607173,0.24407615588849407,0.25014500045308624,0.5807700004530862,0.7620826729778641,1.715294016640506,1.7092251720759137,0.6514390893430315,0.0009161893297699718,13631256.012483329,272625.1201405188,0.0009112938429605119,0.0009040322123737552,3915.5171906950723,3853.3643395568047,48900155.375652045,978003.1071214892,125.58496609775894,2.511699320949599,48123940.1454077,962478.8025228176,123.59149669820489,2.4718299329744804,"[0.702,0.878]",0.756,"[0.206,0.322]",0.265,0.002,0.0,285,0.5710000000000001,0.04,0.405147522529,32,1.705147522529,0.005,0.0,114,0.5725,0.015,0.7091835225290001,66,1.706683522529,0.573327592172717,0.5750400823071018,0.6483342343575478,0.658749409486108,0.5705952919754792,0.5815617096516685,0.6512445503523334,0.6559150539749938
26,56,1.108,37.5,0.585,12199.88091,243.9976181,Sealock:1989nx,0.975419358,0.027295348,0.0089,1.1169,0.5230000000000001,0.5319000000000002,1.0,0.0,0.0,12199.88091,243.9976181,0.6544984694978736,0.10332332985438242,0.8966766701456176,0.11522919386048376,0.0048421442503070455,0.5801578557496929,4.433234524286382,1.0161295028607173,0.23949686590934785,0.2455289273685118,0.5877539273685117,0.7666511118941338,1.738638766619652,1.7326067051604883,0.6444637504747155,0.0009235521196410864,13209737.328891793,264194.74646955833,0.0009112938429605119,0.0009040322123737552,4117.891181422634,4052.5259524789926,50237782.01369534,1004755.6398621177,129.02024753397637,2.5804049496219745,49440334.00492803,988806.6796933081,126.97224829192014,2.539444964797637,"[0.702,0.878]",0.756,"[0.206,0.322]",0.265,0.002,0.0,290,0.581,0.04,0.405147522529,33,1.745147522529,0.005,0.0,116,0.5825,0.015,0.7091835225290001,68,1.7366835225289998,0.5832179502432382,0.5850400823071018,0.6372560414294368,0.6544003195553609,0.5837925447545614,0.597548527987057,0.6365849166701635,0.6489373353105948
26,56,1.108,37.5,0.595,11903.24065,238.064813,Sealock:1989nx,1.008128824,0.030579908,0.0089,1.1169,0.5130000000000001,0.5219000000000001,1.0,0.0,0.0,11903.24065,238.064813,0.6544984694978736,0.10332332985438242,0.8966766701456176,0.11522919386048376,0.0048421442503070455,0.5901578557496929,4.433234524286382,1.0161295028607173,0.2349175759302016,0.2409128542839374,0.5949378542839374,0.7713221468906085,1.7619835165987985,1.7559882382450627,0.6372997275711172,0.0009301474309313291,12797154.788764656,255943.0957752931,0.000911293842960512,0.0009040322123737554,4333.687758875577,4264.89708907665,51584928.295855165,1031698.5659171032,132.47997723982516,2.649599544796503,50766096.39876386,1015321.9279752771,130.37706007635174,2.6075412015270345,"[0.702,0.878]",0.756,"[0.206,0.322]",0.265,0.002,0.0,295,0.591,0.04,0.405147522529,33,1.745147522529,0.005,0.0,118,0.5925,0.015,0.7091835225290001,69,1.751683522529,0.5931064541596811,0.5950400823071018,0.6252510401427501,0.6500347767537547,0.5837925447545614,0.6055419371547514,0.6365849166701635,0.6454344021909781
26,56,1.108,37.5,0.605,11601.7969,232.0359379,Sealock:1989nx,1.025703182,0.027926708,0.0089,1.1169,0.5030000000000001,0.5119000000000001,1.0,0.0,0.0,11601.7969,232.0359379,0.6544984694978736,0.10332332985438242,0.8966766701456176,0.11522919386048376,0.0048421442503070455,0.6001578557496929,4.433234524286382,1.0161295028607173,0.23033828595105538,0.23629678119936304,0.6023217811993631,0.7760939255008784,1.7853282665779444,1.7793697713296368,0.6299451940097771,0.0009360051287821121,12395014.240034921,247900.2846938614,0.0009112938429605118,0.0009040322123737552,4563.887361726789,4491.442625057181,52949294.24523104,1058985.8844482321,135.98393034960648,2.719678605820036,52108805.12391627,1042176.1020291811,133.82539328576706,2.6765078645618527,"[0.702,0.878]",0.756,"[0.206,0.322]",0.265,0.002,0.0,300,0.601,0.04,0.405147522529,34,1.785147522529,0.005,0.0,120,0.6025,0.015,0.7091835225290001,71,1.7816835225290002,0.6029931049644546,0.6050400823071018,0.6122036214098224,0.645654578878314,0.5968763486071639,0.62152875549014,0.6204060433797635,0.6384048676630231
26,56,1.108,37.5,0.615,11299.14759,225.9829517,Sealock:1989nx,1.035476341,0.02398411,0.0089,1.1169,0.4930000000000001,0.5019000000000001,1.0,0.0,0.0,11299.14759,225.9829517,0.6544984694978736,0.10332332985438242,0.8966766701456176,0.11522919386048376,0.0048421442503070455,0.610157855749693,4.433234524286382,1.0161295028607173,0.22575899597190915,0.23168070811478866,0.6099057081147886,0.7809646010638309,1.8086730165570908,1.8027513044142112,0.6223984070483746,0.0009411551029191389,12005616.879676834,240112.33748728424,0.0009112938429605118,0.0009040322123737552,4809.553384148125,4733.2090748351975,54343853.52947363,1086877.0701085173,139.5654257270245,2.7913085133053044,53481227.91089025,1069624.5577444842,137.35003789783178,2.7470007567410573,"[0.702,0.878]",0.756,"[0.206,0.322]",0.265,0.002,0.0,305,0.611,0.04,0.405147522529,34,1.785147522529,0.005,0.0,122,0.6125,0.015,0.7091835225290001,72,1.7966835225289999,0.612877903698994,0.6150400823071018,0.5979779474882867,0.641261485807001,0.5968763486071639,0.6295221646578341,0.6204060433797635,0.6348800105288663
26,56,1.108,37.5,0.625,10997.14936,219.9429872,Sealock:1989nx,1.045725544,0.030007776,0.0089,1.1169,0.4830000000000001,0.4919000000000001,1.0,0.0,0.0,10997.14936,219.9429872,0.6544984694978736,0.10332332985438242,0.8966766701456176,0.11522919386048376,0.0048421442503070455,0.620157855749693,4.433234524286382,1.0161295028607173,0.22117970599276293,0.22706463503021423,0.6176896350302142,0.7859323348929056,1.832017766536237,1.8261328374987857,0.614657713307847,0.0009456271694038761,11629476.939556008,232589.53879112017,0.0009112938429605117,0.000904032212373755,5071.840544074506,4991.332826963211,55775787.993291005,1115515.7598658202,143.2429077250113,2.864858154500226,54890432.60358547,1097808.6520717093,140.9691454895645,2.81938290979129,"[0.702,0.878]",0.756,"[0.206,0.322]",0.265,0.002,0.0,310,0.621,0.04,0.405147522529,35,1.825147522529,0.005,0.0,124,0.6225,0.015,0.7091835225290001,74,1.8266835225290001,0.6227608514037541,0.6250400823071018,0.5824133315018819,0.636857218809476,0.6098495799428804,0.6455089829932228,0.6024707244698202,0.6278143563841406
26,56,1.108,37.5,0.635,10697.54204,213.9508408,Sealock:1989nx,1.046969478,0.030193852,0.0089,1.1169,0.4730000000000001,0.4819000000000001,1.0,0.0,0.0,10697.54204,213.9508408,0.6544984694978736,0.10332332985438242,0.8966766701456176,0.11522919386048376,0.0048421442503070455,0.630157855749693,4.433234524286382,1.0161295028607173,0.21660041601361665,0.22244856194563983,0.6256735619456398,0.7909952983081757,1.8553625165153833,1.84951437058336,0.606721554346438,0.000949450979789376,11267081.99550557,225341.6399101114,0.0009112938429605119,0.0009040322123737552,5352.004280953114,5267.049392705924,57253290.79375591,1145065.8158751184,147.03741794037387,2.9407483588074776,56344482.30522809,1126889.6461045619,144.70342365458168,2.8940684730916337,"[0.702,0.878]",0.756,"[0.206,0.322]",0.265,0.002,0.0,315,0.631,0.04,0.405147522529,36,1.865147522529,0.005,0.0,126,0.6325000000000001,0.015,0.7091835225290001,76,1.856683522529,0.6326419491182165,0.6350400823071018,0.5653182896046038,0.6324434599490865,0.6227149956389798,0.6614958013286112,0.5824889290590017,0.620732911527478
26,56,1.108,37.5,0.645,10401.52001,208.0304003,Sealock:1989nx,1.086379681,0.022304432,0.0089,1.1169,0.4630000000000001,0.4719000000000001,1.0,0.0,0.0,10401.52001,208.0304003,0.6544984694978736,0.10332332985438242,0.8966766701456176,0.11522919386048376,0.0048421442503070455,0.640157855749693,4.433234524286382,1.0161295028607173,0.21202112603447043,0.21783248886106546,0.6338574888610655,0.7961516745326016,1.8787072664945295,1.8728959036679345,0.5985884723148638,0.0009526559376622432,10918443.478686195,218368.86967869356,0.0009112938429605118,0.0009040322123737552,5651.411335198777,5561.703817562933,58783268.0878109,1175665.362321359,150.96669270705297,3.01933385559245,57850173.54807424,1157003.471517655,148.57032718963012,2.971406545220954,"[0.702,0.878]",0.756,"[0.206,0.322]",0.265,0.002,0.0,320,0.641,0.04,0.405147522529,36,1.865147522529,0.005,0.0,128,0.6425,0.015,0.7091835225290001,77,1.871683522529,0.642521197880896,0.6450400823071017,0.5464627985596313,0.6280218515732017,0.6227149956389798,0.6694892104963055,0.5824889290590017,0.6171882540189167
26,56,1.108,37.5,0.655,10110.11137,202.2022273,Sealock:1989nx,1.068237491,0.029574353,0.0089,1.1169,0.45300000000000007,0.4619000000000001,1.0,0.0,0.0,10110.11137,202.2022273,0.6544984694978736,0.10332332985438242,0.8966766701456176,0.11522919386048376,0.0048421442503070455,0.650157855749693,4.433234524286382,1.0161295028607173,0.20744183605532424,0.21321641577649109,0.6422414157764911,0.8013996604544396,1.9020520164736756,1.8962774367525088,0.5902571156818813,0.0009552711224898954,10583499.419147303,211669.98827826374,0.0009112938429605116,0.000904032212373755,5971.551687957645,5876.762431506899,60373052.61696328,1207461.0517421104,155.04956390986624,3.1009912766637155,59414722.677566744,1188294.4529636586,152.58838905213753,3.051767779533485,"[0.702,0.878]",0.756,"[0.206,0.322]",0.265,0.002,0.0,325,0.651,0.04,0.405147522529,37,1.905147522529,0.005,0.0,130,0.6525,0.015,0.7091835225290001,79,1.9016835225289999,0.6523985987293344,0.6550400823071018,0.5255680935925036,0.6235939958888914,0.6354752398811444,0.6854760288316939,0.560102290687517,0.6100948959557335
26,56,1.108,37.5,0.665,9824.403249,196.488065,Sealock:1989nx,1.109482146,0.030434419,0.0089,1.1169,0.44300000000000006,0.4519000000000001,1.0,0.0,0.0,9824.403249,196.488065,0.6544984694978736,0.10332332985438242,0.8966766701456176,0.11522919386048376,0.0048421442503070455,0.660157855749693,4.433234524286382,1.0161295028607173,0.20286254607617799,0.20860034269191668,0.6508253426919167,0.8067374682583651,1.925396766452822,1.9196589698370832,0.5817262450186197,0.000957325220637239,10262346.627053691,205246.93256196537,0.0009112938429605118,0.0009040322123737552,6314.052071419645,6213.82614484044,62031793.68481034,1240635.873822488,159.30952871305078,3.1861905745853294,61047133.76609157,1220942.6754461078,156.78073342477057,3.135614668814577,"[0.702,0.878]",0.756,"[0.206,0.322]",0.265,0.002,0.0,330,0.661,0.04,0.405147522529,37,1.905147522529,0.005,0.0,132,0.6625,0.015,0.7091835225290001,80,1.916683522529,0.6622741527000926,0.6650400823071018,0.5022930438811765,0.6191614546208596,0.6354752398811444,0.6934694379993882,0.560102290687517,0.6065476760259462
26,56,1.108,37.5,0.675,9545.063144,190.9012629,Sealock:1989nx,1.131474966,0.023258097,0.0089,1.1169,0.43300000000000005,0.44190000000000007,1.0,0.0,0.0,9545.063144,190.9012629,0.6544984694978736,0.10332332985438242,0.8966766701456176,0.11522919386048376,0.0048421442503070455,0.670157855749693,4.433234524286382,1.0161295028607173,0.19828325609703173,0.20398426960734228,0.6596092696073423,0.8121633269283601,1.9487415164319681,1.9430405029216575,0.5729947388290999,0.0009588464633693334,9954735.725320585,199094.71452727012,0.000911293842960512,0.0009040322123737554,6680.691298006065,6574.645534056302,63767620.28503921,1275352.4058343982,163.7674639295485,3.2753492789341165,62755406.771985,1255108.135571193,161.1679057329727,3.2233581149971533,"[0.702,0.878]",0.756,"[0.145,0.206]",0.16,0.002,0.0,335,0.671,0.04,0.405147522529,38,1.945147522529,0.005,0.0,134,0.6725,0.03,0.8141835225290001,37,1.939183522529,0.6721478608287867,0.6740336346005142,0.47621568699015604,0.5305470669224257,0.6481328505089422,0.6495056875770697,0.5348627843285052,0.5440437907281893
26,56,1.108,37.5,0.685,9272.25782,185.4451564,Sealock:1989nx,1.186334571,0.02847203,0.0089,1.1169,0.42300000000000004,0.43190000000000006,1.0,0.0,0.0,9272.25782,185.4451564,0.6544984694978736,0.10332332985438242,0.8966766701456176,0.11522919386048376,0.0048421442503070455,0.680157855749693,4.433234524286382,1.0161295028607173,0.1937039661178855,0.19936819652276788,0.6685931965227679,0.8176754836258502,1.9720862664111145,1.966422036006232,0.5640615994134336,0.000959862571616294,9659984.766763669,193199.69533527334,0.000911293842960512,0.0009040322123737554,7073.417702784814,6961.138007380915,65586552.608772926,1311731.0521754585,168.43883056336406,3.3687766112672812,64545466.32503691,1290909.3265007383,165.76512156093975,3.315302431218795,"[0.702,0.878]",0.756,"[0.145,0.206]",0.16,0.002,0.0,340,0.681,0.04,0.405147522529,39,1.985147522529,0.005,0.0,136,0.6825,0.03,0.8141835225290001,38,1.9691835225290002,0.6820197241500381,0.6840336346005143,0.44680778913436037,0.5250975534358349,0.6606902649091723,0.6654925059124583,0.506202881549444,0.5352265791373148
26,56,1.108,37.5,0.695,9006.990124,180.1398025,Sealock:1989nx,1.210171195,0.027312121,0.0089,1.1169,0.41300000000000014,0.42190000000000016,1.0,0.0,0.0,9006.990124,180.1398025,0.6544984694978736,0.10332332985438242,0.8966766701456176,0.11522919386048376,0.0048421442503070455,0.6901578557496929,4.433234524286382,1.0161295028607173,0.18912467613873932,0.19475212343819354,0.6777771234381935,0.8232722049469383,1.9954310163902607,1.9898035690908065,0.554925958749248,0.0009604007072432093,9378366.817173839,187567.3363643014,0.0009112938429605119,0.0009040322123737552,7494.369049314592,7375.40739464373,67501708.0127878,1350034.1604056435,173.35731649940064,3.4671463303729526,66430221.564032644,1328604.4314281612,170.60553404988872,3.4121106813766042,"[0.702,0.878]",0.756,"[0.145,0.206]",0.16,0.002,0.0,345,0.6910000000000001,0.04,0.405147522529,39,1.985147522529,0.005,0.0,138,0.6925,0.03,0.8141835225290001,39,1.999183522529,0.6918897436975087,0.6940336346005143,0.4133991518093555,0.5196810400396193,0.6606902649091723,0.6814793242478467,0.506202881549444,0.5264864478060824
26,56,1.108,37.5,0.705,8748.502806,174.9700561,Sealock:1989nx,1.280219056,0.026976044,0.0089,1.1169,0.40300000000000014,0.41190000000000015,1.0,0.0,0.0,8748.502806,174.9700561,0.6544984694978736,0.10332332985438242,0.8966766701456176,0.11522919386048376,0.0048421442503070455,0.7001578557496929,4.433234524286382,1.0161295028607173,0.1845453861595931,0.19013605035361913,0.6871610503536191,0.8289517780628853,2.018775766369407,2.013185102175381,0.5455870843759502,0.0009604874305408404,9108399.056376833,182167.9811067139,0.0009112938429605117,0.000904032212373755,7945.895317175316,7819.766373090413,69514687.47849052,1390293.7494108924,178.52703336458737,3.5705406668836157,68411248.05724593,1368224.960988523,175.69318956095537,3.513863790817454,"[0.702,0.878]",0.756,"[0.145,0.206]",0.16,0.002,0.0,350,0.7010000000000001,0.04,0.405147522529,40,2.025147522529,0.005,0.0,140,0.7025,0.03,0.8141835225290001,39,1.999183522529,0.7017579205039155,0.7040336346005143,0.3751264960063379,0.5142989235581354,0.6731498254958411,0.6814793242478467,0.4733929275600299,0.5264864478060824
26,56,1.108,37.5,0.715,8497.034391,169.9406878,Sealock:1989nx,1.212187632,0.036601005,0.0089,1.1169,0.3930000000000001,0.40190000000000015,1.0,0.0,0.0,8497.034391,169.9406878,0.6544984694978736,0.10332332985438242,0.8966766701456176,0.11522919386048376,0.0048421442503070455,0.7101578557496929,4.433234524286382,1.0161295028607173,0.17996609618044684,0.18551997726904476,0.6967449772690447,0.8347125117482335,2.042120516348553,2.0365666352599554,0.5360443852655228,0.0009601486636318785,8849707.043135319,176994.1408418763,0.000911293842960512,0.0009040322123737554,8430.584872742926,8296.762222736605,71634969.59994099,1432699.3918302082,183.97232400414683,3.67944647964991,70497873.94054252,1409957.4786449154,181.0520445338986,3.621040890251819,"[0.702,0.878]",0.756,"[0.145,0.206]",0.16,0.002,0.0,355,0.711,0.04,0.405147522529,40,2.025147522529,0.005,0.0,142,0.7125,0.03,0.8141835225290001,40,2.029183522529,0.711624255600988,0.7140336346005143,0.33085854638358525,0.5089525137028796,0.6731498254958411,0.6974661425832351,0.4733929275600299,0.5178296793229978
26,56,1.108,37.5,0.725,8253.875519,165.0775104,Sealock:1989nx,1.308476239,0.03792158,0.0089,1.1169,0.3830000000000001,0.39190000000000014,1.0,0.0,0.0,8253.875519,165.0775104,0.6544984694978736,0.10332332985438242,0.8966766701456176,0.11522919386048376,0.0048421442503070455,0.7201578557496929,4.433234524286382,1.0161295028607173,0.17538680620130065,0.18090390418447036,0.7065289041844703,0.8405527373011585,2.065465266327699,2.0599481683445298,0.5262974176626303,0.000959409659472025,8603077.358572988,172061.54719230594,0.0009112938429605117,0.000904032212373755,8951.294627202624,8809.20650566879,73882871.58682396,1477657.431915505,189.74536690442247,3.794907338548222,72710093.91895515,1454201.8785552871,186.73344920133786,3.7346689844792325,"[0.702,0.878]",0.756,"[0.145,0.206]",0.16,0.002,0.0,360,0.721,0.04,0.405147522529,41,2.065147522529,0.005,0.0,144,0.7225,0.03,0.8141835225290001,41,2.059183522529,0.7214887500195104,0.7240336346005143,0.279083299268834,0.5036430355897722,0.6855137848116636,0.7134529609186239,0.43547886763137883,0.5092619670789099
26,56,1.108,37.5,0.735,8017.104524,160.3420905,Sealock:1989nx,1.049007154,0.076710987,0.0089,1.1169,0.3730000000000001,0.38190000000000013,1.0,0.0,0.0,8017.104524,160.3420905,0.6544984694978736,0.10332332985438242,0.8966766701456176,0.11522919386048376,0.0048421442503070455,0.7301578557496929,4.433234524286382,1.0161295028607173,0.1708075162221544,0.17628783109989596,0.7165128310998959,0.8464708093607811,2.0888100163068457,2.083329701429104,0.5163458908759373,0.0009582949761146882,8366009.134791205,167320.1827166945,0.0009112938429605119,0.0009040322123737552,9511.1849123757,9360.209388270674,76252163.58960778,1525043.2719823793,195.8301626184551,3.916603252857633,75041777.0322921,1500835.5408330462,192.72165808308182,3.8544331621424126,"[0.702,0.878]",0.756,"[0.145,0.206]",0.16,0.002,0.0,365,0.731,0.04,0.405147522529,41,2.065147522529,0.005,0.0,146,0.7325,0.03,0.8141835225290001,42,2.089183522529,0.7313514047892866,0.7340336346005143,0.21773315838612262,0.49837163228595605,0.6855137848116636,0.7294397792540123,0.43547886763137883,0.5007884411205071
26,56,1.25,85.0,0.8331,236.3201848,4.726403696,Chen:1990kq,1.286390328,0.022850355,0.0089,1.2589,0.41690000000000005,0.42580000000000007,1.0,0.0,0.0,236.3201848,4.726403696,1.4835298641951802,0.45642212862617093,0.5435778713738292,0.8396628204761494,0.026757840020738,0.806342159979262,4.433234524286382,1.0142906944,0.9514119271212534,0.9786413775534553,1.6726969875534552,1.2933278731835385,1.492294768007747,1.465065317575545,0.2583773172222842,5.4077846901044876e-05,4369999.886135147,87399.99772270293,2.2243710433272395e-05,2.2086454874565493e-05,34418.9006118115,33933.96074896642,8133880.953196126,162677.61906392255,20.889364377336026,0.4177872875467206,8019279.87519169,160385.59750383382,20.59504685655531,0.41190093713110626,"[0.878,1.302]",0.991,"[0.650,1.050]",0.8,0.002,0.0,403,0.807,0.12,-0.005397477470999945,12,1.494602522529,0.005,0.0,161,0.8075,0.1,0.17418352252900005,12,1.424183522529,0.8101226930512695,0.8151681730025713,0.1649516853283297,0.24544613249905653,0.6354752398811444,0.7161174306411887,0.25959858476880776,0.2662531490565028
26,56,1.25,85.0,0.8414,244.7703039,4.895406078,Chen:1990kq,1.323689985,0.023818249,0.0089,1.2589,0.40859999999999996,0.4175,1.0,0.0,0.0,244.7703039,4.895406078,1.4835298641951802,0.45642212862617093,0.5435778713738292,0.8396628204761494,0.026757840020738,0.814642159979262,4.433234524286382,1.0142906944,0.932470408783267,0.9595649956049024,1.6675189556049026,1.2913244966331672,1.5268116181457332,1.499717031324098,0.2552121216439703,5.7039231872033835e-05,4291262.27451899,85825.2454903798,2.2243710433272402e-05,2.2086454874565496e-05,35143.84473978179,34648.690886956225,8602169.557170805,172043.39114341608,22.09201921559466,0.4418403843118932,8480970.598137435,169619.4119627487,21.780757072471328,0.4356151414494266,"[0.878,1.302]",0.991,"[0.650,1.050]",0.8,0.002,0.0,407,0.8150000000000001,0.12,-0.005397477470999945,12,1.494602522529,0.005,0.0,162,0.8125,0.1,0.17418352252900005,13,1.5241835225290001,0.8179997642203176,0.8201681730025713,0.1594938287595508,0.2444164374404877,0.6354752398811444,0.7694068250924838,0.25959858476880776,0.25497201565284094
26,56,1.25,85.0,0.8498,253.5791348,5.071582695,Chen:1990kq,1.348691407,0.025278105,0.0089,1.2589,0.4002,0.4091,1.0,0.0,0.0,253.5791348,5.071582695,1.4835298641951802,0.45642212862617093,0.5435778713738292,0.8396628204761494,0.026757840020738,0.823042159979262,4.433234524286382,1.0142906944,0.9133006793809679,0.940258777729259,1.6624188177292591,1.289348214304134,1.561744333948032,1.5347862355997408,0.2519449207040764,6.000565481484421e-05,4225920.633354533,84518.41265042558,2.22437104332724e-05,2.2086454874565496e-05,35912.60552055715,35406.62032968873,9106687.436316585,182133.7486904191,23.38771777240914,0.46775435535595233,8978380.149394559,179567.60295248457,23.058200081628524,0.4611640015416395,"[0.878,1.302]",0.991,"[0.650,1.050]",0.8,0.002,0.0,411,0.8230000000000001,0.12,-0.005397477470999945,12,1.494602522529,0.005,0.0,164,0.8225,0.1,0.17418352252900005,13,1.5241835225290001,0.8258756644365661,0.8301681730025713,0.15391113549110833,0.2423642530912239,0.6354752398811444,0.7694068250924838,0.25959858476880776,0.25497201565284094
26,56,1.25,85.0,0.8581,262.4842583,5.249685166,Chen:1990kq,1.375320571,0.026668266,0.0089,1.2589,0.3919,0.40080000000000005,1.0,0.0,0.0,262.4842583,5.249685166,1.4835298641951802,0.45642212862617093,0.5435778713738292,0.8396628204761494,0.026757840020738,0.831342159979262,4.433234524286382,1.0142906944,0.8943591610429821,0.9211823957807066,1.6575180057807066,1.287446311805159,1.5962611840860177,1.5694379493482933,0.24865270280449234,6.290606972112083e-05,4172638.021476494,83452.76042952988,2.224371043327239e-05,2.2086454874565486e-05,36709.092028322804,36191.88486199998,9635558.793920755,192711.1758784151,24.74596072694719,0.4949192145389438,9499800.054481063,189996.00108962125,24.397306278734593,0.4879461255746918,"[0.878,1.302]",0.991,"[0.650,1.050]",0.8,0.002,0.0,415,0.8310000000000001,0.12,-0.005397477470999945,13,1.614602522529,0.005,0.0,166,0.8325,0.1,0.17418352252900005,13,1.5241835225290001,0.833750394222065,0.8401681730025713,0.14820006845890454,0.2403219934906866,0.6731498254958411,0.7694068250924838,0.24284003737402868,0.25497201565284094
26,56,1.299,37.5,0.153,630.0508606,12.60101721,Sealock:1989nx,2.2061711,0.165066039,0.0089,1.3078999999999998,1.146,1.1548999999999998,1.0,0.0,0.0,630.0508606,12.60101721,0.6544984694978736,0.10332332985438242,0.8966766701456176,0.11522919386048376,0.006650425854909159,0.14634957414509084,4.433234524286382,1.0137497903580712,0.6152507531241831,0.6242769593651992,0.6476859593651992,0.8047893882036462,0.5522170074048169,0.5431908011638008,0.8070373230957777,-0.0004903634748246637,-1284864.98882341,-25697.299772389593,0.0006630093525038057,0.0006584977054074803,1328.2477681892863,1310.2323480827845,836863.6494376891,16737.272986097287,2.149226157580028,0.04298452314477817,825513.0184955171,16510.260367289877,2.120075563044891,0.04240151125416796,"[0.702,0.878]",0.756,"[0.438,0.650]",0.5,0.002,0.0,73,0.147,0.04,0.405147522529,3,0.545147522529,0.005,0.0,29,0.1475,0.1,0.4741835225290001,0,0.5241835225290001,0.15225609246225247,0.15229260812660705,0.8063208324423287,0.8057053944050675,0.11845947443664773,0.0766446972256476,0.8088918934509105,0.8109208319529057
26,56,1.299,37.5,0.163,876.4215733,17.52843147,Sealock:1989nx,1.700095074,0.122087364,0.0089,1.3078999999999998,1.136,1.1448999999999998,1.0,0.0,0.0,876.4215733,17.52843147,0.6544984694978736,0.10332332985438242,0.8966766701456176,0.11522919386048376,0.006650425854909159,0.15634957414509085,4.433234524286382,1.0137497903580712,0.6098820729049494,0.6188714960405374,0.6454404960405373,0.8033931142600971,0.5763511476240506,0.5673617244884627,0.8062225666358631,-0.0004532960190397602,-1933442.025713281,-38668.84052308988,0.0006630093525038057,0.0006584977054074803,1340.841776000764,1322.6555396151145,1175142.6588689557,23502.85318274248,3.0179914529999636,0.06035982907377343,1159203.8489634392,23184.076984559408,2.977057535996101,0.05954115073350936,"[0.702,0.878]",0.756,"[0.438,0.650]",0.5,0.002,0.0,78,0.157,0.04,0.405147522529,4,0.5851475225289999,0.005,0.0,31,0.1575,0.1,0.4741835225290001,0,0.5241835225290001,0.16222603926159707,0.16229260812660706,0.8054237643445129,0.8047652246043048,0.13721922336983916,0.0766446972256476,0.8075525972987655,0.8109208319529057
26,56,1.299,37.5,0.173,1193.933145,23.87866289,Sealock:1989nx,1.599754566,0.098833005,0.0089,1.3078999999999998,1.126,1.1348999999999998,1.0,0.0,0.0,1193.933145,23.87866289,0.6544984694978736,0.10332332985438242,0.8966766701456176,0.11522919386048376,0.006650425854909159,0.16634957414509083,4.433234524286382,1.0137497903580712,0.6045133926857157,0.6134660327158755,0.6433950327158755,0.8021190888614206,0.6004852878432844,0.5915326478131245,0.8053464060119707,-0.00041640756704534664,-2867222.499032975,-57344.449956644574,0.0006630093525038057,0.0006584977054074803,1354.4663274633758,1336.0952972280847,1617142.242144948,32342.8448293543,4.153131050298205,0.08306262097117881,1595208.460239237,31904.16919142379,4.096800896828061,0.08193601790224773,"[0.702,0.878]",0.756,"[0.438,0.650]",0.5,0.002,0.0,83,0.167,0.04,0.405147522529,4,0.5851475225289999,0.005,0.0,33,0.1675,0.1,0.4741835225290001,1,0.6241835225290001,0.17219408679261505,0.17229260812660707,0.8044608449646666,0.8037676876184875,0.13721922336983916,0.12993409167694267,0.8075525972987655,0.807597890722904
26,56,1.299,37.5,0.183,1588.978387,31.77956774,Sealock:1989nx,1.403417452,0.064192188,0.0089,1.3078999999999998,1.1159999999999999,1.1248999999999998,1.0,0.0,0.0,1588.978387,31.77956774,0.6544984694978736,0.10332332985438242,0.8966766701456176,0.11522919386048376,0.006650425854909159,0.17634957414509084,4.433234524286382,1.0137497903580712,0.5991447124664819,0.6080605693912137,0.6415495693912137,0.8009678953561208,0.6246194280625181,0.6157035711377864,0.8044075693291751,-0.00037972798640488963,-4184517.454306706,-83690.34908613411,0.0006630093525038057,0.0006584977054074803,1369.1594341658054,1350.5891169478796,2175564.749246614,43511.29498493228,5.587267017430664,0.11174534034861329,2146056.916547596,42921.13833095192,5.511485250672318,0.11022970501344637,"[0.702,0.878]",0.756,"[0.438,0.650]",0.5,0.002,0.0,88,0.177,0.04,0.405147522529,5,0.625147522529,0.005,0.0,35,0.1775,0.1,0.4741835225290001,1,0.6241835225290001,0.1821602361403265,0.18229260812660705,0.8034302704693759,0.8027132179377766,0.1556573097222419,0.12993409167694267,0.8060221140328958,0.807597890722904
26,56,1.299,37.5,0.193,2062.005995,41.24011991,Sealock:1989nx,1.382149231,0.055770934,0.0089,1.3078999999999998,1.1059999999999999,1.1148999999999998,1.0,0.0,0.0,2062.005995,41.24011991,0.6544984694978736,0.10332332985438242,0.8966766701456176,0.11522919386048376,0.006650425854909159,0.18634957414509085,4.433234524286382,1.0137497903580712,0.5937760322472483,0.6026551060665517,0.6399041060665517,0.7999400640463957,0.6487535682817518,0.6398744944624484,0.8034047680971272,-0.00034328711620785975,-6006651.277152676,-120133.02557218366,0.0006630093525038055,0.0006584977054074802,1384.9613074140807,1366.1766646826059,2855798.5187308723,57115.97038846705,7.334237639977325,0.14668475283511495,2817064.472804638,56341.28946975453,7.23476119031972,0.14469522384148042,"[0.702,0.878]",0.756,"[0.438,0.650]",0.5,0.002,0.0,93,0.187,0.04,0.405147522529,5,0.625147522529,0.005,0.0,37,0.1875,0.1,0.4741835225290001,1,0.6241835225290001,0.192124488388707,0.19229260812660706,0.8023300798622928,0.801602273081695,0.1556573097222419,0.12993409167694267,0.8060221140328958,0.807597890722904
26,56,1.299,37.5,0.203,2606.707718,52.13415436,Sealock:1989nx,1.285146001,0.067901744,0.0089,1.3078999999999998,1.0959999999999999,1.1048999999999998,1.0,0.0,0.0,2606.707718,52.13415436,0.6544984694978736,0.10332332985438242,0.8966766701456176,0.11522919386048376,0.006650425854909159,0.19634957414509085,4.433234524286382,1.0137497903580712,0.5884073520280146,0.5972496427418899,0.6384586427418899,0.79903607098922,0.6728877085009854,0.6640454177871102,0.8023366973779161,-0.00030711467318594046,-8487734.210021893,-169754.68420043783,0.0006630093525038054,0.0006584977054074802,1401.9144836523897,1382.8998999419896,3654381.3045126693,73087.62609025337,9.385151206779536,0.1877030241355907,3604815.8424002123,72096.31684800424,9.257857605538506,0.1851571521107701,"[0.702,0.878]",0.756,"[0.438,0.650]",0.5,0.002,0.0,98,0.197,0.04,0.405147522529,6,0.665147522529,0.005,0.0,39,0.1975,0.1,0.4741835225290001,1,0.6241835225290001,0.20208684462072313,0.20229260812660707,0.8011581450503442,0.8004353331109055,0.17378973318055213,0.12993409167694267,0.8043004540053833,0.807597890722904
26,56,1.299,37.5,0.213,3210.554012,64.21108025,Sealock:1989nx,1.152449074,0.068523999,0.0089,1.3078999999999998,1.0859999999999999,1.0948999999999998,1.0,0.0,0.0,3210.554012,64.21108025,0.6544984694978736,0.10332332985438242,0.8966766701456176,0.11522919386048376,0.006650425854909159,0.20634957414509084,4.433234524286382,1.0137497903580712,0.5830386718087809,0.591844179417228,0.637213179417228,0.7982563369101607,0.6970218487202192,0.6882163411117721,0.8012020359562998,-0.0002712401568622907,-11836573.34938796,-236731.46702462688,0.0006630093525038055,0.0006584977054074802,1420.063957167599,1400.8032067419829,4559192.034981031,91183.84071382125,11.70887848408254,0.23417756971812073,4497354.3554279385,89947.0871225668,11.550067477643367,0.23100134958884264,"[0.702,0.878]",0.756,"[0.438,0.650]",0.5,0.002,0.0,103,0.20700000000000002,0.04,0.405147522529,7,0.705147522529,0.005,0.0,41,0.20750000000000002,0.1,0.4741835225290001,2,0.7241835225290001,0.2120473059182757,0.21229260812660708,0.7999121598345202,0.7992129001180126,0.19163120944830536,0.18322348612823774,0.8023862194365207,0.8026121791920012
26,56,1.299,37.5,0.223,3856.306734,77.12613467,Sealock:1989nx,1.078752363,0.061198451,0.0089,1.3078999999999998,1.0759999999999998,1.0848999999999998,1.0,0.0,0.0,3856.306734,77.12613467,0.6544984694978736,0.10332332985438242,0.8966766701456176,0.11522919386048376,0.006650425854909159,0.21634957414509084,4.433234524286382,1.0137497903580712,0.5776699915895471,0.5864387160925661,0.6361677160925662,0.7976012262356209,0.721155988939453,0.712387264436434,0.799999446533316,-0.00023569275434256196,-16361583.726902116,-327231.6744956142,0.0006630093525038057,0.0006584977054074803,1439.4573205350014,1419.9335321456037,5550988.958484722,111019.77915529987,14.25600296778285,0.28512005931868895,5475699.241845497,109513.98482271061,14.062644553294971,0.28125289102943285,"[0.702,0.878]",0.756,"[0.438,0.650]",0.5,0.002,0.0,108,0.217,0.04,0.405147522529,7,0.705147522529,0.005,0.0,43,0.2175,0.1,0.4741835225290001,2,0.7241835225290001,0.22200587336227073,0.22229260812660706,0.7985896277133662,0.7979354976983755,0.19163120944830536,0.18322348612823774,0.8023862194365207,0.8026121791920012
26,56,1.299,37.5,0.233,4523.867959,90.47735919,Sealock:1989nx,1.127353859,0.056809792,0.0089,1.3078999999999998,1.0659999999999998,1.0748999999999997,1.0,0.0,0.0,4523.867959,90.47735919,0.6544984694978736,0.10332332985438242,0.8966766701456176,0.11522919386048376,0.006650425854909159,0.22634957414509085,4.433234524286382,1.0137497903580712,0.5723013113703134,0.5810332527679043,0.6353222527679043,0.7970710462486417,0.7452901291586868,0.7365581877610958,0.7987275759443065,-0.00020050124537137433,-22562792.318924297,-451255.8464283609,0.0006630093525038058,0.0006584977054074806,1460.1449132953276,1440.3405329233983,6605502.788753565,132110.05578967277,16.9641964818237,0.3392839296739733,6515910.386941146,130318.20775322634,16.73410603205323,0.33468212067805536,"[0.702,0.878]",0.756,"[0.438,0.650]",0.5,0.002,0.0,113,0.227,0.04,0.405147522529,8,0.7451475225290001,0.005,0.0,45,0.2275,0.1,0.4741835225290001,2,0.7241835225290001,0.23196254803257688,0.23229260812660707,0.7971878483720742,0.7966036704019528,0.20919531003256908,0.18322348612823774,0.8002766573796483,0.8026121791920012
26,56,1.299,37.5,0.243,5191.977607,103.8395521,Sealock:1989nx,1.090143377,0.052388516,0.0089,1.3078999999999998,1.056,1.0649,1.0,0.0,0.0,5191.977607,103.8395521,0.6544984694978736,0.10332332985438242,0.8966766701456176,0.11522919386048376,0.006650425854909159,0.23634957414509083,4.433234524286382,1.0137497903580712,0.5669326311510798,0.5756277894432426,0.6346767894432426,0.7966660463727838,0.7694242693779203,0.7607291110857576,0.7973850554024102,-0.00016569390828618873,-31334752.500570793,-626695.0497700069,0.0006630093525038055,0.0006584977054074802,1482.179979388278,1462.0767308516538,7695445.262527661,153908.90519126604,19.7633775389371,0.39526755062648117,7591069.646297553,151821.39286746798,19.49532096273617,0.3899064191045276,"[0.702,0.878]",0.756,"[0.438,0.650]",0.5,0.002,0.0,118,0.23700000000000002,0.04,0.405147522529,8,0.7451475225290001,0.005,0.0,47,0.23750000000000002,0.1,0.4741835225290001,2,0.7241835225290001,0.24191733100801827,0.24229260812660708,0.7957039027125082,0.7952179831672257,0.20919531003256908,0.18322348612823774,0.8002766573796483,0.8026121791920012
26,56,1.299,37.5,0.253,5839.587229,116.7917446,Sealock:1989nx,1.073706026,0.037845141,0.0089,1.3078999999999998,1.0459999999999998,1.0548999999999997,1.0,0.0,0.0,5839.587229,116.7917446,0.6544984694978736,0.10332332985438242,0.8966766701456176,0.11522919386048376,0.006650425854909159,0.24634957414509084,4.433234524286382,1.0137497903580712,0.5615639509318461,0.5702223261185806,0.6342313261185806,0.7963864175879575,0.7935584095971541,0.7849000344104196,0.7959705007686001,-0.00013129842750172173,-44475682.916487515,-889513.6584820751,0.0006630093525038053,0.00065849770540748,1505.6188339059638,1485.197677204113,8792192.514219139,175843.85031449515,22.58003456923489,0.45160069146203213,8672941.388341602,173458.827796536,22.273774834773864,0.44547549677176274,"[0.702,0.878]",0.756,"[0.438,0.650]",0.5,0.002,0.0,123,0.247,0.04,0.405147522529,9,0.785147522529,0.005,0.0,49,0.2475,0.1,0.4741835225290001,3,0.8241835225290002,0.2518702233664172,0.25229260812660703,0.7941346362593953,0.7937790207382648,0.2264945830520867,0.2365128805795329,0.797967684158838,0.7960254080412028
26,56,1.299,37.5,0.263,6446.956061,128.9391212,Sealock:1989nx,1.029943424,0.033349072,0.0089,1.3078999999999998,1.036,1.0449,1.0,0.0,0.0,6446.956061,128.9391212,0.6544984694978736,0.10332332985438242,0.8966766701456176,0.11522919386048376,0.006650425854909159,0.25634957414509085,4.433234524286382,1.0137497903580712,0.5561952707126124,0.5648168627939187,0.6339858627939188,0.7962322919813782,0.8176925498163877,0.8090709577350814,0.7944825128493617,-9.734180315208636e-05,-66230086.68667568,-1324601.733528052,0.0006630093525038053,0.00065849770540748,1530.5210397709618,1509.7621270336929,9867201.893839424,197344.03784617805,25.34086458004518,0.5068172915222902,9733370.095548118,194667.4018807671,24.99715888581779,0.4999431776388086,"[0.702,0.878]",0.756,"[0.438,0.650]",0.5,0.002,0.0,128,0.257,0.04,0.405147522529,10,0.8251475225289999,0.005,0.0,51,0.2575,0.1,0.4741835225290001,3,0.8241835225290002,0.2618212261845656,0.26229260812660704,0.7924766407547631,0.7922873870660352,0.24354065812424086,0.2365128805795329,0.7954538837816486,0.7960254080412028
26,56,1.299,37.5,0.273,6996.54916,139.9309832,Sealock:1989nx,1.049088605,0.03873338,0.0089,1.3078999999999998,1.0259999999999998,1.0348999999999997,1.0,0.0,0.0,6996.54916,139.9309832,0.6544984694978736,0.10332332985438242,0.8966766701456176,0.11522919386048376,0.006650425854909159,0.26634957414509086,4.433234524286382,1.0137497903580712,0.5508265904933786,0.5594113994692568,0.6339403994692567,0.7962037424361033,0.8418266900356216,0.8332418810597434,0.7929196777231267,-6.385026350467395e-05,-109577451.61831383,-2191549.0323662767,0.0006630093525038055,0.0006584977054074802,1556.9495949885727,1535.832223884984,10893274.380979639,217865.48761959275,27.97601527683637,0.5595203055367274,10745525.655923415,214910.5131184683,27.596568248812986,0.5519313649762597,"[0.702,0.878]",0.756,"[0.438,0.650]",0.5,0.002,0.0,133,0.267,0.04,0.405147522529,10,0.8251475225289999,0.005,0.0,53,0.2675,0.1,0.4741835225290001,3,0.8241835225290002,0.27177034053823235,0.27229260812660705,0.7907262337259064,0.7907437046950444,0.24354065812424086,0.2365128805795329,0.7954538837816486,0.7960254080412028
26,56,1.299,37.5,0.283,7473.807395,149.4761479,Sealock:1989nx,0.960688391,0.043485199,0.0089,1.3078999999999998,1.016,1.0249,1.0,0.0,0.0,7473.807395,149.4761479,0.6544984694978736,0.10332332985438242,0.8966766701456176,0.11522919386048376,0.006650425854909159,0.2763495741450908,4.433234524286382,1.0137497903580712,0.5454579102741449,0.554005936144595,0.634094936144595,0.7963007824588615,0.865960830254855,0.8574128043844049,0.7912805670965956,-3.084918073955039e-05,-242269234.24965245,-4845384.684993049,0.0006630093525038058,0.0006584977054074806,1584.9711311715275,1563.473695626307,11845768.961011278,236915.37922022556,30.422203813920902,0.6084440762784181,11685101.268259872,233702.02536519745,30.00957840215714,0.6001915680431428,"[0.702,0.878]",0.756,"[0.438,0.650]",0.5,0.002,0.0,138,0.277,0.04,0.405147522529,11,0.865147522529,0.005,0.0,55,0.2775,0.1,0.4741835225290001,3,0.8241835225290002,0.28171756750217014,0.28229260812660706,0.7888794357811758,0.7891486141364543,0.26034433782262634,0.2365128805795329,0.7927284817360186,0.7960254080412028
26,56,1.299,37.5,0.293,7867.766017,157.3553203,Sealock:1989nx,0.987573853,0.042324594,0.0089,1.3078999999999998,1.006,1.0149,1.0,0.0,0.0,7867.766017,157.3553203,0.6544984694978736,0.10332332985438242,0.8966766701456176,0.11522919386048376,0.006650425854909159,0.2863495741450908,4.433234524286382,1.0137497903580712,0.5400892300549113,0.5486004728199332,0.6344494728199331,0.7965233661481207,0.8900949704740887,0.8815837277090668,0.7895637386920951,1.637009338994328e-06,4806182731.879492,96123654.61315502,0.0006630093525038054,0.0006584977054074802,1614.6561240883552,1592.7560621423509,12703736.582243295,254074.73158027965,32.62562901365037,0.6525125801071374,12531432.019094327,250628.6403181763,32.18311788959928,0.6436623576283655,"[0.702,0.878]",0.756,"[0.438,0.650]",0.5,0.002,0.0,143,0.28700000000000003,0.04,0.405147522529,11,0.865147522529,0.005,0.0,57,0.28750000000000003,0.1,0.4741835225290001,4,0.924183522529,0.29166290815010143,0.29229260812660707,0.7869319453518765,0.7875027732287928,0.26034433782262634,0.2898022750308279,0.7927284817360186,0.7879173514590463
26,56,1.299,37.5,0.303,8171.510954,163.4302191,Sealock:1989nx,0.823593095,0.038059057,0.0089,1.3078999999999998,0.996,1.0049,1.0,0.0,0.0,8171.510954,163.4302191,0.6544984694978736,0.10332332985438242,0.8966766701456176,0.11522919386048376,0.006650425854909159,0.29634957414509083,4.433234524286382,1.0137497903580712,0.5347205498356775,0.5431950094952712,0.6350040094952712,0.7968713883025738,0.9142291106933225,0.9057546510337288,0.7877677366671354,3.35848831257224e-05,243309197.27814993,4866183.946158504,0.0006630093525038057,0.0006584977054074803,1646.079117044188,1623.7528556851971,13450953.536077231,269019.0707544662,34.544625284603505,0.690892505776619,13268514.24682037,265370.28496888245,34.07608624254496,0.6815217249343013,"[0.702,0.878]",0.756,"[0.438,0.650]",0.5,0.002,0.0,148,0.297,0.04,0.405147522529,12,0.905147522529,0.005,0.0,59,0.2975,0.1,0.4741835225290001,4,0.924183522529,0.3016063635547468,0.302292608126607,0.7848791105565992,0.7858068564874022,0.27691567774885073,0.2898022750308279,0.7897832946328992,0.7879173514590463
26,56,1.299,37.5,0.313,8382.403878,167.6480776,Sealock:1989nx,0.897117355,0.039248884,0.0089,1.3078999999999998,0.986,0.9949,1.0,0.0,0.0,8382.403878,167.6480776,0.6544984694978736,0.10332332985438242,0.8966766701456176,0.11522919386048376,0.006650425854909159,0.30634957414509084,4.433234524286382,1.0137497903580712,0.5293518696164438,0.5377895461706095,0.6357585461706095,0.7973446846694404,0.9383632509125562,0.9299255743583905,0.7858910920673413,6.497210007924916e-05,129015436.89946353,2580308.7386049195,0.0006630093525038058,0.0006584977054074806,1679.3189579654968,1656.5418547434044,14076729.745648898,281534.59498015075,36.15173846165022,0.7230347694055169,13885802.867270425,277716.05741167016,35.6614016648831,0.7132280334678347,"[0.702,0.878]",0.756,"[0.438,0.650]",0.5,0.002,0.0,153,0.307,0.04,0.405147522529,13,0.945147522529,0.005,0.0,61,0.3075,0.1,0.4741835225290001,4,0.924183522529,0.3115479347878036,0.31229260812660703,0.7827158978153416,0.7840615544437717,0.29326405690450097,0.2898022750308279,0.7866086552893606,0.7879173514590463
26,56,1.299,37.5,0.317,8440.990635,168.8198127,Sealock:1989nx,0.945386667,0.08411335,0.0089,1.3078999999999998,0.982,0.9909,1.0,0.0,0.0,8440.990635,168.8198127,0.6544984694978736,0.10332332985438242,0.8966766701456176,0.11522919386048376,0.006650425854909159,0.31034957414509085,4.433234524286382,1.0137497903580712,0.5272043975287504,0.5356273608407447,0.6361163608407447,0.7975690320221471,0.9480169070002498,0.9395939436882554,0.7851175228452728,7.736521594497469e-05,109105759.37645645,2182115.187529129,0.0006630093525038055,0.0006584977054074802,1693.1421352191333,1670.1775441266338,14291796.907108607,285835.9381421722,36.70407212957363,0.7340814425914727,14097953.008760216,281959.0601752043,36.20624386675259,0.7241248773350517,"[0.702,0.878]",0.756,"[0.438,0.650]",0.5,0.002,0.0,155,0.311,0.04,0.405147522529,13,0.945147522529,0.005,0.0,62,0.3125,0.1,0.4741835225290001,4,0.924183522529,0.3155240359528406,0.31729260812660703,0.7818185008891269,0.7831706039394941,0.29326405690450097,0.2898022750308279,0.7866086552893606,0.7879173514590463
26,56,1.299,37.5,0.327,8525.540201,170.510804,Sealock:1989nx,0.875017867,0.035188386,0.0089,1.3078999999999998,0.972,0.9809,1.0,0.0,0.0,8525.540201,170.510804,0.6544984694978736,0.10332332985438242,0.8966766701456176,0.11522919386048376,0.006650425854909159,0.32034957414509085,4.433234524286382,1.0137497903580712,0.5218357173095166,0.5302218975160828,0.6371508975160829,0.7982173247406266,0.9721510472194835,0.9637648670129173,0.7831254868593029,0.00010793217950510622,78989790.07087187,1579795.8012321359,0.0006630093525038057,0.0006584977054074803,1729.0667536332983,1705.6149062408847,14741228.118313247,294824.56233168364,37.858297570961746,0.7571659513304235,14541288.450581508,290825.7689775179,37.34481420468619,0.746896284006117,"[0.702,0.878]",0.756,"[0.438,0.650]",0.5,0.002,0.0,160,0.321,0.04,0.405147522529,13,0.945147522529,0.005,0.0,64,0.3225,0.1,0.4741835225290001,4,0.924183522529,0.32546297114418365,0.32729260812660704,0.779491501721746,0.7813525520744851,0.29326405690450097,0.2898022750308279,0.7866086552893606,0.7879173514590463
26,56,1.299,37.5,0.337,8527.769665,170.5553933,Sealock:1989nx,0.880652304,0.035413714,0.0089,1.3078999999999998,0.962,0.9709,1.0,0.0,0.0,8527.769665,170.5553933,0.6544984694978736,0.10332332985438242,0.8966766701456176,0.11522919386048376,0.006650425854909159,0.33034957414509086,4.433234524286382,1.0137497903580712,0.5164670370902829,0.524816434191421,0.638385434191421,0.7989902591342531,0.9962851874387173,0.9879357903375792,0.7810492323037381,0.00013788966731911282,61844878.08839589,1236897.5617679178,0.0006630093525038058,0.0006584977054074806,1767.0165572114545,1743.0499853295344,15068710.194140578,301374.20388281153,38.699334272674896,0.7739866854534979,14864328.789471898,297286.5757894379,38.1744436751062,0.7634888735021238,"[0.702,0.878]",0.756,"[0.438,0.650]",0.5,0.002,0.0,165,0.331,0.04,0.405147522529,14,0.985147522529,0.005,0.0,66,0.3325,0.1,0.4741835225290001,5,1.0241835225290001,0.33540002473186803,0.33729260812660705,0.77704026800515,0.7794869068931414,0.3093982397619014,0.34309166948212305,0.7831933120063367,0.7783834968509068
26,56,1.299,37.5,0.347,8458.057314,169.1611463,Sealock:1989nx,0.924562191,0.036178521,0.0089,1.3078999999999998,0.952,0.9609,1.0,0.0,0.0,8458.057314,169.1611463,0.6544984694978736,0.10332332985438242,0.8966766701456176,0.11522919386048376,0.006650425854909159,0.3403495741450908,4.433234524286382,1.0137497903580712,0.5110983568710492,0.519410970866759,0.639819970866759,0.7998874738778943,1.020419327657951,1.012106713662241,0.7788872495066953,0.0001672194754437699,50580575.56725293,1011611.511464662,0.0006630093525038055,0.0006584977054074802,1807.0870085300835,1782.5769491817048,15284445.489532253,305688.90982678684,39.25338383652033,0.7850676768232255,15077138.002794124,301542.76009153406,38.7209784996902,0.7744195700853641,"[0.702,0.878]",0.756,"[0.438,0.650]",0.5,0.002,0.0,170,0.341,0.04,0.405147522529,15,1.025147522529,0.005,0.0,68,0.3425,0.1,0.4741835225290001,5,1.0241835225290001,0.345335197784145,0.34729260812660706,0.7744581798656085,0.777574409661548,0.3253264312000145,0.34309166948212305,0.7795242999319316,0.7783834968509068
26,56,1.299,37.5,0.357,8329.411664,166.5882333,Sealock:1989nx,0.89802261,0.035896893,0.0089,1.3078999999999998,0.942,0.9509,1.0,0.0,0.0,8329.411664,166.5882333,0.6544984694978736,0.10332332985438242,0.8966766701456176,0.11522919386048376,0.006650425854909159,0.3503495741450908,4.433234524286382,1.0137497903580712,0.5057296766518155,0.5140055075420972,0.6414545075420972,0.8009085512978977,1.0445534678771846,1.036277636986903,0.7766380181039984,0.00019590472565877862,42517665.85002108,850353.3171025121,0.0006630093525038058,0.0006584977054074806,1849.3791062606676,1824.2954265938147,15404239.8988455,308084.7980138976,39.561038826913176,0.7912207766332549,15195307.604852375,303906.15213353344,39.024460673811475,0.7804892135699324,"[0.702,0.878]",0.756,"[0.438,0.650]",0.5,0.002,0.0,175,0.35100000000000003,0.04,0.405147522529,15,1.025147522529,0.005,0.0,70,0.3525,0.1,0.4741835225290001,5,1.0241835225290001,0.3552684913682498,0.357292608126607,0.7717380465376956,0.7756158145944404,0.3253264312000145,0.34309166948212305,0.7795242999319316,0.7783834968509068
26,56,1.299,37.5,0.367,8156.677604,163.1335521,Sealock:1989nx,0.945237801,0.03690228,0.0089,1.3078999999999998,0.9319999999999999,0.9409,1.0,0.0,0.0,8156.677604,163.1335521,0.6544984694978736,0.10332332985438242,0.8966766701456176,0.11522919386048376,0.006650425854909159,0.36034957414509083,4.433234524286382,1.0137497903580712,0.5003609964325818,0.5086000442174353,0.6432890442174353,0.8020530183332242,1.0686876080964183,1.0604485603115648,0.7743000076929825,0.00022392990315969765,36425137.90658406,728502.7582209948,0.0006630093525038054,0.0006584977054074802,1893.9997145412256,1868.310832273748,15448745.053580808,308974.90110949613,39.67533658948004,0.7935067318868839,15239209.122917881,304784.1824957238,39.13720818178037,0.7827441637315711,"[0.702,0.878]",0.756,"[0.438,0.650]",0.5,0.002,0.0,180,0.361,0.04,0.405147522529,16,1.0651475225290001,0.005,0.0,72,0.3625,0.1,0.4741835225290001,5,1.0241835225290001,0.3651999065504228,0.367292608126607,0.7688720480006227,0.7736118881593025,0.34105632528297825,0.34309166948212305,0.7755867814673181,0.7783834968509068
26,56,1.299,37.5,0.377,7955.674284,159.1134857,Sealock:1989nx,0.940209432,0.036829059,0.0089,1.3078999999999998,0.9219999999999999,0.9309,1.0,0.0,0.0,7955.674284,159.1134857,0.6544984694978736,0.10332332985438242,0.8966766701456176,0.11522919386048376,0.006650425854909159,0.37034957414509084,4.433234524286382,1.0137497903580712,0.494992316213348,0.5031945808927735,0.6453235808927735,0.8033203476153045,1.0928217483156522,1.0846194836362266,0.7718716785273422,0.0002512808873747979,31660483.08375208,633209.6617546339,0.0006630093525038058,0.0006584977054074806,1941.0619135455584,1914.7347126552272,15442456.34924623,308849.12702374585,39.659185992113024,0.7931837199419609,15233005.71415332,304660.1143213611,39.12127663977599,0.7824255328938681,"[0.702,0.878]",0.756,"[0.438,0.650]",0.5,0.002,0.0,185,0.371,0.04,0.405147522529,16,1.0651475225290001,0.005,0.0,74,0.3725,0.1,0.4741835225290001,6,1.124183522529,0.37512944439588125,0.37729260812660703,0.7658516690826834,0.7715634083777057,0.34105632528297825,0.3963810639334181,0.7755867814673181,0.7675323467278715
26,56,1.299,37.5,0.387,7742.411504,154.8482301,Sealock:1989nx,0.94027552,0.027510808,0.0089,1.3078999999999998,0.9119999999999999,0.9208999999999999,1.0,0.0,0.0,7742.411504,154.8482301,0.6544984694978736,0.10332332985438242,0.8966766701456176,0.11522919386048376,0.006650425854909159,0.38034957414509085,4.433234524286382,1.0137497903580712,0.4896236359941143,0.49778911756811156,0.6475581175681115,0.8047099586609523,1.116955888534886,1.1087904069608887,0.7693514822542179,0.00027794497582745776,27855914.577877894,557118.2916295145,0.0006630093525038057,0.0006584977054074803,1990.685372806024,1963.6851141570987,15412705.331257887,308254.10666497145,39.582779678948214,0.7916555936812135,15203658.218083473,304073.1644009432,39.04590664819472,0.7809181330647569,"[0.702,0.878]",0.756,"[0.438,0.650]",0.5,0.002,0.0,190,0.381,0.04,0.405147522529,17,1.1051475225290002,0.005,0.0,76,0.3825,0.1,0.4741835225290001,6,1.124183522529,0.3850571059688477,0.38729260812660704,0.7626676248884902,0.7694711641249803,0.3565951487043383,0.3963810639334181,0.7713638516165359,0.7675323467278715
26,56,1.299,37.5,0.397,7532.207222,150.6441444,Sealock:1989nx,0.981120113,0.026818168,0.0089,1.3078999999999998,0.9019999999999999,0.9108999999999999,1.0,0.0,0.0,7532.207222,150.6441444,0.6544984694978736,0.10332332985438242,0.8966766701456176,0.11522919386048376,0.006650425854909159,0.39034957414509086,4.433234524286382,1.0137497903580712,0.48425495577488065,0.49238365424344965,0.6499926542434497,0.8062212191721635,1.1410900287541197,1.1329613302855506,0.766737862694705,0.0003039109010273088,24784261.428395327,495685.228436289,0.0006630093525038055,0.0006584977054074802,2042.9967489790106,2015.2869755537945,15388274.867182225,307765.4972619246,39.520037567412466,0.790400751138377,15179559.111668829,303591.18215276505,38.984015526605845,0.7796803103250911,"[0.702,0.878]",0.756,"[0.438,0.650]",0.5,0.002,0.0,195,0.391,0.04,0.405147522529,18,1.145147522529,0.005,0.0,78,0.3925,0.1,0.4741835225290001,6,1.124183522529,0.3949828923325285,0.39729260812660705,0.7593097761993729,0.7673359544292855,0.3719496995930883,0.3963810639334181,0.7668363029454907,0.7675323467278715
26,56,1.299,37.5,0.407,7338.395224,146.7679045,Sealock:1989nx,0.957975114,0.037337864,0.0089,1.3078999999999998,0.8919999999999999,0.9008999999999999,1.0,0.0,0.0,7338.395224,146.7679045,0.6544984694978736,0.10332332985438242,0.8966766701456176,0.11522919386048376,0.006650425854909159,0.4003495741450908,4.433234524286382,1.0137497903580712,0.4788862755556469,0.48697819091878786,0.6526271909187878,0.8078534464361639,1.1652241689733531,1.1571322536102122,0.7640292566689517,0.00032916884043355686,22293711.684053715,445874.23374183336,0.0006630093525038057,0.0006584977054074803,2098.1301098888202,2069.6725462677828,15396907.977738714,307938.15959673683,39.54220904904123,0.7908441810885924,15188075.128775416,303761.50261690177,39.00588628982537,0.7801177259028136,"[0.702,0.878]",0.756,"[0.438,0.650]",0.5,0.002,0.0,200,0.401,0.04,0.405147522529,18,1.145147522529,0.005,0.0,80,0.4025,0.1,0.4741835225290001,6,1.124183522529,0.4049068045491353,0.40729260812660706,0.7557670332509894,0.7651585877711312,0.3719496995930883,0.3963810639334181,0.7668363029454907,0.7675323467278715
26,56,1.299,37.5,0.417,7172.72124,143.4544248,Sealock:1989nx,0.959189653,0.037642617,0.0089,1.3078999999999998,0.8819999999999999,0.8908999999999999,1.0,0.0,0.0,7172.72124,143.4544248,0.6544984694978736,0.10332332985438242,0.8966766701456176,0.11522919386048376,0.006650425854909159,0.4103495741450908,4.433234524286382,1.0137497903580712,0.4735175953364132,0.48157272759412595,0.6554617275941259,0.8096059088186831,1.1893583091925868,1.181303176934874,0.7612240948669994,0.0003537104195919585,20278512.71182363,405570.2542364726,0.0006630093525038057,0.0006584977054074803,2156.227386846974,2126.981832553931,15466017.975906985,309320.3595181397,39.71969676273672,0.7943939352547343,15256247.767453702,305124.95534907404,39.18096668479422,0.7836193336958843,"[0.702,0.878]",0.756,"[0.438,0.650]",0.5,0.002,0.0,205,0.41100000000000003,0.04,0.405147522529,19,1.185147522529,0.005,0.0,82,0.41250000000000003,0.1,0.4741835225290001,7,1.224183522529,0.41482884367987793,0.41729260812660707,0.7520272459943221,0.7629398813843741,0.38712638227275475,0.4496704583847132,0.7619823433285351,0.7554825086104556
26,56,1.299,37.5,0.427,7043.848934,140.8769787,Sealock:1989nx,0.988096148,0.038473284,0.0089,1.3078999999999998,0.8719999999999999,0.8808999999999999,1.0,0.0,0.0,7043.848934,140.8769787,0.6544984694978736,0.10332332985438242,0.8966766701456176,0.11522919386048376,0.006650425854909159,0.42034957414509083,4.433234524286382,1.0137497903580712,0.46814891511717943,0.47616726426946404,0.6584962642694641,0.8114778273430914,1.2134924494118207,1.205474100259536,0.7583208027664905,0.00037752870860210795,18657783.56321978,373155.6713173717,0.0006630093525038058,0.0006584977054074806,2217.4388574216578,2187.363073721008,15619304.33205972,312386.0866855432,40.11336548817957,0.8022673098774875,15407455.055100683,308149.1011457609,39.56929596405731,0.7913859193934976,"[0.702,0.878]",0.756,"[0.438,0.650]",0.5,0.002,0.0,210,0.421,0.04,0.405147522529,20,1.225147522529,0.005,0.0,84,0.4225,0.1,0.4741835225290001,7,1.224183522529,0.4247490107849501,0.427292608126607,0.7480770785842854,0.7606806605596932,0.4021312384777064,0.4496704583847132,0.7567772578344563,0.7554825086104556
26,56,1.299,37.5,0.437,6957.156156,139.1431231,Sealock:1989nx,0.977410863,0.038234013,0.0089,1.3078999999999998,0.8619999999999999,0.8708999999999999,1.0,0.0,0.0,6957.156156,139.1431231,0.6544984694978736,0.10332332985438242,0.8966766701456176,0.11522919386048376,0.006650425854909159,0.43034957414509084,4.433234524286382,1.0137497903580712,0.46278023489794573,0.4707618009448022,0.6617308009448022,0.8134683773477628,1.2376265896310543,1.2296450235841978,0.7553178015983469,0.0004006182121233402,17366050.63241126,347321.01259830233,0.0006630093525038058,0.0006584977054074806,2281.9236610280163,2250.973250728868,15875699.245843122,317513.9848712239,40.771836740627954,0.8154367346953506,15660372.408299677,313207.44812097406,40.21883617477913,0.8043767233799639,"[0.702,0.878]",0.756,"[0.438,0.650]",0.5,0.002,0.0,215,0.431,0.04,0.405147522529,20,1.225147522529,0.005,0.0,86,0.4325,0.1,0.4741835225290001,7,1.224183522529,0.4346673069235649,0.43729260812660703,0.7439018653985725,0.7583817579515141,0.4021312384777064,0.4496704583847132,0.7567772578344563,0.7554825086104556
26,56,1.299,37.5,0.447,6914.94067,138.2988134,Sealock:1989nx,1.005070084,0.028633651,0.0089,1.3078999999999998,0.8519999999999999,0.8608999999999999,1.0,0.0,0.0,6914.94067,138.2988134,0.6544984694978736,0.10332332985438242,0.8966766701456176,0.11522919386048376,0.006650425854909159,0.44034957414509085,4.433234524286382,1.0137497903580712,0.4574115546787121,0.4653563376201403,0.6651653376201403,0.8155766902138267,1.261760729850288,1.2538159469088597,0.7522135093614852,0.00042297485317508907,16348349.359524649,326966.987190493,0.0006630093525038055,0.0006584977054074802,2349.850349926435,2317.9786297133865,16249075.753120035,324981.5150624007,41.730739133633804,0.8346147826726762,16028684.698795967,320573.69397591933,41.164732689013825,0.8232946537802766,"[0.702,0.878]",0.756,"[0.438,0.650]",0.5,0.002,0.0,220,0.441,0.04,0.405147522529,21,1.2651475225289999,0.005,0.0,88,0.4425,0.1,0.4741835225290001,7,1.224183522529,0.44458373315393374,0.44729260812660704,0.7394854453482413,0.7560440128893307,0.4169699754582755,0.4496704583847132,0.7511930038228433,0.7554825086104556
26,56,1.299,37.5,0.457,6916.169644,138.3233929,Sealock:1989nx,1.039592776,0.028628563,0.0089,1.3078999999999998,0.8419999999999999,0.8508999999999999,1.0,0.0,0.0,6916.169644,138.3233929,0.6544984694978736,0.10332332985438242,0.8966766701456176,0.11522919386048376,0.006650425854909159,0.45034957414509086,4.433234524286382,1.0137497903580712,0.4520428744594783,0.4599508742954785,0.6687998742954785,0.8178018551553172,1.2858948700695216,1.2779868702335215,0.7490063418876008,0.00044459595103053085,15556078.79012164,311121.5758474174,0.0006630093525038057,0.0006584977054074803,2421.3974784552356,2388.5553432272104,16746795.736550244,334935.9147794328,43.00897939207647,0.8601795879659017,16519653.957842033,330393.0792046118,42.42563579409971,0.8485127160046796,"[0.702,0.878]",0.756,"[0.438,0.650]",0.5,0.002,0.0,225,0.451,0.04,0.405147522529,21,1.2651475225289999,0.005,0.0,90,0.4525,0.1,0.4741835225290001,8,1.3241835225290002,0.45449829053325175,0.45729260812660705,0.7348099705750293,0.7536682706943355,0.4169699754582755,0.5029598528360083,0.7511930038228433,0.742359708832782
26,56,1.299,37.5,0.467,6957.583449,139.151669,Sealock:1989nx,1.034842062,0.037656753,0.0089,1.3078999999999998,0.8319999999999999,0.8408999999999999,1.0,0.0,0.0,6957.583449,139.151669,0.6544984694978736,0.10332332985438242,0.8966766701456176,0.11522919386048376,0.006650425854909159,0.46034957414509087,4.433234524286382,1.0137497903580712,0.44667419424024457,0.4545454109708166,0.6726344109708167,0.8201429210636502,1.3100290102887555,1.3021577935581834,0.7456947139570117,0.00046548019354037925,14947109.55600831,298942.19116313255,0.0006630093525038058,0.0006584977054074806,2496.7542335890435,2462.890012245678,17371375.93183981,347427.51868673123,44.613020975343645,0.8922604196351157,17135762.785907935,342715.2557674165,44.00792128359964,0.8801584257984963,"[0.702,0.878]",0.756,"[0.438,0.650]",0.5,0.002,0.0,230,0.461,0.04,0.405147522529,22,1.305147522529,0.005,0.0,92,0.4625,0.1,0.4741835225290001,8,1.3241835225290002,0.46441098011774784,0.46729260812660706,0.7298556848056369,0.7512553820022451,0.43164799134548637,0.5029598528360083,0.7451977254353906,0.742359708832782
26,56,1.299,37.5,0.477,7033.093079,140.6618616,Sealock:1989nx,0.982498016,0.036541533,0.0089,1.3078999999999998,0.822,0.8309,1.0,0.0,0.0,7033.093079,140.6618616,0.6544984694978736,0.10332332985438242,0.8966766701456176,0.11522919386048376,0.006650425854909159,0.4703495741450908,4.433234524286382,1.0137497903580712,0.4413055140210109,0.4491399476461548,0.6766689476461547,0.8225988983983352,1.334163150507989,1.326328716882845,0.7422770404664982,0.0004856276042564998,14482482.085769668,289649.6417565772,0.0006630093525038057,0.0006584977054074803,2576.121110207587,2541.180412276745,18118099.55086678,362361.991068858,46.53075026801151,0.9306150054925497,17872358.37007394,357447.16745230247,45.8996398426639,0.917992796983803,"[0.702,0.878]",0.756,"[0.438,0.650]",0.5,0.002,0.0,235,0.47100000000000003,0.04,0.405147522529,23,1.345147522529,0.005,0.0,94,0.47250000000000003,0.1,0.4741835225290001,8,1.3241835225290002,0.4743218029626348,0.47729260812660707,0.724600665607368,0.7488062020931654,0.4461703980950612,0.5029598528360083,0.7387551699719682,0.742359708832782
26,56,1.299,37.5,0.487,7135.1127,142.702254,Sealock:1989nx,0.9530333,0.035458445,0.0089,1.3078999999999998,0.8119999999999999,0.8209,1.0,0.0,0.0,7135.1127,142.702254,0.6544984694978736,0.10332332985438242,0.8966766701456176,0.11522919386048376,0.006650425854909159,0.48034957414509083,4.433234524286382,1.0137497903580712,0.4359368338017772,0.4437344843214929,0.6809034843214928,0.8251687611158658,1.3582972907272226,1.3504996402075071,0.7387517376500276,0.0005050395047524456,14127830.858493747,282556.61716987495,0.0006630093525038057,0.0006584977054074803,2659.710634785354,2623.6361872350235,18977335.12858204,379546.7025716409,48.737431822873965,0.9747486364574794,18719939.879720192,374398.7975944039,48.07639151832445,0.9615278303664891,"[0.702,0.878]",0.756,"[0.438,0.650]",0.5,0.002,0.0,240,0.481,0.04,0.405147522529,23,1.345147522529,0.005,0.0,96,0.4825,0.1,0.4741835225290001,8,1.3241835225290002,0.48423076012213784,0.487292608126607,0.7190205235060924,0.7463215902293158,0.4461703980950612,0.5029598528360083,0.7387551699719682,0.742359708832782
26,56,1.299,37.5,0.497,7255.326755,145.1065351,Sealock:1989nx,0.990996029,0.032114336,0.0089,1.3078999999999998,0.8019999999999999,0.8109,1.0,0.0,0.0,7255.326755,145.1065351,0.6544984694978736,0.10332332985438242,0.8966766701456176,0.11522919386048376,0.006650425854909159,0.49034957414509084,4.433234524286382,1.0137497903580712,0.43056815358254347,0.43832902099683096,0.6853380209968309,0.8278514486288171,1.3824314309464565,1.374670563532169,0.7351172243531897,0.0005237184725599398,13853486.434297245,277069.7286859449,0.0006630093525038057,0.0006584977054074803,2747.748141574311,2710.4796150969028,19935810.607565627,398716.2121513125,51.19898045414111,1.0239796090828222,19665415.27029466,393308.3054058932,50.50455343231871,1.0100910686463742,"[0.702,0.878]",0.756,"[0.438,0.650]",0.5,0.002,0.0,245,0.491,0.04,0.405147522529,24,1.385147522529,0.005,0.0,98,0.4925,0.1,0.4741835225290001,9,1.4241835225290003,0.4941378526494873,0.497292608126607,0.7130880493133447,0.7438024090013878,0.46054204228722095,0.5562492472873035,0.731823983862918,0.7282938568516093
26,56,1.299,37.5,0.507,7384.980981,147.6996196,Sealock:1989nx,0.988492729,0.024102973,0.0089,1.3078999999999998,0.7919999999999999,0.8009,1.0,0.0,0.0,7384.980981,147.6996196,0.6544984694978736,0.10332332985438242,0.8966766701456176,0.11522919386048376,0.006650425854909159,0.5003495741450908,4.433234524286382,1.0137497903580712,0.4251994733633098,0.43292355767216917,0.6899725576721691,0.8306458677873316,1.4065655711656901,1.3988414868568309,0.7313719233620999,0.0005416682951568031,13633770.052689131,272675.4010168597,0.0006630093525038055,0.0006584977054074802,2840.4726057543853,2801.946429750766,20976836.170547646,419536.7233541435,53.87253351403778,1.077450670134858,20692321.093490258,413846.4218137663,53.14184429573022,1.0628368857706858,"[0.702,0.878]",0.756,"[0.322,0.438]",0.38,0.002,0.0,250,0.501,0.04,0.405147522529,24,1.385147522529,0.005,0.0,100,0.5025000000000001,0.05,0.5941835225290001,16,1.4191835225290002,0.504043081596933,0.5061423821762214,0.7067727989662478,0.721592458210754,0.46054204228722095,0.4896375042231846,0.731823983862918,0.7268200719108525
26,56,1.299,37.5,0.517,7515.676923,150.3135385,Sealock:1989nx,0.934047601,0.027143264,0.0089,1.3078999999999998,0.7819999999999999,0.7908999999999999,1.0,0.0,0.0,7515.676923,150.3135385,0.6544984694978736,0.10332332985438242,0.8966766701456176,0.11522919386048376,0.006650425854909159,0.5103495741450909,4.433234524286382,1.0137497903580712,0.4198307931440761,0.42751809434750726,0.6948070943475073,0.8335508948753563,1.4306997113849238,1.4230124101814927,0.7275142627874561,0.0005588939204529102,13447412.19748737,268948.24402131734,0.0006630093525038054,0.0006584977054074802,2938.137538474661,2898.286703898472,22082092.494514037,441641.8500078062,56.71104347189703,1.1342208697397684,21782586.496727478,435651.73005048104,55.94185469756384,1.118837094249011,"[0.702,0.878]",0.756,"[0.322,0.438]",0.38,0.002,0.0,255,0.511,0.04,0.405147522529,25,1.425147522529,0.005,0.0,102,0.5125,0.05,0.5941835225290001,16,1.4191835225290002,0.5139464480157301,0.5161423821762213,0.7000406025818712,0.7183786039020134,0.47476752402222344,0.4896375042231846,0.7243568597086503,0.7268200719108525
26,56,1.299,37.5,0.527,7639.638345,152.7927669,Sealock:1989nx,0.938526102,0.031022411,0.0089,1.3078999999999998,0.7719999999999999,0.7808999999999999,1.0,0.0,0.0,7639.638345,152.7927669,0.6544984694978736,0.10332332985438242,0.8966766701456176,0.11522919386048376,0.006650425854909159,0.5203495741450909,4.433234524286382,1.0137497903580712,0.41446211292484236,0.42211263102284535,0.6998416310228454,0.8365653776142337,1.4548338516041577,1.4471833335061548,0.7235426775043556,0.0005754014042266652,13277058.91727465,265541.178345493,0.0006630093525038057,0.0006584977054074803,3041.0119492082795,2999.765798357551,23232231.494774766,464644.6298954953,59.664820740003066,1.1932964148000613,22917125.819151886,458342.51638303767,58.85556900478231,1.177111380095646,"[0.702,0.878]",0.756,"[0.322,0.438]",0.38,0.002,0.0,260,0.521,0.04,0.405147522529,26,1.465147522529,0.005,0.0,104,0.5225,0.05,0.5941835225290001,17,1.4691835225290002,0.5238479529561388,0.5261423821762213,0.6928529810909859,0.7151312140026884,0.48885121412048094,0.5162822014488321,0.7162994976293263,0.7183334272790215
26,56,1.299,37.5,0.537,7750.056946,155.0011389,Sealock:1989nx,1.056766429,0.032773953,0.0089,1.3078999999999998,0.7619999999999999,0.7708999999999999,1.0,0.0,0.0,7750.056946,155.0011389,0.6544984694978736,0.10332332985438242,0.8966766701456176,0.11522919386048376,0.006650425854909159,0.5303495741450909,4.433234524286382,1.0137497903580712,0.40909343270560866,0.4167071676981835,0.7050761676981836,0.8396881371665218,1.4789679918233916,1.4713542568308167,0.7194556106483853,0.0005911978549654101,13109074.873848183,262181.497443134,0.0006630093525038057,0.0006584977054074803,3149.3813814024134,3106.665383664352,24407885.05054085,488157.70094782935,62.68412427409996,1.2536824853202349,24076833.635565665,481536.67264918,61.83392082572861,1.236678416355002,"[0.702,0.878]",0.756,"[0.322,0.438]",0.38,0.002,0.0,265,0.531,0.04,0.405147522529,26,1.465147522529,0.005,0.0,106,0.5325,0.05,0.5941835225290001,17,1.4691835225290002,0.533747597467439,0.5361423821762213,0.6851664495073597,0.7118515823848862,0.48885121412048094,0.5162822014488321,0.7162994976293263,0.7183334272790215
26,56,1.299,37.5,0.547,7843.100516,156.8620103,Sealock:1989nx,1.032754838,0.03200265,0.0089,1.3078999999999998,0.7519999999999999,0.7608999999999999,1.0,0.0,0.0,7843.100516,156.8620103,0.6544984694978736,0.10332332985438242,0.8966766701456176,0.11522919386048376,0.006650425854909159,0.5403495741450909,4.433234524286382,1.0137497903580712,0.40372475248637496,0.41130170437352165,0.7105107043735217,0.8429179701332281,1.5031021320426252,1.4955251801554785,0.7152515151684095,0.0006062913765594866,12936190.121171005,258723.80239043265,0.0006630093525038054,0.0006584977054074802,3263.549028029298,3219.2845404945188,25596343.065727886,511926.86124928674,65.73631211275432,1.314726242087458,25249172.240703385,504983.444749682,64.84471093161488,1.296894218466943,"[0.702,0.878]",0.756,"[0.322,0.438]",0.38,0.002,0.0,270,0.541,0.04,0.405147522529,27,1.505147522529,0.005,0.0,108,0.5425,0.05,0.5941835225290001,18,1.519183522529,0.5436453825979299,0.5461423821762214,0.6769316802823643,0.7085409961438612,0.5027972698095607,0.5429268986744795,0.7075893332121086,0.7096088078987617
26,56,1.299,37.5,0.557,7913.43582,158.2687164,Sealock:1989nx,1.04000338,0.02299886,0.0089,1.3078999999999998,0.7419999999999999,0.7508999999999999,1.0,0.0,0.0,7913.43582,158.2687164,0.6544984694978736,0.10332332985438242,0.8966766701456176,0.11522919386048376,0.006650425854909159,0.5503495741450909,4.433234524286382,1.0137497903580712,0.3983560722671412,0.4058962410488598,0.7161452410488598,0.8462536505379813,1.527236272261859,1.5196961034801404,0.7109288554363734,0.0006206910092916533,12749396.562117103,254987.93124234205,0.0006630093525038058,0.0006584977054074806,3383.8369343438367,3337.94094610724,26777776.405275505,535555.52810551,68.77045923875149,1.3754091847750296,26414581.447969723,528291.6289593944,67.83770501640326,1.3567541003280652,"[0.702,0.878]",0.756,"[0.322,0.438]",0.38,0.002,0.0,275,0.551,0.04,0.405147522529,27,1.505147522529,0.005,0.0,110,0.5525,0.05,0.5941835225290001,18,1.519183522529,0.553541309394916,0.5561423821762214,0.6680924928415005,0.7052007346510221,0.5027972698095607,0.5429268986744795,0.7075893332121086,0.7096088078987617
26,56,1.299,37.5,0.567,7960.016388,159.2003278,Sealock:1989nx,0.978641201,0.024748693,0.0089,1.3078999999999998,0.732,0.7409,1.0,0.0,0.0,7960.016388,159.2003278,0.6544984694978736,0.10332332985438242,0.8966766701456176,0.11522919386048376,0.006650425854909159,0.5603495741450908,4.433234524286382,1.0137497903580712,0.39298739204790756,0.40049077772419794,0.7219797777241979,0.8496939317920293,1.5513704124810923,1.543867026804802,0.7064861089143281,0.0006344066695516556,12547182.698481811,250943.65403268725,0.0006630093525038057,0.0006584977054074803,3510.587295937893,3462.9721547936424,27944332.407170236,558886.6482838282,71.76639851182038,1.4353279705970419,27565315.103345066,551306.3022054202,70.79300947275307,1.4158601898108045,"[0.702,0.878]",0.756,"[0.322,0.438]",0.38,0.002,0.0,280,0.561,0.04,0.405147522529,28,1.5451475225290001,0.005,0.0,112,0.5625,0.05,0.5941835225290001,18,1.519183522529,0.5634353789047282,0.5661423821762214,0.6585846256731093,0.7018320686427343,0.5166096490576483,0.5429268986744795,0.69815396961014,0.7096088078987617
26,56,1.299,37.5,0.577,7981.653641,159.6330728,Sealock:1989nx,0.953436511,0.031697692,0.0089,1.3078999999999998,0.722,0.7309,1.0,0.0,0.0,7981.653641,159.6330728,0.6544984694978736,0.10332332985438242,0.8966766701456176,0.11522919386048376,0.006650425854909159,0.5703495741450908,4.433234524286382,1.0137497903580712,0.38761871182867386,0.3950853143995361,0.7280143143995361,0.8532375486343391,1.5755045527003262,1.568037950129464,0.7019217678787679,0.0006474490886903628,12327847.517933816,246556.95032778586,0.0006630093525038057,0.0006584977054074803,3644.1638610628847,3594.736981179264,29086453.750053193,581729.0749281805,74.69958489995403,1.4939916978119023,28691945.514266822,573838.9102134417,73.68641218023734,1.4737282434201073,"[0.702,0.878]",0.756,"[0.322,0.438]",0.38,0.002,0.0,285,0.5710000000000001,0.04,0.405147522529,29,1.585147522529,0.005,0.0,114,0.5725,0.05,0.5941835225290001,19,1.5691835225290003,0.573327592172717,0.5761423821762214,0.6483342343575478,0.6984362593453894,0.5302921236935322,0.5695715959001272,0.6879092313235395,0.7006705677973964
26,56,1.299,37.5,0.587,7979.385928,159.5877186,Sealock:1989nx,0.990051123,0.031581378,0.0089,1.3078999999999998,0.712,0.7209,1.0,0.0,0.0,7979.385928,159.5877186,0.6544984694978736,0.10332332985438242,0.8966766701456176,0.11522919386048376,0.006650425854909159,0.5803495741450908,4.433234524286382,1.0137497903580712,0.38225003160944016,0.3896798510748742,0.7342488510748741,0.8568832190414714,1.5996386929195598,1.5922088734541258,0.6972343412022419,0.0006598297514094525,12093098.122592006,241861.96251246182,0.0006630093525038055,0.0006584977054074802,3784.953447183846,3733.6169962086456,30201604.27459387,604032.0856432755,77.56350506017647,1.5512701015923487,29791970.920088895,595839.4185511225,76.51148813829091,1.5302297631493638,"[0.702,0.878]",0.756,"[0.322,0.438]",0.38,0.002,0.0,290,0.581,0.04,0.405147522529,29,1.585147522529,0.005,0.0,116,0.5825,0.05,0.5941835225290001,19,1.5691835225290003,0.5832179502432382,0.5861423821762214,0.6372560414294368,0.6950145576371128,0.5302921236935322,0.5695715959001272,0.6879092313235395,0.7006705677973964
26,56,1.299,37.5,0.597,7952.07664,159.0415328,Sealock:1989nx,1.022374452,0.029049016,0.0089,1.3078999999999998,0.702,0.7109,1.0,0.0,0.0,7952.07664,159.0415328,0.6544984694978736,0.10332332985438242,0.8966766701456176,0.11522919386048376,0.006650425854909159,0.5903495741450908,4.433234524286382,1.0137497903580712,0.3768813513902064,0.38427438775021233,0.7406833877502124,0.8606296461023245,1.6237728331387937,1.6163797967787876,0.6924223561920627,0.0006715608340616045,11841185.841505656,236823.71683011312,0.0006630093525038058,0.0006584977054074806,3933.3675828456817,3880.018146742461,31278440.47208041,625568.8094416081,80.32902668920428,1.6065805337840855,30854201.667486817,617084.0333497362,79.23950017373706,1.5847900034747409,"[0.702,0.878]",0.756,"[0.322,0.438]",0.38,0.002,0.0,295,0.591,0.04,0.405147522529,30,1.625147522529,0.005,0.0,118,0.5925,0.05,0.5941835225290001,20,1.619183522529,0.5931064541596811,0.5961423821762214,0.6252510401427501,0.6915682032463781,0.5438482914363655,0.5962162931257746,0.6767567296733206,0.6915426422015248
26,56,1.299,37.5,0.607,7903.877895,158.0775579,Sealock:1989nx,1.024813403,0.02176147,0.0089,1.3078999999999998,0.692,0.7009,1.0,0.0,0.0,7903.877895,158.0775579,0.6544984694978736,0.10332332985438242,0.8966766701456176,0.11522919386048376,0.006650425854909159,0.6003495741450908,4.433234524286382,1.0137497903580712,0.37151267117097275,0.3788689244255504,0.7473179244255503,0.864475519853252,1.6479069733580274,1.6405507201034495,0.6874843604857996,0.0006826551432130333,11578141.574967185,231562.8314993437,0.0006630093525038054,0.0006584977054074802,4089.844287193324,4034.3725109415127,32325629.855539344,646512.5971107868,83.0184096207993,1.6603681924159859,31887187.709426265,637743.7541885253,81.89240620358204,1.6378481240716405,"[0.702,0.878]",0.756,"[0.322,0.438]",0.38,0.002,0.0,300,0.601,0.04,0.405147522529,30,1.625147522529,0.005,0.0,120,0.6025,0.05,0.5941835225290001,20,1.619183522529,0.6029931049644546,0.6061423821762214,0.6122036214098224,0.6880984239877006,0.5438482914363655,0.5962162931257746,0.6767567296733206,0.6915426422015248
26,56,1.299,37.5,0.617,7836.494252,156.729885,Sealock:1989nx,0.983858311,0.026670089,0.0089,1.3078999999999998,0.6819999999999999,0.6909,1.0,0.0,0.0,7836.494252,156.729885,0.6544984694978736,0.10332332985438242,0.8966766701456176,0.11522919386048376,0.006650425854909159,0.6103495741450908,4.433234524286382,1.0137497903580712,0.366143990951739,0.37346346110088857,0.7541524611008885,0.8684195190694924,1.672041113577261,1.6647216434281114,0.6824189240030827,0.0006931260547953226,11306015.98047571,226120.31955180463,0.0006630093525038057,0.0006584977054074803,4254.850000913448,4197.140203018511,33343107.575280428,666862.1513354145,85.63148730853467,1.7126297457336026,32890865.075792674,657817.3013479678,84.47004194031783,1.689400838375194,"[0.702,0.878]",0.756,"[0.322,0.438]",0.38,0.002,0.0,305,0.611,0.04,0.405147522529,31,1.665147522529,0.005,0.0,122,0.6125,0.05,0.5941835225290001,21,1.669183522529,0.612877903698994,0.6161423821762214,0.5979779474882867,0.6846064350344923,0.5572815869439202,0.6228609903514221,0.6645807917058767,0.6822484326017356
26,56,1.299,37.5,0.627,7752.396543,155.0479309,Sealock:1989nx,0.966152848,0.028765298,0.0089,1.3078999999999998,0.6719999999999999,0.6809,1.0,0.0,0.0,7752.396543,155.0479309,0.6544984694978736,0.10332332985438242,0.8966766701456176,0.11522919386048376,0.006650425854909159,0.6203495741450908,4.433234524286382,1.0137497903580712,0.36077531073250524,0.36805799777622666,0.7611869977762267,0.8724603130092662,1.6961752537964947,1.6888925667527734,0.6772246409530868,0.0007029874541474375,11027787.903273292,220555.7581223659,0.0006630093525038058,0.0006584977054074806,4428.88168397971,4368.811442530967,34334447.05624032,686688.9413019618,88.17743699215688,1.7635487402981065,33868758.72409591,677375.1746566707,86.98146015005472,1.739629203449892,"[0.702,0.878]",0.756,"[0.322,0.438]",0.38,0.002,0.0,310,0.621,0.04,0.405147522529,32,1.705147522529,0.005,0.0,124,0.6225,0.05,0.5941835225290001,21,1.669183522529,0.6227608514037541,0.6261423821762214,0.5824133315018819,0.6810934382290667,0.5705952919754792,0.6228609903514221,0.6512445503523334,0.6822484326017356
26,56,1.299,37.5,0.637,7654.744408,153.0948882,Sealock:1989nx,0.998073821,0.029393535,0.0089,1.3078999999999998,0.6619999999999999,0.6708999999999999,1.0,0.0,0.0,7654.744408,153.0948882,0.6544984694978736,0.10332332985438242,0.8966766701456176,0.11522919386048376,0.006650425854909159,0.6303495741450909,4.433234524286382,1.0137497903580712,0.3554066305132716,0.3626525344515648,0.7684215344515648,0.8765965631073195,1.7203093940157284,1.7130634900774353,0.6719001318968973,0.00071225367722183,10747216.410110502,214944.32825836985,0.0006630093525038057,0.0006584977054074803,4612.469097415141,4549.908805195362,35307272.03051136,706145.4407947259,90.67583787604676,1.8135167579947633,34828388.98347916,696567.7798515796,89.4459744785927,1.7889194900392558,"[0.702,0.878]",0.756,"[0.322,0.438]",0.38,0.002,0.0,315,0.631,0.04,0.405147522529,32,1.705147522529,0.005,0.0,126,0.6325000000000001,0.05,0.5941835225290001,22,1.7191835225290002,0.6326419491182165,0.6361423821762214,0.5653182896046038,0.6775606214297025,0.5705952919754792,0.6495056875770698,0.6512445503523334,0.6728107049964954
26,56,1.299,37.5,0.647,7545.790901,150.915818,Sealock:1989nx,1.048266524,0.02358931,0.0089,1.3078999999999998,0.6519999999999999,0.6608999999999999,1.0,0.0,0.0,7545.790901,150.915818,0.6544984694978736,0.10332332985438242,0.8966766701456176,0.11522919386048376,0.006650425854909159,0.6403495741450909,4.433234524286382,1.0137497903580712,0.35003795029403784,0.35724707112690296,0.7758560711269029,0.8808269246151045,1.7444435342349622,1.7372344134020972,0.6664440458637759,0.000720939453201128,10466608.35038927,209332.1669800438,0.0006630093525038057,0.0006584977054074803,4806.177288366537,4740.98967425574,36266408.85114907,725328.1769268578,93.1390849593653,1.8627816989404427,35774516.74573392,715490.3348198585,91.87581180802734,1.8375162359170312,"[0.878,1.302]",0.991,"[0.322,0.438]",0.38,0.002,0.0,320,0.641,0.12,-0.005397477470999945,14,1.734602522529,0.005,0.0,128,0.6425,0.05,0.5941835225290001,22,1.7191835225290002,0.6464083361831428,0.6461423821762213,0.7137129793693294,0.674009157894588,0.709963488653555,0.6495056875770698,0.6786752880354894,0.6728107049964954
26,56,1.299,37.5,0.657,7428.474544,148.5694909,Sealock:1989nx,1.021744095,0.021807977,0.0089,1.3078999999999998,0.6419999999999999,0.6508999999999999,1.0,0.0,0.0,7428.474544,148.5694909,0.6544984694978736,0.10332332985438242,0.8966766701456176,0.11522919386048376,0.006650425854909159,0.6503495741450909,4.433234524286382,1.0137497903580712,0.34466927007480413,0.3518416078022411,0.7834906078022412,0.8851500481851883,1.768577674454196,1.761405336726759,0.6608550625201619,0.000729059848744364,10189114.867310029,203782.2973736332,0.0006630093525038057,0.0006584977054074803,5010.609300155277,4942.6489137772905,37221183.63613313,744423.6728228749,95.59112949955343,1.911822590248433,36716341.635923855,734326.83281733,94.29459853776073,1.885891971009088,"[0.878,1.302]",0.991,"[0.322,0.438]",0.38,0.002,0.0,325,0.651,0.12,-0.005397477470999945,14,1.734602522529,0.005,0.0,130,0.6525,0.05,0.5941835225290001,23,1.769183522529,0.6562850101315405,0.6561423821762213,0.7089766424379113,0.6704402057023973,0.709963488653555,0.6761503848027173,0.6786752880354894,0.6632515013829869
26,56,1.299,37.5,0.667,7304.041706,146.0808341,Sealock:1989nx,0.998077543,0.028751205,0.0089,1.3078999999999998,0.6319999999999999,0.6408999999999999,1.0,0.0,0.0,7304.041706,146.0808341,0.6544984694978736,0.10332332985438242,0.8966766701456176,0.11522919386048376,0.006650425854909159,0.6603495741450909,4.433234524286382,1.0137497903580712,0.33930058985557043,0.3464361444775792,0.7913251444775793,0.8895645813978765,1.7927118146734298,1.785576260051421,0.6551318943900492,0.0007366302140543761,9915479.390668647,198309.58778622228,0.0006630093525038055,0.0006584977054074802,5226.409131671794,5155.521787901677,38173910.27035003,763478.2053024725,98.03791399623698,1.9607582796562912,37656146.155025534,753122.9229974003,96.70819656752633,1.9341639310857193,"[0.878,1.302]",0.991,"[0.322,0.438]",0.38,0.002,0.0,330,0.661,0.12,-0.005397477470999945,14,1.734602522529,0.005,0.0,132,0.6625,0.05,0.5941835225290001,23,1.769183522529,0.6661598376099107,0.6661423821762213,0.7040064017218266,0.6668549072091703,0.709963488653555,0.6761503848027173,0.6786752880354894,0.6632515013829869
26,56,1.299,37.5,0.677,7175.035614,143.5007123,Sealock:1989nx,1.050865864,0.029825636,0.0089,1.3078999999999998,0.6219999999999999,0.6308999999999999,1.0,0.0,0.0,7175.035614,143.5007123,0.6544984694978736,0.10332332985438242,0.8966766701456176,0.11522919386048376,0.006650425854909159,0.6703495741450909,4.433234524286382,1.0137497903580712,0.33393190963633673,0.34103068115291735,0.7993596811529173,0.8940691702284098,1.8168459548926634,1.8097471833760828,0.6492732891251747,0.0007436661309311887,9648194.68787117,192963.8937843172,0.0006630093525038054,0.0006584977054074802,5454.264973569985,5380.287153147977,39134545.43355741,782690.9087802336,100.50500911029019,2.0101001824859557,38603751.937383406,772075.0388552739,99.1418297357086,1.9828365949905242,"[0.878,1.302]",0.991,"[0.322,0.438]",0.38,0.002,0.0,335,0.671,0.12,-0.005397477470999945,15,1.854602522529,0.005,0.0,134,0.6725,0.05,0.5941835225290001,24,1.8191835225290003,0.6760328196534644,0.6761423821762214,0.6987862822560532,0.6632543885411073,0.745972683541745,0.7027950820283649,0.6528350880477425,0.6535920643470932
26,56,1.299,37.5,0.687,7044.00401,140.8800802,Sealock:1989nx,1.064735339,0.027683119,0.0089,1.3078999999999998,0.6119999999999999,0.6208999999999999,1.0,0.0,0.0,7044.00401,140.8800802,0.6544984694978736,0.10332332985438242,0.8966766701456176,0.11522919386048376,0.006650425854909159,0.6803495741450909,4.433234524286382,1.0137497903580712,0.328563229417103,0.33562521782825544,0.8075942178282556,0.8986624604534539,1.840980095111897,1.8339181067007446,0.6432780318232417,0.0007501833629501044,9389709.713501744,187794.1942700349,0.0006630093525038058,0.0006584977054074806,5694.912752254977,5617.670954332282,40114988.263484195,802299.7652696839,103.02297410674606,2.0604594821349216,39570896.72917712,791417.9345835425,101.6256428229266,2.032512856458532,"[0.878,1.302]",0.991,"[0.322,0.438]",0.38,0.002,0.0,340,0.681,0.12,-0.005397477470999945,15,1.854602522529,0.005,0.0,136,0.6825,0.05,0.5941835225290001,24,1.8191835225290003,0.6859039572964534,0.6861423821762214,0.6932987817348387,0.6596397591228151,0.745972683541745,0.7027950820283649,0.6528350880477425,0.6535920643470932
26,56,1.299,37.5,0.697,6911.538247,138.2307649,Sealock:1989nx,1.069226522,0.02329438,0.0089,1.3078999999999998,0.602,0.6109,1.0,0.0,0.0,6911.538247,138.2307649,0.6544984694978736,0.10332332985438242,0.8966766701456176,0.11522919386048376,0.006650425854909159,0.6903495741450908,4.433234524286382,1.0137497903580712,0.32319454919786933,0.33021975450359364,0.8160287545035936,0.9033430989959427,1.8651142353311307,1.8580890300254065,0.6371449473921876,0.0007561978078781494,9139854.90964779,182797.0981400596,0.0006630093525038057,0.0006584977054074803,5949.140016717003,5868.450058683297,41117708.76229779,822354.1750079901,105.598152424313,2.1119630478751183,40560017.03119901,811200.340389242,104.16589322994011,2.0833178639959495,"[0.878,1.302]",0.991,"[0.322,0.438]",0.38,0.002,0.0,345,0.6910000000000001,0.12,-0.005397477470999945,15,1.854602522529,0.005,0.0,138,0.6925,0.05,0.5941835225290001,25,1.869183522529,0.6957732515721773,0.6961423821762214,0.6875246846688956,0.6560121112404939,0.745972683541745,0.7294397792540124,0.6528350880477425,0.6438527744166955
26,56,1.299,37.5,0.707,6778.796329,135.5759266,Sealock:1989nx,1.032631703,0.031864064,0.0089,1.3078999999999998,0.592,0.6009,1.0,0.0,0.0,6778.796329,135.5759266,0.6544984694978736,0.10332332985438242,0.8966766701456176,0.11522919386048376,0.006650425854909159,0.7003495741450908,4.433234524286382,1.0137497903580712,0.31782586897863563,0.32481429117893174,0.8246632911789317,0.9081097352076629,1.8892483755503644,1.8822599533500683,0.6308729029582723,0.0007617254524185498,8899264.567668948,177985.29137963516,0.0006630093525038055,0.0006584977054074802,6217.790207931836,6133.456467335615,42149133.43602048,842982.6688447654,108.2470485614887,2.1649409715491434,41577452.184855975,831549.0438197887,106.77886159981769,2.135577232311392,"[0.878,1.302]",0.991,"[0.322,0.438]",0.38,0.002,0.0,350,0.7010000000000001,0.12,-0.005397477470999945,15,1.854602522529,0.005,0.0,140,0.7025,0.05,0.5941835225290001,25,1.869183522529,0.7056407035129482,0.7061423821762214,0.6814428486898971,0.6523725196394858,0.745972683541745,0.7294397792540124,0.6528350880477425,0.6438527744166955
26,56,1.299,37.5,0.717,6646.650462,132.9330092,Sealock:1989nx,1.126883389,0.033400282,0.0089,1.3078999999999998,0.582,0.5909,1.0,0.0,0.0,6646.650462,132.9330092,0.6544984694978736,0.10332332985438242,0.8966766701456176,0.11522919386048376,0.006650425854909159,0.7103495741450908,4.433234524286382,1.0137497903580712,0.31245718875940187,0.3194088278542699,0.8334978278542697,0.9129610220892619,1.9133825157695983,1.9064308766747302,0.6244608103155361,0.0007667823293502901,8668236.352853669,173364.72700490733,0.0006630093525038058,0.0006584977054074806,6501.767355927777,6413.581948688994,43214975.00009388,864299.4997418068,110.98433386582921,2.2196866766486725,42628837.42232856,852576.7481900279,109.47902028825864,2.1895804051063203,"[0.878,1.302]",0.991,"[0.206,0.322]",0.265,0.002,0.0,355,0.711,0.12,-0.005397477470999945,15,1.854602522529,0.005,0.0,142,0.7125,0.015,0.7091835225290001,79,1.9016835225289999,0.7155063141501259,0.7150400823071018,0.6750299580090089,0.5969802642403775,0.745972683541745,0.6854760288316939,0.6528350880477425,0.6100948959557335
26,56,1.299,37.5,0.727,6516.199902,130.323998,Sealock:1989nx,1.147908307,0.031766981,0.0089,1.3078999999999998,0.572,0.5809,1.0,0.0,0.0,6516.199902,130.323998,0.6544984694978736,0.10332332985438242,0.8966766701456176,0.11522919386048376,0.006650425854909159,0.7203495741450908,4.433234524286382,1.0137497903580712,0.3070885085401682,0.314003364529608,0.8425323645296079,0.9178956174476529,1.937516655988832,1.9306017999993923,0.6179076284139351,0.0007713844771085735,8447408.646885224,168948.1728858496,0.0006630093525038054,0.0006584977054074802,6802.041255833185,6709.783144251605,44323460.564660154,886469.2110211214,113.83113713212772,2.2766227419437963,43722288.267013565,874445.7650718798,112.28721151391895,2.245744229589098,"[0.878,1.302]",0.991,"[0.206,0.322]",0.265,0.002,0.0,360,0.721,0.12,-0.005397477470999945,16,1.974602522529,0.005,0.0,144,0.7225,0.015,0.7091835225290001,81,1.931683522529,0.7253700845141182,0.7250400823071018,0.668260237986334,0.5925501148202916,0.7812279515929325,0.7014628471670826,0.6215823950369526,0.6030010546252123
26,56,1.299,37.5,0.737,6387.865149,127.757303,Sealock:1989nx,1.18192852,0.027552241,0.0089,1.3078999999999998,0.5619999999999999,0.5709,1.0,0.0,0.0,6387.865149,127.757303,0.6544984694978736,0.10332332985438242,0.8966766701456176,0.11522919386048376,0.006650425854909159,0.7303495741450908,4.433234524286382,1.0137497903580712,0.30171982832093447,0.3085979012049461,0.8517669012049461,0.9229121849910457,1.9616507962080658,1.9547727233240542,0.611212365883212,0.0007755479018322749,8236583.625470864,164731.6725352055,0.0006630093525038057,0.0006584977054074803,7119.653181412834,7023.087204682004,45479384.430514015,909587.6887526733,116.79977104319967,2.335995421229686,44862533.993176006,897250.6800039818,115.21558095902964,2.304311619541325,"[0.878,1.302]",0.991,"[0.206,0.322]",0.265,0.002,0.0,365,0.731,0.12,-0.005397477470999945,16,1.974602522529,0.005,0.0,146,0.7325,0.015,0.7091835225290001,83,1.961683522529,0.7352320156343524,0.7350400823071018,0.6611051234630289,0.588125065433845,0.7812279515929325,0.717449665502471,0.6215823950369526,0.5959123841776055
26,56,1.299,37.5,0.747,6262.054156,125.2410831,Sealock:1989nx,1.210465418,0.039284234,0.0089,1.3078999999999998,0.5519999999999999,0.5609,1.0,0.0,0.0,6262.054156,125.2410831,0.6544984694978736,0.10332332985438242,0.8966766701456176,0.11522919386048376,0.006650425854909159,0.7403495741450908,4.433234524286382,1.0137497903580712,0.29635114810170077,0.30319243788028427,0.8612014378802842,0.9280093953620752,1.9857849364272995,1.978943646648716,0.6043740835893177,0.0007792885418863376,8035604.040631905,160712.08078697367,0.0006630093525038055,0.0006584977054074802,7455.722202951164,7354.59802198104,46688136.20697182,933762.7239903217,119.90407714817867,2.3980815425806186,46054891.10925575,921097.822038023,118.27778243567064,2.3655556483356524,"[0.878,1.302]",0.991,"[0.206,0.322]",0.265,0.002,0.0,370,0.741,0.12,-0.005397477470999945,16,1.974602522529,0.005,0.0,148,0.7425,0.015,0.7091835225290001,84,1.976683522529,0.7450921085393176,0.7450400823071018,0.6535328718768266,0.5837063504346974,0.7812279515929325,0.7254430746701653,0.6215823950369526,0.5923716816766139
26,56,1.299,37.5,0.757,6139.722826,122.7944565,Sealock:1989nx,1.255757014,0.040555577,0.0089,1.3078999999999998,0.5419999999999999,0.5509,1.0,0.0,0.0,6139.722826,122.7944565,0.6544984694978736,0.10332332985438242,0.8966766701456176,0.11522919386048376,0.006650425854909159,0.7503495741450908,4.433234524286382,1.0137497903580712,0.29098246788246707,0.2977869745556224,0.8708359745556224,0.9331859271097173,2.009919076646533,2.003114569973378,0.5973918972199336,0.0007826222348504727,7845065.668461428,156901.31334367342,0.0006630093525038054,0.0006584977054074802,7811.452186055454,7705.503133368181,47960151.290932275,959203.0256624164,123.1708555452582,2.4634171105039377,47309653.47375514,946193.0693209928,121.50025254432107,2.4300050504906374,"[0.878,1.302]",0.991,"[0.206,0.322]",0.265,0.002,0.0,375,0.751,0.12,-0.005397477470999945,16,1.974602522529,0.005,0.0,150,0.7525000000000001,0.015,0.7091835225290001,86,2.006683522529,0.7549503642565156,0.7550400823071018,0.6455081101321224,0.5792951637802756,0.7812279515929325,0.7414298930055537,0.6215823950369526,0.5853007834750157
26,56,1.299,37.5,0.767,6020.571654,120.4114331,Sealock:1989nx,1.390233433,0.042686976,0.0089,1.3078999999999998,0.5319999999999999,0.5408999999999999,1.0,0.0,0.0,6020.571654,120.4114331,0.6544984694978736,0.10332332985438242,0.8966766701456176,0.11522919386048376,0.006650425854909159,0.7603495741450909,4.433234524286382,1.0137497903580712,0.28561378766323336,0.2923815112309605,0.8806705112309605,0.9384404676008812,2.034053216865767,2.0272854932980398,0.590264979895396,0.0007855646869505782,7664004.955939127,153280.09914424192,0.0006630093525038055,0.0006584977054074802,8188.13955928431,8077.0813835553445,49297280.92962317,985945.6187562261,126.60486059193573,2.5320972122592886,48628647.22488441,972572.9446592297,124.88768115771157,2.4977536235691007,"[0.878,1.302]",0.991,"[0.206,0.322]",0.265,0.002,0.0,380,0.761,0.12,-0.005397477470999945,16,1.974602522529,0.005,0.0,152,0.7625000000000001,0.015,0.7091835225290001,87,2.021683522529,0.7648067838125243,0.7650400823071019,0.6369913016038308,0.5748926593325329,0.7812279515929325,0.7494233021732482,0.6215823950369526,0.5817718345945128
26,56,1.299,37.5,0.777,5904.852066,118.0970413,Sealock:1989nx,1.237964968,0.065031265,0.0089,1.3078999999999998,0.5219999999999999,0.5308999999999999,1.0,0.0,0.0,5904.852066,118.0970413,0.6544984694978736,0.10332332985438242,0.8966766701456176,0.11522919386048376,0.006650425854909159,0.7703495741450909,4.433234524286382,1.0137497903580712,0.2802451074439996,0.28697604790629866,0.8907050479062988,0.9437717138727452,2.0581873570850004,2.0514564166227016,0.5829925648010498,0.0007881314448958944,7492217.325220391,149844.34647903134,0.0006630093525038057,0.0006584977054074803,8587.18195176173,8470.711445206427,50706039.088978164,1014120.7816078196,130.22282140051485,2.604456427569226,50018297.97771702,1000365.9593849261,128.45657048621263,2.5691314092891644,"[0.878,1.302]",0.991,"[0.206,0.322]",0.265,0.002,0.0,385,0.771,0.12,-0.005397477470999945,17,2.094602522529,0.005,0.0,154,0.7725,0.015,0.7091835225290001,89,2.051683522529,0.7746613682329482,0.7750400823071018,0.6279381163570398,0.5704999512050456,0.8157747537766752,0.7654101205086368,0.5831278291069105,0.5747299310696072
26,56,1.5,11.939,0.01,153351.0124,3067.020249,Baran:1988tw,9.716271033,0.100423204,0.0089,1.5089,1.49,1.4989,1.0,0.0,0.0,153351.0124,3067.020249,0.20837485939560302,0.01081580015348812,0.9891841998465118,0.010934060769638624,0.0009324660283078767,0.009067533971692123,4.433234524286382,1.0119018711111112,0.09669325337218379,0.09784795728184231,0.09794795728184232,0.3129663836290446,0.8024284291568162,0.8012737252471578,0.9785784570343438,-0.007429331544467937,-20641293.430253353,-412825.86873966863,0.05005831407951122,0.049763053296617954,19.821890378765254,19.588747629253792,3039706.957265471,60794.13916513132,7.806549738804709,0.1561309948270006,3003954.280594169,60079.085631472124,7.714730016491409,0.15429460038013582,"[0.270,0.340]",0.3,"[0.070,0.100]",0.093,0.001,0.0,9,0.0095,0.01,0.8866835225290001,-9,0.8016835225290001,0.005,0.0,1,0.0075,0.008,0.8811835225290001,-10,0.8051835225290002,0.010361640359555224,0.008391425111548912,0.9785748476159829,0.9785840029871675,0.0060169568082888425,0.009500060217015799,0.9785914317350224,0.9785795365853094
26,56,1.5,11.939,0.02,1071263.299,21425.26599,Baran:1988tw,1.642920094,0.012788639,0.0089,1.5089,1.48,1.4889,1.0,0.0,0.0,1071263.299,21425.26599,0.20837485939560302,0.01081580015348812,0.9891841998465118,0.010934060769638624,0.0009324660283078767,0.019067533971692124,4.433234524286382,1.0119018711111112,0.0960443053629745,0.09719515884777838,0.09759515884777838,0.3124022388648621,0.8218428371660256,0.8206919836812216,0.9785136808462513,-0.005588203283859649,-191700846.33358258,-3834016.928461135,0.050058314079511224,0.04976305329661796,19.943269814764793,19.708699414565007,21364493.014612053,427289.8604916737,54.868110547390785,1.097362211459997,21113206.35384628,422264.12727401254,54.22275826720557,1.0844551658502684,"[0.270,0.340]",0.3,"[0.070,0.100]",0.093,0.001,0.0,19,0.0195,0.01,0.8866835225290001,-7,0.821683522529,0.005,0.0,3,0.0175,0.008,0.8811835225290001,-8,0.8211835225290001,0.02035869661563794,0.018391425111548915,0.9785029778308219,0.9785236977842853,0.016548199245701722,0.01802636332922296,0.9785359483060622,0.9785266910997749
26,56,1.5,11.939,0.03,1840854.469,36817.08939,Baran:1988tw,1.091884249,0.008094067,0.0089,1.5089,1.47,1.4788999999999999,1.0,0.0,0.0,1840854.469,36817.08939,0.20837485939560302,0.01081580015348812,0.9891841998465118,0.010934060769638624,0.0009324660283078767,0.029067533971692122,4.433234524286382,1.0119018711111112,0.09539535735376523,0.09654236041371443,0.09744236041371443,0.3121575890695506,0.8412572451752348,0.8401102421152856,0.9784046683594019,-0.0037504445390356086,-490836339.4898671,-9816726.792463692,0.0500583140795112,0.04976305329661794,20.148395249679727,19.91141218817585,37090263.4385513,741805.2689725099,95.25490135368108,1.9050980275910707,36654012.11070458,733080.2424132058,94.13452437743507,1.8826904880600648,"[0.270,0.340]",0.3,"[0.070,0.100]",0.093,0.001,0.0,29,0.029500000000000002,0.01,0.8866835225290001,-5,0.841683522529,0.005,0.0,5,0.0275,0.008,0.8811835225290001,-6,0.8371835225290001,0.030353838071214057,0.028391425111548914,0.9783832988181608,0.9784183777098958,0.02696454720224184,0.026552666441430183,0.9784293246833932,0.9784411199666682
26,56,1.5,11.939,0.04,2450709.259,49014.18517,Baran:1988tw,0.828331632,0.010119519,0.0089,1.5089,1.46,1.4688999999999999,1.0,0.0,0.0,2450709.259,49014.18517,0.20837485939560302,0.01081580015348812,0.9891841998465118,0.010934060769638624,0.0009324660283078767,0.039067533971692124,4.433234524286382,1.0119018711111112,0.09474640934455593,0.09588956197965053,0.09748956197965053,0.31223318526327487,0.8606716531844442,0.8595285005493496,0.9782505458340801,-0.0019271411442099856,-1271681249.8986142,-25433624.99278325,0.05005831407951121,0.04976305329661794,20.4402332632781,20.19981763729111,50093068.914435424,1001861.378084306,128.6485965744887,2.572971930964829,49503880.11382082,990077.6020744182,127.13544687216267,2.5427089369244835,"[0.270,0.340]",0.3,"[0.070,0.100]",0.093,0.001,0.0,39,0.0395,0.01,0.8866835225290001,-3,0.861683522529,0.005,0.0,7,0.0375,0.008,0.8811835225290001,-3,0.8611835225290001,0.04034706582611847,0.03839142511154891,0.9782142395806992,0.9782680718329649,0.03726968103912298,0.039342121109741016,0.9782716885117578,0.9782514420319277
26,56,1.5,11.939,0.05,2964052.922,59281.05844,Baran:1988tw,0.732105687,0.008569348,0.0089,1.5089,1.45,1.4588999999999999,1.0,0.0,0.0,2964052.922,59281.05844,0.20837485939560302,0.01081580015348812,0.9891841998465118,0.010934060769638624,0.0009324660283078767,0.049067533971692126,4.433234524286382,1.0119018711111112,0.09409746133534663,0.09523676354558659,0.0977367635455866,0.312628795131841,0.8800860611936534,0.8789467589834135,0.9780504282157244,-0.00012922540732184646,-22937075482.515472,-458741509.6503095,0.050058314079511224,0.04976305329661796,20.82236612813142,20.577455900212517,61718595.16504176,1234371.9033008353,158.50517491939002,3.170103498387801,60992668.288351044,1219853.365767021,156.64085564477176,3.132817112895436,"[0.270,0.340]",0.3,"[0.070,0.100]",0.093,0.001,0.0,49,0.0495,0.01,0.8866835225290001,-1,0.8816835225290001,0.005,0.0,9,0.0475,0.008,0.8811835225290001,-1,0.8771835225290001,0.05033838097914867,0.04839142511154891,0.9779935257964105,0.9780728216225522,0.04746708872978278,0.04786842422194824,0.9780624109952312,0.9780841462401533
26,56,1.5,11.939,0.06,3196874.815,63937.4963,Baran:1988tw,0.710068467,0.008164223,0.0089,1.5089,1.44,1.4488999999999999,1.0,0.0,0.0,3196874.815,63937.4963,0.20837485939560302,0.01081580015348812,0.9891841998465118,0.010934060769638624,0.0009324660283078767,0.05906753397169212,4.433234524286382,1.0119018711111112,0.09344851332613736,0.09458396511152266,0.09818396511152266,0.3133432065826905,0.8995004692028626,0.8983650174174773,0.977803419153905,0.001632746211221227,1957974113.2021182,39159482.26404236,0.0500583140795112,0.04976305329661794,21.299030363893635,21.048513667146793,68090333.75425185,1361806.675085037,174.86902015797097,3.4973804031594193,67289463.23568487,1345789.2647136974,172.81223125514865,3.4562446251029724,"[0.270,0.340]",0.3,"[0.070,0.100]",0.093,0.001,0.0,59,0.059500000000000004,0.01,0.8866835225290001,1,0.9016835225290001,0.005,0.0,11,0.0575,0.008,0.8811835225290001,2,0.9011835225290001,0.060327784628029235,0.05839142511154891,0.9777181009564176,0.9778326809192193,0.05756007965190635,0.06065787889025907,0.9778001055193754,0.977772020639108
26,56,1.5,11.939,0.07,3191939.583,63838.79165,Baran:1988tw,0.708033452,0.008396149,0.0089,1.5089,1.43,1.4388999999999998,1.0,0.0,0.0,3191939.583,63838.79165,0.20837485939560302,0.01081580015348812,0.9891841998465118,0.010934060769638624,0.0009324660283078767,0.06906753397169213,4.433234524286382,1.0119018711111112,0.09279956531692807,0.09393116667745872,0.09883116667745873,0.3143742462057901,0.9189148772120721,0.9177832758515414,0.977508611029784,0.003348802024239541,953158639.9840517,19063172.79669489,0.05005831407951121,0.04976305329661794,21.875157224311362,21.617864191012426,69824180.22862785,1396483.6043538053,179.32187003197456,3.586437400077695,69002916.41121083,1380058.328008038,177.21270723125704,3.544254144069953,"[0.270,0.340]",0.3,"[0.070,0.100]",0.093,0.001,0.0,69,0.0695,0.01,0.8866835225290001,3,0.9216835225290001,0.005,0.0,13,0.0675,0.008,0.8811835225290001,4,0.9171835225290002,0.07031527786945446,0.06839142511154891,0.9773840162867469,0.97754771589794,0.06755179713367576,0.06918418200246629,0.9774825980942999,0.9775232097507709
26,56,1.5,11.939,0.08,3013156.61,60263.1322,Baran:1988tw,0.760000324,0.006504806,0.0089,1.5089,1.42,1.4288999999999998,1.0,0.0,0.0,3013156.61,60263.1322,0.20837485939560302,0.01081580015348812,0.9891841998465118,0.010934060769638624,0.0009324660283078767,0.07906753397169212,4.433234524286382,1.0119018711111112,0.09215061730771879,0.0932783682433948,0.09967836824339481,0.3157188119884446,0.9383292852212813,0.9372015342856053,0.9771650849924328,0.0050097420772706545,601459429.1532052,12029188.583064103,0.05005831407951121,0.04976305329661794,22.556415209987552,22.2911093001732,67966011.58787853,1359320.2317575705,174.54973702013112,3.4909947404026225,67166603.33204935,1343332.066640987,172.49670348812393,3.4499340697624787,"[0.270,0.340]",0.3,"[0.070,0.100]",0.093,0.001,0.0,79,0.0795,0.01,0.8866835225290001,5,0.9416835225290001,0.005,0.0,15,0.0775,0.008,0.8811835225290001,7,0.9411835225290002,0.08030086179906704,0.07839142511154891,0.9769862817865272,0.9772180050225556,0.0774452298890772,0.08197363667077713,0.9771068683290545,0.9770890271783796
26,56,1.5,11.939,0.09,2725053.172,54501.06344,Baran:1988tw,0.792645084,0.007119127,0.0089,1.5089,1.41,1.4188999999999998,1.0,0.0,0.0,2725053.172,54501.06344,0.20837485939560302,0.01081580015348812,0.9891841998465118,0.010934060769638624,0.0009324660283078767,0.08906753397169212,4.433234524286382,1.0119018711111112,0.09150166929850949,0.09262556980933087,0.10072556980933087,0.31737291914927285,0.9577436932304907,0.9566197927196692,0.976771911004394,0.006607296028796488,412430918.80906165,8248618.376181233,0.050058314079511224,0.04976305329661796,23.349254704650797,23.07462350970092,63627960.596744575,1272559.2119348915,163.40879109742826,3.2681758219485655,62879575.98781626,1257591.5197563253,161.48679606452203,3.2297359212904406,"[0.270,0.340]",0.3,"[0.070,0.100]",0.093,0.001,0.0,89,0.0895,0.01,0.8866835225290001,6,0.9516835225290001,0.005,0.0,17,0.08750000000000001,0.008,0.8811835225290001,9,0.9571835225290001,0.09028453751145804,0.08839142511154892,0.9765186673987726,0.9768436389918351,0.08235598377863063,0.09049993978298429,0.9768959729103928,0.9767590123679876
26,56,1.5,11.939,0.1,2381112.476,47622.24952,Baran:1988tw,0.852542675,0.010793274,0.0089,1.5089,1.4,1.4088999999999998,1.0,0.0,0.0,2381112.476,47622.24952,0.20837485939560302,0.01081580015348812,0.9891841998465118,0.010934060769638624,0.0009324660283078767,0.09906753397169213,4.433234524286382,1.0119018711111112,0.09085272128930019,0.09197277137526694,0.10197277137526695,0.319331757542633,0.9771581012396999,0.9760380511537332,0.976328147896879,0.00813424674044424,292726856.21409595,5854537.12428192,0.05005831407951123,0.04976305329661797,24.260954837686736,23.975600332715246,57768062.243688434,1155361.2448737689,148.35944963109645,2.9671889926219297,57088601.07181802,1141772.0214363604,146.61446318721744,2.9322892637443494,"[0.270,0.340]",0.3,"[0.070,0.100]",0.093,0.001,0.0,99,0.0995,0.01,0.8866835225290001,8,0.971683522529,0.005,0.0,19,0.0975,0.008,0.8811835225290001,11,0.9731835225290001,0.10026630610017406,0.09839142511154891,0.9759734386536086,0.9764247206772109,0.09210728054160666,0.09902624289519152,0.976425159496666,0.9763966257010172
26,56,1.5,11.939,0.11,2021649.392,40432.98785,Baran:1988tw,0.84089754,0.011970424,0.0089,1.5089,1.39,1.3988999999999998,1.0,0.0,0.0,2021649.392,40432.98785,0.20837485939560302,0.01081580015348812,0.9891841998465118,0.010934060769638624,0.0009324660283078767,0.10906753397169212,4.433234524286382,1.0119018711111112,0.09020377328009092,0.091319972941203,0.103419972941203,0.32158975876293544,0.9965725092489093,0.9954563095877972,0.9758328434350079,0.009584516524319363,210928677.19204706,4218573.544884291,0.0500583140795112,0.04976305329661794,25.299672680984802,25.00210089858287,51147067.89331193,1022941.3581192354,131.35546785153142,2.6271093576803723,50545482.08034272,1010909.6418568753,129.810480246763,2.596209605577362,"[0.270,0.340]",0.3,"[0.070,0.100]",0.093,0.001,0.0,109,0.1095,0.01,0.8866835225290001,10,0.991683522529,0.005,0.0,21,0.1075,0.008,0.8811835225290001,14,0.9971835225290001,0.11024616865771009,0.10839142511154891,0.9753410043591739,0.9759613650522677,0.10176715428684291,0.11181569756350235,0.9758841698086422,0.9757925083474401
26,56,1.5,11.939,0.12,1675371.801,33507.43602,Baran:1988tw,0.889354828,0.013787984,0.0089,1.5089,1.38,1.3888999999999998,1.0,0.0,0.0,1675371.801,33507.43602,0.20837485939560302,0.01081580015348812,0.9891841998465118,0.010934060769638624,0.0009324660283078767,0.11906753397169212,4.433234524286382,1.0119018711111112,0.08955482527088163,0.09066717450713908,0.10506717450713908,0.32414067086241904,1.0159869172581184,1.014874568021861,0.9752850343934996,0.010953215205149615,152957078.77741048,3059141.5755482097,0.05005831407951121,0.04976305329661794,26.474494893764156,26.163104990303097,44354622.19073096,887092.4438146192,113.91116615705802,2.27822332314116,43832928.32735619,876658.5665471237,112.57135638258947,2.251427127651789,"[0.270,0.340]",0.3,"[0.070,0.100]",0.093,0.001,0.0,119,0.11950000000000001,0.01,0.8866835225290001,12,1.0116835225290002,0.005,0.0,23,0.11750000000000001,0.008,0.8811835225290001,16,1.0131835225290002,0.12022412627553791,0.11839142511154892,0.9746094439053322,0.9754536991140758,0.11133812919452224,0.12034200067570963,0.9752660216207177,0.9753495222031756
26,56,1.5,11.939,0.13,1361194.166,27223.88333,Baran:1988tw,0.903618331,0.015868419,0.0089,1.5089,1.37,1.3789,1.0,0.0,0.0,1361194.166,27223.88333,0.20837485939560302,0.01081580015348812,0.9891841998465118,0.010934060769638624,0.0009324660283078767,0.12906753397169213,4.433234524286382,1.0119018711111112,0.08890587726167236,0.09001437607307516,0.10691437607307516,0.3269776384908839,1.0354013252673275,1.0342928264559248,0.9746837466432368,0.012236651227303406,111239107.88294704,2224782.158476158,0.05005831407951121,0.04976305329661794,27.795491934987208,27.468564619281292,37835061.46300464,756701.2295380477,97.16768535062565,1.9433537077263543,37390049.9081597,747800.9984378797,96.02481043337868,1.920496209373019,"[0.270,0.340]",0.3,"[0.070,0.100]",0.093,0.001,0.0,129,0.1295,0.01,0.8866835225290001,14,1.031683522529,0.005,0.0,25,0.1275,0.008,0.8811835225290001,19,1.037183522529,0.13020018004406353,0.1283914251115489,0.9737638666057726,0.9749018617964677,0.1208226153855988,0.13313145534402035,0.974562100773416,0.9746249013592581
26,56,1.5,11.939,0.14,1089777.868,21795.55737,Baran:1988tw,0.963499104,0.012754893,0.0089,1.5089,1.3599999999999999,1.3688999999999998,1.0,0.0,0.0,1089777.868,21795.55737,0.20837485939560302,0.01081580015348812,0.9891841998465118,0.010934060769638624,0.0009324660283078767,0.13906753397169214,4.433234524286382,1.0119018711111112,0.08825692925246306,0.08936157763901122,0.10896157763901122,0.33009328626770224,1.054815733276537,1.0537110848899889,0.9740279952491296,0.013432308814357533,81131090.94358802,1622621.819616234,0.05005831407951121,0.04976305329661794,29.27377496927372,28.92946026192231,31901912.07432688,638038.2417792754,81.9302211931797,1.6386044246154008,31526685.526628416,630533.7108218629,80.96656754198591,1.6193313515826822,"[0.270,0.340]",0.3,"[0.070,0.100]",0.093,0.001,0.0,139,0.1395,0.01,0.8866835225290001,16,1.051683522529,0.005,0.0,27,0.1375,0.008,0.8811835225290001,21,1.053183522529,0.14017433105268395,0.13839142511154892,0.9727855320900011,0.9743060038753698,0.13022291600950908,0.14165775845622755,0.9737617956403376,0.9741018662305461
26,56,1.5,11.939,0.15,865063.5585,17301.27117,Baran:1988tw,1.035762045,0.019767334,0.0089,1.5089,1.35,1.3589,1.0,0.0,0.0,865063.5585,17301.27117,0.20837485939560302,0.01081580015348812,0.9891841998465118,0.010934060769638624,0.0009324660283078767,0.14906753397169212,4.433234524286382,1.0119018711111112,0.0876079812432538,0.0887087792049473,0.11120877920494729,0.3334798032939136,1.0742301412857462,1.0731293433240527,0.9733167845797197,0.014538795563584554,59500359.20903463,1190007.1841806925,0.0500583140795112,0.04976305329661794,30.921555598916523,30.557859889085236,26749110.92075433,534982.2184150865,68.69684078347025,1.373936815669405,26434491.01579649,528689.8203159298,67.88883660036937,1.3577767320073875,"[0.270,0.340]",0.3,"[0.070,0.100]",0.093,0.001,0.0,149,0.1495,0.01,0.8866835225290001,18,1.071683522529,0.005,0.0,29,0.1475,0.008,0.8811835225290001,23,1.069183522529,0.15014658038972328,0.1483914251115489,0.9716506236769817,0.9736662878663085,0.13954123377546834,0.15018406156843478,0.9728520089710837,0.9735469874513558
26,56,1.5,11.939,0.16,685991.4813,13719.82963,Baran:1988tw,1.099139014,0.023323905,0.0089,1.5089,1.34,1.3489,1.0,0.0,0.0,685991.4813,13719.82963,0.20837485939560302,0.01081580015348812,0.9891841998465118,0.010934060769638624,0.0009324660283078767,0.15906753397169213,4.433234524286382,1.0119018711111112,0.0869590332340445,0.08805598077088336,0.11365598077088336,0.337129026888643,1.0936445492949556,1.0925476017581166,0.9725491084289647,0.015555765775491259,44098856.411222614,881977.1284815917,0.05005831407951121,0.04976305329661794,32.75220856170094,32.36698092645844,22467736.06708777,449354.7214727642,57.70145003840879,1.1540290011046315,22203473.19095007,444069.4639484693,57.0227723514832,1.1404554473621624,"[0.270,0.340]",0.3,"[0.070,0.100]",0.093,0.001,0.0,159,0.1595,0.01,0.8866835225290001,20,1.091683522529,0.005,0.0,31,0.1575,0.008,0.8811835225290001,26,1.093183522529,0.16011692914249664,0.1583914251115489,0.9703285064035196,0.9729828879142187,0.1487796769798232,0.1629735162367456,0.9718165007358337,0.9726552041937242
26,56,1.5,11.939,0.17,549193.6907,10983.87381,Baran:1988tw,1.174449035,0.027676938,0.0089,1.5089,1.33,1.3389,1.0,0.0,0.0,549193.6907,10983.87381,0.20837485939560302,0.01081580015348812,0.9891841998465118,0.010934060769638624,0.0009324660283078767,0.16906753397169214,4.433234524286382,1.0119018711111112,0.0863100852248352,0.08740318233681944,0.11630318233681945,0.3410325238695269,1.1130589573041647,1.1119658601921805,0.9717239501506586,0.01648382527700131,33317126.42369792,666342.5282312961,0.05005831407951122,0.049763053296617954,34.78033754177311,34.37125529136814,19101141.93835814,382022.8386280414,49.05539142625274,0.9811078281677644,18876476.547458377,377529.53081168246,48.478407666533755,0.9695681529775871,"[0.340,0.428]",0.38,"[0.070,0.100]",0.093,0.0036,0.0,46,0.1674,0.008,0.8322835225290001,34,1.1082835225290002,0.005,0.0,33,0.1675,0.008,0.8811835225290001,28,1.109183522529,0.16851192086245703,0.16839142511154892,0.9735001906285553,0.9722559896756967,0.18096045309591247,0.17149981934895284,0.972496060543524,0.9720212097441149
26,56,1.5,11.939,0.18,449524.3443,8990.486885,Baran:1988tw,1.31917216,0.032701232,0.0089,1.5089,1.32,1.3289,1.0,0.0,0.0,449524.3443,8990.486885,0.20837485939560302,0.01081580015348812,0.9891841998465118,0.010934060769638624,0.0009324660283078767,0.17906753397169212,4.433234524286382,1.0119018711111112,0.0856611372156259,0.08675038390275551,0.11915038390275551,0.34518166797029576,1.132473365313374,1.1313841186262446,0.970840282805945,0.017324423536460357,25947434.461755525,518948.68917738856,0.05005831407951123,0.04976305329661797,37.02184424882068,36.58639765945795,16642220.260727841,332844.40517753497,42.740409538158325,0.8548081906680873,16446476.41816689,328929.52832675143,42.23770185465469,0.8447540369991329,"[0.340,0.428]",0.38,"[0.070,0.100]",0.093,0.0036,0.0,49,0.1782,0.008,0.8322835225290001,37,1.132283522529,0.005,0.0,35,0.1775,0.008,0.8811835225290001,31,1.1331835225290001,0.1792760373583917,0.1783914251115489,0.9726406574101769,0.9714857901938407,0.19163120944830536,0.18428927401726367,0.9715094508277262,0.9710113217174059
26,56,1.5,11.939,0.19,380679.1135,7613.58227,Baran:1988tw,1.471055228,0.029683793,0.0089,1.5089,1.31,1.3189,1.0,0.0,0.0,380679.1135,7613.58227,0.20837485939560302,0.01081580015348812,0.9891841998465118,0.010934060769638624,0.0009324660283078767,0.18906753397169213,4.433234524286382,1.0119018711111112,0.08501218920641662,0.08609758546869159,0.12219758546869158,0.34956771228002675,1.1518877733225834,1.1508023770603084,0.9698970693243917,0.018079738560043235,21055565.169582278,421111.30339164555,0.050058314079511224,0.04976305329661796,39.49400092935876,39.0294771231055,15034541.26235647,300690.82524712937,38.61158191060694,0.7722316382121387,14857706.751592332,297154.13503184664,38.15743701334378,0.7631487402668756,"[0.340,0.428]",0.38,"[0.070,0.100]",0.093,0.0036,0.0,52,0.189,0.008,0.8322835225290001,39,1.148283522529,0.005,0.0,37,0.1875,0.008,0.8811835225290001,33,1.1491835225290001,0.19003794071185354,0.1883914251115489,0.971664912309091,0.9706724977658384,0.19868941034125653,0.1928155771294709,0.9707832280109251,0.970298991625372
26,56,1.5,11.939,0.2,336858.3417,6737.166834,Baran:1988tw,1.632733799,0.051356899,0.0089,1.5089,1.3,1.3089,1.0,0.0,0.0,336858.3417,6737.166834,0.20837485939560302,0.01081580015348812,0.9891841998465118,0.010934060769638624,0.0009324660283078767,0.19906753397169213,4.433234524286382,1.0119018711111112,0.08436324119720734,0.08544478703462766,0.12544478703462766,0.35418185588003753,1.1713021813317928,1.1702206354943723,0.9688932626790955,0.018752559489644105,17963326.120150495,359266.5224030099,0.05005831407951122,0.049763053296617954,42.21552648299118,41.718992412413215,14220652.245052842,284413.04490105686,36.52135900926403,0.7304271801852806,14053390.601440398,281067.81202880794,36.09179906858165,0.721835981371633,"[0.340,0.428]",0.38,"[0.070,0.100]",0.093,0.0036,0.0,55,0.1998,0.008,0.8322835225290001,42,1.172283522529,0.005,0.0,39,0.1975,0.008,0.8811835225290001,36,1.1731835225290002,0.2007976322873688,0.19839142511154892,0.9705537704994986,0.9698163318034673,0.20919531003256908,0.20560503179778172,0.9695770090415591,0.9691722381725679
26,56,1.5,11.939,0.21,313093.5411,6261.870822,Baran:1988tw,1.686396973,0.052699905,0.0089,1.5089,1.29,1.2989,1.0,0.0,0.0,313093.5411,6261.870822,0.20837485939560302,0.01081580015348812,0.9891841998465118,0.010934060769638624,0.0009324660283078767,0.20906753397169212,4.433234524286382,1.0119018711111112,0.08371429318799806,0.08479198860056374,0.12889198860056372,0.3590153041314029,1.1907165893410019,1.1896388939284364,0.9678278060763018,0.01934617108326628,16183747.148334393,323674.9429666879,0.05005831407951122,0.049763053296617954,45.20666636618688,44.67495085916586,14153915.253915718,283078.3050783144,36.34996563218704,0.726999312643741,13987438.562964726,279748.77125929453,35.92242160030127,0.7184484320060254,"[0.340,0.428]",0.38,"[0.070,0.100]",0.093,0.0036,0.0,58,0.21059999999999998,0.008,0.8322835225290001,44,1.188283522529,0.005,0.0,41,0.20750000000000002,0.008,0.8811835225290001,38,1.1891835225290002,0.2115551134480711,0.20839142511154893,0.9692831764768326,0.9689175226866752,0.21614612775603292,0.21413133490998892,0.9686850423023493,0.9683824442818091
26,56,1.5,11.939,0.22,305418.2963,6108.365926,Baran:1988tw,1.686212012,0.052387169,0.0089,1.5089,1.28,1.2889,1.0,0.0,0.0,305418.2963,6108.365926,0.20837485939560302,0.01081580015348812,0.9891841998465118,0.010934060769638624,0.0009324660283078767,0.21906753397169212,4.433234524286382,1.0119018711111112,0.08306534517878876,0.08413919016649979,0.1325391901664998,0.36405932231780547,1.2101309973502112,1.2090571523625002,0.9666996331600162,0.019864243435616664,15375279.571553368,307505.5914310674,0.050058314079511224,0.04976305329661796,48.489276476415945,47.9189512943312,14809512.210246624,296190.24420493253,38.033664199239155,0.7606732839847832,14635324.464797314,292706.4892959463,37.586316702306895,0.751726334046138,"[0.340,0.428]",0.38,"[0.070,0.100]",0.093,0.0036,0.0,60,0.2178,0.008,0.8322835225290001,47,1.212283522529,0.005,0.0,43,0.2175,0.008,0.8811835225290001,40,1.2051835225290002,0.21872554021948787,0.2183914251115489,0.9683327809553618,0.9679763116104271,0.22649458305208692,0.22265763802219615,0.9671948508918823,0.9675619290581242
26,56,1.5,11.939,0.23,310817.3467,6216.346933,Baran:1988tw,1.747006742,0.05308584,0.0089,1.5089,1.27,1.2789,1.0,0.0,0.0,310817.3467,6216.346933,0.20837485939560302,0.01081580015348812,0.9891841998465118,0.010934060769638624,0.0009324660283078767,0.22906753397169213,4.433234524286382,1.0119018711111112,0.08241639716957948,0.08348639173243587,0.13638639173243589,0.36930528256773676,1.2295454053594206,1.2284754107965643,0.9655076682321005,0.020310729461603165,15303110.963473322,306062.21922023135,0.05005831407951122,0.049763053296617954,52.08691122048125,51.47427108054224,16189515.543348439,323790.3108148819,41.577777105855354,0.8315555419833378,15999096.36057068,319981.9271599393,41.08874416864275,0.8217748832406591,"[0.340,0.428]",0.38,"[0.070,0.100]",0.093,0.0036,0.0,63,0.2286,0.008,0.8322835225290001,49,1.228283522529,0.005,0.0,45,0.2275,0.008,0.8811835225290001,43,1.2291835225290002,0.2294793403808697,0.22839142511154892,0.9667243736540226,0.9669929504250038,0.23334277427457006,0.23544709269050698,0.9660853416620585,0.9662739038688523
26,56,1.5,11.939,0.24,327073.3875,6541.46775,Baran:1988tw,1.626546275,0.050753136,0.0089,1.5089,1.26,1.2689,1.0,0.0,0.0,327073.3875,6541.46775,0.20837485939560302,0.01081580015348812,0.9891841998465118,0.010934060769638624,0.0009324660283078767,0.23906753397169211,4.433234524286382,1.0119018711111112,0.0817674491603702,0.08283359329837194,0.14043359329837193,0.3747447041632102,1.24895981336863,1.2478936692306282,0.9642508264883481,0.020689771874851392,15808457.893030746,316169.1578606149,0.05005831407951121,0.04976305329661794,56.02491598261168,55.3659574925916,18324259.054835696,366485.1810967139,47.0602073651879,0.9412041473037579,18108731.26928294,362174.6253856588,46.50669072635847,0.9301338145271694,"[0.340,0.428]",0.38,"[0.070,0.100]",0.093,0.0036,0.0,66,0.2394,0.008,0.8322835225290001,51,1.244283522529,0.005,0.0,47,0.23750000000000002,0.008,0.8811835225290001,45,1.245183522529,0.24023093375559768,0.23839142511154893,0.9648540091621634,0.9659677014699453,0.2401511691890913,0.2439733958027141,0.9648689916716948,0.9653772946102172
26,56,1.5,11.939,0.25,352466.6819,7049.333638,Baran:1988tw,1.600151245,0.049650083,0.0089,1.5089,1.25,1.2589,1.0,0.0,0.0,352466.6819,7049.333638,0.20837485939560302,0.01081580015348812,0.9891841998465118,0.010934060769638624,0.0009324660283078767,0.24906753397169212,4.433234524286382,1.0119018711111112,0.0811185011511609,0.08218079486430802,0.14468079486430802,0.38036928748823556,1.2683742213778393,1.267311927664692,0.9629280142710313,0.021005620686105866,16779636.61093521,335592.73221870424,0.05005831407951123,0.04976305329661797,60.33052422041309,59.62092367135127,21264499.689256586,425289.9937851317,54.6113085336078,1.0922261706721559,21014389.13825435,420287.782765087,53.968976728585616,1.0793795345717123,"[0.340,0.428]",0.38,"[0.070,0.100]",0.093,0.0036,0.0,69,0.2502,0.008,0.8322835225290001,54,1.2682835225290001,0.005,0.0,49,0.2475,0.008,0.8811835225290001,48,1.269183522529,0.2509803217016966,0.2483914251115489,0.9626595435047015,0.9649008374018437,0.2502906384009903,0.25676285047102493,0.9628115741024139,0.963975924486949
26,56,1.5,11.939,0.26,385378.4672,7707.569344,Baran:1988tw,1.492039771,0.05111858,0.0089,1.5089,1.24,1.2489,1.0,0.0,0.0,385378.4672,7707.569344,0.20837485939560302,0.01081580015348812,0.9891841998465118,0.010934060769638624,0.0009324660283078767,0.25906753397169213,4.433234524286382,1.0119018711111112,0.0804695531419516,0.08152799643024408,0.1491279964302441,0.3861709419806779,1.2877886293870484,1.2867301860987561,0.9615381293384232,0.02126256164532615,18124743.087327503,362494.86174655,0.05005831407951123,0.04976305329661797,65.03295943016236,64.26804938976288,25062302.22267576,501246.04445351515,64.36479292934261,1.2872958585868521,24767522.363760713,495350.44727521425,63.6077417849493,1.2721548356989858,"[0.340,0.428]",0.38,"[0.070,0.100]",0.093,0.0036,0.0,71,0.2574,0.008,0.8322835225290001,56,1.2842835225290001,0.005,0.0,51,0.2575,0.008,0.8811835225290001,50,1.285183522529,0.25814535576428455,0.25839142511154894,0.960976195865081,0.9637926410161899,0.25700250068132824,0.26528915358323213,0.9612580700115888,0.9630043021725784
26,56,1.5,11.939,0.27,424073.6352,8481.472704,Baran:1988tw,1.381835491,0.046454197,0.0089,1.5089,1.23,1.2389,1.0,0.0,0.0,424073.6352,8481.472704,0.20837485939560302,0.01081580015348812,0.9891841998465118,0.010934060769638624,0.0009324660283078767,0.26906753397169214,4.433234524286382,1.0119018711111112,0.07982060513274232,0.08087519799618015,0.15377519799618017,0.3921418085287262,1.3072030373962578,1.30614844453282,0.9600800611517961,0.021464855565723938,19756649.83635763,395132.9967271526,0.05005831407951122,0.049763053296617954,70.16354223725462,69.33828688369957,29754508.415061306,595090.1683012261,76.41527724923166,1.5283055449846332,29404539.377310958,588090.7875462191,75.51648972179926,1.5103297944359848,"[0.340,0.428]",0.38,"[0.070,0.100]",0.093,0.0036,0.0,74,0.2682,0.008,0.8322835225290001,59,1.3082835225290002,0.005,0.0,53,0.2675,0.008,0.8811835225290001,53,1.309183522529,0.2688910710099961,0.26839142511154895,0.9580394376532414,0.9626434050634897,0.2670002148890559,0.27807860825154296,0.9585969191598613,0.9614912705731719
26,56,1.5,11.939,0.28,466273.9386,9325.478771,Baran:1988tw,1.278218555,0.042249841,0.0089,1.5089,1.22,1.2288999999999999,1.0,0.0,0.0,466273.9386,9325.478771,0.20837485939560302,0.01081580015348812,0.9891841998465118,0.010934060769638624,0.0009324660283078767,0.27906753397169215,4.433234524286382,1.0119018711111112,0.07917165712353304,0.08022239956211621,0.1586223995621162,0.3982742768019499,1.326617445405467,1.3255667029668838,0.9585526911803999,0.021616688096729432,21570091.42721296,431401.8284979987,0.05005831407951122,0.049763053296617954,75.75580288294331,74.86477201565032,35322956.58203521,706459.1315649485,90.71611880882193,1.8143223759818832,34907492.110128336,698149.842127702,89.64912646046575,1.792982529017048,"[0.340,0.428]",0.38,"[0.070,0.100]",0.093,0.0036,0.0,77,0.27899999999999997,0.008,0.8322835225290001,61,1.324283522529,0.005,0.0,55,0.2775,0.008,0.8811835225290001,55,1.325183522529,0.2796345844416166,0.27839142511154896,0.9544744226131217,0.9614534320598677,0.2736195375333409,0.2866049113637502,0.956558643964288,0.9604457980634722
26,56,1.5,11.939,0.29,508609.6046,10172.19209,Baran:1988tw,1.179686727,0.019209232,0.0089,1.5089,1.21,1.2188999999999999,1.0,0.0,0.0,508609.6046,10172.19209,0.20837485939560302,0.01081580015348812,0.9891841998465118,0.010934060769638624,0.0009324660283078767,0.2890675339716921,4.433234524286382,1.0119018711111112,0.07852270911432375,0.0795696011280523,0.1636696011280523,0.4045609980312639,1.3460318534146762,1.3449849614009477,0.956954893224922,0.021722129247368202,23414353.11465251,468287.06220097817,0.05005831407951121,0.04976305329661794,81.84559939493447,80.88294105540542,41627457.94650762,832549.1587664612,106.90728597461714,2.1381457190719524,41137840.66907486,822756.8132197313,105.64985501729373,2.112997099930429,"[0.340,0.428]",0.38,"[0.070,0.100]",0.093,0.0036,0.0,80,0.2898,0.008,0.8322835225290001,64,1.348283522529,0.005,0.0,57,0.28750000000000003,0.008,0.8811835225290001,57,1.341183522529,0.29037589741205494,0.28839142511154897,0.9500667777418927,0.9602230340923801,0.2834812807492021,0.2951312144759574,0.9530068590245224,0.959371128774415
26,56,1.5,11.939,0.3,547373.0624,10947.46125,Baran:1988tw,1.072394753,0.017629658,0.0089,1.5089,1.2,1.2088999999999999,1.0,0.0,0.0,547373.0624,10947.46125,0.20837485939560302,0.01081580015348812,0.9891841998465118,0.010934060769638624,0.0009324660283078767,0.2990675339716921,4.433234524286382,1.0119018711111112,0.07787376110511446,0.07891680269398836,0.16891680269398834,0.41099489375658715,1.3654462614238856,1.3644032198350116,0.9552855337599372,0.021785101788716583,25126027.305665724,502520.5462051203,0.050058314079511224,0.04976305329661796,88.47124174699991,87.43065337931901,48426774.52938607,968535.4907646638,124.36923340584931,2.487384668571408,47857184.48787076,957143.6899322765,122.90641707114011,2.4581283418718796,"[0.340,0.428]",0.38,"[0.070,0.100]",0.093,0.0036,0.0,83,0.3006,0.008,0.8322835225290001,66,1.364283522529,0.005,0.0,59,0.2975,0.008,0.8811835225290001,60,1.365183522529,0.3011150112728487,0.2983914251115489,0.944491208502028,0.9589525326192703,0.29001178885354595,0.30792066914426824,0.9502330809979678,0.9577048273834019
26,56,1.5,11.939,0.31,580574.5964,11611.49193,Baran:1988tw,0.993843002,0.016173632,0.0089,1.5089,1.19,1.1988999999999999,1.0,0.0,0.0,580574.5964,11611.49193,0.20837485939560302,0.01081580015348812,0.9891841998465118,0.010934060769638624,0.0009324660283078767,0.3090675339716921,4.433234524286382,1.0119018711111112,0.07722481309590518,0.07826400425992443,0.17436400425992443,0.4175691610499085,1.3848606694330947,1.3838214782690754,0.9535434722958442,0.021809357568713765,26620435.497506503,532408.7100418338,0.050058314079511224,0.04976305329661796,95.67362233165873,94.54832040838608,55545674.6713288,1110913.4936179232,142.65193263474285,2.8530386531862737,54892352.961396635,1097847.0594170291,140.97407733627864,2.819481547211209,"[0.340,0.428]",0.38,"[0.070,0.100]",0.093,0.0036,0.0,85,0.3078,0.008,0.8322835225290001,68,1.380283522529,0.005,0.0,61,0.3075,0.008,0.8811835225290001,62,1.3811835225290001,0.3082731994525858,0.30839142511154893,0.9398813283413778,0.9576422582653934,0.29650775889163417,0.3164469722564755,0.9470538430807018,0.9565580669488639
26,56,1.5,11.939,0.32,606243.7484,12124.87497,Baran:1988tw,0.976504915,0.015802225,0.0089,1.5089,1.18,1.1888999999999998,1.0,0.0,0.0,606243.7484,12124.87497,0.20837485939560302,0.01081580015348812,0.9891841998465118,0.010934060769638624,0.0009324660283078767,0.31906753397169213,4.433234524286382,1.0119018711111112,0.0765758650866959,0.0776112058258605,0.1800112058258605,0.424277274698823,1.404275077442304,1.4032397367031395,0.9517275617607945,0.021798460739011566,27811309.966260016,556226.1994169499,0.0500583140795112,0.04976305329661794,103.49635309024849,102.27904112540587,62744017.043162175,1254880.3410702362,161.13865472759065,3.2227730950834097,62006029.27462381,1240120.5856970344,159.24336077237763,3.184867215972897,"[0.340,0.428]",0.38,"[0.070,0.100]",0.093,0.0036,0.0,88,0.3186,0.008,0.8322835225290001,71,1.404283522529,0.005,0.0,63,0.3175,0.008,0.8811835225290001,65,1.4051835225290001,0.319008651130261,0.31839142511154894,0.9310401522297038,0.9562925506130505,0.30618813741209283,0.32923642692478633,0.9413128157110048,0.9547846251775444
26,56,1.5,11.939,0.33,623086.7671,12461.73534,Baran:1988tw,0.922824926,0.015583704,0.0089,1.5089,1.17,1.1788999999999998,1.0,0.0,0.0,623086.7671,12461.73534,0.20837485939560302,0.01081580015348812,0.9891841998465118,0.010934060769638624,0.0009324660283078767,0.32906753397169214,4.433234524286382,1.0119018711111112,0.0759269170774866,0.07695840739179657,0.1858584073917966,0.4311129868048475,1.4236894854515134,1.4226579951372034,0.9498366489031035,0.021755776906899865,28640060.512037493,572801.2101488202,0.050058314079511224,0.04976305329661796,111.98590966649137,110.66874453303075,69776938.41484675,1395538.768072963,179.20054400475604,3.584010879519918,68956230.25010194,1379124.604780701,177.09280822653906,3.5418561639623434,"[0.428,0.523]",0.475,"[0.070,0.100]",0.093,0.0036,0.0,91,0.32939999999999997,0.032,0.7510585225290001,20,1.4070585225290002,0.005,0.0,65,0.3275,0.008,0.8811835225290001,67,1.4211835225290002,0.3305155701970719,0.32839142511154895,0.9593302188640429,0.9549037579884712,0.33949204981510583,0.33776273003699353,0.9572088669804583,0.9535671187366902
26,56,1.5,11.939,0.34,631424.781,12628.49562,Baran:1988tw,0.902720351,0.010753458,0.0089,1.5089,1.16,1.1688999999999998,1.0,0.0,0.0,631424.781,12628.49562,0.20837485939560302,0.01081580015348812,0.9891841998465118,0.010934060769638624,0.0009324660283078767,0.33906753397169215,4.433234524286382,1.0119018711111112,0.0752779690682773,0.07630560895773265,0.19190560895773268,0.43807032421488296,1.4431038934607228,1.4420762535712672,0.9478695747146414,0.02168446727245389,29118759.205217298,582375.184104346,0.05005831407951123,0.04976305329661797,121.1917829730783,119.7663394376419,76523495.02277549,1530469.90045551,196.52699371385464,3.9305398742770934,75623434.6505847,1512468.693011694,194.21546626656564,3.8843093253313126,"[0.428,0.523]",0.475,"[0.070,0.100]",0.093,0.0036,0.0,94,0.3402,0.032,0.7510585225290001,21,1.4390585225290002,0.005,0.0,67,0.3375,0.008,0.8811835225290001,70,1.4451835225290002,0.34124647407372066,0.33839142511154896,0.9567610035048036,0.9534762372441844,0.35195315169938335,0.35055218470530436,0.9537530356937645,0.9516886071637807
26,56,1.5,11.939,0.35,631899.8856,12637.99771,Baran:1988tw,0.886216334,0.014242763,0.0089,1.5089,1.15,1.1588999999999998,1.0,0.0,0.0,631899.8856,12637.99771,0.20837485939560302,0.01081580015348812,0.9891841998465118,0.010934060769638624,0.0009324660283078767,0.3490675339716921,4.433234524286382,1.0119018711111112,0.07462902105906802,0.0756528105236687,0.19815281052366868,0.4451435841654563,1.462518301469932,1.4614945120053313,0.9458251748756844,0.021587486880644123,29271581.68497034,585431.6336067605,0.050058314079511224,0.04976305329661796,131.16663858599983,129.62387196890276,82884183.91702984,1657683.6780782635,212.86246121915954,4.257249223709469,81909309.86817871,1638186.1971043262,210.3587979192365,4.207175957718931,"[0.428,0.523]",0.475,"[0.070,0.100]",0.093,0.0036,0.0,96,0.3474,0.032,0.7510585225290001,22,1.471058522529,0.005,0.0,69,0.34750000000000003,0.008,0.8811835225290001,72,1.4611835225290002,0.348399191728582,0.34839142511154897,0.9548073769472699,0.9520103535375275,0.364295049097244,0.3590784878175116,0.9495749604655707,0.950401769440518
26,56,1.5,11.939,0.36,625501.2702,12510.0254,Baran:1988tw,0.882492213,0.014036742,0.0089,1.5089,1.1400000000000001,1.1489,1.0,0.0,0.0,625501.2702,12510.0254,0.20837485939560302,0.01081580015348812,0.9891841998465118,0.010934060769638624,0.0009324660283078767,0.3590675339716921,4.433234524286382,1.0119018711111112,0.07398007304985875,0.0750000120896048,0.2046000120896048,0.45232732847972473,1.4819327094791412,1.4809127704393952,0.9437022802217091,0.02146758620108953,29137009.831513073,582740.196443934,0.05005831407951122,0.049763053296617954,141.96648440848796,140.29669127165732,88800216.32333772,1776004.3258988883,228.05596568702774,4.561119312282165,87755758.59527892,1755115.1713443915,225.37359816976382,4.5074719619540415,"[0.428,0.523]",0.475,"[0.070,0.100]",0.093,0.0036,0.0,99,0.35819999999999996,0.032,0.7510585225290001,22,1.471058522529,0.005,0.0,71,0.3575,0.008,0.8811835225290001,74,1.4771835225290002,0.3591264418119806,0.3583914251115489,0.9514309359090912,0.9505064801055351,0.364295049097244,0.3676047909297188,0.9495749604655707,0.9490876101627691
26,56,1.5,11.939,0.37,613468.673,12269.37346,Baran:1988tw,0.841118744,0.014475067,0.0089,1.5089,1.13,1.1388999999999998,1.0,0.0,0.0,613468.673,12269.37346,0.20837485939560302,0.01081580015348812,0.9891841998465118,0.010934060769638624,0.0009324660283078767,0.3690675339716921,4.433234524286382,1.0119018711111112,0.07333112504064945,0.07434721365554085,0.21124721365554083,0.4596163766180888,1.5013471174883506,1.5003310288734593,0.9414997172325945,0.02132731533723948,28764458.315521155,575289.1663104232,0.05005831407951121,0.04976305329661794,153.650847075687,151.84362383574987,94259981.26084763,1885199.625216953,242.07768789448548,4.84155375788971,93151306.41802864,1863026.128360573,239.2303985253767,4.784607970507535,"[0.428,0.523]",0.475,"[0.070,0.100]",0.093,0.0036,0.0,102,0.369,0.032,0.7510585225290001,23,1.503058522529,0.005,0.0,73,0.3675,0.008,0.8811835225290001,77,1.5011835225290002,0.3698515014101105,0.36839142511154893,0.9473813073320312,0.9489649980364605,0.37652109891016783,0.38039424559802965,0.9444312726655758,0.9470656714168144
26,56,1.5,11.939,0.38,597075.2151,11941.5043,Baran:1988tw,0.820667125,0.010584931,0.0089,1.5089,1.12,1.1289,1.0,0.0,0.0,597075.2151,11941.5043,0.20837485939560302,0.01081580015348812,0.9891841998465118,0.010934060769638624,0.0009324660283078767,0.3790675339716921,4.433234524286382,1.0119018711111112,0.07268217703144017,0.07369441522147693,0.21809441522147693,0.4670057978456766,1.52076152549756,1.5197492873075231,0.9392163085446962,0.02116903025669638,28205128.33416768,564102.566588876,0.05005831407951122,0.049763053296617954,166.282957602721,164.32715696052153,99283432.67810884,1985668.6532296108,254.97887340369567,5.09957746721982,98115672.58897486,1962313.451450843,251.97984180394687,5.03959683523489,"[0.428,0.523]",0.475,"[0.070,0.100]",0.093,0.0036,0.0,105,0.37979999999999997,0.032,0.7510585225290001,24,1.535058522529,0.005,0.0,75,0.3775,0.008,0.8811835225290001,79,1.5171835225290002,0.38057437186429155,0.37839142511154894,0.9424420017509815,0.9473862960381771,0.38863450338107597,0.38892054871023685,0.937954510516015,0.9456842708081497
26,56,1.5,11.939,0.39,582127.9964,11642.55993,Baran:1988tw,0.798793397,0.014429816,0.0089,1.5089,1.1099999999999999,1.1188999999999998,1.0,0.0,0.0,582127.9964,11642.55993,0.20837485939560302,0.01081580015348812,0.9891841998465118,0.010934060769638624,0.0009324660283078767,0.38906753397169214,4.433234524286382,1.0119018711111112,0.07203322902223087,0.073041616787413,0.225141616787413,0.474490902744629,1.540175933506769,1.539167545741587,0.9368508734862366,0.020994900521307352,27727113.82029215,554542.2765011042,0.050058314079511224,0.04976305329661796,179.92994681288087,177.81363188439425,104742259.4305409,2094845.188970678,268.998186172159,5.37996372436737,103510293.26146957,2070205.8655850189,265.83426106010415,5.316685222115402,"[0.428,0.523]",0.475,"[0.070,0.100]",0.093,0.0036,0.0,108,0.3906,0.032,0.7510585225290001,24,1.535058522529,0.005,0.0,77,0.3875,0.008,0.8811835225290001,82,1.5411835225290003,0.39129505451450086,0.38839142511154895,0.936292125473379,0.9457707702037127,0.38863450338107597,0.40171000337854773,0.937954510516015,0.9435626339593445
26,56,1.5,11.939,0.4,560038.7321,11200.77464,Baran:1988tw,0.773160811,0.014231159,0.0089,1.5089,1.1,1.1089,1.0,0.0,0.0,560038.7321,11200.77464,0.20837485939560302,0.01081580015348812,0.9891841998465118,0.010934060769638624,0.0009324660283078767,0.39906753397169215,4.433234524286382,1.0119018711111112,0.0713842810130216,0.07238881835334908,0.23238881835334912,0.4820672342664964,1.5595903415159784,1.558585804175651,0.9344022286364468,0.020806918077024054,26915986.789913893,538319.735702156,0.05005831407951122,0.049763053296617954,194.66305111944982,192.37344714631422,109018848.33565417,2180376.966323757,279.98128568456093,5.599625712691354,107736581.42952818,2154731.6282058167,276.6881786443675,5.533763571899247,"[0.428,0.523]",0.475,"[0.070,0.100]",0.093,0.0036,0.0,110,0.3978,0.032,0.7510585225290001,25,1.5670585225290001,0.005,0.0,79,0.3975,0.008,0.8811835225290001,84,1.5571835225290003,0.39844096149575137,0.39839142511154896,0.93128503982645,0.9441188237741635,0.4006383198897826,0.41023630649075493,0.9295625893221335,0.9421155573615458
26,56,1.5,11.939,0.41,536888.8082,10737.77616,Baran:1988tw,0.787872635,0.015031045,0.0089,1.5089,1.09,1.0989,1.0,0.0,0.0,536888.8082,10737.77616,0.20837485939560302,0.01081580015348812,0.9891841998465118,0.010934060769638624,0.0009324660283078767,0.4090675339716921,4.433234524286382,1.0119018711111112,0.07073533300381232,0.07173601991928516,0.23983601991928513,0.48973055849036534,1.5790047495251878,1.578004062609715,0.9318691884088799,0.020606906737812625,26053828.215509724,521076.5641160848,0.050058314079511196,0.04976305329661793,210.5578292744678,208.08127278514306,113046142.01634808,2260922.8394847303,290.32414730678573,5.8064829439727035,111716506.55435455,2234330.130254766,286.90938874141773,5.738187772690784,"[0.428,0.523]",0.475,"[0.070,0.100]",0.093,0.0036,0.0,113,0.40859999999999996,0.032,0.7510585225290001,25,1.5670585225290001,0.005,0.0,81,0.40750000000000003,0.008,0.8811835225290001,87,1.5811835225290003,0.409158000779982,0.40839142511154897,0.9218670702014218,0.9424308668992452,0.4006383198897826,0.42302576115906576,0.9295625893221335,0.9398966129152089
26,56,1.5,11.939,0.42,513458.2521,10269.16504,Baran:1988tw,0.753712689,0.015950664,0.0089,1.5089,1.08,1.0889,1.0,0.0,0.0,513458.2521,10269.16504,0.20837485939560302,0.01081580015348812,0.9891841998465118,0.010934060769638624,0.0009324660283078767,0.4190675339716921,4.433234524286382,1.0119018711111112,0.07008638499460303,0.07108322148522121,0.24748322148522117,0.4974768552256689,1.5984191575343971,1.5974223210437788,0.9292505656592983,0.020396532064319458,25173801.628670733,503476.03247535875,0.05005831407951121,0.04976305329661794,227.69439074078485,225.01627602562564,116911563.88273782,2338231.2771993675,300.25129110244325,6.0050258208793394,115536463.78216888,2310729.275193345,296.71977063621256,5.934395411568481,"[0.428,0.523]",0.475,"[0.070,0.100]",0.093,0.0036,0.0,116,0.4194,0.032,0.7510585225290001,26,1.599058522529,0.005,0.0,83,0.4175,0.008,0.8811835225290001,89,1.597183522529,0.4198728558268101,0.4183914251115489,0.9090772318239191,0.9407073163957255,0.4125354699649316,0.43155206427127285,0.9182754605958775,0.9383854813335245
26,56,1.5,11.939,0.43,490440.9157,9808.818314,Baran:1988tw,0.738111337,0.017086666,0.0089,1.5089,1.07,1.0789,1.0,0.0,0.0,490440.9157,9808.818314,0.20837485939560302,0.01081580015348812,0.9891841998465118,0.010934060769638624,0.0009324660283078767,0.4290675339716921,4.433234524286382,1.0119018711111112,0.06943743698539373,0.07043042305115729,0.2553304230511573,0.5053023085749334,1.6178335655436062,1.6168405794778429,0.9265451723185187,0.020177311396363605,24306554.33054318,486131.08661086357,0.050058314079511224,0.04976305329661796,246.15763639037246,243.26235914563625,120725776.59784192,2414515.5319568384,310.0469199882053,6.200938399764106,119305814.17472811,2386116.2834945624,306.40018448405533,6.128003689681107,"[0.428,0.523]",0.475,"[0.070,0.100]",0.093,0.0036,0.0,119,0.43019999999999997,0.032,0.7510585225290001,27,1.631058522529,0.005,0.0,85,0.4275,0.008,0.8811835225290001,91,1.613183522529,0.430585527971175,0.42839142511154893,0.89073227302778,0.9389485955039912,0.42432874758768013,0.4400783673834801,0.9023050791222613,0.9368491932928579
26,56,1.5,13.539,0.03,657195.598,13143.91196,Baran:1988tw,1.278158287,0.023585064,0.0089,1.5089,1.47,1.4788999999999999,1.0,0.0,0.0,657195.598,13143.91196,0.23630012742751225,0.013894603034727133,0.9861053969652729,0.014090383317531372,0.0011976879051722733,0.028802312094827726,4.433234524286382,1.0119018711111112,0.12255039876629331,0.12402390530038658,0.12492390530038658,0.35344576005433503,0.8141022037627068,0.8126286972286135,0.9723982188403509,-0.0038437994774461618,-170975515.72504085,-3419510.3145008166,0.030237606063823363,0.030059254487199316,33.01531528090074,32.626993015289635,21697519.869190097,433950.39738380193,55.72338730306856,1.1144677460613712,21442316.185625095,428846.3237125019,55.067975358007715,1.1013595071601543,"[0.340,0.428]",0.38,"[0.100,0.145]",0.12,0.0036,0.0,8,0.0306,0.008,0.8322835225290001,-3,0.812283522529,0.005,0.0,5,0.0275,0.008,0.8541835225290001,-6,0.810183522529,0.031974305721448104,0.028650225950385695,0.9724015803692976,0.9724093137981716,0.03982900006389922,0.02655266644143017,0.972295609487988,0.9724350270726323
26,56,1.5,13.539,0.04,971467.3949,19429.3479,Baran:1988tw,0.965549647,0.016984615,0.0089,1.5089,1.46,1.4688999999999999,1.0,0.0,0.0,971467.3949,19429.3479,0.23630012742751225,0.013894603034727133,0.9861053969652729,0.014090383317531372,0.0011976879051722733,0.03880231209482773,4.433234524286382,1.0119018711111112,0.12171672258420968,0.12318528263962261,0.12478528263962262,0.3532496038775169,0.8337013399447903,0.8322327798893775,0.9722455074482844,-0.002716164203590343,-357661511.6331599,-7153230.233399531,0.030237606063823367,0.03005925448719932,33.38689449436357,32.99420175763025,32434279.418240525,648685.5884315843,83.29744251023585,1.665948850376205,32052791.22829006,641055.8246317896,82.31770776228699,1.6463541554152106,"[0.340,0.428]",0.38,"[0.100,0.145]",0.12,0.0036,0.0,10,0.0378,0.008,0.8322835225290001,-1,0.8282835225290001,0.005,0.0,7,0.0375,0.008,0.8541835225290001,-3,0.8341835225290001,0.03916939918721596,0.03865022595038569,0.9723054342644638,0.9722598895713995,0.047974191392198606,0.039342121109741,0.9721600566725257,0.9722479104979578
26,56,1.5,13.539,0.05,1297368.219,25947.36439,Baran:1988tw,0.793914931,0.013334688,0.0089,1.5089,1.45,1.4588999999999999,1.0,0.0,0.0,1297368.219,25947.36439,0.23630012742751225,0.013894603034727133,0.9861053969652729,0.014090383317531372,0.0011976879051722733,0.04880231209482773,4.433234524286382,1.0119018711111112,0.12088304640212605,0.1223466599788586,0.1248466599788586,0.35333646850963263,0.8533004761268741,0.8518368625501415,0.9720472218725416,-0.0015982599695033974,-811737917.3321291,-16234758.352899386,0.03023760606382337,0.030059254487199327,33.87255670004767,33.47415166141966,43945178.55891736,878903.5715170727,112.85963647938634,2.2571927304576387,43428300.52351192,868566.0108049798,111.5321946736413,2.230643894332506,"[0.340,0.428]",0.38,"[0.100,0.145]",0.12,0.0036,0.0,13,0.0486,0.008,0.8322835225290001,2,0.8522835225290001,0.005,0.0,9,0.0475,0.008,0.8541835225290001,-1,0.8501835225290001,0.0499601803391414,0.04865022595038569,0.9721229623930505,0.9720661286329659,0.060067384102035604,0.04786842422194822,0.9719089558621256,0.972082873377476
26,56,1.5,13.539,0.06,1522940.583,30458.81167,Baran:1988tw,0.748551856,0.011950565,0.0089,1.5089,1.44,1.4488999999999999,1.0,0.0,0.0,1522940.583,30458.81167,0.23630012742751225,0.013894603034727133,0.9861053969652729,0.014090383317531372,0.0011976879051722733,0.058802312094827724,4.433234524286382,1.0119018711111112,0.12004937022004243,0.1215080373180946,0.1251080373180946,0.3537061454344476,0.8728996123089575,0.8714409452109054,0.9718024737969164,-0.0004952864792707244,-3074868074.8209124,-61497361.51660858,0.030237606063823363,0.030059254487199316,34.476994901981,34.07148053212294,52506414.716110975,1050128.2946669895,134.8465308828222,2.6969306185418795,51888840.42526446,1037776.808846004,133.26048180418422,2.6652096369587053,"[0.340,0.428]",0.38,"[0.100,0.145]",0.12,0.0036,0.0,16,0.0594,0.008,0.8322835225290001,4,0.8682835225290001,0.005,0.0,11,0.0575,0.008,0.8541835225290001,2,0.8741835225290001,0.06074873186416596,0.058650225950385694,0.9718929839713981,0.9718280840163881,0.06804877882077054,0.06065787889025906,0.971709257295956,0.9717749606860325
26,56,1.5,13.539,0.07,1642865.659,32857.31318,Baran:1988tw,0.718257146,0.011626027,0.0089,1.5089,1.43,1.4388999999999998,1.0,0.0,0.0,1642865.659,32857.31318,0.23630012742751225,0.013894603034727133,0.9861053969652729,0.014090383317531372,0.0011976879051722733,0.06880231209482773,4.433234524286382,1.0119018711111112,0.1192156940379588,0.12066941465733061,0.1255694146573306,0.35435774953756916,0.8924987484910413,0.8910450278716695,0.9715103636944125,0.0005877259780850439,2795291888.156554,55905837.763131075,0.030237606063823363,0.030059254487199316,35.20560074880386,34.79151660244152,57838072.474674545,1156761.4494934909,148.5392493151127,2.9707849863022537,57157787.850679524,1143155.7570135905,146.79214808844094,2.935842961768819,"[0.340,0.428]",0.38,"[0.100,0.145]",0.12,0.0036,0.0,19,0.0702,0.008,0.8322835225290001,7,0.892283522529,0.005,0.0,13,0.0675,0.008,0.8541835225290001,4,0.8901835225290001,0.07153505514379788,0.0686502259503857,0.9716132205569286,0.971545820832476,0.079903567462147,0.06918418200246627,0.9713600264167498,0.9715295070750862
26,56,1.5,13.539,0.08,1669147.985,33382.95969,Baran:1988tw,0.724920745,0.009286175,0.0089,1.5089,1.42,1.4288999999999998,1.0,0.0,0.0,1669147.985,33382.95969,0.23630012742751225,0.013894603034727133,0.9861053969652729,0.014090383317531372,0.0011976879051722733,0.07880231209482773,4.433234524286382,1.0119018711111112,0.11838201785587517,0.11983079199656664,0.12623079199656664,0.3552897296525283,0.9120978846731249,0.9106491105324335,0.9711699808605009,0.0016459944744965844,1014066578.5105367,20281331.56413538,0.03023760606382337,0.030059254487199327,36.06450691276312,35.64032041285067,60196999.043457136,1203939.9805084977,154.5974246090744,3.0919484912552826,59488969.00186407,1189779.3796808782,152.77906783522388,3.0555813557891662,"[0.340,0.428]",0.38,"[0.100,0.145]",0.12,0.0036,0.0,21,0.0774,0.008,0.8322835225290001,9,0.908283522529,0.005,0.0,15,0.0775,0.008,0.8541835225290001,7,0.914183522529,0.07872470009770183,0.07865022595038569,0.9713976707443374,0.9712194162248532,0.08773066594325585,0.08197363667077705,0.9710930838141212,0.9711011808377259
26,56,1.5,13.539,0.09,1620774.618,32415.49236,Baran:1988tw,0.734216829,0.00950163,0.0089,1.5089,1.41,1.4188999999999998,1.0,0.0,0.0,1620774.618,32415.49236,0.23630012742751225,0.013894603034727133,0.9861053969652729,0.014090383317531372,0.0011976879051722733,0.08880231209482772,4.433234524286382,1.0119018711111112,0.11754834167379154,0.11899216933580264,0.12709216933580264,0.35649988686646544,0.9316970208552086,0.9302531931931974,0.970780403455434,0.002675054220009084,605884772.6811669,12117695.453623338,0.030237606063823367,0.03005925448719932,37.06063158319483,36.624728781754975,60066930.99709133,1201338.6199418267,154.26338495075905,3.085267699015181,59360430.800602525,1187208.6160120505,152.44895711218646,3.0489791422437293,"[0.340,0.428]",0.38,"[0.100,0.145]",0.12,0.0036,0.0,24,0.0882,0.008,0.8322835225290001,12,0.932283522529,0.005,0.0,17,0.08750000000000001,0.008,0.8541835225290001,9,0.930183522529,0.08950731270116563,0.0886502259503857,0.971028278002846,0.9708489593173187,0.09936061671112018,0.09049993978298428,0.9706392675241474,0.9707756154435008
26,56,1.5,13.539,0.1,1517949.153,30358.98306,Baran:1988tw,0.790540314,0.015810806,0.0089,1.5089,1.4,1.4088999999999998,1.0,0.0,0.0,1517949.153,30358.98306,0.23630012742751225,0.013894603034727133,0.9861053969652729,0.014090383317531372,0.0011976879051722733,0.09880231209482773,4.433234524286382,1.0119018711111112,0.11671466549170789,0.11815354667503865,0.12815354667503864,0.3579854000864262,0.9512961570372922,0.9498572758539615,0.9703406985560074,0.0036708200322706453,413517726.1907465,8270354.52381493,0.030237606063823374,0.030059254487199327,38.20172517697129,37.752400966532626,57988276.37552234,1159765.5275104467,148.92500170487122,2.9785000340974244,57306225.07086458,1146124.5014172916,147.17336330384018,2.9434672660768033,"[0.340,0.428]",0.38,"[0.100,0.145]",0.12,0.0036,0.0,27,0.09899999999999999,0.008,0.8322835225290001,14,0.9482835225290001,0.005,0.0,19,0.0975,0.008,0.8541835225290001,11,0.9461835225290001,0.10028770073629545,0.0986502259503857,0.9706000049383186,0.9704345511531168,0.10704203506311438,0.09902624289519149,0.9702995114944504,0.9704181127701851
26,56,1.5,13.539,0.11,1379447.453,27588.94905,Baran:1988tw,0.84816569,0.016890821,0.0089,1.5089,1.39,1.3988999999999998,1.0,0.0,0.0,1379447.453,27588.94905,0.23630012742751225,0.013894603034727133,0.9861053969652729,0.014090383317531372,0.0011976879051722733,0.10880231209482773,4.433234524286382,1.0119018711111112,0.11588098930962429,0.11731492401427464,0.12941492401427462,0.3597428581838347,0.9708952932193758,0.9694613585147255,0.9698499222171663,0.004629636836409529,297960186.02396846,5959203.718319372,0.030237606063823363,0.030059254487199316,39.49641937368313,39.03186712197141,54483235.107647054,1089664.7017579768,139.92338431907996,2.798467685367255,53842409.6872379,1076848.1933544392,138.27762188584367,2.7655524367144597,"[0.340,0.428]",0.38,"[0.100,0.145]",0.12,0.0036,0.0,30,0.1098,0.008,0.8322835225290001,17,0.9722835225290001,0.005,0.0,21,0.1075,0.008,0.8541835225290001,14,0.9701835225290001,0.11106586557937703,0.10865022595038569,0.9701080378085946,0.9699763046261913,0.11845947443664773,0.11181569756350233,0.9697307056368839,0.9698221329234369
26,56,1.5,13.539,0.12,1221609.886,24432.19771,Baran:1988tw,0.843149693,0.018418319,0.0089,1.5089,1.38,1.3888999999999998,1.0,0.0,0.0,1221609.886,24432.19771,0.23630012742751225,0.013894603034727133,0.9861053969652729,0.014090383317531372,0.0011976879051722733,0.11880231209482772,4.433234524286382,1.0119018711111112,0.11504731312754066,0.11647630135351067,0.13087630135351067,0.36176829788348047,0.9904944294014593,0.9890654411754893,0.9693071195438626,0.0055483180800720506,220176613.591724,4403532.270032133,0.030237606063823363,0.030059254487199316,40.95427858893722,40.47257916814373,50030151.59824384,1000603.031555334,128.48701285435155,2.5697402560352467,49441702.823722035,988834.056069715,126.97576368078789,2.539515272576345,"[0.340,0.428]",0.38,"[0.100,0.145]",0.12,0.0036,0.0,33,0.1206,0.008,0.8322835225290001,19,0.9882835225290001,0.005,0.0,23,0.11750000000000001,0.008,0.8541835225290001,16,0.9861835225290001,0.12184180860527505,0.1186502259503857,0.9695465899328145,0.9694743444045131,0.12600305560258673,0.12034200067570955,0.9693097143570228,0.9693851103696425
26,56,1.5,13.539,0.13,1058055.864,21161.11729,Baran:1988tw,0.888421899,0.021170905,0.0089,1.5089,1.37,1.3789,1.0,0.0,0.0,1058055.864,21161.11729,0.23630012742751225,0.013894603034727133,0.9861053969652729,0.014090383317531372,0.0011976879051722733,0.12880231209482773,4.433234524286382,1.0119018711111112,0.11421363694545704,0.1156376786927467,0.1325376786927467,0.3640572464499872,1.010093565583543,1.0086695238362533,0.9687113247735775,0.006424171523720886,164699192.74309367,3293983.856418494,0.030237606063823367,0.03005925448719932,42.58585400509527,42.08496418564203,45058212.55353894,901164.2514966372,115.7181209853436,2.314362420800558,44528243.14284854,890564.8632778203,114.35705802014202,2.2871411614836625,"[0.340,0.428]",0.38,"[0.100,0.145]",0.12,0.0036,0.0,35,0.1278,0.008,0.8322835225290001,22,1.0122835225290001,0.005,0.0,25,0.1275,0.008,0.8541835225290001,19,1.0101835225290001,0.1290245369579779,0.1286502259503857,0.96913031527449,0.9689288068455764,0.13721922336983916,0.13313145534402038,0.968610792822325,0.9686702382297377
26,56,1.5,13.539,0.14,899327.7569,17986.55514,Baran:1988tw,0.974060895,0.016901513,0.0089,1.5089,1.3599999999999999,1.3688999999999998,1.0,0.0,0.0,899327.7569,17986.55514,0.23630012742751225,0.013894603034727133,0.9861053969652729,0.014090383317531372,0.0011976879051722733,0.13880231209482774,4.433234524286382,1.0119018711111112,0.11337996076337341,0.11479905603198268,0.13439905603198268,0.36660476815227416,1.0296927017656268,1.0282736064970175,0.9680615613699332,0.007255012429651384,123959506.01330869,2479190.1205418454,0.030237606063823363,0.030059254487199316,44.40274028508271,43.88048046232647,39932616.8207967,798652.3365047395,102.55460930767403,2.0510921863815503,39462934.06587834,789258.6814053277,101.34837402273476,2.0269674806800824,"[0.340,0.428]",0.38,"[0.100,0.145]",0.12,0.0036,0.0,38,0.1386,0.008,0.8322835225290001,24,1.0282835225290001,0.005,0.0,27,0.1375,0.008,0.8541835225290001,21,1.0261835225290001,0.1397967800066695,0.1386502259503857,0.9684369517609546,0.9683398399041719,0.1446321308997479,0.1416577584562276,0.9680966240459051,0.9681542348895482
26,56,1.5,13.539,0.15,752847.1378,15056.94276,Baran:1988tw,0.955041155,0.018596073,0.0089,1.5089,1.35,1.3589,1.0,0.0,0.0,752847.1378,15056.94276,0.23630012742751225,0.013894603034727133,0.9861053969652729,0.014090383317531372,0.0011976879051722733,0.14880231209482772,4.433234524286382,1.0119018711111112,0.11254628458128979,0.1139604333712187,0.1364604333712187,0.3694055134553607,1.04929183794771,1.0478776891577812,0.9673568421278247,0.008039164688436518,93647433.15718989,1872948.6636413618,0.030237606063823363,0.030059254487199316,46.417635101586335,45.87167632234715,34945383.729674086,698907.6747791523,89.74643939780688,1.7949287884329752,34534360.225367084,690687.2046908283,88.69085230493891,1.773817046570007,"[0.340,0.428]",0.38,"[0.100,0.145]",0.12,0.0036,0.0,41,0.1494,0.008,0.8322835225290001,26,1.0442835225290001,0.005,0.0,29,0.1475,0.008,0.8541835225290001,24,1.0501835225290002,0.15056680489759344,0.14865022595038568,0.9676523291592587,0.9677076030325494,0.15199463802701219,0.15444721312453843,0.967540860942859,0.9673213507216266
26,56,1.5,13.539,0.16,623372.8792,12467.45758,Baran:1988tw,1.018651952,0.027591832,0.0089,1.5089,1.34,1.3489,1.0,0.0,0.0,623372.8792,12467.45758,0.23630012742751225,0.013894603034727133,0.9861053969652729,0.014090383317531372,0.0011976879051722733,0.15880231209482773,4.433234524286382,1.0119018711111112,0.11171260839920616,0.1131218107104547,0.1387218107104547,0.37245376989695606,1.0688909741297938,1.0674817718185452,0.9665961692905116,0.008775450859953113,71035994.52020983,1420719.8899483797,0.030237606063823367,0.03005925448719932,48.64440162106113,48.07225187522137,30323600.69548202,606472.0137150629,77.87681523810106,1.557536304262309,29966938.06108434,599338.7610293978,76.96083727228314,1.539216744951828,"[0.340,0.428]",0.38,"[0.100,0.145]",0.12,0.0036,0.0,44,0.1602,0.008,0.8322835225290001,29,1.0682835225290002,0.005,0.0,31,0.1575,0.008,0.8541835225290001,26,1.0661835225290002,0.1613346130004203,0.1586502259503857,0.9667650449125104,0.9670322670730996,0.162946107411872,0.16297351623674566,0.9666225899224121,0.9667270007683854
26,56,1.5,13.539,0.17,513634.5666,10272.69133,Baran:1988tw,1.086375482,0.031929315,0.0089,1.5089,1.33,1.3389,1.0,0.0,0.0,513634.5666,10272.69133,0.23630012742751225,0.013894603034727133,0.9861053969652729,0.014090383317531372,0.0011976879051722733,0.16880231209482774,4.433234524286382,1.0119018711111112,0.11087893221712253,0.11228318804969073,0.14118318804969074,0.37574351364952496,1.0884901103118776,1.0870858544793092,0.9657785346791162,0.009463172448315323,54277206.65615045,1085544.1329116633,0.030237606063823363,0.030059254487199316,51.098134089512804,50.4971238302039,26245767.957135595,524915.3590405156,67.40415963479076,1.3480831924333554,25937068.31307331,518741.3661604719,66.61135981572811,1.3322271960551895,"[0.340,0.428]",0.38,"[0.100,0.145]",0.12,0.0036,0.0,46,0.1674,0.008,0.8322835225290001,31,1.0842835225290002,0.005,0.0,33,0.1675,0.008,0.8541835225290001,29,1.0901835225290002,0.16851192086245703,0.1686502259503857,0.9661097706547485,0.9663140141436859,0.1701869778652364,0.1757629709050565,0.9659488805700467,0.9657771260525484
26,56,1.5,13.539,0.18,424274.0729,8485.481458,Baran:1988tw,1.131344173,0.037240079,0.0089,1.5089,1.32,1.3289,1.0,0.0,0.0,424274.0729,8485.481458,0.23630012742751225,0.013894603034727133,0.9861053969652729,0.014090383317531372,0.0011976879051722733,0.17880231209482772,4.433234524286382,1.0119018711111112,0.1100452560350389,0.11144456538892673,0.14384456538892673,0.3792684608412974,1.1080892464939611,1.1066899371400734,0.9649029198349819,0.010102081966328742,41998676.54154345,839973.5308308689,0.030237606063823367,0.03005925448719932,53.79522667504279,53.162493529113995,22823919.92399913,456478.3984799826,58.61619841192938,1.1723239682385878,22555467.65511709,451109.3531023418,57.926761561935166,1.1585352312387034,"[0.340,0.428]",0.38,"[0.100,0.145]",0.12,0.0036,0.0,49,0.1782,0.008,0.8322835225290001,34,1.1082835225290002,0.005,0.0,35,0.1775,0.008,0.8541835225290001,31,1.1061835225290002,0.1792760373583917,0.17865022595038568,0.965019139421246,0.9655530375157694,0.18096045309591247,0.18428927401726372,0.9648357183455859,0.9651051568024989
26,56,1.5,13.539,0.19,354474.0031,7089.480063,Baran:1988tw,1.190496331,0.023979191,0.0089,1.5089,1.31,1.3189,1.0,0.0,0.0,354474.0031,7089.480063,0.23630012742751225,0.013894603034727133,0.9861053969652729,0.014090383317531372,0.0011976879051722733,0.18880231209482773,4.433234524286382,1.0119018711111112,0.10921157985295527,0.11060594272816275,0.14670594272816276,0.38302211780543793,1.1276883826760447,1.1262940198008373,0.9639682961753541,0.01069234847513812,33152118.444719974,663042.3689879243,0.03023760606382337,0.030059254487199327,56.75344573067607,56.08591835921637,20117621.09787135,402352.42201418045,51.665904620043236,1.0333180925466185,19880999.998331208,397620.0000227101,51.05821631035417,1.0211643263511228,"[0.340,0.428]",0.38,"[0.100,0.145]",0.12,0.0036,0.0,52,0.189,0.008,0.8322835225290001,36,1.124283522529,0.005,0.0,37,0.1875,0.008,0.8541835225290001,34,1.1301835225290002,0.19003794071185354,0.1886502259503857,0.9637817016514136,0.9647495414854792,0.18808552308623294,0.19707872868557455,0.9640181292286137,0.9640394511243585
26,56,1.5,13.539,0.2,302502.8526,6050.057052,Baran:1988tw,1.309078564,0.026743549,0.0089,1.5089,1.3,1.3089,1.0,0.0,0.0,302502.8526,6050.057052,0.23630012742751225,0.013894603034727133,0.9861053969652729,0.014090383317531372,0.0011976879051722733,0.19880231209482774,4.433234524286382,1.0119018711111112,0.10837790367087165,0.10976732006739874,0.14976732006739873,0.3869978295383564,1.1472875188581284,1.1458981024616013,0.9629736251628499,0.011234518316088985,26926196.930649426,538523.9386129886,0.030237606063823367,0.03005925448719932,59.992005650073054,59.28638671672707,18147752.842342414,362955.05684684834,46.60690560077163,0.9321381120154328,17934301.102156688,358686.02204313374,46.058720644122616,0.9211744128824523,"[0.340,0.428]",0.38,"[0.100,0.145]",0.12,0.0036,0.0,55,0.1998,0.008,0.8322835225290001,39,1.148283522529,0.005,0.0,39,0.1975,0.008,0.8541835225290001,36,1.146183522529,0.2007976322873688,0.1986502259503857,0.9623733958191784,0.9639037412377872,0.19868941034125653,0.20560503179778167,0.9626641461006789,0.9632906808297986
26,56,1.5,13.539,0.21,266187.0657,5323.741313,Baran:1988tw,1.446351268,0.034036214,0.0089,1.5089,1.29,1.2989,1.0,0.0,0.0,266187.0657,5323.741313,0.23630012742751225,0.013894603034727133,0.9861053969652729,0.014090383317531372,0.0011976879051722733,0.20880231209482772,4.433234524286382,1.0119018711111112,0.10754422748878802,0.10892869740663476,0.15302869740663474,0.3911888257691351,1.166886655040212,1.1655021851223653,0.9619178584891922,0.011729472697847809,22693864.639698725,453877.2927087192,0.030237606063823367,0.03005925448719932,63.531648498402696,62.7843967010776,16911303.09287362,338226.0617939409,43.431465795401685,0.8686293157448726,16712394.329604603,334247.88652930775,42.9206299892618,0.8584125996239939,"[0.340,0.428]",0.38,"[0.100,0.145]",0.12,0.0036,0.0,58,0.21059999999999998,0.008,0.8322835225290001,41,1.164283522529,0.005,0.0,41,0.20750000000000002,0.008,0.8541835225290001,38,1.162183522529,0.2115551134480711,0.2086502259503857,0.9607640913101754,0.9630158627039522,0.20570406381246997,0.21413133490998887,0.9616664565637998,0.9625114391341024
26,56,1.5,13.539,0.22,243362.7431,4867.254862,Baran:1988tw,1.483382359,0.03558474,0.0089,1.5089,1.28,1.2889,1.0,0.0,0.0,243362.7431,4867.254862,0.23630012742751225,0.013894603034727133,0.9861053969652729,0.014090383317531372,0.0011976879051722733,0.21880231209482773,4.433234524286382,1.0119018711111112,0.10671055130670437,0.10809007474587076,0.15649007474587076,0.39558826416600223,1.1864857912222957,1.1851062677831292,0.960799938273684,0.012178383679594276,19983172.603419542,399663.4520683908,0.030237606063823374,0.030059254487199327,67.39472761096397,66.6020387302592,16401365.7818815,328027.31563763,42.121849099483896,0.8424369819896779,16208454.841448318,324169.09682896634,41.62641685130232,0.8325283370260462,"[0.340,0.428]",0.38,"[0.100,0.145]",0.12,0.0036,0.0,60,0.2178,0.008,0.8322835225290001,44,1.188283522529,0.005,0.0,43,0.2175,0.008,0.8541835225290001,41,1.186183522529,0.21872554021948787,0.2186502259503857,0.9595611074616816,0.962086142412411,0.21614612775603292,0.2269207895782997,0.9600069136428323,0.9612857737587033
26,56,1.5,13.539,0.23,231912.1492,4638.242984,Baran:1988tw,1.539376015,0.036910529,0.0089,1.5089,1.27,1.2789,1.0,0.0,0.0,231912.1492,4638.242984,0.23630012742751225,0.013894603034727133,0.9861053969652729,0.014090383317531372,0.0011976879051722733,0.22880231209482774,4.433234524286382,1.0119018711111112,0.10587687512462075,0.10725145208510678,0.16015145208510678,0.4001892703273125,1.2060849274043792,1.2047103504438934,0.9596187972769138,0.012582669919254939,18431076.288913116,368621.52577826235,0.030237606063823367,0.03005925448719932,71.60529536314186,70.76308227843893,16606137.941767026,332122.7588353405,42.647743231300765,0.8529548646260153,16410818.495209206,328216.36990418413,42.14612547802855,0.842922509560571,"[0.340,0.428]",0.38,"[0.100,0.145]",0.12,0.0036,0.0,63,0.2286,0.008,0.8322835225290001,46,1.204283522529,0.005,0.0,45,0.2275,0.008,0.8541835225290001,43,1.202183522529,0.2294793403808697,0.2286502259503857,0.9575267203450671,0.9611148273332941,0.22305534397899718,0.23544709269050693,0.958777518109718,0.9604310246041861
26,56,1.5,13.539,0.24,230025.2551,4600.505102,Baran:1988tw,1.643297819,0.039082665,0.0089,1.5089,1.26,1.2689,1.0,0.0,0.0,230025.2551,4600.505102,0.23630012742751225,0.013894603034727133,0.9861053969652729,0.014090383317531372,0.0011976879051722733,0.23880231209482772,4.433234524286382,1.0119018711111112,0.10504319894253714,0.10641282942434278,0.16401282942434278,0.4049849743192243,1.225684063586463,1.2243144331046574,0.9583733591301729,0.012943953352669544,17770865.579684734,355417.31159369467,0.030237606063823367,0.03005925448719932,76.18919532702252,75.29306694863955,17525439.090962082,350508.78181924165,45.00868467961314,0.9001736935922627,17319306.932122193,346386.1386424438,44.4792978099662,0.8895859561993239,"[0.340,0.428]",0.38,"[0.100,0.145]",0.12,0.0036,0.0,66,0.2394,0.008,0.8322835225290001,49,1.228283522529,0.005,0.0,47,0.23750000000000002,0.008,0.8541835225290001,46,1.226183522529,0.24023093375559768,0.2386502259503857,0.9551633496217621,0.960102174716759,0.23334277427457006,0.24823654735881776,0.956718962753275,0.9590928529756262
26,56,1.5,13.539,0.25,236168.9374,4723.378747,Baran:1988tw,1.579377899,0.038912823,0.0089,1.5089,1.25,1.2589,1.0,0.0,0.0,236168.9374,4723.378747,0.23630012742751225,0.013894603034727133,0.9861053969652729,0.014090383317531372,0.0011976879051722733,0.24880231209482773,4.433234524286382,1.0119018711111112,0.10420952276045349,0.10557420676357879,0.1680742067635788,0.4099685436269212,1.2452831997685465,1.2439185157654213,0.957062538581085,0.013264017752030854,17805233.814908016,356104.67622276844,0.030237606063823374,0.030059254487199327,81.17415904253048,80.21939810566592,19170814.885413025,383416.2976270863,49.234324900525,0.9846864978020291,18945330.009482693,378906.60010943445,48.65523654627066,0.9731047307193944,"[0.340,0.428]",0.38,"[0.100,0.145]",0.12,0.0036,0.0,69,0.2502,0.008,0.8322835225290001,51,1.244283522529,0.005,0.0,49,0.2475,0.008,0.8541835225290001,48,1.242183522529,0.2509803217016966,0.2486502259503857,0.9523936674478032,0.95904845192533,0.2401511691890913,0.256762850471025,0.9551822713079245,0.9581636223416926
26,56,1.5,13.539,0.26,248953.0288,4979.060576,Baran:1988tw,1.546476465,0.059448965,0.0089,1.5089,1.24,1.2489,1.0,0.0,0.0,248953.0288,4979.060576,0.23630012742751225,0.013894603034727133,0.9861053969652729,0.014090383317531372,0.0011976879051722733,0.25880231209482774,4.433234524286382,1.0119018711111112,0.10337584657836986,0.10473558410281479,0.1723355841028148,0.41513321247861484,1.2648823359506303,1.2635225984261853,0.9556852417559402,0.013544769894087006,18380011.67584847,367600.23351696937,0.030237606063823374,0.030059254487199327,86.58990764435192,85.57144730770439,21556819.771573685,431136.3954314737,55.36204250051388,1.1072408500102775,21303270.986052614,426065.4197210522,54.71088065063464,1.0942176130126928,"[0.340,0.428]",0.38,"[0.100,0.145]",0.12,0.0036,0.0,71,0.2574,0.008,0.8322835225290001,53,1.260283522529,0.005,0.0,51,0.2575,0.008,0.8541835225290001,51,1.2661835225290001,0.25814535576428455,0.2586502259503857,0.9502714300673498,0.9579539362604506,0.24692045363067205,0.2695523051393358,0.9534934667005287,0.9567145451673938
26,56,1.5,13.539,0.27,267025.0823,5340.501645,Baran:1988tw,1.486751719,0.055425505,0.0089,1.5089,1.23,1.2389,1.0,0.0,0.0,267025.0823,5340.501645,0.23630012742751225,0.013894603034727133,0.9861053969652729,0.014090383317531372,0.0011976879051722733,0.26880231209482774,4.433234524286382,1.0119018711111112,0.10254217039628624,0.10389696144205081,0.17679696144205082,0.4204723075804765,1.2844814721327138,1.2831266810869493,0.954240366439231,0.013788203861603236,19366197.728160907,387323.95449069235,0.030237606063823367,0.03005925448719932,92.46825860024273,91.38065778918727,24691344.3628675,493826.88716488174,63.412102086341456,1.268242041489353,24400927.666785866,488018.5532443367,62.666256379892125,1.2533251273631594,"[0.340,0.428]",0.38,"[0.100,0.145]",0.12,0.0036,0.0,74,0.2682,0.008,0.8322835225290001,56,1.2842835225290001,0.005,0.0,53,0.2675,0.008,0.8541835225290001,53,1.2821835225290001,0.2688910710099961,0.26865022595038573,0.9465738662223299,0.95681891478345,0.25700250068132824,0.27807860825154307,0.9506266534938493,0.9557119406202327
26,56,1.5,13.539,0.28,288619.0358,5772.380716,Baran:1988tw,1.417092947,0.051278669,0.0089,1.5089,1.22,1.2288999999999999,1.0,0.0,0.0,288619.0358,5772.380716,0.23630012742751225,0.013894603034727133,0.9861053969652729,0.014090383317531372,0.0011976879051722733,0.27880231209482775,4.433234524286382,1.0119018711111112,0.10170849421420261,0.10305833878128681,0.1814583387812868,0.4259792703656914,1.3040806083147976,1.3027307637477132,0.9527268023708965,0.013996368813457569,20620993.891107783,412419.8778221556,0.030237606063823367,0.03005925448719932,98.84323783166296,97.68065526267769,28528039.998324648,570560.7999664929,73.26547141829688,1.4653094283659376,28192496.538226232,563849.9307645246,72.4037315375732,1.4480746307514638,"[0.340,0.428]",0.38,"[0.100,0.145]",0.12,0.0036,0.0,77,0.27899999999999997,0.008,0.8322835225290001,58,1.3002835225290001,0.005,0.0,55,0.2775,0.008,0.8541835225290001,56,1.3061835225290002,0.2796345844416166,0.27865022595038574,0.9420936025534963,0.9556436841311406,0.26367688353466734,0.2908680629198539,0.9484531716656563,0.9541536785977484
26,56,1.5,13.539,0.29,312053.6416,6241.072832,Baran:1988tw,1.345922444,0.038134469,0.0089,1.5089,1.21,1.2188999999999999,1.0,0.0,0.0,312053.6416,6241.072832,0.23630012742751225,0.013894603034727133,0.9861053969652729,0.014090383317531372,0.0011976879051722733,0.2888023120948277,4.433234524286382,1.0119018711111112,0.10087481803211898,0.10221971612052283,0.18631971612052284,0.43164767591233805,1.3236797444968809,1.3223348464084772,0.951143431561768,0.014171340394567281,22020051.238034528,440401.0247606906,0.030237606063823367,0.03005925448719932,105.75119750411562,104.50736432377215,33000046.284720108,660000.9256944022,84.75044019910314,1.6950088039820628,32611903.61125102,652238.0722250204,83.75361546277561,1.6750723092555124,"[0.428,0.523]",0.475,"[0.100,0.145]",0.12,0.0036,0.0,80,0.2898,0.032,0.7510585225290001,17,1.3110585225290001,0.005,0.0,57,0.28750000000000003,0.008,0.8541835225290001,58,1.3221835225290002,0.2911501409279609,0.28865022595038575,0.9568094921332194,0.954428550326255,0.30135739754960833,0.2993943660320611,0.9549591244893053,0.9530788860573182
26,56,1.5,13.539,0.3,335216.6153,6704.332306,Baran:1988tw,1.294685228,0.035797748,0.0089,1.5089,1.2,1.2088999999999999,1.0,0.0,0.0,335216.6153,6704.332306,0.23630012742751225,0.013894603034727133,0.9861053969652729,0.014090383317531372,0.0011976879051722733,0.2988023120948277,4.433234524286382,1.0119018711111112,0.10004114185003535,0.10138109345975883,0.19138109345975884,0.4374712487235691,1.3432788806789646,1.3419389290692412,0.9494891286277232,0.014315195819127744,23416837.571448985,468336.75142897974,0.030237606063823367,0.03005925448719932,113.23093979218481,111.89913076042882,37956892.384374276,759137.8476874856,97.48057049408436,1.9496114098816877,37510447.86852306,750208.9573704613,96.33401545848173,1.9266803091696347,"[0.428,0.523]",0.475,"[0.100,0.145]",0.12,0.0036,0.0,83,0.3006,0.032,0.7510585225290001,18,1.3430585225290002,0.005,0.0,59,0.2975,0.008,0.8541835225290001,60,1.338183522529,0.30188909630973626,0.2986502259503857,0.954856554109995,0.9531738285829529,0.31419796674094613,0.3079206691442682,0.9522876632082763,0.9519755672807779
26,56,1.5,13.539,0.31,356730.4332,7134.608663,Baran:1988tw,1.208195208,0.032517551,0.0089,1.5089,1.19,1.1988999999999999,1.0,0.0,0.0,356730.4332,7134.608663,0.23630012742751225,0.013894603034727133,0.9861053969652729,0.014090383317531372,0.0011976879051722733,0.3088023120948277,4.433234524286382,1.0119018711111112,0.09920746566795173,0.10054247079899484,0.19664247079899483,0.44344387559080667,1.3628780168610481,1.3615430117300051,0.9477627611430487,0.014429992549823809,24721456.50583553,494429.13004741044,0.030237606063823367,0.03005925448719932,121.32384694317106,119.89685008680964,43279908.47752791,865598.1694292343,111.1510954742437,2.2230219091732915,42770855.27078306,855417.1052957643,109.84374932738793,2.1968749862398402,"[0.428,0.523]",0.475,"[0.100,0.145]",0.12,0.0036,0.0,85,0.3078,0.032,0.7510585225290001,19,1.3750585225290002,0.005,0.0,61,0.3075,0.008,0.8541835225290001,63,1.362183522529,0.3090471788908431,0.3086502259503857,0.9534099816852428,0.9518798431076142,0.3269082212205018,0.320710123812579,0.9491801860122453,0.9502675551969116
26,56,1.5,13.539,0.32,375208.9896,7504.179791,Baran:1988tw,1.052746632,0.029583513,0.0089,1.5089,1.18,1.1888999999999998,1.0,0.0,0.0,375208.9896,7504.179791,0.23630012742751225,0.013894603034727133,0.9861053969652729,0.014090383317531372,0.0011976879051722733,0.31880231209482773,4.433234524286382,1.0119018711111112,0.0983737894858681,0.09970384813823084,0.20210384813823085,0.44955961577774184,1.382477153043132,1.381147094390769,0.945963190013504,0.014517750410608623,25844843.656068213,516896.8730524831,0.030237606063823367,0.03005925448719932,130.074017983511,128.54410264177514,48804940.860805385,976098.8170860338,125.34043698476994,2.506808739361344,48230902.87125914,964618.0572966386,123.86619746748845,2.477323949019643,"[0.428,0.523]",0.475,"[0.070,0.100]",0.093,0.0036,0.0,88,0.3186,0.032,0.7510585225290001,19,1.3750585225290002,0.005,0.0,63,0.3175,0.008,0.8811835225290001,62,1.3811835225290001,0.31978247225156764,0.31839142511154894,0.9509854679569554,0.9443773618836925,0.3269082212205018,0.3164469722564755,0.9491801860122453,0.9447110763508492
26,56,1.5,13.539,0.33,389596.8471,7791.936942,Baran:1988tw,1.111405298,0.020303039,0.0089,1.5089,1.17,1.1788999999999998,1.0,0.0,0.0,389596.8471,7791.936942,0.23630012742751225,0.013894603034727133,0.9861053969652729,0.014090383317531372,0.0011976879051722733,0.32880231209482774,4.433234524286382,1.0119018711111112,0.09754011330378447,0.09886522547746686,0.20776522547746687,0.4558127087713405,1.4020762892252154,1.400751177051533,0.9440892698695889,0.014580436909127071,26720519.386913568,534410.3877382713,0.030237606063823367,0.03005925448719932,139.52841243397128,137.88729561371713,54359829.56514365,1087196.591302873,139.60645524692242,2.7921291049384482,53720455.62624986,1074409.1125249972,137.96442049625682,2.7592884099251362,"[0.428,0.523]",0.475,"[0.070,0.100]",0.093,0.0036,0.0,91,0.32939999999999997,0.032,0.7510585225290001,20,1.4070585225290002,0.005,0.0,65,0.3275,0.008,0.8811835225290001,64,1.3971835225290001,0.3305155701970719,0.32839142511154895,0.94819827796275,0.9426326793608429,0.33949204981510583,0.3249732753686827,0.94552924872893,0.9432343775704806
26,56,1.5,13.539,0.34,399572.7643,7991.455285,Baran:1988tw,1.046117347,0.019270583,0.0089,1.5089,1.16,1.1688999999999998,1.0,0.0,0.0,399572.7643,7991.455285,0.23630012742751225,0.013894603034727133,0.9861053969652729,0.014090383317531372,0.0011976879051722733,0.33880231209482775,4.433234524286382,1.0119018711111112,0.09670643712170084,0.09802660281670288,0.2136266028167029,0.46219757984730175,1.4216754254072992,1.420355259712297,0.9421398494804998,0.014619955504001927,27330641.614512764,546612.8322218556,0.030237606063823367,0.03005925448719932,149.73700142304804,147.97581237658002,59830827.576600336,1196616.5513822697,153.65702614003243,3.0731405224160953,59127104.40084823,1182542.0878689887,151.84973022266527,3.0369946040732754,"[0.428,0.523]",0.475,"[0.070,0.100]",0.093,0.0036,0.0,94,0.3402,0.032,0.7510585225290001,20,1.4070585225290002,0.005,0.0,67,0.3375,0.008,0.8811835225290001,67,1.4211835225290002,0.34124647407372066,0.33839142511154896,0.9449661714263979,0.9408407829370827,0.33949204981510583,0.33776273003699353,0.94552924872893,0.9409548185600478
26,56,1.5,13.539,0.35,405059.2188,8101.184376,Baran:1988tw,1.041822974,0.023749614,0.0089,1.5089,1.15,1.1588999999999998,1.0,0.0,0.0,405059.2188,8101.184376,0.23630012742751225,0.013894603034727133,0.9861053969652729,0.014090383317531372,0.0011976879051722733,0.3488023120948277,4.433234524286382,1.0119018711111112,0.0958727609396172,0.09718798015593888,0.21968798015593888,0.4687088436929038,1.4412745615893827,1.439959342373061,0.9401137721892638,0.01463813652883055,27671501.628791027,553430.0325758206,0.03023760606382337,0.030059254487199327,160.75292661322686,158.86216954684878,65114454.8737674,1302289.097475348,167.22639314695826,3.3445278629391653,64348586.29351971,1286971.7258703944,165.25949592655323,3.3051899185310645,"[0.428,0.523]",0.475,"[0.070,0.100]",0.093,0.0036,0.0,96,0.3474,0.032,0.7510585225290001,21,1.4390585225290002,0.005,0.0,69,0.34750000000000003,0.008,0.8811835225290001,69,1.4371835225290002,0.348399191728582,0.34839142511154897,0.9425116511008735,0.9390022472547781,0.35195315169938335,0.3462890331492008,0.941188120491557,0.9393926226181394
26,56,1.5,13.539,0.36,411845.8212,8236.916424,Baran:1988tw,0.978521523,0.023236851,0.0089,1.5089,1.1400000000000001,1.1489,1.0,0.0,0.0,411845.8212,8236.916424,0.23630012742751225,0.013894603034727133,0.9861053969652729,0.014090383317531372,0.0011976879051722733,0.3588023120948277,4.433234524286382,1.0119018711111112,0.0950390847575336,0.0963493574951749,0.2259493574951749,0.47534130632123156,1.4608736977714665,1.4595634250338252,0.9380098763695275,0.014636730475634109,28137829.133740168,562756.5826748033,0.030237606063823367,0.03005925448719932,172.63266738192377,170.60218219812734,71098042.66385485,1421960.8532770968,182.59339278097684,3.6518678556195363,70261795.82589978,1405235.9165179953,180.4457507134378,3.608915014268755,"[0.428,0.523]",0.475,"[0.070,0.100]",0.093,0.0036,0.0,99,0.35819999999999996,0.032,0.7510585225290001,22,1.471058522529,0.005,0.0,71,0.3575,0.008,0.8811835225290001,72,1.4611835225290002,0.3591264418119806,0.3583914251115489,0.9382759551763024,0.9371176584315223,0.364295049097244,0.3590784878175116,0.9359511273960553,0.9369864996482415
26,56,1.5,13.539,0.37,408494.3068,8169.886137,Baran:1988tw,1.045302206,0.024210864,0.0089,1.5089,1.13,1.1388999999999998,1.0,0.0,0.0,408494.3068,8169.886137,0.23630012742751225,0.013894603034727133,0.9861053969652729,0.014090383317531372,0.0011976879051722733,0.3688023120948277,4.433234524286382,1.0119018711111112,0.09420540857544996,0.09551073483441089,0.23241073483441088,0.4820899654985684,1.48047283395355,1.4791675076945892,0.9358269959044697,0.014617403342600515,27945750.502040036,558915.0101092122,0.030237606063823363,0.030059254487199316,185.436216728202,183.25513769886123,75749638.80800144,1514992.776345465,194.5395827179107,3.8907916548344494,74858680.44183487,1497173.6090199526,192.25143096563107,3.845028619783256,"[0.428,0.523]",0.475,"[0.070,0.100]",0.093,0.0036,0.0,102,0.369,0.032,0.7510585225290001,22,1.471058522529,0.005,0.0,73,0.3675,0.008,0.8811835225290001,74,1.4771835225290002,0.3698515014101105,0.36839142511154893,0.9332064826798322,0.9351876136162819,0.364295049097244,0.3676047909297188,0.9359511273960553,0.9353410707213777
26,56,1.5,13.539,0.38,401862.3945,8037.247891,Baran:1988tw,0.960527796,0.014582106,0.0089,1.5089,1.12,1.1289,1.0,0.0,0.0,401862.3945,8037.247891,0.23630012742751225,0.013894603034727133,0.9861053969652729,0.014090383317531372,0.0011976879051722733,0.37880231209482773,4.433234524286382,1.0119018711111112,0.09337173239336634,0.09467211217364692,0.23907211217364693,0.4889500098922659,1.5000719701356338,1.4987715903553531,0.9335639606883023,0.014581733761488778,27559301.319939222,551186.0264673634,0.03023760606382337,0.030059254487199327,199.22726640793928,196.88397866996658,80061946.3283839,1601238.9267669052,205.6144144764206,4.112288290040066,79120267.1069997,1582405.342336878,203.196001852084,4.063920037547316,"[0.428,0.523]",0.475,"[0.070,0.100]",0.093,0.0036,0.0,105,0.37979999999999997,0.032,0.7510585225290001,23,1.503058522529,0.005,0.0,75,0.3775,0.008,0.8811835225290001,77,1.5011835225290002,0.38057437186429155,0.37839142511154894,0.9270390622238291,0.9332127205414333,0.37652109891016783,0.38039424559802965,0.9295208660088132,0.9328118485580895
26,56,1.5,13.539,0.39,392526.7818,7850.535636,Baran:1988tw,1.003753166,0.018317221,0.0089,1.5089,1.1099999999999999,1.1188999999999998,1.0,0.0,0.0,392526.7818,7850.535636,0.23630012742751225,0.013894603034727133,0.9861053969652729,0.014090383317531372,0.0011976879051722733,0.38880231209482774,4.433234524286382,1.0119018711111112,0.0925380562112827,0.09383348951288291,0.2459334895128829,0.4959168171305374,1.5196711063177173,1.518375673016117,0.931219597150807,0.014531211636585576,27012667.051915064,540253.3410383012,0.030237606063823367,0.03005925448719932,214.0734018342054,211.55549559281252,84029543.49095887,1680590.8698191773,215.80396400492043,4.316079280098408,83041197.85715078,1660823.9571430155,213.26570309427188,4.265314061885437,"[0.428,0.523]",0.475,"[0.070,0.100]",0.093,0.0036,0.0,108,0.3906,0.032,0.7510585225290001,23,1.503058522529,0.005,0.0,77,0.3875,0.008,0.8811835225290001,79,1.5171835225290002,0.39129505451450086,0.38839142511154895,0.9193842106420802,0.9311935970712751,0.37652109891016783,0.38892054871023685,0.9295208660088132,0.9310855403197749
26,56,1.5,13.539,0.4,381133.2383,7622.664767,Baran:1988tw,0.999650415,0.018077668,0.0089,1.5089,1.1,1.1089,1.0,0.0,0.0,381133.2383,7622.664767,0.23630012742751225,0.013894603034727133,0.9861053969652729,0.014090383317531372,0.0011976879051722733,0.39880231209482775,4.433234524286382,1.0119018711111112,0.09170438002919909,0.09299486685211894,0.25299486685211897,0.5029859509490489,1.539270242499801,1.537979755676881,0.9287927288053459,0.014467238047577846,26344575.035440896,526891.5007779396,0.03023760606382336,0.030059254487199313,230.04630731643405,227.34052963439373,87678294.0664695,1753565.8815594362,225.1746544210257,4.503493089011316,86647032.25639361,1732940.6453552125,222.5261765488924,4.450523531561702,"[0.428,0.523]",0.475,"[0.070,0.100]",0.093,0.0036,0.0,110,0.3978,0.032,0.7510585225290001,24,1.535058522529,0.005,0.0,79,0.3975,0.008,0.8811835225290001,82,1.5411835225290003,0.39844096149575137,0.39839142511154896,0.9131714913276666,0.929130870747603,0.38863450338107597,0.40171000337854773,0.9214507752193366,0.928436812040142
26,56,1.5,13.539,0.41,368281.0278,7365.620557,Baran:1988tw,0.955791837,0.018219782,0.0089,1.5089,1.09,1.0989,1.0,0.0,0.0,368281.0278,7365.620557,0.23630012742751225,0.013894603034727133,0.9861053969652729,0.014090383317531372,0.0011976879051722733,0.4088023120948277,4.433234524286382,1.0119018711111112,0.09087070384711546,0.09215624419135494,0.2602562441913549,0.5101531575824606,1.5588693786818846,1.557583838337645,0.9262821768207679,0.014391126191455748,25590841.39076305,511816.82788474835,0.03023760606382336,0.030059254487199313,247.2219822517902,244.3141862958806,91047165.71844265,1820943.314616075,233.82656214914314,4.676531243617776,89976279.63516758,1799525.5929476658,231.07632155318743,4.621526431691194,"[0.428,0.523]",0.475,"[0.070,0.100]",0.093,0.0036,0.0,113,0.40859999999999996,0.032,0.7510585225290001,25,1.5670585225290001,0.005,0.0,81,0.40750000000000003,0.008,0.8811835225290001,84,1.5571835225290003,0.409158000779982,0.40839142511154897,0.9015333977143039,0.9270251783329256,0.4006383198897826,0.41023630649075493,0.9110383686905025,0.926632059719933
26,56,1.5,13.539,0.42,354629.3685,7092.58737,Baran:1988tw,0.986945896,0.019654323,0.0089,1.5089,1.08,1.0889,1.0,0.0,0.0,354629.3685,7092.58737,0.23630012742751225,0.013894603034727133,0.9861053969652729,0.014090383317531372,0.0011976879051722733,0.4188023120948277,4.433234524286382,1.0119018711111112,0.09003702766503183,0.09131762153059095,0.2677176215305909,0.5174143615426527,1.5784685148639683,1.5771879209984092,0.9236867606176196,0.014304103162262586,24792142.819243036,495842.85638486076,0.03023760606382337,0.030059254487199327,265.6809689252162,262.55606053330763,94218274.23241754,1884365.4846483509,241.97057625626687,4.839411525125337,93110089.94277465,1862201.7988554933,239.1245467216825,4.782490934433651,"[0.428,0.523]",0.475,"[0.070,0.100]",0.093,0.0036,0.0,116,0.4194,0.032,0.7510585225290001,25,1.5670585225290001,0.005,0.0,83,0.4175,0.008,0.8811835225290001,87,1.5811835225290003,0.4198728558268101,0.4183914251115489,0.8858273041313975,0.9248771653518923,0.4006383198897826,0.42302576115906576,0.9110383686905025,0.9238675347189317
26,56,1.65,11.939,0.01,14762.45966,295.2491931,Baran:1988tw,46.87565732,0.718037525,0.0089,1.6588999999999998,1.64,1.6488999999999998,1.0,0.0,0.0,14762.45966,295.2491931,0.20837485939560302,0.01081580015348812,0.9891841998465118,0.010934060769638624,0.0011282137595189923,0.008871786240481008,4.433234524286382,1.010816973370064,0.11707022086135539,0.11834043751665316,0.11844043751665316,0.3441517652383221,0.7820514616676446,0.7807812450123469,0.9785821631077394,-0.007736460105652166,-1908167.231317424,-38163.344613422676,0.04137050750372829,0.04114855469356301,23.950392643954828,23.694094257345338,353566.7052475439,7071.334102555839,0.908027026718155,0.01816054052821218,349783.1106542982,6995.662210716555,0.8983100310343946,0.017966200614602794,"[0.340,0.428]",0.38,"[0.100,0.145]",0.12,0.0036,0.0,2,0.009,0.008,0.8322835225290001,-7,0.780283522529,0.005,0.0,1,0.0075,0.008,0.8541835225290001,-10,0.7781835225290001,0.010383071862229087,0.008650225950385693,0.9785842126028652,0.9785868009475622,0.023331660205533677,0.009500060217015783,0.9785206181419289,0.9785841091309989
26,56,1.65,11.939,0.02,535685.3685,10713.70737,Baran:1988tw,1.922770455,0.023707946,0.0089,1.6588999999999998,1.63,1.6388999999999998,1.0,0.0,0.0,535685.3685,10713.70737,0.20837485939560302,0.01081580015348812,0.9891841998465118,0.010934060769638624,0.0011282137595189923,0.018871786240481008,4.433234524286382,1.010816973370064,0.11635637805122519,0.1176227442816683,0.1180227442816683,0.34354438473313503,0.8015307644777748,0.8002643982473318,0.9785286464075551,-0.006207210050889821,-86300506.04187432,-1726010.1208374863,0.04137050750372828,0.041148554693563,24.071548185725476,23.813953287182077,12894776.160235858,257895.52320471717,33.11625524461469,0.6623251048922939,12756786.342085917,255135.72684171834,32.761870958898804,0.6552374191779762,"[0.340,0.428]",0.38,"[0.100,0.145]",0.12,0.0036,0.0,5,0.019799999999999998,0.008,0.8322835225290001,-5,0.796283522529,0.005,0.0,3,0.0175,0.008,0.8541835225290001,-7,0.802183522529,0.021179805450792344,0.018650225950385697,0.9785346032837551,0.9785391603025269,0.03161540725570067,0.02228951488532656,0.9784539093713357,0.9785131624939682
26,56,1.65,11.939,0.03,1029694.446,20593.88891,Baran:1988tw,1.165394263,0.013304918,0.0089,1.6588999999999998,1.6199999999999999,1.6288999999999998,1.0,0.0,0.0,1029694.446,20593.88891,0.20837485939560302,0.01081580015348812,0.9891841998465118,0.010934060769638624,0.0011282137595189923,0.028871786240481007,4.433234524286382,1.010816973370064,0.11564253524109497,0.11690505104668344,0.11780505104668344,0.34322740427693627,0.821010067287905,0.8197475514823166,0.9784386614055463,-0.004677639217171349,-220131223.93451163,-4402624.476552403,0.04137050750372828,0.041148554693563,24.2759678683391,24.016185430091284,24996829.28530323,499936.585463305,64.19664588446955,1.2839329170659377,24729332.751471117,494586.6547892605,63.509663545159825,1.270193270286415,"[0.340,0.428]",0.38,"[0.100,0.145]",0.12,0.0036,0.0,8,0.0306,0.008,0.8322835225290001,-2,0.820283522529,0.005,0.0,5,0.0275,0.008,0.8541835225290001,-5,0.8181835225290001,0.031974305721448104,0.028650225950385695,0.9784505536615601,0.9784566296434207,0.04391003921875991,0.03081581799753378,0.9783165281208116,0.9784341624348856
26,56,1.65,11.939,0.04,1482033.383,29640.66766,Baran:1988tw,0.924405628,0.010188704,0.0089,1.6588999999999998,1.6099999999999999,1.6188999999999998,1.0,0.0,0.0,1482033.383,29640.66766,0.20837485939560302,0.01081580015348812,0.9891841998465118,0.010934060769638624,0.0011282137595189923,0.03887178624048101,4.433234524286382,1.010816973370064,0.11492869243096476,0.11618735781169859,0.11778735781169859,0.3432016285096832,0.8404893700980354,0.8392307047173015,0.9783115525169799,-0.003155372195109792,-469685758.5602297,-9393715.171204595,0.04137050750372827,0.041148554693562996,24.566227407757594,24.30333883873535,36407969.11266631,728159.3822533261,93.50263882758644,1.8700527765517287,36018359.47736624,720367.1895473248,92.50204665227238,1.8500409330454475,"[0.340,0.428]",0.38,"[0.100,0.145]",0.12,0.0036,0.0,10,0.0378,0.008,0.8322835225290001,0,0.8362835225290001,0.005,0.0,7,0.0375,0.008,0.8541835225290001,-2,0.8421835225290001,0.03916939918721596,0.03865022595038569,0.9783750120516282,0.9783392266256136,0.052021664495876196,0.043605272665844616,0.9782000415522605,0.9782681396067119
26,56,1.65,11.939,0.05,1931803.341,38636.06683,Baran:1988tw,0.786829574,0.006936524,0.0089,1.6588999999999998,1.5999999999999999,1.6088999999999998,1.0,0.0,0.0,1931803.341,38636.06683,0.20837485939560302,0.01081580015348812,0.9891841998465118,0.010934060769638624,0.0011282137595189923,0.04887178624048101,4.433234524286382,1.010816973370064,0.11421484962083453,0.11546966457671373,0.11796966457671373,0.3434671229924543,0.8599686729081656,0.8587138579522864,0.978146656409619,-0.0016479897070655301,-1172218086.5072505,-23444361.73621301,0.041370507503728275,0.041148554693563,24.94540347324177,24.678457258264856,48189613.772201456,963792.2756934833,123.76015915195484,2.475203183679743,47673926.18224175,953478.5238916196,122.4357746381508,2.4487154933968065,"[0.340,0.428]",0.38,"[0.100,0.145]",0.12,0.0036,0.0,13,0.0486,0.008,0.8322835225290001,3,0.8602835225290001,0.005,0.0,9,0.0475,0.008,0.8541835225290001,0,0.8581835225290001,0.0499601803391414,0.04865022595038569,0.9782316356281783,0.9781869763568473,0.06406602574378495,0.05213157577805184,0.9779875630176976,0.9781258009863346
26,56,1.65,11.939,0.06,2221569.134,44431.38267,Baran:1988tw,0.733715632,0.006391879,0.0089,1.6588999999999998,1.5899999999999999,1.5988999999999998,1.0,0.0,0.0,2221569.134,44431.38267,0.20837485939560302,0.01081580015348812,0.9891841998465118,0.010934060769638624,0.0011282137595189923,0.058871786240481006,4.433234524286382,1.010816973370064,0.11350100681070431,0.11475197134172886,0.11835197134172887,0.3440232133762617,0.8794479757182957,0.8781970111872711,0.9779433020139063,-0.0001629004696475312,-13637585814.251019,-272751716.22363317,0.04137050750372829,0.04114855469356301,25.417102251784904,25.14510828507784,56465849.83828724,1129316.9965115737,145.0151187280945,2.90030237390913,55861596.4372166,1117231.928492881,143.4632802460905,2.8692656042760354,"[0.340,0.428]",0.38,"[0.100,0.145]",0.12,0.0036,0.0,16,0.0594,0.008,0.8322835225290001,5,0.8762835225290001,0.005,0.0,11,0.0575,0.008,0.8541835225290001,3,0.8821835225290001,0.06074873186416596,0.058650225950385694,0.9780509143527787,0.9779999113838163,0.07201583124035371,0.06492103044636267,0.977820299253588,0.9778648632419702
26,56,1.65,11.939,0.07,2352908.155,47058.1631,Baran:1988tw,0.72251014,0.006332589,0.0089,1.6588999999999998,1.5799999999999998,1.5888999999999998,1.0,0.0,0.0,2352908.155,47058.1631,0.20837485939560302,0.01081580015348812,0.9891841998465118,0.010934060769638624,0.0011282137595189923,0.06887178624048101,4.433234524286382,1.010816973370064,0.1127871640005741,0.11403427810674402,0.11893427810674402,0.3448684939317363,0.898927278528426,0.8976801644222561,0.9777008105378768,0.0012927820730553668,1820034640.052771,36400692.801055424,0.04137050750372828,0.041148554693563,25.985489313067156,25.707412912182832,61141469.71638105,1222829.3943276212,157.02300621568287,3.1404601243136576,60487181.485027276,1209743.6297005457,155.34266870506548,3.10685337410131,"[0.340,0.428]",0.38,"[0.100,0.145]",0.12,0.0036,0.0,19,0.0702,0.008,0.8322835225290001,8,0.900283522529,0.005,0.0,13,0.0675,0.008,0.8541835225290001,5,0.8981835225290001,0.07153505514379788,0.0686502259503857,0.9778310458505323,0.9777780716747827,0.08382460910052025,0.07344733355856989,0.9775298514658255,0.9776593242630024
26,56,1.65,11.939,0.08,2350328.505,47006.5701,Baran:1988tw,0.740322043,0.010679358,0.0089,1.6588999999999998,1.5699999999999998,1.5788999999999997,1.0,0.0,0.0,2350328.505,47006.5701,0.20837485939560302,0.01081580015348812,0.9891841998465118,0.010934060769638624,0.0011282137595189923,0.07887178624048101,4.433234524286382,1.010816973370064,0.11207332119044389,0.11331658487175915,0.11971658487175915,0.34600084518937113,0.9184065813385562,0.917163317657241,0.9774184954869864,0.002712353872883316,866527236.1756868,17330544.723513737,0.04137050750372828,0.041148554693563,26.6553208316856,26.370076417312973,62648760.36063097,1252975.2072126195,160.8940173199103,3.2178803463982057,61978342.28263895,1239566.845652779,159.17225527336527,3.1834451054673054,"[0.340,0.428]",0.38,"[0.100,0.145]",0.12,0.0036,0.0,21,0.0774,0.008,0.8322835225290001,10,0.916283522529,0.005,0.0,15,0.0775,0.008,0.8541835225290001,7,0.914183522529,0.07872470009770183,0.07865022595038569,0.9776616244599705,0.9775215045982445,0.09162190848775442,0.08197363667077705,0.9773089642643032,0.9774285575379167
26,56,1.65,11.939,0.09,2246223.033,44924.46067,Baran:1988tw,0.747922168,0.011218833,0.0089,1.6588999999999998,1.5599999999999998,1.5688999999999997,1.0,0.0,0.0,2246223.033,44924.46067,0.20837485939560302,0.01081580015348812,0.9891841998465118,0.010934060769638624,0.0011282137595189923,0.088871786240481,4.433234524286382,1.010816973370064,0.11135947838031365,0.1125988916367743,0.1206988916367743,0.3474174601783484,0.9378858841486865,0.9366464708922259,0.9770956626890592,0.00408962148919135,549249616.1164663,10984992.324774541,0.041370507503728296,0.041148554693563016,27.431976226025878,27.13842065252195,61618336.83960774,1232366.7370664745,158.2476923346431,3.1649538473973675,60958945.54893769,1219178.9112501382,156.5542491901825,3.131084984500617,"[0.340,0.428]",0.38,"[0.100,0.145]",0.12,0.0036,0.0,24,0.0882,0.008,0.8322835225290001,13,0.940283522529,0.005,0.0,17,0.08750000000000001,0.008,0.8541835225290001,10,0.9381835225290001,0.08950731270116563,0.0886502259503857,0.9773712447792142,0.9772302648976752,0.10320840767322392,0.09476309133908789,0.976934818095624,0.9770351847645256
26,56,1.65,11.939,0.1,2072355.072,41447.10144,Baran:1988tw,0.801021033,0.012256587,0.0089,1.6588999999999998,1.5499999999999998,1.5588999999999997,1.0,0.0,0.0,2072355.072,41447.10144,0.20837485939560302,0.01081580015348812,0.9891841998465118,0.010934060769638624,0.0011282137595189923,0.09887178624048101,4.433234524286382,1.010816973370064,0.11064563557018345,0.11188119840178944,0.12188119840178943,0.34911487851678485,0.9573651869588167,0.9561296241272107,0.9767316103245466,0.005418987332700313,382424786.1763008,7648495.723526017,0.041370507503728275,0.041148554693563,28.32149227588894,28.018417796710594,58692188.164547265,1173843.7632909452,150.73278201725287,3.0146556403450573,58064110.23042826,1161282.2046085652,149.11975757066065,2.982395151413213,"[0.340,0.428]",0.38,"[0.100,0.145]",0.12,0.0036,0.0,27,0.09899999999999999,0.008,0.8322835225290001,15,0.9562835225290001,0.005,0.0,19,0.0975,0.008,0.8541835225290001,12,0.9541835225290001,0.10028770073629545,0.0986502259503857,0.9770345187143895,0.9769044146623636,0.11086165414550109,0.1032893944512951,0.9766554574573701,0.9767415137059047
26,56,1.65,11.939,0.11,1856567.331,37131.34661,Baran:1988tw,0.829487827,0.013304123,0.0089,1.6588999999999998,1.5399999999999998,1.5488999999999997,1.0,0.0,0.0,1856567.331,37131.34661,0.20837485939560302,0.01081580015348812,0.9891841998465118,0.010934060769638624,0.0011282137595189923,0.10887178624048101,4.433234524286382,1.010816973370064,0.10993179276005323,0.11116350516680457,0.12326350516680457,0.35108902740872516,0.9768444897689469,0.9756127773621956,0.9763256289623097,0.006695516746458313,277285144.86683303,5545702.895843124,0.041370507503728296,0.041148554693563016,29.330598783879715,29.01672563539519,54454231.50081941,1089084.6297230823,139.84889750094652,2.796977949265665,53871504.86726493,1077430.0970551313,138.35234388149445,2.767046876884684,"[0.340,0.428]",0.38,"[0.100,0.145]",0.12,0.0036,0.0,30,0.1098,0.008,0.8322835225290001,17,0.9722835225290001,0.005,0.0,21,0.1075,0.008,0.8541835225290001,15,0.9781835225290001,0.11106586557937703,0.10865022595038569,0.9766476334579648,0.9765440232943783,0.11845947443664773,0.11607884911960595,0.9763508394925908,0.9762539869166098
26,56,1.65,11.939,0.12,1621954.637,32439.09275,Baran:1988tw,0.881652277,0.009124793,0.0089,1.6588999999999998,1.5299999999999998,1.5388999999999997,1.0,0.0,0.0,1621954.637,32439.09275,0.20837485939560302,0.01081580015348812,0.9891841998465118,0.010934060769638624,0.0011282137595189923,0.118871786240481,4.433234524286382,1.010816973370064,0.10921794994992302,0.11044581193181972,0.12484581193181972,0.3533352684516785,0.9963237925790769,0.9950959305971803,0.9758770016011283,0.00791498566756775,204921992.92868987,4098439.859837223,0.04137050750372828,0.041148554693563,30.46675584861077,30.140724435042475,49415695.92300111,988313.9187646897,126.90897297797203,2.538179460341885,48886887.75995635,977737.7555005342,125.55089231916782,2.5110178471574276,"[0.340,0.428]",0.38,"[0.100,0.145]",0.12,0.0036,0.0,33,0.1206,0.008,0.8322835225290001,20,0.9962835225290001,0.005,0.0,23,0.11750000000000001,0.008,0.8541835225290001,17,0.9941835225290001,0.12184180860527505,0.1186502259503857,0.9762060033145843,0.9761491674716952,0.12975486598899189,0.12460515223181316,0.975843618647854,0.9758976955190275
26,56,1.65,11.939,0.13,1386764.28,27735.2856,Baran:1988tw,0.901378856,0.009879112,0.0089,1.6588999999999998,1.52,1.5289,1.0,0.0,0.0,1386764.28,27735.2856,0.20837485939560302,0.01081580015348812,0.9891841998465118,0.010934060769638624,0.0011282137595189923,0.128871786240481,4.433234524286382,1.010816973370064,0.10850410713979282,0.10972811869683488,0.12662811869683488,0.35584844905779045,1.0158030953892072,1.014579083832165,0.9753850037171522,0.009073908558035115,152829871.61822283,3056597.4323644564,0.04137050750372828,0.041148554693563,31.73819282098504,31.398555482472656,44013392.11589449,880267.8423178898,113.03482196038475,2.260696439207695,43542395.18669125,870847.9037338248,111.8252116241446,2.2365042324828917,"[0.340,0.428]",0.38,"[0.100,0.145]",0.12,0.0036,0.0,35,0.1278,0.008,0.8322835225290001,22,1.0122835225290001,0.005,0.0,25,0.1275,0.008,0.8541835225290001,20,1.0181835225290001,0.1290245369579779,0.1286502259503857,0.9758784929811058,0.9757199311075188,0.13721922336983916,0.137394606900124,0.975469664607897,0.9753164856107084
26,56,1.65,11.939,0.14,1164733.46,23294.66919,Baran:1988tw,0.918665117,0.013393622,0.0089,1.6588999999999998,1.5099999999999998,1.5188999999999997,1.0,0.0,0.0,1164733.46,23294.66919,0.20837485939560302,0.01081580015348812,0.9891841998465118,0.010934060769638624,0.0011282137595189923,0.13887178624048102,4.433234524286382,1.010816973370064,0.10779026432966259,0.10901042546185001,0.12861042546185,0.35862295724318877,1.0352823981993375,1.0340622370671502,0.9748489033175104,0.010169547177086503,114531496.80295669,2290629.935075806,0.04137050750372828,0.041148554693563,33.15394901820659,32.79916136318063,38615513.75263936,772310.2747212478,99.17203633032615,1.9834407257550664,38202280.69963569,764045.6136647223,98.11077469315396,1.962215493020734,"[0.340,0.428]",0.38,"[0.100,0.145]",0.12,0.0036,0.0,38,0.1386,0.008,0.8322835225290001,25,1.0362835225290001,0.005,0.0,27,0.1375,0.008,0.8541835225290001,22,1.0341835225290001,0.1397967800066695,0.1386502259503857,0.9753328422719312,0.9752564053058406,0.14831962031775292,0.1459209100123312,0.9748504243521533,0.9748979175657333
26,56,1.65,11.939,0.15,964792.3823,19295.84765,Baran:1988tw,0.949427065,0.015547386,0.0089,1.6588999999999998,1.5,1.5089,1.0,0.0,0.0,964792.3823,19295.84765,0.20837485939560302,0.01081580015348812,0.9891841998465118,0.010934060769638624,0.0011282137595189923,0.148871786240481,4.433234524286382,1.010816973370064,0.10707642151953238,0.10829273222686517,0.13079273222686516,0.3616527785416077,1.0547617010094676,1.0535453903021348,0.9742679610002996,0.011199901535688742,86142934.31291938,1722858.6866155332,0.04137050750372828,0.041148554693563,34.72391627373793,34.35232805595694,33501369.904525355,670027.3982294027,86.03793528605323,1.720758706077775,33142864.422657825,662857.2885905658,85.11722453492519,1.702344491051397,"[0.340,0.428]",0.38,"[0.100,0.145]",0.12,0.0036,0.0,41,0.1494,0.008,0.8322835225290001,27,1.0522835225290001,0.005,0.0,29,0.1475,0.008,0.8541835225290001,24,1.0501835225290002,0.15056680489759344,0.14865022595038568,0.9747151682103493,0.9747586883132802,0.1556573097222419,0.15444721312453843,0.974395575655293,0.9744545483135172
26,56,1.65,11.939,0.16,791892.0968,15837.84194,Baran:1988tw,0.982457084,0.017679176,0.0089,1.6588999999999998,1.49,1.4989,1.0,0.0,0.0,791892.0968,15837.84194,0.20837485939560302,0.01081580015348812,0.9891841998465118,0.010934060769638624,0.0011282137595189923,0.158871786240481,4.433234524286382,1.010816973370064,0.10636257870940218,0.1075750389918803,0.1331750389918803,0.3649315538452112,1.0742410038195978,1.0730285435371196,0.9736414300211738,0.012163684987759384,65102976.40862128,1302059.5285012734,0.041370507503728275,0.041148554693563,36.45888340519103,36.06872892491813,28871501.626723453,577430.0326803045,74.14754667198456,1.4829509338142246,28562541.37726423,571250.8276895595,73.35407756834219,1.4670815517373694,"[0.340,0.428]",0.38,"[0.100,0.145]",0.12,0.0036,0.0,44,0.1602,0.008,0.8322835225290001,30,1.0762835225290002,0.005,0.0,31,0.1575,0.008,0.8541835225290001,27,1.0741835225290002,0.1613346130004203,0.1586502259503857,0.9740164128375509,0.9742268854672511,0.16657247450265655,0.16723666779284926,0.9736439303175543,0.9737431422563695
26,56,1.65,11.939,0.17,648378.025,12967.5605,Baran:1988tw,1.027178551,0.020204263,0.0089,1.6588999999999998,1.48,1.4889,1.0,0.0,0.0,648378.025,12967.5605,0.20837485939560302,0.01081580015348812,0.9891841998465118,0.010934060769638624,0.0011282137595189923,0.16887178624048102,4.433234524286382,1.010816973370064,0.10564873589927194,0.10685734575689546,0.13575734575689546,0.36845263706057996,1.093720306629728,1.0925116967721045,0.9729685563667689,0.013060285850118371,49645010.25788218,992900.2051576435,0.04137050750372829,0.04114855469356301,38.37058268611616,37.95997069399085,24878642.62012319,497572.8524024638,63.89311988898297,1.2778623977796595,24612410.827627666,492248.2165525533,63.209385647693765,1.2641877129538752,"[0.340,0.428]",0.38,"[0.100,0.145]",0.12,0.0036,0.0,46,0.1674,0.008,0.8322835225290001,32,1.0922835225290002,0.005,0.0,33,0.1675,0.008,0.8541835225290001,29,1.0901835225290002,0.16851192086245703,0.1686502259503857,0.9735001906285553,0.973661109140506,0.17378973318055235,0.1757629709050565,0.9730922429028623,0.9732380762175752
26,56,1.65,11.939,0.18,533891.2507,10677.82501,Baran:1988tw,1.131316535,0.014946864,0.0089,1.6588999999999998,1.47,1.4788999999999999,1.0,0.0,0.0,533891.2507,10677.82501,0.20837485939560302,0.01081580015348812,0.9891841998465118,0.010934060769638624,0.0011282137595189923,0.178871786240481,4.433234524286382,1.010816973370064,0.10493489308914174,0.10613965252191059,0.13853965252191058,0.3722091515826963,1.1131996094398582,1.1119948500070895,0.9722485788351866,0.013889718200133046,38437874.90914582,768757.4978949336,0.041370507503728275,0.041148554693563,40.47173841185568,40.0386414930518,21607507.038708862,432150.1406122903,55.49221711194116,1.1098443418230666,21376280.38305434,427525.60750093224,54.89838276748568,1.097967654938406,"[0.340,0.428]",0.38,"[0.100,0.145]",0.12,0.0036,0.0,49,0.1782,0.008,0.8322835225290001,34,1.1082835225290002,0.005,0.0,35,0.1775,0.008,0.8541835225290001,32,1.1141835225290002,0.1792760373583917,0.17865022595038568,0.9726406574101769,0.9730614786821168,0.18096045309591247,0.18855242557336732,0.972496060543524,0.972434477518076
26,56,1.65,11.939,0.19,446342.268,8926.845359,Baran:1988tw,1.272566012,0.020880837,0.0089,1.6588999999999998,1.46,1.4688999999999999,1.0,0.0,0.0,446342.268,8926.845359,0.20837485939560302,0.01081580015348812,0.9891841998465118,0.010934060769638624,0.0011282137595189923,0.188871786240481,4.433234524286382,1.010816973370064,0.10422105027901152,0.10542195928692571,0.1415219592869257,0.3761940447254923,1.1326789122499885,1.1314780032420744,0.9714807291237788,0.014652564586494861,30461716.47053443,609234.3293424412,0.041370507503728275,0.041148554693563,42.776117654071356,42.31836106931977,19092789.369953047,381855.7873562849,49.033940430608155,0.9806788085023062,18888473.25772309,377769.4651121435,48.50921751652921,0.9701843502219029,"[0.340,0.428]",0.38,"[0.100,0.145]",0.12,0.0036,0.0,52,0.189,0.008,0.8322835225290001,37,1.132283522529,0.005,0.0,37,0.1875,0.008,0.8541835225290001,34,1.1301835225290002,0.19003794071185354,0.1886502259503857,0.971664912309091,0.9724281203549413,0.19163120944830536,0.19707872868557455,0.9715094508277262,0.9718681980277327
26,56,1.65,11.939,0.2,382691.9816,7653.839632,Baran:1988tw,1.309146844,0.022733688,0.0089,1.6588999999999998,1.45,1.4588999999999999,1.0,0.0,0.0,382691.9816,7653.839632,0.20837485939560302,0.01081580015348812,0.9891841998465118,0.010934060769638624,0.0011282137595189923,0.19887178624048102,4.433234524286382,1.010816973370064,0.1035072074688813,0.10470426605194087,0.14470426605194087,0.38040013939527,1.1521582150601188,1.1509611564770592,0.9706642319244674,0.015349913326123248,24931214.49413761,498624.28988275223,0.04137050750372829,0.04114855469356301,45.29858330324994,44.81383326224178,17335404.607993394,346708.09215986787,44.52063972520159,0.8904127945040318,17149894.6542193,342997.893084386,44.044214628460146,0.880884292569203,"[0.340,0.428]",0.38,"[0.100,0.145]",0.12,0.0036,0.0,55,0.1998,0.008,0.8322835225290001,39,1.148283522529,0.005,0.0,39,0.1975,0.008,0.8541835225290001,37,1.154183522529,0.2007976322873688,0.1986502259503857,0.9705537704994986,0.971761167269645,0.19868941034125653,0.20986818335388527,0.9707832280109251,0.9709731741539308
26,56,1.65,11.939,0.21,339578.5355,6791.570709,Baran:1988tw,1.451799653,0.025031028,0.0089,1.6588999999999998,1.44,1.4488999999999999,1.0,0.0,0.0,339578.5355,6791.570709,0.20837485939560302,0.01081580015348812,0.9891841998465118,0.010934060769638624,0.0011282137595189923,0.208871786240481,4.433234524286382,1.010816973370064,0.1027933646587511,0.103986572816956,0.148086572816956,0.3848201824449388,1.171637517870249,1.170444309712044,0.9697983050268418,0.01598329287759532,21245843.275261905,424916.86544267274,0.041370507503728275,0.041148554693563,48.05514950346256,47.54090084503298,16318497.291619368,326369.9457843322,41.909026942576716,0.8381805387281195,16143869.485307012,322877.38965859934,41.46054928505208,0.8292109855789475,"[0.340,0.428]",0.38,"[0.100,0.145]",0.12,0.0036,0.0,58,0.21059999999999998,0.008,0.8322835225290001,42,1.172283522529,0.005,0.0,41,0.20750000000000002,0.008,0.8541835225290001,39,1.170183522529,0.2115551134480711,0.2086502259503857,0.9692831764768326,0.9710607593153344,0.20919531003256908,0.2183944864660925,0.9695770090415591,0.9703462208849871
26,56,1.65,11.939,0.22,313770.4843,6275.409686,Baran:1988tw,1.564838073,0.027089865,0.0089,1.6588999999999998,1.43,1.4388999999999998,1.0,0.0,0.0,313770.4843,6275.409686,0.20837485939560302,0.01081580015348812,0.9891841998465118,0.010934060769638624,0.0011282137595189923,0.218871786240481,4.433234524286382,1.010816973370064,0.10207952184862086,0.10326887958197116,0.15166887958197117,0.38944688929553817,1.1911168206803793,1.189927462947029,0.9688821594292811,0.016554605510821628,18953667.24956934,379073.3449913868,0.04137050750372828,0.041148554693563,51.063039588914016,50.51660284123428,16022074.661643624,320441.49323287245,41.147756847417725,0.8229551369483544,15850618.938684836,317012.3787736967,40.70742570757502,0.8141485141515004,"[0.340,0.428]",0.38,"[0.100,0.145]",0.12,0.0036,0.0,60,0.2178,0.008,0.8322835225290001,44,1.188283522529,0.005,0.0,43,0.2175,0.008,0.8541835225290001,41,1.186183522529,0.21872554021948787,0.2186502259503857,0.9683327809553618,0.9703270430868741,0.21614612775603292,0.2269207895782997,0.9686850423023493,0.9696951615929721
26,56,1.65,11.939,0.23,302513.6938,6050.273875,Baran:1988tw,1.590010667,0.022478321,0.0089,1.6588999999999998,1.42,1.4288999999999998,1.0,0.0,0.0,302513.6938,6050.273875,0.20837485939560302,0.01081580015348812,0.9891841998465118,0.010934060769638624,0.0011282137595189923,0.22887178624048102,4.433234524286382,1.010816973370064,0.10136567903849066,0.10255118634698629,0.1554511863469863,0.3942729845512957,1.2105961234905094,1.2094106161820137,0.9679149994583436,0.017066062165935977,17726039.601790518,354520.79197721457,0.04137050750372829,0.04114855469356301,54.34074663739053,53.75923443016441,16438819.98912694,328776.399728198,42.2180386782491,0.8443607734254245,16262904.583329175,325258.09161282424,41.76625421859919,0.8353250842339196,"[0.340,0.428]",0.38,"[0.100,0.145]",0.12,0.0036,0.0,63,0.2286,0.008,0.8322835225290001,47,1.212283522529,0.005,0.0,45,0.2275,0.008,0.8541835225290001,44,1.210183522529,0.2294793403808697,0.2286502259503857,0.9667243736540226,0.9695601718089548,0.22649458305208692,0.23971024424661055,0.9671948508918823,0.968673590567501
26,56,1.65,11.939,0.24,303457.8528,6069.157055,Baran:1988tw,1.621312467,0.022836779,0.0089,1.6588999999999998,1.41,1.4188999999999998,1.0,0.0,0.0,303457.8528,6069.157055,0.20837485939560302,0.01081580015348812,0.9891841998465118,0.010934060769638624,0.0011282137595189923,0.238871786240481,4.433234524286382,1.010816973370064,0.10065183622836044,0.10183349311200143,0.15943349311200145,0.39929123846135345,1.2300754263006397,1.2288937694169986,0.9668960228966759,0.017520120040829316,17320535.024464123,346410.7004322052,0.04137050750372828,0.041148554693563,57.90809676162202,57.288409560987496,17572666.703016452,351453.3340024209,45.129974234077,0.9025994845328207,17384617.755704258,347692.3550567967,44.64702851557157,0.8929405701643036,"[0.340,0.428]",0.38,"[0.100,0.145]",0.12,0.0036,0.0,66,0.2394,0.008,0.8322835225290001,49,1.228283522529,0.005,0.0,47,0.23750000000000002,0.008,0.8541835225290001,46,1.226183522529,0.24023093375559768,0.2386502259503857,0.9648540091621634,0.9687603052569862,0.23334277427457006,0.24823654735881776,0.9660853416620585,0.9679627052382461
26,56,1.65,11.939,0.25,314568.3874,6291.367747,Baran:1988tw,1.608553244,0.034968549,0.0089,1.6588999999999998,1.4,1.4088999999999998,1.0,0.0,0.0,314568.3874,6291.367747,0.20837485939560302,0.01081580015348812,0.9891841998465118,0.010934060769638624,0.0011282137595189923,0.248871786240481,4.433234524286382,1.010816973370064,0.09993799341823022,0.10111579987701659,0.16361579987701658,0.40449449919253117,1.2495547291107698,1.2483769226519834,0.9658244211196952,0.017919424091251822,17554603.64117231,351092.0727676408,0.041370507503728275,0.041148554693563,61.78631526583659,61.1251264013118,19436021.55656222,388720.4310694581,49.91542643382922,0.9983085285179053,19228032.44168182,384560.6487725113,49.38127054536014,0.9876254107502217,"[0.340,0.428]",0.38,"[0.100,0.145]",0.12,0.0036,0.0,69,0.2502,0.008,0.8322835225290001,52,1.252283522529,0.005,0.0,49,0.2475,0.008,0.8541835225290001,49,1.2501835225290001,0.2509803217016966,0.2486502259503857,0.9626595435047015,0.9679276096748889,0.24354065812424086,0.2610260020271286,0.9642163121149239,0.9668518880941086
26,56,1.65,11.939,0.26,334076.7721,6681.535442,Baran:1988tw,1.583468365,0.032327899,0.0089,1.6588999999999998,1.39,1.3988999999999998,1.0,0.0,0.0,334076.7721,6681.535442,0.20837485939560302,0.01081580015348812,0.9891841998465118,0.010934060769638624,0.0011282137595189923,0.258871786240481,4.433234524286382,1.010816973370064,0.09922415060810001,0.10039810664203172,0.16799810664203174,0.40987572097165226,1.2690340319209001,1.2678600758869685,0.9646993792412957,0.01826675328938279,18288787.657419994,365775.7531483999,0.041370507503728275,0.041148554693563,65.99809580143275,65.29183575281199,22048430.810089216,440968.61620178435,56.62459381821373,1.1324918763642746,21812485.732782803,436249.7146556561,56.01864166311664,1.1203728332623328,"[0.340,0.428]",0.38,"[0.100,0.145]",0.12,0.0036,0.0,71,0.2574,0.008,0.8322835225290001,54,1.2682835225290001,0.005,0.0,51,0.2575,0.008,0.8541835225290001,51,1.2661835225290001,0.25814535576428455,0.2586502259503857,0.960976195865081,0.9670622576898644,0.2502906384009903,0.2695523051393358,0.9628115741024139,0.9660818461860001
26,56,1.65,11.939,0.27,360230.3391,7204.606782,Baran:1988tw,1.443520835,0.030258418,0.0089,1.6588999999999998,1.38,1.3888999999999998,1.0,0.0,0.0,360230.3391,7204.606782,0.20837485939560302,0.01081580015348812,0.9891841998465118,0.010934060769638624,0.0011282137595189923,0.268871786240481,4.433234524286382,1.010816973370064,0.09851030779796978,0.09968041340704685,0.17258041340704686,0.41542798823267413,1.2885133347310302,1.2873432291219533,0.963520076268836,0.018564972180132696,19403764.01347374,388075.28026947484,0.04137050750372828,0.041148554693563,70.56767266274824,69.8125125733451,25420616.652799595,508412.3330559919,65.28501302299583,1.3057002604599166,25148585.07771912,502971.7015543824,64.58638382904829,1.2917276765809658,"[0.340,0.428]",0.38,"[0.070,0.100]",0.093,0.0036,0.0,74,0.2682,0.008,0.8322835225290001,56,1.2842835225290001,0.005,0.0,53,0.2675,0.008,0.8811835225290001,50,1.285183522529,0.2688910710099961,0.26839142511154895,0.9580394376532414,0.9626434050634897,0.25700250068132824,0.26528915358323213,0.9612580700115888,0.9630043021725784
26,56,1.65,11.939,0.28,390671.5306,7813.430612,Baran:1988tw,1.384795045,0.028668585,0.0089,1.6588999999999998,1.3699999999999999,1.3788999999999998,1.0,0.0,0.0,390671.5306,7813.430612,0.20837485939560302,0.01081580015348812,0.9891841998465118,0.010934060769638624,0.0011282137595189923,0.27887178624048103,4.433234524286382,1.010816973370064,0.09779646498783956,0.09896272017206201,0.177362720172062,0.4211445359636784,1.3079926375411606,1.3068263823569382,0.9622856852676649,0.018816988007873833,20761639.983855348,415232.799677107,0.04137050750372828,0.041148554693563,75.52089637140207,74.71273075244808,29503864.177699633,590077.2835539927,75.7715748354079,1.5154314967081581,29188136.87836458,583762.7375672916,74.96072665141885,1.499214533028377,"[0.340,0.428]",0.38,"[0.070,0.100]",0.093,0.0036,0.0,77,0.27899999999999997,0.008,0.8322835225290001,59,1.3082835225290002,0.005,0.0,55,0.2775,0.008,0.8811835225290001,53,1.309183522529,0.2796345844416166,0.27839142511154896,0.9544744226131217,0.9614534320598677,0.2670002148890559,0.27807860825154296,0.9585969191598613,0.9614912705731719
26,56,1.65,11.939,0.29,423130.4589,8462.609178,Baran:1988tw,1.247842099,0.026705712,0.0089,1.6588999999999998,1.3599999999999999,1.3688999999999998,1.0,0.0,0.0,423130.4589,8462.609178,0.20837485939560302,0.01081580015348812,0.9891841998465118,0.010934060769638624,0.0011282137595189923,0.288871786240481,4.433234524286382,1.010816973370064,0.09708262217770935,0.09824502693707714,0.18234502693707713,0.4270187664928523,1.3274719403512907,1.3263095355919228,0.9609953735354446,0.019025713463991106,22239925.96655233,444798.51933104655,0.04137050750372828,0.041148554693563,80.88531270565105,80.01974129498379,34225039.48341213,684500.7896682426,87.89645738751318,1.7579291477502634,33858789.855205774,677175.7971041155,86.9558581851533,1.7391171637030662,"[0.340,0.428]",0.38,"[0.070,0.100]",0.093,0.0036,0.0,80,0.2898,0.008,0.8322835225290001,61,1.324283522529,0.005,0.0,57,0.28750000000000003,0.008,0.8811835225290001,55,1.325183522529,0.29037589741205494,0.28839142511154897,0.9500667777418927,0.9602230340923801,0.2736195375333409,0.2866049113637502,0.956558643964288,0.9604457980634722
26,56,1.65,11.939,0.3,454736.4769,9094.729538,Baran:1988tw,1.224885243,0.02638891,0.0089,1.6588999999999998,1.3499999999999999,1.3588999999999998,1.0,0.0,0.0,454736.4769,9094.729538,0.20837485939560302,0.01081580015348812,0.9891841998465118,0.010934060769638624,0.0011282137595189923,0.298871786240481,4.433234524286382,1.010816973370064,0.09636877936757914,0.0975273337020923,0.1875273337020923,0.4330442629825412,1.3469512431614208,1.3457926888269076,0.9596483027865284,0.019194034928155784,23691552.01613944,473831.0403227888,0.04137050750372828,0.041148554693563,86.69024533967759,85.76255407608787,39421216.74736163,788424.3349472326,101.24123595760258,2.024824719152052,38999361.69050593,779987.2338101186,100.15783136294623,2.0031566272589245,"[0.428,0.523]",0.475,"[0.070,0.100]",0.093,0.0036,0.0,83,0.3006,0.032,0.7510585225290001,18,1.3430585225290002,0.005,0.0,59,0.2975,0.008,0.8811835225290001,58,1.349183522529,0.30188909630973626,0.2983914251115489,0.964611065407439,0.9589525326192703,0.31419796674094613,0.29939436603206104,0.9625754998795399,0.9588229087497253
26,56,1.65,11.939,0.31,483682.4468,9673.648937,Baran:1988tw,1.161919362,0.028531116,0.0089,1.6588999999999998,1.3399999999999999,1.3488999999999998,1.0,0.0,0.0,483682.4468,9673.648937,0.20837485939560302,0.01081580015348812,0.9891841998465118,0.010934060769638624,0.0011282137595189923,0.308871786240481,4.433234524286382,1.010816973370064,0.09565493655744893,0.09680964046710742,0.19290964046710743,0.4392147999181123,1.3664305459715511,1.3652758420618925,0.9582436293466556,0.019324785941428994,25029123.130573392,500582.4626632149,0.04137050750372827,0.041148554693562996,92.96688226674193,91.97202333948779,44966449.08614527,899328.9818158722,115.48245482328096,2.309649096704376,44485253.285990156,889705.0658117753,114.24665183278672,2.2849330368919367,"[0.428,0.523]",0.475,"[0.070,0.100]",0.093,0.0036,0.0,85,0.3078,0.032,0.7510585225290001,19,1.3750585225290002,0.005,0.0,61,0.3075,0.008,0.8811835225290001,60,1.365183522529,0.3090471788908431,0.30839142511154893,0.9634651059331253,0.9576422582653934,0.3269082212205018,0.30792066914426824,0.9601099965191219,0.9577048273834019
26,56,1.65,11.939,0.32,508153.1412,10163.06282,Baran:1988tw,1.113837452,0.027157168,0.0089,1.6588999999999998,1.3299999999999998,1.3388999999999998,1.0,0.0,0.0,508153.1412,10163.06282,0.20837485939560302,0.01081580015348812,0.9891841998465118,0.010934060769638624,0.0011282137595189923,0.318871786240481,4.433234524286382,1.010816973370064,0.09494109374731871,0.09609194723212257,0.19849194723212257,0.44552435088569803,1.3859098487816812,1.3847589952968773,0.9567805043582188,0.019420725553227713,26165507.55569198,523310.150907874,0.04137050750372828,0.041148554693563,99.74836618973694,98.68093712076862,50687445.6088827,1013748.9117786605,130.17506978194658,2.603501394614239,50145028.174478255,1002900.5630948413,128.78203790736006,2.575640757133475,"[0.428,0.523]",0.475,"[0.070,0.100]",0.093,0.0036,0.0,88,0.3186,0.032,0.7510585225290001,19,1.3750585225290002,0.005,0.0,63,0.3175,0.008,0.8811835225290001,62,1.3811835225290001,0.31978247225156764,0.31839142511154894,0.9615427476430358,0.9562925506130505,0.3269082212205018,0.3164469722564755,0.9601099965191219,0.9565580669488639
26,56,1.65,11.939,0.33,526797.2844,10535.94569,Baran:1988tw,1.08580666,0.026196035,0.0089,1.6588999999999998,1.3199999999999998,1.3288999999999997,1.0,0.0,0.0,526797.2844,10535.94569,0.20837485939560302,0.01081580015348812,0.9891841998465118,0.010934060769638624,0.0011282137595189923,0.328871786240481,4.433234524286382,1.010816973370064,0.09422725093718848,0.09537425399713771,0.20427425399713772,0.4519670939317792,1.4053891515918115,1.4042421485318624,0.9552580739963681,0.019484521121828642,27036706.78412647,540734.135785175,0.04137050750372829,0.04114855469356301,107.0698890729127,105.92411078727899,56404126.80461965,1128082.5363065328,144.85660215425034,2.897132043634959,55800533.915223315,1116010.6785163146,143.3064599927506,2.866129200399079,"[0.428,0.523]",0.475,"[0.070,0.100]",0.093,0.0036,0.0,91,0.32939999999999997,0.032,0.7510585225290001,20,1.4070585225290002,0.005,0.0,65,0.3275,0.008,0.8811835225290001,65,1.4051835225290001,0.3305155701970719,0.32839142511154895,0.9593302188640429,0.9549037579884712,0.33949204981510583,0.32923642692478633,0.9572088669804583,0.9547846251775444
26,56,1.65,11.939,0.34,539301.2087,10786.02417,Baran:1988tw,1.077320041,0.018171663,0.0089,1.6588999999999998,1.3099999999999998,1.3188999999999997,1.0,0.0,0.0,539301.2087,10786.02417,0.20837485939560302,0.01081580015348812,0.9891841998465118,0.010934060769638624,0.0011282137595189923,0.33887178624048103,4.433234524286382,1.010816973370064,0.09351340812705827,0.09465656076215286,0.21025656076215288,0.4585374147898434,1.4248684544019417,1.4237253017668472,0.9536754796962053,0.01951873511394132,27629926.09673781,552598.521729825,0.041370507503728275,0.041148554693563,114.96879105945203,113.73848489716794,62002807.981140226,1240056.1591629295,159.23508787365532,3.1847017562920596,61339302.38074936,1226786.0471600334,157.53107839371307,3.150621566705853,"[0.428,0.523]",0.475,"[0.070,0.100]",0.093,0.0036,0.0,94,0.3402,0.032,0.7510585225290001,21,1.4390585225290002,0.005,0.0,67,0.3375,0.008,0.8811835225290001,67,1.4211835225290002,0.34124647407372066,0.33839142511154896,0.9567610035048036,0.9534762372441844,0.35195315169938335,0.33776273003699353,0.9537530356937645,0.9535671187366902
26,56,1.65,11.939,0.35,545665.2732,10913.30546,Baran:1988tw,1.031768059,0.017373288,0.0089,1.6588999999999998,1.2999999999999998,1.3088999999999997,1.0,0.0,0.0,545665.2732,10913.30546,0.20837485939560302,0.01081580015348812,0.9891841998465118,0.010934060769638624,0.0011282137595189923,0.348871786240481,4.433234524286382,1.010816973370064,0.09279956531692805,0.093938867527168,0.21643886752716798,0.46522990824663024,1.444347757212072,1.443208455001832,0.9520318583913309,0.019525815437511147,27945837.906043075,558916.7579160044,0.041370507503728275,0.041148554693563,123.48466397121378,122.16322759155486,67381292.90186258,1347625.8575433125,173.04806742836942,3.4609613472988583,66660230.958739564,1333204.6186861382,171.19624223505775,3.4239248434462004,"[0.428,0.523]",0.475,"[0.070,0.100]",0.093,0.0036,0.0,96,0.3474,0.032,0.7510585225290001,21,1.4390585225290002,0.005,0.0,69,0.34750000000000003,0.008,0.8811835225290001,70,1.4451835225290002,0.348399191728582,0.34839142511154897,0.9548073769472699,0.9520103535375275,0.35195315169938335,0.35055218470530436,0.9537530356937645,0.9516886071637807
26,56,1.65,11.939,0.36,546227.8153,10924.55631,Baran:1988tw,1.006905882,0.017172322,0.0089,1.6588999999999998,1.29,1.2989,1.0,0.0,0.0,546227.8153,10924.55631,0.20837485939560302,0.01081580015348812,0.9891841998465118,0.010934060769638624,0.0011282137595189923,0.358871786240481,4.433234524286382,1.010816973370064,0.09208572250679785,0.09322117429218316,0.22282117429218315,0.472039377904199,1.463827060022202,1.4626916082368169,0.9503263427639937,0.01950808884814637,28000068.051356133,560001.3612321658,0.04137050750372829,0.04114855469356301,132.65945961939025,131.23984174613094,72462286.8067781,1449245.7366662,186.09703306845515,3.7219406627318827,71686852.03730685,1433737.041271096,184.10556804166794,3.6821113621815544,"[0.428,0.523]",0.475,"[0.070,0.100]",0.093,0.0036,0.0,99,0.35819999999999996,0.032,0.7510585225290001,22,1.471058522529,0.005,0.0,71,0.3575,0.008,0.8811835225290001,72,1.4611835225290002,0.3591264418119806,0.3583914251115489,0.9514309359090912,0.9505064801055351,0.364295049097244,0.3590784878175116,0.9495749604655707,0.950401769440518
26,56,1.65,11.939,0.37,548251.7944,10965.03589,Baran:1988tw,1.003188691,0.016634692,0.0089,1.6588999999999998,1.2799999999999998,1.2888999999999997,1.0,0.0,0.0,548251.7944,10965.03589,0.20837485939560302,0.01081580015348812,0.9891841998465118,0.010934060769638624,0.0011282137595189923,0.368871786240481,4.433234524286382,1.010816973370064,0.09137187969666763,0.09250348105719827,0.22940348105719827,0.4789608345754361,1.4833063628323324,1.4821747614718017,0.9485580615071013,0.019467756988818214,28162042.227818128,563240.8446590964,0.041370507503728275,0.041148554693563,142.53760316809434,141.0122771216177,78146496.70638284,1562929.934412732,200.69517293223646,4.0139034593768566,77310233.96435697,1546204.6795691638,198.5474900199971,3.9709498011242346,"[0.428,0.523]",0.475,"[0.070,0.100]",0.093,0.0036,0.0,102,0.369,0.032,0.7510585225290001,22,1.471058522529,0.005,0.0,73,0.3675,0.008,0.8811835225290001,75,1.4851835225290002,0.3698515014101105,0.36839142511154893,0.9473813073320312,0.9489649980364605,0.364295049097244,0.37186794248582244,0.9495749604655707,0.9484203600743675
26,56,1.65,11.939,0.38,538501.0722,10770.02144,Baran:1988tw,0.967500395,0.016898759,0.0089,1.6588999999999998,1.27,1.2789,1.0,0.0,0.0,538501.0722,10770.02144,0.20837485939560302,0.01081580015348812,0.9891841998465118,0.010934060769638624,0.0011282137595189923,0.378871786240481,4.433234524286382,1.010816973370064,0.09065803688653742,0.09178578782221344,0.23618578782221344,0.48598949353068677,1.5027856656424625,1.5016579147067866,0.9467261395983384,0.019406894650764683,27747925.770225257,554958.5151983928,0.04137050750372828,0.041148554693563,153.166111807086,151.5270477665508,82480115.4328209,1649602.3080437535,211.82473595017564,4.236494717430073,81597477.68958822,1631949.5531856562,209.55795315145124,4.191159061472423,"[0.428,0.523]",0.475,"[0.070,0.100]",0.093,0.0036,0.0,105,0.37979999999999997,0.032,0.7510585225290001,23,1.503058522529,0.005,0.0,75,0.3775,0.008,0.8811835225290001,77,1.5011835225290002,0.38057437186429155,0.37839142511154894,0.9424420017509815,0.9473862960381771,0.37652109891016783,0.38039424559802965,0.9444312726655758,0.9470656714168144
26,56,1.65,11.939,0.39,525288.3604,10505.76721,Baran:1988tw,0.946146988,0.015838919,0.0089,1.6588999999999998,1.2599999999999998,1.2688999999999997,1.0,0.0,0.0,525288.3604,10505.76721,0.20837485939560302,0.01081580015348812,0.9891841998465118,0.010934060769638624,0.0011282137595189923,0.388871786240481,4.433234524286382,1.010816973370064,0.08994419407640719,0.09106809458722856,0.24316809458722857,0.4931207707927426,1.5222649684525928,1.5211410679417714,0.9448296985866428,0.01932744987754475,27178358.434668448,543567.1687968487,0.041370507503728275,0.041148554693563,164.59471900501953,162.833354940866,86459690.07664543,1729193.801862098,222.04504594487656,4.440900919742953,85534466.03531875,1710689.3210320415,219.66889337500768,4.393377868336528,"[0.428,0.523]",0.475,"[0.070,0.100]",0.093,0.0036,0.0,108,0.3906,0.032,0.7510585225290001,24,1.535058522529,0.005,0.0,77,0.3875,0.008,0.8811835225290001,79,1.5171835225290002,0.39129505451450086,0.38839142511154895,0.936292125473379,0.9457707702037127,0.38863450338107597,0.38892054871023685,0.937954510516015,0.9456842708081497
26,56,1.65,11.939,0.4,509476.4514,10189.52903,Baran:1988tw,0.987288026,0.01711561,0.0089,1.6588999999999998,1.25,1.2589,1.0,0.0,0.0,509476.4514,10189.52903,0.20837485939560302,0.01081580015348812,0.9891841998465118,0.010934060769638624,0.0011282137595189923,0.39887178624048103,4.433234524286382,1.010816973370064,0.08923035126627699,0.09035040135224372,0.25035040135224373,0.5003502786571061,1.541744271262723,1.5406242211767562,0.9428678568912795,0.019231245571271028,26492119.27079187,529842.3855198348,0.04137050750372828,0.041148554693563,176.8760046308386,174.98321584483682,90114159.17712961,1802283.1838963442,231.43042262852873,4.628608453479077,89149827.86318772,1782996.5576137207,228.95383509137133,4.579076702726208,"[0.428,0.523]",0.475,"[0.070,0.100]",0.093,0.0036,0.0,110,0.3978,0.032,0.7510585225290001,24,1.535058522529,0.005,0.0,79,0.3975,0.008,0.8811835225290001,82,1.5411835225290003,0.39844096149575137,0.39839142511154896,0.93128503982645,0.9441188237741635,0.38863450338107597,0.40171000337854773,0.937954510516015,0.9435626339593445
26,56,1.65,11.939,0.41,491850.3089,9837.006177,Baran:1988tw,0.906779953,0.038629639,0.0089,1.6588999999999998,1.24,1.2489,1.0,0.0,0.0,491850.3089,9837.006177,0.20837485939560302,0.01081580015348812,0.9891841998465118,0.010934060769638624,0.0011282137595189923,0.408871786240481,4.433234524286382,1.010816973370064,0.08851650845614677,0.08963270811725886,0.25773270811725885,0.5076738205947386,1.5612235740728533,1.5601073744117413,0.9408397301137558,0.01911998229813553,25724412.35722077,514488.247092114,0.04137050750372829,0.04114855469356301,190.0655312483449,188.03159845512525,93483790.25574104,1869675.8049247554,240.08428070972568,4.801685613706389,92483399.78311412,1849667.9954742505,237.5150863457354,4.750301726431807,"[0.428,0.523]",0.475,"[0.070,0.100]",0.093,0.0036,0.0,113,0.40859999999999996,0.032,0.7510585225290001,25,1.5670585225290001,0.005,0.0,81,0.40750000000000003,0.008,0.8811835225290001,84,1.5571835225290003,0.409158000779982,0.40839142511154897,0.9218670702014218,0.9424308668992452,0.4006383198897826,0.41023630649075493,0.9295625893221335,0.9421155573615458
26,56,1.65,11.939,0.42,473287.0567,9465.741134,Baran:1988tw,1.016296544,0.042468941,0.0089,1.6588999999999998,1.23,1.2389,1.0,0.0,0.0,473287.0567,9465.741134,0.20837485939560302,0.01081580015348812,0.9891841998465118,0.010934060769638624,0.0011282137595189923,0.418871786240481,4.433234524286382,1.010816973370064,0.08780266564601656,0.088915014882274,0.265315014882274,0.5150873856757453,1.5807028768829836,1.5795905276467261,0.9387444313628055,0.018995242027881495,24916084.56503488,498321.6913006976,0.04137050750372827,0.041148554693562996,204.22198690760663,202.03656278814796,96655623.09692708,1933112.4619385416,248.23015502787644,4.964603100557529,95621290.1477873,1912425.802955746,245.57378988233356,4.911475797646671,"[0.428,0.523]",0.475,"[0.070,0.100]",0.093,0.0036,0.0,116,0.4194,0.032,0.7510585225290001,25,1.5670585225290001,0.005,0.0,83,0.4175,0.008,0.8811835225290001,87,1.5811835225290003,0.4198728558268101,0.4183914251115489,0.9090772318239191,0.9407073163957255,0.4006383198897826,0.42302576115906576,0.9295625893221335,0.9398966129152089
26,56,1.65,11.939,0.43,454405.919,9088.118381,Baran:1988tw,0.999106704,0.044233579,0.0089,1.6588999999999998,1.22,1.2288999999999999,1.0,0.0,0.0,454405.919,9088.118381,0.20837485939560302,0.01081580015348812,0.9891841998465118,0.010934060769638624,0.0011282137595189923,0.428871786240481,4.433234524286382,1.010816973370064,0.08708882283588634,0.08819732164728915,0.2730973216472891,0.5225871426348807,1.6001821796931137,1.599073680881711,0.936581071592676,0.018858492577777507,24095558.917336974,481911.17839976604,0.04137050750372828,0.041148554693563,219.40733477687397,217.05940893074822,99699991.59462607,1993999.8321119288,256.0486764954581,5.120973530472642,98633080.19277345,1972661.6040725284,253.3086436427672,5.066172873412794,"[0.428,0.523]",0.475,"[0.070,0.100]",0.093,0.0036,0.0,119,0.43019999999999997,0.032,0.7510585225290001,26,1.599058522529,0.005,0.0,85,0.4275,0.008,0.8811835225290001,89,1.597183522529,0.430585527971175,0.42839142511154893,0.89073227302778,0.9389485955039912,0.4125354699649316,0.43155206427127285,0.9182754605958775,0.9383854813335245
26,56,1.65,11.939,0.44,435688.1999,8713.763997,Baran:1988tw,0.973173017,0.019004416,0.0089,1.6588999999999998,1.21,1.2188999999999999,1.0,0.0,0.0,435688.1999,8713.763997,0.20837485939560302,0.01081580015348812,0.9891841998465118,0.010934060769638624,0.0011282137595189923,0.438871786240481,4.433234524286382,1.010816973370064,0.08637498002575612,0.08747962841230429,0.28107962841230427,0.53016943368352,1.619661482503244,1.6185568341166958,0.9343487599549353,0.01871109256516737,23285021.88648666,465700.43767628894,0.041370507503728275,0.041148554693563,235.68696998012314,233.16483219938692,102686031.69052519,2053720.6335748169,263.71739945409223,5.274347988476555,101587166.02093644,2031743.320185564,260.8953019208397,5.217906037817982,"[0.523,0.609]",0.57,"[0.070,0.100]",0.093,0.0036,0.0,121,0.4374,0.06,0.6517835225290001,16,1.641783522529,0.005,0.0,87,0.4375,0.008,0.8811835225290001,92,1.621183522529,0.4386697426401227,0.43839142511154894,0.9490953731972853,0.9371551336429981,0.46411194092349695,0.4443415189395837,0.9390682295413155,0.9360717000835721
26,56,1.65,11.939,0.45,417420.7453,8348.414905,Baran:1988tw,0.96305707,0.02026732,0.0089,1.6588999999999998,1.2,1.2088999999999999,1.0,0.0,0.0,417420.7453,8348.414905,0.20837485939560302,0.01081580015348812,0.9891841998465118,0.010934060769638624,0.0011282137595189923,0.448871786240481,4.433234524286382,1.010816973370064,0.0856611372156259,0.08676193517731942,0.28926193517731946,0.5378307681579025,1.6391407853133741,1.6380399873516807,0.932046604164014,0.01855429670336857,22497255.05490146,449945.10104413325,0.04137050750372828,0.041148554693563,253.12988402839656,250.42108581186707,105661664.84883586,2113233.296723587,271.35939540349324,5.4271879074197775,104530956.27842481,2090619.125318075,268.45551920124666,5.369110383381803,"[0.523,0.609]",0.57,"[0.070,0.100]",0.093,0.0036,0.0,124,0.4482,0.06,0.6517835225290001,16,1.641783522529,0.005,0.0,89,0.4475,0.008,0.8811835225290001,94,1.6371835225290001,0.4493785875038725,0.44839142511154895,0.9453733427421462,0.9353273661638494,0.46411194092349695,0.45286782205179094,0.9390682295413155,0.9344981858965538
26,56,1.65,11.939,0.46,399775.4635,7995.50927,Baran:1988tw,0.995558848,0.020661598,0.0089,1.6588999999999998,1.19,1.1988999999999999,1.0,0.0,0.0,399775.4635,7995.50927,0.20837485939560302,0.01081580015348812,0.9891841998465118,0.010934060769638624,0.0011282137595189923,0.458871786240481,4.433234524286382,1.010816973370064,0.08494729440549569,0.08604424194233458,0.2976442419423346,0.545567816080031,1.6586200881235045,1.6575231405866655,0.9296737108766893,0.01838926130334913,21739615.143061303,434792.302861226,0.04137050750372829,0.04114855469356301,271.80883725786805,268.9001514801016,108662503.89816028,2173250.077963205,279.0661249093443,5.581322498186884,107499682.69317783,2149993.6538635567,276.079777310167,5.52159554620334,"[0.523,0.609]",0.57,"[0.070,0.100]",0.093,0.0036,0.0,127,0.45899999999999996,0.06,0.6517835225290001,16,1.641783522529,0.005,0.0,91,0.4575,0.008,0.8811835225290001,97,1.6611835225290001,0.4600852531356594,0.45839142511154896,0.9409527248948374,0.9334657341022491,0.46411194092349695,0.46565727672010176,0.9390682295413155,0.9320921124469791
26,56,1.65,11.939,0.47,382864.8673,7657.297347,Baran:1988tw,0.961174637,0.020947339,0.0089,1.6588999999999998,1.18,1.1888999999999998,1.0,0.0,0.0,382864.8673,7657.297347,0.20837485939560302,0.01081580015348812,0.9891841998465118,0.010934060769638624,0.0011282137595189923,0.468871786240481,4.433234524286382,1.010816973370064,0.08423345159536548,0.08532654870734971,0.30622654870734967,0.5533774016955785,1.6780993909336346,1.6770062938216503,0.9272291860857068,0.01821704986817755,21016842.467385866,420336.8494026109,0.04137050750372827,0.041148554693562996,291.80053971419176,288.6779183587793,111720174.9157424,2234403.4986066488,286.9188097961565,5.7383761966725295,110524632.90487428,2210492.6583861634,283.8484288996149,5.6769685787336766,"[0.523,0.609]",0.57,"[0.070,0.100]",0.093,0.0036,0.0,130,0.4698,0.06,0.6517835225290001,17,1.7017835225290001,0.005,0.0,93,0.4675,0.008,0.8811835225290001,99,1.6771835225290002,0.4707897408653636,0.46839142511154896,0.9356213691930784,0.9315706839300716,0.4853433537024291,0.47418357983230897,0.9263329209901092,0.9304579350632115
26,56,1.65,11.939,0.48,366678.575,7333.5715,Baran:1988tw,0.98451348,0.021926561,0.0089,1.6588999999999998,1.17,1.1788999999999998,1.0,0.0,0.0,366678.575,7333.5715,0.20837485939560302,0.01081580015348812,0.9891841998465118,0.010934060769638624,0.0011282137595189923,0.478871786240481,4.433234524286382,1.010816973370064,0.08351960878523526,0.08460885547236485,0.31500885547236485,0.5612564970424528,1.697578693743765,1.6964894470566354,0.9247121355277297,0.018038638688787086,20327397.27903799,406547.9455807598,0.041370507503728275,0.041148554693563,313.1858409513471,309.8343708131309,114838537.8702166,2296770.7574043316,294.92736320278107,5.89854726405562,113609625.57578042,2272192.5115156085,291.77128102577575,5.835425620515515,"[0.523,0.609]",0.57,"[0.070,0.100]",0.093,0.0036,0.0,133,0.48059999999999997,0.06,0.6517835225290001,17,1.7017835225290001,0.005,0.0,95,0.47750000000000004,0.008,0.8811835225290001,101,1.6931835225290002,0.48149205202150114,0.478391425111549,0.9290713047815848,0.9296426673062889,0.4853433537024291,0.4827098829445162,0.9263329209901092,0.9287999835369647
26,56,1.65,11.939,0.49,351222.7783,7024.455566,Baran:1988tw,0.985129728,0.017367894,0.0089,1.6588999999999998,1.16,1.1688999999999998,1.0,0.0,0.0,351222.7783,7024.455566,0.20837485939560302,0.01081580015348812,0.9891841998465118,0.010934060769638624,0.0011282137595189923,0.488871786240481,4.433234524286382,1.010816973370064,0.08280576597510504,0.08389116223738,0.32399116223738,0.5692022155942298,1.717057996553895,1.7159726002916202,0.9221216651057904,0.01785492236827662,19670921.612296008,393418.4322459202,0.04137050750372828,0.041148554693563,336.0499292440463,332.453785499521,118028389.79661237,2360567.7959322473,303.11951398340506,6.062390279668102,116765342.19949403,2335306.8439898803,299.8757658103074,5.997515316206147,"[0.523,0.609]",0.57,"[0.070,0.100]",0.093,0.0036,0.0,135,0.4878,0.06,0.6517835225290001,17,1.7017835225290001,0.005,0.0,97,0.4875,0.008,0.8811835225290001,104,1.717183522529,0.48862571757349826,0.4883914251115489,0.9238073641494114,0.9276821408274921,0.4853433537024291,0.4954993376128269,0.9263329209901092,0.9262691027658244
26,56,1.65,11.939,0.5,336464.024,6729.280479,Baran:1988tw,0.995648795,0.029453372,0.0089,1.6588999999999998,1.15,1.1588999999999998,1.0,0.0,0.0,336464.024,6729.280479,0.20837485939560302,0.01081580015348812,0.9891841998465118,0.010934060769638624,0.0011282137595189923,0.498871786240481,4.433234524286382,1.010816973370064,0.08209192316497482,0.08317346900239514,0.33317346900239514,0.5772118060143911,1.7365372993640253,1.735455753526605,0.9194568813264113,0.017666719217994082,19045076.782411378,380901.535591624,0.04137050750372828,0.041148554693563,360.48254074602454,356.6249382854897,121289406.24115136,2425788.124462545,311.49442887857487,6.229888576645709,119991461.79428752,2399829.2355291257,308.1610589106477,6.163221177297073,"[0.523,0.609]",0.57,"[0.070,0.100]",0.093,0.0036,0.0,138,0.4986,0.06,0.6517835225290001,18,1.761783522529,0.005,0.0,99,0.4975,0.008,0.8811835225290001,106,1.733183522529,0.4993244040556135,0.49839142511154894,0.9140669476915962,0.92568956577824,0.5062627463659387,0.5040256407250341,0.9061469933982044,0.9245529658885352
26,56,1.65,11.939,0.51,322345.7035,6446.91407,Baran:1988tw,0.998927538,0.029502487,0.0089,1.6588999999999998,1.14,1.1488999999999998,1.0,0.0,0.0,322345.7035,6446.91407,0.20837485939560302,0.01081580015348812,0.9891841998465118,0.010934060769638624,0.0011282137595189923,0.508871786240481,4.433234524286382,1.010816973370064,0.0813780803548446,0.08245577576741027,0.34255577576741025,0.585282646050103,1.7560166021741557,1.75493890676159,0.9167168917515494,0.0174747764822532,18446342.007714007,368926.84015428013,0.04137050750372829,0.04114855469356301,386.5781791623802,382.441321571331,124611815.1198465,2492236.30239693,320.0270113047152,6.400540226094304,123278316.84938042,2465566.336987608,316.6023323072475,6.332046646144949,"[0.523,0.609]",0.57,"[0.070,0.100]",0.093,0.0036,0.0,141,0.5094,0.06,0.6517835225290001,18,1.761783522529,0.005,0.0,101,0.5075000000000001,0.008,0.8811835225290001,109,1.757183522529,0.5100209175002774,0.508391425111549,0.9011603332733427,0.9236654078814673,0.5062627463659387,0.5168150953933449,0.9061469933982044,0.9219361618855271
26,56,1.65,11.939,0.52,308858.413,6177.16826,Baran:1988tw,0.981032043,0.031276467,0.0089,1.6588999999999998,1.13,1.1388999999999998,1.0,0.0,0.0,308858.413,6177.16826,0.20837485939560302,0.01081580015348812,0.9891841998465118,0.010934060769638624,0.0011282137595189923,0.518871786240481,4.433234524286382,1.010816973370064,0.0806642375447144,0.08173808253242541,0.35213808253242546,0.5934122365880447,1.7754959049842858,1.7744220599965748,0.9139008054655038,0.01727977535996568,17873983.1141308,357479.662282616,0.041370507503728275,0.041148554693563,414.4363465428268,410.00137261357605,128002152.28273553,2560043.045654711,328.7340465767011,6.574680931534022,126632373.27325076,2532647.4654650153,325.2161916916587,6.504323833833174,"[0.523,0.609]",0.57,"[0.070,0.100]",0.093,0.0036,0.0,144,0.5202,0.06,0.6517835225290001,18,1.761783522529,0.005,0.0,103,0.5175,0.008,0.8811835225290001,111,1.773183522529,0.5207152592310607,0.5183914251115489,0.8832585282403997,0.9216101370491753,0.5062627463659387,0.5253413985055522,0.9061469933982044,0.9201636540560428
26,56,1.65,11.939,0.53,295887.2318,5917.744636,Baran:1988tw,0.990242121,0.025584071,0.0089,1.6588999999999998,1.1199999999999999,1.1288999999999998,1.0,0.0,0.0,295887.2318,5917.744636,0.20837485939560302,0.01081580015348812,0.9891841998465118,0.010934060769638624,0.0011282137595189923,0.528871786240481,4.433234524286382,1.010816973370064,0.07995039473458417,0.08102038929744056,0.3619203892974406,0.6015981958894496,1.794975207794416,1.7939052132315596,0.9110077335569143,0.017082335800981258,17321239.62713597,346424.7925427194,0.04137050750372828,0.041148554693563,444.16178584449364,439.4087134920758,131421801.28487165,2628436.025697433,337.5163602667171,6.750327205334342,130015427.86396961,2600308.5572793926,333.9045239232949,6.678090478465899,"[0.523,0.609]",0.57,"[0.070,0.100]",0.093,0.0036,0.0,146,0.5274,0.06,0.6517835225290001,19,1.821783522529,0.005,0.0,105,0.5275,0.008,0.8811835225290001,114,1.797183522529,0.5278436145302194,0.5283914251115489,0.8669137376711793,0.9195242271336311,0.5268834839732989,0.538130853173863,0.8693912437440237,0.9174636732774252
26,56,1.65,11.939,0.54,283447.3858,5668.947716,Baran:1988tw,0.96314171,0.039866305,0.0089,1.6588999999999998,1.1099999999999999,1.1188999999999998,1.0,0.0,0.0,283447.3858,5668.947716,0.20837485939560302,0.01081580015348812,0.9891841998465118,0.010934060769638624,0.0011282137595189923,0.538871786240481,4.433234524286382,1.010816973370064,0.07923655192445396,0.0803026960624557,0.37190269606245574,0.6098382540169612,1.8144545106045462,1.8133883664665444,0.9080367896159609,0.016883021062754893,16788901.983028643,335778.0396605729,0.04137050750372828,0.041148554693563,475.8647359580649,470.7724034070498,134882615.40172076,2697652.308034415,346.4043938567197,6.928087877134392,133439207.05251127,2668784.1410502256,342.69744472316023,6.853948894463205,"[0.609,0.702]",0.649,"[0.070,0.100]",0.093,0.0036,0.0,149,0.5382,0.018,0.5554825225290001,69,1.806482522529,0.005,0.0,107,0.5375,0.008,0.8811835225290001,116,1.813183522529,0.5394479653716076,0.5383914251115489,0.9339285404411707,0.9174081556792908,0.5542696367541396,0.5466571562860703,0.9252346133556644,0.9156366410189755
26,56,1.65,11.939,0.55,271568.9681,5431.379362,Baran:1988tw,0.957399521,0.039768903,0.0089,1.6588999999999998,1.0999999999999999,1.1088999999999998,1.0,0.0,0.0,271568.9681,5431.379362,0.20837485939560302,0.01081580015348812,0.9891841998465118,0.010934060769638624,0.0011282137595189923,0.548871786240481,4.433234524286382,1.010816973370064,0.07852270911432374,0.07958500282747084,0.3820850028274709,0.6181302474620304,1.8339338134146765,1.8328715197015293,0.9049870902468615,0.016682342019327966,16278827.504277479,325576.5500855496,0.04137050750372828,0.041148554693563,509.66119993986393,504.2072040407606,138408166.14827663,2768163.3229655325,355.4586835124659,7.109173670249318,136927030.1099355,2738540.6021987097,351.6548424462705,7.0330968489254095,"[0.609,0.702]",0.649,"[0.070,0.100]",0.093,0.0036,0.0,152,0.5489999999999999,0.018,0.5554825225290001,70,1.824482522529,0.005,0.0,109,0.5475,0.008,0.8811835225290001,118,1.829183522529,0.5501363370739369,0.5483914251115489,0.9279059271905588,0.9152624036756581,0.5602874834403583,0.5551834593982775,0.9209297824750211,0.9137883223817108
26,56,1.65,11.939,0.56,260128.9465,5202.57893,Baran:1988tw,1.034102523,0.042671145,0.0089,1.6588999999999998,1.0899999999999999,1.0988999999999998,1.0,0.0,0.0,260128.9465,5202.57893,0.20837485939560302,0.01081580015348812,0.9891841998465118,0.010934060769638624,0.0011282137595189923,0.5588717862404811,4.433234524286382,1.010816973370064,0.07780886630419352,0.07886730959248599,0.39246730959248605,0.6264721139783367,1.8534131162248066,1.8523546729365143,0.9018577555957455,0.016480761219725963,15783794.3910412,315675.887820824,0.04137050750372828,0.041148554693563,545.6732272453336,539.8338587707515,141945401.7365837,2838908.034731674,364.5429820801247,7.290859641602494,140426412.96706536,2808528.259341307,360.64192794936787,7.212838558987357,"[0.609,0.702]",0.649,"[0.070,0.100]",0.093,0.0036,0.0,155,0.5598,0.018,0.5554825225290001,72,1.860482522529,0.005,0.0,111,0.5575,0.008,0.8811835225290001,121,1.853183522529,0.560822542016659,0.5583914251115489,0.9205205060586845,0.9130874553112919,0.5722512542008388,0.5679729140665883,0.9105222367217566,0.9109765924449423
26,56,1.65,11.939,0.57,249194.1361,4983.882722,Baran:1988tw,0.979156267,0.044142291,0.0089,1.6588999999999998,1.08,1.0889,1.0,0.0,0.0,249194.1361,4983.882722,0.20837485939560302,0.01081580015348812,0.9891841998465118,0.010934060769638624,0.0011282137595189923,0.568871786240481,4.433234524286382,1.010816973370064,0.07709502349406332,0.07814961635750114,0.40304961635750114,0.6348618876239943,1.8728924190349368,1.871837826171499,0.8986479098939636,0.016278696696925297,15307990.605111988,306159.81210223975,0.04137050750372829,0.04114855469356301,584.0292108165844,577.7793865781961,145536654.64660352,2910733.0929320706,373.76600747725627,7.475320149545125,143979235.0947415,2879584.7018948304,369.7662557358136,7.3953251147162735,"[0.609,0.702]",0.649,"[0.070,0.100]",0.093,0.0036,0.0,158,0.5706,0.018,0.5554825225290001,73,1.878482522529,0.005,0.0,113,0.5675,0.008,0.8811835225290001,123,1.869183522529,0.5715065815169993,0.5683914251115489,0.9112564974789306,0.9108837977291594,0.5781977456884883,0.5764992171787955,0.9041524728734229,0.909076380201913
26,56,1.65,11.939,0.58,238667.4093,4773.348185,Baran:1988tw,1.055862637,0.048184208,0.0089,1.6588999999999998,1.0699999999999998,1.0788999999999997,1.0,0.0,0.0,238667.4093,4773.348185,0.20837485939560302,0.01081580015348812,0.9891841998465118,0.010934060769638624,0.0011282137595189923,0.578871786240481,4.433234524286382,1.010816973370064,0.07638118068393308,0.07743192312251627,0.41383192312251627,0.6432976940130567,1.8923717218450669,1.8913209794064838,0.895356682016876,0.01607652553169256,14845708.348455112,296914.1669068998,0.04137050750372829,0.04114855469356301,624.864199938712,618.1773915562721,149134719.7636896,2982694.3946489277,383.0065279270496,7.66013055693622,147538796.53056717,2950775.9299931657,378.9078913565388,7.578157825543177,"[0.609,0.702]",0.649,"[0.070,0.100]",0.093,0.0036,0.0,160,0.5778,0.018,0.5554825225290001,74,1.896482522529,0.005,0.0,115,0.5775,0.008,0.8811835225290001,126,1.8931835225290001,0.5786280721435446,0.578391425111549,0.9036533786445884,0.9086519207835361,0.5841210102775628,0.5892886718471063,0.8967558794336932,0.9061882358858181
26,56,1.65,13.539,0.01,0.0,0.0,Baran:1988tw,#DIV/0!,#DIV/0!,0.0089,1.6588999999999998,1.64,1.6488999999999998,1.0,0.0,0.0,0.0,0.0,0.23630012742751225,0.013894603034727133,0.9861053969652729,0.014090383317531372,0.0014490866616871934,0.008550913338312807,4.433234524286382,1.010816973370064,0.15039518324788645,0.15202697709975135,0.15212697709975134,0.3900345844918773,0.7487264992811136,0.7470947054292487,0.9725740882802956,-0.006293958428744125,-0.0,-0.0,0.02498975707753998,0.0248556870082229,39.39166492559079,38.97012610923911,0.0,0.0,0.0,0.0,0.0,0.0,0.0,0.0,"[0.340,0.428]",0.38,"[0.145,0.206]",0.16,0.0036,0.0,2,0.009,0.008,0.8322835225290001,-11,0.7482835225290001,0.005,0.0,1,0.0075,0.03,0.8141835225290001,-3,0.7391835225290001,0.010383071862229087,0.009033634600514259,0.9725717059183954,0.9725780264036697,0.006546306814271263,0.010032954161528721,0.9725837090267241,0.9725748520325592
26,56,1.65,13.539,0.02,136041.8983,2720.837966,Baran:1988tw,2.910867938,0.040428721,0.0089,1.6588999999999998,1.63,1.6388999999999998,1.0,0.0,0.0,136041.8983,2720.837966,0.23630012742751225,0.013894603034727133,0.9861053969652729,0.014090383317531372,0.0014490866616871934,0.018550913338312807,4.433234524286382,1.010816973370064,0.14947813944759447,0.151104986820779,0.151504986820779,0.38923641507543844,0.7684090030814056,0.7667821557082211,0.9725210616496125,-0.005353766404113339,-25410503.191823605,-508210.0638364721,0.02498975707753998,0.0248556870082229,39.546291955298734,39.12309844130475,5379952.628324859,107599.05256649718,13.816748908984778,0.27633497817969555,5322380.5793328695,106447.61158665738,13.668892858931457,0.2733778571786291,"[0.340,0.428]",0.38,"[0.145,0.206]",0.16,0.0036,0.0,5,0.019799999999999998,0.008,0.8322835225290001,-9,0.7642835225290001,0.005,0.0,3,0.0175,0.03,0.8141835225290001,-2,0.769183522529,0.021179805450792344,0.01903363460051426,0.9725085600032656,0.9725312678566373,0.014975929991007164,0.026019772496917202,0.9725501565841325,0.9724788376768877
26,56,1.65,13.539,0.03,318537.6077,6370.752155,Baran:1988tw,1.582230756,0.019652311,0.0089,1.6588999999999998,1.6199999999999999,1.6288999999999998,1.0,0.0,0.0,318537.6077,6370.752155,0.23630012742751225,0.013894603034727133,0.9861053969652729,0.014090383317531372,0.0014490866616871934,0.028550913338312806,4.433234524286382,1.010816973370064,0.1485610956473025,0.15018299654180664,0.15108299654180665,0.3886939625744226,0.7880915068816976,0.7864696059871934,0.9724319006292798,-0.004411406243585708,-72207724.72795074,-1444154.4947857,0.024989757077539976,0.024855687008222896,39.80698984038411,39.38100654134012,12680023.313494159,253600.4663096902,32.56472879709584,0.6512945760441488,12544331.612496532,250886.63228931167,32.216246516444045,0.6443249304300189,"[0.340,0.428]",0.38,"[0.145,0.206]",0.16,0.0036,0.0,7,0.027,0.008,0.8322835225290001,-6,0.788283522529,0.005,0.0,5,0.0275,0.03,0.8141835225290001,-1,0.799183522529,0.028376387025453198,0.02903363460051426,0.9724421632568474,0.972451200837396,0.027482415480027167,0.04200659083230574,0.9724514794551361,0.9722977238765399
26,56,1.65,13.539,0.04,514511.1709,10290.22342,Baran:1988tw,1.109791259,0.013449659,0.0089,1.6588999999999998,1.6099999999999999,1.6188999999999998,1.0,0.0,0.0,514511.1709,10290.22342,0.23630012742751225,0.013894603034727133,0.9861053969652729,0.014090383317531372,0.0014490866616871934,0.03855091333831281,4.433234524286382,1.010816973370064,0.14764405184701052,0.1492610062628343,0.1508610062628343,0.3884082983959461,0.8077740106819895,0.8061570562661657,0.9723059555764436,-0.0034705062555909754,-148252483.35775912,-2965049.667731467,0.024989757077539965,0.024855687008222885,40.176741192348615,39.74680110326932,20671382.15382155,413427.64315678447,53.08806908769219,1.061761381960207,20450173.17517251,409003.4635829438,52.51996205672779,1.0503992413387104,"[0.340,0.428]",0.38,"[0.145,0.206]",0.16,0.0036,0.0,10,0.0378,0.008,0.8322835225290001,-4,0.804283522529,0.005,0.0,7,0.0375,0.03,0.8141835225290001,-1,0.799183522529,0.03916939918721596,0.039033634600514254,0.9723054342644638,0.972337841798948,0.03573086166020922,0.04200659083230574,0.9723538922836124,0.9722977238765399
26,56,1.65,13.539,0.05,745441.3834,14908.82767,Baran:1988tw,0.893430409,0.008223316,0.0089,1.6588999999999998,1.5999999999999999,1.6088999999999998,1.0,0.0,0.0,745441.3834,14908.82767,0.23630012742751225,0.013894603034727133,0.9861053969652729,0.014090383317531372,0.0014490866616871934,0.04855091333831281,4.433234524286382,1.010816973370064,0.1467270080467185,0.14833901598386193,0.15083901598386193,0.3883799891650726,0.8274565144822816,0.8258445065451382,0.9721425691444954,-0.0025347141129991994,-294092883.9181618,-5881857.67915228,0.024989757077539976,0.024855687008222896,40.65903303635829,40.22393183683992,30308925.834329225,606178.5167679025,77.8391273836105,1.5567825478810504,29984583.39424125,599691.6679652729,77.00615386789048,1.5401230775644152,"[0.340,0.428]",0.38,"[0.145,0.206]",0.16,0.0036,0.0,13,0.0486,0.008,0.8322835225290001,-1,0.8282835225290001,0.005,0.0,9,0.0475,0.03,0.8141835225290001,0,0.8291835225290001,0.0499601803391414,0.049033634600514256,0.9721229623930505,0.972191214028537,0.047974191392198606,0.057993409167694285,0.9721600566725257,0.9720316057139479
26,56,1.65,13.539,0.06,938047.0104,18760.94021,Baran:1988tw,0.800599535,0.006865328,0.0089,1.6588999999999998,1.5899999999999999,1.5988999999999998,1.0,0.0,0.0,938047.0104,18760.94021,0.23630012742751225,0.013894603034727133,0.9861053969652729,0.014090383317531372,0.0014490866616871934,0.058550913338312804,4.433234524286382,1.010816973370064,0.1458099642464265,0.14741702570488957,0.15101702570488956,0.38860909112485975,0.8471390182825735,0.8455319568241104,0.9719410762916049,-0.001607648687345442,-583490048.4066007,-11669800.969376067,0.02498975707753998,0.0248556870082229,41.25788528993454,40.816375641557286,38701835.95164923,774036.7191155005,99.39372827287438,1.987874565669404,38287679.14592619,765753.5830001567,98.33009426176893,1.9666018854450276,"[0.340,0.428]",0.38,"[0.145,0.206]",0.16,0.0036,0.0,16,0.0594,0.008,0.8322835225290001,1,0.8442835225290001,0.005,0.0,11,0.0575,0.03,0.8141835225290001,1,0.8591835225290001,0.06074873186416596,0.05903363460051426,0.9718929839713981,0.9720113476356914,0.056052662209821524,0.07398022750308282,0.9719990679473716,0.9716806228013816
26,56,1.65,13.539,0.07,1078653.901,21573.07802,Baran:1988tw,0.761133853,0.006359779,0.0089,1.6588999999999998,1.5799999999999998,1.5888999999999998,1.0,0.0,0.0,1078653.901,21573.07802,0.23630012742751225,0.013894603034727133,0.9861053969652729,0.014090383317531372,0.0014490866616871934,0.06855091333831281,4.433234524286382,1.010816973370064,0.14489292044613453,0.14649503542591724,0.15139503542591723,0.38909514957901653,0.8668215220828656,0.8652194071030829,0.9717008042938818,-0.0006928522209084718,-1556831122.7835321,-31136622.455670644,0.024989757077539976,0.024855687008222896,41.977880536442605,41.52866606156042,45279604.59634579,905592.0919269158,116.2866981601322,2.3257339632026444,44795057.650628455,895901.1530125692,115.04228878590386,2.3008457757180776,"[0.340,0.428]",0.38,"[0.145,0.206]",0.16,0.0036,0.0,19,0.0702,0.008,0.8322835225290001,4,0.8682835225290001,0.005,0.0,13,0.0675,0.03,0.8141835225290001,1,0.8591835225290001,0.07153505514379788,0.06903363460051426,0.9716132205569286,0.9717982795367756,0.06804877882077054,0.07398022750308282,0.971709257295956,0.9716806228013816
26,56,1.65,13.539,0.08,1164060.945,23281.2189,Baran:1988tw,0.751678856,0.009020146,0.0089,1.6588999999999998,1.5699999999999998,1.5788999999999997,1.0,0.0,0.0,1164060.945,23281.2189,0.23630012742751225,0.013894603034727133,0.9861053969652729,0.014090383317531372,0.0014490866616871934,0.07855091333831281,4.433234524286382,1.010816973370064,0.14397587664584252,0.14557304514694486,0.15197304514694485,0.38983720339001104,0.8865040258831576,0.8849068573820553,0.9714210727633571,0.00020625584121837135,5643772016.946477,112875440.33892953,0.024989757077539983,0.024855687008222903,42.82419514996049,42.36592407741691,49849973.07512742,996999.4615025484,128.02427989280383,2.5604855978560765,49316517.61735619,986330.3523471237,126.65426409092721,2.533085281818544,"[0.340,0.428]",0.38,"[0.145,0.206]",0.16,0.0036,0.0,21,0.0774,0.008,0.8322835225290001,6,0.8842835225290001,0.005,0.0,15,0.0775,0.03,0.8141835225290001,2,0.889183522529,0.07872470009770183,0.07903363460051425,0.9713976707443374,0.9715520534360615,0.07596736723500619,0.08996704583847132,0.9714831655951927,0.9712449590979803
26,56,1.65,13.539,0.09,1197298.547,23945.97094,Baran:1988tw,0.750857004,0.008936785,0.0089,1.6588999999999998,1.5599999999999998,1.5688999999999997,1.0,0.0,0.0,1197298.547,23945.97094,0.23630012742751225,0.013894603034727133,0.9861053969652729,0.014090383317531372,0.0014490866616871934,0.0885509133383128,4.433234524286382,1.010816973370064,0.14305883284555052,0.14465105486797253,0.15275105486797252,0.3908337944292593,0.9061865296834496,0.9045943076610277,0.9711011936709748,0.0010864221031855739,1102056505.928329,22041130.118566576,0.024989757077539983,0.024855687008222903,43.802631830721594,43.33389029339665,52444827.44569892,1048896.5489139783,134.68836297502446,2.693767259500489,51883603.884141214,1037672.0776828242,133.24703336349154,2.6649406672698306,"[0.340,0.428]",0.38,"[0.100,0.145]",0.12,0.0036,0.0,24,0.0882,0.008,0.8322835225290001,9,0.908283522529,0.005,0.0,17,0.08750000000000001,0.008,0.8541835225290001,6,0.9061835225290001,0.08950731270116563,0.0886502259503857,0.971028278002846,0.9708489593173187,0.08773066594325585,0.0777104851146735,0.9710930838141212,0.9712519666421591
26,56,1.65,13.539,0.1,1185283.801,23705.67602,Baran:1988tw,0.762686539,0.00919611,0.0089,1.6588999999999998,1.5499999999999998,1.5588999999999997,1.0,0.0,0.0,1185283.801,23705.67602,0.23630012742751225,0.013894603034727133,0.9861053969652729,0.014090383317531372,0.0014490866616871934,0.09855091333831281,4.433234524286382,1.010816973370064,0.14214178904525854,0.14372906458900017,0.15372906458900018,0.3920829817640651,0.9258690334837416,0.92428175794,0.9707404713747949,0.0019445984230838935,609526258.4448084,12190525.168896167,0.024989757077539976,0.024855687008222896,44.91965361306976,44.438958581500295,53242537.77410271,1064850.755482054,136.73703590415596,2.7347407180831187,52672777.739962235,1053455.5547992447,135.27378299582233,2.7054756599164462,"[0.340,0.428]",0.38,"[0.100,0.145]",0.12,0.0036,0.0,27,0.09899999999999999,0.008,0.8322835225290001,11,0.924283522529,0.005,0.0,19,0.0975,0.008,0.8541835225290001,8,0.922183522529,0.10028770073629545,0.0986502259503857,0.9706000049383186,0.9704345511531168,0.09549850402252813,0.08623678822688066,0.9707978326420145,0.9709423944810652
26,56,1.65,13.539,0.11,1136777.481,22735.54962,Baran:1988tw,0.775877438,0.009852412,0.0089,1.6588999999999998,1.5399999999999998,1.5488999999999997,1.0,0.0,0.0,1136777.481,22735.54962,0.23630012742751225,0.013894603034727133,0.9861053969652729,0.014090383317531372,0.0014490866616871934,0.10855091333831281,4.433234524286382,1.010816973370064,0.14122474524496656,0.14280707431002782,0.15490707431002781,0.393582360262789,0.9455515372840336,0.9439692082189723,0.9703382026536067,0.0027779761130352055,409210675.23433864,8184213.504686775,0.02498975707753998,0.0248556870082229,46.1824194107588,45.68821124638084,52499134.40424789,1049982.688084958,134.82783364737412,2.6965566729474824,51937329.69205668,1038746.5938411336,133.38501152969175,2.6677002305938355,"[0.340,0.428]",0.38,"[0.100,0.145]",0.12,0.0036,0.0,30,0.1098,0.008,0.8322835225290001,13,0.940283522529,0.005,0.0,21,0.1075,0.008,0.8541835225290001,11,0.9461835225290001,0.11106586557937703,0.10865022595038569,0.9701080378085946,0.9699763046261913,0.10320840767322392,0.09902624289519149,0.9704732142018008,0.9704181127701851
26,56,1.65,13.539,0.12,1061170.785,21223.4157,Baran:1988tw,0.832099802,0.007812126,0.0089,1.6588999999999998,1.5299999999999998,1.5388999999999997,1.0,0.0,0.0,1061170.785,21223.4157,0.23630012742751225,0.013894603034727133,0.9861053969652729,0.014090383317531372,0.0014490866616871934,0.1185509133383128,4.433234524286382,1.010816973370064,0.14030770144467458,0.14188508403105546,0.15628508403105545,0.39532908320923654,0.9652340410843254,0.9636566584979445,0.9698936767461593,0.003584014389981216,296084409.6961233,5921688.1939224675,0.02498975707753997,0.024855687008222892,47.59882116747372,47.089455778308945,50510478.4233627,1010209.5684672542,129.72058415049577,2.5944116830099158,49969954.75349089,999399.0950698178,128.33241582599004,2.5666483165198013,"[0.340,0.428]",0.38,"[0.100,0.145]",0.12,0.0036,0.0,32,0.11699999999999999,0.008,0.8322835225290001,16,0.9642835225290001,0.005,0.0,23,0.11750000000000001,0.008,0.8541835225290001,13,0.9621835225290001,0.11825007438040558,0.1186502259503857,0.9697418618569614,0.9694743444045131,0.11466741736890318,0.10755254600739872,0.9699284505606576,0.9700287436106534
26,56,1.65,13.539,0.13,967624.5752,19352.4915,Baran:1988tw,0.840201893,0.008402019,0.0089,1.6588999999999998,1.52,1.5289,1.0,0.0,0.0,967624.5752,19352.4915,0.23630012742751225,0.013894603034727133,0.9861053969652729,0.014090383317531372,0.0014490866616871934,0.1285509133383128,4.433234524286382,1.010816973370064,0.1393906576443826,0.14096309375208313,0.15786309375208313,0.39731988844265415,0.9849165448846173,0.9833441087769168,0.9694061753962193,0.004360462569558081,221908698.8512014,4438173.976106694,0.024989757077539972,0.024855687008222892,49.17752268366094,48.65126326450877,47585379.496165775,951707.5897266056,122.20836978670411,2.4441673952288934,47076157.94926366,941523.1587906682,120.900591310078,2.418011825701777,"[0.340,0.428]",0.38,"[0.100,0.145]",0.12,0.0036,0.0,35,0.1278,0.008,0.8322835225290001,18,0.9802835225290001,0.005,0.0,25,0.1275,0.008,0.8541835225290001,16,0.9861835225290001,0.1290245369579779,0.1286502259503857,0.96913031527449,0.9689288068455764,0.12223797237558098,0.12034200067570955,0.9695245366720927,0.9693851103696425
26,56,1.65,13.539,0.14,864442.4676,17288.84935,Baran:1988tw,0.931236063,0.012493602,0.0089,1.6588999999999998,1.5099999999999998,1.5188999999999997,1.0,0.0,0.0,864442.4676,17288.84935,0.23630012742751225,0.013894603034727133,0.9861053969652729,0.014090383317531372,0.0014490866616871934,0.13855091333831282,4.433234524286382,1.010816973370064,0.13847361384409057,0.14004110347311077,0.15964110347311078,0.3995511274832181,1.0045990486849097,1.0030315590558894,0.9688749729036694,0.005105375742351224,169320048.3617863,3386400.966843982,0.024989757077539983,0.024855687008222903,50.928000194140154,50.38300853253996,44024326.15775579,880486.5230532599,113.06290267436029,2.26125805322562,43553212.2209807,871064.244318848,111.85299184026218,2.2370598365464573,"[0.340,0.428]",0.38,"[0.100,0.145]",0.12,0.0036,0.0,38,0.1386,0.008,0.8322835225290001,21,1.004283522529,0.005,0.0,27,0.1375,0.008,0.8541835225290001,18,1.0021835225290001,0.1397967800066695,0.1386502259503857,0.9684369517609546,0.9683398399041719,0.13349354292294457,0.12886830378791678,0.9688531128657434,0.9689164254454179
26,56,1.65,13.539,0.15,758713.72,15174.2744,Baran:1988tw,0.914706011,0.013180202,0.0089,1.6588999999999998,1.5,1.5089,1.0,0.0,0.0,758713.72,15174.2744,0.23630012742751225,0.013894603034727133,0.9861053969652729,0.014090383317531372,0.0014490866616871934,0.1485509133383128,4.433234524286382,1.010816973370064,0.1375565700437986,0.13911911319413842,0.1616191131941384,0.4020187970656825,1.0242815524852014,1.0227190093348615,0.968299336181866,0.005817123914148532,130427635.92411026,2608552.7184822056,0.02498975707753998,0.0248556870082229,52.86058477453995,52.29491210293269,40106050.915666565,802121.0183133314,103.00002128555238,2.060000425711048,39676867.29868908,793537.3459737818,101.89779554467738,2.037955910893548,"[0.340,0.428]",0.38,"[0.100,0.145]",0.12,0.0036,0.0,41,0.1494,0.008,0.8322835225290001,23,1.0202835225290001,0.005,0.0,29,0.1475,0.008,0.8541835225290001,21,1.0261835225290001,0.15056680489759344,0.14865022595038568,0.9676523291592587,0.9677076030325494,0.14093204193086495,0.1416577584562276,0.9683587357170731,0.9681542348895482
26,56,1.65,13.539,0.16,656126.966,13122.53932,Baran:1988tw,0.934270395,0.015119025,0.0089,1.6588999999999998,1.49,1.4989,1.0,0.0,0.0,656126.966,13122.53932,0.23630012742751225,0.013894603034727133,0.9861053969652729,0.014090383317531372,0.0014490866616871934,0.1585509133383128,4.433234524286382,1.010816973370064,0.13663952624350661,0.13819712291516606,0.16379712291516607,0.4047185724860747,1.0439640562854935,1.0424064596138338,0.9676785248214771,0.0064943948165939736,101029731.71934594,2020594.6343869187,0.024989757077539972,0.024855687008222892,54.98650665836826,54.39808403201149,36078129.78469397,721562.5956938793,92.65554825082033,1.8531109650164064,35692049.83213674,713840.9966427349,91.66402097691999,1.8332804195383996,"[0.340,0.428]",0.38,"[0.100,0.145]",0.12,0.0036,0.0,44,0.1602,0.008,0.8322835225290001,26,1.0442835225290001,0.005,0.0,31,0.1575,0.008,0.8541835225290001,23,1.0421835225290002,0.1613346130004203,0.1586502259503857,0.9667650449125104,0.9670322670730996,0.15199463802701219,0.15018406156843483,0.967540860942859,0.9676068115409973
26,56,1.65,13.539,0.17,561129.1186,11222.58237,Baran:1988tw,0.99085929,0.017411322,0.0089,1.6588999999999998,1.48,1.4889,1.0,0.0,0.0,561129.1186,11222.58237,0.23630012742751225,0.013894603034727133,0.9861053969652729,0.014090383317531372,0.0014490866616871934,0.16855091333831282,4.433234524286382,1.010816973370064,0.1357224824432146,0.1372751326361937,0.1661751326361937,0.40764584216718525,1.0636465600857854,1.0620939098928064,0.9670117911610262,0.0071361907912734415,78631462.5004396,1572629.2497285304,0.02498975707753998,0.0248556870082229,57.317941550506006,56.70456972977806,32162766.022201754,643255.3203293992,82.60014409932744,1.652002881692142,31818585.233062603,636371.7045478428,81.71622190309937,1.6343244377707309,"[0.340,0.428]",0.38,"[0.100,0.145]",0.12,0.0036,0.0,46,0.1674,0.008,0.8322835225290001,28,1.0602835225290002,0.005,0.0,33,0.1675,0.008,0.8541835225290001,25,1.0581835225290002,0.16851192086245703,0.1686502259503857,0.9661097706547485,0.9663140141436859,0.15930775900090388,0.15871036468064206,0.9669405196096874,0.9670280756755402
26,56,1.65,13.539,0.18,476701.8851,9534.037702,Baran:1988tw,1.009016358,0.013677311,0.0089,1.6588999999999998,1.47,1.4788999999999999,1.0,0.0,0.0,476701.8851,9534.037702,0.23630012742751225,0.013894603034727133,0.9861053969652729,0.014090383317531372,0.0014490866616871934,0.1785509133383128,4.433234524286382,1.010816973370064,0.13480543864292263,0.13635314235722135,0.16875314235722133,0.4107957428664778,1.0833290638860773,1.0817813601717787,0.9662983803643709,0.007741820311053403,61574909.510543376,1231498.1902108674,0.02498975707753998,0.0248556870082229,59.86805902711741,59.227397841883565,28539216.595504943,570784.3319100988,73.2941750607944,1.465883501215888,28233812.200793568,564676.2440158713,72.50983807328798,1.4501967614657596,"[0.340,0.428]",0.38,"[0.100,0.145]",0.12,0.0036,0.0,49,0.1782,0.008,0.8322835225290001,31,1.0842835225290002,0.005,0.0,35,0.1775,0.008,0.8541835225290001,28,1.0821835225290002,0.1792760373583917,0.17865022595038568,0.965019139421246,0.9655530375157694,0.1701869778652364,0.1714998193489529,0.9659488805700467,0.9661015106737836
26,56,1.65,13.539,0.19,404539.104,8090.782081,Baran:1988tw,1.065409983,0.015820473,0.0089,1.6588999999999998,1.46,1.4688999999999999,1.0,0.0,0.0,404539.104,8090.782081,0.23630012742751225,0.013894603034727133,0.9861053969652729,0.014090383317531372,0.0014490866616871934,0.1885509133383128,4.433234524286382,1.010816973370064,0.13388839484263065,0.135431152078249,0.17153115207824898,0.414163194982665,1.1030115676863694,1.101468810450751,0.965537530505349,0.008310884822928433,48675816.4285877,973516.3286920781,0.024989757077539972,0.024855687008222892,62.65107311641205,61.980630289114906,25344808.98315182,506896.1797256875,65.09032440596526,1.3018064882802052,25073588.642513804,501471.77291225677,64.39377861746236,1.2878755725084254,"[0.340,0.428]",0.38,"[0.100,0.145]",0.12,0.0036,0.0,52,0.189,0.008,0.8322835225290001,33,1.1002835225290002,0.005,0.0,37,0.1875,0.008,0.8541835225290001,30,1.0981835225290002,0.19003794071185354,0.1886502259503857,0.9637817016514136,0.9647495414854792,0.17738085426170602,0.18002612246116012,0.9652212209500125,0.9654450026989669
26,56,1.65,13.539,0.2,345260.614,6905.212279,Baran:1988tw,1.132477856,0.024387375,0.0089,1.6588999999999998,1.45,1.4588999999999999,1.0,0.0,0.0,345260.614,6905.212279,0.23630012742751225,0.013894603034727133,0.9861053969652729,0.014090383317531372,0.0014490866616871934,0.19855091333831282,4.433234524286382,1.010816973370064,0.13297135104233865,0.13450916179927666,0.17450916179927667,0.4177429374618758,1.1226940714866613,1.1211562607297234,0.9647284726598276,0.008843261675308694,39042225.21923144,780844.5042715485,0.024989757077539976,0.024855687008222896,65.68229515939305,64.97941456246848,22677509.555661272,453550.1910475432,58.24018854032833,1.164803770637882,22434832.569198407,448696.65131898876,57.61694755298333,1.1523389508927873,"[0.340,0.428]",0.38,"[0.100,0.145]",0.12,0.0036,0.0,55,0.1998,0.008,0.8322835225290001,36,1.124283522529,0.005,0.0,39,0.1975,0.008,0.8541835225290001,33,1.1221835225290002,0.2007976322873688,0.1986502259503857,0.9623733958191784,0.9639037412377872,0.18808552308623294,0.19281557712947095,0.9640181292286137,0.9644023639320777
26,56,1.65,13.539,0.21,298664.1381,5973.282762,Baran:1988tw,1.205367348,0.026451117,0.0089,1.6588999999999998,1.44,1.4488999999999999,1.0,0.0,0.0,298664.1381,5973.282762,0.23630012742751225,0.013894603034727133,0.9861053969652729,0.014090383317531372,0.0014490866616871934,0.2085509133383128,4.433234524286382,1.010816973370064,0.13205430724204667,0.13358717152030428,0.17768717152030428,0.42152956185812673,1.1423765752869535,1.1408437110086957,0.963870431005395,0.009339083930963958,31980025.054681413,639600.5010936284,0.024989757077539972,0.024855687008222892,68.97818905469745,68.24003837680343,20601311.381720066,412026.22763440135,52.90811392249469,1.058162278449894,20380852.24571892,407617.0449143784,52.34193263108656,1.046838652621731,"[0.340,0.428]",0.38,"[0.100,0.145]",0.12,0.0036,0.0,57,0.207,0.008,0.8322835225290001,38,1.140283522529,0.005,0.0,41,0.20750000000000002,0.008,0.8541835225290001,35,1.1381835225290002,0.20796953191206313,0.2086502259503857,0.9613250241305896,0.9630158627039522,0.19516580405119355,0.20134188024167815,0.9631335656832976,0.9636688841021139
26,56,1.65,13.539,0.22,263990.5735,5279.811471,Baran:1988tw,1.234892578,0.028902547,0.0089,1.6588999999999998,1.43,1.4388999999999998,1.0,0.0,0.0,263990.5735,5279.811471,0.23630012742751225,0.013894603034727133,0.9861053969652729,0.014090383317531372,0.0014490866616871934,0.2185509133383128,4.433234524286382,1.010816973370064,0.13113726344175466,0.13266518124133195,0.18106518124133195,0.42551754516274876,1.1620590790872454,1.160531161287668,0.9629626229289353,0.009798717868358921,26941338.351260524,538826.7671272646,0.024989757077539976,0.024855687008222896,72.5564289968995,71.77998679127474,19154213.30200353,383084.266112627,49.19168885420502,0.9838337772704392,18949239.87885104,378984.7976488008,48.66527783976551,0.9733055569796549,"[0.340,0.428]",0.38,"[0.100,0.145]",0.12,0.0036,0.0,60,0.2178,0.008,0.8322835225290001,41,1.164283522529,0.005,0.0,43,0.2175,0.008,0.8541835225290001,38,1.162183522529,0.21872554021948787,0.2186502259503857,0.9595611074616816,0.962086142412411,0.20570406381246997,0.21413133490998887,0.9616664565637998,0.9625114391341024
26,56,1.65,13.539,0.23,240155.149,4803.10298,Baran:1988tw,1.361619775,0.019404123,0.0089,1.6588999999999998,1.42,1.4288999999999998,1.0,0.0,0.0,240155.149,4803.10298,0.23630012742751225,0.013894603034727133,0.9861053969652729,0.014090383317531372,0.0014490866616871934,0.22855091333831282,4.433234524286382,1.010816973370064,0.1302202196414627,0.1317431909623596,0.1846431909623596,0.4297012810806591,1.1817415828875375,1.1802186115666404,0.9620042591423323,0.010222738944126255,23492250.982109595,469845.0196421918,0.024989757077539972,0.024855687008222892,76.43595982322157,75.61800191026083,18356489.32030379,367129.78640607576,47.14298086079417,0.9428596172158833,18160052.515840974,363201.05031681946,46.638493518385886,0.9327698703677176,"[0.428,0.523]",0.475,"[0.100,0.145]",0.12,0.0036,0.0,63,0.2286,0.032,0.7510585225290001,13,1.183058522529,0.005,0.0,45,0.2275,0.008,0.8541835225290001,40,1.178183522529,0.23025448378680125,0.2286502259503857,0.9644721351951723,0.9611148273332941,0.24860674223549706,0.2226576380221961,0.9626374356624526,0.9617018766873181
26,56,1.65,13.539,0.24,225940.5452,4518.810904,Baran:1988tw,1.394172081,0.019872485,0.0089,1.6588999999999998,1.41,1.4188999999999998,1.0,0.0,0.0,225940.5452,4518.810904,0.23630012742751225,0.013894603034727133,0.9861053969652729,0.014090383317531372,0.0014490866616871934,0.2385509133383128,4.433234524286382,1.010816973370064,0.12930317584117068,0.1308212006833872,0.1884212006833872,0.4340751094953351,1.2014240866878294,1.199906061845613,0.9609945438065518,0.010611906934172851,21291229.427617572,425824.58855235146,0.02498975707753998,0.0248556870082229,80.63706008950977,79.77414528434934,18219181.319948997,364383.62639898,46.79034761378217,0.9358069522756434,18024213.8784099,360484.277568198,46.28963387682652,0.9257926775365304,"[0.428,0.523]",0.475,"[0.100,0.145]",0.12,0.0036,0.0,66,0.2394,0.032,0.7510585225290001,14,1.215058522529,0.005,0.0,47,0.23750000000000002,0.008,0.8541835225290001,43,1.202183522529,0.24100591812939598,0.2386502259503857,0.963436997084735,0.960102174716759,0.2620117672652519,0.23544709269050693,0.9610716705845791,0.9604310246041861
26,56,1.65,13.539,0.25,220105.403,4402.108059,Baran:1988tw,1.422045964,0.024488268,0.0089,1.6588999999999998,1.4,1.4088999999999998,1.0,0.0,0.0,220105.403,4402.108059,0.23630012742751225,0.013894603034727133,0.9861053969652729,0.014090383317531372,0.0014490866616871934,0.2485509133383128,4.433234524286382,1.010816973370064,0.12838613204087868,0.12989921040441488,0.19239921040441488,0.43863334392680964,1.2211065904881213,1.219593512124585,0.9599326746643452,0.010967140897024545,20069533.62473131,401390.6724034447,0.024989757077539983,0.024855687008222903,85.18140800259752,84.26986313714409,18748888.136519153,374977.76264520164,48.15073618698162,0.9630147235208701,18548252.18655594,370965.043646849,47.63546463455895,0.952709292474758,"[0.428,0.523]",0.475,"[0.100,0.145]",0.12,0.0036,0.0,69,0.2502,0.032,0.7510585225290001,14,1.215058522529,0.005,0.0,49,0.2475,0.008,0.8541835225290001,45,1.218183522529,0.2517551471411963,0.2486502259503857,0.962288337846509,0.95904845192533,0.2620117672652519,0.24397339580271415,0.9610716705845791,0.959546355101425
26,56,1.65,13.539,0.26,221413.6675,4428.273351,Baran:1988tw,1.413643537,0.023801602,0.0089,1.6588999999999998,1.39,1.3988999999999998,1.0,0.0,0.0,221413.6675,4428.273351,0.23630012742751225,0.013894603034727133,0.9861053969652729,0.014090383317531372,0.0014490866616871934,0.2585509133383128,4.433234524286382,1.010816973370064,0.1274690882405867,0.12897722012544252,0.19657722012544254,0.4433702968461493,1.2407890942884134,1.2392809624035577,0.9588178431818359,0.011289494516984709,19612363.26098478,392247.2653082735,0.024989757077539976,0.024855687008222896,90.09215034282924,89.12805455023374,19947633.420367207,398952.6684974362,51.229343702140234,1.0245868742741784,19734169.435107317,394683.38879127434,50.68112729779515,1.0136225461848007,"[0.428,0.523]",0.475,"[0.100,0.145]",0.12,0.0036,0.0,71,0.2574,0.032,0.7510585225290001,15,1.247058522529,0.005,0.0,51,0.2575,0.008,0.8541835225290001,48,1.242183522529,0.2589200753018943,0.2586502259503857,0.9614517787584165,0.9579539362604506,0.27526872673583835,0.256762850471025,0.9592966606552904,0.9581636223416926
26,56,1.65,13.539,0.27,228649.3328,4572.986657,Baran:1988tw,1.39514949,0.022785984,0.0089,1.6588999999999998,1.38,1.3888999999999998,1.0,0.0,0.0,228649.3328,4572.986657,0.23630012742751225,0.013894603034727133,0.9861053969652729,0.014090383317531372,0.0014490866616871934,0.2685509133383128,4.433234524286382,1.010816973370064,0.12655204444029472,0.12805522984647016,0.20095522984647018,0.44828030276431974,1.2604715980887053,1.25896841268253,0.9576492346992331,0.011580132292452507,19744967.244374663,394899.3449738481,0.024989757077539972,0.024855687008222892,95.39397451758121,94.37314274565225,21811768.62658515,436235.37262709695,56.016799997035434,1.1203360001856988,21578356.123032548,431567.1225550241,55.417351976466534,1.108347039771699,"[0.428,0.523]",0.475,"[0.100,0.145]",0.12,0.0036,0.0,74,0.2682,0.032,0.7510585225290001,15,1.247058522529,0.005,0.0,53,0.2675,0.008,0.8541835225290001,50,1.2581835225290001,0.26966563177615654,0.26865022595038573,0.9600770032712579,0.95681891478345,0.27526872673583835,0.2652891535832322,0.9592966606552904,0.9572049047721738
26,56,1.65,13.539,0.28,240339.9437,4806.798874,Baran:1988tw,1.3980198,0.022717822,0.0089,1.6588999999999998,1.3699999999999999,1.3788999999999998,1.0,0.0,0.0,240339.9437,4806.798874,0.23630012742751225,0.013894603034727133,0.9861053969652729,0.014090383317531372,0.0014490866616871934,0.27855091333831283,4.433234524286382,1.010816973370064,0.12563500064000271,0.1271332395674978,0.2055332395674978,0.45335773906209853,1.2801541018889975,1.2786558629615024,0.956426028590935,0.011840306941482373,20298455.511991154,405969.1102398231,0.024989757077539972,0.024855687008222892,101.11318389411285,100.03114961257671,24301536.92443883,486030.7384887766,62.411001914702865,1.2482200382940574,24041480.866132963,480829.6173226593,61.74312814180847,1.2348625628361694,"[0.428,0.523]",0.475,"[0.100,0.145]",0.12,0.0036,0.0,77,0.27899999999999997,0.032,0.7510585225290001,16,1.279058522529,0.005,0.0,55,0.2775,0.008,0.8541835225290001,53,1.2821835225290001,0.28040898653391366,0.27865022595038574,0.9585385323043224,0.9556436841311406,0.2883824212691516,0.27807860825154307,0.9572750034735509,0.9557119406202327
26,56,1.65,13.539,0.29,255144.0783,5102.881567,Baran:1988tw,1.336499762,0.015442255,0.0089,1.6588999999999998,1.3599999999999999,1.3688999999999998,1.0,0.0,0.0,255144.0783,5102.881567,0.23630012742751225,0.013894603034727133,0.9861053969652729,0.014090383317531372,0.0014490866616871934,0.2885509133383128,4.433234524286382,1.010816973370064,0.12471795683971074,0.12621124928852545,0.21031124928852546,0.4585970445702038,1.2998366056892892,1.2983433132404745,0.955147398435273,0.012071338306532448,21136353.883970585,422727.0777622526,0.024989757077539972,0.024855687008222892,107.27777656805871,106.1297736329007,27371289.424530677,547425.7885978913,70.2947143628743,1.405894287532996,27078383.27375409,541567.6655812116,69.54247525989963,1.390849505470554,"[0.428,0.523]",0.475,"[0.100,0.145]",0.12,0.0036,0.0,80,0.2898,0.032,0.7510585225290001,17,1.3110585225290001,0.005,0.0,57,0.28750000000000003,0.008,0.8541835225290001,55,1.2981835225290002,0.2911501409279609,0.28865022595038575,0.9568094921332194,0.954428550326255,0.30135739754960833,0.28660491136375027,0.9549591244893053,0.9546803142906276
26,56,1.65,13.539,0.3,271442.5201,5428.850401,Baran:1988tw,1.278355358,0.019377952,0.0089,1.6588999999999998,1.3499999999999999,1.3588999999999998,1.0,0.0,0.0,271442.5201,5428.850401,0.23630012742751225,0.013894603034727133,0.9861053969652729,0.014090383317531372,0.0014490866616871934,0.2985509133383128,4.433234524286382,1.010816973370064,0.12380091303941873,0.1252892590095531,0.2152892590095531,0.46399273594481316,1.3195191094895813,1.3180307635194468,0.9538125121941584,0.012274593956535636,22114175.105195217,442283.5020224352,0.024989757077539972,0.024855687008222892,113.9175277323497,112.69847136870746,30922060.811230645,618441.2161106953,79.41377545366254,1.5882755087806886,30591157.079739653,611823.1414820944,78.5639512847682,1.5712790254059321,"[0.428,0.523]",0.475,"[0.100,0.145]",0.12,0.0036,0.0,82,0.297,0.032,0.7510585225290001,17,1.3110585225290001,0.005,0.0,59,0.2975,0.008,0.8541835225290001,57,1.3141835225290002,0.2983096887671408,0.2986502259503857,0.955534790807458,0.9531738285829529,0.30135739754960833,0.29513121447595747,0.9549591244893053,0.953619860827836
26,56,1.65,13.539,0.31,288029.6336,5760.592673,Baran:1988tw,1.208209015,0.017567637,0.0089,1.6588999999999998,1.3399999999999999,1.3488999999999998,1.0,0.0,0.0,288029.6336,5760.592673,0.23630012742751225,0.013894603034727133,0.9861053969652729,0.014090383317531372,0.0014490866616871934,0.3085509133383128,4.433234524286382,1.010816973370064,0.12288386923912675,0.12436726873058074,0.22046726873058076,0.46953942191319864,1.3392016132898732,1.3377182137984192,0.9524205324028869,0.012451471609117222,23132176.07058581,462643.521492028,0.024989757077539976,0.024855687008222896,121.06407582037947,119.76854268359959,34870041.40066652,697400.8281343945,89.55294586467892,1.7910589176044942,34496889.46596315,689937.7894390316,88.59462021706003,1.7718924046487894,"[0.428,0.523]",0.475,"[0.100,0.145]",0.12,0.0036,0.0,85,0.3078,0.032,0.7510585225290001,18,1.3430585225290002,0.005,0.0,61,0.3075,0.008,0.8541835225290001,60,1.338183522529,0.3090471788908431,0.3086502259503857,0.9534099816852428,0.9518798431076142,0.31419796674094613,0.3079206691442682,0.9522876632082763,0.9519755672807779
26,56,1.65,13.539,0.32,310918.5741,6218.371482,Baran:1988tw,1.135345487,0.016177869,0.0089,1.6588999999999998,1.3299999999999998,1.3388999999999998,1.0,0.0,0.0,310918.5741,6218.371482,0.23630012742751225,0.013894603034727133,0.9861053969652729,0.014090383317531372,0.0014490866616871934,0.3185509133383128,4.433234524286382,1.010816973370064,0.12196682543883475,0.12344527845160838,0.2258452784516084,0.47523181548756643,1.3588841170901653,1.3574056640773915,0.9509706163703594,0.012603383430299011,24669452.914726056,493389.05829452106,0.02498975707753998,0.0248556870082229,128.75101260684085,127.37321987934664,40031081.253650084,800621.6250730015,102.80748483264392,2.056149696652878,39602699.90341223,792053.9980682445,101.7073194664349,2.0341463893286975,"[0.428,0.523]",0.475,"[0.100,0.145]",0.12,0.0036,0.0,88,0.3186,0.032,0.7510585225290001,18,1.3430585225290002,0.005,0.0,63,0.3175,0.008,0.8541835225290001,62,1.354183522529,0.31978247225156764,0.3186502259503857,0.9509854679569554,0.9505469268951529,0.31419796674094613,0.31644697225647545,0.9522876632082763,0.9508439286813053
26,56,1.65,13.539,0.33,323970.933,6479.418661,Baran:1988tw,1.058736958,0.015618685,0.0089,1.6588999999999998,1.3199999999999998,1.3288999999999997,1.0,0.0,0.0,323970.933,6479.418661,0.23630012742751225,0.013894603034727133,0.9861053969652729,0.014090383317531372,0.0014490866616871934,0.3285509133383128,4.433234524286382,1.010816973370064,0.12104978163854276,0.12252328817263604,0.23142328817263605,0.481064744262803,1.3785666208904572,1.3770931143563638,0.9494619163899792,0.012731742213929611,25445923.076069526,508918.4615999343,0.024989757077539976,0.024855687008222896,137.0139774599009,135.5477609394471,44388546.11172507,887770.9223715152,113.9982892844841,2.2799657860415596,43913534.57761364,878270.6916878204,112.77836867382013,2.2555673738245146,"[0.428,0.523]",0.475,"[0.100,0.145]",0.12,0.0036,0.0,91,0.32939999999999997,0.032,0.7510585225290001,19,1.3750585225290002,0.005,0.0,65,0.3275,0.008,0.8541835225290001,65,1.378183522529,0.3305155701970719,0.32865022595038573,0.94819827796275,0.9491754215210795,0.3269082212205018,0.3292364269247863,0.9491801860122453,0.9490938337995829
26,56,1.65,13.539,0.34,334557.4191,6691.148382,Baran:1988tw,1.058114332,0.012165326,0.0089,1.6588999999999998,1.3099999999999998,1.3188999999999997,1.0,0.0,0.0,334557.4191,6691.148382,0.23630012742751225,0.013894603034727133,0.9861053969652729,0.014090383317531372,0.0014490866616871934,0.33855091333831283,4.433234524286382,1.010816973370064,0.12013273783825078,0.12160129789366368,0.2372012978936637,0.48703315892623134,1.3982491246907491,1.3967805646353364,0.9478935799614803,0.012837949398318118,26060035.65832951,521200.7131665902,0.02498975707753997,0.024855687008222892,145.89075594930057,144.32954708200117,48808834.78094597,976176.6956189194,125.35043731759274,2.507008746351855,48286520.77162625,965730.415432525,124.00903488954519,2.4801806977909036,"[0.428,0.523]",0.475,"[0.100,0.145]",0.12,0.0036,0.0,94,0.3402,0.032,0.7510585225290001,20,1.4070585225290002,0.005,0.0,67,0.3375,0.008,0.8541835225290001,67,1.394183522529,0.34124647407372066,0.33865022595038574,0.9449661714263979,0.9477656769295496,0.33949204981510583,0.3377627300369935,0.94552924872893,0.9478923282791704
26,56,1.65,13.539,0.35,342268.2141,6845.364282,Baran:1988tw,1.031354901,0.012008126,0.0089,1.6588999999999998,1.2999999999999998,1.3088999999999997,1.0,0.0,0.0,342268.2141,6845.364282,0.23630012742751225,0.013894603034727133,0.9861053969652729,0.014090383317531372,0.0014490866616871934,0.3485509133383128,4.433234524286382,1.010816973370064,0.11921569403795877,0.12067930761469134,0.2431793076146913,0.4931321401152954,1.4179316284910413,1.4164680149143087,0.9462647500239454,0.012923384842625663,26484409.32990593,529688.1865981186,0.024989757077539976,0.024855687008222896,155.42138302661633,153.7581848358179,53195799.20147202,1063915.9840294404,136.6170022966103,2.732340045932206,52626539.32701309,1052530.7865402617,135.1550338941472,2.7031006778829436,"[0.428,0.523]",0.475,"[0.100,0.145]",0.12,0.0036,0.0,96,0.3474,0.032,0.7510585225290001,20,1.4070585225290002,0.005,0.0,69,0.34750000000000003,0.008,0.8541835225290001,70,1.418183522529,0.348399191728582,0.34865022595038575,0.9425116511008735,0.9463180512176322,0.33949204981510583,0.3505521847053043,0.94552924872893,0.9460384613124952
26,56,1.65,13.539,0.36,346894.23,6937.884599,Baran:1988tw,1.040663029,0.017296338,0.0089,1.6588999999999998,1.29,1.2989,1.0,0.0,0.0,346894.23,6937.884599,0.23630012742751225,0.013894603034727133,0.9861053969652729,0.014090383317531372,0.0014490866616871934,0.3585509133383128,4.433234524286382,1.010816973370064,0.1182986502376668,0.119757317335719,0.24935731733571898,0.4993569037629489,1.4376141322913332,1.436155465193281,0.9445745652002674,0.012989398259658547,26705950.735020332,534119.0146234208,0.024989757077539983,0.024855687008222903,165.64825100635778,163.87561286598353,57462422.483697206,1149248.4495082959,147.57450818046587,2.951490163183901,56847504.54092345,1136950.0906545934,145.99528111251678,2.9199056218294714,"[0.428,0.523]",0.475,"[0.100,0.145]",0.12,0.0036,0.0,99,0.35819999999999996,0.032,0.7510585225290001,21,1.4390585225290002,0.005,0.0,71,0.3575,0.008,0.8541835225290001,72,1.434183522529,0.3591264418119806,0.3586502259503857,0.9382759551763024,0.944832910416041,0.35195315169938335,0.35907848781751156,0.941188120491557,0.944768475437161
26,56,1.65,13.539,0.37,348431.7464,6968.634929,Baran:1988tw,0.998760887,0.016933015,0.0089,1.6588999999999998,1.2799999999999998,1.2888999999999997,1.0,0.0,0.0,348431.7464,6968.634929,0.23630012742751225,0.013894603034727133,0.9861053969652729,0.014090383317531372,0.0014490866616871934,0.3685509133383128,4.433234524286382,1.010816973370064,0.1173816064373748,0.11883532705674661,0.2557353270567466,0.505702805071068,1.4572966360916253,1.4558429154722534,0.9428221600533075,0.013037302183794829,26725755.18216456,534515.1037199942,0.024989757077539972,0.024855687008222892,176.61622258985986,174.72621378826014,61538698.879556,1230773.9777677362,158.04316679814198,3.160863336416424,60880159.81210324,1217603.196416791,156.35191232615145,3.1270382469717592,"[0.428,0.523]",0.475,"[0.100,0.145]",0.12,0.0036,0.0,102,0.369,0.032,0.7510585225290001,22,1.471058522529,0.005,0.0,73,0.3675,0.008,0.8541835225290001,75,1.458183522529,0.3698515014101105,0.3686502259503857,0.9332064826798322,0.9433106282665659,0.364295049097244,0.3718679424858224,0.9359511273960553,0.9428129652909483
26,56,1.65,13.539,0.38,347036.034,6940.720679,Baran:1988tw,0.999896167,0.017260455,0.0089,1.6588999999999998,1.27,1.2789,1.0,0.0,0.0,347036.034,6940.720679,0.23630012742751225,0.013894603034727133,0.9861053969652729,0.014090383317531372,0.0014490866616871934,0.3785509133383128,4.433234524286382,1.010816973370064,0.11646456263708282,0.1179133367777743,0.2623133367777743,0.5121653412500443,1.4769791398919172,1.4755303657512258,0.9410066653540017,0.0130683663417423,26555425.898301873,531108.5178895168,0.024989757077539976,0.024855687008222896,188.3727491881311,186.35693122573548,65372131.791925736,1307442.635650142,167.88815683221645,3.357763136160552,64672570.320989996,1293451.406233443,166.0915489700151,3.3218309789217018,"[0.428,0.523]",0.475,"[0.100,0.145]",0.12,0.0036,0.0,105,0.37979999999999997,0.032,0.7510585225290001,22,1.471058522529,0.005,0.0,75,0.3775,0.008,0.8541835225290001,77,1.474183522529,0.38057437186429155,0.3786502259503857,0.9270390622238291,0.941751585996448,0.364295049097244,0.3803942455980296,0.9359511273960553,0.9414759501207455
26,56,1.65,13.539,0.39,343003.3666,6860.067332,Baran:1988tw,0.988328492,0.012711245,0.0089,1.6588999999999998,1.2599999999999998,1.2688999999999997,1.0,0.0,0.0,343003.3666,6860.067332,0.23630012742751225,0.013894603034727133,0.9861053969652729,0.014090383317531372,0.0014490866616871934,0.3885509133383128,4.433234524286382,1.010816973370064,0.11554751883679082,0.11699134649880191,0.26909134649880195,0.5187401531584016,1.4966616436922093,1.495217816030198,0.9391272083616592,0.013083813288537935,26215856.114401132,524317.1222880227,0.024989757077539972,0.024855687008222892,200.9679948150094,198.8173923761708,68932698.80039957,1378653.9760079912,177.03237495612507,3.540647499122501,68195034.92365976,1363900.698473195,175.137912817094,3.5027582563418793,"[0.428,0.523]",0.475,"[0.100,0.145]",0.12,0.0036,0.0,107,0.387,0.032,0.7510585225290001,23,1.503058522529,0.005,0.0,77,0.3875,0.008,0.8541835225290001,80,1.4981835225290001,0.3877217366377721,0.38865022595038573,0.9221324531430407,0.9401561720899397,0.37652109891016783,0.3931837002663404,0.9295208660088132,0.93942101947931
26,56,1.65,13.539,0.4,336766.0013,6735.320025,Baran:1988tw,0.941306423,0.012501262,0.0089,1.6588999999999998,1.25,1.2589,1.0,0.0,0.0,336766.0013,6735.320025,0.23630012742751225,0.013894603034727133,0.9861053969652729,0.014090383317531372,0.0014490866616871934,0.39855091333831283,4.433234524286382,1.010816973370064,0.11463047503649884,0.11606935621982957,0.2760693562198296,0.525423025970341,1.5163441474925012,1.5149052663091704,0.9371829131167013,0.013084815170565922,25737161.50439401,514743.2300114558,0.024989757077539976,0.024855687008222896,214.4549658382321,212.1600363745765,72221141.30426954,1444422.8258709356,185.47772522526893,3.7095545039546165,71448287.08552867,1428965.7414984135,183.49288754707604,3.669857750396653,"[0.523,0.609]",0.57,"[0.100,0.145]",0.12,0.0036,0.0,110,0.3978,0.06,0.6517835225290001,14,1.5217835225290002,0.005,0.0,79,0.3975,0.008,0.8541835225290001,82,1.5141835225290001,0.3993853120718427,0.39865022595038574,0.9475447005373959,0.9385247820572964,0.42065434262321777,0.4017100033785476,0.9417212612909495,0.9380184865933406
26,56,1.65,13.539,0.41,328745.6383,6574.912766,Baran:1988tw,0.979480676,0.017216958,0.0089,1.6588999999999998,1.24,1.2489,1.0,0.0,0.0,328745.6383,6574.912766,0.23630012742751225,0.013894603034727133,0.9861053969652729,0.014090383317531372,0.0014490866616871934,0.4085509133383128,4.433234524286382,1.010816973370064,0.11371343123620685,0.11514736594085723,0.2832473659408572,0.5322098889919814,1.5360266512927931,1.5345927165881428,0.9351729007460775,0.013072491480378659,25147894.629989654,502957.89259979315,0.024989757077539976,0.024855687008222896,228.88964689344488,226.44024875277543,75246473.06824714,1504929.461364943,193.24735671406324,3.8649471342812656,74441244.11304194,1488824.8822608388,191.1793745110715,3.82358749022143,"[0.523,0.609]",0.57,"[0.100,0.145]",0.12,0.0036,0.0,113,0.40859999999999996,0.06,0.6517835225290001,14,1.5217835225290002,0.005,0.0,81,0.40750000000000003,0.008,0.8541835225290001,85,1.5381835225290001,0.41010215885241763,0.40865022595038575,0.9448012758108096,0.936857818201436,0.42065434262321777,0.4144994580468585,0.9417212612909495,0.9358664458794992
26,56,1.65,13.539,0.42,319441.7878,6388.835756,Baran:1988tw,0.95792101,0.017123621,0.0089,1.6588999999999998,1.23,1.2389,1.0,0.0,0.0,319441.7878,6388.835756,0.23630012742751225,0.013894603034727133,0.9861053969652729,0.014090383317531372,0.0014490866616871934,0.4185509133383128,4.433234524286382,1.010816973370064,0.11279638743591487,0.11422537566188486,0.29062537566188484,0.5390968147391383,1.5557091550930853,1.5542801668671151,0.9330962897815933,0.013047907673849973,24482223.18741654,489644.4637483308,0.02498975707753997,0.024855687008222892,244.33114328482827,241.71650231616925,78049577.22612351,1560991.5445224703,200.44626514147225,4.008925302829446,77214351.64063995,1544287.032812799,198.30124584590655,3.966024916918131,"[0.523,0.609]",0.57,"[0.100,0.145]",0.12,0.0036,0.0,116,0.4194,0.06,0.6517835225290001,15,1.581783522529,0.005,0.0,83,0.4175,0.008,0.8541835225290001,87,1.5541835225290002,0.42081682151326305,0.4186502259503857,0.9416705000694968,0.9351556893825168,0.44255411536564193,0.4230257611590657,0.9337495459266877,0.9343999633015672
26,56,1.65,13.539,0.43,309248.7851,6184.975703,Baran:1988tw,0.940989954,0.017785033,0.0089,1.6588999999999998,1.22,1.2288999999999999,1.0,0.0,0.0,309248.7851,6184.975703,0.23630012742751225,0.013894603034727133,0.9861053969652729,0.014090383317531372,0.0014490866616871934,0.4285509133383128,4.433234524286382,1.010816973370064,0.11187934363562287,0.11330338538291253,0.2982033853829125,0.5460800173810726,1.5753916588933772,1.5739676171460875,0.9309521964913798,0.013012074527886129,23766293.717212427,475325.8744211003,0.024989757077539972,0.024855687008222892,260.84183021603934,258.0505047777271,80665019.09757063,1613300.3822122547,207.16322086959022,4.143264418061697,79801805.09695384,1596036.1021971276,204.9463219626279,4.0989264399152825,"[0.523,0.609]",0.57,"[0.100,0.145]",0.12,0.0036,0.0,119,0.43019999999999997,0.06,0.6517835225290001,15,1.581783522529,0.005,0.0,85,0.4275,0.008,0.8541835225290001,89,1.5701835225290002,0.43152930138920453,0.4286502259503857,0.9380679748584725,0.9334188107806698,0.44255411536564193,0.4315520642712729,0.9337495459266877,0.9329083517476516
26,56,1.65,13.539,0.44,298546.7838,5970.935675,Baran:1988tw,0.974721604,0.012761819,0.0089,1.6588999999999998,1.21,1.2188999999999999,1.0,0.0,0.0,298546.7838,5970.935675,0.23630012742751225,0.013894603034727133,0.9861053969652729,0.014090383317531372,0.0014490866616871934,0.4385509133383128,4.433234524286382,1.010816973370064,0.11096229983533087,0.11238139510394016,0.3059813951039402,0.5531558506460365,1.5950741626936693,1.59365506742506,0.9287397352247279,0.01296594812590204,23025449.50057249,460508.98993432475,0.024989757077539976,0.024855687008222896,278.4875092166385,275.50735351045904,83141550.20510027,1662831.003823518,213.5234271468491,4.2704685422217725,82251834.30379719,1645036.6858004362,211.23846628233986,4.224769324939241,"[0.523,0.609]",0.57,"[0.100,0.145]",0.12,0.0036,0.0,121,0.4374,0.06,0.6517835225290001,15,1.581783522529,0.005,0.0,87,0.4375,0.008,0.8541835225290001,92,1.5941835225290002,0.4386697426401227,0.4386502259503857,0.9353507870277888,0.93164760365713,0.44255411536564193,0.44434151893958374,0.9337495459266877,0.9306243925460707
26,56,1.65,13.539,0.45,287621.6686,5752.433372,Baran:1988tw,0.9943618,0.017314412,0.0089,1.6588999999999998,1.2,1.2088999999999999,1.0,0.0,0.0,287621.6686,5752.433372,0.23630012742751225,0.013894603034727133,0.9861053969652729,0.014090383317531372,0.0014490866616871934,0.4485509133383128,4.433234524286382,1.010816973370064,0.11004525603503888,0.1114594048249678,0.3139594048249678,0.5603208052758418,1.6147566664939612,1.6133425177040324,0.9264580187705022,0.012910430367989775,22278240.18269224,445564.8036538449,0.024989757077539972,0.024855687008222892,297.3375721522367,294.15569780245494,85520728.63989921,1710414.5727979844,219.63361311209684,4.392672262241938,84605552.63013944,1692111.052602789,217.28326581204738,4.3456653162409475,"[0.523,0.609]",0.57,"[0.100,0.145]",0.12,0.0036,0.0,124,0.4482,0.06,0.6517835225290001,16,1.641783522529,0.005,0.0,89,0.4475,0.008,0.8541835225290001,94,1.6101835225290002,0.4493785875038725,0.44865022595038573,0.9306971667147507,0.9298424951140027,0.46411194092349695,0.452867822051791,0.9228363656622849,0.9290711134388406
26,56,1.65,13.539,0.46,276697.5965,5533.951931,Baran:1988tw,0.975794526,0.016949912,0.0089,1.6588999999999998,1.19,1.1988999999999999,1.0,0.0,0.0,276697.5965,5533.951931,0.23630012742751225,0.013894603034727133,0.9861053969652729,0.014090383317531372,0.0014490866616871934,0.4585509133383128,4.433234524286382,1.010816973370064,0.10912821223474689,0.11053741454599546,0.3221374145459955,0.5675715061082572,1.6344391702942533,1.6330299679830047,0.9241061587293442,0.01284636991272741,21538971.583393738,430779.4317457177,0.02498975707753998,0.0248556870082229,317.46517323137726,314.0679090230829,87841850.40557823,1756837.0084290295,225.59469842997112,4.511893969414733,86901835.5644677,1738036.711603422,223.18056025299845,4.463611205866556,"[0.523,0.609]",0.57,"[0.100,0.145]",0.12,0.0036,0.0,127,0.45899999999999996,0.06,0.6517835225290001,16,1.641783522529,0.005,0.0,91,0.4575,0.008,0.8541835225290001,97,1.6341835225290002,0.4600852531356594,0.45865022595038574,0.9251828828129317,0.9280039178529054,0.46411194092349695,0.4656572767201018,0.9228363656622849,0.9266959099862558
26,56,1.65,13.539,0.47,265954.6371,5319.092742,Baran:1988tw,0.985130407,0.017596986,0.0089,1.6588999999999998,1.18,1.1888999999999998,1.0,0.0,0.0,265954.6371,5319.092742,0.23630012742751225,0.013894603034727133,0.9861053969652729,0.014090383317531372,0.0014490866616871934,0.4685509133383128,4.433234524286382,1.010816973370064,0.1082111684344549,0.10961542426702309,0.3305154242670231,0.5749047088579315,1.6541216740945452,1.652717418261977,0.921683265899864,0.012774563467555854,20819078.30161533,416381.56603230664,0.024989757077539976,0.024855687008222896,338.94740944882034,335.3202591353107,90144635.27594613,1802892.7055189223,231.5086910881535,4.630173821763069,89179977.83060952,1783599.5566121903,229.03126598310223,4.580625319662045,"[0.523,0.609]",0.57,"[0.100,0.145]",0.12,0.0036,0.0,130,0.4698,0.06,0.6517835225290001,16,1.641783522529,0.005,0.0,93,0.4675,0.008,0.8541835225290001,99,1.6501835225290002,0.4707897408653636,0.46865022595038575,0.9185509231786405,0.9261323099327188,0.46411194092349695,0.474183579832309,0.9228363656622849,0.925082649755388
26,56,1.65,13.539,0.48,255477.821,5109.556419,Baran:1988tw,0.951158888,0.017848908,0.0089,1.6588999999999998,1.17,1.1788999999999998,1.0,0.0,0.0,255477.821,5109.556419,0.23630012742751225,0.013894603034727133,0.9861053969652729,0.014090383317531372,0.0014490866616871934,0.4785509133383128,4.433234524286382,1.010816973370064,0.10729412463416291,0.10869343398805074,0.33909343398805075,0.5823172966588325,1.6738041778948372,1.6724048685409494,0.9191884506790109,0.012695757354334373,20123086.309047885,402461.72610219114,0.024989757077539976,0.024855687008222896,361.8655099335702,357.9931080174787,92448611.97288236,1848972.2390957817,237.4257445852643,4.7485148907759465,91459299.16932309,1829185.9830284684,234.88499979742807,4.697699995029166,"[0.523,0.609]",0.57,"[0.100,0.145]",0.12,0.0036,0.0,132,0.477,0.06,0.6517835225290001,17,1.7017835225290001,0.005,0.0,95,0.47750000000000004,0.008,0.8541835225290001,102,1.6741835225290003,0.4779248567290111,0.47865022595038575,0.9133320238535249,0.9242281145266803,0.4853433537024291,0.48697303450061985,0.9070442711514316,0.9226187640267537
26,56,1.65,13.539,0.49,245343.4816,4906.869632,Baran:1988tw,0.957840813,0.01296142,0.0089,1.6588999999999998,1.16,1.1688999999999998,1.0,0.0,0.0,245343.4816,4906.869632,0.23630012742751225,0.013894603034727133,0.9861053969652729,0.014090383317531372,0.0014490866616871934,0.4885509133383128,4.433234524286382,1.010816973370064,0.10637708083387092,0.10777144370907839,0.34787144370907835,0.5898062764239445,1.6934866816951293,1.6920923188199217,0.9166208234768056,0.012610649285890051,19455261.663212914,389105.23326425825,0.024989757077539976,0.024855687008222896,386.3050347008643,382.1711000884,94777422.17311887,1895548.4434623774,243.40657527584406,4.868131505516881,93763188.26259013,1875263.7652518025,240.80182831153542,4.816036566230708,"[0.523,0.609]",0.57,"[0.100,0.145]",0.12,0.0036,0.0,135,0.4878,0.06,0.6517835225290001,17,1.7017835225290001,0.005,0.0,97,0.4875,0.008,0.8541835225290001,104,1.690183522529,0.48862571757349826,0.4886502259503857,0.9039260183219671,0.9222917796790505,0.4853433537024291,0.495499337612827,0.9070442711514316,0.9209472512107051
26,56,1.65,13.539,0.5,235583.5286,4711.670572,Baran:1988tw,0.99752305,0.017955415,0.0089,1.6588999999999998,1.15,1.1588999999999998,1.0,0.0,0.0,235583.5286,4711.670572,0.23630012742751225,0.013894603034727133,0.9861053969652729,0.014090383317531372,0.0014490866616871934,0.4985509133383128,4.433234524286382,1.010816973370064,0.10546003703357892,0.10684945343010603,0.35684945343010605,0.5973687750712335,1.7131691854954212,1.711779769098894,0.9139794951456003,0.012519890297975364,18816740.641736858,376334.8128347371,0.024989757077539976,0.024855687008222896,412.3560833406211,407.9433707625881,97144301.1530592,1942886.023061184,249.48517388498684,4.989703477699736,96104738.75322857,1922094.7750645715,246.81537850833988,4.9363075701667976,"[0.523,0.609]",0.57,"[0.100,0.145]",0.12,0.0036,0.0,138,0.4986,0.06,0.6517835225290001,17,1.7017835225290001,0.005,0.0,99,0.4975,0.008,0.8541835225290001,107,1.714183522529,0.4993244040556135,0.4986502259503857,0.891941279444255,0.9203237580615776,0.4853433537024291,0.5082887922811378,0.9070442711514316,0.9183973051326068
26,56,1.65,13.539,0.51,226196.3613,4523.927227,Baran:1988tw,0.981448148,0.018258472,0.0089,1.6588999999999998,1.14,1.1488999999999998,1.0,0.0,0.0,226196.3613,4523.927227,0.23630012742751225,0.013894603034727133,0.9861053969652729,0.014090383317531372,0.0014490866616871934,0.5085509133383128,4.433234524286382,1.010816973370064,0.10454299323328693,0.10592746315113367,0.36602746315113366,0.6050020356586692,1.7328516892957133,1.7314672193778664,0.9112635774240293,0.01242408678897208,18206276.657756235,364125.53323561355,0.024989757077539976,0.024855687008222896,440.1135142107086,435.40376329788967,99552075.47341813,1991041.5099084761,255.66879956205145,5.113375992371324,98486746.95430912,1969734.9395215865,252.93283185545604,5.058656638227323,"[0.523,0.609]",0.57,"[0.100,0.145]",0.12,0.0036,0.0,141,0.5094,0.06,0.6517835225290001,17,1.7017835225290001,0.005,0.0,101,0.5075000000000001,0.008,0.8541835225290001,109,1.730183522529,0.5100209175002774,0.5086502259503858,0.8761617466694481,0.9183245067299863,0.4853433537024291,0.516815095393345,0.9070442711514316,0.9166693060950434
26,56,1.65,13.539,0.52,217198.2306,4343.964612,Baran:1988tw,1.003691418,0.018968847,0.0089,1.6588999999999998,1.13,1.1388999999999998,1.0,0.0,0.0,217198.2306,4343.964612,0.23630012742751225,0.013894603034727133,0.9861053969652729,0.014090383317531372,0.0014490866616871934,0.5185509133383128,4.433234524286382,1.010816973370064,0.10362594943299494,0.10500547287216132,0.37540547287216136,0.6127034134654069,1.7525341930960052,1.751154669656839,0.9084721833957914,0.012323802626884855,17624286.68941627,352485.7337883254,0.024989757077539976,0.024855687008222896,469.6771747421289,464.6510566361238,102013051.3071974,2040261.026143948,261.98905691662134,5.239781138332426,100921387.34778649,2018427.7469557296,259.18545475463253,5.18370909509265,"[0.609,0.702]",0.649,"[0.100,0.145]",0.12,0.0036,0.0,144,0.5202,0.018,0.5554825225290001,66,1.752482522529,0.005,0.0,103,0.5175,0.008,0.8541835225290001,112,1.7541835225290001,0.5216291939312256,0.5186502259503857,0.9262627167198477,0.9162944868807079,0.5360687251536361,0.5296045500616559,0.9185334360302083,0.9140359751190196
26,56,1.65,13.539,0.53,208522.1141,4170.442282,Baran:1988tw,0.987904812,0.013140093,0.0089,1.6588999999999998,1.1199999999999999,1.1288999999999998,1.0,0.0,0.0,208522.1141,4170.442282,0.23630012742751225,0.013894603034727133,0.9861053969652729,0.014090383317531372,0.0014490866616871934,0.5285509133383128,4.433234524286382,1.010816973370064,0.10270890563270295,0.10408348259318898,0.38498348259318904,0.6204703720510666,1.7722166968962973,1.7708421199358113,0.9056044279633992,0.01221956128965409,17064615.427441653,341292.30854883307,0.024989757077539972,0.024855687008222892,501.15214350500054,495.7892048786628,104501304.4494093,2090026.0889881859,268.37936762436425,5.367587352487285,103383013.14925681,2067660.2629851361,265.5073813507379,5.310147627014757,"[0.609,0.702]",0.649,"[0.100,0.145]",0.12,0.0036,0.0,146,0.5274,0.018,0.5554825225290001,67,1.770482522529,0.005,0.0,105,0.5275,0.008,0.8541835225290001,114,1.7701835225290001,0.528757425591138,0.5286502259503857,0.9226656511466291,0.9142341636080695,0.5421605589714925,0.538130853173863,0.9146874352231479,0.9122532897676005
26,56,1.65,13.539,0.54,200185.27,4003.7054,Baran:1988tw,0.994079135,0.017234035,0.0089,1.6588999999999998,1.1099999999999999,1.1188999999999998,1.0,0.0,0.0,200185.27,4003.7054,0.23630012742751225,0.013894603034727133,0.9861053969652729,0.014090383317531372,0.0014490866616871934,0.5385509133383128,4.433234524286382,1.010816973370064,0.10179186183241096,0.10316149231421662,0.39476149231421664,0.6283004793203779,1.7918992006965893,1.7905295702147837,0.9026594283370105,0.012111848010593578,16528053.342884485,330561.0668576897,0.024989757077539976,0.024855687008222896,534.648984729408,528.9275890835985,107028851.36328241,2140577.0272656484,274.8705922646708,5.497411845293416,105883512.23114921,2117670.2446229844,271.9291419773573,5.438582839547147,"[0.609,0.702]",0.649,"[0.100,0.145]",0.12,0.0036,0.0,149,0.5382,0.018,0.5554825225290001,68,1.788482522529,0.005,0.0,107,0.5375,0.008,0.8541835225290001,117,1.7941835225290002,0.5394479653716076,0.5386502259503857,0.9164493125350213,0.9121440056621531,0.548227428028529,0.5509203078421738,0.9104286514172026,0.9095392964600986
26,56,1.65,13.539,0.55,192211.5007,3844.230013,Baran:1988tw,1.004102249,0.017324666,0.0089,1.6588999999999998,1.0999999999999999,1.1088999999999998,1.0,0.0,0.0,192211.5007,3844.230013,0.23630012742751225,0.013894603034727133,0.9861053969652729,0.014090383317531372,0.0014490866616871934,0.5485509133383129,4.433234524286382,1.010816973370064,0.10087481803211897,0.10223950203524426,0.40473950203524434,0.6361914036162736,1.8115817044968812,1.810217020493756,0.8996363045384455,0.012001111905858714,16016141.021580342,320322.82034828124,0.024989757077539976,0.024855687008222896,570.2840160240379,564.181282119463,109615146.54520318,2192302.930333779,281.51269371087676,5.630253872752936,108442130.90303206,2168842.61749646,278.5001648441986,5.570003295435047,"[0.609,0.702]",0.649,"[0.100,0.145]",0.12,0.0036,0.0,152,0.5489999999999999,0.018,0.5554825225290001,69,1.806482522529,0.005,0.0,109,0.5475,0.008,0.8541835225290001,119,1.8101835225290002,0.5501363370739369,0.5486502259503857,0.9089886803689323,0.9100244852075309,0.5542696367541396,0.5594466109543811,0.9056876665208949,0.9077037539849282
26,56,1.65,13.539,0.56,184515.4921,3690.309842,Baran:1988tw,1.002625838,0.017884677,0.0089,1.6588999999999998,1.0899999999999999,1.0988999999999998,1.0,0.0,0.0,184515.4921,3690.309842,0.23630012742751225,0.013894603034727133,0.9861053969652729,0.014090383317531372,0.0014490866616871934,0.5585509133383129,4.433234524286382,1.010816973370064,0.09995777423182697,0.1013175117562719,0.41491751175627195,0.6441409098607788,1.8312642082971733,1.8299044707727283,0.8965341799204735,0.011887768065313425,15521457.946204908,310429.1589240982,0.024989757077539972,0.024855687008222892,608.1795900883811,601.671327362767,112218556.35033393,2244371.127006679,288.198748787886,5.763974975757721,111017681.05080114,2220353.621016023,285.1146709844328,5.702293419688657,"[0.609,0.702]",0.649,"[0.100,0.145]",0.12,0.0036,0.0,155,0.5598,0.018,0.5554825225290001,70,1.824482522529,0.005,0.0,111,0.5575,0.008,0.8541835225290001,121,1.826183522529,0.560822542016659,0.5586502259503857,0.899874458985185,0.9078760775830795,0.5602874834403583,0.5679729140665883,0.9003785455499436,0.9058475865871626
26,56,1.65,13.539,0.57,177145.3982,3542.907965,Baran:1988tw,1.027404617,0.019249724,0.0089,1.6588999999999998,1.08,1.0889,1.0,0.0,0.0,177145.3982,3542.907965,0.23630012742751225,0.013894603034727133,0.9861053969652729,0.014090383317531372,0.0014490866616871934,0.5685509133383128,4.433234524286382,1.010816973370064,0.09904073043153501,0.10039552147729958,0.42529552147729954,0.6521468557597281,1.850946712097465,1.8495919210517004,0.8933521817014388,0.011772199592038141,15047773.936810266,300955.47882115125,0.024989757077539972,0.024855687008222892,648.4643912715459,641.5250320832716,114872482.81031859,2297449.6568548363,295.0145403113025,5.900290807891431,113643207.26365893,2272864.1459147036,291.8575252330043,5.837150506307646,"[0.609,0.702]",0.649,"[0.100,0.145]",0.12,0.0036,0.0,157,0.567,0.018,0.5554825225290001,71,1.842482522529,0.005,0.0,113,0.5675,0.008,0.8541835225290001,124,1.850183522529,0.5679454755403412,0.5686502259503857,0.8925897538521513,0.9056992610630735,0.5662812604136948,0.5807623687348992,0.8943936147221883,0.9030253163076791
26,56,1.65,13.539,0.58,170033.2973,3400.665945,Baran:1988tw,1.029210177,0.020231331,0.0089,1.6588999999999998,1.0699999999999998,1.0788999999999997,1.0,0.0,0.0,170033.2973,3400.665945,0.23630012742751225,0.013894603034727133,0.9861053969652729,0.014090383317531372,0.0014490866616871934,0.5785509133383128,4.433234524286382,1.010816973370064,0.09812368663124299,0.0994735311983272,0.43587353119832717,0.6602071880844128,1.870629215897757,1.8692793713306728,0.8900894415152745,0.011654759579056451,14589172.444667932,291783.4488075568,0.02498975707753998,0.0248556870082229,691.2737478927712,683.8762764222927,117539554.69113682,2350791.0931314626,301.8640917934971,6.037281834094618,116281738.22532867,2325634.763822697,298.6337781676559,5.972675561596793,"[0.609,0.702]",0.649,"[0.070,0.100]",0.093,0.0036,0.0,160,0.5778,0.018,0.5554825225290001,72,1.860482522529,0.005,0.0,115,0.5775,0.008,0.8811835225290001,123,1.869183522529,0.5786280721435446,0.578391425111549,0.8792008112664795,0.8853069576871694,0.5722512542008388,0.5764992171787955,0.8875961246450033,0.8858262620907524
26,56,2.015,35.51,0.5521,966.7497588,19.33499518,Arrington:1995hs,0.871994011,0.00735454,0.0089,2.0239000000000003,1.4629,1.4718,1.0,0.0,0.0,966.7497588,19.33499518,0.6197664173831864,0.09299292291419338,0.9070070770858067,0.10252722968047566,0.014373182560932563,0.5377268174390675,4.433234524286382,1.008853255669329,1.0964771362652586,1.108020355226031,1.4128347652260311,1.1886272608459016,0.8199201328637415,0.8083769139029691,0.7927293571921095,-4.511140597901595e-05,-21430273.293847103,-428605.4659656114,0.00034408017637587145,0.0003425671008436093,3779.0318975518644,3745.8687636832233,3653378.1754557714,73067.56352423155,9.382574979206549,0.18765149962295205,3621317.7237872104,72426.35449072768,9.300237597966246,0.18600475199780533,"[0.878,1.302]",0.991,"[1.050,1.500]",1.25,0.002,0.0,268,0.537,0.12,-0.005397477470999945,6,0.7746025225290001,0.005,0.0,107,0.5375,0.1,-0.2758164774709999,10,0.7741835225290001,0.5435812139257266,0.5494815203165176,0.7732156543676258,0.7970768805667495,0.38712638227275475,0.6095386417385985,0.8051652396605856,0.7898876855546655
26,56,2.015,35.51,0.5618,1021.626614,20.43253228,Arrington:1995hs,0.871159764,0.005931717,0.0089,2.0239000000000003,1.4532000000000003,1.4621000000000002,1.0,0.0,0.0,1021.626614,20.43253228,0.6197664173831864,0.09299292291419338,0.9070070770858067,0.10252722968047566,0.014373182560932563,0.5474268174390674,4.433234524286382,1.008853255669329,1.089206763565981,1.100717870210613,1.416337110210613,1.1900996219689397,0.8453930017630189,0.8338818951183868,0.7912320958048459,-2.891784117847139e-05,-35328592.05135187,-706571.8410270374,0.00034408017637587156,0.0003425671008436094,3841.0811081386737,3807.3734574908895,3924150.686607081,78483.01373214163,10.07797065580339,0.20155941311606781,3889714.0536098904,77794.2810721978,9.989530785740595,0.19979061571481188,"[0.878,1.302]",0.991,"[1.050,1.500]",1.25,0.002,0.0,273,0.547,0.12,-0.005397477470999945,6,0.7746025225290001,0.005,0.0,109,0.5475,0.1,-0.2758164774709999,11,0.8741835225290002,0.5534771527682878,0.5594815203165177,0.7704086780349337,0.7959227699943069,0.38712638227275475,0.6628280361898936,0.8051652396605856,0.7830083889355837
26,56,2.015,35.51,0.5729,1079.678377,21.59356754,Arrington:1995hs,0.914161125,0.005816547,0.0089,2.0239000000000003,1.4421000000000002,1.451,1.0,0.0,0.0,1079.678377,21.59356754,0.6197664173831864,0.09299292291419338,0.9070070770858067,0.10252722968047566,0.014373182560932563,0.5585268174390674,4.433234524286382,1.008853255669329,1.0808870587245398,1.092361418285753,1.420575828285753,1.1918791164735427,0.8745423672044601,0.8630680076432469,0.7894742375264387,-1.0667468998206476e-05,-101212234.80298153,-2024244.6960596305,0.0003440801763758715,0.00034256710084360934,3914.735698859003,3880.38168768336,4226655.485728049,84533.10971456098,10.854860926400194,0.21709721852800393,4189564.2026984906,83791.28405396981,10.7596034065415,0.21519206813083,"[0.878,1.302]",0.991,"[1.050,1.500]",1.25,0.002,0.0,279,0.559,0.12,-0.005397477470999945,7,0.894602522529,0.005,0.0,111,0.5575,0.1,-0.2758164774709999,11,0.8741835225290002,0.565349827843356,0.5694815203165177,0.7668782014156015,0.7947512732350622,0.43164799134548637,0.6628280361898936,0.7980425353149024,0.7830083889355837
26,56,2.015,35.51,0.5839,1131.650123,22.63300246,Arrington:1995hs,0.96319523,0.005929394,0.0089,2.0239000000000003,1.4311000000000003,1.4400000000000002,1.0,0.0,0.0,1131.650123,22.63300246,0.6197664173831864,0.09299292291419338,0.9070070770858067,0.10252722968047566,0.014373182560932563,0.5695268174390674,4.433234524286382,1.008853255669329,1.0726423061789676,1.0840802497115674,1.4250194597115673,1.19374178937975,0.9034291257500324,0.8919911822174327,0.7876848158244326,7.118693827007816e-06,158968787.0416059,3179375.740832118,0.00034408017637587145,0.0003425671008436093,3990.6123911263235,3955.592519229896,4515977.003263428,90319.54006526856,11.597894004555283,0.23195788009110566,4476346.760924391,89526.93521848784,11.49611595083826,0.22992231901676521,"[0.878,1.302]",0.991,"[1.050,1.500]",1.25,0.002,0.0,284,0.5690000000000001,0.12,-0.005397477470999945,7,0.894602522529,0.005,0.0,113,0.5675,0.1,-0.2758164774709999,11,0.8741835225290002,0.5752416820189978,0.5794815203165177,0.7637931191992245,0.7935625584473833,0.43164799134548637,0.6628280361898936,0.7980425353149024,0.7830083889355837
26,56,2.015,35.51,0.595,1178.158932,23.56317865,Arrington:1995hs,0.942147931,0.005652888,0.0089,2.0239000000000003,1.4200000000000002,1.4289,1.0,0.0,0.0,1178.158932,23.56317865,0.6197664173831864,0.09299292291419338,0.9070070770858067,0.10252722968047566,0.014373182560932563,0.5806268174390674,4.433234524286382,1.008853255669329,1.0643226013375262,1.0757237977867076,1.4297487977867076,1.1957210367751785,0.9325784911914738,0.9211772947422925,0.7858307169895828,2.475960496575966e-05,47583914.75265011,951678.2954568858,0.0003440801763758715,0.00034256710084360934,4070.195554562506,4034.4772955726976,4795337.24759451,95906.74499259215,12.315344624985194,0.24630689260423427,4753255.4617301775,95065.10927494834,12.207270537888595,0.24414541086138505,"[0.878,1.302]",0.991,"[1.050,1.500]",1.25,0.002,0.0,290,0.581,0.12,-0.005397477470999945,7,0.894602522529,0.005,0.0,116,0.5825,0.1,-0.2758164774709999,11,0.8741835225290002,0.5871094585275642,0.5944815203165177,0.7599083994876077,0.7917475744535984,0.43164799134548637,0.6628280361898936,0.7980425353149024,0.7830083889355837
26,56,2.015,35.51,0.6061,1218.662605,24.37325209,Arrington:1995hs,0.960068846,0.00561271,0.0089,2.0239000000000003,1.4089,1.4178,1.0,0.0,0.0,1218.662605,24.37325209,0.6197664173831864,0.09299292291419338,0.9070070770858067,0.10252722968047566,0.014373182560932563,0.5917268174390674,4.433234524286382,1.008853255669329,1.056002896496085,1.0673673458618473,1.4347245558618473,1.1977998813916486,0.9617278566329153,0.950363407267153,0.7839274061961212,4.2088109071156154e-05,28955033.42617914,579100.6682859861,0.00034408017637587135,0.0003425671008436092,4152.918744998944,4116.474543409852,5061006.776133744,101220.1354811457,12.997634864729905,0.2599526971879432,5016593.590488036,100331.87176859599,12.883573296402314,0.25767146582232736,"[0.878,1.302]",0.991,"[1.050,1.500]",1.25,0.002,0.0,295,0.591,0.12,-0.005397477470999945,7,0.894602522529,0.005,0.0,118,0.5925,0.1,-0.2758164774709999,12,0.9741835225290001,0.596997233090093,0.6044815203165177,0.7565095513478411,0.790516561237672,0.43164799134548637,0.7161174306411887,0.7980425353149024,0.7756868909196452
26,56,2.015,35.51,0.6172,1253.371486,25.06742972,Arrington:1995hs,0.925503742,0.005361539,0.0089,2.0239000000000003,1.3978000000000002,1.4067,1.0,0.0,0.0,1253.371486,25.06742972,0.6197664173831864,0.09299292291419338,0.9070070770858067,0.10252722968047566,0.014373182560932563,0.6028268174390674,4.433234524286382,1.008853255669329,1.0476831916546439,1.0590108939369876,1.4399467339369876,1.1999778056018318,0.990877222074356,0.9795495197920123,0.7819742967412887,5.910049482644034e-05,21207461.793353166,424149.23586706334,0.0003440801763758714,0.00034256710084360924,4238.896617763097,4201.697911903728,5312912.152806107,106258.24305612214,13.644576125881676,0.27289152251763354,5266288.355565872,105325.76711131744,13.52483728352456,0.2704967456704912,"[0.878,1.302]",0.991,"[1.050,1.500]",1.25,0.002,0.0,301,0.603,0.12,-0.005397477470999945,8,1.014602522529,0.005,0.0,120,0.6025,0.1,-0.2758164774709999,12,0.9741835225290001,0.6088601170904795,0.6144815203165177,0.7522239582698216,0.7892689314827172,0.47476752402222344,0.7161174306411887,0.7898036209410758,0.7756868909196452
26,56,2.015,35.51,0.6282,1282.455951,25.64911901,Arrington:1995hs,0.95129973,0.00545048,0.0089,2.0239000000000003,1.3868,1.3957,1.0,0.0,0.0,1282.455951,25.64911901,0.6197664173831864,0.09299292291419338,0.9070070770858067,0.10252722968047566,0.014373182560932563,0.6138268174390674,4.433234524286382,1.008853255669329,1.0394384391090714,1.0507297253628018,1.4453649653628018,1.2022333240111096,1.0197639806199286,1.0084726943661981,0.779989076579067,7.564447493869368e-05,16953729.29800056,339074.58582781383,0.0003440801763758714,0.00034256710084360924,4327.428270176373,4289.452649191599,5549736.137613325,110994.72270899222,14.252785483800391,0.28505570956487114,5501034.076488482,110020.68148687511,14.127709261684748,0.2825541851235336,"[0.878,1.302]",0.991,"[1.050,1.500]",1.25,0.002,0.0,306,0.613,0.12,-0.005397477470999945,8,1.014602522529,0.005,0.0,122,0.6125,0.1,-0.2758164774709999,12,0.9741835225290001,0.6187438170832991,0.6244815203165177,0.7484689384550236,0.7880048605042084,0.47476752402222344,0.7161174306411887,0.7898036209410758,0.7756868909196452
26,56,2.015,35.51,0.6393,1307.040111,26.14080221,Arrington:1995hs,0.964010201,0.00542447,0.0089,2.0239000000000003,1.3757000000000001,1.3846,1.0,0.0,0.0,1307.040111,26.14080221,0.6197664173831864,0.09299292291419338,0.9070070770858067,0.10252722968047566,0.014373182560932563,0.6249268174390674,4.433234524286382,1.008853255669329,1.0311187342676302,1.0423732734379418,1.451077763437942,1.2046068916613177,1.0489133460613698,1.0376588068910582,0.7779350656409438,9.201790860902572e-05,14204192.757232444,284083.85503597435,0.0003440801763758714,0.00034256710084360924,4420.246963567414,4381.4568062574945,5777440.081908566,115548.80159396885,14.837572830690542,0.29675145650029044,5726739.790392501,114534.79576403546,14.707364770158248,0.29414729529064076,"[0.878,1.302]",0.991,"[0.650,1.050]",0.8,0.002,0.0,312,0.625,0.12,-0.005397477470999945,8,1.014602522529,0.005,0.0,124,0.6225,0.1,0.17418352252900005,8,1.0241835225290001,0.6306018146213432,0.6301681730025713,0.7437268220631801,0.7652037821761162,0.47476752402222344,0.5029598528360083,0.7898036209410758,0.7874667502493956
26,56,2.015,35.51,0.6504,1327.516053,26.55032107,Arrington:1995hs,0.949141064,0.005273006,0.0089,2.0239000000000003,1.3646000000000003,1.3735000000000002,1.0,0.0,0.0,1327.516053,26.55032107,0.6197664173831864,0.09299292291419338,0.9070070770858067,0.10252722968047566,0.014373182560932563,0.6360268174390674,4.433234524286382,1.008853255669329,1.022799029426189,1.034016821513082,1.457036981513082,1.2070778688688986,1.078062711502811,1.066844919415918,0.7758294928143172,0.00010806636069758332,12284267.226458818,245685.34462171205,0.00034408017637587145,0.0003425671008436093,4516.693021260344,4477.056495460006,5995982.492196177,119919.64988909046,15.398831603306993,0.30797663218213717,5943364.36791108,118867.28740299215,15.263698180852433,0.30527396373202803,"[0.878,1.302]",0.991,"[0.650,1.050]",0.8,0.002,0.0,318,0.637,0.12,-0.005397477470999945,8,1.014602522529,0.005,0.0,127,0.6375000000000001,0.1,0.17418352252900005,8,1.0241835225290001,0.6424571493600979,0.6451681730025713,0.7387083147995618,0.76234340710694,0.47476752402222344,0.5029598528360083,0.7898036209410758,0.7874667502493956
26,56,2.015,35.51,0.6614,1344.389145,26.88778289,Arrington:1995hs,0.966981923,0.005325839,0.0089,2.0239000000000003,1.3536000000000001,1.3625,1.0,0.0,0.0,1344.389145,26.88778289,0.6197664173831864,0.09299292291419338,0.9070070770858067,0.10252722968047566,0.014373182560932563,0.6470268174390674,4.433234524286382,1.008853255669329,1.0145542768806166,1.0257356529388963,1.4631856129388963,1.20962209509371,1.1069494700483835,1.0957680939901038,0.7736914399382552,0.00012364744274425473,10872761.418775618,217455.22829463726,0.00034408017637587145,0.0003425671008436093,4615.981734516803,4575.473894322029,6205675.737402663,124113.51470189342,15.937364024888984,0.3187472803792324,6151217.436757414,123024.34868939352,15.797504677045676,0.3159500934234065,"[0.878,1.302]",0.991,"[0.650,1.050]",0.8,0.002,0.0,323,0.647,0.12,-0.005397477470999945,9,1.134602522529,0.005,0.0,129,0.6475,0.1,0.17418352252900005,9,1.124183522529,0.6523345621865886,0.6551681730025712,0.734299265719897,0.7604112869267708,0.5166096490576481,0.5562492472873034,0.7802907937863304,0.7785962875521549
26,56,2.015,35.51,0.6725,1358.972634,27.17945268,Arrington:1995hs,1.022831487,0.005666045,0.0089,2.0239000000000003,1.3425000000000002,1.3514000000000002,1.0,0.0,0.0,1358.972634,27.17945268,0.6197664173831864,0.09299292291419338,0.9070070770858067,0.10252722968047566,0.014373182560932563,0.6581268174390674,4.433234524286382,1.008853255669329,1.0062345720391754,1.0173792010140363,1.4696354510140364,1.2122852185084318,1.1360988354898247,1.1249542065149638,0.7714814452955812,0.0001390426034158802,9773785.880110975,195475.71760221952,0.00034408017637587145,0.0003425671008436093,4720.058298315127,4678.637127640114,6414430.058294866,128288.60116589733,16.473485108975794,0.32946970217951593,6358139.82087928,127162.7964175856,16.32892099658872,0.3265784199317744,"[0.878,1.302]",0.991,"[0.650,1.050]",0.8,0.002,0.0,329,0.659,0.12,-0.005397477470999945,9,1.134602522529,0.005,0.0,131,0.6575,0.1,0.17418352252900005,9,1.124183522529,0.6641850197821313,0.6651681730025713,0.7287150213098311,0.7584594446151386,0.5166096490576481,0.5562492472873034,0.7802907937863304,0.7785962875521549
26,56,2.015,35.51,0.6836,1371.456579,27.42913158,Arrington:1995hs,1.035395522,0.006059251,0.0089,2.0239000000000003,1.3314000000000001,1.3403,1.0,0.0,0.0,1371.456579,27.42913158,0.6197664173831864,0.09299292291419338,0.9070070770858067,0.10252722968047566,0.014373182560932563,0.6692268174390674,4.433234524286382,1.008853255669329,0.997914867197734,1.0090227490891763,1.4763317090891763,1.2150439124118833,1.1652482009312661,1.1541403190398238,0.7692181169025232,0.0001541072217184485,8899366.062841816,177987.32125683632,0.0003440801763758715,0.00034256710084360934,4828.184215904341,4785.814179388316,6621645.007525965,132432.9001505193,17.0056527917618,0.34011305583523604,6563536.342193591,131270.72684387185,16.85641860815457,0.33712837216309144,"[0.878,1.302]",0.991,"[0.650,1.050]",0.8,0.002,0.0,334,0.669,0.12,-0.005397477470999945,9,1.134602522529,0.005,0.0,133,0.6675,0.1,0.17418352252900005,9,1.124183522529,0.6740583708298757,0.6751681730025713,0.7237987649439168,0.7564882587263181,0.5166096490576481,0.5562492472873034,0.7802907937863304,0.7785962875521549
26,56,2.015,35.51,0.6947,1382.723486,27.65446971,Arrington:1995hs,1.084815594,0.006856035,0.0089,2.0239000000000003,1.3203,1.3292,1.0,0.0,0.0,1382.723486,27.65446971,0.6197664173831864,0.09299292291419338,0.9070070770858067,0.10252722968047566,0.014373182560932563,0.6803268174390674,4.433234524286382,1.008853255669329,0.9895951623562929,1.000666297164316,1.4832743871643161,1.2178975273660408,1.1943975663727069,1.1833264315646836,0.7669008613808869,0.00016884015579130988,8189541.63788546,163790.83269848156,0.0003440801763758714,0.00034256710084360924,4940.512729254815,4897.156946752385,6831362.983622593,136627.2596230467,17.544248727007016,0.3508849744132584,6771413.924902575,135428.27844907992,17.390288060642863,0.3478057610870889,"[0.878,1.302]",0.991,"[0.650,1.050]",0.8,0.002,0.0,340,0.681,0.12,-0.005397477470999945,9,1.134602522529,0.005,0.0,136,0.6825,0.1,0.17418352252900005,10,1.224183522529,0.6859039572964534,0.6901681730025713,0.7175582352983196,0.7534960401956008,0.5166096490576481,0.6095386417385985,0.7802907937863304,0.7690614580516583
26,56,2.02,15.022,0.06,63459.191,1269.18382,Day:1993md,1.424537543,0.038449907,0.0089,2.0289,1.96,1.9688999999999999,1.0,0.0,0.0,63459.191,1269.18382,0.2621833602345882,0.01708681214656518,0.9829131878534348,0.01738384666898278,0.0026696316801255726,0.057330368319874425,4.433234524286382,1.0088312935006374,0.27060042660272343,0.2730268366277065,0.2766268366277065,0.5259532646801486,0.7223485559262766,0.7199221459012934,0.9659725324201986,-0.0033168392151223854,-19132429.063993223,-382648.5812798645,0.010989785299089106,0.010941577359238992,91.0273838297084,90.2305315231093,5776524.136679777,115530.48273359553,14.835220507888678,0.29670441015777355,5725956.533956515,114519.13067913028,14.705353217593567,0.2941070643518713,"[0.523,0.609]",0.57,"[0.206,0.322]",0.265,0.0036,0.0,15,0.055799999999999995,0.06,0.6517835225290001,1,0.741783522529,0.005,0.0,11,0.0575,0.015,0.7091835225290001,0,0.716683522529,0.058881005077026316,0.06004008230710174,0.966050383823954,0.965958986677427,0.09453071926566958,0.05399670458384714,0.9654830265978452,0.9660433609464533
26,56,2.02,15.022,0.075,107989.9344,2159.798689,Day:1993md,1.194555777,0.026854355,0.0089,2.0289,1.945,1.9539,1.0,0.0,0.0,107989.9344,2159.798689,0.2621833602345882,0.01708681214656518,0.9829131878534348,0.01738384666898278,0.0026696316801255726,0.07233036831987442,4.433234524286382,1.0088312935006374,0.2685295049705598,0.27094679063785654,0.27657179063785653,0.5259009323416879,0.7525676675584403,0.7501503818911436,0.9657268474670029,-0.0026725992443810413,-40406332.75903281,-808126.6555548238,0.010989785299089106,0.010941577359238992,92.37009349309339,91.56148712692072,9975040.336841023,199500.80682919055,25.617814358718768,0.5123562874115994,9887718.988402613,197754.37985961378,25.39355640904549,0.5078711284160574,"[0.523,0.609]",0.57,"[0.206,0.322]",0.265,0.0036,0.0,20,0.0738,0.06,0.6517835225290001,1,0.741783522529,0.005,0.0,14,0.0725,0.015,0.7091835225290001,2,0.746683522529,0.07685761599552876,0.07504008230710174,0.9657995696348849,0.9657110055028523,0.09453071926566958,0.06998352291923568,0.9654830265978452,0.9658007398130211
26,56,2.02,15.022,0.09,159241.8296,3184.836593,Day:1993md,1.01732064,0.020785996,0.0089,2.0289,1.93,1.9388999999999998,1.0,0.0,0.0,159241.8296,3184.836593,0.2621833602345882,0.01708681214656518,0.9829131878534348,0.01738384666898278,0.0026696316801255726,0.08733036831987442,4.433234524286382,1.0088312935006374,0.26645858333839606,0.2688667446480066,0.2769667446480066,0.5262763006710511,0.782786779190604,0.7803786178809935,0.9654232500218136,-0.002034117269809031,-78285471.52296196,-1565709.4309508528,0.010989785299089106,0.010941577359238992,94.04336627611717,93.22011210594722,14975637.707551837,299512.7542450801,38.460306298569506,0.7692061262129115,14844541.207268145,296890.824238583,38.12362537358701,0.7624725077111472,"[0.523,0.609]",0.57,"[0.206,0.322]",0.265,0.0036,0.0,24,0.0882,0.06,0.6517835225290001,2,0.8017835225290001,0.005,0.0,17,0.08750000000000001,0.015,0.7091835225290001,4,0.7766835225290001,0.091234452054195,0.09004008230710175,0.9655474902172227,0.9654081229297107,0.12318049522671026,0.08597034125462422,0.9648123716308558,0.9654957213898022
26,56,2.02,15.022,0.105,210605.7512,4212.115025,Day:1993md,1.035109434,0.038982791,0.0089,2.0289,1.915,1.9239,1.0,0.0,0.0,210605.7512,4212.115025,0.2621833602345882,0.01708681214656518,0.9829131878534348,0.01738384666898278,0.0026696316801255726,0.10233036831987442,4.433234524286382,1.0088312935006374,0.26438766170623235,0.2667866986581566,0.2778116986581566,0.5270784558850385,0.8130058908227678,0.8106068538708435,0.9650604930164572,-0.0014043680407357666,-149964784.9360492,-2999295.699433048,0.010989785299089108,0.010941577359238994,96.06309806065907,95.22216318976467,20231440.929664366,404628.81868935045,51.95821575090103,1.0391643152647292,20054335.209469378,401086.7042846097,51.5033743358678,1.0300674869619046,"[0.523,0.609]",0.57,"[0.206,0.322]",0.265,0.0036,0.0,28,0.1026,0.06,0.6517835225290001,2,0.8017835225290001,0.005,0.0,20,0.10250000000000001,0.015,0.7091835225290001,6,0.8066835225290001,0.10560733371667652,0.10504008230710175,0.9652476146792495,0.9650504423673525,0.12318049522671026,0.10195715959001277,0.9648123716308558,0.9651284239996546
26,56,2.02,15.022,0.12,254921.9213,5098.438427,Day:1993md,0.910082581,0.03287281,0.0089,2.0289,1.9,1.9088999999999998,1.0,0.0,0.0,254921.9213,5098.438427,0.2621833602345882,0.01708681214656518,0.9829131878534348,0.01738384666898278,0.0026696316801255726,0.11733036831987442,4.433234524286382,1.0088312935006374,0.26231674007406863,0.2647066526683066,0.27910665266830664,0.5283054539452594,0.8432250024549313,0.8408350898606933,0.964637312201038,-0.0007862153981921426,-324239288.4776594,-6484785.770825105,0.010989785299089106,0.010941577359238992,98.44735626784322,97.5855496375728,25096389.20670419,501927.78423253115,64.45233483387645,1.2890466969303607,24876695.804726575,497533.9161921171,63.88812009412129,1.2777624021330445,"[0.523,0.609]",0.57,"[0.206,0.322]",0.265,0.0036,0.0,32,0.11699999999999999,0.06,0.6517835225290001,3,0.861783522529,0.005,0.0,23,0.11750000000000001,0.015,0.7091835225290001,8,0.8366835225290001,0.11997626424418684,0.12004008230710175,0.9648975661779413,0.9646380858087622,0.15107704591224025,0.1179439779254013,0.9639532804918938,0.9646989899758905
26,56,2.02,15.022,0.135,286953.9897,5739.079795,Day:1993md,0.857280292,0.022616866,0.0089,2.0289,1.885,1.8939,1.0,0.0,0.0,286953.9897,5739.079795,0.2621833602345882,0.01708681214656518,0.9829131878534348,0.01738384666898278,0.0026696316801255726,0.13233036831987444,4.433234524286382,1.0088312935006374,0.260245818441905,0.26262660667845666,0.28085160667845666,0.5299543439565871,0.8734441140870952,0.8710633258505436,0.9641524262233386,-0.00018236805681714005,-1573488223.256817,-31469764.47061976,0.010989785299089103,0.010941577359238988,101.21652355364078,100.33047567588845,29044485.257281244,580889.7052468414,74.59180177122059,1.4918360356843552,28790230.283694994,575804.6057742303,73.93882629511577,1.4787765261599832,"[0.523,0.609]",0.57,"[0.206,0.322]",0.265,0.0036,0.0,36,0.1314,0.06,0.6517835225290001,3,0.861783522529,0.005,0.0,26,0.1325,0.015,0.7091835225290001,10,0.866683522529,0.13434124689345595,0.13504008230710174,0.9644944884665858,0.9641711937267212,0.15107704591224025,0.1339307962607898,0.9639532804918938,0.9642075855246122
26,56,2.02,15.022,0.15,304326.2956,6086.525912,Day:1993md,0.851060207,0.021851546,0.0089,2.0289,1.87,1.8789,1.0,0.0,0.0,304326.2956,6086.525912,0.2621833602345882,0.01708681214656518,0.9829131878534348,0.01738384666898278,0.0026696316801255726,0.14733036831987442,4.433234524286382,1.0088312935006374,0.25817489680974126,0.2605465606886067,0.28304656068860673,0.5320212032321707,0.9036632257192587,0.9012915618403933,0.9636045367266607,0.0004046599109311479,752054471.8643516,15041089.43728703,0.010989785299089106,0.010941577359238992,104.39344949932084,103.47959086110059,31769671.771033987,635393.4354206797,81.59060276296783,1.6318120552593567,31491560.55696236,629831.2111392472,80.8763598915028,1.617527197830056,"[0.523,0.609]",0.57,"[0.206,0.322]",0.265,0.0036,0.0,40,0.14579999999999999,0.06,0.6517835225290001,4,0.9217835225290001,0.005,0.0,29,0.1475,0.015,0.7091835225290001,12,0.8966835225290001,0.14870228491675874,0.15004008230710172,0.9640349842447756,0.9636499249544469,0.17827682984594106,0.14991761459617833,0.9628924885294751,0.963654400564247
26,56,2.02,15.022,0.165,307254.7391,6145.094783,Day:1993md,0.882004296,0.031895358,0.0089,2.0289,1.855,1.8639,1.0,0.0,0.0,307254.7391,6145.094783,0.2621833602345882,0.01708681214656518,0.9829131878534348,0.01738384666898278,0.0026696316801255726,0.16233036831987444,4.433234524286382,1.0088312935006374,0.25610397517757755,0.25846651469875676,0.28569151469875675,0.5345011830658158,0.9338823373514225,0.9315197978302432,0.9629923284669711,0.0009725827303701166,315916301.5192282,6318326.031412754,0.010989785299089104,0.01094157735923899,108.00361073346525,107.05814879977949,33184621.237768825,663692.42486338,85.22446403487729,1.7044892809749195,32894123.578005224,657882.4716671626,84.47841039818363,1.6895682082386183,"[0.523,0.609]",0.57,"[0.206,0.322]",0.265,0.0036,0.0,45,0.1638,0.06,0.6517835225290001,4,0.9217835225290001,0.005,0.0,32,0.1625,0.015,0.7091835225290001,14,0.9266835225290001,0.16664804026301283,0.16504008230710174,0.9633750715608247,0.963074456550899,0.17827682984594106,0.16590443293156687,0.9628924885294751,0.9630396485425687
26,56,2.02,15.022,0.18,297765.0541,5955.301081,Day:1993md,0.866454933,0.030762508,0.0089,2.0289,1.84,1.8489,1.0,0.0,0.0,297765.0541,5955.301081,0.2621833602345882,0.01708681214656518,0.9829131878534348,0.01738384666898278,0.0026696316801255726,0.17733036831987442,4.433234524286382,1.0088312935006374,0.25403305354541383,0.25638646870890675,0.28878646870890673,0.5373885639915561,0.9641014489835862,0.9617480338200932,0.962314469450227,0.0015193698665421865,195979307.38067085,3919586.146955249,0.010989785299089108,0.010941577359238994,112.07527994793799,111.09417468508293,33372101.7969704,667442.0358273326,85.70595002383679,1.7141190001889046,33079962.93529857,661599.2585948772,84.95568146626157,1.69911362903992,"[0.523,0.609]",0.57,"[0.206,0.322]",0.265,0.0036,0.0,49,0.1782,0.06,0.6517835225290001,5,0.981783522529,0.005,0.0,35,0.1775,0.015,0.7091835225290001,16,0.956683522529,0.1810002147458576,0.18004008230710172,0.962772832461004,0.9624449836509644,0.2048295861789483,0.18189125126695535,0.9616096030829958,0.9623635662315344
26,56,2.02,15.022,0.195,278863.8703,5577.277406,Day:1993md,0.871392912,0.030982859,0.0089,2.0289,1.825,1.8338999999999999,1.0,0.0,0.0,278863.8703,5577.277406,0.2621833602345882,0.01708681214656518,0.9829131878534348,0.01738384666898278,0.0026696316801255726,0.19233036831987443,4.433234524286382,1.0088312935006374,0.2519621319132502,0.2543064227190568,0.29233142271905677,0.5406768191064388,0.9943205606157499,0.9919762698099432,0.961569611090786,0.002043265734448494,136479492.4118224,2729589.8482364486,0.010989785299089103,0.010941577359238988,116.63970429760775,115.61864213477043,32526599.371078443,650531.9874215688,83.53453783351716,1.6706907566703433,32241862.024532735,644837.2404906547,82.80327778458665,1.6560655556917332,"[0.523,0.609]",0.57,"[0.206,0.322]",0.265,0.0036,0.0,53,0.1926,0.06,0.6517835225290001,5,0.981783522529,0.005,0.0,38,0.1925,0.015,0.7091835225290001,18,0.986683522529,0.19534845514181853,0.19504008230710174,0.9620983327808104,0.9617617193007565,0.2048295861789483,0.1978780696023439,0.9616096030829958,0.9616264135003032
26,56,2.02,15.022,0.21,253916.0252,5078.320503,Day:1993md,0.93731776,0.023314795,0.0089,2.0289,1.81,1.8189,1.0,0.0,0.0,253916.0252,5078.320503,0.2621833602345882,0.01708681214656518,0.9829131878534348,0.01738384666898278,0.0026696316801255726,0.20733036831987442,4.433234524286382,1.0088312935006374,0.24989121028108646,0.25222637672920684,0.2963263767292068,0.5443586838925295,1.0245396722479136,1.0222045057997933,0.9607563883918129,0.0025428020008396632,99856782.05230054,1997135.6406527439,0.010989785299089104,0.01094157735923899,121.73129370291355,120.665659845371,30909526.2394976,618190.5246682207,79.38158427238608,1.5876316851350925,30638944.72607185,612778.8944007714,78.68667911453514,1.5737335819808105,"[0.523,0.609]",0.57,"[0.206,0.322]",0.265,0.0036,0.0,57,0.207,0.06,0.6517835225290001,6,1.0417835225290002,0.005,0.0,41,0.20750000000000002,0.015,0.7091835225290001,20,1.016683522529,0.2096927646842346,0.21004008230710175,0.9613447692624002,0.961024894278289,0.23077940367102456,0.21386488793773242,0.9600758192073652,0.960828473066841
26,56,2.02,15.022,0.225,226209.3615,4524.187229,Day:1993md,0.959288327,0.024976862,0.0089,2.0289,1.795,1.8038999999999998,1.0,0.0,0.0,226209.3615,4524.187229,0.2621833602345882,0.01708681214656518,0.9829131878534348,0.01738384666898278,0.0026696316801255726,0.22233036831987443,4.433234524286382,1.0088312935006374,0.24782028864892272,0.2501463307393569,0.3007713307393569,0.5484262309001612,1.0547587838800774,1.052432741789643,0.9598734201486301,0.003016802624684354,74983149.26176788,1499662.9849038806,0.01098978529908911,0.010941577359238995,127.38781960568824,126.27266860810137,28816317.33587992,576326.3465902106,74.00582284224465,1.4801164565177367,28564059.740739703,571281.1946885214,73.35797701659806,1.467159540007669,"[0.523,0.609]",0.57,"[0.206,0.322]",0.265,0.0036,0.0,61,0.22139999999999999,0.06,0.6517835225290001,6,1.0417835225290002,0.005,0.0,44,0.2225,0.015,0.7091835225290001,22,1.046683522529,0.22403314660204643,0.22504008230710174,0.9605041284556239,0.9602347568998003,0.23077940367102456,0.22985170627312096,0.9600758192073652,0.9599700502285529
26,56,2.02,15.022,0.24,198655.1562,3973.103123,Day:1993md,1.00676974,0.034683218,0.0089,2.0289,1.78,1.7889,1.0,0.0,0.0,198655.1562,3973.103123,0.2621833602345882,0.01708681214656518,0.9829131878534348,0.01738384666898278,0.0026696316801255726,0.23733036831987442,4.433234524286382,1.0088312935006374,0.24574936701675906,0.2480662847495069,0.3056662847495069,0.5528709476446623,1.084977895512241,1.082660977779493,0.9589193091759606,0.003464382069974435,57342161.5132265,1146843.2299758783,0.010989785299089106,0.010941577359238992,133.65062476217025,132.48064926535292,26550385.73835652,531007.7146334797,68.18647644817356,1.3637295286202307,26317964.0732861,526359.2813332414,67.58957309062745,1.3517914614723132,"[0.523,0.609]",0.57,"[0.206,0.322]",0.265,0.0036,0.0,65,0.23579999999999998,0.06,0.6517835225290001,7,1.101783522529,0.005,0.0,47,0.23750000000000002,0.015,0.7091835225290001,24,1.0766835225290001,0.23836960411975383,0.24004008230710175,0.959566944301126,0.9593915728120371,0.25616558047578153,0.24583852460850952,0.9582518177032292,0.959051472572417
26,56,2.02,15.022,0.255,173591.9725,3471.83945,Day:1993md,1.013871768,0.036522426,0.0089,2.0289,1.7650000000000001,1.7739,1.0,0.0,0.0,173591.9725,3471.83945,0.2621833602345882,0.01708681214656518,0.9829131878534348,0.01738384666898278,0.0026696316801255726,0.25233036831987443,4.433234524286382,1.0088312935006374,0.24367844538459535,0.24598623875965697,0.31101123875965697,0.5576838161177505,1.1151970071444048,1.1128892137693431,0.9578926425600408,0.0038849373590818803,44683338.868821464,893666.7773764293,0.010989785299089108,0.010941577359238994,140.5648446930446,139.33434222216243,24400928.65442177,488018.57308843534,62.66625891633031,1.2533251783266062,24187323.303335212,483746.4660667042,62.11767945746295,1.2423535891492588,"[0.523,0.609]",0.57,"[0.206,0.322]",0.265,0.0036,0.0,70,0.25379999999999997,0.06,0.6517835225290001,7,1.101783522529,0.005,0.0,50,0.2525,0.015,0.7091835225290001,26,1.106683522529,0.25628466223445656,0.25504008230710173,0.9582424000118519,0.9584956247708094,0.25616558047578153,0.2618253429438979,0.9582518177032292,0.9580730896651334
26,56,2.02,15.022,0.27,152682.1515,3053.643031,Day:1993md,1.080676414,0.039886784,0.0089,2.0289,1.75,1.7589,1.0,0.0,0.0,152682.1515,3053.643031,0.2621833602345882,0.01708681214656518,0.9829131878534348,0.01738384666898278,0.0026696316801255726,0.26733036831987445,4.433234524286382,1.0088312935006374,0.24160752375243166,0.24390619276980696,0.316806192769807,0.5628553924142567,1.1454161187765686,1.1431174497591932,0.9567919919365929,0.004278134808649226,35688952.856585585,713779.0573654583,0.010989785299089104,0.01094157735923899,148.17964144882907,146.88247916521976,22624386.464905802,452487.72944629565,58.10375826724876,1.1620751657255288,22426332.93659968,448526.658878876,57.595118868318536,1.151902377743593,"[0.523,0.609]",0.57,"[0.206,0.322]",0.265,0.0036,0.0,74,0.2682,0.06,0.6517835225290001,8,1.161783522529,0.005,0.0,53,0.2675,0.015,0.7091835225290001,28,1.1366835225290002,0.2706123016187334,0.27004008230710175,0.9570436243709313,0.9575472124061689,0.2810233226914941,0.2778121612792866,0.9560845212736702,0.9570352727238266
26,56,2.02,15.022,0.285,136843.3859,2736.867717,Day:1993md,1.096143588,0.030253563,0.0089,2.0289,1.735,1.7439,1.0,0.0,0.0,136843.3859,2736.867717,0.2621833602345882,0.01708681214656518,0.9829131878534348,0.01738384666898278,0.0026696316801255726,0.2823303683198744,4.433234524286382,1.0088312935006374,0.23953660212026795,0.241826146779957,0.323051146779957,0.5683758851147337,1.1756352304087319,1.173345685749043,0.9556159137956617,0.004643892400021019,29467389.446702216,589347.7887187077,0.010989785299089106,0.010941577359238992,156.54845039021524,155.17802768289755,21422620.008795228,428452.40001935617,55.01739180299787,1.100347835657911,21235086.72541163,424701.7343530546,54.53577040823934,1.09071540776626,"[0.523,0.609]",0.57,"[0.206,0.322]",0.265,0.0036,0.0,78,0.2826,0.06,0.6517835225290001,8,1.161783522529,0.005,0.0,56,0.28250000000000003,0.015,0.7091835225290001,30,1.166683522529,0.2849360270521615,0.28504008230710176,0.955703168448394,0.9565466519745633,0.2810233226914941,0.293798979614675,0.9560845212736702,0.9559384142678768
26,56,2.02,15.022,0.3,126356.343,2527.126859,Day:1993md,1.282088387,0.046455919,0.0089,2.0289,1.72,1.7288999999999999,1.0,0.0,0.0,126356.343,2527.126859,0.2621833602345882,0.01708681214656518,0.9829131878534348,0.01738384666898278,0.0026696316801255726,0.2973303683198744,4.433234524286382,1.0088312935006374,0.23746568048810426,0.23974610079010705,0.329746100790107,0.574235231233775,1.2058543420408956,1.2035739217388928,0.9543629498143337,0.004982358784778912,25360747.480895627,507214.9494172044,0.010989785299089104,0.01094157735923899,165.72924072729373,164.2784495237201,20940940.786467496,418818.81556362065,53.78034729176217,1.0756069454096189,20757624.11552736,415152.4821462688,53.3095549654737,1.0661910988875756,"[0.523,0.609]",0.57,"[0.206,0.322]",0.265,0.0036,0.0,82,0.297,0.06,0.6517835225290001,9,1.221783522529,0.005,0.0,59,0.2975,0.015,0.7091835225290001,32,1.196683522529,0.2992558417405675,0.3000400823071017,0.9542007233968847,0.9554942760983492,0.3053843171613634,0.30978579795006356,0.9535021446184386,0.9547829277524807
26,56,2.02,15.022,0.315,120894.2335,2417.884671,Day:1993md,1.182852116,0.044832577,0.0089,2.0289,1.705,1.7139,1.0,0.0,0.0,120894.2335,2417.884671,0.2621833602345882,0.01708681214656518,0.9829131878534348,0.01738384666898278,0.0026696316801255726,0.31233036831987443,4.433234524286382,1.0088312935006374,0.23539475885594055,0.23766605480025707,0.33689105480025705,0.5804231687314498,1.2360734536730593,1.2338021577287428,0.9530316272183734,0.005293889919451585,22836559.75840992,456731.1953570954,0.010989785299089106,0.010941577359238992,175.78479060922803,174.24597327790661,21251367.521660622,425027.35060899716,54.5775826116826,1.0915516526851008,21065333.379894003,421306.667772126,54.09981129976527,1.0819962264428022,"[0.523,0.609]",0.57,"[0.206,0.322]",0.265,0.0036,0.0,86,0.3114,0.06,0.6517835225290001,9,1.221783522529,0.005,0.0,62,0.3125,0.015,0.7091835225290001,34,1.226683522529,0.3135717488854013,0.31504008230710173,0.9525115339773893,0.9543904334930577,0.3053843171613634,0.3257726162854521,0.9535021446184386,0.9535692471845758
26,56,2.02,15.022,0.33,119700.9516,2394.019033,Day:1993md,1.111102278,0.043023885,0.0089,2.0289,1.69,1.6988999999999999,1.0,0.0,0.0,119700.9516,2394.019033,0.2621833602345882,0.01708681214656518,0.9829131878534348,0.01738384666898278,0.0026696316801255726,0.32733036831987444,4.433234524286382,1.0088312935006374,0.23332383722377684,0.23558600881040712,0.34448600881040714,0.5869293047807437,1.266292565305223,1.2640303937185928,0.9516204591738181,0.005579024271213711,21455535.194142323,429110.70406208927,0.010989785299089106,0.010941577359238992,186.78297760716856,185.14788231740212,22358100.162259568,447162.0034319743,57.419884033450806,1.1483976811487104,22162377.70011785,443247.5541875048,56.91723125895929,1.138344625654681,"[0.523,0.609]",0.57,"[0.206,0.322]",0.265,0.0036,0.0,90,0.3258,0.06,0.6517835225290001,10,1.281783522529,0.005,0.0,65,0.3275,0.015,0.7091835225290001,36,1.256683522529,0.32788375168375694,0.33004008230710175,0.9506051463964308,0.9532354886828248,0.32927720513153635,0.34175943462084063,0.950406562263705,0.9522978267217781
26,56,2.02,15.022,0.345,121742.9322,2434.858644,Day:1993md,1.158178117,0.045177161,0.0089,2.0289,1.675,1.6839,1.0,0.0,0.0,121742.9322,2434.858644,0.2621833602345882,0.01708681214656518,0.9829131878534348,0.01738384666898278,0.0026696316801255726,0.3423303683198744,4.433234524286382,1.0088312935006374,0.23125291559161315,0.23350596282055713,0.3525309628205571,0.5937431791781335,1.2965116769373868,1.2942586297084429,0.9501279452095833,0.005838457449183379,20851900.225294627,417038.0045058926,0.010989785299089108,0.010941577359238994,198.79708548833955,197.05681888446887,24202140.100164525,484042.8020032905,62.15573182995936,1.2431146365991872,23990274.94099957,479805.4988199914,61.61162151728998,1.2322324303457997,"[0.523,0.609]",0.57,"[0.206,0.322]",0.265,0.0036,0.0,95,0.3438,0.06,0.6517835225290001,10,1.281783522529,0.005,0.0,68,0.3425,0.015,0.7091835225290001,39,1.3016835225290002,0.345768269557972,0.34504008230710176,0.9478581679385409,0.9520298217044119,0.32927720513153635,0.3657396621239235,0.950406562263705,0.9502834756506588
26,56,2.02,15.022,0.36,125855.9414,2517.118827,Day:1993md,1.104437331,0.045051508,0.0089,2.0289,1.6600000000000001,1.6689,1.0,0.0,0.0,125855.9414,2517.118827,0.2621833602345882,0.01708681214656518,0.9829131878534348,0.01738384666898278,0.0026696316801255726,0.3573303683198744,4.433234524286382,1.0088312935006374,0.22918199395944946,0.2314259168307072,0.36102591683070717,0.6008543224698539,1.3267307885695505,1.3244868656982929,0.9485525716721409,0.00607301700492865,20723792.029210467,414475.8404195465,0.010989785299089106,0.010941577359238992,211.90612823864575,210.05110527780417,26669645.257903885,533392.9049461716,68.49275773918656,1.3698551542395156,26436179.59684855,528723.5917269199,67.89317319996803,1.357863463459909,"[0.523,0.609]",0.57,"[0.206,0.322]",0.265,0.0036,0.0,99,0.35819999999999996,0.06,0.6517835225290001,11,1.341783522529,0.005,0.0,71,0.3575,0.015,0.7091835225290001,41,1.331683522529,0.36007149924353854,0.3600400823071017,0.9453095026365547,0.950773827800261,0.3527279769667101,0.38172648045931196,0.9466612663142965,0.9488698208209134
26,56,2.02,20.016,0.06,602.0081015,12.04016203,Day:1993md,2.076384017,0.107805858,0.0089,2.0289,1.96,1.9688999999999999,1.0,0.0,0.0,602.0081015,12.04016203,0.349345103079185,0.03020146294708988,0.9697985370529102,0.031141996809840672,0.004713874021895936,0.05528612597810406,4.433234524286382,1.0088312935006374,0.47829452840047304,0.48258328231404046,0.48618328231404045,0.6972684435094137,0.514654454128527,0.5103657002149595,0.9409562885776118,-0.0024940631399548428,-241376.44787569405,-4827.528957513881,0.003470736947460486,0.0034555121661344473,277.60148951465305,275.17137037985594,167118.34567628842,3342.3669135257687,0.42919192413282564,0.008583838482656514,165655.3942695304,3313.107885390608,0.42543478468390167,0.008508695693678034,"[0.609,0.702]",0.649,"[0.438,0.650]",0.5,0.0036,0.0,15,0.055799999999999995,0.018,0.5554825225290001,-3,0.5104825225290001,0.005,0.0,11,0.0575,0.1,0.4741835225290001,0,0.5241835225290001,0.059803022089752744,0.06229260812660706,0.9408954209053048,0.9409396961724775,0.02696454720224184,0.0766446972256476,0.9412724178367047,0.9407198279175766
26,56,2.02,20.016,0.075,1347.702377,26.95404755,Day:1993md,1.951469437,0.069377336,0.0089,2.0289,1.945,1.9539,1.0,0.0,0.0,1347.702377,26.95404755,0.349345103079185,0.03020146294708988,0.9697985370529102,0.031141996809840672,0.004713874021895936,0.07028612597810406,4.433234524286382,1.0088312935006374,0.4746341110912857,0.47890673742363943,0.4845317374236394,0.6960831397352183,0.5464630614377144,0.5421904351053607,0.9407200107628277,-0.0022704505365150184,-593583.6765986667,-11871.673536377746,0.0034707369474604867,0.003455512166134448,279.8979986582201,277.44777591798925,377219.19810922607,7544.383964983501,0.968771159151747,0.019375423190223257,373917.0270980375,7478.340544735227,0.960290551446038,0.019205811036046152,"[0.609,0.702]",0.649,"[0.438,0.650]",0.5,0.0036,0.0,19,0.0702,0.018,0.5554825225290001,-1,0.5464825225290001,0.005,0.0,14,0.0725,0.1,0.4741835225290001,0,0.5241835225290001,0.07418455189286988,0.07729260812660706,0.9406377083653298,0.9407088332745279,0.04543606396606925,0.0766446972256476,0.9410960719542494,0.9407198279175766
26,56,2.02,20.016,0.09,2685.925512,53.71851025,Day:1993md,1.787093491,0.046538893,0.0089,2.0289,1.93,1.9388999999999998,1.0,0.0,0.0,2685.925512,53.71851025,0.349345103079185,0.03020146294708988,0.9697985370529102,0.031141996809840672,0.004713874021895936,0.08528612597810406,4.433234524286382,1.0088312935006374,0.47097369378209847,0.4752301925332384,0.4833301925332384,0.6952195283025632,0.5782716687469016,0.5740151699957617,0.9404280357801152,-0.0020466980403993037,-1312321.3385575847,-26246.426776037617,0.003470736947460486,0.0034555121661344473,282.74974082296274,280.27455397604007,759444.7423877835,15188.894850583167,1.9503995742594162,0.03900799149244988,752796.574888667,15055.931500576087,1.9333258066287213,0.03866651613977242,"[0.609,0.702]",0.649,"[0.438,0.650]",0.5,0.0036,0.0,23,0.0846,0.018,0.5554825225290001,1,0.5824825225290001,0.005,0.0,17,0.08750000000000001,0.1,0.4741835225290001,0,0.5241835225290001,0.08856212342651304,0.09229260812660707,0.9403217290108002,0.9404285051300753,0.06356706833875447,0.0766446972256476,0.9408335201641309,0.9407198279175766
26,56,2.02,20.016,0.105,4842.57124,96.8514248,Day:1993md,1.561154111,0.031594786,0.0089,2.0289,1.915,1.9239,1.0,0.0,0.0,4842.57124,96.8514248,0.349345103079185,0.03020146294708988,0.9697985370529102,0.031141996809840672,0.004713874021895936,0.10028612597810406,4.433234524286382,1.0088312935006374,0.46731327647291115,0.47155364764283736,0.48257864764283737,0.6946788089778163,0.610080276056089,0.6058399048861628,0.9400791629494459,-0.0018233951138370904,-2655799.1755333045,-53115.98351066608,0.0034707369474604867,0.003455512166134448,286.177351259362,283.67215916382673,1385834.2107479642,27716.684214959285,3.559087717348115,0.0711817543469623,1373702.6395554498,27474.052791108996,3.5279315186567084,0.07055863037313417,"[0.609,0.702]",0.649,"[0.438,0.650]",0.5,0.0036,0.0,27,0.09899999999999999,0.018,0.5554825225290001,2,0.6004825225290001,0.005,0.0,20,0.10250000000000001,0.1,0.4741835225290001,1,0.6241835225290001,0.10293573995721772,0.10729260812660707,0.9399456972719986,0.9400988002630862,0.07251061805531867,0.12993409167694267,0.9406706745226566,0.9395078528888314
26,56,2.02,20.016,0.12,8118.667821,162.3733564,Day:1993md,1.42880584,0.0827722,0.0089,2.0289,1.9,1.9088999999999998,1.0,0.0,0.0,8118.667821,162.3733564,0.349345103079185,0.03020146294708988,0.9697985370529102,0.031141996809840672,0.004713874021895936,0.11528612597810406,4.433234524286382,1.0088312935006374,0.4636528591637238,0.4678771027524363,0.48227710275243635,0.6944617359886982,0.6418888833652762,0.6376646397765636,0.9396721747581991,-0.0016011334764892745,-5070575.276960293,-101411.50552671471,0.003470736947460487,0.0034555121661344486,290.2036803261587,287.6632418084038,2356067.2809997555,47121.345614191036,6.050832095223132,0.12101664188955667,2335442.30455443,46708.84608533534,5.997863204884125,0.11995726408290704,"[0.609,0.702]",0.649,"[0.438,0.650]",0.5,0.0036,0.0,32,0.11699999999999999,0.018,0.5554825225290001,4,0.6364825225290001,0.005,0.0,23,0.11750000000000001,0.1,0.4741835225290001,1,0.6241835225290001,0.12089720386682501,0.12229260812660707,0.9393878650435189,0.9397198226887342,0.09016441789619856,0.12993409167694267,0.9402828261967076,0.9395078528888314
26,56,2.02,20.016,0.135,12678.38587,253.5677175,Day:1993md,1.230440543,0.059550167,0.0089,2.0289,1.885,1.8939,1.0,0.0,0.0,12678.38587,253.5677175,0.349345103079185,0.03020146294708988,0.9697985370529102,0.031141996809840672,0.004713874021895936,0.13028612597810407,4.433234524286382,1.0088312935006374,0.4599924418545366,0.4642005578620353,0.4824255578620353,0.6945686127820888,0.6736974906744636,0.6694893746669649,0.9392058369175575,-0.00138050160355137,-9183897.966785826,-183677.95940815395,0.003470736947460486,0.0034555121661344473,294.8539353819016,292.27278860349435,3738271.968059794,74765.43939068128,9.600598500485477,0.19201197008543366,3705547.19321604,74110.94389354807,9.516555010076528,0.1903311002765918,"[0.609,0.702]",0.649,"[0.438,0.650]",0.5,0.0036,0.0,36,0.1314,0.018,0.5554825225290001,6,0.6724825225290001,0.005,0.0,26,0.1325,0.1,0.4741835225290001,1,0.6241835225290001,0.13526193356096883,0.13729260812660707,0.9388681460200102,0.9392916918315016,0.10752025037456614,0.12993409167694267,0.9398127630046992,0.9395078528888314
26,56,2.02,20.016,0.15,18424.17112,368.4834223,Day:1993md,1.221221832,0.037667909,0.0089,2.0289,1.87,1.8789,1.0,0.0,0.0,18424.17112,368.4834223,0.349345103079185,0.03020146294708988,0.9697985370529102,0.031141996809840672,0.004713874021895936,0.14528612597810406,4.433234524286382,1.0088312935006374,0.45633202454534927,0.4605240129716342,0.4830240129716342,0.6949992899072878,0.7055060979836507,0.7013141095573658,0.9386788984358367,-0.0011620792332105417,-15854487.881259615,-317089.75753913965,0.003470736947460487,0.0034555121661344486,300.15583053960347,297.5282710531955,5530122.384527376,110602.44766053194,14.202413608753645,0.2840482720979871,5481711.7789218165,109634.2355486835,14.078085900241428,0.2815617179284176,"[0.609,0.702]",0.649,"[0.438,0.650]",0.5,0.0036,0.0,40,0.14579999999999999,0.018,0.5554825225290001,8,0.7084825225290001,0.005,0.0,29,0.1475,0.1,0.4741835225290001,2,0.7241835225290001,0.14962271883746325,0.15229260812660705,0.9382797405427646,0.9388145424313015,0.12459271236868863,0.18322348612823774,0.9392605521350804,0.9376765354944231
26,56,2.02,20.016,0.165,24982.5738,499.651476,Day:1993md,1.076750547,0.029700703,0.0089,2.0289,1.855,1.8639,1.0,0.0,0.0,24982.5738,499.651476,0.349345103079185,0.03020146294708988,0.9697985370529102,0.031141996809840672,0.004713874021895936,0.16028612597810407,4.433234524286382,1.0088312935006374,0.45267160723616195,0.45684746808123317,0.48407246808123316,0.6957531660590796,0.737314705292838,0.7331388444477669,0.938090091709561,-0.0009464319907220847,-26396586.384341706,-527931.7276868342,0.0034707369474604862,0.0034555121661344478,306.1397447167335,303.4598021384039,7648158.765498954,152963.1753099791,19.641936756579405,0.3928387351315882,7581206.902256073,151624.13804512148,19.46999154677491,0.38939983093549824,"[0.609,0.702]",0.649,"[0.438,0.650]",0.5,0.0036,0.0,44,0.1602,0.018,0.5554825225290001,9,0.7264825225290001,0.005,0.0,32,0.1625,0.1,0.4741835225290001,2,0.7241835225290001,0.16397956294382254,0.16729260812660707,0.9376189669798488,0.9382885244377583,0.13302692183748432,0.18322348612823774,0.9389534452908546,0.9376765354944231
26,56,2.02,20.016,0.18,31808.1246,636.162492,Day:1993md,1.078340846,0.023453127,0.0089,2.0289,1.84,1.8489,1.0,0.0,0.0,31808.1246,636.162492,0.349345103079185,0.03020146294708988,0.9697985370529102,0.031141996809840672,0.004713874021895936,0.17528612597810406,4.433234524286382,1.0088312935006374,0.4490111899269747,0.45317092319083213,0.4855709231908321,0.6968291922636652,0.7691233126020254,0.7649635793381679,0.9374381326331152,-0.0007341062334799349,-43329048.507349856,-866580.9701469972,0.003470736947460486,0.0034555121661344473,312.8388884384354,310.10030165984114,9950818.343175253,199016.36686350507,25.555607639129274,0.5111121527825855,9863709.033693813,197274.18067387628,25.331894246114725,0.5066378849222946,"[0.609,0.702]",0.649,"[0.438,0.650]",0.5,0.0036,0.0,48,0.1746,0.018,0.5554825225290001,11,0.7624825225290001,0.005,0.0,35,0.1775,0.1,0.4741835225290001,2,0.7241835225290001,0.17833246912311296,0.18229260812660705,0.9368815638821993,0.9377138028928029,0.1496992066895827,0.18322348612823774,0.9382764159073249,0.9376765354944231
26,56,2.02,20.016,0.195,38320.67065,766.413413,Day:1993md,0.973365011,0.020276263,0.0089,2.0289,1.825,1.8338999999999999,1.0,0.0,0.0,38320.67065,766.413413,0.349345103079185,0.03020146294708988,0.9697985370529102,0.031141996809840672,0.004713874021895936,0.19028612597810407,4.433234524286382,1.0088312935006374,0.4453507726177874,0.4494943783004311,0.4875193783004311,0.6982258791397173,0.8009319199112126,0.796788314228569,0.936721720727824,-0.0005256242151046183,-72905070.86393042,-1458101.4172786083,0.0034707369474604862,0.0034555121661344478,320.2894798792591,317.48567073871874,12273707.67111289,245474.15342225778,31.521232395469923,0.6304246479093985,12166263.824472783,243325.27648945566,31.24529601583975,0.6249059203167949,"[0.609,0.702]",0.649,"[0.438,0.650]",0.5,0.0036,0.0,52,0.189,0.018,0.5554825225290001,13,0.7984825225290001,0.005,0.0,38,0.1925,0.1,0.4741835225290001,3,0.8241835225290002,0.19268144061393855,0.19729260812660707,0.9360626160983706,0.9370905578017487,0.16611982980694873,0.2365128805795329,0.9375139928836713,0.9352331231735771
26,56,2.02,20.016,0.21,44010.23077,880.2046153,Day:1993md,0.947506961,0.024312529,0.0089,2.0289,1.81,1.8189,1.0,0.0,0.0,44010.23077,880.2046153,0.349345103079185,0.03020146294708988,0.9697985370529102,0.031141996809840672,0.004713874021895936,0.20528612597810406,4.433234524286382,1.0088312935006374,0.4416903553086001,0.44581783341003006,0.48991783341003003,0.6999413071179826,0.8327405272203999,0.82861304911897,0.9359395392913343,-0.0003214796570492936,-136898960.18288884,-2737979.203346715,0.003470736947460486,0.0034555121661344473,328.5309306579865,325.65497598511894,14458722.073340856,289174.441433964,37.13276793188958,0.7426553585534186,14332150.644503893,286643.01285751234,36.80770825718455,0.7361541650600565,"[0.609,0.702]",0.649,"[0.438,0.650]",0.5,0.0036,0.0,57,0.207,0.018,0.5554825225290001,15,0.834482522529,0.005,0.0,41,0.20750000000000002,0.1,0.4741835225290001,3,0.8241835225290002,0.2106121267484795,0.21229260812660708,0.9349155607122538,0.936418983993042,0.1822998546279354,0.2365128805795329,0.9366635353881871,0.9352331231735771
26,56,2.02,20.016,0.225,48499.09624,969.9819248,Day:1993md,0.960842647,0.019876659,0.0089,2.0289,1.795,1.8038999999999998,1.0,0.0,0.0,48499.09624,969.9819248,0.349345103079185,0.03020146294708988,0.9697985370529102,0.031141996809840672,0.004713874021895936,0.22028612597810407,4.433234524286382,1.0088312935006374,0.43802993799941276,0.442141288519629,0.492766288519629,0.7019731394573648,0.8645491345295873,0.8604377840093711,0.9350902555681841,-0.00012213380397457007,-397098056.8991217,-7941961.137982434,0.003470736947460487,0.0034555121661344486,337.6060419314755,334.650643875236,16373587.918840105,327471.7583768021,42.050510226191506,0.8410102045238301,16230253.784083039,324605.0756816608,41.68240071169535,0.8336480142339071,"[0.609,0.702]",0.649,"[0.438,0.650]",0.5,0.0036,0.0,61,0.22139999999999999,0.018,0.5554825225290001,16,0.852482522529,0.005,0.0,44,0.2225,0.1,0.4741835225290001,3,0.8241835225290002,0.22495225700851051,0.22729260812660707,0.9338911445608001,0.9356992909668833,0.19030288248597638,0.2365128805795329,0.9362042527048584,0.9352331231735771
26,56,2.02,20.016,0.24,51383.27664,1027.665533,Day:1993md,0.953617659,0.024132365,0.0089,2.0289,1.78,1.7889,1.0,0.0,0.0,51383.27664,1027.665533,0.349345103079185,0.03020146294708988,0.9697985370529102,0.031141996809840672,0.004713874021895936,0.23528612597810405,4.433234524286382,1.0088312935006374,0.4343695206902255,0.438464743629228,0.496064743629228,0.7043186378545069,0.8963577418387746,0.8922625188997722,0.9341725209424752,7.198797526411143e-05,713775827.8585228,14275516.559948701,0.003470736947460487,0.0034555121661344486,347.56121136698226,344.51866591186655,17858833.873003162,357176.67752957554,45.86490634349452,0.9172981270484113,17702497.918193176,354049.9584327673,45.463405664532495,0.9092681134676079,"[0.702,0.878]",0.756,"[0.438,0.650]",0.5,0.002,0.0,117,0.23500000000000001,0.04,0.405147522529,12,0.905147522529,0.005,0.0,47,0.23750000000000002,0.1,0.4741835225290001,4,0.924183522529,0.23992652569676665,0.24229260812660708,0.9352264099889304,0.934931702732944,0.27691567774885073,0.2898022750308279,0.9328919586039551,0.9321872197241747
26,56,2.02,20.016,0.255,52935.89221,1058.717844,Day:1993md,0.976653039,0.01926859,0.0089,2.0289,1.7650000000000001,1.7739,1.0,0.0,0.0,52935.89221,1058.717844,0.349345103079185,0.03020146294708988,0.9697985370529102,0.031141996809840672,0.004713874021895936,0.25028612597810407,4.433234524286382,1.0088312935006374,0.43070910338103824,0.434788198738827,0.499813198738827,0.7069746804085894,0.9281663491479619,0.9240872537901731,0.9331849711535724,0.00026049899507884757,203209583.1846776,4064191.662925795,0.003470736947460487,0.0034555121661344486,358.446651608384,355.30881517818176,18974693.312576838,379493.86617984745,48.73064713331825,0.9746129424822532,18808589.14153504,376171.7827596391,48.30405980391751,0.9660811958958502,"[0.702,0.878]",0.756,"[0.322,0.438]",0.38,0.002,0.0,125,0.251,0.04,0.405147522529,12,0.905147522529,0.005,0.0,50,0.2525,0.05,0.5941835225290001,6,0.9191835225290002,0.2558508511782378,0.2561423821762214,0.9342823321139992,0.931933757868369,0.27691567774885073,0.2231905319667091,0.9328919586039551,0.9341876289257018
26,56,2.02,20.016,0.27,53095.33771,1061.906754,Day:1993md,0.932285246,0.022035833,0.0089,2.0289,1.75,1.7589,1.0,0.0,0.0,53095.33771,1061.906754,0.349345103079185,0.03020146294708988,0.9697985370529102,0.031141996809840672,0.004713874021895936,0.2652861259781041,4.433234524286382,1.0088312935006374,0.4270486860718509,0.4311116538484259,0.504011653848426,0.7099377816741591,0.9599749564571491,0.9559119886805743,0.9321262265357773,0.00044305343982498107,119839579.01551153,2396791.579858818,0.003470736947460486,0.0034555121661344473,370.3166208902443,367.0748749330012,19662086.04579356,393241.72084180795,50.49600334606866,1.0099200667311647,19489964.44942371,389799.2889150593,50.05396211575465,1.0010792421265495,"[0.702,0.878]",0.756,"[0.322,0.438]",0.38,0.002,0.0,132,0.265,0.04,0.405147522529,13,0.945147522529,0.005,0.0,53,0.2675,0.05,0.5941835225290001,7,0.9691835225290001,0.26978066869305195,0.2711423821762214,0.9333818365375498,0.9308092174856968,0.29326405690450097,0.24983522919235662,0.9316915884558326,0.9323882635980676
26,56,2.02,20.016,0.285,52057.27529,1041.145506,Day:1993md,0.922061321,0.021898956,0.0089,2.0289,1.735,1.7439,1.0,0.0,0.0,52057.27529,1041.145506,0.349345103079185,0.03020146294708988,0.9697985370529102,0.031141996809840672,0.004713874021895936,0.28028612597810404,4.433234524286382,1.0088312935006374,0.4233882687626636,0.4274351089580249,0.5086601089580249,0.7132041145128265,0.9917835637663364,0.9877367235709751,0.9309948922829359,0.0006193479172444424,84051748.36400424,1681034.9676030052,0.003470736947460487,0.0034555121661344486,383.22966649503815,379.8748799367969,19949892.24802709,398997.84503718774,51.235144804261644,1.0247028962820743,19775251.200625535,395505.0240884857,50.78663314108354,1.015732663016789,"[0.702,0.878]",0.756,"[0.322,0.438]",0.38,0.002,0.0,140,0.281,0.04,0.405147522529,14,0.985147522529,0.005,0.0,56,0.28250000000000003,0.05,0.5941835225290001,7,0.9691835225290001,0.2856959300591626,0.2861423821762214,0.9322611347275722,0.9296236422491647,0.3093982397619014,0.24983522919235662,0.9303928277761654,0.9323882635980676
26,56,2.02,20.016,0.3,50092.52745,1001.850549,Day:1993md,0.898337582,0.022158994,0.0089,2.0289,1.72,1.7288999999999999,1.0,0.0,0.0,50092.52745,1001.850549,0.349345103079185,0.03020146294708988,0.9697985370529102,0.031141996809840672,0.004713874021895936,0.29528612597810405,4.433234524286382,1.0088312935006374,0.41972785145347635,0.4237585640676238,0.5137585640676238,0.7167695334398804,1.0235921710755236,1.0195614584613761,0.9297895587389581,0.0007891223824440128,63478781.7003201,1269575.634006402,0.0034707369474604862,0.0034555121661344478,397.2488817932518,393.7713712416682,19899200.515710272,397984.0103142054,51.10495872539258,1.0220991745078516,19725003.222947404,394500.0644589481,50.65758670913026,1.013151734182605,"[0.702,0.878]",0.756,"[0.322,0.438]",0.38,0.002,0.0,147,0.295,0.04,0.405147522529,15,1.025147522529,0.005,0.0,59,0.2975,0.05,0.5941835225290001,8,1.019183522529,0.2996178232418245,0.30114238217622136,0.9311942197171302,0.9283775086127594,0.3253264312000145,0.2764799264180041,0.9289890079413373,0.9303943177108671
26,56,2.02,20.016,0.315,47511.59241,950.2318483,Day:1993md,0.926089776,0.030729343,0.0089,2.0289,1.705,1.7139,1.0,0.0,0.0,47511.59241,950.2318483,0.349345103079185,0.03020146294708988,0.9697985370529102,0.031141996809840672,0.004713874021895936,0.31028612597810407,4.433234524286382,1.0088312935006374,0.41606743414428904,0.42008201917722277,0.5193070191772228,0.7206295991542554,1.055400778384711,1.0513861933517772,0.9285088017152401,0.0009521604512179031,49898724.89371743,997974.497979373,0.0034707369474604862,0.0034555121661344478,412.44217765382604,408.83166522586214,19595784.637381393,391915.69278887205,50.32572862886764,1.0065145726832756,19424243.442512732,388484.8688911378,49.885177980787766,0.9977035597207511,"[0.702,0.878]",0.756,"[0.322,0.438]",0.38,0.002,0.0,155,0.311,0.04,0.405147522529,16,1.0651475225290001,0.005,0.0,62,0.3125,0.05,0.5941835225290001,9,1.069183522529,0.3155240359528406,0.31614238217622137,0.9298678515446838,0.9270713153898239,0.34105632528297825,0.3031246236436517,0.9274724532599574,0.9282083288681248
26,56,2.02,20.016,0.33,44632.93004,892.6586008,Day:1993md,0.90292078,0.022046502,0.0089,2.0289,1.69,1.6988999999999999,1.0,0.0,0.0,44632.93004,892.6586008,0.349345103079185,0.03020146294708988,0.9697985370529102,0.031141996809840672,0.004713874021895936,0.3252861259781041,4.433234524286382,1.0088312935006374,0.4124070168351017,0.41640547428682173,0.5253054742868217,0.7247796039395851,1.0872093856938982,1.0832109282421782,0.9271511828359944,0.001108289134904232,40271918.792975225,805438.3758595046,0.0034707369474604862,0.0034555121661344478,428.8825690637485,425.12813770430245,19142285.700397756,382845.71400795516,49.16105648848386,0.9832211297696773,18974714.428191617,379494.28856383235,48.73070136226182,0.9746140272452364,"[0.702,0.878]",0.756,"[0.322,0.438]",0.38,0.002,0.0,162,0.325,0.04,0.405147522529,16,1.0651475225290001,0.005,0.0,65,0.3275,0.05,0.5941835225290001,9,1.069183522529,0.3294380183118477,0.3311423821762214,0.9286055971871966,0.9257055832630497,0.34105632528297825,0.3031246236436517,0.9274724532599574,0.9282083288681248
26,56,2.02,20.016,0.345,41753.53887,835.0707773,Day:1993md,1.034642839,0.033051091,0.0089,2.0289,1.675,1.6839,1.0,0.0,0.0,41753.53887,835.0707773,0.349345103079185,0.03020146294708988,0.9697985370529102,0.031141996809840672,0.004713874021895936,0.34028612597810404,4.433234524286382,1.0088312935006374,0.40874659952591447,0.4127289293964207,0.5317539293964206,0.7292145976298202,1.1190179930030855,1.1150356631325793,0.9257152499125024,0.0012573780403116596,33206830.031523988,664136.6005509492,0.0034707369474604862,0.0034555121661344478,446.64847785090257,442.73852400140714,18649154.581173994,372983.0915788151,47.894601312345465,0.9578920261322016,18485900.17113918,369718.0033785098,47.47533271509803,0.9495066541882569,"[0.702,0.878]",0.756,"[0.322,0.438]",0.38,0.002,0.0,170,0.341,0.04,0.405147522529,17,1.1051475225290002,0.005,0.0,68,0.3425,0.05,0.5941835225290001,10,1.119183522529,0.345335197784145,0.3461423821762214,0.9270358431674794,0.9242808542761323,0.3565951487043383,0.3297693208692993,0.925834345659158,0.9258330602511528
26,56,2.02,20.016,0.36,39124.31408,782.4862816,Day:1993md,1.007046409,0.032460633,0.0089,2.0289,1.6600000000000001,1.6689,1.0,0.0,0.0,39124.31408,782.4862816,0.349345103079185,0.03020146294708988,0.9697985370529102,0.031141996809840672,0.004713874021895936,0.35528612597810405,4.433234524286382,1.0088312935006374,0.40508618221672715,0.4090523845060197,0.5386523845060197,0.7339294138444239,1.150826600312273,1.1468603980229803,0.924199537347315,0.0013993380873232512,27959157.572020095,559183.1514404019,0.0034707369474604867,0.003455512166134448,465.8240524638466,461.7462359315208,18225046.53461393,364500.93069227866,46.80541060855576,0.9361082121711154,18065504.7598426,361310.095196852,46.395676769840605,0.927913535396812,"[0.702,0.878]",0.756,"[0.322,0.438]",0.38,0.002,0.0,177,0.355,0.04,0.405147522529,18,1.145147522529,0.005,0.0,71,0.3575,0.05,0.5941835225290001,11,1.1691835225290002,0.35924128278967515,0.36114238217622135,0.9255404937024382,0.9227976913079904,0.3719496995930883,0.3564140180949468,0.9240645598248418,0.923271492045422
26,56,2.02,20.016,0.375,36930.7807,738.6156141,Day:1993md,1.028951982,0.033034774,0.0089,2.0289,1.645,1.6539,1.0,0.0,0.0,36930.7807,738.6156141,0.349345103079185,0.03020146294708988,0.9697985370529102,0.031141996809840672,0.004713874021895936,0.37028612597810406,4.433234524286382,1.0088312935006374,0.4014257649075399,0.4053758396156186,0.5460008396156186,0.7389186962146909,1.1826352076214601,1.1786851329133814,0.9226025665694381,0.001534119803465045,24072944.37930217,481458.8876512273,0.003470736947460485,0.0034555121661344465,486.49950582645,482.240696695976,17966806.560335,359336.1312553499,46.1422008873234,0.9228440178714102,17809525.414294306,356190.50833411014,45.73827277622435,0.9147654556483354,"[0.702,0.878]",0.756,"[0.322,0.438]",0.38,0.002,0.0,185,0.371,0.04,0.405147522529,19,1.185147522529,0.005,0.0,74,0.3725,0.05,0.5941835225290001,11,1.1691835225290002,0.37512944439588125,0.37614238217622137,0.9236778063760903,0.921256677530483,0.38712638227275475,0.3564140180949468,0.922151462378246,0.923271492045422
26,56,2.02,20.016,0.39,35283.1029,705.662058,Day:1993md,1.017484208,0.023665719,0.0089,2.0289,1.63,1.6388999999999998,1.0,0.0,0.0,35283.1029,705.662058,0.349345103079185,0.03020146294708988,0.9697985370529102,0.031141996809840672,0.004713874021895936,0.3852861259781041,4.433234524286382,1.0088312935006374,0.3977653475983525,0.40169929472521754,0.5537992947252175,0.7441769243434101,1.2144438149306476,1.2105098678037824,0.9209228465015419,0.0016617112590215008,21232992.620376457,424659.85240752914,0.0034707369474604867,0.003455512166134448,508.7714723546761,504.31769477455714,17951036.21167454,359020.7242334909,46.10169961106652,0.9220339922213305,17793893.11902149,355877.8623804298,45.69812604751182,0.9139625209502364,"[0.702,0.878]",0.756,"[0.322,0.438]",0.38,0.002,0.0,192,0.385,0.04,0.405147522529,20,1.225147522529,0.005,0.0,77,0.3875,0.05,0.5941835225290001,12,1.2191835225290002,0.38902764547992774,0.3911423821762214,0.9218994192629669,0.9196584158505721,0.4021312384777064,0.38305871532059443,0.9200816667962601,0.9205268122954661
26,56,2.02,20.016,0.405,34215.69324,684.3138649,Day:1993md,1.06676196,0.024725496,0.0089,2.0289,1.615,1.6239,1.0,0.0,0.0,34215.69324,684.3138649,0.349345103079185,0.03020146294708988,0.9697985370529102,0.031141996809840672,0.004713874021895936,0.4002861259781041,4.433234524286382,1.0088312935006374,0.39410493028916527,0.39802274983481656,0.5620477498348166,0.7496984392639594,1.2462524222398348,1.2423346026941835,0.9191588740602408,0.0017821357082988096,19199263.603029203,383985.27211669646,0.0034707369474604867,0.003455512166134448,532.7433852977224,528.079757963402,18228184.246985994,364563.68499299424,46.813468854973245,0.9362693772362837,18068615.00472921,361372.3001473922,46.403664474493894,0.9280732896254988,"[0.702,0.878]",0.756,"[0.322,0.438]",0.38,0.002,0.0,200,0.401,0.04,0.405147522529,20,1.225147522529,0.005,0.0,80,0.4025,0.05,0.5941835225290001,12,1.2191835225290002,0.4049068045491353,0.4061423821762214,0.9196777351324981,0.9180035283378966,0.4021312384777064,0.38305871532059443,0.9200816667962601,0.9205268122954661
26,56,2.02,20.016,0.42,33693.71185,673.8742371,Day:1993md,1.11890314,0.034427789,0.0089,2.0289,1.6,1.6089,1.0,0.0,0.0,33693.71185,673.8742371,0.349345103079185,0.03020146294708988,0.9697985370529102,0.031141996809840672,0.004713874021895936,0.41528612597810405,4.433234524286382,1.0088312935006374,0.390444512979978,0.3943462049444155,0.5707462049444155,0.7554774681910874,1.278061029549022,1.2741593375845846,0.9173091346904911,0.0018954490025740397,17776110.992299758,355522.2198987531,0.0034707369474604867,0.003455512166134448,558.5258756467674,553.6365487917079,18818809.914811112,376376.19835207483,48.33030870753567,0.9666061742941535,18654070.34461627,373081.4069476891,47.9072259345067,0.9581445188323184,"[0.702,0.878]",0.756,"[0.322,0.438]",0.38,0.002,0.0,207,0.41500000000000004,0.04,0.405147522529,21,1.2651475225289999,0.005,0.0,83,0.4175,0.05,0.5941835225290001,13,1.269183522529,0.418797135105649,0.42114238217622135,0.9175491311818146,0.9162926556387414,0.4169699754582755,0.4097034125462419,0.9178397333203795,0.917602407238986
26,56,2.02,20.016,0.435,33629.61324,672.5922649,Day:1993md,1.002092999,0.032709267,0.0089,2.0289,1.585,1.5938999999999999,1.0,0.0,0.0,33629.61324,672.5922649,0.349345103079185,0.03020146294708988,0.9697985370529102,0.031141996809840672,0.004713874021895936,0.43028612597810406,4.433234524286382,1.0088312935006374,0.38678409567079064,0.3906696600540145,0.5798946600540145,0.7615081483832031,1.3098696368582095,1.3059840724749856,0.915372102935158,0.0020017368383815916,16800216.98915708,336004.3398330983,0.0034707369474604867,0.003455512166134448,586.2371939422806,581.1052826365463,19714930.099181764,394298.60204225907,50.63171699773796,1.0126343401053164,19542345.90678794,390846.91819386935,50.188487732221574,1.0037697547936706,"[0.702,0.878]",0.756,"[0.322,0.438]",0.38,0.002,0.0,215,0.431,0.04,0.405147522529,22,1.305147522529,0.005,0.0,86,0.4325,0.05,0.5941835225290001,14,1.3191835225290003,0.4346673069235649,0.43614238217622137,0.9148787056407052,0.9145264563773963,0.43164799134548637,0.43634810977188954,0.9154077998258042,0.914501851173345
26,56,2.02,20.016,0.45,33902.03811,678.0407622,Day:1993md,1.005839233,0.033626297,0.0089,2.0289,1.57,1.5789,1.0,0.0,0.0,33902.03811,678.0407622,0.349345103079185,0.03020146294708988,0.9697985370529102,0.031141996809840672,0.004713874021895936,0.4452861259781041,4.433234524286382,1.0088312935006374,0.38312367836160344,0.3869931151636134,0.5894931151636134,0.7677845499641246,1.3416782441673967,1.3378088073653867,0.9133462430407939,0.0021011119013770977,16135284.411925009,322705.6882385002,0.003470736947460486,0.0034555121661344473,616.0036564058532,610.6111699492637,20883779.435370583,417675.58870741166,53.633545992574845,1.0726709198514968,20700963.154011626,414019.26308023254,53.16403876258321,1.0632807752516642,"[0.702,0.878]",0.756,"[0.322,0.438]",0.38,0.002,0.0,222,0.445,0.04,0.405147522529,23,1.345147522529,0.005,0.0,89,0.4475,0.05,0.5941835225290001,14,1.3191835225290003,0.4485497803086176,0.4511423821762214,0.9123076334009669,0.9127056065459059,0.4461703980950612,0.43634810977188954,0.9127651252207298,0.914501851173345
26,56,2.7,15.0,0.1285,15891.56268,317.8312537,Chen:1990kq,1.107505936,0.042538296,0.0089,2.7089000000000003,2.5715000000000003,2.5804000000000005,1.0,0.0,0.0,15891.56268,317.8312537,0.2617993877991494,0.01703708685546585,0.9829629131445341,0.017332380120999264,0.004753565567052753,0.12374643443294725,4.433234524286382,1.0066034581618657,0.4731573835673688,0.4763600533175339,0.4928723033175339,0.7020486474009717,0.6483349999616312,0.6451323302114662,0.9653754967965847,-0.0026858162193151703,-5916846.642638874,-118336.93289001011,0.006187536922613807,0.006167207977798102,168.12606303611133,167.02313276682187,2671785.8688799944,53435.717394412495,6.861657906527488,0.13723315817372775,2654258.5833739117,53085.17168418055,6.816644479900154,0.13633288964089782,"[0.702,0.878]",0.756,"[0.438,0.650]",0.5,0.002,0.0,61,0.123,0.04,0.405147522529,5,0.625147522529,0.005,0.0,24,0.1225,0.1,0.4741835225290001,1,0.6241835225290001,0.12832046462799696,0.12729260812660706,0.965537000929202,0.9654484024736163,0.1556573097222419,0.12993409167694267,0.9650652512167759,0.9654044968107419
26,56,2.7,15.0,0.141,22435.39329,448.7078658,Chen:1990kq,1.051909351,0.034276199,0.0089,2.7089000000000003,2.559,2.5679000000000003,1.0,0.0,0.0,22435.39329,448.7078658,0.2617993877991494,0.01703708685546585,0.9829629131445341,0.017332380120999264,0.004753565567052753,0.13624643443294723,4.433234524286382,1.0066034581618657,0.4708573768418809,0.4740524650883952,0.4939334650883952,0.7028040019012379,0.6740918316871192,0.6708967434406048,0.9651405286883658,-0.002375514216320458,-9444436.550142478,-188888.73100284956,0.006187536922613806,0.0061672079777981,170.45716155804814,169.33893895945465,3824273.4586518793,76485.46917303758,9.821466802383377,0.19642933604766752,3799185.6948666684,75983.71389733336,9.757036619284142,0.19514073238568283,"[0.702,0.878]",0.756,"[0.438,0.650]",0.5,0.002,0.0,68,0.137,0.04,0.405147522529,6,0.665147522529,0.005,0.0,27,0.1375,0.1,0.4741835225290001,1,0.6241835225290001,0.142284245308538,0.14229260812660707,0.9653089789402574,0.9651871585900584,0.17378973318055213,0.12993409167694267,0.9646933532778994,0.9654044968107419
26,56,2.7,15.0,0.1536,30189.56522,603.7913045,Chen:1990kq,1.030157267,0.028817904,0.0089,2.7089000000000003,2.5464,2.5553000000000003,1.0,0.0,0.0,30189.56522,603.7913045,0.2617993877991494,0.01703708685546585,0.9829629131445341,0.017332380120999264,0.004753565567052753,0.14884643443294723,4.433234524286382,1.0066034581618657,0.4685389700625891,0.4717264161534236,0.4953193761534236,0.7037892981236811,0.700054718066411,0.6968672719755764,0.9648798347148037,-0.0020655312812151595,-14615883.81379505,-292317.67632431467,0.006187536922613807,0.006167207977798102,173.06294320632983,171.92762631906302,5224695.011092651,104493.90023915931,13.418017607483964,0.2683603521941252,5190420.287879142,103808.4057747756,13.329993552760373,0.26659987109936173,"[0.702,0.878]",0.756,"[0.438,0.650]",0.5,0.002,0.0,74,0.149,0.04,0.405147522529,7,0.705147522529,0.005,0.0,29,0.1475,0.1,0.4741835225290001,2,0.7241835225290001,0.15425023381570924,0.15229260812660705,0.9650920922559943,0.9649969340191624,0.19163120944830536,0.18322348612823774,0.9642783220732357,0.9643273975446276
26,56,2.7,15.0,0.1661,38805.86297,776.1172594,Chen:1990kq,0.945733381,0.023913912,0.0089,2.7089000000000003,2.5339,2.5428,1.0,0.0,0.0,38805.86297,776.1172594,0.2617993877991494,0.01703708685546585,0.9829629131445341,0.017332380120999264,0.004753565567052753,0.16134643443294724,4.433234524286382,1.0066034581618657,0.4662389633371012,0.469418827924285,0.497008037924285,0.7049879700564294,0.7258115497918989,0.722631685204715,0.9645972398046865,-0.0017613292590393486,-22032145.76198275,-440642.91523965495,0.006187536922613807,0.006167207977798102,175.910776194592,174.75677712832263,6826369.475953675,136527.38951907348,17.53142444277944,0.3506284888555887,6781587.5463205185,135631.75092641034,17.416415869257147,0.3483283173851429,"[0.702,0.878]",0.756,"[0.438,0.650]",0.5,0.002,0.0,80,0.161,0.04,0.405147522529,7,0.705147522529,0.005,0.0,32,0.1625,0.1,0.4741835225290001,2,0.7241835225290001,0.16621348612542164,0.16729260812660707,0.964854688516005,0.9646875422611694,0.19163120944830536,0.18322348612823774,0.9642783220732357,0.9643273975446276
26,56,2.7,15.0,0.1786,47824.06128,956.4812256,Chen:1990kq,0.957676926,0.021328176,0.0089,2.7089000000000003,2.5214000000000003,2.5303000000000004,1.0,0.0,0.0,47824.06128,956.4812256,0.2617993877991494,0.01703708685546585,0.9829629131445341,0.017332380120999264,0.004753565567052753,0.17384643443294726,4.433234524286382,1.0066034581618657,0.46393895661161333,0.46711123969514645,0.49900919969514645,0.7064058321497257,0.7515683815173867,0.7483960984338536,0.964290456034143,-0.0014609549429525116,-32734795.49160506,-654695.9098321011,0.006187536922613808,0.006167207977798103,179.0296458961944,177.85518661252777,8561924.756276302,171238.49512552604,21.988662857785137,0.43977325715570276,8505757.343523365,170115.1468704673,21.84441418265948,0.43688828365318966,"[0.702,0.878]",0.756,"[0.438,0.650]",0.5,0.002,0.0,86,0.17300000000000001,0.04,0.405147522529,8,0.7451475225290001,0.005,0.0,34,0.17250000000000001,0.1,0.4741835225290001,2,0.7241835225290001,0.178174004113842,0.17729260812660708,0.9645959951134873,0.9644652685501518,0.20919531003256908,0.18322348612823774,0.9638190581944797,0.9643273975446276
26,56,2.7,15.0,0.1911,56735.9481,1134.718962,Chen:1990kq,0.913001399,0.01903555,0.0089,2.7089000000000003,2.5089,2.5178000000000003,1.0,0.0,0.0,56735.9481,1134.718962,0.2617993877991494,0.01703708685546585,0.9829629131445341,0.017332380120999264,0.004753565567052753,0.18634643443294724,4.433234524286382,1.0066034581618657,0.4616389498861254,0.4648036514660079,0.5013228614660079,0.7080415676116819,0.7773252132428746,0.7741605116629922,0.9639591672363086,-0.0011649051626391503,-48704349.4351608,-974086.9887032158,0.006187536922613808,0.006167207977798103,182.42955963772974,181.23279644882203,10350314.02751209,207006.28055024176,26.5815890820967,0.5316317816419339,10282414.533338232,205648.2906667646,26.407210174537546,0.5281442034907509,"[0.702,0.878]",0.756,"[0.438,0.650]",0.5,0.002,0.0,93,0.187,0.04,0.405147522529,9,0.785147522529,0.005,0.0,37,0.1875,0.1,0.4741835225290001,2,0.7241835225290001,0.192124488388707,0.19229260812660706,0.9642661257879567,0.9641078835891307,0.2264945830520867,0.18322348612823774,0.9633141033391085,0.9643273975446276
26,56,2.7,15.0,0.2037,65125.71205,1302.514241,Chen:1990kq,0.890585272,0.017197509,0.0089,2.7089000000000003,2.4963,2.5052000000000003,1.0,0.0,0.0,65125.71205,1302.514241,0.2617993877991494,0.01703708685546585,0.9829629131445341,0.017332380120999264,0.004753565567052753,0.19894643443294724,4.433234524286382,1.0066034581618657,0.4593205431068336,0.46247760253103615,0.5039712925310361,0.7099093551510898,0.8032880996221663,0.8001310401979638,0.9636001048243098,-0.000871342687196473,-74741789.89157599,-1494835.7978315197,0.006187536922613807,0.006167207977798102,186.1519716387414,184.93078891132464,12123279.70248444,242465.5940496888,31.134904556729257,0.6226980911345851,12043749.307818262,240874.98615636525,30.930655268743017,0.6186131053748604,"[0.702,0.878]",0.756,"[0.438,0.650]",0.5,0.002,0.0,99,0.199,0.04,0.405147522529,9,0.785147522529,0.005,0.0,39,0.1975,0.1,0.4741835225290001,3,0.8241835225290002,0.20407908844038758,0.20229260812660707,0.9639582270548351,0.9638536717653441,0.2264945830520867,0.2365128805795329,0.9633141033391085,0.9628874866124438
26,56,2.7,15.0,0.2162,72453.45102,1449.06902,Chen:1990kq,0.884705961,0.016148299,0.0089,2.7089000000000003,2.4838,2.4927,1.0,0.0,0.0,72453.45102,1449.06902,0.2617993877991494,0.01703708685546585,0.9829629131445341,0.017332380120999264,0.004753565567052753,0.21144643443294725,4.433234524286382,1.0066034581618657,0.4570205363813457,0.4601700143018976,0.5069124543018976,0.7119778467774805,0.8290449313476542,0.8258954534271024,0.9632186447619783,-0.0005853753816699604,-123772630.84297226,-2475452.6161761233,0.006187536922613806,0.0061672079777981,190.1493244354721,188.90191851983025,13776974.764471564,275539.4952133716,35.38191025027538,0.7076382048101717,13686595.90106055,273731.91794565023,35.14980001646869,0.7029960001353192,"[0.702,0.878]",0.756,"[0.438,0.650]",0.5,0.002,0.0,105,0.211,0.04,0.405147522529,10,0.8251475225289999,0.005,0.0,42,0.2125,0.1,0.4741835225290001,3,0.8241835225290002,0.21603096009781098,0.21729260812660706,0.9636259772927721,0.9634484719566369,0.24354065812424086,0.2365128805795329,0.9627616280607125,0.9628874866124438
26,56,2.7,15.0,0.2287,78486.52752,1569.73055,Chen:1990kq,0.870213044,0.015416659,0.0089,2.7089000000000003,2.4713000000000003,2.4802000000000004,1.0,0.0,0.0,78486.52752,1569.73055,0.2617993877991494,0.01703708685546585,0.9829629131445341,0.017332380120999264,0.004753565567052753,0.22394643443294723,4.433234524286382,1.0066034581618657,0.45472052965585785,0.45786242607275907,0.5101661160727591,0.7142591378993755,0.8548017630731422,0.8516598666562409,0.9628117132333618,-0.00030506963971549676,-257274134.49989754,-5145482.688686775,0.006187536922613808,0.006167207977798103,194.46219807173395,193.18649910744065,15262662.660556838,305253.25313335186,39.197441359091044,0.7839488269820544,15162537.478688598,303250.74949649733,38.94030071252541,0.7788060140520523,"[0.702,0.878]",0.756,"[0.438,0.650]",0.5,0.002,0.0,111,0.223,0.04,0.405147522529,11,0.865147522529,0.005,0.0,44,0.2225,0.1,0.4741835225290001,3,0.8241835225290002,0.22798010522822665,0.22729260812660707,0.9632681836868762,0.9631624487653435,0.26034433782262634,0.2365128805795329,0.9621594116371293,0.9628874866124438
26,56,2.7,15.0,0.2412,83036.52203,1660.730441,Chen:1990kq,0.90321702,0.015535333,0.0089,2.7089000000000003,2.4588,2.4677000000000002,1.0,0.0,0.0,83036.52203,1660.730441,0.2617993877991494,0.01703708685546585,0.9829629131445341,0.017332380120999264,0.004753565567052753,0.23644643443294724,4.433234524286382,1.0066034581618657,0.45242052293036994,0.4555548378436205,0.5137322778436205,0.7167511966112233,0.8805585947986301,0.8774242798853795,0.9623789838721021,-3.0810827286902135e-05,-2695043572.0789394,-53900871.45456124,0.006187536922613807,0.006167207977798102,199.10360595409625,197.79745871097498,16532870.962059751,330657.4193208365,42.459579592720495,0.8491915920589445,16424413.037731888,328488.26083375677,42.181038867336014,0.843620777549913,"[0.702,0.878]",0.756,"[0.438,0.650]",0.5,0.002,0.0,118,0.23700000000000002,0.04,0.405147522529,11,0.865147522529,0.005,0.0,47,0.23750000000000002,0.1,0.4741835225290001,4,0.924183522529,0.24191733100801827,0.24229260812660708,0.962816704324272,0.9627096359264259,0.26034433782262634,0.2898022750308279,0.9621594116371293,0.9610880209466284
26,56,2.7,15.0,0.2538,86046.18897,1720.923779,Chen:1990kq,0.935544049,0.015689248,0.0089,2.7089000000000003,2.4462,2.4551000000000003,1.0,0.0,0.0,86046.18897,1720.923779,0.2617993877991494,0.01703708685546585,0.9829629131445341,0.017332380120999264,0.004753565567052753,0.24904643443294727,4.433234524286382,1.0066034581618657,0.45010211615107815,0.45322878890864876,0.5176432289086488,0.7194742725828692,0.9065214811779221,0.9033948084203514,0.9619163507205466,0.0002391639251552029,359779130.21021557,7195582.602531819,0.006187536922613808,0.006167207977798103,204.12867664925864,202.78956424609657,17564494.685158137,351289.89362151123,45.10898692682198,0.9021797383267429,17449269.16626358,348985.3832441558,44.81306572222036,0.8962613142360861,"[0.702,0.878]",0.756,"[0.438,0.650]",0.5,0.002,0.0,124,0.249,0.04,0.405147522529,12,0.905147522529,0.005,0.0,49,0.2475,0.1,0.4741835225290001,4,0.924183522529,0.2538605750588232,0.25229260812660703,0.9623988482576353,0.9623919436733956,0.27691567774885073,0.2898022750308279,0.9615048136564253,0.9610880209466284
26,56,2.7,15.0,0.2663,87496.53074,1749.930615,Chen:1990kq,0.922322283,0.016114925,0.0089,2.7089000000000003,2.4337,2.4426,1.0,0.0,0.0,87496.53074,1749.930615,0.2617993877991494,0.01703708685546585,0.9829629131445341,0.017332380120999264,0.004753565567052753,0.26154643443294723,4.433234524286382,1.0066034581618657,0.44780210942559023,0.4509212006795102,0.5218368906795102,0.7223827868100888,0.9322783129034098,0.9291592216494897,0.9614308235761511,0.0005002470742216372,174906631.6402566,3498132.6332049347,0.006187536922613807,0.006167207977798102,209.47244518038423,208.09827691521824,18328112.238908455,366562.2448200635,47.070103079985294,0.9414020617072989,18207877.283053424,364157.54570268816,46.761316681684036,0.9352263337405681,"[0.702,0.878]",0.756,"[0.438,0.650]",0.5,0.002,0.0,130,0.261,0.04,0.405147522529,13,0.945147522529,0.005,0.0,52,0.2625,0.1,0.4741835225290001,4,0.924183522529,0.2658010984815604,0.26729260812660705,0.9619507643517305,0.9618917428336193,0.29326405690450097,0.2898022750308279,0.960794736584607,0.9610880209466284
26,56,2.7,15.0,0.2785,87547.06746,1750.941349,Chen:1990kq,1.020022744,0.021816836,0.0089,2.7089000000000003,2.4215,2.4304,1.0,0.0,0.0,87547.06746,1750.941349,0.2617993877991494,0.01703708685546585,0.9829629131445341,0.017332380120999264,0.004753565567052753,0.27374643443294727,4.433234524286382,1.0066034581618657,0.445557302861514,0.4486689945678709,0.526231244567871,0.7254179792146531,0.9574169806674862,0.9543052889611293,0.9609311139767477,0.0007483074658505251,116993443.81188841,2339868.875970498,0.006187536922613808,0.006167207977798103,215.04730982513433,213.63656967543807,18826761.340352558,376535.22676404164,48.350729491465295,0.9670145897188492,18703255.17729857,374065.103503244,48.03354200645942,0.9606708400194564,"[0.702,0.878]",0.756,"[0.438,0.650]",0.5,0.002,0.0,136,0.273,0.04,0.405147522529,13,0.945147522529,0.005,0.0,54,0.2725,0.1,0.4741835225290001,4,0.924183522529,0.2777389031346189,0.27729260812660705,0.9614706308361678,0.961542539208945,0.29326405690450097,0.2898022750308279,0.960794736584607,0.9610880209466284
26,56,2.7,15.0,0.2903,86471.55242,1729.431048,Chen:1990kq,1.037335372,0.021394319,0.0089,2.7089000000000003,2.4097,2.4186,1.0,0.0,0.0,86471.55242,1729.431048,0.2617993877991494,0.01703708685546585,0.9829629131445341,0.017332380120999264,0.004753565567052753,0.28554643443294725,4.433234524286382,1.0066034581618657,0.4433860965126535,0.4464906312795641,0.5307647212795641,0.7285360123422617,0.9817314298163466,0.978626895049436,0.9604232118192813,0.000981661576605563,88086927.79746513,1761738.55554183,0.006187536922613806,0.0061672079777981,220.79165680784135,219.34323294599412,19092197.325557906,381843.9464228414,49.03241994719208,0.9806483987170274,18966949.865661804,379338.9972254987,48.710760478340696,0.9742152093414876,"[0.702,0.878]",0.756,"[0.438,0.650]",0.5,0.002,0.0,142,0.28500000000000003,0.04,0.405147522529,14,0.985147522529,0.005,0.0,57,0.28750000000000003,0.1,0.4741835225290001,5,1.0241835225290001,0.28967399087428447,0.29229260812660707,0.9609564280013512,0.9609951983313993,0.3093982397619014,0.34309166948212305,0.9600255782117372,0.9589330502283172
26,56,2.7,15.0,0.3021,84481.4391,1689.628782,Chen:1990kq,1.036914155,0.021188086,0.0089,2.7089000000000003,2.3979000000000004,2.4068000000000005,1.0,0.0,0.0,84481.4391,1689.628782,0.2617993877991494,0.01703708685546585,0.9829629131445341,0.017332380120999264,0.004753565567052753,0.2973464344329472,4.433234524286382,1.0066034581618657,0.44121489016379295,0.4443122679912574,0.5355766779912574,0.7318310447031182,1.0060458789652071,1.0029485011377426,0.959890854741148,0.0012083649541391834,69913844.16654404,1398276.8833308807,0.006187536922613809,0.006167207977798103,226.8972191772034,225.40874198021825,19168603.603878263,383372.07207756524,49.228645905960626,0.9845729181192124,19042854.90820942,380857.09816418844,48.90569916763038,0.9781139833526077,"[0.702,0.878]",0.756,"[0.438,0.650]",0.5,0.002,0.0,148,0.297,0.04,0.405147522529,14,0.985147522529,0.005,0.0,59,0.2975,0.1,0.4741835225290001,5,1.0241835225290001,0.3016063635547468,0.302292608126607,0.9604059140471044,0.9606146562149299,0.3093982397619014,0.34309166948212305,0.9600255782117372,0.9589330502283172
26,56,2.7,15.0,0.3139,81787.7298,1635.754596,Chen:1990kq,1.080846726,0.02151912,0.0089,2.7089000000000003,2.3861000000000003,2.3950000000000005,1.0,0.0,0.0,81787.7298,1635.754596,0.2617993877991494,0.01703708685546585,0.9829629131445341,0.017332380120999264,0.004753565567052753,0.30914643443294726,4.433234524286382,1.0066034581618657,0.4390436838149324,0.44213390470295055,0.5406671147029506,0.7353006967921019,1.0303603281140674,1.0272701072260495,0.959333755983576,0.0014282597290426592,57263905.25259791,1145278.1050519582,0.006187536922613808,0.006167207977798103,233.3794496848835,231.84844815758143,19087575.371699948,381751.5074339989,49.020549884324225,0.9804109976864843,18962358.23246158,379247.16464923153,48.698968284729986,0.9739793656945996,"[0.702,0.878]",0.756,"[0.438,0.650]",0.5,0.002,0.0,154,0.309,0.04,0.405147522529,15,1.025147522529,0.005,0.0,61,0.3075,0.1,0.4741835225290001,5,1.0241835225290001,0.31353602302805683,0.31229260812660703,0.9598165970839834,0.9602216304705474,0.3253264312000145,0.34309166948212305,0.959193172450477,0.9589330502283172
26,56,2.7,15.0,0.3257,78609.82268,1572.196454,Chen:1990kq,1.141078773,0.022134638,0.0089,2.7089000000000003,2.3743000000000003,2.3832000000000004,1.0,0.0,0.0,78609.82268,1572.196454,0.2617993877991494,0.01703708685546585,0.9829629131445341,0.017332380120999264,0.004753565567052753,0.32094643443294724,4.433234524286382,1.0066034581618657,0.43687247746607183,0.43995554141464377,0.5460360314146437,0.738942508869698,1.0546747772629281,1.0515917133143562,0.958751626894641,0.0016412145922936059,47897345.690877855,957946.914061279,0.006187536922613808,0.006167207977798103,240.25461971513593,238.67851611980262,18886373.053857666,377727.4611732552,48.50382379069723,0.9700764760607526,18762475.829703204,375249.5166895355,48.185631985875446,0.9637126399626978,"[0.702,0.878]",0.756,"[0.438,0.650]",0.5,0.002,0.0,160,0.321,0.04,0.405147522529,16,1.0651475225290001,0.005,0.0,64,0.3225,0.1,0.4741835225290001,5,1.0241835225290001,0.32546297114418365,0.32729260812660704,0.9591857025716145,0.9596087531399039,0.34105632528297825,0.34309166948212305,0.9582927164543246,0.9589330502283172
26,56,2.7,15.0,0.3375,75165.57909,1503.311582,Chen:1990kq,1.146801515,0.022350656,0.0089,2.7089000000000003,2.3625000000000003,2.3714000000000004,1.0,0.0,0.0,75165.57909,1503.311582,0.2617993877991494,0.01703708685546585,0.9829629131445341,0.017332380120999264,0.004753565567052753,0.33274643443294727,4.433234524286382,1.0066034581618657,0.43470127111721124,0.43777717812633693,0.551683428126337,0.7427539485767389,1.0789892264117888,1.0759133194026633,0.9581441769487784,0.0018471242327042442,40693299.21569779,813865.9844222323,0.006187536922613809,0.006167207977798103,247.53984867061553,245.9159529638832,18606476.07317778,372129.52151306364,47.784994728508806,0.9556998946973222,18484415.011999484,369688.30028917285,47.4715185419369,0.9494303709650499,"[0.702,0.878]",0.756,"[0.322,0.438]",0.38,0.002,0.0,166,0.333,0.04,0.405147522529,16,1.0651475225290001,0.005,0.0,66,0.3325,0.05,0.5941835225290001,9,1.069183522529,0.337387209750986,0.3361423821762214,0.9585101353204233,0.9569632494945228,0.34105632528297825,0.3031246236436517,0.9582927164543246,0.9587297996303135
26,56,2.7,15.0,0.3493,71655.55586,1433.111117,Chen:1990kq,1.19739494,0.022887269,0.0089,2.7089000000000003,2.3507000000000002,2.3596000000000004,1.0,0.0,0.0,71655.55586,1433.111117,0.2617993877991494,0.01703708685546585,0.9829629131445341,0.017332380120999264,0.004753565567052753,0.34454643443294725,4.433234524286382,1.0066034581618657,0.4325300647683507,0.4355988148380301,0.5576093048380301,0.7467324184994448,1.1033036755606493,1.10023492549097,0.9575111137674075,0.0020459086112691953,35023830.22648695,700476.6044319831,0.006187536922613806,0.0061672079777981,255.253134310965,253.57863838166878,18290305.224059433,365806.1044301381,46.97300742371186,0.9394601483431295,18170318.287460405,363406.3656984924,46.66485798636947,0.9332971595971417,"[0.702,0.878]",0.756,"[0.322,0.438]",0.38,0.002,0.0,172,0.34500000000000003,0.04,0.405147522529,17,1.1051475225290002,0.005,0.0,68,0.3425,0.05,0.5941835225290001,10,1.119183522529,0.3493087406942337,0.3461423821762214,0.9577864349849262,0.956393607233086,0.3565951487043383,0.3297693208692993,0.9573186813961995,0.9573179165052929
26,56,2.7,15.0,0.3611,68260.38758,1365.207752,Chen:1990kq,1.180772669,0.022853665,0.0089,2.7089000000000003,2.3389,2.3478000000000003,1.0,0.0,0.0,68260.38758,1365.207752,0.2617993877991494,0.01703708685546585,0.9829629131445341,0.017332380120999264,0.004753565567052753,0.3563464344329472,4.433234524286382,1.0066034581618657,0.4303588584194901,0.43342045154972325,0.5638136615497232,0.7508752636421866,1.1276181247095098,1.1245565315792767,0.9568521431406878,0.002237512090811245,30507270.937361114,610145.4189259923,0.006187536922613807,0.006167207977798102,263.4133840757918,261.68535577734315,17980699.690772947,359613.9939208243,46.177881107593414,0.9235576224224668,17862743.809371635,357254.87629210687,45.874947809058526,0.9174989564499938,"[0.702,0.878]",0.756,"[0.322,0.438]",0.38,0.002,0.0,178,0.357,0.04,0.405147522529,17,1.1051475225290002,0.005,0.0,71,0.3575,0.05,0.5941835225290001,10,1.119183522529,0.3612275658175932,0.36114238217622135,0.9570107237267171,0.9555091808386376,0.3565951487043383,0.3297693208692993,0.9573186813961995,0.9573179165052929
26,56,2.7,15.0,0.3729,65128.47545,1302.569509,Chen:1990kq,1.196097398,0.023645571,0.0089,2.7089000000000003,2.3271,2.3360000000000003,1.0,0.0,0.0,65128.47545,1302.569509,0.2617993877991494,0.01703708685546585,0.9829629131445341,0.017332380120999264,0.004753565567052753,0.36814643443294726,4.433234524286382,1.0066034581618657,0.42818765207062953,0.43124208826141647,0.5702964982614165,0.7551797787688813,1.1519325738583703,1.1488781376675834,0.9561669690504385,0.002421902439880714,26891452.92458922,537829.0584917844,0.006187536922613808,0.006167207977798103,272.04044742481113,270.25582439541546,17717579.601513825,354351.59203027654,45.502138316279115,0.9100427663255823,17601349.824356325,352026.9964871265,45.20363798408707,0.9040727596817414,"[0.702,0.878]",0.756,"[0.322,0.438]",0.38,0.002,0.0,184,0.369,0.04,0.405147522529,18,1.145147522529,0.005,0.0,73,0.3675,0.05,0.5941835225290001,11,1.1691835225290002,0.373143686962635,0.37114238217622136,0.9561786444077752,0.9548996759226341,0.3719496995930883,0.3564140180949468,0.9562647034549262,0.9557918443443061
26,56,2.7,15.0,0.3847,62374.55115,1247.491023,Chen:1990kq,1.189587719,0.024368913,0.0089,2.7089000000000003,2.3153,2.3242000000000003,1.0,0.0,0.0,62374.55115,1247.491023,0.2617993877991494,0.01703708685546585,0.9829629131445341,0.017332380120999264,0.004753565567052753,0.37994643443294723,4.433234524286382,1.0066034581618657,0.426016445721769,0.42906372497310963,0.5770578149731096,0.759643215577622,1.176247023007231,1.1731997437558905,0.9554552936942432,0.0025990697300422765,23998798.65823585,479975.973164717,0.006187536922613806,0.0061672079777981,281.15514922915366,279.31073249297623,17536926.23667973,350738.52473359456,45.03818587024185,0.900763717404837,17421881.570627112,348437.63141254225,44.74272913038168,0.8948545826076336,"[0.702,0.878]",0.756,"[0.322,0.438]",0.38,0.002,0.0,189,0.379,0.04,0.405147522529,19,1.185147522529,0.005,0.0,75,0.3775,0.05,0.5941835225290001,11,1.1691835225290002,0.3830717237050081,0.3811423821762214,0.9554386624451539,0.9542743335464924,0.38712638227275475,0.3564140180949468,0.9551234505349557,0.9557918443443061
26,56,2.7,15.0,0.3965,60077.26711,1201.545342,Chen:1990kq,1.195127599,0.025134299,0.0089,2.7089000000000003,2.3035,2.3124000000000002,1.0,0.0,0.0,60077.26711,1201.545342,0.2617993877991494,0.01703708685546585,0.9829629131445341,0.017332380120999264,0.004753565567052753,0.39174643443294727,4.433234524286382,1.0066034581618657,0.4238452393729084,0.42688536168480284,0.5840976116848029,0.7642627896769559,1.2005614721560918,1.1975213498441972,0.9547168175107645,0.0027690251455168586,21696179.68521053,433923.593631983,0.006187536922613807,0.006167207977798102,290.77932424910557,288.87177159125866,17469227.132978816,349384.5426014204,44.86432160380311,0.8972864319267069,17354626.582426958,347092.53159076476,44.57000543762166,0.8914001086040574,"[0.702,0.878]",0.756,"[0.322,0.438]",0.38,0.002,0.0,195,0.391,0.04,0.405147522529,19,1.185147522529,0.005,0.0,78,0.3925,0.05,0.5941835225290001,12,1.2191835225290002,0.3949828923325285,0.3961423821762214,0.9544900312091592,0.953306764567406,0.38712638227275475,0.38305871532059443,0.9551234505349557,0.9541526941109244
26,56,2.7,15.0,0.4083,58273.04769,1165.460954,Chen:1990kq,1.238994747,0.027113735,0.0089,2.7089000000000003,2.2917,2.3006,1.0,0.0,0.0,58273.04769,1165.460954,0.2617993877991494,0.01703708685546585,0.9829629131445341,0.017332380120999264,0.004753565567052753,0.40354643443294724,4.433234524286382,1.0066034581618657,0.4216740330240478,0.42470699839649606,0.5914158883964961,0.7690356873360924,1.2248759213049523,1.221842955932504,0.9539512392062975,0.0029317997236744447,19876203.41848112,397524.06843783986,0.006187536922613806,0.0061672079777981,300.935852734876,298.96167184286026,17536449.298050247,350728.98602119205,45.03696100048113,0.9007392201641946,17421407.760781124,348428.1552754148,44.74151229593631,0.8948302460722843,"[0.702,0.878]",0.756,"[0.322,0.438]",0.38,0.002,0.0,201,0.403,0.04,0.405147522529,20,1.225147522529,0.005,0.0,80,0.4025,0.05,0.5941835225290001,12,1.2191835225290002,0.40689136218821176,0.4061423821762214,0.9534693836943857,0.9526421106038654,0.4021312384777064,0.38305871532059443,0.9538864589073732,0.9541526941109244
26,56,2.7,15.0,0.4193,57040.97192,1140.819438,Chen:1990kq,1.306078727,0.03260814,0.0089,2.7089000000000003,2.2807000000000004,2.2896000000000005,1.0,0.0,0.0,57040.97192,1140.819438,0.2617993877991494,0.01703708685546585,0.9829629131445341,0.017332380120999264,0.004753565567052753,0.41454643443294725,4.433234524286382,1.0066034581618657,0.41965002710561855,0.4226763207548542,0.5984888107548542,0.7736205857879263,1.2475419332233817,1.244515639574146,0.9532128895674494,0.0030771150331992906,18537159.418669585,370743.1882433998,0.006187536922613808,0.006167207977798103,310.90431871152646,308.8647433014599,17734284.513430912,354685.6901442565,45.545039729999736,0.9109007942806099,17617945.149736583,352358.90287118574,45.24625795858921,0.9049251588544946,"[0.702,0.878]",0.756,"[0.322,0.438]",0.38,0.002,0.0,207,0.41500000000000004,0.04,0.405147522529,20,1.225147522529,0.005,0.0,82,0.41250000000000003,0.05,0.5941835225290001,13,1.269183522529,0.418797135105649,0.4161423821762214,0.9523697093989628,0.9519618486744024,0.4021312384777064,0.4097034125462419,0.9538864589073732,0.9524016531319884
26,56,2.7,15.0,0.4304,56214.15362,1124.283072,Chen:1990kq,1.291489693,0.031842514,0.0089,2.7089000000000003,2.2696,2.2785,1.0,0.0,0.0,56214.15362,1124.283072,0.2617993877991494,0.01703708685546585,0.9829629131445341,0.017332380120999264,0.004753565567052753,0.42564643443294725,4.433234524286382,1.0066034581618657,0.41760762113338523,0.420627182407379,0.6058713424073789,0.7783773778877305,1.270413999795615,1.2673944385216211,0.9524434359007969,0.0032175239639920133,17471246.29034761,349424.925682633,0.006187536922613806,0.0061672079777981,321.4740782263657,319.36516372932175,18071393.21826482,361427.8642367067,46.41079945903538,0.9282159888504646,17952842.374756545,359056.8473673848,46.10633818384155,0.9221267633487547,"[0.702,0.878]",0.756,"[0.322,0.438]",0.38,0.002,0.0,212,0.425,0.04,0.405147522529,21,1.2651475225289999,0.005,0.0,85,0.4275,0.05,0.5941835225290001,13,1.269183522529,0.42871655369709316,0.43114238217622136,0.9513872039225661,0.9509123417987573,0.4169699754582755,0.4097034125462419,0.9525439321877998,0.9524016531319884
26,56,2.7,15.0,0.4415,55760.16673,1115.203335,Chen:1990kq,1.228475523,0.030487714,0.0089,2.7089000000000003,2.2585,2.2674000000000003,1.0,0.0,0.0,55760.16673,1115.203335,0.2617993877991494,0.01703708685546585,0.9829629131445341,0.017332380120999264,0.004753565567052753,0.43674643443294725,4.433234524286382,1.0066034581618657,0.415565215161152,0.41857804405990395,0.6135002940599039,0.7832625958514193,1.293286066367848,1.290273237469096,0.951649226025829,0.0033517446583839912,16636161.88378866,332723.237795114,0.006187536922613807,0.006167207977798102,332.57850381846833,330.39674275089607,18544632.823731735,370892.6566076661,47.62616941751759,0.9525233886920018,18422977.462838884,368459.5493889364,47.313735146992826,0.9462747032792653,"[0.702,0.878]",0.756,"[0.322,0.438]",0.38,0.002,0.0,218,0.437,0.04,0.405147522529,22,1.305147522529,0.005,0.0,87,0.4375,0.05,0.5941835225290001,13,1.269183522529,0.4406173869830923,0.44114238217622137,0.9501210092736665,0.9501933641848942,0.43164799134548637,0.4097034125462419,0.9510844926890094,0.9524016531319884
26,56,2.7,15.0,0.4526,55622.71014,1112.454203,Chen:1990kq,1.263872253,0.030383273,0.0089,2.7089000000000003,2.2474000000000003,2.2563000000000004,1.0,0.0,0.0,55622.71014,1112.454203,0.2617993877991494,0.01703708685546585,0.9829629131445341,0.017332380120999264,0.004753565567052753,0.44784643443294725,4.433234524286382,1.0066034581618657,0.41352280918891876,0.41652890571242895,0.621375665712429,0.7882738519781237,1.3161581329400813,1.3131520364165712,0.9508300038336938,0.003479856121613044,15984198.25306363,319683.9651187462,0.006187536922613807,0.006167207977798102,344.24027840017646,341.9820144754771,19147577.22396592,382951.54454816645,49.17464613462728,0.9834929228693605,19021966.46426275,380439.3293536514,48.85205364227927,0.9770410730212404,"[0.702,0.878]",0.756,"[0.322,0.438]",0.38,0.002,0.0,223,0.447,0.04,0.405147522529,22,1.305147522529,0.005,0.0,89,0.4475,0.05,0.5941835225290001,14,1.3191835225290003,0.45053269177603283,0.4511423821762214,0.9489861797345892,0.9494590256780387,0.43164799134548637,0.43634810977188954,0.9510844926890094,0.9505399829834572
26,56,2.7,15.0,0.4637,55730.16968,1114.603394,Chen:1990kq,1.196838272,0.029068636,0.0089,2.7089000000000003,2.2363,2.2452,1.0,0.0,0.0,55730.16968,1114.603394,0.2617993877991494,0.01703708685546585,0.9829629131445341,0.017332380120999264,0.004753565567052753,0.45894643443294725,4.433234524286382,1.0066034581618657,0.41148040321668544,0.41447976736495384,0.6294974573649539,0.7934087580591443,1.3390301995123146,1.3360308353640462,0.9499855119733427,0.003601947816107679,15472231.282968137,309444.6257704138,0.006187536922613809,0.006167207977798103,356.48305095042656,354.1444727414226,19866860.91751136,397337.21849282034,51.02190444239028,1.0204380892140121,19736531.557113614,394730.6312839301,50.68719367958475,1.0137438739554994,"[0.702,0.878]",0.756,"[0.322,0.438]",0.38,0.002,0.0,229,0.459,0.04,0.405147522529,23,1.345147522529,0.005,0.0,91,0.4575,0.05,0.5941835225290001,14,1.3191835225290003,0.4624285915737687,0.4611423821762214,0.9475185672532624,0.9487093999958058,0.4461703980950612,0.43634810977188954,0.9494948719583529,0.9505399829834572
26,56,2.7,15.0,0.4748,56005.881,1120.11762,Chen:1990kq,1.246297688,0.029461192,0.0089,2.7089000000000003,2.2252,2.2341,1.0,0.0,0.0,56005.881,1120.11762,0.2617993877991494,0.01703708685546585,0.9829629131445341,0.017332380120999264,0.004753565567052753,0.47004643443294725,4.433234524286382,1.0066034581618657,0.40943799724445223,0.41243062901747884,0.6378656690174789,0.7986649291270269,1.361902266084548,1.3589096343115212,0.9491154918767339,0.0037181186703307686,15062962.203682877,301259.2440736575,0.006187536922613808,0.006167207977798103,369.33146810376206,366.9086024979383,20684734.252174594,413694.6850434919,53.12235983393051,1.0624471966786102,20549039.529375836,410980.79058751673,52.77386979271457,1.0554773958542916,"[0.702,0.878]",0.756,"[0.322,0.438]",0.38,0.002,0.0,235,0.47100000000000003,0.04,0.405147522529,23,1.345147522529,0.005,0.0,94,0.47250000000000003,0.05,0.5941835225290001,15,1.369183522529,0.4743218029626348,0.4761423821762214,0.9459226426342756,0.9475564626090945,0.4461703980950612,0.462992806997537,0.9494948719583529,0.9485690172618216
26,56,2.7,15.0,0.486,56393.2481,1127.864962,Chen:1990kq,1.292707948,0.029436148,0.0089,2.7089000000000003,2.2140000000000004,2.2229000000000005,1.0,0.0,0.0,56393.2481,1127.864962,0.2617993877991494,0.01703708685546585,0.9829629131445341,0.017332380120999264,0.004753565567052753,0.48124643443294723,4.433234524286382,1.0066034581618657,0.40737719121841515,0.41036302996417073,0.6465590299641707,0.8040889440628883,1.3849803873105848,1.3819945485648293,0.9482114954398918,0.0038294442404067804,14726222.542937368,294524.4508587474,0.006187536922613809,0.006167207977798103,382.9355957857487,380.423485217325,21594982.05946704,431899.64118934085,55.46005056601966,1.1092010113203934,21453315.98492729,429066.31969854585,55.09622494968766,1.1019244989937533,"[0.702,0.878]",0.756,"[0.322,0.438]",0.38,0.002,0.0,240,0.481,0.04,0.405147522529,24,1.385147522529,0.005,0.0,96,0.4825,0.05,0.5941835225290001,15,1.369183522529,0.48423076012213784,0.48614238217622135,0.9444833442113728,0.9467689503583475,0.46054204228722095,0.462992806997537,0.9477595228758815,0.9485690172618216
26,56,2.7,15.0,0.4971,56805.5484,1136.110968,Chen:1990kq,1.1900246,0.027814184,0.0089,2.7089000000000003,2.2029,2.2118,1.0,0.0,0.0,56805.5484,1136.110968,0.2617993877991494,0.01703708685546585,0.9829629131445341,0.017332380120999264,0.004753565567052753,0.49234643443294723,4.433234524286382,1.0066034581618657,0.40533478524618183,0.40831389161669557,0.6554223016166956,0.8095815595829092,1.407852453882818,1.4048733475123045,0.9472894025662448,0.00393405243660819,14439448.714866614,288788.9742973323,0.006187536922613807,0.006167207977798102,397.07944985162374,394.4745536407365,22556315.907191783,451126.3181438357,57.928940035750315,1.1585788007150064,22408343.349407252,448166.86698814505,57.54891816240425,1.150978363248085,"[0.702,0.878]",0.756,"[0.322,0.438]",0.38,0.002,0.0,246,0.493,0.04,0.405147522529,24,1.385147522529,0.005,0.0,98,0.4925,0.05,0.5941835225290001,16,1.4191835225290002,0.4961190474917103,0.49614238217622136,0.9426090610742692,0.9459664195036341,0.46054204228722095,0.4896375042231846,0.9477595228758815,0.9464901592482873
26,56,2.7,15.0,0.5082,57190.43375,1143.808675,Chen:1990kq,1.169776055,0.027801852,0.0089,2.7089000000000003,2.1918,2.2007000000000003,1.0,0.0,0.0,57190.43375,1143.808675,0.2617993877991494,0.01703708685546585,0.9829629131445341,0.017332380120999264,0.004753565567052753,0.5034464344329472,4.433234524286382,1.0066034581618657,0.4032923792739486,0.40626475326922057,0.6645319932692206,0.8151883176721932,1.4307245204550514,1.4277521464597795,0.9463409963511145,0.00403308491241775,14180319.778022112,283606.39556044224,0.006187536922613807,0.006167207977798102,411.9094609950782,409.20727785622364,23557280.740037225,471145.6148007446,60.499609466803584,1.2099921893360719,23402741.7142542,468054.834285084,60.102723645794406,1.202054472915888,"[0.702,0.878]",0.756,"[0.322,0.438]",0.38,0.002,0.0,251,0.503,0.04,0.405147522529,25,1.425147522529,0.005,0.0,100,0.5025000000000001,0.05,0.5941835225290001,16,1.4191835225290002,0.5060239038493606,0.5061423821762214,0.9409100225740064,0.9451489497198361,0.47476752402222344,0.4896375042231846,0.9458601295214532,0.9464901592482873
26,56,2.7,15.0,0.5193,57500.5673,1150.011346,Chen:1990kq,1.198249047,0.028347546,0.0089,2.7089000000000003,2.1807000000000003,2.1896000000000004,1.0,0.0,0.0,57500.5673,1150.011346,0.2617993877991494,0.01703708685546585,0.9829629131445341,0.017332380120999264,0.004753565567052753,0.5145464344329472,4.433234524286382,1.0066034581618657,0.4012499733017154,0.4042156149217455,0.6738881049217456,0.8209068795678018,1.4535965870272844,1.4506309454072543,0.9453660136205242,0.004126669070568444,13933893.490538452,278677.86981076904,0.006187536922613808,0.006167207977798103,427.4546127681991,424.6504512797559,24578882.729173273,491577.6545834655,63.12327906837165,1.262465581367433,24417641.852786977,488352.8370557395,62.709181611237014,1.2541836322247402,"[0.702,0.878]",0.756,"[0.322,0.438]",0.38,0.002,0.0,257,0.515,0.04,0.405147522529,26,1.465147522529,0.005,0.0,102,0.5125,0.05,0.5941835225290001,17,1.4691835225290002,0.5179072733105201,0.5161423821762213,0.938684868631906,0.944316621953684,0.48885121412048094,0.5162822014488321,0.9437749823273143,0.9443048794731784
26,56,2.7,15.0,0.5304,57700.00701,1154.00014,Chen:1990kq,1.227036246,0.029289425,0.0089,2.7089000000000003,2.1696,2.1785,1.0,0.0,0.0,57700.00701,1154.00014,0.2617993877991494,0.01703708685546585,0.9829629131445341,0.017332380120999264,0.004753565567052753,0.5256464344329472,4.433234524286382,1.0066034581618657,0.3992075673294821,0.40216647657427046,0.6834906365742704,0.8267349252174305,1.4764686535995177,1.4735097443547294,0.9443641901248295,0.004214937215482983,13689410.793130461,273788.21581515897,0.006187536922613808,0.006167207977798103,443.74505996989865,440.83403089058606,25604093.070916023,512081.86132957146,65.75621561063348,1.3151243119847449,25436126.672633372,508722.5333645007,65.32484572495838,1.3064969142727383,"[0.702,0.878]",0.756,"[0.322,0.438]",0.38,0.002,0.0,262,0.525,0.04,0.405147522529,26,1.465147522529,0.005,0.0,105,0.5275,0.05,0.5941835225290001,17,1.4691835225290002,0.527808033953427,0.5311423821762213,0.936655182003573,0.943040451735835,0.48885121412048094,0.5162822014488321,0.9437749823273143,0.9443048794731784
26,56,2.7,15.0,0.5415,57760.19144,1155.203829,Chen:1990kq,1.180744009,0.029951424,0.0089,2.7089000000000003,2.1585,2.1674,1.0,0.0,0.0,57760.19144,1155.203829,0.2617993877991494,0.01703708685546585,0.9829629131445341,0.017332380120999264,0.004753565567052753,0.5367464344329472,4.433234524286382,1.0066034581618657,0.39716516135724883,0.40011733822679535,0.6933395882267953,0.8326701557200158,1.4993407201717512,1.4963885433022048,0.9433352605700639,0.0042980257523266225,13438772.768807411,268775.45542268123,0.006187536922613808,0.006167207977798103,460.81216661056345,457.7891749468469,26616598.96130732,532331.9793183089,68.35652468821739,1.3671304940010387,26441990.38408953,528839.8077733484,67.90809641469104,1.3581619285289588,"[0.702,0.878]",0.756,"[0.322,0.438]",0.38,0.002,0.0,268,0.537,0.04,0.405147522529,27,1.505147522529,0.005,0.0,107,0.5375,0.05,0.5941835225290001,18,1.519183522529,0.5396864916043853,0.5411423821762213,0.9339785409874565,0.9421713413264208,0.5027972698095607,0.5429268986744795,0.9414781736110457,0.9420147131882461
26,56,2.7,15.0,0.5529,57666.20162,1153.324032,Chen:1990kq,1.234692038,0.030347066,0.0089,2.7089000000000003,2.1471,2.156,1.0,0.0,0.0,57666.20162,1153.324032,0.2617993877991494,0.01703708685546585,0.9829629131445341,0.017332380120999264,0.004753565567052753,0.5481464344329472,4.433234524286382,1.0066034581618657,0.3950675552236039,0.398012817761821,0.7037112277618209,0.8388749774321683,1.522830950705396,1.519885688167179,0.942250027551521,0.004378115236148821,13171467.288907105,263429.34568677854,0.006187536922613808,0.006167207977798103,479.18323701661075,476.03972858551043,27632677.15872412,552653.5429828091,70.96600813453783,1.4193201621985028,27451402.967742123,549028.0591644265,70.5004612880301,1.4100092252715772,"[0.702,0.878]",0.756,"[0.322,0.438]",0.38,0.002,0.0,274,0.549,0.04,0.405147522529,27,1.505147522529,0.005,0.0,109,0.5475,0.05,0.5941835225290001,18,1.519183522529,0.5515622726519638,0.5511423821762214,0.9309986752154552,0.9412876659816721,0.5027972698095607,0.5429268986744795,0.9414781736110457,0.9420147131882461
26,56,2.7,15.0,0.5633,57435.15493,1148.703099,Chen:1990kq,1.225730131,0.029598597,0.0089,2.7089000000000003,2.1367000000000003,2.1456000000000004,1.0,0.0,0.0,57435.15493,1148.703099,0.2617993877991494,0.01703708685546585,0.9829629131445341,0.017332380120999264,0.004753565567052753,0.5585464344329473,4.433234524286382,1.0066034581618657,0.39315394962799805,0.3960929043551778,0.7133997943551778,0.8446299748145206,1.544260634701002,1.5413216799738223,0.9412345611514618,0.004446672971731874,12916433.318825863,258328.66646647218,0.006187536922613806,0.0061672079777981,496.7184765812145,493.45993454886406,28529102.659035627,570582.0533794,73.26820053456117,1.465364011201491,28341947.792561665,566838.9560486174,72.78755098691443,1.4557510202452084,"[0.702,0.878]",0.756,"[0.322,0.438]",0.38,0.002,0.0,279,0.559,0.04,0.405147522529,28,1.5451475225290001,0.005,0.0,111,0.5575,0.05,0.5941835225290001,18,1.519183522529,0.5614567135355557,0.5611423821762214,0.9282465891035667,0.9403895121282002,0.5166096490576483,0.5429268986744795,0.9389385505621545,0.9420147131882461
26,56,2.7,15.0,0.5738,57066.33917,1141.326783,Chen:1990kq,1.200357356,0.028738483,0.0089,2.7089000000000003,2.1262000000000003,2.1351000000000004,1.0,0.0,0.0,57066.33917,1141.326783,0.2617993877991494,0.01703708685546585,0.9829629131445341,0.017332380120999264,0.004753565567052753,0.5690464344329472,4.433234524286382,1.0066034581618657,0.3912219439785882,0.39415453024270136,0.7234009702427013,0.8505298173742655,1.5658963733504119,1.5629637870862987,0.9401844851270976,0.0045116527136813325,12648655.114111409,252973.10219356886,0.006187536922613807,0.006167207977798102,515.2035223654997,511.82371587149163,29400778.948888283,588015.5787716843,75.50683222127913,1.5101366438963262,29207905.765172254,584158.1150987155,75.0114969395797,1.5002299382658093,"[0.702,0.878]",0.756,"[0.322,0.438]",0.38,0.002,0.0,284,0.5690000000000001,0.04,0.405147522529,28,1.5451475225290001,0.005,0.0,113,0.5675,0.05,0.5941835225290001,19,1.5691835225290003,0.5713492979683252,0.5711423821762214,0.9252112126482184,0.9394769673550382,0.5166096490576483,0.5695715959001272,0.9389385505621545,0.9396212577547414
26,56,2.7,15.0,0.5843,56568.27885,1131.365577,Chen:1990kq,1.223300433,0.028637958,0.0089,2.7089000000000003,2.1157000000000004,2.1246000000000005,1.0,0.0,0.0,56568.27885,1131.365577,0.2617993877991494,0.01703708685546585,0.9829629131445341,0.017332380120999264,0.004753565567052753,0.5795464344329473,4.433234524286382,1.0066034581618657,0.38928993832917835,0.392216156130225,0.7336226461302251,0.8565177442004486,1.5875321119998218,1.5846058941987753,0.9391092176599745,0.004572497850965832,12371417.263334809,247428.34526669615,0.006187536922613808,0.006167207977798103,534.5043177164382,530.997895330584,30235989.29111247,604719.7858222495,77.65181236923482,1.5530362473846966,30037637.01182359,600752.7402364718,77.14240572055348,1.5428481144110695,"[0.702,0.878]",0.756,"[0.322,0.438]",0.38,0.002,0.0,289,0.579,0.04,0.405147522529,29,1.585147522529,0.005,0.0,115,0.5775,0.05,0.5941835225290001,19,1.5691835225290003,0.5812400269948341,0.5811423821762214,0.9218480536888458,0.938550120393108,0.5302921236935322,0.5695715959001272,0.9361183361784939,0.9396212577547414
26,56,2.7,15.0,0.5947,55954.32574,1119.086515,Chen:1990kq,1.274253582,0.028952185,0.0089,2.7089000000000003,2.1053,2.1142000000000003,1.0,0.0,0.0,55954.32574,1119.086515,0.2617993877991494,0.01703708685546585,0.9829629131445341,0.017332380120999264,0.004753565567052753,0.5899464344329473,4.433234524286382,1.0066034581618657,0.3873763327335724,0.3902962427235816,0.7439643327235816,0.8625336704868869,1.6089617959954277,1.6060418860054184,0.9380191336360209,0.004628809543327477,12088275.660565749,241765.51325452264,0.006187536922613808,0.006167207977798103,554.4569107031127,550.8195965426079,31024262.590276062,620485.2519164126,79.67624919956275,1.5935249842760453,30820739.12892046,616414.7826885731,79.15356196476577,1.5830712395782376,"[0.702,0.878]",0.756,"[0.322,0.438]",0.38,0.002,0.0,294,0.589,0.04,0.405147522529,30,1.625147522529,0.005,0.0,117,0.5875,0.05,0.5941835225290001,20,1.619183522529,0.5911289016586707,0.5911423821762214,0.9181027368111673,0.9376090610945129,0.5438482914363655,0.5962162931257746,0.9329712887497098,0.9371261699552615
26,56,2.7,15.0,0.6052,55228.79991,1104.575998,Chen:1990kq,1.272886612,0.028789327,0.0089,2.7089000000000003,2.0948,2.1037000000000003,1.0,0.0,0.0,55228.79991,1104.575998,0.2617993877991494,0.01703708685546585,0.9829629131445341,0.017332380120999264,0.004753565567052753,0.6004464344329472,4.433234524286382,1.0066034581618657,0.3854443270841626,0.3883578686111053,0.7546249086111052,0.8686914921944989,1.6305975346448371,1.6276839931178944,0.9368930425858734,0.004681793881889357,11796503.92633522,235930.0784839857,0.006187536922613807,0.006167207977798102,575.4779437249308,571.7027286751003,31782956.206602443,635659.1240169533,81.62471973821415,1.6324943944686958,31574455.609998133,631489.1120856222,81.08925026670094,1.6217850050403704,"[0.702,0.878]",0.756,"[0.322,0.438]",0.38,0.002,0.0,300,0.601,0.04,0.405147522529,30,1.625147522529,0.005,0.0,120,0.6025,0.05,0.5941835225290001,20,1.619183522529,0.6029931049644546,0.6061423821762214,0.9130082187904123,0.9361710232694622,0.5438482914363655,0.5962162931257746,0.9329712887497098,0.9371261699552615
26,56,2.7,15.0,0.6156,54418.76589,1088.375318,Chen:1990kq,1.203628912,0.027747781,0.0089,2.7089000000000003,2.0844,2.0933,1.0,0.0,0.0,54418.76589,1088.375318,0.2617993877991494,0.01703708685546585,0.9829629131445341,0.017332380120999264,0.004753565567052753,0.6108464344329473,4.433234524286382,1.0066034581618657,0.3835307214885566,0.38643795520446195,0.765401315204462,0.8748721707795156,1.6520272186404437,1.6491199849245384,0.9357521688039048,0.004730563130362586,11503654.932902023,230073.09870031875,0.006187536922613808,0.006167207977798103,597.2007086354591,593.2829892378802,32498925.552575152,649978.5111709433,83.46346616652893,1.669269323637324,32285728.097855594,645714.5620757685,82.9159342636668,1.658318685578069,"[0.702,0.878]",0.756,"[0.322,0.438]",0.38,0.002,0.0,305,0.611,0.04,0.405147522529,31,1.665147522529,0.005,0.0,122,0.6125,0.05,0.5941835225290001,21,1.669183522529,0.612877903698994,0.6161423821762214,0.9081617506474879,0.9351948334011236,0.5572815869439202,0.6228609903514221,0.9294402094049184,0.9345311632374897
26,56,2.7,15.0,0.6261,53523.55813,1070.471163,Chen:1990kq,1.24618023,0.028211876,0.0089,2.7089000000000003,2.0739,2.0828,1.0,0.0,0.0,53523.55813,1070.471163,0.2617993877991494,0.01703708685546585,0.9829629131445341,0.017332380120999264,0.004753565567052753,0.6213464344329472,4.433234524286382,1.0066034581618657,0.38159871583914684,0.3844995810919855,0.7765007910919854,0.8811928228781629,1.6736629572898534,1.6707620920370148,0.9345743438568095,0.004776177745545612,11206358.09249718,224127.16193369255,0.006187536922613806,0.0061672079777981,620.0782984819364,616.010498925015,33188796.85394941,663775.9373270195,85.23518781709122,1.7047037569788164,32971073.74790334,659421.475204471,84.67603317470927,1.6935206641269989,"[0.878,1.302]",0.991,"[0.322,0.438]",0.38,0.002,0.0,310,0.621,0.12,-0.005397477470999945,13,1.614602522529,0.005,0.0,124,0.6225,0.05,0.5941835225290001,21,1.669183522529,0.6266494447305178,0.6261423821762214,0.9453935081237977,0.9342047542050118,0.6731498254958411,0.6228609903514221,0.9395311361171468,0.9345311632374897
26,56,2.7,15.0,0.6365,52574.22313,1051.484463,Chen:1990kq,1.249661832,0.028721299,0.0089,2.7089000000000003,2.0635000000000003,2.0724000000000005,1.0,0.0,0.0,52574.22313,1051.484463,0.2617993877991494,0.01703708685546585,0.9829629131445341,0.017332380120999264,0.004753565567052753,0.6317464344329472,4.433234524286382,1.0066034581618657,0.37968511024354096,0.3825796676853423,0.7877119176853422,0.8875313615221392,1.695092641285459,1.6921980838436577,0.9333817762843059,0.004817889149438698,10912294.056438616,218245.88121179622,0.006187536922613807,0.006167207977798102,643.7110925584074,639.4882585977527,33842610.61142179,676852.2124859203,86.91430678789312,1.7382861364191318,33620598.39653339,672411.9681864632,86.34413689240174,1.726882738504966,"[0.878,1.302]",0.991,"[0.322,0.438]",0.38,0.002,0.0,315,0.631,0.12,-0.005397477470999945,14,1.734602522529,0.005,0.0,126,0.6325000000000001,0.05,0.5941835225290001,21,1.669183522529,0.6365298147285188,0.6361423821762214,0.9442779975886004,0.9332008803180307,0.709963488653555,0.6228609903514221,0.9335185154666641,0.9345311632374897
26,56,2.7,15.0,0.647,51568.68873,1031.373775,Chen:1990kq,1.252698131,0.029281334,0.0089,2.7089000000000003,2.053,2.0619,1.0,0.0,0.0,51568.68873,1031.373775,0.2617993877991494,0.01703708685546585,0.9829629131445341,0.017332380120999264,0.004753565567052753,0.6422464344329473,4.433234524286382,1.0066034581618657,0.37775310459413103,0.38064129357286586,0.7992502935728658,0.8940079941325277,1.7167283799348692,1.7138401909561343,0.9321513024269906,0.004856620250329236,10618225.447316803,212364.50902869788,0.006187536922613809,0.006167207977798103,668.5914723483212,664.205419648786,34478385.52506298,689567.7107686962,88.54709855229697,1.770941971732768,34252202.53864727,685044.0510386276,87.9662173165893,1.7593243470141087,"[0.878,1.302]",0.991,"[0.322,0.438]",0.38,0.002,0.0,321,0.643,0.12,-0.005397477470999945,14,1.734602522529,0.005,0.0,128,0.6425,0.05,0.5941835225290001,22,1.7191835225290002,0.6483838187401503,0.6461423821762213,0.9428533044427427,0.9321833073816328,0.709963488653555,0.6495056875770698,0.9335185154666641,0.9318380048980122
26,56,2.7,15.0,0.6575,50566.62692,1011.332538,Chen:1990kq,1.279500017,0.030454869,0.0089,2.7089000000000003,2.0425000000000004,2.0514000000000006,1.0,0.0,0.0,50566.62692,1011.332538,0.2617993877991494,0.01703708685546585,0.9829629131445341,0.017332380120999264,0.004753565567052753,0.6527464344329472,4.433234524286382,1.0066034581618657,0.37582109894472127,0.3787029194603895,0.8110091694603894,0.9005604751821997,1.7383641185842789,1.7354822980686107,0.9308940314977989,0.004892073829738635,10336439.857593399,206728.79707010303,0.00618753692261381,0.006167207977798106,694.5365141491865,689.9802583804578,35120368.79329921,702407.3755881697,90.19583456054532,1.8039166904974253,34889974.307689816,697799.4858778042,89.60413738817246,1.7920827470546485,"[0.878,1.302]",0.991,"[0.322,0.438]",0.38,0.002,0.0,326,0.653,0.12,-0.005397477470999945,14,1.734602522529,0.005,0.0,130,0.6525,0.05,0.5941835225290001,22,1.7191835225290002,0.6582601233116776,0.6561423821762213,0.9415879571445187,0.9311521320201863,0.709963488653555,0.6495056875770698,0.9335185154666641,0.9318380048980122
26,56,2.7,15.0,0.6679,49478.37993,989.5675986,Chen:1990kq,1.265199065,0.031933139,0.0089,2.7089000000000003,2.0321000000000002,2.0410000000000004,1.0,0.0,0.0,49478.37993,989.5675986,0.2617993877991494,0.01703708685546585,0.9829629131445341,0.017332380120999264,0.004753565567052753,0.6631464344329473,4.433234524286382,1.0066034581618657,0.3739074933491153,0.37678300605374615,0.8228734160537462,0.9071237049343084,1.759793802579885,1.7569182898752542,0.9296220906488597,0.00492407571522501,10048257.336298704,200965.1467259741,0.006187536922613808,0.006167207977798103,721.3241967141875,716.5922100360953,35689952.65772662,713799.0531545324,91.65863503130953,1.8331727006261904,35455821.62304428,709116.4324608856,91.05734168516086,1.8211468337032173,"[0.878,1.302]",0.991,"[0.322,0.438]",0.38,0.002,0.0,331,0.663,0.12,-0.005397477470999945,14,1.734602522529,0.005,0.0,132,0.6625,0.05,0.5941835225290001,23,1.769183522529,0.6681345816202935,0.6661423821762213,0.9402451105798878,0.930107451819231,0.709963488653555,0.6761503848027173,0.9335185154666641,0.9290485132144344
26,56,2.7,15.0,0.6782,48427.10119,968.5420239,Chen:1990kq,1.307119329,0.032626359,0.0089,2.7089000000000003,2.0218000000000003,2.0307000000000004,1.0,0.0,0.0,48427.10119,968.5420239,0.2617993877991494,0.01703708685546585,0.9829629131445341,0.017332380120999264,0.004753565567052753,0.6734464344329473,4.433234524286382,1.0066034581618657,0.3720122878073133,0.374881553352936,0.834836793352936,0.9136940370566813,1.7810174319216867,1.778148166376064,0.9283360216850041,0.004952827486622513,9777667.669790765,195553.3534160058,0.006187536922613808,0.006167207977798103,748.9638184829977,744.050512056319,36270146.62532492,725402.9325813948,93.14868427944006,1.8629736857811494,36032209.43782268,720644.1888308586,92.53761600376043,1.850752320266295,"[0.878,1.302]",0.991,"[0.322,0.438]",0.38,0.002,0.0,336,0.673,0.12,-0.005397477470999945,14,1.734602522529,0.005,0.0,134,0.6725,0.05,0.5941835225290001,23,1.769183522529,0.6780071947010242,0.6761423821762214,0.9388179094898491,0.9290493653036338,0.709963488653555,0.6761503848027173,0.9335185154666641,0.9290485132144344
26,56,2.7,15.0,0.6881,47418.93452,948.3786904,Chen:1990kq,1.341236378,0.032476478,0.0089,2.7089000000000003,2.0119000000000002,2.0208000000000004,1.0,0.0,0.0,47418.93452,948.3786904,0.2617993877991494,0.01703708685546585,0.9829629131445341,0.017332380120999264,0.004753565567052753,0.6833464344329473,4.433234524286382,1.0066034581618657,0.3701906824807269,0.3730539434754583,0.8465355534754584,0.920073667417701,1.8014168426482733,1.7985535816535418,0.9270749688240076,0.004977804394138171,9526074.30212409,190521.4860424818,0.006187536922613809,0.006167207977798103,776.6093318103947,771.5146669856889,36825987.05273806,736519.7410547611,94.57618897132086,1.8915237794264168,36584403.475013986,731688.0695002797,93.95575606706551,1.8791151213413102,"[0.878,1.302]",0.991,"[0.322,0.438]",0.38,0.002,0.0,341,0.683,0.12,-0.005397477470999945,15,1.854602522529,0.005,0.0,136,0.6825,0.05,0.5941835225290001,24,1.8191835225290003,0.6878779635879297,0.6861423821762214,0.9372986539230654,0.9279779719156497,0.745972683541745,0.7027950820283649,0.9259357120279263,0.9261645545340159
26,56,2.7,15.0,0.6979,46422.33744,928.4467487,Chen:1990kq,1.298943641,0.03166579,0.0089,2.7089000000000003,2.0021000000000004,2.0110000000000006,1.0,0.0,0.0,46422.33744,928.4467487,0.2617993877991494,0.01703708685546585,0.9829629131445341,0.017332380120999264,0.004753565567052753,0.6931464344329472,4.433234524286382,1.0066034581618657,0.36838747720794446,0.3712447943038137,0.8583092043038136,0.9264497850956702,1.8216101987210553,1.8187528816251861,0.9258023932769547,0.005000057131029457,9284361.40297504,185687.228039501,0.006187536922613807,0.006167207977798102,805.0552902202493,799.7740159668648,37372548.340461545,747450.9667287254,95.97986305500848,1.919597260893416,37127379.244957745,742547.5848191775,95.35022185426921,1.9070044368799868,"[0.878,1.302]",0.991,"[0.322,0.438]",0.38,0.002,0.0,346,0.6930000000000001,0.12,-0.005397477470999945,15,1.854602522529,0.005,0.0,138,0.6925,0.05,0.5941835225290001,24,1.8191835225290003,0.6977468893141108,0.6961423821762214,0.93567866536663,0.9268933719929002,0.745972683541745,0.7027950820283649,0.9259357120279263,0.9261645545340159
26,56,2.7,15.0,0.7078,45433.90985,908.678197,Chen:1990kq,1.336006525,0.031914489,0.0089,2.7089000000000003,1.9922000000000002,2.0011,1.0,0.0,0.0,45433.90985,908.678197,0.2617993877991494,0.01703708685546585,0.9829629131445341,0.017332380120999264,0.004753565567052753,0.7030464344329472,4.433234524286382,1.0066034581618657,0.366565871881358,0.3694171844263358,0.8703980244263358,0.9329512443993715,1.842009609447642,1.839158296902664,0.9244921296048915,0.005020132201433721,9050341.311136056,181006.8262227211,0.006187536922613809,0.006167207977798103,834.9211030588789,829.4439049350259,37933730.12823966,758674.6025647932,97.42108538347343,1.9484217076694683,37684879.60244993,753697.5920489987,96.7819895645617,1.9356397912912342,"[0.878,1.302]",0.991,"[0.322,0.438]",0.38,0.002,0.0,351,0.7030000000000001,0.12,-0.005397477470999945,15,1.854602522529,0.005,0.0,140,0.7025,0.05,0.5941835225290001,24,1.8191835225290003,0.7076139729116804,0.7061423821762214,0.9339481265705633,0.9257956667462747,0.745972683541745,0.7027950820283649,0.9259357120279263,0.9261645545340159
26,56,2.7,15.0,0.7176,44468.11765,889.3623529,Chen:1990kq,1.333539694,0.031708111,0.0089,2.7089000000000003,1.9824000000000002,1.9913,1.0,0.0,0.0,44468.11765,889.3623529,0.2617993877991494,0.01703708685546585,0.9829629131445341,0.017332380120999264,0.004753565567052753,0.7128464344329473,4.433234524286382,1.0066034581618657,0.3647626666085755,0.36760803525469116,0.8825577952546912,0.9394454722093727,1.8622029655204246,1.859357596874309,0.9231704556530745,0.005037713380868453,8827043.995570492,176540.87989155957,0.006187536922613807,0.006167207977798102,865.6430187238092,859.9642805763245,38493515.5995115,769870.3119036657,98.85872170367814,1.9771744338512491,38240992.80346561,764819.8559833157,98.2101947913051,1.9642038956052463,"[0.878,1.302]",0.991,"[0.322,0.438]",0.38,0.002,0.0,356,0.713,0.12,-0.005397477470999945,15,1.854602522529,0.005,0.0,142,0.7125,0.05,0.5941835225290001,25,1.869183522529,0.7174792154118279,0.7161423821762214,0.9320958888314713,0.924684958237764,0.745972683541745,0.7294397792540124,0.9259357120279263,0.9231880403270027
26,56,2.7,15.0,0.7275,43516.87982,870.3375964,Chen:1990kq,1.417840623,0.032860812,0.0089,2.7089000000000003,1.9725000000000001,1.9814,1.0,0.0,0.0,43516.87982,870.3375964,0.2617993877991494,0.01703708685546585,0.9829629131445341,0.017332380120999264,0.004753565567052753,0.7227464344329473,4.433234524286382,1.0066034581618657,0.3629410612819891,0.3657804253772134,0.8950366753772134,0.9460637797618158,1.8826023762470112,1.8797630121517868,0.9218102035293281,0.005053248127868205,8611664.956646074,172233.29913292147,0.006187536922613806,0.0061672079777981,897.8894471451415,891.9991679591045,39073347.163061365,781466.9432612273,100.34784022879182,2.0069568045758364,38817020.59161635,776340.4118323269,99.68954449255975,1.993790889851195,"[0.878,1.302]",0.991,"[0.322,0.438]",0.38,0.002,0.0,361,0.723,0.12,-0.005397477470999945,15,1.854602522529,0.005,0.0,144,0.7225,0.05,0.5941835225290001,25,1.869183522529,0.7273426178447409,0.7261423821762214,0.9301092387529906,0.9235613493582359,0.745972683541745,0.7294397792540124,0.9259357120279263,0.9231880403270027
26,56,2.7,15.0,0.7373,42597.30466,851.9460933,Chen:1990kq,1.43671062,0.032865929,0.0089,2.7089000000000003,1.9627000000000003,1.9716000000000002,1.0,0.0,0.0,42597.30466,851.9460933,0.2617993877991494,0.01703708685546585,0.9829629131445341,0.017332380120999264,0.004753565567052753,0.7325464344329472,4.433234524286382,1.0066034581618657,0.36113785600920656,0.3639712762055688,0.9075825662055688,0.9526712791963284,1.9027957323197935,1.899962312123431,0.9204386605651783,0.005066508149154645,8407625.80577462,168152.51613522985,0.0061875369226138096,0.006167207977798105,931.0511336529721,924.9433092085161,39660268.794254035,793205.3759781858,101.85516740575358,2.0371033483541834,39400091.93558375,788001.8388041692,101.18698339438338,2.0237396681252102,"[0.878,1.302]",0.991,"[0.322,0.438]",0.38,0.002,0.0,366,0.733,0.12,-0.005397477470999945,15,1.854602522529,0.005,0.0,146,0.7325,0.05,0.5941835225290001,26,1.9191835225290004,0.7372041812396759,0.7361423821762214,0.9279736141813976,0.9224249438051597,0.745972683541745,0.75608447647966,0.9259357120279263,0.9201209242127626
26,56,2.7,15.0,0.7472,41695.73434,833.9146867,Chen:1990kq,1.343063047,0.031657915,0.0089,2.7089000000000003,1.9528000000000003,1.9617000000000002,1.0,0.0,0.0,41695.73434,833.9146867,0.2617993877991494,0.01703708685546585,0.9829629131445341,0.017332380120999264,0.004753565567052753,0.7424464344329472,4.433234524286382,1.0066034581618657,0.3593162506826202,0.36214366632809103,0.920451506328091,0.959401639735982,1.9231951430463798,1.920367727400909,0.9190276408065223,0.0050778487588958475,8211298.981080037,164225.97960190734,0.006187536922613807,0.006167207977798102,965.8489800358558,959.5128768974918,40271782.48413501,805435.6495861151,103.42565170017068,2.0685130337553645,40007594.01092694,800151.8801225874,102.74716509422068,2.054943301637992,"[0.878,1.302]",0.991,"[0.322,0.438]",0.38,0.002,0.0,371,0.743,0.12,-0.005397477470999945,16,1.974602522529,0.005,0.0,148,0.7425,0.05,0.5941835225290001,26,1.9191835225290004,0.7470639066249092,0.7461423821762214,0.9256722559091282,0.9212758460602869,0.7812279515929325,0.75608447647966,0.9161089845858567,0.9201209242127626
26,56,2.7,15.0,0.757,40830.76604,816.6153209,Chen:1990kq,1.408251805,0.033063303,0.0089,2.7089000000000003,1.943,1.9519,1.0,0.0,0.0,40830.76604,816.6153209,0.2617993877991494,0.01703708685546585,0.9829629131445341,0.017332380120999264,0.004753565567052753,0.7522464344329473,4.433234524286382,1.0066034581618657,0.35751304540983764,0.3603345171564464,0.9333835171564464,0.9661177553261541,1.9433884991191626,1.9405670273725537,0.9176054569312716,0.005087122399067178,8026299.120989719,160525.98243945185,0.006187536922613807,0.006167207977798102,1001.6249284385013,995.0541301214527,40897113.11290419,817942.2623582464,105.03162054036316,2.1006324110645,40628822.384124756,812576.4477820004,104.34259855629632,2.086851971381475,"[0.878,1.302]",0.991,"[0.322,0.438]",0.38,0.002,0.0,376,0.753,0.12,-0.005397477470999945,16,1.974602522529,0.005,0.0,150,0.7525000000000001,0.05,0.5941835225290001,26,1.9191835225290004,0.7569217950277789,0.7561423821762214,0.9231857775385078,0.9201141613672991,0.7812279515929325,0.75608447647966,0.9161089845858567,0.9201209242127626
26,56,2.7,15.0,0.7669,39986.72752,799.7345504,Chen:1990kq,1.480491245,0.034761534,0.0089,2.7089000000000003,1.9331,1.942,1.0,0.0,0.0,39986.72752,799.7345504,0.2617993877991494,0.01703708685546585,0.9829629131445341,0.017332380120999264,0.004753565567052753,0.7621464344329473,4.433234524286382,1.0066034581618657,0.3556914400832512,0.3585069072789686,0.9466425172789686,0.9729555577100985,1.9637879098457487,1.9609724426500312,0.9161428892937292,0.005094598908058643,7848847.032246041,156976.94064492083,0.006187536922613809,0.006167207977798103,1039.1560905242154,1032.3390825835163,41552451.44254026,831049.0288508051,106.71465490452155,2.134293098090431,41279861.603513844,825597.2320702769,106.01459198182232,2.1202918396364465,"[0.878,1.302]",0.991,"[0.322,0.438]",0.38,0.002,0.0,381,0.763,0.12,-0.005397477470999945,16,1.974602522529,0.005,0.0,152,0.7625000000000001,0.05,0.5941835225290001,27,1.9691835225290002,0.7667778474746569,0.7661423821762214,0.9204916301569859,0.91893999570943,0.7812279515929325,0.7827291737053075,0.9161089845858567,0.9169651989667303
26,56,2.7,15.0,0.7767,39185.09454,783.7018908,Chen:1990kq,1.50567456,0.036238269,0.0089,2.7089000000000003,1.9233000000000002,1.9322000000000001,1.0,0.0,0.0,39185.09454,783.7018908,0.2617993877991494,0.01703708685546585,0.9829629131445341,0.017332380120999264,0.004753565567052753,0.7719464344329472,4.433234524286382,1.0066034581618657,0.35388823481046877,0.356697758107324,0.959960648107324,0.9797758152288328,1.9839812659185312,1.981171742621676,0.9146692918050962,0.005100204672079299,7683043.536373346,153660.8707274669,0.006187536922613807,0.006167207977798102,1077.7320899902973,1070.6620181479586,42231033.83506159,844620.6767012317,108.4573844746971,2.169147689493942,41953992.401514955,839079.8480302991,107.74588900454259,2.1549177800908517,"[0.878,1.302]",0.991,"[0.322,0.438]",0.38,0.002,0.0,385,0.771,0.12,-0.005397477470999945,16,1.974602522529,0.005,0.0,154,0.7725,0.05,0.5941835225290001,27,1.9691835225290002,0.7746613682329482,0.7761423821762213,0.9181692104933327,0.9177534557870678,0.7812279515929325,0.7827291737053075,0.9161089845858567,0.9169651989667303
26,56,2.7,15.0,0.7866,38402.53475,768.0506951,Chen:1990kq,1.400949191,0.036716326,0.0089,2.7089000000000003,1.9134000000000002,1.9223000000000001,1.0,0.0,0.0,38402.53475,768.0506951,0.2617993877991494,0.01703708685546585,0.9829629131445341,0.017332380120999264,0.004753565567052753,0.7818464344329472,4.433234524286382,1.0066034581618657,0.35206662948388234,0.35487014822984625,0.9736097082298463,0.98671663015774,2.004380676645118,2.001577157899154,0.9131543954874908,0.005104130463792462,7523815.275181312,150476.3055232182,0.006187536922613808,0.006167207977798103,1118.1902063970138,1110.8547237051162,42941338.258270994,858826.7652772389,110.28158229620867,2.205631646211346,42659637.12928737,853192.7426968329,109.55811983558172,2.191162396996923,"[0.878,1.302]",0.991,"[0.322,0.438]",0.38,0.002,0.0,390,0.781,0.12,-0.005397477470999945,16,1.974602522529,0.005,0.0,156,0.7825,0.05,0.5941835225290001,28,2.019183522529,0.7845141185424396,0.7861423821762213,0.9150316591250417,0.9165546489953492,0.7812279515929325,0.809373870930955,0.9161089845858567,0.9137228935160229
26,56,3.188,47.68,1.6345,7.794785173,0.155895703,Arrington:1995hs,0.719711945,0.014753453,0.0089,3.1969000000000003,1.5535,1.5624,1.0,0.0,0.0,7.794785173,0.155895703,0.8321729873508963,0.1633646737702931,0.8366353262297069,0.19526389652525816,0.06241228184879288,1.5720877181512072,4.433234524286382,1.0055912315867692,3.2362920879938213,3.2639193806413322,5.935509630641333,2.4362901367943293,0.7112785715351788,0.6836512788876679,0.5847325963086054,-1.4015622891811576e-05,-556149.7504013175,-11122.994975205833,4.1084891802192384e-05,4.097051364302584e-05,47329.70707223341,47066.54710736654,368924.89892907825,7378.497956809899,0.9474698100386075,0.01894939614485834,366873.6235368067,7337.472449085523,0.9422017418981972,0.018844034782361026,"[2.357,2.642]",2.5,"[3.000,3.500]",3.25,0.002,0.0,786,1.573,0.24,-5.273316477470999,24,0.6066835225290008,0.005,0.0,314,1.5725,0.1,-2.275816477471,29,0.6741835225290003,1.6081197610851063,1.6036519528229458,0.6001803693429645,0.5883912586911674,1.6802539757115356,1.6220371363132053,0.5840170653035801,0.5859344332945989
26,56,3.188,47.68,1.6448,8.394190862,0.167883817,Arrington:1995hs,0.775536333,0.012508651,0.0089,3.1969000000000003,1.5432000000000001,1.5521,1.0,0.0,0.0,8.394190862,0.167883817,0.8321729873508963,0.1633646737702931,0.8366353262297069,0.19526389652525816,0.06241228184879288,1.5823877181512072,4.433234524286382,1.0055912315867692,3.214834856898658,3.242402246987591,5.947769286987591,2.438804889077351,0.7520642264303423,0.7244968363414093,0.5826239622931788,-1.1049189478643662e-05,-759711.0066964319,-15194.220112207586,4.108489180219237e-05,4.0970513643025833e-05,47984.626327544414,47717.824917613136,402792.11183515796,8055.842225186848,1.0344473002318866,0.02068894597506164,400552.5298779441,8011.050586106603,1.0286956247615486,0.020573912465819327,"[2.357,2.642]",2.5,"[3.000,3.500]",3.25,0.002,0.0,791,1.583,0.24,-5.273316477470999,24,0.6066835225290008,0.005,0.0,316,1.5825,0.1,-2.275816477471,30,0.7741835225290004,1.6178198223053855,1.6136519528229458,0.5981204092584046,0.5870558742173045,1.6802539757115356,1.6753265307645004,0.5840170653035801,0.5787740822388778
26,56,3.188,47.68,1.6566,9.112596894,0.182251938,Arrington:1995hs,0.787920291,0.011961464,0.0089,3.1969000000000003,1.5314,1.5403,1.0,0.0,0.0,9.112596894,0.182251938,0.8321729873508963,0.1633646737702931,0.8366353262297069,0.19526389652525816,0.06241228184879288,1.5941877181512072,4.433234524286382,1.0055912315867692,3.190252786323616,3.2177515501803917,5.9620751101803915,2.4417360852844827,0.7987895398053841,0.7712907759486085,0.580181956604305,-7.686896848081227e-06,-1185471.468408562,-23709.429383782226,4.1084891802192384e-05,4.097051364302584e-05,48752.110142040925,48481.041411939026,444258.327456308,8885.166554976415,1.1409404850281335,0.02281880971558724,441788.1873883209,8835.763753584144,1.1345966921646584,0.022691933858234203,"[2.357,2.642]",2.5,"[3.000,3.500]",3.25,0.002,0.0,797,1.595,0.24,-5.273316477470999,25,0.846683522529001,0.005,0.0,318,1.5925,0.1,-2.275816477471,30,0.7741835225290004,1.6294575869175603,1.6236519528229458,0.5956041252150291,0.5857182926257156,1.7256871202962856,1.6753265307645004,0.5727493407682976,0.5787740822388778
26,56,3.188,47.68,1.6683,9.863344565,0.197266891,Arrington:1995hs,0.844541113,0.011760717,0.0089,3.1969000000000003,1.5197000000000003,1.5286000000000002,1.0,0.0,0.0,9.863344565,0.197266891,0.8321729873508963,0.1633646737702931,0.8366353262297069,0.19526389652525816,0.06241228184879288,1.605887718151207,4.433234524286382,1.0055912315867692,3.165879038380567,3.1933097575834233,5.9765346475834225,2.444695205456791,0.8451188759484327,0.8176881567455765,0.5777327905061258,-4.391206937061644e-06,-2246157.994002444,-44923.15981173054,4.108489180219237e-05,4.0970513643025833e-05,49531.68870933357,49256.28541049946,488548.11262647714,9770.962237670035,1.2546851372965016,0.02509370270776797,485831.7149957387,9716.634285137887,1.2477089078398937,0.024954178118847998,"[2.357,2.642]",2.5,"[3.000,3.500]",3.25,0.002,0.0,802,1.605,0.24,-5.273316477470999,25,0.846683522529001,0.005,0.0,321,1.6075,0.1,-2.275816477471,30,0.7741835225290004,1.6391538011607096,1.6386519528229457,0.5934694419728878,0.5837079565681774,1.7256871202962856,1.6753265307645004,0.5727493407682976,0.5787740822388778
26,56,3.188,47.68,1.6801,10.65336442,0.213067288,Arrington:1995hs,0.828846142,0.011264047,0.0089,3.1969000000000003,1.5079000000000002,1.5168000000000001,1.0,0.0,0.0,10.65336442,0.213067288,0.8321729873508963,0.1633646737702931,0.8366353262297069,0.19526389652525816,0.06241228184879288,1.617687718151207,4.433234524286382,1.0055912315867692,3.141296967805525,3.1686590607762244,5.991395070776225,2.447732638744727,0.891844189323475,0.8644820963527757,0.5752344539782609,-1.1057718171824806e-06,-9634324.418888606,-192686.48801603384,4.108489180219238e-05,4.0970513643025833e-05,50337.20653119551,50057.32443765056,536260.6050616299,10725.212081097714,1.3772199574597053,0.027544399097483865,533278.919124463,10665.578362466329,1.3695624168147584,0.027391248284872445,"[2.357,2.642]",2.5,"[3.000,3.500]",3.25,0.002,0.0,808,1.617,0.24,-5.273316477470999,25,0.846683522529001,0.005,0.0,323,1.6175,0.1,-2.275816477471,31,0.8741835225290004,1.6507869521457081,1.6486519528229457,0.5908613845778734,0.5823651932600589,1.7256871202962856,1.7286159252157955,0.5727493407682976,0.5715635851190897
26,56,3.188,47.68,1.6918,11.47224534,0.229444907,Arrington:1995hs,0.869053939,0.011070196,0.0089,3.1969000000000003,1.4962000000000002,1.5051,1.0,0.0,0.0,11.47224534,0.229444907,0.8321729873508963,0.1633646737702931,0.8366353262297069,0.19526389652525816,0.06241228184879288,1.629387718151207,4.433234524286382,1.0055912315867692,3.1169232198624757,3.144217268179256,6.006404508179256,2.450796708864131,0.9381735254665244,0.9108794771497442,0.5727291507418929,2.1137447752170565e-06,5427450.595979326,108549.01201420532,4.1084891802192364e-05,4.097051364302582e-05,51155.54022002293,50871.10807370727,586868.9079043407,11737.37816831792,1.507191773457891,0.030143835495433265,583605.8325392246,11672.116660958714,1.498811570860282,0.02997623144333499,"[2.357,2.642]",2.5,"[3.000,3.500]",3.25,0.002,0.0,814,1.629,0.24,-5.273316477470999,25,0.846683522529001,0.005,0.0,325,1.6275,0.1,-2.275816477471,31,0.8741835225290004,1.662417588918359,1.6586519528229458,0.5882014246923353,0.5810204804525255,1.7256871202962856,1.7286159252157955,0.5727493407682976,0.5715635851190897
26,56,3.188,47.68,1.7036,12.33384219,0.246676844,Arrington:1995hs,0.851316227,0.010621183,0.0089,3.1969000000000003,1.4844000000000002,1.4933,1.0,0.0,0.0,12.33384219,0.246676844,0.8321729873508963,0.1633646737702931,0.8366353262297069,0.19526389652525816,0.06241228184879288,1.6411877181512071,4.433234524286382,1.0055912315867692,3.0923411492874338,3.119566571372057,6.021819531372057,2.453939594075628,0.9848988388415658,0.9576734167569425,0.5701739139364332,5.3224095263629935e-06,2317341.8221405046,46346.83648038706,4.108489180219238e-05,4.0970513643025833e-05,52001.23168571468,51712.09737346209,641374.9852972325,12827.499716344897,1.6471738211410447,0.032943476449530724,637808.848318195,12756.176976706318,1.63801529826577,0.032760305991876716,"[2.357,2.642]",2.5,"[3.000,3.500]",3.25,0.002,0.0,820,1.641,0.24,-5.273316477470999,25,0.846683522529001,0.005,0.0,328,1.6425,0.1,-2.275816477471,32,0.9741835225290001,1.6740457131081143,1.6736519528229459,0.5854881998333341,0.5789999082063453,1.7256871202962856,1.7819053196670904,0.5727493407682976,0.5643131231542818
26,56,3.188,47.68,1.7154,13.232871,0.26465742,Arrington:1995hs,0.853934116,0.010126298,0.0089,3.1969000000000003,1.4726000000000001,1.4815,1.0,0.0,0.0,13.232871,0.26465742,0.8321729873508963,0.1633646737702931,0.8366353262297069,0.19526389652525816,0.06241228184879288,1.6529877181512072,4.433234524286382,1.0055912315867692,3.0677590787123923,3.094915874564858,6.037513034564858,2.457135127453282,1.0316241522166076,1.0044673563641418,0.5675898947520043,8.492584563813834e-06,1558167.7050805138,31163.35410161028,4.108489180219237e-05,4.0970513643025833e-05,52867.947555516774,52573.99417862264,699594.7300369188,13991.894600738375,1.7966932779441243,0.035933865558882484,695704.8829204644,13914.097658409286,1.78670340542751,0.0357340681085502,"[2.357,2.642]",2.5,"[3.000,3.500]",3.25,0.002,0.0,826,1.653,0.24,-5.273316477470999,26,1.0866835225290004,0.005,0.0,330,1.6525,0.1,-2.275816477471,32,0.9741835225290001,1.6856713263426641,1.6836519528229459,0.5827202974694073,0.5776506254051469,1.7703583005887307,1.7819053196670904,0.5607412008169376,0.5643131231542818
26,56,3.188,47.68,1.7271,14.16021697,0.283204339,Arrington:1995hs,0.882754835,0.010028095,0.0089,3.1969000000000003,1.4609,1.4698,1.0,0.0,0.0,14.16021697,0.283204339,0.8321729873508963,0.1633646737702931,0.8366353262297069,0.19526389652525816,0.06241228184879288,1.6646877181512072,4.433234524286382,1.0055912315867692,3.0433853307693424,3.0704740819678893,6.05334849196789,2.460355358879666,1.0779534883596584,1.0508647371611115,0.5649992194876805,1.1597943971611443e-05,1220924.7608593637,24418.495182698403,4.108489180219237e-05,4.0970513643025833e-05,53748.66235789809,53449.812080287906,761092.7208351088,15221.85439520271,1.954631898591462,0.03909263791661449,756860.9360626038,15137.218699872154,1.9437638646740758,0.03887527723857378,"[2.357,2.642]",2.5,"[3.000,3.500]",3.25,0.002,0.0,832,1.665,0.24,-5.273316477470999,26,1.0866835225290004,0.005,0.0,332,1.6625,0.1,-2.275816477471,33,1.0741835225290002,1.6972944302479291,1.693651952822946,0.5798962527278331,0.5762996348256488,1.7703583005887307,1.8351947141183855,0.5607412008169376,0.5570324665188296
26,56,3.188,47.68,1.7389,15.13352851,0.30267057,Arrington:1995hs,0.878843291,0.009581374,0.0089,3.1969000000000003,1.4491000000000003,1.4580000000000002,1.0,0.0,0.0,15.13352851,0.30267057,0.8321729873508963,0.1633646737702931,0.8366353262297069,0.19526389652525816,0.06241228184879288,1.676487718151207,4.433234524286382,1.0055912315867692,3.0188032601943013,3.0458233851606904,6.069596595160689,2.4636551291040494,1.124678801734698,1.097658676768309,0.5623574664841477,1.4691633279465916e-05,1030078.019382073,20601.56037402827,4.108489180219238e-05,4.0970513643025833e-05,54659.04220219814,54355.130081980824,827184.1734962588,16543.683458993368,2.124367409205706,0.04248734815603914,822584.9107604154,16451.698204337285,2.112555621486046,0.04225111240180205,"[2.357,2.642]",2.5,"[3.000,3.500]",3.25,0.002,0.0,838,1.677,0.24,-5.273316477470999,26,1.0866835225290004,0.005,0.0,335,1.6775,0.1,-2.275816477471,33,1.0741835225290002,1.7089150264481034,1.7086519528229458,0.5770145459742609,0.5742700953888508,1.7703583005887307,1.8351947141183855,0.5607412008169376,0.5570324665188296
26,56,3.188,47.68,1.7506,16.13828154,0.322765631,Arrington:1995hs,0.917074099,0.009542528,0.0089,3.1969000000000003,1.4374000000000002,1.4463000000000001,1.0,0.0,0.0,16.13828154,0.322765631,0.8321729873508963,0.1633646737702931,0.8366353262297069,0.19526389652525816,0.06241228184879288,1.688187718151207,4.433234524286382,1.0055912315867692,2.9944295122512514,3.0213815925637224,6.085981952563722,2.4669783040318216,1.1710081378777488,1.1440560575652778,0.5597092777494876,1.7721288481738045e-05,910672.0178180414,18213.440367646686,4.108489180219238e-05,4.0970513643025833e-05,55584.2817793912,55275.22519431895,897034.7885545075,17940.695782207004,2.3037571689438834,0.04607514340742788,892047.1463728205,17840.942938511453,2.2909479484110835,0.04581895899661314,"[2.357,2.642]",2.5,"[3.000,3.500]",3.25,0.002,0.0,844,1.689,0.24,-5.273316477470999,26,1.0866835225290004,0.005,0.0,337,1.6875,0.1,-2.275816477471,34,1.1741835225290003,1.7205331165655977,1.7186519528229458,0.5740736002563845,0.5729151315773325,1.7703583005887307,1.8884841085696809,0.5607412008169376,0.5497309630849384
26,56,3.188,47.68,1.7624,17.19434789,0.343886958,Arrington:1995hs,0.936354208,0.009538018,0.0089,3.1969000000000003,1.4256000000000002,1.4345,1.0,0.0,0.0,17.19434789,0.343886958,0.8321729873508963,0.1633646737702931,0.8366353262297069,0.19526389652525816,0.06241228184879288,1.699987718151207,4.433234524286382,1.0055912315867692,2.96984744167621,2.9967308957565226,6.102784655756523,2.4703814798035792,1.2177334512527906,1.190849997172478,0.5570092517874469,2.0738780373689117e-05,829091.5656647837,16581.831322939444,4.108489180219238e-05,4.0970513643025833e-05,56540.85082487569,56226.47557860787,972183.0590795061,19443.661192898293,2.4967523227156483,0.04993504648335452,966777.5817271727,19335.55164578875,2.4828700214260087,0.04965740045740025,"[2.357,2.642]",2.5,"[2.500,3.000]",2.75,0.002,0.0,849,1.699,0.24,-5.273316477470999,26,1.0866835225290004,0.005,0.0,339,1.6975,0.1,-1.775816477471,29,1.1741835225290003,1.7302129451307522,1.7238593446963388,0.5715763810466735,0.5517125848844849,1.7703583005887307,1.6220371363132053,0.5607412008169376,0.5668429678047034
26,56,3.188,47.68,1.7741,18.28414694,0.365682939,Arrington:1995hs,0.968051726,0.009844594,0.0089,3.1969000000000003,1.4139000000000002,1.4228,1.0,0.0,0.0,18.28414694,0.365682939,0.8321729873508963,0.1633646737702931,0.8366353262297069,0.19526389652525816,0.06241228184879288,1.7116877181512071,4.433234524286382,1.0055912315867692,2.94547369373316,2.972289103159554,6.119719913159554,2.473806765525463,1.2640627873958397,1.2372473779694455,0.5543030216538931,2.36930552431945e-05,771709.1254093059,15434.18251662741,4.108489180219238e-05,4.0970513643025833e-05,57513.204925618156,57193.4232509818,1051579.889850334,21031.597808509323,2.700658593033731,0.0540131718902156,1045732.9547225637,20914.65910588996,2.6856425436131097,0.05371285090163894,"[2.357,2.642]",2.5,"[2.500,3.000]",2.75,0.002,0.0,855,1.711,0.24,-5.273316477470999,27,1.3266835225290006,0.005,0.0,342,1.7125000000000001,0.1,-1.775816477471,30,1.2741835225290004,1.7418264449713377,1.738859344696339,0.5685225337101572,0.5494764925577369,1.814304614260677,1.6753265307645004,0.5479246821039808,0.5589370454480487
26,56,3.188,47.68,1.7859,19.42784683,0.388556937,Arrington:1995hs,0.988272152,0.010191557,0.0089,3.1969000000000003,1.4021000000000001,1.411,1.0,0.0,0.0,19.42784683,0.388556937,0.8321729873508963,0.1633646737702931,0.8366353262297069,0.19526389652525816,0.06241228184879288,1.7234877181512072,4.433234524286382,1.0055912315867692,2.920891623158118,2.9476384063523553,6.137077216352355,2.4773124987276747,1.310788100770882,1.2840413175766447,0.5515441972117769,2.6634714023852166e-05,729418.2626703555,14588.365268425105,4.108489180219238e-05,4.0970513643025833e-05,58518.665287390904,58193.293108822734,1136891.6658994684,22737.833341396836,2.919755575866728,0.05839511157744942,1130570.3850515026,22611.40772430737,2.9035213157731197,0.058070426375243005,"[2.357,2.642]",2.5,"[2.500,3.000]",2.75,0.002,0.0,861,1.723,0.24,-5.273316477470999,27,1.3266835225290006,0.005,0.0,344,1.7225000000000001,0.1,-1.775816477471,30,1.2741835225290004,1.7534374433166278,1.748859344696339,0.5654046438479244,0.54798514589882,1.814304614260677,1.6753265307645004,0.5479246821039808,0.5589370454480487
26,56,3.3,15.0,0.0214,51.82075089,1.036415018,Chen:1990kq,0.046313493,0.023156747,0.0089,3.3089,3.2786,3.2875,1.0,0.0,0.0,51.82075089,1.036415018,0.2617993877991494,0.01703708685546585,0.9829629131445341,0.017332380120999264,0.0070982282426874654,0.014301771757312533,4.433234524286382,1.0054012130394856,0.7373228671291604,0.74131831955307,0.74177627955307,0.8612643494032887,0.18319143979983965,0.17919598737593,0.9664766228298672,-0.005538690284622688,-9356.138044741778,-187.1227609309452,0.0041420701713365165,0.0041309291805163365,234.88199347728838,233.6201612162405,12171.761272533166,243.43522549763972,0.03125941451552515,0.0006251882904311474,12106.372177268438,242.1274435920928,0.031091482793245334,0.000621829655984903,"[0.702,0.878]",0.756,"[0.650,1.050]",0.8,0.002,0.0,7,0.015,0.04,0.405147522529,-6,0.185147522529,0.005,0.0,2,0.0125,0.1,0.17418352252900005,0,0.22418352252900003,0.020474278071581864,0.02016817300257129,0.9664728593924746,0.9664801625859873,-0.0683974212365771,0.0766446972256476,0.9662294645057345,0.9662589113390193
26,56,3.3,15.0,0.0374,46.15380139,0.923076028,Chen:1990kq,0.381333703,0.092516756,0.0089,3.3089,3.2626,3.2715,1.0,0.0,0.0,46.15380139,0.923076028,0.2617993877991494,0.01703708685546585,0.9829629131445341,0.017332380120999264,0.0070982282426874654,0.030301771757312537,4.433234524286382,1.0054012130394856,0.733724634385286,0.7377103824845228,0.7391091424845229,0.8597145703572336,0.21681440854371403,0.21282866044447724,0.9664352332140896,-0.005266512682824919,-8763.636237033314,-175.27272477864207,0.004142070171336516,0.004130929180516335,235.47242949092262,234.20742529149385,10867.94774354482,217.3589549179909,0.027910971620447388,0.0005582194325298955,10809.56299096687,216.19125986617888,0.02776102839190749,0.0005552205679584477,"[0.702,0.878]",0.756,"[0.650,1.050]",0.8,0.002,0.0,15,0.031,0.04,0.405147522529,-5,0.225147522529,0.005,0.0,6,0.0325,0.1,0.17418352252900005,0,0.22418352252900003,0.03646555034590904,0.04016817300257129,0.9664211189526704,0.96643132309187,-0.04570170171117416,0.0766446972256476,0.966377872606311,0.9662589113390193
26,56,3.3,15.0,0.0534,51.42825877,1.028565175,Chen:1990kq,0.713615449,0.10091728,0.0089,3.3089,3.2466,3.2555,1.0,0.0,0.0,51.42825877,1.028565175,0.2617993877991494,0.01703708685546585,0.9829629131445341,0.017332380120999264,0.0070982282426874654,0.04630177175731254,4.433234524286382,1.0054012130394856,0.7301264016414117,0.7341024454159755,0.7369540054159754,0.8584602526710107,0.2504373772875883,0.24646133351302457,0.9663708616370202,-0.004991591955057302,-10302.977333292383,-206.05954658571292,0.0041420701713365165,0.0041309291805163365,236.39223403591268,235.1222884655787,12157.240983217318,243.1448195697895,0.031222123631120962,0.000624442472379579,12091.929893802368,241.83859778199843,0.03105439224280582,0.0006210878446145807,"[0.702,0.878]",0.756,"[0.650,1.050]",0.8,0.002,0.0,23,0.047,0.04,0.405147522529,-4,0.265147522529,0.005,0.0,9,0.0475,0.1,0.17418352252900005,0,0.22418352252900003,0.05245192526675169,0.05516817300257129,0.9663400255864967,0.9663734516952657,-0.023568937185692862,0.0766446972256476,0.9664651245182648,0.9662589113390193
26,56,3.3,15.0,0.0694,63.72156115,1.274431223,Chen:1990kq,1.318235123,0.121779816,0.0089,3.3089,3.2306,3.2395,1.0,0.0,0.0,63.72156115,1.274431223,0.2617993877991494,0.01703708685546585,0.9829629131445341,0.017332380120999264,0.0070982282426874654,0.06230177175731254,4.433234524286382,1.0054012130394856,0.7265281688975372,0.7304945083474282,0.7353108683474282,0.8575026929097239,0.2840603460314629,0.2800940065815719,0.9662831767745292,-0.004714459662444679,-13516.196067516514,-270.32392135033024,0.004142070171336517,0.0041309291805163365,237.64814616231652,236.37145358505077,15143.31087786619,302.86621755732375,0.03889092311865258,0.0007778184623730515,15061.9580337342,301.23916067468394,0.03868199343133794,0.0007736398686267587,"[0.702,0.878]",0.756,"[0.650,1.050]",0.8,0.002,0.0,31,0.063,0.04,0.405147522529,-4,0.265147522529,0.005,0.0,12,0.0625,0.1,0.17418352252900005,1,0.32418352252900007,0.06843340733082925,0.07016817300257129,0.9662291810622895,0.9662973801401245,-0.023568937185692862,0.12993409167694267,0.9664651245182648,0.9658137559606444
26,56,3.3,15.0,0.0853,89.53611875,1.790722375,Chen:1990kq,2.01036188,0.132907258,0.0089,3.3089,3.2146999999999997,3.2236,1.0,0.0,0.0,89.53611875,1.790722375,0.2617993877991494,0.01703708685546585,0.9829629131445341,0.017332380120999264,0.0070982282426874654,0.07820177175731254,4.433234524286382,1.0054012130394856,0.722952425108312,0.7269091208855594,0.7341852108855593,0.8568460835445064,0.3174731712206881,0.31351647544344075,0.9661726140924826,-0.004437408630123113,-20177.5689852381,-403.551379704762,0.004142070171336517,0.0041309291805163365,239.23664526336302,237.9514189565309,21420.320679652097,428.4064135930419,0.0550114866853092,0.0011002297337061838,21305.24650442295,426.104930088459,0.05471595416023105,0.001094319083204621,"[0.702,0.878]",0.756,"[0.650,1.050]",0.8,0.002,0.0,39,0.079,0.04,0.405147522529,-3,0.305147522529,0.005,0.0,15,0.0775,0.1,0.17418352252900005,1,0.32418352252900007,0.08441000102798313,0.08516817300257129,0.966088026875461,0.9662031170236467,-0.0019592050952148554,0.12993409167694267,0.9664964087045235,0.9658137559606444
26,56,3.3,15.0,0.1013,141.1437393,2.822874786,Chen:1990kq,2.338042067,0.116193606,0.0089,3.3089,3.1986999999999997,3.2076,1.0,0.0,0.0,141.1437393,2.822874786,0.2617993877991494,0.01703708685546585,0.9829629131445341,0.017332380120999264,0.0070982282426874654,0.09420177175731254,4.433234524286382,1.0054012130394856,0.7193541923644375,0.7233011838170121,0.7335628738170121,0.8564828508598477,0.35109613996456246,0.34714914851198786,0.966037446965748,-0.004157508434428386,-33949.1167669527,-678.982335339054,0.004142070171336517,0.0041309291805163365,241.18608556288723,239.89038647938753,34041.90598347565,680.8381196695129,0.0874261354794495,0.00174852270958899,33859.026169822915,677.1805233964583,0.08695646508635749,0.0017391293017271496,"[0.702,0.878]",0.756,"[0.650,1.050]",0.8,0.002,0.0,47,0.095,0.04,0.405147522529,-2,0.345147522529,0.005,0.0,18,0.0925,0.1,0.17418352252900005,1,0.32418352252900007,0.10038171084117664,0.10016817300257129,0.9659158369247131,0.9660906729961289,0.019162910402884314,0.12993409167694267,0.9664758082266709,0.9658137559606444
26,56,3.3,15.0,0.1173,238.8078216,4.776156433,Chen:1990kq,1.909485195,0.074118175,0.0089,3.3089,3.1826999999999996,3.1915999999999998,1.0,0.0,0.0,238.8078216,4.776156433,0.2617993877991494,0.01703708685546585,0.9829629131445341,0.017332380120999264,0.0070982282426874654,0.11020177175731254,4.433234524286382,1.0054012130394856,0.7157559596205633,0.7196932467484649,0.7334525367484649,0.8564184355491566,0.38471910870843684,0.3807818215805352,0.9658779556987768,-0.003877061586957222,-61595.05497755585,-1231.9010998090441,0.004142070171336516,0.004130929180516335,243.49686945753461,242.1887563885122,58148.956961573414,1162.979139474965,0.1493376602290983,0.0029867532052073125,57836.56932915368,1156.7313868252622,0.14853538894947935,0.0029707077796115736,"[0.702,0.878]",0.756,"[0.650,1.050]",0.8,0.002,0.0,55,0.111,0.04,0.405147522529,-1,0.385147522529,0.005,0.0,22,0.1125,0.1,0.17418352252900005,2,0.42418352252900005,0.11634854124654481,0.1201681730025713,0.9657117078129456,0.9659124884550563,0.03982900006389922,0.18322348612823774,0.9664065083533144,0.965139716226757
26,56,3.3,15.0,0.1333,525.8926125,10.51785225,Chen:1990kq,1.507912416,0.046967764,0.0089,3.3089,3.1666999999999996,3.1755999999999998,1.0,0.0,0.0,525.8926125,10.51785225,0.2617993877991494,0.01703708685546585,0.9829629131445341,0.017332380120999264,0.0070982282426874654,0.12620177175731254,4.433234524286382,1.0054012130394856,0.7121577268766889,0.7160853096799176,0.7338541996799176,0.8566529050204158,0.4183420774523111,0.4144144946490824,0.9656937963150849,-0.003596636191403517,-146217.90598586528,-2924.3581197173057,0.0041420701713365165,0.0041309291805163365,246.17924387545622,244.85672056354272,129463.84570493831,2589.276914098766,0.3324879552803134,0.006649759105606267,128768.34046534396,2575.366809306879,0.3307017645971901,0.0066140352919438015,"[0.702,0.878]",0.756,"[0.650,1.050]",0.8,0.002,0.0,63,0.127,0.04,0.405147522529,0,0.425147522529,0.005,0.0,25,0.1275,0.1,0.17418352252900005,2,0.42418352252900005,0.13231049671337303,0.1351681730025713,0.9654745465260944,0.9657576752287469,0.060067384102035604,0.18322348612823774,0.9662909515687564,0.965139716226757
26,56,3.3,15.0,0.1492,948.965815,18.9793163,Chen:1990kq,1.359374573,0.034142431,0.0089,3.3089,3.1508,3.1597,1.0,0.0,0.0,948.965815,18.9793163,0.2617993877991494,0.01703708685546585,0.9829629131445341,0.017332380120999264,0.0070982282426874654,0.14210177175731253,4.433234524286382,1.0054012130394856,0.7085819830874638,0.7124999222180488,0.7347605622180489,0.857181755649319,0.45175490264153617,0.44783696351095115,0.9654860074271949,-0.003318545793839483,-285958.3305319008,-5719.166610638016,0.004142070171336515,0.004130929180516334,249.22406186754029,247.8851811945769,236505.1149877408,4730.102299754816,0.6073904391410323,0.012147808782820646,235234.56299873433,4704.691259974687,0.6041274182520585,0.01208254836504117,"[0.702,0.878]",0.756,"[0.650,1.050]",0.8,0.002,0.0,71,0.14300000000000002,0.04,0.405147522529,1,0.465147522529,0.005,0.0,28,0.14250000000000002,0.1,0.17418352252900005,2,0.42418352252900005,0.14826758170414678,0.15016817300257132,0.9652030551685602,0.9655847313773731,0.079903567462147,0.18322348612823774,0.9661309538848732,0.965139716226757
26,56,3.3,15.0,0.1652,1586.142551,31.72285102,Chen:1990kq,1.248311508,0.025848875,0.0089,3.3089,3.1348,3.1437,1.0,0.0,0.0,1586.142551,31.72285102,0.2617993877991494,0.01703708685546585,0.9829629131445341,0.017332380120999264,0.0070982282426874654,0.15810177175731255,4.433234524286382,1.0054012130394856,0.7049837503435894,0.7088919851495015,0.7361830251495015,0.8580110868453283,0.48537787138541066,0.4814696365794986,0.9652516268847613,-0.003039852572806269,-521782.7223560836,-10435.654447121673,0.004142070171336516,0.004130929180516335,252.68179963969632,251.3243433194193,400789.3542717788,8015.787085435576,1.0293038351699282,0.020586076703398567,398636.2350410635,7972.724700821272,1.0237742125436484,0.02047548425087297,"[0.702,0.878]",0.756,"[0.650,1.050]",0.8,0.002,0.0,79,0.159,0.04,0.405147522529,1,0.465147522529,0.005,0.0,31,0.1575,0.1,0.17418352252900005,3,0.5241835225290001,0.16421980067453035,0.1651681730025713,0.9648957123455938,0.9653936764058358,0.079903567462147,0.2365128805795329,0.9661309538848732,0.9642377507481433
26,56,3.3,15.0,0.1812,2537.566349,50.75132699,Chen:1990kq,1.186175881,0.020295036,0.0089,3.3089,3.1188,3.1277,1.0,0.0,0.0,2537.566349,50.75132699,0.2617993877991494,0.01703708685546585,0.9829629131445341,0.017332380120999264,0.0070982282426874654,0.17410177175731253,4.433234524286382,1.0054012130394856,0.7013855175997149,0.7052840480809542,0.7381174880809542,0.8591376421045432,0.5190008401292853,0.5151023096480459,0.9649915295956104,-0.002762862725278163,-918455.4577334347,-18369.109158288127,0.004142070171336517,0.0041309291805163365,256.5478160237842,255.16959070319788,651007.1048513978,13020.142099593435,1.6719109492414947,0.033438218991418536,647509.7666565382,12950.19533568246,1.6629291148227736,0.03325858230300872,"[0.702,0.878]",0.756,"[0.650,1.050]",0.8,0.002,0.0,87,0.17500000000000002,0.04,0.405147522529,2,0.505147522529,0.005,0.0,34,0.17250000000000001,0.1,0.17418352252900005,3,0.5241835225290001,0.18016715807340233,0.18016817300257132,0.9645507506765515,0.9651845318494511,0.09936061671112018,0.2365128805795329,0.9659277921291016,0.9642377507481433
26,56,3.3,15.0,0.1972,3910.739366,78.21478732,Chen:1990kq,1.122549879,0.016595327,0.0089,3.3089,3.1028,3.1117,1.0,0.0,0.0,3910.739366,78.21478732,0.2617993877991494,0.01703708685546585,0.9829629131445341,0.017332380120999264,0.0070982282426874654,0.19010177175731252,4.433234524286382,1.0054012130394856,0.6977872848558405,0.701676111012407,0.740563951012407,0.8605602541440123,0.5526238088731595,0.548734982716593,0.964705359016596,-0.0024881189335425125,-1571765.4462891775,-31435.308925783553,0.004142070171336517,0.0041309291805163365,260.8365200693329,259.4352549871938,1020063.6471255891,20401.272942511783,2.6197188446073576,0.052394376892147154,1014583.6646066665,20291.67329213333,2.6056451997780434,0.05211290399556087,"[0.702,0.878]",0.756,"[0.650,1.050]",0.8,0.002,0.0,95,0.191,0.04,0.405147522529,3,0.545147522529,0.005,0.0,38,0.1925,0.1,0.17418352252900005,3,0.5241835225290001,0.19610965834286986,0.2001681730025713,0.9641661297927999,0.9648775740979044,0.11845947443664773,0.2365128805795329,0.9656822690175599,0.9642377507481433
26,56,3.3,15.0,0.2125,5691.462653,113.8292531,Chen:1990kq,1.029612308,0.037775878,0.0089,3.3089,3.0875,3.0964,1.0,0.0,0.0,5691.462653,113.8292531,0.2617993877991494,0.01703708685546585,0.9829629131445341,0.017332380120999264,0.0070982282426874654,0.20540177175731253,4.433234524286382,1.0054012130394856,0.6943464747945107,0.6982260211906087,0.7433822711906087,0.8621961906611562,0.5847757727344893,0.5808962263383913,0.9644069897471261,-0.0022279819139552617,-2554537.187824894,-51090.74377445136,0.004142070171336516,0.004130929180516335,265.34728072109186,263.92178294564155,1510214.1382992011,30204.282776597916,3.878519196957305,0.0775703839664046,1502100.970948291,30042.019429522697,3.8576830290784434,0.07715366060868095,"[0.702,0.878]",0.756,"[0.650,1.050]",0.8,0.002,0.0,102,0.20500000000000002,0.04,0.405147522529,4,0.5851475225289999,0.005,0.0,41,0.20750000000000002,0.1,0.17418352252900005,4,0.624183522529,0.21005536520162593,0.21516817300257132,0.9637952177638097,0.9646263156175644,0.13721922336983916,0.2898022750308279,0.9653947608436697,0.9631091391487261
26,56,3.3,15.0,0.2276,7910.731368,158.2146274,Chen:1990kq,1.047943561,0.03147623,0.0089,3.3089,3.0724,3.0813,1.0,0.0,0.0,7910.731368,158.2146274,0.2617993877991494,0.01703708685546585,0.9829629131445341,0.017332380120999264,0.0070982282426874654,0.22050177175731253,4.433234524286382,1.0054012130394856,0.6909506426424792,0.6948210305821673,0.7466227905821673,0.8640733710641517,0.6165074494865208,0.6126370615468327,0.9640885123507533,-0.0019741658042860934,-4007126.12427238,-80142.52250570933,0.004142070171336518,0.004130929180516337,270.20627844008214,268.75467717331094,2137529.2826865,42750.58566453825,5.489584653401965,0.10979169309579696,2126046.0550116245,42520.92111098268,5.460093525057614,0.10920187052876082,"[0.702,0.878]",0.756,"[0.650,1.050]",0.8,0.002,0.0,110,0.221,0.04,0.405147522529,5,0.625147522529,0.005,0.0,44,0.2225,0.1,0.17418352252900005,4,0.624183522529,0.22598877030279851,0.2301681730025713,0.9633296441919702,0.9643570539188501,0.1556573097222419,0.2898022750308279,0.9650652512167759,0.9631091391487261
26,56,3.3,15.0,0.2426,10515.22117,210.3044233,Chen:1990kq,0.979532417,0.025867264,0.0089,3.3089,3.0574,3.0663,1.0,0.0,0.0,10515.22117,210.3044233,0.2617993877991494,0.01703708685546585,0.9829629131445341,0.017332380120999264,0.0070982282426874654,0.23550177175731254,4.433234524286382,1.0054012130394856,0.6875772994450969,0.6914385895804042,0.7502933495804042,0.8661947526857942,0.6480289826839031,0.6441676925485958,0.9637482250813625,-0.001725309820395843,-6094685.746115711,-121893.71486435359,0.004142070171336517,0.0041309291805163365,275.4485622294534,273.96879838321377,2896402.552801211,57928.051028479356,7.4385165773954816,0.14877033147716914,2880842.5086786314,57616.85014617574,7.398555403476865,0.14797110799917684,"[0.702,0.878]",0.756,"[0.650,1.050]",0.8,0.002,0.0,117,0.23500000000000001,0.04,0.405147522529,5,0.625147522529,0.005,0.0,47,0.23750000000000002,0.1,0.17418352252900005,4,0.624183522529,0.23992652569676665,0.24516817300257132,0.9628835260852571,0.964069819258306,0.1556573097222419,0.2898022750308279,0.9650652512167759,0.9631091391487261
26,56,3.3,15.0,0.2577,13427.02782,268.5405564,Chen:1990kq,0.997987059,0.0226409,0.0089,3.3089,3.0423,3.0512,1.0,0.0,0.0,13427.02782,268.5405564,0.2617993877991494,0.01703708685546585,0.9829629131445341,0.017332380120999264,0.0070982282426874654,0.2506017717573125,4.433234524286382,1.0054012130394856,0.6841814672930655,0.6880335989719627,0.7544428889719627,0.8685867193159027,0.6797606594359344,0.6759085277570372,0.9633812826902685,-0.0014784840934631838,-9081618.043349177,-181632.36086698354,0.004142070171336517,0.0041309291805163365,281.16004383078956,279.64959678216286,3775143.7303884304,75502.87460776862,9.695292249133809,0.1939058449826762,3754862.915845883,75097.25831691767,9.643207232487239,0.19286414464974477,"[0.702,0.878]",0.756,"[0.650,1.050]",0.8,0.002,0.0,125,0.251,0.04,0.405147522529,6,0.665147522529,0.005,0.0,50,0.2525,0.1,0.17418352252900005,5,0.7241835225290001,0.2558508511782378,0.2601681730025713,0.9623263136652178,0.9637646438841058,0.17378973318055213,0.34309166948212305,0.9646933532778994,0.9617554775407161
26,56,3.3,15.0,0.2727,16463.28392,329.2656784,Chen:1990kq,0.953637201,0.019619415,0.0089,3.3089,3.0273,3.0362,1.0,0.0,0.0,16463.28392,329.2656784,0.2617993877991494,0.01703708685546585,0.9829629131445341,0.017332380120999264,0.0070982282426874654,0.26560177175731253,4.433234524286382,1.0054012130394856,0.6808081240956833,0.6846511579701996,0.7590164479701996,0.8712155003041439,0.7112821926333167,0.7074391587588004,0.9629922375829347,-0.0012373215901339558,-13305582.034026936,-266111.64068053867,0.004142070171336517,0.0041309291805163365,287.28200263787903,285.7386672225911,4729605.174533592,94592.10349067183,12.146532070025478,0.24293064140050954,4704196.805407916,94083.93610815832,12.081278510998217,0.24162557021996434,"[0.702,0.878]",0.756,"[0.650,1.050]",0.8,0.002,0.0,132,0.265,0.04,0.405147522529,7,0.705147522529,0.005,0.0,53,0.2675,0.1,0.17418352252900005,5,0.7241835225290001,0.26978066869305195,0.2751681730025713,0.9617943763632963,0.963441562027029,0.19163120944830536,0.34309166948212305,0.9642783220732357,0.9617554775407161
26,56,3.3,15.0,0.2878,19514.68047,390.2936093,Chen:1990kq,0.994123375,0.018140189,0.0089,3.3089,3.0122,3.0211,1.0,0.0,0.0,19514.68047,390.2936093,0.2617993877991494,0.01703708685546585,0.9829629131445341,0.017332380120999264,0.0070982282426874654,0.28070177175731253,4.433234524286382,1.0054012130394856,0.6774122919436518,0.6812461673617581,0.7640750073617582,0.874113841191042,0.7430138693853481,0.7391799939672418,0.9625755895952229,-0.0009989509742007532,-19535173.37085879,-390703.4673170708,0.004142070171336517,0.0041309291805163365,293.9142491339724,292.3352839862044,5735642.657429446,114712.8531191975,14.730229038102154,0.2946045806865603,5704829.657097487,114096.5931127162,14.651095350850396,0.2930219069419306,"[0.702,0.878]",0.756,"[0.650,1.050]",0.8,0.002,0.0,140,0.281,0.04,0.405147522529,8,0.7451475225290001,0.005,0.0,56,0.28250000000000003,0.1,0.17418352252900005,5,0.7241835225290001,0.2856959300591626,0.2901681730025713,0.9611317479498005,0.9631006098908987,0.20919531003256908,0.34309166948212305,0.9638190581944797,0.9617554775407161
26,56,3.3,15.0,0.3028,22410.97716,448.2195432,Chen:1990kq,0.914730306,0.015885073,0.0089,3.3089,2.9972,3.0061,1.0,0.0,0.0,22410.97716,448.2195432,0.2617993877991494,0.01703708685546585,0.9829629131445341,0.017332380120999264,0.0070982282426874654,0.29570177175731255,4.433234524286382,1.0054012130394856,0.6740389487462696,0.677863726359995,0.769551566359995,0.8772408827454379,0.7745354025827303,0.7707106249690049,0.9621365447442836,-0.0007668466444059421,-29224848.701478314,-584496.9740295663,0.004142070171336517,0.0041309291805163365,300.9881011514302,299.3711338794748,6745437.460336472,134908.74920672944,17.323575523702786,0.3464715104740557,6709199.6437362125,134183.99287472424,17.23050986912071,0.3446101973824141,"[0.702,0.878]",0.756,"[0.650,1.050]",0.8,0.002,0.0,147,0.295,0.04,0.405147522529,9,0.785147522529,0.005,0.0,59,0.2975,0.1,0.17418352252900005,5,0.7241835225290001,0.2996178232418245,0.30516817300257126,0.9605002904185279,0.9627418256424787,0.2264945830520867,0.34309166948212305,0.9633141033391085,0.9617554775407161
26,56,3.3,15.0,0.3179,25086.77201,501.7354403,Chen:1990kq,0.916817835,0.01478867,0.0089,3.3089,2.9821,2.991,1.0,0.0,0.0,25086.77201,501.7354403,0.2617993877991494,0.01703708685546585,0.9829629131445341,0.017332380120999264,0.0070982282426874654,0.31080177175731255,4.433234524286382,1.0054012130394856,0.6706431165942383,0.6744587357515537,0.7755191457515537,0.8806356486944834,0.8062670793347618,0.8024514601774464,0.9616689314505183,-0.0005382086172053148,-46611613.43024343,-932232.2687906702,0.0041420701713365165,0.0041309291805163365,308.6184019466039,306.96044319819555,7742239.487724992,154844.78978536167,19.88355407293445,0.3976710815379481,7700646.654601688,154012.9331227298,19.776735710138393,0.3955347142816012,"[0.878,1.302]",0.991,"[0.650,1.050]",0.8,0.002,0.0,155,0.311,0.12,-0.005397477470999945,6,0.7746025225290001,0.005,0.0,62,0.3125,0.1,0.17418352252900005,6,0.8241835225290001,0.3194353931655698,0.3201681730025713,0.9627566595387018,0.9623652494008416,0.38712638227275475,0.39638106393341815,0.9607003784349989,0.9601786729064515
26,56,3.3,15.0,0.3329,27415.56963,548.3113925,Chen:1990kq,0.904595467,0.014043115,0.0089,3.3089,2.9671,2.976,1.0,0.0,0.0,27415.56963,548.3113925,0.2617993877991494,0.01703708685546585,0.9829629131445341,0.017332380120999264,0.0070982282426874654,0.3258017717573125,4.433234524286382,1.0054012130394856,0.6672697733968559,0.6710762947497906,0.7818987047497905,0.8842503631606777,0.837788612532144,0.8339820911792093,0.961178626090658,-0.00031633150862760584,-86667211.08163261,-1733344.221316528,0.0041420701713365165,0.0041309291805163365,316.72565943432807,315.02414690431567,8683214.369829489,173664.2873649172,22.30015781908073,0.4460031563002734,8636566.434586616,172731.3286602299,22.180356985709075,0.4436071396332772,"[0.878,1.302]",0.991,"[0.650,1.050]",0.8,0.002,0.0,162,0.325,0.12,-0.005397477470999945,6,0.7746025225290001,0.005,0.0,65,0.3275,0.1,0.17418352252900005,6,0.8241835225290001,0.3333483388454894,0.3351681730025713,0.9623829047318689,0.96197092322621,0.38712638227275475,0.39638106393341815,0.9607003784349989,0.9601786729064515
26,56,3.3,15.0,0.348,29333.13037,586.6626075,Chen:1990kq,0.886369769,0.013500093,0.0089,3.3089,2.952,2.9609,1.0,0.0,0.0,29333.13037,586.6626075,0.2617993877991494,0.01703708685546585,0.9829629131445341,0.017332380120999264,0.0070982282426874654,0.3409017717573125,4.433234524286382,1.0054012130394856,0.6638739412448246,0.6676713041413491,0.7887753041413491,0.8881302292689677,0.8695202892841755,0.8657229263876509,0.9606587689279492,-9.849899105087887e-05,-297801328.2882076,-5956026.566779391,0.004142070171336516,0.004130929180516335,325.4410193576736,323.69268620018306,9546203.848564334,190924.07700383078,24.516480110841815,0.4903296023004158,9494919.76412547,189898.39531487867,24.384772758255032,0.48769545524823116,"[0.878,1.302]",0.991,"[0.650,1.050]",0.8,0.002,0.0,170,0.341,0.12,-0.005397477470999945,7,0.894602522529,0.005,0.0,68,0.3425,0.1,0.17418352252900005,6,0.8241835225290001,0.349244334550427,0.3501681730025713,0.9619264236542311,0.9615588911082772,0.43164799134548637,0.39638106393341815,0.9589739538319474,0.9601786729064515
26,56,3.3,15.0,0.363,30738.56557,614.7713115,Chen:1990kq,0.894641617,0.013370826,0.0089,3.3089,2.937,2.9459,1.0,0.0,0.0,30738.56557,614.7713115,0.2617993877991494,0.01703708685546585,0.9829629131445341,0.017332380120999264,0.0070982282426874654,0.3559017717573125,4.433234524286382,1.0054012130394856,0.6605005980474422,0.664288863139586,0.796057863139586,0.8922207479876189,0.9010418224815578,0.897253557389414,0.960115923706247,0.00011219054000467183,273985360.6972565,5479707.214836472,0.0041420701713365165,0.0041309291805163365,334.6732147292267,332.87528440258893,10287374.555477023,205747.49114300782,26.41994846150942,0.5283989693161389,10232108.756241377,204642.1751581151,26.278015302605187,0.5255603061375925,"[0.878,1.302]",0.991,"[0.650,1.050]",0.8,0.002,0.0,177,0.355,0.12,-0.005397477470999945,7,0.894602522529,0.005,0.0,71,0.3575,0.1,0.17418352252900005,7,0.924183522529,0.36314938464094837,0.36516817300257126,0.9614999004577434,0.9611291989540129,0.43164799134548637,0.4496704583847132,0.9589739538319474,0.9583809364236614
26,56,3.3,15.0,0.3781,31628.00416,632.5600832,Chen:1990kq,0.901100172,0.013690399,0.0089,3.3089,2.9219,2.9308,1.0,0.0,0.0,31628.00416,632.5600832,0.2617993877991494,0.01703708685546585,0.9829629131445341,0.017332380120999264,0.0070982282426874654,0.3710017717573125,4.433234524286382,1.0054012130394856,0.6571047658954108,0.6608838725311446,0.8038434825311446,0.8965731886082389,0.9327734992335892,0.9289943925978554,0.9595425255523948,0.0003183581882281358,99347230.03680164,1986944.6007360327,0.0041420701713365165,0.0041309291805163365,344.57110966743295,342.72000590265895,10898096.489977386,217961.9297995477,27.988399376444026,0.5597679875288805,10839549.772404522,216790.99544809046,27.838040190771906,0.5567608038154381,"[0.878,1.302]",0.991,"[0.650,1.050]",0.8,0.002,0.0,185,0.371,0.12,-0.005397477470999945,7,0.894602522529,0.005,0.0,74,0.3725,0.1,0.17418352252900005,7,0.924183522529,0.37903636449303235,0.3801681730025713,0.9609795783770634,0.960681894574963,0.43164799134548637,0.4496704583847132,0.9589739538319474,0.9583809364236614
26,56,3.3,15.0,0.3934,32025.32885,640.5065771,Chen:1990kq,0.880553019,0.018391692,0.0089,3.3089,2.9065999999999996,2.9154999999999998,1.0,0.0,0.0,32025.32885,640.5065771,0.2617993877991494,0.01703708685546585,0.9829629131445341,0.017332380120999264,0.0070982282426874654,0.38630177175731256,4.433234524286382,1.0054012130394856,0.6536639558340809,0.6574337827093462,0.8121973427093462,0.9012199191703134,0.9649254630949191,0.9611556362196538,0.95893363162181,0.0005210260971981889,61465882.46196456,1229317.64943122,0.0041420701713365165,0.0041309291805163365,355.2463284253873,353.33787528604813,11376880.49057813,227537.6098470872,29.218008403689208,0.5843601681650182,11315761.65119598,226315.23305925337,29.061043516506796,0.5812208704208798,"[0.878,1.302]",0.991,"[0.650,1.050]",0.8,0.002,0.0,193,0.387,0.12,-0.005397477470999945,8,1.014602522529,0.005,0.0,77,0.3875,0.1,0.17418352252900005,7,0.924183522529,0.39491854215857813,0.3951681730025713,0.9604219608324102,0.9602170276740448,0.47476752402222344,0.4496704583847132,0.9569460932333339,0.9583809364236614
26,56,3.3,15.0,0.4075,32004.23627,640.0847254,Chen:1990kq,0.887382525,0.017810142,0.0089,3.3089,2.8925,2.9014,1.0,0.0,0.0,32004.23627,640.0847254,0.2617993877991494,0.01703708685546585,0.9829629131445341,0.017332380120999264,0.0070982282426874654,0.4004017717573125,4.433234524286382,1.0054012130394856,0.6504930132285416,0.6542542881676889,0.820310538167689,0.9057099636018635,0.9945557043004583,0.9907944293613109,0.9583473295062627,0.0007021243935226653,45582003.08271567,911640.0616543134,0.004142070171336517,0.0041309291805163365,365.6859846078762,363.72144758245327,11703500.652018053,234070.01304036108,30.05683154415107,0.6011366308830214,11640627.144895256,232812.5428979051,29.895360334094438,0.5979072066818888,"[0.878,1.302]",0.991,"[0.650,1.050]",0.8,0.002,0.0,200,0.401,0.12,-0.005397477470999945,8,1.014602522529,0.005,0.0,80,0.4025,0.1,0.17418352252900005,8,1.0241835225290001,0.40881151174374963,0.4101681730025713,0.9599014221269313,0.9597346498318496,0.47476752402222344,0.5029598528360083,0.9569460932333339,0.9563647757774824
26,56,3.3,15.0,0.4217,31682.39986,633.6479972,Chen:1990kq,0.874302456,0.017233543,0.0089,3.3089,2.8783,2.8872,1.0,0.0,0.0,31682.39986,633.6479972,0.2617993877991494,0.01703708685546585,0.9829629131445341,0.017332380120999264,0.0070982282426874654,0.41460177175731255,4.433234524286382,1.0054012130394856,0.647299581668353,0.6510522440193532,0.8288831340193532,0.910430191733201,1.0243960890606472,1.020643426709647,0.9577321898670089,0.0008789129799512313,36047254.48673881,720945.0897347762,0.004142070171336518,0.004130929180516337,376.808735647782,374.78444501636324,11938205.033534065,238764.10067068128,30.659597354796322,0.6131919470959264,11874070.648316605,237481.41296633208,30.494887968264482,0.6098977593652896,"[0.878,1.302]",0.991,"[0.650,1.050]",0.8,0.002,0.0,207,0.41500000000000004,0.12,-0.005397477470999945,8,1.014602522529,0.005,0.0,82,0.41250000000000003,0.1,0.17418352252900005,8,1.0241835225290001,0.4227008108984265,0.4201681730025713,0.9593484288934824,0.9594033626189007,0.47476752402222344,0.5029598528360083,0.9569460932333339,0.9563647757774824
26,56,3.3,15.0,0.4359,31138.50475,622.770095,Chen:1990kq,0.89599678,0.017117071,0.0089,3.3089,2.8640999999999996,2.8729999999999998,1.0,0.0,0.0,31138.50475,622.770095,0.2617993877991494,0.01703708685546585,0.9829629131445341,0.017332380120999264,0.0070982282426874654,0.42880177175731254,4.433234524286382,1.0054012130394856,0.6441061501081645,0.6478501998710174,0.8378590098710175,0.9153463879160815,1.0542364738208354,1.0504924240579827,0.9570920035905234,0.0010500163531531079,29655256.945754964,593105.1389150993,0.0041420701713365165,0.0041309291805163365,388.56916560716445,386.481695633188,12099462.808962228,241989.25617924452,31.073738211907575,0.6214747642381514,12034462.115262078,240689.24230524155,30.906803979246043,0.6181360795849208,"[0.878,1.302]",0.991,"[0.438,0.650]",0.5,0.002,0.0,214,0.429,0.12,-0.005397477470999945,8,1.014602522529,0.005,0.0,85,0.4275,0.1,0.4741835225290001,5,1.0241835225290001,0.436586442530178,0.432292608126607,0.9587608646132185,0.9545438159025239,0.47476752402222344,0.34309166948212305,0.9569460932333339,0.9589330502283172
26,56,3.3,15.0,0.45,30457.38436,609.1476872,Chen:1990kq,0.899617632,0.016941704,0.0089,3.3089,2.8499999999999996,2.8588999999999998,1.0,0.0,0.0,30457.38436,609.1476872,0.2617993877991494,0.01703708685546585,0.9829629131445341,0.017332380120999264,0.0070982282426874654,0.44290177175731255,4.433234524286382,1.0054012130394856,0.6409352075026251,0.6446707053293602,0.8471707053293602,0.920418766284869,1.083866715026375,1.0801312171996398,0.9564312641770907,0.0012142377619777348,25083542.378381815,501670.8475676362,0.004142070171336518,0.004130929180516337,400.90521422556037,398.7514725723883,12210524.201596033,244210.4840319206,31.358965142610355,0.6271793028522069,12144926.864253229,242898.53728506455,31.190498614784122,0.6238099722956824,"[0.878,1.302]",0.991,"[0.438,0.650]",0.5,0.002,0.0,221,0.443,0.12,-0.005397477470999945,9,1.134602522529,0.005,0.0,88,0.4425,0.1,0.4741835225290001,6,1.124183522529,0.4504684095427436,0.44729260812660704,0.9581363937752274,0.9537110938238594,0.5166096490576481,0.3963810639334181,0.95456243055867,0.9564273942645846
26,56,3.3,15.0,0.4642,29703.29669,594.0659339,Chen:1990kq,0.942656308,0.017203478,0.0089,3.3089,2.8358,2.8447,1.0,0.0,0.0,29703.29669,594.0659339,0.2617993877991494,0.01703708685546585,0.9829629131445341,0.017332380120999264,0.0070982282426874654,0.45710177175731254,4.433234524286382,1.0054012130394856,0.6377417759424368,0.6414686611810245,0.8569503011810246,0.9257161018265938,1.1137070997865632,1.1099802145479756,0.955740316972916,0.0013738728131329765,21620121.168468766,432402.4234421623,0.0041420701713365165,0.0041309291805163365,414.0208792076036,411.7966776228105,12297785.010958102,245955.70026056413,31.583067616338994,0.6316613524331084,12231718.891386623,244634.37786891215,31.413397165951714,0.6282679434247916,"[0.878,1.302]",0.991,"[0.438,0.650]",0.5,0.002,0.0,228,0.457,0.12,-0.005397477470999945,9,1.134602522529,0.005,0.0,91,0.4575,0.1,0.4741835225290001,6,1.124183522529,0.46434671483603296,0.46229260812660705,0.957472434531349,0.9528514967993306,0.5166096490576481,0.3963810639334181,0.95456243055867,0.9564273942645846
26,56,3.3,15.0,0.4784,28945.64444,578.9128887,Chen:1990kq,0.898235313,0.016582806,0.0089,3.3089,2.8215999999999997,2.8305,1.0,0.0,0.0,28945.64444,578.9128887,0.2617993877991494,0.01703708685546585,0.9829629131445341,0.017332380120999264,0.0070982282426874654,0.4713017717573125,4.433234524286382,1.0054012130394856,0.6345483443822482,0.6382666170326888,0.8671331770326889,0.9311998588019056,1.143547484546752,1.1398292118963114,0.9550234727695461,0.0015277201333866893,18946954.88226142,378939.0975797714,0.0041420701713365165,0.0041309291805163365,427.8616325170625,425.56307568355686,12384730.684356833,247694.61364435052,31.806360760547758,0.6361272151010722,12318197.475529047,246363.94946802466,31.635490735476775,0.6327098146002428,"[0.878,1.302]",0.991,"[0.438,0.650]",0.5,0.002,0.0,235,0.47100000000000003,0.12,-0.005397477470999945,9,1.134602522529,0.005,0.0,94,0.47250000000000003,0.1,0.4741835225290001,6,1.124183522529,0.4782213613061259,0.47729260812660707,0.9567661270496817,0.9519651740192338,0.5166096490576481,0.3963810639334181,0.95456243055867,0.9564273942645846
26,56,3.3,15.0,0.4926,28236.46751,564.7293501,Chen:1990kq,0.90308747,0.016538896,0.0089,3.3089,2.8074,2.8163,1.0,0.0,0.0,28236.46751,564.7293501,0.2617993877991494,0.01703708685546585,0.9829629131445341,0.017332380120999264,0.0070982282426874654,0.4855017717573125,4.433234524286382,1.0054012130394856,0.6313549128220597,0.6350645728843531,0.8777193328843531,0.9368667636779272,1.1733878693069402,1.1696782092446467,0.9542804441361311,0.0016757799957394593,16849746.137195233,336994.922684231,0.0041420701713365165,0.0041309291805163365,442.45950893083295,440.08252943440203,12493493.548416018,249869.87092407446,32.085684629575155,0.6417136924778711,12426376.044093112,248527.52083785398,31.91331402174769,0.6382662803219322,"[0.878,1.302]",0.991,"[0.438,0.650]",0.5,0.002,0.0,242,0.485,0.12,-0.005397477470999945,9,1.134602522529,0.005,0.0,97,0.4875,0.1,0.4741835225290001,6,1.124183522529,0.49209235184529376,0.492292608126607,0.9560142967631353,0.9510522788860675,0.5166096490576481,0.3963810639334181,0.95456243055867,0.9564273942645846
26,56,3.3,15.0,0.5067,27616.08877,552.3217754,Chen:1990kq,0.908890474,0.016765589,0.0089,3.3089,2.7933,2.8022,1.0,0.0,0.0,27616.08877,552.3217754,0.2617993877991494,0.01703708685546585,0.9829629131445341,0.017332380120999264,0.0070982282426874654,0.4996017717573126,4.433234524286382,1.0054012130394856,0.6281839702165204,0.6318850783426959,0.8886299683426959,0.9426717182257544,1.2030181105124798,1.1993170023863042,0.9535164542882779,0.0018170865024241796,15198004.461073982,303960.0892214796,0.0041420701713365165,0.0041309291805163365,457.7368280139276,455.27777575493207,12640900.875730846,252818.01751461695,32.464254882802024,0.6492850976560406,12572991.470256357,251459.82940512715,32.289850521124286,0.6457970104224858,"[0.878,1.302]",0.991,"[0.438,0.650]",0.5,0.002,0.0,249,0.499,0.12,-0.005397477470999945,10,1.254602522529,0.005,0.0,99,0.4975,0.1,0.4741835225290001,7,1.224183522529,0.5059596893419993,0.502292608126607,0.9552134115325595,0.9504289973458921,0.5572815869439202,0.4496704583847132,0.9517496543859314,0.9535766163053615
26,56,3.3,15.0,0.5209,27100.80782,542.0161564,Chen:1990kq,0.929861581,0.017268858,0.0089,3.3089,2.7790999999999997,2.788,1.0,0.0,0.0,27100.80782,542.0161564,0.2617993877991494,0.01703708685546585,0.9829629131445341,0.017332380120999264,0.0070982282426874654,0.5138017717573126,4.433234524286382,1.0054012130394856,0.6249905386563318,0.6286830341943601,0.9000198441943601,0.948693756801614,1.2328584952726684,1.22916599973464,0.9527203775616333,0.0019536745364027437,13871710.622742772,277434.21245485544,0.0041420701713365165,0.0041309291805163365,473.9451642213285,471.39903759268196,12844296.812780565,256885.93625561128,32.986614610753506,0.6597322922150701,12775294.72433223,255505.8944866446,32.809404029889514,0.6561880805977903,"[0.878,1.302]",0.991,"[0.438,0.650]",0.5,0.002,0.0,256,0.513,0.12,-0.005397477470999945,10,1.254602522529,0.005,0.0,102,0.5125,0.1,0.4741835225290001,7,1.224183522529,0.519823376680904,0.517292608126607,0.9543595315221464,0.9494721670859331,0.5572815869439202,0.4496704583847132,0.9517496543859314,0.9535766163053615
26,56,3.3,15.0,0.5351,26700.73193,534.0146387,Chen:1990kq,0.906342195,0.017377801,0.0089,3.3089,2.7649,2.7738,1.0,0.0,0.0,26700.73193,534.0146387,0.2617993877991494,0.01703708685546585,0.9829629131445341,0.017332380120999264,0.0070982282426874654,0.5280017717573126,4.433234524286382,1.0054012130394856,0.6217971070961433,0.6254809900460246,0.9118130000460247,0.954888998808775,1.2626988800328567,1.2590149970829754,0.9518972465828688,0.0020845660232797973,12808772.488764748,256175.44982326654,0.004142070171336517,0.0041309291805163365,491.0156711451983,488.37783839625666,13110477.808676977,262209.5562226411,33.67021839664583,0.6734043680590188,13040045.743571311,260800.91492026398,33.48933536180594,0.6697867073615436,"[0.878,1.302]",0.991,"[0.438,0.650]",0.5,0.002,0.0,264,0.529,0.12,-0.005397477470999945,10,1.254602522529,0.005,0.0,105,0.5275,0.1,0.4741835225290001,7,1.224183522529,0.5356631248969137,0.5322926081266071,0.9533131005779264,0.9484891936400689,0.5572815869439202,0.4496704583847132,0.9517496543859314,0.9535766163053615
26,56,3.3,15.0,0.5492,26414.37231,528.2874461,Chen:1990kq,0.919953718,0.0182855,0.0089,3.3089,2.7508,2.7597,1.0,0.0,0.0,26414.37231,528.2874461,0.2617993877991494,0.01703708685546585,0.9829629131445341,0.017332380120999264,0.0070982282426874654,0.5421017717573126,4.433234524286382,1.0054012130394856,0.618626164490604,0.6223014955043673,0.9239221355043674,0.9612086846800582,1.2923291212383963,1.288653790224633,0.951052853219874,0.002208955554693988,11957855.944122536,239157.11883718046,0.0041420701713365165,0.0041309291805163365,508.8568914918797,506.1232121985665,13441135.38437578,268822.70763662993,34.519410390313354,0.6903882076755828,13368926.961746069,267378.5391843091,34.33396532908068,0.6866793064516314,"[0.878,1.302]",0.991,"[0.438,0.650]",0.5,0.002,0.0,271,0.543,0.12,-0.005397477470999945,10,1.254602522529,0.005,0.0,108,0.5425,0.1,0.4741835225290001,8,1.3241835225290002,0.5495190001651125,0.5472926081266071,0.9523301309980473,0.9474802452881732,0.5572815869439202,0.5029598528360083,0.9517496543859314,0.9503869925728864
26,56,3.3,15.0,0.5629,26231.28679,524.6257359,Chen:1990kq,0.979746064,0.020243002,0.0089,3.3089,2.7371,2.746,1.0,0.0,0.0,26231.28679,524.6257359,0.2617993877991494,0.01703708685546585,0.9829629131445341,0.017332380120999264,0.0070982282426874654,0.5558017717573125,4.433234524286382,1.0054012130394856,0.6155451777036617,0.6192121993894237,0.9360686093894237,0.9675063872602722,1.3211187882253381,1.3174517665395762,0.9502063124742727,0.0023245540860325426,11284438.141325645,225688.76286953193,0.004142070171336516,0.004130929180516335,527.079614118203,524.2480387752454,13825976.519097116,276519.5304346503,35.50775614270877,0.7101551229895398,13751700.654208502,275034.01313659485,35.31700149372533,0.7063400300091436,"[0.878,1.302]",0.991,"[0.438,0.650]",0.5,0.002,0.0,277,0.555,0.12,-0.005397477470999945,11,1.374602522529,0.005,0.0,111,0.5575,0.1,0.4741835225290001,8,1.3241835225290002,0.5613925665405048,0.5622926081266071,0.9514330956767724,0.9464454942066539,0.5968763486071639,0.5029598528360083,0.9484080927431519,0.9503869925728864
26,56,3.3,15.0,0.5763,26123.24034,522.4648068,Chen:1990kq,0.987626331,0.019867367,0.0089,3.3089,2.7237,2.7326,1.0,0.0,0.0,26123.24034,522.4648068,0.2617993877991494,0.01703708685546585,0.9829629131445341,0.017332380120999264,0.0070982282426874654,0.5692017717573126,4.433234524286382,1.0054012130394856,0.6125316577806668,0.6161905520945155,0.9483122420945155,0.9738132480586386,1.3492780245483333,1.3456191302344847,0.9493531633926096,0.0024326726470468023,10738493.883142434,214769.87766284868,0.004142070171336517,0.0041309291805163365,545.7860091147547,542.8539393390605,14257699.090314168,285153.9818062834,36.61650240442161,0.7323300480884323,14181103.92687006,283622.07853740116,36.41979135247329,0.7283958270494657,"[0.878,1.302]",0.991,"[0.438,0.650]",0.5,0.002,0.0,284,0.5690000000000001,0.12,-0.005397477470999945,11,1.374602522529,0.005,0.0,113,0.5675,0.1,0.4741835225290001,8,1.3241835225290002,0.5752416820189978,0.5722926081266071,0.9503173835694427,0.9457414120616036,0.5968763486071639,0.5029598528360083,0.9484080927431519,0.9503869925728864
26,56,3.3,15.0,0.5896,26067.37538,521.3475075,Chen:1990kq,0.939872145,0.019065978,0.0089,3.3089,2.7104,2.7193,1.0,0.0,0.0,26067.37538,521.3475075,0.2617993877991494,0.01703708685546585,0.9829629131445341,0.017332380120999264,0.0070982282426874654,0.5825017717573125,4.433234524286382,1.0054012130394856,0.6095406268123212,0.6131914544062855,0.9608196144062855,0.9802140656031648,1.377227117316679,1.3735762897227146,0.9484815425325344,0.002535218835895029,10282100.705045141,205642.0140614585,0.0041420701713365165,0.0041309291805163365,565.2523411042363,562.2156943648295,14734644.959987931,294692.8991432334,37.84139075934224,0.7568278150416771,14655487.54953536,293109.75093448564,37.63809936626372,0.7527619871808865,"[0.878,1.302]",0.991,"[0.438,0.650]",0.5,0.002,0.0,291,0.583,0.12,-0.005397477470999945,11,1.374602522529,0.005,0.0,116,0.5825,0.1,0.4741835225290001,8,1.3241835225290002,0.5890871617062103,0.5872926081266071,0.9491203771041052,0.9446640494011698,0.5968763486071639,0.5029598528360083,0.9484080927431519,0.9503869925728864
26,56,3.3,15.0,0.6029,26041.06418,520.8212837,Chen:1990kq,0.979222655,0.019123642,0.0089,3.3089,2.6971,2.706,1.0,0.0,0.0,26041.06418,520.8212837,0.2617993877991494,0.01703708685546585,0.9829629131445341,0.017332380120999264,0.0070982282426874654,0.5958017717573125,4.433234524286382,1.0054012130394856,0.6065495958439756,0.6101923567180556,0.9736807667180556,0.9867526370464158,1.4051762100850245,1.4015334492109446,0.9475849295503628,0.0026330967845195267,9889900.110432832,197798.0022466347,0.0041420701713365165,0.0041309291805163365,585.6521661635231,582.5059275520514,15251005.64622033,305020.1129829718,39.16750391330983,0.7833500784166033,15169074.244613402,303381.4849505186,38.95708837957369,0.7791417677410725,"[0.878,1.302]",0.991,"[0.438,0.650]",0.5,0.002,0.0,297,0.595,0.12,-0.005397477470999945,11,1.374602522529,0.005,0.0,119,0.5975,0.1,0.4741835225290001,9,1.4241835225290003,0.6009518241003065,0.6022926081266071,0.948023567058482,0.943561361650593,0.5968763486071639,0.5562492472873035,0.9484080927431519,0.9468654783108468
26,56,3.3,15.0,0.6163,26027.7196,520.5543921,Chen:1990kq,0.983566766,0.018941344,0.0089,3.3089,2.6837,2.6926,1.0,0.0,0.0,26027.7196,520.5543921,0.2617993877991494,0.01703708685546585,0.9829629131445341,0.017332380120999264,0.0070982282426874654,0.6092017717573125,4.433234524286382,1.0054012130394856,0.6035360759209808,0.6071707094231471,0.986996399423147,0.9934769244542859,1.4333354464080195,1.429700812905853,0.9466560499691556,0.002727076034955786,9544185.518253066,190883.7104017306,0.004142070171336517,0.0041309291805163365,607.1886980605856,603.9267609643705,15803737.177409986,316074.74360891856,40.58702436416259,0.8117404874391894,15718836.393316861,314376.7279267299,40.368982887400385,0.8073796579031076,"[0.878,1.302]",0.991,"[0.438,0.650]",0.5,0.002,0.0,304,0.609,0.12,-0.005397477470999945,11,1.374602522529,0.005,0.0,121,0.6075,0.1,0.4741835225290001,9,1.4241835225290003,0.6147905591939065,0.6122926081266071,0.9466532635458469,0.9428122586163553,0.5968763486071639,0.5562492472873035,0.9484080927431519,0.9468654783108468
26,56,3.3,15.0,0.6296,26008.41304,520.1682609,Chen:1990kq,1.030435804,0.019301447,0.0089,3.3089,2.6704,2.6793,1.0,0.0,0.0,26008.41304,520.1682609,0.2617993877991494,0.01703708685546585,0.9829629131445341,0.017332380120999264,0.0070982282426874654,0.6225017717573126,4.433234524286382,1.0054012130394856,0.6005450449526353,0.6041716117349172,1.0005677717349173,1.000283845583301,1.461284539176365,1.457657972394083,0.9457085180378155,0.0028158449890722387,9236450.564904576,184729.01133360484,0.0041420701713365165,0.0041309291805163365,629.5810441715956,626.1988109883748,16374403.838969344,327488.07684234495,42.05260566537737,0.8410521134692358,16286437.321342543,325728.7464894707,41.826690797642605,0.836533816113672,"[0.878,1.302]",0.991,"[0.438,0.650]",0.5,0.002,0.0,311,0.623,0.12,-0.005397477470999945,12,1.494602522529,0.005,0.0,124,0.6225,0.1,0.4741835225290001,9,1.4241835225290003,0.6286256666634102,0.6272926081266071,0.9451753561134939,0.9416677771246347,0.6354752398811444,0.5562492472873035,0.9444000739748406,0.9468654783108468
26,56,3.3,15.0,0.643,25968.25848,519.3651695,Chen:1990kq,1.01662574,0.018907698,0.0089,3.3089,2.657,2.6659,1.0,0.0,0.0,25968.25848,519.3651695,0.2617993877991494,0.01703708685546585,0.9829629131445341,0.017332380120999264,0.0070982282426874654,0.6359017717573126,4.433234524286382,1.0054012130394856,0.5975315250296406,0.6011499644400089,1.0145989644400089,1.0072730337103286,1.4894437754993595,1.4858253360889913,0.9447278319991692,0.002900835221585721,8951993.648851462,179039.8729425564,0.004142070171336516,0.004130929180516335,653.2085200153404,649.699355385288,16962687.68909661,339253.75371661136,43.56343128150368,0.8712686254623172,16871560.794934537,337431.2158337208,43.329399961438874,0.8665879990619222,"[0.878,1.302]",0.991,"[0.438,0.650]",0.5,0.002,0.0,317,0.635,0.12,-0.005397477470999945,12,1.494602522529,0.005,0.0,127,0.6375000000000001,0.1,0.4741835225290001,10,1.5241835225290001,0.6404814450774765,0.6422926081266072,0.9438139195892782,0.9404984739820417,0.6354752398811444,0.6095386417385985,0.9444000739748406,0.9430196706897581
26,56,3.3,15.0,0.6563,25890.95235,517.819047,Chen:1990kq,1.008074158,0.018732413,0.0089,3.3089,2.6437,2.6526,1.0,0.0,0.0,25890.95235,517.819047,0.2617993877991494,0.01703708685546585,0.9829629131445341,0.017332380120999264,0.0070982282426874654,0.6492017717573125,4.433234524286382,1.0054012130394856,0.5945404940612948,0.598150866751779,1.028880556751779,1.014337496473328,1.5173928682677054,1.5137824955772212,0.9437283773304824,0.0029808779886954647,8685680.007094411,173713.60014188822,0.004142070171336517,0.0041309291805163365,677.7623106703404,674.1212382481204,17547911.69019168,350958.23380383354,45.06639861918443,0.9013279723836887,17453640.857605085,349072.81715210166,44.824293063006806,0.896485861260136,"[0.878,1.302]",0.991,"[0.438,0.650]",0.5,0.002,0.0,324,0.649,0.12,-0.005397477470999945,12,1.494602522529,0.005,0.0,129,0.6475,0.1,0.4741835225290001,10,1.5241835225290001,0.6543098230926105,0.652292608126607,0.9421030377788255,0.939705244977757,0.6354752398811444,0.6095386417385985,0.9444000739748406,0.9430196706897581
26,56,3.3,15.0,0.6697,25786.36229,515.7272458,Chen:1990kq,1.035431043,0.019196193,0.0089,3.3089,2.6303,2.6392,1.0,0.0,0.0,25786.36229,515.7272458,0.2617993877991494,0.01703708685546585,0.9829629131445341,0.017332380120999264,0.0070982282426874654,0.6626017717573125,4.433234524286382,1.0054012130394856,0.5915269741383001,0.5951292194568707,1.0436273094568707,1.02158078949091,1.5455521045907,1.5419498592721295,0.9426948695177142,0.0030572811580210817,8434409.842335537,168688.19684671075,0.0041420701713365165,0.0041309291805163365,703.6576592612078,699.877471933757,18144771.329842877,362895.42659685755,46.59924850554774,0.9319849701109549,18047294.049893163,360945.88099786325,46.34890817832903,0.9269781635665806,"[0.878,1.302]",0.991,"[0.438,0.650]",0.5,0.002,0.0,331,0.663,0.12,-0.005397477470999945,12,1.494602522529,0.005,0.0,132,0.6625,0.1,0.4741835225290001,10,1.5241835225290001,0.6681345816202935,0.6672926081266071,0.9402451105798878,0.9384950077319757,0.6354752398811444,0.6095386417385985,0.9444000739748406,0.9430196706897581
26,56,3.3,15.0,0.683,25633.25225,512.6650451,Chen:1990kq,1.045516961,0.019661961,0.0089,3.3089,2.617,2.6259,1.0,0.0,0.0,25633.25225,512.6650451,0.2617993877991494,0.01703708685546585,0.9829629131445341,0.017332380120999264,0.0070982282426874654,0.6759017717573126,4.433234524286382,1.0054012130394856,0.5885359431699545,0.5921301217686408,1.058619121768641,1.0288921817997456,1.5735011973590458,1.5699070187603594,0.9416424805385137,0.0031290104010584306,8192127.530585773,163842.55064367445,0.004142070171336517,0.0041309291805163365,730.555400719342,726.6307134350459,18726510.869238723,374530.21745783003,48.09326707811714,0.9618653417499634,18625908.370077997,372518.167474223,47.83490058931166,0.9566980119728459,"[0.878,1.302]",0.991,"[0.438,0.650]",0.5,0.002,0.0,337,0.675,0.12,-0.005397477470999945,13,1.614602522529,0.005,0.0,135,0.6775,0.1,0.4741835225290001,10,1.5241835225290001,0.6799814959808401,0.6822926081266071,0.9385216854261351,0.9372604766233261,0.6731498254958411,0.6095386417385985,0.9395311361171468,0.9430196706897581
26,56,3.3,15.0,0.6963,25439.04824,508.7809648,Chen:1990kq,1.053498533,0.020205158,0.0089,3.3089,2.6037,2.6126,1.0,0.0,0.0,25439.04824,508.7809648,0.2617993877991494,0.01703708685546585,0.9829629131445341,0.017332380120999264,0.0070982282426874654,0.6892017717573126,4.433234524286382,1.0054012130394856,0.585544912201609,0.5891310240804108,1.073964714080411,1.0363226882011274,1.6014502901273913,1.5978641782485894,0.9405633437976527,0.003196759158550798,7957761.901441585,159155.2380288317,0.004142070171336515,0.004130929180516334,758.6932842183085,754.6174346902363,19300435.05659358,386008.7011318716,49.5672143295717,0.9913442865914341,19196749.32382997,383934.9864765994,49.30092950626371,0.9860185901252742,"[0.878,1.302]",0.991,"[0.438,0.650]",0.5,0.002,0.0,344,0.6890000000000001,0.12,-0.005397477470999945,13,1.614602522529,0.005,0.0,137,0.6875,0.1,0.4741835225290001,11,1.6241835225290002,0.693799540136844,0.6922926081266071,0.9363393494681964,0.9364240598520366,0.6731498254958411,0.6628280361898936,0.9395311361171468,0.938857768929279
26,56,3.3,15.0,0.7097,25199.45277,503.9890553,Chen:1990kq,1.063515158,0.021270303,0.0089,3.3089,2.5903,2.5992,1.0,0.0,0.0,25199.45277,503.9890553,0.2617993877991494,0.01703708685546585,0.9829629131445341,0.017332380120999264,0.0070982282426874654,0.7026017717573125,4.433234524286382,1.0054012130394856,0.5825313922786142,0.5861093767855026,1.0897834667855024,1.0439269451381654,1.629609526450386,1.6260315419434976,0.9394487858744077,0.0032611027243253893,7727279.665872196,154545.59328677945,0.004142070171336516,0.004130929180516335,788.348332270848,784.1131699926514,19865946.5653675,397318.9312285152,51.01955621093568,1.0203911240162509,19759222.7935648,395184.4557928847,50.745469121422246,1.0149093822270696,"[0.878,1.302]",0.991,"[0.438,0.650]",0.5,0.002,0.0,351,0.7030000000000001,0.12,-0.005397477470999945,13,1.614602522529,0.005,0.0,140,0.7025,0.1,0.4741835225290001,11,1.6241835225290002,0.7076139729116804,0.7072926081266071,0.9339481265705633,0.9351494936190747,0.6731498254958411,0.6628280361898936,0.9395311361171468,0.938857768929279
26,56,3.3,15.0,0.7222,24941.83152,498.8366304,Chen:1990kq,1.094546725,0.024256438,0.0089,3.3089,2.5778,2.5867,1.0,0.0,0.0,24941.83152,498.8366304,0.2617993877991494,0.01703708685546585,0.9829629131445341,0.017332380120999264,0.0070982282426874654,0.7151017717573125,4.433234524286382,1.0054012130394856,0.5797202729474622,0.5832906759506999,1.1048635159506999,1.051124881234718,1.6558774707815378,1.6523070677783,0.9383841474686628,0.003317681959564637,7517848.8547084825,150356.97709416965,0.004142070171336517,0.0041309291805163365,817.2403715638976,812.8499955686863,20383471.658888932,407669.4331777787,52.34865978587012,1.0469731957174024,20273967.64050692,405479.35281013837,52.06743249056952,1.0413486498113904,"[0.878,1.302]",0.991,"[0.438,0.650]",0.5,0.002,0.0,357,0.715,0.12,-0.005397477470999945,13,1.614602522529,0.005,0.0,143,0.7175,0.1,0.4741835225290001,11,1.6241835225290002,0.719452043070838,0.7222926081266071,0.9317097491735717,0.9338511841616527,0.6731498254958411,0.6628280361898936,0.9395311361171468,0.938857768929279
26,56,3.3,15.0,0.7347,24652.48442,493.0496883,Chen:1990kq,1.099280687,0.023770424,0.0089,3.3089,2.5652999999999997,2.5742,1.0,0.0,0.0,24652.48442,493.0496883,0.2617993877991494,0.01703708685546585,0.9829629131445341,0.017332380120999264,0.0070982282426874654,0.7276017717573126,4.433234524286382,1.0054012130394856,0.5769091536163103,0.5804719751158974,1.1202560651158975,1.0584214969074928,1.6821454151126893,1.6785825936131022,0.9372952198197532,0.0033710328746712408,7313035.896276814,146260.71789587179,0.0041420701713365165,0.0041309291805163365,847.3648573188007,842.8126466618075,20889648.94310726,417792.97877740866,53.64862001277904,1.0729724000379612,20777425.640809175,415548.51273190224,53.36040907548822,1.067208181293314,"[0.878,1.302]",0.991,"[0.438,0.650]",0.5,0.002,0.0,363,0.727,0.12,-0.005397477470999945,14,1.734602522529,0.005,0.0,145,0.7275,0.1,0.4741835225290001,12,1.724183522529,0.7312874638296663,0.7322926081266071,0.9292737509677057,0.9329725584470443,0.709963488653555,0.7161174306411887,0.9335185154666641,0.9343885320168045
26,56,3.3,15.0,0.7473,24336.53594,486.7307188,Chen:1990kq,1.129988264,0.023750299,0.0089,3.3089,2.5526999999999997,2.5616,1.0,0.0,0.0,24336.53594,486.7307188,0.2617993877991494,0.01703708685546585,0.9829629131445341,0.017332380120999264,0.0070982282426874654,0.7402017717573125,4.433234524286382,1.0054012130394856,0.5740755453305093,0.5776307246744165,1.1360880146744163,1.0658742959066123,1.7086235029984906,1.7050683236545834,0.9361727836197611,0.003421637749169591,7112540.170538602,142250.80341077203,0.0041420701713365165,0.0041309291805163365,879.0252474089518,874.3029509100359,21392429.52573535,427848.5905147069,54.93985685934741,1.098797137186948,21277505.187270146,425550.1037454028,54.64470914378113,1.0928941828756222,"[0.878,1.302]",0.991,"[0.438,0.650]",0.5,0.002,0.0,370,0.741,0.12,-0.005397477470999945,14,1.734602522529,0.005,0.0,148,0.7425,0.1,0.4741835225290001,12,1.724183522529,0.7450921085393176,0.7472926081266071,0.9261466750135544,0.9316351496533615,0.709963488653555,0.7161174306411887,0.9335185154666641,0.9343885320168045
26,56,3.3,15.0,0.7599,23995.33774,479.9067547,Chen:1990kq,1.116883634,0.023296192,0.0089,3.3089,2.5401,2.549,1.0,0.0,0.0,23995.33774,479.9067547,0.2617993877991494,0.01703708685546585,0.9829629131445341,0.017332380120999264,0.0070982282426874654,0.7528017717573126,4.433234524286382,1.0054012130394856,0.5712419370447083,0.5747894742329355,1.1522374842329355,1.073423254933922,1.735101590884292,1.7315540536960645,0.9350252338471862,0.0034691521638616145,6916772.919320462,138335.4583575838,0.004142070171336516,0.004130929180516335,912.035346650897,907.1357134070598,21884596.173706252,437691.92338292155,56.2038350885587,1.124076701536946,21767027.819218244,435340.5562936514,55.901897033370076,1.1180379404344318,"[0.878,1.302]",0.991,"[0.438,0.650]",0.5,0.002,0.0,376,0.753,0.12,-0.005397477470999945,14,1.734602522529,0.005,0.0,150,0.7525000000000001,0.1,0.4741835225290001,12,1.724183522529,0.7569217950277789,0.7572926081266071,0.9231857775385078,0.930730657358256,0.709963488653555,0.7161174306411887,0.9335185154666641,0.9343885320168045
26,56,3.3,15.0,0.7724,23648.66499,472.9732999,Chen:1990kq,1.095199243,0.022876556,0.0089,3.3089,2.5275999999999996,2.5364999999999998,1.0,0.0,0.0,23648.66499,472.9732999,0.2617993877991494,0.01703708685546585,0.9829629131445341,0.017332380120999264,0.0070982282426874654,0.7653017717573125,4.433234524286382,1.0054012130394856,0.5684308177135563,0.571970773398133,1.168572533398133,1.0810053345835686,1.7613695352154441,1.7578295795308674,0.9338617606136123,0.003513329441053951,6731126.524504267,134622.53051854836,0.004142070171336516,0.004130929180516335,946.1679181905267,941.0849180598387,22375608.121573497,447512.1625260866,57.464847826714646,1.1492969567772868,22255401.95433873,445108.03918088303,57.156135363104845,1.1431227075037853,"[0.878,1.302]",0.991,"[0.438,0.650]",0.5,0.002,0.0,382,0.765,0.12,-0.005397477470999945,14,1.734602522529,0.005,0.0,153,0.7675000000000001,0.1,0.4741835225290001,12,1.724183522529,0.7687488377395653,0.7722926081266072,0.9199256350325457,0.929354751638589,0.709963488653555,0.7161174306411887,0.9335185154666641,0.9343885320168045
26,56,3.3,15.0,0.785,23286.81738,465.7363476,Chen:1990kq,1.163748552,0.023446742,0.0089,3.3089,2.5149999999999997,2.5239,1.0,0.0,0.0,23286.81738,465.7363476,0.2617993877991494,0.01703708685546585,0.9829629131445341,0.017332380120999264,0.0070982282426874654,0.7779017717573126,4.433234524286382,1.0054012130394856,0.5655972094277552,0.569129522956652,1.185354522956652,1.0887398784634703,1.787847623101245,1.784315309572348,0.9326635304980447,0.0035549704787108624,6550495.290876365,131009.9058175273,0.004142070171336517,0.0041309291805163365,982.0220531525727,976.7464375577646,22868168.214896612,457363.36429793225,58.729836498957035,1.1745967299791407,22745315.91797324,454906.31835946476,58.41432826742623,1.1682865653485246,"[0.878,1.302]",0.991,"[0.438,0.650]",0.5,0.002,0.0,388,0.777,0.12,-0.005397477470999945,14,1.734602522529,0.005,0.0,155,0.7775,0.1,0.4741835225290001,13,1.8241835225290002,0.780573238446415,0.7822926081266071,0.916319837335141,0.9284247986687914,0.709963488653555,0.7694068250924838,0.9335185154666641,0.9296212344147242
26,56,3.3,15.0,0.7976,22921.04805,458.4209609,Chen:1990kq,1.129965783,0.022861084,0.0089,3.3089,2.5023999999999997,2.5113,1.0,0.0,0.0,22921.04805,458.4209609,0.2617993877991494,0.01703708685546585,0.9829629131445341,0.017332380120999264,0.0070982282426874654,0.7905017717573125,4.433234524286382,1.0054012130394856,0.5627636011419541,0.566288272515171,1.202454032515171,1.0965646504037831,1.8143257109870456,1.8108010396138288,0.9314395306881076,0.0035938041454118452,6377934.668271489,127558.69333760411,0.0041420701713365165,0.0041309291805163365,1019.3854939758304,1013.9091546289944,23365383.888892997,467307.67767592135,60.0067815941704,1.20013563162161,23239860.451586064,464797.2089303303,59.68441336246301,1.1936882669888689,"[0.878,1.302]",0.991,"[0.438,0.650]",0.5,0.002,0.0,395,0.791,0.12,-0.005397477470999945,15,1.854602522529,0.005,0.0,158,0.7925,0.1,0.4741835225290001,13,1.8241835225290002,0.7943650357646916,0.7972926081266071,0.9116000385376967,0.927011011158077,0.745972683541745,0.7694068250924838,0.9259357120279263,0.9296212344147242
26,56,3.3,15.0,0.8102,22552.76379,451.0552759,Chen:1990kq,1.157286098,0.023101381,0.0089,3.3089,2.4898,2.4987,1.0,0.0,0.0,22552.76379,451.0552759,0.2617993877991494,0.01703708685546585,0.9829629131445341,0.017332380120999264,0.0070982282426874654,0.8031017717573126,4.433234524286382,1.0054012130394856,0.5599299928561531,0.56344702207369,1.2198710620736901,1.1044777327197186,1.8408037988728472,1.8372867696553103,0.9301895409340265,0.003629923650686457,6213013.264269356,124260.2653129359,0.0041420701713365165,0.0041309291805163365,1058.3153301047305,1052.6298520222363,23867935.655187864,477358.71320958884,61.29743079656403,1.2259486162030762,23739712.41096015,474794.248324466,60.96812894352124,1.2193625791407605,"[0.878,1.302]",0.991,"[0.438,0.650]",0.5,0.002,0.0,401,0.803,0.12,-0.005397477470999945,15,1.854602522529,0.005,0.0,160,0.8025,0.1,0.4741835225290001,13,1.8241835225290002,0.806183718196209,0.8072926081266071,0.9070335675554788,0.9260560116868038,0.745972683541745,0.7694068250924838,0.9259357120279263,0.9296212344147242
26,56,3.3,15.0,0.8227,22192.19727,443.8439454,Chen:1990kq,1.108497717,0.022890928,0.0089,3.3089,2.4772999999999996,2.4861999999999997,1.0,0.0,0.0,22192.19727,443.8439454,0.2617993877991494,0.01703708685546585,0.9829629131445341,0.017332380120999264,0.0070982282426874654,0.8156017717573125,4.433234524286382,1.0054012130394856,0.5571188735250012,0.5606283212388875,1.2374636112388875,1.112413417412289,1.8670717432039985,1.8635622954901123,0.928923572892763,0.003663165412862725,6058202.33835879,121164.0467671758,0.0041420701713365165,0.0041309291805163365,1098.5421985703856,1092.6406138394445,24379065.18009351,487581.3036018702,62.61010932618686,1.2522021865237372,24248096.047538847,484961.9209507769,62.2737555059305,1.24547511011861,"[0.878,1.302]",0.991,"[0.438,0.650]",0.5,0.002,0.0,407,0.8150000000000001,0.12,-0.005397477470999945,15,1.854602522529,0.005,0.0,163,0.8175,0.1,0.4741835225290001,13,1.8241835225290002,0.8179997642203176,0.8222926081266071,0.9018919151042534,0.9246049695961148,0.745972683541745,0.7694068250924838,0.9259357120279263,0.9296212344147242
26,56,3.3,15.0,0.8353,21837.94801,436.7589603,Chen:1990kq,1.172271313,0.024086512,0.0089,3.3089,2.4646999999999997,2.4736,1.0,0.0,0.0,21837.94801,436.7589603,0.2617993877991494,0.01703708685546585,0.9829629131445341,0.017332380120999264,0.0070982282426874654,0.8282017717573126,4.433234524286382,1.0054012130394856,0.5542852652392002,0.5577870707974065,1.2555131607974066,1.1204968365851848,1.8935498310898002,1.890048025531594,0.9276211514589873,0.0036941517092797843,5911491.927941841,118229.83858590663,0.004142070171336516,0.004130929180516335,1140.770410856055,1134.6419678640798,24912084.92362087,498241.69858649437,63.97900613042175,1.2795801229014065,24778252.304179866,495565.0461970615,63.63529832732464,1.2727059668378906,"[0.878,1.302]",0.991,"[0.438,0.650]",0.5,0.002,0.0,414,0.8290000000000001,0.12,-0.005397477470999945,15,1.854602522529,0.005,0.0,165,0.8275,0.1,0.4741835225290001,14,1.9241835225290003,0.8317818214750403,0.8322926081266071,0.8950125700286813,0.9236253456299373,0.745972683541745,0.8226962195437789,0.9259357120279263,0.9245656201561638
26,56,3.3,15.0,0.8479,21492.91688,429.8583376,Chen:1990kq,1.181784685,0.024845395,0.0089,3.3089,2.4520999999999997,2.461,1.0,0.0,0.0,21492.91688,429.8583376,0.2617993877991494,0.01703708685546585,0.9829629131445341,0.017332380120999264,0.0070982282426874654,0.8408017717573125,4.433234524286382,1.0054012130394856,0.5514516569533989,0.5549458203559255,1.2738802303559256,1.1286630278147352,1.920027918975601,1.9165337555730746,0.9262920786391742,0.003722696008677754,5773481.592345748,115469.63184691497,0.004142070171336518,0.004130929180516337,1184.7478488768947,1178.3831504392322,25463687.0396699,509273.74079339806,65.39562602684772,1.3079125205369544,25326891.105182953,506537.8221036591,65.04430786307336,1.3008861572614674,"[0.878,1.302]",0.991,"[0.438,0.650]",0.5,0.002,0.0,420,0.841,0.12,-0.005397477470999945,16,1.974602522529,0.005,0.0,168,0.8425,0.1,0.4741835225290001,14,1.9241835225290003,0.8435921613303634,0.8472926081266071,0.8881898560789429,0.9221376875931505,0.7812279515929325,0.8226962195437789,0.9161089845858567,0.9245656201561638
26,56,3.3,15.0,0.8604,21162.60419,423.2520838,Chen:1990kq,1.233307572,0.026698037,0.0089,3.3089,2.4395999999999995,2.4484999999999997,1.0,0.0,0.0,21162.60419,423.2520838,0.2617993877991494,0.01703708685546585,0.9829629131445341,0.017332380120999264,0.0070982282426874654,0.8533017717573126,4.433234524286382,1.0054012130394856,0.5486405376222472,0.5521271195211229,1.292415279521123,1.1368444394556025,1.946295863306753,1.9428092814078775,0.924947000512018,0.00374868772197659,5645336.650992492,112906.73301984985,0.004142070171336516,0.004130929180516335,1230.1690883587742,1223.5603780900362,26033581.50370987,520671.6300741975,66.85922417691404,1.337184483538281,25893723.984086182,517874.4796817237,66.5000432760451,1.3300008655209021,"[0.878,1.302]",0.991,"[0.438,0.650]",0.5,0.002,0.0,426,0.853,0.12,-0.005397477470999945,16,1.974602522529,0.005,0.0,170,0.8525,0.1,0.4741835225290001,14,1.9241835225290003,0.8553998703560666,0.8572926081266071,0.880303349327776,0.9211338685351277,0.7812279515929325,0.8226962195437789,0.9161089845858567,0.9245656201561638
26,56,3.595,16.02,0.21,181.8087757,3.636175514,Day:1993md,2.552132031,0.081404211,0.0089,3.6039000000000003,3.3850000000000002,3.3939000000000004,1.0,0.0,0.0,181.8087757,3.636175514,0.27960174616949157,0.01941728910557404,0.980582710894426,0.019801786111303964,0.00959593957164806,0.20040406042835193,4.433234524286382,1.0049574501751584,0.9451617896896537,0.9499929051988,0.9940929051988,0.9970420779479671,0.32926909283934636,0.3244379773302001,0.9602070739898538,-0.0027357431196295746,-66456.81547930469,-1329.1363095860936,0.0026804525450138134,0.0026738330417949052,394.200959699396,392.2563682976717,71669.19386271223,1433.3838772542445,0.18406021846678872,0.003681204369335774,71315.650080728,1426.3130016145599,0.1831522503114018,0.0036630450062280365,"[0.878,1.302]",0.991,"[0.650,1.050]",0.8,0.002,0.0,100,0.201,0.12,-0.005397477470999945,2,0.29460252252900004,0.005,0.0,40,0.2025,0.1,0.17418352252900005,1,0.32418352252900007,0.20999078781193248,0.21016817300257132,0.9601855251487733,0.9598861493564718,0.19163120944830536,0.12993409167694267,0.9604837986733674,0.9611324296794634
26,56,3.595,16.02,0.225,309.3081473,6.186162945,Day:1993md,2.0562019,0.054961372,0.0089,3.6039000000000003,3.37,3.3789000000000002,1.0,0.0,0.0,309.3081473,6.186162945,0.27960174616949157,0.01941728910557404,0.980582710894426,0.019801786111303964,0.00959593957164806,0.21540406042835195,4.433234524286382,1.0049574501751584,0.9409734804295814,0.9457942271063452,0.9964192271063452,0.9982080079353928,0.36160559209941867,0.3567848454226549,0.959947707694152,-0.0025598751325257916,-120829.3886564733,-2416.5877727388224,0.0026804525450138134,0.0026738330417949052,399.46433237573655,397.4937767824023,123557.57255957047,2471.1514507919455,0.31731951446397916,0.0063463902882536834,122948.0636598446,2458.9612727993986,0.3157541788547089,0.006315083576073339,"[0.878,1.302]",0.991,"[0.650,1.050]",0.8,0.002,0.0,107,0.215,0.12,-0.005397477470999945,3,0.41460252252900004,0.005,0.0,43,0.2175,0.1,0.17418352252900005,1,0.32418352252900007,0.2239327994800817,0.2251681730025713,0.9599374193336617,0.9595883901005291,0.24354065812424086,0.12993409167694267,0.9595555601843319,0.9611324296794634
26,56,3.595,16.02,0.24,483.1804068,9.663608135,Day:1993md,1.672253239,0.039736711,0.0089,3.6039000000000003,3.3550000000000004,3.3639000000000006,1.0,0.0,0.0,483.1804068,9.663608135,0.27960174616949157,0.01941728910557404,0.980582710894426,0.019801786111303964,0.00959593957164806,0.23040406042835193,4.433234524286382,1.0049574501751584,0.9367851711695092,0.9415955490138905,0.9991955490138905,0.9995976935817181,0.3939420913594909,0.38913171351510956,0.9596687388396629,-0.002385110404164667,-202581.98780077999,-4051.6397555963317,0.002680452545013813,0.002673833041794905,405.16608686344904,403.1674045431783,195768.31467224544,3915.366293039743,0.502770532573211,0.010055410650423677,194802.59053567305,3896.051810310294,0.5002903680007357,0.010005807358979305,"[0.878,1.302]",0.991,"[0.650,1.050]",0.8,0.002,0.0,115,0.231,0.12,-0.005397477470999945,3,0.41460252252900004,0.005,0.0,46,0.2325,0.1,0.17418352252900005,2,0.42418352252900005,0.23986198511760648,0.24016817300257132,0.9596302108770127,0.9592703157869137,0.24354065812424086,0.18322348612823774,0.9595555601843319,0.960369877011511
26,56,3.595,16.02,0.255,722.8254675,14.45650935,Day:1993md,1.397294431,0.030436116,0.0089,3.6039000000000003,3.3400000000000003,3.3489000000000004,1.0,0.0,0.0,722.8254675,14.45650935,0.27960174616949157,0.01941728910557404,0.980582710894426,0.019801786111303964,0.00959593957164806,0.24540406042835194,4.433234524286382,1.0049574501751584,0.9325968619094369,0.9373968709214359,1.0024218709214359,1.0012102031648678,0.4262785906195632,0.42147858160756424,0.9593699366063216,-0.00221166659938788,-326823.88371739903,-6536.4776743479815,0.0026804525450138126,0.002673833041794904,411.31990278229944,409.2908637182686,297312.5010206701,5946.250020413402,0.7635554544620484,0.015271109089240967,295845.85991063627,5916.917198212725,0.7597888391483292,0.015195776782966583,"[0.878,1.302]",0.991,"[0.650,1.050]",0.8,0.002,0.0,122,0.245,0.12,-0.005397477470999945,3,0.41460252252900004,0.005,0.0,49,0.2475,0.1,0.17418352252900005,2,0.42418352252900005,0.2537960516363782,0.2551681730025713,0.9593399107473554,0.9589319669942094,0.24354065812424086,0.18322348612823774,0.9595555601843319,0.960369877011511
26,56,3.595,16.02,0.27,1050.128668,21.00257336,Day:1993md,1.285556753,0.025235003,0.0089,3.6039000000000003,3.325,3.3339000000000003,1.0,0.0,0.0,1050.128668,21.00257336,0.27960174616949157,0.01941728910557404,0.980582710894426,0.019801786111303964,0.00959593957164806,0.26040406042835196,4.433234524286382,1.0049574501751584,0.9284085526493644,0.9331981928289811,1.0060981928289812,1.0030444620399344,0.45861508987963573,0.45382544970001903,0.9590510684824257,-0.0020397552408704866,-514830.7242744707,-10296.614485489414,0.002680452545013814,0.0026738330417949057,417.940294559964,415.87859713574875,438891.08482978266,8777.821696595653,1.1271563778384404,0.022543127556768804,436726.0372598725,8734.52074519745,1.121596120952169,0.02243192241904338,"[0.878,1.302]",0.991,"[0.650,1.050]",0.8,0.002,0.0,130,0.261,0.12,-0.005397477470999945,3,0.41460252252900004,0.005,0.0,52,0.2625,0.1,0.17418352252900005,2,0.42418352252900005,0.26971616486154204,0.2701681730025713,0.9589825322022785,0.9585733868431678,0.24354065812424086,0.18322348612823774,0.9595555601843319,0.960369877011511
26,56,3.595,16.02,0.285,1485.807789,29.71615579,Day:1993md,1.224922909,0.019450699,0.0089,3.6039000000000003,3.31,3.3189,1.0,0.0,0.0,1485.807789,29.71615579,0.27960174616949157,0.01941728910557404,0.980582710894426,0.019801786111303964,0.00959593957164806,0.2754040604283519,4.433234524286382,1.0049574501751584,0.9242202433892922,0.9289995147365264,1.0102245147365263,1.0050992561615626,0.4909515891397077,0.4861723177924735,0.9587119002718635,-0.0018695808649828336,-794727.7471807257,-15894.554948963307,0.0026804525450138134,0.0026738330417949052,425.0426411627624,422.945907897573,631531.6668967643,12630.633342185713,1.6218942939469911,0.03243788588985573,628416.3242798906,12568.32648982727,1.613893497345887,0.032277869957779794,"[0.878,1.302]",0.991,"[0.650,1.050]",0.8,0.002,0.0,137,0.275,0.12,-0.005397477470999945,4,0.5346025225290001,0.005,0.0,55,0.2775,0.1,0.17418352252900005,3,0.5241835225290001,0.2836422997986219,0.2851681730025713,0.9586464565412799,0.9581946209830269,0.29326405690450097,0.2365128805795329,0.9584009436779587,0.9593496960142812
26,56,3.595,16.02,0.3,2044.275957,40.88551915,Day:1993md,1.144659551,0.015751298,0.0089,3.6039000000000003,3.2950000000000004,3.3039000000000005,1.0,0.0,0.0,2044.275957,40.88551915,0.27960174616949157,0.01941728910557404,0.980582710894426,0.019801786111303964,0.00959593957164806,0.29040406042835193,4.433234524286382,1.0049574501751584,0.9200319341292199,0.9248008366440718,1.0148008366440717,1.0073732360173522,0.52328808839978,0.5185191858849282,0.9583521961019936,-0.0017013402413476833,-1201567.9799477775,-24031.35960483327,0.0026804525450138134,0.0026738330417949052,432.6432167443843,430.50898987711076,884442.1259496846,17688.842523320123,2.2714167991810785,0.04542833599473268,880079.1772781339,17601.58354986777,2.2602119112457784,0.04520423823597186,"[0.878,1.302]",0.991,"[0.650,1.050]",0.8,0.002,0.0,145,0.291,0.12,-0.005397477470999945,4,0.5346025225290001,0.005,0.0,58,0.2925,0.1,0.17418352252900005,3,0.5241835225290001,0.29955335609527367,0.30016817300257126,0.9582343939977332,0.9577957175770447,0.29326405690450097,0.2365128805795329,0.9584009436779587,0.9593496960142812
26,56,3.595,16.02,0.315,2728.809928,54.57619855,Day:1993md,1.077392738,0.013119272,0.0089,3.6039000000000003,3.2800000000000002,3.2889000000000004,1.0,0.0,0.0,2728.809928,54.57619855,0.27960174616949157,0.01941728910557404,0.980582710894426,0.019801786111303964,0.00959593957164806,0.30540406042835194,4.433234524286382,1.0049574501751584,0.9158436248691475,0.9206021585516171,1.019827158551617,1.0098649209432007,0.5556245876598525,0.5508660539773829,0.9579717184321868,-0.0015352216617168838,-1777469.6619042563,-35549.39323157141,0.0026804525450138134,0.0026738330417949052,440.75922224080716,438.5849591582065,1202748.141508273,24054.96282575787,3.0888876203994053,0.06177775239666857,1196814.9908223886,23936.29981206192,3.073650152910484,0.06147300304694597,"[0.878,1.302]",0.991,"[0.650,1.050]",0.8,0.002,0.0,152,0.305,0.12,-0.005397477470999945,4,0.5346025225290001,0.005,0.0,61,0.3075,0.1,0.17418352252900005,3,0.5241835225290001,0.3134715729797435,0.3151681730025713,0.9578481915114803,0.9573767272872665,0.29326405690450097,0.2365128805795329,0.9584009436779587,0.9593496960142812
26,56,3.595,16.02,0.33,3529.26103,70.5852206,Day:1993md,1.054045016,0.03230138,0.0089,3.6039000000000003,3.265,3.2739000000000003,1.0,0.0,0.0,3529.26103,70.5852206,0.27960174616949157,0.01941728910557404,0.980582710894426,0.019801786111303964,0.00959593957164806,0.32040406042835196,4.433234524286382,1.0049574501751584,0.9116553156090752,0.9164034804591623,1.0253034804591623,1.0125727037892944,0.5879610869199248,0.5832129220698377,0.9575702280630521,-0.0013714043027693258,-2573465.0408149054,-51469.30081629811,0.002680452545013813,0.002673833041794905,449.4088179405528,447.1918864447678,1586081.027695958,31721.620553919158,4.073359901647133,0.08146719803294265,1578256.8977617044,31565.137955234088,4.053266037220949,0.08106532074441897,"[0.878,1.302]",0.991,"[0.650,1.050]",0.8,0.002,0.0,160,0.321,0.12,-0.005397477470999945,4,0.5346025225290001,0.005,0.0,64,0.3225,0.1,0.17418352252900005,4,0.624183522529,0.3293735877877353,0.3301681730025713,0.957375968002229,0.956937703258527,0.29326405690450097,0.2898022750308279,0.9584009436779587,0.9580735310443218
26,56,3.595,16.02,0.345,4423.36823,88.46736459,Day:1993md,0.999238537,0.028032936,0.0089,3.6039000000000003,3.25,3.2589,1.0,0.0,0.0,4423.36823,88.46736459,0.27960174616949157,0.01941728910557404,0.980582710894426,0.019801786111303964,0.00959593957164806,0.3354040604283519,4.433234524286382,1.0049574501751584,0.9074670063490028,0.9122048023667075,1.0312298023667075,1.0154948559036168,0.6202975861799972,0.6155597901622925,0.9571474841463593,-0.0012100576663727942,-3655502.0086433217,-73110.04016460237,0.0026804525450138134,0.0026738330417949052,458.6111570603933,456.3488304708423,2028606.022064484,40572.12043670357,5.209848855276378,0.10419697709374955,2018598.91850238,40371.97836548411,5.184148696413297,0.10368297391654603,"[0.878,1.302]",0.991,"[0.650,1.050]",0.8,0.002,0.0,167,0.335,0.12,-0.005397477470999945,5,0.654602522529,0.005,0.0,67,0.3375,0.1,0.17418352252900005,4,0.624183522529,0.3432839001102863,0.3451681730025713,0.9569343623704364,0.9564787011017017,0.341056325282978,0.2898022750308279,0.9570069315184658,0.9580735310443218
26,56,3.595,16.02,0.36,5384.343775,107.6868755,Day:1993md,1.001050495,0.025444141,0.0089,3.6039000000000003,3.2350000000000003,3.2439000000000004,1.0,0.0,0.0,5384.343775,107.6868755,0.27960174616949157,0.01941728910557404,0.980582710894426,0.019801786111303964,0.00959593957164806,0.3504040604283519,4.433234524286382,1.0049574501751584,0.9032786970889306,0.908006124274253,1.037606124274253,1.0186295323984342,0.6526340854400694,0.647906658254747,0.9567032441956764,-0.0010513410997810204,-5121405.199626918,-102428.10399253835,0.002680452545013813,0.002673833041794905,468.3864203576407,466.0758724421652,2521953.506747196,50439.07013494392,6.476859699359343,0.12953719398718685,2509512.7224616664,50190.254449233325,6.444909382213609,0.12889818764427216,"[0.878,1.302]",0.991,"[0.650,1.050]",0.8,0.002,0.0,175,0.35100000000000003,0.12,-0.005397477470999945,5,0.654602522529,0.005,0.0,70,0.3525,0.1,0.17418352252900005,4,0.624183522529,0.359176888825651,0.36016817300257126,0.9563953362437674,0.9559997788762145,0.341056325282978,0.2898022750308279,0.9570069315184658,0.9580735310443218
26,56,3.595,16.02,0.375,6375.996284,127.5199257,Day:1993md,0.978670583,0.022898382,0.0089,3.6039000000000003,3.22,3.2289000000000003,1.0,0.0,0.0,6375.996284,127.5199257,0.27960174616949157,0.01941728910557404,0.980582710894426,0.019801786111303964,0.00959593957164806,0.36540406042835194,4.433234524286382,1.0049574501751584,0.8990903878288582,0.9038074461817982,1.0444324461817982,1.0219747776642034,0.6849705847001418,0.6802535263472018,0.9562372640977397,-0.0008954033971731661,-7120808.681460605,-142416.17365154842,0.002680452545013814,0.0026738330417949057,478.7558518112028,476.3941515412004,3052545.5320914835,61050.91065140479,7.839521658257364,0.156790433189738,3037487.3399460264,60749.74680844842,7.800849336348498,0.1560169867514394,"[0.878,1.302]",0.991,"[0.650,1.050]",0.8,0.002,0.0,182,0.365,0.12,-0.005397477470999945,5,0.654602522529,0.005,0.0,73,0.3675,0.1,0.17418352252900005,5,0.7241835225290001,0.37307931003869754,0.37516817300257127,0.9558919250416019,0.9555009970718132,0.341056325282978,0.34309166948212305,0.9570069315184658,0.9565434316780337
26,56,3.595,16.02,0.39,7364.020627,147.2804125,Day:1993md,0.941062003,0.020912489,0.0089,3.6039000000000003,3.205,3.2139,1.0,0.0,0.0,7364.020627,147.2804125,0.27960174616949157,0.01941728910557404,0.980582710894426,0.019801786111303964,0.00959593957164806,0.38040406042835195,4.433234524286382,1.0049574501751584,0.8949020785687859,0.8996087680893435,1.0517087680893435,1.0255285310947442,0.7173070839602141,0.7126003944396565,0.9557492981245718,-0.0007423824829075941,-9919442.870147321,-198388.85734906586,0.002680452545013813,0.002673833041794905,489.7417954046861,487.325901528793,3606468.6832641223,72129.37364569279,9.262102417487764,0.1852420482994453,3588677.9909294024,71773.55979909502,9.216412511667468,0.1843282501832875,"[0.878,1.302]",0.991,"[0.650,1.050]",0.8,0.002,0.0,190,0.381,0.12,-0.005397477470999945,5,0.654602522529,0.005,0.0,76,0.3825,0.1,0.17418352252900005,5,0.7241835225290001,0.3889632880138336,0.3901681730025713,0.9552780274780017,0.9549824185896235,0.341056325282978,0.34309166948212305,0.9570069315184658,0.9565434316780337
26,56,3.595,16.02,0.405,8317.02338,166.3404676,Day:1993md,0.969096711,0.015750827,0.0089,3.6039000000000003,3.1900000000000004,3.1989000000000005,1.0,0.0,0.0,8317.02338,166.3404676,0.27960174616949157,0.01941728910557404,0.980582710894426,0.019801786111303964,0.00959593957164806,0.39540406042835197,4.433234524286382,1.0049574501751584,0.8907137693087136,0.8954100899968889,1.059435089996889,1.0292886329873117,0.7496435832202865,0.7449472625321112,0.9552390989463649,-0.0005924051758725462,-14039417.140051082,-280788.34280102164,0.002680452545013813,0.002673833041794905,501.3677330459576,498.89448847667336,4169887.1577208284,83397.74315441656,10.709068985792927,0.21418137971585852,4149317.124813633,82986.34249627266,10.656241200984576,0.2131248240196915,"[0.878,1.302]",0.991,"[0.650,1.050]",0.8,0.002,0.0,197,0.395,0.12,-0.005397477470999945,6,0.7746025225290001,0.005,0.0,79,0.3975,0.1,0.17418352252900005,5,0.7241835225290001,0.4028578315316764,0.4051681730025713,0.9547050194286439,0.9544441087224893,0.38712638227275475,0.34309166948212305,0.9553512167930748,0.9565434316780337
26,56,3.595,16.02,0.42,9207.235696,184.1447139,Day:1993md,0.932961888,0.014553771,0.0089,3.6039000000000003,3.1750000000000003,3.1839000000000004,1.0,0.0,0.0,9207.235696,184.1447139,0.27960174616949157,0.01941728910557404,0.980582710894426,0.019801786111303964,0.00959593957164806,0.4104040604283519,4.433234524286382,1.0049574501751584,0.8865254600486413,0.8912114119044342,1.0676114119044342,1.0332528305813802,0.7819800824803588,0.7772941306245659,0.954706417645149,-0.00044558703338992846,-20663158.94776688,-413263.178910453,0.002680452545013813,0.002673833041794905,513.6583236587699,511.12444966624423,4729373.253138547,94587.46505249778,12.145936451457187,0.2429187290027603,4706043.278065399,94120.86555108549,12.086020606484604,0.24172041210343875,"[0.878,1.302]",0.991,"[0.650,1.050]",0.8,0.002,0.0,205,0.41100000000000003,0.12,-0.005397477470999945,6,0.7746025225290001,0.005,0.0,82,0.41250000000000003,0.1,0.17418352252900005,6,0.8241835225290001,0.41873281407549,0.4201681730025713,0.9540064099723294,0.9538861351346173,0.38712638227275475,0.39638106393341815,0.9553512167930748,0.9547618445238593
26,56,3.595,16.02,0.435,10011.38373,200.2276745,Day:1993md,0.947920913,0.013884195,0.0089,3.6039000000000003,3.16,3.1689000000000003,1.0,0.0,0.0,10011.38373,200.2276745,0.27960174616949157,0.01941728910557404,0.980582710894426,0.019801786111303964,0.00959593957164806,0.42540406042835194,4.433234524286382,1.0049574501751584,0.8823371507885689,0.8870127338119794,1.0762377338119795,1.0374187842004692,0.8143165817404312,0.8096409987170207,0.9541510037292592,-0.0003020322722778091,-33146735.130315922,-662934.7022752281,0.0026804525450138134,0.0026738330417949052,526.639443483276,524.0415336902928,5272389.556064723,105447.79106863053,13.540506335124043,0.2708101265672298,5246380.884231244,104927.61763222073,13.473711083751866,0.2694742215404534,"[0.878,1.302]",0.991,"[0.650,1.050]",0.8,0.002,0.0,212,0.425,0.12,-0.005397477470999945,6,0.7746025225290001,0.005,0.0,85,0.4275,0.1,0.17418352252900005,6,0.8241835225290001,0.4326194932744656,0.43516817300257127,0.953354278477064,0.9533085678405313,0.38712638227275475,0.39638106393341815,0.9553512167930748,0.9547618445238593
26,56,3.595,16.02,0.45,10711.48202,214.2296403,Day:1993md,0.942913407,0.019044984,0.0089,3.6039000000000003,3.145,3.1539,1.0,0.0,0.0,10711.48202,214.2296403,0.27960174616949157,0.01941728910557404,0.980582710894426,0.019801786111303964,0.00959593957164806,0.44040406042835195,4.433234524286382,1.0049574501751584,0.8781488415284966,0.8828140557195248,1.0853140557195249,1.0417840734622146,0.8466530810005035,0.8419878668094753,0.9535726051486232,-0.00016183376391393616,-66188178.29446523,-1323763.5652713866,0.002680452545013814,0.0026738330417949057,540.3382276235442,537.6727417955519,5787823.209908261,115756.4641441314,14.864238692338901,0.2972847737080088,5759271.906387157,115185.43807397586,14.79091347573785,0.2958182693766724,"[0.878,1.302]",0.991,"[0.650,1.050]",0.8,0.002,0.0,220,0.441,0.12,-0.005397477470999945,7,0.894602522529,0.005,0.0,88,0.4425,0.1,0.17418352252900005,6,0.8241835225290001,0.44848549565257656,0.4501681730025713,0.9525588883840017,0.9527114791833501,0.43164799134548637,0.39638106393341815,0.9534012026574026,0.9547618445238593
26,56,3.595,16.02,0.465,11295.60361,225.9120722,Day:1993md,0.938418199,0.018148654,0.0089,3.6039000000000003,3.1300000000000003,3.1389000000000005,1.0,0.0,0.0,11295.60361,225.9120722,0.27960174616949157,0.01941728910557404,0.980582710894426,0.019801786111303964,0.00959593957164806,0.45540406042835196,4.433234524286382,1.0049574501751584,0.8739605322684243,0.8786153776270701,1.09484037762707,1.0463462035230358,0.8789895802605758,0.87433473490193,0.9529709683108835,-2.5073099474379843e-05,-450506871.7787387,-9010137.435574774,0.0026804525450138143,0.002673833041794906,554.783112881515,552.0463705053577,6266610.132631478,125332.20265262957,16.093855224154343,0.3218771044830869,6235696.975567716,124713.93951135433,16.014464315229745,0.32028928630459486,"[0.878,1.302]",0.991,"[0.650,1.050]",0.8,0.002,0.0,227,0.455,0.12,-0.005397477470999945,7,0.894602522529,0.005,0.0,91,0.4575,0.1,0.17418352252900005,7,0.924183522529,0.4623643238712205,0.4651681730025713,0.951815909571638,0.9520949438124036,0.43164799134548637,0.4496704583847132,0.9534012026574026,0.9527316035107323
26,56,3.595,16.02,0.48,11758.4433,235.168866,Day:1993md,0.909984402,0.017009054,0.0089,3.6039000000000003,3.115,3.1239000000000003,1.0,0.0,0.0,11758.4433,235.168866,0.27960174616949157,0.01941728910557404,0.980582710894426,0.019801786111303964,0.00959593957164806,0.4704040604283519,4.433234524286382,1.0049574501751584,0.869772223008352,0.8744166995346153,1.1048166995346154,1.0511026113251813,0.9113260795206481,0.9066816029943848,0.9523458380983758,0.00010817927904616375,108694043.8471796,2173880.876943592,0.0026804525450138134,0.0026738330417949052,570.0038819182294,567.19205556303,6702358.3263153955,134047.1665263079,17.212940055492158,0.34425880110984314,6669295.625548338,133385.91251096674,17.1280287065806,0.342560574131612,"[0.878,1.302]",0.991,"[0.650,1.050]",0.8,0.002,0.0,235,0.47100000000000003,0.12,-0.005397477470999945,7,0.894602522529,0.005,0.0,94,0.47250000000000003,0.1,0.17418352252900005,7,0.924183522529,0.4782213613061259,0.4801681730025713,0.9509088291310805,0.9514590386601977,0.43164799134548637,0.4496704583847132,0.9534012026574026,0.9527316035107323
26,56,3.595,16.02,0.495,12101.47501,242.0295001,Day:1993md,0.93377047,0.016857449,0.0089,3.6039000000000003,3.1,3.1089,1.0,0.0,0.0,12101.47501,242.0295001,0.27960174616949157,0.01941728910557404,0.980582710894426,0.019801786111303964,0.00959593957164806,0.48540406042835194,4.433234524286382,1.0049574501751584,0.8655839137482796,0.8702180214421606,1.1152430214421607,1.0560506718155909,0.9436625787807206,0.9390284710868395,0.9516969578859786,0.0002378638868901286,50875629.62254029,1017512.5920303974,0.002680452545013814,0.0026738330417949057,586.0317087845934,583.1408172380347,7091848.078924355,141836.96151988395,18.213224349091266,0.3642644868313212,7056864.027117055,141137.28048402703,18.12337860266303,0.36246757190349893,"[0.878,1.302]",0.991,"[0.650,1.050]",0.8,0.002,0.0,242,0.485,0.12,-0.005397477470999945,7,0.894602522529,0.005,0.0,97,0.4875,0.1,0.17418352252900005,7,0.924183522529,0.49209235184529376,0.49516817300257127,0.950060457922775,0.9508038429187415,0.43164799134548637,0.4496704583847132,0.9534012026574026,0.9527316035107323
26,56,3.595,16.02,0.51,12332.51765,246.650353,Day:1993md,0.908168171,0.016298375,0.0089,3.6039000000000003,3.085,3.0939,1.0,0.0,0.0,12332.51765,246.650353,0.27960174616949157,0.01941728910557404,0.980582710894426,0.019801786111303964,0.00959593957164806,0.500404060428352,4.433234524286382,1.0049574501751584,0.8613956044882073,0.8660193433497059,1.1261193433497059,1.0611877041078577,0.9759990780407929,0.9713753391792943,0.9510240695598554,0.00036393194888729774,33886878.268604904,677737.565372098,0.0026804525450138134,0.0026738330417949052,602.8992058654612,599.9251070384913,7435265.097506784,148705.30195013568,19.09518503622523,0.38190370072450464,7398586.971230334,147971.73942460667,19.00098858205096,0.3800197716410192,"[0.878,1.302]",0.991,"[0.650,1.050]",0.8,0.002,0.0,250,0.501,0.12,-0.005397477470999945,8,1.014602522529,0.005,0.0,100,0.5025000000000001,0.1,0.17418352252900005,7,0.924183522529,0.507940439516517,0.5101681730025713,0.9490231029616005,0.9501294380152502,0.47476752402222344,0.4496704583847132,0.9511119311832752,0.9527316035107323
26,56,3.595,16.02,0.525,12464.32194,249.2864389,Day:1993md,0.906587623,0.013799387,0.0089,3.6039000000000003,3.0700000000000003,3.0789000000000004,1.0,0.0,0.0,12464.32194,249.2864389,0.27960174616949157,0.01941728910557404,0.980582710894426,0.019801786111303964,0.00959593957164806,0.515404060428352,4.433234524286382,1.0049574501751584,0.857207295228135,0.8618206652572513,1.1374456652572513,1.0665109775605928,1.008335577300865,1.0037222072717489,0.950326913537104,0.00048634510157704187,25628554.49676104,512571.0901408361,0.0026804525450138134,0.0026738330417949052,620.6404722823687,617.5788558751364,7735862.65552109,154717.25317248586,19.86717714631763,0.397343543085745,7697701.68296456,153954.03372104908,19.76917245884877,0.3953834493355815,"[0.878,1.302]",0.991,"[0.650,1.050]",0.8,0.002,0.0,257,0.515,0.12,-0.005397477470999945,8,1.014602522529,0.005,0.0,103,0.5175,0.1,0.17418352252900005,8,1.0241835225290001,0.521803605639569,0.5251681730025712,0.9480511177648611,0.9494359075872376,0.47476752402222344,0.5029598528360083,0.9511119311832752,0.9504559187242178
26,56,3.595,16.02,0.54,12513.4723,250.269446,Day:1993md,0.871061184,0.013265702,0.0089,3.6039000000000003,3.055,3.0639000000000003,1.0,0.0,0.0,12513.4723,250.269446,0.27960174616949157,0.01941728910557404,0.980582710894426,0.019801786111303964,0.00959593957164806,0.530404060428352,4.433234524286382,1.0049574501751584,0.8530189859680626,0.8576219871647965,1.1492219871647966,1.0720177177476111,1.0406720765609376,1.0360690753642037,0.9496052287863356,0.0006050750507418952,20680859.811781973,413617.19623563945,0.0026804525450138143,0.002673833041794906,639.2911438018921,636.1375237234843,7999752.019600293,159995.04039200585,20.54489558272871,0.4108979116545742,7960289.282104413,159205.78564208825,20.443547713535388,0.4088709542707077,"[0.878,1.302]",0.991,"[0.650,1.050]",0.8,0.002,0.0,265,0.531,0.12,-0.005397477470999945,8,1.014602522529,0.005,0.0,106,0.5325,0.1,0.17418352252900005,8,1.0241835225290001,0.5376427586838517,0.5401681730025713,0.9468600776662485,0.9487233374570129,0.47476752402222344,0.5029598528360083,0.9511119311832752,0.9504559187242178
26,56,3.595,16.02,0.555,12498.23381,249.9646763,Day:1993md,0.880124357,0.013521911,0.0089,3.6039000000000003,3.04,3.0489,1.0,0.0,0.0,12498.23381,249.9646763,0.27960174616949157,0.01941728910557404,0.980582710894426,0.019801786111303964,0.00959593957164806,0.545404060428352,4.433234524286382,1.0049574501751584,0.8488306767079903,0.8534233090723419,1.161448309072342,1.0777051122975811,1.07300857582101,1.0684159434566585,0.9488587528491997,0.0007201031900617188,17356170.591229845,347123.4119634659,0.0026804525450138134,0.0026738330417949052,658.8884442983021,655.6381508326165,8234941.831547341,164698.83669683567,21.14890807170773,0.4229781616033698,8194318.903862087,163886.37814280557,21.044580611867296,0.42089161240572637,"[0.878,1.302]",0.991,"[0.650,1.050]",0.8,0.002,0.0,272,0.545,0.12,-0.005397477470999945,8,1.014602522529,0.005,0.0,109,0.5475,0.1,0.17418352252900005,8,1.0241835225290001,0.5514981136167663,0.5551681730025713,0.9457413879718194,0.9479918156055943,0.47476752402222344,0.5029598528360083,0.9511119311832752,0.9504559187242178
26,56,3.595,16.02,0.57,12436.84236,248.7368473,Day:1993md,0.876428251,0.023076597,0.0089,3.6039000000000003,3.0250000000000004,3.0339000000000005,1.0,0.0,0.0,12436.84236,248.7368473,0.27960174616949157,0.01941728910557404,0.980582710894426,0.019801786111303964,0.00959593957164806,0.5604040604283519,4.433234524286382,1.0049574501751584,0.844642367447918,0.8492246309798872,1.1741246309798872,1.0835703165830481,1.105345075081082,1.1007628115491128,0.948087221862875,0.0008314201865831434,14958552.318907758,299171.04649843124,0.0026804525450138143,0.002673833041794906,679.4712388209526,676.1194105307889,8450476.6853701,169009.53377534912,21.7024428632085,0.43404885743867117,8408790.525307545,168175.81057376284,21.595384818955157,0.4319076965527435,"[0.878,1.302]",0.991,"[0.650,1.050]",0.8,0.002,0.0,280,0.561,0.12,-0.005397477470999945,9,1.134602522529,0.005,0.0,112,0.5625,0.1,0.17418352252900005,9,1.124183522529,0.5673283471282318,0.5701681730025713,0.9443668046659546,0.9472414321460554,0.5166096490576481,0.5562492472873034,0.9484226717443363,0.9479383638716222
26,56,3.595,16.02,0.585,12346.25491,246.9250982,Day:1993md,0.899058061,0.023407908,0.0089,3.6039000000000003,3.0100000000000002,3.0189000000000004,1.0,0.0,0.0,12346.25491,246.9250982,0.27960174616949157,0.01941728910557404,0.980582710894426,0.019801786111303964,0.00959593957164806,0.5754040604283519,4.433234524286382,1.0049574501751584,0.8404540581878458,0.8450259528874324,1.1872509528874324,1.0896104592410227,1.1376815743411544,1.1331096796415676,0.9472903705835423,0.0009390255386078553,13147943.695230952,262958.8739046191,0.0026804525450138134,0.0026738330417949052,701.0800883187028,697.6216636798986,8655713.482708018,173114.26965416037,22.229530273006965,0.4445906054601393,8613014.890530316,172260.29781060634,22.119872109145,0.44239744218290006,"[0.878,1.302]",0.991,"[0.650,1.050]",0.8,0.002,0.0,287,0.5750000000000001,0.12,-0.005397477470999945,9,1.134602522529,0.005,0.0,115,0.5775,0.1,0.17418352252900005,9,1.124183522529,0.5811759040597693,0.5851681730025713,0.9430717566094304,0.9464722792963192,0.5166096490576481,0.5562492472873034,0.9484226717443363,0.9479383638716222
26,56,3.595,16.02,0.6,12241.32291,244.8264583,Day:1993md,0.914933793,0.022709964,0.0089,3.6039000000000003,2.995,3.0039000000000002,1.0,0.0,0.0,12241.32291,244.8264583,0.27960174616949157,0.01941728910557404,0.980582710894426,0.019801786111303964,0.00959593957164806,0.5904040604283519,4.433234524286382,1.0049574501751584,0.8362657489277733,0.8408272747949778,1.2008272747949778,1.0958226475096131,1.1700180736012271,1.1654565477340224,0.9464679324108636,0.001042927111444719,11737467.341358744,234749.34692305885,0.0026804525450138143,0.002673833041794906,723.7573060755811,720.1870148327517,8859746.892142894,177194.9379152336,22.753527152154863,0.455070543228972,8816041.804156674,176320.83615515218,22.64128411425683,0.4528256824700944,"[0.878,1.302]",0.991,"[0.650,1.050]",0.8,0.002,0.0,295,0.591,0.12,-0.005397477470999945,9,1.134602522529,0.005,0.0,118,0.5925,0.1,0.17418352252900005,9,1.124183522529,0.596997233090093,0.6001681730025713,0.9414749966278573,0.945684451351413,0.5166096490576481,0.5562492472873034,0.9484226717443363,0.9479383638716222
26,56,3.595,16.02,0.615,12133.43369,242.6686737,Day:1993md,0.939552669,0.022582231,0.0089,3.6039000000000003,2.9800000000000004,2.9889000000000006,1.0,0.0,0.0,12133.43369,242.6686737,0.27960174616949157,0.01941728910557404,0.980582710894426,0.019801786111303964,0.00959593957164806,0.6054040604283519,4.433234524286382,1.0049574501751584,0.8320774396677012,0.8366285967025231,1.2148535967025231,1.1022039723674213,1.2023545728612985,1.1978034158264768,0.9456196394134806,0.001143140656253822,10614121.388843248,212282.42768938665,0.0026804525450138134,0.0026738330417949052,747.5470159139328,743.8593701490939,9070312.147749078,181406.24288022687,23.294299063481656,0.4658859810776488,9025568.342389196,180511.36677339798,23.17938840039605,0.46358776781688366,"[0.878,1.302]",0.991,"[0.650,1.050]",0.8,0.002,0.0,302,0.605,0.12,-0.005397477470999945,10,1.254602522529,0.005,0.0,121,0.6075,0.1,0.17418352252900005,10,1.224183522529,0.6108370051719589,0.6151681730025713,0.9399649122963659,0.944878044655202,0.5572815869439202,0.6095386417385985,0.945251617831947,0.9451828624662776
26,56,3.595,16.02,0.63,12031.10657,240.6221313,Day:1993md,0.897673039,0.02227559,0.0089,3.6039000000000003,2.9650000000000003,2.9739000000000004,1.0,0.0,0.0,12031.10657,240.6221313,0.27960174616949157,0.01941728910557404,0.980582710894426,0.019801786111303964,0.00959593957164806,0.6204040604283519,4.433234524286382,1.0049574501751584,0.8278891304076288,0.8324299186100684,1.2293299186100684,1.1087515134646122,1.2346910721213715,1.230150283918932,0.9447452223555559,0.0012396893169449362,9704936.878579548,194098.7374909256,0.0026804525450138134,0.0026738330417949052,772.4952122233732,768.6844971284422,9293972.22307417,185879.44438423388,23.86870098023118,0.47737401940623203,9248125.103659147,184962.5019963145,23.750956795306106,0.47501913570870924,"[0.878,1.302]",0.991,"[0.650,1.050]",0.8,0.002,0.0,310,0.621,0.12,-0.005397477470999945,10,1.254602522529,0.005,0.0,124,0.6225,0.1,0.17418352252900005,10,1.224183522529,0.6266494447305178,0.6301681730025713,0.9380951451703136,0.9440531575716148,0.5572815869439202,0.6095386417385985,0.945251617831947,0.9451828624662776
26,56,3.595,16.02,0.645,11939.36379,238.7872758,Day:1993md,0.971576057,0.018175173,0.0089,3.6039000000000003,2.95,2.9589000000000003,1.0,0.0,0.0,11939.36379,238.7872758,0.27960174616949157,0.01941728910557404,0.980582710894426,0.019801786111303964,0.00959593957164806,0.635404060428352,4.433234524286382,1.0049574501751584,0.8237008211475565,0.8282312405176137,1.2442562405176136,1.1154623438366773,1.2670275713814434,1.2624971520113863,0.9438444107243726,0.0013326031297877599,8959429.497889254,179188.58995778512,0.002680452545013813,0.002673833041794905,798.6498218760712,794.7100862199401,9535370.764197113,190707.4152839423,24.488658675050036,0.48977317350100086,9488332.82696213,189766.65653924263,24.36785624185562,0.48735712483711247,"[0.878,1.302]",0.991,"[0.650,1.050]",0.8,0.002,0.0,317,0.635,0.12,-0.005397477470999945,10,1.254602522529,0.005,0.0,127,0.6375000000000001,0.1,0.17418352252900005,10,1.224183522529,0.6404814450774765,0.6451681730025713,0.9363186595121905,0.9432098904553784,0.5572815869439202,0.6095386417385985,0.945251617831947,0.9451828624662776
26,56,3.595,16.02,0.66,11865.2623,237.3052461,Day:1993md,0.977643789,0.018120122,0.0089,3.6039000000000003,2.935,2.9439,1.0,0.0,0.0,11865.2623,237.3052461,0.27960174616949157,0.01941728910557404,0.980582710894426,0.019801786111303964,0.00959593957164806,0.650404060428352,4.433234524286382,1.0049574501751584,0.8195125118874841,0.824032562425159,1.259632562425159,1.1223335343939247,1.2993640706415164,1.2948440201038414,0.9429169327590161,0.0014219185200562087,8344544.453595671,166890.88914224092,0.002680452545013814,0.0026738330417949057,826.0607680911754,821.9858143717405,9801427.689141266,196028.5538654314,25.171943822970487,0.503438876671558,9753077.294399811,195061.5459701948,25.047770747491015,0.500955415160922,"[0.878,1.302]",0.991,"[0.650,1.050]",0.8,0.002,0.0,325,0.651,0.12,-0.005397477470999945,10,1.254602522529,0.005,0.0,130,0.6525,0.1,0.17418352252900005,11,1.3241835225290002,0.6562850101315405,0.6601681730025712,0.9341076934660311,0.9423483456222754,0.5572815869439202,0.6628280361898936,0.945251617831947,0.9421936728290826
26,56,3.595,16.02,0.675,11795.11913,235.9023827,Day:1993md,0.958023388,0.017719194,0.0089,3.6039000000000003,2.92,2.9289,1.0,0.0,0.0,11795.11913,235.9023827,0.27960174616949157,0.01941728910557404,0.980582710894426,0.019801786111303964,0.00959593957164806,0.665404060428352,4.433234524286382,1.0049574501751584,0.8153242026274118,0.8198338843327042,1.2754588843327044,1.1293621581816455,1.3317005699015882,1.3271908881962957,0.9419625154801506,0.0015076777996715933,7823368.582179327,156467.3717099137,0.002680452545013813,0.002673833041794905,854.7800363135813,850.5634105847944,10082232.358264416,201644.64725076634,25.893104002953926,0.5178620802786024,10032496.755466752,200649.9351943914,25.7653734478419,0.515307469175279,"[0.878,1.302]",0.991,"[0.650,1.050]",0.8,0.002,0.0,332,0.665,0.12,-0.005397477470999945,11,1.374602522529,0.005,0.0,133,0.6675,0.1,0.17418352252900005,11,1.3241835225290002,0.6701092518215646,0.6751681730025713,0.9319951438434465,0.9414686273189444,0.5968763486071639,0.6628280361898936,0.9414877034169401,0.9421936728290826
26,56,3.595,16.02,0.69,11741.26741,234.8253481,Day:1993md,0.9879683,0.024699207,0.0089,3.6039000000000003,2.9050000000000002,2.9139000000000004,1.0,0.0,0.0,11741.26741,234.8253481,0.27960174616949157,0.01941728910557404,0.980582710894426,0.019801786111303964,0.00959593957164806,0.6804040604283519,4.433234524286382,1.0049574501751584,0.8111358933673395,0.8156352062402497,1.2917352062402496,1.1365452944076841,1.3640370691616606,1.3595377562887503,0.9409808847209161,0.0015899286694391974,7384776.207690752,147695.52409091915,0.0026804525450138134,0.0026738330417949052,884.8617421747413,880.4967235384095,10389398.335752113,207787.9666265561,26.68196507247078,0.5336393012221662,10338147.484693307,206762.94960581648,26.55034306957003,0.5310068611652722,"[0.878,1.302]",0.991,"[0.650,1.050]",0.8,0.002,0.0,340,0.681,0.12,-0.005397477470999945,11,1.374602522529,0.005,0.0,136,0.6825,0.1,0.17418352252900005,11,1.3241835225290002,0.6859039572964534,0.6901681730025713,0.9293493888049609,0.9405708416922345,0.5968763486071639,0.6628280361898936,0.9414877034169401,0.9421936728290826
26,56,3.595,16.02,0.705,11695.88556,233.9177112,Day:1993md,0.974701739,0.025137045,0.0089,3.6039000000000003,2.89,2.8989000000000003,1.0,0.0,0.0,11695.88556,233.9177112,0.27960174616949157,0.01941728910557404,0.980582710894426,0.019801786111303964,0.00959593957164806,0.6954040604283519,4.433234524286382,1.0049574501751584,0.8069475841072672,0.8114365281477949,1.3084615281477947,1.1438800322358087,1.3963735684217329,1.391884624381205,0.9399717651589612,0.0016687237290952594,7008880.712891414,140177.61425782827,0.002680452545013813,0.002673833041794905,916.3622016058303,911.841791357548,10717667.44149144,214353.34882982878,27.52502301775784,0.5505004603551568,10664797.24054328,213295.9448108656,27.389242214145867,0.5477848442829173,"[0.878,1.302]",0.991,"[0.650,1.050]",0.8,0.002,0.0,347,0.6950000000000001,0.12,-0.005397477470999945,11,1.374602522529,0.005,0.0,139,0.6975,0.1,0.17418352252900005,12,1.424183522529,0.6997204533709009,0.7051681730025713,0.9268039337159794,0.9396550967581336,0.5968763486071639,0.7161174306411887,0.9414877034169401,0.9389753720121806
26,56,3.595,16.02,0.72,11656.08177,233.1216353,Day:1993md,1.012347051,0.025566053,0.0089,3.6039000000000003,2.875,2.8839,1.0,0.0,0.0,11656.08177,233.1216353,0.27960174616949157,0.01941728910557404,0.980582710894426,0.019801786111303964,0.00959593957164806,0.7104040604283519,4.433234524286382,1.0049574501751584,0.8027592748471948,0.8072378500553402,1.3256378500553403,1.151363474344805,1.4287100676818052,1.4242314924736599,0.9389348803496301,0.0017441199980043115,6683073.288155249,133661.4657057695,0.0026804525450138134,0.0026738330417949052,949.3400031763041,944.6569135945402,11065584.70455506,221311.69399616722,28.41854119476603,0.5683708236515119,11010998.229453787,220219.96449461003,28.27835267036713,0.5655670531647365,"[0.878,1.302]",0.991,"[0.650,1.050]",0.8,0.002,0.0,355,0.711,0.12,-0.005397477470999945,11,1.374602522529,0.005,0.0,142,0.7125,0.1,0.17418352252900005,12,1.424183522529,0.7155063141501259,0.7201681730025713,0.9235914392073095,0.9387215023702855,0.5968763486071639,0.7161174306411887,0.9414877034169401,0.9389753720121806
26,56,3.595,16.02,0.735,11618.16073,232.3632147,Day:1993md,0.981222438,0.024358417,0.0089,3.6039000000000003,2.8600000000000003,2.8689000000000004,1.0,0.0,0.0,11618.16073,232.3632147,0.27960174616949157,0.01941728910557404,0.980582710894426,0.019801786111303964,0.00959593957164806,0.7254040604283519,4.433234524286382,1.0049574501751584,0.7985709655871226,0.8030391719628855,1.3432641719628855,1.158992740254608,1.4610465669418775,1.4565783605661144,0.9378699527603278,0.0018161784489755892,6397036.996311234,127940.73998128535,0.0026804525450138134,0.0026738330417949052,983.8560827337475,979.0027255007334,11430598.104388855,228611.9621861627,29.355965525858835,0.5871193107698498,11374211.01997559,227484.22049741205,29.211152691830144,0.5842230540880295,"[0.878,1.302]",0.991,"[0.650,1.050]",0.8,0.002,0.0,362,0.725,0.12,-0.005397477470999945,12,1.494602522529,0.005,0.0,145,0.7275,0.1,0.17418352252900005,12,1.424183522529,0.7293150776138475,0.7351681730025713,0.9204744448746001,0.9377701701881133,0.6354752398811444,0.7161174306411887,0.9369777859948567,0.9389753720121806
26,56,3.595,16.02,0.75,11578.94144,231.5788288,Day:1993md,1.019091431,0.025736377,0.0089,3.6039000000000003,2.845,2.8539000000000003,1.0,0.0,0.0,11578.94144,231.5788288,0.27960174616949157,0.01941728910557404,0.980582710894426,0.019801786111303964,0.00959593957164806,0.7404040604283519,4.433234524286382,1.0049574501751584,0.7943826563270502,0.7988404938704308,1.3613404938704308,1.1667649694220472,1.4933830662019498,1.4889252286585692,0.9367767038060757,0.0018849635573061478,6142793.262564598,122855.86525129194,0.002680452545013813,0.002673833041794905,1019.973800423903,1014.9422746665815,11810216.90544262,236204.3381088524,30.330899325029264,0.6066179865005853,11751957.163344743,235039.14326689485,30.181277147348638,0.6036255429469728,"[0.878,1.302]",0.991,"[0.650,1.050]",0.8,0.002,0.0,370,0.741,0.12,-0.005397477470999945,12,1.494602522529,0.005,0.0,148,0.7425,0.1,0.17418352252900005,13,1.5241835225290001,0.7450921085393176,0.7501681730025713,0.9165030951627587,0.9368012136445638,0.6354752398811444,0.7694068250924838,0.9369777859948567,0.9355328387552808
26,56,3.595,16.02,0.765,11535.26217,230.7052434,Day:1993md,1.031619379,0.01967879,0.0089,3.6039000000000003,2.83,2.8389,1.0,0.0,0.0,11535.26217,230.7052434,0.27960174616949157,0.01941728910557404,0.980582710894426,0.019801786111303964,0.00959593957164806,0.755404060428352,4.433234524286382,1.0049574501751584,0.7901943470669779,0.7946418157779761,1.379866815777976,1.174677324109892,1.5257195654620221,1.5212720967510238,0.9356548538862828,0.001950542866812382,5913872.679379339,118277.45358758679,0.002680452545013813,0.002673833041794905,1057.759020172875,1052.5411001117645,12201527.61037643,244030.5522075286,31.335860173012,0.6267172034602401,12141337.53448942,242826.7506897884,31.181280528394847,0.623625610567897,"[0.878,1.302]",0.991,"[0.650,1.050]",0.8,0.002,0.0,377,0.755,0.12,-0.005397477470999945,12,1.494602522529,0.005,0.0,151,0.7575000000000001,0.1,0.17418352252900005,13,1.5241835225290001,0.7588931523608053,0.7651681730025713,0.912608958983892,0.9358147479134933,0.6354752398811444,0.7694068250924838,0.9369777859948567,0.9355328387552808
26,56,3.595,16.02,0.78,11486.00492,229.7200984,Day:1993md,1.053455931,0.019414932,0.0089,3.6039000000000003,2.8150000000000004,2.8239000000000005,1.0,0.0,0.0,11486.00492,229.7200984,0.27960174616949157,0.01941728910557404,0.980582710894426,0.019801786111303964,0.00959593957164806,0.770404060428352,4.433234524286382,1.0049574501751584,0.7860060378069056,0.7904431376855214,1.3988431376855215,1.182726992033885,1.5580560647220945,1.5536189648434786,0.9345041224227467,0.0020129865742831467,5705952.07476251,114119.04149525022,0.0026804525450138134,0.0026738330417949052,1097.2801917168017,1091.867313910208,12603365.680677727,252067.31361355458,32.36785731183304,0.647357146236661,12541193.339559833,250823.86679119666,32.208186830389195,0.644163736607784,"[0.878,1.302]",0.991,"[0.650,1.050]",0.8,0.002,0.0,385,0.771,0.12,-0.005397477470999945,12,1.494602522529,0.005,0.0,154,0.7725,0.1,0.17418352252900005,13,1.5241835225290001,0.7746613682329482,0.7801681730025712,0.9075878934392319,0.9348108898767069,0.6354752398811444,0.7694068250924838,0.9369777859948567,0.9355328387552808
26,56,3.595,16.02,0.795,11429.7015,228.5940299,Day:1993md,1.067394455,0.020035519,0.0089,3.6039000000000003,2.8000000000000003,2.8089000000000004,1.0,0.0,0.0,11429.7015,228.5940299,0.27960174616949157,0.01941728910557404,0.980582710894426,0.019801786111303964,0.00959593957164806,0.785404060428352,4.433234524286382,1.0049574501751584,0.7818177285468332,0.7862444595930668,1.4182694595930667,1.1909111887932982,1.5903925639821668,1.5859658329359334,0.9333242278989058,0.002072367133479774,5515287.960009308,110305.75915193217,0.002680452545013814,0.0026738330417949057,1138.6084352676983,1132.9916854382693,13013954.540491862,260279.09069597645,33.4223281543848,0.6684465627952797,12949756.766541313,258995.13521752713,33.257455973443925,0.6651491191779046,"[0.878,1.302]",0.991,"[0.650,1.050]",0.8,0.002,0.0,392,0.785,0.12,-0.005397477470999945,13,1.614602522529,0.005,0.0,157,0.7875,0.1,0.17418352252900005,14,1.6241835225290002,0.7884547053445132,0.7951681730025713,0.9025981891155823,0.9337897580906723,0.6731498254958411,0.8226962195437789,0.9315060119004294,0.9318712355895806
26,56,3.595,16.02,0.81,11364.37943,227.2875885,Day:1993md,1.082329227,0.029038101,0.0089,3.6039000000000003,2.785,2.7939000000000003,1.0,0.0,0.0,11364.37943,227.2875885,0.27960174616949157,0.01941728910557404,0.980582710894426,0.019801786111303964,0.00959593957164806,0.800404060428352,4.433234524286382,1.0049574501751584,0.7776294192867609,0.782045781500612,1.4381457815006122,1.1992271600912865,1.622729063242239,1.6183127010283882,0.9321148879003609,0.0021287588795225014,5338500.071247678,106770.00137797782,0.0026804525450138134,0.0026738330417949052,1181.8176289077608,1175.9877283379278,13430623.95197073,268612.4789212328,34.49241501837462,0.689848300063979,13364370.749855977,267287.4148795207,34.32226410417953,0.6864452817815744,"[0.878,1.302]",0.991,"[0.650,1.050]",0.8,0.002,0.0,400,0.801,0.12,-0.005397477470999945,13,1.614602522529,0.005,0.0,160,0.8025,0.1,0.17418352252900005,14,1.6241835225290002,0.8042141209224596,0.8101681730025713,0.8960652000124996,0.9327514727529221,0.6731498254958411,0.8226962195437789,0.9315060119004294,0.9318712355895806
26,56,3.595,16.02,0.825,11295.84291,225.9168583,Day:1993md,1.088896162,0.029125759,0.0089,3.6039000000000003,2.7700000000000005,2.7789000000000006,1.0,0.0,0.0,11295.84291,225.9168583,0.27960174616949157,0.01941728910557404,0.980582710894426,0.019801786111303964,0.00959593957164806,0.8154040604283519,4.433234524286382,1.0049574501751584,0.7734411100266886,0.7778471034081573,1.4584721034081571,1.2076721837519306,1.6550655625023114,1.6506595691208428,0.9308758191566846,0.002182237674240249,5176266.10673041,103525.32218043273,0.002680452545013814,0.0026738330417949057,1226.984498808186,1220.9317902905536,13859824.151542349,277196.4831535455,35.59468334652785,0.7118936672456704,13791453.706947157,275829.0742610363,35.41909494807358,0.7083818992750303,"[0.878,1.302]",0.991,"[0.650,1.050]",0.8,0.002,0.0,407,0.8150000000000001,0.12,-0.005397477470999945,13,1.614602522529,0.005,0.0,163,0.8175,0.1,0.17418352252900005,14,1.6241835225290002,0.8179997642203176,0.8251681730025713,0.8894592242777161,0.9316961556681639,0.6731498254958411,0.8226962195437789,0.9315060119004294,0.9318712355895806
26,56,3.595,16.02,0.84,11212.35901,224.2471802,Day:1993md,1.061328841,0.028539935,0.0089,3.6039000000000003,2.7550000000000003,2.7639000000000005,1.0,0.0,0.0,11212.35901,224.2471802,0.27960174616949157,0.01941728910557404,0.980582710894426,0.019801786111303964,0.00959593957164806,0.8304040604283519,4.433234524286382,1.0049574501751584,0.7692528007666163,0.7736484253157027,1.4792484253157026,1.216243571541368,1.6874020617623837,1.6830064372132973,0.9296067375845349,0.0022328805728222523,5021477.255197811,100429.54510395623,0.002680452545013814,0.0026738330417949057,1274.1887123725144,1267.9031457007761,14286661.289610261,285733.2257922052,36.69088288008217,0.7338176576016433,14216185.25950544,284323.7051901088,36.509886934702706,0.7301977386940541,"[0.878,1.302]",0.991,"[0.650,1.050]",0.8,0.002,0.0,415,0.8310000000000001,0.12,-0.005397477470999945,14,1.734602522529,0.005,0.0,166,0.8325,0.1,0.17418352252900005,15,1.724183522529,0.833750394222065,0.8401681730025713,0.8806331657972981,0.9306239302141136,0.709963488653555,0.8759856139950739,0.9247593299919373,0.9279959902074905
26,56,3.595,16.02,0.855,11127.40172,222.5480344,Day:1993md,1.042471575,0.028488232,0.0089,3.6039000000000003,2.74,2.7489000000000003,1.0,0.0,0.0,11127.40172,222.5480344,0.27960174616949157,0.01941728910557404,0.980582710894426,0.019801786111303964,0.00959593957164806,0.8454040604283519,4.433234524286382,1.0049574501751584,0.7650644915065439,0.7694497472232479,1.5004747472232478,1.224938670800807,1.7197385610224563,1.7153533053057521,0.9283073583320961,0.002280765511895851,4878801.289287525,97576.0257857505,0.002680452545013814,0.0026738330417949057,1323.5129744085916,1316.9840913940295,14727260.547876477,294545.21095752955,37.822426174515364,0.7564485234903073,14654611.04379056,293092.22087581124,37.635848331611584,0.7527169666322318,"[0.878,1.302]",0.991,"[0.650,1.050]",0.8,0.002,0.0,422,0.845,0.12,-0.005397477470999945,14,1.734602522529,0.005,0.0,169,0.8475,0.1,0.17418352252900005,15,1.724183522529,0.8475283565665137,0.8551681730025713,0.871497543100318,0.9295349213070687,0.709963488653555,0.8759856139950739,0.9247593299919373,0.9279959902074905
26,56,3.595,16.02,0.87,10917.70801,218.3541601,Day:1993md,1.108291227,0.021891042,0.0089,3.6039000000000003,2.725,2.7339,1.0,0.0,0.0,10917.70801,218.3541601,0.27960174616949157,0.01941728910557404,0.980582710894426,0.019801786111303964,0.00959593957164806,0.8604040604283519,4.433234524286382,1.0049574501751584,0.7608761822464716,0.7652510691307932,1.5221510691307931,1.2337548658995405,1.7520750602825286,1.747700173398207,0.9269773958248579,0.0023259710189639238,4693828.049011189,93876.56093723097,0.0026804525450138134,0.0026738330417949052,1375.0431264376361,1368.2600454357287,15012319.355603624,300246.38697456813,38.554511797337454,0.7710902355936116,14938263.657816619,298765.27301950636,38.36432257964516,0.7672864512415078,"[0.878,1.302]",0.991,"[0.650,1.050]",0.8,0.002,0.0,430,0.861,0.12,-0.005397477470999945,14,1.734602522529,0.005,0.0,172,0.8625,0.1,0.17418352252900005,15,1.724183522529,0.8632702156690826,0.8701681730025713,0.8589468582232749,0.9284292553672412,0.709963488653555,0.8759856139950739,0.9247593299919373,0.9279959902074905
26,56,3.595,16.02,0.885,10826.08093,216.5216186,Day:1993md,1.136145211,0.022353426,0.0089,3.6039000000000003,2.71,2.7189,1.0,0.0,0.0,10826.08093,216.5216186,0.27960174616949157,0.01941728910557404,0.980582710894426,0.019801786111303964,0.00959593957164806,0.875404060428352,4.433234524286382,1.0049574501751584,0.7566878729863992,0.7610523910383384,1.5442773910383385,1.2426895795162758,1.7844115595426011,1.7800470414906617,0.9256165638127579,0.002368575942968664,4570713.0320808245,91414.26064161649,0.002680452545013814,0.0026738330417949057,1428.8682492533915,1421.819649184498,15469043.304724628,309380.86609449255,39.72746638665876,0.7945493277331752,15392734.589935584,307854.6917987117,39.53149098972746,0.7906298197945493,"[0.878,1.302]",0.991,"[0.650,1.050]",0.8,0.002,0.0,437,0.875,0.12,-0.005397477470999945,14,1.734602522529,0.005,0.0,175,0.8775000000000001,0.1,0.17418352252900005,16,1.8241835225290002,0.8770405098846297,0.8851681730025713,0.8455210506811169,0.9273070602838627,0.709963488653555,0.9292750084463691,0.9247593299919373,0.9239127762183988
26,56,3.595,16.02,0.9,10734.03401,214.6806803,Day:1993md,1.155204091,0.022358789,0.0089,3.6039000000000003,2.6950000000000003,2.7039000000000004,1.0,0.0,0.0,10734.03401,214.6806803,0.27960174616949157,0.01941728910557404,0.980582710894426,0.019801786111303964,0.00959593957164806,0.890404060428352,4.433234524286382,1.0049574501751584,0.7524995637263271,0.7568537129458839,1.566853712945884,1.2517402737572536,1.816748058802673,1.8123939095831163,0.9242245754186993,0.0024086592056031626,4456435.341716199,89128.70687584087,0.0026804525450138126,0.002673833041794904,1485.080768849138,1477.7548726966468,15940907.480423594,318818.14975698,40.93930397802575,0.8187860799419122,15862271.061969025,317245.421387156,40.73735059219697,0.8147470122234551,"[0.878,1.302]",0.991,"[0.650,1.050]",0.8,0.002,0.0,445,0.891,0.12,-0.005397477470999945,15,1.854602522529,0.005,0.0,178,0.8925000000000001,0.1,0.17418352252900005,16,1.8241835225290002,0.8927736127242056,0.9001681730025713,0.8263123189253612,0.9261684653800828,0.745972683541745,0.9292750084463691,0.9162670756909838,0.9239127762183988
26,56,3.595,16.02,0.915,10642.21918,212.8443836,Day:1993md,1.155773978,0.031384432,0.0089,3.6039000000000003,2.68,2.6889000000000003,1.0,0.0,0.0,10642.21918,212.8443836,0.27960174616949157,0.01941728910557404,0.980582710894426,0.019801786111303964,0.00959593957164806,0.905404060428352,4.433234524286382,1.0049574501751584,0.7483112544662547,0.7526550348534291,1.5898800348534292,1.260904451119683,1.8490845580627455,1.844740777675571,0.9228011431884633,0.0024462995728689045,4350333.5805758685,87006.67161151738,0.002680452545013813,0.002673833041794905,1543.7765658353424,1536.1611236040599,16429208.578567414,328584.17157134827,42.1933547348138,0.8438670946962761,16348163.373189477,326963.2674637895,41.985215122749466,0.8397043024549892,"[0.878,1.302]",0.991,"[0.650,1.050]",0.8,0.002,0.0,452,0.905,0.12,-0.005397477470999945,15,1.854602522529,0.005,0.0,181,0.9075,0.1,0.17418352252900005,16,1.8241835225290002,0.9065362515997322,0.9151681730025713,0.8047170090372511,0.9250136013776762,0.745972683541745,0.9292750084463691,0.9162670756909838,0.9239127762183988
26,56,3.595,16.02,0.93,10552.39645,211.047929,Day:1993md,1.269853731,0.032504465,0.0089,3.6039000000000003,2.665,2.6739,1.0,0.0,0.0,10552.39645,211.047929,0.27960174616949157,0.01941728910557404,0.980582710894426,0.019801786111303964,0.00959593957164806,0.920404060428352,4.433234524286382,1.0049574501751584,0.7441229452061824,0.7484563567609744,1.6133563567609746,1.2701796553090332,1.8814210573228178,1.8770876457680257,0.9213459791420335,0.0024815754462736072,4252297.251669591,85045.94503339184,0.0026804525450138126,0.002673833041794904,1605.05508847596,1597.1373595928942,16937177.617688157,338743.55235376314,43.49791653153262,0.8699583306306523,16853626.60353043,337072.53207060863,43.28334152252035,0.8656668304504072,"[0.878,1.302]",0.991,"[0.650,1.050]",0.8,0.002,0.0,460,0.921,0.12,-0.005397477470999945,15,1.854602522529,0.005,0.0,184,0.9225,0.1,0.17418352252900005,17,1.924183522529,0.9222606127718507,0.9301681730025713,0.771763086817624,0.9238426003615732,0.745972683541745,0.9825644028976641,0.9162670756909838,0.9196274934115718
26,56,3.595,16.02,0.945,10466.44277,209.3288554,Day:1993md,1.242064786,0.032675858,0.0089,3.6039000000000003,2.6500000000000004,2.6589000000000005,1.0,0.0,0.0,10466.44277,209.3288554,0.27960174616949157,0.01941728910557404,0.980582710894426,0.019801786111303964,0.00959593957164806,0.9354040604283519,4.433234524286382,1.0049574501751584,0.7399346359461101,0.7442576786685198,1.6372826786685197,1.279563471918654,1.9137575565828902,1.9094345138604805,0.9198587948263486,0.002514564672978849,4162327.929947832,83246.55859895665,0.0026804525450138134,0.0026738330417949052,1669.0194694769536,1660.7862046159796,17468696.759296298,349373.935185926,44.86295950259042,0.8972591900518084,17382523.76381866,347650.4752763732,44.64165074329372,0.8928330148658744,"[0.878,1.302]",0.991,"[0.650,1.050]",0.8,0.002,0.0,467,0.935,0.12,-0.005397477470999945,15,1.854602522529,0.005,0.0,187,0.9375,0.1,0.17418352252900005,17,1.924183522529,0.9360156090606893,0.9451681730025713,0.7314877625199856,0.9226555957442358,0.745972683541745,0.9825644028976641,0.9162670756909838,0.9196274934115718
26,56,3.595,16.02,0.96,10381.19921,207.6239842,Day:1993md,1.155935818,0.031788235,0.0089,3.6039000000000003,2.6350000000000002,2.6439000000000004,1.0,0.0,0.0,10381.19921,207.6239842,0.27960174616949157,0.01941728910557404,0.980582710894426,0.019801786111303964,0.00959593957164806,0.9504040604283519,4.433234524286382,1.0049574501751584,0.7357463266860378,0.740059000576065,1.661659000576065,1.289053528980106,1.946094055842962,1.9417813819529348,0.9183393013694979,0.0025453443741389587,4078504.785236285,81570.0957047257,0.0026804525450138126,0.002673833041794904,1735.7766466663693,1727.2140689775804,18019443.153109364,360388.8630621872,46.27738174039614,0.9255476348079226,17930553.328370944,358611.06656741886,46.049095643134194,0.9209819128626838,"[0.878,1.302]",0.991,"[0.650,1.050]",0.8,0.002,0.0,475,0.9510000000000001,0.12,-0.005397477470999945,16,1.974602522529,0.005,0.0,190,0.9525,0.1,0.17418352252900005,17,1.924183522529,0.9517312431203919,0.9601681730025713,0.6623280735133427,0.9214527222298887,0.7812279515929325,0.9825644028976641,0.905288745315263,0.9196274934115718
26,56,3.595,16.02,0.975,10304.2976,206.0859521,Day:1993md,1.251904836,0.025038097,0.0089,3.6039000000000003,2.62,2.6289000000000002,1.0,0.0,0.0,10304.2976,206.0859521,0.27960174616949157,0.01941728910557404,0.980582710894426,0.019801786111303964,0.00959593957164806,0.9654040604283519,4.433234524286382,1.0049574501751584,0.7315580174259654,0.7358603224836103,1.6864853224836103,1.2986474973924256,1.978430555103035,1.97412825004539,0.9167872095363797,0.0025739907906205633,4003237.9437984456,80064.75891481909,0.0026804525450138134,0.0026738330417949052,1805.437487711407,1796.5312734352378,18603765.17157468,372075.3036120373,47.77803261390396,0.9555606527417502,18511992.889183667,370239.8579633264,47.54234381323958,0.9508468767261751,"[0.878,1.302]",0.991,"[0.650,1.050]",0.8,0.002,0.0,482,0.965,0.12,-0.005397477470999945,16,1.974602522529,0.005,0.0,193,0.9675,0.1,0.17418352252900005,17,1.924183522529,0.9654786095405399,0.9751681730025713,0.562133510427782,0.9202341157786299,0.7812279515929325,0.9825644028976641,0.905288745315263,0.9196274934115718
26,56,3.595,16.02,0.99,10231.70819,204.6341637,Day:1993md,1.260786544,0.024824789,0.0089,3.6039000000000003,2.6050000000000004,2.6139000000000006,1.0,0.0,0.0,10231.70819,204.6341637,0.27960174616949157,0.01941728910557404,0.980582710894426,0.019801786111303964,0.00959593957164806,0.9804040604283519,4.433234524286382,1.0049574501751584,0.7273697081658931,0.7316616443911557,1.7117616443911556,1.3083430912383631,2.010767054363107,2.0064751181378444,0.915202229785832,0.0026005791452537986,3934396.0012420444,78687.91998638792,0.0026804525450138134,0.0026738330417949052,1878.116919024356,1868.8521774698133,19216344.26215907,384326.8850553697,49.35125306141079,0.9870250607458794,19121550.130117223,382431.0024154592,49.107803571991184,0.9821560709598666,"[1.302,1.770]",1.619,"[0.650,1.050]",0.8,0.002,0.0,490,0.981,0.12,-1.6444774774709998,30,2.015522522529,0.005,0.0,196,0.9825,0.1,0.17418352252900005,18,2.0241835225290004,0.9966041678045698,0.9901681730025713,0.9400563415138634,0.9189999135704298,1.215022967239292,1.0358537973489594,0.9168668408720643,0.9151462476469798
26,56,3.595,16.02,1.005,10164.57155,203.291431,Day:1993md,1.229761623,0.035023611,0.0089,3.6039000000000003,2.5900000000000003,2.5989000000000004,1.0,0.0,0.0,10164.57155,203.291431,0.27960174616949157,0.01941728910557404,0.980582710894426,0.019801786111303964,0.00959593957164806,0.9954040604283518,4.433234524286382,1.0049574501751584,0.7231813989058208,0.727462966298701,1.7374879662987008,1.3181380679954209,2.043103553623179,2.0388219862302988,0.9135840723292574,0.0026251835207410142,3871947.0352041647,77438.94070408329,0.0026804525450138134,0.0026738330417949052,1953.9340590159659,1944.2953118815192,19860902.54684971,397218.05093699414,51.00660220517257,1.0201320441034514,19762928.811949268,395258.5762389853,50.75498688654172,1.0150997377308342,"[1.302,1.770]",1.619,"[0.650,1.050]",0.8,0.002,0.0,497,0.995,0.12,-1.6444774774709998,30,2.015522522529,0.005,0.0,199,0.9975,0.1,0.17418352252900005,18,2.0241835225290004,1.0103399329830367,1.0051681730025714,0.9390866903616403,0.9177502539690419,1.215022967239292,1.0358537973489594,0.9168668408720643,0.9151462476469798
26,56,3.595,16.02,1.02,10101.3649,202.027298,Day:1993md,1.3067541,0.0370247,0.0089,3.6039000000000003,2.575,2.5839000000000003,1.0,0.0,0.0,10101.3649,202.027298,0.27960174616949157,0.01941728910557404,0.980582710894426,0.019801786111303964,0.00959593957164806,1.010404060428352,4.433234524286382,1.0049574501751584,0.7189930896457484,0.7232642882062462,1.7636642882062463,1.3280302286492753,2.0754400528832515,2.0711688543227535,0.9119324471907512,0.0026478767523341806,3814892.400522552,76297.84801045104,0.002680452545013814,0.0026738330417949057,2033.0123558619598,2022.9835158768337,20536199.65277031,410723.9930554062,52.740894530042766,1.0548178906008552,20434894.68055684,408697.8936111368,52.48072395587528,1.0496144791175055,"[1.302,1.770]",1.619,"[0.650,1.050]",0.8,0.002,0.0,505,1.0110000000000001,0.12,-1.6444774774709998,30,2.015522522529,0.005,0.0,202,1.0125,0.1,0.17418352252900005,18,2.0241835225290004,1.0260336068946643,1.0201681730025713,0.9379225643955117,0.9164852764858362,1.215022967239292,1.0358537973489594,0.9168668408720643,0.9151462476469798
26,56,3.595,16.02,1.035,10044.33372,200.8866744,Day:1993md,1.244482745,0.035841103,0.0089,3.6039000000000003,2.5600000000000005,2.5689000000000006,1.0,0.0,0.0,10044.33372,200.8866744,0.27960174616949157,0.01941728910557404,0.980582710894426,0.019801786111303964,0.00959593957164806,1.0254040604283519,4.433234524286382,1.0049574501751584,0.7148047803856762,0.7190656101137917,1.7902906101137916,1.3380174177168964,2.107776552143324,2.1035157224152083,0.9102470642687501,0.0026687303343880153,3763712.500500106,75274.25001000211,0.0026804525450138134,0.0026738330417949052,2115.4797299558068,2105.0440788185515,21248584.385571606,424971.6877114321,54.57043498508102,1.0914086997016204,21143765.222963516,422875.3044592703,54.30123929681769,1.0860247859363539,"[1.302,1.770]",1.619,"[0.650,1.050]",0.8,0.002,0.0,512,1.025,0.12,-1.6444774774709998,31,2.135522522529,0.005,0.0,205,1.0275,0.1,0.17418352252900005,19,2.124183522529,1.0397617741444307,1.0351681730025715,0.9368516178311985,0.9152051217435753,1.2427092380131848,1.0891431918002543,0.9120755223265951,0.9104753304934536
26,56,3.595,16.02,1.05,9990.977758,199.8195552,Day:1993md,1.351219103,0.03623269,0.0089,3.6039000000000003,2.545,2.5539,1.0,0.0,0.0,9990.977758,199.8195552,0.27960174616949157,0.01941728910557404,0.980582710894426,0.019801786111303964,0.00959593957164806,1.040404060428352,4.433234524286382,1.0049574501751584,0.7106164711256037,0.7148669320213367,1.8173669320213368,1.3480975231864114,2.140113051403396,2.135862590507663,0.9085276333992145,0.0026878143398997305,3717138.3490619804,74342.76699612159,0.002680452545013813,0.002673833041794905,2201.468721228794,2190.608886819129,21994825.028729584,439896.5006626504,56.48692390320063,1.1297384782901643,21886324.66468706,437726.4933813655,56.208274184499345,1.1241654839150228,"[1.302,1.770]",1.619,"[0.650,1.050]",0.8,0.002,0.0,520,1.041,0.12,-1.6444774774709998,31,2.135522522529,0.005,0.0,208,1.0425,0.1,0.17418352252900005,19,2.124183522529,1.0554467719106455,1.0501681730025714,0.9355634326919451,0.9139099314401463,1.2427092380131848,1.0891431918002543,0.9120755223265951,0.9104753304934536
26,56,3.595,16.02,1.065,9942.854501,198.85709,Day:1993md,1.317529086,0.03670978,0.0089,3.6039000000000003,2.5300000000000002,2.5389000000000004,1.0,0.0,0.0,9942.854501,198.85709,0.27960174616949157,0.01941728910557404,0.980582710894426,0.019801786111303964,0.00959593957164806,1.0554040604283519,4.433234524286382,1.0049574501751584,0.7064281618655315,0.7106682539288821,1.8448932539288818,1.3582684763804547,2.1724495506634685,2.168209458600118,0.906773864420356,0.002705197352157706,3675463.6378264343,73509.2727491355,0.0026804525450138134,0.0026738330417949052,2291.1166415266266,2279.814574365609,22780239.41151902,455604.7881845581,58.504018488638614,1.1700803696550919,22667864.602176495,453357.29199793364,58.21541845223566,1.1643083689276132,"[1.302,1.770]",1.619,"[0.650,1.050]",0.8,0.002,0.0,527,1.055,0.12,-1.6444774774709998,31,2.135522522529,0.005,0.0,211,1.0575,0.1,0.17418352252900005,19,2.124183522529,1.0691673538261455,1.0651681730025715,0.9343759703980082,0.9125998483122663,1.2427092380131848,1.0891431918002543,0.9120755223265951,0.9104753304934536
26,56,3.595,16.02,1.08,9898.72003,197.9744006,Day:1993md,1.343608058,0.028690578,0.0089,3.6039000000000003,2.515,2.5239000000000003,1.0,0.0,0.0,9898.72003,197.9744006,0.27960174616949157,0.01941728910557404,0.980582710894426,0.019801786111303964,0.00959593957164806,1.070404060428352,4.433234524286382,1.0049574501751584,0.7022398526054591,0.7064695758364274,1.8728695758364275,1.368528251749458,2.204786049923541,2.200556326692573,0.9049854672389256,0.0027209464076389652,3637969.495543785,72759.38991087569,0.002680452545013814,0.0026738330417949057,2384.565732240593,2372.8026811731947,23604148.57658158,472082.97153163154,60.61997504884074,1.2123995009768147,23487709.427366808,469754.18854733615,60.32093700909926,1.2064187401819852,"[1.302,1.770]",1.619,"[0.650,1.050]",0.8,0.002,0.0,535,1.071,0.12,-1.6444774774709998,32,2.255522522529,0.005,0.0,214,1.0725,0.1,0.17418352252900005,20,2.2241835225290005,1.0848436898207154,1.0801681730025714,0.9329445695179891,0.9112750160991766,1.2700484264524534,1.1424325862515499,0.9066434870050771,0.9056211987311185
26,56,3.595,16.02,1.095,9858.653145,197.1730629,Day:1993md,1.298351794,0.028097144,0.0089,3.6039000000000003,2.5,2.5089,1.0,0.0,0.0,9858.653145,197.1730629,0.27960174616949157,0.01941728910557404,0.980582710894426,0.019801786111303964,0.00959593957164806,1.085404060428352,4.433234524286382,1.0049574501751584,0.6980515433453868,0.7022708977439728,1.9012958977439727,1.378874866601017,2.237122549183613,2.232903194785027,0.9031621518980715,0.0027351269493178366,3604459.071802437,72089.18143604873,0.0026804525450138134,0.0026738330417949052,2481.963327400419,2469.719814473565,24468815.563450806,489376.3112690161,62.840605502826804,1.2568121100565361,24348111.016228627,486962.2203245725,62.53061310394191,1.250612262078838,"[1.302,1.770]",1.619,"[0.650,1.050]",0.8,0.002,0.0,542,1.085,0.12,-1.6444774774709998,32,2.255522522529,0.005,0.0,217,1.0875000000000001,0.1,0.17418352252900005,20,2.2241835225290005,1.0985566989616231,1.0951681730025715,0.9316220933750875,0.9099355795063422,1.2700484264524534,1.1424325862515499,0.9066434870050771,0.9056211987311185
26,56,3.595,16.02,1.11,9822.336495,196.4467299,Day:1993md,1.384599276,0.043166919,0.0089,3.6039000000000003,2.4850000000000003,2.4939000000000004,1.0,0.0,0.0,9822.336495,196.4467299,0.27960174616949157,0.01941728910557404,0.980582710894426,0.019801786111303964,0.00959593957164806,1.100404060428352,4.433234524286382,1.0049574501751584,0.6938632340853145,0.6980722196515181,1.9301722196515183,1.3893063807711812,2.269459048443686,2.2652500628774823,0.9013036286467799,0.002747802789575158,3574614.7912305766,71492.29582461154,0.002680452545013814,0.0026738330417949057,2583.462022445721,2570.7178169537806,25375633.306515113,507512.66613030224,65.16948717293047,1.3033897434586095,25250455.431811847,505009.108636237,64.84800641218372,1.2969601282436745,"[1.302,1.770]",1.619,"[0.650,1.050]",0.8,0.002,0.0,550,1.101,0.12,-1.6444774774709998,32,2.255522522529,0.005,0.0,220,1.1025,0.1,0.17418352252900005,20,2.2241835225290005,1.1142243875186608,1.1101681730025714,0.9300240825219199,0.9085816841691682,1.2700484264524534,1.1424325862515499,0.9066434870050771,0.9056211987311185
26,56,3.595,16.02,1.125,9789.882897,195.7976579,Day:1993md,1.307472228,0.042390701,0.0089,3.6039000000000003,2.47,2.4789000000000003,1.0,0.0,0.0,9789.882897,195.7976579,0.27960174616949157,0.01941728910557404,0.980582710894426,0.019801786111303964,0.00959593957164806,1.115404060428352,4.433234524286382,1.0049574501751584,0.6896749248252422,0.6938735415590633,1.9594985415590633,1.3998208962431813,2.3017955477037577,2.2975969309699367,0.8994096080109091,0.002759036081927329,3548298.248481499,70965.96495513216,0.002680452545013813,0.002673833041794905,2689.219848903062,2675.953940571659,26327147.40504901,526542.9479934114,67.61315764571219,1.3522631526379867,26197275.71596224,523945.51421220665,67.27962227050268,1.3455924451351593,"[1.302,1.770]",1.619,"[0.650,1.050]",0.8,0.002,0.0,557,1.115,0.12,-1.6444774774709998,32,2.255522522529,0.005,0.0,223,1.1175,0.1,0.17418352252900005,21,2.324183522529,1.1279298364100327,1.1251681730025713,0.9285438884221651,0.9072134766167552,1.2700484264524534,1.1957219807028447,0.9066434870050771,0.9005904538316636
26,56,3.595,16.02,1.14,9759.871971,195.1974394,Day:1993md,1.37296883,0.044160415,0.0089,3.6039000000000003,2.455,2.4639,1.0,0.0,0.0,9759.871971,195.1974394,0.27960174616949157,0.01941728910557404,0.980582710894426,0.019801786111303964,0.00959593957164806,1.1304040604283518,4.433234524286382,1.0049574501751584,0.6854866155651698,0.6896748634666087,1.9892748634666084,1.4104165567188327,2.3341320469638305,2.3299437990623915,0.8974798008658261,0.0027688873008273724,3524835.397989528,70496.70795256743,0.002680452545013814,0.0026738330417949057,2799.4004552065016,2785.5910264843374,27321790.038374577,546435.8007115035,70.1675904573464,1.40335180900314,27187011.782053605,543740.2355853602,69.82145407759961,1.3964290814089133,"[1.302,1.770]",1.619,"[0.650,1.050]",0.8,0.002,0.0,565,1.131,0.12,-1.6444774774709998,33,2.3755225225289998,0.005,0.0,226,1.1325,0.1,0.17418352252900005,21,2.324183522529,1.143588891824166,1.1401681730025715,0.9267504004909474,0.9058311042357005,1.2970532675790754,1.1957219807028447,0.9004361862679874,0.9005904538316636
26,56,3.595,16.02,1.155,9732.839264,194.6567853,Day:1993md,1.274037274,0.042741896,0.0089,3.6039000000000003,2.4400000000000004,2.4489000000000005,1.0,0.0,0.0,9732.839264,194.6567853,0.27960174616949157,0.01941728910557404,0.980582710894426,0.019801786111303964,0.00959593957164806,1.145404060428352,4.433234524286382,1.0049574501751584,0.6812983063050977,0.685476185374154,2.0195011853741542,1.4210915471475278,2.3664685462239023,2.362290667154846,0.8955139185106554,0.0027774152288244608,3504279.505272036,70085.59011264166,0.0026804525450138126,0.002673833041794904,2914.1732939107847,2899.7976913379375,28363180.257075097,567263.6051997854,72.84208002298,1.456841600609283,28223264.82791043,564465.2966162045,72.48275039931694,1.4496550081352835,"[1.302,1.770]",1.619,"[0.650,1.050]",0.8,0.002,0.0,572,1.145,0.12,-1.6444774774709998,33,2.3755225225289998,0.005,0.0,229,1.1475,0.1,0.17418352252900005,21,2.324183522529,1.157286792956576,1.1551681730025714,0.925084315586304,0.9044347152339665,1.2970532675790754,1.1957219807028447,0.9004361862679874,0.9005904538316636
26,56,3.595,16.02,1.17,9707.166955,194.1433391,Day:1993md,1.359820024,0.031317067,0.0089,3.6039000000000003,2.4250000000000003,2.4339000000000004,1.0,0.0,0.0,9707.166955,194.1433391,0.27960174616949157,0.01941728910557404,0.980582710894426,0.019801786111303964,0.00959593957164806,1.1604040604283519,4.433234524286382,1.0049574501751584,0.6771099970450252,0.6812775072816992,2.050177507281699,1.431844093217449,2.398805045483975,2.394637535247301,0.8935116727441492,0.0027846769504044273,3485922.1115721157,69718.4422314423,0.002680452545013814,0.0026738330417949057,3033.7138155583907,3018.748520178274,29448766.501315378,588975.3300263075,75.63007344819088,1.5126014689638176,29303495.88052969,586069.9176105937,75.25699066662871,1.505139813332574,"[1.302,1.770]",1.619,"[0.650,1.050]",0.8,0.002,0.0,580,1.161,0.12,-1.6444774774709998,33,2.3755225225289998,0.005,0.0,232,1.1625,0.1,0.17418352252900005,22,2.424183522529,1.1729372294830753,1.1701681730025715,0.9230593163457123,0.9030244586048283,1.2970532675790754,1.2490113751541396,0.9004361862679874,0.8953898215257039
26,56,3.595,16.02,1.185,9688.062189,193.7612438,Day:1993md,1.331535631,0.029520867,0.0089,3.6039000000000003,2.41,2.4189000000000003,1.0,0.0,0.0,9688.062189,193.7612438,0.27960174616949157,0.01941728910557404,0.980582710894426,0.019801786111303964,0.00959593957164806,1.175404060428352,4.433234524286382,1.0049574501751584,0.672921687784953,0.6770788291892446,2.0813038291892445,1.4426724608133492,2.431141544744047,2.4269844033397554,0.8914727759421859,0.0027907278518700474,3471518.0781630487,69430.36157042756,0.002680452545013813,0.002673833041794905,3158.2036694743056,3142.624266255102,30596873.555395074,611937.4711710655,78.57863228927359,1.571572645947689,30445939.328139924,608918.786625651,78.19100428140294,1.563820085789476,"[1.302,1.770]",1.619,"[0.650,1.050]",0.8,0.002,0.0,587,1.175,0.12,-1.6444774774709998,33,2.3755225225289998,0.005,0.0,235,1.1775,0.1,0.17418352252900005,22,2.424183522529,1.1866275953127285,1.1851681730025714,0.9211719521109626,0.9016004840909138,1.2970532675790754,1.2490113751541396,0.9004361862679874,0.8953898215257039
26,56,3.595,16.02,1.2,9669.329986,193.3865997,Day:1993md,1.416851015,0.040540555,0.0089,3.6039000000000003,2.3950000000000005,2.4039000000000006,1.0,0.0,0.0,9669.329986,193.3865997,0.27960174616949157,0.01941728910557404,0.980582710894426,0.019801786111303964,0.00959593957164806,1.190404060428352,4.433234524286382,1.0049574501751584,0.6687333785248807,0.67288015109679,2.11288015109679,1.4535749554449504,2.4634780440041193,2.45933127143221,0.8893969411369037,0.0027956216266568695,3458740.586995323,69174.81173275241,0.0026804525450138134,0.0026738330417949052,3287.8309117757276,3271.612058005717,31791122.024130765,635822.4404168586,81.64569112183405,1.6329138222678052,31634296.57503385,632685.9314352447,81.24293332777788,1.6248586663875149,"[1.302,1.770]",1.619,"[0.650,1.050]",0.8,0.002,0.0,595,1.191,0.12,-1.6444774774709998,34,2.495522522529,0.005,0.0,238,1.1925000000000001,0.1,0.17418352252900005,22,2.424183522529,1.2022694271677068,1.2001681730025715,0.9188698748149143,0.9001629421483522,1.3237357361743323,1.2490113751541396,0.8932783093426618,0.8953898215257039
26,56,3.595,16.02,1.215,9652.257809,193.0451562,Day:1993md,1.315754329,0.037918589,0.0089,3.6039000000000003,2.38,2.3889,1.0,0.0,0.0,9652.257809,193.0451562,0.27960174616949157,0.01941728910557404,0.980582710894426,0.019801786111303964,0.00959593957164806,1.205404060428352,4.433234524286382,1.0049574501751584,0.6645450692648083,0.668681473004335,2.144906473004335,1.4645499216497657,2.495814543264192,2.491678139524665,0.8872838820974763,0.002799410285516955,3447961.1148594315,68959.222304333,0.0026804525450138126,0.002673833041794904,3422.790220898113,3405.9056135178066,33037653.63823265,660753.0728331088,84.84702308681827,1.696940461912173,32874679.05479419,657493.5811640018,84.42847313787257,1.6885694629323917,"[1.302,1.770]",1.619,"[0.650,1.050]",0.8,0.002,0.0,602,1.205,0.12,-1.6444774774709998,34,2.495522522529,0.005,0.0,241,1.2075,0.1,0.17418352252900005,23,2.5241835225290004,1.2159522701165955,1.2151681730025714,0.9167161646370618,0.8987119839110443,1.3237357361743323,1.302300769605435,0.8932783093426618,0.890026131561416
26,56,3.595,16.02,1.23,9637.142973,192.7428595,Day:1993md,1.31781795,0.037563,0.0089,3.6039000000000003,2.365,2.3739000000000003,1.0,0.0,0.0,9637.142973,192.7428595,0.27960174616949157,0.01941728910557404,0.980582710894426,0.019801786111303964,0.00959593957164806,1.220404060428352,4.433234524286382,1.0049574501751584,0.660356760004736,0.6644827949118804,2.1773827949118805,1.475595742373866,2.5281510425242644,2.52402500761712,0.8851333134125344,0.0028021441710392443,3439203.119026466,68784.0623948041,0.002680452545013813,0.002673833041794905,3563.283120953878,3545.705462786328,34339868.88991018,686797.3779407348,88.19136129960306,1.763827226358109,34170470.485018976,683409.4098422078,87.75631374664849,1.7551262752972119,"[1.302,1.770]",1.619,"[0.650,1.050]",0.8,0.002,0.0,610,1.221,0.12,-1.6444774774709998,34,2.495522522529,0.005,0.0,244,1.2225,0.1,0.17418352252900005,23,2.5241835225290004,1.2315855114770997,1.2301681730025713,0.914078541544665,0.8972477611550687,1.3237357361743323,1.302300769605435,0.8932783093426618,0.890026131561416
26,56,3.595,16.02,1.245,9623.798766,192.4759753,Day:1993md,1.444336102,0.039277629,0.0089,3.6039000000000003,2.35,2.3589,1.0,0.0,0.0,9623.798766,192.4759753,0.27960174616949157,0.01941728910557404,0.980582710894426,0.019801786111303964,0.00959593957164806,1.235404060428352,4.433234524286382,1.0049574501751584,0.6561684507446637,0.6602841168194258,2.2103091168194258,1.4867108383338792,2.5604875417843367,2.5563718757095746,0.8829449505742387,0.002803871976010792,3432324.6026704316,68646.49204627564,0.002680452545013813,0.002673833041794905,3709.5182132558834,3691.2191780948892,35699656.8031865,713993.1359895396,91.6835571357328,1.8336711425241208,35523550.57118513,710471.0113498782,91.23128259783822,1.824625651767169,"[1.302,1.770]",1.619,"[0.650,1.050]",0.8,0.002,0.0,617,1.235,0.12,-1.6444774774709998,35,2.615522522529,0.005,0.0,247,1.2375,0.1,0.17418352252900005,23,2.5241835225290004,1.2452608439331172,1.2451681730025714,0.9116001960808644,0.8957704262632347,1.3501071088387828,1.302300769605435,0.8849371093825962,0.890026131561416
26,56,3.595,16.02,1.26,9611.483195,192.2296639,Day:1993md,1.435782565,0.039327957,0.0089,3.6039000000000003,2.335,2.3439,1.0,0.0,0.0,9611.483195,192.2296639,0.27960174616949157,0.01941728910557404,0.980582710894426,0.019801786111303964,0.00959593957164806,1.250404060428352,4.433234524286382,1.0049574501751584,0.6519801414845913,0.6560854387269711,2.2436854387269713,1.497893667363265,2.592824041044409,2.588718743802029,0.8807185100640066,0.0028046407651577576,3426992.6168100056,68539.85233620011,0.002680452545013813,0.002673833041794905,3861.711416354557,3842.6616128687665,37116774.382231474,742335.4876446294,95.32298653536849,1.9064597307073696,36933677.51615975,738673.5503231948,94.85275871008693,1.897055174201738,"[1.302,1.770]",1.619,"[0.650,1.050]",0.8,0.002,0.0,625,1.2510000000000001,0.12,-1.6444774774709998,35,2.615522522529,0.005,0.0,250,1.2525,0.1,0.17418352252900005,24,2.624183522529,1.2608855089373279,1.2601681730025713,0.908550753075622,0.8942801321897998,1.3501071088387828,1.3555901640567298,0.8849371093825962,0.8845062977528534
26,56,3.595,16.02,1.275,9596.325176,191.9265035,Day:1993md,1.365105888,0.027823151,0.0089,3.6039000000000003,2.3200000000000003,2.3289000000000004,1.0,0.0,0.0,9596.325176,191.9265035,0.27960174616949157,0.01941728910557404,0.980582710894426,0.019801786111303964,0.00959593957164806,1.2654040604283519,4.433234524286382,1.0049574501751584,0.647791832224519,0.6518867606345163,2.2775117606345163,1.5091427237456756,2.625160540304481,2.6210656118944833,0.8784537094398945,0.0028044959998385828,3421764.615300693,68435.29229888244,0.002680452545013814,0.0026738330417949057,4020.0862149551963,4000.2551493643023,38578054.5542651,771561.0910049002,99.07583393338605,1.9815166784612337,38387749.2002683,767754.9839253607,98.58709333028747,1.9717418664002808,"[1.302,1.770]",1.619,"[0.650,1.050]",0.8,0.002,0.0,632,1.2650000000000001,0.12,-1.6444774774709998,35,2.615522522529,0.005,0.0,253,1.2675,0.1,0.17418352252900005,24,2.624183522529,1.2745533432544036,1.2751681730025715,0.9056710348728262,0.8927770324253604,1.3501071088387828,1.3555901640567298,0.8849371093825962,0.8845062977528534
26,56,3.595,16.02,1.29,9579.26061,191.5852122,Day:1993md,1.367537698,0.028394676,0.0089,3.6039000000000003,2.305,2.3139000000000003,1.0,0.0,0.0,9579.26061,191.5852122,0.27960174616949157,0.01941728910557404,0.980582710894426,0.019801786111303964,0.00959593957164806,1.280404060428352,4.433234524286382,1.0049574501751584,0.6436035229644467,0.6476880825420617,2.311788082542062,1.5204565375380061,2.6574970395645536,2.6534124799869385,0.8761502674256392,0.0028034815652941076,3416915.8551235413,68338.31710247083,0.0026804525450138134,0.0026738330417949052,4184.873918100746,4164.2299555780655,40087997.88147884,801759.9576295768,102.95365763560054,2.0590731527120107,39890243.98445101,797804.8796890202,102.445787747189,2.04891575494378,"[1.302,1.770]",1.619,"[0.438,0.650]",0.5,0.002,0.0,640,1.281,0.12,-1.6444774774709998,35,2.615522522529,0.005,0.0,256,1.2825,0.1,0.4741835225290001,21,2.624183522529,1.2901694460017552,1.287292608126607,0.9021083641392552,0.8540734433344206,1.3501071088387828,1.1957219807028445,0.8849371093825962,0.8674154823166006
26,56,3.595,16.02,1.305,9561.709187,191.2341837,Day:1993md,1.401423086,0.040473935,0.0089,3.6039000000000003,2.29,2.2989,1.0,0.0,0.0,9561.709187,191.2341837,0.27960174616949157,0.01941728910557404,0.980582710894426,0.019801786111303964,0.00959593957164806,1.2954040604283519,4.433234524286382,1.0049574501751584,0.6394152137043743,0.643489404449607,2.3465144044496067,1.531833673885519,2.6898335388246255,2.685759348079393,0.8738079040013539,0.002801639800090257,3412897.3991203164,68257.94796812897,0.0026804525450138134,0.0026738330417949052,4356.3139270251095,4334.824251778848,41653806.897492036,833076.1377755881,106.97495512803127,2.139499102113111,41448328.87226421,828966.5772718912,106.44724819880298,2.1289449635307536,"[1.302,1.770]",1.619,"[0.438,0.650]",0.5,0.002,0.0,647,1.295,0.12,-1.6444774774709998,36,2.735522522529,0.005,0.0,259,1.2975,0.1,0.4741835225290001,22,2.724183522529,1.303829794500004,1.302292608126607,0.8987241724715342,0.8518350492670853,1.376178019686742,1.2490113751541396,0.875096811978169,0.8597202635222445
26,56,3.595,16.02,1.32,9543.9866,190.879732,Day:1993md,1.383069838,0.038767867,0.0089,3.6039000000000003,2.2750000000000004,2.2839000000000005,1.0,0.0,0.0,9543.9866,190.879732,0.27960174616949157,0.01941728910557404,0.980582710894426,0.019801786111303964,0.00959593957164806,1.310404060428352,4.433234524286382,1.0049574501751584,0.6352269044443021,0.6392907263571523,2.3816907263571525,1.543272732331247,2.7221700380846983,2.718106216171848,0.8714263404958841,0.0027990115274185608,3409770.380189222,68195.40760378444,0.0026804525450138134,0.0026738330417949052,4534.654013103206,4512.284587086589,43278677.136693224,865573.5427338644,111.14793315511014,2.2229586631022027,43065183.634540945,861303.6726908188,110.59964094573128,2.2119928189146254,"[1.302,1.770]",1.619,"[0.438,0.650]",0.5,0.002,0.0,655,1.311,0.12,-1.6444774774709998,36,2.735522522529,0.005,0.0,262,1.3125,0.1,0.4741835225290001,22,2.724183522529,1.3194373490513271,1.317292608126607,0.894510463796011,0.849582629779177,1.376178019686742,1.2490113751541396,0.875096811978169,0.8597202635222445
26,56,3.595,16.02,1.335,9525.515024,190.5103005,Day:1993md,1.396249963,0.038423119,0.0089,3.6039000000000003,2.2600000000000002,2.2689000000000004,1.0,0.0,0.0,9525.515024,190.5103005,0.27960174616949157,0.01941728910557404,0.980582710894426,0.019801786111303964,0.00959593957164806,1.325404060428352,4.433234524286382,1.0049574501751584,0.6310385951842297,0.6350920482646976,2.4173170482646977,1.5547723461216751,2.7545065373447706,2.7504530842643025,0.869005299680814,0.0027956360879476286,3407280.0337160495,68145.600681475,0.002680452545013814,0.0026738330417949057,4720.15060634609,4696.866126544357,44961865.51629239,899237.3104202509,115.47068333789082,2.3094136670002614,44740068.85411496,894801.3771762365,114.9010670230515,2.298021340702279,"[1.302,1.770]",1.619,"[0.438,0.650]",0.5,0.002,0.0,662,1.325,0.12,-1.6444774774709998,36,2.735522522529,0.005,0.0,265,1.3275000000000001,0.1,0.4741835225290001,22,2.724183522529,1.3330902240171412,1.332292608126607,0.8904799638172066,0.8473164999083795,1.376178019686742,1.2490113751541396,0.875096811978169,0.8597202635222445
26,56,3.595,16.02,1.35,9506.657582,190.1331516,Day:1993md,1.346424849,0.038814904,0.0089,3.6039000000000003,2.245,2.2539000000000002,1.0,0.0,0.0,9506.657582,190.1331516,0.27960174616949157,0.01941728910557404,0.980582710894426,0.019801786111303964,0.00959593957164806,1.340404060428352,4.433234524286382,1.0049574501751584,0.6268502859241574,0.6308933701722429,2.4533933701722432,1.5663311815105525,2.786843036604843,2.7827999523567573,0.8665445058661273,0.002791551373945538,3405510.5239075106,68110.21046382126,0.0026804525450138134,0.0026738330417949052,4913.069094913212,4888.832949153113,46706865.562046565,934137.3110444085,119.95217771972136,2.3990435538897192,46476460.823197864,929529.2162684039,119.36045421506591,2.3872090837990996,"[1.302,1.770]",1.619,"[0.438,0.650]",0.5,0.002,0.0,670,1.341,0.12,-1.6444774774709998,36,2.735522522529,0.005,0.0,268,1.3425,0.1,0.4741835225290001,23,2.824183522529,1.3486892443948477,1.347292608126607,0.8854230790862507,0.8450369738368674,1.376178019686742,1.3023007696054347,0.875096811978169,0.8518338275137458
26,56,3.595,16.02,1.365,9486.413732,189.7282746,Day:1993md,1.37038088,0.028883412,0.0089,3.6039000000000003,2.2300000000000004,2.2389000000000006,1.0,0.0,0.0,9486.413732,189.7282746,0.27960174616949157,0.01941728910557404,0.980582710894426,0.019801786111303964,0.00959593957164806,1.355404060428352,4.433234524286382,1.0049574501751584,0.6226619766640851,0.6266946920797883,2.489919692079788,1.5779479370624965,2.819179535864915,2.815146820449212,0.86404368499751,0.0027867938644177423,3404060.075315991,68081.20149196639,0.0026804525450138143,0.002673833041794906,5113.684136138828,5088.458357363828,48510523.41017794,970210.4679990113,124.58431657428048,2.4916863309602926,48271221.23600639,965424.4245165893,123.96974275136338,2.479394854504542,"[1.302,1.770]",1.619,"[0.438,0.650]",0.5,0.002,0.0,677,1.355,0.12,-1.6444774774709998,37,2.855522522529,0.005,0.0,271,1.3575,0.1,0.4741835225290001,23,2.824183522529,1.3623346580810676,1.362292608126607,0.8805456482711581,0.84274436480828,1.401958510455536,1.3023007696054347,0.8633179980299349,0.8518338275137458
26,56,3.595,16.02,1.38,9465.694307,189.3138861,Day:1993md,1.352251571,0.028207123,0.0089,3.6039000000000003,2.2150000000000003,2.2239000000000004,1.0,0.0,0.0,9465.694307,189.3138861,0.27960174616949157,0.01941728910557404,0.980582710894426,0.019801786111303964,0.00959593957164806,1.3704040604283518,4.433234524286382,1.0049574501751584,0.6184736674040128,0.6224960139873336,2.5268960139873333,1.5896213429579176,2.851516035124987,2.8474936885416664,0.8615025647552976,0.0027813986610290774,3403213.8001741287,68064.27598910131,0.0026804525450138134,0.0026738330417949052,5322.279979596257,5296.025198548072,50379075.30312437,1007581.5058495961,129.38311576673502,2.5876623147879547,50130555.571625024,1002611.1112206595,128.74486949092648,2.574897389274481,"[1.302,1.770]",1.619,"[0.438,0.650]",0.5,0.002,0.0,685,1.371,0.12,-1.6444774774709998,37,2.855522522529,0.005,0.0,274,1.3725,0.1,0.4741835225290001,23,2.824183522529,1.3779251582692567,1.377292608126607,0.874369453888307,0.8404389850464411,1.401958510455536,1.3023007696054347,0.8633179980299349,0.8518338275137458
26,56,3.595,16.02,1.395,9444.006648,188.880133,Day:1993md,1.344768219,0.039390061,0.0089,3.6039000000000003,2.2,2.2089000000000003,1.0,0.0,0.0,9444.006648,188.880133,0.27960174616949157,0.01941728910557404,0.980582710894426,0.019801786111303964,0.00959593957164806,1.385404060428352,4.433234524286382,1.0049574501751584,0.6142853581439404,0.6182973358948788,2.564322335894879,1.601350160300638,2.88385253438506,2.8798405566341216,0.8589208746550512,0.0027753995246000986,3402755.7345498814,68055.11470540997,0.0026804525450138143,0.002673833041794906,5539.15080275176,5511.826198996105,52311777.00546216,1046235.5403308092,134.34666395795458,2.686933279728115,52053723.26593979,1041074.4655392687,133.68393252325131,2.6736786510312434,"[1.302,1.770]",1.619,"[0.438,0.650]",0.5,0.002,0.0,692,1.385,0.12,-1.6444774774709998,37,2.855522522529,0.005,0.0,277,1.3875,0.1,0.4741835225290001,24,2.9241835225290003,1.3915631228952563,1.392292608126607,0.8683517419059249,0.838121145675847,1.401958510455536,1.3555901640567298,0.8633179980299349,0.843770367268683
26,56,3.595,16.02,1.41,9420.477013,188.4095403,Day:1993md,1.358742236,0.039169991,0.0089,3.6039000000000003,2.1850000000000005,2.1939000000000006,1.0,0.0,0.0,9420.477013,188.4095403,0.27960174616949157,0.01941728910557404,0.980582710894426,0.019801786111303964,0.00959593957164806,1.4004040604283519,4.433234524286382,1.0049574501751584,0.6100970488838682,0.6140986578024242,2.602198657802424,1.6131331804294473,2.9161890336451317,2.9121874247265755,0.8562983461497616,0.002768828911988895,3402332.6512554786,68046.65303955611,0.002680452545013813,0.002673833041794905,5764.601059789888,5736.164311021477,54305291.77286607,1086105.8356879056,139.4663917493402,2.7893278355789883,54037404.034768805,1080748.0809248227,138.77840472254027,2.775568095040068,"[1.302,1.770]",1.619,"[0.438,0.650]",0.5,0.002,0.0,700,1.401,0.12,-1.6444774774709998,37,2.855522522529,0.005,0.0,280,1.4025,0.1,0.4741835225290001,24,2.9241835225290003,1.4071451168398852,1.407292608126607,0.8606446345042046,0.8357911566439333,1.401958510455536,1.3555901640567298,0.8633179980299349,0.843770367268683
26,56,3.595,16.02,1.425,9397.822697,187.9564539,Day:1993md,1.298173034,0.0376683,0.0089,3.6039000000000003,2.17,2.1789,1.0,0.0,0.0,9397.822697,187.9564539,0.27960174616949157,0.01941728910557404,0.980582710894426,0.019801786111303964,0.00959593957164806,1.415404060428352,4.433234524286382,1.0049574501751584,0.6059087396237957,0.6098999797099693,2.6405249797099692,1.6249692242347142,2.9485255329052045,2.9445342928190312,0.853634712733664,0.002761718013188519,3402890.0315386723,68057.80061628972,0.002680452545013814,0.0026738330417949057,5998.945844223913,5969.353073782707,56377029.41292131,1127540.5880184686,144.78701086171495,2.8957402166180417,56098921.80320183,1121978.4358252627,144.07277724691667,2.881455544325116,"[1.302,1.770]",1.619,"[0.438,0.650]",0.5,0.002,0.0,707,1.415,0.12,-1.6444774774709998,38,2.9755225225290003,0.005,0.0,283,1.4175,0.1,0.4741835225290001,24,2.9241835225290003,1.4207756445917497,1.422292608126607,0.8530400675555281,0.8334493266451413,1.4274580756992221,1.3555901640567298,0.848970552757344,0.843770367268683
26,56,3.595,16.02,1.44,9374.062194,187.4812439,Day:1993md,1.301463522,0.027416076,0.0089,3.6039000000000003,2.1550000000000002,2.1639000000000004,1.0,0.0,0.0,9374.062194,187.4812439,0.27960174616949157,0.01941728910557404,0.980582710894426,0.019801786111303964,0.00959593957164806,1.4304040604283519,4.433234524286382,1.0049574501751584,0.6017204303637235,0.6057013016175147,2.6793013016175147,1.6368571414810502,2.9808620321652763,2.976881160911485,0.8509297100476582,0.002754096788488164,3403679.287228611,68073.58575183414,0.0026804525450138134,0.0026738330417949052,6242.51126593874,6211.7169884662335,58517688.85365542,1170353.7771979587,150.28463436058212,3.005692687532282,58229021.381408855,1164580.4277524115,149.5432809960147,2.9908656202393513,"[1.302,1.770]",1.619,"[0.438,0.650]",0.5,0.002,0.0,715,1.431,0.12,-1.6444774774709998,38,2.9755225225290003,0.005,0.0,286,1.4325,0.1,0.4741835225290001,25,3.0241835225290004,1.4363491462007758,1.437292608126607,0.8431604057830823,0.8310959630467916,1.4274580756992221,1.408879558508025,0.848970552757344,0.8355439535062704
26,56,3.595,16.02,1.455,9349.381593,186.9876319,Day:1993md,1.369074508,0.027702367,0.0089,3.6039000000000003,2.14,2.1489000000000003,1.0,0.0,0.0,9349.381593,186.9876319,0.27960174616949157,0.01941728910557404,0.980582710894426,0.019801786111303964,0.00959593957164806,1.445404060428352,4.433234524286382,1.0049574501751584,0.5975321211036511,0.60150262352506,2.7185276235250604,1.6487958101369193,3.013198531425349,3.0092280290039404,0.8481830759863171,0.002745994005562667,3404734.888007983,68094.69777472633,0.0026804525450138134,0.0026738330417949052,6495.634843349763,6463.591908510764,60730168.839263715,1214603.3770450996,155.96670677630567,3.1193341361933946,60430587.21409428,1208611.7445404292,155.1973237763664,3.1039464761913176,"[1.302,1.770]",1.619,"[0.438,0.650]",0.5,0.002,0.0,722,1.445,0.12,-1.6444774774709998,38,2.9755225225290003,0.005,0.0,289,1.4475,0.1,0.4741835225290001,25,3.0241835225290004,1.4499722492313722,1.452292608126607,0.8332542984617741,0.8287313718167796,1.4274580756992221,1.408879558508025,0.848970552757344,0.8355439535062704
26,56,3.595,16.02,1.47,9324.689963,186.4937993,Day:1993md,1.319078709,0.036891307,0.0089,3.6039000000000003,2.125,2.1339,1.0,0.0,0.0,9324.689963,186.4937993,0.27960174616949157,0.01941728910557404,0.980582710894426,0.019801786111303964,0.00959593957164806,1.460404060428352,4.433234524286382,1.0049574501751584,0.5933438118435788,0.5973039454326052,2.758203945432605,1.660784135711985,3.0455350306854214,3.0415748970963947,0.8453945508064715,0.0027374372763702237,3406357.487527282,68127.14976515784,0.0026804525450138134,0.0026738330417949052,6758.665911399204,6725.325445590962,63022464.18729441,1260449.2840162348,161.85376033180057,3.2370752073303133,62711574.68041055,1254231.493877224,161.05533652553189,3.2211067312015143,"[1.302,1.770]",1.619,"[0.438,0.650]",0.5,0.002,0.0,730,1.461,0.12,-1.6444774774709998,39,3.0955225225290004,0.005,0.0,292,1.4625000000000001,0.1,0.4741835225290001,25,3.0241835225290004,1.4655372723748883,1.4672926081266071,0.8201438966008507,0.8263558574531,1.4526857036435823,1.408879558508025,0.8311176690871811,0.8355439535062704
26,56,3.595,16.02,1.485,9299.544778,185.9908956,Day:1993md,1.333398601,0.03709859,0.0089,3.6039000000000003,2.1100000000000003,2.1189000000000004,1.0,0.0,0.0,9299.544778,185.9908956,0.27960174616949157,0.01941728910557404,0.980582710894426,0.019801786111303964,0.00959593957164806,1.475404060428352,4.433234524286382,1.0049574501751584,0.5891555025835066,0.5931052673401507,2.798330267340151,1.6728210506028882,3.0778715299454937,3.0739217651888495,0.8425638772373535,0.002728453093752362,3408357.944395008,68167.15890256048,0.002680452545013813,0.002673833041794905,7031.966046152371,6997.277392119178,65394083.123569585,1307881.6627526702,167.94453205677587,3.3588906418578945,65071494.43209936,1301429.8889218783,167.1160625034464,3.342321250787742,"[1.302,1.770]",1.619,"[0.438,0.650]",0.5,0.002,0.0,737,1.475,0.12,-1.6444774774709998,39,3.0955225225290004,0.005,0.0,295,1.4775,0.1,0.4741835225290001,25,3.0241835225290004,1.4791529628040294,1.482292608126607,0.8067171853949359,0.8239697229152105,1.4526857036435823,1.408879558508025,0.8311176690871811,0.8355439535062704
26,56,3.595,16.02,1.5,9274.289585,185.4857917,Day:1993md,1.369377124,0.03752309,0.0089,3.6039000000000003,2.095,2.1039000000000003,1.0,0.0,0.0,9274.289585,185.4857917,0.27960174616949157,0.01941728910557404,0.980582710894426,0.019801786111303964,0.00959593957164806,1.490404060428352,4.433234524286382,1.0049574501751584,0.5849671933234342,0.5889065892476959,2.8389065892476957,1.6849055134480675,3.110208029205566,3.106268633281304,0.8396908005922816,0.0027190668676430585,3410835.421285222,68216.70842570443,0.002680452545013813,0.002673833041794905,7315.909506799341,7279.820161066739,67849863.34371161,1356997.2668742323,174.251446080277,3.48502892160554,67515160.30045429,1350303.2060090855,173.3918645509877,3.467837291019753,"[1.302,1.770]",1.619,"[0.438,0.650]",0.5,0.002,0.0,745,1.491,0.12,-1.6444774774709998,39,3.0955225225290004,0.005,0.0,298,1.4925,0.1,0.4741835225290001,26,3.1241835225290004,1.4947095213144195,1.497292608126607,0.7884986832821429,0.8215732695572361,1.4526857036435823,1.46216895295932,0.8311176690871811,0.8271684880016122
26,56,3.595,16.02,1.515,9249.222939,184.9844588,Day:1993md,1.286594569,0.036435493,0.0089,3.6039000000000003,2.08,2.0889,1.0,0.0,0.0,9249.222939,184.9844588,0.27960174616949157,0.01941728910557404,0.980582710894426,0.019801786111303964,0.00959593957164806,1.5054040604283518,4.433234524286382,1.0049574501751584,0.5807788840633619,0.5847079111552412,2.879932911155241,1.6970365084921541,3.1425445284656384,3.1386155013737587,0.836775068881869,0.0027093029608059723,3413875.4774949607,68277.50955728118,0.002680452545013813,0.002673833041794905,7610.883695914012,7573.339243952545,70394760.06630898,1407895.2014783972,180.78722835283847,3.6157445674476936,70047503.05999479,1400950.0613513626,179.89540584163862,3.597908117221768,"[1.302,1.770]",1.619,"[0.438,0.650]",0.5,0.002,0.0,752,1.5050000000000001,0.12,-1.6444774774709998,39,3.0955225225290004,0.005,0.0,301,1.5075,0.1,0.4741835225290001,26,3.1241835225290004,1.5083178112289914,1.512292608126607,0.7692891953009614,0.8191667970630235,1.4526857036435823,1.46216895295932,0.8311176690871811,0.8271684880016122
26,56,3.595,16.02,1.53,9224.429464,184.4885893,Day:1993md,1.34425658,0.038051134,0.0089,3.6039000000000003,2.0650000000000004,2.0739000000000005,1.0,0.0,0.0,9224.429464,184.4885893,0.27960174616949157,0.01941728910557404,0.980582710894426,0.019801786111303964,0.00959593957164806,1.520404060428352,4.433234524286382,1.0049574501751584,0.5765905748032896,0.5805092330627866,2.9214092330627865,1.7092130449603953,3.1748810277257107,3.1709623694662135,0.833816432928733,0.002699184724029495,3417487.2812073613,68349.74563155687,0.0026804525450138134,0.0026738330417949052,7917.289638871261,7878.233687895266,73032479.81982598,1460649.5965548654,187.56139794956246,3.7512279593979114,72672210.95489848,1453444.219255534,186.6361584929507,3.73272317026367,"[1.302,1.770]",1.619,"[0.438,0.650]",0.5,0.002,0.0,760,1.5210000000000001,0.12,-1.6444774774709998,40,3.2155225225289996,0.005,0.0,304,1.5225,0.1,0.4741835225290001,26,3.1241835225290004,1.523865918901059,1.527292608126607,0.7422862929248621,0.8167506033830456,1.477649913200874,1.46216895295932,0.8083034483018526,0.8271684880016122
26,56,3.595,16.02,1.545,9199.974876,183.9994975,Day:1993md,1.315220983,0.038152278,0.0089,3.6039000000000003,2.0500000000000003,2.0589000000000004,1.0,0.0,0.0,9199.974876,183.9994975,0.27960174616949157,0.01941728910557404,0.980582710894426,0.019801786111303964,0.00959593957164806,1.5354040604283519,4.433234524286382,1.0049574501751584,0.5724022655432173,0.5763105549703318,2.9633355549703317,1.7214341564434963,3.207217526985783,3.2033092375586683,0.8308146464836834,0.002688734530719385,3421674.684089581,68433.49367435317,0.002680452545013813,0.002673833041794905,8235.54248337572,8194.91659267794,75766783.93728729,1515335.6785810345,194.58361469416033,3.8916722934601964,75393026.76355258,1507860.5351071532,193.6237346767721,3.87247469311452,"[1.302,1.770]",1.619,"[0.438,0.650]",0.5,0.002,0.0,767,1.5350000000000001,0.12,-1.6444774774709998,40,3.2155225225289996,0.005,0.0,307,1.5375,0.1,0.4741835225290001,27,3.224183522529,1.5374668203551352,1.542292608126607,0.7125757112087981,0.814324984673156,1.477649913200874,1.5154583474106151,0.8083034483018526,0.8186576604574674
26,56,3.595,20.016,0.135,13.56116128,0.271223226,Day:1993md,0.00840636,0.00398196,0.0089,3.6039000000000003,3.46,3.4689,1.0,0.0,0.0,13.56116128,0.271223226,0.349345103079185,0.03020146294708988,0.9697985370529102,0.031141996809840672,0.014903337439687192,0.12009666256031282,4.433234524286382,1.0049574501751584,1.5026677486398676,1.510262656702253,1.528487656702253,1.2363202079972053,-0.36897781611086744,-0.3765727241732528,0.9407022665058925,-0.0026687230874856854,-5081.516828625533,-101.63033672239506,0.0010957882734223875,0.0010930821729108696,883.6740870528045,879.3149271133669,11983.646813479842,239.67293662306645,0.030776300550319373,0.0006155260119141651,11924.531542495813,238.49063120164223,0.030624481210577856,0.0006124896251148568,"[0.878,1.302]",0.991,"[1.500,2.000]",1.75,0.002,0.0,60,0.121,0.12,-0.005397477470999945,-4,-0.42539747747099993,0.005,0.0,24,0.1225,0.1,-0.7758164774709999,3,-0.4258164774709999,0.13025084286576316,0.1392741284431247,0.9403986148901038,0.940756464245059,-0.19216072793298722,0.2365128805795329,0.939216418870294,0.9396068743467917
26,56,3.595,20.016,0.15,13.79251831,0.275850366,Day:1993md,0.034221452,0.006663033,0.0089,3.6039000000000003,3.4450000000000003,3.4539000000000004,1.0,0.0,0.0,13.79251831,0.275850366,0.349345103079185,0.03020146294708988,0.9697985370529102,0.031141996809840672,0.014903337439687192,0.1350966625603128,4.433234524286382,1.0049574501751584,1.4961532930821804,1.5037320735633521,1.526232073563352,1.235407654810084,-0.3343151705531804,-0.34189395103435216,0.9405427131601686,-0.00258812887860255,-5329.146637182618,-106.58293266637646,0.0010957882734223873,0.0010930821729108694,888.5866303524973,884.203236861045,12255.84736915802,245.1169472054431,0.031475363718810975,0.0006295072739198075,12195.38933416723,243.90778650650395,0.031320095903886284,0.0006264019176235651,"[0.878,1.302]",0.991,"[1.500,2.000]",1.75,0.002,0.0,67,0.135,0.12,-0.005397477470999945,-3,-0.30539747747099993,0.005,0.0,27,0.1375,0.1,-0.7758164774709999,4,-0.3258164774709999,0.14421410822473035,0.15427412844312471,0.9401752125896092,0.940617788800521,-0.11566524260343869,0.2898022750308279,0.9406061946415385,0.9387264130148758
26,56,3.595,20.016,0.165,13.97655406,0.279531081,Day:1993md,0.045361682,0.00758413,0.0089,3.6039000000000003,3.43,3.4389000000000003,1.0,0.0,0.0,13.97655406,0.279531081,0.349345103079185,0.03020146294708988,0.9697985370529102,0.031141996809840672,0.014903337439687192,0.15009666256031282,4.433234524286382,1.0049574501751584,1.489638837524493,1.4972014904244513,1.5244264904244513,1.234676674447384,-0.2996525249954931,-0.3072151778954513,0.940365268490228,-0.0025072136325665784,-5574.536560609123,-111.49073113241263,0.0010957882734223873,0.0010930821729108694,894.0670273157367,889.6565990529309,12495.97614054189,249.9195226320244,0.03209206040170854,0.0006418412075749437,12434.333551499034,248.68667085204936,0.03193375042507031,0.0006386750080444445,"[0.878,1.302]",0.991,"[1.050,1.500]",1.25,0.002,0.0,75,0.151,0.12,-0.005397477470999945,-3,-0.30539747747099993,0.005,0.0,30,0.1525,0.1,-0.2758164774709999,-1,-0.3258164774709999,0.1601675629971453,0.16448152031651764,0.9398897301999262,0.940174773390515,-0.11566524260343869,0.023355302774352462,0.9406061946415385,0.9413437658762375
26,56,3.595,20.016,0.18,14.11775551,0.28235511,Day:1993md,0.073666101,0.011829076,0.0089,3.6039000000000003,3.415,3.4239,1.0,0.0,0.0,14.11775551,0.28235511,0.349345103079185,0.03020146294708988,0.9697985370529102,0.031141996809840672,0.014903337439687192,0.1650966625603128,4.433234524286382,1.0049574501751584,1.4831243819668058,1.4906709072855502,1.5230709072855502,1.2341275895488075,-0.26498987943780583,-0.27253640475655017,0.9401697170239699,-0.002426044058259349,-5819.2494328109115,-116.38498857377951,0.001095788273422387,0.0010930821729108692,900.1273918519655,895.687067840612,12707.778446020015,254.15556874037483,0.032636009294070165,0.0006527201854190634,12645.091037242544,252.90182056571348,0.032475016020212494,0.0006495003199441907,"[0.878,1.302]",0.991,"[1.050,1.500]",1.25,0.002,0.0,82,0.165,0.12,-0.005397477470999945,-3,-0.30539747747099993,0.005,0.0,33,0.1675,0.1,-0.2758164774709999,0,-0.22581647747099992,0.17412284683653922,0.17948152031651765,0.939612888334976,0.9399475873154558,-0.11566524260343869,0.0766446972256476,0.9406061946415385,0.9411085345341416
26,56,3.595,20.016,0.195,14.22268274,0.284453655,Day:1993md,0.143432856,0.015257318,0.0089,3.6039000000000003,3.4000000000000004,3.4089000000000005,1.0,0.0,0.0,14.22268274,0.284453655,0.349345103079185,0.03020146294708988,0.9697985370529102,0.031141996809840672,0.014903337439687192,0.18009666256031281,4.433234524286382,1.0049574501751584,1.4766099264091188,1.484140324146649,1.522165324146649,1.2337606429719863,-0.23032723388011878,-0.23785763161764906,0.9399558415992297,-0.0023446875927632693,-6065.918028439019,-121.3183606540796,0.0010957882734223868,0.001093082172910869,906.78054813199,902.3074041333226,12896.852050884594,257.937041199048,0.03312158652944889,0.0006624317310547351,12833.231942941213,256.66463903928576,0.03295819790546952,0.00065916395857285,"[0.878,1.302]",0.991,"[1.050,1.500]",1.25,0.002,0.0,90,0.181,0.12,-0.005397477470999945,-2,-0.18539747747099994,0.005,0.0,36,0.1825,0.1,-0.2758164774709999,0,-0.22581647747099992,0.1900671876899196,0.19448152031651764,0.9392647144425391,0.9397007109171814,-0.04570170171117416,0.0766446972256476,0.9412502303030748,0.9411085345341416
26,56,3.595,20.016,0.21,14.3012597,0.286025194,Day:1993md,0.172712058,0.016432119,0.0089,3.6039000000000003,3.3850000000000002,3.3939000000000004,1.0,0.0,0.0,14.3012597,0.286025194,0.349345103079185,0.03020146294708988,0.9697985370529102,0.031141996809840672,0.014903337439687192,0.1950966625603128,4.433234524286382,1.0049574501751584,1.4700954708514313,1.477609741007748,1.521709741007748,1.2335759972566538,-0.19566458832243128,-0.20317885847874795,0.939723423366938,-0.0022632122051801686,-6319.009621486869,-126.38019242973738,0.0010957882734223873,0.0010930821729108694,914.0400558598797,909.5311007451785,13071.924215054645,261.4384843010929,0.033571205383071276,0.0006714241076614255,13007.44047698366,260.1488095396732,0.033405598791491124,0.0006681119758298225,"[0.878,1.302]",0.991,"[1.050,1.500]",1.25,0.002,0.0,97,0.195,0.12,-0.005397477470999945,-2,-0.18539747747099994,0.005,0.0,39,0.1975,0.1,-0.2758164774709999,0,-0.22581647747099992,0.20401450368103013,0.20948152031651765,0.9389314323727117,0.9394341753070026,-0.04570170171117416,0.0766446972256476,0.9412502303030748,0.9411085345341416
26,56,3.595,20.016,0.225,14.36881926,0.287376385,Day:1993md,0.269333195,0.01990421,0.0089,3.6039000000000003,3.37,3.3789000000000002,1.0,0.0,0.0,14.36881926,0.287376385,0.349345103079185,0.03020146294708988,0.9697985370529102,0.031141996809840672,0.014903337439687192,0.2100966625603128,4.433234524286382,1.0049574501751584,1.463581015293744,1.4710791578688471,1.521704157868847,1.233573734265142,-0.161001942764744,-0.16850008533984706,0.9394722417948123,-0.0021816861972153907,-6586.1072405095365,-131.7221447185185,0.001095788273422387,0.0010930821729108692,921.9202363240798,917.3724083177794,13246.90524787719,264.93810477315975,0.03402059019393656,0.0006804118034051975,13181.558329229094,263.6311664011074,0.033852766789287406,0.0006770553353145506,"[0.878,1.302]",0.991,"[1.050,1.500]",1.25,0.002,0.0,105,0.211,0.12,-0.005397477470999945,-2,-0.18539747747099994,0.005,0.0,42,0.2125,0.1,-0.2758164774709999,1,-0.1258164774709999,0.21994974621739516,0.22448152031651764,0.938516727764524,0.939148014046132,-0.04570170171117416,0.12993409167694261,0.9412502303030748,0.9406229685646548
26,56,3.595,20.016,0.24,14.44927553,0.288985511,Day:1993md,0.460230687,0.026852557,0.0089,3.6039000000000003,3.3550000000000004,3.3639000000000006,1.0,0.0,0.0,14.44927553,0.288985511,0.349345103079185,0.03020146294708988,0.9697985370529102,0.031141996809840672,0.014903337439687192,0.2250966625603128,4.433234524286382,1.0049574501751584,1.4570665597360568,1.464548574729946,1.5221485747299461,1.2337538550010476,-0.12633929720705672,-0.13382131220094595,0.9392020746715946,-0.0021001780017519344,-6880.024225540239,-137.60048470126483,0.0010957882734223873,0.0010930821729108694,930.4361992515227,925.8463620418486,13444.12900607123,268.88258049359905,0.03452709858427193,0.0006905419726412538,13377.809183590804,267.5561840421546,0.03435677657621629,0.000687135532475426,"[0.878,1.302]",0.991,"[1.050,1.500]",1.25,0.002,0.0,112,0.225,0.12,-0.005397477470999945,-2,-0.18539747747099994,0.005,0.0,45,0.2275,0.1,-0.2758164774709999,1,-0.1258164774709999,0.2338891079925105,0.23948152031651765,0.9381232636076307,0.9388422631351474,-0.04570170171117416,0.12993409167694261,0.9412502303030748,0.9406229685646548
26,56,3.595,20.016,0.255,14.57996562,0.291599312,Day:1993md,0.549384011,0.030178398,0.0089,3.6039000000000003,3.3400000000000003,3.3489000000000004,1.0,0.0,0.0,14.57996562,0.291599312,0.349345103079185,0.03020146294708988,0.9697985370529102,0.031141996809840672,0.014903337439687192,0.2400966625603128,4.433234524286382,1.0049574501751584,1.4505521041783696,1.458017991591045,1.523042991591045,1.2341162796070089,-0.09167665164936944,-0.09914253906204484,0.9389126981118533,-0.002018755980660326,-7222.252595002075,-144.44505170189967,0.0010957882734223873,0.0010930821729108694,939.6038704893011,934.9688092023533,13699.392128152942,273.9878421872173,0.03518266317882946,0.0007036532626113563,13631.81309394265,272.6362615048655,0.03500910727384261,0.0007001821445163808,"[0.878,1.302]",0.991,"[1.050,1.500]",1.25,0.002,0.0,120,0.241,0.12,-0.005397477470999945,-1,-0.06539747747099994,0.005,0.0,48,0.2425,0.1,-0.2758164774709999,1,-0.1258164774709999,0.24981526776943497,0.25448152031651766,0.9376372820843819,0.9385169610027023,0.019162910402884314,0.12993409167694261,0.9413472053687649,0.9406229685646548
26,56,3.595,20.016,0.27,14.81893983,0.296378797,Day:1993md,0.82327077,0.031851131,0.0089,3.6039000000000003,3.325,3.3339000000000003,1.0,0.0,0.0,14.81893983,0.296378797,0.349345103079185,0.03020146294708988,0.9697985370529102,0.031141996809840672,0.014903337439687192,0.2550966625603128,4.433234524286382,1.0049574501751584,1.444037648620682,1.4514874084521439,1.5243874084521438,1.2346608475416008,-0.057014006091681946,-0.06446376592314373,0.9386038865613596,-0.0019374882230975038,-7648.531564392502,-152.97063149430292,0.0010957882734223875,0.0010930821729108696,949.4400205392792,944.7564375723541,14069.694536565543,281.3938911110869,0.03613367069709126,0.0007226734149171627,14000.288802389867,280.00577642569993,0.0359554234766789,0.0007191084705041043,"[0.878,1.302]",0.991,"[1.050,1.500]",1.25,0.002,0.0,127,0.255,0.12,-0.005397477470999945,-1,-0.06539747747099994,0.005,0.0,51,0.2575,0.1,-0.2758164774709999,2,-0.02581647747099991,0.26374668892202635,0.2694815203165177,0.937179040917021,0.9381721484934933,0.019162910402884314,0.18322348612823774,0.9413472053687649,0.9398878426032359
26,56,3.595,20.016,0.285,15.25585121,0.305117024,Day:1993md,1.042223064,0.034478574,0.0089,3.6039000000000003,3.31,3.3189,1.0,0.0,0.0,15.25585121,0.305117024,0.349345103079185,0.03020146294708988,0.9697985370529102,0.031141996809840672,0.014903337439687192,0.2700966625603128,4.433234524286382,1.0049574501751584,1.4375231930629948,1.444956825313243,1.5261818253132429,1.2353873179344375,-0.02235136053399489,-0.02978499278424307,0.9382754128030563,-0.0018564423455427021,-8217.788851148074,-164.35577691522857,0.0010957882734223875,0.0010930821729108696,959.9622939718596,955.2268046816745,14645.04192404497,292.9008382889069,0.037611272999087515,0.0007522254594886768,14572.798004027356,291.4559598895018,0.037425736773762985,0.0007485147349846188,"[0.878,1.302]",0.991,"[1.050,1.500]",1.25,0.002,0.0,135,0.271,0.12,-0.005397477470999945,-1,-0.06539747747099994,0.005,0.0,54,0.2725,0.1,-0.2758164774709999,2,-0.02581647747099991,0.2796637814527685,0.2844815203165177,0.9366159840006385,0.9378078688554883,0.019162910402884314,0.18322348612823774,0.9413472053687649,0.9398878426032359
26,56,3.595,20.016,0.3,16.02793195,0.320558639,Day:1993md,1.24782162,0.036186827,0.0089,3.6039000000000003,3.2950000000000004,3.3039000000000005,1.0,0.0,0.0,16.02793195,0.320558639,0.349345103079185,0.03020146294708988,0.9697985370529102,0.031141996809840672,0.014903337439687192,0.2850966625603128,4.433234524286382,1.0049574501751584,1.4310087375053078,1.438426242174342,1.528426242174342,1.236295370117652,0.012311285023692164,0.004893780354658039,0.9379270479636321,-0.0017756852947995209,-9026.335914895095,-180.52671829790188,0.001095788273422387,0.0010930821729108692,971.189239745988,966.3983679873364,15566.155045220929,311.3231009044186,0.039976867938540016,0.0007995373587708004,15489.367278692085,309.7873455738417,0.03977966224497592,0.0007955932448995186,"[0.878,1.302]",0.991,"[1.050,1.500]",1.25,0.002,0.0,142,0.28500000000000003,0.12,-0.005397477470999945,0,0.05460252252900005,0.005,0.0,57,0.28750000000000003,0.1,-0.2758164774709999,2,-0.02581647747099991,0.2935872755376465,0.2994815203165177,0.9360873735365596,0.9374241677264253,0.079903567462147,0.18322348612823774,0.9410068183596607,0.9398878426032359
26,56,3.595,20.016,0.315,17.34317403,0.346863481,Day:1993md,1.695191431,0.078417019,0.0089,3.6039000000000003,3.2800000000000002,3.2889000000000004,1.0,0.0,0.0,17.34317403,0.346863481,0.349345103079185,0.03020146294708988,0.9697985370529102,0.031141996809840672,0.014903337439687192,0.3000966625603128,4.433234524286382,1.0049574501751584,1.4244942819476203,1.4318956590354408,1.531120659035441,1.2373846043310224,0.046973930581379664,0.03957255349355915,0.9375585615207205,-0.001695283155161882,-10230.252083371823,-204.60504190338523,0.0010957882734223873,0.0010930821729108694,983.1403424633943,978.2905159736251,17050.774055256446,341.01548149838504,0.04378965394322892,0.0008757930798745354,16966.662670429076,339.3332537998977,0.043573639794994935,0.0008714727969048737,"[0.878,1.302]",0.991,"[1.050,1.500]",1.25,0.002,0.0,150,0.301,0.12,-0.005397477470999945,0,0.05460252252900005,0.005,0.0,60,0.3025,0.1,-0.2758164774709999,3,0.07418352252900012,0.3094953162913754,0.31448152031651766,0.9354402032843822,0.937021093119588,0.079903567462147,0.2365128805795329,0.9410068183596607,0.938904327133596
26,56,3.595,20.016,0.33,19.51307587,0.390261517,Day:1993md,1.901289179,0.077384007,0.0089,3.6039000000000003,3.265,3.2739000000000003,1.0,0.0,0.0,19.51307587,0.390261517,0.349345103079185,0.03020146294708988,0.9697985370529102,0.031141996809840672,0.014903337439687192,0.3150966625603128,4.433234524286382,1.0049574501751584,1.417979826389933,1.4253650758965397,1.5342650758965397,1.2386545425971438,0.08163657613906694,0.07425132663246026,0.9371697213107334,-0.0016153009608974134,-12080.148741544186,-241.6029745832518,0.001095788273422387,0.0010930821729108692,995.8360545859953,990.9236002105629,19431.82448721799,388.6364893460253,0.04990464755578158,0.0009980929500926323,19335.967392282262,386.7193474492758,0.04965846817403411,0.0009931693624627297,"[0.878,1.302]",0.991,"[1.050,1.500]",1.25,0.002,0.0,157,0.315,0.12,-0.005397477470999945,0,0.05460252252900005,0.005,0.0,63,0.3175,0.1,-0.2758164774709999,3,0.07418352252900012,0.3234108968247966,0.3294815203165177,0.9348344480721025,0.9365986954088665,0.079903567462147,0.2365128805795329,0.9410068183596607,0.938904327133596
26,56,3.595,20.016,0.345,22.99722872,0.459944574,Day:1993md,2.091556361,0.07479162,0.0089,3.6039000000000003,3.25,3.2589,1.0,0.0,0.0,22.99722872,0.459944574,0.349345103079185,0.03020146294708988,0.9697985370529102,0.031141996809840672,0.014903337439687192,0.3300966625603128,4.433234524286382,1.0049574501751584,1.4114653708322455,1.4188344927576386,1.5378594927576386,1.2401046297621983,0.11629922169675444,0.10893009977136137,0.9367602935373502,-0.001535802515146277,-14974.079344966847,-299.4815866388868,0.001095788273422387,0.0010930821729108692,1009.2978296463734,1004.3189684005612,23211.053034977245,464.2210602958258,0.059610430398392845,0.0011922086069310288,23096.55302414216,461.93106008111556,0.05931637243746299,0.0011863274477175462,"[0.878,1.302]",0.991,"[1.050,1.500]",1.25,0.002,0.0,165,0.331,0.12,-0.005397477470999945,0,0.05460252252900005,0.005,0.0,66,0.3325,0.1,-0.2758164774709999,3,0.07418352252900012,0.3393099012267413,0.3444815203165177,0.9340946459984258,0.9361570273131146,0.079903567462147,0.2365128805795329,0.9410068183596607,0.938904327133596
26,56,3.595,20.016,0.36,30.60268944,0.612053789,Day:1993md,2.120728641,0.065026965,0.0089,3.6039000000000003,3.2350000000000003,3.2439000000000004,1.0,0.0,0.0,30.60268944,0.612053789,0.349345103079185,0.03020146294708988,0.9697985370529102,0.031141996809840672,0.014903337439687192,0.3450966625603128,4.433234524286382,1.0049574501751584,1.4049509152745585,1.4123039096187378,1.5419039096187377,1.2417342346970779,0.1509618672544415,0.14360887291026225,0.9363300427806759,-0.0014568502162668735,-21006.064383487752,-420.12128780703745,0.0010957882734223873,0.0010930821729108694,1023.548156482251,1018.4989984440161,31323.32635971085,626.4665273989266,0.08044430224677732,0.0016088860454612798,31168.808544333267,623.3761710903651,0.0800474708981523,0.001600949418486186,"[0.878,1.302]",0.991,"[1.050,1.500]",1.25,0.002,0.0,172,0.34500000000000003,0.12,-0.005397477470999945,1,0.17460252252900005,0.005,0.0,69,0.34750000000000003,0.1,-0.2758164774709999,4,0.1741835225290001,0.35321758168662143,0.3594815203165177,0.9334035478221328,0.9356961438798072,0.13721922336983916,0.2898022750308279,0.9402901759095316,0.9376739838385484
26,56,3.595,20.016,0.375,44.76493327,0.895298665,Day:1993md,1.619571274,0.04691172,0.0089,3.6039000000000003,3.22,3.2289000000000003,1.0,0.0,0.0,44.76493327,0.895298665,0.349345103079185,0.03020146294708988,0.9697985370529102,0.031141996809840672,0.014903337439687192,0.3600966625603128,4.433234524286382,1.0049574501751584,1.398436459716871,1.4057733264798367,1.5463983264798367,1.2435426516528643,0.185624512812129,0.17828764604916336,0.9358787320070842,-0.0013785048925836214,-32473.5396376437,-649.4707924627046,0.0010957882734223873,0.0010930821729108694,1038.610594526933,1033.4871335556636,46493.33395751318,929.8666787348194,0.11940378765612912,0.0023880757520556416,46263.98256902286,925.2796509670624,0.11881476935696901,0.0023762953860777033,"[0.878,1.302]",0.991,"[1.050,1.500]",1.25,0.002,0.0,180,0.361,0.12,-0.005397477470999945,1,0.17460252252900005,0.005,0.0,72,0.3625,0.1,-0.2758164774709999,4,0.1741835225290001,0.3691075651182416,0.37448152031651766,0.932560803374495,0.9352161024680135,0.13721922336983916,0.2898022750308279,0.9402901759095316,0.9376739838385484
26,56,3.595,20.016,0.39,63.03111528,1.260622306,Day:1993md,1.453250503,0.038076432,0.0089,3.6039000000000003,3.205,3.2139,1.0,0.0,0.0,63.03111528,1.260622306,0.349345103079185,0.03020146294708988,0.9697985370529102,0.031141996809840672,0.014903337439687192,0.3750966625603128,4.433234524286382,1.0049574501751584,1.3919220041591838,1.3992427433409356,1.5513427433409355,1.2455291017639594,0.22028715836981627,0.21296641918806447,0.935406122579764,-0.0013008256464071871,-48454.69910136586,-969.0939823348142,0.0010957882734223873,0.0010930821729108694,1054.5098101888,1049.3079184646126,66466.92940990117,1329.3385886198273,0.1706998068296684,0.0034139961376766412,66139.04837295983,1322.78096787892,0.16985774551939128,0.0033971549114657556,"[0.878,1.302]",0.991,"[1.050,1.500]",1.25,0.002,0.0,187,0.375,0.12,-0.005397477470999945,1,0.17460252252900005,0.005,0.0,75,0.3775,0.1,-0.2758164774709999,4,0.1741835225290001,0.3830073589442904,0.38948152031651767,0.9317744307974272,0.9347169627306899,0.13721922336983916,0.2898022750308279,0.9402901759095316,0.9376739838385484
26,56,3.595,20.016,0.405,87.07895764,1.741579153,Day:1993md,1.343608182,0.029972798,0.0089,3.6039000000000003,3.1900000000000004,3.1989000000000005,1.0,0.0,0.0,87.07895764,1.741579153,0.349345103079185,0.03020146294708988,0.9697985370529102,0.031141996809840672,0.014903337439687192,0.39009666256031283,4.433234524286382,1.0049574501751584,1.3854075486014965,1.3927121602020347,1.5567371602020348,1.2476927346915325,0.25494980392750355,0.24764519232696536,0.9349119742699818,-0.0012238697081053424,-71150.51305159424,-1423.010261195301,0.0010957882734223873,0.0010930821729108694,1071.2716143540506,1065.9870367320866,93285.21552727079,1865.70431075967,0.2395743027689352,0.00479148605592895,92825.0400163825,1856.5008005408472,0.2383924839078299,0.00476784967870413,"[0.878,1.302]",0.991,"[1.050,1.500]",1.25,0.002,0.0,195,0.391,0.12,-0.005397477470999945,2,0.29460252252900004,0.005,0.0,78,0.3925,0.1,-0.2758164774709999,5,0.27418352252900013,0.39888833674346813,0.4044815203165177,0.930816236344327,0.9341987865963084,0.19163120944830536,0.34309166948212305,0.939228691512766,0.9361987594216099
26,56,3.595,20.016,0.42,118.98488,2.379697601,Day:1993md,1.210237805,0.02487711,0.0089,3.6039000000000003,3.1750000000000003,3.1839000000000004,1.0,0.0,0.0,118.98488,2.379697601,0.349345103079185,0.03020146294708988,0.9697985370529102,0.031141996809840672,0.014903337439687192,0.4050966625603128,4.433234524286382,1.0049574501751584,1.3788930930438095,1.3861815770631336,1.5625815770631335,1.2500326303993563,0.2896124494851906,0.28232396546586647,0.9343960452690834,-0.0011476923009047298,-103673.15342814778,-2073.4630694342695,0.0010957882734223868,0.001093082172910869,1088.923001048093,1083.551349222099,129565.37260894723,2591.307453267868,0.33274869581784383,0.00665497391915344,128926.22726102953,2578.524546304142,0.3311072481325927,0.006622144965434621,"[0.878,1.302]",0.991,"[1.050,1.500]",1.25,0.002,0.0,202,0.405,0.12,-0.005397477470999945,2,0.29460252252900004,0.005,0.0,81,0.40750000000000003,0.1,-0.2758164774709999,5,0.27418352252900013,0.41278025733729606,0.4194815203165177,0.9299225195125321,0.9336616382498248,0.19163120944830536,0.34309166948212305,0.939228691512766,0.9361987594216099
26,56,3.595,20.016,0.435,161.1349268,3.222698537,Day:1993md,1.12328223,0.02097621,0.0089,3.6039000000000003,3.16,3.1689000000000003,1.0,0.0,0.0,161.1349268,3.222698537,0.349345103079185,0.03020146294708988,0.9697985370529102,0.031141996809840672,0.014903337439687192,0.4200966625603128,4.433234524286382,1.0049574501751584,1.372378637486122,1.3796509939242325,1.5688759939242325,1.2525478010536095,0.3242750950428781,0.3170027386047676,0.9338580922012436,-0.0010723465170010432,-150263.85990475805,-3005.277199027695,0.0010957882734223873,0.0010930821729108694,1107.4921872922152,1102.0289337615097,178455.672530903,3569.113451725552,0.45830835122264446,0.009166167027297141,177575.3515731429,3551.507032564887,0.4560475183728066,0.009120950370286355,"[0.878,1.302]",0.991,"[1.050,1.500]",1.25,0.002,0.0,210,0.421,0.12,-0.005397477470999945,2,0.29460252252900004,0.005,0.0,84,0.4225,0.1,-0.2758164774709999,5,0.27418352252900013,0.4286522447984993,0.43448152031651766,0.9288336393874719,0.9331055841130035,0.19163120944830536,0.34309166948212305,0.939228691512766,0.9361987594216099
26,56,3.595,20.016,0.45,216.0192224,4.320384447,Day:1993md,1.115641457,0.05231016,0.0089,3.6039000000000003,3.145,3.1539,1.0,0.0,0.0,216.0192224,4.320384447,0.349345103079185,0.03020146294708988,0.9697985370529102,0.031141996809840672,0.014903337439687192,0.4350966625603128,4.433234524286382,1.0049574501751584,1.3658641819284347,1.3731204107853316,1.5756204107853318,1.2552371930377668,0.3589377406005654,0.35168151174366846,0.9332978701369878,-0.0009978832054497145,-216477.46070908863,-4329.549213179652,0.001095788273422387,0.0010930821729108692,1127.0086541934365,1121.4491260271818,243455.53311693665,4869.110661211725,0.6252404442875379,0.012504808882856384,242254.5681655514,4845.09136218958,0.6221561362409542,0.01244312272193899,"[0.878,1.302]",0.991,"[1.050,1.500]",1.25,0.002,0.0,217,0.435,0.12,-0.005397477470999945,2,0.29460252252900004,0.005,0.0,87,0.4375,0.1,-0.2758164774709999,6,0.3741835225290001,0.4425363055238378,0.44948152031651767,0.9278178362345616,0.932530692824106,0.19163120944830536,0.39638106393341815,0.939228691512766,0.9344809779448124
26,56,3.595,20.016,0.465,285.9013388,5.718026775,Day:1993md,0.989851958,0.04162275,0.0089,3.6039000000000003,3.1300000000000003,3.1389000000000005,1.0,0.0,0.0,285.9013388,5.718026775,0.349345103079185,0.03020146294708988,0.9697985370529102,0.031141996809840672,0.014903337439687192,0.45009666256031283,4.433234524286382,1.0049574501751584,1.3593497263707475,1.3665898276464306,1.5828148276464307,1.2580996890733385,0.39360038615825266,0.38636028488256957,0.9327151326074993,-0.0009243508722019537,-309299.5824398766,-6185.991647715692,0.0010957882734223873,0.0010930821729108694,1147.503189306782,1141.8425616992824,328072.6981000788,6561.453960854073,0.8425535328465061,0.016851070653983113,326454.31708864646,6529.086340631086,0.8383972203993849,0.016767944405055225,"[0.878,1.302]",0.991,"[1.050,1.500]",1.25,0.002,0.0,225,0.451,0.12,-0.005397477470999945,3,0.41460252252900004,0.005,0.0,90,0.4525,0.1,-0.2758164774709999,6,0.3741835225290001,0.4583993178982837,0.4644815203165177,0.926579603491358,0.9319370352169557,0.24354065812424086,0.39638106393341815,0.9378334847301882,0.9344809779448124
26,56,3.595,20.016,0.48,372.3709825,7.447419651,Day:1993md,0.950664839,0.034911421,0.0089,3.6039000000000003,3.115,3.1239000000000003,1.0,0.0,0.0,372.3709825,7.447419651,0.349345103079185,0.03020146294708988,0.9697985370529102,0.031141996809840672,0.014903337439687192,0.4650966625603128,4.433234524286382,1.0049574501751584,1.3528352708130602,1.3600592445075295,1.5904592445075294,1.2611341104369231,0.42826303171593993,0.4210390580214707,0.9321096316197299,-0.0008517955925436077,-437160.0249633089,-8743.200500440167,0.0010957882734223873,0.0010930821729108694,1169.0079303106204,1163.2412199211708,435304.6315600573,8706.092632370153,1.1179456788369824,0.022358913579741884,433157.27594654495,8663.14552009414,1.1124308582837321,0.02224861716866207,"[0.878,1.302]",0.991,"[1.050,1.500]",1.25,0.002,0.0,232,0.465,0.12,-0.005397477470999945,3,0.41460252252900004,0.005,0.0,93,0.4675,0.1,-0.2758164774709999,6,0.3741835225290001,0.47227553208108475,0.4794815203165177,0.9254235886256151,0.9313246842993924,0.24354065812424086,0.39638106393341815,0.9378334847301882,0.9344809779448124
26,56,3.595,20.016,0.495,475.8324184,9.516648369,Day:1993md,0.977234804,0.031313545,0.0089,3.6039000000000003,3.1,3.1089,1.0,0.0,0.0,475.8324184,9.516648369,0.349345103079185,0.03020146294708988,0.9697985370529102,0.031141996809840672,0.014903337439687192,0.4800966625603128,4.433234524286382,1.0049574501751584,1.3463208152553727,1.3535286613686284,1.5985536613686284,1.264339219263813,0.46292567727362743,0.4557178311603718,0.9314811176723333,-0.0007802609360881805,-609837.5509936131,-12196.751021153885,0.0010957882734223873,0.0010930821729108694,1191.556410037125,1185.678468107723,566981.1682479873,11339.623366151302,1.4561162484147174,0.029122324971354495,564184.252924505,11283.68505967578,1.4489332340995378,0.028978664685035807,"[0.878,1.302]",0.991,"[1.050,1.500]",1.25,0.002,0.0,240,0.481,0.12,-0.005397477470999945,3,0.41460252252900004,0.005,0.0,96,0.4825,0.1,-0.2758164774709999,7,0.4741835225290001,0.48812958457692446,0.49448152031651765,0.924012962275556,0.9306937152311249,0.24354065812424086,0.4496704583847132,0.9378334847301882,0.9325233317387274
26,56,3.595,20.016,0.51,595.1399999,11.9028,Day:1993md,0.981281715,0.02839668,0.0089,3.6039000000000003,3.085,3.0939,1.0,0.0,0.0,595.1399999,11.9028,0.349345103079185,0.03020146294708988,0.9697985370529102,0.031141996809840672,0.014903337439687192,0.4950966625603128,4.433234524286382,1.0049574501751584,1.3398063596976855,1.3469980782297273,1.6070980782297273,1.2677137209282414,0.4975883228313147,0.4903966042992729,0.9308293397724356,-0.0007097879043716479,-838475.8267004536,-16769.516536826814,0.0010957882734223873,0.0010930821729108694,1215.1836029014516,1209.1891081454762,723204.3693092515,14464.087388615397,1.857327354151427,0.037146547089270184,719636.8057007798,14392.736116433973,1.8481651674184865,0.03696330335458058,"[0.878,1.302]",0.991,"[1.050,1.500]",1.25,0.002,0.0,247,0.495,0.12,-0.005397477470999945,4,0.5346025225290001,0.005,0.0,99,0.4975,0.1,-0.2758164774709999,7,0.4741835225290001,0.5019979655055309,0.5094815203165176,0.9226942672690456,0.9300442053009984,0.29326405690450097,0.4496704583847132,0.9361000380348163,0.9325233317387274
26,56,3.595,20.016,0.525,727.7186166,14.55437233,Day:1993md,0.878086647,0.021574273,0.0089,3.6039000000000003,3.0700000000000003,3.0789000000000004,1.0,0.0,0.0,727.7186166,14.55437233,0.349345103079185,0.03020146294708988,0.9697985370529102,0.031141996809840672,0.014903337439687192,0.5100966625603128,4.433234524286382,1.0049574501751584,1.3332919041399982,1.3404674950908264,1.6160924950908264,1.271256266490288,0.532250968389002,0.5250753774381738,0.9301540454532645,-0.0006404148809967404,-1136323.71481965,-22726.47429327002,0.0010957882734223873,0.0010930821729108694,1239.9259727747783,1233.809424029511,902317.213594071,18046.344269401565,2.317323448322984,0.046346468960090946,897866.0872027986,17957.321741588352,2.3058921031125124,0.04611784205591293,"[0.878,1.302]",0.991,"[1.050,1.500]",1.25,0.002,0.0,255,0.511,0.12,-0.005397477470999945,4,0.5346025225290001,0.005,0.0,102,0.5125,0.1,-0.2758164774709999,8,0.5741835225290002,0.5178430732880202,0.5244815203165176,0.9210825507319563,0.9293762339036856,0.29326405690450097,0.5029598528360083,0.9361000380348163,0.9303288709505823
26,56,3.595,20.016,0.54,870.1839102,17.4036782,Day:1993md,0.888317965,0.019880855,0.0089,3.6039000000000003,3.055,3.0639000000000003,1.0,0.0,0.0,870.1839102,17.4036782,0.349345103079185,0.03020146294708988,0.9697985370529102,0.031141996809840672,0.014903337439687192,0.5250966625603128,4.433234524286382,1.0049574501751584,1.326777448582311,1.3339369119519253,1.6255369119519254,1.274965455199444,0.5669136139466893,0.5597541505770749,0.9294549807926528,-0.0005721775941790736,-1520828.35653236,-30416.567123656365,0.0010957882734223873,0.0010930821729108694,1265.8215223479908,1259.5772309836257,1101497.5219320913,22029.950433578542,2.828856634216014,0.056577132671316796,1096063.84005622,21921.27679608609,2.814901898307198,0.056298037953204615,"[0.878,1.302]",0.991,"[1.050,1.500]",1.25,0.002,0.0,262,0.525,0.12,-0.005397477470999945,4,0.5346025225290001,0.005,0.0,105,0.5275,0.1,-0.2758164774709999,8,0.5741835225290002,0.531703634213315,0.5394815203165176,0.9195730495485549,0.9286898825158173,0.29326405690450097,0.5029598528360083,0.9361000380348163,0.9303288709505823
26,56,3.595,20.016,0.555,1018.986719,20.37973438,Day:1993md,0.864584379,0.018547837,0.0089,3.6039000000000003,3.04,3.0489,1.0,0.0,0.0,1018.986719,20.37973438,0.349345103079185,0.03020146294708988,0.9697985370529102,0.031141996809840672,0.014903337439687192,0.5400966625603129,4.433234524286382,1.0049574501751584,1.3202629930246237,1.3274063288130242,1.6354313288130242,1.2788398370448992,0.6015762595043765,0.594432923715976,0.9287318904324338,-0.0005051090914579863,-2017359.687703734,-40347.19375407468,0.001095788273422387,0.0010930821729108692,1292.9098440345056,1286.5319261120546,1317457.9599355226,26349.159198710448,3.3834844074157315,0.06766968814831462,1310958.946277673,26219.178925553457,3.3667936954206463,0.06733587390841292,"[0.878,1.302]",0.991,"[1.050,1.500]",1.25,0.002,0.0,270,0.541,0.12,-0.005397477470999945,4,0.5346025225290001,0.005,0.0,108,0.5425,0.1,-0.2758164774709999,8,0.5741835225290002,0.5475398124049633,0.5544815203165177,0.9177241208084485,0.9279852346715635,0.29326405690450097,0.5029598528360083,0.9361000380348163,0.9303288709505823
26,56,3.595,20.016,0.57,1170.737074,23.41474148,Day:1993md,0.844766961,0.033568596,0.0089,3.6039000000000003,3.0250000000000004,3.0339000000000005,1.0,0.0,0.0,1170.737074,23.41474148,0.349345103079185,0.03020146294708988,0.9697985370529102,0.031141996809840672,0.014903337439687192,0.5550966625603128,4.433234524286382,1.0049574501751584,1.3137485374669364,1.3208757456741234,1.6457757456741233,1.2828779153427357,0.6362389050620636,0.6291116968548767,0.9279845175987501,-0.0004392397262519451,-2665371.5591482557,-53307.43118296512,0.001095788273422387,0.0010930821729108692,1321.2321724624858,1314.7145406327427,1546815.4876633938,30936.30975326788,3.972518473313859,0.07945036946627719,1539185.054445631,30783.701088912625,3.9529220591592926,0.07905844118318586,"[0.878,1.302]",0.991,"[1.050,1.500]",1.25,0.002,0.0,277,0.555,0.12,-0.005397477470999945,5,0.654602522529,0.005,0.0,111,0.5575,0.1,-0.2758164774709999,9,0.6741835225290002,0.5613925665405048,0.5694815203165177,0.9159881986016144,0.9272623759376803,0.341056325282978,0.5562492472873035,0.9340101635599846,0.9279009918054753
26,56,3.595,20.016,0.585,1322.27332,26.44546639,Day:1993md,0.877277022,0.032141615,0.0089,3.6039000000000003,3.0100000000000002,3.0189000000000004,1.0,0.0,0.0,1322.27332,26.44546639,0.349345103079185,0.03020146294708988,0.9697985370529102,0.031141996809840672,0.014903337439687192,0.5700966625603128,4.433234524286382,1.0049574501751584,1.3072340819092492,1.3143451625352223,1.6565701625352223,1.2870781493503891,0.6709015506197509,0.6637904699937778,0.9272126041232893,-0.00037459715586247544,-3529854.136120141,-70597.08269570748,0.0010957882734223873,0.0010930821729108694,1350.8314386085765,1344.167793744038,1786168.3710893386,35723.36740827846,4.58722252730987,0.09174445051150545,1777357.2112710043,35547.144211978404,4.564593781070376,0.0912918755868867,"[0.878,1.302]",0.991,"[1.050,1.500]",1.25,0.002,0.0,285,0.5710000000000001,0.12,-0.005397477470999945,5,0.654602522529,0.005,0.0,114,0.5725,0.1,-0.2758164774709999,9,0.6741835225290002,0.5772198302212743,0.5844815203165177,0.9138560218387879,0.9265213938880336,0.341056325282978,0.5562492472873035,0.9340101635599846,0.9279009918054753
26,56,3.595,20.016,0.6,1470.669036,29.41338072,Day:1993md,0.92474919,0.030054349,0.0089,3.6039000000000003,2.995,3.0039000000000002,1.0,0.0,0.0,1470.669036,29.41338072,0.349345103079185,0.03020146294708988,0.9697985370529102,0.031141996809840672,0.014903337439687192,0.5850966625603128,4.433234524286382,1.0049574501751584,1.3007196263515617,1.3078145793963212,1.667814579396321,1.2914389568989784,0.7055641961774386,0.6984692431326791,0.9264158904654693,-0.00031120635046253883,-4725703.809752528,-94514.07619505054,0.0010957882734223875,0.0010930821729108696,1381.752325627199,1374.9361481785795,2032100.360720911,40642.00721441822,5.218822986305827,0.10437645972611652,2022076.0196033446,40441.520392066894,5.19307855809837,0.1038615711619674,"[0.878,1.302]",0.991,"[1.050,1.500]",1.25,0.002,0.0,292,0.585,0.12,-0.005397477470999945,5,0.654602522529,0.005,0.0,117,0.5875,0.1,-0.2758164774709999,9,0.6741835225290002,0.5910647907434523,0.5994815203165177,0.9118479750036017,0.9257623780776171,0.341056325282978,0.5562492472873035,0.9340101635599846,0.9279009918054753
26,56,3.595,20.016,0.615,1613.251112,32.26502223,Day:1993md,0.911203463,0.027831997,0.0089,3.6039000000000003,2.9800000000000004,2.9889000000000006,1.0,0.0,0.0,1613.251112,32.26502223,0.349345103079185,0.03020146294708988,0.9697985370529102,0.031141996809840672,0.014903337439687192,0.6000966625603128,4.433234524286382,1.0049574501751584,1.2942051707938746,1.30128399625742,1.6795089962574201,1.2959587170343891,0.7402268417351252,0.7331480162715798,0.9255941157355894,-0.0002490896125451615,-6476589.270487975,-129531.78536961332,0.0010957882734223875,0.0010930821729108696,1414.0413264314789,1407.0658675001807,2281203.742279538,45624.07483145035,5.858568187267984,0.11717136370904441,2269950.575401911,45399.01149396756,5.829667899120375,0.11659335794627136,"[0.878,1.302]",0.991,"[1.050,1.500]",1.25,0.002,0.0,300,0.601,0.12,-0.005397477470999945,6,0.7746025225290001,0.005,0.0,120,0.6025,0.1,-0.2758164774709999,10,0.7741835225290001,0.6068831549508928,0.6144815203165177,0.9093730302472207,0.9249854200160759,0.38712638227275475,0.6095386417385985,0.9315321771479446,0.9252434236639602
26,56,3.595,20.016,0.63,1747.675313,34.95350626,Day:1993md,0.88117054,0.026606773,0.0089,3.6039000000000003,2.9650000000000003,2.9739000000000004,1.0,0.0,0.0,1747.675313,34.95350626,0.349345103079185,0.03020146294708988,0.9697985370529102,0.031141996809840672,0.014903337439687192,0.6150966625603128,4.433234524286382,1.0049574501751584,1.2876907152361872,1.2947534131185192,1.6916534131185192,1.3006357726583255,0.7748894872928132,0.7678267894104811,0.9247470177189663,-0.0001882666062564537,-9282980.91600666,-185659.61832013322,0.0010957882734223875,0.0010930821729108696,1447.7468030839632,1440.605075201571,2530191.3472245145,50603.82694449029,6.4980160517086425,0.12996032103417285,2517709.925712294,50354.19851424588,6.465961370380482,0.12931922740760965,"[0.878,1.302]",0.991,"[1.050,1.500]",1.25,0.002,0.0,307,0.615,0.12,-0.005397477470999945,6,0.7746025225290001,0.005,0.0,123,0.6175,0.1,-0.2758164774709999,10,0.7741835225290001,0.6207203349990777,0.6294815203165177,0.9070332943043974,0.9241906131407498,0.38712638227275475,0.6095386417385985,0.9315321771479446,0.9252434236639602
26,56,3.595,20.016,0.645,1872.001302,37.44002603,Day:1993md,0.908119027,0.02339742,0.0089,3.6039000000000003,2.95,2.9589000000000003,1.0,0.0,0.0,1872.001302,37.44002603,0.349345103079185,0.03020146294708988,0.9697985370529102,0.031141996809840672,0.014903337439687192,0.6300966625603128,4.433234524286382,1.0049574501751584,1.2811762596785001,1.2882228299796181,1.7042478299796182,1.3054684331609165,0.8095521328504998,0.8025055625493818,0.9238743329010735,-0.00012875439599386652,-14539319.512548344,-290786.39017329965,0.0010957882734223868,0.001093082172910869,1482.9190480575055,1475.6038156630823,2776026.3887242507,55520.52775965582,7.129367529331097,0.14258735054853774,2762332.2641574577,55246.64526839312,7.09419839425887,0.14188396784728108,"[1.302,1.770]",1.619,"[1.050,1.500]",1.25,0.002,0.0,315,0.631,0.12,-1.6444774774709998,20,0.8155225225290001,0.005,0.0,126,0.6325000000000001,0.1,-0.2758164774709999,10,0.7741835225290001,0.6520490679203803,0.6444815203165177,0.9308015609418588,0.9233780527892541,0.9155564210981225,0.6095386417385985,0.9161141858143352,0.9252434236639602
26,56,3.595,20.016,0.66,1984.865519,39.69731037,Day:1993md,0.881671823,0.022570799,0.0089,3.6039000000000003,2.935,2.9439,1.0,0.0,0.0,1984.865519,39.69731037,0.349345103079185,0.03020146294708988,0.9697985370529102,0.031141996809840672,0.014903337439687192,0.6450966625603128,4.433234524286382,1.0049574501751584,1.2746618041208126,1.281692246840717,1.717292246840717,1.3104549770368752,0.8442147784081877,0.8371843356882833,0.9229757964937033,-7.056749361560316e-05,-28127193.09278581,-562543.8617140078,0.0010957882734223873,0.0010930821729108694,1519.6103474289778,1512.114117034625,3016222.1809273884,60324.443603351654,7.746236334530741,0.1549247266515883,3001343.1716951574,60026.863418782006,7.70802418866651,0.1541604837344962,"[1.302,1.770]",1.619,"[1.050,1.500]",1.25,0.002,0.0,322,0.645,0.12,-1.6444774774709998,20,0.8155225225290001,0.005,0.0,129,0.6475,0.1,-0.2758164774709999,11,0.8741835225290002,0.66587441805639,0.6594815203165176,0.9302629738898864,0.9225478361716071,0.9155564210981225,0.6628280361898936,0.9161141858143352,0.9223602149666011
26,56,3.595,20.016,0.675,2085.150473,41.70300947,Day:1993md,0.8200847,0.020478138,0.0089,3.6039000000000003,2.92,2.9289,1.0,0.0,0.0,2085.150473,41.70300947,0.349345103079185,0.03020146294708988,0.9697985370529102,0.031141996809840672,0.014903337439687192,0.6600966625603129,4.433234524286382,1.0049574501751584,1.2681473485631254,1.2751616637018157,1.7307866637018159,1.3155936544776339,0.8788774239658745,0.8718631088271842,0.9220511424621696,-1.3717913580499961e-05,-152002012.60664344,-3040040.252861842,0.0010957882734223868,0.001093082172910869,1557.8750460708613,1550.1900561056914,3248403.8891895534,64968.077799369814,8.342523437028213,0.16685046878057347,3232379.5287286793,64647.59059007547,8.301369809810513,0.16602739623602208,"[1.302,1.770]",1.619,"[1.050,1.500]",1.25,0.002,0.0,330,0.661,0.12,-1.6444774774709998,20,0.8155225225290001,0.005,0.0,132,0.6625,0.1,-0.2758164774709999,11,0.8741835225290002,0.6816703892618037,0.6744815203165176,0.9296230723936262,0.9217000623419254,0.9155564210981225,0.6628280361898936,0.9161141858143352,0.9223602149666011
26,56,3.595,20.016,0.69,2172.757744,43.45515488,Day:1993md,0.906681845,0.039719108,0.0089,3.6039000000000003,2.9050000000000002,2.9139000000000004,1.0,0.0,0.0,2172.757744,43.45515488,0.349345103079185,0.03020146294708988,0.9697985370529102,0.031141996809840672,0.014903337439687192,0.6750966625603128,4.433234524286382,1.0049574501751584,1.2616328930054381,1.268631080562915,1.744731080562915,1.3208826899323478,0.9135400695235618,0.9065418819660849,0.9211001035535703,4.1784764681035837e-05,51998802.92699396,1039976.0585398792,0.0010957882734223873,0.0010930821729108694,1597.7696149082828,1589.8878252306113,3471566.3039198695,69431.3260783974,8.91564726604073,0.17831294532081463,3454441.0843611294,69088.82168722259,8.871666421784111,0.17743332843568224,"[1.302,1.770]",1.619,"[1.050,1.500]",1.25,0.002,0.0,337,0.675,0.12,-1.6444774774709998,21,0.9355225225290003,0.005,0.0,135,0.6775,0.1,-0.2758164774709999,11,0.8741835225290002,0.6954879919199612,0.6894815203165177,0.9290409902324475,0.9208348321696962,0.9476441568573738,0.6628280361898936,0.9134555662355087,0.9223602149666011
26,56,3.595,20.016,0.705,2247.838809,44.95677618,Day:1993md,0.952025559,0.039727048,0.0089,3.6039000000000003,2.89,2.8989000000000003,1.0,0.0,0.0,2247.838809,44.95677618,0.349345103079185,0.03020146294708988,0.9697985370529102,0.031141996809840672,0.014903337439687192,0.6900966625603128,4.433234524286382,1.0049574501751584,1.2551184374477509,1.262100497424014,1.759125497424014,1.3263202846311346,0.9482027150812491,0.941220655104986,0.920122411326129,9.593332787540298e-05,23431260.634671874,468625.2126934375,0.001095788273422387,0.0010930821729108692,1639.3527203116832,1631.2658013789076,3685000.6663563238,73700.01332712648,9.463787593300816,0.18927575186601633,3666822.576133994,73336.45152267988,9.417102775496945,0.1883420555099389,"[1.302,1.770]",1.619,"[1.050,1.500]",1.25,0.002,0.0,345,0.6910000000000001,0.12,-1.6444774774709998,21,0.9355225225290003,0.005,0.0,138,0.6925,0.1,-0.2758164774709999,12,0.9741835225290001,0.7112751163043924,0.7044815203165177,0.9283493479334998,0.9199522483106455,0.9476441568573738,0.7161174306411887,0.9134555662355087,0.9192557181624261
26,56,3.595,20.016,0.72,2311.061177,46.22122354,Day:1993md,0.986559777,0.038726798,0.0089,3.6039000000000003,2.875,2.8839,1.0,0.0,0.0,2311.061177,46.22122354,0.349345103079185,0.03020146294708988,0.9697985370529102,0.031141996809840672,0.014903337439687192,0.7050966625603128,4.433234524286382,1.0049574501751584,1.2486039818900634,1.2555699142851129,1.7739699142851129,1.3319046190644106,0.9828653606389366,0.9758994282438871,0.919117796179633,0.0001487228541477114,15539381.558026422,310787.6311605284,0.0010957882734223873,0.0010930821729108694,1682.6852956980208,1674.3846173832915,3888788.659996461,77775.77319992922,9.987154197677084,0.19974308395354168,3869605.284600524,77392.10569201047,9.9378876149795,0.19875775229958997,"[1.302,1.770]",1.619,"[1.050,1.500]",1.25,0.002,0.0,352,0.705,0.12,-1.6444774774709998,21,0.9355225225290003,0.005,0.0,141,0.7075,0.1,-0.2758164774709999,12,0.9741835225290001,0.7250849844947638,0.7194815203165177,0.9277201020325904,0.9190524151772161,0.9476441568573738,0.7161174306411887,0.9134555662355087,0.9192557181624261
26,56,3.595,20.016,0.735,2363.517026,47.27034052,Day:1993md,0.880044433,0.036301833,0.0089,3.6039000000000003,2.8600000000000003,2.8689000000000004,1.0,0.0,0.0,2363.517026,47.27034052,0.349345103079185,0.03020146294708988,0.9697985370529102,0.031141996809840672,0.014903337439687192,0.7200966625603128,4.433234524286382,1.0049574501751584,1.2420895263323763,1.2490393311462118,1.7892643311462118,1.3376338554126879,1.0175280061966236,1.0105782013827882,0.9180859873869877,0.00020015063328850238,11808691.220043078,236173.82440086157,0.0010957882734223873,0.0010930821729108694,1727.8306154163142,1719.3072354607284,4083757.0775805167,81675.14155161033,10.487870441303148,0.20975740882606295,4063611.9239364224,81272.23847872845,10.436133827830394,0.2087226765566079,"[1.302,1.770]",1.619,"[1.050,1.500]",1.25,0.002,0.0,360,0.721,0.12,-1.6444774774709998,22,1.055522522529,0.005,0.0,144,0.7225,0.1,-0.2758164774709999,12,0.9741835225290001,0.7408632769060475,0.7344815203165177,0.9269722530156421,0.9181354389086704,0.979194997784839,0.7161174306411887,0.9105735845501721,0.9192557181624261
26,56,3.595,20.016,0.75,2406.409952,48.12819904,Day:1993md,0.885135967,0.025348964,0.0089,3.6039000000000003,2.845,2.8539000000000003,1.0,0.0,0.0,2406.409952,48.12819904,0.349345103079185,0.03020146294708988,0.9697985370529102,0.031141996809840672,0.014903337439687192,0.7350966625603128,4.433234524286382,1.0049574501751584,1.2355750707746889,1.242508748007311,1.805008748007311,1.3435061399217016,1.0521906517543111,1.045256974521689,0.9170267131269078,0.000250216082547459,9617327.261702178,192346.54523404356,0.0010957882734223873,0.0010930821729108694,1774.854370996278,1766.0990230849386,4271027.221716143,85420.54443432287,10.968816044067124,0.2193763208813425,4249958.265369074,84999.16530738148,10.914706928293654,0.21829413856587307,"[1.302,1.770]",1.619,"[1.050,1.500]",1.25,0.002,0.0,367,0.735,0.12,-1.6444774774709998,22,1.055522522529,0.005,0.0,147,0.7375,0.1,-0.2758164774709999,13,1.0741835225290002,0.7546654236023258,0.7494815203165177,0.9262916785271652,0.9172014273408332,0.979194997784839,0.7694068250924838,0.9105735845501721,0.9159345737234854
26,56,3.595,20.016,0.765,2441.221785,48.82443571,Day:1993md,0.942151186,0.024987488,0.0089,3.6039000000000003,2.83,2.8389,1.0,0.0,0.0,2441.221785,48.82443571,0.349345103079185,0.03020146294708988,0.9697985370529102,0.031141996809840672,0.014903337439687192,0.7500966625603128,4.433234524286382,1.0049574501751584,1.2290606152170018,1.2359781648684098,1.8212031648684097,1.3495196052182457,1.0868532973119982,1.0799357476605902,0.9159397005177584,0.00029892065874158433,8166788.455763528,163335.76914872427,0.0010957882734223868,0.001093082172910869,1823.8247498419676,1814.8278312918476,4452360.711336386,89047.21424496599,11.434515180836849,0.22869030366357632,4430397.237773963,88607.94477362755,11.37810877350467,0.22756217551670163,"[1.302,1.770]",1.619,"[1.050,1.500]",1.25,0.002,0.0,375,0.751,0.12,-1.6444774774709998,22,1.055522522529,0.005,0.0,150,0.7525000000000001,0.1,-0.2758164774709999,13,1.0741835225290002,0.7704348988468226,0.7644815203165177,0.9254825452939708,0.9162504899754922,0.979194997784839,0.7694068250924838,0.9105735845501721,0.9159345737234854
26,56,3.595,20.016,0.78,2469.334948,49.38669897,Day:1993md,0.894977816,0.02441953,0.0089,3.6039000000000003,2.8150000000000004,2.8239000000000005,1.0,0.0,0.0,2469.334948,49.38669897,0.349345103079185,0.03020146294708988,0.9697985370529102,0.031141996809840672,0.014903337439687192,0.7650966625603128,4.433234524286382,1.0049574501751584,1.2225461596593146,1.2294475817295087,1.8378475817295088,1.3556723725625999,1.1215159428696855,1.1146145207994913,0.9148246756525729,0.00034626776732564685,7131287.347567985,142625.74698023906,0.001095788273422387,0.0010930821729108692,1874.8125164556416,1865.5640755027712,4629540.067831741,92590.80137538294,11.889545707994865,0.23779091420804607,4606702.569372304,92134.0514061017,11.830894637302888,0.23661789279396897,"[1.302,1.770]",1.619,"[1.050,1.500]",1.25,0.002,0.0,382,0.765,0.12,-1.6444774774709998,22,1.055522522529,0.005,0.0,153,0.7675000000000001,0.1,-0.2758164774709999,13,1.0741835225290002,0.7842293369864706,0.7794815203165177,0.9247458995981147,0.9152827379494687,0.979194997784839,0.7694068250924838,0.9105735845501721,0.9159345737234854
26,56,3.595,20.016,0.795,2492.165468,49.84330936,Day:1993md,0.886778999,0.03141846,0.0089,3.6039000000000003,2.8000000000000003,2.8089000000000004,1.0,0.0,0.0,2492.165468,49.84330936,0.349345103079185,0.03020146294708988,0.9697985370529102,0.031141996809840672,0.014903337439687192,0.7800966625603128,4.433234524286382,1.0049574501751584,1.216031704101627,1.2229169985906077,1.8549419985906077,1.3619625540339233,1.156178588427373,1.1492932939383924,0.9136813636352586,0.0003922626690686107,6353307.782046665,127066.15564093331,0.001095788273422387,0.0010930821729108692,1927.891096280437,1918.3808189534957,4804623.616214769,96092.47232429536,12.339193798456883,0.24678387596913762,4780922.431469462,95618.44862938924,12.278324615938944,0.2455664923187789,"[1.302,1.770]",1.619,"[1.050,1.500]",1.25,0.002,0.0,390,0.781,0.12,-1.6444774774709998,23,1.175522522529,0.005,0.0,156,0.7825,0.1,-0.2758164774709999,14,1.1741835225290003,0.7999900098291945,0.7944815203165176,0.9238696906566178,0.9142982840033756,1.010235024753555,0.8226962195437789,0.9074427742027752,0.9124016933519116
26,56,3.595,20.016,0.81,2510.749757,50.21499514,Day:1993md,0.947924019,0.032380766,0.0089,3.6039000000000003,2.785,2.7939000000000003,1.0,0.0,0.0,2510.749757,50.21499514,0.349345103079185,0.03020146294708988,0.9697985370529102,0.031141996809840672,0.014903337439687192,0.7950966625603129,4.433234524286382,1.0049574501751584,1.2095172485439398,1.2163864154517068,1.872486415451707,1.3683882546454815,1.1908412339850603,1.1839720670772933,0.9125094886180136,0.0004369123849519697,5746574.927776447,114931.49855552892,0.0010957882734223873,0.0010930821729108694,1983.1366622541093,1973.3538588210474,4979159.892852296,99583.19785704592,12.787436390243549,0.25574872780487096,4954597.721509957,99091.95443019914,12.724356029217724,0.25448712058435446,"[1.302,1.770]",1.619,"[1.050,1.500]",1.25,0.002,0.0,397,0.795,0.12,-1.6444774774709998,23,1.175522522529,0.005,0.0,159,0.7975,0.1,-0.2758164774709999,14,1.1741835225290003,0.8137767523135793,0.8094815203165177,0.9230715547845622,0.9132972424500799,1.010235024753555,0.8226962195437789,0.9074427742027752,0.9124016933519116
26,56,3.595,20.016,0.825,2526.74148,50.53482959,Day:1993md,0.926093951,0.031463448,0.0089,3.6039000000000003,2.7700000000000005,2.7789000000000006,1.0,0.0,0.0,2526.74148,50.53482959,0.349345103079185,0.03020146294708988,0.9697985370529102,0.031141996809840672,0.014903337439687192,0.8100966625603128,4.433234524286382,1.0049574501751584,1.2030027929862526,1.2098558323128057,1.8904808323128055,1.3749475743870403,1.2255038795427475,1.2186508402161944,0.9113087738399708,0.00048022559987496256,5261571.812618681,105231.43623155006,0.0010957882734223873,0.0010930821729108694,2040.628224169805,2030.5618151436513,5156139.979268585,103122.79956496542,13.241955153667247,0.2648391030209377,5130704.766027556,102614.0953002455,13.176632653809621,0.2635326530240437,"[1.302,1.770]",1.619,"[1.050,1.500]",1.25,0.002,0.0,405,0.811,0.12,-1.6444774774709998,23,1.175522522529,0.005,0.0,162,0.8125,0.1,-0.2758164774709999,14,1.1741835225290003,0.8295286374784112,0.8244815203165177,0.9221216405026882,0.912279729142882,1.010235024753555,0.8226962195437789,0.9074427742027752,0.9124016933519116
26,56,3.595,20.016,0.84,2539.569785,50.79139571,Day:1993md,1.059234527,0.03402151,0.0089,3.6039000000000003,2.7550000000000003,2.7639000000000005,1.0,0.0,0.0,2539.569785,50.79139571,0.349345103079185,0.03020146294708988,0.9697985370529102,0.031141996809840672,0.014903337439687192,0.8250966625603128,4.433234524286382,1.0049574501751584,1.1964883374285653,1.2033252491739046,1.9089252491739046,1.3816386101922256,1.2601665251004348,1.2533296133550955,0.9100789416670887,0.0005222125657181482,4863095.895648502,97261.91793211934,0.0010957882734223873,0.0010930821729108694,2100.4477209438446,2090.0862226333547,5334233.567081099,106684.67136262647,13.699333601973754,0.2739866720934186,5307919.819044451,106158.39640178988,13.631754856472819,0.2726350971831338,"[1.302,1.770]",1.619,"[1.050,1.500]",1.25,0.002,0.0,412,0.8250000000000001,0.12,-1.6444774774709998,24,1.2955225225290001,0.005,0.0,165,0.8275,0.1,-0.2758164774709999,15,1.2741835225290001,0.8433076971729676,0.8394815203165177,0.9212557992790221,0.9112458614434309,1.0407882730607914,0.8759856139950739,0.9040332892922286,0.9086622424889691
26,56,3.595,20.016,0.855,2551.316179,51.02632359,Day:1993md,0.987725481,0.032884987,0.0089,3.6039000000000003,2.74,2.7489000000000003,1.0,0.0,0.0,2551.316179,51.02632359,0.349345103079185,0.03020146294708988,0.9697985370529102,0.031141996809840672,0.014903337439687192,0.8400966625603128,4.433234524286382,1.0049574501751584,1.1899738818708778,1.1967946660350035,1.9278196660350035,1.388459457829073,1.2948291706581223,1.2880083864939966,0.9088197136333076,0.0005628850042814092,4532570.879654298,90651.41761085157,0.0010957882734223875,0.0010930821729108696,2162.6801158945573,2152.0116254848544,5517680.769683379,110353.61541529438,14.170461158574668,0.28340922322703516,5490462.077495597,109809.24157143207,14.100558343146604,0.2820111669181999,"[1.302,1.770]",1.619,"[1.050,1.500]",1.25,0.002,0.0,420,0.841,0.12,-1.6444774774709998,24,1.2955225225290001,0.005,0.0,168,0.8425,0.1,-0.2758164774709999,15,1.2741835225290001,0.8590508093427616,0.8544815203165177,0.9202245604649087,0.9101957581893888,1.0407882730607914,0.8759856139950739,0.9040332892922286,0.9086622424889691
26,56,3.595,20.016,0.87,2562.062906,51.24125812,Day:1993md,1.022613455,0.033410577,0.0089,3.6039000000000003,2.725,2.7339,1.0,0.0,0.0,2562.062906,51.24125812,0.349345103079185,0.03020146294708988,0.9697985370529102,0.031141996809840672,0.014903337439687192,0.8550966625603128,4.433234524286382,1.0049574501751584,1.1834594263131906,1.1902640828961026,1.9471640828961028,1.3954082137124257,1.3294918162158096,1.3226871596328975,0.9075308104829869,0.0006022560105755479,4254109.317317657,85082.18634635313,0.0010957882734223873,0.0010930821729108694,2227.413495140639,2216.425675288455,5706773.492223643,114135.46984447284,14.656087491806648,0.2931217498361329,5678622.0065625515,113572.44013125102,14.583789084057416,0.29167578168114827,"[1.302,1.770]",1.619,"[1.050,1.500]",1.25,0.002,0.0,427,0.855,0.12,-1.6444774774709998,24,1.2955225225290001,0.005,0.0,171,0.8575,0.1,-0.2758164774709999,15,1.2741835225290001,0.872822199077099,0.8694815203165177,0.9192838558453162,0.9091295396618623,1.0407882730607914,0.8759856139950739,0.9040332892922286,0.9086622424889691
26,56,3.595,20.016,0.885,2572.068492,51.44136984,Day:1993md,1.010859551,0.033980433,0.0089,3.6039000000000003,2.71,2.7189,1.0,0.0,0.0,2572.068492,51.44136984,0.349345103079185,0.03020146294708988,0.9697985370529102,0.031141996809840672,0.014903337439687192,0.8700966625603128,4.433234524286382,1.0049574501751584,1.1769449707555033,1.1837334997572013,1.9669584997572014,1.4024829766372215,1.3641544617734969,1.3573659327717988,0.9062119522146429,0.000640339956908901,4016723.4048865065,80334.46809773013,0.001095788273422387,0.0010930821729108692,2294.7391692319898,2283.4192321595606,5902226.314539856,118044.52629079713,15.158047779575277,0.3031609555915056,5873110.6610644385,117462.21322128878,15.083273204187218,0.3016654640837444,"[1.302,1.770]",1.619,"[1.050,1.500]",1.25,0.002,0.0,435,0.871,0.12,-1.6444774774709998,25,1.4155225225290002,0.005,0.0,174,0.8725,0.1,-0.2758164774709999,16,1.3741835225290002,0.8885565528938812,0.8844815203165177,0.9181624978381124,0.9080473275526156,1.0708769502349242,0.9292750084463691,0.9003099693866476,0.9047216222375757
26,56,3.595,25.012,0.36,0.001245464,2.49e-05,Day:1993md,96.34960797,47.93394269,0.0089,3.6039000000000003,3.2350000000000003,3.2439000000000004,1.0,0.0,0.0,0.001245464,2.49e-05,0.43654175250882177,0.046890372901007046,0.9531096270989929,0.04919725031393148,0.023085830497840742,0.33691416950215924,4.433234524286382,1.0049574501751584,2.1813073240938174,2.1927234812297014,2.3223234812297013,1.5239171503824285,-0.6253945415648174,-0.6368106987007014,0.9056247815257249,-0.0013036186585193214,-0.9553898234431726,-0.019100677822670907,0.0004467623514733949,0.0004456590509023154,2285.0573065274607,2273.78513003629,2.8459566132169174,0.05689792693253377,7.308961741346485e-06,1.4612477547285786e-07,2.831917523195518,0.056617249737903615,7.272906668906802e-06,1.4540394267179088e-07,"[1.302,1.770]",1.619,"[2.000,2.500]",2.25,0.002,0.0,168,0.337,0.12,-1.6444774774709998,8,-0.6244774774709998,0.005,0.0,67,0.3375,0.1,-1.275816477471,6,-0.6258164774709999,0.36087609737634807,0.35906673656973176,0.9061756654441819,0.9057702918003372,0.47476752402222344,0.3963810639334181,0.9028106923710987,0.9047600626861014
26,56,3.595,25.012,0.375,0.002265262,4.53e-05,Day:1993md,62.685904,24.85363724,0.0089,3.6039000000000003,3.22,3.2289000000000003,1.0,0.0,0.0,0.002265262,4.53e-05,0.43654175250882177,0.046890372901007046,0.9531096270989929,0.04919725031393148,0.023085830497840742,0.35191416950215926,4.433234524286382,1.0049574501751584,2.17119307065907,2.182584188335825,2.323209188335825,1.524207724798633,-0.5871320981300698,-0.598523215806825,0.9051951893444319,-0.0012649622588720418,-1.7907743761619566,-0.03581134510716051,0.000446762351473395,0.0004456590509023155,2307.0019802321667,2295.621550773189,5.225963919744679,0.10450718970451715,1.3421276407968788e-05,2.6839448208683415e-07,5.200184265347576,0.10399165625002547,1.3355069317242772e-05,2.6707049342243747e-07,"[1.302,1.770]",1.619,"[2.000,2.500]",2.25,0.002,0.0,175,0.35100000000000003,0.12,-1.6444774774709998,8,-0.6244774774709998,0.005,0.0,70,0.3525,0.1,-1.275816477471,6,-0.6258164774709999,0.3747780689545763,0.3740667365697317,0.9058252886275595,0.9053759165740295,0.47476752402222344,0.3963810639334181,0.9028106923710987,0.9047600626861014
26,56,3.595,25.012,0.39,0.004059935,8.12e-05,Day:1993md,36.70009345,14.45835956,0.0089,3.6039000000000003,3.205,3.2139,1.0,0.0,0.0,0.004059935,8.12e-05,0.43654175250882177,0.046890372901007046,0.9531096270989929,0.04919725031393148,0.023085830497840742,0.36691416950215927,4.433234524286382,1.0049574501751584,2.1610788172243227,2.1724448954419486,2.3245448954419485,1.5246458262304556,-0.5488696546953227,-0.5602357329129486,0.904745316432972,-0.001226393441226458,-3.3104669867932848,-0.06621039975458097,0.000446762351473395,0.0004456590509023155,2330.106588524677,2318.612184146257,9.460081292481934,0.18920465498820377,2.4295300889574026e-05,4.859137971995638e-07,9.413414757841833,0.18827130935267605,2.417545228938747e-05,4.835167868200507e-07,"[1.302,1.770]",1.619,"[2.000,2.500]",2.25,0.002,0.0,183,0.367,0.12,-1.6444774774709998,9,-0.5044774774709999,0.005,0.0,73,0.3675,0.1,-1.275816477471,7,-0.5258164774709999,0.3906615334981538,0.38906673656973173,0.90540534350177,0.9049657680437672,0.5166096490576481,0.4496704583847132,0.9012673314916979,0.9031489766982524
26,56,3.595,25.012,0.405,0.007164592,0.000143292,Day:1993md,44.9432429,12.9386293,0.0089,3.6039000000000003,3.1900000000000004,3.1989000000000005,1.0,0.0,0.0,0.007164592,0.000143292,0.43654175250882177,0.046890372901007046,0.9531096270989929,0.04919725031393148,0.023085830497840742,0.3819141695021593,4.433234524286382,1.0049574501751584,2.1509645637895756,2.1623056025480727,2.326330602548073,1.5252313275526677,-0.5106072112605755,-0.5219482500190726,0.9042749331401684,-0.0011879326349608801,-6.031143340241627,-0.12062300149260463,0.0004467623514733949,0.0004456590509023154,2354.400377237734,2342.7861317186866,16.86831810755445,0.3373667388551494,4.3321072119092254e-05,8.664224098300318e-07,16.785106777022648,0.33570251038623405,4.310736948269962e-05,8.621483523297621e-07,"[1.302,1.770]",1.619,"[2.000,2.500]",2.25,0.002,0.0,190,0.381,0.12,-1.6444774774709998,9,-0.5044774774709999,0.005,0.0,76,0.3825,0.1,-1.275816477471,7,-0.5258164774709999,0.4045556281450615,0.40406673656973174,0.9050204432309847,0.904539889538437,0.5166096490576481,0.4496704583847132,0.9012673314916979,0.9031489766982524
26,56,3.595,25.012,0.42,0.012444745,0.000248895,Day:1993md,48.53454288,9.160493043,0.0089,3.6039000000000003,3.1750000000000003,3.1839000000000004,1.0,0.0,0.0,0.012444745,0.000248895,0.43654175250882177,0.046890372901007046,0.9531096270989929,0.04919725031393148,0.023085830497840742,0.39691416950215924,4.433234524286382,1.0049574501751584,2.1408503103548284,2.1521663096541963,2.3285663096541964,1.525964059096477,-0.47234476782582835,-0.48366076712519623,0.9037838082509649,-0.0011496000894425003,-10.825281864787513,-0.2165057242825215,0.00044676235147339484,0.00044565905090231535,2379.9137854981277,2368.173682461205,29.617420182508898,0.5923486416415565,7.60632084080339e-05,1.5212647793681268e-06,29.471317593940668,0.5894265886961816,7.568798897383818e-05,1.5137603876691287e-06,"[1.302,1.770]",1.619,"[2.000,2.500]",2.25,0.002,0.0,198,0.397,0.12,-1.6444774774709998,9,-0.5044774774709999,0.005,0.0,79,0.3975,0.1,-1.275816477471,7,-0.5258164774709999,0.4204300981291027,0.41906673656973176,0.9045601431375964,0.904098325986118,0.5166096490576481,0.4496704583847132,0.9012673314916979,0.9031489766982524
26,56,3.595,25.012,0.435,0.021277058,0.000425541,Day:1993md,31.44231616,5.404882574,0.0089,3.6039000000000003,3.16,3.1689000000000003,1.0,0.0,0.0,0.021277058,0.000425541,0.43654175250882177,0.046890372901007046,0.9531096270989929,0.04919725031393148,0.023085830497840742,0.41191416950215926,4.433234524286382,1.0049574501751584,2.1307360569200813,2.14202701676032,2.33125201676032,1.5268438088947802,-0.4340823243910812,-0.44537328423131983,0.9032717089967426,-0.0011114158356296028,-19.144101890492518,-0.3828818938493318,0.0004467623514733949,0.0004456590509023154,2406.6784849659552,2394.8063517977653,51.20703771197276,1.0241403691708975,0.00013150948183340025,2.630188647738187e-06,50.95443364596946,1.0190882897503728,0.00013086074620420886,2.617213940032745e-06,"[1.302,1.770]",1.619,"[2.000,2.500]",2.25,0.002,0.0,205,0.41100000000000003,0.12,-1.6444774774709998,9,-0.5044774774709999,0.005,0.0,82,0.41250000000000003,0.1,-1.275816477471,8,-0.4258164774709998,0.4343163292188734,0.43406673656973177,0.9041390982012754,0.9036411239023348,0.5166096490576481,0.5029598528360083,0.9012673314916979,0.901341792619896
26,56,3.595,25.012,0.45,0.035817908,0.000716358,Day:1993md,34.34036434,4.43912023,0.0089,3.6039000000000003,3.145,3.1539,1.0,0.0,0.0,0.035817908,0.000716358,0.43654175250882177,0.046890372901007046,0.9531096270989929,0.04919725031393148,0.023085830497840742,0.42691416950215927,4.433234524286382,1.0049574501751584,2.120621803485334,2.1318877238664435,2.3343877238664437,1.527870322987669,-0.395819880956334,-0.40708580133744343,0.9027384010663347,-0.0010733996485037605,-33.368660079149,-0.6673730525238665,0.00044676235147339484,0.00044565905090231535,2434.7274202872645,2422.7169218586373,87.20684274492658,1.744136465342144,0.00022396387711821588,4.479276541908893e-06,86.77665181717586,1.7355326487088096,0.0002228590644103193,4.457180292686204e-06,"[1.302,1.770]",1.619,"[2.000,2.500]",2.25,0.002,0.0,213,0.427,0.12,-1.6444774774709998,10,-0.3844774774709998,0.005,0.0,85,0.4275,0.1,-1.275816477471,8,-0.4258164774709998,0.4501818199065326,0.44906673656973173,0.9036364778270002,0.9031683313779182,0.5572815869439202,0.5029598528360083,0.8995883904557854,0.901341792619896
26,56,3.595,25.012,0.465,0.059398181,0.001187964,Day:1993md,16.78502571,2.390645599,0.0089,3.6039000000000003,3.1300000000000003,3.1389000000000005,1.0,0.0,0.0,0.059398181,0.001187964,0.43654175250882177,0.046890372901007046,0.9531096270989929,0.04919725031393148,0.023085830497840742,0.4419141695021593,4.433234524286382,1.0049574501751584,2.110507550050587,2.121748430972567,2.3379734309725673,1.5290433057871733,-0.35755743752158686,-0.36879831844356703,0.9021836486177565,-0.001035571010478309,-57.35790245090503,-1.1471584159654138,0.0004467623514733948,0.00044565905090231535,2464.0948507990274,2451.9394829796524,146.36275194892863,2.9272559753346155,0.0003758875835930983,7.517754076603648e-06,145.64074521107182,2.9128158359584395,0.0003740333319859296,7.480669032597696e-06,"[1.302,1.770]",1.619,"[2.000,2.500]",2.25,0.002,0.0,220,0.441,0.12,-1.6444774774709998,10,-0.3844774774709998,0.005,0.0,88,0.4425,0.1,-1.275816477471,9,-0.32581647747099984,0.4640602007755419,0.46406673656973174,0.9031774652659289,0.9026799980664841,0.5572815869439202,0.5562492472873035,0.8995883904557854,0.8993408960139521
26,56,3.595,25.012,0.48,0.097097921,0.001941958,Day:1993md,17.92005404,1.822902058,0.0089,3.6039000000000003,3.115,3.1239000000000003,1.0,0.0,0.0,0.097097921,0.001941958,0.43654175250882177,0.046890372901007046,0.9531096270989929,0.04919725031393148,0.023085830497840742,0.45691416950215924,4.433234524286382,1.0049574501751584,2.10039329661584,2.1116091380786908,2.3420091380786907,1.5303624205000235,-0.3192949940868397,-0.33051083554969063,0.9016072142906628,-0.000997949075922896,-97.29747072535196,-1.9459489936438805,0.0004467623514733949,0.0004456590509023154,2494.816393526795,2482.5094764877485,242.24148508816964,4.844828653940508,0.0006221225363921026,1.2442448036832167e-05,241.04650902975877,4.820929137941195,0.0006190536089698825,1.2381069501662503e-05,"[1.302,1.770]",1.619,"[2.000,2.500]",2.25,0.002,0.0,228,0.457,0.12,-1.6444774774709998,10,-0.3844774774709998,0.005,0.0,91,0.4575,0.1,-1.275816477471,9,-0.32581647747099984,0.47991672738685054,0.47906673656973175,0.9026303168809483,0.9021761751715341,0.5572815869439202,0.5562492472873035,0.8995883904557854,0.8993408960139521
26,56,3.595,25.012,0.495,0.156574172,0.003131483,Day:1993md,12.32642637,1.187935389,0.0089,3.6039000000000003,3.1,3.1089,1.0,0.0,0.0,0.156574172,0.003131483,0.43654175250882177,0.046890372901007046,0.9531096270989929,0.04919725031393148,0.023085830497840742,0.47191416950215925,4.433234524286382,1.0049574501751584,2.0902790431810923,2.1014698451848144,2.3464948451848144,1.5318272896070282,-0.2810325506520921,-0.29222335265581423,0.9010088592195549,-0.00096055263693655,-163.00426023435364,-3.260084746617433,0.00044676235147339484,0.00044565905090231535,2526.9290675167695,2514.463738814355,395.6518264491703,7.913035417134616,0.0010161096795998248,2.0322190736555825e-05,393.70007792888197,7.874000452213593,0.001011097215531586,2.0221941469276916e-05,"[1.302,1.770]",1.619,"[2.000,2.500]",2.25,0.002,0.0,235,0.47100000000000003,0.12,-1.6444774774709998,11,-0.2644774774709999,0.005,0.0,94,0.47250000000000003,0.1,-1.275816477471,9,-0.32581647747099984,0.4937872713338223,0.49406673656973177,0.902131290458404,0.901656915433185,0.5968763486071639,0.5562492472873035,0.8977695156869345,0.8993408960139521
26,56,3.595,25.012,0.51,0.249239751,0.004984795,Day:1993md,12.5581894,0.974964864,0.0089,3.6039000000000003,3.085,3.0939,1.0,0.0,0.0,0.249239751,0.004984795,0.43654175250882177,0.046890372901007046,0.9531096270989929,0.04919725031393148,0.023085830497840742,0.48691416950215927,4.433234524286382,1.0049574501751584,2.080164789746345,2.0913305522909376,2.3514305522909376,1.5334374953974934,-0.24277010721734493,-0.2539358697619374,0.9003883430477487,-0.0009234000904934877,-269.9152334572549,-5.398304647486014,0.0004467623514733948,0.00044565905090231535,2560.4713395456392,2547.840546979739,638.1712391109916,12.763424731010405,0.0016389459872396166,3.277891961327671e-05,635.0231435169339,12.700462819381869,0.0016308610747190915,3.2617221363514985e-05,"[1.302,1.770]",1.619,"[2.000,2.500]",2.25,0.002,0.0,243,0.487,0.12,-1.6444774774709998,11,-0.2644774774709999,0.005,0.0,97,0.4875,0.1,-1.275816477471,10,-0.22581647747099987,0.5096348490458595,0.5090667365697318,0.9015371373722012,0.9011222731145327,0.5968763486071639,0.6095386417385985,0.8977695156869345,0.8971489113594271
26,56,3.595,25.012,0.525,0.391917276,0.007838346,Day:1993md,9.491798979,0.683817776,0.0089,3.6039000000000003,3.0700000000000003,3.0789000000000004,1.0,0.0,0.0,0.391917276,0.007838346,0.43654175250882177,0.046890372901007046,0.9531096270989929,0.04919725031393148,0.023085830497840742,0.5019141695021593,4.433234524286382,1.0049574501751584,2.070050536311598,2.0811912593970616,2.3568162593970614,1.535192580556935,-0.20450766378259777,-0.21564838686806143,0.8997454239421251,-0.0008865094070769369,-442.0903747567192,-8.8418080365838,0.0004467623514733948,0.00044565905090231535,2595.4831712529895,2582.6796654929135,1017.214694381313,20.344295133458182,0.002612402188227526,5.224804696408554e-05,1012.1967792805738,20.243936825297716,0.002599515221039656,5.199030760454485e-05,"[1.302,1.770]",1.619,"[2.000,2.500]",2.25,0.002,0.0,250,0.501,0.12,-1.6444774774709998,11,-0.2644774774709999,0.005,0.0,100,0.5025000000000001,0.1,-1.275816477471,10,-0.22581647747099987,0.5234975693320081,0.5240667365697318,0.900995802515871,0.9005723039876586,0.5968763486071639,0.6095386417385985,0.8977695156869345,0.8971489113594271
26,56,3.595,25.012,0.54,0.609117098,0.012182342,Day:1993md,6.895225915,1.129503674,0.0089,3.6039000000000003,3.055,3.0639000000000003,1.0,0.0,0.0,0.609117098,0.012182342,0.43654175250882177,0.046890372901007046,0.9531096270989929,0.04919725031393148,0.023085830497840742,0.5169141695021593,4.433234524286382,1.0049574501751584,2.0599362828768504,2.0710519665031852,2.362651966503185,1.5370920488061817,-0.16624522034785016,-0.17736090397418502,0.8990798586086765,-0.0008498981009066616,-716.6942688190512,-14.33388542344549,0.00044676235147339506,0.0004456590509023156,2632.006067742812,2619.0223947133964,1603.199897901893,32.0639980633181,0.004117324439549496,8.234648906136974e-05,1595.2913206648345,31.905826518057587,0.0040970136982733645,8.194027423451334e-05,"[1.302,1.770]",1.619,"[2.000,2.500]",2.25,0.002,0.0,258,0.517,0.12,-1.6444774774709998,12,-0.14447747747099982,0.005,0.0,103,0.5175,0.1,-1.275816477471,10,-0.22581647747099987,0.5393362132790926,0.5390667365697317,0.9003518681674634,0.9000070653192832,0.6354752398811444,0.6095386417385985,0.8958049228573495,0.8971489113594271
26,56,3.595,25.012,0.555,0.936093187,0.018721864,Day:1993md,6.217329726,0.85675231,0.0089,3.6039000000000003,3.04,3.0489,1.0,0.0,0.0,0.936093187,0.018721864,0.43654175250882177,0.046890372901007046,0.9531096270989929,0.04919725031393148,0.023085830497840742,0.5319141695021593,4.433234524286382,1.0049574501751584,2.0498220294421032,2.060912673609309,2.368937673609309,1.5391353655898201,-0.127982776913103,-0.13907342108030862,0.8983914023088685,-0.0008135832018557046,-1150.5807701841213,-23.01161572325638,0.00044676235147339484,0.00044565905090231535,2670.083127702317,2656.911620722785,2499.44662456579,49.98893318553742,0.0064190577146007125,0.00012838115607490834,2487.116866619727,49.742338023191564,0.006387392534362432,0.00012774785246134774,"[1.302,1.770]",1.619,"[2.000,2.500]",2.25,0.002,0.0,265,0.531,0.12,-1.6444774774709998,12,-0.14447747747099982,0.005,0.0,106,0.5325,0.1,-1.275816477471,11,-0.12581647747099978,0.553191123128272,0.5540667365697317,0.899765652770892,0.8994266158560743,0.6354752398811444,0.6628280361898936,0.8958049228573495,0.8947686935805487
26,56,3.595,25.012,0.57,1.422798579,0.028455972,Day:1993md,5.587579377,0.636773197,0.0089,3.6039000000000003,3.0250000000000004,3.0339000000000005,1.0,0.0,0.0,1.422798579,0.028455972,0.43654175250882177,0.046890372901007046,0.9531096270989929,0.04919725031393148,0.023085830497840742,0.5469141695021592,4.433234524286382,1.0049574501751584,2.039707776007356,2.0507733807154325,2.3756733807154324,1.5413219588117961,-0.08972033347835606,-0.10078593818643244,0.8976798088768334,-0.0007775812291412568,-1829.774852681702,-36.59549759377054,0.00044676235147339495,0.00044565905090231545,2709.759095088027,2696.391866755883,3855.4413899235706,77.10882893657023,0.009901512020277338,0.00019803024332840254,3836.4225164474274,76.72845146143312,0.009852667910021028,0.0001970533611088579,"[1.302,1.770]",1.619,"[2.000,2.500]",2.25,0.002,0.0,273,0.547,0.12,-1.6444774774709998,12,-0.14447747747099982,0.005,0.0,109,0.5475,0.1,-1.275816477471,11,-0.12581647747099978,0.5690208484020971,0.5690667365697317,0.8990688246820746,0.8988310158096184,0.6354752398811444,0.6628280361898936,0.8958049228573495,0.8947686935805487
26,56,3.595,25.012,0.585,2.138743809,0.042774876,Day:1993md,4.170672505,0.439510331,0.0089,3.6039000000000003,3.0100000000000002,3.0189000000000004,1.0,0.0,0.0,2.138743809,0.042774876,0.43654175250882177,0.046890372901007046,0.9531096270989929,0.04919725031393148,0.023085830497840742,0.5619141695021592,4.433234524286382,1.0049574501751584,2.029593522572609,2.040634087821556,2.382859087821556,1.5436512196158678,-0.0514578900436089,-0.06249845529255604,0.8969448307374126,-0.0007419081668635733,-2882.760838233616,-57.655216522054694,0.00044676235147339495,0.00044565905090231545,2751.0804124310102,2737.5093462429804,5883.85620014799,117.67712350776533,0.015110869806920755,0.0003022173948666608,5854.831166356812,117.09662283438456,0.015036327960240521,0.0003007265579393297,"[1.302,1.770]",1.619,"[2.000,2.500]",2.25,0.002,0.0,280,0.561,0.12,-1.6444774774709998,13,-0.02447747747099993,0.005,0.0,112,0.5625,0.1,-1.275816477471,12,-0.02581647747099991,0.5828679610009573,0.5840667365697317,0.8984348450208064,0.8982203268410598,0.6731498254958411,0.7161174306411887,0.8936873849346735,0.892203318927476
26,56,3.595,25.012,0.6,3.178511984,0.06357024,Day:1993md,2.979381562,0.317758752,0.0089,3.6039000000000003,2.995,3.0039000000000002,1.0,0.0,0.0,3.178511984,0.06357024,0.43654175250882177,0.046890372901007046,0.9531096270989929,0.04919725031393148,0.023085830497840742,0.5769141695021592,4.433234524286382,1.0049574501751584,2.019479269137862,2.0304947949276797,2.3904947949276796,1.5461225032084875,-0.013195446608861516,-0.02421097239867942,0.8961862189250676,-0.0007065794414556291,-4498.449569169357,-89.96899183627323,0.0004467623514733949,0.0004456590509023154,2794.095275815018,2780.312017516784,8881.06531861582,177.6213072664269,0.022808276954998905,0.0004561655413962251,8837.255066936317,176.74510222842616,0.02269576383659184,0.00045391527901675636,"[1.302,1.770]",1.619,"[2.000,2.500]",2.25,0.002,0.0,288,0.577,0.12,-1.6444774774709998,13,-0.02447747747099993,0.005,0.0,115,0.5775,0.1,-1.275816477471,12,-0.02581647747099991,0.5986887826507754,0.5990667365697318,0.8976816326719381,0.8975946120454159,0.6731498254958411,0.7161174306411887,0.8936873849346735,0.892203318927476
26,56,3.595,25.012,0.615,4.667232829,0.093344657,Day:1993md,2.164023174,0.19904728,0.0089,3.6039000000000003,2.9800000000000004,2.9889000000000006,1.0,0.0,0.0,4.667232829,0.093344657,0.43654175250882177,0.046890372901007046,0.9531096270989929,0.04919725031393148,0.023085830497840742,0.5919141695021592,4.433234524286382,1.0049574501751584,2.0093650157031147,2.0203555020338033,2.3985805020338034,1.5487351297216072,0.0250669968258852,0.014076510495196537,0.8954037231036736,-0.0006716099010947803,-6949.3210588349275,-138.98642180206159,0.0004467623514733949,0.0004456590509023154,2838.8536915833483,2824.8496402395467,13249.591146085642,264.99182411403143,0.0340274880950344,0.0006805497649627905,13184.23097791485,263.6846207447339,0.03385963066307295,0.0006771926163084562,"[1.302,1.770]",1.619,"[2.000,2.500]",2.25,0.002,0.0,295,0.591,0.12,-1.6444774774709998,13,-0.02447747747099993,0.005,0.0,118,0.5925,0.1,-1.275816477471,12,-0.02581647747099991,0.6125281111489045,0.6140667365697318,0.8969966535245076,0.8969539359355759,0.6731498254958411,0.7161174306411887,0.8936873849346735,0.892203318927476
26,56,3.595,25.012,0.63,6.764690634,0.135293813,Day:1993md,2.202613661,0.168522119,0.0089,3.6039000000000003,2.9650000000000003,2.9739000000000004,1.0,0.0,0.0,6.764690634,0.135293813,0.43654175250882177,0.046890372901007046,0.9531096270989929,0.04919725031393148,0.023085830497840742,0.6069141695021593,4.433234524286382,1.0049574501751584,1.9992507622683673,2.010216209139927,2.407116209139927,1.551488385112801,0.06332944026063303,0.05236399338907338,0.8945970915872165,-0.0006370137971162662,-10619.378519937027,-212.38757090108444,0.00044676235147339495,0.00044565905090231545,2885.407534832345,2871.173833608015,19518.889326153392,390.3777874463983,0.050128246739915325,0.0010025649371695961,19422.602740794013,388.4520557346559,0.049880964344488674,0.0009976192892493655,"[1.302,1.770]",1.619,"[2.000,2.500]",2.25,0.002,0.0,303,0.607,0.12,-1.6444774774709998,14,0.09552252252900018,0.005,0.0,121,0.6075,0.1,-1.275816477471,13,0.07418352252900018,0.6283400441816909,0.6290667365697318,0.8961831390016444,0.8962983644259916,0.709963488653555,0.7694068250924838,0.8914081756621667,0.8894560752618567
26,56,3.595,25.012,0.645,9.665978185,0.193319564,Day:1993md,1.77943708,0.241051651,0.0089,3.6039000000000003,2.95,2.9589000000000003,1.0,0.0,0.0,9.665978185,0.193319564,0.43654175250882177,0.046890372901007046,0.9531096270989929,0.04919725031393148,0.023085830497840742,0.6219141695021593,4.433234524286382,1.0049574501751584,1.9891365088336201,2.0000769162460506,2.4161019162460504,1.5543815221000443,0.10159188369537975,0.09065147628294934,0.8937660713614108,-0.0006028047674569843,-16035.006202385015,-320.70012454537385,0.0004467623514733949,0.0004456590509023154,2933.8106097516397,2919.338136396017,28358.1493527809,567.1629879357612,0.07282915969705517,0.0014565831962014798,28218.258741042457,564.3651756966506,0.07246989380929657,0.0014493978784351574,"[1.302,1.770]",1.619,"[2.000,2.500]",2.25,0.002,0.0,310,0.621,0.12,-1.6444774774709998,14,0.09552252252900018,0.005,0.0,124,0.6225,0.1,-1.275816477471,13,0.07418352252900018,0.64217160169175,0.6440667365697318,0.8954435268592622,0.8956279648160638,0.709963488653555,0.7694068250924838,0.8914081756621667,0.8894560752618567
26,56,3.595,25.012,0.66,13.59616042,0.271923208,Day:1993md,1.404808373,0.186081947,0.0089,3.6039000000000003,2.935,2.9439,1.0,0.0,0.0,13.59616042,0.271923208,0.43654175250882177,0.046890372901007046,0.9531096270989929,0.04919725031393148,0.023085830497840742,0.6369141695021593,4.433234524286382,1.0049574501751584,1.9790222553988728,1.9899376233521744,2.4255376233521746,1.5574137611284211,0.13985432713012758,0.12893895917682596,0.892910408106255,-0.0005689958221466235,-23895.009226441085,-477.9001838258289,0.00044676235147339495,0.00044565905090231545,2984.118711873583,2969.3980688968154,40572.55671895699,811.4511331854925,0.1041980975501486,0.002083961947937457,40372.412495559314,807.4482487234271,0.10368408884573915,0.00207368177386439,"[1.302,1.770]",1.619,"[1.500,2.000]",1.75,0.002,0.0,318,0.637,0.12,-1.6444774774709998,14,0.09552252252900018,0.005,0.0,127,0.6375000000000001,0.1,-0.7758164774709999,9,0.17418352252900016,0.6579746610723731,0.6542741284431247,0.8945653068571436,0.8908978194389491,0.709963488653555,0.5562492472873035,0.8914081756621667,0.8962248743232122
26,56,3.595,25.012,0.675,18.79633024,0.375926605,Day:1993md,1.346007421,0.154285436,0.0089,3.6039000000000003,2.92,2.9289,1.0,0.0,0.0,18.79633024,0.375926605,0.43654175250882177,0.046890372901007046,0.9531096270989929,0.04919725031393148,0.023085830497840742,0.6519141695021593,4.433234524286382,1.0049574501751584,1.9689080019641256,1.9797983304582978,2.4354233304582977,1.5605842913659926,0.1781167705648743,0.16722644207070214,0.8920298462195437,-0.0005355993308522707,-35094.01367266535,-701.8802738267204,0.0004467623514733948,0.00044565905090231535,3036.389692296662,3021.411196829713,57072.98339374004,1141.4596684820788,0.14657435399826127,0.0029314870815248316,56791.44264644492,1135.8288535331808,0.1458513034285324,0.002917026070122561,"[1.302,1.770]",1.619,"[1.500,2.000]",1.75,0.002,0.0,325,0.651,0.12,-1.6444774774709998,15,0.21552252252900006,0.005,0.0,130,0.6525,0.1,-0.7758164774709999,9,0.17418352252900016,0.671798460670253,0.6692741284431246,0.8937669748463706,0.8900127284273216,0.745972683541745,0.5562492472873035,0.8889569705435271,0.8962248743232122
26,56,3.595,25.012,0.69,25.50104414,0.510020883,Day:1993md,1.15289397,0.119210805,0.0089,3.6039000000000003,2.9050000000000002,2.9139000000000004,1.0,0.0,0.0,25.50104414,0.510020883,0.43654175250882177,0.046890372901007046,0.9531096270989929,0.04919725031393148,0.023085830497840742,0.6669141695021592,4.433234524286382,1.0049574501751584,1.9587937485293785,1.9696590375644216,2.4457590375644216,1.563892271726036,0.21637921399962146,0.20551392496457832,0.8911241288413548,-0.0005026270124717632,-50735.52257884789,-1014.7104519748673,0.00044676235147339484,0.00044565905090231535,3090.6835239502766,3075.4371972779427,78815.65696702675,1576.3131399586719,0.20241370466288972,0.004048274094845288,78426.8597175827,1568.5371949667417,0.2014151988500709,0.00402830397858108,"[1.302,1.770]",1.619,"[1.500,2.000]",1.75,0.002,0.0,333,0.667,0.12,-1.6444774774709998,15,0.21552252252900006,0.005,0.0,133,0.6675,0.1,-0.7758164774709999,9,0.17418352252900016,0.687592661321645,0.6842741284431246,0.8928190922782023,0.8891093926812134,0.745972683541745,0.5562492472873035,0.8889569705435271,0.8962248743232122
26,56,3.595,25.012,0.705,33.90821169,0.678164234,Day:1993md,1.191451804,0.1067588,0.0089,3.6039000000000003,2.89,2.8989000000000003,1.0,0.0,0.0,33.90821169,0.678164234,0.43654175250882177,0.046890372901007046,0.9531096270989929,0.04919725031393148,0.023085830497840742,0.6819141695021592,4.433234524286382,1.0049574501751584,1.9486794950946313,1.9595197446705452,2.4565447446705453,1.5673368319128296,0.2546416574343686,0.24380140785845472,0.8901929978795281,-0.00047008992676076403,-72131.33011304964,-1442.6266026864434,0.0004467623514733948,0.00044565905090231535,3147.062369970806,3131.5379267274357,106711.25704260319,2134.2251414814764,0.2740549492122317,0.0054810989858610866,106184.85093473761,2123.6970193210595,0.27270303749125446,0.005454060751433567,"[1.302,1.770]",1.619,"[1.500,2.000]",1.75,0.002,0.0,340,0.681,0.12,-1.6444774774709998,15,0.21552252252900006,0.005,0.0,136,0.6825,0.1,-0.7758164774709999,10,0.27418352252900013,0.7014087160466147,0.6992741284431246,0.891957435092276,0.8881879285970596,0.745972683541745,0.6095386417385985,0.8889569705435271,0.8934280211707414
26,56,3.595,25.012,0.72,44.14843421,0.882968684,Day:1993md,1.173314545,0.074294821,0.0089,3.6039000000000003,2.875,2.8839,1.0,0.0,0.0,44.14843421,0.882968684,0.43654175250882177,0.046890372901007046,0.9531096270989929,0.04919725031393148,0.023085830497840742,0.6969141695021592,4.433234524286382,1.0049574501751584,1.938565241659884,1.9493804517766689,2.467780451776669,1.5709170734881803,0.292904100869116,0.2820888907523311,0.889236194036157,-0.0004379984679685859,-100795.86445760448,-2015.9172886954668,0.00044676235147339484,0.00044565905090231535,3205.5906542616954,3189.777491278839,141521.8081038633,2830.436161436148,0.36345511248961404,0.0072691022481457665,140823.68171826267,2816.473633727298,0.36166219020145174,0.007233243802390643,"[1.302,1.770]",1.619,"[1.500,2.000]",1.75,0.002,0.0,348,0.6970000000000001,0.12,-1.6444774774709998,16,0.33552252252900017,0.005,0.0,139,0.6975,0.1,-0.7758164774709999,10,0.27418352252900013,0.7171940728499138,0.7142741284431247,0.8909342981335119,0.8872484545362452,0.7812279515929325,0.6095386417385985,0.8863217046097203,0.8934280211707414
26,56,3.595,25.012,0.735,58.41074008,1.168214802,Day:1993md,1.058024601,0.06026289,0.0089,3.6039000000000003,2.8600000000000003,2.8689000000000004,1.0,0.0,0.0,58.41074008,1.168214802,0.43654175250882177,0.046890372901007046,0.9531096270989929,0.04919725031393148,0.023085830497840742,0.7119141695021592,4.433234524286382,1.0049574501751584,1.928450988225137,1.9392411588827925,2.4794661588827926,1.5746320709558765,0.33116654430386294,0.3203763736462075,0.8882534568351074,-0.00040636236044839515,-143740.52758121456,-2874.8105526086347,0.00044676235147339484,0.00044565905090231535,3266.3351343131676,3250.222319108002,190789.0525445383,3815.7810521973006,0.48998283362427664,0.009799656675840963,189847.8910836323,3796.9578229727354,0.4875657507080279,0.009751315017499436,"[1.302,1.770]",1.619,"[1.500,2.000]",1.75,0.002,0.0,355,0.711,0.12,-1.6444774774709998,16,0.33552252252900017,0.005,0.0,142,0.7125,0.1,-0.7758164774709999,10,0.27418352252900013,0.731002395704742,0.7292741284431247,0.8900041148491193,0.8862910907884032,0.7812279515929325,0.6095386417385985,0.8863217046097203,0.8934280211707414
26,56,3.595,25.012,0.75,75.80713173,1.516142635,Day:1993md,0.96033181,0.049731469,0.0089,3.6039000000000003,2.845,2.8539000000000003,1.0,0.0,0.0,75.80713173,1.516142635,0.43654175250882177,0.046890372901007046,0.9531096270989929,0.04919725031393148,0.023085830497840742,0.7269141695021593,4.433234524286382,1.0049574501751584,1.9183367347903897,1.9291018659889163,2.4916018659889163,1.5784808728612825,0.3694289877386103,0.3586638565400837,0.8872445246505863,-0.0003751906561986351,-202049.62591036875,-4040.9925192735,0.0004467623514733948,0.00044565905090231535,3329.364976360107,3312.941235253112,252389.60934017895,5047.792188135325,0.6481848634001472,0.012963697271423123,251144.57263458156,5022.891454016808,0.6449873706465605,0.012899747416334517,"[1.302,1.770]",1.619,"[1.500,2.000]",1.75,0.002,0.0,363,0.727,0.12,-1.6444774774709998,16,0.33552252252900017,0.005,0.0,145,0.7275,0.1,-0.7758164774709999,11,0.3741835225290002,0.7467789234994768,0.7442741284431247,0.8888994007004797,0.885315959534293,0.7812279515929325,0.6628280361898936,0.8863217046097203,0.8903953292669479
26,56,3.595,25.012,0.765,95.07782462,1.901556492,Day:1993md,0.885590308,0.06373726,0.0089,3.6039000000000003,2.83,2.8389,1.0,0.0,0.0,95.07782462,1.901556492,0.43654175250882177,0.046890372901007046,0.9531096270989929,0.04919725031393148,0.023085830497840742,0.7419141695021593,4.433234524286382,1.0049574501751584,1.9082224813556425,1.91896257309504,2.50418757309504,1.58246250290332,0.4076914311733575,0.3969513394339601,0.8862091347367739,-0.00034449173428427297,-275994.50192190165,-5519.890037276902,0.0004467623514733948,0.00044565905090231535,3394.7518329598906,3378.0055388098317,322765.61940258404,6455.31238669378,0.8289239381512944,0.01657847875953854,321173.4181843498,6423.468362335794,0.8248348604279888,0.01649669720508963,"[1.302,1.770]",1.619,"[1.500,2.000]",1.75,0.002,0.0,370,0.741,0.12,-1.6444774774709998,17,0.4555225225290003,0.005,0.0,148,0.7425,0.1,-0.7758164774709999,11,0.3741835225290002,0.7605795274505951,0.7592741284431247,0.8878948028191389,0.8843231848082841,0.8157747537766752,0.6628280361898936,0.8834883837357616,0.8903953292669479
26,56,3.595,25.012,0.78,115.98308,2.3196616,Day:1993md,0.939792253,0.059922534,0.0089,3.6039000000000003,2.8150000000000004,2.8239000000000005,1.0,0.0,0.0,115.98308,2.3196616,0.43654175250882177,0.046890372901007046,0.9531096270989929,0.04919725031393148,0.023085830497840742,0.7569141695021593,4.433234524286382,1.0049574501751584,1.8981082279208954,1.9088232802011635,2.5172232802011636,1.586575961056124,0.44595387460810465,0.4352388223278365,0.8851470232585424,-0.00031427330207897935,-369051.6478261095,-7381.032956522189,0.0004467623514733948,0.00044565905090231535,3462.5699230751757,3445.48908261904,401599.52439362195,8031.990487872438,1.0313845072353538,0.020627690144707077,399618.4359085307,7992.368718170614,1.0262966925172698,0.020525933850345394,"[1.302,1.770]",1.619,"[1.500,2.000]",1.75,0.002,0.0,378,0.757,0.12,-1.6444774774709998,17,0.4555225225290003,0.005,0.0,151,0.7575000000000001,0.1,-0.7758164774709999,12,0.4741835225290001,0.7763472410348484,0.7742741284431247,0.886701342775994,0.8833128924604606,0.8157747537766752,0.7161174306411887,0.8834883837357616,0.8871317688350576
26,56,3.595,25.012,0.795,138.2370294,2.764740588,Day:1993md,0.918711872,0.053386564,0.0089,3.6039000000000003,2.8000000000000003,2.8089000000000004,1.0,0.0,0.0,138.2370294,2.764740588,0.43654175250882177,0.046890372901007046,0.9531096270989929,0.04919725031393148,0.023085830497840742,0.7719141695021593,4.433234524286382,1.0049574501751584,1.8879939744861478,1.8986839873072872,2.530708987307287,1.5908202246977146,0.48421631804285226,0.4735263052217129,0.8840579253232766,-0.0002845423982624535,-485822.2544131868,-9716.445088263736,0.0004467623514733949,0.0004456590509023154,3532.8961147501336,3515.4683555352217,488377.06408186,9767.541281637199,1.2542458518686375,0.025084917037372746,485967.90241889213,9719.358048377842,1.24805866323,0.0249611732646,"[1.302,1.770]",1.619,"[1.500,2.000]",1.75,0.002,0.0,385,0.771,0.12,-1.6444774774709998,17,0.4555225225290003,0.005,0.0,154,0.7725,0.1,-0.7758164774709999,12,0.4741835225290001,0.790140139012486,0.7892741284431246,0.885615644134151,0.8822852101183711,0.8157747537766752,0.7161174306411887,0.8834883837357616,0.8871317688350576
26,56,3.595,25.012,0.81,161.5338125,3.23067625,Day:1993md,0.829547684,0.046863253,0.0089,3.6039000000000003,2.785,2.7939000000000003,1.0,0.0,0.0,161.5338125,3.23067625,0.43654175250882177,0.046890372901007046,0.9531096270989929,0.04919725031393148,0.023085830497840742,0.7869141695021593,4.433234524286382,1.0049574501751584,1.8778797210514007,1.8885446944134108,2.544644694413411,1.5951942497430873,0.5224787614775994,0.5118137881155893,0.8829415750138142,-0.00025530539750101246,-632708.1764863958,-12654.163529727915,0.00044676235147339484,0.00044565905090231535,3605.8100104721916,3588.0225673671252,582460.2381422381,11649.204762844762,1.495869465003928,0.029917389300078555,579586.9646428499,11591.739292856997,1.488490348266194,0.02976980696532388,"[1.302,1.770]",1.619,"[1.500,2.000]",1.75,0.002,0.0,393,0.787,0.12,-1.6444774774709998,17,0.4555225225290003,0.005,0.0,157,0.7875,0.1,-0.7758164774709999,12,0.4741835225290001,0.8058990531430368,0.8042741284431246,0.8843252856433887,0.8812402671484418,0.8157747537766752,0.7161174306411887,0.8834883837357616,0.8871317688350576
26,56,3.595,25.012,0.825,185.5732754,3.711465509,Day:1993md,0.851415699,0.044941816,0.0089,3.6039000000000003,2.7700000000000005,2.7789000000000006,1.0,0.0,0.0,185.5732754,3.711465509,0.43654175250882177,0.046890372901007046,0.9531096270989929,0.04919725031393148,0.023085830497840742,0.8019141695021592,4.433234524286382,1.0049574501751584,1.8677654676166535,1.8784054015195344,2.5590304015195344,1.5996969717791973,0.5607412049123466,0.5501012710094657,0.881797705422527,-0.00022656801673413357,-819062.0992095328,-16381.24198860434,0.00044676235147339495,0.00044565905090231545,3681.3940353151847,3663.2337365861,683168.3491714621,13663.366987110636,1.7545071853182428,0.03509014371581938,679798.2830540633,13595.9656647445,1.7458522099741058,0.034917044208890004,"[1.302,1.770]",1.619,"[1.500,2.000]",1.75,0.002,0.0,400,0.801,0.12,-1.6444774774709998,18,0.5755225225289999,0.005,0.0,160,0.8025,0.1,-0.7758164774709999,13,0.5741835225290002,0.8196842580413772,0.8192741284431246,0.883150869929751,0.8801781946170768,0.8496541580601374,0.7694068250924838,0.8804408437684051,0.8836426311947292
26,56,3.595,25.012,0.84,210.0539586,4.201079171,Day:1993md,0.818837223,0.029278191,0.0089,3.6039000000000003,2.7550000000000003,2.7639000000000005,1.0,0.0,0.0,210.0539586,4.201079171,0.43654175250882177,0.046890372901007046,0.9531096270989929,0.04919725031393148,0.023085830497840742,0.8169141695021592,4.433234524286382,1.0049574501751584,1.8576512141819064,1.868266108625658,2.573866108625658,1.6043273071993938,0.5990036483470937,0.5883887539033421,0.880626048686558,-0.00019833532298496636,-1059084.9649909406,-21181.699294776845,0.00044676235147339484,0.00044565905090231535,3759.733527963742,3741.1867809014616,789746.9108299278,15794.938212838822,2.02822134736548,0.04056442693765389,785851.0931903429,15717.02186006567,2.0182161414017807,0.04036432281842753,"[1.302,1.770]",1.619,"[1.500,2.000]",1.75,0.002,0.0,408,0.8170000000000001,0.12,-1.6444774774709998,18,0.5755225225289999,0.005,0.0,163,0.8175,0.1,-0.7758164774709999,13,0.5741835225290002,0.835434387433871,0.8342741284431247,0.8817543101300915,0.8790991252514617,0.8496541580601374,0.7694068250924838,0.8804408437684051,0.8836426311947292
26,56,3.595,25.012,0.855,234.7167974,4.694335947,Day:1993md,0.826527978,0.027820761,0.0089,3.6039000000000003,2.74,2.7489000000000003,1.0,0.0,0.0,234.7167974,4.694335947,0.43654175250882177,0.046890372901007046,0.9531096270989929,0.04919725031393148,0.023085830497840742,0.8319141695021592,4.433234524286382,1.0049574501751584,1.847536960747159,1.8581268157317816,2.5891518157317814,1.6090841543349377,0.6372660917818411,0.6266762367972185,0.8794263360242353,-0.00017061174260889388,-1375736.4751736869,-27514.729497612476,0.0004467623514733949,0.0004456590509023154,3840.9168347228715,3821.96961080633,901527.6985258975,18030.553966677035,2.3152958223919713,0.04630591643797522,897080.4668085861,17941.609332349755,2.3038744794502777,0.04607748957919001,"[1.302,1.770]",1.619,"[1.500,2.000]",1.75,0.002,0.0,415,0.8310000000000001,0.12,-1.6444774774709998,18,0.5755225225289999,0.005,0.0,166,0.8325,0.1,-0.7758164774709999,14,0.6741835225290003,0.8492119121111656,0.8492741284431247,0.8804824705592877,0.878003193400097,0.8496541580601374,0.8226962195437789,0.8804408437684051,0.8799335080570445
26,56,3.595,25.012,0.87,259.3078155,5.18615631,Day:1993md,0.890833157,0.036751688,0.0089,3.6039000000000003,2.725,2.7339,1.0,0.0,0.0,259.3078155,5.18615631,0.43654175250882177,0.046890372901007046,0.9531096270989929,0.04919725031393148,0.023085830497840742,0.8469141695021593,4.433234524286382,1.0049574501751584,1.8374227073124119,1.8479875228379052,2.604887522837905,1.6139663945813447,0.6755285352165883,0.6649637196910949,0.8781982977726782,-0.0001434010718909947,-1808269.7157041545,-36165.39431408309,0.0004467623514733948,0.00044565905090231535,3925.0354066211403,3905.673226201795,1017792.3570510822,20355.847141021644,2.6138857366179473,0.05227771473235895,1012771.5923432248,20255.431846864496,2.60099145109314,0.0520198290218628,"[1.302,1.770]",1.619,"[1.500,2.000]",1.75,0.002,0.0,423,0.847,0.12,-1.6444774774709998,19,0.695522522529,0.005,0.0,169,0.8475,0.1,-0.7758164774709999,14,0.6741835225290003,0.8649532714402923,0.8642741284431247,0.8789690542377191,0.8768905349930763,0.8829034116990423,0.8226962195437789,0.877160448976653,0.8799335080570445
26,56,3.595,25.012,0.885,283.5968052,5.671936105,Day:1993md,0.828641211,0.03370983,0.0089,3.6039000000000003,2.71,2.7189,1.0,0.0,0.0,283.5968052,5.671936105,0.43654175250882177,0.046890372901007046,0.9531096270989929,0.04919725031393148,0.023085830497840742,0.8619141695021593,4.433234524286382,1.0049574501751584,1.8273084538776643,1.8378482299440286,2.6210732299440287,1.6189728935173773,0.7137909786513359,0.7032512025849715,0.8769416634266156,-0.00011670648890075422,-2430000.31850129,-48600.006378594306,0.00044676235147339495,0.00044565905090231545,4012.1838997203363,3992.3918162117566,1137842.5358355646,22756.850720723476,2.922197592006977,0.0584439518504436,1132229.5641842796,22644.591287677988,2.9077824056109582,0.0581556481224724,"[1.302,1.770]",1.619,"[1.500,2.000]",1.75,0.002,0.0,430,0.861,0.12,-1.6444774774709998,19,0.695522522529,0.005,0.0,172,0.8625,0.1,-0.7758164774709999,14,0.6741835225290003,0.8787231287190096,0.8792741284431247,0.8775897983535311,0.8757612875021336,0.8829034116990423,0.8226962195437789,0.877160448976653,0.8799335080570445
26,56,3.595,25.012,0.9,307.3756086,6.147512171,Day:1993md,0.832857237,0.032305751,0.0089,3.6039000000000003,2.6950000000000003,2.7039000000000004,1.0,0.0,0.0,307.3756086,6.147512171,0.43654175250882177,0.046890372901007046,0.9531096270989929,0.04919725031393148,0.023085830497840742,0.8769141695021593,4.433234524286382,1.0049574501751584,1.8171942004429176,1.8277089370501527,2.637708937050153,1.6241025020146214,0.7520534220860826,0.7415386854788475,0.8756561616784324,-9.053056651055415e-05,-3395268.80751559,-67905.3761392658,0.0004467623514733948,0.00044565905090231535,4102.46027874936,4082.222862305588,1260996.2249379104,25219.924494655745,3.2384798563867108,0.0647695971171983,1254775.7367420143,25095.51473075806,3.222504451131003,0.06445008901213611,"[1.302,1.770]",1.619,"[1.500,2.000]",1.75,0.002,0.0,438,0.877,0.12,-1.6444774774709998,19,0.695522522529,0.005,0.0,175,0.8775000000000001,0.1,-0.7758164774709999,15,0.7741835225290001,0.8944557326186455,0.8942741284431247,0.8759472711700106,0.8746155899004799,0.8829034116990423,0.8759856139950739,0.877160448976653,0.8760102700260365
26,56,3.595,25.012,0.915,330.4480019,6.608960039,Day:1993md,0.865491691,0.032077664,0.0089,3.6039000000000003,2.68,2.6889000000000003,1.0,0.0,0.0,330.4480019,6.608960039,0.43654175250882177,0.046890372901007046,0.9531096270989929,0.04919725031393148,0.023085830497840742,0.8919141695021593,4.433234524286382,1.0049574501751584,1.80707994700817,1.8175696441562763,2.6547946441562766,1.6293540573356906,0.7903158655208302,0.7798261683727239,0.8743415204594644,-6.487528648331119e-05,-5093588.32634991,-101871.7665424124,0.00044676235147339495,0.00044565905090231545,4195.965924185072,4175.267244850754,1386548.555687444,27730.971117944846,3.5609222919893924,0.07121844585056389,1379708.7184594497,27594.17437336426,3.5433562797795504,0.07086712560631389,"[1.302,1.770]",1.619,"[1.500,2.000]",1.75,0.002,0.0,445,0.891,0.12,-1.6444774774709998,20,0.8155225225290001,0.005,0.0,178,0.8925000000000001,0.1,-0.7758164774709999,15,0.7741835225290001,0.9082179352856201,0.9092741284431247,0.87444908164448,0.8734535826224473,0.9155564210981225,0.8759856139950739,0.8736257180983646,0.8760102700260365
26,56,3.595,25.012,0.93,352.6501309,7.053002617,Day:1993md,0.873386887,0.031192389,0.0089,3.6039000000000003,2.665,2.6739,1.0,0.0,0.0,352.6501309,7.053002617,0.43654175250882177,0.046890372901007046,0.9531096270989929,0.04919725031393148,0.023085830497840742,0.9069141695021593,4.433234524286382,1.0049574501751584,1.796965693573423,1.8074303512624,2.6723303512624,1.6347263842192064,0.8285783089555772,0.8181136512666003,0.8729974669825561,-3.974205453412143e-05,-8873475.08914579,-177469.50175775355,0.0004467623514733947,0.00044565905090231524,4292.805742908168,4271.629353222822,1513858.5071648373,30277.170139003938,3.887878634303112,0.07775757267503748,1506390.6505703107,30127.81300713458,3.8686997480594596,0.07737399495021882,"[1.302,1.770]",1.619,"[1.500,2.000]",1.75,0.002,0.0,453,0.907,0.12,-1.6444774774709998,20,0.8155225225290001,0.005,0.0,181,0.9075,0.1,-0.7758164774709999,15,0.7741835225290001,0.9239417983489773,0.9242741284431246,0.8726632866818238,0.8722754075229644,0.9155564210981225,0.8759856139950739,0.8736257180983646,0.8760102700260365
26,56,3.595,25.012,0.945,373.8361231,7.476722461,Day:1993md,0.823890419,0.02324548,0.0089,3.6039000000000003,2.6500000000000004,2.6589000000000005,1.0,0.0,0.0,373.8361231,7.476722461,0.43654175250882177,0.046890372901007046,0.9531096270989929,0.04919725031393148,0.023085830497840742,0.9219141695021592,4.433234524286382,1.0049574501751584,1.786851440138676,1.7972910583685235,2.6903160583685235,1.6402182959498177,0.8668407523903243,0.8564011341604767,0.8716237277859002,-1.5131716270841607e-05,-24705467.40427401,-494109.3480193938,0.0004467623514733948,0.00044565905090231535,4393.08828256766,4371.417199605784,1642295.0919911314,32845.90183542953,4.2177283868696085,0.08435456772610987,1634193.6583532852,32683.873162694283,4.1969223534135525,0.08393844705704441,"[1.302,1.770]",1.619,"[1.500,2.000]",1.75,0.002,0.0,460,0.921,0.12,-1.6444774774709998,20,0.8155225225290001,0.005,0.0,184,0.9225,0.1,-0.7758164774709999,16,0.8741835225290002,0.9376963591555452,0.9392741284431246,0.8710328261317645,0.8710812078368797,0.9155564210981225,0.9292750084463691,0.8736257180983646,0.8718790444540098
26,56,3.595,25.012,0.96,393.8679214,7.877358428,Day:1993md,0.832766474,0.022621797,0.0089,3.6039000000000003,2.6350000000000002,2.6439000000000004,1.0,0.0,0.0,393.8679214,7.877358428,0.43654175250882177,0.046890372901007046,0.9531096270989929,0.04919725031393148,0.023085830497840742,0.9369141695021592,4.433234524286382,1.0049574501751584,1.7767371867039288,1.7871517654746472,2.708751765474647,1.6458285954116385,0.905103195825071,0.8946886170543527,0.8702200287781768,8.955426080809393e-06,43980924.8433216,879618.4968664319,0.00044676235147339473,0.0004456590509023153,4496.92584979342,4474.7425366214575,1771194.837148063,35423.89674296126,4.548767623886086,0.09097535247772172,1762457.5416992567,35249.150833985135,4.526328575496665,0.0905265715099333,"[1.302,1.770]",1.619,"[1.500,2.000]",1.75,0.002,0.0,468,0.937,0.12,-1.6444774774709998,21,0.9355225225290003,0.005,0.0,187,0.9375,0.1,-0.7758164774709999,16,0.8741835225290002,0.9534114959353488,0.9542741284431246,0.8690873280340853,0.8698711281381568,0.9476441568573738,0.9292750084463691,0.8698118622418102,0.8718790444540098
26,56,3.595,25.012,0.975,412.6973988,8.253947976,Day:1993md,0.911079161,0.035861627,0.0089,3.6039000000000003,2.62,2.6289000000000002,1.0,0.0,0.0,412.6973988,8.253947976,0.43654175250882177,0.046890372901007046,0.9531096270989929,0.04919725031393148,0.023085830497840742,0.9519141695021592,4.433234524286382,1.0049574501751584,1.7666229332691812,1.7770124725807708,2.7276374725807706,1.6515560761235963,0.9433656392598191,0.9329760999482295,0.8687860952850065,3.2519596260881555e-05,12690729.47552063,253814.58951041257,0.00044676235147339495,0.00044565905090231545,4604.434632402295,4581.720978932758,1900238.1957370613,38004.76391474123,4.880175687706051,0.09760351375412102,1890864.3300329386,37817.28660065877,4.856101804962452,0.09712203609924905,"[1.302,1.770]",1.619,"[1.500,2.000]",1.75,0.002,0.0,475,0.9510000000000001,0.12,-1.6444774774709998,21,0.9355225225290003,0.005,0.0,190,0.9525,0.1,-0.7758164774709999,17,0.9741835225290001,0.9671584275974894,0.9692741284431247,0.8673090719952145,0.8686453142989591,0.9476441568573738,0.9825644028976641,0.8698118622418102,0.8675461927981994
26,56,3.595,25.012,0.99,430.2550472,8.605100944,Day:1993md,0.839037223,0.034165782,0.0089,3.6039000000000003,2.6050000000000004,2.6139000000000006,1.0,0.0,0.0,430.2550472,8.605100944,0.43654175250882177,0.046890372901007046,0.9531096270989929,0.04919725031393148,0.023085830497840742,0.9669141695021592,4.433234524286382,1.0049574501751584,1.756508679834434,1.7668731796868944,2.7469731796868944,1.6573995232552996,0.9816280826945658,0.9712635828421055,0.8673216520967378,5.556152595914871e-05,7743758.64903967,154875.1729807934,0.00044676235147339495,0.00044565905090231545,4715.7348257498825,4692.472128972184,2028968.7100356994,40579.37420071399,5.210780307461331,0.1042156061492266,2018959.8173356112,40379.196346712226,5.185075553749187,0.10370151107498374,"[1.302,1.770]",1.619,"[1.500,2.000]",1.75,0.002,0.0,483,0.967,0.12,-1.6444774774709998,21,0.9355225225290003,0.005,0.0,193,0.9675,0.1,-0.7758164774709999,17,0.9741835225290001,0.9828648526061343,0.9842741284431247,0.8651846877537741,0.8674039134486436,0.9476441568573738,0.9825644028976641,0.8698118622418102,0.8675461927981994
26,56,3.595,25.012,1.005,446.5295796,8.930591593,Day:1993md,0.924910731,0.034936095,0.0089,3.6039000000000003,2.5900000000000003,2.5989000000000004,1.0,0.0,0.0,446.5295796,8.930591593,0.43654175250882177,0.046890372901007046,0.9531096270989929,0.04919725031393148,0.023085830497840742,0.9819141695021592,4.433234524286382,1.0049574501751584,1.746394426399687,1.756733886793018,2.766758886793018,1.6633577146221488,1.019890526129313,1.0095510657359819,0.865826423517581,7.808243628890342e-05,5718694.252159982,114373.88505600663,0.00044676235147339484,0.00044565905090231535,4830.950763386675,4807.119706953432,2157162.413443351,43143.24827369798,5.540006294019485,0.11080012589279653,2146521.141832791,42930.42284146295,5.512677470129599,0.11025354941493762,"[1.302,1.770]",1.619,"[1.500,2.000]",1.75,0.002,0.0,490,0.981,0.12,-1.6444774774709998,22,1.055522522529,0.005,0.0,196,0.9825,0.1,-0.7758164774709999,17,0.9741835225290001,0.9966041678045698,0.9992741284431247,0.8632404645974544,0.8661470739326855,0.979194997784839,0.9825644028976641,0.8656902137472168,0.8675461927981994
26,56,3.595,25.012,1.02,461.5196973,9.230393946,Day:1993md,0.907870244,0.032934672,0.0089,3.6039000000000003,2.575,2.5839000000000003,1.0,0.0,0.0,461.5196973,9.230393946,0.43654175250882177,0.046890372901007046,0.9531096270989929,0.04919725031393148,0.023085830497840742,0.9969141695021593,4.433234524286382,1.0049574501751584,1.7362801729649395,1.7465945938991418,2.786994593899142,1.6694294216585324,1.0581529695640604,1.047838548629858,0.864300133416108,0.00010008401883759592,4611322.593359262,92226.45186718523,0.0004467623514733949,0.0004456590509023154,4950.21105218454,4925.791685331301,2284619.9063753234,45692.398127506465,5.867341551050939,0.11734683102101877,2273349.887576959,45466.99775153917,5.838397983942799,0.11676795967885595,"[1.302,1.770]",1.619,"[1.500,2.000]",1.75,0.002,0.0,498,0.997,0.12,-1.6444774774709998,22,1.055522522529,0.005,0.0,199,0.9975,0.1,-0.7758164774709999,18,1.0741835225290002,1.0123018955142626,1.0142741284431247,0.8609146728191438,0.8648749452715521,0.979194997784839,1.0358537973489592,0.8656902137472168,0.8630182876251543
26,56,3.595,25.012,1.035,475.3273479,9.506546958,Day:1993md,0.837317696,0.031977962,0.0089,3.6039000000000003,2.5600000000000005,2.5689000000000006,1.0,0.0,0.0,475.3273479,9.506546958,0.43654175250882177,0.046890372901007046,0.9531096270989929,0.04919725031393148,0.023085830497840742,1.0119141695021592,4.433234524286382,1.0049574501751584,1.7261659195301926,1.7364553010052657,2.8076803010052656,1.6756134103680556,1.0964154129988073,1.0861260315237342,0.8627425052771324,0.00012156841637850634,3909957.5536137302,78199.1510722746,0.00044676235147339495,0.00044565905090231545,5073.64871210693,5048.620427882416,2411643.986502038,48232.87973004075,6.19356372097589,0.12387127441951779,2399747.358539112,47994.94717078224,6.163010901502731,0.12326021803005462,"[1.302,1.770]",1.619,"[1.500,2.000]",1.75,0.002,0.0,505,1.0110000000000001,0.12,-1.6444774774709998,22,1.055522522529,0.005,0.0,202,1.0125,0.1,-0.7758164774709999,18,1.0741835225290002,1.0260336068946643,1.0292741284431246,0.8587830819182809,0.8635876781195445,0.979194997784839,1.0358537973489592,0.8656902137472168,0.8630182876251543
26,56,3.595,25.012,1.05,487.9883458,9.759766916,Day:1993md,0.872971668,0.025410443,0.0089,3.6039000000000003,2.545,2.5539,1.0,0.0,0.0,487.9883458,9.759766916,0.43654175250882177,0.046890372901007046,0.9531096270989929,0.04919725031393148,0.023085830497840742,1.0269141695021593,4.433234524286382,1.0049574501751584,1.7160516660954448,1.7263160081113886,2.8288160081113887,1.6819084422498713,1.1346778564335551,1.1244135144176113,0.8611532622549845,0.00014253820332447436,3423561.784970321,68471.23569940642,0.00044676235147339495,0.00044565905090231545,5201.401320804177,5175.7428335872355,2538223.2263811654,50764.46452762331,6.5186434559334465,0.13037286911866894,2525702.1836484396,50514.04367296879,6.486487019721367,0.12972974039442733,"[1.302,1.770]",1.619,"[1.500,2.000]",1.75,0.002,0.0,513,1.027,0.12,-1.6444774774709998,23,1.175522522529,0.005,0.0,205,1.0275,0.1,-0.7758164774709999,19,1.1741835225290003,1.0417226517375866,1.0442741284431247,0.8562292722595615,0.8622854242236285,1.010235024753555,1.0891431918002543,0.8612275183300271,0.8583020894066462
26,56,3.595,25.012,1.065,499.6740885,9.99348177,Day:1993md,0.970632681,0.026217089,0.0089,3.6039000000000003,2.5300000000000002,2.5389000000000004,1.0,0.0,0.0,499.6740885,9.99348177,0.43654175250882177,0.046890372901007046,0.9531096270989929,0.04919725031393148,0.023085830497840742,1.0419141695021592,4.433234524286382,1.0049574501751584,1.705937412660698,1.7161767152175127,2.8504017152175125,1.6883132752002847,1.1729402998683018,1.1627009973114872,0.8595321272281982,0.0001629963660013073,3065553.5504146907,61311.071008293824,0.0004467623514733948,0.00044565905090231535,5333.611163223446,5307.300485501976,2665067.2963971,53301.345927942006,6.8444033254119905,0.13688806650823981,2651920.5324888076,53038.41064977615,6.810639917360731,0.13621279834721461,"[1.302,1.770]",1.619,"[1.500,2.000]",1.75,0.002,0.0,520,1.041,0.12,-1.6444774774709998,23,1.175522522529,0.005,0.0,208,1.0425,0.1,-0.7758164774709999,19,1.1741835225290003,1.0554467719106455,1.0592741284431246,0.8538849411303027,0.8609683363822709,1.010235024753555,1.0891431918002543,0.8612275183300271,0.8583020894066462
26,56,3.595,25.012,1.08,510.5020305,10.21004061,Day:1993md,1.016646299,0.040352435,0.0089,3.6039000000000003,2.515,2.5239000000000003,1.0,0.0,0.0,510.5020305,10.21004061,0.43654175250882177,0.046890372901007046,0.9531096270989929,0.04919725031393148,0.023085830497840742,1.0569141695021593,4.433234524286382,1.0049574501751584,1.6958231592259505,1.7060374223236363,2.872437422323636,1.6948266643889092,1.21120274330305,1.200988480205364,0.8578788228556234,0.00018294628281486364,2790447.680298666,55808.95360597332,0.00044676235147339495,0.00044565905090231545,5470.4253864318025,5443.439804817944,2792663.2674721824,55853.265349443645,7.172094220841199,0.14344188441682398,2778887.073264084,55577.74146528168,7.136714315209209,0.1427342863041842,"[1.302,1.770]",1.619,"[1.500,2.000]",1.75,0.002,0.0,528,1.057,0.12,-1.6444774774709998,23,1.175522522529,0.005,0.0,211,1.0575,0.1,-0.7758164774709999,19,1.1741835225290003,1.0711271482791105,1.0742741284431248,0.851071451116922,0.8596365684043024,1.010235024753555,1.0891431918002543,0.8612275183300271,0.8583020894066462
26,56,3.595,25.012,1.095,520.6262364,10.41252473,Day:1993md,0.952698818,0.039375657,0.0089,3.6039000000000003,2.5,2.5089,1.0,0.0,0.0,520.6262364,10.41252473,0.43654175250882177,0.046890372901007046,0.9531096270989929,0.04919725031393148,0.023085830497840742,1.0719141695021592,4.433234524286382,1.0049574501751584,1.6857089057912034,1.69589812942976,2.8949231294297597,1.701447363108762,1.2494651867377966,1.23927596309924,0.8561930716339776,0.00020239170438197,2572369.4456242737,51447.388922367296,0.00044676235147339495,0.00044565905090231545,5611.996159859992,5584.312210314828,2921752.4393991604,58435.0487992072,7.503619942088893,0.1500723988706032,2907339.4489387744,58146.78898994411,7.466604621699212,0.1493320924626674,"[1.302,1.770]",1.619,"[1.500,2.000]",1.75,0.002,0.0,535,1.071,0.12,-1.6444774774709998,24,1.2955225225290001,0.005,0.0,214,1.0725,0.1,-0.7758164774709999,20,1.2741835225290004,1.0848436898207154,1.0892741284431247,0.8484840770831613,0.8582902750678238,1.0407882730607914,1.1424325862515496,0.8563850537286275,0.8534045232470341
26,56,3.595,25.012,1.11,530.2270305,10.60454061,Day:1993md,0.982597963,0.040171471,0.0089,3.6039000000000003,2.4850000000000003,2.4939000000000004,1.0,0.0,0.0,530.2270305,10.60454061,0.43654175250882177,0.046890372901007046,0.9531096270989929,0.04919725031393148,0.023085830497840742,1.0869141695021594,4.433234524286382,1.0049574501751584,1.6755946523564562,1.6857588365358835,2.917858836535884,1.7081741235997823,1.2877276301725442,1.2775634459931169,0.854474595956851,0.0002213367336914141,2395567.2502117893,47911.34500423579,0.000446762351473395,0.0004456590509023155,5758.480841184281,5730.074283424249,3053302.1966122836,61066.04393224568,7.841464917690019,0.1568292983538004,3038240.2718444546,60764.8054368891,7.802783009691899,0.156055660193838,"[1.302,1.770]",1.619,"[1.500,2.000]",1.75,0.002,0.0,543,1.087,0.12,-1.6444774774709998,24,1.2955225225290001,0.005,0.0,217,1.0875000000000001,0.1,-0.7758164774709999,20,1.2741835225290004,1.1005154120673168,1.1042741284431248,0.8453729426296321,0.8569296120791756,1.0407882730607914,1.1424325862515496,0.8563850537286275,0.8534045232470341
26,56,3.595,25.012,1.125,539.4743663,10.78948733,Day:1993md,0.962047564,0.03892678,0.0089,3.6039000000000003,2.47,2.4789000000000003,1.0,0.0,0.0,539.4743663,10.78948733,0.43654175250882177,0.046890372901007046,0.9531096270989929,0.04919725031393148,0.023085830497840742,1.1019141695021593,4.433234524286382,1.0049574501751584,1.665480398921709,1.6756195436420072,2.941244543642007,1.7150056978453474,1.325990073607291,1.3158509288869928,0.85272311817518,0.00023978580635715982,2249817.7623426784,44996.355263535115,0.00044676235147339484,0.00044565905090231535,5910.04214807398,5880.8879391300525,3188316.2426385013,63766.32487641019,8.188206850566704,0.16376413707204657,3172588.2942434982,63451.765908393514,8.14781446631352,0.16295628938668338,"[1.302,1.770]",1.619,"[1.500,2.000]",1.75,0.002,0.0,550,1.101,0.12,-1.6444774774709998,24,1.2955225225290001,0.005,0.0,220,1.1025,0.1,-0.7758164774709999,20,1.2741835225290004,1.1142243875186608,1.1192741284431247,0.8425060424438795,0.855554736031986,1.0407882730607914,1.1424325862515496,0.8563850537286275,0.8534045232470341
26,56,3.595,25.012,1.14,548.5209539,10.97041908,Day:1993md,0.927949965,0.037190922,0.0089,3.6039000000000003,2.455,2.4639,1.0,0.0,0.0,548.5209539,10.97041908,0.43654175250882177,0.046890372901007046,0.9531096270989929,0.04919725031393148,0.023085830497840742,1.1169141695021592,4.433234524286382,1.0049574501751584,1.6553661454869617,1.6654802507481308,2.9650802507481306,1.7219408383414718,1.3642525170420383,1.3541384117808692,0.8509383606591988,0.000257743671021838,2128164.5897467067,42563.291802693784,0.0004467623514733949,0.0004456590509023154,6066.848336043089,6036.920602942614,3327793.436452983,66555.86874119335,8.5464110019041,0.17092822006924366,3311377.4477446456,66227.54896696676,8.504251598328375,0.17008503199757546,"[1.302,1.770]",1.619,"[1.500,2.000]",1.75,0.002,0.0,558,1.117,0.12,-1.6444774774709998,24,1.2955225225290001,0.005,0.0,223,1.1175,0.1,-0.7758164774709999,21,1.374183522529,1.1298874699564365,1.1342741284431246,0.8390513576809295,0.854165804366319,1.0407882730607914,1.1957219807028445,0.8563850537286275,0.8483326556769433
26,56,3.595,25.012,1.155,557.9077328,11.15815466,Day:1993md,1.080823879,0.040329249,0.0089,3.6039000000000003,2.4400000000000004,2.4489000000000005,1.0,0.0,0.0,557.9077328,11.15815466,0.43654175250882177,0.046890372901007046,0.9531096270989929,0.04919725031393148,0.023085830497840742,1.1319141695021593,4.433234524286382,1.0049574501751584,1.645251892052215,1.6553409578542546,2.989365957854255,1.7289782988384368,1.402514960476785,1.3924258946747454,0.8491200458618844,0.0002752153699643791,2027167.7881660806,40543.355777855686,0.0004467623514733948,0.00044565905090231535,6229.073382655887,6198.34539419574,3475248.2083623726,69504.96419216375,8.925103101938078,0.17850206210275138,3458104.825987067,69162.09654453472,8.881075612089331,0.17762151230546078,"[1.302,1.770]",1.619,"[1.500,2.000]",1.75,0.002,0.0,565,1.131,0.12,-1.6444774774709998,25,1.4155225225290002,0.005,0.0,226,1.1325,0.1,-0.7758164774709999,21,1.374183522529,1.143588891824166,1.1492741284431247,0.8358606157807501,0.8527629753279362,1.0708769502349242,1.1957219807028445,0.8511175256794384,0.8483326556769433
26,56,3.595,30.01,0.6,0.00050037,1e-05,Day:1993md,185.0630613,90.53300558,0.0089,3.6039000000000003,2.995,3.0039000000000002,1.0,0.0,0.0,0.00050037,1e-05,0.5237733085234983,0.06703093793401961,0.9329690620659804,0.07184690324627198,0.0329109839015147,0.5670890160984853,4.433234524286382,1.0049574501751584,2.88689513803615,2.9026421022815985,3.2626421022815983,1.806278522897728,-0.8806113155071498,-0.8963582797525982,0.8609442297578348,-0.0007247900039557136,-0.6903654814071826,-0.013797099774310664,0.00021400195199432827,0.00021347346414151618,5108.070124922826,5082.872040037634,2.555925048407634,0.05108070124922826,6.56410512577856e-06,1.311850255966297e-07,2.543316682673631,0.050828720400376344,6.531724427371999e-06,1.3053789050846374e-07,"[1.770,2.067]",1.921,"[2.500,3.000]",2.75,0.002,0.0,283,0.5670000000000001,0.12,-2.7135574774710003,15,-0.8535574774710004,0.005,0.0,113,0.5675,0.1,-1.775816477471,8,-0.9258164774709998,0.5989333382745414,0.5938593446963388,0.8626891899391225,0.8604951744440855,0.745972683541745,0.5029598528360083,0.8552782866858358,0.8643699804934263
26,56,3.595,30.01,0.645,0.002339301,4.68e-05,Day:1993md,52.57980766,15.56020367,0.0089,3.6039000000000003,2.95,2.9589000000000003,1.0,0.0,0.0,0.002339301,4.68e-05,0.5237733085234983,0.06703093793401961,0.9329690620659804,0.07184690324627198,0.0329109839015147,0.6120890160984853,4.433234524286382,1.0049574501751584,2.843519418099046,2.859158998781924,3.275183998781924,1.8097469432995112,-0.7527910255700463,-0.7684306062529243,0.8586623498959806,-0.0006617442950126552,-3.5350527652909545,-0.07072218129074312,0.0002140019519943282,0.00021347346414151607,5291.114411740794,5265.0133702860585,12.37750923449965,0.24762415446946914,3.1787814694006165e-05,6.359462624431353e-07,12.316451042123546,0.24640262572938754,3.1631005559952546e-05,6.328091426480728e-07,"[1.770,2.067]",1.921,"[2.500,3.000]",2.75,0.002,0.0,306,0.613,0.12,-2.7135574774710003,16,-0.7335574774710003,0.005,0.0,122,0.6125,0.1,-1.775816477471,10,-0.7258164774709999,0.6443915878447015,0.6388593446963389,0.8606497207797368,0.8583542720782844,0.7812279515929325,0.6095386417385985,0.8531199265346594,0.8597657676361256
26,56,3.595,30.01,0.66,0.003829264,7.66e-05,Day:1993md,51.96821369,10.78536241,0.0089,3.6039000000000003,2.935,2.9439,1.0,0.0,0.0,0.003829264,7.66e-05,0.5237733085234983,0.06703093793401961,0.9329690620659804,0.07184690324627198,0.0329109839015147,0.6270890160984853,4.433234524286382,1.0049574501751584,2.829060844786678,2.8446646309486994,3.2802646309486994,1.8111500851527185,-0.7101842622576777,-0.725788048419699,0.8578555175212713,-0.000640970599015542,-5.974164814862514,-0.11950626146916708,0.00021400195199432827,0.00021347346414151618,5356.729358439536,5330.304638774396,20.512330890015612,0.4103254688564685,5.2679594975096224e-05,1.0537944041184861e-06,20.4111436622918,0.40830133533011875,5.241972679133277e-05,1.0485960414889364e-06,"[1.770,2.067]",1.921,"[2.500,3.000]",2.75,0.002,0.0,313,0.627,0.12,-2.7135574774710003,16,-0.7335574774710003,0.005,0.0,125,0.6275000000000001,0.1,-1.775816477471,10,-0.7258164774709999,0.6582189422134093,0.6538593446963389,0.8599869900113991,0.8576084139129323,0.7812279515929325,0.6095386417385985,0.8531199265346594,0.8597657676361256
26,56,3.595,30.01,0.675,0.006200339,0.000124007,Day:1993md,35.48193293,6.596413519,0.0089,3.6039000000000003,2.92,2.9289,1.0,0.0,0.0,0.006200339,0.000124007,0.5237733085234983,0.06703093793401961,0.9329690620659804,0.07184690324627198,0.0329109839015147,0.6420890160984853,4.433234524286382,1.0049574501751584,2.81460227147431,2.8301702631154737,3.2857952631154737,1.8126762709087008,-0.66757749894531,-0.6831454905864738,0.8570251775273342,-0.0006203293908787084,-9.9952365487908,-0.19990508562610862,0.00021400195199432822,0.0002134734641415161,5424.745791546636,5397.9855471504125,33.63526289641248,0.6727064513723237,8.638179813715664e-05,1.7276390277361258e-06,33.46934030943304,0.6693879937454812,8.595567715041148e-05,1.719116592881627e-06,"[1.770,2.067]",1.921,"[2.500,3.000]",2.75,0.002,0.0,321,0.643,0.12,-2.7135574774710003,16,-0.7335574774710003,0.005,0.0,128,0.6425,0.1,-1.775816477471,10,-0.7258164774709999,0.6740172020445883,0.6688593446963388,0.8592045433930822,0.856846587178334,0.7812279515929325,0.6095386417385985,0.8531199265346594,0.8597657676361256
26,56,3.595,30.01,0.69,0.009931896,0.000198638,Day:1993md,30.00434105,5.004079785,0.0089,3.6039000000000003,2.9050000000000002,2.9139000000000004,1.0,0.0,0.0,0.009931896,0.000198638,0.5237733085234983,0.06703093793401961,0.9329690620659804,0.07184690324627198,0.0329109839015147,0.6570890160984852,4.433234524286382,1.0049574501751584,2.8001436981619423,2.8156758952822494,3.291775895282249,1.814325190058896,-0.6249707356329424,-0.6405029327532494,0.8561710851160395,-0.0005998274759938168,-16.557921064793607,-0.33115855466755517,0.0002140019519943282,0.00021347346414151607,5495.227688358168,5468.119757110494,54.57802989709374,1.0915610375600897,0.00014016683549684112,2.8033378389606096e-06,54.30879674316669,1.0861763723129143,0.00013947539318446848,2.7895089871436884e-06,"[1.770,2.067]",1.921,"[2.500,3.000]",2.75,0.002,0.0,328,0.657,0.12,-2.7135574774710003,17,-0.6135574774710002,0.005,0.0,131,0.6575,0.1,-1.775816477471,11,-0.6258164774709998,0.6878368055674358,0.6838593446963388,0.858497434479279,0.8560688803961358,0.8157747537766752,0.6628280361898936,0.8508404524225667,0.8571548218776097
26,56,3.595,30.01,0.705,0.015741823,0.000314836,Day:1993md,17.97758753,4.440400581,0.0089,3.6039000000000003,2.89,2.8989000000000003,1.0,0.0,0.0,0.015741823,0.000314836,0.5237733085234983,0.06703093793401961,0.9329690620659804,0.07184690324627198,0.0329109839015147,0.6720890160984853,4.433234524286382,1.0049574501751584,2.785685124849574,2.8011815274490246,3.2982065274490244,1.8160965082971292,-0.5823639723205742,-0.5978603749200246,0.8552929942167417,-0.0005794714982195573,-27.165827911065854,-0.543315764394526,0.0002140019519943282,0.00021347346414151607,5568.241213266531,5540.773106658415,87.65426760054697,1.7530827906199815,0.00022511294985413526,4.502252418940076e-06,87.22186952817688,1.7444348418079085,0.00022400246877606547,4.480042829828626e-06,"[1.770,2.067]",1.921,"[2.500,3.000]",2.75,0.002,0.0,336,0.673,0.12,-2.7135574774710003,17,-0.6135574774710002,0.005,0.0,134,0.6725,0.1,-1.775816477471,11,-0.6258164774709998,0.7036262147338732,0.6988593446963388,0.8576629330300366,0.8552753836865986,0.8157747537766752,0.6628280361898936,0.8508404524225667,0.8571548218776097
26,56,3.595,30.01,0.72,0.024694783,0.000493896,Day:1993md,14.29451708,3.13831468,0.0089,3.6039000000000003,2.875,2.8839,1.0,0.0,0.0,0.024694783,0.000493896,0.5237733085234983,0.06703093793401961,0.9329690620659804,0.07184690324627198,0.0329109839015147,0.6870890160984853,4.433234524286382,1.0049574501751584,2.7712265515372057,2.7866871596158,3.3050871596158,1.8179898678528987,-0.5397572090082057,-0.5552178170867998,0.8543906575084652,-0.0005592679322972732,-44.15554973545978,-0.8831116026467873,0.00021400195199432827,0.00021347346414151618,5643.854787211405,5616.0136792136955,139.37376925369682,2.7874773039845637,0.00035793853725375817,7.158775673205232e-06,138.68623913321383,2.773726692108927,0.0003561728282041907,7.123461467903441e-06,"[1.770,2.067]",1.921,"[2.500,3.000]",2.75,0.002,0.0,343,0.687,0.12,-2.7135574774710003,17,-0.6135574774710002,0.005,0.0,137,0.6875,0.1,-1.775816477471,12,-0.5258164774709999,0.7174380804303553,0.7138593446963388,0.8569090508599045,0.8544661887432496,0.8157747537766752,0.7161174306411887,0.8508404524225667,0.8543430195873891
26,56,3.595,30.01,0.735,0.038354766,0.000767095,Day:1993md,14.18337435,2.685455049,0.0089,3.6039000000000003,2.8600000000000003,2.8689000000000004,1.0,0.0,0.0,0.038354766,0.000767095,0.5237733085234983,0.06703093793401961,0.9329690620659804,0.07184690324627198,0.0329109839015147,0.7020890160984853,4.433234524286382,1.0049574501751584,2.7567679782248384,2.772192791782575,3.312417791782575,1.8200048878457924,-0.49715044569583844,-0.512575259253575,0.8534638264430207,-0.0005392230766964641,-71.12968205103435,-1.4225930475742752,0.00021400195199432822,0.0002134734641415161,5722.139159362869,5693.911874941105,219.47130847679952,4.38942433845146,0.0005636443611018309,1.127288251946079e-05,218.38865758798735,4.3677713297079475,0.0005608639062316429,1.1217273445254813e-05,"[1.770,2.067]",1.921,"[2.500,3.000]",2.75,0.002,0.0,351,0.7030000000000001,0.12,-2.7135574774710003,18,-0.49355747747100054,0.005,0.0,140,0.7025,0.1,-1.775816477471,12,-0.5258164774709999,0.7332186537906296,0.7288593446963388,0.8560196242372674,0.8536413888072003,0.8496541580601374,0.7161174306411887,0.8484348745148728,0.8543430195873891
26,56,3.595,30.01,0.75,0.058997049,0.001179941,Day:1993md,8.797050211,1.242435024,0.0089,3.6039000000000003,2.845,2.8539000000000003,1.0,0.0,0.0,0.058997049,0.001179941,0.5237733085234983,0.06703093793401961,0.9329690620659804,0.07184690324627198,0.0329109839015147,0.7170890160984853,4.433234524286382,1.0049574501751584,2.74230940491247,2.7576984239493503,3.3201984239493503,1.822141164660233,-0.45454368238346987,-0.46993270142035026,0.8525122512690707,-0.0005193430469047077,-113.59938166424543,-2.2719876717950998,0.00021400195199432822,0.0002134734641415161,5803.167481115009,5774.540484379264,342.36975623854875,6.8473952408343255,0.0008792711168260334,1.7585422634593584e-05,340.6808479094072,6.813617073678953,0.0008749336767171402,1.7498673830945327e-05,"[1.770,2.067]",1.921,"[2.500,3.000]",2.75,0.002,0.0,358,0.717,0.12,-2.7135574774710003,18,-0.49355747747100054,0.005,0.0,143,0.7175,0.1,-1.775816477471,13,-0.4258164774709998,0.7470227946438186,0.7438593446963389,0.8552163348436548,0.8528010786411425,0.8496541580601374,0.7694068250924838,0.8484348745148728,0.8513344616629843
26,56,3.595,30.01,0.765,0.089898979,0.00179798,Day:1993md,7.797641371,0.932157416,0.0089,3.6039000000000003,2.83,2.8389,1.0,0.0,0.0,0.089898979,0.00179798,0.5237733085234983,0.06703093793401961,0.9329690620659804,0.07184690324627198,0.0329109839015147,0.7320890160984853,4.433234524286382,1.0049574501751584,2.727850831600102,2.7432040561161255,3.3284290561161254,1.8243982723397119,-0.4119369190711022,-0.42729014358712547,0.8515356810571594,-0.0004996337691746042,-179.9297496414489,-3.598595833444697,0.0002140019519943282,0.00021347346414151607,5887.015382471495,5857.974764449403,529.236672241482,10.584735917376099,0.0013591811525046924,2.7183629400066784e-05,526.6259503317668,10.532521466984738,0.0013524763185424366,2.7049532689497287e-05,"[1.770,2.067]",1.921,"[2.500,3.000]",2.75,0.002,0.0,366,0.733,0.12,-2.7135574774710003,19,-0.37355747747100043,0.005,0.0,146,0.7325,0.1,-1.775816477471,13,-0.4258164774709998,0.762794547014984,0.7588593446963389,0.8542688252585612,0.8519453545030365,0.8829034116990423,0.7694068250924838,0.8458974929296562,0.8513344616629843
26,56,3.595,30.01,0.78,0.135729689,0.002714594,Day:1993md,6.092992662,0.691079459,0.0089,3.6039000000000003,2.8150000000000004,2.8239000000000005,1.0,0.0,0.0,0.135729689,0.002714594,0.5237733085234983,0.06703093793401961,0.9329690620659804,0.07184690324627198,0.0329109839015147,0.7470890160984853,4.433234524286382,1.0049574501751584,2.713392258287734,2.7287096882829007,3.3371096882829008,1.8267757629996355,-0.36933015575873407,-0.3846475857539007,0.8505338637257293,-0.00048010097473844985,-282.7107132493181,-5.654214723223298,0.00021400195199432822,0.0002134734641415161,5973.761050907998,5944.292516928756,810.8167296000556,16.216335906228544,0.0020823326780065672,4.164665693531914e-05,806.8169746477672,16.1363408006997,0.0020720605411140825,4.144121418081966e-05,"[1.770,2.067]",1.921,"[2.500,3.000]",2.75,0.002,0.0,373,0.747,0.12,-2.7135574774710003,19,-0.37355747747100043,0.005,0.0,149,0.7475,0.1,-1.775816477471,13,-0.4258164774709998,0.7765909759716934,0.7738593446963389,0.8534132296440686,0.8510743141195029,0.8829034116990423,0.7694068250924838,0.8458974929296562,0.8513344616629843
26,56,3.595,30.01,0.795,0.203060768,0.004061215,Day:1993md,5.909561034,0.827338543,0.0089,3.6039000000000003,2.8000000000000003,2.8089000000000004,1.0,0.0,0.0,0.203060768,0.004061215,0.5237733085234983,0.06703093793401961,0.9329690620659804,0.07184690324627198,0.0329109839015147,0.7620890160984853,4.433234524286382,1.0049574501751584,2.698933684975366,2.714215320449676,3.346240320449676,1.8292731672578801,-0.32672339244636595,-0.3420050279206759,0.8495065460681366,-0.0004607501944993341,-440.71770435311987,-8.814353305727947,0.00021400195199432822,0.0002134734641415161,6063.485312799638,6033.574169476337,1231.2559843738147,24.625117504621585,0.003162101221711844,6.324201882824785e-05,1225.1822046388272,24.503641920689844,0.00314650259188656,6.293004625939648e-05,"[1.770,2.067]",1.921,"[2.500,3.000]",2.75,0.002,0.0,381,0.763,0.12,-2.7135574774710003,19,-0.37355747747100043,0.005,0.0,152,0.7625000000000001,0.1,-1.775816477471,14,-0.32581647747099973,0.7923539221294504,0.7888593446963389,0.8524041598685844,0.8501880566589328,0.8829034116990423,0.8226962195437789,0.8458974929296562,0.8481334906573954
26,56,3.595,30.01,0.81,0.301010756,0.006020215,Day:1993md,4.086232715,0.54815317,0.0089,3.6039000000000003,2.785,2.7939000000000003,1.0,0.0,0.0,0.301010756,0.006020215,0.5237733085234983,0.06703093793401961,0.9329690620659804,0.07184690324627198,0.0329109839015147,0.7770890160984854,4.433234524286382,1.0049574501751584,2.684475111662998,2.699720952616451,3.355820952616451,1.831889994682118,-0.2841166291339978,-0.2993624700874511,0.8484534737806875,-0.00044158675420545395,-681.6571220339432,-13.633142168931581,0.0002140019519943282,0.00021347346414151607,6156.271717505403,6125.9028593025505,1853.1040038277197,37.06207933780179,0.004759126054069769,9.518251918413718e-05,1843.9626508612223,36.879252282116106,0.0047356493085754835,9.471298428361063e-05,"[1.770,2.067]",1.921,"[2.500,3.000]",2.75,0.002,0.0,388,0.777,0.12,-2.7135574774710003,20,-0.2535574774710003,0.005,0.0,155,0.7775,0.1,-1.775816477471,14,-0.32581647747099973,0.8061426521003625,0.8038593446963388,0.8514930640521694,0.8492866827043304,0.9155564210981225,0.8226962195437789,0.8432218609000486,0.8481334906573954
26,56,3.595,30.01,0.825,0.442025228,0.008840505,Day:1993md,3.416094612,0.409478891,0.0089,3.6039000000000003,2.7700000000000005,2.7789000000000006,1.0,0.0,0.0,0.442025228,0.008840505,0.5237733085234983,0.06703093793401961,0.9329690620659804,0.07184690324627198,0.0329109839015147,0.7920890160984853,4.433234524286382,1.0049574501751584,2.67001653835063,2.6852265847832264,3.3658515847832264,1.8346257342529637,-0.2415098658216297,-0.2567199122542263,0.8473743914917117,-0.0004226157701124611,-1045.9269607529645,-20.918540256194127,0.00021400195199432824,0.00021347346414151612,6252.206624205188,6221.364519577883,2763.6330585674086,55.27266392231908,0.007097539083477931,0.00014195078873457888,2750.000070237524,55.00000414215087,0.007062526957973067,0.0001412505461896299,"[1.770,2.067]",1.921,"[2.500,3.000]",2.75,0.002,0.0,396,0.793,0.12,-2.7135574774710003,20,-0.2535574774710003,0.005,0.0,158,0.7925,0.1,-1.775816477471,15,-0.22581647747099987,0.8218968067792005,0.8188593446963388,0.8504186007628816,0.8483702942258972,0.9155564210981225,0.8759856139950739,0.8432218609000486,0.8447446756706232
26,56,3.595,30.01,0.84,0.64273609,0.012854722,Day:1993md,2.753851894,0.30650216,0.0089,3.6039000000000003,2.7550000000000003,2.7639000000000005,1.0,0.0,0.0,0.64273609,0.012854722,0.5237733085234983,0.06703093793401961,0.9329690620659804,0.07184690324627198,0.0329109839015147,0.8070890160984853,4.433234524286382,1.0049574501751584,2.655557965038262,2.6707322169500016,3.3763322169500016,1.8374798548419522,-0.19890310250926202,-0.2140773544210015,0.8462690427916911,-0.00040384214513674465,-1591.5527830369554,-31.83105615598212,0.00021400195199432822,0.0002134734641415161,6351.379291589154,6320.047968679813,4082.2606919829823,81.6452151099355,0.010484027436447807,0.0002096805519912679,4062.122920001705,81.24245966404371,0.010432309780499166,0.00020864619885620212,"[1.770,2.067]",1.921,"[2.500,3.000]",2.75,0.002,0.0,403,0.807,0.12,-2.7135574774710003,20,-0.2535574774710003,0.005,0.0,161,0.8075,0.1,-1.775816477471,15,-0.22581647747099987,0.8356778506390086,0.8338593446963388,0.8494484814157184,0.8474389945533761,0.9155564210981225,0.8759856139950739,0.8432218609000486,0.8447446756706232
26,56,3.595,30.01,0.855,0.924865055,0.018497301,Day:1993md,2.140852861,0.227060152,0.0089,3.6039000000000003,2.74,2.7489000000000003,1.0,0.0,0.0,0.924865055,0.018497301,0.5237733085234983,0.06703093793401961,0.9329690620659804,0.07184690324627198,0.0329109839015147,0.8220890160984853,4.433234524286382,1.0049574501751584,2.6410993917258936,2.656237849116777,3.3872628491167767,1.840451805703365,-0.15629633919689345,-0.17143479658777672,0.8451371702644608,-0.0003852705655006615,-2400.5598605700184,-48.011196951842514,0.00021400195199432822,0.0002134734641415161,6453.8819705031865,6422.045002381256,5968.969903612939,119.37939742687057,0.015329458101415672,0.0003065891603708329,5939.525004339816,118.79049944459182,0.01525383795975027,0.0003050767575457012,"[1.770,2.067]",1.921,"[2.500,3.000]",2.75,0.002,0.0,411,0.8230000000000001,0.12,-2.7135574774710003,21,-0.13355747747100022,0.005,0.0,164,0.8225,0.1,-1.775816477471,16,-0.12581647747099978,0.8514232285323686,0.8488593446963388,0.8483043930832699,0.8464928883481674,0.9476441568573738,0.9292750084463691,0.8404007361395175,0.8411727967196156
26,56,3.595,30.01,0.87,1.315906977,0.02631814,Day:1993md,2.211402515,0.180103916,0.0089,3.6039000000000003,2.725,2.7339,1.0,0.0,0.0,1.315906977,0.02631814,0.5237733085234983,0.06703093793401961,0.9329690620659804,0.07184690324627198,0.0329109839015147,0.8370890160984853,4.433234524286382,1.0049574501751584,2.626640818413526,2.641743481283552,3.398643481283552,1.8435410169788877,-0.11368957588452577,-0.12879223875455192,0.8439785155195009,-0.0003669054978688792,-3586.5011144375517,-71.73002354247986,0.00021400195199432816,0.00021347346414151604,6559.809999658733,6527.450489088265,8632.099746345295,172.6419979444185,0.02216888567468672,0.0004433777212432848,8589.51764061331,171.79035581489345,0.022059526670330974,0.0004411905411179414,"[1.770,2.067]",1.921,"[2.500,3.000]",2.75,0.002,0.0,418,0.837,0.12,-2.7135574774710003,21,-0.13355747747100022,0.005,0.0,167,0.8375,0.1,-1.775816477471,16,-0.12581647747099978,0.8651965991199404,0.8638593446963388,0.8472713579973026,0.8455320815752253,0.9476441568573738,0.9292750084463691,0.8404007361395175,0.8411727967196156
26,56,3.595,30.01,0.885,1.849430107,0.036988602,Day:1993md,1.757298093,0.136798898,0.0089,3.6039000000000003,2.71,2.7189,1.0,0.0,0.0,1.849430107,0.036988602,0.5237733085234983,0.06703093793401961,0.9329690620659804,0.07184690324627198,0.0329109839015147,0.8520890160984853,4.433234524286382,1.0049574501751584,2.6121822451011574,2.627249113450327,3.410474113450327,1.8467469002140837,-0.0710828125721572,-0.08614968092132669,0.8427928192253374,-0.00034875118697320277,-5303.007347591067,-106.060146550389,0.00021400195199432824,0.00021347346414151612,6669.261904519732,6636.3624682391455,12334.333757686953,246.68667422004236,0.031676931799051664,0.0006335386335831214,12273.488549726308,245.4697700654354,0.031520669649775276,0.0006304133906094225,"[1.770,2.067]",1.921,"[2.500,3.000]",2.75,0.002,0.0,426,0.853,0.12,-2.7135574774710003,21,-0.13355747747100022,0.005,0.0,170,0.8525,0.1,-1.775816477471,16,-0.12581647747099978,0.8809332148803861,0.8788593446963389,0.8460529663740268,0.8445566814747573,0.9476441568573738,0.9292750084463691,0.8404007361395175,0.8411727967196156
26,56,3.595,30.01,0.9,2.698484883,0.053969698,Day:1993md,1.200673763,0.197147667,0.0089,3.6039000000000003,2.6950000000000003,2.7039000000000004,1.0,0.0,0.0,2.698484883,0.053969698,0.5237733085234983,0.06703093793401961,0.9329690620659804,0.07184690324627198,0.0329109839015147,0.8670890160984853,4.433234524286382,1.0049574501751584,2.59772367178879,2.6127547456171025,3.4227547456171026,1.8500688488856578,-0.02847604925978997,-0.04350712308810234,0.8415798211440687,-0.00033081165372152085,-8157.163910772019,-163.14327924321555,0.00021400195199432814,0.00021347346414151604,6782.339499484335,6748.882251982122,18302.040610732263,366.0408145206407,0.0470031461446654,0.000940062928815546,18211.756734120754,364.2351369770351,0.04677127985515508,0.0009354256029961254,"[1.770,2.067]",1.921,"[2.500,3.000]",2.75,0.002,0.0,433,0.867,0.12,-2.7135574774710003,22,-0.013557477471000556,0.005,0.0,173,0.8675,0.1,-1.775816477471,17,-0.02581647747099991,0.8946989249988775,0.8938593446963389,0.8449527088529171,0.8435667965337311,0.979194997784839,0.9825644028976641,0.8374260198976503,0.8374228286817693
26,56,3.595,30.01,0.915,4.116766175,0.082335324,Day:1993md,1.493891015,0.186797104,0.0089,3.6039000000000003,2.68,2.6889000000000003,1.0,0.0,0.0,4.116766175,0.082335324,0.5237733085234983,0.06703093793401961,0.9329690620659804,0.07184690324627198,0.0329109839015147,0.8820890160984853,4.433234524286382,1.0049574501751584,2.5832650984764216,2.5982603777838778,3.435485377783878,1.8535062389384822,0.014130714052578597,-0.0008645652548775473,0.840339260167036,-0.0003130906937848494,-13148.797638261876,-262.9759543622189,0.00021400195199432822,0.0002134734641415161,6899.1479934840045,6865.114530253517,28402.179095894073,568.0435853674554,0.07294223651150869,0.0014588447390893407,28262.071285648697,565.2414291455311,0.07258241281637873,0.0014516482651430389,"[1.770,2.067]",1.921,"[2.500,3.000]",2.75,0.002,0.0,441,0.883,0.12,-2.7135574774710003,22,-0.013557477471000556,0.005,0.0,176,0.8825000000000001,0.1,-1.775816477471,17,-0.02581647747099991,0.910426793238237,0.9088593446963389,0.8436548329154845,0.842562536457207,0.979194997784839,0.9825644028976641,0.8374260198976503,0.8374228286817693
26,56,3.595,30.01,0.93,6.766271406,0.135325428,Day:1993md,0.923699276,0.109218202,0.0089,3.6039000000000003,2.665,2.6739,1.0,0.0,0.0,6.766271406,0.135325428,0.5237733085234983,0.06703093793401961,0.9329690620659804,0.07184690324627198,0.0329109839015147,0.8970890160984853,4.433234524286382,1.0049574501751584,2.5688065251640535,2.583766009950653,3.448666009950653,1.8570584293313588,0.05673747736494672,0.041777992578347245,0.8390708743516542,-0.0002955918766548602,-22890.586448356473,-457.8117285611643,0.0002140019519943282,0.00021347346414151607,7019.796099128012,6985.16747938383,47497.84562148021,949.9569115872287,0.12198356602891758,0.0024396713184149698,47263.53898187591,945.270778799298,0.12138182169569123,0.0024276364317611147,"[1.770,2.067]",1.921,"[2.500,3.000]",2.75,0.002,0.0,448,0.897,0.12,-2.7135574774710003,22,-0.013557477471000556,0.005,0.0,179,0.8975,0.1,-1.775816477471,18,0.07418352252900018,0.9241848556552412,0.9238593446963388,0.8424825789880166,0.8415440121395097,0.979194997784839,1.0358537973489592,0.8374260198976503,0.8334999249071525
26,56,3.595,30.01,0.945,9.8594772,0.197189544,Day:1993md,0.716062308,0.080734504,0.0089,3.6039000000000003,2.6500000000000004,2.6589000000000005,1.0,0.0,0.0,9.8594772,0.197189544,0.5237733085234983,0.06703093793401961,0.9329690620659804,0.07184690324627198,0.0329109839015147,0.9120890160984853,4.433234524286382,1.0049574501751584,2.554347951851686,2.5692716421174278,3.462296642117428,1.860724762590488,0.0993442406773144,0.08442055041157248,0.837774400959423,-0.0002783185451627909,-35425.153556451325,-708.5030711290265,0.00021400195199432822,0.0002134734641415161,7144.396145526844,7109.152874364598,70440.0109045898,1408.8002180917958,0.18090344117358997,0.0036180688234717993,70092.53067611222,1401.8506135222442,0.18001104538511511,0.003600220907702302,"[1.770,2.067]",1.921,"[2.500,3.000]",2.75,0.002,0.0,456,0.913,0.12,-2.7135574774710003,23,0.10644252252899955,0.005,0.0,182,0.9125,0.1,-1.775816477471,18,0.07418352252900018,0.939903990944785,0.9388593446963388,0.8410994699508094,0.8405113356352489,1.010235024753555,1.0358537973489592,0.8342886827926175,0.8334999249071525
26,56,3.595,30.01,0.96,13.43045894,0.268609179,Day:1993md,0.739364161,0.072000518,0.0089,3.6039000000000003,2.6350000000000002,2.6439000000000004,1.0,0.0,0.0,13.43045894,0.268609179,0.5237733085234983,0.06703093793401961,0.9329690620659804,0.07184690324627198,0.0329109839015147,0.9270890160984853,4.433234524286382,1.0049574501751584,2.5398893785393177,2.554777274284203,3.4763772742842027,1.8645045653696326,0.14195100398968208,0.12706310824479683,0.8364495764951332,-0.00026127381544921154,-51403.76932494683,-1028.075387264417,0.0002140019519943282,0.00021347346414151607,7273.064194933958,7237.186204914749,97680.59003804467,1953.6118022155063,0.25086246647070815,0.005017249333149887,97198.73216624197,1943.9746447722764,0.24962496315339944,0.004992499266785284,"[1.770,2.067]",1.921,"[2.500,3.000]",2.75,0.002,0.0,463,0.927,0.12,-2.7135574774710003,23,0.10644252252899955,0.005,0.0,185,0.9275,0.1,-1.775816477471,19,0.17418352252900027,0.9536544183924676,0.9538593446963388,0.8398499170717126,0.8394646201302055,1.010235024753555,1.0891431918002543,0.8342886827926175,0.8294094005938346
26,56,3.595,30.01,0.975,17.50062144,0.350012429,Day:1993md,0.577122363,0.046626916,0.0089,3.6039000000000003,2.62,2.6289000000000002,1.0,0.0,0.0,17.50062144,0.350012429,0.5237733085234983,0.06703093793401961,0.9329690620659804,0.07184690324627198,0.0329109839015147,0.9420890160984853,4.433234524286382,1.0049574501751584,2.5254308052269496,2.540282906450978,3.4909079064509783,1.868397149015963,0.18455776730205065,0.16970566607802207,0.8350961367472851,-0.0002444605773728139,-71588.72660809733,-1431.7745329800746,0.0002140019519943282,0.00021347346414151607,7405.920163351364,7369.386795491246,129608.20519367518,2592.1641053546878,0.3328586981002418,0.006657173965808801,128968.84855282698,2579.3769725304173,0.33121670777427087,0.0066243341592706175,"[1.770,2.067]",1.921,"[2.500,3.000]",2.75,0.002,0.0,471,0.9430000000000001,0.12,-2.7135574774710003,24,0.22644252252899966,0.005,0.0,188,0.9425,0.1,-1.775816477471,19,0.17418352252900027,0.9693648352630575,0.9688593446963388,0.8383751827868329,0.8384039799120961,1.0407882730607914,1.0891431918002543,0.8309786760952811,0.8294094005938346
26,56,3.595,30.01,0.99,22.07561282,0.441512256,Day:1993md,0.557175925,0.041720246,0.0089,3.6039000000000003,2.6050000000000004,2.6139000000000006,1.0,0.0,0.0,22.07561282,0.441512256,0.5237733085234983,0.06703093793401961,0.9329690620659804,0.07184690324627198,0.0329109839015147,0.9570890160984853,4.433234524286382,1.0049574501751584,2.5109722319145815,2.5257885386177534,3.5058885386177536,1.8724018101405888,0.22716453061441833,0.21234822391124641,0.8337138168297402,-0.0002278814953451816,-96873.21380159081,-1937.464274276518,0.00021400195199432824,0.00021347346414151612,7543.087945251125,7505.877929395328,166518.2889465732,3330.365775914229,0.4276508635067578,0.008553017262386319,165696.85504351454,3313.93709786794,0.42554126389353175,0.008510825270160022,"[1.770,2.067]",1.921,"[2.500,3.000]",2.75,0.002,0.0,478,0.9570000000000001,0.12,-2.7135574774710003,24,0.22644252252899966,0.005,0.0,191,0.9575,0.1,-1.775816477471,19,0.17418352252900027,0.9831076404382912,0.9838593446963388,0.8370424283969337,0.8373295303412266,1.0407882730607914,1.0891431918002543,0.8309786760952811,0.8294094005938346
26,56,3.595,30.01,1.005,27.14464609,0.542892922,Day:1993md,0.626274513,0.073310958,0.0089,3.6039000000000003,2.5900000000000003,2.5989000000000004,1.0,0.0,0.0,27.14464609,0.542892922,0.5237733085234983,0.06703093793401961,0.9329690620659804,0.07184690324627198,0.0329109839015147,0.9720890160984852,4.433234524286382,1.0049574501751584,2.4965136586022134,2.5112941707845287,3.5213191707845284,1.8765178311927997,0.26977129392678645,0.2549907817444712,0.832302351224616,-0.00021153900957736097,-128319.81271082321,-2566.396255161917,0.00021400195199432824,0.00021347346414151612,7684.695542571553,7646.786977132369,208598.34081250534,4171.966817787046,0.5357204973633058,0.010714409951213272,207569.3262198791,4151.38652592694,0.5330777907760501,0.010661555819448686,"[1.770,2.067]",1.921,"[2.500,3.000]",2.75,0.002,0.0,486,0.973,0.12,-2.7135574774710003,24,0.22644252252899966,0.005,0.0,194,0.9725,0.1,-1.775816477471,20,0.27418352252900036,0.9988093533805369,0.9988593446963389,0.8354689450820099,0.8362413878210511,1.0407882730607914,1.1424325862515496,0.8309786760952811,0.8251567160190916
26,56,3.595,30.01,1.02,32.68220548,0.65364411,Day:1993md,0.587475653,0.066396988,0.0089,3.6039000000000003,2.575,2.5839000000000003,1.0,0.0,0.0,32.68220548,0.65364411,0.5237733085234983,0.06703093793401961,0.9329690620659804,0.07184690324627198,0.0329109839015147,0.9870890160984853,4.433234524286382,1.0049574501751584,2.4820550852898453,2.496799802951304,3.537199802951304,1.880744481037045,0.31237805723915457,0.297633339577696,0.8308614738264478,-0.00019543533772307988,-167227.7176725773,-3344.554355498259,0.0002140019519943283,0.0002134734641415162,7830.875198154064,7792.245529190501,255930.2723143068,5118.605449418486,0.6572779641511284,0.013145559291067043,254667.76953561528,5093.355393829204,0.6540356151761137,0.013080712311527068,"[1.770,2.067]",1.921,"[2.000,2.500]",2.25,0.002,0.0,493,0.987,0.12,-2.7135574774710003,25,0.34644252252899976,0.005,0.0,197,0.9875,0.1,-1.275816477471,15,0.27418352252900013,1.0125445489450442,1.009066736569732,0.8340464030323326,0.8273207487419568,1.0708769502349242,0.8759856139950739,0.8274848266957029,0.8384339239408255
26,56,3.595,30.01,1.035,38.6517691,0.773035382,Day:1993md,0.70630661,0.065197533,0.0089,3.6039000000000003,2.5600000000000005,2.5689000000000006,1.0,0.0,0.0,38.6517691,0.773035382,0.5237733085234983,0.06703093793401961,0.9329690620659804,0.07184690324627198,0.0329109839015147,1.0020890160984852,4.433234524286382,1.0049574501751584,2.4675965119774776,2.4823054351180796,3.5535304351180796,1.8850810155317144,0.35498482055152225,0.34027589741092035,0.8293909179876291,-0.00017957247690252511,-215243.28096772212,-4304.865619354442,0.00021400195199432827,0.00021347346414151618,7981.7635337942,7942.389533410617,308509.2811190135,6170.18562238027,0.7923109305592604,0.01584621861118521,306987.40634764393,6139.748126952878,0.7884024646229202,0.0157680492924584,"[1.770,2.067]",1.921,"[2.000,2.500]",2.25,0.002,0.0,501,1.0030000000000001,0.12,-2.7135574774710003,25,0.34644252252899976,0.005,0.0,200,1.0025,0.1,-1.275816477471,16,0.3741835225290002,1.0282375724094592,1.0240667365697318,0.8323662117962284,0.8259898001480295,1.0708769502349242,0.9292750084463691,0.8274848266957029,0.8341371497427819
26,56,3.595,30.01,1.05,45.00957386,0.900191477,Day:1993md,0.497671897,0.04843414,0.0089,3.6039000000000003,2.545,2.5539,1.0,0.0,0.0,45.00957386,0.900191477,0.5237733085234983,0.06703093793401961,0.9329690620659804,0.07184690324627198,0.0329109839015147,1.0170890160984853,4.433234524286382,1.0049574501751584,2.453137938665109,2.467811067284854,3.570311067284854,1.889526678108794,0.3975915838638908,0.382918455244146,0.8278904165651484,-0.00016395220608981346,-274528.6259542225,-5490.572517864583,0.00021400195199432824,0.00021347346414151612,8137.501693088275,8097.3594371283625,366265.4834909318,7325.309668191135,0.9406399217678276,0.01881279843117682,364458.69765639707,7289.173951508469,0.9359997496450018,0.01871999498874092,"[1.770,2.067]",1.921,"[2.000,2.500]",2.25,0.002,0.0,508,1.0170000000000001,0.12,-2.7135574774710003,25,0.34644252252899976,0.005,0.0,203,1.0175,0.1,-1.275816477471,16,0.3741835225290002,1.0419651709899398,1.039066736569732,0.8308465141775778,0.8246435831060167,1.0708769502349242,0.9292750084463691,0.8274848266957029,0.8341371497427819
26,56,3.595,30.01,1.065,51.70908243,1.034181649,Day:1993md,0.529887569,0.048540796,0.0089,3.6039000000000003,2.5300000000000002,2.5389000000000004,1.0,0.0,0.0,51.70908243,1.034181649,0.5237733085234983,0.06703093793401961,0.9329690620659804,0.07184690324627198,0.0329109839015147,1.0320890160984852,4.433234524286382,1.0049574501751584,2.4386793653527414,2.4533166994516296,3.5875416994516294,1.8940807003535065,0.4401983471762585,0.4255610130773704,0.8263597019686391,-0.00014857608884660272,-348030.98420087644,-6960.6196867097515,0.00021400195199432824,0.00021347346414151612,8298.235489265335,8257.300334276839,429094.1429379726,8581.882862078746,1.1019959544022955,0.022039919096570493,426977.4236343876,8539.548475990672,1.0965598137614918,0.02193119628371237,"[1.770,2.067]",1.921,"[2.000,2.500]",2.25,0.002,0.0,516,1.033,0.12,-2.7135574774710003,26,0.4664425225289994,0.005,0.0,206,1.0325,0.1,-1.275816477471,17,0.4741835225290001,1.0576495193870983,1.0540667365697318,0.8290506992183827,0.823282267702216,1.1005216249019294,0.9825644028976641,0.8237947134821886,0.8296344605140777
26,56,3.595,30.01,1.08,58.70301616,1.174060323,Day:1993md,0.543413305,0.030833169,0.0089,3.6039000000000003,2.515,2.5239000000000003,1.0,0.0,0.0,58.70301616,1.174060323,0.5237733085234983,0.06703093793401961,0.9329690620659804,0.07184690324627198,0.0329109839015147,1.0470890160984854,4.433234524286382,1.0049574501751584,2.424220792040373,2.438822331618405,3.605222331618405,1.8987423025830559,0.4828051104886275,0.4682035709105956,0.8247985062097565,-0.000133445476383691,-439902.63102822093,-8798.05261906568,0.00021400195199432827,0.00021347346414151618,8464.115558203037,8422.362117647657,496869.1123933003,9937.382246173183,1.2760550586308672,0.025521101168269854,494418.0594976422,9888.361188268373,1.2697602852821859,0.02539520570131767,"[1.770,2.067]",1.921,"[2.000,2.500]",2.25,0.002,0.0,523,1.047,0.12,-2.7135574774710003,26,0.4664425225289994,0.005,0.0,209,1.0475,0.1,-1.275816477471,17,0.4741835225290001,1.0713695335753854,1.069066736569732,0.8274255805504667,0.8219060250495188,1.1005216249019294,0.9825644028976641,0.8237947134821886,0.8296344605140777
26,56,3.595,30.01,1.095,65.94421188,1.318884238,Day:1993md,0.59899116,0.03048031,0.0089,3.6039000000000003,2.5,2.5089,1.0,0.0,0.0,65.94421188,1.318884238,0.5237733085234983,0.06703093793401961,0.9329690620659804,0.07184690324627198,0.0329109839015147,1.0620890160984853,4.433234524286382,1.0049574501751584,2.4097622187280052,2.42432796378518,3.6233529637851802,1.903510694423643,0.5254118738009947,0.51084612874382,0.8232065609528991,-0.00011856151093199961,-556202.5261117158,-11124.050525608094,0.00021400195199432822,0.0002134734641415161,8635.297516835248,8592.699636517113,569447.8890970214,11388.957785394548,1.4624512600689512,0.029249025210249864,566638.8054516835,11332.77611247075,1.4552369951723372,0.029104739912273823,"[1.770,2.067]",1.921,"[2.000,2.500]",2.25,0.002,0.0,531,1.063,0.12,-2.7135574774710003,26,0.4664425225289994,0.005,0.0,212,1.0625,0.1,-1.275816477471,17,0.4741835225290001,1.087045221276064,1.0840667365697318,0.8255041251419809,0.8205150272386171,1.1005216249019294,0.9825644028976641,0.8237947134821886,0.8296344605140777
26,56,3.595,30.01,1.11,73.38599991,1.467719998,Day:1993md,0.553239038,0.035701633,0.0089,3.6039000000000003,2.4850000000000003,2.4939000000000004,1.0,0.0,0.0,73.38599991,1.467719998,0.5237733085234983,0.06703093793401961,0.9329690620659804,0.07184690324627198,0.0329109839015147,1.0770890160984854,4.433234524286382,1.0049574501751584,2.395303645415637,2.4098335959519552,3.641933595951955,1.9083850753849327,0.5680186371133633,0.5534886865770452,0.8215835975672874,-0.0001039251294039335,-706142.9736090604,-14122.859470256746,0.00021400195199432827,0.00021347346414151618,8811.942127168908,8768.472859853953,646673.1841513426,12933.463681264466,1.660780610697462,0.033215612209423095,643483.1485040797,12869.662968327899,1.6525879880864585,0.033051759757225345,"[1.770,2.067]",1.921,"[2.000,2.500]",2.25,0.002,0.0,538,1.077,0.12,-2.7135574774710003,27,0.5864425225289995,0.005,0.0,215,1.0775000000000001,0.1,-1.275816477471,18,0.5741835225290002,1.1007576636292384,1.099066736569732,0.8237642851260288,0.8191094472893478,1.1297413912770526,1.0358537973489592,0.8198945222803539,0.8249332137992014
26,56,3.595,30.01,1.125,80.97968502,1.6195937,Day:1993md,0.621143438,0.03642889,0.0089,3.6039000000000003,2.47,2.4789000000000003,1.0,0.0,0.0,80.97968502,1.6195937,0.5237733085234983,0.06703093793401961,0.9329690620659804,0.07184690324627198,0.0329109839015147,1.0920890160984853,4.433234524286382,1.0049574501751584,2.3808450721032695,2.3953392281187305,3.6609642281187305,1.91336463543119,0.6106254004257305,0.5961312444102695,0.8199293471804163,-8.953706732586352e-05,-904426.3726583812,-18088.5274487002,0.0002140019519943282,0.00021347346414151607,8994.215466138028,8949.84704533549,728348.73544987,14566.974705399714,1.8705390718320973,0.037410781427402395,724755.7947084457,14495.115890588973,1.8613117117606055,0.03722623422601814,"[1.770,2.067]",1.921,"[2.000,2.500]",2.25,0.002,0.0,546,1.093,0.12,-2.7135574774710003,27,0.5864425225289995,0.005,0.0,218,1.0925,0.1,-1.275816477471,18,0.5741835225290002,1.1164247049645937,1.1140667365697319,0.8217059005375688,0.8176894591021975,1.1297413912770526,1.0358537973489592,0.8198945222803539,0.8249332137992014
26,56,3.595,30.01,1.14,88.67164188,1.773432838,Day:1993md,0.602221848,0.034509342,0.0089,3.6039000000000003,2.455,2.4639,1.0,0.0,0.0,88.67164188,1.773432838,0.5237733085234983,0.06703093793401961,0.9329690620659804,0.07184690324627198,0.0329109839015147,1.1070890160984852,4.433234524286382,1.0049574501751584,2.366386498790901,2.3808448602855057,3.6804448602855055,1.9184485555483384,0.6532321637380991,0.6387738022434943,0.8182435407328954,-7.539786302227337e-05,-1176049.8020189963,-23520.99604568512,0.00021400195199432827,0.00021347346414151618,9182.289101533519,9136.992914409559,814208.6508498071,16284.173020669059,2.0910437815170564,0.04182087563977388,810192.1635666218,16203.843274987234,2.0807286727936587,0.04161457346525939,"[1.770,2.067]",1.921,"[2.000,2.500]",2.25,0.002,0.0,553,1.107,0.12,-2.7135574774710003,27,0.5864425225289995,0.005,0.0,221,1.1075,0.1,-1.275816477471,19,0.6741835225290003,1.1301295880051185,1.1290667365697318,0.8198408406119767,0.816255237409994,1.1297413912770526,1.0891431918002543,0.8198945222803539,0.8200409600943931
26,56,3.595,30.01,1.155,96.4207345,1.92841469,Day:1993md,0.630569766,0.034121292,0.0089,3.6039000000000003,2.4400000000000004,2.4489000000000005,1.0,0.0,0.0,96.4207345,1.92841469,0.5237733085234983,0.06703093793401961,0.9329690620659804,0.07184690324627198,0.0329109839015147,1.1220890160984853,4.433234524286382,1.0049574501751584,2.3519279254785337,2.366350492452281,3.700375492452281,1.9236360083062183,0.6958389270504663,0.6814163600767191,0.8165259090346892,-6.150786203204856e-05,-1567616.4203164815,-31352.328406329634,0.00021400195199432814,0.00021347346414151604,9376.340274258988,9330.086833651261,904073.616165983,18081.472323319664,2.321834226576205,0.0464366845315241,899613.8254494339,17992.276508988678,2.3103806297187233,0.04620761259437446,"[1.770,2.067]",1.921,"[2.000,2.500]",2.25,0.002,0.0,561,1.123,0.12,-2.7135574774710003,28,0.7064425225289996,0.005,0.0,224,1.1225,0.1,-1.275816477471,19,0.6741835225290003,1.1457879972668223,1.144066736569732,0.8176327618529714,0.814806957729799,1.158554013019672,1.0891431918002543,0.8157688758049896,0.8200409600943931
26,56,3.595,30.01,1.17,104.1052105,2.08210421,Day:1993md,0.618604964,0.025647131,0.0089,3.6039000000000003,2.4250000000000003,2.4339000000000004,1.0,0.0,0.0,104.1052105,2.08210421,0.5237733085234983,0.06703093793401961,0.9329690620659804,0.07184690324627198,0.0329109839015147,1.1370890160984852,4.433234524286382,1.0049574501751584,2.337469352166165,2.351856124619056,3.720756124619056,1.9289261584153645,0.7384456903628349,0.7240589179099439,0.8147761828227749,-4.7867221737374556e-05,-2174874.720558829,-43497.49441117658,0.00021400195199432824,0.00021347346414151612,9576.552087174763,9529.311002675411,996968.970899543,19939.37941799086,2.5604072921469165,0.05120814584293832,992050.9278534898,19841.018557069794,2.54777681552652,0.050955536310530396,"[1.770,2.067]",1.921,"[2.000,2.500]",2.25,0.002,0.0,568,1.137,0.12,-2.7135574774710003,28,0.7064425225289996,0.005,0.0,227,1.1375,0.1,-1.275816477471,19,0.6741835225290003,1.1594853334826922,1.1590667365697318,0.8156305895425598,0.8133447963150299,1.158554013019672,1.0891431918002543,0.8157688758049896,0.8200409600943931
26,56,3.595,30.01,1.185,111.7027957,2.234055915,Day:1993md,0.641881875,0.025066517,0.0089,3.6039000000000003,2.41,2.4189000000000003,1.0,0.0,0.0,111.7027957,2.234055915,0.5237733085234983,0.06703093793401961,0.9329690620659804,0.07184690324627198,0.0329109839015147,1.1520890160984854,4.433234524286382,1.0049574501751584,2.323010778853797,2.3373617567858314,3.741586756785831,1.9343181632776525,0.781052453675203,0.7667014757431687,0.8129940928202245,-3.44759161858055e-05,-3240023.9952431056,-64800.479933867864,0.00021400195199432822,0.0002134734641415161,9783.113700805088,9734.853648878316,1092801.1510309016,21856.023030401146,2.8065226879041942,0.0561304537832088,1087410.368310054,21748.207375935934,2.792678125243048,0.05585356252986192,"[1.770,2.067]",1.921,"[2.000,2.500]",2.25,0.002,0.0,576,1.153,0.12,-2.7135574774710003,29,0.8264425225289997,0.005,0.0,230,1.1525,0.1,-1.275816477471,20,0.7741835225290004,1.1751351249230808,1.174066736569732,0.8132583301940378,0.8118689301078259,1.1869760495301955,1.1424325862515496,0.8114006342341796,0.8149654151273915
26,56,3.595,30.01,1.2,119.1049785,2.38209957,Day:1993md,0.645648914,0.03887327,0.0089,3.6039000000000003,2.3950000000000005,2.4039000000000006,1.0,0.0,0.0,119.1049785,2.38209957,0.5237733085234983,0.06703093793401961,0.9329690620659804,0.07184690324627198,0.0329109839015147,1.1670890160984853,4.433234524286382,1.0049574501751584,2.3085522055414294,2.322867388952607,3.762867388952607,1.9398111735301988,0.8236592169875707,0.8093440335763931,0.8111793697967311,-2.1333741086232485e-05,-5582939.1581424605,-111658.7831628492,0.00021400195199432822,0.0002134734641415161,9996.220536196975,9946.909229295918,1190599.6320449992,23811.99264089998,3.05768792098407,0.06115375841968139,1184726.4098967419,23694.528197934836,3.042604361459415,0.060852087229188306,"[1.770,2.067]",1.921,"[2.000,2.500]",2.25,0.002,0.0,583,1.167,0.12,-2.7135574774710003,29,0.8264425225289997,0.005,0.0,233,1.1675,0.1,-1.275816477471,20,0.7741835225290004,1.1888249267679427,1.1890667365697318,0.8111055236135732,0.8103795366916838,1.1869760495301955,1.1424325862515496,0.8114006342341796,0.8149654151273915
26,56,3.595,30.01,1.215,126.212067,2.52424134,Day:1993md,0.687731388,0.038189692,0.0089,3.6039000000000003,2.38,2.3889,1.0,0.0,0.0,126.212067,2.52424134,0.5237733085234983,0.06703093793401961,0.9329690620659804,0.07184690324627198,0.0329109839015147,1.1820890160984854,4.433234524286382,1.0049574501751584,2.294093632229061,2.308373021119381,3.784598021119381,1.945404333581937,0.8662659802999393,0.8519865914096192,0.8093317446305847,-8.440318959718962e-06,-14953471.261256993,-299069.4252251398,0.0002140019519943282,0.00021347346414151607,10216.074485233376,10165.678639879501,1289391.8774072654,25787.837548145308,3.311405331271056,0.06622810662542113,1283031.3135969406,25660.62627193881,3.2950701850052426,0.06590140370010485,"[1.770,2.067]",1.921,"[2.000,2.500]",2.25,0.002,0.0,591,1.183,0.12,-2.7135574774710003,29,0.8264425225289997,0.005,0.0,236,1.1825,0.1,-1.275816477471,21,0.874183522529,1.2044661146001872,1.204066736569732,0.8085525798736597,0.808876794244378,1.1869760495301955,1.1957219807028445,0.8114006342341796,0.8097144323587847
26,56,3.595,30.01,1.23,132.9132968,2.658265935,Day:1993md,0.628229094,0.035135687,0.0089,3.6039000000000003,2.365,2.3739000000000003,1.0,0.0,0.0,132.9132968,2.658265935,0.5237733085234983,0.06703093793401961,0.9329690620659804,0.07184690324627198,0.0329109839015147,1.1970890160984853,4.433234524286382,1.0049574501751584,2.279635058916693,2.2938786532861566,3.8067786532861563,1.9510967821423304,0.908872743612307,0.8946291492428435,0.8074509483721153,4.204895573510105e-06,31609178.98587633,632183.5794797085,0.0002140019519943282,0.00021347346414151607,10442.884128718415,10391.369432505107,1387998.1576483601,27759.96314252432,3.5646451475042347,0.07129290292326537,1381151.169540999,27623.02338042861,3.5470607704663886,0.07094121538264075,"[1.770,2.067]",1.921,"[2.000,2.500]",2.25,0.002,0.0,598,1.197,0.12,-2.7135574774710003,30,0.9464425225289994,0.005,0.0,239,1.1975,0.1,-1.275816477471,21,0.874183522529,1.2181483944934612,1.2190667365697319,0.8062337026016779,0.8073608814911887,1.215022967239292,1.1957219807028445,0.8067706609770089,0.8097144323587847
26,56,3.595,30.01,1.245,139.0890696,2.781781393,Day:1993md,0.644191526,0.034222675,0.0089,3.6039000000000003,2.35,2.3589,1.0,0.0,0.0,139.0890696,2.781781393,0.5237733085234983,0.06703093793401961,0.9329690620659804,0.07184690324627198,0.0329109839015147,1.2120890160984854,4.433234524286382,1.0049574501751584,2.265176485604325,2.279384285452932,3.829409285452932,1.956887652741703,0.9514795069246751,0.9372717070760683,0.8055367123086073,1.6602610389278453e-05,8377542.226120069,167550.84458263288,0.0002140019519943282,0.00021347346414151607,10676.864962568301,10624.196040048646,1485035.2138884638,29700.704288446144,3.8138548959094,0.07627709794560825,1477709.5424583703,29554.190859791608,3.7950411684043606,0.0759008233953722,"[1.770,2.067]",1.921,"[2.000,2.500]",2.25,0.002,0.0,606,1.213,0.12,-2.7135574774710003,30,0.9464425225289994,0.005,0.0,242,1.2125000000000001,0.1,-1.275816477471,22,0.9741835225290001,1.2337809928917025,1.234066736569732,0.8034811938510384,0.8058319776584539,1.215022967239292,1.2490113751541396,0.8067706609770089,0.8042959758644082
26,56,3.595,30.01,1.26,144.6085672,2.892171344,Day:1993md,0.686681308,0.027868335,0.0089,3.6039000000000003,2.335,2.3439,1.0,0.0,0.0,144.6085672,2.892171344,0.5237733085234983,0.06703093793401961,0.9329690620659804,0.07184690324627198,0.0329109839015147,1.2270890160984853,4.433234524286382,1.0049574501751584,2.250717912291957,2.264889917619707,3.852489917619707,1.9627760742427312,0.9940862702370432,0.9799142649092931,0.8035887680307033,2.8753690354764918e-05,5029217.655744707,100584.35311489413,0.0002140019519943282,0.00021347346414151607,10918.23963245834,10864.380009875396,1578870.9895960554,31577.419791921104,4.054843142684223,0.08109686285368443,1571082.426744403,31421.648534888056,4.034840621339228,0.08069681242678454,"[1.770,2.067]",1.921,"[2.000,2.500]",2.25,0.002,0.0,613,1.227,0.12,-2.7135574774710003,30,0.9464425225289994,0.005,0.0,245,1.2275,0.1,-1.275816477471,22,0.9741835225290001,1.2474557632187455,1.2490667365697319,0.8009785475436336,0.804290262427466,1.215022967239292,1.2490113751541396,0.8067706609770089,0.8042959758644082
26,56,3.595,30.01,1.275,149.3421731,2.986843462,Day:1993md,0.703083381,0.027855494,0.0089,3.6039000000000003,2.3200000000000003,2.3289000000000004,1.0,0.0,0.0,149.3421731,2.986843462,0.5237733085234983,0.06703093793401961,0.9329690620659804,0.07184690324627198,0.0329109839015147,1.2420890160984852,4.433234524286382,1.0049574501751584,2.236259338979589,2.2503955497864823,3.876020549786482,1.9687611713426496,1.036693033549411,1.0225568227425175,0.8016068475003005,4.065915174133822e-05,3673027.2694834303,73460.54538966861,0.00021400195199432827,0.00021347346414151618,11167.238177294337,11112.150246110372,1667739.6169224193,33354.79233844839,4.283074800931525,0.08566149601863049,1659512.6655678228,33190.25331135646,4.261946413935246,0.08523892827870493,"[1.770,2.067]",1.921,"[2.000,2.500]",2.25,0.002,0.0,621,1.243,0.12,-2.7135574774710003,31,1.0664425225289995,0.005,0.0,248,1.2425,0.1,-1.275816477471,22,0.9741835225290001,1.2630797863182508,1.2640667365697318,0.7980047769752749,0.8027359158887276,1.2427092380131848,1.2490113751541396,0.8018575469139144,0.8042959758644082
26,56,3.595,30.01,1.29,153.1301569,3.062603139,Day:1993md,0.737934332,0.045125011,0.0089,3.6039000000000003,2.305,2.3139000000000003,1.0,0.0,0.0,153.1301569,3.062603139,0.5237733085234983,0.06703093793401961,0.9329690620659804,0.07184690324627198,0.0329109839015147,1.2570890160984853,4.433234524286382,1.0049574501751584,2.2218007656672207,2.2359011819532575,3.9000011819532574,1.9748420650657756,1.0792997968617795,1.0651993805757427,0.7995906831199528,5.232015657180457e-05,2926790.876281936,58535.81754475182,0.00021400195199432827,0.00021347346414151618,11424.09828189545,11367.74326107468,1749373.962347671,34987.47925837751,4.492727437490377,0.0898545487791468,1740744.3091672834,34814.886194713414,4.470564835065723,0.089411296730509,"[1.770,2.067]",1.921,"[2.000,2.500]",2.25,0.002,0.0,628,1.2570000000000001,0.12,-2.7135574774710003,31,1.0664425225289995,0.005,0.0,251,1.2575,0.1,-1.275816477471,23,1.0741835225290002,1.2767470594304413,1.279066736569732,0.7952979752766182,0.8011691184965876,1.2427092380131848,1.3023007696054347,0.8018575469139144,0.7987180937475878
26,56,3.595,30.01,1.305,155.8196496,3.116392991,Day:1993md,0.705944342,0.043704372,0.0089,3.6039000000000003,2.29,2.2989,1.0,0.0,0.0,155.8196496,3.116392991,0.5237733085234983,0.06703093793401961,0.9329690620659804,0.07184690324627198,0.0329109839015147,1.2720890160984852,4.433234524286382,1.0049574501751584,2.2073421923548526,2.2214068141200327,3.9244318141200325,1.9810178732459818,1.1219065601741471,1.107841938408967,0.797540007803785,6.373800691837812e-05,2444689.709227026,48893.7941688513,0.00021400195199432824,0.00021347346414151612,11689.065539295403,11631.403436292816,1821386.0964844446,36427.72191799983,4.677668392273046,0.09355336781544117,1812401.2077993825,36248.02414435625,4.654593477025077,0.0930918695106299,"[1.770,2.067]",1.921,"[2.000,2.500]",2.25,0.002,0.0,636,1.2730000000000001,0.12,-2.7135574774710003,31,1.0664425225289995,0.005,0.0,254,1.2725,0.1,-1.275816477471,23,1.0741835225290002,1.2923625213277532,1.2940667365697318,0.7920778890710121,0.7995900510242723,1.2427092380131848,1.3023007696054347,0.8018575469139144,0.7987180937475878
26,56,3.595,30.01,1.32,157.2442727,3.144885454,Day:1993md,0.75678432,0.044516725,0.0089,3.6039000000000003,2.2750000000000004,2.2839000000000005,1.0,0.0,0.0,157.2442727,3.144885454,0.5237733085234983,0.06703093793401961,0.9329690620659804,0.07184690324627198,0.0329109839015147,1.2870890160984854,4.433234524286382,1.0049574501751584,2.192883619042485,2.206912446286808,3.9493124462868083,1.9872877109987894,1.1645133234865153,1.1504844962421923,0.795454555049928,7.491413916707934e-05,2098993.2534538186,41979.86506907637,0.00021400195199432822,0.0002134734641415161,11962.393723090372,11903.383293497049,1881017.9007383909,37620.358014767815,4.8308142883964935,0.09661628576792987,1871738.8486552741,37434.77697310549,4.806983905193707,0.09613967810387417,"[1.770,2.067]",1.921,"[2.000,2.500]",2.25,0.002,0.0,643,1.287,0.12,-2.7135574774710003,32,1.1864425225289996,0.005,0.0,257,1.2875,0.1,-1.275816477471,24,1.1741835225290003,1.3060223095426764,1.309066736569732,0.7891433312188962,0.7979988945193282,1.2700484264524534,1.3555901640567298,0.7966372847646346,0.7929888922184248
26,56,3.595,30.01,1.335,157.2209995,3.14441999,Day:1993md,0.858663922,0.046240642,0.0089,3.6039000000000003,2.2600000000000002,2.2689000000000004,1.0,0.0,0.0,157.2209995,3.14441999,0.5237733085234983,0.06703093793401961,0.9329690620659804,0.07184690324627198,0.0329109839015147,1.3020890160984853,4.433234524286382,1.0049574501751584,2.178425045730117,2.192418078453583,3.974643078453583,1.9936506911827816,1.2071200867988834,1.193127054075417,0.7933340590144813,8.585011826360774e-05,1831342.841220601,36626.85682441202,0.00021400195199432824,0.00021347346414151612,12244.345070283924,12183.94377607709,1925068.1701729363,38501.36340345872,4.943943818375226,0.09887887636750453,1915571.8183266444,38311.436366532886,4.9195553677556445,0.09839110735511289,"[1.770,2.067]",1.921,"[2.000,2.500]",2.25,0.002,0.0,651,1.303,0.12,-2.7135574774710003,32,1.1864425225289996,0.005,0.0,260,1.3025,0.1,-1.275816477471,24,1.1741835225290003,1.3216292242957408,1.3240667365697318,0.7856478478593077,0.796395830259492,1.2700484264524534,1.3555901640567298,0.7966372847646346,0.7929888922184248
26,56,3.595,30.01,1.35,155.55103,3.111020601,Day:1993md,0.880739909,0.039279714,0.0089,3.6039000000000003,2.245,2.2539000000000002,1.0,0.0,0.0,155.55103,3.111020601,0.5237733085234983,0.06703093793401961,0.9329690620659804,0.07184690324627198,0.0329109839015147,1.3170890160984854,4.433234524286382,1.0049574501751584,2.1639664724177488,2.1779237106203584,4.000423710620359,2.000105924850071,1.2497268501112515,1.2357696119086419,0.7911782545870092,9.654763195508192e-05,1611132.5244348715,32222.650499055013,0.00021400195199432827,0.00021347346414151618,12535.190575103286,12473.354541446977,1949861.8052036085,38997.23611660736,5.0076186224908295,0.10015237248200935,1940243.146477255,38804.86294201845,4.982916064374695,0.09965832131952787,"[1.770,2.067]",1.921,"[2.000,2.500]",2.25,0.002,0.0,658,1.317,0.12,-2.7135574774710003,32,1.1864425225289996,0.005,0.0,263,1.3175000000000001,0.1,-1.275816477471,25,1.2741835225290004,1.335281539897288,1.339066736569732,0.7824580633311286,0.7947810397090038,1.2700484264524534,1.408879558508025,0.7966372847646346,0.7871165104649466
26,56,3.595,30.01,1.365,144.6666465,2.893332931,Day:1993md,1.119815824,0.047211988,0.0089,3.6039000000000003,2.2300000000000004,2.2389000000000006,1.0,0.0,0.0,144.6666465,2.893332931,0.5237733085234983,0.06703093793401961,0.9329690620659804,0.07184690324627198,0.0329109839015147,1.3320890160984853,4.433234524286382,1.0049574501751584,2.149507899105381,2.163429342787134,4.026654342787134,2.0066525216855893,1.2923336134236192,1.2784121697418662,0.7889868774675763,0.00010700848504133346,1351917.5273261797,27038.350555868645,0.00021400195199432822,0.0002134734641415161,12835.210294286335,12771.894264826069,1856826.8303966823,37136.53662076886,4.768686985826722,0.09537373974949773,1847667.1127449705,36953.3422676713,4.7451630763029495,0.09490326155885966,"[1.770,2.067]",1.921,"[2.000,2.500]",2.25,0.002,0.0,666,1.333,0.12,-2.7135574774710003,33,1.3064425225289993,0.005,0.0,266,1.3325,0.1,-1.275816477471,25,1.2741835225290004,1.3508799215256317,1.3540667365697319,0.778653235186037,0.7931547044753786,1.2970532675790754,1.408879558508025,0.7910828831799095,0.7871165104649466
26,56,3.595,30.01,1.38,150.1589427,3.003178853,Day:1993md,1.038899164,0.071923788,0.0089,3.6039000000000003,2.2150000000000003,2.2239000000000004,1.0,0.0,0.0,150.1589427,3.003178853,0.5237733085234983,0.06703093793401961,0.9329690620659804,0.07184690324627198,0.0329109839015147,1.3470890160984852,4.433234524286382,1.0049574501751584,2.1350493257930125,2.148934974953909,4.053334974953908,2.0132895904349946,1.3349403767359873,1.321054727575091,0.7867596642453262,0.00011723459364874263,1280841.584608593,25616.831683641954,0.00021400195199432827,0.00021347346414151618,13144.693664365417,13079.850954957717,1973793.3027565,39475.866041985304,5.069079292416326,0.10138158581456844,1964056.5900700362,39281.131788320876,5.044073549116746,0.10088147094874336,"[1.770,2.067]",1.921,"[2.000,2.500]",2.25,0.002,0.0,673,1.347,0.12,-2.7135574774710003,33,1.3064425225289993,0.005,0.0,269,1.3475,0.1,-1.275816477471,25,1.2741835225290004,1.3645247767641138,1.3690667365697318,0.7751760609771724,0.7915170062666478,1.2970532675790754,1.408879558508025,0.7910828831799095,0.7871165104649466
26,56,3.595,30.01,1.395,155.7420603,3.114841205,Day:1993md,1.13007366,0.074482128,0.0089,3.6039000000000003,2.2,2.2089000000000003,1.0,0.0,0.0,155.7420603,3.114841205,0.5237733085234983,0.06703093793401961,0.9329690620659804,0.07184690324627198,0.0329109839015147,1.3620890160984853,4.433234524286382,1.0049574501751584,2.1205907524806444,2.134440607120684,4.080465607120685,2.020016239321032,1.3775471400483559,1.3636972854083163,0.7844963524786066,0.0001272279795388777,1224118.0034805872,24482.36006175184,0.0002140019519943283,0.0002134734641415162,13463.93983150239,13397.522282317228,2096901.729113417,41938.034568804396,5.385245313395472,0.10770490623333145,2086557.7231632432,41731.15444986734,5.358679924664327,0.10717359845887912,"[1.770,2.067]",1.921,"[2.000,2.500]",2.25,0.002,0.0,681,1.363,0.12,-2.7135574774710003,33,1.3064425225289993,0.005,0.0,272,1.3625,0.1,-1.275816477471,26,1.3741835225290004,1.380114639248987,1.384066736569732,0.7710220171045453,0.789868126849089,1.2970532675790754,1.46216895295932,0.7910828831799095,0.7811090964280424
26,56,3.595,30.01,1.41,161.4016613,3.228033226,Day:1993md,1.115230156,0.070631243,0.0089,3.6039000000000003,2.1850000000000005,2.1939000000000006,1.0,0.0,0.0,161.4016613,3.228033226,0.5237733085234983,0.06703093793401961,0.9329690620659804,0.07184690324627198,0.0329109839015147,1.3770890160984852,4.433234524286382,1.0049574501751584,2.1061321791682768,2.1199462392874593,4.108046239287459,2.026831576448191,1.4201539033607231,1.4063398432415406,0.7821966807766466,0.00013699076446347766,1178193.7412505674,23563.874825011346,0.00021400195199432827,0.00021347346414151618,13793.257994459276,13725.215920390649,2226254.7550452333,44525.09510090467,5.7174486622702725,0.11434897324540545,2215272.651252259,44305.453025045186,5.689244516047673,0.11378489032095346,"[1.770,2.067]",1.921,"[2.000,2.500]",2.25,0.002,0.0,688,1.377,0.12,-2.7135574774710003,34,1.4264425225289994,0.005,0.0,275,1.3775,0.1,-1.275816477471,26,1.3741835225290004,1.393752046341291,1.3990667365697318,0.7672195555775149,0.7882082480054522,1.3237357361743323,1.46216895295932,0.785163907521969,0.7811090964280424
26,56,3.595,30.01,1.425,167.3325325,3.346650651,Day:1993md,1.141439726,0.071115878,0.0089,3.6039000000000003,2.17,2.1789,1.0,0.0,0.0,167.3325325,3.346650651,0.5237733085234983,0.06703093793401961,0.9329690620659804,0.07184690324627198,0.0329109839015147,1.3920890160984853,4.433234524286382,1.0049574501751584,2.0916736058559082,2.105451871454234,4.136076871454234,2.033734710195564,1.4627606666730921,1.4489824010747663,0.7798603888827833,0.0001465251645765813,1142005.4226422228,22840.108459669224,0.00021400195199432827,0.00021347346414151618,14132.967761321192,14063.249900637978,2364905.2872427306,47298.10575898758,6.073529788223683,0.12147059580076984,2353239.2210541265,47064.784435145775,6.043569095552356,0.12087138194716424,"[1.770,2.067]",1.921,"[2.000,2.500]",2.25,0.002,0.0,696,1.393,0.12,-2.7135574774710003,34,1.4264425225289994,0.005,0.0,278,1.3925,0.1,-1.275816477471,27,1.474183522529,1.4093334036257943,1.414066736569732,0.762669156146163,0.7865375514936993,1.3237357361743323,1.5154583474106151,0.785163907521969,0.7749747835788358
26,56,3.595,30.01,1.44,173.3837935,3.467675871,Day:1993md,1.020856658,0.04014216,0.0089,3.6039000000000003,2.1550000000000002,2.1639000000000004,1.0,0.0,0.0,173.3837935,3.467675871,0.5237733085234983,0.06703093793401961,0.9329690620659804,0.07184690324627198,0.0329109839015147,1.4070890160984852,4.433234524286382,1.0049574501751584,2.0772150325435406,2.0909575036210097,4.16455750362101,2.0407247495978016,1.5053674299854594,1.4916249589079902,0.7774872177592417,0.00015583348491387443,1112622.1915387774,22252.443837192655,0.00021400195199432822,0.0002134734641415161,14483.399520621531,14411.952981787594,2511186.7516614427,50223.73504771225,6.449208609868113,0.1289841722345584,2498799.079725969,49975.98160893134,6.417394695411285,0.12834789394523835,"[1.770,2.067]",1.921,"[2.000,2.500]",2.25,0.002,0.0,703,1.407,0.12,-2.7135574774710003,35,1.5464425225289995,0.005,0.0,281,1.4075,0.1,-1.275816477471,27,1.474183522529,1.4229633747555042,1.4290667365697318,0.7584964420219583,0.7848562190062661,1.3501071088387828,1.5154583474106151,0.7788459309092681,0.7749747835788358
26,56,3.595,30.01,1.455,179.6420479,3.592840959,Day:1993md,1.074358716,0.04013537,0.0089,3.6039000000000003,2.14,2.1489000000000003,1.0,0.0,0.0,179.6420479,3.592840959,0.5237733085234983,0.06703093793401961,0.9329690620659804,0.07184690324627198,0.0329109839015147,1.4220890160984854,4.433234524286382,1.0049574501751584,2.0627564592311725,2.076463135787785,4.193488135787785,2.0478008047141167,1.547974193297828,1.5342675167412154,0.7750769096734673,0.00016491811394860796,1089280.2712743874,21785.60543155136,0.00021400195199432822,0.0002134734641415161,14844.894827556222,14771.665034145317,2666767.3076823168,53335.34616849124,6.848769280038916,0.1369753856389029,2653612.157626688,53072.24316730543,6.814984334754885,0.13629968673303416,"[1.770,2.067]",1.921,"[2.000,2.500]",2.25,0.002,0.0,711,1.423,0.12,-2.7135574774710003,35,1.5464425225289995,0.005,0.0,284,1.4225,0.1,-1.275816477471,28,1.5741835225290002,1.438536240744746,1.444066736569732,0.7534935482338414,0.7831644321298601,1.3501071088387828,1.5687477418619102,0.7788459309092681,0.7687216687837208
26,56,3.595,30.01,1.47,186.130394,3.72260788,Day:1993md,1.106751002,0.048783005,0.0089,3.6039000000000003,2.125,2.1339,1.0,0.0,0.0,186.130394,3.72260788,0.5237733085234983,0.06703093793401961,0.9329690620659804,0.07184690324627198,0.0329109839015147,1.4370890160984853,4.433234524286382,1.0049574501751584,2.0482978859188044,2.0619687679545597,4.22286876795456,2.054961986985297,1.5905809566101956,1.5769100745744402,0.7726292082860087,0.00017378151823270197,1071059.7760503064,21421.195521006128,0.00021400195199432822,0.0002134734641415161,15217.806806011518,15142.737439639002,2832496.3766188053,56649.92753237611,7.274393275380354,0.1454878655076071,2818523.6858785586,56370.47371757117,7.238508729013819,0.14477017458027638,"[1.770,2.067]",1.921,"[2.000,2.500]",2.25,0.002,0.0,718,1.437,0.12,-2.7135574774710003,35,1.5464425225289995,0.005,0.0,287,1.4375,0.1,-1.275816477471,28,1.5741835225290002,1.4521587880622562,1.4590667365697318,0.7488968254307881,0.7814623723058041,1.3501071088387828,1.5687477418619102,0.7788459309092681,0.7687216687837208
26,56,3.595,30.01,1.485,192.8503636,3.857007271,Day:1993md,1.068185697,0.045890502,0.0089,3.6039000000000003,2.1100000000000003,2.1189000000000004,1.0,0.0,0.0,192.8503636,3.857007271,0.5237733085234983,0.06703093793401961,0.9329690620659804,0.07184690324627198,0.0329109839015147,1.4520890160984854,4.433234524286382,1.0049574501751584,2.0338393126064367,2.0474744001213354,4.252699400121336,2.0622074095787104,1.6331877199225637,1.619552632407665,0.7701438587399488,0.0001824262371309601,1057141.596696733,21142.831928452993,0.00021400195199432824,0.00021347346414151612,15602.50056717119,15525.53350836074,3008947.9074481702,60178.9581333609,7.727554606809108,0.15455109209611195,2994104.7821713528,59882.095627901515,7.689434617816148,0.1537886923164504,"[1.770,2.067]",1.921,"[2.000,2.500]",2.25,0.002,0.0,726,1.453,0.12,-2.7135574774710003,36,1.6664425225289996,0.005,0.0,290,1.4525000000000001,0.1,-1.275816477471,28,1.5741835225290002,1.467723176623501,1.474066736569732,0.7433740503908218,0.7797502207909376,1.376178019686742,1.5687477418619102,0.7720898746989274,0.7687216687837208
26,56,3.595,30.01,1.5,199.8285518,3.996571035,Day:1993md,1.055905165,0.044738352,0.0089,3.6039000000000003,2.095,2.1039000000000003,1.0,0.0,0.0,199.8285518,3.996571035,0.5237733085234983,0.06703093793401961,0.9329690620659804,0.07184690324627198,0.0329109839015147,1.4670890160984853,4.433234524286382,1.0049574501751584,2.0193807392940686,2.03298003228811,4.28298003228811,2.0695361877213236,1.6757944832349314,1.6621951902408898,0.7676206077518818,0.00019085487765560418,1047018.3117907457,20940.36623057533,0.00021400195199432816,0.00021347346414151604,15999.353645511908,15920.428912411478,3197127.6687186956,63942.55335837455,8.21083628061766,0.16421672557126374,3181356.253602035,63627.12505612027,8.170332265496969,0.16340664526905266,"[2.067,2.357]",2.213,"[2.000,2.500]",2.25,0.002,0.0,733,1.467,0.12,-3.920685477471,46,1.6593145225290002,0.005,0.0,293,1.4675,0.1,-1.275816477471,29,1.6741835225290003,1.4925882086745759,1.4890667365697319,0.7913830265698567,0.7780281586190838,1.6223291796696575,1.6220371363132053,0.7629879631760401,0.7623577913288831
26,56,3.595,30.01,1.515,207.0543235,4.141086469,Day:1993md,1.096330645,0.035836006,0.0089,3.6039000000000003,2.08,2.0889,1.0,0.0,0.0,207.0543235,4.141086469,0.5237733085234983,0.06703093793401961,0.9329690620659804,0.07184690324627198,0.0329109839015147,1.4820890160984852,4.433234524286382,1.0049574501751584,2.0049221659817005,2.0184856644548854,4.313710664454885,2.076947439020758,1.7184012465472995,1.7048377480741146,0.765059203704429,0.00019907010940766376,1040107.5486224095,20802.150967424834,0.00021400195199432816,0.00021347346414151604,16408.756453042424,16327.812137899442,3397503.966860959,67950.07932081042,8.725440997426395,0.17450881990638703,3380744.096447858,67614.88191262934,8.68239843976041,0.1736479687532752,"[2.067,2.357]",2.213,"[2.000,2.500]",2.25,0.002,0.0,741,1.483,0.12,-3.920685477471,46,1.6593145225290002,0.005,0.0,296,1.4825,0.1,-1.275816477471,29,1.6741835225290003,1.5081408730326942,1.5040667365697318,0.7884563116457568,0.7762963665630944,1.6223291796696575,1.6220371363132053,0.7629879631760401,0.7623577913288831
26,56,3.595,30.01,1.53,214.5550518,4.291101035,Day:1993md,1.113933221,0.035328928,0.0089,3.6039000000000003,2.0650000000000004,2.0739000000000005,1.0,0.0,0.0,214.5550518,4.291101035,0.5237733085234983,0.06703093793401961,0.9329690620659804,0.07184690324627198,0.0329109839015147,1.4970890160984853,4.433234524286382,1.0049574501751584,1.9904635926693326,2.003991296621661,4.344891296621661,2.0844402837744385,1.7610080098596674,1.747480305907339,0.7624593967402893,0.0002070746596310868,1036124.1311816707,20722.482618804235,0.00021400195199432822,0.0002134734641415161,16831.11275269076,16748.084955992108,3611200.2685052063,72224.00535327301,9.274254034747985,0.18548508065173414,3593386.2352836872,71867.72468892566,9.228504185059311,0.18457008365817396,"[2.067,2.357]",2.213,"[2.000,2.500]",2.25,0.002,0.0,748,1.497,0.12,-3.920685477471,47,1.7793145225290004,0.005,0.0,299,1.4975,0.1,-1.275816477471,30,1.7741835225290004,1.5217457583402592,1.519066736569732,0.7858020992762843,0.7745550250974778,1.6456549251807702,1.6753265307645004,0.7567426980599796,0.7558911131629074
26,56,3.595,30.01,1.545,222.3057104,4.446114208,Day:1993md,1.07509609,0.053529889,0.0089,3.6039000000000003,2.0500000000000003,2.0589000000000004,1.0,0.0,0.0,222.3057104,4.446114208,0.5237733085234983,0.06703093793401961,0.9329690620659804,0.07184690324627198,0.0329109839015147,1.5120890160984852,4.433234524286382,1.0049574501751584,1.9760050193569645,1.989496928788436,4.376521928788436,2.092013845266908,1.8036147731720356,1.790122863740564,0.7598209388578179,0.00021487130838479494,1034599.3239911372,20691.986479822743,0.00021400195199432822,0.0002134734641415161,17266.840151796863,17181.66291397447,3838517.166308446,76770.3433261689,9.858047372105798,0.19716094744211593,3819581.7799444287,76391.63559888856,9.809417672745843,0.19618835345491684,"[2.067,2.357]",2.213,"[1.500,2.000]",1.75,0.002,0.0,756,1.5130000000000001,0.12,-3.920685477471,47,1.7793145225290004,0.005,0.0,302,1.5125,0.1,-0.7758164774709999,25,1.7741835225290004,1.537289978201315,1.5292741284431246,0.7826564186121812,0.74865736832844,1.6456549251807702,1.408879558508025,0.7567426980599796,0.7652989903231929
26,56,3.595,30.01,1.56,230.3378122,4.606756244,Day:1993md,1.206922986,0.054702265,0.0089,3.6039000000000003,2.035,2.0439000000000003,1.0,0.0,0.0,230.3378122,4.606756244,0.5237733085234983,0.06703093793401961,0.9329690620659804,0.07184690324627198,0.0329109839015147,1.5270890160984854,4.433234524286382,1.0049574501751584,1.9615464460445964,1.9750025609552113,4.408602560955211,2.0996672500554014,1.8462215364844037,1.8327654215737887,0.7571435840081219,0.00022246288383727053,1035398.8414916437,20707.97682983287,0.00021400195199432822,0.0002134734641415161,17716.370616723598,17628.97584732143,4080750.0479804785,81615.00095960956,10.48014781327723,0.20960295626554457,4060619.72799866,81212.39455997318,10.428449295490669,0.20856898590981335,"[2.067,2.357]",2.213,"[1.500,2.000]",1.75,0.002,0.0,763,1.5270000000000001,0.12,-3.920685477471,47,1.7793145225290004,0.005,0.0,305,1.5275,0.1,-0.7758164774709999,26,1.8741835225290004,1.5508874805894592,1.5442741284431247,0.77980064766277,0.7465415985384103,1.6456549251807702,1.46216895295932,0.7567426980599796,0.7580113294650338
26,56,3.595,30.01,1.575,238.6117416,4.772234833,Day:1993md,1.07706351,0.049033631,0.0089,3.6039000000000003,2.0200000000000005,2.0289000000000006,1.0,0.0,0.0,238.6117416,4.772234833,0.5237733085234983,0.06703093793401961,0.9329690620659804,0.07184690324627198,0.0329109839015147,1.5420890160984853,4.433234524286382,1.0049574501751584,1.9470878727322287,1.9605081931219868,4.441133193121987,2.1073996282437717,1.8888282997967714,1.8754079794070133,0.7544270881936661,0.0002298522576876733,1038109.1924023179,20762.18385239698,0.0002140019519943282,0.00021347346414151607,18180.1510096589,18090.468413851955,4337997.494965709,86759.94991749432,11.140808534295326,0.2228161707325966,4316598.174589004,86331.96350987056,11.08585098041071,0.221717019654674,"[2.067,2.357]",2.213,"[1.500,2.000]",1.75,0.002,0.0,771,1.543,0.12,-3.920685477471,48,1.8993145225289996,0.005,0.0,308,1.5425,0.1,-0.7758164774709999,26,1.8741835225290004,1.5664232696936509,1.5592741284431246,0.776412390960678,0.7444172771637806,1.6687719789999784,1.46216895295932,0.7501246588190412,0.7580113294650338
26,56,3.595,30.01,1.59,247.1578349,4.943156699,Day:1993md,1.124787325,0.051384169,0.0089,3.6039000000000003,2.005,2.0139,1.0,0.0,0.0,247.1578349,4.943156699,0.5237733085234983,0.06703093793401961,0.9329690620659804,0.07184690324627198,0.0329109839015147,1.5570890160984854,4.433234524286382,1.0049574501751584,1.9326292994198602,1.9460138252887613,4.474113825288762,2.1152101137449115,1.93143506310914,1.9180505372402388,0.7516712095683754,0.00023704234071689054,1042673.7862633192,20853.47572948504,0.0002140019519943282,0.00021347346414151607,18658.643648745856,18566.600651095985,4611629.966394662,92232.59934655188,11.84354913672624,0.23687098278244378,4588880.818377814,91777.61638612289,11.785124966894845,0.2357024993855795,"[2.067,2.357]",2.213,"[1.500,2.000]",1.75,0.002,0.0,778,1.557,0.12,-3.920685477471,48,1.8993145225289996,0.005,0.0,311,1.5575,0.1,-0.7758164774709999,26,1.8741835225290004,1.580013401168742,1.5742741284431248,0.7733329067405694,0.7422846517904699,1.6687719789999784,1.46216895295932,0.7501246588190412,0.7580113294650338
26,56,3.595,30.01,1.605,255.9400973,5.118801946,Day:1993md,1.043212857,0.032742036,0.0089,3.6039000000000003,1.9900000000000002,1.9989000000000001,1.0,0.0,0.0,255.9400973,5.118801946,0.5237733085234983,0.06703093793401961,0.9329690620659804,0.07184690324627198,0.0329109839015147,1.5720890160984853,4.433234524286382,1.0049574501751584,1.9181707261074925,1.9315194574555365,4.507544457455537,2.1230978445317907,1.9740418264215076,1.9606930950734636,0.7488757085392237,0.00024403607847137788,1048779.74971237,20975.5949942474,0.00021400195199432822,0.0002134734641415161,19152.32689274505,19057.848558072692,4901848.408450575,98036.9681690115,12.58888568886087,0.2517777137772174,4877667.614281789,97553.35228563579,12.526784777471624,0.2505356955494325,"[2.067,2.357]",2.213,"[1.500,2.000]",1.75,0.002,0.0,786,1.573,0.12,-3.920685477471,49,2.0193145225289997,0.005,0.0,314,1.5725,0.1,-0.7758164774709999,27,1.974183522529,1.595540773219028,1.5892741284431247,0.7696748841636588,0.7401439685515556,1.691685844265248,1.5154583474106151,0.7431006951605204,0.7505983224701787
26,56,3.595,30.01,1.62,265.0073352,5.300146703,Day:1993md,1.128270656,0.044149721,0.0089,3.6039000000000003,1.975,1.9839,1.0,0.0,0.0,265.0073352,5.300146703,0.5237733085234983,0.06703093793401961,0.9329690620659804,0.07184690324627198,0.0329109839015147,1.5870890160984854,4.433234524286382,1.0049574501751584,1.9037121527951242,1.9170250896223118,4.5414250896223125,2.1310619628772676,2.016648589733876,2.0033356529066886,0.7460403478692924,0.00025083644708211227,1056494.5337200093,21129.890670413526,0.00021400195199432822,0.0002134734641415161,19661.695751506915,19564.70470275134,5210493.596620009,104209.87191273848,13.381545654759353,0.26763091304469205,5184790.257251041,103695.80512545611,13.315534555644149,0.26631069106263705,"[2.067,2.357]",2.213,"[1.500,2.000]",1.75,0.002,0.0,793,1.587,0.12,-3.920685477471,49,2.0193145225289997,0.005,0.0,317,1.5875000000000001,0.1,-0.7758164774709999,27,1.974183522529,1.609123545754919,1.6042741284431248,0.7663461093981346,0.7379954720808477,1.691685844265248,1.5154583474106151,0.7431006951605204,0.7505983224701787
26,56,3.595,30.01,1.635,274.2924153,5.485848307,Day:1993md,1.141117955,0.043748931,0.0089,3.6039000000000003,1.9600000000000002,1.9689,1.0,0.0,0.0,274.2924153,5.485848307,0.5237733085234983,0.06703093793401961,0.9329690620659804,0.07184690324627198,0.0329109839015147,1.6020890160984853,4.433234524286382,1.0049574501751584,1.889253579482756,1.902530721789087,4.575755721789087,2.1391016155828333,2.059255353046244,2.0459782107399134,0.7431648927822867,0.0002574464492204762,1065434.835596031,21308.696715804926,0.00021400195199432824,0.00021347346414151612,20187.26252360868,20087.678856542785,5537212.995895798,110744.25993810322,14.220623656993268,0.2844124731917101,5509897.951331863,110197.95904672494,14.150473390206415,0.2830094678557173,"[2.067,2.357]",2.213,"[1.500,2.000]",1.75,0.002,0.0,801,1.603,0.12,-3.920685477471,49,2.0193145225289997,0.005,0.0,320,1.6025,0.1,-0.7758164774709999,28,2.074183522529,1.6246425144171965,1.6192741284431247,0.7623868489826315,0.7358394054678672,1.691685844265248,1.5687477418619102,0.7431006951605204,0.7430713164555607
26,56,3.595,30.01,1.65,283.7895193,5.675790386,Day:1993md,1.176928594,0.043694355,0.0089,3.6039000000000003,1.9450000000000003,1.9539000000000002,1.0,0.0,0.0,283.7895193,5.675790386,0.5237733085234983,0.06703093793401961,0.9329690620659804,0.07184690324627198,0.0329109839015147,1.6170890160984852,4.433234524286382,1.0049574501751584,1.8747950061703882,1.8880363539558624,4.610536353955862,2.1472159541964713,2.1018621163586113,2.0886207685731373,0.740249111068489,0.0002638691101924096,1075493.5243957306,21509.870487914613,0.00021400195199432824,0.00021347346414151612,20729.557462594614,20627.29865725317,5882831.147611453,117656.62295222907,15.108237275652488,0.3021647455130498,5853811.1703994125,117076.22340798825,15.033708415236097,0.30067416830472193,"[2.067,2.357]",2.213,"[1.500,2.000]",1.75,0.002,0.0,808,1.617,0.12,-3.920685477471,50,2.139314522529,0.005,0.0,323,1.6175,0.1,-0.7758164774709999,28,2.074183522529,1.6382179399553678,1.6342741284431246,0.758779098573985,0.7336760102142292,1.7144017864238839,1.5687477418619102,0.7356335434851813,0.7430713164555607
26,56,3.595,30.01,1.665,293.4591597,5.869183194,Day:1993md,1.138148151,0.042254602,0.0089,3.6039000000000003,1.9300000000000002,1.9389,1.0,0.0,0.0,293.4591597,5.869183194,0.5237733085234983,0.06703093793401961,0.9329690620659804,0.07184690324627198,0.0329109839015147,1.6320890160984853,4.433234524286382,1.0049574501751584,1.86033643285802,1.8735419861226374,4.645766986122638,2.1554041352198055,2.1444688796709803,2.131263326406363,0.7372927731921336,0.00027010747417172,1086453.3112231994,21729.066224463986,0.00021400195199432824,0.00021347346414151612,21289.12947334614,21184.110302018824,6247490.045992661,124949.80091985322,16.044751179108353,0.32089502358216704,6216671.208222557,124333.42416445113,15.965602500197242,0.31931205000394486,"[2.067,2.357]",2.213,"[1.500,2.000]",1.75,0.002,0.0,816,1.633,0.12,-3.920685477471,50,2.139314522529,0.005,0.0,326,1.6325,0.1,-0.7758164774709999,29,2.1741835225290003,1.6537285188585855,1.6492741284431247,0.7544819712942468,0.7315055261914263,1.7144017864238839,1.6220371363132053,0.7356335434851813,0.7354414504306184
26,56,3.595,30.01,1.68,303.4268758,6.068537516,Day:1993md,1.183151621,0.032198862,0.0089,3.6039000000000003,1.9150000000000003,1.9239000000000002,1.0,0.0,0.0,303.4268758,6.068537516,0.5237733085234983,0.06703093793401961,0.9329690620659804,0.07184690324627198,0.0329109839015147,1.6470890160984852,4.433234524286382,1.0049574501751584,1.8458778595456522,1.859047618289413,4.681447618289413,2.16366532030474,2.1870756429833484,2.1739058842395877,0.7342956524001821,0.0002761646005730053,1098717.4864933053,21974.349729866106,0.00021400195199432824,0.00021347346414151612,21866.546840204286,21758.679271836903,6634897.9922575485,132697.95984515097,17.039688995234453,0.34079377990468906,6602168.072987691,132043.36145975383,16.95563229295383,0.3391126458590766,"[2.067,2.357]",2.213,"[1.500,2.000]",1.75,0.002,0.0,823,1.647,0.12,-3.920685477471,50,2.139314522529,0.005,0.0,329,1.6475,0.1,-0.7758164774709999,29,2.1741835225290003,1.667296609308238,1.6642741284431246,0.7505605954989961,0.7293281916000078,1.7144017864238839,1.6220371363132053,0.7356335434851813,0.7354414504306184
26,56,3.595,30.01,1.695,313.4847476,6.269694952,Day:1993md,1.122861647,0.04465927,0.0089,3.6039000000000003,1.9000000000000001,1.9089,1.0,0.0,0.0,313.4847476,6.269694952,0.5237733085234983,0.06703093793401961,0.9329690620659804,0.07184690324627198,0.0329109839015147,1.6620890160984854,4.433234524286382,1.0049574501751584,1.8314192862332839,1.844553250456188,4.717578250456188,2.171998676439787,2.2296824062957166,2.2165484420728125,0.7312575248324765,0.0002820435605642556,1111476.3512871673,22229.527025743348,0.00021400195199432822,0.0002134734641415161,22462.397988568595,22351.591089407346,7041619.163937174,140832.38327874348,18.084226873779905,0.3616845374755981,7006882.891121271,140137.65782242542,17.995017471265005,0.35990034942530014,"[2.067,2.357]",2.213,"[1.500,2.000]",1.75,0.002,0.0,831,1.663,0.12,-3.920685477471,51,2.259314522529,0.005,0.0,332,1.6625,0.1,-0.7758164774709999,29,2.1741835225290003,1.6827988120445383,1.6792741284431247,0.7458827165721333,0.7271442429301496,1.736924847361761,1.6220371363132053,0.7276811728072744,0.7354414504306184
26,56,3.595,30.01,1.71,323.6752075,6.473504149,Day:1993md,1.180195428,0.043871139,0.0089,3.6039000000000003,1.8850000000000002,1.8939000000000001,1.0,0.0,0.0,323.6752075,6.473504149,0.5237733085234983,0.06703093793401961,0.9329690620659804,0.07184690324627198,0.0329109839015147,1.6770890160984853,4.433234524286382,1.0049574501751584,1.816960712920916,1.830058882622963,4.754158882622963,2.180403376126299,2.272289169608084,2.259190999906037,0.728178169633249,0.0002877474337188165,1124858.711394423,22497.174224413186,0.00021400195199432824,0.00021347346414151612,23077.292281805647,22963.452112110226,7469547.367851591,149390.94733395454,19.183228473427693,0.38366456940928695,7432700.127303591,148654.00252310836,19.088597701409316,0.3817719539692117,"[2.067,2.357]",2.213,"[1.500,2.000]",1.75,0.002,0.0,838,1.677,0.12,-3.920685477471,51,2.259314522529,0.005,0.0,335,1.6775,0.1,-0.7758164774709999,30,2.2741835225290004,1.6963595792827633,1.6942741284431246,0.7416070202984876,0.7249539149236072,1.736924847361761,1.6753265307645004,0.7276811728072744,0.7277196277135917
26,56,3.595,30.01,1.725,333.9633746,6.679267491,Day:1993md,1.179770089,0.042220199,0.0089,3.6039000000000003,1.87,1.8789,1.0,0.0,0.0,333.9633746,6.679267491,0.5237733085234983,0.06703093793401961,0.9329690620659804,0.07184690324627198,0.0329109839015147,1.6920890160984854,4.433234524286382,1.0049574501751584,1.8025021396085479,1.8155645147897381,4.791189514789739,2.1888785975448113,2.3148959329204524,2.301833557739262,0.725057369063961,0.0002932793048060532,1138721.2432900826,22774.424862391934,0.00021400195199432822,0.0002134734641415161,23711.86085541763,23594.8903620594,7918893.069320915,158377.86136270643,20.337234309435658,0.40674468612781656,7879829.208630373,157596.58414901257,20.23691083228548,0.40473821658511344,"[2.067,2.357]",2.213,"[1.500,2.000]",1.75,0.002,0.0,846,1.693,0.12,-3.920685477471,51,2.259314522529,0.005,0.0,338,1.6925000000000001,0.1,-0.7758164774709999,30,2.2741835225290004,1.711853419407639,1.7092741284431248,0.7364978570078902,0.7227574405370467,1.736924847361761,1.6753265307645004,0.7276811728072744,0.7277196277135917
26,56,3.595,30.01,1.74,344.3348995,6.88669799,Day:1993md,1.26040085,0.042690997,0.0089,3.6039000000000003,1.8550000000000002,1.8639000000000001,1.0,0.0,0.0,344.3348995,6.88669799,0.5237733085234983,0.06703093793401961,0.9329690620659804,0.07184690324627198,0.0329109839015147,1.7070890160984853,4.433234524286382,1.0049574501751584,1.78804356629618,1.8010701469565134,4.828670146956513,2.197423524711728,2.357502696232821,2.3444761155724874,0.7218949086174469,0.0002986422607197327,1153001.2486181536,23060.024972363073,0.00021400195199432822,0.0002134734641415161,24366.7574905467,24246.556395297845,8390324.99164827,167806.4998329654,21.547961791343845,0.4309592358268769,8348935.559595966,166978.7111919193,21.441665801460708,0.42883331602921415,"[2.067,2.357]",2.213,"[1.500,2.000]",1.75,0.002,0.0,853,1.707,0.12,-3.920685477471,52,2.379314522529,0.005,0.0,341,1.7075,0.1,-0.7758164774709999,31,2.3741835225290004,1.7254068752794893,1.7242741284431247,0.7318197238945416,0.7205550509067437,1.7592598584706804,1.7286159252157955,0.7191960013993334,0.7199164911704773
26,56,3.595,30.01,1.755,354.740636,7.094812721,Day:1993md,1.206515286,0.036364596,0.0089,3.6039000000000003,1.8400000000000003,1.8489000000000002,1.0,0.0,0.0,354.740636,7.094812721,0.5237733085234983,0.06703093793401961,0.9329690620659804,0.07184690324627198,0.0329109839015147,1.7220890160984852,4.433234524286382,1.0049574501751584,1.7735849929838121,1.7865757791232888,4.866600779123289,2.2060373476265736,2.400109459545188,2.3871186734057117,0.7186905771333333,0.0003038393875428414,1167526.826817282,23350.536539636854,0.0002140019519943282,0.00021347346414151607,25042.659529026,24919.12421233477,8883648.968458144,177672.97939420555,22.814912262706297,0.4562982453184404,8839825.971646635,176796.51945785183,22.702366412358842,0.4540473283111739,"[2.067,2.357]",2.213,"[1.500,2.000]",1.75,0.002,0.0,861,1.723,0.12,-3.920685477471,52,2.379314522529,0.005,0.0,344,1.7225000000000001,0.1,-0.7758164774709999,31,2.3741835225290004,1.7408923663118898,1.7392741284431248,0.7262193142305431,0.7183469753146418,1.7592598584706804,1.7286159252157955,0.7191960013993334,0.7199164911704773
26,56,3.595,30.01,1.77,365.1870552,7.303741104,Day:1993md,1.130927272,0.035324363,0.0089,3.6039000000000003,1.8250000000000002,1.8339,1.0,0.0,0.0,365.1870552,7.303741104,0.5237733085234983,0.06703093793401961,0.9329690620659804,0.07184690324627198,0.0329109839015147,1.7370890160984853,4.433234524286382,1.0049574501751584,1.759126419671444,1.7720814112900638,4.9049814112900645,2.2147192624100382,2.442716222857556,2.429761231238936,0.7154441669147018,0.0003088737677472825,1182318.1290642733,23646.36258128547,0.00021400195199432822,0.0002134734641415161,25740.268832332255,25613.29221236767,9400012.974935759,188000.25949871517,24.141033943699618,0.4828206788739923,9353642.75701164,187072.85514023286,24.0219463416008,0.4804389268320161,"[2.067,2.357]",2.213,"[1.500,2.000]",1.75,0.002,0.0,868,1.737,0.12,-3.920685477471,52,2.379314522529,0.005,0.0,347,1.7375,0.1,-0.7758164774709999,32,2.474183522529,1.7544385226305224,1.7542741284431247,0.7210814369528301,0.7161334411557618,1.7592598584706804,1.7819053196670904,0.7191960013993334,0.7120424012528876
26,56,3.595,30.01,1.785,375.5911771,7.511823543,Day:1993md,1.331234679,0.071886673,0.0089,3.6039000000000003,1.8100000000000003,1.8189000000000002,1.0,0.0,0.0,375.5911771,7.511823543,0.5237733085234983,0.06703093793401961,0.9329690620659804,0.07184690324627198,0.0329109839015147,1.7520890160984852,4.433234524286382,1.0049574501751584,1.7446678463590761,1.7575870434568392,4.943812043456839,2.2234684714330535,2.4853229861699235,2.4724037890721604,0.7121554738459672,0.0003137484775266491,1197109.162284614,23942.183248879548,0.0002140019519943282,0.00021347346414151607,26460.312786950813,26329.784193687934,9938260.026085038,198765.20054816108,25.523355475227053,0.5104671095724963,9889234.638096225,197784.6927882543,25.397448887789704,0.5079489778234141,"[2.067,2.357]",2.213,"[1.500,2.000]",1.75,0.002,0.0,876,1.7530000000000001,0.12,-3.920685477471,53,2.499314522529,0.005,0.0,350,1.7525,0.1,-0.7758164774709999,32,2.474183522529,1.7699156780530387,1.7692741284431246,0.7149180859650546,0.7139146739069511,1.7814114527498037,1.7819053196670904,0.7101239533743061,0.7120424012528876
26,56,3.595,30.01,1.8,386.0020534,7.720041069,Day:1993md,1.191703505,0.066320891,0.0089,3.6039000000000003,1.7950000000000002,1.8039,1.0,0.0,0.0,386.0020534,7.720041069,0.5237733085234983,0.06703093793401961,0.9329690620659804,0.07184690324627198,0.0329109839015147,1.7670890160984853,4.433234524286382,1.0049574501751584,1.7302092730467078,1.7430926756236143,4.983092675623615,2.232284183437139,2.527929749482293,2.5150463469053865,0.7088242975119327,0.00031846658426003954,1212064.5382525136,24241.290768190316,0.00021400195199432822,0.0002134734641415161,27203.54535883109,27069.350402934637,10500624.36826884,210012.48739258034,26.96761482993058,0.5393522966684755,10448824.839736888,208976.4968218071,26.834583718176606,0.5366916744330513,"[2.067,2.357]",2.213,"[1.500,2.000]",1.75,0.002,0.0,883,1.7670000000000001,0.12,-3.920685477471,53,2.499314522529,0.005,0.0,353,1.7675,0.1,-0.7758164774709999,32,2.474183522529,1.7834545465998346,1.7842741284431247,0.7092516647369101,0.7116908970969588,1.7814114527498037,1.7819053196670904,0.7101239533743061,0.7120424012528876
26,56,3.595,30.01,1.815,396.3603117,7.927206235,Day:1993md,1.294276911,0.067110655,0.0089,3.6039000000000003,1.7800000000000002,1.7889000000000002,1.0,0.0,0.0,396.3603117,7.927206235,0.5237733085234983,0.06703093793401961,0.9329690620659804,0.07184690324627198,0.0329109839015147,1.7820890160984852,4.433234524286382,1.0049574501751584,1.71575069973434,1.7285983077903897,5.022823307790389,2.241165613646254,2.5705365127946607,2.557688904738611,0.7054504413179904,0.00032303114410467594,1227003.3986926111,24540.0679769479,0.00021400195199432824,0.00021347346414151612,27970.74819978944,27832.768636039564,11086494.474950757,221729.88952698588,28.47224149052343,0.5694448298823028,11031804.852054626,220636.09706892527,28.33178806282881,0.566635761328056,"[2.067,2.357]",2.213,"[1.500,2.000]",1.75,0.002,0.0,891,1.7830000000000001,0.12,-3.920685477471,53,2.499314522529,0.005,0.0,356,1.7825,0.1,-0.7758164774709999,33,2.574183522529,1.7989233798587918,1.7992741284431246,0.7024389308013,0.7094623322778305,1.7814114527498037,1.8351947141183855,0.7101239533743061,0.704107416787214
26,56,3.595,30.01,1.83,406.6816856,8.133633711,Day:1993md,1.241757418,0.041555842,0.0089,3.6039000000000003,1.7650000000000001,1.7739,1.0,0.0,0.0,406.6816856,8.133633711,0.5237733085234983,0.06703093793401961,0.9329690620659804,0.07184690324627198,0.0329109839015147,1.7970890160984854,4.433234524286382,1.0049574501751584,1.7012921264219718,1.7141039399571647,5.063003939957165,2.250111983870395,2.613143276107028,2.6003314625718352,0.7020337126114271,0.0003274451997149104,1241983.9593131207,24839.67918320847,0.00021400195199432824,0.00021347346414151612,28762.731808910936,28620.845393899766,11697276.254508635,233945.52506141,30.040846099029384,0.6008169219067196,11639573.648088152,232791.4729331422,29.892654752490703,0.5978530949763102,"[2.067,2.357]",2.213,"[1.500,2.000]",1.75,0.002,0.0,898,1.797,0.12,-3.920685477471,54,2.619314522529,0.005,0.0,359,1.7975,0.1,-0.7758164774709999,33,2.574183522529,1.8124549723834775,1.8142741284431247,0.6961606438390424,0.7072291989976052,1.8033840760270148,1.8351947141183855,0.7004033157385434,0.704107416787214
26,56,3.595,30.01,1.845,416.889764,8.337795279,Day:1993md,1.321692322,0.051572386,0.0089,3.6039000000000003,1.7500000000000002,1.7589000000000001,1.0,0.0,0.0,416.889764,8.337795279,0.5237733085234983,0.06703093793401961,0.9329690620659804,0.07184690324627198,0.0329109839015147,1.8120890160984853,4.433234524286382,1.0049574501751584,1.686833553109604,1.6996095721239397,5.10363457212394,2.2591225226011846,2.6557500394193956,2.6429740204050596,0.6985739228037958,0.0003317117780850231,1256783.1218014346,25135.662433014022,0.00021400195199432822,0.0002134734641415161,29580.33675220881,29434.417096020457,12331739.607668856,246634.7921237968,31.670269524881522,0.6334053904216626,12270907.196637534,245418.14390331626,31.514040240570957,0.6302808047358259,"[2.067,2.357]",2.213,"[1.500,2.000]",1.75,0.002,0.0,906,1.813,0.12,-3.920685477471,54,2.619314522529,0.005,0.0,362,1.8125,0.1,-0.7758164774709999,34,2.6741835225290003,1.827915496889105,1.8292741284431246,0.6885933457053888,0.704991714774303,1.8033840760270148,1.8884841085696809,0.7004033157385434,0.696121278446379
26,56,3.595,30.01,1.86,427.0238846,8.540477692,Day:1993md,1.227097638,0.048709219,0.0089,3.6039000000000003,1.735,1.7439,1.0,0.0,0.0,427.0238846,8.540477692,0.5237733085234983,0.06703093793401961,0.9329690620659804,0.07184690324627198,0.0329109839015147,1.8270890160984854,4.433234524286382,1.0049574501751584,1.6723749797972358,1.685115204290715,5.144715204290716,2.268196465099687,2.698356802731765,2.685616578238286,0.6950708874943129,0.0003358338885130923,1271533.0382250946,25430.660764501892,0.00021400195199432816,0.00021347346414151604,30424.434944025474,30274.351355594874,12991960.39655774,259839.20793115482,33.36584297966302,0.6673168595932604,12927871.119611397,258557.42239222798,33.201249439812145,0.6640249887962429,"[2.067,2.357]",2.213,"[1.500,2.000]",1.75,0.002,0.0,913,1.827,0.12,-3.920685477471,55,2.7393145225290003,0.005,0.0,365,1.8275000000000001,0.1,-0.7758164774709999,34,2.6741835225290003,1.841439825109859,1.8442741284431248,0.6816013080774761,0.7027500950711898,1.8251819973771966,1.8884841085696809,0.6899633449176942,0.696121278446379
26,56,3.595,30.01,1.875,437.0461131,8.740922262,Day:1993md,1.228703297,0.047821041,0.0089,3.6039000000000003,1.7200000000000002,1.7289,1.0,0.0,0.0,437.0461131,8.740922262,0.5237733085234983,0.06703093793401961,0.9329690620659804,0.07184690324627198,0.0329109839015147,1.8420890160984853,4.433234524286382,1.0049574501751584,1.6579164064848677,1.6706208364574902,5.18624583645749,2.2773330534766956,2.7409635660441327,2.72825913607151,0.6915244265942365,0.00033981452068307345,1286131.3643145026,25722.62728629005,0.00021400195199432822,0.0002134734641415161,31295.93099390065,31141.54831972831,13677764.996730099,273555.29993460194,35.12712056253991,0.7025424112507981,13610292.649053095,272205.85298106185,34.95383864900693,0.6990767729801385,"[2.067,2.357]",2.213,"[1.500,2.000]",1.75,0.002,0.0,921,1.843,0.12,-3.920685477471,55,2.7393145225290003,0.005,0.0,368,1.8425,0.1,-0.7758164774709999,35,2.7741835225290004,1.8568920542363898,1.8592741284431247,0.6731501603344922,0.7005045532733045,1.8251819973771966,1.941773503020976,0.6899633449176942,0.6880933948170775
26,56,3.595,30.01,1.89,447.0433448,8.940866895,Day:1993md,1.219121158,0.04809377,0.0089,3.6039000000000003,1.7050000000000003,1.7139000000000002,1.0,0.0,0.0,447.0433448,8.940866895,0.5237733085234983,0.06703093793401961,0.9329690620659804,0.07184690324627198,0.0329109839015147,1.8570890160984852,4.433234524286382,1.0049574501751584,1.6434578331724996,1.6561264686242656,5.228226468624266,2.2865315367657333,2.7835703293565004,2.7709016939047344,0.6879343644521809,0.0003436566428621299,1300843.0189994823,26016.860377079764,0.00021400195199432824,0.00021347346414151612,32195.763622893523,32036.94207877357,14392901.858368486,287858.0371351739,36.96372901161719,0.7392745801496589,14321901.7440588,286438.03484913905,36.78138711760844,0.7356277422698917,"[2.067,2.357]",2.213,"[1.500,2.000]",1.75,0.002,0.0,928,1.857,0.12,-3.920685477471,55,2.7393145225290003,0.005,0.0,371,1.8575,0.1,-0.7758164774709999,35,2.7741835225290004,1.8704091298399916,1.8742741284431246,0.6653184539786484,0.6982553006652334,1.8251819973771966,1.941773503020976,0.6899633449176942,0.6880933948170775
26,56,3.595,30.01,1.905,456.9075922,9.138151844,Day:1993md,1.260648783,0.035018022,0.0089,3.6039000000000003,1.6900000000000002,1.6989,1.0,0.0,0.0,456.9075922,9.138151844,0.5237733085234983,0.06703093793401961,0.9329690620659804,0.07184690324627198,0.0329109839015147,1.8720890160984853,4.433234524286382,1.0049574501751584,1.6289992598601315,1.6416321007910406,5.27065710079104,2.2957911709889993,2.826177092668868,2.8135442517379587,0.6843005299803187,0.0003473632002101509,1315359.8076122513,26307.196152245022,0.00021400195199432824,0.00021347346414151612,33124.907153627275,32961.50214902511,15135021.569412393,302700.4313882479,38.86963458668072,0.7773926917336144,15060360.582206188,301207.2116441237,38.6778908698134,0.7735578173962679,"[2.067,2.357]",2.213,"[1.500,2.000]",1.75,0.002,0.0,936,1.873,0.12,-3.920685477471,56,2.8593145225289995,0.005,0.0,374,1.8725,0.1,-0.7758164774709999,35,2.7741835225290004,1.8858530769258195,1.8892741284431247,0.6558227480297263,0.6960025464101173,1.8468093188065735,1.941773503020976,0.6787225562924531,0.6880933948170775
26,56,3.595,30.01,1.92,466.6904505,9.333809011,Day:1993md,1.285648762,0.048426103,0.0089,3.6039000000000003,1.6750000000000003,1.6839000000000002,1.0,0.0,0.0,466.6904505,9.333809011,0.5237733085234983,0.06703093793401961,0.9329690620659804,0.07184690324627198,0.0329109839015147,1.8870890160984852,4.433234524286382,1.0049574501751584,1.6145406865477636,1.627137732957816,5.3135377329578155,2.3051112192165077,2.8687838559812366,2.856186809571184,0.6806227567814233,0.000350937113198335,1329840.6835535974,26596.81367392146,0.00021400195199432827,0.00021347346414151618,34084.37307862948,33916.23503332282,15906851.427075662,318137.0285755976,40.851841509404366,0.8170368302756226,15828383.006965308,316567.66017322236,40.65031957550454,0.8130063915971941,"[2.067,2.357]",2.213,"[1.500,2.000]",1.75,0.002,0.0,943,1.887,0.12,-3.920685477471,56,2.8593145225289995,0.005,0.0,377,1.8875,0.1,-0.7758164774709999,36,2.8741835225290004,1.8993629115677209,1.9042741284431246,0.6469938968042966,0.6937464975298724,1.8468093188065735,1.995062897472271,0.6787225562924531,0.6800328309597524
26,56,3.595,30.01,1.935,476.3645292,9.527290584,Day:1993md,1.263738089,0.04618312,0.0089,3.6039000000000003,1.6600000000000001,1.6689,1.0,0.0,0.0,476.3645292,9.527290584,0.5237733085234983,0.06703093793401961,0.9329690620659804,0.07184690324627198,0.0329109839015147,1.9020890160984854,4.433234524286382,1.0049574501751584,1.6000821132353955,1.612643365124591,5.356868365124591,2.314490951618647,2.9113906192936048,2.898829367404409,0.6769008832766974,0.00035438127613363583,1344214.7237495831,26884.29447499166,0.00021400195199432822,0.0002134734641415161,35075.21171187027,34902.18586444318,16708586.713715408,334171.73427430814,42.91085130228863,0.8582170260457725,16626163.337366369,332523.26674732735,42.699172283174285,0.8539834456634857,"[2.067,2.357]",2.213,"[1.500,2.000]",1.75,0.002,0.0,951,1.903,0.12,-3.920685477471,56,2.8593145225289995,0.005,0.0,380,1.9025,0.1,-0.7758164774709999,36,2.8741835225290004,1.9147985899155486,1.9192741284431247,0.6362513431019567,0.6914873588866137,1.8468093188065735,1.995062897472271,0.6787225562924531,0.6800328309597524
26,56,3.595,30.01,1.95,485.9489379,9.718978757,Day:1993md,1.240871114,0.045066463,0.0089,3.6039000000000003,1.6450000000000002,1.6539000000000001,1.0,0.0,0.0,485.9489379,9.718978757,0.5237733085234983,0.06703093793401961,0.9329690620659804,0.07184690324627198,0.0329109839015147,1.9170890160984853,4.433234524286382,1.0049574501751584,1.5856235399230276,1.5981489972913665,5.400648997291366,2.3239296455123952,2.9539973826059724,2.9414719252376336,0.6731347528343368,0.0003576985557858396,1358543.1924163152,27170.863845530657,0.00021400195199432822,0.0002134734641415161,36098.51392875699,35920.44013651048,17542034.503447816,350840.6900328578,45.05130487781883,0.9010260974636687,17455499.733237796,349109.9946288355,44.829067011709434,0.8965813401419382,"[2.067,2.357]",2.213,"[1.500,2.000]",1.75,0.002,0.0,958,1.917,0.12,-3.920685477471,57,2.9793145225289996,0.005,0.0,383,1.9175,0.1,-0.7758164774709999,37,2.974183522529,1.9283011952200368,1.9342741284431246,0.6262257723148251,0.6892253331652585,1.8682699842653396,2.0483522919235657,0.6665866093326076,0.6719482993455463
26,56,3.595,30.01,1.965,495.4450686,9.908901372,Day:1993md,1.23928976,0.033101551,0.0089,3.6039000000000003,1.6300000000000001,1.6389,1.0,0.0,0.0,495.4450686,9.908901372,0.5237733085234983,0.06703093793401961,0.9329690620659804,0.07184690324627198,0.0329109839015147,1.9320890160984854,4.433234524286382,1.0049574501751584,1.5711649666106595,1.5836546294581415,5.444879629458142,2.3334265854014227,2.99660414591834,2.984114483070858,0.6693242138987704,0.00036089179011399085,1372835.520706939,27456.710414138783,0.00021400195199432822,0.0002134734641415161,37155.413000228946,36972.12553004405,18408466.142759763,368169.32285519526,47.27646729730665,0.945529345946133,18317657.269520488,366353.1453904098,47.04325271589024,0.940865054317805,"[2.067,2.357]",2.213,"[1.500,2.000]",1.75,0.002,0.0,966,1.933,0.12,-3.920685477471,57,2.9793145225289996,0.005,0.0,386,1.9325,0.1,-0.7758164774709999,37,2.974183522529,1.9437286180969764,1.9492741284431248,0.6139781309412392,0.6869606208572964,1.8682699842653396,2.0483522919235657,0.6665866093326076,0.6719482993455463
26,56,3.595,30.01,1.98,504.8312408,10.09662482,Day:1993md,1.230114046,0.045955951,0.0089,3.6039000000000003,1.6150000000000002,1.6239000000000001,1.0,0.0,0.0,504.8312408,10.09662482,0.5237733085234983,0.06703093793401961,0.9329690620659804,0.07184690324627198,0.0329109839015147,1.9470890160984853,4.433234524286382,1.0049574501751584,1.5567063932982916,1.5691602616249165,5.489560261624916,2.342981063010309,3.0392109092307082,3.0267570409040836,0.6654691201205224,0.00036396378708887636,1387037.0039773358,27740.740090536823,0.0002140019519943282,0.00021347346414151607,38247.086527013525,38058.41383667266,19308324.1484172,386166.48312133236,49.58747502857359,0.9917495009643752,19213076.28004735,384261.5257531807,49.342860257347986,0.986857205537925,"[2.067,2.357]",2.213,"[1.500,2.000]",1.75,0.002,0.0,973,1.947,0.12,-3.920685477471,57,2.9793145225289996,0.005,0.0,389,1.9475,0.1,-0.7758164774709999,38,3.074183522529,1.9572240056572596,1.9642741284431247,0.6024991011252022,0.6846934202457067,1.8682699842653396,2.1016416863748613,0.6665866093326076,0.663848153044028
26,56,3.595,30.01,1.995,514.1716891,10.28343378,Day:1993md,1.316680818,0.046677016,0.0089,3.6039000000000003,1.6,1.6089,1.0,0.0,0.0,514.1716891,10.28343378,0.5237733085234983,0.06703093793401961,0.9329690620659804,0.07184690324627198,0.0329109839015147,1.9620890160984854,4.433234524286382,1.0049574501751584,1.5422478199859233,1.5546658937916917,5.5346908937916925,2.3525923773130977,3.0818176725430773,3.069399598737309,0.6615693304866339,0.0003669173236082528,1401328.4628909114,28026.569252367408,0.00021400195199432824,0.00021347346414151612,39374.75848055796,39180.5229899984,20245386.075853035,404907.72143831116,51.994029557582806,1.0398805909494122,20145515.68558886,402910.3136334161,51.737543264663145,1.0347508650920165,"[2.067,2.357]",2.213,"[1.500,2.000]",1.75,0.002,0.0,981,1.963,0.12,-3.920685477471,58,3.0993145225289997,0.005,0.0,392,1.9625000000000001,0.1,-0.7758164774709999,38,3.074183522529,1.9726431862949951,1.9792741284431248,0.5884114129041602,0.6824239273910054,1.8895677880446522,2.1016416863748613,0.6534456722370448,0.663848153044028
26,56,3.595,30.01,2.01,523.4235851,10.4684717,Day:1993md,1.226540069,0.044514616,0.0089,3.6039000000000003,1.5850000000000004,1.5939000000000003,1.0,0.0,0.0,523.4235851,10.4684717,0.5237733085234983,0.06703093793401961,0.9329690620659804,0.07184690324627198,0.0329109839015147,1.977089016098485,4.433234524286382,1.0049574501751584,1.5277892466735556,1.5401715259584672,5.580271525958466,2.3622598345564074,3.1244244358554445,3.112042156570533,0.6576247094515835,0.0003697551445015154,1415595.138792869,28311.902770448396,0.00021400195199432822,0.0002134734641415161,40539.70135764083,40339.71920957946,21219435.8234997,424388.7163889146,54.49557589411335,1.0899115176740397,21114760.45060542,422295.20893142896,54.2267494853788,1.0845349895003757,"[2.357,2.642]",2.5,"[1.500,2.000]",1.75,0.002,0.0,988,1.977,0.24,-5.273316477470999,34,3.0066835225290003,0.005,0.0,395,1.9775,0.1,-0.7758164774709999,38,3.074183522529,1.9986196424102047,1.9942741284431247,0.7152192305868048,0.6801523361184035,2.104206831080068,2.1016416863748613,0.669869753444957,0.663848153044028
26,56,3.595,30.01,2.025,532.6125201,10.6522504,Day:1993md,1.195991412,0.044685393,0.0089,3.6039000000000003,1.5700000000000003,1.5789000000000002,1.0,0.0,0.0,532.6125201,10.6522504,0.5237733085234983,0.06703093793401961,0.9329690620659804,0.07184690324627198,0.0329109839015147,1.9920890160984852,4.433234524286382,1.0049574501751584,1.5133306733611875,1.5256771581252424,5.626302158125243,2.3719827482773232,3.167031199167812,3.154684714403757,0.6536351270686407,0.0003724799616205018,1429909.189699305,28598.183788616683,0.00021400195199432824,0.00021347346414151612,41743.2384562024,41537.31926553387,22232971.431293193,444659.4285423774,57.09852948323414,1.1419705894502736,22123296.292214274,442465.9257612109,56.81686271720478,1.1363372541307442,"[2.357,2.642]",2.5,"[1.500,2.000]",1.75,0.002,0.0,996,1.993,0.24,-5.273316477470999,35,3.2466835225290005,0.005,0.0,398,1.9925,0.1,-0.7758164774709999,39,3.1741835225290003,2.014027041690724,2.0092741284431246,0.7095246447634694,0.6778788380060569,2.1433959508331357,2.1549310808261564,0.6483526396677773,0.6557403810274702
26,56,3.595,39.007,1.29,0.176348317,0.003526966,Day:1993md,1.633131548,0.367454598,0.0089,3.6039000000000003,2.305,2.3139000000000003,1.0,0.0,0.0,0.176348317,0.003526966,0.6808005813254281,0.11146546516644648,0.8885345348335536,0.1254486582081213,0.05439742168171158,1.2356025783182885,4.433234524286382,1.0049574501751584,3.6946231618605188,3.718070684882063,5.382170684882063,2.31995057811197,-0.39352259933151856,-0.41697012235306286,0.7335725750540022,-0.00016610734494230982,-1061.6527346292057,-21.233052645714963,7.37046234352452e-05,7.352260641241612e-05,20959.247112609017,20855.85524935005,3696.1279538957097,73.92255195177017,0.009492364599194943,0.000189847273682596,3677.8949728184966,73.55789236537915,0.009445538811161088,0.0001889107580121991,"[2.067,2.357]",2.213,"[3.500,4.000]",3.75,0.002,0.0,617,1.235,0.12,-3.920685477471,29,-0.3806854774709998,0.005,0.0,247,1.2375,0.1,-2.775816477471,23,-0.4258164774709998,1.266565842149248,1.273444560949553,0.728270815410955,0.7356207704691308,1.1869760495301955,1.3023007696054347,0.7395195439367888,0.7329395712008595
26,56,3.595,39.007,1.305,0.302128282,0.006042566,Day:1993md,1.194856693,0.237316413,0.0089,3.6039000000000003,2.29,2.2989,1.0,0.0,0.0,0.302128282,0.006042566,0.6808005813254281,0.11146546516644648,0.8885345348335536,0.1254486582081213,0.05439742168171158,1.2506025783182884,4.433234524286382,1.0049574501751584,3.6705800610241157,3.6939680614872614,5.396993061487262,2.323142927477184,-0.34133130849511595,-0.36471930895826166,0.7317600608458731,-0.00015834005185883204,-1908.0976572456998,-38.16195541850173,7.370462343524523e-05,7.352260641241615e-05,21298.013196792865,21192.950202101336,6434.732137160357,128.69465041049187,0.016525624736476983,0.00033051251442059557,6402.98963507243,128.05980033091066,0.016444103910664736,0.00032888209780721476,"[2.067,2.357]",2.213,"[3.500,4.000]",3.75,0.002,0.0,625,1.2510000000000001,0.12,-3.920685477471,29,-0.3806854774709998,0.005,0.0,250,1.2525,0.1,-2.775816477471,24,-0.32581647747099973,1.2821842787287778,1.288444560949553,0.7258574745360495,0.734232085677248,1.1869760495301955,1.3555901640567298,0.7395195439367888,0.72788396761939
26,56,3.595,39.007,1.32,0.451939971,0.009038799,Day:1993md,1.148382603,0.182546367,0.0089,3.6039000000000003,2.2750000000000004,2.2839000000000005,1.0,0.0,0.0,0.451939971,0.009038799,0.6808005813254281,0.11146546516644648,0.8885345348335536,0.1254486582081213,0.05439742168171158,1.2656025783182885,4.433234524286382,1.0049574501751584,3.6465369601877144,3.6698654380924602,5.412265438092461,2.3264276129062043,-0.2891400176587142,-0.31246849556346,0.7299164583275413,-0.00015065967856827002,-2999.7407089595486,-59.99481139145105,7.37046234352452e-05,7.352260641241612e-05,21646.315984820532,21539.53481418313,9782.835418436627,195.65669927727984,0.025124195310349505,0.000502483882858398,9734.576739275415,194.69152573890366,0.025000257778048714,0.0005000051323275607,"[2.067,2.357]",2.213,"[3.500,4.000]",3.75,0.002,0.0,632,1.2650000000000001,0.12,-3.920685477471,30,-0.2606854774710001,0.005,0.0,253,1.2675,0.1,-2.775816477471,24,-0.32581647747099973,1.295846667652917,1.303444560949553,0.7236860983477171,0.7328324645616187,1.2150229672392925,1.3555901640567298,0.7357455907595607,0.72788396761939
26,56,3.595,39.007,1.335,0.630613082,0.012612262,Day:1993md,0.911811087,0.127019249,0.0089,3.6039000000000003,2.2600000000000002,2.2689000000000004,1.0,0.0,0.0,0.630613082,0.012612262,0.6808005813254281,0.11146546516644648,0.8885345348335536,0.1254486582081213,0.05439742168171158,1.2806025783182884,4.433234524286382,1.0049574501751584,3.6224938593513114,3.6457628146976586,5.427987814697659,2.329804243857766,-0.23694872682231116,-0.26021768216865837,0.7280415146632644,-0.0001430669582728961,-4407.817777163639,-88.15635805957707,7.37046234352452e-05,7.352260641241612e-05,22004.423410889845,21895.87569807518,13876.277264774197,277.5255532170764,0.03563693809299136,0.000712738782203994,13807.82565705209,276.15652102355705,0.03546114125207993,0.0007092228452854077,"[2.067,2.357]",2.213,"[3.500,4.000]",3.75,0.002,0.0,640,1.281,0.12,-3.920685477471,30,-0.2606854774710001,0.005,0.0,256,1.2825,0.1,-2.775816477471,25,-0.22581647747099964,1.3114565522053567,1.318444560949553,0.7211338025930376,0.7314220620085171,1.2150229672392925,1.408879558508025,0.7357455907595607,0.7226991075084985
26,56,3.595,39.007,1.35,0.843382956,0.016867659,Day:1993md,0.872675924,0.110270191,0.0089,3.6039000000000003,2.245,2.2539000000000002,1.0,0.0,0.0,0.843382956,0.016867659,0.6808005813254281,0.11146546516644648,0.8885345348335536,0.1254486582081213,0.05439742168171158,1.2956025783182885,4.433234524286382,1.0049574501751584,3.598450758514909,3.6216601913028574,5.444160191302858,2.3332724211507876,-0.18475743598590855,-0.20796686877385717,0.7261349771752001,-0.00013556257235543205,-6221.3555065090595,-124.42710924498111,7.370462343524521e-05,7.352260641241614e-05,22372.612033809408,22262.248048322832,18868.67967051535,377.37359072559354,0.0484583837930095,0.0009691676689653316,18775.60056619974,375.512008652525,0.04821933882331385,0.0009643867696054307,"[2.067,2.357]",2.213,"[3.500,4.000]",3.75,0.002,0.0,647,1.295,0.12,-3.920685477471,30,-0.2606854774710001,0.005,0.0,259,1.2975,0.1,-2.775816477471,25,-0.22581647747099964,1.325111464249467,1.333444560949553,0.7188364698381585,0.730001033142739,1.2150229672392925,1.408879558508025,0.7357455907595607,0.7226991075084985
26,56,3.595,39.007,1.365,1.095561066,0.021911221,Day:1993md,0.725655579,0.087717612,0.0089,3.6039000000000003,2.2300000000000004,2.2389000000000006,1.0,0.0,0.0,1.095561066,0.021911221,0.6808005813254281,0.11146546516644648,0.8885345348335536,0.1254486582081213,0.05439742168171158,1.3106025783182884,4.433234524286382,1.0049574501751584,3.5744076576785067,3.5975575679080567,5.460782567908057,2.3368317371835006,-0.13256614514950638,-0.15571605537905642,0.724196593404039,-0.00012814715056353032,-8549.24250115779,-170.98484752602658,7.370462343524523e-05,7.352260641241615e-05,22751.167337898165,22638.93594095229,24925.293141452094,498.5058555486684,0.06401292736391893,0.001280258528580985,24802.336792575403,496.04672860704864,0.06369715190704028,0.0012739430195356464,"[2.067,2.357]",2.213,"[3.500,4.000]",3.75,0.002,0.0,655,1.311,0.12,-3.920685477471,31,-0.14068547747100002,0.005,0.0,262,1.3125,0.1,-2.775816477471,26,-0.12581647747099955,1.3407128108076876,1.348444560949553,0.7161349656407889,0.7285695332912887,1.2427092380131848,1.46216895295932,0.7318210659298677,0.7173919729897554
26,56,3.595,39.007,1.38,1.392130523,0.02784261,Day:1993md,0.665167515,0.047337515,0.0089,3.6039000000000003,2.2150000000000003,2.2239000000000004,1.0,0.0,0.0,1.392130523,0.02784261,0.6808005813254281,0.11146546516644648,0.8885345348335536,0.1254486582081213,0.05439742168171158,1.3256025783182883,4.433234524286382,1.0049574501751584,3.550364556842104,3.5734549445132546,5.477854944513254,2.3404817761549124,-0.0803748543131042,-0.10346524198425477,0.7222261111710375,-0.00012082127125465829,-11522.230386616016,-230.44460392504374,7.37046234352452e-05,7.352260641241612e-05,23140.38404583467,23026.232644776588,32214.434944148677,644.2886882383968,0.08273283978835265,0.001654656768429741,32055.521294492508,641.1104152977831,0.08232471909525403,0.0016464943547026235,"[2.067,2.357]",2.213,"[3.500,4.000]",3.75,0.002,0.0,662,1.325,0.12,-3.920685477471,31,-0.14068547747100002,0.005,0.0,265,1.3275000000000001,0.1,-2.775816477471,26,-0.12581647747099955,1.354360258233747,1.3634445609495531,0.7137022408559374,0.7271277179474173,1.2427092380131848,1.46216895295932,0.7318210659298677,0.7173919729897554
26,56,3.595,39.007,1.395,1.737318571,0.034746371,Day:1993md,0.759791567,0.044090935,0.0089,3.6039000000000003,2.2,2.2089000000000003,1.0,0.0,0.0,1.737318571,0.034746371,0.6808005813254281,0.11146546516644648,0.8885345348335536,0.1254486582081213,0.05439742168171158,1.3406025783182884,4.433234524286382,1.0049574501751584,3.526321456005701,3.5493523211184534,5.495377321118454,2.344222114288331,-0.0281835634767007,-0.05121442858945313,0.7202232786414682,-0.00011358546169972289,-15295.254735969775,-305.90509102173917,7.370462343524523e-05,7.352260641241615e-05,23540.566444011733,23424.440945145234,40897.46325504102,817.9492552137823,0.10503251977244217,0.0021006503700570357,40695.71626929361,813.9143155476069,0.1045143948673007,0.002090287872079464,"[2.067,2.357]",2.213,"[3.500,4.000]",3.75,0.002,0.0,670,1.341,0.12,-3.920685477471,32,-0.020685477470999913,0.005,0.0,268,1.3425,0.1,-2.775816477471,27,-0.02581647747099991,1.3699530807922855,1.378444560949553,0.7108401801315817,0.7256757427350272,1.2700484264524539,1.5154583474106151,0.7277389287979762,0.7119695449038415
26,56,3.595,39.007,1.41,2.134221157,0.042684423,Day:1993md,0.670033654,0.046293234,0.0089,3.6039000000000003,2.1850000000000005,2.1939000000000006,1.0,0.0,0.0,2.134221157,0.042684423,0.6808005813254281,0.11146546516644648,0.8885345348335536,0.1254486582081213,0.05439742168171158,1.3556025783182883,4.433234524286382,1.0049574501751584,3.5022783551692993,3.5252496977236523,5.513349697723652,2.3480523200567003,0.02400772735970058,0.0010363848053476232,0.7181878443894891,-0.00010644019844367206,-20050.89419416505,-401.0178825680085,7.37046234352452e-05,7.352260641241612e-05,23952.028720982442,23833.87348072074,51118.92644939237,1022.3785256345635,0.13128319523289797,0.0026256638960460844,50866.75703581543,1017.3351373795664,0.13063557587439756,0.0026127115089185577,"[2.067,2.357]",2.213,"[3.500,4.000]",3.75,0.002,0.0,677,1.355,0.12,-3.920685477471,32,-0.020685477470999913,0.005,0.0,271,1.3575,0.1,-2.775816477471,27,-0.02581647747099991,1.3835930758287844,1.393444560949553,0.708261608150633,0.724213763373451,1.2700484264524539,1.5154583474106151,0.7277389287979762,0.7119695449038415
26,56,3.595,39.007,1.425,2.58507371,0.051701474,Day:1993md,0.615069502,0.038683616,0.0089,3.6039000000000003,2.17,2.1789,1.0,0.0,0.0,2.58507371,0.051701474,0.6808005813254281,0.11146546516644648,0.8885345348335536,0.1254486582081213,0.05439742168171158,1.3706025783182885,4.433234524286382,1.0049574501751584,3.478235254332896,3.50114707432885,5.531772074328851,2.3519719544095015,0.07619901819610453,0.053287198200150154,0.7161195574644474,-9.938590772122845e-05,-26010.4653594449,-520.2093051765403,7.370462343524521e-05,7.352260641241614e-05,24375.09531961563,24254.85309389685,63011.41808948242,1260.228356914629,0.1618253918366787,0.003236507824213591,62700.583072944915,1254.0116566079275,0.1610271079720574,0.0032205421469829257,"[2.067,2.357]",2.213,"[3.500,4.000]",3.75,0.002,0.0,685,1.371,0.12,-3.920685477471,33,0.09931452252899975,0.005,0.0,274,1.3725,0.1,-2.775816477471,28,0.07418352252900018,1.3991773883439862,1.408444560949553,0.7052264008468565,0.7227419356426182,1.2970532675790754,1.5687477418619102,0.7234915617429721,0.7064387841173362
26,56,3.595,39.007,1.44,3.090409314,0.061808186,Day:1993md,0.64069183,0.036888318,0.0089,3.6039000000000003,2.1550000000000002,2.1639000000000004,1.0,0.0,0.0,3.090409314,0.061808186,0.6808005813254281,0.11146546516644648,0.8885345348335536,0.1254486582081213,0.05439742168171158,1.3856025783182884,4.433234524286382,1.0049574501751584,3.4541921534964937,3.477044450934049,5.550644450934049,2.3559805710009685,0.12839030903250626,0.10553801159495091,0.7140181674586221,-9.242296592582983e-05,-33437.67734612713,-668.7535438929926,7.370462343524521e-05,7.352260641241614e-05,24810.101303612424,24687.713195507098,76673.36814996737,1533.467356052519,0.19691189661350328,0.0039382379144292795,76295.13880075584,1525.9027691025572,0.19594053119282084,0.0039188106061036395,"[2.067,2.357]",2.213,"[3.000,3.500]",3.25,0.002,0.0,692,1.385,0.12,-3.920685477471,33,0.09931452252899975,0.005,0.0,277,1.3875,0.1,-2.275816477471,23,0.07418352252900018,1.412809943186069,1.4186519528229458,0.7024903675087493,0.7111028594149715,1.2970532675790754,1.3023007696054347,0.7234915617429721,0.7236800452430008
26,56,3.595,39.007,1.455,3.650408506,0.07300817,Day:1993md,0.646502986,0.034242743,0.0089,3.6039000000000003,2.14,2.1489000000000003,1.0,0.0,0.0,3.650408506,0.07300817,0.6808005813254281,0.11146546516644648,0.8885345348335536,0.1254486582081213,0.05439742168171158,1.4006025783182885,4.433234524286382,1.0049574501751584,3.430149052660091,3.452941827539248,5.569966827539249,2.360077716419366,0.18058159986890931,0.15778882498975255,0.7118834245764138,-8.555170012977491e-05,-42669.03522037119,-853.3807030047632,7.370462343524518e-05,7.352260641241611e-05,25257.392739072468,25132.798144508753,92199.80129409277,1843.9960228509683,0.23678675110108188,0.004735735014237738,91744.98012629578,1834.8995995099797,0.2356186832186888,0.004712373656628276,"[2.357,2.642]",2.5,"[3.000,3.500]",3.25,0.002,0.0,700,1.401,0.24,-5.273316477470999,22,0.1266835225290004,0.005,0.0,280,1.4025,0.1,-2.275816477471,24,0.17418352252900027,1.4410039724153876,1.4336519528229459,0.7268872930658683,0.7094365880975513,1.5869365997221694,1.3555901640567298,0.7041160334922915,0.7179985744861329
26,56,3.595,39.007,1.47,4.264718815,0.085294376,Day:1993md,0.619032606,0.026027507,0.0089,3.6039000000000003,2.125,2.1339,1.0,0.0,0.0,4.264718815,0.085294376,0.6808005813254281,0.11146546516644648,0.8885345348335536,0.1254486582081213,0.05439742168171158,1.4156025783182884,4.433234524286382,1.0049574501751584,3.4061059518236885,3.4288392041444458,5.589739204144445,2.364262930417098,0.23277289070531149,0.2100396383845542,0.7097150797049896,-7.877238865351955e-05,-54139.76760001999,-1082.7953481919587,7.37046234352452e-05,7.352260641241612e-05,25717.327091835854,25590.463643364674,109677.1687200616,2193.543366686034,0.28167197853660114,0.005633439550917916,109136.13178443078,2182.7226280114764,0.28028249204730743,0.005605649821229785,"[2.357,2.642]",2.5,"[3.000,3.500]",3.25,0.002,0.0,707,1.415,0.24,-5.273316477470999,22,0.1266835225290004,0.005,0.0,283,1.4175,0.1,-2.275816477471,24,0.17418352252900027,1.4546258927678934,1.4486519528229458,0.7249980710530883,0.7077607050258797,1.5869365997221694,1.3555901640567298,0.7041160334922915,0.7179985744861329
26,56,3.595,39.007,1.485,4.932996747,0.098659935,Day:1993md,0.642611411,0.024731417,0.0089,3.6039000000000003,2.1100000000000003,2.1189000000000004,1.0,0.0,0.0,4.932996747,0.098659935,0.6808005813254281,0.11146546516644648,0.8885345348335536,0.1254486582081213,0.05439742168171158,1.4306025783182885,4.433234524286382,1.0049574501751584,3.3820628509872868,3.4047365807496455,5.609961580749646,2.36853574614141,0.28496418154171366,0.26229045177935495,0.7075128844863889,-7.208526168200239e-05,-68432.80626158325,-1368.6561260640128,7.37046234352452e-05,7.352260641241612e-05,26190.273641368938,26061.077149887413,129196.53467591282,2583.930695089673,0.3318014493528815,0.006636028991093329,128559.20880371063,2571.1841776378774,0.33016467442979835,0.006603293492611758,"[2.357,2.642]",2.5,"[3.000,3.500]",3.25,0.002,0.0,715,1.431,0.24,-5.273316477470999,23,0.3666835225290006,0.005,0.0,286,1.4325,0.1,-2.275816477471,25,0.27418352252900036,1.470189565382526,1.463651952822946,0.7227850429884775,0.7060754014767159,1.634018492527431,1.408879558508025,0.6954001034856025,0.712183161507639
26,56,3.595,39.007,1.5,5.655424628,0.113108493,Day:1993md,0.645398045,0.039254347,0.0089,3.6039000000000003,2.095,2.1039000000000003,1.0,0.0,0.0,5.655424628,0.113108493,0.6808005813254281,0.11146546516644648,0.8885345348335536,0.1254486582081213,0.05439742168171158,1.4456025783182884,4.433234524286382,1.0049574501751584,3.3580197501508837,3.3806339573548434,5.630633957354844,2.3728956903654326,0.33715547237811627,0.3145412651741566,0.7052765913910947,-6.549050192583747e-05,-86354.88294782497,-1727.0976656750308,7.37046234352452e-05,7.352260641241612e-05,26676.613912004188,26545.018306351783,150867.5793095959,3017.3515979296285,0.3874568431796914,0.0077491368937385174,150123.35028045272,3002.4670172888627,0.3855455204716975,0.007710910439429936,"[2.357,2.642]",2.5,"[3.000,3.500]",3.25,0.002,0.0,722,1.445,0.24,-5.273316477470999,23,0.3666835225290006,0.005,0.0,289,1.4475,0.1,-2.275816477471,25,0.27418352252900036,1.4838040750629276,1.4786519528229458,0.7208000106620732,0.7043808683018075,1.634018492527431,1.408879558508025,0.6954001034856025,0.712183161507639
26,56,3.595,39.007,1.515,6.432429534,0.128648591,Day:1993md,0.651386848,0.035756319,0.0089,3.6039000000000003,2.08,2.0889,1.0,0.0,0.0,6.432429534,0.128648591,0.6808005813254281,0.11146546516644648,0.8885345348335536,0.1254486582081213,0.05439742168171158,1.4606025783182883,4.433234524286382,1.0049574501751584,3.333976649314481,3.356531333960042,5.6517563339600425,2.377342283719373,0.3893467632145189,0.3667920785689578,0.7030059537930754,-5.898824532517052e-05,-109045.9548091568,-2180.919101607946,7.37046234352452e-05,7.352260641241612e-05,27176.742122392414,27042.679386729917,174812.4786659788,3496.249582016134,0.4489519315037436,0.008979038652409298,173950.12956569451,3479.002599967548,0.4467372538265115,0.008934745098754481,"[2.357,2.642]",2.5,"[3.000,3.500]",3.25,0.002,0.0,730,1.461,0.24,-5.273316477470999,23,0.3666835225290006,0.005,0.0,292,1.4625000000000001,0.1,-2.275816477471,26,0.37418352252900045,1.499359285246392,1.493651952822946,0.7184740049006278,0.7026772958863381,1.634018492527431,1.46216895295932,0.6954001034856025,0.7062424360593104
26,56,3.595,39.007,1.53,7.265312812,0.145306256,Day:1993md,0.711600468,0.035098282,0.0089,3.6039000000000003,2.0650000000000004,2.0739000000000005,1.0,0.0,0.0,7.265312812,0.145306256,0.6808005813254281,0.11146546516644648,0.8885345348335536,0.1254486582081213,0.05439742168171158,1.4756025783182884,4.433234524286382,1.0049574501751584,3.3099335484780794,3.332428710565241,5.673328710565241,2.381875040921593,0.4415380540509206,0.419042891963759,0.7007007260463017,-5.257858179395976e-05,-138180.08329837915,-2763.6016614029863,7.370462343524518e-05,7.352260641241611e-05,27691.065654073227,27554.465762950294,201184.2540744714,4023.685074843572,0.5166797024110378,0.010333594031152925,200191.81313537815,4003.8362560944906,0.5141309239719388,0.01028261846245514,"[2.357,2.642]",2.5,"[3.000,3.500]",3.25,0.002,0.0,737,1.475,0.24,-5.273316477470999,23,0.3666835225290006,0.005,0.0,295,1.4775,0.1,-2.275816477471,26,0.37418352252900045,1.5129663963363171,1.5086519528229458,0.7163869371201816,0.700964874108138,1.634018492527431,1.46216895295932,0.6954001034856025,0.7062424360593104
26,56,3.595,39.007,1.545,8.155108036,0.163102161,Day:1993md,0.678102605,0.032617594,0.0089,3.6039000000000003,2.0500000000000003,2.0589000000000004,1.0,0.0,0.0,8.155108036,0.163102161,0.6808005813254281,0.11146546516644648,0.8885345348335536,0.1254486582081213,0.05439742168171158,1.4906025783182884,4.433234524286382,1.0049574501751584,3.2858904476416764,3.3083260871704394,5.695351087170439,2.3864934710093886,0.4937293448873237,0.47129370535856063,0.6983606635627412,-4.6261556002421393e-05,-176282.6143498751,-3525.6522930500437,7.37046234352452e-05,7.352260641241612e-05,28220.005540123788,28080.796391135966,230137.193956228,4602.743887026162,0.5910363981218921,0.01182072798273067,229001.9283066327,4580.038573995277,0.5881208184673669,0.01176241638954006,"[2.357,2.642]",2.5,"[3.000,3.500]",3.25,0.002,0.0,745,1.491,0.24,-5.273316477470999,23,0.3666835225290006,0.005,0.0,298,1.4925,0.1,-2.275816477471,27,0.4741835225290001,1.5285131578774411,1.5236519528229457,0.7139405150411282,0.6992437922976644,1.634018492527431,1.5154583474106151,0.6954001034856025,0.7001849785434215
26,56,3.595,39.007,1.56,9.103929683,0.182078594,Day:1993md,0.666745044,0.026472085,0.0089,3.6039000000000003,2.035,2.0439000000000003,1.0,0.0,0.0,9.103929683,0.182078594,0.6808005813254281,0.11146546516644648,0.8885345348335536,0.1254486582081213,0.05439742168171158,1.5056025783182885,4.433234524286382,1.0049574501751584,3.2618473468052738,3.284223463775638,5.7178234637756375,2.3911970775692324,0.5459206357237263,0.5235445187533623,0.6959855228918304,-4.003716819535819e-05,-227386.95300771765,-4547.739068646462,7.37046234352452e-05,7.352260641241612e-05,28763.996974900838,28622.104318832044,261865.40586152195,5237.308127010198,0.6725205240077748,0.013450410505271791,260573.62509813756,5211.472511694266,0.6692029835597103,0.0133840596961866,"[2.357,2.642]",2.5,"[3.000,3.500]",3.25,0.002,0.0,752,1.5050000000000001,0.24,-5.273316477470999,24,0.6066835225290008,0.005,0.0,301,1.5075,0.1,-2.275816477471,27,0.4741835225290001,1.542112882425748,1.5386519528229459,0.7117446036784278,0.6975142391987621,1.6802539757115356,1.5154583474106151,0.6860552931140763,0.7001849785434215
26,56,3.595,39.007,1.575,10.11173844,0.202234769,Day:1993md,0.676441548,0.02689943,0.0089,3.6039000000000003,2.0200000000000005,2.0289000000000006,1.0,0.0,0.0,10.11173844,0.202234769,0.6808005813254281,0.11146546516644648,0.8885345348335536,0.1254486582081213,0.05439742168171158,1.5206025783182884,4.433234524286382,1.0049574501751584,3.237804245968872,3.260120840380837,5.740745840380837,2.395985358966293,0.598111926560128,0.575795332148163,0.6935750618014305,-3.3905375044081106e-05,-298234.0831462124,-5964.681668823018,7.370462343524518e-05,7.352260641241611e-05,29323.48984595147,29178.83721429256,296511.45947025716,5930.2291952698415,0.7614982263166835,0.015229964541395339,295048.7698942646,5900.97540372106,0.7577417592993203,0.015154835200973776,"[2.357,2.642]",2.5,"[3.000,3.500]",3.25,0.002,0.0,760,1.5210000000000001,0.24,-5.273316477470999,24,0.6066835225290008,0.005,0.0,304,1.5225,0.1,-2.275816477471,28,0.5741835225290002,1.5576512090759635,1.5536519528229458,0.7091696224348355,0.6957764029302071,1.6802539757115356,1.5687477418619102,0.6860552931140763,0.6940192959255775
26,56,3.595,39.007,1.59,11.1804013,0.223608026,Day:1993md,0.755786825,0.044631672,0.0089,3.6039000000000003,2.005,2.0139,1.0,0.0,0.0,11.1804013,0.223608026,0.6808005813254281,0.11146546516644648,0.8885345348335536,0.1254486582081213,0.05439742168171158,1.5356025783182885,4.433234524286382,1.0049574501751584,3.2137611451324686,3.236018216986035,5.764118216986035,2.400857808573018,0.6503032173965315,0.6280461455429651,0.6911290393602596,-2.786609052962757e-05,-401218.86807598145,-8024.377361519629,7.370462343524518e-05,7.352260641241611e-05,29898.94928923188,29751.457918960314,334282.2515019622,6685.6450300392435,0.8585008554565695,0.01717001710913139,332633.2387940392,6652.664775880783,0.8542658749451907,0.017085317498903813,"[2.357,2.642]",2.5,"[3.000,3.500]",3.25,0.002,0.0,767,1.5350000000000001,0.24,-5.273316477470999,24,0.6066835225290008,0.005,0.0,307,1.5375,0.1,-2.275816477471,29,0.6741835225290003,1.571243559098825,1.568651952822946,0.7068574076998214,0.6940304709480425,1.6802539757115356,1.6220371363132053,0.6860552931140763,0.6877537991755099
26,56,3.595,39.007,1.605,12.30981061,0.246196212,Day:1993md,0.7100028,0.040374301,0.0089,3.6039000000000003,1.9900000000000002,1.9989000000000001,1.0,0.0,0.0,12.30981061,0.246196212,0.6808005813254281,0.11146546516644648,0.8885345348335536,0.1254486582081213,0.05439742168171158,1.5506025783182884,4.433234524286382,1.0049574501751584,3.1897180442960664,3.2119155935912334,5.787940593591234,2.405813914996593,0.7024945082329337,0.6802969589377668,0.688647216021809,-2.1919186854986533e-05,-561599.784309497,-11231.995677065515,7.37046234352452e-05,7.352260641241612e-05,30490.856268841108,30340.445024340806,375336.66600616527,7506.733314025134,0.9639364561017328,0.019278729106373384,373485.13207275217,7469.702635386954,0.9591813622892434,0.019183627230200853,"[2.357,2.642]",2.5,"[3.000,3.500]",3.25,0.002,0.0,775,1.551,0.24,-5.273316477470999,24,0.6066835225290008,0.005,0.0,310,1.5525,0.1,-2.275816477471,29,0.6741835225290003,1.586773464572289,1.5836519528229458,0.7041449362445836,0.6922766300087112,1.6802539757115356,1.6220371363132053,0.6860552931140763,0.6877537991755099
26,56,3.595,39.007,1.62,13.50011848,0.27000237,Day:1993md,0.737030569,0.039851502,0.0089,3.6039000000000003,1.975,1.9839,1.0,0.0,0.0,13.50011848,0.27000237,0.6808005813254281,0.11146546516644648,0.8885345348335536,0.1254486582081213,0.05439742168171158,1.5656025783182885,4.433234524286382,1.0049574501751584,3.165674943459664,3.187812970196432,5.812212970196432,2.4108531623050857,0.7546857990693363,0.732547772332568,0.6861293537097337,-1.6064495384042507e-05,-840369.9062598752,-16807.398150097135,7.370462343524518e-05,7.352260641241611e-05,31099.708182550257,30946.293474544374,419849.74515785393,8396.994915596963,1.0782545700878305,0.021565091433704615,417778.6284231999,8355.572580842516,1.072935545579464,0.021458710943379686,"[2.357,2.642]",2.5,"[3.000,3.500]",3.25,0.002,0.0,782,1.565,0.24,-5.273316477470999,25,0.846683522529001,0.005,0.0,313,1.5675000000000001,0.1,-2.275816477471,30,0.7741835225290004,1.6003584520533423,1.598651952822946,0.7017082280183575,0.6905150661329891,1.7256871202962856,1.6753265307645004,0.6760182066239802,0.6813967822880838
26,56,3.595,39.007,1.635,14.75088688,0.295017738,Day:1993md,0.691483846,0.03077781,0.0089,3.6039000000000003,1.9600000000000002,1.9689,1.0,0.0,0.0,14.75088688,0.295017738,0.6808005813254281,0.11146546516644648,0.8885345348335536,0.1254486582081213,0.05439742168171158,1.5806025783182884,4.433234524286382,1.0049574501751584,3.1416318426232612,3.1637103468016305,5.8369353468016305,2.415975030252099,0.8068770899057389,0.7847985857273696,0.6835752159047203,-1.0301807604972726e-05,-1431873.6522394074,-28637.47308361628,7.37046234352452e-05,7.352260641241612e-05,31726.01949448474,31569.51519584742,467986.9247158191,9359.73850700679,1.2018800681335653,0.024037601395262703,465678.3475103863,9313.566962835532,1.1959511996493826,0.023919024025418276,"[2.357,2.642]",2.5,"[3.000,3.500]",3.25,0.002,0.0,790,1.581,0.24,-5.273316477470999,25,0.846683522529001,0.005,0.0,316,1.5825,0.1,-2.275816477471,30,0.7741835225290004,1.615879950027093,1.6136519528229458,0.6988484507621048,0.6887459645707241,1.7256871202962856,1.6753265307645004,0.6760182066239802,0.6813967822880838
26,56,3.595,39.007,1.65,16.06079565,0.321215913,Day:1993md,0.697350258,0.029637386,0.0089,3.6039000000000003,1.9450000000000003,1.9539000000000002,1.0,0.0,0.0,16.06079565,0.321215913,0.6808005813254281,0.11146546516644648,0.8885345348335536,0.1254486582081213,0.05439742168171158,1.5956025783182883,4.433234524286382,1.0049574501751584,3.1175887417868586,3.13960772340683,5.8621077234068295,2.4211789944997517,0.8590683807421411,0.8370493991221699,0.6809845677328241,-4.63087611584751e-06,-3468198.0792009737,-69363.96158401949,7.370462343524521e-05,7.352260641241614e-05,32370.322396400978,32210.63975470704,519893.1331332144,10397.862662664289,1.3351851542684756,0.026703703085369516,517328.50285611587,10346.570057122319,1.3285986924478845,0.026571973848957695,"[2.357,2.642]",2.5,"[3.000,3.500]",3.25,0.002,0.0,797,1.595,0.24,-5.273316477470999,25,0.846683522529001,0.005,0.0,319,1.5975000000000001,0.1,-2.275816477471,31,0.8741835225290004,1.6294575869175603,1.628651952822946,0.6962782382010829,0.6869695097663847,1.7256871202962856,1.7286159252157955,0.6760182066239802,0.6749564029201615
26,56,3.595,39.007,1.665,17.42896519,0.348579304,Day:1993md,0.780310239,0.048884141,0.0089,3.6039000000000003,1.9300000000000002,1.9389,1.0,0.0,0.0,17.42896519,0.348579304,0.6808005813254281,0.11146546516644648,0.8885345348335536,0.1254486582081213,0.05439742168171158,1.6106025783182885,4.433234524286382,1.0049574501751584,3.093545640950456,3.1155051000120277,5.887730100012028,2.4264645268398275,0.9112596715785442,0.8893002125169724,0.6783571760552721,9.485843697897757e-07,18373658.416765384,367473.16854614817,7.370462343524521e-05,7.352260641241614e-05,33033.16749908748,32870.21504575143,575733.926457035,11514.678535747335,1.4785950081344148,0.029571900179655396,572893.8338202159,11457.87668297836,1.4713011062077346,0.02942602214103809,"[2.357,2.642]",2.5,"[3.000,3.500]",3.25,0.002,0.0,805,1.611,0.24,-5.273316477470999,25,0.846683522529001,0.005,0.0,322,1.6125,0.1,-2.275816477471,31,0.8741835225290004,1.6449706910316593,1.6436519528229458,0.6932603441263805,0.6851858853254198,1.7256871202962856,1.7286159252157955,0.6760182066239802,0.6749564029201615
26,56,3.595,39.007,1.68,18.85811496,0.377162299,Day:1993md,0.795413541,0.047406647,0.0089,3.6039000000000003,1.9150000000000003,1.9239000000000002,1.0,0.0,0.0,18.85811496,0.377162299,0.6808005813254281,0.11146546516644648,0.8885345348335536,0.1254486582081213,0.05439742168171158,1.6256025783182884,4.433234524286382,1.0049574501751584,3.069502540114054,3.091402476617227,5.913802476617226,2.431831095412925,0.9634509624149468,0.9415510259117736,0.675692809559726,6.436895999551588e-06,2929690.795270533,58593.81587433977,7.37046234352452e-05,7.352260641241612e-05,33715.124555515824,33548.80801136354,635803.6947586364,12716.0738884297,1.6328656798266568,0.03265731357921575,632667.2782492626,12653.345558275489,1.6248107614327925,0.032496215211423894,"[2.357,2.642]",2.5,"[3.000,3.500]",3.25,0.002,0.0,812,1.625,0.24,-5.273316477470999,25,0.846683522529001,0.005,0.0,325,1.6275,0.1,-2.275816477471,32,0.9741835225290001,1.6585409892504472,1.6586519528229458,0.690546691448112,0.6833952739814327,1.7256871202962856,1.7819053196670904,0.6760182066239802,0.6684406646632545
26,56,3.595,39.007,1.695,20.34594223,0.406918845,Day:1993md,0.815887503,0.047036406,0.0089,3.6039000000000003,1.9000000000000001,1.9089,1.0,0.0,0.0,20.34594223,0.406918845,0.6808005813254281,0.11146546516644648,0.8885345348335536,0.1254486582081213,0.05439742168171158,1.6406025783182885,4.433234524286382,1.0049574501751584,3.0454594392776513,3.067299853222425,5.940324853222425,2.4372781649254613,1.015642253251349,0.9938018393065753,0.6729912388529952,1.1834416743204369e-05,1719217.9954016889,34384.3599418335,7.370462343524518e-05,7.352260641241611e-05,34416.78321746883,34247.00539457684,700241.8830850543,14004.8376754678,1.7983552909374538,0.035967105854104627,696787.5933085587,13935.751879869975,1.7894840131032521,0.03578968029724618,"[2.357,2.642]",2.5,"[3.000,3.500]",3.25,0.002,0.0,820,1.641,0.24,-5.273316477470999,26,1.0866835225290004,0.005,0.0,328,1.6425,0.1,-2.275816477471,32,0.9741835225290001,1.6740457131081143,1.6736519528229459,0.6873587460554618,0.6815978575641722,1.7703583005887307,1.7819053196670904,0.6652159671198323,0.6684406646632545
26,56,3.595,39.007,1.71,21.89377201,0.43787544,Day:1993md,0.739936453,0.034073617,0.0089,3.6039000000000003,1.8850000000000002,1.8939000000000001,1.0,0.0,0.0,21.89377201,0.43787544,0.6808005813254281,0.11146546516644648,0.8885345348335536,0.1254486582081213,0.05439742168171158,1.6556025783182884,4.433234524286382,1.0049574501751584,3.0214163384412487,3.0431972298276238,5.967297229827624,2.4428051968643802,1.067833544087751,1.046052652701376,0.6702522365551938,1.7141539340146356e-05,1277234.8839595562,25544.69766752356,7.370462343524521e-05,7.352260641241614e-05,35138.75382748259,34965.41452711068,769319.8650144187,15386.397293260625,1.9757607807985411,0.03951521559792221,765524.8138917033,15310.496270840982,1.9660143625525413,0.03932028723309124,"[2.357,2.642]",2.5,"[3.000,3.500]",3.25,0.002,0.0,827,1.655,0.24,-5.273316477470999,26,1.0866835225290004,0.005,0.0,331,1.6575,0.1,-2.275816477471,33,1.0741835225290002,1.6876086845419707,1.6886519528229458,0.6844906719799712,0.6797938169683401,1.7703583005887307,1.8351947141183855,0.6652159671198323,0.6618574009571888
26,56,3.595,39.007,1.725,23.50376868,0.470075374,Day:1993md,0.84667273,0.055310279,0.0089,3.6039000000000003,1.87,1.8789,1.0,0.0,0.0,23.50376868,0.470075374,0.6808005813254281,0.11146546516644648,0.8885345348335536,0.1254486582081213,0.05439742168171158,1.6706025783182885,4.433234524286382,1.0049574501751584,2.997373237604846,3.019094606432822,5.994719606432822,2.4484116497094237,1.1200248349241542,1.0983034660961781,0.6674755773953293,2.2358690235439624e-05,1051214.0215952976,21024.28044979609,7.37046234352452e-05,7.352260641241612e-05,35881.668248056245,35704.6641544896,843354.4303548149,16867.088621448966,2.1658957263199077,0.04331791456325856,839194.1670842113,16783.883355966092,2.15521137331974,0.043104227503073377,"[2.357,2.642]",2.5,"[3.000,3.500]",3.25,0.002,0.0,835,1.671,0.24,-5.273316477470999,26,1.0866835225290004,0.005,0.0,334,1.6725,0.1,-2.275816477471,33,1.0741835225290002,1.703105041709712,1.703651952822946,0.6811194688854262,0.6779833321232154,1.7703583005887307,1.8351947141183855,0.6652159671198323,0.6618574009571888
26,56,3.595,39.007,1.74,25.17814548,0.50356291,Day:1993md,0.822141568,0.051234909,0.0089,3.6039000000000003,1.8550000000000002,1.8639000000000001,1.0,0.0,0.0,25.17814548,0.50356291,0.6808005813254281,0.11146546516644648,0.8885345348335536,0.1254486582081213,0.05439742168171158,1.6856025783182884,4.433234524286382,1.0049574501751584,2.973330136768444,2.994991983038021,6.022591983038021,2.4540969791428418,1.1722161257605568,1.1505542794909798,0.6646610383083125,2.7486328506415684e-05,916024.3236605092,18320.48648776287,7.37046234352452e-05,7.352260641241612e-05,36646.18073020888,36465.40530031561,922682.8697115718,18453.657408889907,2.3696263543859053,0.04739252712536386,918131.2796385095,18362.62560735635,2.357936999196227,0.04715874002138459,"[2.357,2.642]",2.5,"[2.500,3.000]",2.75,0.002,0.0,842,1.685,0.24,-5.273316477470999,26,1.0866835225290004,0.005,0.0,337,1.6875,0.1,-1.775816477471,29,1.1741835225290003,1.7166606982133175,1.7138593446963388,0.6780848066639262,0.6583780015047301,1.7703583005887307,1.6220371363132053,0.6652159671198323,0.6707186885784971
26,56,3.595,39.007,1.755,26.92095563,0.538419113,Day:1993md,0.895213392,0.050518266,0.0089,3.6039000000000003,1.8400000000000003,1.8489000000000002,1.0,0.0,0.0,26.92095563,0.538419113,0.6808005813254281,0.11146546516644648,0.8885345348335536,0.1254486582081213,0.05439742168171158,1.7006025783182883,4.433234524286382,1.0049574501751584,2.9492870359320413,2.9708893596432198,6.050914359643219,2.459860638256407,1.224407416596959,1.2028050928857805,0.6618083985333763,3.2524944781827814e-05,827701.8088910378,16554.036190119008,7.37046234352452e-05,7.352260641241612e-05,37432.96882359793,37248.312171897,1007731.2927992531,20154.62587095825,2.5880469963671864,0.05176093996579774,1002760.1592720281,20055.203200339885,2.5752801732213677,0.05150560350269167,"[2.357,2.642]",2.5,"[2.500,3.000]",2.75,0.002,0.0,850,1.701,0.24,-5.273316477470999,26,1.0866835225290004,0.005,0.0,340,1.7025000000000001,0.1,-1.775816477471,29,1.1741835225290003,1.7321487022210889,1.728859344696339,0.6745156949764244,0.6563420769660809,1.7703583005887307,1.6220371363132053,0.6652159671198323,0.6707186885784971
26,56,3.595,39.007,1.77,28.73809152,0.57476183,Day:1993md,0.803811206,0.045584099,0.0089,3.6039000000000003,1.8250000000000002,1.8339,1.0,0.0,0.0,28.73809152,0.57476183,0.6808005813254281,0.11146546516644648,0.8885345348335536,0.1254486582081213,0.05439742168171158,1.7156025783182884,4.433234524286382,1.0049574501751584,2.9252439350956387,2.946786736248418,6.079686736248418,2.4657020777556276,1.2765987074333611,1.2550559062805817,0.6589174397138867,3.747506015546367e-05,766859.116457219,15337.182318470615,7.370462343524518e-05,7.352260641241611e-05,38242.73433055796,38054.08310958088,1099023.1991666206,21980.46396803532,2.8225020993841827,0.05645004194839779,1093601.7231128216,21872.0344470348,2.80857871036454,0.056171574168198735,"[2.357,2.642]",2.5,"[2.500,3.000]",2.75,0.002,0.0,857,1.715,0.24,-5.273316477470999,27,1.3266835225290006,0.005,0.0,343,1.7175,0.1,-1.775816477471,30,1.2741835225290004,1.7456970556171925,1.7438593446963389,0.6713009292627204,0.6543011282041458,1.814304614260677,1.6753265307645004,0.6535644652402602,0.6635834758412907
26,56,3.595,39.007,1.785,30.6295462,0.612590924,Day:1993md,0.901090725,0.038198411,0.0089,3.6039000000000003,1.8100000000000003,1.8189000000000002,1.0,0.0,0.0,30.6295462,0.612590924,0.6808005813254281,0.11146546516644648,0.8885345348335536,0.1254486582081213,0.05439742168171158,1.7306025783182883,4.433234524286382,1.0049574501751584,2.9012008342592366,2.922684112853617,6.108909112853617,2.4716207461610322,1.3287899982697629,1.3073067196753825,0.6559879459985349,4.23372250960759e-05,723466.0781497216,14469.321562994433,7.370462343524518e-05,7.352260641241611e-05,39076.204306574626,38883.441582291736,1196886.4051288664,23937.72810257733,3.0738335585293215,0.06147667117058644,1190982.170359806,23819.64340719612,3.058670352653807,0.06117340705307614,"[2.357,2.642]",2.5,"[2.500,3.000]",2.75,0.002,0.0,865,1.731,0.24,-5.273316477470999,27,1.3266835225290006,0.005,0.0,346,1.7325,0.1,-1.775816477471,30,1.2741835225290004,1.761176719958513,1.7588593446963388,0.6675176120036379,0.6522553659054425,1.814304614260677,1.6753265307645004,0.6535644652402602,0.6635834758412907
26,56,3.595,39.007,1.8,32.60222737,0.652044547,Day:1993md,0.917115253,0.057971499,0.0089,3.6039000000000003,1.7950000000000002,1.8039,1.0,0.0,0.0,32.60222737,0.652044547,0.6808005813254281,0.11146546516644648,0.8885345348335536,0.1254486582081213,0.05439742168171158,1.7456025783182885,4.433234524286382,1.0049574501751584,2.8771577334228335,2.8985814894588153,6.138581489458815,2.477616090006443,1.3809812891061672,1.3595575330701855,0.6530197041438877,4.711201835542888e-05,692015.0846443864,13840.301684397326,7.370462343524521e-05,7.352260641241614e-05,39934.13210987553,39737.13723194473,1301941.65486978,26038.833081421944,3.3436355637735287,0.06687271123444717,1295519.1830687546,25910.383645480237,3.3271414259287813,0.06654282847775458,"[2.357,2.642]",2.5,"[2.500,3.000]",2.75,0.002,0.0,872,1.745,0.24,-5.273316477470999,27,1.3266835225290006,0.005,0.0,349,1.7475,0.1,-1.775816477471,31,1.3741835225290004,1.774717782038067,1.7738593446963389,0.6641076879745492,0.6502049989120369,1.814304614260677,1.7286159252157955,0.6535644652402602,0.6563751565560697
26,56,3.595,39.007,1.815,34.66395383,0.693279077,Day:1993md,0.882761388,0.054811982,0.0089,3.6039000000000003,1.7800000000000002,1.7889000000000002,1.0,0.0,0.0,34.66395383,0.693279077,0.6808005813254281,0.11146546516644648,0.8885345348335536,0.1254486582081213,0.05439742168171158,1.7606025783182884,4.433234524286382,1.0049574501751584,2.8531146325864314,2.874478866064014,6.168703866064014,2.483687554034125,1.433172579942569,1.4118083464649862,0.6500125036182822,5.180004587619351e-05,669187.7052165123,13383.75411205225,7.37046234352452e-05,7.352260641241612e-05,40817.2985029994,40615.94696958083,1414888.9507732992,28297.779031792907,3.633705855328055,0.07267411714849176,1407909.3105152783,28158.186226551945,3.6157808021570674,0.07231561608486516,"[2.357,2.642]",2.5,"[2.500,3.000]",2.75,0.002,0.0,880,1.7610000000000001,0.24,-5.273316477470999,27,1.3266835225290006,0.005,0.0,352,1.7625,0.1,-1.775816477471,31,1.3741835225290004,1.7901891201701687,1.7888593446963388,0.660091985712331,0.648150234194621,1.814304614260677,1.7286159252157955,0.6535644652402602,0.6563751565560697
26,56,3.595,39.007,1.83,36.81323673,0.736264735,Day:1993md,0.885551038,0.053241719,0.0089,3.6039000000000003,1.7650000000000001,1.7739,1.0,0.0,0.0,36.81323673,0.736264735,0.6808005813254281,0.11146546516644648,0.8885345348335536,0.1254486582081213,0.05439742168171158,1.7756025783182885,4.433234524286382,1.0049574501751584,2.829071531750029,2.8503762426692125,6.199276242669213,2.489834581386726,1.4853638707789711,1.4640591598597874,0.6469661367070438,5.6401939701363995e-05,652694.5159141349,13053.890325374654,7.37046234352452e-05,7.352260641241612e-05,41726.512809398984,41520.676126264145,1536087.9939697823,30721.75989608625,3.944968214598384,0.07889936433483236,1528510.4794258212,30570.2096051247,3.9255077057350025,0.07851015415735328,"[2.357,2.642]",2.5,"[2.500,3.000]",2.75,0.002,0.0,887,1.7750000000000001,0.24,-5.273316477470999,28,1.5666835225290008,0.005,0.0,355,1.7775,0.1,-1.775816477471,32,1.474183522529,1.8037229026924066,1.803859344696339,0.6564700847715876,0.6460912768268414,1.8575602429758753,1.7819053196670904,0.6409661908515546,0.649103360245552
26,56,3.595,39.007,1.845,39.06346668,0.781269334,Day:1993md,0.852458904,0.050430752,0.0089,3.6039000000000003,1.7500000000000002,1.7589000000000001,1.0,0.0,0.0,39.06346668,0.781269334,0.6808005813254281,0.11146546516644648,0.8885345348335536,0.1254486582081213,0.05439742168171158,1.7906025783182884,4.433234524286382,1.0049574501751584,2.805028430913626,2.826273619274411,6.230298619274411,2.4960566137959312,1.5375551616153733,1.5163099732545886,0.6438803986190023,6.091835688679474e-05,641242.9467293754,12824.858941153672,7.37046234352452e-05,7.352260641241612e-05,42662.614128340894,42452.15966198872,1666549.6054841417,33330.99212674788,4.280018623604807,0.08560037251592244,1658328.5244501363,33166.57050598359,4.258905312716299,0.08517810629793608,"[2.357,2.642]",2.5,"[2.500,3.000]",2.75,0.002,0.0,895,1.7910000000000001,0.24,-5.273316477470999,28,1.5666835225290008,0.005,0.0,358,1.7925,0.1,-1.775816477471,32,1.474183522529,1.8191859280363687,1.8188593446963388,0.6522016572644994,0.6440283299608581,1.8575602429758753,1.7819053196670904,0.6409661908515546,0.649103360245552
26,56,3.595,39.007,1.86,41.41448878,0.828289776,Day:1993md,0.859602546,0.05046543,0.0089,3.6039000000000003,1.735,1.7439,1.0,0.0,0.0,41.41448878,0.828289776,0.6808005813254281,0.11146546516644648,0.8885345348335536,0.1254486582081213,0.05439742168171158,1.8056025783182885,4.433234524286382,1.0049574501751584,2.7809853300772236,2.8021709958796097,6.26177099587961,2.5023530917677483,1.5897464524517773,1.5685607866493911,0.6407550875942885,6.534997841839805e-05,633733.778989903,12674.67558591895,7.370462343524518e-05,7.352260641241611e-05,43626.47261159074,43411.26343606577,1806768.060483702,36135.36122712463,4.640126475658132,0.0928025295579791,1797855.28249857,35957.105667335905,4.617236754500784,0.09234473513461106,"[2.357,2.642]",2.5,"[2.500,3.000]",2.75,0.002,0.0,902,1.805,0.24,-5.273316477470999,28,1.5666835225290008,0.005,0.0,361,1.8075,0.1,-1.775816477471,33,1.5741835225290002,1.832712442728969,1.833859344696339,0.6483489323028427,0.6419615948041263,1.8575602429758753,1.8351947141183855,0.6409661908515546,0.6417774275785469
26,56,3.6,15.0,0.0501,2.906401701,0.058128034,Chen:1990kq,2.030001564,0.61244115,0.0089,3.6089,3.5499,3.5588,1.0,0.0,0.0,2.906401701,0.058128034,0.2617993877991494,0.01703708685546585,0.9829629131445341,0.017332380120999264,0.008445826712903504,0.041654173287096495,4.433234524286382,1.0049505563271606,0.8709113466463425,0.8752533041131029,0.8777633141131028,0.9368902358937801,0.1034598304826575,0.09911787301589714,0.9664037746938984,-0.005175482780142145,-561.5711276543317,-11.23142254922226,0.0034804895189702667,0.003471906195320724,280.6404808204923,279.2579983697527,815.6539708261367,16.313079410909925,0.002094755640075243,4.189511278709009e-05,811.6359214797046,16.232718424008933,0.0020844365196742054,4.168873037914035e-05,"[0.878,1.302]",0.991,"[0.650,1.050]",0.8,0.002,0.0,20,0.041,0.12,-0.005397477470999945,0,0.05460252252900005,0.005,0.0,8,0.0425,0.1,0.17418352252900005,-1,0.12418352252900004,0.050389121290024264,0.050168173002571294,0.9664126991772688,0.9663947647659984,0.079903567462147,0.023355302774352462,0.9662847845474734,0.9664745481659921
26,56,3.6,15.0,0.0674,2.730244809,0.054604896,Chen:1990kq,5.823653596,1.043862437,0.0089,3.6089,3.5326,3.5415,1.0,0.0,0.0,2.730244809,0.054604896,0.2617993877991494,0.01703708685546585,0.9829629131445341,0.017332380120999264,0.008445826712903504,0.0589541732870965,4.433234524286382,1.0049505563271606,0.8666670675689088,0.8709985322346167,0.8755412922346166,0.93570363483029,0.1401683553600912,0.13583689069438332,0.966327770615639,-0.0049210967884065725,-554.8041272896891,-11.096082509216568,0.0034804895189702663,0.0034719061953207234,281.93386502380037,280.54501114382896,769.7484714625376,15.394969378502656,0.0019768615242592275,3.953723035485371e-05,765.9565603662862,15.319131156827622,0.0019671231702026765,3.934246327436473e-05,"[0.878,1.302]",0.991,"[0.650,1.050]",0.8,0.002,0.0,29,0.059000000000000004,0.12,-0.005397477470999945,1,0.17460252252900005,0.005,0.0,11,0.0575,0.1,0.17418352252900005,-1,0.12418352252900004,0.06836865484596899,0.0651681730025713,0.9663417951308142,0.966324759076588,0.13721922336983916,0.023355302774352462,0.9658640765528613,0.9664745481659921
26,56,3.6,15.0,0.0847,6.477675586,0.129553512,Chen:1990kq,7.45637835,0.741006544,0.0089,3.6089,3.5153,3.5242,1.0,0.0,0.0,6.477675586,0.129553512,0.2617993877991494,0.01703708685546585,0.9829629131445341,0.017332380120999264,0.008445826712903504,0.0762541732870965,4.433234524286382,1.0049505563271606,0.8624227884914751,0.8667437603561304,0.8739178503561305,0.934835734424038,0.1768768802375248,0.1725559083728695,0.9662286818527306,-0.004664665842395289,-1388.6687288780663,-27.77337463758706,0.0034804895189702667,0.003471906195320724,283.6247083997751,282.2275251394969,1837.2288491875925,36.744577063166766,0.004718355615980942,9.436711252357156e-05,1828.1783492933203,36.563567064890115,0.004695112198579534,9.390224417453871e-05,"[0.878,1.302]",0.991,"[0.650,1.050]",0.8,0.002,0.0,38,0.077,0.12,-0.005397477470999945,1,0.17460252252900005,0.005,0.0,15,0.0775,0.1,0.17418352252900005,-1,0.12418352252900004,0.0863420015393288,0.08516817300257129,0.96624900726803,0.9662031170236467,0.13721922336983916,0.023355302774352462,0.9658640765528613,0.9664745481659921
26,56,3.6,15.0,0.102,13.89097223,0.277819445,Chen:1990kq,4.59291106,0.370024496,0.0089,3.6089,3.498,3.5069000000000004,1.0,0.0,0.0,13.89097223,0.277819445,0.2617993877991494,0.01703708685546585,0.9829629131445341,0.017332380120999264,0.008445826712903504,0.09355417328709649,4.433234524286382,1.0049505563271606,0.8581785094140415,0.8624889884776443,0.8728929884776443,0.93428742284034,0.2135854051149586,0.20927492605135578,0.9661061808888776,-0.004406689256731833,-3152.2468276562954,-63.044936643897,0.003480489518970267,0.0034719061953207243,285.72228667883076,284.3147703933547,3968.960349747737,79.37920710924365,0.010193050454285446,0.00020386100937922475,3949.4085801129163,78.98817171598424,0.01014283776461447,0.00020285675558435933,"[0.878,1.302]",0.991,"[0.650,1.050]",0.8,0.002,0.0,46,0.093,0.12,-0.005397477470999945,1,0.17460252252900005,0.005,0.0,18,0.0925,0.1,0.17418352252900005,0,0.22418352252900003,0.10231312096173895,0.10016817300257129,0.9661478863996735,0.9660906729961289,0.13721922336983916,0.0766446972256476,0.9658640765528613,0.9662589113390193
26,56,3.6,15.0,0.1193,28.3827206,0.567654412,Chen:1990kq,4.016528282,0.22513698,0.0089,3.6089,3.4807,3.4896000000000003,1.0,0.0,0.0,28.3827206,0.567654412,0.2617993877991494,0.01703708685546585,0.9829629131445341,0.017332380120999264,0.008445826712903504,0.1108541732870965,4.433234524286382,1.0049505563271606,0.8539342303366079,0.8582342165991581,0.8724667065991581,0.9340592628945757,0.2502939299923922,0.24599394372984196,0.9659599371470502,-0.00414767573987379,-6843.042315758189,-136.8608463151638,0.003480489518970267,0.0034719061953207243,288.23688468072,286.81698106039437,8180.946964507295,163.6189392901459,0.021010238910135832,0.00042020477820271665,8140.646236772664,162.8129247354533,0.02090673892148777,0.00041813477842975535,"[0.878,1.302]",0.991,"[0.650,1.050]",0.8,0.002,0.0,55,0.111,0.12,-0.005397477470999945,2,0.29460252252900004,0.005,0.0,22,0.1125,0.1,0.17418352252900005,0,0.22418352252900003,0.12027479876396541,0.1201681730025713,0.9660127679764364,0.9659124884550563,0.19163120944830536,0.0766446972256476,0.9652404226721732,0.9662589113390193
26,56,3.6,15.0,0.1366,56.00969793,1.120193959,Chen:1990kq,3.767204748,0.164257269,0.0089,3.6089,3.4634,3.4723,1.0,0.0,0.0,56.00969793,1.120193959,0.2617993877991494,0.01703708685546585,0.9829629131445341,0.017332380120999264,0.008445826712903504,0.1281541732870965,4.433234524286382,1.0049505563271606,0.8496899512591741,0.8539794447206719,0.8726390047206719,0.9341514891711472,0.2870024548698259,0.28271296140832813,0.9657896169928057,-0.003888139959828867,-14405.267945258127,-288.1053590080395,0.0034804895189702676,0.0034719061953207247,291.1798405714435,289.74543945289406,16308.894913712109,326.1778983907141,0.0418843661967227,0.0008376873242335762,16228.5545403517,324.5710909229322,0.041678036728293816,0.0008335607348635251,"[0.878,1.302]",0.991,"[0.650,1.050]",0.8,0.002,0.0,64,0.129,0.12,-0.005397477470999945,2,0.29460252252900004,0.005,0.0,25,0.1275,0.1,0.17418352252900005,1,0.32418352252900007,0.13823030811178683,0.1351681730025713,0.9658545411577373,0.9657576752287469,0.19163120944830536,0.12993409167694267,0.9652404226721732,0.9658137559606444
26,56,3.6,15.0,0.1538,106.9839534,2.139679069,Chen:1990kq,3.374337818,0.114970513,0.0089,3.6089,3.4462,3.4551000000000003,1.0,0.0,0.0,106.9839534,2.139679069,0.2617993877991494,0.01703708685546585,0.9829629131445341,0.017332380120999264,0.008445826712903504,0.1453541732870965,4.433234524286382,1.0049505563271606,0.8454702055868124,0.8497492668992869,0.8734037068992868,0.934560702629469,0.32349879174218765,0.3192197304297132,0.9655960801622424,-0.003630098295663814,-29471.36542495098,-589.4273087744941,0.0034804895189702676,0.0034719061953207247,294.54274046085305,293.0917731289508,31511.3468197722,630.2269366899867,0.08092717480456568,0.001618543496847756,31356.116598351047,627.1223322601127,0.08052851386075549,0.0016105702779678254,"[0.878,1.302]",0.991,"[0.650,1.050]",0.8,0.002,0.0,72,0.145,0.12,-0.005397477470999945,2,0.29460252252900004,0.005,0.0,29,0.1475,0.1,0.17418352252900005,1,0.32418352252900007,0.15418558754416978,0.1551681730025713,0.9656940050034825,0.9655230577117954,0.19163120944830536,0.12993409167694267,0.9652404226721732,0.9658137559606444
26,56,3.6,15.0,0.1711,258.1829673,5.163659347,Chen:1990kq,1.986962987,0.057323689,0.0089,3.6089,3.4289,3.4378,1.0,0.0,0.0,258.1829673,5.163659347,0.2617993877991494,0.01703708685546585,0.9829629131445341,0.017332380120999264,0.008445826712903504,0.1626541732870965,4.433234524286382,1.0049505563271606,0.8412259265093787,0.8454944950208007,0.8747697050208006,0.9352912407484637,0.36020731661962135,0.35593874810819937,0.9653767381358868,-0.003371063811308269,-76587.97986378142,-1531.759597572271,0.0034804895189702676,0.0034719061953207247,298.3782031212964,296.9083416519446,77036.16985949842,1540.7233974883468,0.1978436409002372,0.003956872818771037,76656.67666382124,1533.1335335733334,0.19686902967973427,0.003937380594357203,"[0.878,1.302]",0.991,"[0.650,1.050]",0.8,0.002,0.0,81,0.163,0.12,-0.005397477470999945,3,0.41460252252900004,0.005,0.0,32,0.1625,0.1,0.17418352252900005,1,0.32418352252900007,0.17212946268571017,0.1701681730025713,0.9654903814498794,0.965325970385731,0.24354065812424086,0.12993409167694267,0.9644197785715147,0.9658137559606444
26,56,3.6,15.0,0.1884,500.0180635,10.00036127,Chen:1990kq,1.517945161,0.036198692,0.0089,3.6089,3.4116,3.4205,1.0,0.0,0.0,500.0180635,10.00036127,0.2617993877991494,0.01703708685546585,0.9829629131445341,0.017332380120999264,0.008445826712903504,0.1799541732870965,4.433234524286382,1.0049505563271606,0.8369816474319451,0.8412397231423143,0.8767342831423143,0.9363409011371415,0.39691584149705506,0.3926577657866859,0.9651323024904923,-0.003113048672122025,-160620.05967904133,-3212.4011935808267,0.003480489518970266,0.0034719061953207226,302.6827360137793,301.1916696877187,151346.8355164916,3026.9367103298327,0.38868766492315576,0.007773753298463117,150601.27541958474,3012.025508391695,0.38677292377817135,0.007735458475563428,"[0.878,1.302]",0.991,"[0.650,1.050]",0.8,0.002,0.0,89,0.179,0.12,-0.005397477470999945,3,0.41460252252900004,0.005,0.0,35,0.1775,0.1,0.17418352252900005,2,0.42418352252900005,0.1880744106478005,0.1851681730025713,0.965288288032731,0.9651108011034303,0.24354065812424086,0.18322348612823774,0.9644197785715147,0.965139716226757
26,56,3.6,15.0,0.2057,854.596434,17.09192868,Chen:1990kq,1.42757441,0.027264331,0.0089,3.6089,3.3943000000000003,3.4032000000000004,1.0,0.0,0.0,854.596434,17.09192868,0.2617993877991494,0.01703708685546585,0.9829629131445341,0.017332380120999264,0.008445826712903504,0.1972541732870965,4.433234524286382,1.0049505563271606,0.8327373683545115,0.8369849512638282,0.8792974412638282,0.9377086121305639,0.43362436637448865,0.42937678346517194,0.9648624274368078,-0.0028565562855480953,-299170.1715536217,-5983.403431072434,0.0034804895189702676,0.0034719061953207247,307.47235851600857,305.95769769981723,262764.78114135045,5255.295622827009,0.6748302920066442,0.013496605840132883,261470.3574091138,5229.407148182276,0.671505963908292,0.013430119278165837,"[0.878,1.302]",0.991,"[0.650,1.050]",0.8,0.002,0.0,98,0.197,0.12,-0.005397477470999945,3,0.41460252252900004,0.005,0.0,39,0.1975,0.1,0.17418352252900005,2,0.42418352252900005,0.2060066741688047,0.2051681730025713,0.965036359199143,0.96479582341419,0.24354065812424086,0.18322348612823774,0.9644197785715147,0.965139716226757
26,56,3.6,15.0,0.223,1379.933057,27.59866115,Chen:1990kq,1.246437275,0.020435774,0.0089,3.6089,3.3770000000000002,3.3859000000000004,1.0,0.0,0.0,1379.933057,27.59866115,0.2617993877991494,0.01703708685546585,0.9829629131445341,0.017332380120999264,0.008445826712903504,0.2145541732870965,4.433234524286382,1.0049505563271606,0.8284930892770779,0.832730179385342,0.882459179385342,0.939392984530618,0.47033289125192224,0.4660958011436581,0.9645667641631559,-0.002602078695866133,-530319.4938693708,-10606.389881230498,0.0034804895189702663,0.0034719061953207234,312.76438929096616,311.22365903656066,431593.91983502096,8631.878399828065,1.108415860319897,0.022168317214430334,429467.8152250468,8589.356307613174,1.1029556164144791,0.022059112336282403,"[0.878,1.302]",0.991,"[0.650,1.050]",0.8,0.002,0.0,107,0.215,0.12,-0.005397477470999945,3,0.41460252252900004,0.005,0.0,42,0.2125,0.1,0.17418352252900005,2,0.42418352252900005,0.2239327994800817,0.2201681730025713,0.9647573986133323,0.9645385606225152,0.24354065812424086,0.18322348612823774,0.9644197785715147,0.965139716226757
26,56,3.6,15.0,0.2403,2140.460302,42.80920605,Chen:1990kq,1.153957397,0.016398342,0.0089,3.6089,3.3597,3.3686000000000003,1.0,0.0,0.0,2140.460302,42.80920605,0.2617993877991494,0.01703708685546585,0.9829629131445341,0.017332380120999264,0.008445826712903504,0.2318541732870965,4.433234524286382,1.0049505563271606,0.8242488101996441,0.8284754075068558,0.8862194975068558,0.9413923185935054,0.5070414161293559,0.5028148188221443,0.9642449608463983,-0.0023500934250984223,-910797.9619620258,-18215.95924349567,0.0034804895189702676,0.0034719061953207247,318.5775009339191,317.00813430885506,681902.4938594218,13638.04988037421,1.7512562263953924,0.035025124536089525,678543.3268991885,13570.866541153851,1.7426292421746497,0.03485258485163437,"[0.878,1.302]",0.991,"[0.650,1.050]",0.8,0.002,0.0,115,0.231,0.12,-0.005397477470999945,4,0.5346025225290001,0.005,0.0,46,0.2325,0.1,0.17418352252900005,3,0.5241835225290001,0.23986198511760648,0.24016817300257132,0.9644857833810986,0.9641675591911683,0.29326405690450097,0.2365128805795329,0.9633987299562503,0.9642377507481433
26,56,3.6,15.0,0.2577,3195.927001,63.91854003,Chen:1990kq,1.129562721,0.040363876,0.0089,3.6089,3.3423000000000003,3.3512000000000004,1.0,0.0,0.0,3195.927001,63.91854003,0.2617993877991494,0.01703708685546585,0.9829629131445341,0.017332380120999264,0.008445826712903504,0.24925417328709648,4.433234524286382,1.0049505563271606,0.8199799977171387,0.8241960415712686,0.8906053315712685,0.9437188837632045,0.5439621290118613,0.5397460851577314,0.9638945716686753,-0.00209963047224389,-1522137.8443724385,-30442.756892211513,0.0034804895189702663,0.0034719061953207234,324.9701207463385,323.3692629954074,1038580.7834114536,20771.615671478772,2.6672743976485194,0.05334548796131624,1033464.5589004926,20669.291181243545,2.654134953063493,0.0530826990695746,"[0.878,1.302]",0.991,"[0.650,1.050]",0.8,0.002,0.0,124,0.249,0.12,-0.005397477470999945,4,0.5346025225290001,0.005,0.0,49,0.2475,0.1,0.17418352252900005,3,0.5241835225290001,0.257776533210226,0.2551681730025713,0.9641523978975642,0.9638683603491481,0.29326405690450097,0.2365128805795329,0.9633987299562503,0.9642377507481433
26,56,3.6,15.0,0.274,4466.881316,89.33762631,Chen:1990kq,1.045472147,0.031789517,0.0089,3.6089,3.326,3.3349,1.0,0.0,0.0,4466.881316,89.33762631,0.2617993877991494,0.01703708685546585,0.9829629131445341,0.017332380120999264,0.008445826712903504,0.2655541732870965,4.433234524286382,1.0049505563271606,0.8159810526904238,0.820187210263793,0.8952632102637931,0.9461834971419619,0.5785487738385763,0.574342616265207,0.9635416962347859,-0.0018681084162324093,-2391125.310065666,-47822.50619596032,0.0034804895189702663,0.0034719061953207234,331.47468632807994,329.8417859874976,1480658.0830858608,29613.161658402474,3.802613585544892,0.07605227170238496,1473364.1110636236,29467.282217974054,3.7838812681914233,0.07567762535535749,"[0.878,1.302]",0.991,"[0.650,1.050]",0.8,0.002,0.0,132,0.265,0.12,-0.005397477470999945,4,0.5346025225290001,0.005,0.0,53,0.2675,0.1,0.17418352252900005,4,0.624183522529,0.27369543795126106,0.2751681730025713,0.9638301688919882,0.963441562027029,0.29326405690450097,0.2898022750308279,0.9633987299562503,0.9631091391487261
26,56,3.6,15.0,0.2902,5980.104297,119.6020859,Chen:1990kq,1.040115639,0.026755386,0.0089,3.6089,3.3098,3.3187,1.0,0.0,0.0,5980.104297,119.6020859,0.2617993877991494,0.01703708685546585,0.9829629131445341,0.017332380120999264,0.008445826712903504,0.2817541732870965,4.433234524286382,1.0049505563271606,0.8120066410687806,0.8162029730134187,0.9004190130134188,0.9489041116010715,0.6129232306602196,0.6087268987155815,0.9631670664407577,-0.0016413384450933506,-3643431.5633543106,-72868.63124271587,0.003480489518970267,0.0034719061953207243,338.45345985567576,336.7861808969362,2023986.9896174436,40479.739778810734,5.1979862951513685,0.10395972586825883,2014016.4875519872,40280.3297375683,5.172380135942896,0.10344760268426068,"[0.878,1.302]",0.991,"[0.650,1.050]",0.8,0.002,0.0,140,0.281,0.12,-0.005397477470999945,5,0.654602522529,0.005,0.0,56,0.28250000000000003,0.1,0.17418352252900005,4,0.624183522529,0.28960951150637015,0.2901681730025713,0.9634823616806655,0.9631006098908987,0.341056325282978,0.2898022750308279,0.962165585444416,0.9631091391487261
26,56,3.6,15.0,0.3065,7694.893185,153.8978637,Chen:1990kq,1.044848812,0.023132225,0.0089,3.6089,3.2935,3.3024,1.0,0.0,0.0,7694.893185,153.8978637,0.2617993877991494,0.01703708685546585,0.9829629131445341,0.017332380120999264,0.008445826712903504,0.2980541732870965,4.433234524286382,1.0049505563271606,0.8080076960420657,0.8121941417059432,0.9061363917059432,0.951911966363457,0.6475098754869344,0.6433234298230569,0.9627657547546106,-0.0014168493577930933,-5430988.935186226,-108619.77870372451,0.003480489518970266,0.0034719061953207226,346.01301826649217,344.30849964507905,2662533.2161801113,53250.66432360222,6.8378953219977925,0.13675790643995583,2649417.1274564937,52988.34254912987,6.804210693696778,0.13608421387393554,"[0.878,1.302]",0.991,"[0.650,1.050]",0.8,0.002,0.0,149,0.299,0.12,-0.005397477470999945,5,0.654602522529,0.005,0.0,59,0.2975,0.1,0.17418352252900005,4,0.624183522529,0.3075070749521558,0.30516817300257126,0.9630588842915248,0.9627418256424787,0.341056325282978,0.2898022750308279,0.962165585444416,0.9631091391487261
26,56,3.6,15.0,0.3228,9523.541399,190.470828,Chen:1990kq,0.946076635,0.019425547,0.0089,3.6089,3.2772,3.2861000000000002,1.0,0.0,0.0,9523.541399,190.470828,0.2617993877991494,0.01703708685546585,0.9829629131445341,0.017332380120999264,0.008445826712903504,0.31435417328709647,4.433234524286382,1.0049505563271606,0.8040087510153507,0.8081853103984679,0.9123851503984679,0.955188541806521,0.6820965203136492,0.6779199609305321,0.9623396930137037,-0.0011963610134065612,-7960424.397216294,-159208.48796104325,0.003480489518970267,0.0034719061953207243,354.1337151726072,352.3891926254324,3372607.097227999,67452.14195164265,8.661501067076962,0.1732300213597289,3355993.0645284904,67119.86129761761,8.618833048595496,0.17237666099001003,"[0.878,1.302]",0.991,"[0.650,1.050]",0.8,0.002,0.0,157,0.315,0.12,-0.005397477470999945,5,0.654602522529,0.005,0.0,62,0.3125,0.1,0.17418352252900005,5,0.7241835225290001,0.3234108968247966,0.3201681730025713,0.9626522411559034,0.9623652494008416,0.341056325282978,0.34309166948212305,0.962165585444416,0.9617554775407161
26,56,3.6,15.0,0.3391,11380.69523,227.6139046,Chen:1990kq,0.975335845,0.017749355,0.0089,3.6089,3.2609,3.2698,1.0,0.0,0.0,11380.69523,227.6139046,0.2617993877991494,0.01703708685546585,0.9829629131445341,0.017332380120999264,0.008445826712903504,0.3306541732870965,4.433234524286382,1.0049505563271606,0.8000098059886358,0.8041764790909923,0.9191652890909924,0.9587310827812939,0.7166831651403642,0.7125164920380077,0.961888572585889,-0.0009801608633788295,-11611048.405634405,-232220.9681126881,0.0034804895189702663,0.0034719061953207234,362.8387214351113,361.0513165555078,4129356.90629587,82587.13812591741,10.604979536341578,0.2120995907268316,4109014.9961084877,82180.29992216975,10.552737614375864,0.2110547522875173,"[0.878,1.302]",0.991,"[0.650,1.050]",0.8,0.002,0.0,165,0.331,0.12,-0.005397477470999945,5,0.654602522529,0.005,0.0,66,0.3325,0.1,0.17418352252900005,5,0.7241835225290001,0.3393099012267413,0.3401681730025713,0.9622154805405433,0.9618355442862521,0.341056325282978,0.34309166948212305,0.962165585444416,0.9617554775407161
26,56,3.6,15.0,0.3553,13174.79639,263.4959278,Chen:1990kq,0.963961766,0.01609133,0.0089,3.6089,3.2447,3.2536,1.0,0.0,0.0,13174.79639,263.4959278,0.2617993877991494,0.01703708685546585,0.9829629131445341,0.017332380120999264,0.008445826712903504,0.3468541732870965,4.433234524286382,1.0049505563271606,0.7960353943669927,0.800192241840618,0.926430331840618,0.962512509965776,0.7510576219620075,0.7469007744883822,0.9614150837838584,-0.0007697975867934689,-17114624.17656903,-342292.48353138065,0.0034804895189702663,0.0034719061953207234,372.09356099278125,370.2605652089878,4902256.904109939,98045.13808219878,12.589934783963704,0.2517986956792741,4878107.557874733,97562.15115749465,12.52791463689191,0.2505582927378382,"[0.878,1.302]",0.991,"[0.650,1.050]",0.8,0.002,0.0,173,0.34700000000000003,0.12,-0.005397477470999945,6,0.7746025225290001,0.005,0.0,69,0.34750000000000003,0.1,0.17418352252900005,5,0.7241835225290001,0.35520409253314256,0.3551681730025713,0.961746812368464,0.9614176202944482,0.38712638227275475,0.34309166948212305,0.9607003784349989,0.9617554775407161
26,56,3.6,15.0,0.3716,14856.727,297.1345399,Chen:1990kq,0.949065027,0.014808107,0.0089,3.6089,3.2284,3.2373000000000003,1.0,0.0,0.0,14856.727,297.1345399,0.2617993877991494,0.01703708685546585,0.9829629131445341,0.017332380120999264,0.008445826712903504,0.3631541732870965,4.433234524286382,1.0049505563271606,0.7920364493402778,0.7961834105331426,0.9342699705331425,0.9665764173272295,0.7856442667887222,0.7814973055958575,0.9609130694903749,-0.0005629140398190883,-26392532.3389957,-527850.6466022669,0.0034804895189702667,0.003471906195320724,382.0383812508591,380.1563956013045,5675839.933765933,113516.79863711481,14.57664418819439,0.291532883665773,5647879.786752582,112957.595697036,14.504837174744521,0.290096743397259,"[0.878,1.302]",0.991,"[0.650,1.050]",0.8,0.002,0.0,181,0.363,0.12,-0.005397477470999945,6,0.7746025225290001,0.005,0.0,72,0.3625,0.1,0.17418352252900005,6,0.8241835225290001,0.3710934751125663,0.37016817300257127,0.961244250102456,0.9609820519925174,0.38712638227275475,0.39638106393341815,0.9607003784349989,0.9601786729064515
26,56,3.6,15.0,0.3879,16353.52142,327.0704283,Chen:1990kq,0.929463423,0.0140031,0.0089,3.6089,3.2121,3.221,1.0,0.0,0.0,16353.52142,327.0704283,0.2617993877991494,0.01703708685546585,0.9829629131445341,0.017332380120999264,0.008445826712903504,0.3794541732870965,4.433234524286382,1.0049505563271606,0.7880375043135628,0.7921745792256671,0.9426409892256672,0.9708970023775267,0.8202309116154372,0.8160938367033328,0.9603850589227292,-0.0003610402574344416,-45295562.15201155,-905911.2427632536,0.0034804895189702667,0.003471906195320724,392.64547496613113,390.711236979808,6421136.185324699,128422.72366722944,16.490707727783835,0.32981415445483786,6389504.582983986,127790.09162060861,16.40947171376589,0.3281894341749757,"[0.878,1.302]",0.991,"[0.650,1.050]",0.8,0.002,0.0,189,0.379,0.12,-0.005397477470999945,6,0.7746025225290001,0.005,0.0,75,0.3775,0.1,0.17418352252900005,6,0.8241835225290001,0.38697805332696333,0.3851681730025713,0.9607055868925779,0.9605288878239538,0.38712638227275475,0.39638106393341815,0.9607003784349989,0.9601786729064515
26,56,3.6,15.0,0.4042,17615.07696,352.3015391,Chen:1990kq,0.908312807,0.013454383,0.0089,3.6089,3.1958,3.2047000000000003,1.0,0.0,0.0,17615.07696,352.3015391,0.2617993877991494,0.01703708685546585,0.9829629131445341,0.017332380120999264,0.008445826712903504,0.3957541732870965,4.433234524286382,1.0049505563271606,0.784038559286848,0.7881657479181917,0.9515433879181917,0.9754708544688517,0.8548175564421521,0.8506903678108083,0.9598307344350292,-0.00016436932563767924,-107167665.81393093,-2143353.3156702328,0.0034804895189702654,0.003471906195320722,403.9439367362925,401.95404061728686,7115503.533135164,142310.0706223089,18.273976086836676,0.3654795216329931,7080451.359856473,141609.02715693408,18.183955391420874,0.363679107725188,"[0.878,1.302]",0.991,"[0.650,1.050]",0.8,0.002,0.0,197,0.395,0.12,-0.005397477470999945,7,0.894602522529,0.005,0.0,79,0.3975,0.1,0.17418352252900005,6,0.8241835225290001,0.4028578315316764,0.4051681730025713,0.9601283679116814,0.9598973848452239,0.43164799134548637,0.39638106393341815,0.9589739538319474,0.9601786729064515
26,56,3.6,15.0,0.4204,18602.16878,372.0433756,Chen:1990kq,0.935374805,0.013439293,0.0089,3.6089,3.1796,3.1885000000000003,1.0,0.0,0.0,18602.16878,372.0433756,0.2617993877991494,0.01703708685546585,0.9829629131445341,0.017332380120999264,0.008445826712903504,0.4119541732870965,4.433234524286382,1.0049505563271606,0.7800641476652048,0.7841815106678174,0.9609176706678174,0.9802640821063564,0.8891920132637954,0.8850746502611828,0.9592534221834516,2.5772940281111178e-05,721771306.5370896,14435426.130741792,0.003480489518970267,0.0034719061953207243,415.8884744885345,413.8397375573395,7736427.596092443,154728.55192184885,19.86862802192233,0.3973725604384466,7698316.645912535,153966.33291825067,19.770751801498697,0.3954150360299739,"[0.878,1.302]",0.991,"[0.650,1.050]",0.8,0.002,0.0,205,0.41100000000000003,0.12,-0.005397477470999945,7,0.894602522529,0.005,0.0,82,0.41250000000000003,0.1,0.17418352252900005,7,0.924183522529,0.41873281407549,0.4201681730025713,0.9595098581706266,0.9594033626189007,0.43164799134548637,0.4496704583847132,0.9589739538319474,0.9583809364236614
26,56,3.6,15.0,0.4367,19313.99341,386.2798682,Chen:1990kq,0.900901208,0.013461742,0.0089,3.6089,3.1633,3.1722,1.0,0.0,0.0,19313.99341,386.2798682,0.2617993877991494,0.01703708685546585,0.9829629131445341,0.017332380120999264,0.008445826712903504,0.4282541732870965,4.433234524286382,1.0049505563271606,0.7760652026384899,0.7801726793603418,0.9708795693603418,0.9853322126878538,0.9237786580905102,0.9196711813686582,0.9586456744677139,0.00021158977777081873,91280370.97765541,1825607.4195531083,0.0034804895189702663,0.0034719061953207234,428.6587866636262,426.54714101583795,8279112.980759872,165582.25961519746,21.262348044111516,0.42524696088223035,8238328.670634234,164766.5734126847,21.157606123250485,0.4231521224650097,"[0.878,1.302]",0.991,"[0.650,1.050]",0.8,0.002,0.0,214,0.429,0.12,-0.005397477470999945,7,0.894602522529,0.005,0.0,85,0.4275,0.1,0.17418352252900005,7,0.924183522529,0.436586442530178,0.43516817300257127,0.9587608646132185,0.9588919195528135,0.43164799134548637,0.4496704583847132,0.9589739538319474,0.9583809364236614
26,56,3.6,15.0,0.4519,19731.9445,394.63889,Chen:1990kq,0.967973531,0.020119659,0.0089,3.6089,3.1481,3.157,1.0,0.0,0.0,19731.9445,394.63889,0.2617993877991494,0.01703708685546585,0.9829629131445341,0.017332380120999264,0.008445826712903504,0.4434541732870965,4.433234524286382,1.0049505563271606,0.7723361250675654,0.7764343826809783,0.9806479926809784,0.9902767253050929,0.9560312348614347,0.9519329772480218,0.9580543681421061,0.00037978959470883795,51954937.088593245,1039098.7417718648,0.003480489518970267,0.0034719061953207243,441.27699756176366,439.1031924739852,8707253.225015357,174145.0645003071,22.361894203972657,0.44723788407945303,8664359.823669493,173287.19647338986,22.251735732850086,0.44503471465700173,"[0.878,1.302]",0.991,"[0.650,1.050]",0.8,0.002,0.0,221,0.443,0.12,-0.005397477470999945,7,0.894602522529,0.005,0.0,88,0.4425,0.1,0.17418352252900005,7,0.924183522529,0.4504684095427436,0.4501681730025713,0.9581363937752274,0.9583631121640281,0.43164799134548637,0.4496704583847132,0.9589739538319474,0.9583809364236614
26,56,3.6,15.0,0.4672,19936.57536,398.7315073,Chen:1990kq,0.973085881,0.019411559,0.0089,3.6089,3.1328,3.1417,1.0,0.0,0.0,19936.57536,398.7315073,0.2617993877991494,0.01703708685546585,0.9829629131445341,0.017332380120999264,0.008445826712903504,0.4587541732870965,4.433234524286382,1.0049505563271606,0.7685825140915693,0.7726714919445137,0.9909473319445137,0.9954633754912904,0.9884959996374308,0.9844070217844865,0.9574349487478074,0.0005440640863626874,36643799.61795485,732875.9925428989,0.0034804895189702667,0.003471906195320724,454.7000565440297,452.46012719853906,9065161.943486309,181303.23891519618,23.28107235238498,0.4656214471644753,9020505.42328886,180410.1085110232,23.16638585431645,0.4633277172025294,"[0.878,1.302]",0.991,"[0.650,1.050]",0.8,0.002,0.0,229,0.459,0.12,-0.005397477470999945,8,1.014602522529,0.005,0.0,91,0.4575,0.1,0.17418352252900005,8,1.0241835225290001,0.46632903113098223,0.4651681730025713,0.9573741966616837,0.9578169987929399,0.47476752402222344,0.5029598528360083,0.9569460932333339,0.9563647757774824
26,56,3.6,15.0,0.4826,19958.77302,399.1754605,Chen:1990kq,0.936931342,0.018538214,0.0089,3.6089,3.1174,3.1263,1.0,0.0,0.0,19958.77302,399.1754605,0.2617993877991494,0.01703708685546585,0.9829629131445341,0.017332380120999264,0.008445826712903504,0.47415417328709647,4.433234524286382,1.0049505563271606,0.7648043697105011,0.768884007150948,1.001786767150948,1.0008929848644899,1.0211729524184987,1.0170933149780519,0.9567866656452961,0.0007042491998327865,28340497.972505916,566809.9595921135,0.0034804895189702663,0.0034719061953207234,468.9736100074283,466.6633667246356,9360137.834508263,187202.7567370626,24.03862694477986,0.4807725390160385,9314028.213206023,186280.56431078678,23.92020860472474,0.4784041722143428,"[0.878,1.302]",0.991,"[0.650,1.050]",0.8,0.002,0.0,237,0.47500000000000003,0.12,-0.005397477470999945,8,1.014602522529,0.005,0.0,94,0.47250000000000003,0.1,0.17418352252900005,8,1.0241835225290001,0.4821848743879613,0.4801681730025713,0.9565561109468166,0.9572536395873615,0.47476752402222344,0.5029598528360083,0.9569460932333339,0.9563647757774824
26,56,3.6,15.0,0.4979,19839.3351,396.786702,Chen:1990kq,0.97281486,0.018498604,0.0089,3.6089,3.1021,3.111,1.0,0.0,0.0,19839.3351,396.786702,0.2617993877991494,0.01703708685546585,0.9829629131445341,0.017332380120999264,0.008445826712903504,0.4894541732870965,4.433234524286382,1.0049505563271606,0.7610507587345049,0.7651211164144833,1.0130255264144834,1.0064916921736033,1.053637717194495,1.0495673595145167,0.956117663529985,0.0008582167762313652,23116927.62185244,462338.55243704875,0.0034804895189702676,0.0034719061953207247,483.94511210639195,481.5611166733303,9601149.249085777,192022.98498171553,24.65759042447384,0.4931518084894768,9553852.364812396,191077.04729624794,24.536122965682093,0.4907224593136419,"[0.878,1.302]",0.991,"[0.650,1.050]",0.8,0.002,0.0,244,0.489,0.12,-0.005397477470999945,8,1.014602522529,0.005,0.0,97,0.4875,0.1,0.17418352252900005,8,1.0241835225290001,0.4960548209061386,0.49516817300257127,0.9557906422053738,0.9566730964861607,0.47476752402222344,0.5029598528360083,0.9569460932333339,0.9563647757774824
26,56,3.6,15.0,0.5132,19621.69969,392.4339939,Chen:1990kq,0.963219308,0.018143179,0.0089,3.6089,3.0868,3.0957000000000003,1.0,0.0,0.0,19621.69969,392.4339939,0.2617993877991494,0.01703708685546585,0.9829629131445341,0.017332380120999264,0.008445826712903504,0.5047541732870965,4.433234524286382,1.0049505563271606,0.7572971477585088,0.7613582256780187,1.0247324656780186,1.0122907021592258,1.0861024819704914,1.0820414040509814,0.9554235386959232,0.001006992417589697,19485449.29163006,389708.9859319068,0.0034804895189702663,0.0034719061953207234,499.7389553355116,497.27715676075724,9805727.704987733,196114.55414972853,25.182987087355844,0.5036597418754594,9757423.032656632,195148.46070286035,25.05893143578454,0.501178628843401,"[0.878,1.302]",0.991,"[0.650,1.050]",0.8,0.002,0.0,252,0.505,0.12,-0.005397477470999945,9,1.134602522529,0.005,0.0,100,0.5025000000000001,0.1,0.17418352252900005,9,1.124183522529,0.5119017164201338,0.5101681730025713,0.9548541976417396,0.9560754332024509,0.5166096490576481,0.5562492472873034,0.95456243055867,0.9541329865086933
26,56,3.6,15.0,0.5285,19346.34767,386.9269534,Chen:1990kq,1.002773254,0.018349717,0.0089,3.6089,3.0715000000000003,3.0804000000000005,1.0,0.0,0.0,19346.34767,386.9269534,0.2617993877991494,0.01703708685546585,0.9829629131445341,0.017332380120999264,0.008445826712903504,0.5200541732870965,4.433234524286382,1.0049505563271606,0.7535435367825125,0.7575953349415541,1.036907584941554,1.0182865927338698,1.1185672467464876,1.114515448587446,0.9547040148861781,0.0011505602450772694,16814719.396723755,336294.38793447515,0.0034804895189702667,0.003471906195320724,516.3909623194606,513.8471331432849,9990279.090678155,199805.5818135631,25.656950397639438,0.5131390079527888,9941065.287022768,198821.30574045537,25.530559922678272,0.5106111984535654,"[0.878,1.302]",0.991,"[0.650,1.050]",0.8,0.002,0.0,260,0.521,0.12,-0.005397477470999945,9,1.134602522529,0.005,0.0,104,0.5225,0.1,0.17418352252900005,9,1.124183522529,0.5277438459941663,0.5301681730025712,0.953846131946892,0.9552520308382517,0.5166096490576481,0.5562492472873034,0.95456243055867,0.9541329865086933
26,56,3.6,15.0,0.5439,19045.53604,380.9107208,Chen:1990kq,0.9766068,0.017799447,0.0089,3.6089,3.0561,3.065,1.0,0.0,0.0,19045.53604,380.9107208,0.2617993877991494,0.01703708685546585,0.9829629131445341,0.017332380120999264,0.008445826712903504,0.5354541732870965,4.433234524286382,1.0049505563271606,0.7497653924014444,0.7538078501479881,1.0496350601479882,1.0245169887063796,1.151244199527556,1.147201741781012,0.9539538586251531,0.001289806233078194,14766199.41163315,295323.988232663,0.003480489518970266,0.0034719061953207226,534.0563451209748,531.4254932827893,10171389.368392203,203427.78736784408,26.122076283476588,0.5224415256695318,10121283.38489214,202425.66769784281,25.993394519772348,0.519867890395447,"[0.878,1.302]",0.991,"[0.650,1.050]",0.8,0.002,0.0,267,0.535,0.12,-0.005397477470999945,9,1.134602522529,0.005,0.0,107,0.5375,0.1,0.17418352252900005,9,1.124183522529,0.5416018031898773,0.5451681730025713,0.9528998685616177,0.9546146780716905,0.5166096490576481,0.5562492472873034,0.95456243055867,0.9541329865086933
26,56,3.6,15.0,0.5592,18753.89283,375.0778565,Chen:1990kq,0.981129634,0.017756313,0.0089,3.6089,3.0408,3.0497,1.0,0.0,0.0,18753.89283,375.0778565,0.2617993877991494,0.01703708685546585,0.9829629131445341,0.017332380120999264,0.008445826712903504,0.5507541732870965,4.433234524286382,1.0049505563271606,0.7460117814254481,0.7500449594115235,1.0627495994115235,1.0308974727932567,1.183708964303552,1.1796757863174767,0.953182531334339,0.0014229347132714324,13179728.24409028,263594.56481152825,0.003480489518970266,0.0034719061953207226,552.5451173638336,549.8231867080565,10362371.914781107,207247.43824036763,26.612556046358,0.5322511207852559,10311325.118971972,206226.5023244571,26.481458096426305,0.529629161787321,"[0.878,1.302]",0.991,"[0.650,1.050]",0.8,0.002,0.0,275,0.551,0.12,-0.005397477470999945,9,1.134602522529,0.005,0.0,110,0.5525,0.1,0.17418352252900005,10,1.224183522529,0.5574350082044432,0.5601681730025713,0.9517379561428342,0.9539604300890941,0.5166096490576481,0.6095386417385985,0.95456243055867,0.9516886424532633
26,56,3.6,15.0,0.5745,18485.73623,369.7147245,Chen:1990kq,1.011590762,0.018176176,0.0089,3.6089,3.0255,3.0344,1.0,0.0,0.0,18485.73623,369.7147245,0.2617993877991494,0.01703708685546585,0.9829629131445341,0.017332380120999264,0.008445826712903504,0.5660541732870965,4.433234524286382,1.0049505563271606,0.7422581704494519,0.7462820686750589,1.0763323186750589,1.037464369834,1.2161737290795482,1.2121498308539411,0.9523849652351881,0.0015508925471546455,11919417.798425151,238388.35590402404,0.0034804895189702667,0.003471906195320724,572.0100297015739,569.1922115970815,10574026.52997776,211480.53054235422,27.156125641785927,0.5431225126888155,10521937.087753994,210438.74169816068,27.02234997613682,0.5404469993765569,"[0.878,1.302]",0.991,"[0.650,1.050]",0.8,0.002,0.0,283,0.5670000000000001,0.12,-0.005397477470999945,10,1.254602522529,0.005,0.0,113,0.5675,0.1,0.17418352252900005,10,1.224183522529,0.5732634596169106,0.5751681730025713,0.9504815724922504,0.9532893580873046,0.5572815869439202,0.6095386417385985,0.9517496543859314,0.9516886424532633
26,56,3.6,15.0,0.5898,18256.49152,365.1298304,Chen:1990kq,1.024293193,0.018568738,0.0089,3.6089,3.0102,3.0191000000000003,1.0,0.0,0.0,18256.49152,365.1298304,0.2617993877991494,0.01703708685546585,0.9829629131445341,0.017332380120999264,0.008445826712903504,0.5813541732870965,4.433234524286382,1.0049505563271606,0.7385045594734557,0.7425191779385942,1.0903832179385942,1.0442141628701433,1.2486384938555442,1.2446238753904058,0.9515608779983594,0.0016737174497898557,10907750.004214989,218155.0000842998,0.003480489518970266,0.0034719061953207226,592.4939362258542,589.5752109350228,10816860.522358729,216337.21044717456,27.779769850403962,0.5555953970080793,10763574.838837456,215271.49677674912,27.64292200795627,0.5528584401591254,"[0.878,1.302]",0.991,"[0.650,1.050]",0.8,0.002,0.0,290,0.581,0.12,-0.005397477470999945,10,1.254602522529,0.005,0.0,116,0.5825,0.1,0.17418352252900005,10,1.224183522529,0.5871094585275642,0.5901681730025713,0.9492966502134684,0.9526015349406252,0.5572815869439202,0.6095386417385985,0.9517496543859314,0.9516886424532633
26,56,3.6,15.0,0.6052,18068.91946,361.3783891,Chen:1990kq,1.007254476,0.018761498,0.0089,3.6089,2.9948,3.0037000000000003,1.0,0.0,0.0,18068.91946,361.3783891,0.2617993877991494,0.01703708685546585,0.9829629131445341,0.017332380120999264,0.008445826712903504,0.5967541732870965,4.433234524286382,1.0049505563271606,0.7347264150923876,0.7387316931450285,1.1049987331450284,1.051189199499799,1.2813154466366121,1.2773101685839712,0.9507043356617463,0.0017922112492759035,10081913.874438787,201638.2774329787,0.0034804895189702667,0.003471906195320724,614.1860332661518,611.1604490382551,11097677.968542978,221953.55930944093,28.50096284432782,0.5700192567288216,11043008.930809667,220860.1785550773,28.360562283274522,0.5672112455085327,"[0.878,1.302]",0.991,"[0.650,1.050]",0.8,0.002,0.0,298,0.597,0.12,-0.005397477470999945,10,1.254602522529,0.005,0.0,119,0.5975,0.1,0.17418352252900005,11,1.3241835225290002,0.6029290084641374,0.6051681730025713,0.9478339884803414,0.9518970351814017,0.5572815869439202,0.6628280361898936,0.9517496543859314,0.9490350853333848
26,56,3.6,15.0,0.6205,17923.51716,358.4703432,Chen:1990kq,1.015425702,0.019639003,0.0089,3.6089,2.9795,2.9884,1.0,0.0,0.0,17923.51716,358.4703432,0.2617993877991494,0.01703708685546585,0.9829629131445341,0.017332380120999264,0.008445826712903504,0.6120541732870965,4.433234524286382,1.0049505563271606,0.7309728041163913,0.7349688024085638,1.1199890524085638,1.058295352162412,1.3137802114126091,1.3097842131204365,0.949826175392984,0.0019048945563454641,9409191.233338514,188183.8246667703,0.003480489518970266,0.0034719061953207226,636.851599700452,633.7143610606904,11414620.575604502,228292.41151209004,29.314932171357306,0.5862986434271461,11358390.22500972,227167.8045001944,29.170521859797706,0.5834104371959541,"[0.878,1.302]",0.991,"[0.650,1.050]",0.8,0.002,0.0,306,0.613,0.12,-0.005397477470999945,10,1.254602522529,0.005,0.0,122,0.6125,0.1,0.17418352252900005,11,1.3241835225290002,0.6187438170832991,0.6201681730025713,0.9462424752957479,0.9511759349802271,0.5572815869439202,0.6628280361898936,0.9517496543859314,0.9490350853333848
26,56,3.6,15.0,0.6358,17814.84141,356.2968281,Chen:1990kq,1.032846691,0.021105998,0.0089,3.6089,2.9642,2.9731,1.0,0.0,0.0,17814.84141,356.2968281,0.2617993877991494,0.01703708685546585,0.9829629131445341,0.017332380120999264,0.008445826712903504,0.6273541732870965,4.433234524286382,1.0049505563271606,0.727219193140395,0.7312059116720991,1.1354475516720992,1.0655738133381936,1.346244976188605,1.3422582576569009,0.9489206365424898,0.002012621920158466,8851558.870330365,177031.17735692087,0.0034804895189702676,0.0034719061953207247,660.6767514421498,657.4221460772715,11769851.550215889,235397.0309382501,30.227233360601737,0.6045446670423603,11711871.271788446,234237.4253700267,30.078328899159587,0.6015665778143531,"[0.878,1.302]",0.991,"[0.650,1.050]",0.8,0.002,0.0,313,0.627,0.12,-0.005397477470999945,11,1.374602522529,0.005,0.0,125,0.6275000000000001,0.1,0.17418352252900005,11,1.3241835225290002,0.6325778886126372,0.6351681730025713,0.9447317036479577,0.9504383121257769,0.5968763486071639,0.6628280361898936,0.9484080927431519,0.9490350853333848
26,56,3.6,15.0,0.6503,17736.7929,354.735858,Chen:1990kq,1.09377158,0.021142492,0.0089,3.6089,2.9497,2.9586,1.0,0.0,0.0,17736.7929,354.735858,0.2617993877991494,0.01703708685546585,0.9829629131445341,0.017332380120999264,0.008445826712903504,0.6418541732870965,4.433234524286382,1.0049505563271606,0.7236618494049738,0.727639773392443,1.150529863392443,1.0726275511063674,1.3770122369240263,1.3730343129365572,0.9480369163424046,0.002110212217084026,8405217.615747385,168104.35231494773,0.0034804895189702667,0.003471906195320724,684.3724926202898,681.0011580286076,12138573.168062858,242771.46336125716,31.174181105881882,0.6234836221176376,12078776.504613586,241575.5300922717,31.020611819765154,0.6204122363953031,"[0.878,1.302]",0.991,"[0.650,1.050]",0.8,0.002,0.0,320,0.641,0.12,-0.005397477470999945,11,1.374602522529,0.005,0.0,128,0.6425,0.1,0.17418352252900005,11,1.3241835225290002,0.6464083361831428,0.6501681730025712,0.9430976245826753,0.949684246004284,0.5968763486071639,0.6628280361898936,0.9484080927431519,0.9490350853333848
26,56,3.6,15.0,0.6647,17675.52817,353.5105635,Chen:1990kq,1.052302359,0.020310567,0.0089,3.6089,2.9353000000000002,2.9442000000000004,1.0,0.0,0.0,17675.52817,353.5105635,0.2617993877991494,0.01703708685546585,0.9829629131445341,0.017332380120999264,0.008445826712903504,0.6562541732870965,4.433234524286382,1.0049505563271606,0.7201290390746243,0.7240982291698881,1.165924319169888,1.079779754936111,1.4075673096543753,1.4035981195591116,0.9471344551905444,0.0022028635584318405,8023886.954933667,160477.73914406876,0.0034804895189702685,0.0034719061953207256,709.0253317926805,705.5325531476775,12532397.225345122,250647.94457780494,32.185596724141874,0.6437119346649287,12470660.518013798,249413.21043082917,32.02704503370999,0.640540900855394,"[0.878,1.302]",0.991,"[0.650,1.050]",0.8,0.002,0.0,328,0.657,0.12,-0.005397477470999945,11,1.374602522529,0.005,0.0,131,0.6575,0.1,0.17418352252900005,12,1.424183522529,0.6622101281286916,0.6651681730025713,0.9410604848035596,0.9489138175786667,0.5968763486071639,0.7161174306411887,0.9484080927431519,0.9461759135646328
26,56,3.6,15.0,0.6791,17621.52504,352.4305009,Chen:1990kq,1.089576524,0.020259313,0.0089,3.6089,2.9209,2.9298,1.0,0.0,0.0,17621.52504,352.4305009,0.2617993877991494,0.01703708685546585,0.9829629131445341,0.017332380120999264,0.008445826712903504,0.6706541732870965,4.433234524286382,1.0049505563271606,0.716596228744275,0.720556684947333,1.181733494947333,1.0870756620159119,1.4381223823847251,1.4341619261816672,0.946207001673722,0.0022913396571717366,7690490.139620214,153809.80283604687,0.0034804895189702667,0.003471906195320724,734.8408811974916,731.220930792007,12949016.988437263,258980.33984222938,33.25555608156417,0.6651111218200046,12885227.941723458,257704.5589075913,33.0917335904612,0.6618346719970157,"[0.878,1.302]",0.991,"[0.650,1.050]",0.8,0.002,0.0,335,0.671,0.12,-0.005397477470999945,11,1.374602522529,0.005,0.0,134,0.6725,0.1,0.17418352252900005,12,1.424183522529,0.6760328196534644,0.6801681730025713,0.9391104544948664,0.9481271093673157,0.5968763486071639,0.7161174306411887,0.9484080927431519,0.9461759135646328
26,56,3.6,15.0,0.6936,17564.72686,351.2945372,Chen:1990kq,1.076020148,0.019869367,0.0089,3.6089,2.9064,2.9153000000000002,1.0,0.0,0.0,17564.72686,351.2945372,0.2617993877991494,0.01703708685546585,0.9829629131445341,0.017332380120999264,0.008445826712903504,0.6851541732870965,4.433234524286382,1.0049505563271606,0.7130388850088537,0.7169905466676769,1.1980715066676768,1.0945645283251586,1.4688896431201464,1.4649379814613233,0.9452476079350094,0.002376292849416108,7391650.765736186,147833.0153147237,0.0034804895189702667,0.003471906195320724,762.0589562760828,758.3049250315509,13385357.418206075,267707.1483641215,34.376161888614064,0.6875232377722813,13319418.884771967,266388.3776954393,34.20681910386738,0.6841363820773476,"[0.878,1.302]",0.991,"[0.650,1.050]",0.8,0.002,0.0,342,0.685,0.12,-0.005397477470999945,12,1.494602522529,0.005,0.0,137,0.6875,0.1,0.17418352252900005,12,1.424183522529,0.6898518961529803,0.6951681730025713,0.9369830114898241,0.9473242054225527,0.6354752398811444,0.7161174306411887,0.9444000739748406,0.9461759135646328
26,56,3.6,15.0,0.708,17501.94236,350.0388472,Chen:1990kq,1.102734748,0.019883507,0.0089,3.6089,2.8920000000000003,2.9009000000000005,1.0,0.0,0.0,17501.94236,350.0388472,0.2617993877991494,0.01703708685546585,0.9829629131445341,0.017332380120999264,0.008445826712903504,0.6995541732870965,4.433234524286382,1.0049505563271606,0.7095060746785044,0.7134490024451221,1.214713002445122,1.1021401918291167,1.4994447158504958,1.4955017880838781,0.9442692614516337,0.0024566364901018553,7124351.702222883,142487.03404445766,0.0034804895189702667,0.003471906195320724,790.3540944589927,786.4606765804842,13832731.805211285,276654.6361042257,35.52510501146208,0.7105021002292417,13764589.429918237,275291.78859836474,35.35010233866364,0.7070020467732728,"[0.878,1.302]",0.991,"[0.650,1.050]",0.8,0.002,0.0,349,0.6990000000000001,0.12,-0.005397477470999945,12,1.494602522529,0.005,0.0,139,0.6975,0.1,0.17418352252900005,13,1.5241835225290001,0.7036673604620631,0.7051681730025713,0.9346542893042101,0.9467799806888335,0.6354752398811444,0.7694068250924838,0.9444000739748406,0.943114970347738
26,56,3.6,15.0,0.7224,17425.96866,348.5193732,Chen:1990kq,1.11328101,0.019683267,0.0089,3.6089,2.8776,2.8865000000000003,1.0,0.0,0.0,17425.96866,348.5193732,0.2617993877991494,0.01703708685546585,0.9829629131445341,0.017332380120999264,0.008445826712903504,0.7139541732870965,4.433234524286382,1.0049505563271606,0.7059732643481549,0.7099074582225671,1.231769218222567,1.109850989197454,1.5299997885808454,1.5260655947064332,0.9432651885602951,0.002533058813049057,6879417.315630451,137588.34631260904,0.003480489518970267,0.0034719061953207243,819.9613612891998,815.9220930091831,14288620.984236531,285772.41968473064,36.695915751272686,0.7339183150254538,14218232.821779627,284364.6564355926,36.51514546684461,0.7303029093368925,"[0.878,1.302]",0.991,"[0.650,1.050]",0.8,0.002,0.0,356,0.713,0.12,-0.005397477470999945,12,1.494602522529,0.005,0.0,142,0.7125,0.1,0.17418352252900005,13,1.5241835225290001,0.7174792154118279,0.7201681730025713,0.9320958888314713,0.945950274734821,0.6354752398811444,0.7694068250924838,0.9444000739748406,0.943114970347738
26,56,3.6,15.0,0.7368,17333.32806,346.6665612,Chen:1990kq,1.073077249,0.019153852,0.0089,3.6089,2.8632,2.8721,1.0,0.0,0.0,17333.32806,346.6665612,0.2617993877991494,0.01703708685546585,0.9829629131445341,0.017332380120999264,0.008445826712903504,0.7283541732870965,4.433234524286382,1.0049505563271606,0.7024404540178055,0.706365914000012,1.2492401540000122,1.1176941236313325,1.5605548613111948,1.5566294013289883,0.9422351432898974,0.0026056510979533976,6652206.073796458,133044.12147592913,0.0034804895189702663,0.0034719061953207234,850.9343698688358,846.7425233125748,14749524.59046591,294990.4918093182,37.87960450068455,0.757592090013691,14676865.938929057,293537.3187785811,37.69300316537452,0.7538600633074903,"[0.878,1.302]",0.991,"[0.650,1.050]",0.8,0.002,0.0,364,0.729,0.12,-0.005397477470999945,13,1.614602522529,0.005,0.0,145,0.7275,0.1,0.17418352252900005,13,1.5241835225290001,0.7332597765004252,0.7351681730025713,0.9288467597447057,0.9451046045189209,0.6731498254958411,0.7694068250924838,0.9395311361171468,0.943114970347738
26,56,3.6,15.0,0.7513,17221.99082,344.4398163,Chen:1990kq,1.10324063,0.019568005,0.0089,3.6089,2.8487,2.8576,1.0,0.0,0.0,17221.99082,344.4398163,0.2617993877991494,0.01703708685546585,0.9829629131445341,0.017332380120999264,0.008445826712903504,0.7428541732870965,4.433234524286382,1.0049505563271606,0.6988831102823843,0.702799775720356,1.267251465720356,1.125722641559792,1.5913221220466156,1.5874054566086437,0.9411714513715016,0.00267497249869016,6438193.599535323,128763.8719533229,0.0034804895189702663,0.0034719061953207234,883.5588592988718,879.2062989925149,15216642.56377484,304332.851187141,39.079252935152816,0.7815850584761416,15141682.810135266,302833.6561147847,38.88674192885426,0.7777348383512883,"[0.878,1.302]",0.991,"[0.650,1.050]",0.8,0.002,0.0,371,0.743,0.12,-0.005397477470999945,13,1.614602522529,0.005,0.0,148,0.7425,0.1,0.17418352252900005,14,1.6241835225290002,0.7470639066249092,0.7501681730025713,0.9256722559091282,0.9442430595285285,0.6731498254958411,0.8226962195437789,0.9395311361171468,0.9398563311166426
26,56,3.6,15.0,0.7657,17091.62007,341.8324015,Chen:1990kq,1.094103421,0.019775773,0.0089,3.6089,2.8343,2.8432,1.0,0.0,0.0,17091.62007,341.8324015,0.2617993877991494,0.01703708685546585,0.9829629131445341,0.017332380120999264,0.008445826712903504,0.7572541732870965,4.433234524286382,1.0049505563271606,0.6953502999520347,0.6992582314978009,1.285554721497801,1.1338230556386657,1.6218771947769652,1.617969263231199,0.9400885352834875,0.002740163317349531,6237445.76163882,124748.91526927057,0.003480489518970268,0.003471906195320725,917.4429791714217,912.9234999624689,15680586.835886864,313611.7368094816,40.27075069700754,0.8054150141757679,15603341.614333179,312066.8323779559,40.07237017131164,0.8014474036606889,"[0.878,1.302]",0.991,"[0.650,1.050]",0.8,0.002,0.0,378,0.757,0.12,-0.005397477470999945,13,1.614602522529,0.005,0.0,151,0.7575000000000001,0.1,0.17418352252900005,14,1.6241835225290002,0.7608644362638017,0.7651681730025713,0.9221344222390006,0.9433657306803954,0.6731498254958411,0.8226962195437789,0.9395311361171468,0.9398563311166426
26,56,3.6,15.0,0.7801,16943.66659,338.8733317,Chen:1990kq,1.091853402,0.020125514,0.0089,3.6089,2.8199,2.8288,1.0,0.0,0.0,16943.66659,338.8733317,0.2617993877991494,0.01703708685546585,0.9829629131445341,0.017332380120999264,0.008445826712903504,0.7716541732870965,4.433234524286382,1.0049505563271606,0.6918174896216854,0.6957166872752459,1.304272697275246,1.1420475897593962,1.6524322675073146,1.648533069853754,0.9389789020312509,0.0028018120253785967,6047395.912547158,120947.91821525198,0.0034804895189702667,0.003471906195320724,952.8667320805941,948.1727494764324,16145056.213076444,322901.1241662422,41.4635970292882,0.8292719403410496,16065522.936852269,321310.45864222804,41.25934034090905,0.8251868065746718,"[0.878,1.302]",0.991,"[0.650,1.050]",0.8,0.002,0.0,385,0.771,0.12,-0.005397477470999945,13,1.614602522529,0.005,0.0,154,0.7725,0.1,0.17418352252900005,14,1.6241835225290002,0.7746613682329482,0.7801681730025712,0.9181692104933327,0.9424727102974182,0.6731498254958411,0.8226962195437789,0.9395311361171468,0.9398563311166426
26,56,3.6,15.0,0.7946,16778.87929,335.5775858,Chen:1990kq,1.102576619,0.021157551,0.0089,3.6089,2.8054,2.8143000000000002,1.0,0.0,0.0,16778.87929,335.5775858,0.2617993877991494,0.01703708685546585,0.9829629131445341,0.017332380120999264,0.008445826712903504,0.7861541732870965,4.433234524286382,1.0049505563271606,0.6882601458862643,0.6921505489955899,1.32353970899559,1.1504519585778408,1.6831995282427357,1.67930912513341,0.9378343143921972,0.0028604097543744973,5865900.598450846,117318.01196901691,0.003480489518970266,0.0034719061953207226,990.155261375078,985.2775891719931,16613695.608970834,332273.9121794167,42.66715276839277,0.8533430553678554,16531853.735859085,330637.0747171817,42.456967160981925,0.8491393432196385,"[0.878,1.302]",0.991,"[0.650,1.050]",0.8,0.002,0.0,393,0.787,0.12,-0.005397477470999945,14,1.734602522529,0.005,0.0,157,0.7875,0.1,0.17418352252900005,15,1.724183522529,0.7904248887807768,0.7951681730025713,0.9130105201362311,0.9415640920851686,0.709963488653555,0.8759856139950739,0.9335185154666641,0.9364042904170176
26,56,3.605,16.02,0.06,0.208986625,0.004179732,Day:1993md,18.56578143,1.555123444,0.0089,3.6139,3.545,3.5539,1.0,0.0,0.0,0.208986625,0.004179732,0.27960174616949157,0.01941728910557404,0.980582710894426,0.019801786111303964,0.009649327096476146,0.05035067290352385,4.433234524286382,1.004943681625728,0.9925904600589287,0.9975390890017419,1.001139089001742,1.0005693824027106,0.00035852247007128746,-0.004590106472741939,0.9617728966345743,-0.004508229637827203,-46.356694709261454,-0.9271337832769481,0.00266560242097658,0.0026590378061431058,365.2143854843936,363.4177637632142,76.32492182383241,1.5264982538694554,0.00019601701970118295,3.920339925053408e-06,75.94945191392145,1.518988856569547,0.00019505274104921012,3.901054354320986e-06,"[0.878,1.302]",0.991,"[0.650,1.050]",0.8,0.002,0.0,25,0.051000000000000004,0.12,-0.005397477470999945,0,0.05460252252900005,0.005,0.0,10,0.0525,0.1,0.17418352252900005,-2,0.024183522529000023,0.06037851523331028,0.06016817300257129,0.9617686093645089,0.9617393275149003,0.079903567462147,-0.02993409167694262,0.9616653988879195,0.961864079636391
26,56,3.605,16.02,0.075,0.532890264,0.010657805,Day:1993md,13.98036425,0.84820465,0.0089,3.6139,3.53,3.5389,1.0,0.0,0.0,0.532890264,0.010657805,0.27960174616949157,0.01941728910557404,0.980582710894426,0.019801786111303964,0.009649327096476146,0.06535067290352385,4.433234524286382,1.004943681625728,0.9883905004253931,0.9933287605358238,0.9989537605358237,0.999476743369161,0.032706672103607004,0.027768411993176367,0.9616976609229531,-0.004334852367755619,-122.93158308316399,-2.458631597070538,0.0026656024209765795,0.0026590378061431058,366.68205925007123,364.878217510536,195.4012993578341,3.9080258844857054,0.0005018279669420054,1.0036559075161373e-05,194.44004965703894,3.8888008909748777,0.0004993592935777087,9.987185609172569e-06,"[0.878,1.302]",0.991,"[0.650,1.050]",0.8,0.002,0.0,32,0.065,0.12,-0.005397477470999945,0,0.05460252252900005,0.005,0.0,13,0.0675,0.1,0.17418352252900005,-2,0.024183522529000023,0.07436045752419318,0.0751681730025713,0.9616976802987146,0.9616463831941925,0.079903567462147,-0.02993409167694262,0.9616653988879195,0.961864079636391
26,56,3.605,16.02,0.09,1.128431519,0.02256863,Day:1993md,14.71068445,0.580451706,0.0089,3.6139,3.515,3.5239000000000003,1.0,0.0,0.0,1.128431519,0.02256863,0.27960174616949157,0.01941728910557404,0.980582710894426,0.019801786111303964,0.009649327096476146,0.08035067290352385,4.433234524286382,1.004943681625728,0.9841905407918575,0.9891184320699059,0.9972184320699059,0.9986082475475084,0.06505482173714261,0.06012693045909423,0.9616051356822803,-0.004160280624912019,-271.2392794473723,-5.424785497607454,0.0026656024209765795,0.0026590378061431058,368.49120641183896,366.6784648227446,415.81709178945397,8.316341695762421,0.001067897943760899,2.13579585156027e-05,413.7715370445178,8.27543060155254,0.0010626445673386673,2.125289098892714e-05,"[0.878,1.302]",0.991,"[0.650,1.050]",0.8,0.002,0.0,40,0.081,0.12,-0.005397477470999945,0,0.05460252252900005,0.005,0.0,16,0.0825,0.1,0.17418352252900005,-2,0.024183522529000023,0.09033523903332963,0.0901681730025713,0.9615981827544585,0.9615328602877354,0.079903567462147,-0.02993409167694262,0.9616653988879195,0.961864079636391
26,56,3.605,16.02,0.105,2.243658189,0.044873164,Day:1993md,13.14817032,0.380182687,0.0089,3.6139,3.5,3.5089,1.0,0.0,0.0,2.243658189,0.044873164,0.27960174616949157,0.01941728910557404,0.980582710894426,0.019801786111303964,0.009649327096476146,0.09535067290352385,4.433234524286382,1.004943681625728,0.9799905811583217,0.9849081036039877,0.9959331036039877,0.9979644801314261,0.09740297137067844,0.09248544892501243,0.9614951090694427,-0.003984736257850077,-563.0631599719833,-11.261263254650347,0.00266560242097658,0.0026590378061431058,370.64858273081063,368.8252282269203,831.6087278852273,16.632174639247232,0.002135730512424248,4.27146104579022e-05,827.5177436211236,16.55035495356402,0.0021252240811835466,4.250448183205797e-05,"[0.878,1.302]",0.991,"[0.650,1.050]",0.8,0.002,0.0,47,0.095,0.12,-0.005397477470999945,0,0.05460252252900005,0.005,0.0,19,0.0975,0.1,0.17418352252900005,-1,0.12418352252900004,0.1043091677525041,0.1051681730025713,0.9614947756883201,0.961398773376445,0.079903567462147,0.023355302774352462,0.9616653988879195,0.9618801366868878
26,56,3.605,16.02,0.12,4.295094872,0.085901897,Day:1993md,10.43050301,0.251449626,0.0089,3.6139,3.485,3.4939,1.0,0.0,0.0,4.295094872,0.085901897,0.27960174616949157,0.01941728910557404,0.980582710894426,0.019801786111303964,0.009649327096476146,0.11035067290352385,4.433234524286382,1.004943681625728,0.975790621524786,0.9806977751380698,0.9950977751380697,0.9975458762072398,0.12975112100421393,0.12484396739093018,0.9613673675287755,-0.0038084451010053136,-1127.7817476917878,-22.555634838303042,0.0026656024209765804,0.002659037806143106,373.1615227854081,371.32580622003945,1602.7641429433177,32.055282694675284,0.004116205337344621,8.23241063252183e-05,1594.8795661369572,31.89759115935579,0.004095956233771936,8.191912425583898e-05,"[0.878,1.302]",0.991,"[0.650,1.050]",0.8,0.002,0.0,55,0.111,0.12,-0.005397477470999945,1,0.17460252252900005,0.005,0.0,22,0.1125,0.1,0.17418352252900005,-1,0.12418352252900004,0.12027479876396541,0.1201681730025713,0.9613576032435511,0.9612441396758312,0.13721922336983916,0.023355302774352462,0.9611893640719587,0.9618801366868878
26,56,3.605,16.02,0.135,7.977149528,0.159542991,Day:1993md,9.013244611,0.172994125,0.0089,3.6139,3.4699999999999998,3.4789,1.0,0.0,0.0,7.977149528,0.159542991,0.27960174616949157,0.01941728910557404,0.980582710894426,0.019801786111303964,0.009649327096476146,0.12535067290352386,4.433234524286382,1.004943681625728,0.9715906618912504,0.9764874466721516,0.9947124466721516,0.9973527192884931,0.16209927063774976,0.1572024858568486,0.9612216957936097,-0.003631635978790066,-2196.5718961341786,-43.93143804384109,0.002665602420976579,0.0026590378061431053,376.0379616959998,374.188094886742,2999.711048653327,59.99422113852324,0.007703832584052965,0.0001540766521059838,2984.9543845089934,59.69908785482263,0.007665934643810327,0.0001533186932990407,"[0.878,1.302]",0.991,"[0.650,1.050]",0.8,0.002,0.0,62,0.125,0.12,-0.005397477470999945,1,0.17460252252900005,0.005,0.0,25,0.1275,0.1,0.17418352252900005,-1,0.12418352252900004,0.13424072767428186,0.1351681730025713,0.9612206516783136,0.9610689790304766,0.13721922336983916,0.023355302774352462,0.9611893640719587,0.9618801366868878
26,56,3.605,16.02,0.15,14.43199342,0.288639868,Day:1993md,7.344792708,0.112250606,0.0089,3.6139,3.455,3.4639,1.0,0.0,0.0,14.43199342,0.288639868,0.27960174616949157,0.01941728910557404,0.980582710894426,0.019801786111303964,0.009649327096476146,0.14035067290352385,4.433234524286382,1.004943681625728,0.9673907022577148,0.9722771182062337,0.9947771182062337,0.9973851403576423,0.19444742027128514,0.18956100432276624,0.9610578768883087,-0.0034545396830309052,-4177.6892854615635,-83.55378559344162,0.0026656024209765795,0.0026590378061431058,379.2864575223873,377.42061018663657,5473.859659258203,109.47719303344948,0.014057920152828661,0.0002811584026669411,5446.931762785924,108.93863510475025,0.013988764156501523,0.00027977528274231514,"[0.878,1.302]",0.991,"[0.650,1.050]",0.8,0.002,0.0,70,0.14100000000000001,0.12,-0.005397477470999945,1,0.17460252252900005,0.005,0.0,28,0.14250000000000002,0.1,0.17418352252900005,0,0.22418352252900003,0.15019722389453705,0.15016817300257132,0.9610443671586127,0.9608733139076738,0.13721922336983916,0.0766446972256476,0.9611893640719587,0.9616361214847874
26,56,3.605,16.02,0.165,25.51224788,0.510244958,Day:1993md,5.918725809,0.076041908,0.0089,3.6139,3.44,3.4489,1.0,0.0,0.0,25.51224788,0.510244958,0.27960174616949157,0.01941728910557404,0.980582710894426,0.019801786111303964,0.009649327096476146,0.15535067290352386,4.433234524286382,1.004943681625728,0.963190742624179,0.9680667897403156,0.9952917897403156,0.9976431174224155,0.22679556990482097,0.22191952278868443,0.9608756921308118,-0.0032773879333010325,-7784.323491514077,-155.68646995233,0.0026656024209765804,0.002659037806143106,382.91621435432717,381.03251093123146,9769.053377878809,195.38106771074268,0.025088800390171532,0.0005017760081967916,9720.995869216387,194.41991753674074,0.02496537950224695,0.0004993075904363648,"[0.878,1.302]",0.991,"[0.650,1.050]",0.8,0.002,0.0,77,0.155,0.12,-0.005397477470999945,1,0.17460252252900005,0.005,0.0,31,0.1575,0.1,0.17418352252900005,0,0.22418352252900003,0.16415516671949604,0.1651681730025713,0.9608724141298548,0.9606571693902299,0.13721922336983916,0.0766446972256476,0.9611893640719587,0.9616361214847874
26,56,3.605,16.02,0.18,44.17944995,0.883588999,Day:1993md,4.73070625,0.054776599,0.0089,3.6139,3.425,3.4339,1.0,0.0,0.0,44.17944995,0.883588999,0.27960174616949157,0.01941728910557404,0.980582710894426,0.019801786111303964,0.009649327096476146,0.17035067290352385,4.433234524286382,1.004943681625728,0.9589907829906434,0.9638564612743975,0.9962564612743975,0.998126475590342,0.2591437195383566,0.2542780412546025,0.9606749211356954,-0.0031004123299628508,-14249.540141175145,-284.9908028235029,0.002665602420976579,0.0026590378061431053,386.9371061159173,385.03362247121885,17094.668513446006,341.89337026892014,0.04390238332008403,0.0008780476664016807,17010.573653034407,340.21147306068815,0.04368641160971509,0.0008737282321943019,"[0.878,1.302]",0.991,"[0.650,1.050]",0.8,0.002,0.0,85,0.171,0.12,-0.005397477470999945,2,0.29460252252900004,0.005,0.0,34,0.17250000000000001,0.1,0.17418352252900005,0,0.22418352252900003,0.18010254381012203,0.18016817300257132,0.9606551126774228,0.9604205731684385,0.19163120944830536,0.0766446972256476,0.9604837986733674,0.9616361214847874
26,56,3.605,16.02,0.195,75.0822606,1.501645212,Day:1993md,3.822474147,0.038224741,0.0089,3.6139,3.41,3.4189000000000003,1.0,0.0,0.0,75.0822606,1.501645212,0.27960174616949157,0.01941728910557404,0.980582710894426,0.019801786111303964,0.009649327096476146,0.18535067290352386,4.433234524286382,1.004943681625728,0.9547908233571079,0.9596461328084795,0.9976711328084795,0.9988348876608584,0.2914918691718922,0.2866365597205205,0.9604553418177668,-0.0029238433098409803,-25679.303794184343,-513.5860758836868,0.0026656024209765795,0.0026590378061431058,391.35970110534464,389.43446111550264,29384.171066729592,587.6834213345918,0.07546417999856465,0.0015092835999712929,29239.619696094735,584.7923939218947,0.07509294438916612,0.0015018588877833223,"[0.878,1.302]",0.991,"[0.650,1.050]",0.8,0.002,0.0,92,0.185,0.12,-0.005397477470999945,2,0.29460252252900004,0.005,0.0,37,0.1875,0.1,0.17418352252900005,1,0.32418352252900007,0.1940525142340377,0.1951681730025713,0.960446270127691,0.9601635555312248,0.19163120944830536,0.12993409167694267,0.9604837986733674,0.9611324296794634
26,56,3.9,15.0,0.088,0.760277693,0.015205554,Chen:1990kq,9.32553995,2.946291889,0.0089,3.9089,3.812,3.8209,1.0,0.0,0.0,0.760277693,0.015205554,0.2617993877991494,0.01703708685546585,0.9829629131445341,0.017332380120999264,0.009910178580860851,0.07808982141913914,4.433234524286382,1.0045693103221567,1.0131478514513588,1.0178307339742831,1.0255747339742831,1.0127066376667446,0.032344419077641184,0.027661536554716815,0.966250324155475,-0.004792255136535464,-158.64716534054128,-3.172943336024629,0.002965624205513127,0.0029588719080818632,332.305053813044,330.79355540582526,252.64411968522197,5.052882440227147,0.0006488384947190708,1.2976770013860641e-05,251.49496116320853,5.029899269575267,0.0006458872355069198,1.2917744829074164e-05,"[0.878,1.302]",0.991,"[0.650,1.050]",0.8,0.002,0.0,39,0.079,0.12,-0.005397477470999945,0,0.05460252252900005,0.005,0.0,15,0.0775,0.1,0.17418352252900005,-2,0.024183522529000023,0.08833865843306654,0.08516817300257129,0.9662373328280883,0.9662031170236467,0.079903567462147,-0.02993409167694262,0.9662847845474734,0.966460358916763
26,56,3.9,15.0,0.1066,1.796164092,0.035923282,Chen:1990kq,10.18837872,1.959731862,0.0089,3.9089,3.7934,3.8023000000000002,1.0,0.0,0.0,1.796164092,0.035923282,0.2617993877991494,0.01703708685546585,0.9829629131445341,0.017332380120999264,0.009910178580860851,0.09668982141913915,4.433234524286382,1.0045693103221567,1.0082043703293768,1.012875971574869,1.024239531574869,1.0120471982940662,0.07219165579962317,0.06752005455413101,0.966133478046137,-0.0045524837397643205,-394.54596538393923,-7.890919342824436,0.002965624205513127,0.0029588719080818632,334.6504787292811,333.1283120942263,601.0871732641444,12.021743518826966,0.0015437070024886146,3.087414018728374e-05,598.3531122122187,11.967062297544903,0.0015366854099828724,3.073370833654342e-05,"[0.878,1.302]",0.991,"[0.650,1.050]",0.8,0.002,0.0,48,0.097,0.12,-0.005397477470999945,0,0.05460252252900005,0.005,0.0,19,0.0975,0.1,0.17418352252900005,-2,0.024183522529000023,0.1063051383197191,0.1051681730025713,0.9661198294401133,0.9660491535873079,0.079903567462147,-0.02993409167694262,0.9662847845474734,0.966460358916763
26,56,3.9,15.0,0.1251,3.987059059,0.079741181,Chen:1990kq,8.552669899,1.186338083,0.0089,3.9089,3.7748999999999997,3.7838,1.0,0.0,0.0,3.987059059,0.079741181,0.2617993877991494,0.01703708685546585,0.9829629131445341,0.017332380120999264,0.009910178580860851,0.11518982141913914,4.433234524286382,1.0045693103221567,1.0032874670628893,1.0079478476829784,1.0235978576829785,1.0117301308565336,0.1118246600661108,0.10716427944602169,0.9659941221078374,-0.004312700606455946,-924.4924289507893,-18.489848537278597,0.002965624205513127,0.0029588719080818632,337.4588990047757,335.9239581951349,1345.468560317157,26.909371145600534,0.00345542099477997,6.910841973960076e-05,1339.3486606570498,26.786973152674683,0.003439703920152454,6.879407824776e-05,"[0.878,1.302]",0.991,"[0.650,1.050]",0.8,0.002,0.0,57,0.115,0.12,-0.005397477470999945,0,0.05460252252900005,0.005,0.0,23,0.11750000000000001,0.1,0.17418352252900005,-1,0.12418352252900004,0.1242654448049052,0.1251681730025713,0.9659796233633835,0.9658628996804631,0.079903567462147,0.023355302774352462,0.9662847845474734,0.9664745481659921
26,56,3.9,15.0,0.1437,8.495800526,0.169916011,Chen:1990kq,6.0029658,0.663857394,0.0089,3.9089,3.7563,3.7652,1.0,0.0,0.0,8.495800526,0.169916011,0.2617993877991494,0.01703708685546585,0.9829629131445341,0.017332380120999264,0.009910178580860851,0.13378982141913914,4.433234524286382,1.0045693103221567,0.9983439859409073,1.0029930852835642,1.0236427752835642,1.011752329023049,0.15167189678809256,0.14702279744543567,0.9658304255737125,-0.004070782432589682,-2087.0190600177284,-41.74038131826802,0.002965624205513128,0.002958871908081864,340.77336612426046,339.2233493724563,2895.1425431652824,57.90285102687687,0.0074352806312886575,0.00014870561304585538,2881.973910029996,57.63947836342713,0.007401461058873307,0.0001480292215956376,"[0.878,1.302]",0.991,"[0.650,1.050]",0.8,0.002,0.0,66,0.133,0.12,-0.005397477470999945,1,0.17460252252900005,0.005,0.0,26,0.1325,0.1,0.17418352252900005,-1,0.12418352252900004,0.14221958424791836,0.1401681730025713,0.9658161821481157,0.9657020408708209,0.13721922336983916,0.023355302774352462,0.9658640765528613,0.9664745481659921
26,56,3.9,15.0,0.1623,17.41469353,0.348293871,Chen:1990kq,5.081915443,0.41057283,0.0089,3.9089,3.7377,3.7466,1.0,0.0,0.0,17.41469353,0.348293871,0.2617993877991494,0.01703708685546585,0.9829629131445341,0.017332380120999264,0.009910178580860851,0.15238982141913915,4.433234524286382,1.0045693103221567,0.9934005048189254,0.9980383228841501,1.02437961288415,1.012116402833266,0.19151913351007477,0.1868813154448501,0.9656427500956847,-0.0038284972390085353,-4548.702125878998,-90.9740426220596,0.002965624205513127,0.0029588719080818632,344.59398343956,343.0265885079166,6000.998613881833,120.01997241547424,0.01541171396466139,0.00030823427964722113,5973.702911506788,119.47405836734637,0.01534161337232071,0.00030683226779879734,"[0.878,1.302]",0.991,"[0.650,1.050]",0.8,0.002,0.0,76,0.153,0.12,-0.005397477470999945,1,0.17460252252900005,0.005,0.0,30,0.1525,0.1,0.17418352252900005,0,0.22418352252900003,0.16216140284382163,0.1601681730025713,0.9656065571896475,0.9654593724554065,0.13721922336983916,0.0766446972256476,0.9658640765528613,0.9662589113390193
26,56,3.9,15.0,0.1808,34.39506471,0.687901294,Chen:1990kq,4.419238669,0.266026538,0.0089,3.9089,3.7192,3.7281,1.0,0.0,0.0,34.39506471,0.687901294,0.2617993877991494,0.01703708685546585,0.9829629131445341,0.017332380120999264,0.009910178580860851,0.17088982141913914,4.433234524286382,1.0045693103221567,0.988483601552438,0.9931101989922596,1.0257988389922597,1.0128172781860802,0.23115213777656207,0.22652554033674044,0.9654319693860242,-0.0035876216807017463,-9587.149307022877,-191.7429860847103,0.0029656242055131274,0.0029588719080818637,348.91126139236763,347.32422920671826,12000.82541363821,240.01650820298192,0.03082041848618118,0.0006164083695444094,11946.239338915946,238.92478670885407,0.030680230990032274,0.0006136046196222464,"[0.878,1.302]",0.991,"[0.650,1.050]",0.8,0.002,0.0,85,0.171,0.12,-0.005397477470999945,1,0.17460252252900005,0.005,0.0,34,0.17250000000000001,0.1,0.17418352252900005,0,0.22418352252900003,0.18010254381012203,0.18016817300257132,0.9653918583816886,0.9651845318494511,0.13721922336983916,0.0766446972256476,0.9658640765528613,0.9662589113390193
26,56,3.9,15.0,0.1994,66.20714284,1.324142857,Chen:1990kq,3.051030317,0.15859316,0.0089,3.9089,3.7006,3.7095000000000002,1.0,0.0,0.0,66.20714284,1.324142857,0.2617993877991494,0.01703708685546585,0.9829629131445341,0.017332380120999264,0.009910178580860851,0.18948982141913914,4.433234524286382,1.0045693103221567,0.983540120430456,0.9881554365928455,1.0279157965928456,1.0138618232248642,0.27099937449854405,0.26638405833615453,0.9651954716957826,-0.0033460229130802582,-19786.81693457129,-395.73633875119816,0.0029656242055131274,0.0029588719080818637,353.7884217245962,352.1792056449936,23423.3205722585,468.4664115159277,0.06015557409514262,0.0012031114820845717,23316.778973415825,466.33557953875237,0.05988195486068676,0.001197639097394628,"[0.878,1.302]",0.991,"[0.650,1.050]",0.8,0.002,0.0,94,0.189,0.12,-0.005397477470999945,2,0.29460252252900004,0.005,0.0,37,0.1875,0.1,0.17418352252900005,0,0.22418352252900003,0.1980375374490677,0.1951681730025713,0.965151599439994,0.9649573212678897,0.19163120944830536,0.0766446972256476,0.9652404226721732,0.9662589113390193
26,56,3.9,15.0,0.2179,162.8966578,3.257933155,Chen:1990kq,2.136323758,0.084716287,0.0089,3.9089,3.6820999999999997,3.691,1.0,0.0,0.0,162.8966578,3.257933155,0.2617993877991494,0.01703708685546585,0.9829629131445341,0.017332380120999264,0.009910178580860851,0.20798982141913916,4.433234524286382,1.0045693103221567,0.9786232171639686,0.983227312700955,1.030707722700955,1.0152377665852246,0.3106323787650316,0.3060282832280452,0.964935466453889,-0.003106761101865788,-52432.952666418816,-1048.6590530064975,0.0029656242055131265,0.002958871908081863,359.1908373527007,357.5570482414114,58510.986917138354,1170.2197379835761,0.15026742250381359,0.0030053484491538007,58244.848131359286,1164.8969622696286,0.1495839271215882,0.0029916785415134883,"[0.878,1.302]",0.991,"[0.650,1.050]",0.8,0.002,0.0,103,0.20700000000000002,0.12,-0.005397477470999945,2,0.29460252252900004,0.005,0.0,41,0.20750000000000002,0.1,0.17418352252900005,1,0.32418352252900007,0.21596639007525908,0.21516817300257132,0.9648847910044102,0.9646263156175644,0.19163120944830536,0.12993409167694267,0.9652404226721732,0.9658137559606444
26,56,3.9,15.0,0.2365,316.9205324,6.338410649,Chen:1990kq,1.451467964,0.050801379,0.0089,3.9089,3.6635,3.6724,1.0,0.0,0.0,316.9205324,6.338410649,0.2617993877991494,0.01703708685546585,0.9829629131445341,0.017332380120999264,0.009910178580860851,0.22658982141913914,4.433234524286382,1.0045693103221567,0.9736797360419867,0.9782725503015408,1.0342048003015407,1.0169586030421989,0.35047961548701334,0.3458868012274592,0.9646488039139504,-0.002867706702889523,-110513.57939801463,-2210.271588309003,0.002965624205513127,0.0029588719080818632,365.1963109255034,363.5352057573689,115738.20928902648,2314.7641861457255,0.29723789174328175,0.005944757835803527,115211.7709547689,2304.235419458913,0.2958858972587567,0.005917717946108761,"[0.878,1.302]",0.991,"[0.650,1.050]",0.8,0.002,0.0,113,0.227,0.12,-0.005397477470999945,2,0.29460252252900004,0.005,0.0,45,0.2275,0.1,0.17418352252900005,1,0.32418352252900007,0.23588014268216284,0.2351681730025713,0.964555826787877,0.9642633044761544,0.19163120944830536,0.12993409167694267,0.9652404226721732,0.9658137559606444
26,56,3.9,15.0,0.2551,540.3904148,10.8078083,Chen:1990kq,1.278705138,0.03719533,0.0089,3.9089,3.6449,3.6538,1.0,0.0,0.0,540.3904148,10.8078083,0.2617993877991494,0.01703708685546585,0.9829629131445341,0.017332380120999264,0.009910178580860851,0.24518982141913914,4.433234524286382,1.0045693103221567,0.9687362549200046,0.9733177879021265,1.0383937979021265,1.0190160930535526,0.39032685220899543,0.3857453192268735,0.9643364787356727,-0.00263060381421079,-205424.47778747827,-4108.489557270128,0.0029656242055131274,0.0029588719080818637,371.7981583525515,370.1070245051773,200916.16101401142,4018.3232217674204,0.5159911880770798,0.01031982376536099,200002.28849274653,4000.0457713353585,0.5136441883851756,0.010272883771505533,"[0.878,1.302]",0.991,"[0.650,1.050]",0.8,0.002,0.0,122,0.245,0.12,-0.005397477470999945,3,0.41460252252900004,0.005,0.0,49,0.2475,0.1,0.17418352252900005,2,0.42418352252900005,0.2537960516363782,0.2551681730025713,0.964229098251769,0.9638683603491481,0.24354065812424086,0.18322348612823774,0.9644197785715147,0.965139716226757
26,56,3.9,15.0,0.2736,866.6148498,17.332297,Chen:1990kq,1.200071751,0.02896327,0.0089,3.9089,3.6264,3.6353,1.0,0.0,0.0,866.6148498,17.332297,0.2617993877991494,0.01703708685546585,0.9829629131445341,0.017332380120999264,0.009910178580860851,0.26368982141913916,4.433234524286382,1.0045693103221567,0.9638193516535172,0.9683896640102362,1.0432466240102363,1.0213944507438035,0.42995985647548296,0.42538954411876395,0.964000033843078,-0.00239714044122227,-361520.2659374119,-7230.405320416894,0.0029656242055131265,0.002958871908081863,378.9784566677164,377.25466304179776,328428.35830252885,6568.567167566491,0.8434669363750612,0.01686933873139438,326934.49314831715,6538.689864475362,0.8396304045009783,0.016792608093895014,"[0.878,1.302]",0.991,"[0.650,1.050]",0.8,0.002,0.0,131,0.263,0.12,-0.005397477470999945,3,0.41460252252900004,0.005,0.0,52,0.2625,0.1,0.17418352252900005,2,0.42418352252900005,0.2717058391543361,0.2701681730025713,0.9638718211645226,0.9635512433942816,0.24354065812424086,0.18322348612823774,0.9644197785715147,0.965139716226757
26,56,3.9,15.0,0.2922,1337.922113,26.75844226,Chen:1990kq,1.061347284,0.022871287,0.0089,3.9089,3.6078,3.6167000000000002,1.0,0.0,0.0,1337.922113,26.75844226,0.2617993877991494,0.01703708685546585,0.9829629131445341,0.017332380120999264,0.009910178580860851,0.28228982141913916,4.433234524286382,1.0045693103221567,0.9588758705315353,0.963434901610822,1.048815741610822,1.0241170546430822,0.4698070931974646,0.46524806211817793,0.9636354844262646,-0.0021652071149618067,-617918.7680267716,-12358.37536053543,0.002965624205513127,0.0029588719080818632,386.83896818550824,385.07942081313666,517560.409705495,10351.208194109899,1.3291942736601197,0.02658388547320239,515206.272367128,10304.12544734256,1.3231483980272685,0.02646296796054537,"[0.878,1.302]",0.991,"[0.650,1.050]",0.8,0.002,0.0,141,0.28300000000000003,0.12,-0.005397477470999945,3,0.41460252252900004,0.005,0.0,56,0.28250000000000003,0.1,0.17418352252900005,2,0.42418352252900005,0.29159843122700835,0.2901681730025713,0.9634370241875146,0.9631006098908987,0.24354065812424086,0.18322348612823774,0.9644197785715147,0.965139716226757
26,56,3.9,15.0,0.311,1992.372204,39.84744408,Chen:1990kq,1.023905069,0.036338592,0.0089,3.9089,3.589,3.5979,1.0,0.0,0.0,1992.372204,39.84744408,0.2617993877991494,0.01703708685546585,0.9829629131445341,0.017332380120999264,0.009910178580860851,0.30108982141913915,4.433234524286382,1.0045693103221567,0.9538792336985642,0.9584268621963604,1.0551478621963604,1.0272039048778778,0.5100827948304358,0.5055351663326396,0.9632398733748253,-0.0019340289134416747,-1030166.7106178373,-20603.33421235675,0.002965624205513127,0.0029588719080818632,395.4639796789043,393.66520121153457,787911.4407954698,15758.228815909397,2.0235075087226355,0.04047015017445272,784327.6045759286,15686.552091518573,2.014303530807361,0.040286070616147224,"[0.878,1.302]",0.991,"[0.650,1.050]",0.8,0.002,0.0,150,0.301,0.12,-0.005397477470999945,4,0.5346025225290001,0.005,0.0,60,0.3025,0.1,0.17418352252900005,3,0.5241835225290001,0.3094953162913754,0.31016817300257127,0.9630096441884197,0.9626182750795184,0.29326405690450097,0.2365128805795329,0.9633987299562503,0.9642377507481433
26,56,3.9,15.0,0.3285,2772.516151,55.45032302,Chen:1990kq,0.977451474,0.029287476,0.0089,3.9089,3.5715,3.5804,1.0,0.0,0.0,2772.516151,55.45032302,0.2617993877991494,0.01703708685546585,0.9829629131445341,0.017332380120999264,0.009910178580860851,0.31858982141913916,4.433234524286382,1.0045693103221567,0.949228108987022,0.9537651233797072,1.0616773733797071,1.0303772966150346,0.547573474541978,0.5430364601492929,0.9628467760302725,-0.0017221114770792402,-1609951.6134125544,-32199.03226825109,0.0029656242055131265,0.002958871908081863,404.131979122358,402.2937740281518,1120462.4392523323,22409.24878504665,2.877562174728369,0.05755124349456738,1115365.9859397952,22307.319718795905,2.8644735063681765,0.05728947012736353,"[0.878,1.302]",0.991,"[0.650,1.050]",0.8,0.002,0.0,159,0.319,0.12,-0.005397477470999945,4,0.5346025225290001,0.005,0.0,63,0.3175,0.1,0.17418352252900005,3,0.5241835225290001,0.32738609939214314,0.3251681730025713,0.9625459412874473,0.9622357774246638,0.29326405690450097,0.2365128805795329,0.9633987299562503,0.9642377507481433
26,56,3.9,15.0,0.3459,3697.77164,73.9554328,Chen:1990kq,0.987080965,0.024879849,0.0089,3.9089,3.5541,3.563,1.0,0.0,0.0,3697.77164,73.9554328,0.2617993877991494,0.01703708685546585,0.9829629131445341,0.017332380120999264,0.009910178580860851,0.33598982141913913,4.433234524286382,1.0045693103221567,0.9446035621309744,0.9491300230705778,1.0687768330705778,1.033816634162257,0.5848499217980258,0.5803234608584223,0.9624318751098531,-0.001514834339625261,-2441040.2796352985,-48820.805592705976,0.002965624205513127,0.0029588719080818632,413.3866305427898,411.5063304195709,1528609.358776286,30572.18717552572,3.9257616468478784,0.07851523293695757,1521656.4383059584,30433.128766119167,3.9079052152100093,0.07815810430420018,"[0.878,1.302]",0.991,"[0.650,1.050]",0.8,0.002,0.0,167,0.335,0.12,-0.005397477470999945,4,0.5346025225290001,0.005,0.0,67,0.3375,0.1,0.17418352252900005,4,0.624183522529,0.3432839001102863,0.3451681730025713,0.9621013789014154,0.9616981996801708,0.29326405690450097,0.2898022750308279,0.9633987299562503,0.9631091391487261
26,56,3.9,15.0,0.3634,4747.196299,94.94392597,Chen:1990kq,0.943714925,0.02100187,0.0089,3.9089,3.5366,3.5455,1.0,0.0,0.0,4747.196299,94.94392597,0.2617993877991494,0.01703708685546585,0.9829629131445341,0.017332380120999264,0.009910178580860851,0.35348982141913915,4.433234524286382,1.0045693103221567,0.9399524374194322,0.9444682842539247,1.0765278442539248,1.037558597985639,0.6223406015095677,0.6178247546750752,0.9619901029458253,-0.0013100885604044076,-3623569.003254712,-72471.38005746117,0.0029656242055131265,0.002958871908081863,423.36033850033783,421.4346727002538,2009774.632072191,40195.49263721021,5.161486238520086,0.103229724759529,2000633.1185129213,40012.662366044075,5.1380090805927985,0.1027601816010327,"[0.878,1.302]",0.991,"[0.650,1.050]",0.8,0.002,0.0,176,0.353,0.12,-0.005397477470999945,5,0.654602522529,0.005,0.0,70,0.3525,0.1,0.17418352252900005,4,0.624183522529,0.3611631742886914,0.36016817300257126,0.9615624369395506,0.961274388986076,0.341056325282978,0.2898022750308279,0.962165585444416,0.9631091391487261
26,56,3.9,15.0,0.3809,5870.260137,117.4052027,Chen:1990kq,0.926705099,0.018397822,0.0089,3.9089,3.5191,3.528,1.0,0.0,0.0,5870.260137,117.4052027,0.2617993877991494,0.01703708685546585,0.9829629131445341,0.017332380120999264,0.009910178580860851,0.37098982141913917,4.433234524286382,1.0045693103221567,0.9353013127078901,0.9398065454372716,1.0848913554372717,1.0415811804354338,0.6598312812211101,0.6553260484917286,0.9615234721155573,-0.0011093302674012836,-5291715.469687551,-105834.30935769323,0.002965624205513127,0.0029588719080818632,434.02949700373864,432.0553022514187,2547866.054543208,50957.32107350298,6.543408085790218,0.13086816167121754,2536277.0177859897,50725.54033843758,6.5136452194541,0.13027290434469796,"[0.878,1.302]",0.991,"[0.650,1.050]",0.8,0.002,0.0,185,0.371,0.12,-0.005397477470999945,5,0.654602522529,0.005,0.0,74,0.3725,0.1,0.17418352252900005,4,0.624183522529,0.37903636449303235,0.3801681730025713,0.9609795783770634,0.960681894574963,0.341056325282978,0.2898022750308279,0.962165585444416,0.9631091391487261
26,56,3.9,15.0,0.3984,7013.773527,140.2754705,Chen:1990kq,0.952411705,0.016824039,0.0089,3.9089,3.5016,3.5105,1.0,0.0,0.0,7013.773527,140.2754705,0.2617993877991494,0.01703708685546585,0.9829629131445341,0.017332380120999264,0.009910178580860851,0.3884898214191391,4.433234524286382,1.0045693103221567,0.9306501879963478,0.9351448066206184,1.0938673666206185,1.0458811436394762,0.6973219609326522,0.6928273423083816,0.9610316781064605,-0.0009127932867572925,-7683857.483129069,-153677.14961875987,0.002965624205513128,0.002958871908081864,445.42346464406387,443.39744412580194,3124099.304625156,62481.98607468618,8.02328545264159,0.1604657090070745,3109889.2555490113,62197.78509324433,7.986791324601177,0.15973582644647435,"[0.878,1.302]",0.991,"[0.650,1.050]",0.8,0.002,0.0,194,0.389,0.12,-0.005397477470999945,5,0.654602522529,0.005,0.0,77,0.3875,0.1,0.17418352252900005,5,0.7241835225290001,0.3969034769298503,0.3951681730025713,0.9603495103747983,0.9602170276740448,0.341056325282978,0.34309166948212305,0.962165585444416,0.9617554775407161
26,56,3.9,15.0,0.4158,8123.091052,162.461821,Chen:1990kq,0.934373375,0.015142019,0.0089,3.9089,3.4842,3.4931,1.0,0.0,0.0,8123.091052,162.461821,0.2617993877991494,0.01703708685546585,0.9829629131445341,0.017332380120999264,0.009910178580860851,0.40588982141913915,4.433234524286382,1.0045693103221567,0.9260256411403002,0.930509706311489,1.103399346311489,1.0504281728473819,0.7345984081886999,0.7301143430175111,0.9605174429624096,-0.0007217748040900701,-11254328.920833763,-225086.5783612563,0.002965624205513128,0.002958871908081864,457.50165963304516,455.4207011224824,3716327.637640339,74326.55273450671,9.54424125641141,0.19088482508123014,3699423.822183603,73988.47642545523,9.500829020299909,0.19001658035921387,"[0.878,1.302]",0.991,"[0.650,1.050]",0.8,0.002,0.0,202,0.405,0.12,-0.005397477470999945,6,0.7746025225290001,0.005,0.0,81,0.40750000000000003,0.1,0.17418352252900005,5,0.7241835225290001,0.41278025733729606,0.4151681730025713,0.9597468244555852,0.9595699750813474,0.38712638227275475,0.34309166948212305,0.9607003784349989,0.9617554775407161
26,56,3.9,15.0,0.4333,9168.24908,183.3649816,Chen:1990kq,0.918386916,0.013961226,0.0089,3.9089,3.4667,3.4756,1.0,0.0,0.0,9168.24908,183.3649816,0.2617993877991494,0.01703708685546585,0.9829629131445341,0.017332380120999264,0.009910178580860851,0.42338982141913917,4.433234524286382,1.0045693103221567,0.921374516428758,0.9258479674948359,1.1135968574948358,1.0552709877063975,0.7720890879002421,0.7676156368341642,0.9599745485665145,-0.0005342690652775476,-17160359.219445325,-343207.1843889065,0.0029656242055131265,0.002958871908081863,470.4355637290576,468.2957750104799,4313070.424358213,86261.40848716427,11.076791042058124,0.22153582084116247,4293452.308407719,85869.04616815438,11.026407962339498,0.22052815924678992,"[0.878,1.302]",0.991,"[0.650,1.050]",0.8,0.002,0.0,211,0.423,0.12,-0.005397477470999945,6,0.7746025225290001,0.005,0.0,84,0.4225,0.1,0.17418352252900005,5,0.7241835225290001,0.4306359064432428,0.43016817300257126,0.9590170555453349,0.9590643327726648,0.38712638227275475,0.34309166948212305,0.9607003784349989,0.9617554775407161
26,56,3.9,15.0,0.4508,10107.28113,202.1456226,Chen:1990kq,0.933980156,0.013356708,0.0089,3.9089,3.4492,3.4581,1.0,0.0,0.0,10107.28113,202.1456226,0.2617993877991494,0.01703708685546585,0.9829629131445341,0.017332380120999264,0.009910178580860851,0.4408898214191391,4.433234524286382,1.0045693103221567,0.9167233917172158,0.9211862286781828,1.1244068686781827,1.0603805301297184,0.8095797676117841,0.8051169306508171,0.9594055662649302,-0.0003515557396788996,-28750152.505635906,-575003.0501127181,0.002965624205513127,0.0029588719080818632,484.1925785680744,481.9902157002965,4893870.512647141,97877.41025294282,12.568396924227935,0.25136793848455874,4871610.611992236,97432.21223984474,12.511229235340027,0.2502245847068006,"[0.878,1.302]",0.991,"[0.650,1.050]",0.8,0.002,0.0,220,0.441,0.12,-0.005397477470999945,6,0.7746025225290001,0.005,0.0,88,0.4425,0.1,0.17418352252900005,6,0.8241835225290001,0.44848549565257656,0.4501681730025713,0.958227958481452,0.9583631121640281,0.38712638227275475,0.39638106393341815,0.9607003784349989,0.9601786729064515
26,56,3.9,15.0,0.4683,10913.64602,218.2729204,Chen:1990kq,0.925446911,0.012919605,0.0089,3.9089,3.4316999999999998,3.4406,1.0,0.0,0.0,10913.64602,218.2729204,0.2617993877991494,0.01703708685546585,0.9829629131445341,0.017332380120999264,0.009910178580860851,0.45838982141913914,4.433234524286382,1.0045693103221567,0.9120722670056736,0.9165244898615296,1.1358293798615295,1.0657529638061203,0.8470704473233266,0.8426182244674706,0.9588101829746454,-0.00017378207405171562,-62800758.245940946,-1256015.164918819,0.0029656242055131274,0.0029588719080818637,498.8092226395934,496.54037557610593,5443827.287399892,108876.54574799785,13.980791269030897,0.27961582538061797,5419065.8936754735,108381.31787350947,13.917199266765754,0.27834398533531507,"[0.878,1.302]",0.991,"[0.650,1.050]",0.8,0.002,0.0,229,0.459,0.12,-0.005397477470999945,7,0.894602522529,0.005,0.0,91,0.4575,0.1,0.17418352252900005,6,0.8241835225290001,0.46632903113098223,0.4651681730025713,0.9573741966616837,0.9578169987929399,0.43164799134548637,0.39638106393341815,0.9589739538319474,0.9601786729064515
26,56,3.9,15.0,0.4857,11567.5738,231.351476,Chen:1990kq,0.942289212,0.012794386,0.0089,3.9089,3.4143,3.4232,1.0,0.0,0.0,11567.5738,231.351476,0.2617993877991494,0.01703708685546585,0.9829629131445341,0.017332380120999264,0.009910178580860851,0.47578982141913917,4.433234524286382,1.0045693103221567,0.9074477201496259,0.9118893895524002,1.1477938795524003,1.0713514267281303,0.8843468945793741,0.8799052251765999,0.9581917148671553,-2.046103598049312e-06,-5653464375.424659,-113069287.50849316,0.002965624205513127,0.0029588719080818632,514.2326932651667,511.89369213385265,5948424.629717579,118968.49259435158,15.276693902492438,0.3055338780498488,5921368.06151282,118427.3612302564,15.207207452508515,0.3041441490501703,"[0.878,1.302]",0.991,"[0.650,1.050]",0.8,0.002,0.0,237,0.47500000000000003,0.12,-0.005397477470999945,7,0.894602522529,0.005,0.0,95,0.47750000000000004,0.1,0.17418352252900005,7,0.924183522529,0.4821848743879613,0.4851681730025713,0.9565561109468166,0.9570620314320473,0.43164799134548637,0.4496704583847132,0.9589739538319474,0.9583809364236614
26,56,3.9,15.0,0.5032,12070.92713,241.4185425,Chen:1990kq,0.919564826,0.01284077,0.0089,3.9089,3.3968,3.4057,1.0,0.0,0.0,12070.92713,241.4185425,0.2617993877991494,0.01703708685546585,0.9829629131445341,0.017332380120999264,0.009910178580860851,0.49328982141913913,4.433234524286382,1.0045693103221567,0.9027965954380839,0.9072276507357471,1.160437890735747,1.0772362279164895,0.9218375742909162,0.917406518993253,0.9575427373821889,0.00016552198210995712,72926429.32454264,1458528.5858867036,0.002965624205513126,0.0029588719080818624,530.6805866580959,528.2667718446537,6405806.690855525,128116.13376404245,16.45133864953822,0.3290267728544754,6376669.708137151,127533.39410991633,16.376509296568514,0.3275301857957012,"[0.878,1.302]",0.991,"[0.650,1.050]",0.8,0.002,0.0,246,0.493,0.12,-0.005397477470999945,7,0.894602522529,0.005,0.0,98,0.4925,0.1,0.17418352252900005,7,0.924183522529,0.5000169918267687,0.5001681730025713,0.9555628975015192,0.956475774436984,0.43164799134548637,0.4496704583847132,0.9589739538319474,0.9583809364236614
26,56,3.9,15.0,0.5196,12406.44806,248.1289613,Chen:1990kq,0.934997667,0.018458144,0.0089,3.9089,3.3804,3.3893,1.0,0.0,0.0,12406.44806,248.1289613,0.2617993877991494,0.01703708685546585,0.9829629131445341,0.017332380120999264,0.009910178580860851,0.5096898214191391,4.433234524286382,1.0045693103221567,0.8984378271369815,0.9028589355018549,1.172843095501855,1.082978806580191,0.9569716969920186,0.9525505886271451,0.9569097327603868,0.00031778990774228213,39039779.92297115,780795.5987740962,0.0029656242055131265,0.002958871908081863,546.9842108495984,544.4962385663417,6786131.2015456315,135722.62408561102,17.42808484623733,0.3485616970652225,6755264.302638688,135105.28610722336,17.34881273712044,0.3469762548822458,"[0.878,1.302]",0.991,"[0.650,1.050]",0.8,0.002,0.0,254,0.509,0.12,-0.005397477470999945,7,0.894602522529,0.005,0.0,101,0.5075000000000001,0.1,0.17418352252900005,7,0.924183522529,0.5158626954525332,0.5151681730025713,0.954609152397836,0.9558724188884256,0.43164799134548637,0.4496704583847132,0.9589739538319474,0.9583809364236614
26,56,3.9,15.0,0.536,12621.84714,252.4369428,Chen:1990kq,0.958655248,0.017984689,0.0089,3.9089,3.364,3.3729,1.0,0.0,0.0,12621.84714,252.4369428,0.2617993877991494,0.01703708685546585,0.9829629131445341,0.017332380120999264,0.009910178580860851,0.5260898214191392,4.433234524286382,1.0045693103221567,0.894079058835879,0.8984902202679629,1.185786220267963,1.088938115903729,0.9921058196931211,0.9876946582610372,0.9562524432278126,0.00046539042040433454,27120986.136831198,542419.722736624,0.002965624205513127,0.0029588719080818632,564.1861700691181,561.6199542151935,7121071.597114452,142421.43194228905,18.2882759417287,0.365765518834574,7088681.212877971,141773.62425755942,18.205091230453583,0.36410182460907164,"[0.878,1.302]",0.991,"[0.650,1.050]",0.8,0.002,0.0,263,0.527,0.12,-0.005397477470999945,8,1.014602522529,0.005,0.0,105,0.5275,0.1,0.17418352252900005,8,1.0241835225290001,0.5336834167428677,0.5351681730025712,0.9534482503049481,0.9550414614875493,0.47476752402222344,0.5029598528360083,0.9569460932333339,0.9563647757774824
26,56,3.9,15.0,0.5525,12734.57818,254.6915636,Chen:1990kq,0.958021524,0.017432851,0.0089,3.9089,3.3475,3.3564000000000003,1.0,0.0,0.0,12734.57818,254.6915636,0.2617993877991494,0.01703708685546585,0.9829629131445341,0.017332380120999264,0.009910178580860851,0.5425898214191391,4.433234524286382,1.0045693103221567,0.8896937126792822,0.8940948665265471,1.1993511165265471,1.0951489015319091,1.027454174849718,1.0230530210024529,0.9555663694416427,0.000609141811758781,20905769.287501924,418115.38575003843,0.002965624205513127,0.0029588719080818632,582.4385740698347,579.7893366691161,7417109.55654003,148342.1911308006,19.048558129229114,0.3809711625845823,7383372.6357432,147667.452714864,18.961915254130556,0.3792383050826111,"[0.878,1.302]",0.991,"[0.650,1.050]",0.8,0.002,0.0,271,0.543,0.12,-0.005397477470999945,8,1.014602522529,0.005,0.0,108,0.5425,0.1,0.17418352252900005,8,1.0241835225290001,0.5495190001651125,0.5501681730025713,0.9523301309980473,0.954398469175884,0.47476752402222344,0.5029598528360083,0.9569460932333339,0.9563647757774824
26,56,3.9,15.0,0.5689,12763.65522,255.2731044,Chen:1990kq,1.002847521,0.017314789,0.0089,3.9089,3.3311,3.3400000000000003,1.0,0.0,0.0,12763.65522,255.2731044,0.2617993877991494,0.01703708685546585,0.9829629131445341,0.017332380120999264,0.009910178580860851,0.5589898214191391,4.433234524286382,1.0045693103221567,0.8853349443781799,0.8897261512926551,1.2133733612926552,1.101532278824663,1.06258829755082,1.058197090636345,0.9548595586408026,0.0007472772306349841,17080214.27222443,341604.2854444885,0.002965624205513126,0.0029588719080818624,601.5607459185433,598.8245308087581,7678113.954790309,153562.27909580615,19.718867420760485,0.3943773484152096,7643189.848521257,152863.79697042512,19.62917562595737,0.3925835125191473,"[0.878,1.302]",0.991,"[0.650,1.050]",0.8,0.002,0.0,279,0.559,0.12,-0.005397477470999945,8,1.014602522529,0.005,0.0,111,0.5575,0.1,0.17418352252900005,8,1.0241835225290001,0.565349827843356,0.5651681730025713,0.9511221846951688,0.9537386051928968,0.47476752402222344,0.5029598528360083,0.9569460932333339,0.9563647757774824
26,56,3.9,15.0,0.5854,12731.02173,254.6204345,Chen:1990kq,0.958289151,0.016652238,0.0089,3.9089,3.3146,3.3235,1.0,0.0,0.0,12731.02173,254.6204345,0.2617993877991494,0.01703708685546585,0.9829629131445341,0.017332380120999264,0.009910178580860851,0.5754898214191392,4.433234524286382,1.0045693103221567,0.8809495982215829,0.8853307975512392,1.2280239575512393,1.1081624238130614,1.0979366527074172,1.093555453377761,0.9541231186678326,0.0008814703880853087,14442937.50769526,288858.75004045834,0.0029656242055131274,0.0029588719080818637,621.8286711898568,619.0002668809798,7916514.325255092,158330.28644291896,20.331125239013147,0.4066225046205654,7880505.848537553,157610.11690885102,20.23864857318121,0.404772971304653,"[0.878,1.302]",0.991,"[0.650,1.050]",0.8,0.002,0.0,287,0.5750000000000001,0.12,-0.005397477470999945,9,1.134602522529,0.005,0.0,115,0.5775,0.1,0.17418352252900005,9,1.124183522529,0.5811759040597693,0.5851681730025713,0.9498147826970912,0.952832665994311,0.5166096490576481,0.5562492472873034,0.95456243055867,0.9541329865086933
26,56,3.9,15.0,0.6019,12656.80527,253.1361054,Chen:1990kq,0.987610991,0.016670874,0.0089,3.9089,3.2981,3.307,1.0,0.0,0.0,12656.80527,253.1361054,0.2617993877991494,0.01703708685546585,0.9829629131445341,0.017332380120999264,0.009910178580860851,0.5919898214191391,4.433234524286382,1.0045693103221567,0.8765642520649859,0.8809354438098234,1.2432190538098233,1.1149973335438177,1.1332850078640142,1.1289138161191767,0.9533610075418916,0.0010108666223401658,12520747.040494202,250414.94080988402,0.0029656242055131274,0.0029588719080818637,643.173765025604,640.2482719876677,8140525.098701807,162810.50197403613,20.906427815717144,0.41812855631434287,8103497.703001907,162069.95406003812,20.81133437075898,0.41622668741517954,"[0.878,1.302]",0.991,"[0.650,1.050]",0.8,0.002,0.0,295,0.591,0.12,-0.005397477470999945,9,1.134602522529,0.005,0.0,118,0.5925,0.1,0.17418352252900005,9,1.124183522529,0.596997233090093,0.6001681730025713,0.9483968064441304,0.9521337167230259,0.5166096490576481,0.5562492472873034,0.95456243055867,0.9541329865086933
26,56,3.9,15.0,0.6183,12559.86913,251.1973826,Chen:1990kq,0.987271433,0.016321826,0.0089,3.9089,3.2817,3.2906,1.0,0.0,0.0,12559.86913,251.1973826,0.2617993877991494,0.01703708685546585,0.9829629131445341,0.017332380120999264,0.009910178580860851,0.6083898214191391,4.433234524286382,1.0045693103221567,0.8722054837638835,0.8765667285759313,1.2588616185759314,1.121990026059025,1.1684191305651164,1.1640578857530686,0.9525778032078883,0.0011347395566379903,11068503.831145551,221370.07662291103,0.0029656242055131274,0.0029588719080818637,665.503381351128,662.4763214573088,8358635.37534265,167172.707506853,21.466576786351123,0.4293315357270225,8320615.899227609,166412.31798455218,21.36893548884843,0.42737870977696857,"[0.878,1.302]",0.991,"[0.650,1.050]",0.8,0.002,0.0,304,0.609,0.12,-0.005397477470999945,9,1.134602522529,0.005,0.0,121,0.6075,0.1,0.17418352252900005,9,1.124183522529,0.6147905591939065,0.6151681730025713,0.9466532635458469,0.9514181414388021,0.5166096490576481,0.5562492472873034,0.95456243055867,0.9541329865086933
26,56,3.9,15.0,0.6348,12453.43235,249.0686469,Chen:1990kq,0.94752994,0.015899231,0.0089,3.9089,3.2652,3.2741000000000002,1.0,0.0,0.0,12453.43235,249.0686469,0.2617993877991494,0.01703708685546585,0.9829629131445341,0.017332380120999264,0.009910178580860851,0.6248898214191392,4.433234524286382,1.0045693103221567,0.8678201376072867,0.8721713748345156,1.2751424148345156,1.129222039651421,1.2037674857217133,1.1994162484944844,0.9517636774628444,0.0012546257210949542,9926013.902481982,198520.27796993463,0.002965624205513127,0.0029588719080818632,689.138703171028,686.0041373850324,8582142.219707128,171642.8443252287,22.040585176641553,0.44081170335584713,8543106.116744606,170862.12226629173,21.940332986654077,0.4388066595569026,"[0.878,1.302]",0.991,"[0.650,1.050]",0.8,0.002,0.0,312,0.625,0.12,-0.005397477470999945,10,1.254602522529,0.005,0.0,124,0.6225,0.1,0.17418352252900005,10,1.224183522529,0.6306018146213432,0.6301681730025713,0.9449547672041148,0.9506860173932169,0.5572815869439202,0.6095386417385985,0.9517496543859314,0.9516886424532633
26,56,3.9,15.0,0.6513,12348.44905,246.9689811,Chen:1990kq,1.012272873,0.016520293,0.0089,3.9089,3.2487,3.2576,1.0,0.0,0.0,12348.44905,246.9689811,0.2617993877991494,0.01703708685546585,0.9829629131445341,0.017332380120999264,0.009910178580860851,0.6413898214191391,4.433234524286382,1.0045693103221567,0.8634347914506897,0.8677760210930997,1.2919677110930996,1.136647575589329,1.23911584087831,1.2347746112359,0.9509230472744873,0.0013697920428272182,9014834.853700196,180296.69714700774,0.002965624205513128,0.002958871908081864,713.9983220847896,710.750681658607,8816771.902049514,176335.4381123901,22.6431591454999,0.4528631830933665,8776668.579714078,175533.37166535665,22.540166131731056,0.45080332281715557,"[0.878,1.302]",0.991,"[0.650,1.050]",0.8,0.002,0.0,320,0.641,0.12,-0.005397477470999945,10,1.254602522529,0.005,0.0,128,0.6425,0.1,0.17418352252900005,10,1.224183522529,0.6464083361831428,0.6501681730025712,0.9430976245826753,0.949684246004284,0.5572815869439202,0.6095386417385985,0.9517496543859314,0.9516886424532633
26,56,3.9,15.0,0.6677,12252.31989,245.0463978,Chen:1990kq,0.995729797,0.016649908,0.0089,3.9089,3.2323,3.2412,1.0,0.0,0.0,12252.31989,245.0463978,0.2617993877991494,0.01703708685546585,0.9829629131445341,0.017332380120999264,0.009910178580860851,0.6577898214191391,4.433234524286382,1.0045693103221567,0.8590760231495873,0.8634073058592077,1.3092305958592076,1.1442161490991147,1.2742499635794127,1.2699186808697922,0.9500609697858684,0.0014796294761829241,8280667.617955231,165613.3523591046,0.0029656242055131274,0.0029588719080818637,739.9734179820592,736.6076291388557,9066391.02721287,181327.82054425735,23.28422887483252,0.4656845774966503,9025152.305623746,180503.0461124749,23.178319938288247,0.4635663987657649,"[0.878,1.302]",0.991,"[0.650,1.050]",0.8,0.002,0.0,328,0.657,0.12,-0.005397477470999945,10,1.254602522529,0.005,0.0,131,0.6575,0.1,0.17418352252900005,10,1.224183522529,0.6622101281286916,0.6651681730025713,0.9410604848035596,0.9489138175786667,0.5572815869439202,0.6095386417385985,0.9517496543859314,0.9516886424532633
26,56,3.9,15.0,0.6842,12166.9799,243.3395981,Chen:1990kq,1.02737081,0.01717764,0.0089,3.9089,3.2157999999999998,3.2247,1.0,0.0,0.0,12166.9799,243.3395981,0.2617993877991494,0.01703708685546585,0.9829629131445341,0.017332380120999264,0.009910178580860851,0.6742898214191392,4.433234524286382,1.0045693103221567,0.8546906769929904,0.8590119521177918,1.3271415921177918,1.1520163159078052,1.3095983187360098,1.3052770436112082,0.9491666507485708,0.0015855329362941786,7673747.811532404,153474.95629371834,0.002965624205513127,0.0029588719080818632,767.4363504712512,763.9456457465748,9337382.65071307,186747.65309100502,23.980187273913486,0.47960374567536207,9294911.316491095,185898.22640621648,23.87111275201434,0.4774222552364827,"[0.878,1.302]",0.991,"[0.650,1.050]",0.8,0.002,0.0,337,0.675,0.12,-0.005397477470999945,10,1.254602522529,0.005,0.0,134,0.6725,0.1,0.17418352252900005,11,1.3241835225290002,0.6799814959808401,0.6801681730025713,0.9385216854261351,0.9481271093673157,0.5572815869439202,0.6628280361898936,0.9517496543859314,0.9490350853333848
26,56,3.9,15.0,0.7006,12094.79793,241.8959587,Chen:1990kq,1.033502177,0.017941598,0.0089,3.9089,3.1994,3.2083,1.0,0.0,0.0,12094.79793,241.8959587,0.2617993877991494,0.01703708685546585,0.9829629131445341,0.017332380120999264,0.009910178580860851,0.6906898214191391,4.433234524286382,1.0045693103221567,0.850331908691888,0.8546432368838998,1.3454835968838998,1.1599498251579246,1.3447324414371118,1.3404211132451,0.9482506502322751,0.001686281889128484,7172465.059356665,143449.30124643535,0.0029656242055131274,0.0029588719080818637,796.111747243053,792.4906117107507,9628810.71260396,192576.21433169037,24.728630361493657,0.49457260743432985,9585013.810063623,191700.2762805215,24.616151526233068,0.4923230307281881,"[0.878,1.302]",0.991,"[0.650,1.050]",0.8,0.002,0.0,345,0.6910000000000001,0.12,-0.005397477470999945,11,1.374602522529,0.005,0.0,138,0.6925,0.1,0.17418352252900005,11,1.3241835225290002,0.6957732515721773,0.7001681730025713,0.9360111751009473,0.9470529864682029,0.5968763486071639,0.6628280361898936,0.9484080927431519,0.9490350853333848
26,56,3.9,15.0,0.7168,12032.12465,240.6424931,Chen:1990kq,1.063818766,0.028174575,0.0089,3.9089,3.1832,3.1921,1.0,0.0,0.0,12032.12465,240.6424931,0.2617993877991494,0.01703708685546585,0.9829629131445341,0.017332380120999264,0.009910178580860851,0.7068898214191391,4.433234524286382,1.0045693103221567,0.8460262961017747,0.8503277986650551,1.364130038665055,1.1679597761331744,1.3794380992272255,1.3751365966639453,0.9473190191185501,0.0017814539196481273,6754103.778545439,135082.0756270427,0.0029656242055131274,0.0029588719080818637,825.8455550260762,822.0891744754125,9936676.659722183,198733.5332770282,25.519289087104728,0.5103857819541875,9891479.420703761,197829.58849628415,25.403213919526284,0.5080642786016539,"[0.878,1.302]",0.991,"[0.650,1.050]",0.8,0.002,0.0,353,0.707,0.12,-0.005397477470999945,11,1.374602522529,0.005,0.0,141,0.7075,0.1,0.17418352252900005,12,1.424183522529,0.7115602907857195,0.7151681730025713,0.9332225094584224,0.9462286215705487,0.5968763486071639,0.7161174306411887,0.9484080927431519,0.9461759135646328
26,56,3.9,15.0,0.7323,11980.16215,239.6032431,Chen:1990kq,1.068432951,0.027545537,0.0089,3.9089,3.1677,3.1766,1.0,0.0,0.0,11980.16215,239.6032431,0.2617993877991494,0.01703708685546585,0.9829629131445341,0.017332380120999264,0.009910178580860851,0.7223898214191391,4.433234524286382,1.0045693103221567,0.8419067285001232,0.8461988299988767,1.3824621199988767,1.175781493305145,1.4126441298288768,1.4083520283301232,0.9464024572003319,0.0018685364490929602,6411521.7853071615,128230.43575966105,0.0029656242055131265,0.002958871908081863,855.6601123890724,851.7681195284272,10250946.89170831,205018.93791973224,26.326395243032486,0.5265279050803997,10204320.18615114,204086.4038081996,26.206648931560377,0.5241329788499579,"[0.878,1.302]",0.991,"[0.650,1.050]",0.8,0.002,0.0,361,0.723,0.12,-0.005397477470999945,11,1.374602522529,0.005,0.0,144,0.7225,0.1,0.17418352252900005,12,1.424183522529,0.7273426178447409,0.7301681730025713,0.9301092387529906,0.9453882629034828,0.5968763486071639,0.7161174306411887,0.9484080927431519,0.9461759135646328
26,56,3.9,15.0,0.7478,11931.84814,238.6369629,Chen:1990kq,1.123044799,0.027740883,0.0089,3.9089,3.1521999999999997,3.1611,1.0,0.0,0.0,11931.84814,238.6369629,0.2617993877991494,0.01703708685546585,0.9829629131445341,0.017332380120999264,0.009910178580860851,0.7378898214191392,4.433234524286382,1.0045693103221567,0.8377871608984714,0.842069861332698,1.401274701332698,1.183754493690604,1.445850160430529,1.4415674599963024,0.9454610229511263,0.0019518001708840487,6113252.943612351,122265.05892348176,0.002965624205513128,0.002958871908081864,886.8654439576326,882.8315128134091,10581943.797916153,211638.87604700957,27.17645870244784,0.5435291742767208,10533811.544096062,210676.23097020437,27.052845854640516,0.5410569173195383,"[0.878,1.302]",0.991,"[0.650,1.050]",0.8,0.002,0.0,368,0.737,0.12,-0.005397477470999945,12,1.494602522529,0.005,0.0,147,0.7375,0.1,0.17418352252900005,12,1.424183522529,0.7411482918973817,0.7451681730025713,0.9270739805014715,0.9445319994728368,0.6354752398811444,0.7161174306411887,0.9444000739748406,0.9461759135646328
26,56,3.9,15.0,0.7633,11884.74963,237.6949927,Chen:1990kq,1.127495354,0.027345969,0.0089,3.9089,3.1367,3.1456,1.0,0.0,0.0,11884.74963,237.6949927,0.2617993877991494,0.01703708685546585,0.9829629131445341,0.017332380120999264,0.009910178580860851,0.7533898214191391,4.433234524286382,1.0045693103221567,0.8336675932968198,0.8379408926665197,1.4205677826665197,1.1918757412861962,1.4790561910321802,1.4747828916624803,0.9444944769751792,0.0020313187048835958,5850755.768372178,117015.11541667266,0.002965624205513127,0.0029588719080818632,919.5182706449262,915.3358172469401,10928244.426825527,218564.88862846236,28.065825053272782,0.5613165013016055,10878537.01535132,217570.74039855995,27.938166898879597,0.5587633382126677,"[0.878,1.302]",0.991,"[0.650,1.050]",0.8,0.002,0.0,376,0.753,0.12,-0.005397477470999945,12,1.494602522529,0.005,0.0,150,0.7525000000000001,0.1,0.17418352252900005,13,1.5241835225290001,0.7569217950277789,0.7601681730025713,0.9231857775385078,0.9436599217214766,0.6354752398811444,0.7694068250924838,0.9444000739748406,0.943114970347738
26,56,3.9,15.0,0.7788,11836.57556,236.7315113,Chen:1990kq,1.148980964,0.027203814,0.0089,3.9089,3.1212,3.1301,1.0,0.0,0.0,11836.57556,236.7315113,0.2617993877991494,0.01703708685546585,0.9829629131445341,0.017332380120999264,0.009910178580860851,0.7688898214191392,4.433234524286382,1.0045693103221567,0.8295480256951682,0.8338119240003412,1.4403413640003413,1.2001422265716433,1.512262221633832,1.507998323328659,0.943502578958192,0.002107169271981495,5617287.475376562,112345.74955498827,0.002965624205513127,0.0029588719080818632,953.6775146508976,949.3396870197652,11288275.962038355,225765.51933613486,28.99045500171544,0.5798091002792315,11236930.937516201,224738.618845258,28.858591143321362,0.5771718231102358,"[0.878,1.302]",0.991,"[0.650,1.050]",0.8,0.002,0.0,384,0.769,0.12,-0.005397477470999945,12,1.494602522529,0.005,0.0,153,0.7675000000000001,0.1,0.17418352252900005,13,1.5241835225290001,0.7726905981105077,0.7751681730025713,0.9187646686770761,0.9427721215061784,0.6354752398811444,0.7694068250924838,0.9444000739748406,0.943114970347738
26,56,3.9,15.0,0.7943,11784.25833,235.6851667,Chen:1990kq,1.230455035,0.028003459,0.0089,3.9089,3.1056999999999997,3.1146,1.0,0.0,0.0,11784.25833,235.6851667,0.2617993877991494,0.01703708685546585,0.9829629131445341,0.017332380120999264,0.009910178580860851,0.7843898214191392,4.433234524286382,1.0045693103221567,0.8254284580935165,0.8296829553341626,1.4605954453341625,1.2085509692744292,1.5454682522354837,1.5412137549948377,0.9424850876947404,0.0021794322022267707,5407031.390083978,108140.62784756305,0.002965624205513127,0.0029588719080818632,989.4043684083335,984.9040362292574,11659396.670154294,233187.9335020263,29.943564070365202,0.598871281661402,11606363.593185248,232127.27196219537,29.8073649699318,0.5961472996515782,"[0.878,1.302]",0.991,"[0.650,1.050]",0.8,0.002,0.0,392,0.785,0.12,-0.005397477470999945,12,1.494602522529,0.005,0.0,156,0.7825,0.1,0.17418352252900005,13,1.5241835225290001,0.7884547053445132,0.7901681730025713,0.9136965061755234,0.9418686920742457,0.6354752398811444,0.7694068250924838,0.9444000739748406,0.943114970347738
26,56,3.9,15.0,0.8099,11726.69032,234.5338063,Chen:1990kq,1.202385295,0.027288177,0.0089,3.9089,3.0901,3.099,1.0,0.0,0.0,11726.69032,234.5338063,0.2617993877991494,0.01703708685546585,0.9829629131445341,0.017332380120999264,0.009910178580860851,0.7999898214191391,4.433234524286382,1.0045693103221567,0.8212823126363704,0.8255273481604605,1.4814653581604604,1.2171546155523794,1.5788885152926297,1.5746434797685396,0.9414349455729829,0.002248622874030432,5215054.269629962,104301.08534812758,0.002965624205513127,0.0029588719080818632,1027.0088225298387,1022.3374454874456,12043414.417715257,240868.28825160427,30.929795206808464,0.6185959038724138,11988634.625771156,239772.6924131894,30.789110207726278,0.6157822038919698,"[0.878,1.302]",0.991,"[0.650,1.050]",0.8,0.002,0.0,399,0.799,0.12,-0.005397477470999945,13,1.614602522529,0.005,0.0,159,0.7975,0.1,0.17418352252900005,14,1.6241835225290002,0.8022444504070023,0.8051681730025713,0.9086147569836093,0.9409497280398716,0.6731498254958411,0.8226962195437789,0.9395311361171468,0.9398563311166426
26,56,3.9,15.0,0.8254,11664.73004,233.2946009,Chen:1990kq,1.191626377,0.027004483,0.0089,3.9089,3.0745999999999998,3.0835,1.0,0.0,0.0,11664.73004,233.2946009,0.2617993877991494,0.01703708685546585,0.9829629131445341,0.017332380120999264,0.009910178580860851,0.8154898214191392,4.433234524286382,1.0045693103221567,0.8171627450347186,0.821398379494282,1.502683539494282,1.2258399322482043,1.6120945458942817,1.6078589114347182,0.9403653717414061,0.002313939861013135,5041068.800678647,100821.37605678928,0.0029656242055131274,0.0029588719080818637,1066.075079817613,1061.2260088611824,12435478.008443909,248709.56027548568,31.936689609731754,0.6387337924684235,12378914.90479234,247578.29820196942,31.791424724581653,0.6358284947641762,"[0.878,1.302]",0.991,"[0.650,1.050]",0.8,0.002,0.0,407,0.8150000000000001,0.12,-0.005397477470999945,13,1.614602522529,0.005,0.0,163,0.8175,0.1,0.17418352252900005,14,1.6241835225290002,0.8179997642203176,0.8251681730025713,0.9018919151042534,0.9397004437659648,0.6731498254958411,0.8226962195437789,0.9395311361171468,0.9398563311166426
26,56,3.9,15.0,0.8409,11453.50854,229.0701708,Chen:1990kq,1.222332873,0.027851728,0.0089,3.9089,3.0591,3.068,1.0,0.0,0.0,11453.50854,229.0701708,0.2617993877991494,0.01703708685546585,0.9829629131445341,0.017332380120999264,0.009910178580860851,0.8309898214191391,4.433234524286382,1.0045693103221567,0.8130431774330671,0.8172694108281034,1.5243822208281035,1.2346587467102412,1.6453005764959332,1.6410743431008967,0.9392694744132805,0.0023759248656436303,4820652.666934096,96413.05333868192,0.002965624205513127,0.0029588719080818632,1106.9073165809523,1101.8725191057017,12677972.403448422,253559.4480689684,32.55946166723531,0.6511892333447061,12620306.307568468,252406.12615136936,32.4113640867585,0.64822728173517,"[0.878,1.302]",0.991,"[0.650,1.050]",0.8,0.002,0.0,415,0.8310000000000001,0.12,-0.005397477470999945,13,1.614602522529,0.005,0.0,166,0.8325,0.1,0.17418352252900005,14,1.6241835225290002,0.833750394222065,0.8401681730025713,0.8939401689759768,0.9387456077688836,0.6731498254958411,0.8226962195437789,0.9395311361171468,0.9398563311166426
26,56,3.9,15.0,0.8564,11378.82731,227.5765463,Chen:1990kq,1.221567005,0.028298171,0.0089,3.9089,3.0435999999999996,3.0524999999999998,1.0,0.0,0.0,11378.82731,227.5765463,0.2617993877991494,0.01703708685546585,0.9829629131445341,0.017332380120999264,0.009910178580860851,0.8464898214191392,4.433234524286382,1.0045693103221567,0.8089236098314153,0.8131404421619249,1.5465614021619252,1.243608218918613,1.6785066070975847,1.6742897747670749,0.9381470091062056,0.002434666231815722,4673670.321337605,93473.40646782548,0.002965624205513128,0.002958871908081864,1149.5765553333745,1144.347675686723,13080833.102763128,261616.6621702202,33.59408511325298,0.6718817025602929,13021334.584239108,260426.6917992169,33.4412815204156,0.6688256307022024,"[0.878,1.302]",0.991,"[0.650,1.050]",0.8,0.002,0.0,423,0.847,0.12,-0.005397477470999945,13,1.614602522529,0.005,0.0,169,0.8475,0.1,0.17418352252900005,15,1.724183522529,0.8494963445870383,0.8551681730025713,0.8843943991965093,0.9377755621136922,0.6731498254958411,0.8759856139950739,0.9395311361171468,0.9364042904170176
26,56,3.9,15.0,0.8719,11300.43929,226.0087858,Chen:1990kq,1.300834386,0.02982185,0.0089,3.9089,3.0281,3.037,1.0,0.0,0.0,11300.43929,226.0087858,0.2617993877991494,0.01703708685546585,0.9829629131445341,0.017332380120999264,0.009910178580860851,0.8619898214191392,4.433234524286382,1.0045693103221567,0.8048040422297638,0.8090114734957464,1.5692210834957465,1.252685548529936,1.7117126376992366,1.7075052064332539,0.9369977305977437,0.002490253322226212,4537867.368408024,90757.34736816048,0.002965624205513127,0.0029588719080818632,1194.1564668525496,1188.7248142884177,13494492.656428134,269889.8531285627,34.656442085822036,0.6931288417164407,13433112.59638279,268662.2519276558,34.49880633393828,0.6899761266787657,"[0.878,1.302]",0.991,"[0.650,1.050]",0.8,0.002,0.0,430,0.861,0.12,-0.005397477470999945,14,1.734602522529,0.005,0.0,172,0.8625,0.1,0.17418352252900005,15,1.724183522529,0.8632702156690826,0.8701681730025713,0.8743264393603504,0.9367904070589625,0.709963488653555,0.8759856139950739,0.9335185154666641,0.9364042904170176
26,56,3.9,15.0,0.8874,11218.8681,224.3773619,Chen:1990kq,1.265724838,0.030751765,0.0089,3.9089,3.0126,3.0215,1.0,0.0,0.0,11218.8681,224.3773619,0.2617993877991494,0.01703708685546585,0.9829629131445341,0.017332380120999264,0.009910178580860851,0.8774898214191391,4.433234524286382,1.0045693103221567,0.8006844746281121,0.804882504829568,1.592361264829568,1.26188797633925,1.744918668300888,1.740720638099432,0.935821392958456,0.0025427761777683223,4412054.902074112,88241.09800215515,0.002965624205513128,0.002958871908081864,1240.7234527700002,1235.079989027448,13919512.765203211,278390.2551799919,35.74797514009042,0.7149595024831668,13856199.489848385,277123.9896734597,35.585374520973915,0.7117074901022863,"[0.878,1.302]",0.991,"[0.650,1.050]",0.8,0.002,0.0,438,0.877,0.12,-0.005397477470999945,14,1.734602522529,0.005,0.0,175,0.8775000000000001,0.1,0.17418352252900005,15,1.724183522529,0.8790074029459092,0.8851681730025713,0.8601736551131777,0.9357902441002786,0.709963488653555,0.8759856139950739,0.9335185154666641,0.9364042904170176
26,56,3.995,30.05,0.825,0.000905956,1.81e-05,Day:1993md,70.09167865,33.66609416,0.0089,4.0039,3.17,3.1789,1.0,0.0,0.0,0.000905956,1.81e-05,0.524471440224296,0.06720562911559398,0.932794370884406,0.07204763580624378,0.04070552396932792,0.784294476030672,4.433234524286382,1.0044605324866345,3.404408671856998,3.4215723739295583,4.102197373929558,2.025388203266119,-0.975901999327998,-0.9930657014005582,0.8526901469918718,-0.0005828121957519292,-1.5544561465999505,-0.031056316480556564,0.00017236136383432966,0.00017197823335201855,7142.756464024992,7111.037450463525,6.4710230751222255,0.12928389199885235,1.661882681689136e-05,3.3202579969196477e-07,6.442287044472133,0.1287097778533898,1.6545027185637573e-05,3.3055136459170215e-07,"[1.770,2.067]",1.921,"[3.000,3.500]",3.25,0.002,0.0,392,0.785,0.12,-2.7135574774710003,14,-0.9735574774710003,0.005,0.0,156,0.7825,0.1,-2.275816477471,12,-1.025816477471,0.8140203150481184,0.8136519528229459,0.8506061350247951,0.852189678988414,0.709963488653555,0.7161174306411887,0.8569782179112267,0.8570211402241461
26,56,3.995,30.05,0.84,0.001427146,2.85e-05,Day:1993md,46.10601096,21.30125439,0.0089,4.0039,3.1550000000000002,3.1639000000000004,1.0,0.0,0.0,0.001427146,2.85e-05,0.524471440224296,0.06720562911559398,0.932794370884406,0.07204763580624378,0.04070552396932792,0.799294476030672,4.433234524286382,1.0044605324866345,3.3882994825579904,3.4054272968246027,4.111027296824602,2.0275668415183263,-0.9316446200289903,-0.9487724342956025,0.851823859686109,-0.000565706025688869,-2.52276966338151,-0.05037952347298247,0.00017236136383432966,0.00017197823335201855,7234.36223776155,7202.236428197155,10.324491130172445,0.20617932377620418,2.6515270935210813e-05,5.295079982380977e-07,10.278642909555858,0.20526373820361893,2.639752392218918e-05,5.271565991022584e-07,"[1.770,2.067]",1.921,"[3.000,3.500]",3.25,0.002,0.0,399,0.799,0.12,-2.7135574774710003,14,-0.9735574774710003,0.005,0.0,159,0.7975,0.1,-2.275816477471,13,-0.9258164774709998,0.8278034072807259,0.8286519528229459,0.84965025322398,0.8513972147936864,0.709963488653555,0.7694068250924838,0.8569782179112267,0.8544509481944627
26,56,3.995,30.05,0.855,0.002229931,4.46e-05,Day:1993md,44.57536174,13.90177544,0.0089,4.0039,3.14,3.1489000000000003,1.0,0.0,0.0,0.002229931,4.46e-05,0.524471440224296,0.06720562911559398,0.932794370884406,0.07204763580624378,0.04070552396932792,0.8142944760306721,4.433234524286382,1.0044605324866345,3.3721902932589827,3.389282219719647,4.120307219719647,2.029853989753856,-0.8873872407299825,-0.9044791671906469,0.85093724934182,-0.0005487238872827369,-4.063848962440011,-0.08127949417485318,0.0001723613638343297,0.00017197823335201857,7328.822815672743,7296.277532706604,16.342769190175936,0.32686549757900435,4.197136182748534e-05,8.394532106625031e-07,16.27019545478597,0.3254139779587145,4.178497857310667e-05,8.357254302310508e-07,"[1.770,2.067]",1.921,"[3.000,3.500]",3.25,0.002,0.0,407,0.8150000000000001,0.12,-2.7135574774710003,15,-0.8535574774710004,0.005,0.0,162,0.8125,0.1,-2.275816477471,13,-0.9258164774709998,0.8435511242158356,0.8436519528229459,0.8485229748075775,0.8505917876853917,0.745972683541745,0.7694068250924838,0.8549326058165148,0.8544509481944627
26,56,3.995,30.05,0.87,0.003455789,6.91e-05,Day:1993md,27.89521972,8.854707275,0.0089,4.0039,3.125,3.1339,1.0,0.0,0.0,0.003455789,6.91e-05,0.524471440224296,0.06720562911559398,0.932794370884406,0.07204763580624378,0.04070552396932792,0.8292944760306721,4.433234524286382,1.0044605324866345,3.3560811039599745,3.373137142614691,4.130037142614691,2.0322492816125415,-0.8431298614309743,-0.8601859000856908,0.8500301319102642,-0.000531869831970596,-6.497433755917652,-0.1299190062049245,0.0001723613638343297,0.00017197823335201857,7426.20943835983,7393.23168823325,25.663412888780076,0.5131510721906642,6.590856026594497e-05,1.3178702502892387e-06,25.549448742647893,0.5108723096569175,6.561587850821999e-05,1.31201795159311e-06,"[1.770,2.067]",1.921,"[3.000,3.500]",3.25,0.002,0.0,414,0.8290000000000001,0.12,-2.7135574774710003,15,-0.8535574774710004,0.005,0.0,165,0.8275,0.1,-2.275816477471,14,-0.8258164774709997,0.8573265397560093,0.8586519528229459,0.8475051447160422,0.8497734753836947,0.745972683541745,0.8226962195437789,0.8549326058165148,0.8517134177845582
26,56,3.995,30.05,0.885,0.00531183,0.000106237,Day:1993md,19.20242059,5.685422915,0.0089,4.0039,3.1100000000000003,3.1189000000000004,1.0,0.0,0.0,0.00531183,0.000106237,0.524471440224296,0.06720562911559398,0.932794370884406,0.07204763580624378,0.04070552396932792,0.8442944760306721,4.433234524286382,1.0044605324866345,3.339971914660967,3.356992065509736,4.140217065509736,2.034752335177364,-0.798872482131967,-0.8158926329807357,0.8491023226093931,-0.000515147790457015,-10.31127396525877,-0.20622625578137782,0.0001723613638343297,0.00017197823335201857,7526.5955048501555,7493.171967859579,39.9799958005282,0.799602926648766,0.00010267628760332808,2.0535334839621684e-06,39.80245565403555,0.7960521103494982,0.00010222033049834568,2.0444143075273028e-06,"[1.770,2.067]",1.921,"[3.000,3.500]",3.25,0.002,0.0,422,0.845,0.12,-2.7135574774710003,15,-0.8535574774710004,0.005,0.0,168,0.8425,0.1,-2.275816477471,14,-0.8258164774709997,0.873065490654831,0.8736519528229459,0.8463047294135085,0.8489423566220841,0.745972683541745,0.8226962195437789,0.8549326058165148,0.8517134177845582
26,56,3.995,30.05,0.9,0.00809872,0.000161974,Day:1993md,12.71805852,3.766027224,0.0089,4.0039,3.095,3.1039000000000003,1.0,0.0,0.0,0.00809872,0.000161974,0.524471440224296,0.06720562911559398,0.932794370884406,0.07204763580624378,0.04070552396932792,0.8592944760306721,4.433234524286382,1.0044605324866345,3.323862725361959,3.3408469884047802,4.15084698840478,2.037362753268249,-0.7546151028329589,-0.77159936587578,0.8481536359405448,-0.0004985615698677573,-16.244172213570682,-0.32488264196328526,0.00017236136383432966,0.00017197823335201855,7630.056634410515,7596.1736550480555,61.79369226623312,1.2358707933020088,0.00015869803866051124,3.1739529350314186e-06,61.51928350361079,1.2303826316027537,0.0001579933043935929,3.159858284500244e-06,"[1.770,2.067]",1.921,"[3.000,3.500]",3.25,0.002,0.0,429,0.859,0.12,-2.7135574774710003,16,-0.7335574774710003,0.005,0.0,171,0.8575,0.1,-2.275816477471,15,-0.7258164774709999,0.8868332423152339,0.888651952822946,0.8452207538958825,0.8480985111291849,0.7812279515929325,0.8759856139950739,0.8527699776990505,0.8488119072688589
26,56,3.995,30.05,0.915,0.012249325,0.000244986,Day:1993md,15.67433326,2.710353428,0.0089,4.0039,3.08,3.0889,1.0,0.0,0.0,0.012249325,0.000244986,0.524471440224296,0.06720562911559398,0.932794370884406,0.07204763580624378,0.04070552396932792,0.8742944760306721,4.433234524286382,1.0044605324866345,3.307753536062951,3.3247019112998246,4.161926911299824,2.0400801237451005,-0.7103577235339507,-0.7273060987708244,0.8471838857056936,-0.00048211485114475457,-25.407483239553123,-0.508148627693784,0.0001723613638343297,0.00017197823335201857,7736.670730180268,7702.314306991662,94.76899419196542,1.895376015503943,0.00024338493060581596,4.8676886774900995e-06,94.34815119849064,1.8869591728126593,0.0002423041251837881,4.8460726131664815e-06,"[1.770,2.067]",1.921,"[3.000,3.500]",3.25,0.002,0.0,437,0.875,0.12,-2.7135574774710003,16,-0.7335574774710003,0.005,0.0,174,0.8725,0.1,-2.275816477471,15,-0.7258164774709999,0.9025634418004529,0.903651952822946,0.8439421537944312,0.8472420196104246,0.7812279515929325,0.8759856139950739,0.8527699776990505,0.8488119072688589
26,56,3.995,30.05,0.93,0.018381786,0.000367636,Day:1993md,12.13157435,1.893178389,0.0089,4.0039,3.065,3.0739,1.0,0.0,0.0,0.018381786,0.000367636,0.524471440224296,0.06720562911559398,0.932794370884406,0.07204763580624378,0.04070552396932792,0.8892944760306721,4.433234524286382,1.0044605324866345,3.291644346763943,3.308556834194869,4.1734568341948695,2.0429040198195483,-0.6661003442349429,-0.6830128316658688,0.8461928850252589,-0.00046581118668412427,-39.46188182136779,-0.7892382375292786,0.00017236136383432966,0.00017197823335201855,7846.51804468344,7811.673819835074,144.23301554250943,2.8846625078752415,0.000370418012538719,7.408365893155567e-06,143.5925164580109,2.8718525164288873,0.00036877308819861256,7.375467381297177e-06,"[1.770,2.067]",1.921,"[3.000,3.500]",3.25,0.002,0.0,444,0.889,0.12,-2.7135574774710003,16,-0.7335574774710003,0.005,0.0,177,0.8875000000000001,0.1,-2.275816477471,15,-0.7258164774709999,0.9163235423581426,0.918651952822946,0.8427873827920781,0.8463729637295603,0.7812279515929325,0.8759856139950739,0.8527699776990505,0.8488119072688589
26,56,3.995,30.05,0.945,0.027371172,0.000547423,Day:1993md,10.22974106,1.855967293,0.0089,4.0039,3.0500000000000003,3.0589000000000004,1.0,0.0,0.0,0.027371172,0.000547423,0.524471440224296,0.06720562911559398,0.932794370884406,0.07204763580624378,0.04070552396932792,0.904294476030672,4.433234524286382,1.0044605324866345,3.2755351574649354,3.2924117570899134,4.185436757089914,2.045834000374887,-0.6218429649359352,-0.6387195645609132,0.8451804463564859,-0.00044965399821825735,-60.87163042796813,-1.2174316300291999,0.0001723613638343297,0.00017197823335201857,7959.681247281303,7924.334495827705,217.86580448451105,4.357312587430473,0.0005595211193065348,1.1190413391656786e-05,216.8983224708334,4.33796296270949,0.0005570364401689222,1.1140719848846513e-05,"[1.770,2.067]",1.921,"[3.000,3.500]",3.25,0.002,0.0,452,0.905,0.12,-2.7135574774710003,17,-0.6135574774710002,0.005,0.0,180,0.9025,0.1,-2.275816477471,16,-0.6258164774709998,0.9320450050118438,0.9336519528229459,0.8414249999155059,0.8454914260900732,0.8157747537766752,0.9292750084463691,0.8504860244354367,0.8457499402928799
26,56,3.995,30.05,0.96,0.040444952,0.000808899,Day:1993md,8.38176304,1.095315925,0.0089,4.0039,3.035,3.0439000000000003,1.0,0.0,0.0,0.040444952,0.000808899,0.524471440224296,0.06720562911559398,0.932794370884406,0.07204763580624378,0.04070552396932792,0.919294476030672,4.433234524286382,1.0044605324866345,3.2594259681659277,3.276266679984958,4.1978666799849575,2.0488696102936754,-0.5775855856369279,-0.594426297455958,0.8441463815124044,-0.0004336465749422275,-93.26708508049043,-1.865341609368794,0.0001723613638343297,0.00017197823335201857,8076.24549362922,8040.381112472116,326.6433613300501,6.532866903551182,0.0008388827222237711,1.6777653614821604e-05,325.19282815564134,6.503856241497582,0.0008351574751743006,1.6703148677516454e-05,"[1.770,2.067]",1.921,"[3.000,3.500]",3.25,0.002,0.0,459,0.919,0.12,-2.7135574774710003,17,-0.6135574774710002,0.005,0.0,183,0.9175,0.1,-2.275816477471,16,-0.6258164774709998,0.945797467208422,0.9486519528229459,0.8401942715190377,0.8445974902164401,0.8157747537766752,0.9292750084463691,0.8504860244354367,0.8457499402928799
26,56,3.995,30.05,0.975,0.059308421,0.001186168,Day:1993md,6.120547375,0.785723161,0.0089,4.0039,3.02,3.0289,1.0,0.0,0.0,0.059308421,0.001186168,0.524471440224296,0.06720562911559398,0.932794370884406,0.07204763580624378,0.04070552396932792,0.9342944760306721,4.433234524286382,1.0044605324866345,3.243316778866919,3.260121602880002,4.210746602880002,2.0520103807924563,-0.5333282063379188,-0.5501330303510019,0.8430905016813743,-0.0004177920718840457,-141.95678901360412,-2.839134774987329,0.00017236136383432974,0.00017197823335201863,8196.298497204016,8159.900993733746,486.1095219138431,9.722186995831493,0.0012484223692210254,2.496843854356138e-05,483.9508434546794,9.67901344193517,0.0012428784694311892,2.485756058702448e-05,"[1.770,2.067]",1.921,"[3.000,3.500]",3.25,0.002,0.0,467,0.935,0.12,-2.7135574774710003,18,-0.49355747747100054,0.005,0.0,186,0.9325,0.1,-2.275816477471,17,-0.5258164774709999,0.9615102075722106,0.9636519528229459,0.8387418851894205,0.8436912405352874,0.8496541580601374,0.9825644028976641,0.8480757511195126,0.8425311956014655
26,56,3.995,30.05,0.99,0.086303885,0.001726078,Day:1993md,6.384417125,0.942020165,0.0089,4.0039,3.005,3.0139,1.0,0.0,0.0,0.086303885,0.001726078,0.524471440224296,0.06720562911559398,0.932794370884406,0.07204763580624378,0.04070552396932792,0.9492944760306721,4.433234524286382,1.0044605324866345,3.2272075895679113,3.243976525775046,4.224076525775046,2.0552558297630603,-0.48907082703891147,-0.5058397632460463,0.8420126174472277,-0.0004020935085175663,-214.63635490705673,-4.292727844236244,0.00017236136383432971,0.0001719782333520186,8319.93060297059,8282.984083380396,718.0423339667544,14.36084917531427,0.0018440702585756997,3.688141158166665e-05,714.8537057888921,14.297076600673067,0.0018358812506157251,3.671763139400144e-05,"[1.770,2.067]",1.921,"[3.000,3.500]",3.25,0.002,0.0,474,0.9490000000000001,0.12,-2.7135574774710003,18,-0.49355747747100054,0.005,0.0,189,0.9475,0.1,-2.275816477471,17,-0.5258164774709999,0.9752550441139434,0.9786519528229459,0.837429457033156,0.8427727623564358,0.8496541580601374,0.9825644028976641,0.8480757511195126,0.8425311956014655
26,56,3.995,30.05,1.005,0.124608072,0.002492161,Day:1993md,6.034922052,0.818566553,0.0089,4.0039,2.99,2.9989000000000003,1.0,0.0,0.0,0.124608072,0.002492161,0.524471440224296,0.06720562911559398,0.932794370884406,0.07204763580624378,0.04070552396932792,0.964294476030672,4.433234524286382,1.0044605324866345,3.211098400268904,3.227831448670091,4.23785644867009,2.0586054621199494,-0.44481344773990417,-0.4615464961410911,0.8409125388100143,-0.00038655376761615335,-322.3563768850273,-6.4471263994371615,0.00017236136383432966,0.00017197823335201855,8447.234863259284,8409.723020522644,1052.593650041923,21.051869284055122,0.0027032621233970583,5.406523292252959e-05,1047.919371641343,20.958383732548736,0.0026912576810806934,5.382514411859083e-05,"[1.770,2.067]",1.921,"[3.000,3.500]",3.25,0.002,0.0,482,0.965,0.12,-2.7135574774710003,18,-0.49355747747100054,0.005,0.0,192,0.9625,0.1,-2.275816477471,18,-0.4258164774709998,0.9909590766891583,0.9936519528229459,0.8358801391462775,0.8418421418538441,0.8496541580601374,1.0358537973489592,0.8480757511195126,0.8391594964894984
26,56,3.995,30.05,1.02,0.178466498,0.00356933,Day:1993md,3.630933579,0.507097976,0.0089,4.0039,2.975,2.9839,1.0,0.0,0.0,0.178466498,0.00356933,0.524471440224296,0.06720562911559398,0.932794370884406,0.07204763580624378,0.04070552396932792,0.9792944760306721,4.433234524286382,1.0044605324866345,3.194989210969896,3.2116863715651354,4.252086371565135,2.0620587701530564,-0.400556068440896,-0.4172532290361355,0.8397900752073595,-0.00037117559434454955,-480.81420416433866,-9.616284191052479,0.0001723613638343297,0.00017197823335201857,8578.30711592809,8540.213217428964,1530.9404297481663,30.618808938095608,0.003931748283633103,7.863496655389148e-05,1524.1419450878598,30.48283924336572,0.003914288472738395,7.828577033208402e-05,"[1.770,2.067]",1.921,"[3.000,3.500]",3.25,0.002,0.0,489,0.979,0.12,-2.7135574774710003,19,-0.37355747747100043,0.005,0.0,195,0.9775,0.1,-2.275816477471,18,-0.4258164774709998,1.00469630024714,1.0086519528229458,0.8344796082354441,0.8408994660464583,0.8829034116990423,1.0358537973489592,0.8455334519554006,0.8391594964894984
26,56,3.995,30.05,1.035,0.253456249,0.005069125,Day:1993md,3.116908746,0.386259958,0.0089,4.0039,2.96,2.9689,1.0,0.0,0.0,0.253456249,0.005069125,0.524471440224296,0.06720562911559398,0.932794370884406,0.07204763580624378,0.04070552396932792,0.994294476030672,4.433234524286382,1.0044605324866345,3.178880021670888,3.1955412944601798,4.266766294460179,2.06561523388558,-0.3562986891418882,-0.37295996193117986,0.8386450355364438,-0.00035596159558575505,-712.0325679598197,-14.240651415382231,0.00017236136383432966,0.00017197823335201855,8713.246064886836,8674.552939692308,2208.4266642202283,44.168533458669486,0.005671662709963036,0.00011343325464680643,2198.619649846336,43.972393170417774,0.005646476418463465,0.00011292952881482757,"[1.770,2.067]",1.921,"[3.000,3.500]",3.25,0.002,0.0,497,0.995,0.12,-2.7135574774710003,19,-0.37355747747100043,0.005,0.0,198,0.9925,0.1,-2.275816477471,19,-0.32581647747099973,1.0203916394949601,1.023651952822946,0.8328256240564844,0.839944822778973,0.8829034116990423,1.0891431918002543,0.8455334519554006,0.8356388000286135
26,56,3.995,30.05,1.05,0.356753192,0.007135064,Day:1993md,2.887150058,0.302730298,0.0089,4.0039,2.9450000000000003,2.9539000000000004,1.0,0.0,0.0,0.356753192,0.007135064,0.524471440224296,0.06720562911559398,0.932794370884406,0.07204763580624378,0.04070552396932792,1.0092944760306721,4.433234524286382,1.0044605324866345,3.16277083237188,3.179396217355224,4.281896217355224,2.0692743214361946,-0.31204130984288003,-0.32866669482622424,0.8374772281766106,-0.0003409142394991007,-1046.4602256689868,-20.929204982705983,0.00017236136383432971,0.0001719782333520186,8852.153363063466,8812.843388827976,3158.0339683464263,63.160680783273065,0.008110436169448851,0.00016220872702642114,3144.0100095604776,62.880201601264496,0.008074419956920278,0.00016148840275969676,"[2.067,2.357]",2.213,"[3.000,3.500]",3.25,0.002,0.0,504,1.0090000000000001,0.12,-3.920685477471,29,-0.3806854774709998,0.005,0.0,201,1.0075,0.1,-2.275816477471,19,-0.32581647747099973,1.0454657133950107,1.0386519528229459,0.8435302403065572,0.8389783007025156,1.1869760495301955,1.0891431918002543,0.8317445419973817,0.8356388000286135
26,56,3.995,30.05,1.065,0.502494458,0.010049889,Day:1993md,2.368185324,0.17930546,0.0089,4.0039,2.93,2.9389000000000003,1.0,0.0,0.0,0.502494458,0.010049889,0.524471440224296,0.06720562911559398,0.932794370884406,0.07204763580624378,0.04070552396932792,1.024294476030672,4.433234524286382,1.0044605324866345,3.146661643072872,3.1632511402502685,4.297476140250268,2.0730354893851355,-0.2677839305438723,-0.2843734277212686,0.8362864610126122,-0.00032603585530513175,-1541.2245304422836,-30.824490118102098,0.0001723613638343297,0.00017197823335201857,8995.133697895613,8955.188787385536,4520.004832161592,90.40009520401044,0.011608238240718495,0.00023216476111817365,4499.932736004972,89.99865328726924,0.011556689252868136,0.0002311337813775803,"[2.067,2.357]",2.213,"[3.000,3.500]",3.25,0.002,0.0,512,1.025,0.12,-3.920685477471,30,-0.2606854774710001,0.005,0.0,204,1.0225,0.1,-2.275816477471,19,-0.32581647747099973,1.0611490302483588,1.0536519528229458,0.842375552790857,0.8379999892552565,1.2150229672392925,1.0891431918002543,0.8289978102926792,0.8356388000286135
26,56,3.995,30.05,1.08,0.855121098,0.017102422,Day:1993md,1.613806517,0.115188364,0.0089,4.0039,2.915,2.9239,1.0,0.0,0.0,0.855121098,0.017102422,0.524471440224296,0.06720562911559398,0.932794370884406,0.07204763580624378,0.04070552396932792,1.0392944760306722,4.433234524286382,1.0044605324866345,3.1305524537738645,3.147106063145313,4.313506063145313,2.0768981831436304,-0.2235265512448641,-0.24008016061631254,0.8350725414585003,-0.0003113286332923716,-2746.683107675958,-54.93366228200076,0.0001723613638343297,0.00017197823335201857,9142.294879434094,9101.696466661066,7817.76923554146,156.35538507652097,0.020077528933464775,0.00040155057960846206,7783.052676233931,155.66105388874647,0.01998837015901561,0.0003997674041153082,"[2.067,2.357]",2.213,"[3.000,3.500]",3.25,0.002,0.0,519,1.039,0.12,-3.920685477471,30,-0.2606854774710001,0.005,0.0,207,1.0375,0.1,-2.275816477471,20,-0.22581647747099964,1.0748681425834903,1.068651952822946,0.8413370268260046,0.837009978642956,1.2150229672392925,1.1424325862515496,0.8289978102926792,0.8319731861232098
26,56,3.995,30.05,1.095,1.277368282,0.025547366,Day:1993md,1.338689886,0.082983116,0.0089,4.0039,2.9000000000000004,2.9089000000000005,1.0,0.0,0.0,1.277368282,0.025547366,0.524471440224296,0.06720562911559398,0.932794370884406,0.07204763580624378,0.04070552396932792,1.054294476030672,4.433234524286382,1.0044605324866345,3.1144432644748568,3.1309609860403578,4.329985986040358,2.0808618373261494,-0.1792691719458568,-0.1957868935113578,0.8338352764821727,-0.0002967946250405233,-4303.879431191156,-86.07758983678309,0.0001723613638343297,0.00017197823335201857,9293.747931148286,9252.476957099307,11871.53882815194,237.43077990878805,0.03048838576909758,0.0006097677239744765,11818.82059493453,236.37641522958228,0.030352995247728425,0.0006070599135089363,"[2.067,2.357]",2.213,"[3.000,3.500]",3.25,0.002,0.0,527,1.055,0.12,-3.920685477471,31,-0.14068547747100002,0.005,0.0,210,1.0525,0.1,-2.275816477471,20,-0.22581647747099964,1.0905428004481266,1.0836519528229458,0.8401169027963065,0.8360083598194529,1.2427092380131848,1.1424325862515496,0.8261309239050421,0.8319731861232098
26,56,3.995,30.05,1.11,1.782998896,0.035659978,Day:1993md,1.189008027,0.091979866,0.0089,4.0039,2.885,2.8939,1.0,0.0,0.0,1.782998896,0.035659978,0.524471440224296,0.06720562911559398,0.932794370884406,0.07204763580624378,0.04070552396932792,1.0692944760306722,4.433234524286382,1.0044605324866345,3.0983340751758486,3.1148159089354013,4.346915908935402,2.0849258761249527,-0.13501179264684815,-0.15149362640640085,0.8325744726305787,-0.0002824357438541873,-6312.936428189863,-126.25872884704754,0.00017236136383432963,0.00017197823335201852,9449.607183527143,9407.644081479011,16848.639175862565,336.97278427321993,0.04327053285290014,0.000865410658999475,16773.81901123801,335.4763809773718,0.0430783803379312,0.0008615676086914748,"[2.067,2.357]",2.213,"[3.000,3.500]",3.25,0.002,0.0,534,1.069,0.12,-3.920685477471,31,-0.14068547747100002,0.005,0.0,213,1.0675000000000001,0.1,-2.275816477471,21,-0.125816477471,1.1042543424403775,1.098651952822946,0.8390193018173879,0.8349952244671045,1.2427092380131848,1.1957219807028445,0.8261309239050421,0.8281668464484061
26,56,3.995,30.05,1.125,2.386809228,0.047736185,Day:1993md,1.068371938,0.07541449,0.0089,4.0039,2.87,2.8789000000000002,1.0,0.0,0.0,2.386809228,0.047736185,0.524471440224296,0.06720562911559398,0.932794370884406,0.07204763580624378,0.04070552396932792,1.084294476030672,4.433234524286382,1.0044605324866345,3.0822248858768404,3.098670831830446,4.364295831830447,2.089089713686429,-0.0907544133478404,-0.10720035930144611,0.8312899360555972,-0.00026825376540075675,-8897.579590110265,-177.9515934424432,0.00017236136383432974,0.00017197823335201863,9609.990370573096,9567.315050978339,22937.213697475006,458.74427817789586,0.0589071585242594,0.0011781431813445182,22835.355850858392,456.70712122678646,0.058645568062718506,0.0011729113720654772,"[2.067,2.357]",2.213,"[3.000,3.500]",3.25,0.002,0.0,542,1.085,0.12,-3.920685477471,31,-0.14068547747100002,0.005,0.0,216,1.0825,0.1,-2.275816477471,21,-0.125816477471,1.1199203556427406,1.1136519528229458,0.8377294843646533,0.8339706649771825,1.2427092380131848,1.1957219807028445,0.8261309239050421,0.8281668464484061
26,56,3.995,30.05,1.14,3.103680299,0.062073606,Day:1993md,0.918264681,0.060251051,0.0089,4.0039,2.8550000000000004,2.8639000000000006,1.0,0.0,0.0,3.103680299,0.062073606,0.524471440224296,0.06720562911559398,0.932794370884406,0.07204763580624378,0.04070552396932792,1.099294476030672,4.433234524286382,1.0044605324866345,3.066115696577833,3.082525754725491,4.382125754725491,2.0933527544887154,-0.0464970340488331,-0.06290709219649093,0.8299814725405912,-0.0002542503285457239,-12207.183041817938,-244.1436609150214,0.00017236136383432971,0.0001719782333520186,9775.018729290434,9731.61056422145,30338.533052454735,606.7706612445951,0.07791516439118192,0.0015583032883257205,30203.80798571439,604.07615990892,0.0775691646124669,0.001551383292749191,"[2.067,2.357]",2.213,"[3.000,3.500]",3.25,0.002,0.0,549,1.099,0.12,-3.920685477471,32,-0.020685477470999913,0.005,0.0,219,1.0975,0.1,-2.275816477471,22,-0.02581647747099991,1.13362433981046,1.1286519528229457,0.8365689051919586,0.832934774430235,1.2700484264524539,1.2490113751541396,0.8231374049928778,0.8242240733215743
26,56,3.995,30.05,1.155,3.947589463,0.078951789,Day:1993md,0.97527872,0.054970255,0.0089,4.0039,2.84,2.8489,1.0,0.0,0.0,3.947589463,0.078951789,0.524471440224296,0.06720562911559398,0.932794370884406,0.07204763580624378,0.04070552396932792,1.114294476030672,4.433234524286382,1.0044605324866345,3.050006507278825,3.0663806776205345,4.400405677620535,2.0977143937201115,-0.002239654749824904,-0.01861382509153442,0.8286488875276472,-0.00024042693637829957,-16419.08149920718,-328.38162890273395,0.0001723613638343297,0.00017197823335201857,9944.81710227354,9900.654909411154,39258.05520439722,785.1611015022919,0.10082220586078114,0.002016444110575172,39083.72099719069,781.6744173696435,0.10037448222200078,0.002007489637829053,"[2.067,2.357]",2.213,"[3.000,3.500]",3.25,0.002,0.0,557,1.115,0.12,-3.920685477471,32,-0.020685477470999913,0.005,0.0,222,1.1125,0.1,-2.275816477471,22,-0.02581647747099991,1.1492817226375394,1.1436519528229458,0.8352047175245508,0.8318876465764176,1.2700484264524539,1.2490113751541396,0.8231374049928778,0.8242240733215743
26,56,3.995,30.05,1.17,4.929297751,0.098585955,Day:1993md,0.864220466,0.040979468,0.0089,4.0039,2.825,2.8339000000000003,1.0,0.0,0.0,4.929297751,0.098585955,0.524471440224296,0.06720562911559398,0.932794370884406,0.07204763580624378,0.04070552396932792,1.129294476030672,4.433234524286382,1.0044605324866345,3.033897317979817,3.0502356005155793,4.419135600515579,2.10217401765781,0.042017724549182844,0.02567944201342076,0.82729198614551,-0.00022678495741990922,-21735.558685548258,-434.7111736227759,0.0001723613638343297,0.00017197823335201857,10119.514043504929,10074.576069657152,49882.097815861765,997.641956114845,0.12810678238068,0.0025621356470938226,49660.58516243942,993.211703047297,0.12753789545472716,0.0025507579085770745,"[2.067,2.357]",2.213,"[3.000,3.500]",3.25,0.002,0.0,564,1.129,0.12,-3.920685477471,32,-0.020685477470999913,0.005,0.0,225,1.1275,0.1,-2.275816477471,23,0.07418352252900018,1.1629781614646149,1.1586519528229458,0.8339768680564985,0.8308293758158065,1.2700484264524539,1.3023007696054347,0.8231374049928778,0.8201492485577275
26,56,3.995,30.05,1.185,6.057262589,0.121145252,Day:1993md,0.820502649,0.035164399,0.0089,4.0039,2.81,2.8189,1.0,0.0,0.0,6.057262589,0.121145252,0.524471440224296,0.06720562911559398,0.932794370884406,0.07204763580624378,0.04070552396932792,1.1442944760306721,4.433234524286382,1.0044605324866345,3.0177881286808095,3.0340905234106237,4.4383155234106235,2.1067310040464644,0.08627510384819059,0.06997270911837639,0.8259105732382166,-0.0002133256270078462,-28394.444089819604,-567.8888828276794,0.00017236136383432966,0.00017197823335201855,10299.241927477588,10253.505831613778,62385.21282237024,1247.704258713238,0.16021717675767966,0.003204343540972687,62108.17727992747,1242.1635478543208,0.15950569641700832,0.0031901139341334196,"[2.067,2.357]",2.213,"[3.000,3.500]",3.25,0.002,0.0,572,1.145,0.12,-3.920685477471,33,0.09931452252899975,0.005,0.0,228,1.1425,0.1,-2.275816477471,23,0.07418352252900018,1.1786269281640784,1.1736519528229459,0.8325331624836826,0.8297600571786948,1.2970532675790754,1.3023007696054347,0.820010202355662,0.8201492485577275
26,56,3.995,30.05,1.2,7.334903589,0.146698072,Day:1993md,0.818006662,0.032856601,0.0089,4.0039,2.795,2.8039,1.0,0.0,0.0,7.334903589,0.146698072,0.524471440224296,0.06720562911559398,0.932794370884406,0.07204763580624378,0.04070552396932792,1.159294476030672,4.433234524286382,1.0044605324866345,3.001678939381801,3.017945446305668,4.4579454463056685,2.1113847224761453,0.13053248314719923,0.11426597622333201,0.8245044533944383,-0.00020005004884612678,-36665.342654536485,-733.3068541904546,0.00017236136383432974,0.00017197823335201863,10484.137061760728,10437.579897545882,76900.13456187668,1538.002693544044,0.19749427619763688,0.003949885529876298,76558.64225098354,1531.1728473159385,0.19661725852853734,0.003932345176468002,"[2.067,2.357]",2.213,"[3.000,3.500]",3.25,0.002,0.0,579,1.159,0.12,-3.920685477471,33,0.09931452252899975,0.005,0.0,231,1.1575,0.1,-2.275816477471,23,0.07418352252900018,1.1923158341000928,1.1886519528229458,0.8312333138170512,0.8286797863058827,1.2970532675790754,1.3023007696054347,0.820010202355662,0.8201492485577275
26,56,3.995,30.05,1.215,8.761592582,0.175231852,Day:1993md,0.90851063,0.05604004,0.0089,4.0039,2.7800000000000002,2.7889000000000004,1.0,0.0,0.0,8.761592582,0.175231852,0.524471440224296,0.06720562911559398,0.932794370884406,0.07204763580624378,0.04070552396932792,1.1742944760306722,4.433234524286382,1.0044605324866345,2.9855697500827936,3.001800369200713,4.478025369200713,2.116134534759242,0.17478986244620653,0.1585592433282872,0.82307343097754,-0.00018695919671537643,-46863.66188948973,-937.2732397153484,0.0001723613638343297,0.00017197823335201857,10674.339803133196,10626.938000946524,93524.21643687916,1870.4843325803454,0.24018810288674516,0.004803762067603853,93108.90115846698,1862.178026995037,0.23912149369586222,0.004782429883742368,"[2.067,2.357]",2.213,"[3.000,3.500]",3.25,0.002,0.0,587,1.175,0.12,-3.920685477471,33,0.09931452252899975,0.005,0.0,234,1.1725,0.1,-2.275816477471,24,0.17418352252900027,1.2079559988804505,1.203651952822946,0.8297044130024371,0.8275886594289666,1.2970532675790754,1.3555901640567298,0.820010202355662,0.8159468323573564
26,56,3.995,30.05,1.23,10.33303669,0.206660734,Day:1993md,0.89034814,0.050517579,0.0089,4.0039,2.765,2.7739000000000003,1.0,0.0,0.0,10.33303669,0.206660734,0.524471440224296,0.06720562911559398,0.932794370884406,0.07204763580624378,0.04070552396932792,1.189294476030672,4.433234524286382,1.0044605324866345,2.969460560783786,2.985655292095757,4.498555292095757,2.1209797953058764,0.21904724174521428,0.20285251043324326,0.8216173101563611,-0.0001740539163334084,-59366.87267758219,-1187.3374547007131,0.00017236136383432966,0.00017197823335201855,10869.994677414079,10821.724025835447,112320.05382182439,2246.401078610487,0.2884594137370711,0.005769188280324668,111821.27140801218,2236.4254303245884,0.2871784449538931,0.005743568904636314,"[2.067,2.357]",2.213,"[2.500,3.000]",2.75,0.002,0.0,594,1.189,0.12,-3.920685477471,34,0.21931452252899986,0.005,0.0,237,1.1875,0.1,-1.775816477471,19,0.17418352252900027,1.2216373843407595,1.2138593446963388,0.8283273442080414,0.8187984635285347,1.3237357361743323,1.0891431918002543,0.8167416368061012,0.8290142825369624
26,56,3.995,30.05,1.245,12.04249263,0.240849853,Day:1993md,0.792194797,0.044176901,0.0089,4.0039,2.75,2.7589,1.0,0.0,0.0,12.04249263,0.240849853,0.524471440224296,0.06720562911559398,0.932794370884406,0.07204763580624378,0.04070552396932792,1.2042944760306722,4.433234524286382,1.0044605324866345,2.9533513714847777,2.9695102149908013,4.5195352149908015,2.1259198514974176,0.2633046210442225,0.24714577753819889,0.820135894936726,-0.00016133492735802477,-74642.81186476146,-1492.8562397745436,0.00017236136383432966,0.00017197823335201855,11071.250503125346,11022.086129872567,133325.45258877077,2666.5090562039154,0.3424053014699829,0.006848106040772894,132733.3909862156,2654.6678241331465,0.3408847738619726,0.006817695488562182,"[2.067,2.357]",2.213,"[2.500,3.000]",2.75,0.002,0.0,602,1.205,0.12,-3.920685477471,34,0.21931452252899986,0.005,0.0,240,1.2025000000000001,0.1,-1.775816477471,20,0.27418352252900036,1.2372689613715266,1.228859344696339,0.8267069732978297,0.8175133141697937,1.3237357361743323,1.1424325862515496,0.8167416368061012,0.8247538291946226
26,56,3.995,30.05,1.26,13.88188186,0.277637637,Day:1993md,0.828417942,0.041637006,0.0089,4.0039,2.7350000000000003,2.7439000000000004,1.0,0.0,0.0,13.88188186,0.277637637,0.524471440224296,0.06720562911559398,0.932794370884406,0.07204763580624378,0.04070552396932792,1.219294476030672,4.433234524286382,1.0044605324866345,2.9372421821857704,2.9533651378858456,4.540965137885846,2.1309540440576953,0.3075620003432298,0.2914390446431545,0.8186289891936925,-0.0001488028255234669,-93290.44533371957,-1865.8089053303308,0.00017236136383432966,0.00017197823335201855,11278.26051912733,11228.176871426655,156563.48011282788,3131.2696000009055,0.4020850075234442,0.008041700144675938,155868.22483232923,3117.3644944009493,0.40029945878315976,0.008005989169895974,"[2.067,2.357]",2.213,"[2.500,3.000]",2.75,0.002,0.0,609,1.219,0.12,-3.920685477471,35,0.33931452252899996,0.005,0.0,243,1.2175,0.1,-1.775816477471,20,0.27418352252900036,1.25094283873743,1.2438593446963389,0.8252469075085879,0.8162164837113736,1.3501071088387828,1.1424325862515496,0.8133233391007515,0.8247538291946226
26,56,3.995,30.05,1.275,15.84380176,0.316876035,Day:1993md,0.883626305,0.040773042,0.0089,4.0039,2.72,2.7289000000000003,1.0,0.0,0.0,15.84380176,0.316876035,0.524471440224296,0.06720562911559398,0.932794370884406,0.07204763580624378,0.04070552396932792,1.234294476030672,4.433234524286382,1.0044605324866345,2.9211329928867618,2.93722006078089,4.56284506078089,2.1360817074215324,0.351819379642238,0.3357323117481097,0.8170963967045426,-0.00013645808490188484,-116107.46092026649,-2322.1492169396784,0.00017236136383432974,0.00017197823335201863,11491.182516373852,11440.153340745377,182064.01777740527,3641.2803532498688,0.4675752730139938,0.009351505454377565,181255.5216347715,3625.1104304073992,0.4654989000478378,0.009309977995080656,"[2.067,2.357]",2.213,"[2.500,3.000]",2.75,0.002,0.0,617,1.235,0.12,-3.920685477471,35,0.33931452252899996,0.005,0.0,246,1.2325,0.1,-1.775816477471,21,0.374183522529,1.266565842149248,1.2588593446963388,0.8235281154436301,0.8149081024091522,1.3501071088387828,1.1957219807028445,0.8133233391007515,0.8203366249487521
26,56,3.995,30.05,1.29,17.92097908,0.358419582,Day:1993md,0.842587893,0.029574277,0.0089,4.0039,2.705,2.7139,1.0,0.0,0.0,17.92097908,0.358419582,0.524471440224296,0.06720562911559398,0.932794370884406,0.07204763580624378,0.04070552396932792,1.2492944760306721,4.433234524286382,1.0044605324866345,2.905023803587754,2.9210749836759344,4.585174983675935,2.1413021701002255,0.39607675894124617,0.38002557885306576,0.8155379211825236,-0.00012430106028115626,-144173.98403090512,-2883.4796838360962,0.0001723613638343297,0.00017197823335201857,11710.178973940048,11658.177295379066,209857.87241503547,4197.157452984781,0.5389552157887929,0.010779104327805452,208925.95142141922,4178.519033091656,0.5365618641626064,0.010731237295228303,"[2.067,2.357]",2.213,"[2.500,3.000]",2.75,0.002,0.0,624,1.249,0.12,-3.920685477471,35,0.33931452252899996,0.005,0.0,249,1.2475,0.1,-1.775816477471,21,0.374183522529,1.2802322237681167,1.2738593446963389,0.8219786456234098,0.8135883010196995,1.3501071088387828,1.1957219807028445,0.8133233391007515,0.8203366249487521
26,56,3.995,30.05,1.305,20.10828769,0.402165754,Day:1993md,0.840449483,0.027749752,0.0089,4.0039,2.6900000000000004,2.6989000000000005,1.0,0.0,0.0,20.10828769,0.402165754,0.524471440224296,0.06720562911559398,0.932794370884406,0.07204763580624378,0.04070552396932792,1.264294476030672,4.433234524286382,1.0044605324866345,2.8889146142887467,2.9049299065709793,4.6079549065709795,2.1466147550436196,0.440334138240253,0.4243188459580205,0.8139533663113455,-0.00011233198965039601,-179007.66961024902,-3580.1533939854166,0.00017236136383432966,0.00017197823335201855,11935.417199482807,11882.415300017397,240000.8027473744,4800.016057334571,0.616368034925943,0.012327360704649348,238935.0253048075,4778.7005084726325,0.613630914297914,0.012272618292061544,"[2.067,2.357]",2.213,"[2.500,3.000]",2.75,0.002,0.0,632,1.2650000000000001,0.12,-3.920685477471,36,0.45931452252900007,0.005,0.0,252,1.2625,0.1,-1.775816477471,22,0.4741835225290001,1.295846667652917,1.2888593446963388,0.8201537135757916,0.8122572107712341,1.376178019686742,1.2490113751541396,0.8097461793776484,0.8157683914439616
26,56,3.995,30.05,1.32,22.40220952,0.44804419,Day:1993md,0.906160617,0.041647678,0.0089,4.0039,2.675,2.6839,1.0,0.0,0.0,22.40220952,0.44804419,0.524471440224296,0.06720562911559398,0.932794370884406,0.07204763580624378,0.04070552396932792,1.2792944760306721,4.433234524286382,1.0044605324866345,2.872805424989738,2.888784829466023,4.631184829466023,2.1520187799984516,0.4845915175392621,0.468612113062977,0.8123425357804411,-0.00010055099678451592,-222794.50464333704,-4455.89008888866,0.0001723613638343297,0.00017197823335201857,12167.069474300624,12113.038870905086,272569.23960767884,5451.384787286749,0.7000100194459933,0.01400020037642092,271358.83470991993,5427.176689353184,0.6969014678088485,0.01393802934373353,"[2.067,2.357]",2.213,"[2.500,3.000]",2.75,0.002,0.0,639,1.2790000000000001,0.12,-3.920685477471,36,0.45931452252900007,0.005,0.0,255,1.2775,0.1,-1.775816477471,22,0.4741835225290001,1.3095055658383004,1.303859344696339,0.8185077159771573,0.8109149633347242,1.376178019686742,1.2490113751541396,0.8097461793776484,0.8157683914439616
26,56,3.995,30.05,1.335,24.80003128,0.496000626,Day:1993md,0.883063402,0.037862855,0.0089,4.0039,2.66,2.6689000000000003,1.0,0.0,0.0,24.80003128,0.496000626,0.524471440224296,0.06720562911559398,0.932794370884406,0.07204763580624378,0.04070552396932792,1.294294476030672,4.433234524286382,1.0044605324866345,2.856696235690731,2.872639752361068,4.654864752361068,2.157513557862631,0.5288488968382694,0.5129053801679322,0.8107052333209935,-8.89580939192716e-05,-278783.30332151375,-5575.666070926774,0.00017236136383432963,0.00017197823335201852,12405.313203167012,12350.224625009922,307652.1554767389,6153.043114496903,0.7901096677227792,0.015802193367199274,306285.9570152723,6125.719145245536,0.7866010083709212,0.015732020180105524,"[2.067,2.357]",2.213,"[2.500,3.000]",2.75,0.002,0.0,647,1.295,0.12,-3.920685477471,36,0.45931452252900007,0.005,0.0,258,1.2925,0.1,-1.775816477471,22,0.4741835225290001,1.325111464249467,1.3188593446963388,0.8165680503909843,0.8095616907951444,1.376178019686742,1.2490113751541396,0.8097461793776484,0.8157683914439616
26,56,3.995,30.05,1.35,27.2996253,0.545992506,Day:1993md,0.937741809,0.03736315,0.0089,4.0039,2.645,2.6539,1.0,0.0,0.0,27.2996253,0.545992506,0.524471440224296,0.06720562911559398,0.932794370884406,0.07204763580624378,0.04070552396932792,1.3092944760306722,4.433234524286382,1.0044605324866345,2.840587046391722,2.8564946752561116,4.678994675256112,2.1630983970351676,0.573106276137278,0.5571986472728887,0.8090412627427389,-7.755318450829813e-05,-352011.66106955876,-7040.233221391177,0.00017236136383432971,0.0001719782333520186,12650.331069119486,12594.154434124383,345349.2981079103,6906.985962158208,0.8869231510941482,0.017738463021882967,343815.69702192914,6876.313940438584,0.8829845697356454,0.01765969139471291,"[2.067,2.357]",2.213,"[2.500,3.000]",2.75,0.002,0.0,654,1.309,0.12,-3.920685477471,37,0.5793145225290002,0.005,0.0,261,1.3075,0.1,-1.775816477471,23,0.5741835225290002,1.338762891281256,1.333859344696339,0.8148175832577333,0.8081975256228939,1.401958510455536,1.3023007696054347,0.8060001868532999,0.8110549450954775
26,56,3.995,30.05,1.365,29.89862387,0.597972477,Day:1993md,0.896362325,0.03478421,0.0089,4.0039,2.63,2.6389,1.0,0.0,0.0,29.89862387,0.597972477,0.524471440224296,0.06720562911559398,0.932794370884406,0.07204763580624378,0.04070552396932792,1.324294476030672,4.433234524286382,1.0044605324866345,2.8244778570927145,2.840349598151156,4.703574598151156,2.1687726017614564,0.6173636554362858,0.6014919143778443,0.8073504279715479,-6.633606605377226e-05,-450714.45517682744,-9014.289097506646,0.0001723613638343297,0.00017197823335201857,12902.311193394109,12845.01558408995,385761.34942498134,7715.226983338702,0.9907090400265631,0.01981418078727702,384048.2895529938,7680.965785921869,0.9863095741292809,0.019726191469390232,"[2.067,2.357]",2.213,"[2.500,3.000]",2.75,0.002,0.0,662,1.325,0.12,-3.920685477471,37,0.5793145225290002,0.005,0.0,264,1.3225,0.1,-1.775816477471,23,0.5741835225290002,1.354360258233747,1.3488593446963388,0.8127535903933636,0.8068226006453916,1.401958510455536,1.3023007696054347,0.8060001868532999,0.8110549450954775
26,56,3.995,30.05,1.38,32.59384316,0.651876863,Day:1993md,0.914283101,0.033441899,0.0089,4.0039,2.615,2.6239000000000003,1.0,0.0,0.0,32.59384316,0.651876863,0.524471440224296,0.06720562911559398,0.932794370884406,0.07204763580624378,0.04070552396932792,1.339294476030672,4.433234524286382,1.0044605324866345,2.808368667793707,2.824204521046201,4.728604521046201,2.17453547247365,0.6616210347352927,0.6457851814827991,0.8056325330877916,-5.530643300245409e-05,-589331.862327005,-11786.637242923884,0.00017236136383432966,0.00017197823335201855,13161.447300704274,13103.000939341937,428982.14907776046,8579.64297892292,1.1017083327162323,0.022034166647564423,427077.1575422438,8541.543148224275,1.0968159495414438,0.02193631898409867,"[2.067,2.357]",2.213,"[2.500,3.000]",2.75,0.002,0.0,669,1.339,0.12,-3.920685477471,38,0.6993145225290003,0.005,0.0,267,1.3375000000000001,0.1,-1.775816477471,24,0.6741835225290003,1.3680042263582735,1.363859344696339,0.8108897748926782,0.8054370490188506,1.4274580756992221,1.3555901640567298,0.8020744582973217,0.8062021805263869
26,56,3.995,30.05,1.395,35.3807108,0.707614216,Day:1993md,0.932711618,0.026257245,0.0089,4.0039,2.6,2.6089,1.0,0.0,0.0,35.3807108,0.707614216,0.524471440224296,0.06720562911559398,0.932794370884406,0.07204763580624378,0.04070552396932792,1.354294476030672,4.433234524286382,1.0044605324866345,2.792259478494699,2.808059443941245,4.754084443941245,2.1803863061258766,0.7058784140343013,0.6900784485877551,0.8038873823654981,-4.446387969903382e-05,-795718.0308934853,-15914.360617869703,0.0001723613638343297,0.00017197823335201857,13427.938890071317,13368.309112981491,475090.0225096863,9501.800450193725,1.2201221839055743,0.024402443678111483,472980.2786114027,9459.605572228053,1.214703957441762,0.024294079148835232,"[2.067,2.357]",2.213,"[2.500,3.000]",2.75,0.002,0.0,677,1.355,0.12,-3.920685477471,38,0.6993145225290003,0.005,0.0,270,1.3525,0.1,-1.775816477471,24,0.6741835225290003,1.3835930758287844,1.3788593446963389,0.8086907130383681,0.8040410042002478,1.4274580756992221,1.3555901640567298,0.8020744582973217,0.8062021805263869
26,56,3.995,30.05,1.41,38.24821589,0.764964318,Day:1993md,0.925533366,0.02562211,0.0089,4.0039,2.585,2.5939,1.0,0.0,0.0,38.24821589,0.764964318,0.524471440224296,0.06720562911559398,0.932794370884406,0.07204763580624378,0.04070552396932792,1.369294476030672,4.433234524286382,1.0044605324866345,2.776150289195691,2.7919143668362896,4.780014366836289,2.1863243965240584,0.750135793333309,0.7343717156927103,0.8021147803123027,-3.38079033888827e-05,-1131339.481482825,-22626.789635572277,0.00017236136383432971,0.0001719782333520186,13701.991411424046,13641.144642590889,524076.7256270727,10481.534515281852,1.345929421182802,0.026918588430693904,521749.4452765332,10434.988908258892,1.3399525194392952,0.026799050395792518,"[2.067,2.357]",2.213,"[2.500,3.000]",2.75,0.002,0.0,684,1.369,0.12,-3.920685477471,38,0.6993145225290003,0.005,0.0,273,1.3675,0.1,-1.775816477471,25,0.7741835225290004,1.3972295972589563,1.3938593446963388,0.8067035926817221,0.8026345999194927,1.4274580756992221,1.408879558508025,0.8020744582973217,0.8012160542805395
26,56,3.995,30.05,1.425,41.21085847,0.824217169,Day:1993md,0.924513621,0.038824719,0.0089,4.0039,2.5700000000000003,2.5789000000000004,1.0,0.0,0.0,41.21085847,0.824217169,0.524471440224296,0.06720562911559398,0.932794370884406,0.07204763580624378,0.04070552396932792,1.3842944760306721,4.433234524286382,1.0044605324866345,2.760041099896683,2.7757692897313344,4.806394289731335,2.192349034650125,0.7943931726323172,0.7786649827976659,0.8003145317101972,-2.3337907262497826e-05,-1765833.50025658,-35316.66998799211,0.00017236136383432971,0.0001719782333520186,13983.816448194237,13921.71817201818,576285.0805169907,11525.70160474629,1.4800104773369656,0.029600209532374064,573725.9572462683,11474.519139356678,1.4734381585636454,0.02946876315697145,"[2.067,2.357]",2.213,"[2.500,3.000]",2.75,0.002,0.0,692,1.385,0.12,-3.920685477471,39,0.8193145225290004,0.005,0.0,276,1.3825,0.1,-1.775816477471,25,0.7741835225290004,1.412809943186069,1.4088593446963389,0.8043573972593302,0.8012179701518052,1.4526857036435823,1.408879558508025,0.7979570535219523,0.8012160542805395
26,56,3.995,30.05,1.44,44.23742546,0.884748509,Day:1993md,0.931338105,0.035716364,0.0089,4.0039,2.555,2.5639000000000003,1.0,0.0,0.0,44.23742546,0.884748509,0.524471440224296,0.06720562911559398,0.932794370884406,0.07204763580624378,0.04070552396932792,1.399294476030672,4.433234524286382,1.0044605324866345,2.7439319105976754,2.759624212626379,4.833224212626378,2.198459508980408,0.8386505519313245,0.8229582499026211,0.798486441657082,-1.3053203534156634e-05,-3389009.0922311028,-67780.18182930016,0.0001723613638343297,0.00017197823335201857,14273.631906145592,14210.246639367604,631428.7274915933,12628.574546977141,1.6216299258359042,0.0324325985093866,628624.7264772399,12572.494526702749,1.6144287141092641,0.03228857427488636,"[2.067,2.357]",2.213,"[2.500,3.000]",2.75,0.002,0.0,699,1.399,0.12,-3.920685477471,39,0.8193145225290004,0.005,0.0,279,1.3975,0.1,-1.775816477471,25,0.7741835225290004,1.4264390301015126,1.4238593446963388,0.8022357711430895,0.7997912490903129,1.4526857036435823,1.408879558508025,0.7979570535219523,0.8012160542805395
26,56,3.995,30.05,1.455,47.32984862,0.946596972,Day:1993md,0.912743253,0.033805306,0.0089,4.0039,2.54,2.5489,1.0,0.0,0.0,47.32984862,0.946596972,0.524471440224296,0.06720562911559398,0.932794370884406,0.07204763580624378,0.04070552396932792,1.4142944760306722,4.433234524286382,1.0044605324866345,2.727822721298667,2.7434791355214223,4.860504135521422,2.2046551057980524,0.8829079312303332,0.8672515170075781,0.7966303156091248,-2.9530165475120767e-06,-16027627.29517229,-320552.5457679911,0.00017236136383432971,0.0001719782333520186,14571.662208684826,14506.953471443358,689674.5664788276,13793.491323747889,1.7712163976651831,0.03542432793833454,686611.9117407976,13732.238229013172,1.7633509136296017,0.03526701825768939,"[2.067,2.357]",2.213,"[2.500,3.000]",2.75,0.002,0.0,707,1.415,0.12,-3.920685477471,39,0.8193145225290004,0.005,0.0,282,1.4125,0.1,-1.775816477471,26,0.8741835225290004,1.4420108863858232,1.438859344696339,0.7997288467313979,0.7983545711188734,1.4526857036435823,1.46216895295932,0.7979570535219523,0.7961025688811993
26,56,3.995,30.05,1.47,50.48124666,1.009624933,Day:1993md,0.948867216,0.033873965,0.0089,4.0039,2.5250000000000004,2.5339000000000005,1.0,0.0,0.0,50.48124666,1.009624933,0.524471440224296,0.06720562911559398,0.932794370884406,0.07204763580624378,0.04070552396932792,1.429294476030672,4.433234524286382,1.0044605324866345,2.71171353199966,2.727334058416467,4.888234058416467,2.2109351094992515,0.92716531052934,0.9115447841125328,0.7947459594239296,6.963514098887186e-06,7249392.468102738,144987.84933333367,0.0001723613638343297,0.00017197823335201857,14878.138498914952,14812.068784905616,751066.9794053677,15021.33958513173,1.9288838741141034,0.03857767747464009,747731.6978757068,14954.633954551724,1.920318232254456,0.03840636463748108,"[2.067,2.357]",2.213,"[2.500,3.000]",2.75,0.002,0.0,714,1.429,0.12,-3.920685477471,40,0.9393145225289996,0.005,0.0,285,1.4275,0.1,-1.775816477471,26,0.8741835225290004,1.4556325509330037,1.4538593446963388,0.7974600707325182,0.7969080707851313,1.4776499132008745,1.46216895295932,0.7936348757843176,0.7961025688811993
26,56,3.995,30.05,1.485,53.68376428,1.073675286,Day:1993md,0.950007897,0.033902243,0.0089,4.0039,2.51,2.5189,1.0,0.0,0.0,53.68376428,1.073675286,0.524471440224296,0.06720562911559398,0.932794370884406,0.07204763580624378,0.04070552396932792,1.4442944760306722,4.433234524286382,1.0044605324866345,2.6956043427006513,2.711188981311511,4.9164139813115115,2.217298802893176,0.9714226898283491,0.9558380512174893,0.79283317940452,1.6697330412928944e-05,3215110.616630789,64302.212356571705,0.0001723613638343297,0.00017197823335201857,15193.298848703334,15125.82959441017,815633.4740293851,16312.669486665025,2.094703000374911,0.04189406002310595,812011.4704857635,16240.229415765605,2.0854010014602373,0.041708020044743166,"[2.067,2.357]",2.213,"[2.500,3.000]",2.75,0.002,0.0,722,1.445,0.12,-3.920685477471,40,0.9393145225289996,0.005,0.0,288,1.4425000000000001,0.1,-1.775816477471,27,0.9741835225290001,1.471195931437272,1.468859344696339,0.7947770424764677,0.7954518827738154,1.4776499132008745,1.5154583474106151,0.7936348757843176,0.7908677573000291
26,56,3.995,30.05,1.5,56.93788865,1.138757773,Day:1993md,0.94137667,0.025817606,0.0089,4.0039,2.495,2.5039000000000002,1.0,0.0,0.0,56.93788865,1.138757773,0.524471440224296,0.06720562911559398,0.932794370884406,0.07204763580624378,0.04070552396932792,1.459294476030672,4.433234524286382,1.0044605324866345,2.6794951534016436,2.695043904206556,4.945043904206556,2.2237454674954495,1.0156800691273564,1.000131318322444,0.7908917823441367,2.6249452863615784e-05,2169107.6361032,43382.152722064,0.0001723613638343297,0.00017197823335201857,15517.38847504984,15448.480028015752,883527.337131181,17670.54674262362,2.2690674462623437,0.045381348925246874,879603.8356469098,17592.076712938197,2.258991142882497,0.04517982285764994,"[2.067,2.357]",2.213,"[2.500,3.000]",2.75,0.002,0.0,729,1.459,0.12,-3.920685477471,41,1.0593145225289997,0.005,0.0,291,1.4575,0.1,-1.775816477471,27,0.9741835225290001,1.4848101857296,1.4838593446963388,0.7923467909873907,0.7939861418802876,1.502358787576528,1.5154583474106151,0.7890935345872868,0.7908677573000291
26,56,3.995,30.05,1.515,60.23693332,1.204738666,Day:1993md,0.901440313,0.024403633,0.0089,4.0039,2.4800000000000004,2.4889000000000006,1.0,0.0,0.0,60.23693332,1.204738666,0.524471440224296,0.06720562911559398,0.932794370884406,0.07204763580624378,0.04070552396932792,1.474294476030672,4.433234524286382,1.0044605324866345,2.6633859641026363,2.6788988271016008,4.9741238271016,2.2302743838150496,1.0599374484263637,1.0444245854273992,0.7889215755718566,3.562097723533799e-05,1691052.2393035758,33821.04477484217,0.0001723613638343297,0.00017197823335201857,15850.659964054143,15780.271550156755,954795.147332723,19095.902940314194,2.4520968346000043,0.04904193667571707,950555.1651382855,19011.1032964536,2.4412077481328343,0.04882415494644597,"[2.067,2.357]",2.213,"[2.500,3.000]",2.75,0.002,0.0,737,1.475,0.12,-3.920685477471,41,1.0593145225289997,0.005,0.0,294,1.4725,0.1,-1.775816477471,28,1.0741835225290002,1.5003651042789272,1.4988593446963387,0.7894702058357156,0.792510982984346,1.502358787576528,1.5687477418619102,0.7890935345872868,0.7855176678952359
26,56,3.995,30.05,1.53,63.58802912,1.271760582,Day:1993md,0.973453665,0.039787363,0.0089,4.0039,2.465,2.4739,1.0,0.0,0.0,63.58802912,1.271760582,0.524471440224296,0.06720562911559398,0.932794370884406,0.07204763580624378,0.04070552396932792,1.489294476030672,4.433234524286382,1.0044605324866345,2.6472767748036277,2.6627537499966447,5.003653749996644,2.236884831634531,1.1041948277253724,1.0887178525323553,0.7869223669990295,4.481307148768669e-05,1418961.6334928554,28379.23266093114,0.00017236136383432971,0.0001719782333520186,16193.373502795492,16121.463192493293,1029704.7058467962,20594.094110458573,2.6444789302011174,0.05288957858738727,1025132.0709412717,20502.641412376848,2.6327355278504236,0.05265471054044727,"[2.067,2.357]",2.213,"[2.500,3.000]",2.75,0.002,0.0,744,1.489,0.12,-3.920685477471,41,1.0593145225289997,0.005,0.0,297,1.4875,0.1,-1.775816477471,28,1.0741835225290002,1.5139719603969084,1.5138593446963389,0.7868621845939278,0.791026541024293,1.502358787576528,1.5687477418619102,0.7890935345872868,0.7855176678952359
26,56,3.995,30.05,1.545,66.98796127,1.339759225,Day:1993md,0.976294826,0.038962225,0.0089,4.0039,2.45,2.4589000000000003,1.0,0.0,0.0,66.98796127,1.339759225,0.524471440224296,0.06720562911559398,0.932794370884406,0.07204763580624378,0.04070552396932792,1.504294476030672,4.433234524286382,1.0044605324866345,2.6311675855046204,2.6466086728916896,5.033633672891689,2.2435760902834763,1.1484522070243797,1.1330111196373105,0.7848939651665402,5.3826972626488724e-05,1244505.4589050887,24890.10917067056,0.0001723613638343297,0.00017197823335201857,16545.797119453426,16472.321792965606,1108369.2166192236,22167.384325766157,2.846504462483393,0.05693008923267076,1103447.254294157,22068.94507929421,2.833863920403731,0.05667727839115299,"[2.067,2.357]",2.213,"[2.500,3.000]",2.75,0.002,0.0,752,1.5050000000000001,0.12,-3.920685477471,42,1.1793145225289998,0.005,0.0,300,1.5025,0.1,-1.775816477471,29,1.1741835225290003,1.5295184307788219,1.5288593446963388,0.7837721501476385,0.7895329509712725,1.5268200048436307,1.6220371363132053,0.7843171878618939,0.7800583498717676
26,56,3.995,30.05,1.56,70.45380458,1.409076092,Day:1993md,0.997816944,0.038748795,0.0089,4.0039,2.435,2.4439,1.0,0.0,0.0,70.45380458,1.409076092,0.524471440224296,0.06720562911559398,0.932794370884406,0.07204763580624378,0.04070552396932792,1.5192944760306721,4.433234524286382,1.0044605324866345,2.615058396205612,2.6304635957867335,5.064063595786734,2.250347438905098,1.1927095863233879,1.1773043867422666,0.7828361792928928,6.266398359145033e-05,1124310.976450793,22486.219535399116,0.00017236136383432971,0.0001719782333520186,16908.206932014164,16833.122243396007,1191247.5069863272,23824.950146489828,3.0593517879374,0.061187035776117414,1185957.5050074733,23719.15010688272,3.0457660495267973,0.06091532100782823,"[2.067,2.357]",2.213,"[2.500,3.000]",2.75,0.002,0.0,759,1.5190000000000001,0.12,-3.920685477471,42,1.1793145225289998,0.005,0.0,303,1.5175,0.1,-1.775816477471,29,1.1741835225290003,1.5431179007701843,1.543859344696339,0.7809677480404034,0.7880303478038844,1.5268200048436307,1.6220371363132053,0.7843171878618939,0.7800583498717676
26,56,3.995,30.05,1.575,73.97649074,1.479529815,Day:1993md,0.971930397,0.028792931,0.0089,4.0039,2.42,2.4289,1.0,0.0,0.0,73.97649074,1.479529815,0.524471440224296,0.06720562911559398,0.932794370884406,0.07204763580624378,0.04070552396932792,1.534294476030672,4.433234524286382,1.0044605324866345,2.598949206906604,2.6143185186817774,5.094943518681777,2.2571981567159267,1.236966965622396,1.2215976538472226,0.780748819323121,7.1325470165505e-05,1037167.93690029,20743.358740809846,0.0001723613638343297,0.00017197823335201857,17280.8874059238,17204.147745997918,1278379.4071633047,25567.58814672227,3.283123198185463,0.06566246397258538,1272702.476421407,25454.04953186897,3.2685437525930356,0.06537087506069741,"[2.067,2.357]",2.213,"[2.500,3.000]",2.75,0.002,0.0,767,1.5350000000000001,0.12,-3.920685477471,42,1.1793145225289998,0.005,0.0,306,1.5325,0.1,-1.775816477471,29,1.1741835225290003,1.558655936734823,1.5588593446963388,0.7776414932716188,0.786518866483082,1.5268200048436307,1.6220371363132053,0.7843171878618939,0.7800583498717676
26,56,3.995,30.05,1.59,77.57956958,1.551591392,Day:1993md,1.02862133,0.028486881,0.0089,4.0039,2.4050000000000002,2.4139000000000004,1.0,0.0,0.0,77.57956958,1.551591392,0.524471440224296,0.06720562911559398,0.932794370884406,0.07204763580624378,0.04070552396932792,1.5492944760306722,4.433234524286382,1.0044605324866345,2.5828400176075967,2.5981734415768223,5.1262734415768225,2.2641275232585336,1.2812243449214034,1.2658909209521778,0.7786316959785221,7.981285791067849e-05,972018.4392697997,19440.36879040772,0.0001723613638343297,0.00017197823335201857,17664.1316210678,17585.69007916978,1370375.7281669076,27407.514570403804,3.5193873729228002,0.07038774747660195,1364290.2671092676,27285.80534921963,3.5037587432233237,0.07007517488253184,"[2.067,2.357]",2.213,"[2.500,3.000]",2.75,0.002,0.0,774,1.549,0.12,-3.920685477471,43,1.299314522529,0.005,0.0,309,1.5475,0.1,-1.775816477471,30,1.2741835225290004,1.5722480326146098,1.573859344696339,0.7746193574379073,0.7849986419273589,1.5510408658130275,1.6753265307645004,0.7792883598973713,0.7744958393104023
26,56,3.995,30.05,1.605,81.26590677,1.625318135,Day:1993md,1.009033225,0.027686887,0.0089,4.0039,2.39,2.3989000000000003,1.0,0.0,0.0,81.26590677,1.625318135,0.524471440224296,0.06720562911559398,0.932794370884406,0.07204763580624378,0.04070552396932792,1.564294476030672,4.433234524286382,1.0044605324866345,2.5667308283085886,2.5820283644718667,5.158053364471867,2.2711348186472478,1.3254817242204116,1.3101841880571334,0.7764846208072178,8.8127629134988e-05,922138.8067245329,18442.776129951784,0.00017236136383432971,0.0001719782333520186,18058.24154847468,17978.049872969965,1467519.374108484,29350.387474946383,3.76887086409919,0.07537741726343299,1461002.5248831876,29220.05049047253,3.7521343469504007,0.07504268692053959,"[2.067,2.357]",2.213,"[2.500,3.000]",2.75,0.002,0.0,782,1.565,0.12,-3.920685477471,43,1.299314522529,0.005,0.0,312,1.5625,0.1,-1.775816477471,30,1.2741835225290004,1.5877776478748586,1.5888593446963388,0.7710306948303324,0.7834698089882296,1.5510408658130275,1.6753265307645004,0.7792883598973713,0.7744958393104023
26,56,3.995,30.05,1.62,85.05654796,1.701130959,Day:1993md,1.007564991,0.041031526,0.0089,4.0039,2.375,2.3839,1.0,0.0,0.0,85.05654796,1.701130959,0.524471440224296,0.06720562911559398,0.932794370884406,0.07204763580624378,0.04070552396932792,1.5792944760306722,4.433234524286382,1.0044605324866345,2.550621639009581,2.565883287366911,5.190283287366912,2.2782193238068436,1.3697391035194193,1.354477455162089,0.7743074062355405,9.627131989460474e-05,883508.6924446203,17670.173846814945,0.0001723613638343297,0.00017197823335201857,18463.528337162083,18381.536894689052,1570443.9835206459,31408.87966672021,4.033200976843317,0.08066401952738277,1563470.074461629,31269.40148555627,4.015290642489214,0.08030581284034283,"[2.067,2.357]",2.213,"[2.500,3.000]",2.75,0.002,0.0,789,1.579,0.12,-3.920685477471,43,1.299314522529,0.005,0.0,315,1.5775000000000001,0.1,-1.775816477471,31,1.3741835225290004,1.6013623816255915,1.603859344696339,0.7677662086033903,0.7819325024260116,1.5510408658130275,1.7286159252157955,0.7792883598973713,0.7688361458064951
26,56,3.995,30.05,1.635,88.95560484,1.779112097,Day:1993md,0.934173852,0.038446144,0.0089,4.0039,2.3600000000000003,2.3689000000000004,1.0,0.0,0.0,88.95560484,1.779112097,0.524471440224296,0.06720562911559398,0.932794370884406,0.07204763580624378,0.04070552396932792,1.594294476030672,4.433234524286382,1.0044605324866345,2.534512449710573,2.549738210261956,5.222963210261955,2.285380320704183,1.413996482818427,1.3987707222670442,0.7720998656202414,0.00010424551703522399,853327.8683815477,17066.5573695495,0.0001723613638343297,0.00017197823335201857,18880.312611563993,18796.470344956255,1679509.627929955,33590.19256237517,4.313302443809069,0.08626604888587903,1672051.3883927073,33441.02777161344,4.2941482560107085,0.08588296512986875,"[2.067,2.357]",2.213,"[2.500,3.000]",2.75,0.002,0.0,797,1.595,0.12,-3.920685477471,44,1.419314522529,0.005,0.0,318,1.5925,0.1,-1.775816477471,31,1.3741835225290004,1.6168835898572027,1.6188593446963389,0.7638848709116866,0.7803868568859131,1.5750283194857873,1.7286159252157955,0.7739877306240263,0.7688361458064951
26,56,3.995,30.05,1.65,92.97029963,1.859405993,Day:1993md,0.984185276,0.03925985,0.0089,4.0039,2.345,2.3539000000000003,1.0,0.0,0.0,92.97029963,1.859405993,0.524471440224296,0.06720562911559398,0.932794370884406,0.07204763580624378,0.04070552396932792,1.609294476030672,4.433234524286382,1.0044605324866345,2.518403260411565,2.5335931331570003,5.256093133157,2.292617092572809,1.4582538621174348,1.4430639893719994,0.7698618133015239,0.00011205185527630357,829707.8116265793,16594.15623610136,0.00017236136383432971,0.0001719782333520186,19308.924780000863,19223.1791648397,1795156.5223298122,35903.13045431981,4.610305821425095,0.09220611644833751,1787184.7267963202,35743.694543615675,4.589832723453911,0.09179665448882575,"[2.067,2.357]",2.213,"[2.500,3.000]",2.75,0.002,0.0,804,1.609,0.12,-3.920685477471,44,1.419314522529,0.005,0.0,321,1.6075,0.1,-1.775816477471,32,1.474183522529,1.6304609734289812,1.6338593446963388,0.7603495076639379,0.7788330068744304,1.5750283194857873,1.7819053196670904,0.7739877306240263,0.7630852397530828
26,56,3.995,30.05,1.665,97.10335954,1.942067191,Day:1993md,0.986577606,0.029762101,0.0089,4.0039,2.33,2.3389,1.0,0.0,0.0,97.10335954,1.942067191,0.524471440224296,0.06720562911559398,0.932794370884406,0.07204763580624378,0.04070552396932792,1.6242944760306721,4.433234524286382,1.0044605324866345,2.502294071112557,2.5174480560520442,5.289673056052044,2.2999289241304925,1.502511241416443,1.487357256476956,0.7675930646568966,0.00011969201434154929,811276.8431059149,16225.536863789253,0.0001723613638343297,0.00017197823335201857,19749.705354676924,19662.002354422737,1917762.7398642565,38355.254801235074,4.925182073947275,0.09850364148908972,1909246.4838978376,38184.92968188915,4.903310697289951,0.09806621395589818,"[2.067,2.357]",2.213,"[2.500,3.000]",2.75,0.002,0.0,812,1.625,0.12,-3.920685477471,45,1.5393145225290001,0.005,0.0,324,1.6225,0.1,-1.775816477471,32,1.474183522529,1.6459737882707515,1.6488593446963389,0.7561403238245346,0.7772710867360627,1.598788986339514,1.7819053196670904,0.7683938909108906,0.7630852397530828
26,56,3.995,30.05,1.68,101.4074922,2.028149844,Day:1993md,1.055148862,0.030372509,0.0089,4.0039,2.3150000000000004,2.3239000000000005,1.0,0.0,0.0,101.4074922,2.028149844,0.524471440224296,0.06720562911559398,0.932794370884406,0.07204763580624378,0.04070552396932792,1.639294476030672,4.433234524286382,1.0044605324866345,2.4861848818135495,2.501302978947089,5.323702978947089,2.3073151017897597,1.5467686207154512,1.5316505235819116,0.7652934361558457,0.0001271677161387545,797431.1034205635,15948.62206841127,0.00017236136383432971,0.0001719782333520186,20203.005283714996,20113.28930336426,2048736.100724887,40974.72201449775,5.261546753303318,0.10523093506606636,2039638.2281472546,40792.7645629451,5.238181673776544,0.10476363347553089,"[2.067,2.357]",2.213,"[2.500,3.000]",2.75,0.002,0.0,819,1.639,0.12,-3.920685477471,45,1.5393145225290001,0.005,0.0,327,1.6375,0.1,-1.775816477471,33,1.5741835225290002,1.659543833581381,1.6638593446963388,0.752300840889153,0.7757012306303455,1.598788986339514,1.8351947141183855,0.7683938909108906,0.7572490402970858
26,56,3.995,30.05,1.695,105.843048,2.116860961,Day:1993md,1.086514439,0.044310893,0.0089,4.0039,2.3,2.3089,1.0,0.0,0.0,105.843048,2.116860961,0.524471440224296,0.06720562911559398,0.932794370884406,0.07204763580624378,0.04070552396932792,1.6542944760306721,4.433234524286382,1.0044605324866345,2.470075692514541,2.4851579018421326,5.358182901842133,2.3147749138614175,1.5910260000144594,1.5759437906868676,0.7629627454153227,0.0001344807219918339,787049.9684440058,15740.999376316126,0.0001723613638343297,0.00017197823335201857,20669.186295764626,20577.40013397655,2187689.6772235576,43753.79356514034,5.61840615507194,0.11236812315452123,2177974.7500956864,43559.49502249112,5.593456361259968,0.11186912727804606,"[2.067,2.357]",2.213,"[2.000,2.500]",2.25,0.002,0.0,827,1.655,0.12,-3.920685477471,45,1.5393145225290001,0.005,0.0,330,1.6525,0.1,-1.275816477471,28,1.5741835225290002,1.6750482686352512,1.674066736569732,0.7477227036668517,0.7555301586762212,1.598788986339514,1.5687477418619102,0.7683938909108906,0.7682252670364436
26,56,3.995,30.05,1.71,110.4323841,2.208647682,Day:1993md,0.987029311,0.039481172,0.0089,4.0039,2.285,2.2939000000000003,1.0,0.0,0.0,110.4323841,2.208647682,0.524471440224296,0.06720562911559398,0.932794370884406,0.07204763580624378,0.04070552396932792,1.669294476030672,4.433234524286382,1.0044605324866345,2.4539665032155336,2.4690128247371774,5.393112824737177,2.3223076507511182,1.6352833793134662,1.6202370577918224,0.7606008112560453,0.00014163282992762162,779708.9428802211,15594.178857604422,0.00017236136383432966,0.00017197823335201855,21148.621257747756,21054.706057382264,2335492.665921025,46709.85331842051,5.997992542520538,0.11995985085041078,2325121.3864414347,46502.4277288287,5.971357110141457,0.11942714220282916,"[2.067,2.357]",2.213,"[2.000,2.500]",2.25,0.002,0.0,834,1.669,0.12,-3.920685477471,46,1.6593145225290002,0.005,0.0,333,1.6675,0.1,-1.275816477471,28,1.5741835225290002,1.6886109875703568,1.6890667365697318,0.7435401281830579,0.7536904570351564,1.6223291796696575,1.5687477418619102,0.7624830573640903,0.7682252670364436
26,56,3.995,30.05,1.725,115.1804954,2.303609908,Day:1993md,0.989750909,0.037679991,0.0089,4.0039,2.27,2.2789,1.0,0.0,0.0,115.1804954,2.303609908,0.524471440224296,0.06720562911559398,0.932794370884406,0.07204763580624378,0.04070552396932792,1.6842944760306722,4.433234524286382,1.0044605324866345,2.4378573139165254,2.452867747632222,5.428492747632222,2.329912605149005,1.6795407586124749,1.6645303248967784,0.7582074537596053,0.00014862587201975992,774969.34978243,15499.3869956486,0.0001723613638343297,0.00017197823335201857,21641.69454633571,21545.589743341836,2492701.0991424257,49854.021982848506,6.401733913171104,0.12803467826342207,2481631.7003232716,49632.63400646543,6.373305576599433,0.12746611153198867,"[2.067,2.357]",2.213,"[2.000,2.500]",2.25,0.002,0.0,842,1.685,0.12,-3.920685477471,46,1.6593145225290002,0.005,0.0,336,1.6825,0.1,-1.275816477471,29,1.6741835225290003,1.7041070564015754,1.704066736569732,0.7385446894627281,0.7518434020521626,1.6223291796696575,1.6220371363132053,0.7624830573640903,0.7618519620780808
26,56,3.995,30.05,1.74,120.0955305,2.40191061,Day:1993md,1.032511364,0.038302841,0.0089,4.0039,2.255,2.2639,1.0,0.0,0.0,120.0955305,2.40191061,0.524471440224296,0.06720562911559398,0.932794370884406,0.07204763580624378,0.04070552396932792,1.699294476030672,4.433234524286382,1.0044605324866345,2.4217481246175177,2.436722670527266,5.464322670527267,2.3375890722124937,1.723798137911483,1.7088235920017345,0.7557824943263824,0.00015546171179174357,772508.7361760169,15450.174723520337,0.00017236136383432963,0.00017197823335201852,22148.802433782275,22050.44570437315,2659972.178224773,53199.443564495465,6.831318085947611,0.13662636171895223,2648159.9746281393,52963.19949256279,6.800982084419041,0.13601964168838082,"[2.067,2.357]",2.213,"[2.000,2.500]",2.25,0.002,0.0,849,1.699,0.12,-3.920685477471,46,1.6593145225290002,0.005,0.0,339,1.6975,0.1,-1.275816477471,29,1.6741835225290003,1.7176624608147506,1.7190667365697319,0.7339730306787963,0.7499891674226189,1.6223291796696575,1.6220371363132053,0.7624830573640903,0.7618519620780808
26,56,3.995,30.05,1.755,125.1824314,2.503648628,Day:1993md,1.054461066,0.039382523,0.0089,4.0039,2.24,2.2489000000000003,1.0,0.0,0.0,125.1824314,2.503648628,0.524471440224296,0.06720562911559398,0.932794370884406,0.07204763580624378,0.04070552396932792,1.714294476030672,4.433234524286382,1.0044605324866345,2.40563893531851,2.420577593422311,5.500602593422311,2.345336349742252,1.7680555172104904,1.7531168591066892,0.7533257557342565,0.00016214224168095874,772053.1682688637,15441.063365377275,0.0001723613638343297,0.00017197823335201857,22670.353488771652,22569.680694819443,2837929.970421908,56758.59940843816,7.288347785101429,0.14576695570202858,2825327.5052991393,56506.55010598279,7.255982240594814,0.14511964481189626,"[2.067,2.357]",2.213,"[2.000,2.500]",2.25,0.002,0.0,857,1.715,0.12,-3.920685477471,47,1.7793145225290004,0.005,0.0,342,1.7125000000000001,0.1,-1.275816477471,30,1.7741835225290004,1.733150176952016,1.734066736569732,0.7285030367368255,0.7481279260689141,1.6456549251807702,1.6753265307645004,0.7562287386373733,0.7553759361161962
26,56,3.995,30.05,1.77,130.4523314,2.609046627,Day:1993md,1.011863863,0.03027926,0.0089,4.0039,2.225,2.2339,1.0,0.0,0.0,130.4523314,2.609046627,0.524471440224296,0.06720562911559398,0.932794370884406,0.07204763580624378,0.04070552396932792,1.729294476030672,4.433234524286382,1.0044605324866345,2.3895297460195017,2.404432516317355,5.537332516317355,2.3531537383514394,1.8123128965094981,1.7974101262116449,0.7508370621981113,0.00016866938056531096,773420.3502898806,15468.406999868856,0.00017236136383432971,0.0001719782333520186,23206.76899297448,23103.714125555525,3027377.1193947513,60547.54236468826,7.774884353304601,0.1554976870064926,3013933.3716778303,60278.6674104529,7.740358233943905,0.15480716461954336,"[2.067,2.357]",2.213,"[2.000,2.500]",2.25,0.002,0.0,864,1.729,0.12,-3.920685477471,47,1.7793145225290004,0.005,0.0,345,1.7275,0.1,-1.275816477471,30,1.7741835225290004,1.7466982786649012,1.7490667365697319,0.723487634660446,0.7462598501127423,1.6456549251807702,1.6753265307645004,0.7562287386373733,0.7553759361161962
26,56,3.995,30.05,1.785,135.8873742,2.717747484,Day:1993md,1.074419171,0.049747079,0.0089,4.0039,2.21,2.2189,1.0,0.0,0.0,135.8873742,2.717747484,0.524471440224296,0.06720562911559398,0.932794370884406,0.07204763580624378,0.04070552396932792,1.744294476030672,4.433234524286382,1.0044605324866345,2.373420556720494,2.3882874392123994,5.574512439212399,2.361040541628288,1.8565702758085054,1.8417033933166,0.748316239430128,0.0001750450713538211,776299.3447860575,15525.986895721151,0.0001723613638343297,0.00017197823335201857,23758.48337404314,23652.978495060255,3228477.920673079,64569.55841346158,8.2913497329493,0.165826994658986,3214141.139702806,64282.82279405612,8.254530133128576,0.16509060266257153,"[2.357,2.642]",2.5,"[2.000,2.500]",2.25,0.002,0.0,872,1.745,0.24,-5.273316477470999,29,1.806683522529001,0.005,0.0,348,1.7425,0.1,-1.275816477471,31,1.8741835225290004,1.774717782038067,1.7640667365697318,0.774905849585124,0.7443851108480642,1.9001567635363465,1.7286159252157955,0.745594486323894,0.7488050773477447
26,56,3.995,30.05,1.8,141.5008298,2.830016595,Day:1993md,1.081265744,0.048550952,0.0089,4.0039,2.1950000000000003,2.2039000000000004,1.0,0.0,0.0,141.5008298,2.830016595,0.524471440224296,0.06720562911559398,0.932794370884406,0.07204763580624378,0.04070552396932792,1.7592944760306721,4.433234524286382,1.0044605324866345,2.3573113674214863,2.3721423621074442,5.612142362107445,2.3689960662921004,1.9008276551075145,1.8859966604215566,0.7457631147008565,0.0001812712786423529,780602.591098727,15612.051816457946,0.00017236136383432971,0.0001719782333520186,24325.944655817035,24217.91983762261,3442141.3544669854,68842.82706501377,8.840078359335198,0.17680156712423029,3426855.7530534803,68537.11503685168,8.800822006864491,0.17601644007509357,"[2.357,2.642]",2.5,"[2.000,2.500]",2.25,0.002,0.0,879,1.7590000000000001,0.24,-5.273316477470999,29,1.806683522529001,0.005,0.0,351,1.7575,0.1,-1.275816477471,31,1.8741835225290004,1.7882554455294226,1.779066736569732,0.7721590785207725,0.7425038787147359,1.9001567635363465,1.7286159252157955,0.745594486323894,0.7488050773477447
26,56,3.995,30.05,1.815,147.2986456,2.945972913,Day:1993md,1.052283945,0.046911497,0.0089,4.0039,2.18,2.1889000000000003,1.0,0.0,0.0,147.2986456,2.945972913,0.524471440224296,0.06720562911559398,0.932794370884406,0.07204763580624378,0.04070552396932792,1.774294476030672,4.433234524286382,1.0044605324866345,2.3412021781224785,2.355997285002488,5.650222285002489,2.377019622342754,1.9450850344065218,1.9302899275265122,0.7431775169010608,0.00018734998643542565,786221.8108607644,15724.436222552891,0.00017236136383432966,0.00017197823335201855,24909.614926550854,24798.99818949064,3669152.541098484,73383.0508468793,9.423086571843328,0.18846173150083925,3652858.8455488235,73057.17693577547,9.381241240525013,0.18762482487418883,"[2.357,2.642]",2.5,"[2.000,2.500]",2.25,0.002,0.0,887,1.7750000000000001,0.24,-5.273316477470999,30,2.0466835225290003,0.005,0.0,354,1.7725,0.1,-1.275816477471,32,1.974183522529,1.8037229026924066,1.7940667365697318,0.7689109441174568,0.7406163232728029,1.9421234176010564,1.7819053196670904,0.7334532316414044,0.7421471597932024
26,56,3.995,30.05,1.83,153.2614561,3.065229122,Day:1993md,1.03091804,0.04547784,0.0089,4.0039,2.165,2.1739,1.0,0.0,0.0,153.2614561,3.065229122,0.524471440224296,0.06720562911559398,0.932794370884406,0.07204763580624378,0.04070552396932792,1.7892944760306722,4.433234524286382,1.0044605324866345,2.3250929888234704,2.3398522078975326,5.688752207897533,2.385110523203806,1.9893424137055296,1.9745831946314674,0.7405592766043276,0.00019328319593487782,792937.3030009179,15858.746060018359,0.00017236136383432966,0.00017197823335201855,25509.970826023535,25396.68807381735,3909695.2738648867,78193.90547729773,10.040846386867806,0.2008169277373561,3892333.3943107515,77846.66788621501,9.996257754409491,0.19992515508818978,"[2.357,2.642]",2.5,"[2.000,2.500]",2.25,0.002,0.0,894,1.7890000000000001,0.24,-5.273316477470999,30,2.0466835225290003,0.005,0.0,357,1.7875,0.1,-1.275816477471,32,1.974183522529,1.8172532921032882,1.809066736569732,0.7659688314650653,0.7387226131774647,1.9421234176010564,1.7819053196670904,0.7334532316414044,0.7421471597932024
26,56,3.995,30.05,1.845,159.3938509,3.187877018,Day:1993md,1.079088052,0.033062756,0.0089,4.0039,2.1500000000000004,2.1589000000000005,1.0,0.0,0.0,159.3938509,3.187877018,0.524471440224296,0.06720562911559398,0.932794370884406,0.07204763580624378,0.04070552396932792,1.804294476030672,4.433234524286382,1.0044605324866345,2.3089837995244626,2.3237071307925774,5.727732130792577,2.393268085859287,2.033599793004537,2.018876461736422,0.7379082261304317,0.00019907292339595213,800680.716296956,16013.61432593912,0.00017236136383432974,0.00017197823335201863,26127.504052433113,26011.47900530454,4164563.485322669,83291.26970645339,10.695396775295794,0.2139079355059159,4146069.806259992,82921.39612519984,10.647901464897139,0.21295802929794275,"[2.357,2.642]",2.5,"[2.000,2.500]",2.25,0.002,0.0,902,1.805,0.24,-5.273316477470999,30,2.0466835225290003,0.005,0.0,360,1.8025,0.1,-1.275816477471,32,1.974183522529,1.832712442728969,1.8240667365697318,0.7624862024541635,0.7368229161547025,1.9421234176010564,1.7819053196670904,0.7334532316414044,0.7421471597932024
26,56,3.995,30.05,1.86,165.6815131,3.313630263,Day:1993md,1.09245743,0.032592653,0.0089,4.0039,2.135,2.1439,1.0,0.0,0.0,165.6815131,3.313630263,0.524471440224296,0.06720562911559398,0.932794370884406,0.07204763580624378,0.04070552396932792,1.8192944760306722,4.433234524286382,1.0044605324866345,2.2928746102254545,2.3075620536876214,5.767162053687622,2.4014916309842977,2.0778571723035464,2.0631697288413795,0.7352241996094451,0.00020472119805119886,809303.1629219197,16186.063263323087,0.0001723613638343297,0.00017197823335201857,26762.721890033783,26643.876015496797,4434088.257415289,88681.7651750685,11.387588018978658,0.22775176044830497,4414397.693096308,88287.95388857005,11.337018877971875,0.22674037762786411,"[2.357,2.642]",2.5,"[2.000,2.500]",2.25,0.002,0.0,909,1.819,0.24,-5.273316477470999,30,2.0466835225290003,0.005,0.0,363,1.8175000000000001,0.1,-1.275816477471,33,2.074183522529,1.8462355697723538,1.839066736569732,0.7593284017508783,0.7349173989775751,1.9421234176010564,1.8351947141183855,0.7334532316414044,0.7354098273789594
26,56,3.995,30.05,1.875,172.0996761,3.441993522,Day:1993md,1.144685478,0.045613102,0.0089,4.0039,2.12,2.1289000000000002,1.0,0.0,0.0,172.0996761,3.441993522,0.524471440224296,0.06720562911559398,0.932794370884406,0.07204763580624378,0.04070552396932792,1.834294476030672,4.433234524286382,1.0044605324866345,2.2767654209264467,2.2914169765826657,5.807041976582665,2.4097804830694987,2.1221145516025537,2.1074629959463347,0.7325070330465852,0.0002102300601024277,818625.4430795962,16372.508861591923,0.00017236136383432971,0.0001719782333520186,27416.147758524636,27294.400199730535,4718310.149151831,94366.20298303662,12.117524281221026,0.24235048562442055,4697357.433717401,93947.14867434802,12.063713694377798,0.24127427388755598,"[2.357,2.642]",2.5,"[2.000,2.500]",2.25,0.002,0.0,917,1.835,0.24,-5.273316477470999,30,2.0466835225290003,0.005,0.0,366,1.8325,0.1,-1.275816477471,33,2.074183522529,1.8616864272290243,1.8540667365697319,0.7555864030493935,0.7330062274431774,1.9421234176010564,1.8351947141183855,0.7334532316414044,0.7354098273789594
26,56,3.995,30.05,1.89,178.6699549,3.573399097,Day:1993md,1.147366944,0.043991728,0.0089,4.0039,2.1050000000000004,2.1139000000000006,1.0,0.0,0.0,178.6699549,3.573399097,0.524471440224296,0.06720562911559398,0.932794370884406,0.07204763580624378,0.04070552396932792,1.849294476030672,4.433234524286382,1.0044605324866345,2.2606562316274394,2.2752718994777106,5.847371899477711,2.4181339705396208,2.1663719309015605,2.1517562630512894,0.7297565643877844,0.00021560155878077873,828704.3744506023,16574.08748437386,0.0001723613638343297,0.00017197823335201857,28088.321785257525,27963.589286800845,5018539.18658865,100370.78370368466,12.8885699598783,0.2577713991254298,4996253.23671483,99925.06470633301,12.831335371606345,0.25662670736031107,"[2.357,2.642]",2.5,"[2.000,2.500]",2.25,0.002,0.0,924,1.849,0.24,-5.273316477470999,30,2.0466835225290003,0.005,0.0,369,1.8475000000000001,0.1,-1.275816477471,34,2.1741835225290003,1.875202303586498,1.869066736569732,0.7521896067097857,0.7310895663502626,1.9421234176010564,1.8884841085696809,0.7334532316414044,0.7286005793578865
26,56,3.995,30.05,1.905,185.3481115,3.706962229,Day:1993md,1.138398435,0.043323884,0.0089,4.0039,2.09,2.0989,1.0,0.0,0.0,185.3481115,3.706962229,0.524471440224296,0.06720562911559398,0.932794370884406,0.07204763580624378,0.04070552396932792,1.864294476030672,4.433234524286382,1.0044605324866345,2.244547042328431,2.2591268223727545,5.8881518223727545,2.42655142586609,2.2106293102005687,2.196049530156245,0.7269726335859749,0.00022083775047482948,839295.4153059329,16785.908301590447,0.0001723613638343297,0.00017197823335201857,28779.801401391793,28651.99823246887,5334281.839093022,106685.63675308065,13.699457573747141,0.2739891514010308,5310593.763089443,106211.87523313687,13.63862205698901,0.2727724410661964,"[2.357,2.642]",2.5,"[2.000,2.500]",2.25,0.002,0.0,932,1.865,0.24,-5.273316477470999,31,2.2866835225290005,0.005,0.0,372,1.8625,0.1,-1.275816477471,34,2.1741835225290003,1.8906448812066472,1.884066736569732,0.748159676512129,0.7291675794775238,1.9834873465255325,1.8884841085696809,0.7199966119208216,0.7286005793578865
26,56,3.995,30.05,1.92,192.1384777,3.842769555,Day:1993md,1.072143396,0.04184482,0.0089,4.0039,2.075,2.0839000000000003,1.0,0.0,0.0,192.1384777,3.842769555,0.524471440224296,0.06720562911559398,0.932794370884406,0.07204763580624378,0.04070552396932792,1.879294476030672,4.433234524286382,1.0044605324866345,2.228437853029423,2.2429817452677994,5.929381745267799,2.4350321856738977,2.254886689499577,2.2403427972612007,0.7241550826680743,0.00022594069692652134,850393.4010723432,17007.8680258728,0.00017236136383432974,0.00017197823335201863,29491.161963189243,29360.199837997774,5666386.965211324,113327.73933371765,14.552367154178159,0.2910473431593021,5641224.1018406795,112824.48206617378,14.48774410095779,0.2897548820945584,"[2.357,2.642]",2.5,"[2.000,2.500]",2.25,0.002,0.0,939,1.879,0.24,-5.273316477470999,31,2.2866835225290005,0.005,0.0,375,1.8775,0.1,-1.275816477471,35,2.2741835225290004,1.9041535185284886,1.8990667365697318,0.7444970580770911,0.7272404295625358,1.9834873465255325,1.941773503020976,0.7199966119208216,0.7217267570674514
26,56,3.995,30.05,1.935,199.010091,3.980201819,Day:1993md,1.125571065,0.03110395,0.0089,4.0039,2.06,2.0689,1.0,0.0,0.0,199.010091,3.980201819,0.524471440224296,0.06720562911559398,0.932794370884406,0.07204763580624378,0.04070552396932792,1.8942944760306721,4.433234524286382,1.0044605324866345,2.2123286637304154,2.2268366681628433,5.971061668162843,2.4435755908428214,2.299144068798585,2.284636064366157,0.7213037558026574,0.00023091246349455207,861842.1370083181,17236.84273583572,0.00017236136383432966,0.00017197823335201855,30222.99739971147,30088.785394973816,6014681.462809342,120293.62922596386,15.446854141732025,0.3089370827570221,5987971.91953321,119759.43836057541,15.378258918239345,0.3075651782875131,"[2.357,2.642]",2.5,"[2.000,2.500]",2.25,0.002,0.0,947,1.895,0.24,-5.273316477470999,31,2.2866835225290005,0.005,0.0,378,1.8925,0.1,-1.275816477471,35,2.2741835225290004,1.9195878296089148,1.914066736569732,0.7401462400474,0.7253082782813506,1.9834873465255325,1.941773503020976,0.7199966119208216,0.7217267570674514
26,56,3.995,30.05,1.95,205.9577524,4.119155048,Day:1993md,1.141010704,0.043989604,0.0089,4.0039,2.045,2.0539,1.0,0.0,0.0,205.9577524,4.119155048,0.524471440224296,0.06720562911559398,0.932794370884406,0.07204763580624378,0.04070552396932792,1.909294476030672,4.433234524286382,1.0044605324866345,2.196219474431407,2.2106915910578877,6.013191591057888,2.4521809866031274,2.343401448097593,2.3289293314711124,0.7184184993683034,0.00023575511748476205,873608.8302020082,17472.176604040164,0.00017236136383432971,0.0001719782333520186,30975.920888255343,30838.36535774243,6379731.044665283,127594.62089330563,16.384371395188566,0.32768742790377126,6351400.416770653,127028.00833541305,16.31161291586793,0.3262322583173585,"[2.357,2.642]",2.5,"[2.000,2.500]",2.25,0.002,0.0,954,1.909,0.24,-5.273316477470999,31,2.2866835225290005,0.005,0.0,381,1.9075,0.1,-1.275816477471,36,2.3741835225290004,1.9330892395142527,1.9290667365697318,0.7361867653910267,0.7233712862287466,1.9834873465255325,1.995062897472271,0.7199966119208216,0.7147955320150707
26,56,3.995,30.05,1.965,212.9603222,4.259206445,Day:1993md,1.141057627,0.043435321,0.0089,4.0039,2.0300000000000002,2.0389000000000004,1.0,0.0,0.0,212.9603222,4.259206445,0.524471440224296,0.06720562911559398,0.932794370884406,0.07204763580624378,0.04070552396932792,1.9242944760306722,4.433234524286382,1.0044605324866345,2.1801102851324,2.1945465139529325,6.055771513952933,2.4608477226258705,2.3876588273965997,2.373222598576067,0.7154991620226012,0.0002404707265469277,885597.6993875009,17711.95399190853,0.00017236136383432966,0.00017197823335201855,31750.565558941606,31609.570044867924,6761610.671464427,135232.21346103912,17.36511142794671,0.3473022286404758,6731584.221358541,134631.6844587804,17.287997752343518,0.3457599551280498,"[2.357,2.642]",2.5,"[2.000,2.500]",2.25,0.002,0.0,962,1.925,0.24,-5.273316477470999,31,2.2866835225290005,0.005,0.0,384,1.9225,0.1,-1.275816477471,36,2.3741835225290004,1.9485152973161988,1.944066736569732,0.7314768312310481,0.7214296128991252,1.9834873465255325,1.995062897472271,0.7199966119208216,0.7147955320150707
26,56,3.995,30.05,1.98,220.0017124,4.400034248,Day:1993md,1.086355181,0.041045135,0.0089,4.0039,2.015,2.0239000000000003,1.0,0.0,0.0,220.0017124,4.400034248,0.524471440224296,0.06720562911559398,0.932794370884406,0.07204763580624378,0.04070552396932792,1.939294476030672,4.433234524286382,1.0044605324866345,2.1640010958333917,2.1784014368479765,6.098801436847976,2.4695751531079138,2.4319162066956084,2.4175158656810236,0.7125455947717986,0.0002450613571372655,897741.345147171,17954.82690294342,0.00017236136383432974,0.00017197823335201863,32547.585229954897,32403.050371108515,7160524.485075025,143210.4897015005,18.38959851542862,0.36779197030857247,7128726.568627329,142574.53137254657,18.307935374925563,0.3661587074985112,"[2.357,2.642]",2.5,"[2.000,2.500]",2.25,0.002,0.0,969,1.939,0.24,-5.273316477470999,32,2.5266835225290007,0.005,0.0,387,1.9375,0.1,-1.275816477471,36,2.3741835225290004,1.9620094913931183,1.9590667365697318,0.7271844013490063,0.7194834166680559,2.0242737966816997,1.995062897472271,0.7050043598707281,0.7147955320150707
26,56,3.995,30.05,1.995,227.0977849,4.541955697,Day:1993md,1.144881268,0.031043896,0.0089,4.0039,2.0,2.0089,1.0,0.0,0.0,227.0977849,4.541955697,0.524471440224296,0.06720562911559398,0.932794370884406,0.07204763580624378,0.04070552396932792,1.9542944760306722,4.433234524286382,1.0044605324866345,2.1478919065343836,2.162256359743021,6.142281359743022,2.478362636851803,2.476173585994617,2.4618091327859797,0.7095576510410795,0.0002495290730458618,910105.5124677232,18202.110245346914,0.00017236136383432971,0.0001719782333520186,33367.65517502331,33219.47861148771,7577720.577554815,151554.41151772864,19.461037997117455,0.3892207598566545,7544070.008201787,150881.40013081627,19.37461688906767,0.38749233769603947,"[2.357,2.642]",2.5,"[2.000,2.500]",2.25,0.002,0.0,977,1.955,0.24,-5.273316477470999,32,2.5266835225290007,0.005,0.0,390,1.9525000000000001,0.1,-1.275816477471,37,2.474183522529,1.9774273091424135,1.974066736569732,0.722070754351432,0.7175328547744598,2.0242737966816997,2.0483522919235657,0.7050043598707281,0.707813895271542
26,56,3.995,30.05,2.01,234.1964647,4.683929294,Day:1993md,1.161418044,0.030444524,0.0089,4.0039,1.9850000000000003,1.9939000000000002,1.0,0.0,0.0,234.1964647,4.683929294,0.524471440224296,0.06720562911559398,0.932794370884406,0.07204763580624378,0.04070552396932792,1.9692944760306719,4.433234524286382,1.0044605324866345,2.1317827172353763,2.1461112826380653,6.186211282638064,2.4872095373406045,2.520430965293624,2.506102399890935,0.7065351867454505,0.00025387593398814657,922483.9118107769,18449.67823621554,0.00017236136383432966,0.00017197823335201855,34211.47292482109,34059.549199138215,8012206.011172869,160244.1202234574,20.57687981871751,0.4115375963743502,7976626.011713887,159532.52023427773,20.485503564562713,0.4097100712912543,"[2.357,2.642]",2.5,"[2.000,2.500]",2.25,0.002,0.0,984,1.969,0.24,-5.273316477470999,32,2.5266835225290007,0.005,0.0,393,1.9675,0.1,-1.275816477471,37,2.474183522529,1.9909142989480557,1.9890667365697319,0.7174031296543819,0.7155780833034326,2.0242737966816997,2.0483522919235657,0.7050043598707281,0.707813895271542
26,56,3.995,30.05,2.025,241.3158279,4.826316557,Day:1993md,1.201744629,0.030830966,0.0089,4.0039,1.9700000000000002,1.9789,1.0,0.0,0.0,241.3158279,4.826316557,0.524471440224296,0.06720562911559398,0.932794370884406,0.07204763580624378,0.04070552396932792,1.984294476030672,4.433234524286382,1.0044605324866345,2.115673527936368,2.1299662055331097,6.230591205533109,2.4961152228078554,2.5646883445926316,2.55039566699589,0.703478060361221,0.00025810399425945334,934955.8056719672,18699.116109564937,0.00017236136383432971,0.0001719782333520186,35079.75910408082,34923.979558696694,8465301.110733824,169306.02217959674,21.74051482724256,0.4348102964547597,8427709.04076957,168554.1807804674,21.643971190607083,0.43287942372245014,"[2.357,2.642]",2.5,"[2.000,2.500]",2.25,0.002,0.0,992,1.985,0.24,-5.273316477470999,32,2.5266835225290007,0.005,0.0,396,1.9825000000000002,0.1,-1.275816477471,38,2.574183522529,2.0063238898352367,2.0040667365697318,0.7118334227044214,0.7136192571696987,2.0242737966816997,2.1016416863748613,0.7050043598707281,0.7007886481454546
26,56,3.995,30.05,2.04,248.428811,4.968576221,Day:1993md,1.175387021,0.04105804,0.0089,4.0039,1.955,1.9639,1.0,0.0,0.0,248.428811,4.968576221,0.524471440224296,0.06720562911559398,0.932794370884406,0.07204763580624378,0.04070552396932792,1.9992944760306721,4.433234524286382,1.0044605324866345,2.0995643386373604,2.113821128428154,6.275421128428154,2.5050790663027294,2.60894572389164,2.594688934100846,0.7003861329980572,0.00026221530145163004,947423.0131677758,18948.46026716918,0.00017236136383432966,0.00017197823335201855,35973.258306309195,35813.51097713524,8936793.788832268,178735.87581261861,22.951398341609003,0.4590279669245663,8897107.949785156,177942.15903151664,22.84947750489579,0.4569895501898918,"[2.357,2.642]",2.5,"[2.000,2.500]",2.25,0.002,0.0,999,1.999,0.24,-5.273316477470999,32,2.5266835225290007,0.005,0.0,399,1.9975,0.1,-1.275816477471,38,2.574183522529,2.0198036868959335,2.019066736569732,0.7067408609708602,0.7116565301016948,2.0242737966816997,2.1016416863748613,0.7050043598707281,0.7007886481454546
26,56,3.995,30.05,2.055,255.5568154,5.111136307,Day:1993md,1.162168184,0.040304149,0.0089,4.0039,1.94,1.9488999999999999,1.0,0.0,0.0,255.5568154,5.111136307,0.524471440224296,0.06720562911559398,0.932794370884406,0.07204763580624378,0.04070552396932792,2.0142944760306722,4.433234524286382,1.0044605324866345,2.083455149338352,2.097676051323198,6.320701051323199,2.5141004457505667,2.6532031031906484,2.6389822012058026,0.6972592684715894,0.0002662118952306009,959975.1926134963,19199.50384851352,0.00017236136383432966,0.00017197823335201855,36892.74000811935,36728.909514033345,9428191.147855151,188563.82292021028,24.21340088944026,0.48426801769405753,9386323.148521123,187726.46293369355,24.105875847105466,0.4821175168477824,"[2.357,2.642]",2.5,"[2.000,2.500]",2.25,0.002,0.0,1007,2.015,0.24,-5.273316477470999,32,2.5266835225290007,0.005,0.0,402,2.0125,0.1,-1.275816477471,39,2.6741835225290003,2.0352050640763863,2.034066736569732,0.7006532383115253,0.709690054626276,2.0242737966816997,2.1549310808261564,0.7050043598707281,0.6937263941044176
26,56,3.995,30.05,2.07,262.6694823,5.253389647,Day:1993md,1.164962131,0.040735604,0.0089,4.0039,1.9250000000000003,1.9339000000000002,1.0,0.0,0.0,262.6694823,5.253389647,0.524471440224296,0.06720562911559398,0.932794370884406,0.07204763580624378,0.04070552396932792,2.029294476030672,4.433234524286382,1.0044605324866345,2.0673459600393445,2.081530974218243,6.366430974218242,2.5231787440088826,2.6974604824896558,2.6832754683107574,0.6940973333765549,0.0002700958061737206,972504.8530781552,19450.09706526549,0.0001723613638343297,0.00017197823335201857,37838.999525315565,37670.966953416915,9939150.416064586,198783.00835913068,25.525642167253622,0.5105128434422501,9895013.38739443,197900.26778555955,25.412289822938632,0.5082457965555188,"[2.357,2.642]",2.5,"[2.000,2.500]",2.25,0.002,0.0,1014,2.029,0.24,-5.273316477470999,33,2.766683522529,0.005,0.0,405,2.0275,0.1,-1.275816477471,39,2.6741835225290003,2.04867767988776,2.0490667365697317,0.6950767532636818,0.7077199820540385,2.0645062996703905,2.1549310808261564,0.6882036479176673,0.6937263941044176
26,56,3.995,30.05,2.085,269.7772148,5.395544296,Day:1993md,1.134269253,0.029913571,0.0089,4.0039,1.9100000000000001,1.9189,1.0,0.0,0.0,269.7772148,5.395544296,0.524471440224296,0.06720562911559398,0.932794370884406,0.07204763580624378,0.04070552396932792,2.044294476030672,4.433234524286382,1.0044605324866345,2.0512367707403367,2.0653858971132872,6.412610897113288,2.5323133489189855,2.741717861788663,2.7275687354157125,0.6909001971604521,0.00027386905466570874,985059.1375841885,19701.182751683766,0.00017236136383432966,0.00017197823335201855,38812.859013001565,38640.50179942537,10470825.00295264,209416.50005905278,26.89108435156664,0.5378216870313327,10424326.953923367,208486.5390784673,26.771668454703033,0.5354333690940605,"[2.357,2.642]",2.5,"[2.000,2.500]",2.25,0.002,0.0,1022,2.045,0.24,-5.273316477470999,33,2.766683522529,0.005,0.0,408,2.0425,0.1,-1.275816477471,40,2.774183522529,2.064070856481848,2.064066736569732,0.6883975908670659,0.7057464624652559,2.0645062996703905,2.208220475277451,0.6882036479176673,0.6866335319027795
26,56,3.995,30.05,2.1,276.8730377,5.537460753,Day:1993md,1.188270273,0.044424694,0.0089,4.0039,1.895,1.9039,1.0,0.0,0.0,276.8730377,5.537460753,0.524471440224296,0.06720562911559398,0.932794370884406,0.07204763580624378,0.04070552396932792,2.059294476030672,4.433234524286382,1.0044605324866345,2.0351275814413285,2.049240820008331,6.459240820008331,2.5415036533533315,2.7859752410876717,2.771862002520669,0.6876677321976876,0.00027753364985190254,997619.7043052075,19952.394082500985,0.00017236136383432971,0.0001719782333520186,39815.16851212541,39638.36031820912,11023746.652489552,220474.93300997588,28.311093062753358,0.5662218611528143,10974793.230749696,219495.8645753556,28.185371298428862,0.5637074258667784,"[2.357,2.642]",2.5,"[2.000,2.500]",2.25,0.002,0.0,1029,2.059,0.24,-5.273316477470999,33,2.766683522529,0.005,0.0,411,2.0575,0.1,-1.275816477471,40,2.774183522529,2.077536302508939,2.079066736569732,0.6822667021098421,0.7037696446964212,2.0645062996703905,2.208220475277451,0.6882036479176673,0.6866335319027795
26,56,3.995,30.05,2.115,283.9404445,5.67880889,Day:1993md,1.26787151,0.045432062,0.0089,4.0039,1.88,1.8888999999999998,1.0,0.0,0.0,283.9404445,5.67880889,0.524471440224296,0.06720562911559398,0.932794370884406,0.07204763580624378,0.04070552396932792,2.0742944760306723,4.433234524286382,1.0044605324866345,2.019018392142321,2.0330957429033756,6.506320742903377,2.5507490552587444,2.83023262038668,2.816155269625625,0.6843998138641882,0.0002810915886475292,1010134.9736794975,20202.69947358995,0.00017236136383432966,0.00017197823335201855,40846.80704502923,40665.41762861424,11598060.548771331,231961.21097542663,29.786041161383142,0.5957208232276628,11546556.757246863,230931.13514493726,29.653769558914433,0.5930753911782887,"[2.357,2.642]",2.5,"[2.000,2.500]",2.25,0.002,0.0,1037,2.075,0.24,-5.273316477470999,33,2.766683522529,0.005,0.0,414,2.0725000000000002,0.1,-1.275816477471,40,2.774183522529,2.0929212916021243,2.094066736569732,0.6749076715473321,0.7017896763273893,2.0645062996703905,2.208220475277451,0.6882036479176673,0.6866335319027795
26,56,3.995,30.05,2.13,291.0130143,5.820260286,Day:1993md,1.151151267,0.041922524,0.0089,4.0039,1.8650000000000002,1.8739000000000001,1.0,0.0,0.0,291.0130143,5.820260286,0.524471440224296,0.06720562911559398,0.932794370884406,0.07204763580624378,0.04070552396932792,2.089294476030672,4.433234524286382,1.0044605324866345,2.002909202843313,2.0169506657984204,6.55385066579842,2.560048957695618,2.874489999685687,2.86044853673058,0.6810963206124603,0.00028454485480166697,1022731.5988645849,20454.631977291698,0.00017236136383432971,0.0001719782333520186,41908.68376273436,41722.57884437287,12195972.387138793,243919.44774277587,31.321593295604256,0.6264318659120851,12141813.433870358,242836.26867740718,31.182502729166238,0.6236500545833248,"[2.357,2.642]",2.5,"[2.000,2.500]",2.25,0.002,0.0,1044,2.089,0.24,-5.273316477470999,33,2.766683522529,0.005,0.0,417,2.0875,0.1,-1.275816477471,41,2.8741835225290004,2.1063795792794977,2.1090667365697318,0.6681374637112745,0.6998067036691135,2.0645062996703905,2.2615098697287466,0.6882036479176673,0.6795162498702308
26,56,3.995,30.05,2.145,298.0620258,5.961240515,Day:1993md,1.221222325,0.042608581,0.0089,4.0039,1.85,1.8589,1.0,0.0,0.0,298.0620258,5.961240515,0.524471440224296,0.06720562911559398,0.932794370884406,0.07204763580624378,0.04070552396932792,2.104294476030672,4.433234524286382,1.0044605324866345,1.9868000135443051,2.000805588693465,6.601830588693465,2.5694027688732386,2.918747378984695,2.904741803835535,0.6777571340470648,0.0002878954180145238,1035313.5449518107,20706.270895562728,0.00017236136383432966,0.00017197823335201855,43001.739146871696,42810.78027069609,12817185.483039742,256343.7096177931,32.9169875226551,0.6583397503426652,12760267.893562349,255205.3578284362,32.770812250000574,0.6554162448900651,"[2.357,2.642]",2.5,"[2.000,2.500]",2.25,0.002,0.0,1052,2.105,0.24,-5.273316477470999,34,3.0066835225290003,0.005,0.0,420,2.1025,0.1,-1.275816477471,41,2.8741835225290004,2.121756393922489,2.124066736569732,0.6599916708664909,0.6978208717519706,2.104206831080068,2.2615098697287466,0.6692524693771054,0.6795162498702308
26,56,3.995,30.05,2.16,305.0645953,6.101291907,Day:1993md,1.232525851,0.030354227,0.0089,4.0039,1.835,1.8438999999999999,1.0,0.0,0.0,305.0645953,6.101291907,0.524471440224296,0.06720562911559398,0.932794370884406,0.07204763580624378,0.04070552396932792,2.1192944760306722,4.433234524286382,1.0044605324866345,1.970690824245297,1.984660511588509,6.65026051158851,2.5788099021813355,2.963004758283704,2.949035070940492,0.6743821390004898,0.0002911452331066531,1047808.9991198583,20956.179985831877,0.00017236136383432971,0.0001719782333520186,44126.946269353386,43930.99065835177,13461569.005485136,269231.38015382964,34.57188784349442,0.6914377569832147,13401789.886318164,268035.7977702943,34.418363614455345,0.6883672724019302,"[2.357,2.642]",2.5,"[1.500,2.000]",1.75,0.002,0.0,1059,2.119,0.24,-5.273316477470999,34,3.0066835225290003,0.005,0.0,423,2.1175,0.1,-0.7758164774709999,37,2.974183522529,2.1352075346543415,2.134274128443125,0.6524789012336895,0.6582563196379938,2.104206831080068,2.0483522919235657,0.6692524693771054,0.6713329948962838
26,56,3.995,30.05,2.175,312.0283122,6.240566243,Day:1993md,1.221043044,0.04198337,0.0089,4.0039,1.8200000000000003,1.8289000000000002,1.0,0.0,0.0,312.0283122,6.240566243,0.524471440224296,0.06720562911559398,0.932794370884406,0.07204763580624378,0.04070552396932792,2.134294476030672,4.433234524286382,1.0044605324866345,1.9545816349462894,1.9685154344835538,6.699140434483553,2.5882697762179956,3.0072621375827095,2.993328338045445,0.6709712236093873,0.0002942962392386914,1060252.461965465,21205.04923591136,0.00017236136383432971,0.0001719782333520186,45285.312113088774,45084.212518515604,14130299.506097306,282605.9900766608,36.289315868063284,0.7257863172449645,14067550.739018535,281351.0147352865,36.12816501433436,0.7225633001709022,"[2.357,2.642]",2.5,"[1.500,2.000]",1.75,0.002,0.0,1067,2.1350000000000002,0.24,-5.273316477470999,34,3.0066835225290003,0.005,0.0,426,2.1325,0.1,-0.7758164774709999,37,2.974183522529,2.1505761878632157,2.1492741284431247,0.6434157409797625,0.6559718423792458,2.104206831080068,2.0483522919235657,0.6692524693771054,0.6713329948962838
26,56,3.995,30.05,2.19,319.0404334,6.380808667,Day:1993md,1.144055617,0.038866547,0.0089,4.0039,1.8050000000000002,1.8139,1.0,0.0,0.0,319.0404334,6.380808667,0.524471440224296,0.06720562911559398,0.932794370884406,0.07204763580624378,0.04070552396932792,2.149294476030672,4.433234524286382,1.0044605324866345,1.9384724456472815,1.9523703573785982,6.748470357378598,2.5977818148140535,3.0515195168817186,3.0376216051504024,0.6675242793911516,0.0002973503591802074,1072944.5031766295,21458.89006016956,0.00017236136383432966,0.00017197823335201855,46477.878957263594,46271.483501898605,14828322.646038117,296566.45287428447,38.0819730015939,0.7616394599125139,14762474.15050668,295249.48296386213,37.91286145142853,0.7582572289097366,"[2.357,2.642]",2.5,"[1.500,2.000]",1.75,0.002,0.0,1074,2.149,0.24,-5.273316477470999,34,3.0066835225290003,0.005,0.0,429,2.1475,0.1,-0.7758164774709999,38,3.074183522529,2.1640201930235037,2.164274128443125,0.6350336160280785,0.6536873334039113,2.104206831080068,2.1016416863748613,0.6692524693771054,0.6632252702470072
26,56,3.995,30.05,2.205,325.9935831,6.519871662,Day:1993md,1.171802206,0.038957822,0.0089,4.0039,1.79,1.7989,1.0,0.0,0.0,325.9935831,6.519871662,0.524471440224296,0.06720562911559398,0.932794370884406,0.07204763580624378,0.04070552396932792,2.164294476030672,4.433234524286382,1.0044605324866345,1.9223632563482735,1.9362252802736422,6.798250280273642,2.6073454470540804,3.0957768961807264,3.081914872255358,0.6640412013208087,0.0003003094986262137,1085525.3816188963,21710.507632377925,0.00017236136383432966,0.00017197823335201855,47705.72583093729,47493.87784588945,15551760.498013474,311035.20996026945,39.93989998395677,0.7987979996791353,15482699.414295213,309653.9882859042,39.76253789193874,0.7952507578387747,"[2.357,2.642]",2.5,"[1.500,2.000]",1.75,0.002,0.0,1082,2.165,0.24,-5.273316477470999,34,3.0066835225290003,0.005,0.0,432,2.1625,0.1,-0.7758164774709999,38,3.074183522529,2.179380697779827,2.179274128443125,0.6248918155904258,0.6514029584622147,2.104206831080068,2.1016416863748613,0.6692524693771054,0.6632252702470072
26,56,3.995,30.05,2.22,332.9378894,6.658757788,Day:1993md,1.222450232,0.040548104,0.0089,4.0039,1.775,1.7838999999999998,1.0,0.0,0.0,332.9378894,6.658757788,0.524471440224296,0.06720562911559398,0.932794370884406,0.07204763580624378,0.04070552396932792,2.1792944760306723,4.433234524286382,1.0044605324866345,1.9062540670492654,1.9200802031686866,6.8484802031686876,2.6169601072940885,3.140034275479736,3.1262081393603145,0.6605218879081882,0.0003031755455599199,1098168.6823886586,21963.373647773173,0.0001723613638343297,0.00017197823335201857,48969.97003896723,48752.50789370247,16303958.468754986,326079.1693750997,41.87168846046969,0.8374337692093937,16231557.08108614,324631.1416217228,41.68574782805301,0.8337149565610601,"[2.357,2.642]",2.5,"[1.500,2.000]",1.75,0.002,0.0,1089,2.179,0.24,-5.273316477470999,34,3.0066835225290003,0.005,0.0,435,2.1775,0.1,-0.7758164774709999,39,3.1741835225290003,2.192817578712358,2.194274128443125,0.6154828734374155,0.6491188809842136,2.104206831080068,2.1549310808261564,0.6692524693771054,0.6551102798843635
26,56,3.995,30.05,2.235,339.8740967,6.797481935,Day:1993md,1.185733199,0.040014818,0.0089,4.0039,1.7600000000000002,1.7689000000000001,1.0,0.0,0.0,339.8740967,6.797481935,0.524471440224296,0.06720562911559398,0.932794370884406,0.07204763580624378,0.04070552396932792,2.194294476030672,4.433234524286382,1.0044605324866345,1.8901448777502579,1.9039351260637314,6.899160126063731,2.6266252351760673,3.1842916547787414,3.1705014064652675,0.6569662412753473,0.0003059503696602724,1110879.8367440987,22217.596738150478,0.00017236136383432971,0.0001719782333520186,50271.76876453882,50048.52568979135,17086071.998358905,341721.4400174499,43.880305822630724,0.877606116581722,17010197.45998458,340203.9492497401,43.68544547390129,0.87370890960656,"[2.357,2.642]",2.5,"[1.500,2.000]",1.75,0.002,0.0,1097,2.195,0.24,-5.273316477470999,35,3.2466835225290005,0.005,0.0,438,2.1925,0.1,-0.7758164774709999,39,3.1741835225290003,2.208169947963313,2.2092741284431248,0.604060934347139,0.6468352620808837,2.1433959508331357,2.1549310808261564,0.6477162810281889,0.6551102798843635
26,56,4.045,15.0,0.045,0.005525613,0.000110512,Arrington:1998ps,57.73114876,36.01410377,0.0089,4.0539,4.0,4.0089,1.0,0.0,0.0,0.005525613,0.000110512,0.2617993877991494,0.01703708685546585,0.9829629131445341,0.017332380120999264,0.010659781186450168,0.03434021881354983,4.433234524286382,1.0044053355254008,1.1026402612857498,1.1075251150659282,1.1095501150659282,1.0533518477061348,-0.13783946875674968,-0.14272432253692813,0.9664374245403252,-0.005375243435614523,-1.0279744659356598,-0.02055944094881086,0.002756819169134302,0.0027507668021283832,353.39560921250745,351.8456112418474,1.9527273724075511,0.03905445556529263,5.014977947985675e-06,1.0029932298693249e-07,1.9441626834708983,0.03888316218955904,4.992982186183189e-06,9.98594087858626e-08,"[0.878,1.302]",0.991,"[1.050,1.500]",1.25,0.002,0.0,17,0.035,0.12,-0.005397477470999945,-2,-0.18539747747099994,0.005,0.0,6,0.0325,0.1,-0.2758164774709999,1,-0.1258164774709999,0.04439456747496706,0.04448152031651764,0.9664315166711612,0.9664453736750269,-0.04570170171117416,0.12993409167694261,0.9664276181009324,0.9660594780483585
26,56,4.045,15.0,0.06,0.043379302,0.000867586,Arrington:1998ps,17.35850881,7.630367128,0.0089,4.0539,3.985,3.9939,1.0,0.0,0.0,0.043379302,0.000867586,0.2617993877991494,0.01703708685546585,0.9829629131445341,0.017332380120999264,0.010659781186450168,0.04934021881354983,4.433234524286382,1.0044053355254008,1.0985053603059283,1.1033811162817257,1.1069811162817258,1.0521317010154791,-0.10555637777692828,-0.11043213375272576,0.9663909886170866,-0.00519838866619916,-8.344759267820791,-0.16689517766172376,0.002756819169134301,0.002750766802128382,354.39120356050273,352.836838899429,15.373243045394524,0.30746484673224234,3.948143296963371e-05,7.896286229868943e-07,15.305815791343678,0.3061163017134,3.930826686517064e-05,7.861653010573091e-07,"[0.878,1.302]",0.991,"[1.050,1.500]",1.25,0.002,0.0,24,0.049,0.12,-0.005397477470999945,-1,-0.06539747747099994,0.005,0.0,9,0.0475,0.1,-0.2758164774709999,1,-0.1258164774709999,0.05838078931187596,0.05948152031651764,0.9663838699158481,0.9664049826484202,0.019162910402884314,0.12993409167694261,0.9664845140217846,0.9660594780483585
26,56,4.045,15.0,0.075,0.118316521,0.00236633,Arrington:1998ps,20.11553396,5.561353515,0.0089,4.0539,3.9699999999999998,3.9789,1.0,0.0,0.0,0.118316521,0.00236633,0.2617993877991494,0.01703708685546585,0.9829629131445341,0.017332380120999264,0.010659781186450168,0.06434021881354983,4.433234524286382,1.0044053355254008,1.0943704593261068,1.0992371174975233,1.1048621174975233,1.051124216017081,-0.07327328679710665,-0.07813994496852317,0.9663309555283979,-0.005019993793729851,-23.56905722628213,-0.4713810608602005,0.0027568191691343005,0.0027507668021283815,355.68047078876344,354.1204513840105,42.082875891368616,0.8416573684415746,0.00010807688649482647,2.1615373462451853e-06,41.89829982270575,0.8379658477235254,0.00010760285979394149,2.1520568139101857e-06,"[0.878,1.302]",0.991,"[1.050,1.500]",1.25,0.002,0.0,32,0.065,0.12,-0.005397477470999945,-1,-0.06539747747099994,0.005,0.0,12,0.0625,0.1,-0.2758164774709999,1,-0.1258164774709999,0.07436045752419318,0.07448152031651764,0.9663133122561752,0.966352941199868,0.019162910402884314,0.12993409167694261,0.9664845140217846,0.9660594780483585
26,56,4.045,15.0,0.09,0.25898835,0.005179767,Arrington:1998ps,17.02779296,3.795537521,0.0089,4.0539,3.955,3.9639,1.0,0.0,0.0,0.25898835,0.005179767,0.2617993877991494,0.01703708685546585,0.9829629131445341,0.017332380120999264,0.010659781186450168,0.07934021881354983,4.433234524286382,1.0044053355254008,1.0902355583462853,1.0950931187133213,1.1031931187133213,1.0503300046715418,-0.040990195817285136,-0.04584775618432113,0.9662571759566845,-0.00484026128079144,-53.507101161624135,-1.0701420232324828,0.002756819169134301,0.002750766802128382,357.2682740223391,355.7012904909086,92.52832079639346,1.8505664159278692,0.00023763045211270333,4.752609042254066e-06,92.1224903171111,1.842449806342222,0.00023658820170285107,4.731764034057022e-06,"[0.878,1.302]",0.991,"[1.050,1.500]",1.25,0.002,0.0,39,0.079,0.12,-0.005397477470999945,-1,-0.06539747747099994,0.005,0.0,15,0.0775,0.1,-0.2758164774709999,2,-0.02581647747099991,0.08833865843306654,0.08948152031651764,0.9662373328280883,0.966289253094037,0.019162910402884314,0.18322348612823774,0.9664845140217846,0.9656277646687408
26,56,4.045,15.0,0.105,0.530070326,0.010601407,Arrington:1998ps,23.01581393,3.301448721,0.0089,4.0539,3.94,3.9489,1.0,0.0,0.0,0.530070326,0.010601407,0.2617993877991494,0.01703708685546585,0.9829629131445341,0.017332380120999264,0.010659781186450168,0.09434021881354983,4.433234524286382,1.0044053355254008,1.0861006573664636,1.0909491199291188,1.1019741199291189,1.0497495510497343,-0.008707104837463397,-0.013555567400118651,0.9661694994970917,-0.0046593982593024115,-113.76368717606901,-2.2752738465389744,0.002756819169134302,0.0027507668021283832,359.1599084937851,357.58462822771634,190.38000978143086,3.807600368025373,0.0004889323334542309,9.778647111832512e-06,189.54500045725442,3.7909001807857097,0.00048678786955912796,9.735757831988554e-06,"[0.878,1.302]",0.991,"[1.050,1.500]",1.25,0.002,0.0,47,0.095,0.12,-0.005397477470999945,-1,-0.06539747747099994,0.005,0.0,18,0.0925,0.1,-0.2758164774709999,2,-0.02581647747099991,0.1043091677525041,0.10448152031651764,0.9661339976836195,0.9662139229372821,0.019162910402884314,0.18322348612823774,0.9664845140217846,0.9656277646687408
26,56,4.045,15.0,0.12,1.042688826,0.020853777,Arrington:1998ps,19.08527214,2.23460724,0.0089,4.0539,3.925,3.9339,1.0,0.0,0.0,1.042688826,0.020853777,0.2617993877991494,0.01703708685546585,0.9829629131445341,0.017332380120999264,0.010659781186450168,0.10934021881354983,4.433234524286382,1.0044053355254008,1.081965756386642,1.0868051211449163,1.1012051211449163,1.0493832098642117,0.023575986142357896,0.018736621384083607,0.9660677746580352,-0.00447761571946887,-232.86697459684697,-4.657339599136849,0.002756819169134301,0.002750766802128382,361.3611162330946,359.7761814398048,376.78719804713495,7.535744134396035,0.0009676617002403147,1.9353234450267688e-05,375.1346042482331,7.502692257657229,0.0009634175228013245,1.9268350899534082e-05,"[0.878,1.302]",0.991,"[1.050,1.500]",1.25,0.002,0.0,54,0.109,0.12,-0.005397477470999945,0,0.05460252252900005,0.005,0.0,21,0.1075,0.1,-0.2758164774709999,2,-0.02581647747099991,0.11827936151723861,0.11948152031651764,0.9660289121125638,0.9661269561768151,0.079903567462147,0.18322348612823774,0.9662847845474734,0.9656277646687408
26,56,4.045,15.0,0.135,1.985609274,0.039712185,Arrington:1998ps,18.48299184,1.611596018,0.0089,4.0539,3.91,3.9189000000000003,1.0,0.0,0.0,1.985609274,0.039712185,0.2617993877991494,0.01703708685546585,0.9829629131445341,0.017332380120999264,0.010659781186450168,0.12434021881354984,4.433234524286382,1.0044053355254008,1.0778308554068206,1.0826611223607139,1.1008861223607138,1.0492312053883615,0.055859077122179635,0.05102881016828631,0.9659518488619894,-0.004295127668698658,-462.29342342263874,-9.245868356698239,0.0027568191691343014,0.002750766802128383,363.87810116369405,362.2821268401076,722.5197322761411,14.450394470861333,0.0018555690751044188,3.7111381053524215e-05,719.350750858162,14.387014843267817,0.0018474305237872691,3.694861002914863e-05,"[0.878,1.302]",0.991,"[1.050,1.500]",1.25,0.002,0.0,62,0.125,0.12,-0.005397477470999945,0,0.05460252252900005,0.005,0.0,24,0.1225,0.1,-0.2758164774709999,3,0.07418352252900012,0.13424072767428186,0.13448152031651764,0.9658917293196027,0.9660283590997188,0.079903567462147,0.2365128805795329,0.9662847845474734,0.9650497285060967
26,56,4.045,15.0,0.15,3.673347028,0.073466941,Arrington:1998ps,15.19050598,1.075313595,0.0089,4.0539,3.895,3.9039,1.0,0.0,0.0,3.673347028,0.073466941,0.2617993877991494,0.01703708685546585,0.9829629131445341,0.017332380120999264,0.010659781186450168,0.13934021881354983,4.433234524286382,1.0044053355254008,1.0736959544269988,1.0785171235765116,1.1010171235765116,1.0492936307709637,0.08814216810200115,0.08332099895248835,0.9658215684465231,-0.004112150267462091,-893.2910494701088,-17.865821096402158,0.0027568191691343014,0.002750766802128383,366.7175446153067,365.1091164539444,1347.080802628094,26.9416162139176,0.0034595615418683175,6.919123125175874e-05,1341.1724878218024,26.823449917084062,0.00344438785767564,6.888775756608767e-05,"[0.878,1.302]",0.991,"[1.050,1.500]",1.25,0.002,0.0,69,0.139,0.12,-0.005397477470999945,0,0.05460252252900005,0.005,0.0,27,0.1375,0.1,-0.2758164774709999,3,0.07418352252900012,0.1482029280393391,0.14948152031651765,0.9657564320944685,0.965918138831813,0.079903567462147,0.2365128805795329,0.9662847845474734,0.9650497285060967
26,56,4.045,15.0,0.165,6.620127741,0.132402555,Arrington:1998ps,11.20824294,0.685787371,0.0089,4.0539,3.88,3.8889,1.0,0.0,0.0,6.620127741,0.132402555,0.2617993877991494,0.01703708685546585,0.9829629131445341,0.017332380120999264,0.010659781186450168,0.15434021881354984,4.433234524286382,1.0044053355254008,1.0695610534471773,1.0743731247923092,1.1015981247923092,1.0495704477510355,0.12042525908182267,0.11561318773669083,0.965676778665585,-0.003928900949399325,-1684.982092005177,-33.69964188591788,0.0027568191691343014,0.002750766802128383,369.88662126478886,368.264293489941,2448.6966824597894,48.97393371577538,0.00628872214184262,0.00012577444300784156,2437.956665352524,48.75913337333806,0.006261139720601953,0.00012522279458227826,"[0.878,1.302]",0.991,"[1.050,1.500]",1.25,0.002,0.0,77,0.155,0.12,-0.005397477470999945,1,0.17460252252900005,0.005,0.0,30,0.1525,0.1,-0.2758164774709999,3,0.07418352252900012,0.16415516671949604,0.16448152031651764,0.965583936065095,0.965796303336366,0.13721922336983916,0.2365128805795329,0.9658640765528613,0.9650497285060967
26,56,4.045,15.0,0.18,11.65288469,0.233057694,Arrington:1998ps,9.353907031,0.467695351,0.0089,4.0539,3.8649999999999998,3.8739,1.0,0.0,0.0,11.65288469,0.233057694,0.2617993877991494,0.01703708685546585,0.9829629131445341,0.017332380120999264,0.010659781186450168,0.16934021881354983,4.433234524286382,1.0044053355254008,1.0654261524673558,1.0702291260081067,1.1026291260081067,1.050061486774992,0.15270835006164418,0.1479053765208933,0.9655173236910471,-0.003745597533183758,-3111.0883074762837,-62.22176620292169,0.0027568191691343,0.002750766802128381,373.39301551636277,371.75530864841755,4351.105753863556,87.02211515194973,0.011174473054103915,0.0002234894612738673,4332.02174457537,86.64043496585846,0.011125461662605158,0.00022250923344305093,"[0.878,1.302]",0.991,"[1.050,1.500]",1.25,0.002,0.0,84,0.169,0.12,-0.005397477470999945,1,0.17460252252900005,0.005,0.0,33,0.1675,0.1,-0.2758164774709999,4,0.1741835225290001,0.1781093873900801,0.17948152031651765,0.965416959170912,0.9656628614126588,0.13721922336983916,0.2898022750308279,0.9658640765528613,0.9643258955192414
26,56,4.045,15.0,0.195,20.08196791,0.401639358,Arrington:1998ps,7.369795663,0.311224479,0.0089,4.0539,3.85,3.8589,1.0,0.0,0.0,20.08196791,0.401639358,0.2617993877991494,0.01703708685546585,0.9829629131445341,0.017332380120999264,0.010659781186450168,0.18434021881354984,4.433234524286382,1.0044053355254008,1.0612912514875343,1.0660851272239045,1.1041101272239044,1.050766447515291,0.1849914410414657,0.18019756530509556,0.965343046614513,-0.0035624573337496887,-5637.111136672222,-112.74222267730342,0.002756819169134301,0.002750766802128382,377.24493833298106,375.59033687893105,7575.8207458128545,151.5164148408081,0.019456158865280904,0.0003891231771118506,7542.593092508783,150.85186177505759,0.019370823886656733,0.000387416477540217,"[0.878,1.302]",0.991,"[1.050,1.500]",1.25,0.002,0.0,92,0.185,0.12,-0.005397477470999945,1,0.17460252252900005,0.005,0.0,36,0.1825,0.1,-0.2758164774709999,4,0.1741835225290001,0.1940525142340377,0.19448152031651764,0.9652072478554458,0.9655178226943969,0.13721922336983916,0.2898022750308279,0.9658640765528613,0.9643258955192414
26,56,4.045,15.0,0.21,33.9535092,0.679070184,Arrington:1998ps,5.919859383,0.212349185,0.0089,4.0539,3.835,3.8439,1.0,0.0,0.0,33.9535092,0.679070184,0.2617993877991494,0.01703708685546585,0.9829629131445341,0.017332380120999264,0.010659781186450168,0.19934021881354982,4.433234524286382,1.0044053355254008,1.0571563505077126,1.061941128439702,1.106041128439702,1.051684899786862,0.21727453202128744,0.21248975408929804,0.9651537894493953,-0.0033796962804802685,-10046.31966372288,-200.92639327445758,0.0027568191691343014,0.002750766802128383,381.4511445308995,379.77809459899356,12951.604945180427,259.0320989036085,0.03326220245021793,0.0006652440490043586,12894.799028925398,257.89598057850793,0.033116313975790054,0.000662326279515801,"[0.878,1.302]",0.991,"[1.050,1.500]",1.25,0.002,0.0,99,0.199,0.12,-0.005397477470999945,1,0.17460252252900005,0.005,0.0,39,0.1975,0.1,-0.2758164774709999,4,0.1741835225290001,0.20799876887622304,0.20948152031651765,0.9650067189508368,0.9653611976479738,0.13721922336983916,0.2898022750308279,0.9658640765528613,0.9643258955192414
26,56,4.045,15.0,0.225,56.40729911,1.128145982,Arrington:1998ps,4.875255584,0.148385052,0.0089,4.0539,3.82,3.8289,1.0,0.0,0.0,56.40729911,1.128145982,0.2617993877991494,0.01703708685546585,0.9829629131445341,0.017332380120999264,0.010659781186450168,0.21434021881354984,4.433234524286382,1.0044053355254008,1.0530214495278911,1.0577971296554995,1.1084221296554995,1.052816284854817,0.24955762300110895,0.24478194287350052,0.9649493931332699,-0.003197528049828256,-17640.908298843453,-352.81816591432073,0.0027568191691343005,0.0027507668021283815,386.02095054987564,384.3278573863305,21774.399220393352,435.48798433066287,0.0559208282036201,0.0011184165638741268,21678.896407896165,433.57792808105773,0.05567555868703955,0.0011135111735433854,"[0.878,1.302]",0.991,"[1.050,1.500]",1.25,0.002,0.0,107,0.215,0.12,-0.005397477470999945,2,0.29460252252900004,0.005,0.0,42,0.2125,0.1,-0.2758164774709999,5,0.27418352252900013,0.2239327994800817,0.22448152031651764,0.9647573986133323,0.9651929975705851,0.19163120944830536,0.34309166948212305,0.9652404226721732,0.9634569229960395
26,56,4.045,15.0,0.24,120.6273431,2.412546862,Arrington:1998ps,2.976107993,0.079501046,0.0089,4.0539,3.8049999999999997,3.8139,1.0,0.0,0.0,120.6273431,2.412546862,0.2617993877991494,0.01703708685546585,0.9829629131445341,0.017332380120999264,0.010659781186450168,0.22934021881354982,4.433234524286382,1.0044053355254008,1.0488865485480694,1.053653130871297,1.1112531308712972,1.0541599171241987,0.2818407139809307,0.277074131657703,0.9647296975305149,-0.003016163219611504,-39993.63904302811,-799.8727808605621,0.0027568191691343014,0.002750766802128383,390.96425271176287,389.2494781573924,47160.97905169693,943.2195810339385,0.12111842814907424,0.0024223685629814846,46954.13035318773,939.0826070637546,0.1205872010682994,0.002411744021365988,"[0.878,1.302]",0.991,"[1.050,1.500]",1.25,0.002,0.0,114,0.229,0.12,-0.005397477470999945,2,0.29460252252900004,0.005,0.0,45,0.2275,0.1,-0.2758164774709999,5,0.27418352252900013,0.2378711017209838,0.23948152031651765,0.9645209855499991,0.9650132345881943,0.19163120944830536,0.34309166948212305,0.9652404226721732,0.9634569229960395
26,56,4.045,15.0,0.255,210.0673802,4.201347605,Arrington:1998ps,2.265939621,0.052364151,0.0089,4.0539,3.79,3.7989,1.0,0.0,0.0,210.0673802,4.201347605,0.2617993877991494,0.01703708685546585,0.9829629131445341,0.017332380120999264,0.010659781186450168,0.24434021881354984,4.433234524286382,1.0044053355254008,1.0447516475682481,1.0495091320870948,1.114534132087095,1.0557149861999189,0.314123804960752,0.30936632044190526,0.9644945414352379,-0.0028358084518903676,-74076.7170152017,-1481.5343406566672,0.0027568191691343005,0.0027507668021283815,396.29154598063667,394.55340584519894,83247.92685956019,1664.9585375874951,0.21379662277253403,0.004275932456468432,82882.80031488831,1657.6560066923194,0.2128589078638235,0.004257178158289758,"[0.878,1.302]",0.991,"[0.650,1.050]",0.8,0.002,0.0,122,0.245,0.12,-0.005397477470999945,2,0.29460252252900004,0.005,0.0,48,0.2425,0.1,0.17418352252900005,1,0.32418352252900007,0.2537960516363782,0.25016817300257127,0.964229098251769,0.963970085896497,0.19163120944830536,0.12993409167694267,0.9652404226721732,0.9658137559606444
26,56,4.045,15.0,0.27,328.2440865,6.56488173,Arrington:1998ps,1.980233694,0.038995371,0.0089,4.0539,3.775,3.7839,1.0,0.0,0.0,328.2440865,6.56488173,0.2617993877991494,0.01703708685546585,0.9829629131445341,0.017332380120999264,0.010659781186450168,0.25934021881354985,4.433234524286382,1.0044053355254008,1.0406167465884264,1.0453651333028926,1.1182651333028926,1.0574805593025778,0.3464068959405737,0.3416585092261075,0.9642437625745004,-0.002656665710906514,-123554.90762441306,-2471.098152488261,0.0027568191691343014,0.002750766802128383,402.0139432379689,400.250704589972,131958.69955840995,2639.173991168199,0.33889521787897375,0.006777904357579475,131379.9268991167,2627.598537982334,0.33740881882282997,0.006748176376456601,"[0.878,1.302]",0.991,"[0.650,1.050]",0.8,0.002,0.0,129,0.259,0.12,-0.005397477470999945,2,0.29460252252900004,0.005,0.0,51,0.2575,0.1,0.17418352252900005,1,0.32418352252900007,0.2677264150642955,0.2651681730025713,0.9639539367391158,0.963658937793615,0.19163120944830536,0.12993409167694267,0.9652404226721732,0.9658137559606444
26,56,4.045,15.0,0.285,487.230658,9.74461316,Arrington:1998ps,1.662456963,0.029349549,0.0089,4.0539,3.76,3.7689,1.0,0.0,0.0,487.230658,9.74461316,0.2617993877991494,0.01703708685546585,0.9829629131445341,0.017332380120999264,0.010659781186450168,0.2743402188135498,4.433234524286382,1.0044053355254008,1.036481845608605,1.0412211345186901,1.12244613451869,1.059455584023554,0.378689986920395,0.3739506980103098,0.9639771976118466,-0.0024789315220485344,-196548.655606817,-3930.9731121363398,0.002756819169134301,0.002750766802128382,408.14319508675607,406.3530734564028,198859.87750034253,3977.1975500068506,0.5107102581215879,0.01021420516243176,197987.67536048547,3959.7535072097094,0.5084702759513292,0.010169405519026585,"[0.878,1.302]",0.991,"[0.650,1.050]",0.8,0.002,0.0,137,0.275,0.12,-0.005397477470999945,3,0.41460252252900004,0.005,0.0,54,0.2725,0.1,0.17418352252900005,1,0.32418352252900007,0.2836422997986219,0.2801681730025713,0.963615866239111,0.9633298950570586,0.24354065812424086,0.12993409167694267,0.9644197785715147,0.9658137559606444
26,56,4.045,15.0,0.3,701.2589553,14.02517911,Arrington:1998ps,1.540087284,0.023529111,0.0089,4.0539,3.745,3.7539000000000002,1.0,0.0,0.0,701.2589553,14.02517911,0.2617993877991494,0.01703708685546585,0.9829629131445341,0.017332380120999264,0.010659781186450168,0.2893402188135498,4.433234524286382,1.0044053355254008,1.0323469446287832,1.037077135734488,1.127077135734488,1.061638891400691,0.41097307790021675,0.40624288679451204,0.9636946821511412,-0.0023027962772210805,-304524.9648163625,-6090.499298064268,0.002756819169134302,0.0027507668021283832,414.6917101989063,412.8728666917949,290806.27546565543,5816.125510971875,0.746846220933565,0.01493692442293133,289530.7951680043,5790.615905011577,0.7435705432039471,0.014871410868320287,"[0.878,1.302]",0.991,"[0.650,1.050]",0.8,0.002,0.0,144,0.289,0.12,-0.005397477470999945,3,0.41460252252900004,0.005,0.0,57,0.28750000000000003,0.1,0.17418352252900005,2,0.42418352252900005,0.2975647379631994,0.2951681730025713,0.9632984662512891,0.9629829945461127,0.24354065812424086,0.18322348612823774,0.9644197785715147,0.965139716226757
26,56,4.045,15.0,0.315,985.0477544,19.70095509,Arrington:1998ps,1.4110991,0.018983851,0.0089,4.0539,3.73,3.7389,1.0,0.0,0.0,985.0477544,19.70095509,0.2617993877991494,0.01703708685546585,0.9829629131445341,0.017332380120999264,0.010659781186450168,0.30434021881354983,4.433234524286382,1.0044053355254008,1.0282120436489617,1.0329331369502852,1.1321581369502853,1.0640291992940256,0.44325616888003827,0.43853507557871474,0.9633960507407258,-0.0021284435913455965,-462801.90764992527,-9256.03815393816,0.002756819169134301,0.002750766802128382,421.6725762206125,419.82311453974614,415367.6242981772,8307.352486806889,1.066743625145336,0.021334872505072593,413545.8162225909,8270.916325291466,1.0620648730298972,0.021241297462754317,"[0.878,1.302]",0.991,"[0.650,1.050]",0.8,0.002,0.0,152,0.305,0.12,-0.005397477470999945,3,0.41460252252900004,0.005,0.0,60,0.3025,0.1,0.17418352252900005,2,0.42418352252900005,0.3134715729797435,0.31016817300257127,0.9629098164208626,0.9626182750795184,0.24354065812424086,0.18322348612823774,0.9644197785715147,0.965139716226757
26,56,4.045,15.0,0.33,1351.051223,27.02102447,Arrington:1998ps,1.317492608,0.015469436,0.0089,4.0539,3.715,3.7239,1.0,0.0,0.0,1351.051223,27.02102447,0.2617993877991494,0.01703708685546585,0.9829629131445341,0.017332380120999264,0.010659781186450168,0.31934021881354985,4.433234524286382,1.0044053355254008,1.0240771426691402,1.028789138166083,1.137689138166083,1.0666251160394091,0.4755392598598598,0.470827264362917,0.9630811368778985,-0.0019560497140219796,-690703.9291051569,-13814.078587215485,0.002756819169134301,0.002750766802128382,429.09958125086825,427.2175446244596,579735.5140377734,11594.710285046465,1.4888718515678092,0.029777437042376287,577192.7861519333,11543.85572731084,1.482341639283493,0.029646832796641622,"[0.878,1.302]",0.991,"[0.650,1.050]",0.8,0.002,0.0,159,0.319,0.12,-0.005397477470999945,3,0.41460252252900004,0.005,0.0,63,0.3175,0.1,0.17418352252900005,2,0.42418352252900005,0.32738609939214314,0.3251681730025713,0.9625459412874473,0.9622357774246638,0.24354065812424086,0.18322348612823774,0.9644197785715147,0.965139716226757
26,56,4.045,15.0,0.345,1806.276947,36.12553895,Arrington:1998ps,1.190293661,0.012511924,0.0089,4.0539,3.7,3.7089000000000003,1.0,0.0,0.0,1806.276947,36.12553895,0.2617993877991494,0.01703708685546585,0.9829629131445341,0.017332380120999264,0.010659781186450168,0.3343402188135498,4.433234524286382,1.0044053355254008,1.0199422416893187,1.0246451393818807,1.1436701393818807,1.0694251443564813,0.5078223508396813,0.5031194531471193,0.9627497730137258,-0.0017857829996492636,-1011476.1689156865,-20229.523383913514,0.002756819169134301,0.002750766802128382,436.9872359087209,435.0706039212092,789319.9703551732,15786.399411473334,2.02712488244352,0.04054249766009306,785858.002180248,15717.160047955666,2.0182338850113117,0.040364677711399684,"[0.878,1.302]",0.991,"[0.650,1.050]",0.8,0.002,0.0,167,0.335,0.12,-0.005397477470999945,4,0.5346025225290001,0.005,0.0,66,0.3325,0.1,0.17418352252900005,3,0.5241835225290001,0.3432839001102863,0.3401681730025713,0.9621013789014154,0.9618355442862521,0.29326405690450097,0.2365128805795329,0.9633987299562503,0.9642377507481433
26,56,4.045,15.0,0.36,2350.627839,47.01255678,Arrington:1998ps,1.182662757,0.011018333,0.0089,4.0539,3.685,3.6939,1.0,0.0,0.0,2350.627839,47.01255678,0.2617993877991494,0.01703708685546585,0.9829629131445341,0.017332380120999264,0.010659781186450168,0.3493402188135498,4.433234524286382,1.0044053355254008,1.015807340709497,1.0205011405976783,1.1501011405976782,1.072427685486382,0.540105441819503,0.5354116419313217,0.962401790558193,-0.0016178034385512705,-1452974.9306905714,-29059.498613811422,0.002756819169134302,0.0027507668021283832,445.35079600532913,443.39748132895744,1046853.9792109367,20937.079584218733,2.6885215492376435,0.05377043098475287,1042262.4633543302,20845.2492670866,2.6767296569878214,0.05353459313975642,"[0.878,1.302]",0.991,"[0.650,1.050]",0.8,0.002,0.0,174,0.34900000000000003,0.12,-0.005397477470999945,4,0.5346025225290001,0.005,0.0,69,0.34750000000000003,0.1,0.17418352252900005,3,0.5241835225290001,0.357190528243315,0.3551681730025713,0.9616858887032637,0.9614176202944482,0.29326405690450097,0.2365128805795329,0.9633987299562503,0.9642377507481433
26,56,4.045,15.0,0.375,2977.293157,59.54586314,Arrington:1998ps,1.152053163,0.009773979,0.0089,4.0539,3.67,3.6789,1.0,0.0,0.0,2977.293157,59.54586314,0.2617993877991494,0.01703708685546585,0.9829629131445341,0.017332380120999264,0.010659781186450168,0.36434021881354983,4.433234524286382,1.0044053355254008,1.0116724397296755,1.0163571418134758,1.1569821418134758,1.0756310435337368,0.5723885327993246,0.5677038307155242,0.9620370198857003,-0.0014522622508953379,-2050107.1037028343,-41002.14207405669,0.0027568191691343014,0.002750766802128383,454.2062858373545,452.21413086158174,1352305.2666899418,27046.105333798834,3.472978966353901,0.06945957932707801,1346374.03731289,26927.480746257796,3.457746433154099,0.06915492866308197,"[0.878,1.302]",0.991,"[0.650,1.050]",0.8,0.002,0.0,182,0.365,0.12,-0.005397477470999945,4,0.5346025225290001,0.005,0.0,72,0.3625,0.1,0.17418352252900005,3,0.5241835225290001,0.37307931003869754,0.37016817300257127,0.9611789393089496,0.9609820519925174,0.29326405690450097,0.2365128805795329,0.9633987299562503,0.9642377507481433
26,56,4.045,15.0,0.39,3667.251887,73.34503774,Arrington:1998ps,1.167086454,0.008971295,0.0089,4.0539,3.655,3.6639,1.0,0.0,0.0,3667.251887,73.34503774,0.2617993877991494,0.01703708685546585,0.9829629131445341,0.017332380120999264,0.010659781186450168,0.37934021881354985,4.433234524286382,1.0044053355254008,1.0075375387498537,1.0122131430292733,1.1643131430292732,1.0790334299868902,0.6046716237791463,0.5999960194997267,0.961655290340913,-0.0012893015444422184,-2844370.971871082,-56887.41943742164,0.002756819169134302,0.0027507668021283832,463.57052211871934,461.53729547466736,1700029.8719974486,34000.59743994897,4.366002361339741,0.08732004722679482,1692573.5177503503,33851.470355007004,4.346853015327622,0.08693706030655243,"[0.878,1.302]",0.991,"[0.650,1.050]",0.8,0.002,0.0,189,0.379,0.12,-0.005397477470999945,5,0.654602522529,0.005,0.0,75,0.3775,0.1,0.17418352252900005,4,0.624183522529,0.38697805332696333,0.3851681730025713,0.9607055868925779,0.9605288878239538,0.341056325282978,0.2898022750308279,0.962165585444416,0.9631091391487261
26,56,4.045,15.0,0.405,4399.861593,87.99723186,Arrington:1998ps,1.134126584,0.008045708,0.0089,4.0539,3.6399999999999997,3.6489,1.0,0.0,0.0,4399.861593,87.99723186,0.2617993877991494,0.01703708685546585,0.9829629131445341,0.017332380120999264,0.010659781186450168,0.39434021881354986,4.433234524286382,1.0044053355254008,1.0034026377700322,1.008069144245071,1.1720941442450712,1.0826329683900593,0.6369547147589678,0.632288208283929,0.9612564302449705,-0.0011290540364348413,-3896945.0982994824,-77938.90196598964,0.002756819169134301,0.002750766802128382,473.46113856826497,471.38453154532397,2083163.47936456,41663.2695872912,5.349962856403284,0.10699925712806568,2074026.6958805677,41480.533917611356,5.32649784621538,0.10652995692430761,"[0.878,1.302]",0.991,"[0.650,1.050]",0.8,0.002,0.0,197,0.395,0.12,-0.005397477470999945,5,0.654602522529,0.005,0.0,78,0.3925,0.1,0.17418352252900005,4,0.624183522529,0.4028578315316764,0.4001681730025713,0.9601283679116814,0.9600581781191124,0.341056325282978,0.2898022750308279,0.962165585444416,0.9631091391487261
26,56,4.045,15.0,0.42,5152.82605,103.056521,Arrington:1998ps,1.106189098,0.007296967,0.0089,4.0539,3.625,3.6339,1.0,0.0,0.0,5152.82605,103.056521,0.2617993877991494,0.01703708685546585,0.9829629131445341,0.017332380120999264,0.010659781186450168,0.4093402188135498,4.433234524286382,1.0044053355254008,0.9992677367902107,1.0039251454608689,1.1803251454608688,1.0864276991410282,0.6692378057387893,0.6645803970681312,0.9608402669020665,-0.0009716428392352929,-5303210.029371906,-106064.20058743813,0.0027568191691343014,0.002750766802128383,483.89661117137314,481.77423402300883,2493435.0635505724,49868.70127101145,6.403618874366135,0.1280723774873227,2482498.823292556,49649.97646585113,6.375532514486719,0.12751065028973438,"[0.878,1.302]",0.991,"[0.650,1.050]",0.8,0.002,0.0,204,0.40900000000000003,0.12,-0.005397477470999945,5,0.654602522529,0.005,0.0,81,0.40750000000000003,0.1,0.17418352252900005,4,0.624183522529,0.41674870337173786,0.4151681730025713,0.9595895310340085,0.9595699750813474,0.341056325282978,0.2898022750308279,0.962165585444416,0.9631091391487261
26,56,4.045,15.0,0.435,5904.261946,118.0852389,Arrington:1998ps,1.090737515,0.00675783,0.0089,4.0539,3.61,3.6189,1.0,0.0,0.0,5904.261946,118.0852389,0.2617993877991494,0.01703708685546585,0.9829629131445341,0.017332380120999264,0.010659781186450168,0.42434021881354983,4.433234524286382,1.0044053355254008,0.9951328358103892,0.9997811466766663,1.1890061466766664,1.090415584388203,0.7015208967186108,0.6968725858523338,0.9604066266064022,-0.0008171813086622637,-7225155.4011500245,-144503.10799852613,0.002756819169134301,0.002750766802128382,494.8962841341627,492.7256622698886,2921997.2976301406,58439.94594270488,7.504248784929987,0.15008497567317997,2909181.377557751,58183.627541300506,7.471335047224278,0.14942670091917729,"[0.878,1.302]",0.991,"[0.650,1.050]",0.8,0.002,0.0,212,0.425,0.12,-0.005397477470999945,5,0.654602522529,0.005,0.0,84,0.4225,0.1,0.17418352252900005,5,0.7241835225290001,0.4326194932744656,0.43016817300257126,0.958932399593848,0.9590643327726648,0.341056325282978,0.34309166948212305,0.962165585444416,0.9617554775407161
26,56,4.045,15.0,0.45,6633.980647,132.6796129,Arrington:1998ps,1.068739928,0.006195375,0.0089,4.0539,3.5949999999999998,3.6039,1.0,0.0,0.0,6633.980647,132.6796129,0.2617993877991494,0.01703708685546585,0.9829629131445341,0.017332380120999264,0.010659781186450168,0.43934021881354984,4.433234524286382,1.0044053355254008,0.9909979348305676,0.9956371478924638,1.1981371478924638,1.0945945130012593,0.7338039876984325,0.7291647746365363,0.959955334649524,-0.0006657729533748874,-9964328.850205634,-199286.5769440321,0.002756819169134301,0.002750766802128382,506.480396549426,504.2589666098179,3359981.148793778,67199.62295561633,8.629075212928178,0.172581504206534,3345244.225565751,66904.88449114466,8.591227971140098,0.17182455937100063,"[0.878,1.302]",0.991,"[0.650,1.050]",0.8,0.002,0.0,219,0.439,0.12,-0.005397477470999945,6,0.7746025225290001,0.005,0.0,87,0.4375,0.1,0.17418352252900005,5,0.7241835225290001,0.44650250702500927,0.4451681730025713,0.9583187256143231,0.9585413070988973,0.38712638227275475,0.34309166948212305,0.9607003784349989,0.9617554775407161
26,56,4.045,15.0,0.465,7324.209188,146.4841838,Arrington:1998ps,1.021270667,0.005720754,0.0089,4.0539,3.58,3.5889,1.0,0.0,0.0,7324.209188,146.4841838,0.2617993877991494,0.01703708685546585,0.9829629131445341,0.017332380120999264,0.010659781186450168,0.45434021881354986,4.433234524286382,1.0044053355254008,0.9868630338507461,0.9914931491082616,1.2077181491082616,1.0989623055902606,0.766087078678254,0.7614569634207385,0.959486215328053,-0.000517511403099665,-14152749.377368726,-283054.9876246675,0.0027568191691343005,0.0027507668021283815,518.6701097940692,516.3952156056148,3798848.38369469,75976.96769464061,9.756170339580695,0.19512340684489568,3782186.582777885,75643.73167621352,9.713379643166949,0.19426759291638707,"[0.878,1.302]",0.991,"[0.650,1.050]",0.8,0.002,0.0,227,0.455,0.12,-0.005397477470999945,6,0.7746025225290001,0.005,0.0,90,0.4525,0.1,0.17418352252900005,5,0.7241835225290001,0.4623643238712205,0.4601681730025713,0.9575698086742673,0.9580009557944092,0.38712638227275475,0.34309166948212305,0.9607003784349989,0.9617554775407161
26,56,4.045,15.0,0.48,7960.012828,159.2002566,Arrington:1998ps,1.0175863,0.005288936,0.0089,4.0539,3.565,3.5739,1.0,0.0,0.0,7960.012828,159.2002566,0.2617993877991494,0.01703708685546585,0.9829629131445341,0.017332380120999264,0.010659781186450168,0.4693402188135498,4.433234524286382,1.0044053355254008,0.9827281328709245,0.9873491503240591,1.2177491503240592,1.1035167195489424,0.7983701696580756,0.793749152204941,0.9589990919518125,-0.00037248043301064515,-21370284.510414835,-427405.6903156848,0.0027568191691343014,0.002750766802128383,531.4875356784077,529.1564240848925,4230647.601922233,84612.95205970414,10.865113445498622,0.21730226896457086,4212091.923734352,84241.8384958533,10.817458909470169,0.2163491782437624,"[0.878,1.302]",0.991,"[0.650,1.050]",0.8,0.002,0.0,234,0.46900000000000003,0.12,-0.005397477470999945,6,0.7746025225290001,0.005,0.0,93,0.4675,0.1,0.17418352252900005,6,0.8241835225290001,0.4762394928531748,0.4751681730025713,0.9568697375281249,0.9574433384063368,0.38712638227275475,0.39638106393341815,0.9607003784349989,0.9601786729064515
26,56,4.045,15.0,0.495,8529.587271,170.5917454,Arrington:1998ps,0.968393867,0.004935761,0.0089,4.0539,3.55,3.5589,1.0,0.0,0.0,8529.587271,170.5917454,0.2617993877991494,0.01703708685546585,0.9829629131445341,0.017332380120999264,0.010659781186450168,0.4843402188135498,4.433234524286382,1.0044053355254008,0.9785932318911029,0.9832051515398568,1.2282301515398568,1.1082554540988538,0.8306532606378972,0.8260413409891434,0.9584937868523619,-0.00023075404115311489,-36963977.871747285,-739279.5573482732,0.002756819169134302,0.0027507668021283832,544.9557653683129,542.5655819353533,4648247.759543625,92964.95517997337,11.937590643871982,0.2387518128494486,4627860.481358497,92557.20961631864,11.88523220819757,0.23770464413608317,"[0.878,1.302]",0.991,"[0.650,1.050]",0.8,0.002,0.0,242,0.485,0.12,-0.005397477470999945,6,0.7746025225290001,0.005,0.0,96,0.4825,0.1,0.17418352252900005,6,0.8241835225290001,0.49209235184529376,0.49016817300257126,0.9560142967631353,0.956868516278375,0.38712638227275475,0.39638106393341815,0.9607003784349989,0.9601786729064515
26,56,4.045,15.0,0.51,9024.498093,180.4899619,Arrington:1998ps,0.961826343,0.004809132,0.0089,4.0539,3.535,3.5439000000000003,1.0,0.0,0.0,9024.498093,180.4899619,0.2617993877991494,0.01703708685546585,0.9829629131445341,0.017332380120999264,0.010659781186450168,0.49934021881354984,4.433234524286382,1.0044053355254008,0.9744583309112814,0.9790611527556545,1.2391611527556545,1.1131761553122015,0.8629363516177188,0.8583335297733456,0.9579701213919457,-9.239657544948075e-05,-97671348.197686,-1953426.9643866364,0.0027568191691343014,0.002750766802128383,559.0988991018353,556.6466836910745,5045586.948742912,100911.73899722219,12.958033794237702,0.2591606759421889,5023456.935444876,100469.13873116339,12.901199680962865,0.25802399367644036,"[0.878,1.302]",0.991,"[0.650,1.050]",0.8,0.002,0.0,249,0.499,0.12,-0.005397477470999945,7,0.894602522529,0.005,0.0,99,0.4975,0.1,0.17418352252900005,6,0.8241835225290001,0.5059596893419993,0.5051681730025713,0.9552134115325595,0.9562765525341167,0.43164799134548637,0.39638106393341815,0.9589739538319474,0.9601786729064515
26,56,4.045,15.0,0.525,9439.738254,188.7947651,Arrington:1998ps,0.954475618,0.004682333,0.0089,4.0539,3.52,3.5289,1.0,0.0,0.0,9439.738254,188.7947651,0.2617993877991494,0.01703708685546585,0.9829629131445341,0.017332380120999264,0.010659781186450168,0.5143402188135499,4.433234524286382,1.0044053355254008,0.9703234299314599,0.9749171539714521,1.250542153971452,1.1182764210925007,0.8952194425975403,0.8906257185575481,0.9574279159728658,4.253709345642241e-05,221917801.31076992,4438356.026685576,0.002756819169134301,0.002750766802128382,573.9420767226176,571.4247589320008,5417862.977218696,108357.25955585277,13.9141099468795,0.2782821989670699,5394100.156173136,107882.00313489123,13.853082470535742,0.27706164944006545,"[0.878,1.302]",0.991,"[0.650,1.050]",0.8,0.002,0.0,257,0.515,0.12,-0.005397477470999945,7,0.894602522529,0.005,0.0,102,0.5125,0.1,0.17418352252900005,7,0.924183522529,0.521803605639569,0.5201681730025712,0.9542329719715263,0.9556675120599541,0.43164799134548637,0.4496704583847132,0.9589739538319474,0.9583809364236614
26,56,4.045,15.0,0.54,9773.986279,195.4797256,Arrington:1998ps,0.935135342,0.004491514,0.0089,4.0539,3.505,3.5139,1.0,0.0,0.0,9773.986279,195.4797256,0.2617993877991494,0.01703708685546585,0.9829629131445341,0.017332380120999264,0.010659781186450168,0.5293402188135499,4.433234524286382,1.0044053355254008,0.9661885289516382,0.9707731551872497,1.2623731551872497,1.1235538060935264,0.927502533577362,0.9229179073417505,0.9568669900472822,0.00017400135747453035,56171896.70736149,1123437.9342621712,0.0027568191691343014,0.002750766802128383,589.5115090530973,586.9259035195447,5761877.400797557,115237.54802774136,14.79760488448051,0.29595209771988973,5736605.727789708,114732.11456753267,14.732702387268722,0.2946540477755211,"[0.878,1.302]",0.991,"[0.650,1.050]",0.8,0.002,0.0,264,0.529,0.12,-0.005397477470999945,7,0.894602522529,0.005,0.0,105,0.5275,0.1,0.17418352252900005,7,0.924183522529,0.5356631248969137,0.5351681730025712,0.9533131005779264,0.9550414614875493,0.43164799134548637,0.4496704583847132,0.9589739538319474,0.9583809364236614
26,56,4.045,15.0,0.555,10029.39341,200.5878682,Arrington:1998ps,0.918300801,0.004407046,0.0089,4.0539,3.4899999999999998,3.4989,1.0,0.0,0.0,10029.39341,200.5878682,0.2617993877991494,0.01703708685546585,0.9829629131445341,0.017332380120999264,0.010659781186450168,0.5443402188135499,4.433234524286382,1.0044053355254008,0.9620536279718167,0.9666291564030471,1.2746541564030471,1.1290058265585023,0.9597856245571835,0.9552100961259531,0.9562871621274545,0.0003019596185692619,33214353.15596516,664287.0631193032,0.0027568191691343005,0.0027507668021283815,605.8345101312242,603.1773116919121,6076152.643460679,121523.05286921357,15.604723908786614,0.31209447817573227,6049502.554944379,120990.05109888759,15.536281376506068,0.31072562753012134,"[0.878,1.302]",0.991,"[0.650,1.050]",0.8,0.002,0.0,272,0.545,0.12,-0.005397477470999945,8,1.014602522529,0.005,0.0,108,0.5425,0.1,0.17418352252900005,7,0.924183522529,0.5514981136167663,0.5501681730025713,0.952184234683917,0.954398469175884,0.47476752402222344,0.4496704583847132,0.9569460932333339,0.9583809364236614
26,56,4.045,15.0,0.57,10211.35198,204.2270396,Arrington:1998ps,0.905854584,0.004259965,0.0089,4.0539,3.475,3.4839,1.0,0.0,0.0,10211.35198,204.2270396,0.2617993877991494,0.01703708685546585,0.9829629131445341,0.017332380120999264,0.010659781186450168,0.5593402188135498,4.433234524286382,1.0044053355254008,0.9579187269919952,0.9624851576188449,1.2873851576188449,1.1346299650629914,0.9920687155370048,0.9875022849101551,0.9556882497964282,0.0004263840026767725,23948722.08125708,478974.44162514166,0.002756819169134301,0.002750766802128382,622.9395303351682,620.2073090435256,6361054.80650829,127221.09613016581,16.336407238065508,0.32672814476131024,6333155.1332120765,126663.10266424154,16.264755532705323,0.3252951106541065,"[0.878,1.302]",0.991,"[0.650,1.050]",0.8,0.002,0.0,279,0.559,0.12,-0.005397477470999945,8,1.014602522529,0.005,0.0,111,0.5575,0.1,0.17418352252900005,8,1.0241835225290001,0.565349827843356,0.5651681730025713,0.9511221846951688,0.9537386051928968,0.47476752402222344,0.5029598528360083,0.9569460932333339,0.9563647757774824
26,56,4.045,15.0,0.585,10327.93861,206.5587722,Arrington:1998ps,0.910152583,0.004366796,0.0089,4.0539,3.46,3.4689,1.0,0.0,0.0,10327.93861,206.5587722,0.2617993877991494,0.01703708685546585,0.9829629131445341,0.017332380120999264,0.010659781186450168,0.5743402188135498,4.433234524286382,1.0044053355254008,0.9537838260121736,0.9583411588346424,1.3005661588346424,1.140423675146497,1.0243518065168264,1.0197944736943576,0.9550700697191778,0.000547255044256009,18872258.40748675,377445.168149735,0.002756819169134302,0.0027507668021283832,640.8561904212607,638.0453864136745,6618723.392509251,132374.46785018503,16.99814952474749,0.3399629904949498,6589693.581274157,131793.87162548315,16.92359540867614,0.3384719081735228,"[0.878,1.302]",0.991,"[0.650,1.050]",0.8,0.002,0.0,287,0.5750000000000001,0.12,-0.005397477470999945,8,1.014602522529,0.005,0.0,114,0.5725,0.1,0.17418352252900005,8,1.0241835225290001,0.5811759040597693,0.5801681730025713,0.9498147826970912,0.9530619412967173,0.47476752402222344,0.5029598528360083,0.9569460932333339,0.9563647757774824
26,56,4.045,15.0,0.6,10389.30081,207.7860162,Arrington:1998ps,0.902851902,0.004331379,0.0089,4.0539,3.445,3.4539,1.0,0.0,0.0,10389.30081,207.7860162,0.2617993877991494,0.01703708685546585,0.9829629131445341,0.017332380120999264,0.010659781186450168,0.5893402188135498,4.433234524286382,1.0044053355254008,0.949648925032352,0.9541971600504401,1.31419716005044,1.1463843858193639,1.0566348974966484,1.05208666247856,0.9544324376542104,0.0006645613456627499,15633320.953446396,312666.41906892793,0.002756819169134301,0.002750766802128382,659.615316501231,656.7222347103409,6852941.942014646,137058.8388402929,17.599667625725694,0.35199335251451386,6822884.845021156,136457.6969004231,17.522475243044553,0.35044950486089105,"[0.878,1.302]",0.991,"[0.650,1.050]",0.8,0.002,0.0,294,0.589,0.12,-0.005397477470999945,8,1.014602522529,0.005,0.0,117,0.5875,0.1,0.17418352252900005,8,1.0241835225290001,0.5950198264270554,0.5951681730025713,0.9485805225337095,0.9523685509165059,0.47476752402222344,0.5029598528360083,0.9569460932333339,0.9563647757774824
26,56,4.045,15.0,0.615,10406.30389,208.1260777,Arrington:1998ps,0.910025318,0.00436274,0.0089,4.0539,3.4299999999999997,3.4389,1.0,0.0,0.0,10406.30389,208.1260777,0.2617993877991494,0.01703708685546585,0.9829629131445341,0.017332380120999264,0.010659781186450168,0.6043402188135498,4.433234524286382,1.0044053355254008,0.9455140240525304,0.9500531612662377,1.3282781612662378,1.1525095059331345,1.0889179884764695,1.0843788512627621,0.9537751684656423,0.0007782992154592711,13370569.677189361,267411.393415302,0.002756819169134301,0.002750766802128382,679.2489759856207,676.2697806959658,7068471.261077682,141369.42515362875,18.153188202903277,0.36306376388362144,7037468.849545875,140749.37692329052,18.073568071407554,0.36147136125447205,"[0.878,1.302]",0.991,"[0.650,1.050]",0.8,0.002,0.0,302,0.605,0.12,-0.005397477470999945,9,1.134602522529,0.005,0.0,120,0.6025,0.1,0.17418352252900005,9,1.124183522529,0.6108370051719589,0.6101681730025713,0.947055277584441,0.9516585091329091,0.5166096490576481,0.5562492472873034,0.95456243055867,0.9541329865086933
26,56,4.045,15.0,0.63,10390.11618,207.8023236,Arrington:1998ps,0.912405582,0.019345308,0.0089,4.0539,3.415,3.4239,1.0,0.0,0.0,10390.11618,207.8023236,0.2617993877991494,0.01703708685546585,0.9829629131445341,0.017332380120999264,0.010659781186450168,0.6193402188135498,4.433234524286382,1.0044053355254008,0.941379123072709,0.9459091624820354,1.3428091624820353,1.1587964284040728,1.1212010794562914,1.116671040046965,0.9530980761357553,0.0008884722896523595,11694361.54735387,233887.23094707733,0.002756819169134301,0.002750766802128382,699.7905145211325,696.7212237627896,7270904.747536545,145418.09495073088,18.673076173374753,0.373461523467495,7239014.4599671615,144780.2891993432,18.591175806137006,0.37182351612274006,"[0.878,1.302]",0.991,"[0.650,1.050]",0.8,0.002,0.0,309,0.619,0.12,-0.005397477470999945,9,1.134602522529,0.005,0.0,123,0.6175,0.1,0.17418352252900005,9,1.124183522529,0.6246731488143737,0.6251681730025713,0.945609260204279,0.9509318926581392,0.5166096490576481,0.5562492472873034,0.95456243055867,0.9541329865086933
26,56,4.045,15.0,0.645,10350.94251,207.0188502,Arrington:1998ps,0.9438754,0.019611741,0.0089,4.0539,3.4,3.4089,1.0,0.0,0.0,10350.94251,207.0188502,0.2617993877991494,0.01703708685546585,0.9829629131445341,0.017332380120999264,0.010659781186450168,0.6343402188135498,4.433234524286382,1.0044053355254008,0.9372442220928874,0.941765163697833,1.3577901636978331,1.1652425342810968,1.1534841704361125,1.1489632288311669,0.9524009737780391,0.000995091139695447,10402004.496962924,208040.08993925844,0.002756819169134301,0.002750766802128382,721.2745939505718,718.1110737263016,7465871.855905963,149317.43711811924,19.17378905468684,0.3834757810937367,7433126.43993532,148662.5287987064,19.08969255391012,0.38179385107820235,"[0.878,1.302]",0.991,"[0.650,1.050]",0.8,0.002,0.0,317,0.635,0.12,-0.005397477470999945,9,1.134602522529,0.005,0.0,126,0.6325000000000001,0.1,0.17418352252900005,9,1.124183522529,0.6404814450774765,0.6401681730025713,0.9438139195892782,0.9501887798156884,0.5166096490576481,0.5562492472873034,0.95456243055867,0.9541329865086933
26,56,4.045,15.0,0.66,10300.4187,206.0083741,Arrington:1998ps,0.965009315,0.019902104,0.0089,4.0539,3.385,3.3939,1.0,0.0,0.0,10300.4187,206.0083741,0.2617993877991494,0.01703708685546585,0.9829629131445341,0.017332380120999264,0.010659781186450168,0.6493402188135499,4.433234524286382,1.0044053355254008,0.9331093211130658,0.9376211649136306,1.3732211649136306,1.1718451966508334,1.1857672614159345,1.1812554176153698,0.9516836736507314,0.001098172870902596,9379596.758326413,187591.9352575886,0.0027568191691343014,0.002750766802128383,743.7372313249599,740.4751896662453,7660804.885425843,153216.09778289057,19.67441441498532,0.3934882884907124,7627204.490524241,152544.08988453232,19.588122164537992,0.39176244348092804,"[0.878,1.302]",0.991,"[0.650,1.050]",0.8,0.002,0.0,324,0.649,0.12,-0.005397477470999945,9,1.134602522529,0.005,0.0,129,0.6475,0.1,0.17418352252900005,10,1.224183522529,0.6543098230926105,0.6551681730025712,0.9421030377788255,0.9494292505196879,0.5166096490576481,0.6095386417385985,0.95456243055867,0.9516886424532633
26,56,4.045,15.0,0.675,10238.12697,204.7625394,Arrington:1998ps,1.015810805,0.020706913,0.0089,4.0539,3.37,3.3789000000000002,1.0,0.0,0.0,10238.12697,204.7625394,0.2617993877991494,0.01703708685546585,0.9829629131445341,0.017332380120999264,0.010659781186450168,0.6643402188135499,4.433234524286382,1.0044053355254008,0.9289744201332443,0.9334771661294282,1.3891021661294283,1.178601784373937,1.2180503523957555,1.2135476063995716,0.9509459871708617,0.0011977407147082829,8547865.86468638,170957.31729372762,0.0027568191691343014,0.002750766802128383,767.2158389983886,763.8508198456161,7854853.173060579,157097.0634612116,20.17276758864559,0.40345535177291186,7820401.679718013,156408.03359436028,20.084289554369292,0.4016857910873859,"[0.878,1.302]",0.991,"[0.650,1.050]",0.8,0.002,0.0,332,0.665,0.12,-0.005397477470999945,10,1.254602522529,0.005,0.0,132,0.6625,0.1,0.17418352252900005,10,1.224183522529,0.6701092518215646,0.6701681730025713,0.939966652179765,0.9486533862539197,0.5572815869439202,0.6095386417385985,0.9517496543859314,0.9516886424532633
26,56,4.045,15.0,0.69,10177.36439,203.5472877,Arrington:1998ps,1.01204984,0.020634026,0.0089,4.0539,3.355,3.3639,1.0,0.0,0.0,10177.36439,203.5472877,0.2617993877991494,0.01703708685546585,0.9829629131445341,0.017332380120999264,0.010659781186450168,0.6793402188135498,4.433234524286382,1.0044053355254008,0.9248395191534227,0.9293331673452259,1.4054331673452258,1.1855096656481658,1.2503334433755773,1.245839795183774,0.9501877249288078,0.0012938236179738777,7866114.2435610425,157322.28479393056,0.0027568191691343005,0.0027507668021283815,791.7492658371661,788.2766427390641,8057920.783939819,161158.41559962142,20.694284112098604,0.4138856820386356,8022578.633281304,160451.5725867984,20.60351869922465,0.41207037378204847,"[0.878,1.302]",0.991,"[0.650,1.050]",0.8,0.002,0.0,339,0.679,0.12,-0.005397477470999945,10,1.254602522529,0.005,0.0,135,0.6775,0.1,0.17418352252900005,10,1.224183522529,0.6839298772702875,0.6851681730025713,0.9379179344622737,0.9478612700504949,0.5572815869439202,0.6095386417385985,0.9517496543859314,0.9516886424532633
26,56,4.045,15.0,0.705,10119.12647,202.3825294,Arrington:1998ps,1.096932629,0.021741007,0.0089,4.0539,3.34,3.3489,1.0,0.0,0.0,10119.12647,202.3825294,0.2617993877991494,0.01703708685546585,0.9829629131445341,0.017332380120999264,0.010659781186450168,0.6943402188135498,4.433234524286382,1.0044053355254008,0.920704618173601,0.9251891685610234,1.4222141685610232,1.1925662113949997,1.282616534355399,1.2781319839679766,0.949408696703375,0.0013864558322939612,7298556.675445906,145971.13350891814,0.0027568191691343014,0.002750766802128383,817.3778395758765,813.792809203178,8271149.732443664,165422.9946488733,21.241896897031584,0.42483793794063174,8234872.3567035375,164697.44713407077,21.148729647000554,0.42297459294001116,"[0.878,1.302]",0.991,"[0.650,1.050]",0.8,0.002,0.0,347,0.6950000000000001,0.12,-0.005397477470999945,10,1.254602522529,0.005,0.0,138,0.6925,0.1,0.17418352252900005,11,1.3241835225290002,0.6997204533709009,0.7001681730025713,0.9353417378664157,0.9470529864682029,0.5572815869439202,0.6628280361898936,0.9517496543859314,0.9490350853333848
26,56,4.045,15.0,0.72,10065.74678,201.3149357,Arrington:1998ps,1.112684458,0.022154342,0.0089,4.0539,3.325,3.3339000000000003,1.0,0.0,0.0,10065.74678,201.3149357,0.2617993877991494,0.01703708685546585,0.9829629131445341,0.017332380120999264,0.010659781186450168,0.7093402188135498,4.433234524286382,1.0044053355254008,0.9165697171937797,0.9210451697768212,1.4394451697768211,1.1997687984677803,1.3148996253352203,1.3104241727521788,0.9486087114774024,0.0014756765059986807,6821106.6172581585,136422.1324129287,0.002756819169134301,0.002750766802128382,844.1434103540379,840.4409858221925,8496933.814629376,169938.67637700186,21.821753670264343,0.43643507362207906,8459666.14681976,169193.3230204393,21.726043160502986,0.4345208634259011,"[0.878,1.302]",0.991,"[0.650,1.050]",0.8,0.002,0.0,354,0.709,0.12,-0.005397477470999945,10,1.254602522529,0.005,0.0,141,0.7075,0.1,0.17418352252900005,11,1.3241835225290002,0.7135333392775038,0.7151681730025713,0.9328521633650146,0.9462286215705487,0.5572815869439202,0.6628280361898936,0.9517496543859314,0.9490350853333848
26,56,4.045,15.0,0.735,10018.1769,200.3635379,Arrington:1998ps,1.137931594,0.022259539,0.0089,4.0539,3.31,3.3189,1.0,0.0,0.0,10018.1769,200.3635379,0.2617993877991494,0.01703708685546585,0.9829629131445341,0.017332380120999264,0.010659781186450168,0.7243402188135498,4.433234524286382,1.0044053355254008,0.9124348162139579,0.9169011709926187,1.4571261709926187,1.2071148126804752,1.347182716315042,1.3427163615363813,0.9477875774539105,0.0015615292812867522,6415618.98329866,128312.37960193341,0.002756819169134302,0.0027507668021283832,872.0893954681915,868.2643994637929,8736745.8364144,174734.9166410791,22.437636879516944,0.44875273736636967,8698426.349800542,173968.5269091844,22.339225097584627,0.44678450172870565,"[0.878,1.302]",0.991,"[0.650,1.050]",0.8,0.002,0.0,362,0.725,0.12,-0.005397477470999945,11,1.374602522529,0.005,0.0,144,0.7225,0.1,0.17418352252900005,11,1.3241835225290002,0.7293150776138475,0.7301681730025713,0.9296945339991556,0.9453882629034828,0.5968763486071639,0.6628280361898936,0.9484080927431519,0.9490350853333848
26,56,4.045,15.0,0.75,9975.927563,199.5185513,Arrington:1998ps,1.14275088,0.022353811,0.0089,4.0539,3.295,3.3039,1.0,0.0,0.0,9975.927563,199.5185513,0.2617993877991494,0.01703708685546585,0.9829629131445341,0.017332380120999264,0.010659781186450168,0.7393402188135498,4.433234524286382,1.0044053355254008,0.9082999152341364,0.9127571722084163,1.4752571722084165,1.2146016516572076,1.3794658072948636,1.3750085503205836,0.9469451020727917,0.0016440618986610404,6067853.996935645,121357.0799630429,0.0027568191691343014,0.002750766802128383,901.2608253754196,897.3078830808613,8990912.709314777,179818.254222346,23.090386096184265,0.4618077220162698,8951478.443323545,179029.56890236324,22.98911134726875,0.4597822270375534,"[0.878,1.302]",0.991,"[0.650,1.050]",0.8,0.002,0.0,369,0.739,0.12,-0.005397477470999945,11,1.374602522529,0.005,0.0,147,0.7375,0.1,0.17418352252900005,12,1.424183522529,0.743120236966206,0.7451681730025713,0.926613863462644,0.9445319994728368,0.5968763486071639,0.7161174306411887,0.9484080927431519,0.9461759135646328
26,56,4.045,15.0,0.765,9938.200878,198.7640176,Arrington:1998ps,1.096777992,0.021734316,0.0089,4.0539,3.28,3.2889,1.0,0.0,0.0,9938.200878,198.7640176,0.2617993877991494,0.01703708685546585,0.9829629131445341,0.017332380120999264,0.010659781186450168,0.7543402188135498,4.433234524286382,1.0044053355254008,0.9041650142543148,0.908613173424214,1.4938381734242139,1.2222267275036223,1.411748898274685,1.407300739104786,0.9460810920280595,0.0017233258105796175,5766872.878586679,115337.4575949445,0.002756819169134301,0.002750766802128382,931.7043909855082,927.6179227962156,9259465.396528633,185189.3079678408,23.78008083969027,0.4756016168895172,9218853.254781885,184377.06513274243,23.675781080206026,0.4735156216994126,"[0.878,1.302]",0.991,"[0.650,1.050]",0.8,0.002,0.0,377,0.755,0.12,-0.005397477470999945,11,1.374602522529,0.005,0.0,150,0.7525000000000001,0.1,0.17418352252900005,12,1.424183522529,0.7588931523608053,0.7601681730025713,0.9226643458380555,0.9436599217214766,0.5968763486071639,0.7161174306411887,0.9484080927431519,0.9461759135646328
26,56,4.045,15.0,0.78,9904.076185,198.0815237,Arrington:1998ps,1.110653815,0.021910171,0.0089,4.0539,3.2649999999999997,3.2739,1.0,0.0,0.0,9904.076185,198.0815237,0.2617993877991494,0.01703708685546585,0.9829629131445341,0.017332380120999264,0.010659781186450168,0.7693402188135499,4.433234524286382,1.0044053355254008,0.9000301132744932,0.9044691746400114,1.5128691746400116,1.2299874693020298,1.4440319892545068,1.4395929278889885,0.9451953532856582,0.0017993758059815098,5504173.25390101,110083.4650780202,0.002756819169134302,0.0027507668021283832,963.468492280248,959.2427063086649,9542265.349390661,190845.3069878132,24.506365290522695,0.49012730581045383,9500412.843186596,190008.25686373192,24.398880037513443,0.4879776007502688,"[0.878,1.302]",0.991,"[0.650,1.050]",0.8,0.002,0.0,384,0.769,0.12,-0.005397477470999945,12,1.494602522529,0.005,0.0,153,0.7675000000000001,0.1,0.17418352252900005,12,1.424183522529,0.7726905981105077,0.7751681730025713,0.9187646686770761,0.9427721215061784,0.6354752398811444,0.7161174306411887,0.9444000739748406,0.9461759135646328
26,56,4.045,15.0,0.795,9739.806589,194.7961318,Arrington:1998ps,1.180721598,0.022690389,0.0089,4.0539,3.25,3.2589,1.0,0.0,0.0,9739.806589,194.7961318,0.2617993877991494,0.01703708685546585,0.9829629131445341,0.017332380120999264,0.010659781186450168,0.7843402188135499,4.433234524286382,1.0044053355254008,0.8958952122946717,0.9003251758558092,1.5323501758558091,1.2378813254330194,1.4763150802343283,1.471885116673191,0.9442876911018461,0.001872269647102089,5202138.807342914,104042.77615754052,0.0027568191691343005,0.0027507668021283815,996.6032882996798,992.232172660015,9706723.274000287,194134.46549993783,24.928724743738076,0.49857449492595096,9664149.453091798,193282.98908168063,24.819387016396075,0.4963877403788864,"[0.878,1.302]",0.991,"[0.650,1.050]",0.8,0.002,0.0,392,0.785,0.12,-0.005397477470999945,12,1.494602522529,0.005,0.0,156,0.7825,0.1,0.17418352252900005,12,1.424183522529,0.7884547053445132,0.7901681730025713,0.9136965061755234,0.9418686920742457,0.6354752398811444,0.7161174306411887,0.9444000739748406,0.9461759135646328
26,56,4.045,15.0,0.81,9703.796227,194.0759245,Arrington:1998ps,1.154187468,0.022362382,0.0089,4.0539,3.235,3.2439,1.0,0.0,0.0,9703.796227,194.0759245,0.2617993877991494,0.01703708685546585,0.9829629131445341,0.017332380120999264,0.010659781186450168,0.7993402188135499,4.433234524286382,1.0044053355254008,0.8917603113148501,0.8961811770716067,1.552281177071607,1.2459057657269297,1.50859817121415,1.5041773054573935,0.9433579100421582,0.0019420677197593125,4996631.23395235,99932.6246584504,0.0027568191691343014,0.002750766802128383,1031.16074853647,1026.6380634040277,10006173.781078694,200123.47558032745,25.697771007303185,0.513955420040135,9962286.566154592,199245.7312820263,25.585060232541256,0.5117012045453609,"[0.878,1.302]",0.991,"[0.650,1.050]",0.8,0.002,0.0,399,0.799,0.12,-0.005397477470999945,12,1.494602522529,0.005,0.0,159,0.7975,0.1,0.17418352252900005,13,1.5241835225290001,0.8022444504070023,0.8051681730025713,0.9086147569836093,0.9409497280398716,0.6354752398811444,0.7694068250924838,0.9444000739748406,0.943114970347738
26,56,4.045,15.0,0.825,9671.461422,193.4292284,Arrington:1998ps,1.168385987,0.022437147,0.0089,4.0539,3.2199999999999998,3.2289,1.0,0.0,0.0,9671.461422,193.4292284,0.2617993877991494,0.01703708685546585,0.9829629131445341,0.017332380120999264,0.010659781186450168,0.8143402188135498,4.433234524286382,1.0044053355254008,0.8876254103350285,0.8920371782874044,1.5726621782874042,1.2540582834491403,1.5408812621939716,1.5364694942415957,0.9424058140009578,0.0020088326980711247,4814468.338396975,96289.36674802745,0.0027568191691343014,0.002750766802128383,1067.194705781026,1062.5139752197556,10321332.426723834,206426.64849178886,26.5071587796878,0.5301431754841255,10276062.92167373,205521.25839097405,26.39089801909704,0.5278179602727913,"[0.878,1.302]",0.991,"[0.650,1.050]",0.8,0.002,0.0,407,0.8150000000000001,0.12,-0.005397477470999945,12,1.494602522529,0.005,0.0,162,0.8125,0.1,0.17418352252900005,13,1.5241835225290001,0.8179997642203176,0.8201681730025713,0.9018919151042534,0.9400153253602606,0.6354752398811444,0.7694068250924838,0.9444000739748406,0.943114970347738
26,56,4.045,15.0,0.84,9631.797343,192.6359469,Arrington:1998ps,1.214726554,0.022737189,0.0089,4.0539,3.205,3.2139,1.0,0.0,0.0,9631.797343,192.6359469,0.2617993877991494,0.01703708685546585,0.9829629131445341,0.017332380120999264,0.010659781186450168,0.8293402188135498,4.433234524286382,1.0044053355254008,0.8834905093552071,0.8878931795032021,1.5934931795032021,1.2623363971236836,1.573164353173793,1.568761683025798,0.9414312062215848,0.00207262922435739,4647139.599214277,92942.79200358469,0.002756819169134301,0.002750766802128382,1104.7609104614578,1099.9154140131698,10640833.202032931,212816.66408484904,27.32769797280822,0.5465539595696538,10594162.362216793,211883.24728833247,27.20783831610492,0.5441567664350901,"[0.878,1.302]",0.991,"[0.650,1.050]",0.8,0.002,0.0,414,0.8290000000000001,0.12,-0.005397477470999945,13,1.614602522529,0.005,0.0,165,0.8275,0.1,0.17418352252900005,13,1.5241835225290001,0.8317818214750403,0.8351681730025713,0.8950125700286813,0.9390655813115188,0.6731498254958411,0.7694068250924838,0.9395311361171468,0.943114970347738
26,56,4.045,15.0,0.855,9594.071084,191.8814217,Arrington:1998ps,1.177810744,0.022305442,0.0089,4.0539,3.19,3.1989,1.0,0.0,0.0,9594.071084,191.8814217,0.2617993877991494,0.01703708685546585,0.9829629131445341,0.017332380120999264,0.010659781186450168,0.8443402188135498,4.433234524286382,1.0044053355254008,0.8793556083753855,0.8837491807189997,1.6147741807189995,1.270737652200091,1.6054474441536146,1.6010538718100005,0.9404338893171104,0.002133523604787721,4496819.750421547,89936.39501780513,0.002756819169134301,0.002750766802128382,1143.9170865240328,1138.89985055252,10974821.842313748,219496.43686915335,28.185444778406048,0.563708895626877,10926686.123757854,218533.7224979351,28.061823032493493,0.5612364607083682,"[0.878,1.302]",0.991,"[0.650,1.050]",0.8,0.002,0.0,422,0.845,0.12,-0.005397477470999945,13,1.614602522529,0.005,0.0,168,0.8425,0.1,0.17418352252900005,14,1.6241835225290002,0.8475283565665137,0.8501681730025713,0.8856907878199668,0.9381005944643259,0.6731498254958411,0.8226962195437789,0.9395311361171468,0.9398563311166426
26,56,4.045,15.0,0.87,9555.005039,191.1001008,Arrington:1998ps,1.245420589,0.023024582,0.0089,4.0539,3.175,3.1839,1.0,0.0,0.0,9555.005039,191.1001008,0.2617993877991494,0.01703708685546585,0.9829629131445341,0.017332380120999264,0.010659781186450168,0.8593402188135498,4.433234524286382,1.0044053355254008,0.8752207073955639,0.8796051819347973,1.6365051819347973,1.2792596225687722,1.6377305351334361,1.633346060594203,0.9394136652917029,0.002191583521159892,4359863.517290469,87197.27035493522,0.002756819169134301,0.002750766802128382,1184.722988901392,1179.526777684497,11320034.128771942,226400.6825991333,29.07201605733839,0.5814403212076197,11270384.3044108,225407.68611180654,28.944505797682687,0.5788901160142388,"[0.878,1.302]",0.991,"[0.650,1.050]",0.8,0.002,0.0,429,0.859,0.12,-0.005397477470999945,13,1.614602522529,0.005,0.0,171,0.8575,0.1,0.17418352252900005,14,1.6241835225290002,0.8613027388570487,0.8651681730025713,0.8758811067825305,0.9371204646593967,0.6731498254958411,0.8226962195437789,0.9395311361171468,0.9398563311166426
26,56,4.045,15.0,0.885,9513.728434,190.2745687,Arrington:1998ps,1.15622388,0.022073365,0.0089,4.0539,3.16,3.1689000000000003,1.0,0.0,0.0,9513.728434,190.2745687,0.2617993877991494,0.01703708685546585,0.9829629131445341,0.017332380120999264,0.010659781186450168,0.8743402188135498,4.433234524286382,1.0044053355254008,0.8710858064157424,0.875461183150595,1.658686183150595,1.2878999119305021,1.6700136261132577,1.6656382493784052,0.9383703355626185,0.0022468777590330074,4234199.388797386,84683.98778484896,0.0027568191691343014,0.002750766802128383,1227.2404626174716,1221.8577691799164,11675632.484559154,233512.6497157279,29.98526075181622,0.5997052150993603,11624423.00095078,232488.46004345277,29.853744988452338,0.5970748998318061,"[0.878,1.302]",0.991,"[0.650,1.050]",0.8,0.002,0.0,437,0.875,0.12,-0.005397477470999945,13,1.614602522529,0.005,0.0,174,0.8725,0.1,0.17418352252900005,14,1.6241835225290002,0.8770405098846297,0.8801681730025713,0.8621295335106464,0.9361252929827446,0.6731498254958411,0.8226962195437789,0.9395311361171468,0.9398563311166426
26,56,4.045,15.0,0.9,9471.310954,189.4262191,Arrington:1998ps,1.129727453,0.021749893,0.0089,4.0539,3.145,3.1539,1.0,0.0,0.0,9471.310954,189.4262191,0.2617993877991494,0.01703708685546585,0.9829629131445341,0.017332380120999264,0.010659781186450168,0.8893402188135499,4.433234524286382,1.0044053355254008,0.8669509054359208,0.8713171843663925,1.6813171843663925,1.2966561550258389,1.7022967170930794,1.6979304381626077,0.9373037009828203,0.0022994759522943177,4118899.7625958803,82377.99526061524,0.002756819169134302,0.0027507668021283832,1271.5335035798378,1265.9565402594194,12043089.200833715,240861.784042105,30.928959987559587,0.6185791998165026,11990268.047046982,239805.36096625874,30.79330514645341,0.6158661029940925,"[0.878,1.302]",0.991,"[0.650,1.050]",0.8,0.002,0.0,444,0.889,0.12,-0.005397477470999945,14,1.734602522529,0.005,0.0,177,0.8875000000000001,0.1,0.17418352252900005,15,1.724183522529,0.8908072300188365,0.8951681730025713,0.8470549045486395,0.9351151817407591,0.709963488653555,0.8759856139950739,0.9335185154666641,0.9364042904170176
26,56,4.045,15.0,0.915,9427.130225,188.5426045,Arrington:1998ps,1.177452707,0.022170055,0.0089,4.0539,3.13,3.1389,1.0,0.0,0.0,9427.130225,188.5426045,0.2617993877991494,0.01703708685546585,0.9829629131445341,0.017332380120999264,0.010659781186450168,0.9043402188135499,4.433234524286382,1.0044053355254008,0.8628160044560993,0.86717318558219,1.7043981855821901,1.3055260187304543,1.734579808072901,1.7302226269468102,0.9362135618642361,0.0023494483441092394,4012486.696562876,80249.7339312575,0.0027568191691343005,0.0027507668021283815,1317.668321111942,1311.8890098514605,12421830.856479395,248436.61712958792,31.90164110930004,0.6380328221860009,12367348.536616027,247346.97073232054,31.76172007550359,0.6352344015100718,"[1.302,1.770]",1.619,"[0.650,1.050]",0.8,0.002,0.0,452,0.905,0.12,-1.6444774774709998,28,1.7755225225290001,0.005,0.0,180,0.9025,0.1,0.17418352252900005,15,1.724183522529,0.9219765701663931,0.9101681730025712,0.951201509100175,0.9340902344351059,1.158554013019672,0.8759856139950739,0.9336665632260603,0.9364042904170176
26,56,4.045,15.0,0.93,9382.313916,187.6462783,Arrington:1998ps,1.215052076,0.022489122,0.0089,4.0539,3.1149999999999998,3.1239,1.0,0.0,0.0,9382.313916,187.6462783,0.2617993877991494,0.01703708685546585,0.9829629131445341,0.017332380120999264,0.010659781186450168,0.9193402188135499,4.433234524286382,1.0044053355254008,0.8586811034762776,0.8630291867979877,1.7279291867979878,1.3145072030224816,1.7668628990527226,1.7625148157310124,0.9350997180016613,0.0023968655640898024,3914409.7426936356,78288.19484552849,0.0027568191691343014,0.002750766802128383,1365.7134022797507,1359.7233646367986,12813551.85947701,256271.03716222596,32.90765568130547,0.6581531135559612,12757351.445942177,255147.0288916491,32.763322253850426,0.655266445007168,"[1.302,1.770]",1.619,"[0.650,1.050]",0.8,0.002,0.0,459,0.919,0.12,-1.6444774774709998,28,1.7755225225290001,0.005,0.0,183,0.9175,0.1,0.17418352252900005,15,1.724183522529,0.9357316400343265,0.9251681730025713,0.9505225048393985,0.9330505557374617,1.158554013019672,0.8759856139950739,0.9336665632260603,0.9364042904170176
26,56,4.045,15.0,0.945,9338.099477,186.7619895,Arrington:1998ps,1.220805157,0.022488516,0.0089,4.0539,3.1,3.1089,1.0,0.0,0.0,9338.099477,186.7619895,0.2617993877991494,0.01703708685546585,0.9829629131445341,0.017332380120999264,0.010659781186450168,0.9343402188135498,4.433234524286382,1.0044053355254008,0.8545462024964562,0.8588851880137854,1.7519101880137855,1.3235974418280603,1.7991459900325442,1.794807004515215,0.9339619686973185,0.0024417984214169966,3824271.2400399623,76485.42478441788,0.002756819169134301,0.002750766802128382,1415.7395780691368,1409.5301249356353,13220317.013535606,264406.34021408256,33.952306515025185,0.6790461301550681,13162332.5224772,263246.6503931628,33.80339123473977,0.6760678245499976,"[1.302,1.770]",1.619,"[0.650,1.050]",0.8,0.002,0.0,467,0.935,0.12,-1.6444774774709998,28,1.7755225225290001,0.005,0.0,186,0.9325,0.1,0.17418352252900005,16,1.8241835225290002,0.9514473581144216,0.9401681730025713,0.9497103254654553,0.9319962514640944,1.158554013019672,0.9292750084463691,0.9336665632260603,0.9327633482912491
26,56,4.045,15.0,0.96,9291.580927,185.8316185,Arrington:1998ps,1.237679582,0.022923978,0.0089,4.0539,3.085,3.0939,1.0,0.0,0.0,9291.580927,185.8316185,0.2617993877991494,0.01703708685546585,0.9829629131445341,0.017332380120999264,0.010659781186450168,0.9493402188135498,4.433234524286382,1.0044053355254008,0.8504113015166346,0.854741189229583,1.776341189229583,1.3327945037512658,1.8314290810123652,1.827099193299417,0.9328001127860768,0.002484317713566379,3740093.6588184647,74801.87316026828,0.0027568191691343014,0.002750766802128383,1467.8200914725403,1461.3822124956444,13638369.166193653,272767.3832651602,35.025944523234806,0.7005188903139102,13578551.092681592,271571.0217951765,34.87232025197562,0.6974464048893879,"[1.302,1.770]",1.619,"[0.650,1.050]",0.8,0.002,0.0,474,0.9490000000000001,0.12,-1.6444774774709998,28,1.7755225225290001,0.005,0.0,189,0.9475,0.1,0.17418352252900005,16,1.8241835225290002,0.9651947979912876,0.9551681730025713,0.9489660756122462,0.9309274285503008,1.158554013019672,0.9292750084463691,0.9336665632260603,0.9327633482912491
26,56,4.045,15.0,0.975,9250.273847,185.0054769,Arrington:1998ps,1.243206438,0.02313445,0.0089,4.0539,3.07,3.0789,1.0,0.0,0.0,9250.273847,185.0054769,0.2617993877991494,0.01703708685546585,0.9829629131445341,0.017332380120999264,0.010659781186450168,0.9643402188135498,4.433234524286382,1.0044053355254008,0.846276400536813,0.8505971904453806,1.8012221904453805,1.3420961926946147,1.8637121719921872,1.8593913820836196,0.9316139486613435,0.0025244940502137563,3664209.0109963827,73284.18020408289,0.0027568191691343014,0.002750766802128383,1522.0306675455215,1515.3550202412582,14079200.47832829,281584.00950568455,36.158083776453296,0.7231616753727113,14017448.912657866,280348.9781925431,35.999493926960405,0.7199898783835391,"[1.302,1.770]",1.619,"[0.650,1.050]",0.8,0.002,0.0,482,0.965,0.12,-1.6444774774709998,29,1.8955225225290002,0.005,0.0,192,0.9625,0.1,0.17418352252900005,16,1.8241835225290002,0.9809018033339854,0.9701681730025713,0.9480745890619067,0.929844195024709,1.1869760495301955,0.9292750084463691,0.9302730670856146,0.9327633482912491
26,56,4.045,15.0,0.99,9210.447795,184.2089559,Arrington:1998ps,1.216010367,0.023017339,0.0089,4.0539,3.0549999999999997,3.0639,1.0,0.0,0.0,9210.447795,184.2089559,0.2617993877991494,0.01703708685546585,0.9829629131445341,0.017332380120999264,0.010659781186450168,0.9793402188135498,4.433234524286382,1.0044053355254008,0.8421414995569914,0.8464531916611782,1.8265531916611781,1.3515003483762695,1.8959952629720085,1.8916835708678217,0.9304032743016316,0.0025623976918366727,3594464.600222983,71889.29200445967,0.0027568191691343005,0.0027507668021283815,1578.4495854961278,1571.526484046848,14538227.504251475,290764.5500850295,37.336953108169595,0.746739062163392,14474462.639773395,289489.2527954679,37.17319272168021,0.7434638544336043,"[1.302,1.770]",1.619,"[0.650,1.050]",0.8,0.002,0.0,489,0.979,0.12,-1.6444774774709998,29,1.8955225225290002,0.005,0.0,195,0.9775,0.1,0.17418352252900005,17,1.924183522529,0.9946416259028652,0.9851681730025713,0.94725643473237,0.9287466599834622,1.1869760495301955,0.9825644028976641,0.9302730670856146,0.9289381962470594
26,56,4.045,15.0,1.005,9173.67198,183.4734396,Arrington:1998ps,1.242686683,0.023545642,0.0089,4.0539,3.04,3.0489,1.0,0.0,0.0,9173.67198,183.4734396,0.2617993877991494,0.01703708685546585,0.9829629131445341,0.017332380120999264,0.010659781186450168,0.9943402188135497,4.433234524286382,1.0044053355254008,0.8380065985771699,0.8423091928769759,1.8523341928769756,1.3610048467499944,1.92827835395183,1.923975759652024,0.9291678872978144,0.0025980984024785306,3530917.832538025,70618.35665076051,0.0027568191691343014,0.002750766802128383,1637.157752872297,1629.9771565987407,15018748.204364354,300374.9640872871,38.57102231243627,0.7714204462487253,14952875.769529939,299057.5153905988,38.401849281555144,0.7680369856311029,"[1.302,1.770]",1.619,"[0.650,1.050]",0.8,0.002,0.0,497,0.995,0.12,-1.6444774774709998,29,1.8955225225290002,0.005,0.0,198,0.9925,0.1,0.17418352252900005,17,1.924183522529,1.0103399329830367,1.0001681730025713,0.9462748485506074,0.9276349335642878,1.1869760495301955,0.9825644028976641,0.9302730670856146,0.9289381962470594
26,56,4.045,15.0,1.02,9138.622522,182.7724504,Arrington:1998ps,1.280280477,0.024183076,0.0089,4.0539,3.025,3.0339,1.0,0.0,0.0,9138.622522,182.7724504,0.2617993877991494,0.01703708685546585,0.9829629131445341,0.017332380120999264,0.010659781186450168,1.0093402188135498,4.433234524286382,1.0044053355254008,0.8338716975973482,0.8381651940927735,1.8785651940927734,1.3706076003337986,1.9605614449316517,1.9562679484362264,0.9279075848810717,0.0026316653161027647,3472562.5884424364,69451.25175364924,0.002756819169134302,0.0027507668021283832,1698.238781915032,1690.790283413508,15519563.180142557,310391.26353492157,39.85721110409135,0.7971442219073708,15451494.163981447,309029.88321199734,39.682396831596066,0.7936479364582304,"[1.302,1.770]",1.619,"[0.650,1.050]",0.8,0.002,0.0,504,1.0090000000000001,0.12,-1.6444774774709998,30,2.015522522529,0.005,0.0,201,1.0075,0.1,0.17418352252900005,17,1.924183522529,1.024072150891925,1.0151681730025715,0.9453724738791878,0.926509126920469,1.215022967239292,0.9825644028976641,0.9264717798900655,0.9289381962470594
26,56,4.045,15.0,1.035,9108.125667,182.1625133,Arrington:1998ps,1.328484086,0.024922801,0.0089,4.0539,3.01,3.0189,1.0,0.0,0.0,9108.125667,182.1625133,0.2617993877991494,0.01703708685546585,0.9829629131445341,0.017332380120999264,0.010659781186450168,1.0243402188135498,4.433234524286382,1.0044053355254008,0.8297367966175268,0.834021195308571,1.9052461953085709,1.3803065584530745,1.9928445359114733,1.988560137220429,0.926622163951538,0.0026631668159352927,3420035.7305823765,68400.71459662782,0.002756819169134301,0.002750766802128382,1761.7790681475963,1754.0518810824676,16046505.150178464,320930.1029330981,41.21049902176932,0.824209980254403,15976124.959336856,319522.49911657505,41.02974920997633,0.8205949840193371,"[1.302,1.770]",1.619,"[0.650,1.050]",0.8,0.002,0.0,512,1.025,0.12,-1.6444774774709998,30,2.015522522529,0.005,0.0,204,1.0225,0.1,0.17418352252900005,18,2.0241835225290004,1.0397617741444307,1.0301681730025714,0.9442878814440379,0.925369352194724,1.215022967239292,1.0358537973489594,0.9264717798900655,0.9249337028874028
26,56,4.045,15.0,1.05,9079.802278,181.5960456,Arrington:1998ps,1.343641593,0.025551217,0.0089,4.0539,2.995,3.0039000000000002,1.0,0.0,0.0,9079.802278,181.5960456,0.2617993877991494,0.01703708685546585,0.9829629131445341,0.017332380120999264,0.010659781186450168,1.0393402188135499,4.433234524286382,1.0044053355254008,0.8256018956377053,0.8298771965243688,1.9323771965243688,1.3900997074038857,2.0251276268912948,2.020852326004631,0.9253114211076577,0.00269267042617225,3372043.674467558,67440.8735042063,0.002756819169134301,0.002750766802128382,1827.8678712736985,1819.8508178150482,16596678.861473937,331933.57730259345,42.62345050116938,0.8524690102111602,16523885.601217236,330477.7120971388,42.436503464881746,0.8487300694845841,"[1.302,1.770]",1.619,"[0.650,1.050]",0.8,0.002,0.0,519,1.039,0.12,-1.6444774774709998,30,2.015522522529,0.005,0.0,207,1.0375,0.1,0.17418352252900005,18,2.0241835225290004,1.0534864000063493,1.0451681730025715,0.9432889007948442,0.9242157224930083,1.215022967239292,1.0358537973489594,0.9264717798900655,0.9249337028874028
26,56,4.045,15.0,1.065,9055.608123,181.1121625,Arrington:1998ps,1.30305992,0.025729912,0.0089,4.0539,2.98,2.9889,1.0,0.0,0.0,9055.608123,181.1121625,0.2617993877991494,0.01703708685546585,0.9829629131445341,0.017332380120999264,0.010659781186450168,1.0543402188135498,4.433234524286382,1.0044053355254008,0.8214669946578836,0.8257331977401663,1.959958197740166,1.3999850705418848,2.0574107178711163,2.0531445147888334,0.923975152676255,0.002720242715416664,3328970.636215062,66579.41273900581,0.002756819169134301,0.002750766802128382,1896.5973984603966,1888.278896356413,17174842.807558633,343496.8562270366,44.108286265191225,0.8821657254986577,17099513.71233461,341990.2743222234,43.9148267189544,0.8782965345730666,"[1.302,1.770]",1.619,"[0.650,1.050]",0.8,0.002,0.0,527,1.055,0.12,-1.6444774774709998,30,2.015522522529,0.005,0.0,210,1.0525,0.1,0.17418352252900005,18,2.0241835225290004,1.0691673538261455,1.0601681730025714,0.9420857410176597,0.9230483518582473,1.215022967239292,1.0358537973489594,0.9264717798900655,0.9249337028874028
26,56,4.045,15.0,1.08,9034.494623,180.6898925,Arrington:1998ps,1.339311218,0.026454164,0.0089,4.0539,2.965,2.9739,1.0,0.0,0.0,9034.494623,180.6898925,0.2617993877991494,0.01703708685546585,0.9829629131445341,0.017332380120999264,0.010659781186450168,1.06934021881355,4.433234524286382,1.0044053355254008,0.817332093678062,0.8215891989559639,1.987989198955964,1.4099607083021726,2.0896938088509383,2.0854367035730363,0.9226131547433266,0.0027459492112013087,3290117.1609971453,65802.34323450983,0.0027568191691343014,0.002750766802128383,1968.062890084425,1959.430939357703,17780453.59819358,355609.0720425941,45.66361078361178,0.9132722158744102,17702468.285767008,354049.3657937174,45.46332956278584,0.9092665914570045,"[1.302,1.770]",1.619,"[0.650,1.050]",0.8,0.002,0.0,534,1.069,0.12,-1.6444774774709998,31,2.135522522529,0.005,0.0,213,1.0675000000000001,0.1,0.17418352252900005,19,2.124183522529,1.0828844002192923,1.0751681730025715,0.9409751560989149,0.9218673552440101,1.2427092380131848,1.0891431918002543,0.9221870540876409,0.9207548992791227
26,56,4.045,15.0,1.095,9016.693892,180.3338778,Arrington:1998ps,1.353045822,0.027060916,0.0089,4.0539,2.95,2.9589000000000003,1.0,0.0,0.0,9016.693892,180.3338778,0.2617993877991494,0.01703708685546585,0.9829629131445341,0.017332380120999264,0.010659781186450168,1.0843402188135498,4.433234524286382,1.0044053355254008,0.8131971926982405,0.8174452001717617,2.016470200171762,1.4200247181552024,2.1219768998307593,2.1177288923572384,0.9212252231855623,0.002769854324954027,3255295.3455953514,65105.90689746585,0.0027568191691343014,0.002750766802128383,2042.3627080236465,2033.4048772802407,18415359.354685392,368307.1870120134,47.294170385964236,0.9458834075094777,18334589.336935755,366691.78665737895,47.08673750844307,0.9417347499599746,"[1.302,1.770]",1.619,"[0.650,1.050]",0.8,0.002,0.0,542,1.085,0.12,-1.6444774774709998,31,2.135522522529,0.005,0.0,216,1.0825,0.1,0.17418352252900005,19,2.124183522529,1.0985566989616231,1.0901681730025714,0.9396344982460303,0.9206728484881381,1.2427092380131848,1.0891431918002543,0.9221870540876409,0.9207548992791227
26,56,4.045,15.0,1.11,9002.158641,180.0431728,Arrington:1998ps,1.388555845,0.028326539,0.0089,4.0539,2.9349999999999996,2.9438999999999997,1.0,0.0,0.0,9002.158641,180.0431728,0.2617993877991494,0.01703708685546585,0.9829629131445341,0.017332380120999264,0.010659781186450168,1.09934021881355,4.433234524286382,1.0044053355254008,0.8090622917184189,0.8133012013875591,2.045401201387559,1.430175234503646,2.1542599908105817,2.1500210811414413,0.9198111537026024,0.0027920212867666963,3224244.271942841,64484.88543169355,0.0027568191691343,0.002750766802128381,2119.598426578589,2110.301838918284,19080961.29127445,381619.22578309703,49.00356365882815,0.9800712730676923,18997271.93433642,379945.4386445224,48.78863335905575,0.9757726670727218,"[1.302,1.770]",1.619,"[0.650,1.050]",0.8,0.002,0.0,549,1.099,0.12,-1.6444774774709998,31,2.135522522529,0.005,0.0,219,1.0975,0.1,0.17418352252900005,19,2.124183522529,1.1122661784295076,1.1051681730025713,0.9383939746709904,0.9194649482863336,1.2427092380131848,1.0891431918002543,0.9221870540876409,0.9207548992791227
26,56,4.045,23.0,0.24,1.29e-06,2.58e-08,Arrington:1998ps,1564.485738,1355.370365,0.0089,4.0539,3.8049999999999997,3.8139,1.0,0.0,0.0,1.29e-06,2.58e-08,0.40142572795869574,0.039747573273779827,0.9602524267262201,0.04139283814079061,0.024782244008921595,0.2152177559910784,4.433234524286382,1.0044053355254008,2.4470553738429275,2.458175824291134,2.5157758242911337,1.5861197383208916,-1.1163281113139274,-1.1274485617621337,0.9218922112594159,-0.0019429223826405652,-0.0006639482933161752,-1.3278965866323505e-05,0.0004947957932255816,0.0004937095102487673,1960.1131883061457,1951.5161050800448,0.002528546012914928,5.057092025829856e-05,6.493790518028809e-09,1.298758103605762e-10,0.0025174557755532575,5.034911551106515e-05,6.4653086640882195e-09,1.293061732817644e-10,"[1.302,1.770]",1.619,"[2.000,2.500]",2.25,0.002,0.0,107,0.215,0.12,-1.6444774774709998,4,-1.1044774774709998,0.005,0.0,43,0.2175,0.1,-1.275816477471,1,-1.125816477471,0.23957424368963132,0.23906673656973176,0.9219657201094782,0.9217536767600857,0.29326405690450097,0.12993409167694261,0.9211545716020667,0.9230142787913964
26,56,4.045,23.0,0.255,2.38e-06,4.76e-08,Arrington:1998ps,1259.443831,839.6305626,0.0089,4.0539,3.79,3.7989,1.0,0.0,0.0,2.38e-06,4.76e-08,0.40142572795869574,0.039747573273779827,0.9602524267262201,0.04139283814079061,0.024782244008921595,0.2302177559910784,4.433234524286382,1.0044053355254008,2.4374086378093813,2.4485078630534596,2.5135328630534595,1.5854125214131052,-1.0785331852803812,-1.0896324105244595,0.9216723952783044,-0.001900978407761915,-0.0012519868664905317,-2.5039737329810633e-05,0.0004947957932255816,0.0004937095102487673,1971.6313824895346,1962.9837803063656,0.004692482690325093,9.384965380650186e-05,1.2051194419562506e-08,2.4102388839125016e-10,0.00467190139712915,9.3438027942583e-05,1.199833771617568e-08,2.399667543235136e-10,"[1.302,1.770]",1.619,"[2.000,2.500]",2.25,0.002,0.0,115,0.231,0.12,-1.6444774774709998,4,-1.1044774774709998,0.005,0.0,46,0.2325,0.1,-1.275816477471,1,-1.125816477471,0.2554986761902427,0.2540667365697318,0.9217438554590048,0.9215224972998179,0.29326405690450097,0.12993409167694261,0.9211545716020667,0.9230142787913964
26,56,4.045,23.0,0.27,4.39e-06,8.78e-08,Arrington:1998ps,451.1300241,391.8905987,0.0089,4.0539,3.775,3.7839,1.0,0.0,0.0,4.39e-06,8.78e-08,0.40142572795869574,0.039747573273779827,0.9602524267262201,0.04139283814079061,0.024782244008921595,0.24521775599107842,4.433234524286382,1.0044053355254008,2.4277619017758347,2.438839901815785,2.511739901815785,1.5848469647936942,-1.0407382592468346,-1.0518162592867848,0.9214379730888274,-0.0018589235201096441,-0.002361581825454049,-4.7231636509080986e-05,0.0004947957932255817,0.0004937095102487674,1983.9552151021699,1975.2535604207737,0.008709563394298526,0.0001741912678859705,2.2367827161217435e-08,4.473565432243487e-10,0.008671363130247198,0.00017342726260494395,2.2269721565663436e-08,4.4539443131326873e-10,"[1.302,1.770]",1.619,"[2.000,2.500]",2.25,0.002,0.0,122,0.245,0.12,-1.6444774774709998,4,-1.1044774774709998,0.005,0.0,49,0.2475,0.1,-1.275816477471,2,-1.025816477471,0.2694285872668303,0.26906673656973173,0.9215369450992178,0.9212773806556904,0.29326405690450097,0.18322348612823774,0.9211545716020667,0.9224914648386883
26,56,4.045,23.0,0.285,8.08e-06,1.62e-07,Arrington:1998ps,729.81505,321.6134108,0.0089,4.0539,3.76,3.7689,1.0,0.0,0.0,8.08e-06,1.62e-07,0.40142572795869574,0.039747573273779827,0.9602524267262201,0.04139283814079061,0.024782244008921595,0.2602177559910784,4.433234524286382,1.0044053355254008,2.4181151657422886,2.4291719405781103,2.51039694057811,1.5844232201587145,-1.0029433332132887,-1.0140001080491103,0.921188791508529,-0.001816778560541587,-0.004447432491492705,-8.916881975517552e-05,0.0004947957932255816,0.0004937095102487673,1997.1005884619574,1988.3412779933924,0.016136572754772618,0.0003235302953308371,4.144180988331099e-08,8.308877724129181e-10,0.01606579752618661,0.00032211128703492955,4.126004553891873e-08,8.272434872902022e-10,"[1.302,1.770]",1.619,"[2.000,2.500]",2.25,0.002,0.0,130,0.261,0.12,-1.6444774774709998,5,-0.9844774774709999,0.005,0.0,52,0.2625,0.1,-1.275816477471,2,-1.025816477471,0.28534395546943614,0.28406673656973175,0.9212856396334892,0.921018349159734,0.341056325282978,0.18322348612823774,0.920276397051979,0.9224914648386883
26,56,4.045,23.0,0.3,1.49e-05,2.98e-07,Arrington:1998ps,461.2729068,186.6573562,0.0089,4.0539,3.745,3.7539000000000002,1.0,0.0,0.0,1.49e-05,2.98e-07,0.40142572795869574,0.039747573273779827,0.9602524267262201,0.04139283814079061,0.024782244008921595,0.2752177559910784,4.433234524286382,1.0044053355254008,2.408468429708742,2.419503979340436,2.509503979340436,1.5841414013087456,-0.965148407179742,-0.9761839568114361,0.9209246963256105,-0.0017745645189110686,-0.008396426188630849,-0.000167928523772617,0.0004947957932255818,0.0004937095102487676,2011.0840793643845,2002.2634371136567,0.029965152782529328,0.0005993030556505866,7.695625233497397e-08,1.5391250466994794e-09,0.029833725212993482,0.0005966745042598697,7.66187211607338e-08,1.5323744232146764e-09,"[1.302,1.770]",1.619,"[2.000,2.500]",2.25,0.002,0.0,137,0.275,0.12,-1.6444774774709998,5,-0.9844774774709999,0.005,0.0,55,0.2775,0.1,-1.275816477471,2,-1.025816477471,0.2992659420542836,0.29906673656973176,0.9210525566775577,0.9207454263923366,0.341056325282978,0.18322348612823774,0.920276397051979,0.9224914648386883
26,56,4.045,23.0,0.315,2.74e-05,5.49e-07,Arrington:1998ps,499.2325815,138.108964,0.0089,4.0539,3.73,3.7389,1.0,0.0,0.0,2.74e-05,5.49e-07,0.40142572795869574,0.039747573273779827,0.9602524267262201,0.04139283814079061,0.024782244008921595,0.2902177559910784,4.433234524286382,1.0044053355254008,2.398821693675196,2.409836018102761,2.509061018102761,1.5840015839962918,-0.9273534811461959,-0.938367805573761,0.9206455323016506,-0.0017323024968203648,-0.015817098947956607,-0.0003169192453440941,0.0004947957932255816,0.0004937095102487673,2025.9229595334175,2017.0372337515157,0.05551028909121564,0.001112231704783846,1.4256105568671022e-07,2.8564240719709457e-09,0.055266820204791525,0.001107353441329582,1.4193578094857195e-07,2.843895756962263e-09,"[1.302,1.770]",1.619,"[2.000,2.500]",2.25,0.002,0.0,145,0.291,0.12,-1.6444774774709998,5,-0.9844774774709999,0.005,0.0,58,0.2925,0.1,-1.275816477471,3,-0.9258164774709998,0.3151722614196686,0.3140667365697317,0.9207708337673831,0.9204586371768934,0.341056325282978,0.2365128805795329,0.920276397051979,0.9217916467049672
26,56,4.045,23.0,0.33,5.05e-05,1.01e-06,Arrington:1998ps,407.654047,91.02962421,0.0089,4.0539,3.715,3.7239,1.0,0.0,0.0,5.05e-05,1.01e-06,0.40142572795869574,0.039747573273779827,0.9602524267262201,0.04139283814079061,0.024782244008921595,0.3052177559910784,4.433234524286382,1.0044053355254008,2.389174957641649,2.4001680568650867,2.509068056865087,1.5840038058240538,-0.8895585551126493,-0.9005516543360867,0.9203511431746066,-0.0016900136699739626,-0.029881415101676686,-0.0005976283020335337,0.0004947957932255817,0.0004937095102487674,2041.6352166304505,2032.6805766742352,0.10310257843983775,0.002062051568796755,2.6478717129814235e-07,5.295743425962847e-09,0.10265036912204888,0.0020530073824409777,2.636258111468844e-07,5.272516222937688e-09,"[1.302,1.770]",1.619,"[2.000,2.500]",2.25,0.002,0.0,152,0.305,0.12,-1.6444774774709998,6,-0.8644774774709998,0.005,0.0,61,0.3075,0.1,-1.275816477471,3,-0.9258164774709998,0.3290863370217352,0.32906673656973173,0.9205106623110926,0.9201580075741864,0.38712638227275475,0.2365128805795329,0.9192815183957922,0.9217916467049672
26,56,4.045,23.0,0.345,9.29e-05,1.86e-06,Arrington:1998ps,422.0988788,67.51431045,0.0089,4.0539,3.7,3.7089000000000003,1.0,0.0,0.0,9.29e-05,1.86e-06,0.40142572795869574,0.039747573273779827,0.9602524267262201,0.04139283814079061,0.024782244008921595,0.3202177559910784,4.433234524286382,1.0044053355254008,2.379528221608103,2.390500095627412,2.509525095627412,1.5841480661943859,-0.8517636290791031,-0.8627355030984121,0.9200413716621018,-0.0016477192502723323,-0.05638096416282424,-0.0011288330822696781,0.0004947957932255816,0.0004937095102487673,2058.2395758366415,2049.2121089340726,0.19121045659522398,0.003828325611056153,4.910650799486956e-07,9.83187350596958e-09,0.19037180491997532,0.003811534522617375,4.889112617983269e-07,9.788750774433671e-09,"[1.302,1.770]",1.619,"[2.000,2.500]",2.25,0.002,0.0,160,0.321,0.12,-1.6444774774709998,6,-0.8644774774709998,0.005,0.0,64,0.3225,0.1,-1.275816477471,4,-0.825816477471,0.34498362296678664,0.34406673656973175,0.9201974022936737,0.9198435648764887,0.38712638227275475,0.2898022750308279,0.9192815183957922,0.9209156308699306
26,56,4.045,23.0,0.36,0.000170019,3.4e-06,Arrington:1998ps,299.3788482,41.81885554,0.0089,4.0539,3.685,3.6939,1.0,0.0,0.0,0.000170019,3.4e-06,0.40142572795869574,0.039747573273779827,0.9602524267262201,0.04139283814079061,0.024782244008921595,0.3352177559910784,4.433234524286382,1.0044053355254008,2.369881485574557,2.3808321343897374,2.5104321343897373,1.584434326310099,-0.8139687030455569,-0.8249193518607374,0.9197160594650079,-0.0016054404477886832,-0.10590177931182836,-0.002117798891066389,0.0004947957932255816,0.0004937095102487673,2075.7555220244744,2066.651229942595,0.35291787809907915,0.007057568774883213,9.06360714314497e-07,1.8125188529924828e-08,0.3513699754636101,0.0070266141818048225,9.023854038373691e-07,1.8045691205377365e-08,"[1.302,1.770]",1.619,"[2.000,2.500]",2.25,0.002,0.0,167,0.335,0.12,-1.6444774774709998,6,-0.8644774774709998,0.005,0.0,67,0.3375,0.1,-1.275816477471,4,-0.825816477471,0.3588898010566979,0.35906673656973176,0.9199090962947466,0.9195153376013995,0.38712638227275475,0.2898022750308279,0.9192815183957922,0.9209156308699306
26,56,4.045,23.0,0.375,0.000309409,6.19e-06,Arrington:1998ps,211.370754,26.01734274,0.0089,4.0539,3.67,3.6789,1.0,0.0,0.0,0.000309409,6.19e-06,0.40142572795869574,0.039747573273779827,0.9602524267262201,0.04139283814079061,0.024782244008921595,0.3502177559910784,4.433234524286382,1.0044053355254008,2.3602347495410103,2.371164173152063,2.511789173152063,1.5848625092266089,-0.7761737770120103,-0.7871032006230632,0.919375047271329,-0.0015631984327716861,-0.19793328442083394,-0.0039598299679872336,0.0004947957932255817,0.0004937095102487674,2094.203322534826,2085.018118147845,0.647965355822178,0.012963118566490572,1.664099155070741e-06,3.329177163523972e-08,0.6451233709180066,0.012906262151335161,1.6568003934390263e-06,3.314575346996232e-08,"[1.302,1.770]",1.619,"[2.000,2.500]",2.25,0.002,0.0,175,0.35100000000000003,0.12,-1.6444774774709998,7,-0.7444774774709999,0.005,0.0,70,0.3525,0.1,-1.275816477471,4,-0.825816477471,0.3747780689545763,0.3740667365697317,0.9195630245984824,0.9191733554854127,0.43164799134548637,0.2898022750308279,0.9181719310862723,0.9209156308699306
26,56,4.045,23.0,0.39,0.000558552,1.12e-05,Arrington:1998ps,222.0027848,19.69377963,0.0089,4.0539,3.655,3.6639,1.0,0.0,0.0,0.000558552,1.12e-05,0.40142572795869574,0.039747573273779827,0.9602524267262201,0.04139283814079061,0.024782244008921595,0.3652177559910784,4.433234524286382,1.0044053355254008,2.3505880135074637,2.3614962119143885,2.5135962119143884,1.585432499955261,-0.7383788509784637,-0.7492870493853885,0.9190181747603914,-0.0015210142978169933,-0.36722337245721565,-0.007363507375357737,0.0004947957932255817,0.0004937095102487674,2113.604050576322,2104.3337543310677,1.180557769657506,0.023672365366454808,3.031898494799146e-06,6.07951688325356e-08,1.1753798271491265,0.023568538048507958,3.0186005465743276e-06,6.052852039135563e-08,"[1.302,1.770]",1.619,"[2.000,2.500]",2.25,0.002,0.0,182,0.365,0.12,-1.6444774774709998,7,-0.7444774774709999,0.005,0.0,73,0.3675,0.1,-1.275816477471,5,-0.7258164774709999,0.38867636296476604,0.38906673656973173,0.9192453966298614,0.9188176494772191,0.43164799134548637,0.34309166948212305,0.9181719310862723,0.9198644242778817
26,56,4.045,23.0,0.405,0.000998292,2e-05,Arrington:1998ps,163.2788019,12.62155762,0.0089,4.0539,3.6399999999999997,3.6489,1.0,0.0,0.0,0.000998292,2e-05,0.40142572795869574,0.039747573273779827,0.9602524267262201,0.04139283814079061,0.024782244008921595,0.38021775599107843,4.433234524286382,1.0044053355254008,2.3409412774739176,2.351828250676714,2.515853250676714,1.586144145617514,-0.7005839249449175,-0.7114708981477138,0.9186452806073483,-0.001478909020349239,-0.675019210961508,-0.013523482327044752,0.0004947957932255816,0.0004937095102487673,2133.979609264309,2124.6199455402457,2.1303347720916856,0.042679592185286185,5.4711077720465e-06,1.0960936824188716e-07,2.120991094673263,0.04249239891080492,5.4471114186033115e-06,1.0912862005512037e-07,"[1.302,1.770]",1.619,"[2.000,2.500]",2.25,0.002,0.0,190,0.381,0.12,-1.6444774774709998,7,-0.7444774774709999,0.005,0.0,76,0.3825,0.1,-1.275816477471,5,-0.7258164774709999,0.4045556281450615,0.40406673656973174,0.9188650698740612,0.9184482517307485,0.43164799134548637,0.34309166948212305,0.9181719310862723,0.9198644242778817
26,56,4.045,23.0,0.42,0.001763722,3.53e-05,Arrington:1998ps,137.776847,8.674836511,0.0089,4.0539,3.625,3.6339,1.0,0.0,0.0,0.001763722,3.53e-05,0.40142572795869574,0.039747573273779827,0.9602524267262201,0.04139283814079061,0.024782244008921595,0.3952177559910784,4.433234524286382,1.0044053355254008,2.331294541440371,2.3421602894390396,2.5185602894390398,1.5869972556494985,-0.6627889989113709,-0.6736547469100396,0.9182562024880055,-0.0014369034255541037,-1.2274464439528128,-0.02456671713089381,0.0004947957932255817,0.0004937095102487674,2155.352756317218,2145.8993496781463,3.8014430740773157,0.07608395229799779,9.762834001510458e-06,1.9539816379980474e-07,3.7847698928130393,0.07575024704363856,9.720014078184438e-06,1.9454114478353768e-07,"[1.302,1.770]",1.619,"[2.000,2.500]",2.25,0.002,0.0,197,0.395,0.12,-1.6444774774709998,8,-0.6244774774709998,0.005,0.0,79,0.3975,0.1,-1.275816477471,6,-0.6258164774709999,0.4184460514699424,0.41906673656973176,0.9185167779819032,0.9180651955979519,0.47476752402222344,0.3963810639334181,0.916947862952706,0.9186392314545239
26,56,4.045,23.0,0.435,0.003076547,6.15e-05,Arrington:1998ps,97.8369482,5.493171403,0.0089,4.0539,3.61,3.6189,1.0,0.0,0.0,0.003076547,6.15e-05,0.40142572795869574,0.039747573273779827,0.9602524267262201,0.04139283814079061,0.024782244008921595,0.4102177559910784,4.433234524286382,1.0044053355254008,2.321647805406825,2.3324923282013645,2.5217173282013645,1.5879916020563096,-0.6249940728778247,-0.6358385956723644,0.9178507770839753,-0.0013950181498971074,-2.2053813423337303,-0.04408544792376792,0.0004947957932255817,0.0004937095102487674,2177.747129428724,2168.1955007631977,6.699941397802552,0.13393144845986651,1.7206732920095258e-05,3.439616149487911e-07,6.670555363286513,0.13334402329693668,1.7131263954401914e-05,3.42452994605874e-07,"[1.302,1.770]",1.619,"[2.000,2.500]",2.25,0.002,0.0,205,0.41100000000000003,0.12,-1.6444774774709998,8,-0.6244774774709998,0.005,0.0,82,0.41250000000000003,0.1,-1.275816477471,6,-0.6258164774709999,0.4343163292188734,0.43406673656973177,0.9181005677551514,0.9176685156213269,0.47476752402222344,0.3963810639334181,0.916947862952706,0.9186392314545239
26,56,4.045,23.0,0.45,0.00529437,0.000105887,Arrington:1998ps,78.38515591,3.739821735,0.0089,4.0539,3.5949999999999998,3.6039,1.0,0.0,0.0,0.00529437,0.000105887,0.40142572795869574,0.039747573273779827,0.9602524267262201,0.04139283814079061,0.024782244008921595,0.4252177559910784,4.433234524286382,1.0044053355254008,2.3120010693732786,2.32282436696369,2.52532436696369,1.5891269197152535,-0.5871991468442785,-0.5980224444346898,0.9174288400881656,-0.0013532736053619933,-3.9122687230597277,-0.078245078881647,0.0004947957932255815,0.0004937095102487672,2201.187272334633,2191.5328348820444,11.65389985903031,0.23307711670569725,2.992944720645448e-05,5.985866829008636e-07,11.602785695014449,0.23205483728715504,2.979817624206316e-05,5.959612735308152e-07,"[1.302,1.770]",1.619,"[2.000,2.500]",2.25,0.002,0.0,212,0.425,0.12,-1.6444774774709998,8,-0.6244774774709998,0.005,0.0,85,0.4275,0.1,-1.275816477471,6,-0.6258164774709999,0.4481988952149578,0.44906673656973173,0.9177201001365547,0.9172582475261924,0.47476752402222344,0.3963810639334181,0.916947862952706,0.9186392314545239
26,56,4.045,23.0,0.465,0.008984547,0.000179691,Arrington:1998ps,56.76413035,2.426388331,0.0089,4.0539,3.58,3.5889,1.0,0.0,0.0,0.008984547,0.000179691,0.40142572795869574,0.039747573273779827,0.9602524267262201,0.04139283814079061,0.024782244008921595,0.44021775599107843,4.433234524286382,1.0044053355254008,2.302354333339732,2.3131564057260157,2.5293814057260158,1.5904029067271022,-0.5494042208107319,-0.5602062931970155,0.9169902262106099,-0.001311689944536853,-6.849596611928264,-0.1369919779810826,0.0004947957932255817,0.0004937095102487674,2225.6986615939827,2215.9367168531894,19.996894232928234,0.39993801820048436,5.13558549049759e-05,1.0271174410607483e-06,19.909187581593173,0.3981838845880665,5.1130607423657136e-05,1.0226124899301405e-06,"[1.302,1.770]",1.619,"[2.000,2.500]",2.25,0.002,0.0,220,0.441,0.12,-1.6444774774709998,9,-0.5044774774709999,0.005,0.0,88,0.4425,0.1,-1.275816477471,7,-0.5258164774709999,0.4640602007755419,0.46406673656973174,0.9172661740956027,0.916834428212712,0.5166096490576481,0.4496704583847132,0.9156080142274602,0.917241451073712
26,56,4.045,23.0,0.48,0.015033477,0.00030067,Arrington:1998ps,49.68910402,1.729473494,0.0089,4.0539,3.565,3.5739,1.0,0.0,0.0,0.015033477,0.00030067,0.40142572795869574,0.039747573273779827,0.9602524267262201,0.04139283814079061,0.024782244008921595,0.4552177559910784,4.433234524286382,1.0044053355254008,2.292707597306186,2.303488444488341,2.533888444488341,1.5918192248142817,-0.5116092947771858,-0.5223901419593409,0.9165347691846469,-0.001270287026670884,-11.834708758223815,-0.23669453728735906,0.0004947957932255815,0.0004937095102487672,2251.307734104525,2241.4334676217886,33.84498304058249,0.6769006964132076,8.692039964042961e-05,1.738410652431768e-06,33.696538482522406,0.6739318007098432,8.653916557996168e-05,1.730785959557265e-06,"[1.302,1.770]",1.619,"[2.000,2.500]",2.25,0.002,0.0,227,0.455,0.12,-1.6444774774709998,9,-0.5044774774709999,0.005,0.0,91,0.4575,0.1,-1.275816477471,7,-0.5258164774709999,0.4779349227616052,0.47906673656973175,0.9168518312515118,0.9163970957476705,0.5166096490576481,0.4496704583847132,0.9156080142274602,0.917241451073712
26,56,4.045,23.0,0.495,0.024806427,0.000496129,Arrington:1998ps,37.77246849,1.165020662,0.0089,4.0539,3.55,3.5589,1.0,0.0,0.0,0.024806427,0.000496129,0.40142572795869574,0.039747573273779827,0.9602524267262201,0.04139283814079061,0.024782244008921595,0.4702177559910784,4.433234524286382,1.0044053355254008,2.2830608612726393,2.2938204832506663,2.5388454832506664,1.5933754997647813,-0.47381436874363914,-0.4845739907216662,0.9160623017734593,-0.0012290843848184662,-20.18285099575475,-0.40365739417743673,0.0004947957932255816,0.0004937095102487673,2278.0419153733183,2268.050392406252,56.5100804766484,1.130202657432249,0.00014512871148002744,2.9025769208066334e-06,56.26222649154704,1.1252455731341213,0.0001444921749684963,2.889846178772344e-06,"[1.302,1.770]",1.619,"[2.000,2.500]",2.25,0.002,0.0,235,0.47100000000000003,0.12,-1.6444774774709998,9,-0.5044774774709999,0.005,0.0,94,0.47250000000000003,0.1,-1.275816477471,7,-0.5258164774709999,0.4937872713338223,0.49406673656973177,0.9163581311074801,0.9159462893560095,0.5166096490576481,0.4496704583847132,0.9156080142274602,0.917241451073712
26,56,4.045,23.0,0.51,0.040378924,0.000807578,Arrington:1998ps,27.73724227,0.780109941,0.0089,4.0539,3.535,3.5439000000000003,1.0,0.0,0.0,0.040378924,0.000807578,0.40142572795869574,0.039747573273779827,0.9602524267262201,0.04139283814079061,0.024782244008921595,0.4852177559910784,4.433234524286382,1.0044053355254008,2.273414125239093,2.284152522012992,2.544252522012992,1.5950713219204313,-0.43601944271009296,-0.44675783948399195,0.915572655776971,-0.0011881011941803697,-33.98609832040109,-0.6797215624020312,0.0004947957932255816,0.0004937095102487673,2305.9296485638183,2295.815809617932,93.11095802870513,1.8622180537278712,0.00023912677613263856,4.782532680059626e-06,92.70257209456094,1.8540503398996302,0.00023807796282518973,4.761556426378302e-06,"[1.302,1.770]",1.619,"[2.000,2.500]",2.25,0.002,0.0,242,0.485,0.12,-1.6444774774709998,9,-0.5044774774709999,0.005,0.0,97,0.4875,0.1,-1.275816477471,8,-0.4258164774709998,0.5076541625910735,0.5090667365697318,0.9159080050536272,0.9154820494121223,0.5166096490576481,0.5029598528360083,0.9156080142274602,0.9156726719923336
26,56,4.045,23.0,0.525,0.064868499,0.00129737,Arrington:1998ps,23.89449454,0.56884313,0.0089,4.0539,3.52,3.5289,1.0,0.0,0.0,0.064868499,0.00129737,0.40142572795869574,0.039747573273779827,0.9602524267262201,0.04139283814079061,0.024782244008921595,0.5002177559910784,4.433234524286382,1.0044053355254008,2.263767389205547,2.2744845607753175,2.5501095607753177,1.5969062467080894,-0.3982245166765468,-0.40894168824631727,0.91506566203912,-0.001147356241744705,-56.53736532723173,-1.1307473239760124,0.0004947957932255815,0.0004937095102487672,2335.0004243415833,2324.759080575924,151.46797269140157,3.02935950052804,0.00038899876839281513,7.77997548779087e-06,150.80363209358023,3.0160726883667865,0.00038729261447952306,7.745852408998995e-06,"[1.302,1.770]",1.619,"[2.000,2.500]",2.25,0.002,0.0,250,0.501,0.12,-1.6444774774709998,10,-0.3844774774709998,0.005,0.0,100,0.5025000000000001,0.1,-1.275816477471,8,-0.4258164774709998,0.5234975693320081,0.5240667365697318,0.915372220920501,0.9150044174309117,0.5572815869439202,0.5029598528360083,0.9141497062315768,0.9156726719923336
26,56,4.045,23.0,0.54,0.102905934,0.002058119,Arrington:1998ps,18.36628771,0.397450355,0.0089,4.0539,3.505,3.5139,1.0,0.0,0.0,0.102905934,0.002058119,0.40142572795869574,0.039747573273779827,0.9602524267262201,0.04139283814079061,0.024782244008921595,0.5152177559910784,4.433234524286382,1.0044053355254008,2.2541206531720004,2.264816599537643,2.5564165995376427,1.5988797952121487,-0.3604295906430002,-0.3711255370086426,0.9145411504555081,-0.0011068678973221522,-92.97038449571131,-1.8594079790182836,0.0004947957932255816,0.0004937095102487673,2365.2848115413267,2354.910640039616,243.4018427076742,4.868037611044624,0.0006251025570318594,1.2502053084478623e-05,242.33427889981448,4.846686331567694,0.0006223608486755703,1.2447218908827126e-05,"[1.302,1.770]",1.619,"[2.000,2.500]",2.25,0.002,0.0,257,0.515,0.12,-1.6444774774709998,10,-0.3844774774709998,0.005,0.0,103,0.5175,0.1,-1.275816477471,9,-0.32581647747099984,0.5373566431042107,0.5390667365697317,0.9148841709502558,0.9145134360586179,0.5572815869439202,0.5562492472873035,0.9141497062315768,0.9139346687741559
26,56,4.045,23.0,0.555,0.161297396,0.003225948,Arrington:1998ps,14.44536646,0.281467656,0.0089,4.0539,3.4899999999999998,3.4989,1.0,0.0,0.0,0.161297396,0.003225948,0.40142572795869574,0.039747573273779827,0.9602524267262201,0.04139283814079061,0.024782244008921595,0.5302177559910785,4.433234524286382,1.0044053355254008,2.244473917138454,2.255148638299968,2.5631736382999684,1.6009914547866795,-0.32263466460945356,-0.3333093857709679,0.9139989499814355,-0.0010666540860616472,-151.21809226414743,-3.024361920283833,0.0004947957932255816,0.0004937095102487673,2396.814488678846,2386.302027582401,386.59993571896933,7.731998906124546,0.0009928626902653303,1.9857254297744906e-05,384.9043031185615,7.698086253275392,0.0009885079809397541,1.977016010907354e-05,"[1.302,1.770]",1.619,"[2.000,2.500]",2.25,0.002,0.0,265,0.531,0.12,-1.6444774774709998,10,-0.3844774774709998,0.005,0.0,106,0.5325,0.1,-1.275816477471,9,-0.32581647747099984,0.553191123128272,0.5540667365697317,0.9143037114177546,0.9140091490634161,0.5572815869439202,0.5562492472873035,0.9141497062315768,0.9139346687741559
26,56,4.045,23.0,0.57,0.249943541,0.004998871,Arrington:1998ps,11.72264739,0.205246352,0.0089,4.0539,3.475,3.4839,1.0,0.0,0.0,0.249943541,0.004998871,0.40142572795869574,0.039747573273779827,0.9602524267262201,0.04139283814079061,0.024782244008921595,0.5452177559910784,4.433234524286382,1.0044053355254008,2.2348271811049076,2.2454806770622935,2.5703806770622935,1.6032406797054188,-0.2848397385759076,-0.29549323453329346,0.9134388886403313,-0.0010267322625240162,-243.43594734771818,-4.868719122267838,0.0004947957932255816,0.0004937095102487673,2429.622276332053,2418.965919830689,607.2683950389138,12.145368338110286,0.0015595815640531705,3.1191632404215787e-05,604.6049075608045,12.092098586629957,0.0015527412180037445,3.105482547830111e-05,"[1.302,1.770]",1.619,"[2.000,2.500]",2.25,0.002,0.0,272,0.545,0.12,-1.6444774774709998,11,-0.2644774774709999,0.005,0.0,109,0.5475,0.1,-1.275816477471,9,-0.32581647747099984,0.5670423926219001,0.5690667365697317,0.9137753358009382,0.9134916013257902,0.5968763486071639,0.5562492472873035,0.91256896240389,0.9139346687741559
26,56,4.045,23.0,0.585,0.383095297,0.007661906,Arrington:1998ps,9.318830135,0.149049076,0.0089,4.0539,3.46,3.4689,1.0,0.0,0.0,0.383095297,0.007661906,0.40142572795869574,0.039747573273779827,0.9602524267262201,0.04139283814079061,0.024782244008921595,0.5602177559910784,4.433234524286382,1.0044053355254008,2.225180445071361,2.2358127158246193,2.5780377158246193,1.6056268918477354,-0.247044812542361,-0.2576770832956192,0.9128607935325821,-0.0009871193863818398,-388.0941882867755,-7.761883826518431,0.0004947957932255818,0.0004937095102487676,2463.7421704161575,2452.9361635931405,943.8480385070025,18.876960917964578,0.00242398256215679,4.847965162277751e-05,939.7083081137547,18.794166309451263,0.0024133509415188575,4.826701920835375e-05,"[1.302,1.770]",1.619,"[2.000,2.500]",2.25,0.002,0.0,280,0.561,0.12,-1.6444774774709998,11,-0.2644774774709999,0.005,0.0,112,0.5625,0.1,-1.275816477471,10,-0.22581647747099987,0.5828679610009573,0.5840667365697317,0.9131472929541042,0.9129608388286848,0.5968763486071639,0.6095386417385985,0.91256896240389,0.9120293967259631
26,56,4.045,23.0,0.6,0.581035475,0.011620709,Arrington:1998ps,7.641529981,0.110836606,0.0089,4.0539,3.445,3.4539,1.0,0.0,0.0,0.581035475,0.011620709,0.40142572795869574,0.039747573273779827,0.9602524267262201,0.04139283814079061,0.024782244008921595,0.5752177559910784,4.433234524286382,1.0044053355254008,2.215533709037815,2.2261447545869446,2.5861447545869445,1.6081494814186101,-0.2092498865088146,-0.21986093205794432,0.9122644908447726,-0.0009478318998046786,-613.0153196149391,-12.260305864779083,0.0004947957932255816,0.0004937095102487673,2499.2093763788203,2488.247809905841,1452.1293071287216,29.042584892969742,0.003729346224043383,7.458692127164344e-05,1445.76024814635,28.9152037188031,0.0037129892605484564,7.425978201582062e-05,"[1.302,1.770]",1.619,"[2.000,2.500]",2.25,0.002,0.0,287,0.5750000000000001,0.12,-1.6444774774709998,11,-0.2644774774709999,0.005,0.0,115,0.5775,0.1,-1.275816477471,10,-0.22581647747099987,0.596711439385345,0.5990667365697318,0.9125758958195006,0.912416908647442,0.5968763486071639,0.6095386417385985,0.91256896240389,0.9120293967259631
26,56,4.045,23.0,0.615,0.872268601,0.017445372,Arrington:1998ps,5.961466447,0.081167659,0.0089,4.0539,3.4299999999999997,3.4389,1.0,0.0,0.0,0.872268601,0.017445372,0.40142572795869574,0.039747573273779827,0.9602524267262201,0.04139283814079061,0.024782244008921595,0.5902177559910784,4.433234524286382,1.0044053355254008,2.2058869730042683,2.21647679334927,2.59470179334927,1.6108078077006176,-0.17145496047526843,-0.1820447808202701,0.9116498058593399,-0.0009088857065791845,-959.7120899645325,-19.194241777285683,0.0004947957932255816,0.0004937095102487673,2536.06034434197,2524.9371490199883,2212.1258086107487,44.242516121493765,0.0056811628213492985,0.00011362325629672419,2202.423394588594,44.04846784127313,0.0056562451635897605,0.00011312490314210476,"[1.302,1.770]",1.619,"[2.000,2.500]",2.25,0.002,0.0,295,0.591,0.12,-1.6444774774709998,12,-0.14447747747099982,0.005,0.0,118,0.5925,0.1,-1.275816477471,10,-0.22581647747099987,0.6125281111489045,0.6140667365697318,0.9118970042533138,0.911859858939523,0.6354752398811444,0.6095386417385985,0.9108605362536659,0.9120293967259631
26,56,4.045,23.0,0.63,1.296269446,0.025925389,Arrington:1998ps,4.960388459,0.115716683,0.0089,4.0539,3.415,3.4239,1.0,0.0,0.0,1.296269446,0.025925389,0.40142572795869574,0.039747573273779827,0.9602524267262201,0.04139283814079061,0.024782244008921595,0.6052177559910784,4.433234524286382,1.0044053355254008,2.196240236970722,2.2068088321115957,2.6037088321115958,1.6136011998358193,-0.1336600344417218,-0.1442286295825954,0.9110165629646529,-0.0008702961530042005,-1489.4578604367834,-29.789157300658403,0.0004947957932255816,0.0004937095102487673,2574.3328052177994,2563.0417463594767,3337.028959239303,66.74057939073268,0.008570129593534436,0.0001714025923995991,3322.392704628271,66.44785429760877,0.008532540888038424,0.0001706508182873591,"[1.302,1.770]",1.619,"[2.000,2.500]",2.25,0.002,0.0,302,0.605,0.12,-1.6444774774709998,12,-0.14447747747099982,0.005,0.0,121,0.6075,0.1,-1.275816477471,11,-0.12581647747099978,0.6263638115563808,0.6290667365697318,0.9112795567323203,0.9112897389340235,0.6354752398811444,0.6628280361898936,0.9108605362536659,0.9099589864716126
26,56,4.045,23.0,0.645,1.906748772,0.038134975,Arrington:1998ps,4.116955583,0.087059188,0.0089,4.0539,3.4,3.4089,1.0,0.0,0.0,1.906748772,0.038134975,0.40142572795869574,0.039747573273779827,0.9602524267262201,0.04139283814079061,0.024782244008921595,0.6202177559910784,4.433234524286382,1.0044053355254008,2.186593500937176,2.197140870873921,2.613165870873921,1.6165289576354396,-0.09586510840817608,-0.10641247834492118,0.9103645856655251,-0.0008320780105914041,-2291.5504889316417,-45.831009249836264,0.0004947957932255815,0.0004937095102487672,2614.0658078274305,2602.6004794767664,4984.366769002141,99.68733422985387,0.012800808645602048,0.0002560161699581354,4962.505268248936,99.2501042198345,0.01274466412397739,0.00025489327953859807,"[1.302,1.770]",1.619,"[2.000,2.500]",2.25,0.002,0.0,310,0.621,0.12,-1.6444774774709998,12,-0.14447747747099982,0.005,0.0,124,0.6225,0.1,-1.275816477471,11,-0.12581647747099978,0.64217160169175,0.6440667365697318,0.9105461453915921,0.910706598920983,0.6354752398811444,0.6628280361898936,0.9108605362536659,0.9099589864716126
26,56,4.045,23.0,0.66,2.775239633,0.055504793,Arrington:1998ps,3.433937699,0.065940252,0.0089,4.0539,3.385,3.3939,1.0,0.0,0.0,2.775239633,0.055504793,0.40142572795869574,0.039747573273779827,0.9602524267262201,0.04139283814079061,0.024782244008921595,0.6352177559910784,4.433234524286382,1.0044053355254008,2.1769467649036294,2.1874729096362464,2.6230729096362464,1.6195903524151551,-0.05807018237462902,-0.06859632710724606,0.9096936965941644,-0.0007942454605925456,-3494.183814320496,-69.88367671448916,0.0004947957932255816,0.0004937095102487673,2655.299757051585,2643.65357603622,7369.09312326483,147.3818633680985,0.018925242730767133,0.00037850485693391087,7336.772180137897,146.73544450160014,0.01884223635756316,0.0003768447294596622,"[1.302,1.770]",1.619,"[2.000,2.500]",2.25,0.002,0.0,317,0.635,0.12,-1.6444774774709998,13,-0.02447747747099993,0.005,0.0,127,0.6375000000000001,0.1,-1.275816477471,12,-0.02581647747099991,0.6559995372178022,0.6590667365697318,0.9098792398863865,0.9101104902404942,0.6731498254958411,0.7161174306411887,0.9090178948791012,0.9077257380917195
26,56,4.045,23.0,0.675,3.994479196,0.079889584,Arrington:1998ps,2.85393901,0.050319451,0.0089,4.0539,3.37,3.3789000000000002,1.0,0.0,0.0,3.994479196,0.079889584,0.40142572795869574,0.039747573273779827,0.9602524267262201,0.04139283814079061,0.024782244008921595,0.6502177559910784,4.433234524286382,1.0044053355254008,2.167300028870083,2.1778049483985717,2.6334299483985717,1.6227846278537925,-0.020275256341083292,-0.030780175869571824,0.9090037175215732,-0.0007568120803651173,-5278.033080646518,-105.56066171863692,0.0004947957932255817,0.0004937095102487674,2698.0764530436686,2686.2426528551987,10777.410260900404,215.5482054338542,0.027678454022064935,0.0005535690809956329,10730.140392237941,214.60280805965823,0.02755705594453701,0.0005511411194426431,"[1.302,1.770]",1.619,"[2.000,2.500]",2.25,0.002,0.0,325,0.651,0.12,-1.6444774774709998,13,-0.02447747747099993,0.005,0.0,130,0.6525,0.1,-1.275816477471,12,-0.02581647747099991,0.671798460670253,0.6740667365697317,0.9090871752861974,0.9095014652716166,0.6731498254958411,0.7161174306411887,0.9090178948791012,0.9077257380917195
26,56,4.045,23.0,0.69,5.680877403,0.113617548,Arrington:1998ps,2.446805135,0.0392545,0.0089,4.0539,3.355,3.3639,1.0,0.0,0.0,5.680877403,0.113617548,0.40142572795869574,0.039747573273779827,0.9602524267262201,0.04139283814079061,0.024782244008921595,0.6652177559910784,4.433234524286382,1.0044053355254008,2.1576532928365366,2.168136987160897,2.644236987160897,1.6261110008732174,0.017519669692463324,0.007035975368102854,0.9082944693694027,-0.0007197908315791202,-7892.400338771961,-157.84800669208167,0.0004947957932255816,0.0004937095102487673,2742.4391315365997,2730.4107560341063,15579.460491449214,311.58920966443793,0.04001103887318549,0.0008002207770411232,15511.1287648623,310.22257513342134,0.03983554990999312,0.0007967109977791293,"[1.302,1.770]",1.619,"[2.000,2.500]",2.25,0.002,0.0,332,0.665,0.12,-1.6444774774709998,13,-0.02447747747099993,0.005,0.0,133,0.6675,0.1,-1.275816477471,12,-0.02581647747099991,0.6856186443736689,0.6890667365697317,0.9083669714549982,0.908879577421099,0.6731498254958411,0.7161174306411887,0.9090178948791012,0.9077257380917195
26,56,4.045,23.0,0.705,7.974616993,0.15949234,Arrington:1998ps,2.106684248,0.031098672,0.0089,4.0539,3.34,3.3489,1.0,0.0,0.0,7.974616993,0.15949234,0.40142572795869574,0.039747573273779827,0.9602524267262201,0.04139283814079061,0.024782244008921595,0.6802177559910784,4.433234524286382,1.0044053355254008,2.14800655680299,2.1584690259232224,2.6554940259232223,1.6295686625371826,0.05531459572600994,0.04485212660577753,0.9075657722222715,-0.0006831940502588359,-11672.550412256554,-233.45100845005092,0.0004947957932255818,0.0004937095102487676,2788.432505275826,2776.2024022076776,22236.681240406164,444.73362519850383,0.05710805698367054,0.0011421611406759828,22139.150852652765,442.7830174417237,0.05685758026543887,0.0011371516063069524,"[1.302,1.770]",1.619,"[2.000,2.500]",2.25,0.002,0.0,340,0.681,0.12,-1.6444774774709998,14,0.09552252252900018,0.005,0.0,136,0.6825,0.1,-1.275816477471,13,0.07418352252900018,0.7014087160466147,0.7040667365697317,0.9075115904879164,0.9082448811119139,0.709963488653555,0.7694068250924838,0.9070331625854505,0.9053321148585429
26,56,4.045,23.0,0.72,11.03608404,0.220721681,Arrington:1998ps,1.857542941,0.025280706,0.0089,4.0539,3.325,3.3339000000000003,1.0,0.0,0.0,11.03608404,0.220721681,0.40142572795869574,0.039747573273779827,0.9602524267262201,0.04139283814079061,0.024782244008921595,0.6952177559910784,4.433234524286382,1.0044053355254008,2.1383598207694443,2.148801064685548,2.667201064685548,1.6331567789669026,0.09310952175955567,0.08266827784345177,0.9068174453405554,-0.0006470334386450006,-17056.435387808488,-341.1287080652728,0.0004947957932255815,0.0004937095102487672,2836.102806612034,2823.663620950877,31299.468919850275,625.989378964226,0.08038303177119185,0.001607660636880568,31162.189021504586,623.2437809948244,0.08003047069552231,0.001600609415360788,"[1.302,1.770]",1.619,"[2.000,2.500]",2.25,0.002,0.0,347,0.6950000000000001,0.12,-1.6444774774709998,14,0.09552252252900018,0.005,0.0,139,0.6975,0.1,-1.275816477471,13,0.07418352252900018,0.7152211609496035,0.7190667365697317,0.9067337511950457,0.9075974317716102,0.709963488653555,0.7694068250924838,0.9070331625854505,0.9053321148585429
26,56,4.045,23.0,0.735,15.03723085,0.300744617,Arrington:1998ps,1.629289345,0.020415993,0.0089,4.0539,3.31,3.3189,1.0,0.0,0.0,15.03723085,0.300744617,0.40142572795869574,0.039747573273779827,0.9602524267262201,0.04139283814079061,0.024782244008921595,0.7102177559910784,4.433234524286382,1.0044053355254008,2.1287130847358977,2.1391331034478736,2.6793581034478735,1.6368744922711311,0.13090444779310229,0.12048442908112644,0.9060493071736572,-0.0006113200588546831,-24597.96735309564,-491.95934706191275,0.0004947957932255816,0.0004937095102487673,2885.497831288203,2872.841998373903,43389.897006255065,867.7979401251013,0.11143356708492125,0.002228671341698425,43199.58832512371,863.9917665024741,0.1109448179371038,0.0022188963587420757,"[1.302,1.770]",1.619,"[2.000,2.500]",2.25,0.002,0.0,355,0.711,0.12,-1.6444774774709998,14,0.09552252252900018,0.005,0.0,142,0.7125,0.1,-1.275816477471,13,0.07418352252900018,0.731002395704742,0.7340667365697318,0.9058097812853466,0.9069372858204873,0.709963488653555,0.7694068250924838,0.9070331625854505,0.9053321148585429
26,56,4.045,23.0,0.75,20.14726704,0.402945341,Arrington:1998ps,1.424510825,0.016826103,0.0089,4.0539,3.295,3.3039,1.0,0.0,0.0,20.14726704,0.402945341,0.40142572795869574,0.039747573273779827,0.9602524267262201,0.04139283814079061,0.024782244008921595,0.7252177559910784,4.433234524286382,1.0044053355254008,2.119066348702351,2.129465142210199,2.691965142210199,1.6407209214885385,0.1686993738266489,0.15830058031880112,0.9052611753737634,-0.000576064328308504,-34973.988233498785,-699.4797650171591,0.0004947957932255817,0.0004937095102487674,2936.666983456834,2923.7867219419677,59165.81392325609,1183.3162790524552,0.15194914369123008,0.003038982875332986,58906.31185497105,1178.1262376841785,0.151282692670829,0.003025653854918349,"[1.302,1.770]",1.619,"[2.000,2.500]",2.25,0.002,0.0,362,0.725,0.12,-1.6444774774709998,15,0.21552252252900006,0.005,0.0,145,0.7275,0.1,-1.275816477471,14,0.17418352252900027,0.7448071147931046,0.7490667365697318,0.9049693963215393,0.9062645006595959,0.745972683541745,0.8226962195437789,0.9048970260701805,0.90278073659728
26,56,4.045,23.0,0.765,26.51412739,0.530282548,Arrington:1998ps,1.312507837,0.014445129,0.0089,4.0539,3.28,3.2889,1.0,0.0,0.0,26.51412739,0.530282548,0.40142572795869574,0.039747573273779827,0.9602524267262201,0.04139283814079061,0.024782244008921595,0.7402177559910784,4.433234524286382,1.0044053355254008,2.109419612668805,2.1197971809725242,2.705022180972524,1.6446951635401996,0.20649429986019507,0.1961167315564758,0.9044528668100983,-0.000541276016887633,-48984.48584967369,-979.689717362971,0.0004947957932255816,0.0004937095102487673,2989.6613219643996,2976.548626556746,79268.26114351989,1585.36522346833,0.20357607888693763,0.004071521579274357,78920.58946705509,1578.4117899364117,0.20268319142335867,0.004053663829996043,"[1.302,1.770]",1.619,"[2.000,2.500]",2.25,0.002,0.0,370,0.741,0.12,-1.6444774774709998,15,0.21552252252900006,0.005,0.0,148,0.7425,0.1,-1.275816477471,14,0.17418352252900027,0.7605795274505951,0.7640667365697318,0.9039708601126183,0.9055791346585699,0.745972683541745,0.8226962195437789,0.9048970260701805,0.90278073659728
26,56,4.045,23.0,0.78,34.24438903,0.684887781,Arrington:1998ps,1.276121468,0.032998107,0.0089,4.0539,3.2649999999999997,3.2739,1.0,0.0,0.0,34.24438903,0.684887781,0.40142572795869574,0.039747573273779827,0.9602524267262201,0.04139283814079061,0.024782244008921595,0.7552177559910784,4.433234524286382,1.0044053355254008,2.0997728766352584,2.1101292197348496,2.7185292197348496,1.6487962941900522,0.2442892258937417,0.23393288279415048,0.9036241975836804,-0.0005069642457762896,-67547.93718748991,-1350.9587445388083,0.0004947957932255816,0.0004937095102487673,3044.5336079413555,3031.1802419376545,104258.19328525328,2085.163866922879,0.2677550115855341,0.005355100234838261,103800.91542496256,2076.0183097117233,0.26658063444622426,0.005331612692038345,"[1.302,1.770]",1.619,"[2.000,2.500]",2.25,0.002,0.0,377,0.755,0.12,-1.6444774774709998,15,0.21552252252900006,0.005,0.0,151,0.7575000000000001,0.1,-1.275816477471,15,0.27418352252900013,0.774376533673852,0.7790667365697318,0.9030623549197732,0.9048812471432947,0.745972683541745,0.8759856139950739,0.9048970260701805,0.9000743727063503
26,56,4.045,23.0,0.795,43.50587603,0.870117521,Arrington:1998ps,1.190643764,0.027812335,0.0089,4.0539,3.25,3.2589,1.0,0.0,0.0,43.50587603,0.870117521,0.40142572795869574,0.039747573273779827,0.9602524267262201,0.04139283814079061,0.024782244008921595,0.7702177559910784,4.433234524286382,1.0044053355254008,2.090126140601712,2.1004612584971754,2.7324862584971754,1.6530233690112113,0.28208415192728786,0.2717490340318247,0.9027749830425916,-0.0004731374879393223,-91951.8684082362,-1839.037369010144,0.0004947957932255816,0.0004937095102487673,3101.3383537373643,3087.735841342445,134926.44194478207,2698.5288401361763,0.34651694881451595,0.0069303389794762495,134334.65272683217,2686.6930557717374,0.3449971207423486,0.006899942418018931,"[1.302,1.770]",1.619,"[2.000,2.500]",2.25,0.002,0.0,385,0.771,0.12,-1.6444774774709998,15,0.21552252252900006,0.005,0.0,154,0.7725,0.1,-1.275816477471,15,0.27418352252900013,0.790140139012486,0.7940667365697317,0.9019824559366663,0.9041708983834148,0.745972683541745,0.8759856139950739,0.9048970260701805,0.9000743727063503
26,56,4.045,23.0,0.81,56.88172925,1.137634585,Arrington:1998ps,1.07240059,0.023381849,0.0089,4.0539,3.235,3.2439,1.0,0.0,0.0,56.88172925,1.137634585,0.40142572795869574,0.039747573273779827,0.9602524267262201,0.04139283814079061,0.024782244008921595,0.7852177559910785,4.433234524286382,1.0044053355254008,2.0804794045681656,2.0907932972595007,2.7468932972595006,1.6573754243560812,0.3198790779608345,0.3095651852694994,0.9019050377977655,-0.0004398035701788109,-129334.39632350778,-2586.6879264701556,0.0004947957932255816,0.0004937095102487673,3160.1318732427762,3146.2714916679756,179753.7656080909,3595.0753121618186,0.4616421029017148,0.009232842058034298,178965.36313605143,3579.3072627210286,0.4596173343306978,0.009192346686613955,"[1.302,1.770]",1.619,"[2.000,2.500]",2.25,0.002,0.0,392,0.785,0.12,-1.6444774774709998,16,0.33552252252900017,0.005,0.0,157,0.7875,0.1,-1.275816477471,15,0.27418352252900013,0.8039294452840338,0.8090667365697317,0.9009994818276589,0.9034481495796884,0.7812279515929325,0.8759856139950739,0.9025986001266595,0.9000743727063503
26,56,4.045,23.0,0.825,71.90848035,1.438169607,Arrington:1998ps,1.062461613,0.020859848,0.0089,4.0539,3.2199999999999998,3.2289,1.0,0.0,0.0,71.90848035,1.438169607,0.40142572795869574,0.039747573273779827,0.9602524267262201,0.04139283814079061,0.024782244008921595,0.8002177559910784,4.433234524286382,1.0044053355254008,2.0708326685346194,2.081125336021826,2.761750336021826,1.661851478328261,0.35767400399438065,0.34738133650717407,0.9010141757393061,-0.0004069696767086135,-176692.4772665208,-3533.849545330416,0.0004947957932255815,0.0004937095102487672,3220.9723336388556,3206.8451049734585,231615.2257613633,4632.304515227266,0.5948322669225821,0.01189664533845164,230599.35821647765,4611.987164329553,0.5922233244723133,0.011844466489446264,"[1.302,1.770]",1.619,"[2.000,2.500]",2.25,0.002,0.0,400,0.801,0.12,-1.6444774774709998,16,0.33552252252900017,0.005,0.0,160,0.8025,0.1,-1.275816477471,16,0.3741835225290002,0.8196842580413772,0.8240667365697317,0.8998304665839412,0.9027130628511909,0.7812279515929325,0.9292750084463691,0.9025986001266595,0.8972159348703929
26,56,4.045,23.0,0.84,88.20837467,1.764167493,Arrington:1998ps,1.022578642,0.018365603,0.0089,4.0539,3.205,3.2139,1.0,0.0,0.0,88.20837467,1.764167493,0.40142572795869574,0.039747573273779827,0.9602524267262201,0.04139283814079061,0.024782244008921595,0.8152177559910784,4.433234524286382,1.0044053355254008,2.0611859325010733,2.071457374784152,2.777057374784152,1.6664505317542888,0.3954689300279268,0.3851974877448483,0.9001022100533405,-0.0003746423541812673,-235446.88336898817,-4708.937666312078,0.0004947957932255815,0.0004937095102487672,3283.9198086206843,3269.516491469928,289669.22886504803,5793.384575987392,0.7439260674556897,0.014878521345740298,288398.73566932324,5767.974712078659,0.7406631975591255,0.014813263947823813,"[1.302,1.770]",1.619,"[2.000,2.500]",2.25,0.002,0.0,407,0.8150000000000001,0.12,-1.6444774774709998,16,0.33552252252900017,0.005,0.0,163,0.8175,0.1,-1.275816477471,16,0.3741835225290002,0.833465877238595,0.8390667365697317,0.8987657679724321,0.9019657012223733,0.7812279515929325,0.9292750084463691,0.9025986001266595,0.8972159348703929
26,56,4.045,23.0,0.855,105.5884268,2.111768537,Arrington:1998ps,0.975485696,0.016194957,0.0089,4.0539,3.19,3.1989,1.0,0.0,0.0,105.5884268,2.111768537,0.40142572795869574,0.039747573273779827,0.9602524267262201,0.04139283814079061,0.024782244008921595,0.8302177559910784,4.433234524286382,1.0044053355254008,2.0515391964675267,2.061789413546477,2.792814413546477,1.671171569153352,0.43326385606147344,0.423013638982523,0.8991689532394171,-0.0003428275180978044,-307992.857124955,-6159.85714541602,0.0004947957932255816,0.0004937095102487673,3349.0363331383414,3334.347414021325,353619.4777121182,7072.3895575914,0.9081625565160368,0.018163251138921706,352068.49785115995,7041.369960357548,0.9041793431343933,0.01808358687125111,"[1.302,1.770]",1.619,"[2.000,2.500]",2.25,0.002,0.0,415,0.8310000000000001,0.12,-1.6444774774709998,17,0.4555225225290003,0.005,0.0,166,0.8325,0.1,-1.275816477471,16,0.3741835225290002,0.8492119121111656,0.8540667365697318,0.8974987587090526,0.9012061286099823,0.8157747537766752,0.9292750084463691,0.9001252505182662,0.8972159348703929
26,56,4.045,23.0,0.87,123.8339407,2.476678815,Arrington:1998ps,0.936738339,0.014697102,0.0089,4.0539,3.175,3.1839,1.0,0.0,0.0,123.8339407,2.476678815,0.40142572795869574,0.039747573273779827,0.9602524267262201,0.04139283814079061,0.024782244008921595,0.8452177559910784,4.433234524286382,1.0044053355254008,2.04189246043398,2.0521214523088025,2.8090214523088024,1.6760135597031434,0.47105878209502006,0.46082979022019765,0.8982142171284575,-0.0003115304605277213,-397501.8702512422,-7950.0374082348035,0.0004947957932255817,0.0004937095102487674,3416.385959703459,3401.4016442040897,423064.53634223074,8461.290730261,1.0865107696602017,0.021730215401977965,421208.96950525173,8424.179393506436,1.0817453185788302,0.021634906380312055,"[1.302,1.770]",1.619,"[2.000,2.500]",2.25,0.002,0.0,422,0.845,0.12,-1.6444774774709998,17,0.4555225225290003,0.005,0.0,169,0.8475,0.1,-1.275816477471,17,0.4741835225290001,0.8629858570755999,0.8690667365697318,0.8963440115729278,0.900434409809842,0.8157747537766752,0.9825644028976641,0.9001252505182662,0.8942084695005738
26,56,4.045,23.0,0.885,142.7298353,2.854596705,Arrington:1998ps,0.938836647,0.01352205,0.0089,4.0539,3.16,3.1689000000000003,1.0,0.0,0.0,142.7298353,2.854596705,0.40142572795869574,0.039747573273779827,0.9602524267262201,0.04139283814079061,0.024782244008921595,0.8602177559910784,4.433234524286382,1.0044053355254008,2.032245724400434,2.0424534910711283,2.8256784910711286,1.6809754582001275,0.5088537081285662,0.4986459414578719,0.8972378129012666,-0.0002807558590635905,-508377.0496403854,-10167.540989245896,0.0004947957932255817,0.0004937095102487674,3486.034816310014,3470.745019973915,497561.175181994,9951.223500153847,1.2778324084406574,0.025556648159860345,495378.86506917205,9907.577297912698,1.2722278180374538,0.025444556351835543,"[1.302,1.770]",1.619,"[2.000,2.500]",2.25,0.002,0.0,430,0.861,0.12,-1.6444774774709998,17,0.4555225225290003,0.005,0.0,172,0.8625,0.1,-1.275816477471,17,0.4741835225290001,0.8787231287190096,0.8840667365697318,0.8949688021126292,0.8996506104835089,0.8157747537766752,0.9825644028976641,0.9001252505182662,0.8942084695005738
26,56,4.045,23.0,0.9,162.0721004,3.241442009,Arrington:1998ps,0.97487476,0.012957196,0.0089,4.0539,3.145,3.1539,1.0,0.0,0.0,162.0721004,3.241442009,0.40142572795869574,0.039747573273779827,0.9602524267262201,0.04139283814079061,0.024782244008921595,0.8752177559910784,4.433234524286382,1.0044053355254008,2.022598988366888,2.032785529833453,2.8427855298334532,1.6860562060125557,0.5466486341621124,0.536462092695547,0.8962395511076138,-0.00025050778693265285,-646974.3012163206,-12939.486028318304,0.0004947957932255816,0.0004937095102487673,3558.0511660199813,3542.4455049900525,576660.8258075275,11533.216519708601,1.480975463219136,0.02961950927352048,574131.5835462766,11482.631674467975,1.4744798846020102,0.02948959770113788,"[1.302,1.770]",1.619,"[2.000,2.500]",2.25,0.002,0.0,437,0.875,0.12,-1.6444774774709998,18,0.5755225225289999,0.005,0.0,175,0.8775000000000001,0.1,-1.275816477471,18,0.5741835225290002,0.8924894122564879,0.8990667365697318,0.893714416190121,0.8988547971447983,0.8496541580601374,1.0358537973489592,0.8974623683354233,0.8910551499374292
26,56,4.045,23.0,0.915,181.6718432,3.633436863,Arrington:1998ps,0.963275304,0.012054702,0.0089,4.0539,3.13,3.1389,1.0,0.0,0.0,181.6718432,3.633436863,0.40142572795869574,0.039747573273779827,0.9602524267262201,0.04139283814079061,0.024782244008921595,0.8902177559910784,4.433234524286382,1.0044053355254008,2.012952252333341,2.0231175685957785,2.8603425685957786,1.6912547320246523,0.584443560195659,0.5742782439332217,0.8952192416858902,-0.0002207897241860961,-822827.4385037732,-16456.548765546264,0.0004947957932255816,0.0004937095102487673,3632.505468266286,3616.573249649391,659923.9638540153,13198.4792734478,1.6948111512334867,0.03389622301534076,657029.5283316186,13140.5905630158,1.6873776863669654,0.03374755371805126,"[1.302,1.770]",1.619,"[2.000,2.500]",2.25,0.002,0.0,445,0.891,0.12,-1.6444774774709998,18,0.5755225225289999,0.005,0.0,178,0.8925000000000001,0.1,-1.275816477471,18,0.5741835225290002,0.9082179352856201,0.9140667365697318,0.8922192211044538,0.8980470371461917,0.8496541580601374,1.0358537973489592,0.8974623683354233,0.8910551499374292
26,56,4.045,23.0,0.93,201.362214,4.027244279,Arrington:1998ps,0.933640907,0.011124232,0.0089,4.0539,3.1149999999999998,3.1239,1.0,0.0,0.0,201.362214,4.027244279,0.40142572795869574,0.039747573273779827,0.9602524267262201,0.04139283814079061,0.024782244008921595,0.9052177559910785,4.433234524286382,1.0044053355254008,2.0033055162997946,2.013449607358104,2.878349607358104,1.6965699535704692,0.6222384862292056,0.6120943951708964,0.8941766939833503,-0.0001916045698856182,-1050925.9467047513,-21018.518928875943,0.0004947957932255817,0.0004937095102487674,3709.4704419273858,3693.2006538843953,746947.1809540568,14938.943615371665,1.9183034425211376,0.03836606884089612,743671.0604124095,14873.421204554988,1.909889737411321,0.038197794738741575,"[1.302,1.770]",1.619,"[2.000,2.500]",2.25,0.002,0.0,452,0.905,0.12,-1.6444774774709998,18,0.5755225225289999,0.005,0.0,181,0.9075,0.1,-1.275816477471,18,0.5741835225290002,0.9219765701663931,0.9290667365697317,0.890854095996212,0.8972273986651297,0.8496541580601374,1.0358537973489592,0.8974623683354233,0.8910551499374292
26,56,4.045,23.0,0.945,220.9927364,4.419854729,Arrington:1998ps,0.932157334,0.010452832,0.0089,4.0539,3.1,3.1089,1.0,0.0,0.0,220.9927364,4.419854729,0.40142572795869574,0.039747573273779827,0.9602524267262201,0.04139283814079061,0.024782244008921595,0.9202177559910784,4.433234524286382,1.0044053355254008,1.9936587802662487,2.0037816461204296,2.89680664612043,1.7020007773560004,0.6600334122627516,0.6499105464085706,0.8931117167769484,-0.00016295465520630605,-1356160.9278373532,-27123.21856288374,0.0004947957932255816,0.0004937095102487673,3789.021130229882,3772.4024317810486,837346.1478469225,16746.92296072747,2.1504653059201573,0.04300930612813407,833673.5362013082,16673.470727798565,2.1410333357053073,0.042820666723794386,"[1.302,1.770]",1.619,"[2.000,2.500]",2.25,0.002,0.0,460,0.921,0.12,-1.6444774774709998,19,0.695522522529,0.005,0.0,184,0.9225,0.1,-1.275816477471,19,0.6741835225290003,0.9376963591555452,0.9440667365697317,0.8892252401826267,0.896395950690192,0.8829034116990423,1.0891431918002543,0.8945930875408331,0.8877592684518452
26,56,4.045,23.0,0.96,240.4229252,4.808458503,Arrington:1998ps,0.919213506,0.009940816,0.0089,4.0539,3.085,3.0939,1.0,0.0,0.0,240.4229252,4.808458503,0.40142572795869574,0.039747573273779827,0.9602524267262201,0.04139283814079061,0.024782244008921595,0.9352177559910784,4.433234524286382,1.0044053355254008,1.9840120442327023,1.9941136848827552,2.915713684882755,1.7075461003682317,0.6978283382962975,0.6877266976462446,0.8920241182947728,-0.00013484175737472643,-1783000.5324824015,-35660.01064223193,0.0004947957932255815,0.0004937095102487672,3871.23496753756,3854.2556780749587,930733.6350319072,18614.67269676691,2.390302261896799,0.04780604522799391,926651.4245914911,18533.028487975564,2.379818363516001,0.047596367260421546,"[1.302,1.770]",1.619,"[1.500,2.000]",1.75,0.002,0.0,467,0.935,0.12,-1.6444774774709998,19,0.695522522529,0.005,0.0,187,0.9375,0.1,-0.7758164774709999,14,0.6741835225290003,0.9514473581144216,0.9542741284431246,0.8877364623638017,0.8882063817455388,0.8829034116990423,0.8226962195437789,0.8945930875408331,0.8970188132429406
26,56,4.045,23.0,0.975,259.5421509,5.190843018,Arrington:1998ps,0.905440597,0.008514995,0.0089,4.0539,3.07,3.0789,1.0,0.0,0.0,259.5421509,5.190843018,0.40142572795869574,0.039747573273779827,0.9602524267262201,0.04139283814079061,0.024782244008921595,0.9502177559910784,4.433234524286382,1.0044053355254008,1.9743653081991557,1.9844457236450805,2.9350707236450804,1.7132048107698858,0.7356232643298446,0.7255428488839197,0.8909137062380915,-0.00010726711436149598,-2419587.3306084187,-48391.74661216837,0.0004947957932255816,0.0004937095102487673,3956.191848087479,3938.839936585969,1026798.5416256704,20535.970832513405,2.6370153437895634,0.05274030687579126,1022294.9891923422,20445.89978384684,2.625449358460596,0.05250898716921191,"[1.302,1.770]",1.619,"[1.500,2.000]",1.75,0.002,0.0,475,0.9510000000000001,0.12,-1.6444774774709998,19,0.695522522529,0.005,0.0,190,0.9525,0.1,-0.7758164774709999,15,0.7741835225290001,0.9671584275974894,0.9692741284431247,0.8859579938835028,0.8871308751425137,0.8829034116990423,0.8759856139950739,0.8945930875408331,0.8935863329763467
26,56,4.045,23.0,0.99,278.2380064,5.564760129,Arrington:1998ps,0.941639869,0.008302245,0.0089,4.0539,3.0549999999999997,3.0639,1.0,0.0,0.0,278.2380064,5.564760129,0.40142572795869574,0.039747573273779827,0.9602524267262201,0.04139283814079061,0.024782244008921595,0.9652177559910784,4.433234524286382,1.0044053355254008,1.9647185721656093,1.9747777624074059,2.954877762407406,1.7189757887787152,0.7734181903633905,0.763359000121594,0.8897802878040134,-8.023144024834812e-05,-3467942.31212531,-69358.84625497012,0.0004947957932255815,0.0004937095102487672,4043.9741967359987,4026.2372706538945,1125187.3184328657,22503.746372701287,2.8896965695405115,0.05779393140119593,1120252.231480117,22405.04463362857,2.8770223209028676,0.057540446428397486,"[1.302,1.770]",1.619,"[1.500,2.000]",1.75,0.002,0.0,482,0.965,0.12,-1.6444774774709998,20,0.8155225225290001,0.005,0.0,193,0.9675,0.1,-0.7758164774709999,15,0.7741835225290001,0.9809018033339854,0.9842741284431247,0.8843304572631226,0.8860412573303359,0.9155564210981225,0.8759856139950739,0.891497934295587,0.8935863329763467
26,56,4.045,23.0,1.005,296.4130835,5.92826167,Arrington:1998ps,0.917638307,0.007793178,0.0089,4.0539,3.04,3.0489,1.0,0.0,0.0,296.4130835,5.92826167,0.40142572795869574,0.039747573273779827,0.9602524267262201,0.04139283814079061,0.024782244008921595,0.9802177559910783,4.433234524286382,1.0044053355254008,1.955071836132063,1.9651098011697317,2.975134801169731,1.7248579075302786,0.8112131163969369,0.8011751513592682,0.8886236697087749,-5.3734941190875146e-05,-5516207.460748736,-110324.1492149747,0.0004947957932255817,0.0004937095102487674,4134.667041779957,4116.5323356403,1225569.4070998204,24511.38814199641,3.147497001977147,0.06294994003954293,1220194.0429345982,24403.880858691966,3.1336920371203547,0.0626738407424071,"[1.302,1.770]",1.619,"[1.500,2.000]",1.75,0.002,0.0,490,0.981,0.12,-1.6444774774709998,20,0.8155225225290001,0.005,0.0,196,0.9825,0.1,-0.7758164774709999,15,0.7741835225290001,0.9966041678045698,0.9992741284431247,0.8823836604042703,0.8849376418202168,0.9155564210981225,0.8759856139950739,0.891497934295587,0.8935863329763467
26,56,4.045,23.0,1.02,313.9749649,6.279499298,Arrington:1998ps,0.907715684,0.007420974,0.0089,4.0539,3.025,3.0339,1.0,0.0,0.0,313.9749649,6.279499298,0.40142572795869574,0.039747573273779827,0.9602524267262201,0.04139283814079061,0.024782244008921595,0.9952177559910784,4.433234524286382,1.0044053355254008,1.9454251000985165,1.9554418399320568,2.9958418399320568,1.730850033923233,0.8490080424304833,0.8389913025969431,0.8874436582116565,-2.7777331899660596e-05,-11303280.172270123,-226065.60344540246,0.0004947957932255817,0.0004937095102487674,4228.358089920715,4209.812453563756,1327598.5828674876,26551.971657349754,3.4095274695969833,0.06819054939193966,1321775.717343263,26435.514346865264,3.3945732355289326,0.06789146471057866,"[1.302,1.770]",1.619,"[1.500,2.000]",1.75,0.002,0.0,497,0.995,0.12,-1.6444774774709998,20,0.8155225225290001,0.005,0.0,199,0.9975,0.1,-0.7758164774709999,16,0.8741835225290002,1.0103399329830367,1.0142741284431247,0.8805995869799881,0.8838201431429753,0.9155564210981225,0.9292750084463691,0.891497934295587,0.8899671682558548
26,56,4.045,23.0,1.035,330.8688194,6.617376389,Arrington:1998ps,0.918793135,0.00725363,0.0089,4.0539,3.01,3.0189,1.0,0.0,0.0,330.8688194,6.617376389,0.40142572795869574,0.039747573273779827,0.9602524267262201,0.04139283814079061,0.024782244008921595,1.0102177559910783,4.433234524286382,1.0044053355254008,1.9357783640649704,1.9457738786943821,3.016998878694382,1.7369510294462485,0.8868029684640295,0.8768074538346178,0.8862400591395414,-2.3578525643528614e-06,-140326339.48459393,-2806526.7901159935,0.0004947957932255815,0.0004937095102487672,4325.137803441376,4306.167689938557,1431053.2387669573,28621.064779664284,3.67521884325383,0.07350437687618439,1424776.6197083956,28495.53239847408,3.659099283190622,0.0731819856748715,"[1.302,1.770]",1.619,"[1.500,2.000]",1.75,0.002,0.0,505,1.0110000000000001,0.12,-1.6444774774709998,21,0.9355225225290003,0.005,0.0,202,1.0125,0.1,-0.7758164774709999,16,0.8741835225290002,1.0260336068946643,1.0292741284431246,0.8784623642507681,0.8826888768211841,0.9476441568573738,0.9292750084463691,0.8881543927595476,0.8899671682558548
26,56,4.045,23.0,1.05,347.0224973,6.940449945,Arrington:1998ps,0.907722129,0.007002428,0.0089,4.0539,2.995,3.0039000000000002,1.0,0.0,0.0,347.0224973,6.940449945,0.40142572795869574,0.039747573273779827,0.9602524267262201,0.04139283814079061,0.024782244008921595,1.0252177559910784,4.433234524286382,1.0044053355254008,1.926131628031424,1.9361059174567077,3.0386059174567075,1.7431597509857515,0.9245978944975759,0.9146236050722922,0.8850126779121215,2.2524713852628684e-05,15406299.923295217,308125.99842150864,0.0004947957932255817,0.0004937095102487674,4425.099479670124,4405.69093288953,1535609.0722360571,30712.181440296044,3.943738251846092,0.07887476502555735,1528873.8698632913,30577.477392860135,3.926440961987858,0.0785288192284425,"[1.302,1.770]",1.619,"[1.500,2.000]",1.75,0.002,0.0,512,1.025,0.12,-1.6444774774709998,21,0.9355225225290003,0.005,0.0,205,1.0275,0.1,-0.7758164774709999,16,0.8741835225290002,1.0397617741444307,1.0442741284431247,0.8765006928059998,0.8815439593412432,0.9476441568573738,0.9292750084463691,0.8881543927595476,0.8899671682558548
26,56,4.045,23.0,1.065,362.4259517,7.248519033,Arrington:1998ps,0.932604297,0.006980736,0.0089,4.0539,2.98,2.9889,1.0,0.0,0.0,362.4259517,7.248519033,0.40142572795869574,0.039747573273779827,0.9602524267262201,0.04139283814079061,0.024782244008921595,1.0402177559910784,4.433234524286382,1.0044053355254008,1.9164848919978776,1.9264379562190332,3.060662956219033,1.7494750516137785,0.9623928205311223,0.9524397563099667,0.8837613195677562,4.687202402364983e-05,7732244.537106691,154644.89072079913,0.0004947957932255816,0.0004937095102487673,4528.339332805512,4508.477974618439,1641187.6923125805,32823.75384172327,4.214884372366606,0.08429768743570247,1633989.420669576,32679.788408883043,4.196397831918938,0.08392795662680014,"[1.302,1.770]",1.619,"[1.500,2.000]",1.75,0.002,0.0,520,1.041,0.12,-1.6444774774709998,21,0.9355225225290003,0.005,0.0,208,1.0425,0.1,-0.7758164774709999,17,0.9741835225290001,1.0554467719106455,1.0592741284431246,0.8741467728145476,0.8803855081253983,0.9476441568573738,0.9825644028976641,0.8881543927595476,0.8861661627745689
26,56,4.045,23.0,1.08,377.0644818,7.541289636,Arrington:1998ps,0.922919068,0.006842331,0.0089,4.0539,2.965,2.9739,1.0,0.0,0.0,377.0644818,7.541289636,0.40142572795869574,0.039747573273779827,0.9602524267262201,0.04139283814079061,0.024782244008921595,1.0552177559910785,4.433234524286382,1.0044053355254008,1.906838155964331,1.9167699949813586,3.0831699949813585,1.7558957813553053,1.0001877465646694,0.9902559075476418,0.8824857887899958,7.068615643295373e-05,5334346.933372281,106686.9386674456,0.0004947957932255816,0.0004937095102487673,4634.9565781823985,4614.627595300327,1747677.5003178474,34953.55000635695,4.488370598031179,0.08976741196062359,1740012.1629218978,34800.24325843796,4.468684543260942,0.08937369086521883,"[1.302,1.770]",1.619,"[1.500,2.000]",1.75,0.002,0.0,527,1.055,0.12,-1.6444774774709998,21,0.9355225225290003,0.005,0.0,211,1.0575,0.1,-0.7758164774709999,17,0.9741835225290001,1.0691673538261455,1.0742741284431248,0.8719823712856674,0.8792136415037085,0.9476441568573738,0.9825644028976641,0.8881543927595476,0.8861661627745689
26,56,4.045,23.0,1.095,390.9536493,7.819072985,Arrington:1998ps,0.915709575,0.006675983,0.0089,4.0539,2.95,2.9589000000000003,1.0,0.0,0.0,390.9536493,7.819072985,0.40142572795869574,0.039747573273779827,0.9602524267262201,0.04139283814079061,0.024782244008921595,1.0702177559910784,4.433234524286382,1.0044053355254008,1.8971914199307849,1.9071020337436841,3.106127033743684,1.7624207879345057,1.037982672598215,1.0280720587853158,0.8811858899347736,9.396959338873274e-05,4160427.1679957765,83208.5433492738,0.0004947957932255816,0.0004937095102487673,4745.053519060377,4724.241649491295,1855095.9894004613,37101.91978326417,4.764241854596336,0.09528483707974052,1846959.5130436732,36939.190256149224,4.743345824725412,0.0948669164823755,"[1.302,1.770]",1.619,"[1.500,2.000]",1.75,0.002,0.0,535,1.071,0.12,-1.6444774774709998,22,1.055522522529,0.005,0.0,214,1.0725,0.1,-0.7758164774709999,18,1.0741835225290002,1.0848436898207154,1.0892741284431247,0.8693802825121734,0.8780284786859818,0.979194997784839,1.0358537973489592,0.8845363670099213,0.8821883387468602
26,56,4.045,23.0,1.11,404.1453566,8.082907132,Arrington:1998ps,0.927883975,0.006779739,0.0089,4.0539,2.9349999999999996,2.9438999999999997,1.0,0.0,0.0,404.1453566,8.082907132,0.40142572795869574,0.039747573273779827,0.9602524267262201,0.04139283814079061,0.024782244008921595,1.0852177559910785,4.433234524286382,1.0044053355254008,1.8875446838972383,1.8974340725060093,3.1295340725060097,1.7690489174994595,1.0757775986317621,1.0658882100229912,0.8798614270582744,0.00011672520293264675,3462365.8511281544,69247.31702256309,0.0004947957932255816,0.0004937095102487673,4858.735636019687,4837.425155132315,1963635.4462443043,39272.70892488609,5.042991971099855,0.10085983942199711,1955022.91434676,39100.4582869352,5.020873339409218,0.10041746678818438,"[1.302,1.770]",1.619,"[1.500,2.000]",1.75,0.002,0.0,542,1.085,0.12,-1.6444774774709998,22,1.055522522529,0.005,0.0,217,1.0875000000000001,0.1,-0.7758164774709999,18,1.0741835225290002,1.0985566989616231,1.1042741284431248,0.8669829217398488,0.8768301397336824,0.979194997784839,1.0358537973489592,0.8845363670099213,0.8821883387468602
26,56,4.045,23.0,1.125,416.7078036,8.334156071,Arrington:1998ps,1.007900491,0.012622754,0.0089,4.0539,2.92,2.9289,1.0,0.0,0.0,416.7078036,8.334156071,0.40142572795869574,0.039747573273779827,0.9602524267262201,0.04139283814079061,0.024782244008921595,1.1002177559910784,4.433234524286382,1.0044053355254008,1.877897947863692,1.887766111268335,3.153391111268335,1.775779015324918,1.113572524665308,1.103704361260665,0.8785122039454871,0.0001389562207061072,2998842.379869687,59976.847590197234,0.0004947957932255817,0.0004937095102487674,4976.111679053014,4954.286385237119,2073584.5682464896,41471.691359953686,5.3253623777590935,0.10650724754240228,2064489.7979975434,41289.79595499659,5.302005265606654,0.10604010529940955,"[1.770,2.067]",1.921,"[1.500,2.000]",1.75,0.002,0.0,550,1.101,0.12,-2.7135574774710003,31,1.0664425225289995,0.005,0.0,220,1.1025,0.1,-0.7758164774709999,18,1.0741835225290002,1.1242564982976972,1.1192741284431247,0.8881687885849805,0.875618745531829,1.2427092380131848,1.0358537973489592,0.8753784077491598,0.8821883387468602
26,56,4.045,23.0,1.14,428.7195462,8.574390924,Arrington:1998ps,0.98899153,0.012175792,0.0089,4.0539,2.9050000000000002,2.9139000000000004,1.0,0.0,0.0,428.7195462,8.574390924,0.40142572795869574,0.039747573273779827,0.9602524267262201,0.04139283814079061,0.024782244008921595,1.1152177559910783,4.433234524286382,1.0044053355254008,1.868251211830146,1.8780981500306604,3.1776981500306603,1.7826099264927984,1.151367450698854,1.1415205124983396,0.8771380241394485,0.0001606662318294644,2668386.1401259154,53367.7228025183,0.0004947957932255816,0.0004937095102487673,5097.293762445054,5074.9369623556195,2185309.4686835343,43706.189373670684,5.612293323599154,0.11224586647198308,2175724.671494708,43514.49342989415,5.587677728397753,0.11175355456795505,"[1.770,2.067]",1.921,"[1.500,2.000]",1.75,0.002,0.0,557,1.115,0.12,-2.7135574774710003,32,1.1864425225289996,0.005,0.0,223,1.1175,0.1,-0.7758164774709999,19,1.1741835225290003,1.1379593676320212,1.1342741284431246,0.8868852231834788,0.8743944177608877,1.2700484264524534,1.0891431918002543,0.8717854092105917,0.8780388812832527
26,56,4.045,23.0,1.155,440.5349105,8.81069821,Arrington:1998ps,0.976086094,0.011826532,0.0089,4.0539,2.8899999999999997,2.8989,1.0,0.0,0.0,440.5349105,8.81069821,0.40142572795869574,0.039747573273779827,0.9602524267262201,0.04139283814079061,0.024782244008921595,1.1302177559910784,4.433234524286382,1.0044053355254008,1.8586044757965994,1.8684301887929855,3.2024551887929853,1.7895404965501578,1.1891623767324007,1.1793366637360145,0.8757386909711843,0.0001818591528468852,2422396.143409426,48447.922868188514,0.0004947957932255816,0.0004937095102487673,5222.397462535471,5199.491955908074,2300648.398753491,46012.96797506982,5.90850578982374,0.11817011579647478,2290557.723441433,45811.15446882866,5.88259100269815,0.11765182005396298,"[1.770,2.067]",1.921,"[1.500,2.000]",1.75,0.002,0.0,565,1.131,0.12,-2.7135574774710003,32,1.1864425225289996,0.005,0.0,226,1.1325,0.1,-0.7758164774709999,19,1.1741835225290003,1.1536154774160963,1.1492741284431247,0.885362382508801,0.8731572788686759,1.2700484264524534,1.0891431918002543,0.8717854092105917,0.8780388812832527
26,56,4.045,23.0,1.17,451.5167625,9.030335251,Arrington:1998ps,0.98778171,0.01167177,0.0089,4.0539,2.875,2.8839,1.0,0.0,0.0,451.5167625,9.030335251,0.40142572795869574,0.039747573273779827,0.9602524267262201,0.04139283814079061,0.024782244008921595,1.1452177559910783,4.433234524286382,1.0044053355254008,1.848957739763053,1.8587622275553113,3.227662227555311,1.7965695721444552,1.226957302765947,1.2171528149736888,0.874314007590354,0.00020253921378640208,2229280.7109252913,44585.614223443146,0.0004947957932255817,0.0004937095102487674,5351.541918464573,5328.069982488893,2416310.8814081633,48326.21763351481,6.205549201064147,0.12411098403502673,2405712.908866817,48114.25818266441,6.178331577478177,0.12356663156324704,"[1.770,2.067]",1.921,"[1.500,2.000]",1.75,0.002,0.0,572,1.145,0.12,-2.7135574774710003,32,1.1864425225289996,0.005,0.0,229,1.1475,0.1,-0.7758164774709999,19,1.1741835225290003,1.1673108032500892,1.1642741284431246,0.8839785316294886,0.871907452042285,1.2700484264524534,1.0891431918002543,0.8717854092105917,0.8780388812832527
26,56,4.045,23.0,1.185,462.6188809,9.252377619,Arrington:1998ps,0.996500616,0.011564595,0.0089,4.0539,2.86,2.8689,1.0,0.0,0.0,462.6188809,9.252377619,0.40142572795869574,0.039747573273779827,0.9602524267262201,0.04139283814079061,0.024782244008921595,1.1602177559910785,4.433234524286382,1.0044053355254008,1.8393110037295066,1.8490942663176366,3.2533192663176367,1.8036960016359842,1.2647522287994934,1.2549689662113634,0.8728637769966073,0.00022271094038121456,2077216.6832403238,41544.333669296604,0.0004947957932255816,0.0004937095102487673,5484.849936005291,5460.793309243211,2537395.1392992046,50747.90279146894,6.516516769682347,0.1303303354077331,2526266.0895483023,50525.32179642684,6.487935238091484,0.12975870477585402,"[1.770,2.067]",1.921,"[1.500,2.000]",1.75,0.002,0.0,580,1.161,0.12,-2.7135574774710003,33,1.3064425225289993,0.005,0.0,232,1.1625,0.1,-0.7758164774709999,20,1.2741835225290004,1.182958299006856,1.1792741284431247,0.8823351531537748,0.8706450611800345,1.2970532675790754,1.1424325862515496,0.867943273075406,0.8737231225975022
26,56,4.045,23.0,1.2,473.6433369,9.472866739,Arrington:1998ps,1.053535353,0.011696565,0.0089,4.0539,2.8449999999999998,2.8539,1.0,0.0,0.0,473.6433369,9.472866739,0.40142572795869574,0.039747573273779827,0.9602524267262201,0.04139283814079061,0.024782244008921595,1.1752177559910784,4.433234524286382,1.0044053355254008,1.82966426769596,1.839426305079962,3.279426305079962,1.8109186356874132,1.30254715483304,1.2927851174490381,0.8713878020716564,0.00024237913649494897,1954142.3562661733,39082.847129449234,0.0004947957932255817,0.0004937095102487674,5622.44809458905,5597.787960423337,2663035.0770682045,53260.701546986544,6.8391841968926235,0.136783683952292,2651354.9688335545,53027.099382268876,6.809187441557219,0.13618374884552056,"[1.770,2.067]",1.921,"[1.500,2.000]",1.75,0.002,0.0,587,1.175,0.12,-2.7135574774710003,33,1.3064425225289993,0.005,0.0,235,1.1775,0.1,-0.7758164774709999,20,1.2741835225290004,1.1966460937850272,1.1942741284431246,0.8808402793659509,0.869370230863466,1.2970532675790754,1.1424325862515496,0.867943273075406,0.8737231225975022
26,56,4.045,23.0,1.215,484.7382464,9.694764929,Arrington:1998ps,1.006728897,0.011263811,0.0089,4.0539,2.83,2.8389,1.0,0.0,0.0,484.7382464,9.694764929,0.40142572795869574,0.039747573273779827,0.9602524267262201,0.04139283814079061,0.024782244008921595,1.1902177559910785,4.433234524286382,1.0044053355254008,1.820017531662414,1.8297583438422877,3.305983343842288,1.8182363278304303,1.340342080866586,1.3306012686867124,0.8698858856120733,0.0002615488667902356,1853337.2074930996,37066.744153685366,0.0004947957932255816,0.0004937095102487673,5764.46685763766,5739.183827236729,2794257.5560021973,55885.15112580842,7.176188659180993,0.14352377319842413,2782001.904181972,55640.03808937863,7.144713797669301,0.14289427596812534,"[1.770,2.067]",1.921,"[1.500,2.000]",1.75,0.002,0.0,595,1.191,0.12,-2.7135574774710003,33,1.3064425225289993,0.005,0.0,238,1.1925000000000001,0.1,-0.7758164774709999,21,1.374183522529,1.2122849897172259,1.2092741284431248,0.8790631931075078,0.8680830863293907,1.2970532675790754,1.1957219807028445,0.867943273075406,0.8692465261285176
26,56,4.045,23.0,1.23,496.0324914,9.920649828,Arrington:1998ps,1.050334422,0.011350063,0.0089,4.0539,2.815,2.8239,1.0,0.0,0.0,496.0324914,9.920649828,0.40142572795869574,0.039747573273779827,0.9602524267262201,0.04139283814079061,0.024782244008921595,1.2052177559910784,4.433234524286382,1.0044053355254008,1.8103707956288677,1.820090382604613,3.332990382604613,1.8256479350095443,1.3781370069001324,1.368417419924387,0.8683578303628137,0.00028022543967662453,1770119.4151837649,35402.388303675296,0.0004947957932255816,0.0004937095102487673,5911.040686317979,5885.11478110173,2932068.238401073,58641.364768021456,7.530112889973707,0.15060225779947412,2919208.147044857,58384.162940897135,7.49708571194988,0.14994171423899758,"[1.770,2.067]",1.921,"[1.500,2.000]",1.75,0.002,0.0,602,1.205,0.12,-2.7135574774710003,34,1.4264425225289994,0.005,0.0,241,1.2075,0.1,-0.7758164774709999,21,1.374183522529,1.2259652658499007,1.2242741284431247,0.877444915431796,0.8667837534419971,1.3237357361743323,1.1957219807028445,0.8638270440764148,0.8692465261285176
26,56,4.045,23.0,1.245,507.6455004,10.15291001,Arrington:1998ps,1.036156136,0.011070718,0.0089,4.0539,2.8,2.8089,1.0,0.0,0.0,507.6455004,10.15291001,0.40142572795869574,0.039747573273779827,0.9602524267262201,0.04139283814079061,0.024782244008921595,1.2202177559910785,4.433234524286382,1.0044053355254008,1.8007240595953211,1.8104224213669384,3.3604474213669384,1.8331523181031462,1.415931932933679,1.4062335711620617,0.8668034390514786,0.0002984143905706039,1701142.828364682,34022.85657399573,0.0004947957932255816,0.0004937095102487673,6062.3081568409025,6035.718790432083,3077503.4578585015,61550.06916929464,7.903618392454694,0.1580723678802322,3064005.4856425775,61280.10972492298,7.868953014193559,0.15737906031487292,"[1.770,2.067]",1.921,"[1.500,2.000]",1.75,0.002,0.0,610,1.221,0.12,-2.7135574774710003,34,1.4264425225289994,0.005,0.0,244,1.2225,0.1,-0.7758164774709999,21,1.374183522529,1.2415955761212984,1.2392741284431246,0.8755188976256435,0.8654723586650315,1.3237357361743323,1.1957219807028445,0.8638270440764148,0.8692465261285176
26,56,4.045,23.0,1.26,519.6747122,10.39349424,Arrington:1998ps,1.058354365,0.011006885,0.0089,4.0539,2.785,2.7939000000000003,1.0,0.0,0.0,519.6747122,10.39349424,0.40142572795869574,0.039747573273779827,0.9602524267262201,0.04139283814079061,0.024782244008921595,1.2352177559910784,4.433234524286382,1.0044053355254008,1.791077323561775,1.8007544601292638,3.388354460129264,1.8407483424219793,1.4537268589672252,1.4440497223997364,0.8652225144233149,0.0003161214654972881,1643908.3356218913,32878.16669978446,0.0004947957932255816,0.0004937095102487673,6218.412081431372,6191.138041076358,3231551.5087588513,64631.03015030338,8.299243295916227,0.16598486585444425,3217377.8796868282,64347.55756897201,8.26284270142285,0.1652568539648569,"[1.770,2.067]",1.921,"[1.500,2.000]",1.75,0.002,0.0,617,1.235,0.12,-2.7135574774710003,34,1.4264425225289994,0.005,0.0,247,1.2375,0.1,-0.7758164774709999,22,1.474183522529,1.255268345984753,1.2542741284431247,0.8737628673695245,0.8641490290340609,1.3237357361743323,1.2490113751541396,0.8638270440764148,0.8646146706573451
26,56,4.045,23.0,1.275,532.2493693,10.64498739,Arrington:1998ps,1.070926586,0.010915936,0.0089,4.0539,2.77,2.7789,1.0,0.0,0.0,532.2493693,10.64498739,0.40142572795869574,0.039747573273779827,0.9602524267262201,0.04139283814079061,0.024782244008921595,1.2502177559910783,4.433234524286382,1.0044053355254008,1.7814305875282284,1.7910864988915893,3.416711498891589,1.8484348781852147,1.4915217850007714,1.4818658736374104,0.8636148592769615,0.00033335260506021756,1596655.7969566588,31933.115951132484,0.0004947957932255817,0.0004937095102487674,6379.499633101426,6351.519060543753,3395484.6561678154,67909.69314887431,8.720255020756358,0.1744051004806623,3380592.014071341,67611.8403068329,8.6820078630853,0.1736401573269537,"[1.770,2.067]",1.921,"[1.500,2.000]",1.75,0.002,0.0,625,1.2510000000000001,0.12,-2.7135574774710003,34,1.4264425225289994,0.005,0.0,250,1.2525,0.1,-0.7758164774709999,22,1.474183522529,1.2708900847202713,1.2692741284431246,0.8716702271363795,0.8628138921288276,1.3237357361743323,1.2490113751541396,0.8638270440764148,0.8646146706573451
26,56,4.045,23.0,1.29,545.3589065,10.90717813,Arrington:1998ps,1.083690012,0.0108369,0.0089,4.0539,2.755,2.7639,1.0,0.0,0.0,545.3589065,10.90717813,0.40142572795869574,0.039747573273779827,0.9602524267262201,0.04139283814079061,0.024782244008921595,1.2652177559910784,4.433234524286382,1.0044053355254008,1.771783851494682,1.7814185376539147,3.445518537653915,1.8562108009743707,1.5293167110343182,1.5196820248750855,0.8619802765009486,0.00035011392880271485,1557661.2686189455,31153.22537237891,0.0004947957932255817,0.0004937095102487674,6545.7224743638835,6517.012846153231,3569768.0508715617,71395.36101743123,9.167848163296153,0.18335696326592305,3554110.999424579,71082.21998849158,9.127637855986183,0.18255275711972366,"[1.770,2.067]",1.921,"[1.500,2.000]",1.75,0.002,0.0,632,1.2650000000000001,0.12,-2.7135574774710003,35,1.5464425225289995,0.005,0.0,253,1.2675,0.1,-0.7758164774709999,22,1.474183522529,1.2845553606568672,1.2842741284431247,0.8697597236991614,0.8614670760457047,1.3501071088387828,1.2490113751541396,0.8594081909428074,0.8646146706573451
26,56,4.045,23.0,1.305,559.0726923,11.18145385,Arrington:1998ps,1.057107614,0.010571076,0.0089,4.0539,2.74,2.7489000000000003,1.0,0.0,0.0,559.0726923,11.18145385,0.40142572795869574,0.039747573273779827,0.9602524267262201,0.04139283814079061,0.024782244008921595,1.2802177559910783,4.433234524286382,1.0044053355254008,1.762137115461136,1.7717505764162402,3.4747755764162402,1.8640749921653474,1.5671116370678637,1.5574981761127595,0.8603185691109502,0.00036641171998129564,1525804.612168353,30516.092254283747,0.0004947957932255815,0.0004937095102487672,6717.236890030133,6687.774997248865,3755423.712926025,75108.47428538946,9.6446474668128,0.19289294940526064,3738952.3732085475,74779.04749092206,9.602345911242814,0.19204691829355827,"[1.770,2.067]",1.921,"[1.500,2.000]",1.75,0.002,0.0,640,1.281,0.12,-2.7135574774710003,35,1.5464425225289995,0.005,0.0,256,1.2825,0.1,-0.7758164774709999,23,1.5741835225290002,1.300168541942739,1.2992741284431246,0.8674797855277092,0.8601087093702644,1.3501071088387828,1.3023007696054347,0.8594081909428074,0.8598332344964369
26,56,4.045,23.0,1.32,573.4185687,11.46837137,Arrington:1998ps,1.084722459,0.010515879,0.0089,4.0539,2.7249999999999996,2.7338999999999998,1.0,0.0,0.0,573.4185687,11.46837137,0.40142572795869574,0.039747573273779827,0.9602524267262201,0.04139283814079061,0.024782244008921595,1.2952177559910785,4.433234524286382,1.0044053355254008,1.752490379427589,1.7620826151785653,3.5044826151785653,1.87202633933889,1.6049065631014112,1.5953143273504349,0.8586295402877996,0.00038225241076887884,1500104.5187566022,30002.090364667754,0.0004947957932255817,0.0004937095102487674,6894.203924241724,6863.965851630399,3953264.546564613,79065.29090371543,10.152740625093958,0.2030548124310566,3935925.47424758,78718.50945749573,10.108210565989374,0.20216421124927555,"[1.770,2.067]",1.921,"[1.500,2.000]",1.75,0.002,0.0,647,1.295,0.12,-2.7135574774710003,35,1.5464425225289995,0.005,0.0,259,1.2975,0.1,-0.7758164774709999,23,1.5741835225290002,1.3138263362610658,1.3142741284431247,0.8653952081488548,0.8587389211499646,1.3501071088387828,1.3023007696054347,0.8594081909428074,0.8598332344964369
26,56,4.045,23.0,1.335,588.3736691,11.76747338,Arrington:1998ps,1.097941723,0.010537521,0.0089,4.0539,2.71,2.7189,1.0,0.0,0.0,588.3736691,11.76747338,0.40142572795869574,0.039747573273779827,0.9602524267262201,0.04139283814079061,0.024782244008921595,1.3102177559910784,4.433234524286382,1.0044053355254008,1.742843643394043,1.7524146539408911,3.534639653940891,1.8800637366698212,1.6427014891349572,1.6331304785881091,0.8569129934162688,0.0003976425679028105,1479654.6360796234,29593.092716562824,0.0004947957932255816,0.0004937095102487673,7076.789521891776,7045.750626354382,4163796.616443899,83275.9323147244,10.69342730911717,0.21386854614599432,4145534.147591751,82910.68293774352,10.646525790828738,0.21293051578038508,"[1.770,2.067]",1.921,"[1.500,2.000]",1.75,0.002,0.0,655,1.311,0.12,-2.7135574774710003,36,1.6664425225289996,0.005,0.0,262,1.3125,0.1,-0.7758164774709999,24,1.6741835225290003,1.3294309741449837,1.3292741284431246,0.8629036582255434,0.8573578408669678,1.376178019686742,1.3555901640567298,0.8546539543738245,0.8549079798249165
26,56,4.045,23.0,1.35,603.8891002,12.077782,Arrington:1998ps,1.126034565,0.010465498,0.0089,4.0539,2.695,2.7039,1.0,0.0,0.0,603.8891002,12.077782,0.40142572795869574,0.039747573273779827,0.9602524267262201,0.04139283814079061,0.024782244008921595,1.3252177559910785,4.433234524286382,1.0044053355254008,1.7331969073604967,1.7427466927032165,3.5652466927032167,1.888186085295413,1.6804964151685036,1.6709466298257838,0.8551687321246179,0.0004125888787902151,1463658.2109791995,29273.164209889106,0.0004947957932255816,0.0004937095102487673,7265.164674599209,7233.299563068159,4387353.758148543,87747.07513391018,11.26756487261188,0.22535129737760423,4368110.764618284,87362.21526343247,11.218145179125177,0.22436290350819751,"[1.770,2.067]",1.921,"[1.500,2.000]",1.75,0.002,0.0,662,1.325,0.12,-2.7135574774710003,36,1.6664425225289996,0.005,0.0,265,1.3275000000000001,0.1,-0.7758164774709999,24,1.6741835225290003,1.3430812991199588,1.3442741284431248,0.8606218810378151,0.8559655984110953,1.376178019686742,1.3555901640567298,0.8546539543738245,0.8549079798249165
26,56,4.045,23.0,1.365,619.8827717,12.39765543,Arrington:1998ps,1.116340108,0.010276137,0.0089,4.0539,2.6799999999999997,2.6889,1.0,0.0,0.0,619.8827717,12.39765543,0.40142572795869574,0.039747573273779827,0.9602524267262201,0.04139283814079061,0.024782244008921595,1.3402177559910784,4.433234524286382,1.0044053355254008,1.72355017132695,1.7330787314655418,3.5963037314655417,1.8963922936632973,1.7182913412020502,1.7087627810634585,0.8533965603249163,0.0004270981380807188,1451382.5194500056,29027.650379634582,0.0004947957932255817,0.0004937095102487674,7459.505571405762,7426.788078045923,4624018.9891145965,92480.3797524539,11.875366520256314,0.2375073303284965,4603737.978647622,92074.7595432453,11.823281000438286,0.23646561993247206,"[1.770,2.067]",1.921,"[1.500,2.000]",1.75,0.002,0.0,670,1.341,0.12,-2.7135574774710003,36,1.6664425225289996,0.005,0.0,268,1.3425,0.1,-0.7758164774709999,24,1.6741835225290003,1.358677407611232,1.3592741284431247,0.8578899337364819,0.8545623240529321,1.376178019686742,1.3555901640567298,0.8546539543738245,0.8549079798249165
26,56,4.045,23.0,1.38,636.2618683,12.72523737,Arrington:1998ps,1.12217946,0.010215919,0.0089,4.0539,2.665,2.6739,1.0,0.0,0.0,636.2618683,12.72523737,0.40142572795869574,0.039747573273779827,0.9602524267262201,0.04139283814079061,0.024782244008921595,1.3552177559910783,4.433234524286382,1.0044053355254008,1.713903435293404,1.7234107702278674,3.627810770227867,1.9046812778593345,1.756086267235596,1.7465789323011325,0.8515962822541424,0.0004411772347143419,1442191.070244079,28843.821413948233,0.0004947957932255816,0.0004937095102487673,7659.993754373336,7626.396917103612,4873761.937323909,97475.23877711818,12.516754250889935,0.2503350850964881,4852385.550873704,97047.71104797968,12.461855595721689,0.249237111992778,"[1.770,2.067]",1.921,"[1.500,2.000]",1.75,0.002,0.0,677,1.355,0.12,-2.7135574774710003,37,1.7864425225289997,0.005,0.0,271,1.3575,0.1,-0.7758164774709999,25,1.7741835225290004,1.3723202754842418,1.3742741284431246,0.8553834792373787,0.8531481484170855,1.401958510455536,1.408879558508025,0.8495265455449178,0.8498447372396025
26,56,4.045,23.0,1.395,652.9118301,13.0582366,Arrington:1998ps,1.134915873,0.010215774,0.0089,4.0539,2.65,2.6589,1.0,0.0,0.0,652.9118301,13.0582366,0.40142572795869574,0.039747573273779827,0.9602524267262201,0.04139283814079061,0.024782244008921595,1.3702177559910784,4.433234524286382,1.0044053355254008,1.7042566992598573,1.7137428089901927,3.6597678089901926,1.9130519619158788,1.793881193269143,1.7843950835388076,0.8497677025160623,0.0004548331394501829,1435497.4901109033,28709.949797820853,0.0004947957932255818,0.0004937095102487676,7866.816279267126,7832.31231557728,5136337.413956772,102726.74826340182,13.191098372656464,0.26382196741272235,5113809.367878331,102276.187341902,13.133242034956188,0.262664840658894,"[1.770,2.067]",1.921,"[1.500,2.000]",1.75,0.002,0.0,685,1.371,0.12,-2.7135574774710003,37,1.7864425225289997,0.005,0.0,274,1.3725,0.1,-0.7758164774709999,25,1.7741835225290004,1.387907868553917,1.3892741284431247,0.8523768032917909,0.8517232024556092,1.401958510455536,1.408879558508025,0.8495265455449178,0.8498447372396025
26,56,4.045,23.0,1.41,669.4984742,13.38996948,Arrington:1998ps,1.130697125,0.010067237,0.0089,4.0539,2.635,2.6439,1.0,0.0,0.0,669.4984742,13.38996948,0.40142572795869574,0.039747573273779827,0.9602524267262201,0.04139283814079061,0.024782244008921595,1.3852177559910783,4.433234524286382,1.0044053355254008,1.6946099632263112,1.704074847752518,3.6921748477525176,1.9215032781009034,1.8316761193026887,1.8222112347764818,0.847910626123891,0.0004680728928794932,1430329.5157328506,28606.590306111335,0.0004947957932255817,0.0004937095102487674,8080.165881518107,8044.726163557665,5409658.728959271,108193.17454686474,13.893039865780525,0.2778607972326048,5385931.891858676,107718.63780499462,13.83210480310036,0.2766420959793656,"[1.770,2.067]",1.921,"[1.500,2.000]",1.75,0.002,0.0,692,1.385,0.12,-2.7135574774710003,37,1.7864425225289997,0.005,0.0,277,1.3875,0.1,-0.7758164774709999,25,1.7741835225290004,1.4015432915329598,1.4042741284431246,0.8496127716745472,0.8502876174215998,1.401958510455536,1.408879558508025,0.8495265455449178,0.8498447372396025
26,56,4.045,23.0,1.425,686.4297801,13.7285956,Arrington:1998ps,1.118832577,0.009833489,0.0089,4.0539,2.62,2.6289000000000002,1.0,0.0,0.0,686.4297801,13.7285956,0.40142572795869574,0.039747573273779827,0.9602524267262201,0.04139283814079061,0.024782244008921595,1.4002177559910784,4.433234524286382,1.0044053355254008,1.684963227192765,1.6944068865148438,3.725031886514844,1.9300341671884578,1.8694710453362353,1.8600273860141565,0.8460248585437407,0.0004809035939248944,1427375.026453231,28547.50052490578,0.0004947957932255816,0.0004937095102487673,8300.2411476674,8263.836176582608,5697532.705770305,113950.65409880562,14.632355382071127,0.2926471075987893,5672543.249474024,113450.86497295283,14.568177671434803,0.29136355338624986,"[1.770,2.067]",1.921,"[1.500,2.000]",1.75,0.002,0.0,700,1.401,0.12,-2.7135574774710003,38,1.9064425225289998,0.005,0.0,280,1.4025,0.1,-0.7758164774709999,26,1.8741835225290004,1.4171223831140125,1.4192741284431247,0.8462900911440017,0.848841524842973,1.4274580756992221,1.46216895295932,0.8439821537776624,0.8446493905872106
26,56,4.045,23.0,1.44,702.8700061,14.05740012,Arrington:1998ps,1.119694955,0.009859576,0.0089,4.0539,2.605,2.6139,1.0,0.0,0.0,702.8700061,14.05740012,0.40142572795869574,0.039747573273779827,0.9602524267262201,0.04139283814079061,0.024782244008921595,1.4152177559910784,4.433234524286382,1.0044053355254008,1.6753164911592184,1.6847389252771692,3.758338925277169,1.9386435787109422,1.9072659713697815,1.8978435372518307,0.8441102057388561,0.0004933323888257005,1424739.2265751506,28494.784527448955,0.0004947957932255817,0.0004937095102487674,8527.24669250393,8489.846071997774,5993545.934776441,119870.91867847435,15.392574057117168,0.3078514810985442,5967258.160413136,119345.16319128303,15.325062016984775,0.30650124029608844,"[1.770,2.067]",1.921,"[1.500,2.000]",1.75,0.002,0.0,707,1.415,0.12,-2.7135574774710003,38,1.9064425225289998,0.005,0.0,283,1.4175,0.1,-0.7758164774709999,26,1.8741835225290004,1.4307503733737974,1.4342741284431246,0.8432287570261131,0.8473850564964315,1.4274580756992221,1.46216895295932,0.8439821537776624,0.8446493905872106
26,56,4.045,23.0,1.455,718.7543,14.375086,Arrington:1998ps,1.099123859,0.009780811,0.0089,4.0539,2.59,2.5989,1.0,0.0,0.0,718.7543,14.375086,0.40142572795869574,0.039747573273779827,0.9602524267262201,0.04139283814079061,0.024782244008921595,1.4302177559910785,4.433234524286382,1.0044053355254008,1.665669755125672,1.6750709640394945,3.792095964039495,1.9473304711937045,1.9450608974033283,1.9356596884895059,0.8421664742146393,0.0005053664606077204,1422243.7696709698,28444.8753934194,0.0004947957932255816,0.0004937095102487673,8761.393342116686,8722.965751206044,6297289.138637738,125945.78277275477,16.17264478831036,0.3234528957662072,6269669.142432074,125393.38284864149,16.101711347292387,0.32203422694584777,"[1.770,2.067]",1.921,"[1.500,2.000]",1.75,0.002,0.0,715,1.431,0.12,-2.7135574774710003,38,1.9064425225289998,0.005,0.0,286,1.4325,0.1,-0.7758164774709999,27,1.974183522529,1.446320977361225,1.4492741284431248,0.839540006077554,0.845918344381624,1.4274580756992221,1.5154583474106151,0.8439821537776624,0.8393278621384923
26,56,4.045,23.0,1.47,733.8162411,14.67632482,Arrington:1998ps,1.122896924,0.009879858,0.0089,4.0539,2.575,2.5839000000000003,1.0,0.0,0.0,733.8162411,14.67632482,0.40142572795869574,0.039747573273779827,0.9602524267262201,0.04139283814079061,0.024782244008921595,1.4452177559910784,4.433234524286382,1.0044053355254008,1.6560230190921257,1.6654030028018203,3.8263030028018203,1.956093812372459,1.9828558234368743,1.9734758397271797,0.8401934710644674,0.0005170130190344321,1419338.032281019,28386.76064175201,0.0004947957932255818,0.0004937095102487676,9002.898323092746,8963.411488035717,6606473.006457412,132129.46011114246,16.9666881867377,0.3393337636885117,6577496.925582928,131549.93849373172,16.89227206052474,0.3378454411644552,"[1.770,2.067]",1.921,"[1.500,2.000]",1.75,0.002,0.0,722,1.445,0.12,-2.7135574774710003,39,2.026442522529,0.005,0.0,289,1.4475,0.1,-0.7758164774709999,27,1.974183522529,1.4599415470433286,1.4642741284431247,0.8361329555390344,0.8444415206955125,1.4526857036435823,1.5154583474106151,0.8379697083503639,0.8393278621384923
26,56,4.045,23.0,1.485,747.651478,14.95302956,Arrington:1998ps,1.119505578,0.010071538,0.0089,4.0539,2.5599999999999996,2.5688999999999997,1.0,0.0,0.0,747.651478,14.95302956,0.40142572795869574,0.039747573273779827,0.9602524267262201,0.04139283814079061,0.024782244008921595,1.4602177559910785,4.433234524286382,1.0044053355254008,1.646376283058579,1.655735041564145,3.8609600415641454,1.9649325793940478,2.0206507494704216,2.0112919909648554,0.8381910040163018,0.0005282792910350486,1415257.9718488287,28305.159436976573,0.0004947957932255817,0.0004937095102487674,9251.985458103203,9211.406123468592,6917260.602185367,138345.21204370732,17.764850265636387,0.3552970053127277,6886921.402669543,137738.42805339087,17.68693338963961,0.3537386677927922,"[1.770,2.067]",1.921,"[1.500,2.000]",1.75,0.002,0.0,730,1.461,0.12,-2.7135574774710003,39,2.026442522529,0.005,0.0,292,1.4625000000000001,0.1,-0.7758164774709999,27,1.974183522529,1.47550367729432,1.4792741284431248,0.832016811759232,0.8429547178069478,1.4526857036435823,1.5154583474106151,0.8379697083503639,0.8393278621384923
26,56,4.045,23.0,1.5,759.8759703,15.19751941,Arrington:1998ps,1.11070758,0.010001632,0.0089,4.0539,2.545,2.5539,1.0,0.0,0.0,759.8759703,15.19751941,0.40142572795869574,0.039747573273779827,0.9602524267262201,0.04139283814079061,0.024782244008921595,1.4752177559910784,4.433234524286382,1.0044053355254008,1.6367295470250331,1.6460670803264708,3.8960670803264708,1.97384575900106,2.058445675503967,2.0491081422025292,0.8361588814800918,0.000539172511603765,1409337.3715209516,28186.74743783781,0.0004947957932255815,0.0004937095102487672,9508.885368130082,9467.179266979918,7225573.495579319,144511.4699496219,18.556656834898543,0.3711331367956534,7193882.0315004075,143877.64066787687,18.475267084470058,0.36950534178665534,"[1.770,2.067]",1.921,"[1.500,2.000]",1.75,0.002,0.0,737,1.475,0.12,-2.7135574774710003,39,2.026442522529,0.005,0.0,295,1.4775,0.1,-0.7758164774709999,28,2.074183522529,1.489116838507293,1.4942741284431247,0.8282044339125655,0.8414580682314633,1.4526857036435823,1.5687477418619102,0.8379697083503639,0.8338860981601582
26,56,4.045,23.0,1.515,769.9738558,15.39947712,Arrington:1998ps,1.111726059,0.010221126,0.0089,4.0539,2.5300000000000002,2.5389000000000004,1.0,0.0,0.0,769.9738558,15.39947712,0.40142572795869574,0.039747573273779827,0.9602524267262201,0.04139283814079061,0.024782244008921595,1.4902177559910783,4.433234524286382,1.0044053355254008,1.6270828109914868,1.6363991190887965,3.9316241190887964,1.9828323477008327,2.096240601537513,2.0869242934402035,0.8340969125959722,0.0005496999151633806,1400716.708444734,28014.33417617138,0.0004947957932255817,0.0004937095102487674,9773.835681599445,9730.96750475423,7525597.945716746,150511.95895343026,19.32717709418116,0.3865435419840275,7492590.570300119,149851.81144492625,19.242407831367384,0.3848481567273116,"[1.770,2.067]",1.921,"[1.500,2.000]",1.75,0.002,0.0,745,1.491,0.12,-2.7135574774710003,40,2.146442522528999,0.005,0.0,298,1.4925,0.1,-0.7758164774709999,28,2.074183522529,1.504670508841393,1.5092741284431246,0.8235849715005972,0.8399517046062941,1.477649913200874,1.5687477418619102,0.8314293204889934,0.8338860981601582
26,56,4.045,23.0,1.53,777.4380136,15.54876027,Arrington:1998ps,1.139640697,0.010714681,0.0089,4.0539,2.5149999999999997,2.5239,1.0,0.0,0.0,777.4380136,15.54876027,0.40142572795869574,0.039747573273779827,0.9602524267262201,0.04139283814079061,0.024782244008921595,1.5052177559910784,4.433234524286382,1.0044053355254008,1.6174360749579402,1.6267311578511217,3.9676311578511214,1.9918913519193564,2.1340355275710596,2.1247404446778786,0.8320049072832548,0.0005598687273854514,1388607.678143736,27772.153559302456,0.0004947957932255816,0.0004937095102487673,10047.081250698098,10003.0146150533,7810982.8900205325,156219.6577803165,20.060100298205313,0.40120200591250066,7776723.812338806,155534.47622677012,19.972116424204323,0.3994423284327072,"[1.770,2.067]",1.921,"[1.500,2.000]",1.75,0.002,0.0,752,1.5050000000000001,0.12,-2.7135574774710003,40,2.146442522528999,0.005,0.0,301,1.5075,0.1,-0.7758164774709999,29,2.1741835225290003,1.518276273660895,1.5242741284431247,0.8192930277722275,0.8384357596656263,1.477649913200874,1.6220371363132053,0.8314293204889934,0.8283300549353206
26,56,4.045,30.0,2.16,279.4526309,5.589052617,Arrington:1998ps,1.191615191,0.008588218,0.0089,4.0539,1.8849999999999998,1.8938999999999997,1.0,0.0,0.0,279.4526309,5.589052617,0.5235987755982988,0.06698729810778066,0.9330127018922194,0.07179676972449082,0.041591331033393075,2.118408668966607,4.433234524286382,1.0044053355254008,2.043065701178634,2.0572284799631038,6.722828479963104,2.592841776885567,2.890629881350367,2.8764671025658974,0.6806193022995931,0.0002802995907254955,996978.3765174135,19939.567526780662,0.0001692639441119387,0.00016889233921231212,43130.830684696615,42941.65827199139,12053024.107740916,241060.4821116875,30.95447473158321,0.619089494520896,12000159.379316742,240003.1875433932,30.818707982461124,0.6163741595389401,"[2.357,2.642]",2.5,"[2.000,2.500]",2.25,0.002,0.0,1059,2.119,0.24,-5.273316477470999,33,2.766683522529,0.005,0.0,423,2.1175,0.1,-1.275816477471,41,2.8741835225290004,2.1352075346543415,2.139066736569732,0.6532693899920343,0.696570058781958,2.0645062996703905,2.2615098697287466,0.6889516141025358,0.6802753743144918
26,56,4.045,30.0,2.145,272.668555,5.4533711,Arrington:1998ps,1.195590742,0.0083618,0.0089,4.0539,1.9,1.9088999999999998,1.0,0.0,0.0,272.668555,5.4533711,0.5235987755982988,0.06698729810778066,0.9330127018922194,0.07179676972449082,0.041591331033393075,2.103408668966607,4.433234524286382,1.0044053355254008,2.0593235184293928,2.073522068431052,6.6745470684310515,2.583514480011879,2.846223874099607,2.832025324097948,0.6838919625745361,0.00027689627616083286,984731.7514722473,19694.635029444944,0.0001692639441119387,0.00016889233921231212,42049.257417361456,41864.82879978494,11465510.258814981,229310.2051762996,29.445626626039875,0.5889125325207974,11415222.374159746,228304.44748319488,29.316477705324985,0.5863295541064997,"[2.357,2.642]",2.5,"[2.000,2.500]",2.25,0.002,0.0,1051,2.103,0.24,-5.273316477470999,33,2.766683522529,0.005,0.0,420,2.1025,0.1,-1.275816477471,41,2.8741835225290004,2.1198345302982844,2.124066736569732,0.6618159816382938,0.698555872573222,2.0645062996703905,2.2615098697287466,0.6889516141025358,0.6802753743144918
26,56,4.045,30.0,2.13,265.8499392,5.316998785,Arrington:1998ps,1.196163523,0.008275345,0.0089,4.0539,1.915,1.9239,1.0,0.0,0.0,265.8499392,5.316998785,0.5235987755982988,0.06698729810778066,0.9330127018922194,0.07179676972449082,0.041591331033393075,2.088408668966607,4.433234524286382,1.0044053355254008,2.0755813356801514,2.0898156568990003,6.626715656899,2.5742407923306243,2.801817866848849,2.78758354563,0.6871298782040901,0.00027339139165225094,972415.1795465326,19448.30359458841,0.00016926394411193867,0.0001688923392123121,40998.13515041279,40818.31676946122,10899351.737050623,217987.0347820106,27.991623091377562,0.5598324619328423,10851547.031407606,217030.94066897043,27.86885145003262,0.5573770291054816,"[2.357,2.642]",2.5,"[2.000,2.500]",2.25,0.002,0.0,1044,2.089,0.24,-5.273316477470999,33,2.766683522529,0.005,0.0,417,2.0875,0.1,-1.275816477471,40,2.774183522529,2.1063795792794977,2.1090667365697318,0.6689104083586825,0.7005389471053052,2.0645062996703905,2.208220475277451,0.6889516141025358,0.6873835536776293
26,56,4.045,30.0,2.115,259.0128323,5.180256647,Arrington:1998ps,1.204573523,0.008184923,0.0089,4.0539,1.9299999999999997,1.9388999999999996,1.0,0.0,0.0,259.0128323,5.180256647,0.5235987755982988,0.06698729810778066,0.9330127018922194,0.07179676972449082,0.041591331033393075,2.073408668966607,4.433234524286382,1.0044053355254008,2.0918391529309095,2.1061092453669477,6.579334245366949,2.565021295304768,2.757411859598091,2.743141767162053,0.6903331654711535,0.0002697830321670556,960078.2903930503,19201.56581156769,0.00016926394411193865,0.00016889233921231207,39976.55854007299,39801.22080809278,10354441.653071059,207088.83310139773,26.592189615201455,0.5318437924066965,10309026.930501807,206180.53864983734,26.475555908204313,0.5295111182663034,"[2.357,2.642]",2.5,"[2.000,2.500]",2.25,0.002,0.0,1036,2.073,0.24,-5.273316477470999,33,2.766683522529,0.005,0.0,414,2.0725000000000002,0.1,-1.275816477471,40,2.774183522529,2.0909984065517193,2.094066736569732,0.6766127197732107,0.7025191389552563,2.0645062996703905,2.208220475277451,0.6889516141025358,0.6873835536776293
26,56,4.045,30.0,2.1,252.1872272,5.043744544,Arrington:1998ps,1.201488289,0.008168534,0.0089,4.0539,1.9449999999999998,1.9538999999999997,1.0,0.0,0.0,252.1872272,5.043744544,0.5235987755982988,0.06698729810778066,0.9330127018922194,0.07179676972449082,0.041591331033393075,2.058408668966607,4.433234524286382,1.0044053355254008,2.108096970181668,2.122402833834896,6.532402833834896,2.555856575364685,2.713005852347332,2.6986999886941043,0.6935019436080525,0.00026606927990777785,947825.4208355452,18956.5084167109,0.00016926394411193865,0.00016889233921231207,38983.651920144126,38812.6690901656,9831179.083871102,196623.58167742204,25.248351103679617,0.5049670220735923,9788059.398080008,195761.18796160017,25.13761149075567,0.5027522298151135,"[2.357,2.642]",2.5,"[2.000,2.500]",2.25,0.002,0.0,1029,2.059,0.24,-5.273316477470999,33,2.766683522529,0.005,0.0,411,2.0575,0.1,-1.275816477471,39,2.6741835225290003,2.077536302508939,2.079066736569732,0.6830223506684778,0.7044963034180585,2.0645062996703905,2.1549310808261564,0.6889516141025358,0.6944669935687825
26,56,4.045,30.0,2.085,245.3444647,4.906889295,Arrington:1998ps,1.210542901,0.008233322,0.0089,4.0539,1.96,1.9688999999999999,1.0,0.0,0.0,245.3444647,4.906889295,0.5235987755982988,0.06698729810778066,0.9330127018922194,0.07179676972449082,0.041591331033393075,2.043408668966607,4.433234524286382,1.0044053355254008,2.1243547874324262,2.1386964223028437,6.485921422302844,2.5467472238726097,2.6685998450965736,2.654258210226156,0.6966363347258592,0.00026224820517651296,935542.9698169508,18710.8594001522,0.00016926394411193867,0.0001688923392123121,38018.56818351188,37851.81822398873,9327645.259644173,186552.90523090205,23.95517978839787,0.4791035958655964,9286734.08008622,185734.6816395762,23.850112042532118,0.47700224094785304,"[2.357,2.642]",2.5,"[2.000,2.500]",2.25,0.002,0.0,1021,2.043,0.24,-5.273316477470999,33,2.766683522529,0.005,0.0,408,2.0425,0.1,-1.275816477471,39,2.6741835225290003,2.0621469483749095,2.064066736569732,0.6899977028579548,0.7064702945177661,2.0645062996703905,2.1549310808261564,0.6889516141025358,0.6944669935687825
26,56,4.045,30.0,2.07,238.5003904,4.770007808,Arrington:1998ps,1.174002271,0.008134159,0.0089,4.0539,1.975,1.9839,1.0,0.0,0.0,238.5003904,4.770007808,0.5235987755982988,0.06698729810778066,0.9330127018922194,0.07179676972449082,0.041591331033393075,2.0284086689666068,4.433234524286382,1.0044053355254008,2.140612604683185,2.154990010770792,6.4398900107707915,2.5376938370833453,2.6241938378458154,2.609816431758208,0.6997364637441167,0.0002583178672897051,923282.5932730403,18465.651865460804,0.00016926394411193867,0.0001688923392123121,37080.48771358366,36917.85218781916,8843710.795912106,176874.21591824212,22.712343385231975,0.4542468677046395,8804922.159524363,176098.44319048728,22.61272673681211,0.4522545347362423,"[2.357,2.642]",2.5,"[2.000,2.500]",2.25,0.002,0.0,1014,2.029,0.24,-5.273316477470999,32,2.5266835225290007,0.005,0.0,405,2.0275,0.1,-1.275816477471,38,2.574183522529,2.04867767988776,2.0490667365697317,0.6958155191935256,0.7084409650192196,2.0242737966816997,2.1016416863748613,0.705729256251441,0.7015195179797961
26,56,4.045,30.0,2.055,231.6638725,4.63327745,Arrington:1998ps,1.187064677,0.008331036,0.0089,4.0539,1.9899999999999998,1.9988999999999997,1.0,0.0,0.0,231.6638725,4.63327745,0.5235987755982988,0.06698729810778066,0.9330127018922194,0.07179676972449082,0.041591331033393075,2.013408668966607,4.433234524286382,1.0044053355254008,2.156870421933943,2.1712835992387394,6.39430859923874,2.5286970161011264,2.5797878305950577,2.5653746532902613,0.70280245832099,0.00025427631554462174,911071.3752628148,18221.427505256295,0.00016926394411193865,0.00016889233921231207,36168.61736305103,36009.981313103395,8378961.96129514,167579.2392259028,21.51877935274619,0.4303755870549238,8342211.719646167,166844.23439292333,21.424397692481186,0.4284879538496237,"[2.357,2.642]",2.5,"[2.000,2.500]",2.25,0.002,0.0,1006,2.013,0.24,-5.273316477470999,32,2.5266835225290007,0.005,0.0,402,2.0125,0.1,-1.275816477471,38,2.574183522529,2.0332801312782465,2.034066736569732,0.7021604172039648,0.7104081664403448,2.0242737966816997,2.1016416863748613,0.705729256251441,0.7015195179797961
26,56,4.045,30.0,2.04,224.8272605,4.49654521,Arrington:1998ps,1.183130548,0.007205532,0.0089,4.0539,2.005,2.0139,1.0,0.0,0.0,224.8272605,4.49654521,0.5235987755982988,0.06698729810778066,0.9330127018922194,0.07179676972449082,0.041591331033393075,1.998408668966607,4.433234524286382,1.0044053355254008,2.1731282391847015,2.1875771877066876,6.349177187706688,2.519757366832507,2.5353818233442986,2.5209328748223125,0.7058344487838657,0.00025012159023872537,898871.8658210052,17977.437316420102,0.00016926394411193867,0.0001688923392123121,35282.18947752143,35127.44131239152,7932398.004673069,158647.96009346138,20.37191757036446,0.40743835140728923,7897606.39863951,157952.12797279021,20.28256606154724,0.40565132123094483,"[2.357,2.642]",2.5,"[2.000,2.500]",2.25,0.002,0.0,999,1.999,0.24,-5.273316477470999,32,2.5266835225290007,0.005,0.0,399,1.9975,0.1,-1.275816477471,37,2.474183522529,2.0198036868959335,2.019066736569732,0.7074632608407366,0.7123717490650424,2.0242737966816997,2.0483522919235657,0.705729256251441,0.7085347419823921
26,56,4.045,30.0,2.025,218.0191236,4.360382472,Arrington:1998ps,1.187969182,0.007338806,0.0089,4.0539,2.02,2.0289,1.0,0.0,0.0,218.0191236,4.360382472,0.5235987755982988,0.06698729810778066,0.9330127018922194,0.07179676972449082,0.041591331033393075,1.9834086689666068,4.433234524286382,1.0044053355254008,2.1893860564354597,2.203870776174636,6.304495776174636,2.5108754999351595,2.49097581609354,2.476491096354364,0.7088325680604214,0.00024585172374312224,886791.112466622,17735.822249332443,0.0001692639441119387,0.00016889233921231212,34420.46096170969,34269.49234962444,7504318.732779959,150086.37465559918,19.27252799920949,0.3854505599841898,7471404.688282025,149428.09376564051,19.187998428072966,0.3837599685614594,"[2.357,2.642]",2.5,"[2.000,2.500]",2.25,0.002,0.0,991,1.983,0.24,-5.273316477470999,32,2.5266835225290007,0.005,0.0,396,1.9825000000000002,0.1,-1.275816477471,37,2.474183522529,2.0043979307068795,2.0040667365697318,0.7132578125648181,0.7143315619566738,2.0242737966816997,2.0483522919235657,0.705729256251441,0.7085347419823921
26,56,4.045,30.0,2.01,211.2230551,4.224461102,Arrington:1998ps,1.155176928,0.007290871,0.0089,4.0539,2.035,2.0439000000000003,1.0,0.0,0.0,211.2230551,4.224461102,0.5235987755982988,0.06698729810778066,0.9330127018922194,0.07179676972449082,0.041591331033393075,1.9684086689666067,4.433234524286382,1.0044053355254008,2.2056438736862187,2.2201643646425837,6.260264364642582,2.5020520307624663,2.4465698088427814,2.4320493178864164,0.7117969516101836,0.00024146474163121864,874757.3400285257,17495.146800570514,0.00016926394411193862,0.00016889233921231204,33582.71238601538,33435.41815062978,7093443.10871878,141868.8621743756,18.217320691140056,0.36434641382280114,7062331.170322015,141246.6234064403,18.13741927367465,0.36274838547349303,"[2.357,2.642]",2.5,"[2.000,2.500]",2.25,0.002,0.0,984,1.969,0.24,-5.273316477470999,32,2.5266835225290007,0.005,0.0,393,1.9675,0.1,-1.275816477471,37,2.474183522529,1.9909142989480557,1.9890667365697319,0.7181097406283157,0.7162874529721495,2.0242737966816997,2.0483522919235657,0.705729256251441,0.7085347419823921
26,56,4.045,30.0,1.995,204.4662072,4.089324144,Arrington:1998ps,1.164006528,0.007336176,0.0089,4.0539,2.05,2.0589,1.0,0.0,0.0,204.4662072,4.089324144,0.5235987755982988,0.06698729810778066,0.9330127018922194,0.07179676972449082,0.041591331033393075,1.953408668966607,4.433234524286382,1.0044053355254008,2.2219016909369764,2.2364579531105315,6.216482953110532,2.493287579303786,2.402163801592024,2.387607539418469,0.7147277373565937,0.00023695866386367717,862877.1105733018,17257.542211466032,0.0001692639441119387,0.00016889233921231212,32768.24713143944,32624.525151788934,6699999.207557703,133999.98415115406,17.20688138662026,0.3441376277324052,6670612.919487288,133412.25838974575,17.13141176975071,0.34262823539501414,"[2.357,2.642]",2.5,"[2.000,2.500]",2.25,0.002,0.0,976,1.953,0.24,-5.273316477470999,31,2.2866835225290005,0.005,0.0,390,1.9525000000000001,0.1,-1.275816477471,36,2.3741835225290004,1.975500322040432,1.974066736569732,0.7234209958874595,0.7182392687766248,1.9834873465255325,1.995062897472271,0.7206992627717966,0.7155060774673986
26,56,4.045,30.0,1.98,197.7320794,3.954641588,Arrington:1998ps,1.163190114,0.007434302,0.0089,4.0539,2.065,2.0739,1.0,0.0,0.0,197.7320794,3.954641588,0.5235987755982988,0.06698729810778066,0.9330127018922194,0.07179676972449082,0.041591331033393075,1.938408668966607,4.433234524286382,1.0044053355254008,2.238159508187735,2.2527515415784793,6.173151541578479,2.4845827701202627,2.357757794341265,2.3431657609505208,0.7176250656195988,0.0002323315060307135,851077.3367683522,17021.546735367043,0.00016926394411193867,0.0001688923392123121,31976.39057091103,31836.141684954608,6322758.199292791,126455.16398585582,16.23805421481086,0.32476108429621714,6295026.4954390945,125900.52990878189,16.166833887154525,0.32333667774309044,"[2.357,2.642]",2.5,"[2.000,2.500]",2.25,0.002,0.0,969,1.939,0.24,-5.273316477470999,31,2.2866835225290005,0.005,0.0,387,1.9375,0.1,-1.275816477471,36,2.3741835225290004,1.9620094913931183,1.9590667365697318,0.727875832131032,0.7201868548588104,1.9834873465255325,1.995062897472271,0.7206992627717966,0.7155060774673986
26,56,4.045,30.0,1.965,191.0715437,3.821430875,Arrington:1998ps,1.177569384,0.007641117,0.0089,4.0539,2.08,2.0889,1.0,0.0,0.0,191.0715437,3.821430875,0.5235987755982988,0.06698729810778066,0.9330127018922194,0.07179676972449082,0.041591331033393075,1.923408668966607,4.433234524286382,1.0044053355254008,2.2544173254384936,2.269045130046427,6.130270130046427,2.4759382322760857,2.313351787090506,2.2987239824825725,0.7204890790487891,0.00022758128065271163,839574.9560420773,16791.49912523558,0.00016926394411193865,0.00016889233921231207,31206.489285207816,31069.617196810104,5962672.081182167,119253.44165484983,15.313284087031006,0.30626568182076436,5936519.719962574,118730.39443032107,15.246119813790797,0.30492239635560864,"[2.357,2.642]",2.5,"[2.000,2.500]",2.25,0.002,0.0,961,1.923,0.24,-5.273316477470999,31,2.2866835225290005,0.005,0.0,384,1.9225,0.1,-1.275816477471,35,2.2741835225290004,1.9465872805928086,1.944066736569732,0.7327603377587406,0.7221300555468995,1.9834873465255325,1.941773503020976,0.7206992627717966,0.7224267400376482
26,56,4.045,30.0,1.95,184.4730576,3.689461151,Arrington:1998ps,1.176323539,0.007806018,0.0089,4.0539,2.0949999999999998,2.1039,1.0,0.0,0.0,184.4730576,3.689461151,0.5235987755982988,0.06698729810778066,0.9330127018922194,0.07179676972449082,0.041591331033393075,1.9084086689666069,4.433234524286382,1.0044053355254008,2.2706751426892513,2.2853387185143754,6.087838718514375,2.467354599265046,2.2689457798397488,2.2542822040146246,0.72331992255709,0.00022270599854007418,828325.5000282605,16566.509996074987,0.0001692639441119387,0.00016889233921231212,30457.91031175501,30324.321500963142,5618663.843316017,112373.27683586242,14.429805035525145,0.28859610063228114,5594020.306928093,111880.40610823753,14.366515713476339,0.2873303141916481,"[2.357,2.642]",2.5,"[2.000,2.500]",2.25,0.002,0.0,954,1.909,0.24,-5.273316477470999,31,2.2866835225290005,0.005,0.0,381,1.9075,0.1,-1.275816477471,35,2.2741835225290004,1.9330892395142527,1.9290667365697318,0.7368636364045658,0.7240687140251205,1.9834873465255325,1.941773503020976,0.7206992627717966,0.7224267400376482
26,56,4.045,30.0,1.935,177.9508893,3.559017787,Arrington:1998ps,1.157622762,0.007867339,0.0089,4.0539,2.11,2.1189,1.0,0.0,0.0,177.9508893,3.559017787,0.5235987755982988,0.06698729810778066,0.9330127018922194,0.07179676972449082,0.041591331033393075,1.893408668966607,4.433234524286382,1.0044053355254008,2.28693295994001,2.3016323069823232,6.045857306982324,2.458832508932303,2.2245397725889906,2.2098404255466773,0.7261177432550361,0.00021770367021315881,817399.5832305632,16347.991669204665,0.00016926394411193867,0.0001688923392123121,29730.040424687035,29599.644061165167,5290487.132498007,105809.7426796902,13.586984378094787,0.2717396876382482,5267282.983647805,105345.65970255576,13.52739167896543,0.2705478336553262,"[2.357,2.642]",2.5,"[2.000,2.500]",2.25,0.002,0.0,946,1.893,0.24,-5.273316477470999,31,2.2866835225290005,0.005,0.0,378,1.8925,0.1,-1.275816477471,34,2.1741835225290003,1.9176587816119124,1.914066736569732,0.7413694139828224,0.726002672350916,1.9834873465255325,1.8884841085696809,0.7206992627717966,0.7292897570994026
26,56,4.045,30.0,1.92,171.5261739,3.430523478,Arrington:1998ps,1.160172791,0.008045419,0.0089,4.0539,2.125,2.1339,1.0,0.0,0.0,171.5261739,3.430523478,0.5235987755982988,0.06698729810778066,0.9330127018922194,0.07179676972449082,0.041591331033393075,1.8784086689666069,4.433234524286382,1.0044053355254008,2.3031907771907685,2.317925895450271,6.004325895450271,2.450372603391221,2.1801337653382316,2.165398647078729,0.7288826903856325,0.00021257230738306243,806907.4284022523,16138.148568045044,0.00016926394411193867,0.0001688923392123121,29022.2854446458,28894.993304136868,4978081.580153755,99561.63160307509,12.78466707667698,0.25569334153353956,4956247.6463247165,99124.95292649433,12.728593352194178,0.25457186704388357,"[2.357,2.642]",2.5,"[2.000,2.500]",2.25,0.002,0.0,939,1.879,0.24,-5.273316477470999,30,2.0466835225290003,0.005,0.0,375,1.8775,0.1,-1.275816477471,34,2.1741835225290003,1.9041535185284886,1.8990667365697318,0.7451599880337767,0.7279317714727565,1.9421234176010564,1.8884841085696809,0.7341345832992024,0.7292897570994026
26,56,4.045,30.0,1.905,165.2040429,3.304080858,Arrington:1998ps,1.162199161,0.008111182,0.0089,4.0539,2.1399999999999997,2.1489,1.0,0.0,0.0,165.2040429,3.304080858,0.5235987755982988,0.06698729810778066,0.9330127018922194,0.07179676972449082,0.041591331033393075,1.863408668966607,4.433234524286382,1.0044053355254008,2.3194485944415266,2.334219483918219,5.963244483918219,2.4419755289351732,2.135727758087473,2.1209568686107807,0.7316149152598228,0.00020730992449394497,796894.0382534615,15937.880765069229,0.00016926394411193867,0.0001688923392123121,28334.069576875223,28209.795960565836,4680902.845909679,93618.05691819359,12.021455160920986,0.24042910321841973,4660372.342069564,93207.4468413913,11.968728894328907,0.23937457788657818,"[2.357,2.642]",2.5,"[2.000,2.500]",2.25,0.002,0.0,931,1.863,0.24,-5.273316477470999,30,2.0466835225290003,0.005,0.0,372,1.8625,0.1,-1.275816477471,33,2.074183522529,1.8887148002794163,1.884066736569732,0.749328080945649,0.729855851248588,1.9421234176010564,1.8351947141183855,0.7341345832992024,0.7360879771918919
26,56,4.045,30.0,1.89,159.0119013,3.180238026,Arrington:1998ps,1.157146091,0.006603279,0.0089,4.0539,2.1550000000000002,2.1639000000000004,1.0,0.0,0.0,159.0119013,3.180238026,0.5235987755982988,0.06698729810778066,0.9330127018922194,0.07179676972449082,0.041591331033393075,1.8484086689666068,4.433234524286382,1.0044053355254008,2.3357064116922857,2.350513072386167,5.9226130723861665,2.4336419359441863,2.0913217508367143,2.076515090142833,0.7343145711925773,0.00020191454032747973,787520.8048023827,15750.416096047655,0.00016926394411193865,0.00016889233921231207,27664.834776251053,27543.496432921354,4399037.97692204,87980.7595384408,11.29757218459844,0.22595144369196882,4379743.736248593,87594.87472497186,11.248020878631356,0.22496041757262714,"[2.357,2.642]",2.5,"[2.000,2.500]",2.25,0.002,0.0,924,1.849,0.24,-5.273316477470999,30,2.0466835225290003,0.005,0.0,369,1.8475000000000001,0.1,-1.275816477471,33,2.074183522529,1.875202303586498,1.869066736569732,0.75283920362808,0.7317747504649241,1.9421234176010564,1.8351947141183855,0.7341345832992024,0.7360879771918919
26,56,4.045,30.0,1.875,152.9462515,3.05892503,Arrington:1998ps,1.137654557,0.006499015,0.0089,4.0539,2.17,2.1789,1.0,0.0,0.0,152.9462515,3.05892503,0.5235987755982988,0.06698729810778066,0.9330127018922194,0.07179676972449082,0.041591331033393075,1.833408668966607,4.433234524286382,1.0044053355254008,2.3519642289430434,2.366806660854115,5.882431660854115,2.4253724787863233,2.046915743585957,2.0320733116748855,0.7369818134396123,0.0001963841796699252,778811.469218478,15576.22938436956,0.0001692639441119387,0.00016889233921231212,27014.04013796096,26895.556188806997,4131696.1769716716,82633.92353943344,10.610987231537171,0.21221974463074342,4113574.501085656,82271.49002171314,10.56444729655543,0.21128894593110864,"[2.357,2.642]",2.5,"[2.000,2.500]",2.25,0.002,0.0,916,1.833,0.24,-5.273316477470999,30,2.0466835225290003,0.005,0.0,366,1.8325,0.1,-1.275816477471,33,2.074183522529,1.859755311710508,1.8540667365697319,0.7567048990044912,0.7336883068565786,1.9421234176010564,1.8351947141183855,0.7341345832992024,0.7360879771918919
26,56,4.045,30.0,1.86,147.0418631,2.940837263,Arrington:1998ps,1.162934122,0.006732776,0.0089,4.0539,2.1849999999999996,2.1938999999999997,1.0,0.0,0.0,147.0418631,2.940837263,0.5235987755982988,0.06698729810778066,0.9330127018922194,0.07179676972449082,0.041591331033393075,1.818408668966607,4.433234524286382,1.0044053355254008,2.3682220461938015,2.3831002493220623,5.842700249322062,2.417167815713684,2.0025097363351994,1.9876315332069385,0.7396167991347559,0.00019071687504220475,770995.5559384052,15419.911124011478,0.0001692639441119387,0.00016889233921231212,26381.161312618675,26265.453178640062,3879135.1101490916,77582.702229363,9.962362032478596,0.1992472407173238,3862121.170553052,77242.42343732649,9.918666976482479,0.1983733395971043,"[2.357,2.642]",2.5,"[2.000,2.500]",2.25,0.002,0.0,909,1.819,0.24,-5.273316477470999,30,2.0466835225290003,0.005,0.0,363,1.8175000000000001,0.1,-1.275816477471,32,1.974183522529,1.8462355697723538,1.839066736569732,0.7599652570879972,0.7355963571270467,1.9421234176010564,1.7819053196670904,0.7341345832992024,0.7428140805884127
26,56,4.045,30.0,1.845,141.2793235,2.825586469,Arrington:1998ps,1.125430078,0.00675258,0.0089,4.0539,2.2,2.2089000000000003,1.0,0.0,0.0,141.2793235,2.825586469,0.5235987755982988,0.06698729810778066,0.9330127018922194,0.07179676972449082,0.041591331033393075,1.803408668966607,4.433234524286382,1.0044053355254008,2.3844798634445605,2.3993938377900106,5.80341883779001,2.4090286087529162,1.958103729084439,1.943189754738989,0.7422196872279693,0.00018491066849326418,764040.9536735109,15280.819068062203,0.00016926394411193867,0.0001688923392123121,25765.689944663805,25652.68127651459,3640159.244892855,72803.18487209141,9.348626233362296,0.1869725246010747,3624193.456707098,72483.86910848928,9.307623030966937,0.18615246055345774,"[2.357,2.642]",2.5,"[2.000,2.500]",2.25,0.002,0.0,901,1.803,0.24,-5.273316477470999,30,2.0466835225290003,0.005,0.0,360,1.8025,0.1,-1.275816477471,32,1.974183522529,1.8307802909536406,1.8240667365697318,0.7635590596505138,0.7374987369695393,1.9421234176010564,1.7819053196670904,0.7341345832992024,0.7428140805884127
26,56,4.045,30.0,1.83,135.6772332,2.713544665,Arrington:1998ps,1.135046731,0.006935578,0.0089,4.0539,2.215,2.2239,1.0,0.0,0.0,135.6772332,2.713544665,0.5235987755982988,0.06698729810778066,0.9330127018922194,0.07179676972449082,0.041591331033393075,1.788408668966607,4.433234524286382,1.0044053355254008,2.4007376806953187,2.415687426257959,5.764587426257959,2.400955523590131,1.9136977218336813,1.898747976271041,0.7447906384240348,0.0001789636134568553,758127.4795432602,15162.549596452933,0.00016926394411193865,0.00016889233921231207,25167.133132959385,25056.749743164743,3414606.9910559766,68292.13984628668,8.769364839737332,0.17538729685938068,3399630.478137403,67992.6095878048,8.730902285729206,0.17461804577893464,"[2.357,2.642]",2.5,"[2.000,2.500]",2.25,0.002,0.0,894,1.7890000000000001,0.24,-5.273316477470999,29,1.806683522529001,0.005,0.0,357,1.7875,0.1,-1.275816477471,31,1.8741835225290004,1.8172532921032882,1.809066736569732,0.766593516432758,0.7393952810886647,1.9001567635363465,1.7286159252157955,0.7462555393530917,0.7494605911954025
26,56,4.045,30.0,1.815,130.2481512,2.604963023,Arrington:1998ps,1.120937216,0.007055762,0.0089,4.0539,2.23,2.2389,1.0,0.0,0.0,130.2481512,2.604963023,0.5235987755982988,0.06698729810778066,0.9330127018922194,0.07179676972449082,0.041591331033393075,1.7734086689666069,4.433234524286382,1.0044053355254008,2.4169954979460773,2.4319810147259067,5.726206014725907,2.3929492294501165,1.869291714582923,1.8543061978030937,0.7473298151219242,0.00017287377667176015,753429.1996599663,15068.583987414757,0.00016926394411193865,0.00016889233921231207,24585.012912558217,24477.18271000411,3202152.479088835,64043.04955719168,8.223740956178174,0.16447481906042447,3188107.7945626406,63762.15586677563,8.187671515978522,0.16375343025670835,"[2.357,2.642]",2.5,"[2.000,2.500]",2.25,0.002,0.0,886,1.7730000000000001,0.24,-5.273316477470999,29,1.806683522529001,0.005,0.0,354,1.7725,0.1,-1.275816477471,31,1.8741835225290004,1.8017897129902778,1.7940667365697318,0.7699419310741495,0.7412858232227715,1.9001567635363465,1.7286159252157955,0.7462555393530917,0.7494605911954025
26,56,4.045,30.0,1.8,124.9804239,2.499608478,Arrington:1998ps,1.128176682,0.007321147,0.0089,4.0539,2.245,2.2539000000000002,1.0,0.0,0.0,124.9804239,2.499608478,0.5235987755982988,0.06698729810778066,0.9330127018922194,0.07179676972449082,0.041591331033393075,1.758408668966607,4.433234524286382,1.0044053355254008,2.4332533151968354,2.448274603193855,5.688274603193856,2.385010398969752,1.8248857073321654,1.8098644193351459,0.7498373813548529,0.00016663924016533494,750005.963637363,15000.119272747259,0.00016926394411193873,0.00016889233921231215,24018.86575666407,23913.51868327132,3001888.0238650697,60037.76047730139,7.709423473408267,0.15418846946816533,2988721.701975819,59774.43403951638,7.675609836715469,0.15351219673430938,"[2.357,2.642]",2.5,"[2.000,2.500]",2.25,0.002,0.0,879,1.7590000000000001,0.24,-5.273316477470999,29,1.806683522529001,0.005,0.0,351,1.7575,0.1,-1.275816477471,30,1.7741835225290004,1.7882554455294226,1.779066736569732,0.772772141933375,0.7431701961669447,1.9001567635363465,1.6753265307645004,0.7462555393530917,0.7560198897680119
26,56,4.045,30.0,1.785,119.8906067,2.397812134,Arrington:1998ps,1.109344624,0.007423434,0.0089,4.0539,2.26,2.2689,1.0,0.0,0.0,119.8906067,2.397812134,0.5235987755982988,0.06698729810778066,0.9330127018922194,0.07179676972449082,0.041591331033393075,1.7434086689666068,4.433234524286382,1.0044053355254008,2.4495111324475936,2.4645681916618023,5.650793191661802,2.3771397080655152,1.7804797000814059,1.7654226408671971,0.7523135027310308,0.00016025810330010115,748109.4823360756,14962.189646721512,0.00016926394411193865,0.00016889233921231207,23468.242097864386,23365.31006736263,2813621.7832954424,56272.435665908844,7.225919704194039,0.14451839408388079,2801281.1997097237,56025.623994194466,7.194226721639413,0.14388453443278823,"[2.357,2.642]",2.5,"[2.000,2.500]",2.25,0.002,0.0,871,1.743,0.24,-5.273316477470999,29,1.806683522529001,0.005,0.0,348,1.7425,0.1,-1.275816477471,30,1.7741835225290004,1.7727835527346514,1.7640667365697318,0.7758983074670448,0.7450482317966627,1.9001567635363465,1.6753265307645004,0.7462555393530917,0.7560198897680119
26,56,4.045,30.0,1.77,114.9689308,2.299378617,Arrington:1998ps,1.104646265,0.007723826,0.0089,4.0539,2.275,2.2839,1.0,0.0,0.0,114.9689308,2.299378617,0.5235987755982988,0.06698729810778066,0.9330127018922194,0.07179676972449082,0.041591331033393075,1.728408668966607,4.433234524286382,1.0044053355254008,2.465768949698352,2.48086178012975,5.61376178012975,2.3693378357950032,1.7360736928306477,1.7209808623992497,0.7547583463751195,0.0001537284848829563,747870.057312628,14957.401152757535,0.00016926394411193867,0.0001688923392123121,22932.705867760706,22832.122706481532,2636548.6739673344,52730.97350227939,6.77116204011374,0.13542324086117036,2624984.735458584,52499.6947320038,6.741463630887394,0.13482927267638514,"[2.357,2.642]",2.5,"[2.000,2.500]",2.25,0.002,0.0,864,1.729,0.24,-5.273316477470999,29,1.806683522529001,0.005,0.0,345,1.7275,0.1,-1.275816477471,29,1.6741835225290003,1.759242004933526,1.7490667365697319,0.7785432201783015,0.7469197610921131,1.9001567635363465,1.6220371363132053,0.7462555393530917,0.7624842284519016
26,56,4.045,30.0,1.755,110.2018184,2.204036368,Arrington:1998ps,1.097985512,0.007994423,0.0089,4.0539,2.29,2.2989,1.0,0.0,0.0,110.2018184,2.204036368,0.5235987755982988,0.06698729810778066,0.9330127018922194,0.07179676972449082,0.041591331033393075,1.7134086689666068,4.433234524286382,1.0044053355254008,2.4820267669491107,2.4971553685976984,5.577180368597698,2.3616054642123645,1.6916676855798896,1.676539083931302,0.7571720808704014,0.00014704852533641038,749424.845627562,14988.496912551243,0.00016926394411193865,0.00016889233921231207,22411.83405416757,22313.535443779798,2469824.86644831,49396.497328966216,6.342983365544717,0.12685966731089438,2458992.1808373844,49179.8436167477,6.315162953835491,0.12630325907670983,"[2.357,2.642]",2.5,"[2.000,2.500]",2.25,0.002,0.0,856,1.713,0.24,-5.273316477470999,28,1.5666835225290008,0.005,0.0,342,1.7125000000000001,0.1,-1.275816477471,29,1.6741835225290003,1.743761785033513,1.734066736569732,0.7814674262606711,0.7487846141631701,1.8575602429758753,1.6220371363132053,0.757241893384513,0.7624842284519016
26,56,4.045,30.0,1.74,105.6028779,2.112057558,Arrington:1998ps,1.098454913,0.009431561,0.0089,4.0539,2.3049999999999997,2.3139,1.0,0.0,0.0,105.6028779,2.112057558,0.5235987755982988,0.06698729810778066,0.9330127018922194,0.07179676972449082,0.041591331033393075,1.698408668966607,4.433234524286382,1.0044053355254008,2.4982845841998684,2.5134489570656458,5.541048957065646,2.353943278217563,1.6472616783291323,1.632097305463355,0.75955487620167,0.0001402163889310852,753142.1876218952,15062.843752437904,0.0001692639441119387,0.00016889233921231212,21905.21627509448,21809.139697207942,2313253.879671895,46265.077593437905,5.940879079471238,0.11881758158942479,2303107.916548293,46062.15833096587,5.91482230265492,0.11829644605309841,"[2.067,2.357]",2.213,"[2.500,3.000]",2.75,0.002,0.0,849,1.699,0.12,-3.920685477471,46,1.6593145225290002,0.005,0.0,339,1.6975,0.1,-1.775816477471,34,1.6741835225290003,1.7176624608147506,1.7238593446963388,0.7346535343170563,0.7699635013656839,1.6223291796696575,1.8884841085696809,0.7631141691986433,0.7519845052783832
26,56,4.045,30.0,1.725,101.1602807,2.023205614,Arrington:1998ps,1.087383301,0.009677711,0.0089,4.0539,2.32,2.3289,1.0,0.0,0.0,101.1602807,2.023205614,0.5235987755982988,0.06698729810778066,0.9330127018922194,0.07179676972449082,0.041591331033393075,1.683408668966607,4.433234524286382,1.0044053355254008,2.514542401450627,2.5297425455335936,5.505367545533594,2.3463519653993927,1.6028556710783732,1.5876555269954067,0.761906903698846,0.00013323026607852444,759289.039026442,15185.780780528841,0.00016926394411193867,0.0001688923392123121,21412.454368765157,21318.53905133268,2166089.8944202247,43321.79788840449,5.562933775276064,0.11125867550552128,2156589.3945467253,43131.78789093451,5.538534671728036,0.11077069343456074,"[2.067,2.357]",2.213,"[2.500,3.000]",2.75,0.002,0.0,841,1.683,0.12,-3.920685477471,45,1.5393145225290001,0.005,0.0,336,1.6825,0.1,-1.775816477471,33,1.5741835225290002,1.7021702915887218,1.708859344696339,0.7398540891789266,0.7715607478633127,1.598788986339514,1.8351947141183855,0.7690140548366535,0.7578896435511985
26,56,4.045,30.0,1.71,96.8673154,1.937346308,Arrington:1998ps,1.042663354,0.009673025,0.0089,4.0539,2.335,2.3439,1.0,0.0,0.0,96.8673154,1.937346308,0.5235987755982988,0.06698729810778066,0.9330127018922194,0.07179676972449082,0.041591331033393075,1.668408668966607,4.433234524286382,1.0044053355254008,2.5308002187013856,2.5460361340015423,5.470136134001542,2.338832215872174,1.5584496638276142,1.5432137485274575,0.7642283359813284,0.00012608837568318267,768249.3717215828,15364.987434431658,0.00016926394411193865,0.00016889233921231207,20933.16199896709,20841.348864417403,2027739.2056732397,40554.78411346479,5.207622704740227,0.10415245409480453,2018845.5138109524,40376.910276219045,5.184782000402396,0.1036956400080479,"[2.067,2.357]",2.213,"[2.500,3.000]",2.75,0.002,0.0,834,1.669,0.12,-3.920685477471,45,1.5393145225290001,0.005,0.0,333,1.6675,0.1,-1.775816477471,33,1.5741835225290002,1.6886109875703568,1.6938593446963388,0.7442046879339367,0.7731505889951777,1.598788986339514,1.8351947141183855,0.7690140548366535,0.7578896435511985
26,56,4.045,30.0,1.695,92.71583626,1.854316725,Arrington:1998ps,1.03757895,0.009858079,0.0089,4.0539,2.3499999999999996,2.3588999999999998,1.0,0.0,0.0,92.71583626,1.854316725,0.5235987755982988,0.06698729810778066,0.9330127018922194,0.07179676972449082,0.041591331033393075,1.653408668966607,4.433234524286382,1.0044053355254008,2.5470580359521438,2.5623297224694896,5.43535472246949,2.331384722106047,1.5140436565768565,1.4987719700595106,0.7665193469030814,0.00011878896755225156,780508.8146693185,15610.176291702712,0.00016926394411193865,0.00016889233921231207,20466.964275059803,20377.195890097108,1897611.7084657145,37952.23416522089,4.873430365275183,0.09746860729499104,1889288.7575841884,37785.77514760833,4.852055433104514,0.09704110865162377,"[2.067,2.357]",2.213,"[2.500,3.000]",2.75,0.002,0.0,826,1.653,0.12,-3.920685477471,45,1.5393145225290001,0.005,0.0,330,1.6525,0.1,-1.775816477471,32,1.474183522529,1.6731104584396093,1.678859344696339,0.7489628700672064,0.7747328920657846,1.598788986339514,1.7819053196670904,0.7690140548366535,0.763715247358946
26,56,4.045,30.0,1.68,88.69958967,1.773991793,Arrington:1998ps,1.051865069,0.010304445,0.0089,4.0539,2.365,2.3739000000000003,1.0,0.0,0.0,88.69958967,1.773991793,0.5235987755982988,0.06698729810778066,0.9330127018922194,0.07179676972449082,0.041591331033393075,1.6384086689666069,4.433234524286382,1.0044053355254008,2.563315853202903,2.5786233109374384,5.401023310937438,2.3240101787508243,1.4696376493260979,1.4543301915915623,0.7687801114984684,0.00011133032486178527,796724.4304740784,15934.488605888657,0.00016926394411193865,0.00016889233921231207,20013.49738600431,19925.717913013,1775189.0060001998,35503.780111998596,4.559025414603333,0.09118050827150727,1767403.0027644217,35348.06004731815,4.539029466842212,0.09078058931637502,"[2.067,2.357]",2.213,"[2.500,3.000]",2.75,0.002,0.0,819,1.639,0.12,-3.920685477471,44,1.419314522529,0.005,0.0,327,1.6375,0.1,-1.775816477471,32,1.474183522529,1.659543833581381,1.6638593446963388,0.7529502419919789,0.7763075241113204,1.5750283194857873,1.7819053196670904,0.7745973099267415,0.763715247358946
26,56,4.045,30.0,1.665,84.79928858,1.695985772,Arrington:1998ps,1.055433383,0.010660467,0.0089,4.0539,2.38,2.3889,1.0,0.0,0.0,84.79928858,1.695985772,0.5235987755982988,0.06698729810778066,0.9330127018922194,0.07179676972449082,0.041591331033393075,1.623408668966607,4.433234524286382,1.0044053355254008,2.5795736704536605,2.5949168994053857,5.367141899405386,2.316709282453322,1.4252316420753397,1.4098884131236145,0.7710108059288303,0.00010371076667737066,817651.7375847624,16353.03475555213,0.0001692639441119387,0.00016889233921231212,19572.40824780836,19486.56339780404,1659726.295211473,33194.52591205842,4.262495055782071,0.08524990113574768,1652446.7130028498,33048.934267851626,4.24379969422641,0.0848759939045463,"[2.067,2.357]",2.213,"[2.500,3.000]",2.75,0.002,0.0,811,1.623,0.12,-3.920685477471,44,1.419314522529,0.005,0.0,324,1.6225,0.1,-1.775816477471,31,1.3741835225290004,1.6440349309977407,1.6488593446963389,0.7573183105673799,0.7778743519212004,1.5750283194857873,1.7286159252157955,0.7745973099267415,0.7694554808250789
26,56,4.045,30.0,1.65,81.04386457,1.620877291,Arrington:1998ps,1.046346944,0.010994046,0.0089,4.0539,2.395,2.4039,1.0,0.0,0.0,81.04386457,1.620877291,0.5235987755982988,0.06698729810778066,0.9330127018922194,0.07179676972449082,0.041591331033393075,1.6084086689666068,4.433234524286382,1.0044053355254008,2.595831487704419,2.6112104878733335,5.333710487873333,2.30948273166814,1.3808256348245806,1.3654466346556662,0.7732116074298192,9.592865052736247e-05,844834.8238452831,16896.696472735897,0.00016926394411193865,0.00016889233921231207,19143.354163811655,19059.391150882166,1551451.4022674973,31029.028037692606,3.984424390052077,0.07968848778137604,1544646.7152187505,30892.934296751257,3.966948650235753,0.0793389729851358,"[2.067,2.357]",2.213,"[2.500,3.000]",2.75,0.002,0.0,804,1.609,0.12,-3.920685477471,44,1.419314522529,0.005,0.0,321,1.6075,0.1,-1.775816477471,31,1.3741835225290004,1.6304609734289812,1.6338593446963388,0.7609845115096452,0.779433242059946,1.5750283194857873,1.7286159252157955,0.7745973099267415,0.7694554808250789
26,56,4.045,30.0,1.635,77.38903436,1.547780687,Arrington:1998ps,1.016939941,0.011190216,0.0089,4.0539,2.41,2.4189000000000003,1.0,0.0,0.0,77.38903436,1.547780687,0.5235987755982988,0.06698729810778066,0.9330127018922194,0.07179676972449082,0.041591331033393075,1.593408668966607,4.433234524286382,1.0044053355254008,2.6120893049551777,2.627504076341282,5.300729076341282,2.3023312264618405,1.3364196275738225,1.3210048561877183,0.7753826942594853,8.798237502648273e-05,879597.014023614,17591.940278199098,0.00016926394411193867,0.0001688923392123121,18726.002497264595,18643.869994447105,1449187.2506862555,28983.74500997991,3.7217904595320745,0.0744358091810231,1442831.09560364,28856.621908344023,3.7054666357235346,0.07410933270489449,"[2.067,2.357]",2.213,"[2.500,3.000]",2.75,0.002,0.0,796,1.593,0.12,-3.920685477471,43,1.299314522529,0.005,0.0,318,1.5925,0.1,-1.775816477471,30,1.2741835225290004,1.6149436838076525,1.6188593446963389,0.7650067555306305,0.7809840608893936,1.5510408658130275,1.6753265307645004,0.7798877085399265,0.775104446389882
26,56,4.045,30.0,1.62,73.83082861,1.476616572,Arrington:1998ps,1.00093689,0.011512806,0.0089,4.0539,2.425,2.4339,1.0,0.0,0.0,73.83082861,1.476616572,0.5235987755982988,0.06698729810778066,0.9330127018922194,0.07179676972449082,0.041591331033393075,1.578408668966607,4.433234524286382,1.0044053355254008,2.628347122205936,2.643797664809229,5.26819766480923,2.295255468310495,1.2920136203230643,1.276563077719771,0.7775242456471231,7.987038254734338e-05,924383.0598436984,18487.66119436991,0.00016926394411193865,0.00016889233921231207,18320.03035567978,18239.678452222317,1352583.0213201912,27051.660422739817,3.473692293449805,0.06947384585958623,1346650.5737075359,26933.011470502785,3.4584566315876137,0.06916913262238368,"[2.067,2.357]",2.213,"[2.500,3.000]",2.75,0.002,0.0,789,1.579,0.12,-3.920685477471,43,1.299314522529,0.005,0.0,315,1.5775000000000001,0.1,-1.775816477471,30,1.2741835225290004,1.6013623816255915,1.603859344696339,0.7683875466423317,0.7825266745912274,1.5510408658130275,1.6753265307645004,0.7798877085399265,0.775104446389882
26,56,4.045,30.0,1.605,70.36264831,1.407252966,Arrington:1998ps,0.973527882,0.011767607,0.0089,4.0539,2.44,2.4489,1.0,0.0,0.0,70.36264831,1.407252966,0.5235987755982988,0.06698729810778066,0.9330127018922194,0.07179676972449082,0.041591331033393075,1.563408668966607,4.433234524286382,1.0044053355254008,2.644604939456694,2.660091253277177,5.236116253277177,2.2882561598905786,1.2476076130723062,1.2321212992518231,0.7796364417428783,7.159116193721274e-05,982839.8702581447,19656.79740236925,0.00016926394411193867,0.0001688923392123121,17925.12428646217,17846.504446420135,1261259.2160813774,25225.184318042524,3.2391552680205304,0.06478310535120359,1255727.315926311,25114.546314956922,3.224948288756491,0.06449896576596319,"[2.067,2.357]",2.213,"[2.500,3.000]",2.75,0.002,0.0,781,1.563,0.12,-3.920685477471,42,1.1793145225289998,0.005,0.0,312,1.5625,0.1,-1.775816477471,30,1.2741835225290004,1.5858366913449942,1.5888593446963388,0.7721017466265607,0.7840609491898334,1.5268200048436307,1.6753265307645004,0.7849066497871079,0.775104446389882
26,56,4.045,30.0,1.59,66.97970893,1.339594179,Arrington:1998ps,0.967457175,0.013436905,0.0089,4.0539,2.455,2.4639,1.0,0.0,0.0,66.97970893,1.339594179,0.5235987755982988,0.06698729810778066,0.9330127018922194,0.07179676972449082,0.041591331033393075,1.548408668966607,4.433234524286382,1.0044053355254008,2.6608627567074525,2.6763848417451257,5.204484841745126,2.281334004863191,1.2032016058215476,1.1876795207838744,0.7817194635681177,6.314325127710179e-05,1060757.9998702009,21215.16000373882,0.00016926394411193867,0.0001688923392123121,17540.979983346842,17464.045005467062,1174889.7336315277,23497.794679646948,3.0173418925410314,0.06034683786884007,1169736.651206604,23394.733031117703,3.004107789772613,0.06008215581339268,"[2.067,2.357]",2.213,"[2.500,3.000]",2.75,0.002,0.0,774,1.549,0.12,-3.920685477471,42,1.1793145225289998,0.005,0.0,309,1.5475,0.1,-1.775816477471,29,1.1741835225290003,1.5722480326146098,1.573859344696339,0.7752277279044931,0.7855867505754708,1.5268200048436307,1.6220371363132053,0.7849066497871079,0.7806561961121745
26,56,4.045,30.0,1.575,63.66556209,1.273311242,Arrington:1998ps,0.983263132,0.014073543,0.0089,4.0539,2.4699999999999998,2.4789,1.0,0.0,0.0,63.66556209,1.273311242,0.5235987755982988,0.06698729810778066,0.9330127018922194,0.07179676972449082,0.041591331033393075,1.5334086689666069,4.433234524286382,1.0044053355254008,2.6771205739582107,2.692678430213073,5.173303430213073,2.2744897076516026,1.1587955985707894,1.143237742315927,0.7837734929665634,5.452524067999093e-05,1167634.682507019,23352.6936538084,0.00016926394411193865,0.00016889233921231207,17167.302003196204,17092.005982043145,1092965.9316022694,21859.318635478845,2.8069458759760897,0.05613891752833957,1088172.1680924194,21763.443365266787,2.7946345730110904,0.05589269146900091,"[2.067,2.357]",2.213,"[2.500,3.000]",2.75,0.002,0.0,766,1.5330000000000001,0.12,-3.920685477471,42,1.1793145225289998,0.005,0.0,306,1.5325,0.1,-1.775816477471,29,1.1741835225290003,1.5567139280162507,1.5588593446963388,0.7786663072142431,0.7871039445277555,1.5268200048436307,1.6220371363132053,0.7849066497871079,0.7806561961121745
26,56,4.045,30.0,1.56,60.41874348,1.20837487,Arrington:1998ps,1.011275582,0.01476363,0.0089,4.0539,2.485,2.4939,1.0,0.0,0.0,60.41874348,1.20837487,0.5235987755982988,0.06698729810778066,0.9330127018922194,0.07179676972449082,0.041591331033393075,1.518408668966607,4.433234524286382,1.0044053355254008,2.6933783912089693,2.7089720186810213,5.1425720186810215,2.267723973212133,1.1143895913200308,1.0987959638479787,0.7857987125561922,4.573577512476341e-05,1321039.0184747644,26420.78037824118,0.00016926394411193865,0.00016889233921231207,16803.80349273047,16730.10178101101,1015264.6927156103,20305.29386103373,2.6073942104164822,0.05214788422559181,1010811.7279011954,20216.23456471595,2.5959581437832204,0.051919162892850854,"[2.067,2.357]",2.213,"[2.500,3.000]",2.75,0.002,0.0,759,1.5190000000000001,0.12,-3.920685477471,41,1.0593145225289997,0.005,0.0,303,1.5175,0.1,-1.775816477471,28,1.0741835225290002,1.5431179007701843,1.543859344696339,0.7815638145543901,0.7886123967394499,1.502358787576528,1.5687477418619102,0.7896734433066084,0.7861047436599926
26,56,4.045,30.0,1.545,57.2217725,1.14443545,Arrington:1998ps,0.976900881,0.01504672,0.0089,4.0539,2.5,2.5089,1.0,0.0,0.0,57.2217725,1.14443545,0.5235987755982988,0.06698729810778066,0.9330127018922194,0.07179676972449082,0.041591331033393075,1.5034086689666069,4.433234524286382,1.0044053355254008,2.709636208459728,2.725265607148969,5.112290607148969,2.2610375067983655,1.0699835840692722,1.054354185380031,0.7877953056819013,3.6773557322158606e-05,1556057.5768806553,31121.151537613106,0.00016926394411193865,0.00016889233921231207,16450.205924784652,16378.055096829617,941309.9410061794,18826.19882012359,2.4174642415881733,0.04834928483176347,937181.3427432498,18743.626854864997,2.4068612103933185,0.048137224207866376,"[2.067,2.357]",2.213,"[2.500,3.000]",2.75,0.002,0.0,751,1.5030000000000001,0.12,-3.920685477471,41,1.0593145225289997,0.005,0.0,300,1.5025,0.1,-1.775816477471,28,1.0741835225290002,1.527575368158523,1.5288593446963388,0.7847547546169686,0.7901119728405562,1.502358787576528,1.5687477418619102,0.7896734433066084,0.7861047436599926
26,56,4.045,30.0,1.53,54.08491636,1.081698327,Arrington:1998ps,0.985487333,0.004437466,0.0089,4.0539,2.5149999999999997,2.5239,1.0,0.0,0.0,54.08491636,1.081698327,0.5235987755982988,0.06698729810778066,0.9330127018922194,0.07179676972449082,0.041591331033393075,1.488408668966607,4.433234524286382,1.0044053355254008,2.7258940257104856,2.7415591956169165,5.0824591956169165,2.2544310137187424,1.0255775768185145,1.0099124069120835,0.789763456368941,2.7637350608785057e-05,1956950.1116654822,39139.00222607306,0.00016926394411193867,0.0001688923392123121,16106.238843705381,16035.596660067786,871104.5807359887,17422.091611498527,2.2371634281923365,0.04474326855557396,867283.9041424616,17345.67807964211,2.2273511988285932,0.04454702396833536,"[2.067,2.357]",2.213,"[2.500,3.000]",2.75,0.002,0.0,744,1.489,0.12,-3.920685477471,41,1.0593145225289997,0.005,0.0,297,1.4875,0.1,-1.775816477471,27,0.9741835225290001,1.5139719603969084,1.5138593446963389,0.7874465760009473,0.7916025384227054,1.502358787576528,1.5154583474106151,0.7896734433066084,0.7914440769673009
26,56,4.045,30.0,1.515,50.99731901,1.01994638,Arrington:1998ps,0.988287247,0.004451214,0.0089,4.0539,2.5300000000000002,2.5389000000000004,1.0,0.0,0.0,50.99731901,1.01994638,0.5235987755982988,0.06698729810778066,0.9330127018922194,0.07179676972449082,0.041591331033393075,1.4734086689666068,4.433234524286382,1.0044053355254008,2.7421518429612446,2.7578527840848652,5.053077784084865,2.247905199087556,0.9811715695677554,0.9654706284441348,0.791703349277113,1.8325981864979612e-05,2782787.8138117287,55655.7562653211,0.00016926394411193867,0.0001688923392123121,15771.639619518251,15702.46499264977,804311.3369873273,16086.226736592216,2.06562558363343,0.041312511664567675,800783.6164735176,16015.672326329857,2.0565657215997453,0.04113131442392951,"[2.067,2.357]",2.213,"[2.500,3.000]",2.75,0.002,0.0,736,1.473,0.12,-3.920685477471,40,0.9393145225289996,0.005,0.0,294,1.4725,0.1,-1.775816477471,27,0.9741835225290001,1.4984209860392212,1.4988593446963387,0.7904141500351168,0.7930839590638392,1.4776499132008745,1.5154583474106151,0.7942055541850641,0.7914440769673009
26,56,4.045,30.0,1.5,47.96496943,0.959299389,Arrington:1998ps,0.992390917,0.004461589,0.0089,4.0539,2.545,2.5539,1.0,0.0,0.0,47.96496943,0.959299389,0.5235987755982988,0.06698729810778066,0.9330127018922194,0.07179676972449082,0.041591331033393075,1.458408668966607,4.433234524286382,1.0044053355254008,2.7584096602120027,2.7741463725528126,5.024146372552813,2.241460767569402,0.9367655623169973,0.9210288499761874,0.793615169655734,8.838344452030903e-06,5426917.867969997,108538.35740465729,0.00016926394411193865,0.00016889233921231207,15446.153210514407,15378.40617148313,740874.2665534199,14817.485337246859,1.9027070350402255,0.038054140716671986,737624.7818973116,14752.495644097595,1.894361735986723,0.03788723473553234,"[2.067,2.357]",2.213,"[2.500,3.000]",2.75,0.002,0.0,729,1.459,0.12,-3.920685477471,40,0.9393145225289996,0.005,0.0,291,1.4575,0.1,-1.775816477471,26,0.8741835225290004,1.4848101857296,1.4838593446963388,0.792920102004444,0.7945561003531757,1.4776499132008745,1.46216895295932,0.7942055541850641,0.7966681715280187
26,56,4.045,30.0,1.485,44.98559389,0.899711878,Arrington:1998ps,0.975867966,0.004579244,0.0089,4.0539,2.5599999999999996,2.5688999999999997,1.0,0.0,0.0,44.98559389,0.899711878,0.5235987755982988,0.06698729810778066,0.9330127018922194,0.07179676972449082,0.041591331033393075,1.443408668966607,4.433234524286382,1.0044053355254008,2.774667477462761,2.79043996102076,4.99566496102076,2.235098423117148,0.8923595550662395,0.8765870715082404,0.7954991032993648,-8.265988359840188e-07,-54422522.66959366,-1088450.4536338286,0.00016926394411193867,0.0001688923392123121,15129.531933920645,15063.173600134693,680610.9793251405,13612.219589528715,1.7479393696746621,0.034958787401264346,677625.8102702285,13552.516208417204,1.7402728837161356,0.03480545768205973,"[2.067,2.357]",2.213,"[2.500,3.000]",2.75,0.002,0.0,721,1.443,0.12,-3.920685477471,39,0.8193145225290004,0.005,0.0,288,1.4425000000000001,0.1,-1.775816477471,26,0.8741835225290004,1.4692507558558106,1.468859344696339,0.7956854678929935,0.7960188279164571,1.4526857036435823,1.46216895295932,0.7985188138409375,0.7966681715280187
26,56,4.045,30.0,1.47,42.06757079,0.841351416,Arrington:1998ps,0.974622476,0.004682942,0.0089,4.0539,2.575,2.5839000000000003,1.0,0.0,0.0,42.06757079,0.841351416,0.5235987755982988,0.06698729810778066,0.9330127018922194,0.07179676972449082,0.041591331033393075,1.428408668966607,4.433234524286382,1.0044053355254008,2.7909252947135195,2.806733549488709,4.967633549488709,2.228818868703491,0.8479535478154805,0.8321452930402908,0.7973553365043033,-1.0669812810755238e-05,-3942671.8665200598,-78853.43734914566,0.0001692639441119387,0.00016889233921231212,14821.535244333349,14756.527788236268,623505.983107473,12470.119665113769,1.6012828006123232,0.03202565601985938,620771.2773462313,12415.425549875932,1.59425955236956,0.03188519105497072,"[2.067,2.357]",2.213,"[2.500,3.000]",2.75,0.002,0.0,714,1.429,0.12,-3.920685477471,39,0.8193145225290004,0.005,0.0,285,1.4275,0.1,-1.775816477471,26,0.8741835225290004,1.4556325509330037,1.4538593446963388,0.7980228631017021,0.7974720074414678,1.4526857036435823,1.46216895295932,0.7985188138409375,0.7966681715280187
26,56,4.045,30.0,1.455,39.21315624,0.784263125,Arrington:1998ps,0.971612684,0.004768808,0.0089,4.0539,2.59,2.5989,1.0,0.0,0.0,39.21315624,0.784263125,0.5235987755982988,0.06698729810778066,0.9330127018922194,0.07179676972449082,0.041591331033393075,1.413408668966607,4.433234524286382,1.0044053355254008,2.8071831119642776,2.8230271379566565,4.940052137956657,2.222622806046194,0.8035475405647228,0.7877035145723439,0.7991840560258381,-2.0692186923958738e-05,-1895070.6556104277,-37901.41312187403,0.00016926394411193867,0.0001688923392123121,14521.929519610872,14458.236138316115,569450.6911587693,11389.01382607977,1.46245845630027,0.029249169133464415,566953.0726466042,11339.061455823728,1.456044093528499,0.02912088187799628,"[2.067,2.357]",2.213,"[2.500,3.000]",2.75,0.002,0.0,706,1.413,0.12,-3.920685477471,39,0.8193145225290004,0.005,0.0,282,1.4125,0.1,-1.775816477471,25,0.7741835225290004,1.440064651735561,1.438859344696339,0.8006045459728315,0.7989155047038219,1.4526857036435823,1.408879558508025,0.7985188138409375,0.801771004292736
26,56,4.045,30.0,1.44,36.43026971,0.728605394,Arrington:1998ps,0.996424135,0.004968396,0.0089,4.0539,2.605,2.6139,1.0,0.0,0.0,36.43026971,0.728605394,0.5235987755982988,0.06698729810778066,0.9330127018922194,0.07179676972449082,0.041591331033393075,1.3984086689666069,4.433234524286382,1.0044053355254008,2.823440929215036,2.8393207264246048,4.912920726424605,2.2165109353270975,0.7591415333139637,0.7432617361043952,0.8009854490362622,-3.089453230267562e-05,-1179181.783789132,-23583.635669309006,0.00016926394411193867,0.0001688923392123121,14230.487853933026,14168.072739766072,518420.5106236592,10368.410209627087,1.3314031775750157,0.02662806354419099,516146.7111805766,10322.93422077792,1.3255636250464196,0.02651127249365113,"[2.067,2.357]",2.213,"[2.500,3.000]",2.75,0.002,0.0,699,1.399,0.12,-3.920685477471,38,0.6993145225290003,0.005,0.0,279,1.3975,0.1,-1.775816477471,25,0.7741835225290004,1.4264390301015126,1.4238593446963388,0.8027885750907195,0.8003491855930099,1.4274580756992221,1.408879558508025,0.802627602220445,0.801771004292736
26,56,4.045,30.0,1.425,33.72527744,0.674505549,Arrington:1998ps,0.978494545,0.005188986,0.0089,4.0539,2.62,2.6289000000000002,1.0,0.0,0.0,33.72527744,0.674505549,0.5235987755982988,0.06698729810778066,0.9330127018922194,0.07179676972449082,0.041591331033393075,1.383408668966607,4.433234524286382,1.0044053355254008,2.839698746465795,2.8556143148925526,4.886239314892553,2.210483954905023,0.7147355260632056,0.6988199576364478,0.8027597030836451,-4.1277578791778954e-05,-817036.2319486842,-16340.724643818932,0.00016926394411193867,0.0001688923392123121,13946.989857749491,13885.8181696674,470366.1024054677,9407.322050898752,1.2079902521851242,0.024159805050866193,468303.07025342603,9366.061407845686,1.2026919904335522,0.02405383981580334,"[2.067,2.357]",2.213,"[2.500,3.000]",2.75,0.002,0.0,691,1.383,0.12,-3.920685477471,38,0.6993145225290003,0.005,0.0,276,1.3825,0.1,-1.775816477471,24,0.6741835225290003,1.4108626477352644,1.4088593446963389,0.8052028628200472,0.8017729161386983,1.4274580756992221,1.3555901640567298,0.802627602220445,0.8067465681275076
26,56,4.045,30.0,1.41,31.09717866,0.621943573,Arrington:1998ps,0.967933469,0.005531048,0.0089,4.0539,2.635,2.6439,1.0,0.0,0.0,31.09717866,0.621943573,0.5235987755982988,0.06698729810778066,0.9330127018922194,0.07179676972449082,0.041591331033393075,1.3684086689666068,4.433234524286382,1.0044053355254008,2.855956563716553,2.8719079033605,4.8600079033605,2.204542561022694,0.670329518812447,0.6543781791684999,0.8045070060513585,-5.184197200933092e-05,-599845.5972007178,-11996.911940156479,0.00016926394411193862,0.00016889233921231204,13671.22146435144,13611.259300210779,425136.41637736355,8502.728324813026,1.0918317544704121,0.021836635082386178,423271.76224624115,8465.435242202571,1.0870429654769593,0.021740859302547925,"[2.067,2.357]",2.213,"[2.500,3.000]",2.75,0.002,0.0,684,1.369,0.12,-3.920685477471,38,0.6993145225290003,0.005,0.0,273,1.3675,0.1,-1.775816477471,24,0.6741835225290003,1.3972295972589563,1.3938593446963388,0.8072469085445343,0.8031865625372752,1.4274580756992221,1.3555901640567298,0.802627602220445,0.8067465681275076
26,56,4.045,30.0,1.395,28.56813404,0.571362681,Arrington:1998ps,0.95561019,0.005740662,0.0089,4.0539,2.65,2.6589,1.0,0.0,0.0,28.56813404,0.571362681,0.5235987755982988,0.06698729810778066,0.9330127018922194,0.07179676972449082,0.041591331033393075,1.353408668966607,4.433234524286382,1.0044053355254008,2.872214380967311,2.888201491828448,4.834226491828448,2.198687447507819,0.6259235115616892,0.6099364007005521,0.8062275461183555,-6.25882704212462e-05,-456445.4944628453,-9128.909892452393,0.0001692639441119387,0.00016889233921231212,13402.974742812545,13344.189112457769,382897.97898740333,7657.959582428661,0.9833553562485438,0.019667107131855155,381218.5832198022,7624.371667064881,0.9790423462198696,0.019580846931251478,"[2.067,2.357]",2.213,"[2.500,3.000]",2.75,0.002,0.0,676,1.353,0.12,-3.920685477471,37,0.5793145225290002,0.005,0.0,270,1.3525,0.1,-1.775816477471,23,0.5741835225290002,1.3816447178409703,1.3788593446963389,0.8095081779695082,0.8045899911786354,1.401958510455536,1.3023007696054347,0.8065450057097375,0.811588886788103
26,56,4.045,30.0,1.38,26.12672177,0.522534435,Arrington:1998ps,0.945392239,0.005970898,0.0089,4.0539,2.665,2.6739,1.0,0.0,0.0,26.12672177,0.522534435,0.5235987755982988,0.06698729810778066,0.9330127018922194,0.07179676972449082,0.041591331033393075,1.3384086689666068,4.433234524286382,1.0044053355254008,2.8884721982180697,2.904495080296396,4.808895080296396,2.192919305468488,0.5815175043109302,0.5654946222326038,0.807921511720196,-7.351694244172502e-05,-355383.68302939116,-7107.6736551469,0.00016926394411193865,0.00016889233921231207,13142.047717056856,13084.406516202243,343358.62419160816,6867.172478575343,0.8818107191525725,0.01763621436955093,341852.64857439103,6837.0529662540575,0.8779430852896659,0.01755886169235201,"[2.067,2.357]",2.213,"[2.500,3.000]",2.75,0.002,0.0,669,1.339,0.12,-3.920685477471,37,0.5793145225290002,0.005,0.0,267,1.3375000000000001,0.1,-1.775816477471,23,0.5741835225290002,1.3680042263582735,1.363859344696339,0.8114240748173617,0.805983068673195,1.401958510455536,1.3023007696054347,0.8065450057097375,0.811588886788103
26,56,4.045,30.0,1.365,23.77952626,0.475590525,Arrington:1998ps,0.958807999,0.00635,0.0089,4.0539,2.6799999999999997,2.6889,1.0,0.0,0.0,23.77952626,0.475590525,0.5235987755982988,0.06698729810778066,0.9330127018922194,0.07179676972449082,0.041591331033393075,1.323408668966607,4.433234524286382,1.0044053355254008,2.904730015468828,2.9207886687643443,4.784013668764344,2.187238822983065,0.5371114970601725,0.521052843764656,0.8095890915108198,-8.462836356616944e-05,-280987.6648673137,-5619.753294983,0.00016926394411193865,0.00016889233921231207,12888.244190821648,12831.716175700973,306476.34118093585,6129.526821041068,0.7870899513774768,0.01574179902092964,305132.13176094805,6102.642632652618,0.7836377640962578,0.015672755275334297,"[2.067,2.357]",2.213,"[2.500,3.000]",2.75,0.002,0.0,661,1.323,0.12,-3.920685477471,37,0.5793145225290002,0.005,0.0,264,1.3225,0.1,-1.775816477471,22,0.4741835225290001,1.352410835967703,1.3488593446963388,0.8135450624191337,0.8073656618791307,1.401958510455536,1.2490113751541396,0.8065450057097375,0.8162920303571177
26,56,4.045,30.0,1.35,21.52866771,0.430573354,Arrington:1998ps,0.966153609,0.006735205,0.0089,4.0539,2.695,2.7039,1.0,0.0,0.0,21.52866771,0.430573354,0.5235987755982988,0.06698729810778066,0.9330127018922194,0.07179676972449082,0.041591331033393075,1.308408668966607,4.433234524286382,1.0044053355254008,2.9209878327195864,2.937082257232292,4.759582257232292,2.1816466847847504,0.49270548980941387,0.47661106529670816,0.8112304743250596,-9.592281354350934e-05,-224437.40873212478,-4488.748172557486,0.00016926394411193865,0.00016889233921231207,12641.373578293544,12585.928341052557,272151.9311650554,5443.038620772833,0.6989382914276142,0.01397876582205919,270958.26907639205,5419.165379010656,0.6958727385314039,0.013917454764163463,"[2.067,2.357]",2.213,"[2.500,3.000]",2.75,0.002,0.0,654,1.309,0.12,-3.920685477471,36,0.45931452252900007,0.005,0.0,261,1.3075,0.1,-1.775816477471,22,0.4741835225290001,1.338762891281256,1.333859344696339,0.8153433129109547,0.8087376379298316,1.376178019686742,1.2490113751541396,0.8102829544043357,0.8162920303571177
26,56,4.045,30.0,1.335,19.37563893,0.387512779,Arrington:1998ps,0.954807223,0.007070735,0.0089,4.0539,2.71,2.7189,1.0,0.0,0.0,19.37563893,0.387512779,0.5235987755982988,0.06698729810778066,0.9330127018922194,0.07179676972449082,0.041591331033393075,1.293408668966607,4.433234524286382,1.0044053355254008,2.937245649970345,2.95337584570024,4.73560084570024,2.1761435719410245,0.44829948255865526,0.4321692868287603,0.8128458491418907,-0.00010740047359505377,-180405.52598543037,-3608.1105234329852,0.00016926394411193862,0.00016889233921231204,12401.250740205971,12346.858685013776,240282.15662262615,4805.6431374130225,0.6170906055724682,0.012341812124188877,239228.27580056153,4784.565520949974,0.614384037744752,0.012287680767578678,"[2.067,2.357]",2.213,"[2.500,3.000]",2.75,0.002,0.0,646,1.293,0.12,-3.920685477471,36,0.45931452252900007,0.005,0.0,258,1.2925,0.1,-1.775816477471,22,0.4741835225290001,1.323160975959226,1.3188593446963388,0.8173353406839814,0.8100988642615596,1.376178019686742,1.2490113751541396,0.8102829544043357,0.8162920303571177
26,56,4.045,30.0,1.32,17.32216454,0.346443291,Arrington:1998ps,0.964082748,0.007620295,0.0089,4.0539,2.7249999999999996,2.7338999999999998,1.0,0.0,0.0,17.32216454,0.346443291,0.5235987755982988,0.06698729810778066,0.9330127018922194,0.07179676972449082,0.041591331033393075,1.278408668966607,4.433234524286382,1.0044053355254008,2.9535034672211027,2.9696694341681877,4.712069434168188,2.1707301615281867,0.40389347530789754,0.3877275083608125,0.8144354050484154,-0.00011906142368716688,-145489.31134499007,-2909.786228579607,0.0001692639441119387,0.00016889233921231212,12167.695825194978,12114.328145051222,210770.82915669848,4215.416585567509,0.5412998635832569,0.010825997277914935,209846.38542013025,4196.927710825471,0.5389257149854794,0.010778514305931972,"[2.067,2.357]",2.213,"[2.500,3.000]",2.75,0.002,0.0,639,1.2790000000000001,0.12,-3.920685477471,35,0.33931452252899996,0.005,0.0,255,1.2775,0.1,-1.775816477471,21,0.374183522529,1.3095055658383004,1.303859344696339,0.8190252962247307,0.8114492086413075,1.3501071088387828,1.1957219807028445,0.8138523417583391,0.820850131085486
26,56,4.045,30.0,1.305,15.37072043,0.307414409,Arrington:1998ps,0.943352009,0.008002227,0.0089,4.0539,2.74,2.7489000000000003,1.0,0.0,0.0,15.37072043,0.307414409,0.5235987755982988,0.06698729810778066,0.9330127018922194,0.07179676972449082,0.041591331033393075,1.2634086689666069,4.433234524286382,1.0044053355254008,2.9697612844718617,2.985963022636136,4.688988022636136,2.1654071263012264,0.35948746805713805,0.34328572989286377,0.8159993312045738,-0.00013090563986522836,-117418.32090523113,-2348.3664211602586,0.00016926394411193865,0.00016889233921231207,11940.534116219378,11888.162770435034,183534.6116852852,3670.6922384819172,0.4713520398697619,0.009427040809661467,182729.62637069117,3654.592532169089,0.4692846833825303,0.00938569367986304,"[2.067,2.357]",2.213,"[2.500,3.000]",2.75,0.002,0.0,631,1.2630000000000001,0.12,-3.920685477471,35,0.33931452252899996,0.005,0.0,252,1.2625,0.1,-1.775816477471,21,0.374183522529,1.293895111587723,1.2888593446963388,0.8208984611525537,0.8127885391948446,1.3501071088387828,1.1957219807028445,0.8138523417583391,0.820850131085486
26,56,4.045,30.0,1.29,13.52510436,0.270502087,Arrington:1998ps,0.924207286,0.008502707,0.0089,4.0539,2.755,2.7639,1.0,0.0,0.0,13.52510436,0.270502087,0.5235987755982988,0.06698729810778066,0.9330127018922194,0.07179676972449082,0.041591331033393075,1.248408668966607,4.433234524286382,1.0044053355254008,2.98601910172262,3.002256611104084,4.666356611104084,2.160175134359269,0.31508146080638033,0.2988439514249164,0.8175378168085791,-0.00014293299165647866,-94625.4899114256,-1892.5097968292548,0.00016926394411193865,0.00016889233921231207,11719.595881859434,11668.193574189801,158508.75735917507,3170.175144839582,0.40708085212059436,0.008141617036392254,157813.53578359846,3156.2707133383306,0.40529538994100606,0.00810590779282689,"[2.067,2.357]",2.213,"[3.000,3.500]",3.25,0.002,0.0,624,1.249,0.12,-3.920685477471,35,0.33931452252899996,0.005,0.0,249,1.2475,0.1,-2.275816477471,25,0.27418352252900036,1.2802322237681167,1.2786519528229459,0.8224884741521977,0.8224834318392574,1.3501071088387828,1.408879558508025,0.8138523417583391,0.8121540640639938
26,56,4.045,30.0,1.275,11.79030652,0.23580613,Arrington:1998ps,0.91600672,0.009160067,0.0089,4.0539,2.77,2.7789,1.0,0.0,0.0,11.79030652,0.23580613,0.5235987755982988,0.06698729810778066,0.9330127018922194,0.07179676972449082,0.041591331033393075,1.2334086689666068,4.433234524286382,1.0044053355254008,3.002276918973378,3.0185501995720316,4.6441751995720315,2.155034848806866,0.2706754535556217,0.2544021729569681,0.8190510510630721,-0.00015514323954948493,-75996.2635448213,-1519.9252683181635,0.0001692639441119387,0.00016889233921231212,11504.716232316028,11454.256389725322,135644.13080462549,2712.8826114906237,0.348360111283833,0.006967202213858135,135049.1937935301,2700.9838712889,0.3468321990758911,0.006936643969751133,"[2.067,2.357]",2.213,"[3.000,3.500]",3.25,0.002,0.0,616,1.233,0.12,-3.920685477471,34,0.21931452252899986,0.005,0.0,246,1.2325,0.1,-2.275816477471,25,0.27418352252900036,1.2646132165535562,1.2636519528229457,0.8242518079474681,0.8236248028508107,1.3237357361743323,1.408879558508025,0.8172631291318697,0.8121540640639938
26,56,4.045,30.0,1.26,10.17254669,0.203450934,Arrington:1998ps,0.91619142,0.009800889,0.0089,4.0539,2.785,2.7939000000000003,1.0,0.0,0.0,10.17254669,0.203450934,0.5235987755982988,0.06698729810778066,0.9330127018922194,0.07179676972449082,0.041591331033393075,1.218408668966607,4.433234524286382,1.0044053355254008,3.018534736224137,3.0348437880399795,4.62244378803998,2.1499869274114154,0.22626944630486312,0.2099603944890207,0.8205392231419862,-0.0001675360325580457,-60718.5602683742,-1214.371206561257,0.00016926394411193862,0.00016889233921231204,11295.734979940169,11246.191731977819,114906.3914813076,2298.1278318852987,0.29510162427379427,0.005902032491277807,114402.41047823633,2288.048211813965,0.2938073045175807,0.005876146096128089,"[2.067,2.357]",2.213,"[3.000,3.500]",3.25,0.002,0.0,609,1.219,0.12,-3.920685477471,34,0.21931452252899986,0.005,0.0,243,1.2175,0.1,-2.275816477471,24,0.17418352252900027,1.25094283873743,1.2486519528229458,0.8257493603751032,0.8247558215324835,1.3237357361743323,1.3555901640567298,0.8172631291318697,0.8164700781947636
26,56,4.045,30.0,1.245,8.678901212,0.173578024,Arrington:1998ps,0.92753677,0.010853909,0.0089,4.0539,2.8,2.8089,1.0,0.0,0.0,8.678901212,0.173578024,0.5235987755982988,0.06698729810778066,0.9330127018922194,0.07179676972449082,0.041591331033393075,1.203408668966607,4.433234524286382,1.0044053355254008,3.0347925534748947,3.0511373765079277,4.6011623765079275,2.1450320222569936,0.1818634390541054,0.16551861602107243,0.8220025221581246,-0.00018011090587746086,-48186.42807729101,-963.728560213308,0.00016926394411193867,0.0001688923392123121,11092.49650412933,11043.844662898855,96270.6813537938,1925.413624413677,0.24724155089380706,0.004944831011039105,95848.4368299726,1916.9687339489294,0.24615714607337877,0.004923142914660525,"[2.067,2.357]",2.213,"[3.000,3.500]",3.25,0.002,0.0,601,1.203,0.12,-3.920685477471,34,0.21931452252899986,0.005,0.0,240,1.2025000000000001,0.1,-2.275816477471,24,0.17418352252900027,1.2353152644849672,1.233651952822946,0.8274109647851037,0.8258763894634846,1.3237357361743323,1.3555901640567298,0.8172631291318697,0.8164700781947636
26,56,4.045,30.0,1.23,7.315351905,0.146307038,Arrington:1998ps,0.936386942,0.011810778,0.0089,4.0539,2.815,2.8239,1.0,0.0,0.0,7.315351905,0.146307038,0.5235987755982988,0.06698729810778066,0.9330127018922194,0.07179676972449082,0.041591331033393075,1.188408668966607,4.433234524286382,1.0044053355254008,3.0510503707256533,3.0674309649758755,4.580330964975875,2.1401707793949236,0.1374574318033468,0.1210768375531246,0.8234411371314351,-0.00019286727864111826,-37929.460904626496,-758.5892175740387,0.00016926394411193867,0.0001688923392123121,10894.849620434403,10847.064661136379,79699.65892553334,1593.9931774211818,0.20468399102776044,0.0040936798177572025,79350.09513250219,1587.0019015653374,0.2037862442463938,0.0040757248821421425,"[2.067,2.357]",2.213,"[3.000,3.500]",3.25,0.002,0.0,594,1.189,0.12,-3.920685477471,33,0.09931452252899975,0.005,0.0,237,1.1875,0.1,-2.275816477471,23,0.07418352252900018,1.2216373843407595,1.2186519528229458,0.8288227773048898,0.8269864087151888,1.2970532675790754,1.3023007696054347,0.8205244373422623,0.8206631731667897
26,56,4.045,30.0,1.215,6.086498318,0.121729966,Arrington:1998ps,0.923355221,0.01283168,0.0089,4.0539,2.83,2.8389,1.0,0.0,0.0,6.086498318,0.121729966,0.5235987755982988,0.06698729810778066,0.9330127018922194,0.07179676972449082,0.041591331033393075,1.173408668966607,4.433234524286382,1.0044053355254008,3.067308187976412,3.0837245534438233,4.559949553443824,2.1354038384914045,0.09305142455258819,0.07663505908517676,0.8248552569579847,-0.0002058044517854048,-29574.18202180815,-591.4836386869296,0.00016926394411193865,0.00016889233921231207,10702.647453727257,10655.705495758582,65141.645725257935,1302.8329106522056,0.16729622446214276,0.0033459244793477335,64855.93357703797,1297.1186677047053,0.16656246093578414,0.0033312492088639614,"[2.067,2.357]",2.213,"[3.000,3.500]",3.25,0.002,0.0,586,1.173,0.12,-3.920685477471,33,0.09931452252899975,0.005,0.0,234,1.1725,0.1,-2.275816477471,23,0.07418352252900018,1.2060012289378292,1.203651952822946,0.8303899392302877,0.8280857818706134,1.2970532675790754,1.3023007696054347,0.8205244373422623,0.8206631731667897
26,56,4.045,30.0,1.2,4.994005038,0.099880101,Arrington:1998ps,0.931116401,0.01433719,0.0089,4.0539,2.8449999999999998,2.8539,1.0,0.0,0.0,4.994005038,0.099880101,0.5235987755982988,0.06698729810778066,0.9330127018922194,0.07179676972449082,0.041591331033393075,1.1584086689666069,4.433234524286382,1.0044053355254008,3.0835660052271696,3.100018141911771,4.540018141911771,2.130731832472536,0.048645417301830474,0.032193280617228925,0.8262450703796226,-0.00021892160603093216,-22811.84177542705,-456.2368366048238,0.00016926394411193867,0.0001688923392123121,10515.747315285147,10469.625103877408,52515.695070869,1050.3139039411594,0.1348703646115437,0.0026974072987124226,52285.360514735046,1045.707212807411,0.13427882134954358,0.0026855764334439924,"[2.067,2.357]",2.213,"[3.000,3.500]",3.25,0.002,0.0,579,1.159,0.12,-3.920685477471,32,-0.020685477470999913,0.005,0.0,231,1.1575,0.1,-2.275816477471,23,0.07418352252900018,1.1923158341000928,1.1886519528229458,0.831722064253279,0.8291744120439251,1.2700484264524539,1.3023007696054347,0.8236446269844282,0.8206631731667897
26,56,4.045,30.0,1.185,4.036002356,0.080720047,Arrington:1998ps,0.996035098,0.016551031,0.0089,4.0539,2.86,2.8689,1.0,0.0,0.0,4.036002356,0.080720047,0.5235987755982988,0.06698729810778066,0.9330127018922194,0.07179676972449082,0.041591331033393075,1.143408668966607,4.433234524286382,1.0044053355254008,3.099823822477928,3.116311730379719,4.520536730379719,2.126155387167109,0.004239410051071868,-0.012248497850718909,0.8276107659543288,-0.00023221779998805497,-17380.245425663354,-347.60490799651086,0.00016926394411193867,0.0001688923392123121,10334.010583654162,10288.685472034535,41708.091062557134,834.1618200110614,0.10711436726234813,0.0021422873420621964,41525.158805274354,830.5031748708449,0.10664456218396828,0.002132891240508568,"[2.067,2.357]",2.213,"[3.000,3.500]",3.25,0.002,0.0,571,1.143,0.12,-3.920685477471,32,-0.020685477470999913,0.005,0.0,228,1.1425,0.1,-2.275816477471,22,-0.02581647747099991,1.176671083395341,1.1736519528229459,0.8332013541041089,0.8302522028999723,1.2700484264524539,1.2490113751541396,0.8236446269844282,0.8247288424568076
26,56,4.045,30.0,1.17,3.206828502,0.06413657,Arrington:1998ps,1.022817403,0.018710074,0.0089,4.0539,2.875,2.8839,1.0,0.0,0.0,3.206828502,0.06413657,0.5235987755982988,0.06698729810778066,0.9330127018922194,0.07179676972449082,0.041591331033393075,1.1284086689666069,4.433234524286382,1.0044053355254008,3.116081639728687,3.1326053188476672,4.501505318847667,2.1216751209475184,-0.04016659719968674,-0.05669027631866719,0.8289525320272405,-0.000245691968394595,-13052.231714997108,-261.04463413713665,0.00016926394411193865,0.00016889233921231207,10157.30258915945,10112.75252121814,32572.72744635492,651.4545485208064,0.08365300356691308,0.001673060070294826,32429.863018714695,648.5972599697839,0.08328610035026796,0.0016657220059664998,"[2.067,2.357]",2.213,"[3.000,3.500]",3.25,0.002,0.0,564,1.129,0.12,-3.920685477471,32,-0.020685477470999913,0.005,0.0,225,1.1275,0.1,-2.275816477471,22,-0.02581647747099991,1.1629781614646149,1.1586519528229458,0.8344592554512442,0.8313190586738378,1.2700484264524539,1.2490113751541396,0.8236446269844282,0.8247288424568076
26,56,4.045,30.0,1.155,2.497534517,0.04995069,Arrington:1998ps,1.153137216,0.022702389,0.0089,4.0539,2.8899999999999997,2.8989,1.0,0.0,0.0,2.497534517,0.04995069,0.5235987755982988,0.06698729810778066,0.9330127018922194,0.07179676972449082,0.041591331033393075,1.113408668966607,4.433234524286382,1.0044053355254008,3.132339456979445,3.1488989073156146,4.482923907315614,2.117291644369196,-0.0845726044504449,-0.10113205478661458,0.8302705567023481,-0.00025934292049359907,-9630.239808538143,-192.6047948597573,0.00016926394411193867,0.0001688923392123121,9985.492501935361,9941.695995384162,24939.112192828256,498.7822404614976,0.06404841733496804,0.0012809683379801772,24829.728905992615,496.5945747396757,0.06376750010140532,0.0012753499933471654,"[2.067,2.357]",2.213,"[3.000,3.500]",3.25,0.002,0.0,556,1.113,0.12,-3.920685477471,31,-0.14068547747100002,0.005,0.0,222,1.1125,0.1,-2.275816477471,21,-0.125816477471,1.1473248012677502,1.1436519528229458,0.835856611515843,0.8323748841904025,1.2427092380131848,1.1957219807028445,0.8266313690042343,0.8286626469202718
26,56,4.045,30.0,1.14,1.896151516,0.03792303,Arrington:1998ps,1.234078596,0.027002062,0.0089,4.0539,2.9050000000000002,2.9139000000000004,1.0,0.0,0.0,1.896151516,0.03792303,0.5235987755982988,0.06698729810778066,0.9330127018922194,0.07179676972449082,0.041591331033393075,1.0984086689666068,4.433234524286382,1.0044053355254008,3.148597274230204,3.165192495783563,4.464792495783563,2.1130055598089568,-0.12897861170120395,-0.14557383325456286,0.8315650278148593,-0.0002731693385588481,-6941.304342586449,-138.82608568029443,0.00016926394411193865,0.00016889233921231207,9818.453223353737,9775.389353360753,18617.274964237276,372.34549614284055,0.04781272834933643,0.0009562545589177147,18535.61934186525,370.7123837091805,0.047603021069502545,0.0009520604133564278,"[2.067,2.357]",2.213,"[3.000,3.500]",3.25,0.002,0.0,549,1.099,0.12,-3.920685477471,31,-0.14068547747100002,0.005,0.0,219,1.0975,0.1,-2.275816477471,21,-0.125816477471,1.13362433981046,1.1286519528229457,0.8370452328830296,0.8334195848839153,1.2427092380131848,1.1957219807028445,0.8266313690042343,0.8286626469202718
26,56,4.045,30.0,1.125,1.389931684,0.027798634,Arrington:1998ps,1.366973659,0.033454882,0.0089,4.0539,2.92,2.9289,1.0,0.0,0.0,1.389931684,0.027798634,0.5235987755982988,0.06698729810778066,0.9330127018922194,0.07179676972449082,0.041591331033393075,1.083408668966607,4.433234524286382,1.0044053355254008,3.1648550914809617,3.181486084251511,4.447111084251511,2.10881746110267,-0.17338461895196167,-0.19001561172251114,0.8328361329042193,-0.0002871697765756676,-4840.104347240598,-96.80208805913536,0.00016926394411193865,0.00016889233921231207,9656.061280733453,9613.709664019658,13421.265516737045,268.4253134246805,0.034468380764034905,0.0006893676232162548,13362.399662797918,267.24799633234545,0.03431720197504189,0.0006863440474015892,"[2.067,2.357]",2.213,"[3.000,3.500]",3.25,0.002,0.0,541,1.083,0.12,-3.920685477471,31,-0.14068547747100002,0.005,0.0,216,1.0825,0.1,-2.275816477471,20,-0.22581647747099964,1.1179623558920966,1.1136519528229458,0.8383660339722045,0.834453066817561,1.2427092380131848,1.1424325862515496,0.8266313690042343,0.8324602257491358
26,56,4.045,30.0,1.11,0.965331205,0.019306624,Arrington:1998ps,1.729976189,0.03211333,0.0089,4.0539,2.9349999999999996,2.9438999999999997,1.0,0.0,0.0,0.965331205,0.019306624,0.5235987755982988,0.06698729810778066,0.9330127018922194,0.07179676972449082,0.041591331033393075,1.068408668966607,4.433234524286382,1.0044053355254008,3.18111290873172,3.1977796727194585,4.4298796727194585,2.1047279331826854,-0.21779062620271938,-0.23445739019045808,0.8340840591877833,-0.0003013426590844218,-3203.4336191662806,-64.06867205147748,0.00016926394411193865,0.00016889233921231207,9498.196725218959,9456.537504602647,9168.90569008267,183.37811285183378,0.023547506166328357,0.00047095012088724833,9128.690744445767,182.5738139432616,0.023444226482539285,0.00046888452722216575,"[2.067,2.357]",2.213,"[3.000,3.500]",3.25,0.002,0.0,534,1.069,0.12,-3.920685477471,30,-0.2606854774710001,0.005,0.0,213,1.0675000000000001,0.1,-2.275816477471,20,-0.22581647747099964,1.1042543424403775,1.098651952822946,0.8394898579878081,0.8354752367030215,1.2150229672392925,1.1424325862515496,0.829491706774229,0.8324602257491358
26,56,4.045,30.0,1.095,0.609516012,0.01219032,Arrington:1998ps,2.280497924,0.045938088,0.0089,4.0539,2.95,2.9589000000000003,1.0,0.0,0.0,0.609516012,0.01219032,0.5235987755982988,0.06698729810778066,0.9330127018922194,0.07179676972449082,0.041591331033393075,1.053408668966607,4.433234524286382,1.0044053355254008,3.197370725982479,3.214073261187407,4.4130982611874074,2.1007375517154463,-0.2621966334534789,-0.27889916865840725,0.8353089935351325,-0.0003156862801938424,-1930.7649721924436,-38.615298683600436,0.00016926394411193865,0.00016889233921231207,9344.743032720084,9303.7568620958,5695.770506468331,113.91540788662829,0.014627829716704711,0.0002925565885743126,5670.788779202267,113.41577335114367,0.014563671855698521,0.00029127343137945124,"[2.067,2.357]",2.213,"[3.000,3.500]",3.25,0.002,0.0,526,1.053,0.12,-3.920685477471,30,-0.2606854774710001,0.005,0.0,210,1.0525,0.1,-2.275816477471,19,-0.32581647747099973,1.0885837205319078,1.0836519528229458,0.8407389862075051,0.8364860019200208,1.2150229672392925,1.0891431918002543,0.829491706774229,0.8361173075064101
26,56,4.045,30.0,1.08,0.384799998,0.007696,Arrington:1998ps,3.118503131,0.067047817,0.0089,4.0539,2.965,2.9739,1.0,0.0,0.0,0.384799998,0.007696,0.5235987755982988,0.06698729810778066,0.9330127018922194,0.07179676972449082,0.041591331033393075,1.038408668966607,4.433234524286382,1.0044053355254008,3.2136285432332365,3.2303668496553546,4.3967668496553545,2.0968468827397375,-0.30660264070423615,-0.3233409471263542,0.8365111224430294,-0.00033019880277109035,-1165.3585499725805,-23.307171120590755,0.00016926394411193867,0.0001688923392123121,9195.587007809421,9155.255037548404,3538.461862213891,70.7692376121013,0.009087447873951035,0.00018174895842366188,3522.9421201381156,70.45884276897252,0.00904759020340869,0.00018095180500867175,"[2.067,2.357]",2.213,"[3.000,3.500]",3.25,0.002,0.0,519,1.039,0.12,-3.920685477471,29,-0.3806854774709998,0.005,0.0,207,1.0375,0.1,-2.275816477471,19,-0.32581647747099973,1.0748681425834903,1.068651952822946,0.8418020855524607,0.8374852705358489,1.1869760495301955,1.0891431918002543,0.8322321107245219,0.8361173075064101
26,56,4.045,30.0,1.065,0.275367652,0.005507353,Arrington:1998ps,3.489879776,0.083524698,0.0089,4.0539,2.98,2.9889,1.0,0.0,0.0,0.275367652,0.005507353,0.5235987755982988,0.06698729810778066,0.9330127018922194,0.07179676972449082,0.041591331033393075,1.0234086689666069,4.433234524286382,1.0044053355254008,3.2298863604839956,3.2466604381233024,4.380885438123302,2.0930564823060323,-0.35100864795499565,-0.3677827255943025,0.8376906320110012,-0.00034487825781517585,-798.4488606051027,-15.968977096119097,0.00016926394411193862,0.00016889233921231204,9050.618690477922,9010.92255323751,2492.2476179442206,49.84495199685966,0.006400569286587302,0.00012801138480199713,2481.316585838858,49.62633135634026,0.00637249630224155,0.00012744992511916,"[2.067,2.357]",2.213,"[3.000,3.500]",3.25,0.002,0.0,511,1.0230000000000001,0.12,-3.920685477471,29,-0.3806854774709998,0.005,0.0,204,1.0225,0.1,-2.275816477471,19,-0.32581647747099973,1.059188868376907,1.0536519528229458,0.8429839807305083,0.8384729513248572,1.1869760495301955,1.0891431918002543,0.8322321107245219,0.8361173075064101
26,56,4.045,30.0,1.05,0.195275848,0.003905517,Arrington:1998ps,4.019954378,0.106515989,0.0089,4.0539,2.995,3.0039000000000002,1.0,0.0,0.0,0.195275848,0.003905517,0.5235987755982988,0.06698729810778066,0.9330127018922194,0.07179676972449082,0.041591331033393075,1.008408668966607,4.433234524286382,1.0044053355254008,3.2461441777347537,3.2629540265912507,4.365454026591251,2.089366896117398,-0.3954146552057538,-0.41222450406225075,0.8388477079175479,-0.000359722544020009,-542.85129260383,-10.857025963273411,0.0001692639441119387,0.00016889233921231212,8909.731265652936,8870.653062582835,1739.8553283524902,34.79710692343905,0.0044682817620441805,8.936563615615947e-05,1732.22429910966,34.64448633701932,0.004448683817183069,8.897367725492283e-05,"[2.067,2.357]",2.213,"[3.000,3.500]",3.25,0.002,0.0,504,1.0090000000000001,0.12,-3.920685477471,29,-0.3806854774709998,0.005,0.0,201,1.0075,0.1,-2.275816477471,18,-0.4258164774709998,1.0454657133950107,1.0386519528229459,0.8439900625341606,0.8394489537879163,1.1869760495301955,1.0358537973489592,0.8322321107245219,0.8396297211912745
26,56,4.045,30.0,1.035,0.137303266,0.002746065,Arrington:1998ps,4.959823765,0.142021385,0.0089,4.0539,3.01,3.0189,1.0,0.0,0.0,0.137303266,0.002746065,0.5235987755982988,0.06698729810778066,0.9330127018922194,0.07179676972449082,0.041591331033393075,0.9934086689666068,4.433234524286382,1.0044053355254008,3.262401994985512,3.279247615059198,4.350472615059198,2.085778659172444,-0.43982066245651197,-0.45666628253019814,0.8399825353969658,-0.0003747294275330322,-366.40641463338716,-7.328127438718261,0.00016926394411193865,0.00016889233921231207,8772.820975386796,8734.343262720487,1204.5369719539128,24.09073663177554,0.0030934816796440957,6.186962638319079e-05,1199.253856336619,23.985074331742535,0.0030799136267290997,6.159826535651267e-05,"[2.067,2.357]",2.213,"[3.000,3.500]",3.25,0.002,0.0,496,0.993,0.12,-3.920685477471,28,-0.5006854774709999,0.005,0.0,198,0.9925,0.1,-2.275816477471,18,-0.4258164774709998,1.0297777725427437,1.023651952822946,0.8451087695627123,0.8404131881718319,1.158554013019672,1.0358537973489592,0.8348585264157189,0.8396297211912745
26,56,4.045,30.0,1.02,0.095762204,0.001915244,Arrington:1998ps,6.098439439,0.191098359,0.0089,4.0539,3.025,3.0339,1.0,0.0,0.0,0.095762204,0.001915244,0.5235987755982988,0.06698729810778066,0.9330127018922194,0.07179676972449082,0.041591331033393075,0.9784086689666069,4.433234524286382,1.0044053355254008,3.2786598122362705,3.295541203527146,4.335941203527145,2.082292295410792,-0.4842266697072706,-0.501108060998146,0.8410952992167786,-0.00038989654191495907,-245.60926734478923,-4.912185141713149,0.00016926394411193865,0.00016889233921231207,8639.787033627576,8601.892809647545,827.3650484307988,16.547300277433013,0.0021248319306851906,4.249663683861357e-05,823.7362140236014,16.4747235923206,0.0021155123888043654,4.231024600878262e-05,"[2.067,2.357]",2.213,"[3.000,3.500]",3.25,0.002,0.0,489,0.979,0.12,-3.920685477471,28,-0.5006854774709999,0.005,0.0,195,0.9775,0.1,-2.275816477471,17,-0.5258164774709999,1.0160470279559135,1.0086519528229458,0.8460612140798456,0.8413655654887109,1.158554013019672,0.9825644028976641,0.8348585264157189,0.8429934072865815
26,56,4.045,30.0,1.005,0.066270702,0.001325414,Arrington:1998ps,6.986496094,0.248978802,0.0089,4.0539,3.04,3.0489,1.0,0.0,0.0,0.066270702,0.001325414,0.5235987755982988,0.06698729810778066,0.9330127018922194,0.07179676972449082,0.041591331033393075,0.9634086689666068,4.433234524286382,1.0044053355254008,3.2949176294870286,3.3118347919950946,4.321859791995094,2.0789083173615652,-0.5286326769580287,-0.5455498394660947,0.8421861836557707,-0.0004052213883057446,-163.54196474446192,-3.270839196177766,0.00016926394411193867,0.0001688923392123121,8510.531543486903,8473.204235852723,563.9988997800206,11.279977655179149,0.0014484572117190897,2.8969143360114785e-05,561.5251928993335,11.230503519058502,0.001442104258597359,2.8842084301514716e-05,"[2.067,2.357]",2.213,"[3.000,3.500]",3.25,0.002,0.0,481,0.963,0.12,-3.920685477471,28,-0.5006854774709999,0.005,0.0,192,0.9625,0.1,-2.275816477471,17,-0.5258164774709999,1.000350406070723,0.9936519528229459,0.8471204242214636,0.8423059975352691,1.158554013019672,0.9825644028976641,0.8348585264157189,0.8429934072865815
26,56,4.045,30.0,0.99,0.045514144,0.000910283,Arrington:1998ps,8.458908966,0.340553477,0.0089,4.0539,3.0549999999999997,3.0639,1.0,0.0,0.0,0.045514144,0.000910283,0.5235987755982988,0.06698729810778066,0.9330127018922194,0.07179676972449082,0.041591331033393075,0.9484086689666069,4.433234524286382,1.0044053355254008,3.311175446737787,3.328128380463042,4.308228380463042,2.075627225795384,-0.5730386842087873,-0.5899916179340421,0.8432553724826127,-0.00042070133580143673,-108.18635484790055,-2.163727382195993,0.00016926394411193862,0.00016889233921231204,8384.959416922999,8348.182870351697,381.6342503359894,7.632686012914918,0.0009801098589975554,1.9602199764052942e-05,379.9603972995204,7.599208947772354,0.0009758110837641693,1.951622424805132e-05,"[2.067,2.357]",2.213,"[3.000,3.500]",3.25,0.002,0.0,474,0.9490000000000001,0.12,-3.920685477471,27,-0.620685477471,0.005,0.0,189,0.9475,0.1,-2.275816477471,16,-0.6258164774709998,0.9866120592726944,0.9786519528229459,0.8480223186274519,0.843234396912074,1.1297413912770526,0.9292750084463691,0.8373764167995651,0.8462044287389385
26,56,4.045,30.0,0.975,0.031024936,0.000620499,Arrington:1998ps,10.15312333,0.460919565,0.0089,4.0539,3.07,3.0789,1.0,0.0,0.0,0.031024936,0.000620499,0.5235987755982988,0.06698729810778066,0.9330127018922194,0.07179676972449082,0.041591331033393075,0.9334086689666069,4.433234524286382,1.0044053355254008,3.3274332639885453,3.34442196893099,4.29504696893099,2.072449509380383,-0.6174446914595451,-0.6344333964019899,0.8443030489350737,-0.00043633362204607953,-71.10370237919363,-1.422074689294678,0.00016926394411193867,0.0001688923392123121,8262.978296760353,8226.736761048784,256.35837282637897,5.127169770161503,0.0006583774082711319,1.316755410727774e-05,255.2339815003858,5.1046819334940094,0.0006554897559626531,1.310980103504711e-05,"[2.067,2.357]",2.213,"[3.000,3.500]",3.25,0.002,0.0,466,0.933,0.12,-3.920685477471,27,-0.620685477471,0.005,0.0,186,0.9325,0.1,-2.275816477471,16,-0.6258164774709998,0.9709067419274788,0.9636519528229459,0.8490254056589488,0.8441506770427158,1.1297413912770526,0.9292750084463691,0.8373764167995651,0.8462044287389385
26,56,4.045,30.0,0.96,0.020990509,0.00041981,Arrington:1998ps,14.62565741,0.824182015,0.0089,4.0539,3.085,3.0939,1.0,0.0,0.0,0.020990509,0.00041981,0.5235987755982988,0.06698729810778066,0.9330127018922194,0.07179676972449082,0.041591331033393075,0.9184086689666069,4.433234524286382,1.0044053355254008,3.343691081239304,3.360715557398938,4.282315557398938,2.069375644342742,-0.6618506987103041,-0.6788751748699382,0.8453293956998106,-0.00045211535404230616,-46.42733057465648,-0.9285462133646467,0.00016926394411193867,0.0001688923392123121,8144.4984809701145,8108.776599349461,170.95716866528952,3.419141907296064,0.0004390507569161882,8.781011373329964e-06,170.20734818763427,3.4041455041728974,0.00043712507429734265,8.742497737466367e-06,"[2.067,2.357]",2.213,"[3.000,3.500]",3.25,0.002,0.0,459,0.919,0.12,-3.920685477471,27,-0.620685477471,0.005,0.0,183,0.9175,0.1,-2.275816477471,15,-0.7258164774709999,0.957160780277043,0.9486519528229459,0.8498795736625449,0.8450547521928993,1.1297413912770526,0.8759856139950739,0.8373764167995651,0.8492589818202286
26,56,4.045,30.0,0.945,0.014094937,0.000281899,Arrington:1998ps,16.45981126,1.071306668,0.0089,4.0539,3.1,3.1089,1.0,0.0,0.0,0.014094937,0.000281899,0.5235987755982988,0.06698729810778066,0.9330127018922194,0.07179676972449082,0.041591331033393075,0.9034086689666069,4.433234524286382,1.0044053355254008,3.3599488984900625,3.377009145866886,4.270034145866886,2.066406094132246,-0.7062567059610623,-0.7233169533378856,0.8463345948927291,-0.00046804350918371745,-30.114587048930584,-0.6022922964825229,0.00016926394411193865,0.00016889233921231207,8029.432849138321,7994.215646951093,113.17435015433514,2.2634890907392435,0.0002906534103641089,5.813073568773803e-06,112.67796590818989,2.253561396659866,0.00028937860053488177,5.787577348673687e-06,"[1.770,2.067]",1.921,"[3.000,3.500]",3.25,0.002,0.0,451,0.903,0.12,-2.7135574774710003,16,-0.7335574774710003,0.005,0.0,180,0.9025,0.1,-2.275816477471,15,-0.7258164774709999,0.9300800767638435,0.9336519528229459,0.8420622787288263,0.8459465374894494,0.7812279515929325,0.8759856139950739,0.8532073720699341,0.8492589818202286
26,56,4.045,30.0,0.93,0.009392706,0.000187854,Arrington:1998ps,21.18665166,1.490518281,0.0089,4.0539,3.1149999999999998,3.1239,1.0,0.0,0.0,0.009392706,0.000187854,0.5235987755982988,0.06698729810778066,0.9330127018922194,0.07179676972449082,0.041591331033393075,0.888408668966607,4.433234524286382,1.0044053355254008,3.37620671574082,3.3933027343348336,4.258202734334834,2.063541309093383,-0.75066271321182,-0.7677587318058334,0.847318828039908,-0.0004841149365115675,-19.401809966207416,-0.3880359514491274,0.00016926394411193867,0.0001688923392123121,7917.696791051783,7882.969664742039,74.36859815549283,1.4873710129862416,0.00019099280577635362,3.819853675427627e-06,74.04241646784054,1.480847383400451,0.00019015510872057045,3.8030997450142737e-06,"[1.770,2.067]",1.921,"[3.000,3.500]",3.25,0.002,0.0,444,0.889,0.12,-2.7135574774710003,16,-0.7335574774710003,0.005,0.0,177,0.8875000000000001,0.1,-2.275816477471,15,-0.7258164774709999,0.9163235423581426,0.918651952822946,0.8432489824048739,0.8468259489392206,0.7812279515929325,0.8759856139950739,0.8532073720699341,0.8492589818202286
26,56,4.045,30.0,0.915,0.006210981,0.00012422,Arrington:1998ps,25.43881404,2.012564521,0.0089,4.0539,3.13,3.1389,1.0,0.0,0.0,0.006210981,0.00012422,0.5235987755982988,0.06698729810778066,0.9330127018922194,0.07179676972449082,0.041591331033393075,0.873408668966607,4.433234524286382,1.0044053355254008,3.3924645329915792,3.4095963228027815,4.246821322802782,2.0607817261424803,-0.795068720462579,-0.8122005102737813,0.8482822760590755,-0.0005003263581976468,-12.41385927052526,-0.24827794491476432,0.00016926394411193862,0.00016889233921231204,7809.20813733381,7774.9568437416165,48.50284336602568,0.9700598348196058,0.00012456459274974287,2.491299476100967e-06,48.29010923229915,0.9658051391295835,0.00012401825074394253,2.4803726025586842e-06,"[1.770,2.067]",1.921,"[3.000,3.500]",3.25,0.002,0.0,436,0.873,0.12,-2.7135574774710003,15,-0.8535574774710004,0.005,0.0,174,0.8725,0.1,-2.275816477471,14,-0.8258164774709997,0.900597421873158,0.903651952822946,0.844562794791718,0.8476929034479075,0.745972683541745,0.8226962195437789,0.8553646650870124,0.8521534068184291
26,56,4.045,30.0,0.9,0.004074973,8.15e-05,Arrington:1998ps,25.7670403,2.50308407,0.0089,4.0539,3.145,3.1539,1.0,0.0,0.0,0.004074973,8.15e-05,0.5235987755982988,0.06698729810778066,0.9330127018922194,0.07179676972449082,0.041591331033393075,0.858408668966607,4.433234524286382,1.0044053355254008,3.4087223502423374,3.4258899112707293,4.235889911270729,2.0581277684513974,-0.8394747277133372,-0.8566422887417291,0.8492251192416369,-0.0005166743712546745,-7.8869269054404105,-0.1577395832545132,0.00016926394411193867,0.0001688923392123121,7703.8870920648515,7670.097738016272,31.393131895212782,0.6278667980032854,8.062357623357964e-05,1.612482208602791e-06,31.255441189777383,0.6251129656483262,8.026996012661138e-05,1.6054098396035575e-06,"[1.770,2.067]",1.921,"[3.000,3.500]",3.25,0.002,0.0,429,0.859,0.12,-2.7135574774710003,15,-0.8535574774710004,0.005,0.0,171,0.8575,0.1,-2.275816477471,14,-0.8258164774709997,0.8868332423152339,0.888651952822946,0.8456765170484286,0.8485473188387446,0.745972683541745,0.8226962195437789,0.8553646650870124,0.8521534068184291
26,56,4.045,30.0,0.885,0.002652438,5.3e-05,Arrington:1998ps,46.74943831,4.222530366,0.0089,4.0539,3.16,3.1689000000000003,1.0,0.0,0.0,0.002652438,5.3e-05,0.5235987755982988,0.06698729810778066,0.9330127018922194,0.07179676972449082,0.041591331033393075,0.8434086689666069,4.433234524286382,1.0044053355254008,3.4249801674930955,3.442183499738678,4.225408499738678,2.0555798451382707,-0.8838807349640954,-0.9010840672096778,0.8501475372352393,-0.0005331554494748075,-4.974980566386074,-0.09940815582436308,0.0001692639441119387,0.00016889233921231212,7601.65616732506,7568.315199509231,20.162921681147346,0.4028877768682282,5.1782245195471294e-05,1.034692986361973e-06,20.074486831155866,0.40112070557398927,5.155512756051241e-05,1.0301548087861648e-06,"[1.770,2.067]",1.921,"[3.000,3.500]",3.25,0.002,0.0,421,0.843,0.12,-2.7135574774710003,15,-0.8535574774710004,0.005,0.0,168,0.8425,0.1,-2.275816477471,13,-0.9258164774709998,0.8710983772266516,0.8736519528229459,0.8469097776043187,0.84938911387109,0.745972683541745,0.7694068250924838,0.8553646650870124,0.8548841985049714
26,56,4.045,30.0,0.87,0.001712789,3.43e-05,Arrington:1998ps,50.15212189,5.45893277,0.0089,4.0539,3.175,3.1839,1.0,0.0,0.0,0.001712789,3.43e-05,0.5235987755982988,0.06698729810778066,0.9330127018922194,0.07179676972449082,0.041591331033393075,0.8284086689666069,4.433234524286382,1.0044053355254008,3.441237984743854,3.4584770882066254,4.215377088206625,2.0531383509658148,-0.928286742214854,-0.9455258456776252,0.8510497090268683,-0.000549765945596247,-3.1154876247243717,-0.06239018672355203,0.00016926394411193865,0.00016889233921231207,7502.440119598378,7469.534314723526,12.850096910006787,0.2573336961022244,3.300151037147089e-05,6.608822252720281e-07,12.793736209380993,0.25620502699501696,3.2856765296062394e-05,6.579835868019588e-07,"[1.770,2.067]",1.921,"[3.000,3.500]",3.25,0.002,0.0,414,0.8290000000000001,0.12,-2.7135574774710003,14,-0.9735574774710003,0.005,0.0,165,0.8275,0.1,-2.275816477471,13,-0.9258164774709998,0.8573265397560093,0.8586519528229459,0.8479553912831842,0.8502182082588854,0.709963488653555,0.7694068250924838,0.8574052008392399,0.8548841985049714
26,56,4.045,30.0,0.855,0.001097258,2.19e-05,Arrington:1998ps,62.15495355,7.618992069,0.0089,4.0539,3.19,3.1989,1.0,0.0,0.0,0.001097258,2.19e-05,0.5235987755982988,0.06698729810778066,0.9330127018922194,0.07179676972449082,0.041591331033393075,0.8134086689666069,4.433234524286382,1.0044053355254008,3.4574958019946123,3.4747706766745736,4.205795676674573,2.0508036660476723,-0.9726927494656121,-0.9899676241455735,0.8519318129264689,-0.0005665020936972199,-1.9369001671977137,-0.038658286074587676,0.00016926394411193867,0.0001688923392123121,7406.165887979771,7373.68234320025,8.126474769912907,0.16219503294675697,2.087034387996967e-05,4.165479139558206e-07,8.090831940535221,0.16148364331608547,2.0778806266548232e-05,4.14720929113669e-07,"[1.770,2.067]",1.921,"[3.000,3.500]",3.25,0.002,0.0,406,0.8130000000000001,0.12,-2.7135574774710003,14,-0.9735574774710003,0.005,0.0,162,0.8125,0.1,-2.275816477471,12,-1.025816477471,0.8415829154601298,0.8436519528229459,0.8491133872712306,0.8510345226889864,0.709963488653555,0.7161174306411887,0.8574052008392399,0.857448016325646
26,56,4.045,30.0,0.84,0.000697435,1.39e-05,Arrington:1998ps,73.26851378,10.42391047,0.0089,4.0539,3.205,3.2139,1.0,0.0,0.0,0.000697435,1.39e-05,0.5235987755982988,0.06698729810778066,0.9330127018922194,0.07179676972449082,0.041591331033393075,0.7984086689666069,4.433234524286382,1.0044053355254008,3.4737536192453713,3.4910642651425214,4.196664265142521,2.048576155563303,-1.0170987567163712,-1.0344094026135213,0.8527940265510837,-0.0005833600118159216,-1.1955481792949405,-0.023827481689619352,0.00016926394411193862,0.00016889233921231204,7312.762534129429,7280.688657736121,5.100176537990558,0.10164739922439907,1.3098230316361017e-05,2.6104999232533233e-07,5.077807094008192,0.10120157234253209,1.3040781299224562e-05,2.599050234921124e-07,"[1.770,2.067]",1.921,"[3.000,3.500]",3.25,0.002,0.0,399,0.799,0.12,-2.7135574774710003,13,-1.0935574774710004,0.005,0.0,159,0.7975,0.1,-2.275816477471,12,-1.025816477471,0.8278034072807259,0.8286519528229459,0.8500952865371755,0.85183797883935,0.6731498254958411,0.7161174306411887,0.8593326115864613,0.857448016325646
26,56,4.045,30.0,0.825,0.000439925,8.8e-06,Arrington:1998ps,117.0654241,16.63919986,0.0089,4.0539,3.2199999999999998,3.2289,1.0,0.0,0.0,0.000439925,8.8e-06,0.5235987755982988,0.06698729810778066,0.9330127018922194,0.07179676972449082,0.041591331033393075,0.7834086689666069,4.433234524286382,1.0044053355254008,3.490011436496129,3.507357853610469,4.187982853610468,2.0464561694818846,-1.061504763967129,-1.0788511810814687,0.8536365268094966,-0.0006003357047942905,-0.7327983268140673,-0.014658465138293558,0.00016926394411193867,0.0001688923392123121,7222.161183919624,7190.484686286277,3.1772092588358403,0.06355501841849269,8.159681988557777e-06,1.6322146161120294e-07,3.1632739756144903,0.06327626523931924,8.123893511865386e-06,1.625055700503845e-07,"[1.770,2.067]",1.921,"[3.500,4.000]",3.75,0.002,0.0,391,0.783,0.12,-2.7135574774710003,13,-1.0935574774710004,0.005,0.0,156,0.7825,0.1,-2.775816477471,16,-1.1258164774709998,0.8120510091331568,0.8184445609495529,0.8511827903530133,0.8552540416639841,0.6731498254958411,0.9292750084463692,0.8593326115864613,0.8498629279904996
26,56,4.045,30.0,0.81,0.000275459,5.51e-06,Arrington:1998ps,112.5395127,20.72903772,0.0089,4.0539,3.235,3.2439,1.0,0.0,0.0,0.000275459,5.51e-06,0.5235987755982988,0.06698729810778066,0.9330127018922194,0.07179676972449082,0.041591331033393075,0.768408668966607,4.433234524286382,1.0044053355254008,3.506269253746887,3.523651442078417,4.179751442078417,2.0444440422957086,-1.105910771217887,-1.123292959549417,0.8544594898873797,-0.0006174250673427871,-0.44614158797519055,-0.008924159855888899,0.0001692639441119387,0.00016889233921231212,7134.294970722019,7103.003855500324,1.9652057583401163,0.03930996528867832,5.047024833363799e-06,1.0095552090087648e-07,1.9565863390322635,0.03913755124380678,5.024888513484168e-06,1.0051272860679001e-07,"[1.770,2.067]",1.921,"[3.500,4.000]",3.75,0.002,0.0,384,0.769,0.12,-2.7135574774710003,13,-1.0935574774710004,0.005,0.0,153,0.7675000000000001,0.1,-2.775816477471,16,-1.1258164774709998,0.7982638174132859,0.803444560949553,0.8521049450576662,0.8559359915744155,0.6731498254958411,0.9292750084463692,0.8593326115864613,0.8498629279904996
26,56,4.045,30.0,0.795,0.000171289,3.43e-06,Arrington:1998ps,176.3105131,33.04356964,0.0089,4.0539,3.25,3.2589,1.0,0.0,0.0,0.000171289,3.43e-06,0.5235987755982988,0.06698729810778066,0.9330127018922194,0.07179676972449082,0.041591331033393075,0.753408668966607,4.433234524286382,1.0044053355254008,3.522527070997646,3.539945030546365,4.171970030546365,2.0425400927635096,-1.150316778468646,-1.1677347380173648,0.8552630912329314,-0.0006346238873226115,-0.26990632313360297,-0.005404776070548944,0.00016926394411193862,0.00016889233921231204,7049.098980284849,7018.181535841295,1.2074331152340116,0.024178409502377034,3.1009195303595262e-06,6.209478710911486e-08,1.2021372970927195,0.024072362667935644,3.0873188549296645e-06,6.182243852441635e-08,"[1.770,2.067]",1.921,"[3.500,4.000]",3.75,0.002,0.0,376,0.753,0.12,-2.7135574774710003,12,-1.2135574774710003,0.005,0.0,150,0.7525000000000001,0.1,-2.775816477471,16,-1.1258164774709998,0.7825026307287644,0.788444560949553,0.8531262719417138,0.8566063858591594,0.6354752398811444,0.9292750084463692,0.8611498580856597,0.8498629279904996
26,56,4.045,30.0,0.78,0.000105832,2.12e-06,Arrington:1998ps,159.6868338,40.53594376,0.0089,4.0539,3.2649999999999997,3.2739,1.0,0.0,0.0,0.000105832,2.12e-06,0.5235987755982988,0.06698729810778066,0.9330127018922194,0.07179676972449082,0.041591331033393075,0.738408668966607,4.433234524286382,1.0044053355254008,3.538784888248404,3.5562386190143123,4.164638619014312,2.0407446236641937,-1.1947227857194038,-1.2121765164853122,0.8560475055429999,-0.0006519278492410917,-0.16233698272469704,-0.0032518935990660455,0.00016926394411193867,0.0001688923392123121,6966.5101971514105,6935.95498823914,0.7372797071849281,0.01476900161796099,1.8934755180243677e-06,3.792962523822341e-08,0.7340459883153246,0.014704224575066977,1.8851707085306327e-06,3.776326538367357e-08,"[1.770,2.067]",1.921,"[3.500,4.000]",3.75,0.002,0.0,369,0.739,0.12,-2.7135574774710003,12,-1.2135574774710003,0.005,0.0,147,0.7375,0.1,-2.775816477471,15,-1.2258164774709999,0.7687077426009097,0.7734445609495529,0.8539922745635324,0.8572651676365671,0.6354752398811444,0.8759856139950738,0.8611498580856597,0.8525318989618874
26,56,4.045,30.0,0.765,6.5e-05,1.3e-06,Arrington:1998ps,292.2570765,69.83401347,0.0089,4.0539,3.28,3.2889,1.0,0.0,0.0,6.5e-05,1.3e-06,0.5235987755982988,0.06698729810778066,0.9330127018922194,0.07179676972449082,0.041591331033393075,0.7234086689666069,4.433234524286382,1.0044053355254008,3.555042705499163,3.572532207482261,4.157757207482261,2.0390579215613913,-1.2391287929701629,-1.256618294953261,0.8568129067496825,-0.0006693325379552447,-0.0971116691840047,-0.0019422333836800942,0.00016926394411193865,0.00016889233921231207,6886.467452572783,6856.263312231906,0.4476203844172309,0.008952407688344618,1.1495748913242424e-06,2.2991497826484848e-08,0.44565711529507385,0.008913142305901478,1.1445328401435699e-06,2.28906568028714e-08,"[1.770,2.067]",1.921,"[3.500,4.000]",3.75,0.002,0.0,361,0.723,0.12,-2.7135574774710003,12,-1.2135574774710003,0.005,0.0,144,0.7225,0.1,-2.775816477471,15,-1.2258164774709999,0.7529377526531604,0.7584445609495529,0.8549513325134109,0.857912280878192,0.6354752398811444,0.8759856139950738,0.8611498580856597,0.8525318989618874
26,56,4.045,30.0,0.75,3.97e-05,7.95e-07,Arrington:1998ps,347.3344352,98.4113241,0.0089,4.0539,3.295,3.3039,1.0,0.0,0.0,3.97e-05,7.95e-07,0.5235987755982988,0.06698729810778066,0.9330127018922194,0.07179676972449082,0.041591331033393075,0.7084086689666069,4.433234524286382,1.0044053355254008,3.571300522749921,3.588825795950209,4.151325795950209,2.037480256579241,-1.283534800220921,-1.3010600734212088,0.8575594680073967,-0.000686833442577824,-0.05780149529556674,-0.0011574858629716765,0.0001692639441119387,0.00016889233921231212,6808.911373869425,6779.047395549435,0.2703137815426162,0.005413084542226193,6.94217571089544e-07,1.390183801048331e-08,0.2691281816033126,0.005389342679461801,6.911727233372384e-07,1.3840864359020264e-08,"[1.770,2.067]",1.921,"[3.500,4.000]",3.75,0.002,0.0,354,0.709,0.12,-2.7135574774710003,11,-1.3335574774710004,0.005,0.0,141,0.7075,0.1,-2.775816477471,14,-1.3258164774709997,0.7391351552138516,0.7434445609495529,0.8557644388175604,0.8585476704203652,0.5968763486071639,0.8226962195437789,0.8628592151358191,0.8550586532104781
26,56,4.045,30.0,0.735,2.42e-05,4.83e-07,Arrington:1998ps,309.0122684,120.7919318,0.0089,4.0539,3.31,3.3189,1.0,0.0,0.0,2.42e-05,4.83e-07,0.5235987755982988,0.06698729810778066,0.9330127018922194,0.07179676972449082,0.041591331033393075,0.6934086689666069,4.433234524286382,1.0044053355254008,3.587558340000679,3.605119384418157,4.1453443844181574,2.036011882189826,-1.3279408074716792,-1.345501851889157,0.8582873616804105,-0.0007044259605794395,-0.03435421372047931,-0.000685664678801302,0.00016926394411193873,0.00016889233921231215,6733.784335197921,6704.24986509605,0.1629575809117897,0.0032524178339005958,4.185062832002716e-07,8.352832015939304e-09,0.16224284673532438,0.0032381526848413917,4.166707089238553e-07,8.31619638058769e-09,"[1.770,2.067]",1.921,"[3.500,4.000]",3.75,0.002,0.0,346,0.6930000000000001,0.12,-2.7135574774710003,11,-1.3335574774710004,0.005,0.0,138,0.6925,0.1,-2.775816477471,14,-1.3258164774709997,0.7233563472354447,0.7284445609495529,0.8566647718878829,0.8591712819756288,0.5968763486071639,0.8226962195437789,0.8628592151358191,0.8550586532104781
26,56,4.045,30.0,0.72,0.156761877,0.003135238,Arrington:1998ps,0.047970847,0.01875456,0.0089,4.0539,3.325,3.3339000000000003,1.0,0.0,0.0,0.156761877,0.003135238,0.5235987755982988,0.06698729810778066,0.9330127018922194,0.07179676972449082,0.041591331033393075,0.6784086689666069,4.433234524286382,1.0044053355254008,3.6038161572514382,3.621412972886105,4.139812972886105,2.0346530350126297,-1.3723468147224382,-1.3899436303571049,0.8589967593308276,-0.0007221054020796796,-217.09002113614204,-4.341801059748957,0.00016926394411193865,0.00016889233921231207,6661.0304096804875,6631.815039290016,1044.1956297755921,20.88391565958583,0.0026816943986662576,5.36338958424541e-05,1039.6157734759315,20.79231852015355,0.0026699324503921245,5.339865684245734e-05,"[1.770,2.067]",1.921,"[3.500,4.000]",3.75,0.002,0.0,339,0.679,0.12,-2.7135574774710003,11,-1.3335574774710004,0.005,0.0,135,0.6775,0.1,-2.775816477471,13,-1.4258164774709998,0.7095460275451018,0.7134445609495529,0.8574279362508842,0.85978306214403,0.5968763486071639,0.7694068250924838,0.8628592151358191,0.857440509173072
26,56,4.045,30.0,0.705,0.354872578,0.007097452,Arrington:1998ps,0.015132192,0.00710114,0.0089,4.0539,3.34,3.3489,1.0,0.0,0.0,0.354872578,0.007097452,0.5235987755982988,0.06698729810778066,0.9330127018922194,0.07179676972449082,0.041591331033393075,0.6634086689666069,4.433234524286382,1.0044053355254008,3.620073974502196,3.6377065613540522,4.1347315613540525,2.0334039346263824,-1.416752821973196,-1.4343854088250523,0.8596878317070191,-0.0007398669943194853,-479.6437477609129,-9.592875549919743,0.00016926394411193867,0.0001688923392123121,6590.5953228564995,6561.688881719235,2338.8215527768284,46.77643395539851,0.006006541761632784,0.00012013084268005664,2328.5634494896417,46.571271876935945,0.005980196987395317,0.00011960394716264289,"[1.770,2.067]",1.921,"[3.500,4.000]",3.75,0.002,0.0,331,0.663,0.12,-2.7135574774710003,10,-1.4535574774710003,0.005,0.0,132,0.6625,0.1,-2.775816477471,13,-1.4258164774709998,0.6937583867272608,0.6984445609495529,0.8582727622241979,0.8603829584242652,0.5572815869439202,0.7694068250924838,0.8644622400751869,0.857440509173072
26,56,4.045,30.0,0.69,0.568090672,0.011361813,Arrington:1998ps,0.003784607,0.00299248,0.0089,4.0539,3.355,3.3639,1.0,0.0,0.0,0.568090672,0.011361813,0.5235987755982988,0.06698729810778066,0.9330127018922194,0.07179676972449082,0.041591331033393075,0.6484086689666069,4.433234524286382,1.0044053355254008,3.636331791752954,3.6540001498220005,4.130100149822001,2.0322647833936407,-1.4611588292239541,-1.4788271872930006,0.8603607487324917,-0.0007577058863063655,-749.7509023841767,-14.995017466983281,0.00016926394411193867,0.0001688923392123121,6522.426407416478,6493.818956073765,3705.329600859772,74.10658914732784,0.009515996191224623,0.0001903199164541227,3689.077974602283,73.78155663476532,0.009474258901907206,0.0001894851707001009,"[1.770,2.067]",1.921,"[3.500,4.000]",3.75,0.002,0.0,324,0.649,0.12,-2.7135574774710003,10,-1.4535574774710003,0.005,0.0,129,0.6475,0.1,-2.775816477471,12,-1.525816477471,0.6799403318100659,0.6834445609495529,0.8589886684081014,0.8609709192246715,0.5572815869439202,0.7161174306411887,0.8644622400751869,0.859674916868192
26,56,4.045,30.0,0.675,0.796220945,0.015924419,Arrington:1998ps,0.001343848,0.001657831,0.0089,4.0539,3.37,3.3789000000000002,1.0,0.0,0.0,0.796220945,0.015924419,0.5235987755982988,0.06698729810778066,0.9330127018922194,0.07179676972449082,0.041591331033393075,0.633408668966607,4.433234524286382,1.0044053355254008,3.652589609003713,3.6702937382899483,4.125918738289949,2.031235766298425,-1.5055648364747132,-1.5232689657609484,0.8610156794951903,-0.0007756171536234638,-1026.5643833175698,-20.531287795280985,0.00016926394411193867,0.0001688923392123121,6456.472559180486,6428.154382317303,5140.778682437255,102.81557429439235,0.013202504400863693,0.0002640500896754197,5118.231156894574,102.36462378070692,0.01314459803616785,0.0002628919623742302,"[1.770,2.067]",1.921,"[3.500,4.000]",3.75,0.002,0.0,316,0.633,0.12,-2.7135574774710003,9,-1.5735574774710004,0.005,0.0,126,0.6325000000000001,0.1,-2.775816477471,12,-1.525816477471,0.6641438433025257,0.668444560949553,0.8597809116555993,0.8615468938740655,0.5166096490576481,0.7161174306411887,0.8659597205268018,0.859674916868192
26,56,4.045,30.0,0.66,1.039053513,0.02078107,Arrington:1998ps,0.004176878,0.002213553,0.0089,4.0539,3.385,3.3939,1.0,0.0,0.0,1.039053513,0.02078107,0.5235987755982988,0.06698729810778066,0.9330127018922194,0.07179676972449082,0.041591331033393075,0.618408668966607,4.433234524286382,1.0044053355254008,3.668847426254471,3.6865873267578966,4.122187326757897,2.030317050797214,-1.5499708437254704,-1.5677107442288962,0.8616527922372198,-0.000793595803392833,-1309.298144669831,-26.185962565773913,0.00016926394411193867,0.0001688923392123121,6392.684194284057,6364.645794060888,6642.340969570425,132.8468177293106,0.017058803986717067,0.0003411760754657555,6613.20757131964,132.2641497715849,0.016983983839346756,0.0003396796725370714,"[1.770,2.067]",1.921,"[3.500,4.000]",3.75,0.002,0.0,309,0.619,0.12,-2.7135574774710003,9,-1.5735574774710004,0.005,0.0,123,0.6175,0.1,-2.775816477471,12,-1.525816477471,0.6503180401462956,0.6534445609495529,0.860451999685996,0.8621108326324182,0.5166096490576481,0.7161174306411887,0.8659597205268018,0.859674916868192
26,56,4.045,30.0,0.645,1.296367157,0.025927343,Arrington:1998ps,0.0041732,0.001959321,0.0089,4.0539,3.4,3.4089,1.0,0.0,0.0,1.296367157,0.025927343,0.5235987755982988,0.06698729810778066,0.9330127018922194,0.07179676972449082,0.041591331033393075,0.6034086689666069,4.433234524286382,1.0044053355254008,3.68510524350523,3.7028809152258444,4.118905915225844,2.029508786683577,-1.59437685097623,-1.6121525226968445,0.8622722543449869,-0.0008116367793827822,-1597.225741773107,-31.94451466297119,0.0001692639441119386,0.00016889233921231202,6331.013207536056,6303.245297103411,8207.317592782967,164.1463509693175,0.021077963734986306,0.00042155927242343045,8171.320185679569,163.42640283113704,0.020985515498043925,0.0004197103076945667,"[1.770,2.067]",1.921,"[3.500,4.000]",3.75,0.002,0.0,301,0.603,0.12,-2.7135574774710003,9,-1.5735574774710004,0.005,0.0,120,0.6025,0.1,-2.775816477471,11,-1.6258164774709998,0.6345126890571322,0.6384445609495529,0.8611943199018771,0.862662686701368,0.5166096490576481,0.6628280361898937,0.8659597205268018,0.8617594645170022
26,56,4.045,30.0,0.63,1.567932802,0.031358656,Arrington:1998ps,0.001390366,0.001096986,0.0089,4.0539,3.415,3.4239,1.0,0.0,0.0,1.567932802,0.031358656,0.5235987755982988,0.06698729810778066,0.9330127018922194,0.07179676972449082,0.041591331033393075,0.5884086689666069,4.433234524286382,1.0044053355254008,3.701363060755988,3.719174503693792,4.116074503693792,2.028811105966692,-1.6387828582269877,-1.656594301164792,0.8628742323397456,-0.0008297349672485456,-1889.6790708958135,-37.79358136970811,0.00016926394411193865,0.00016889233921231207,6271.412931914036,6243.9064291046225,9833.15405083501,196.66308076584366,0.025253423197158693,0.0005050684632989261,9790.025702811825,195.80051380648024,0.02514266133796344,0.0005028532261178468,"[1.770,2.067]",1.921,"[3.500,4.000]",3.75,0.002,0.0,294,0.589,0.12,-2.7135574774710003,8,-1.6935574774710003,0.005,0.0,117,0.5875,0.1,-2.775816477471,11,-1.6258164774709998,0.6206791246131544,0.6234445609495529,0.8618228095974,0.8632024082345656,0.47476752402222344,0.6628280361898937,0.867351595965431,0.8617594645170022
26,56,4.045,30.0,0.615,1.853516998,0.03707034,Arrington:1998ps,0.000588071,0.000717555,0.0089,4.0539,3.4299999999999997,3.4389,1.0,0.0,0.0,1.853516998,0.03707034,0.5235987755982988,0.06698729810778066,0.9330127018922194,0.07179676972449082,0.041591331033393075,0.5734086689666069,4.433234524286382,1.0044053355254008,3.7176208780067457,3.73546809216174,4.11369309216174,2.028224122763986,-1.6831888654777458,-1.7010360796327402,0.8634588918685482,-0.00084788519989514,-2186.04711844154,-43.720942416007,0.00016926394411193867,0.0001688923392123121,6213.838099163827,6186.5841203575355,11517.454539620163,230.34909104095678,0.029579029489359594,0.000591580590425525,11466.938826639569,229.33877678025476,0.02944929546186342,0.0005889859098728018,"[1.770,2.067]",1.921,"[3.500,4.000]",3.75,0.002,0.0,286,0.5730000000000001,0.12,-2.7135574774710003,8,-1.6935574774710003,0.005,0.0,114,0.5725,0.1,-2.775816477471,10,-1.7258164774709999,0.604864896008614,0.6084445609495529,0.8625176269803098,0.863729950347844,0.47476752402222344,0.6095386417385984,0.867351595965431,0.8636918848825761
26,56,4.045,30.0,0.6,2.152885263,0.043057705,Arrington:1998ps,0.000506297,0.000617776,0.0089,4.0539,3.445,3.4539,1.0,0.0,0.0,2.152885263,0.043057705,0.5235987755982988,0.06698729810778066,0.9330127018922194,0.07179676972449082,0.041591331033393075,0.5584086689666069,4.433234524286382,1.0044053355254008,3.7338786952575047,3.751761680629688,4.111761680629688,2.027747933208092,-1.7275948727285044,-1.7454778581006876,0.8640263976955854,-0.000866082262950708,-2485.7745679552486,-49.71549105890254,0.00016926394411193865,0.00016889233921231207,6158.24480147112,6131.234655628113,13257.994479033534,265.15988797952707,0.034049069463749124,0.000680981385162939,13199.844734096643,263.9968930878119,0.03389972977984847,0.0006779945915029613,"[1.770,2.067]",1.921,"[3.500,4.000]",3.75,0.002,0.0,279,0.559,0.12,-2.7135574774710003,8,-1.6935574774710003,0.005,0.0,111,0.5575,0.1,-2.775816477471,10,-1.7258164774709999,0.5910235571914981,0.5934445609495529,0.8631055385936393,0.864245267129216,0.47476752402222344,0.6095386417385984,0.867351595965431,0.8636918848825761
26,56,4.045,37.0,1.605,1.294992665,0.025899853,Arrington:1998ps,0.762938684,0.020695098,0.0089,4.0539,2.44,2.4489,1.0,0.0,0.0,1.294992665,0.025899853,0.6457718232379019,0.10068224497635359,0.8993177550236464,0.11195402783269442,0.062190332126232484,1.5428096678737675,4.433234524286382,1.0044053355254008,3.974854485870458,3.9981304932016672,6.574155493201667,2.564011601612143,-0.08264193334145808,-0.10591794067266713,0.7309013631967519,-0.00010936344849169402,-11841.183529416163,-236.82366784517637,7.222194974070433e-05,7.206339246186366e-05,27483.02851886839,27362.487580267698,35590.32034392038,711.806398633499,0.09140276016433868,0.0018280551821122691,35434.22071260027,708.6844060432591,0.09100186640936772,0.0018200373071057215,"[2.357,2.642]",2.5,"[3.500,4.000]",3.75,0.002,0.0,771,1.543,0.24,-5.273316477470999,21,-0.11331647747099893,0.005,0.0,308,1.5425,0.1,-2.775816477471,26,-0.12581647747099955,1.5790090727910098,1.578444560949553,0.7285913322968028,0.7285062576522886,1.5389600375903272,1.46216895295932,0.7350088808482707,0.7398847748068935
26,56,4.045,37.0,1.62,1.55038261,0.031007652,Arrington:1998ps,0.728852344,0.01857606,0.0089,4.0539,2.425,2.4339,1.0,0.0,0.0,1.55038261,0.031007652,0.6457718232379019,0.10068224497635359,0.8993177550236464,0.11195402783269442,0.062190332126232484,1.5578096678737676,4.433234524286382,1.0044053355254008,3.9504189050146974,3.9736411480270886,6.5980411480270895,2.5686652463929764,-0.03005816248569726,-0.053280405498088435,0.7289752840535496,-0.00010279098341075796,-15082.865817175742,-301.6573143978189,7.222194974070433e-05,7.206339246186366e-05,27951.515318900765,27828.919590793917,43335.54327357235,866.710859881144,0.11129397628763629,0.0022258795113957565,43145.47298865521,862.9094542073202,0.11080583938696305,0.0022161167734452616,"[2.357,2.642]",2.5,"[3.500,4.000]",3.75,0.002,0.0,778,1.557,0.24,-5.273316477470999,21,-0.11331647747099893,0.005,0.0,311,1.5575,0.1,-2.775816477471,27,-0.02581647747099991,1.5925960224466493,1.5934445609495531,0.7263039243766014,0.7270016737710695,1.5389600375903272,1.5154583474106151,0.7350088808482707,0.7347343387227823
26,56,4.045,37.0,1.635,1.835748531,0.036714971,Arrington:1998ps,0.800763272,0.017812897,0.0089,4.0539,2.41,2.4189000000000003,1.0,0.0,0.0,1.835748531,0.036714971,0.6457718232379019,0.10068224497635359,0.8993177550236464,0.11195402783269442,0.062190332126232484,1.5728096678737675,4.433234524286382,1.0044053355254008,3.9259833241589366,3.9491518028525108,6.622376802852511,2.573397909933967,0.022525608370063566,-0.0006428703235106248,0.7270221444455356,-9.63017282222435e-05,-19062.46715285826,-381.24934700309643,7.222194974070433e-05,7.206339246186366e-05,28432.009864708914,28307.30668095887,52194.020342516895,1043.8804176545018,0.13404424229057618,0.0026808848735586865,51965.09665613673,1039.301943879511,0.13345632241236366,0.0026691264758727357,"[2.357,2.642]",2.5,"[3.500,4.000]",3.75,0.002,0.0,786,1.573,0.24,-5.273316477470999,21,-0.11331647747099893,0.005,0.0,314,1.5725,0.1,-2.775816477471,27,-0.02581647747099991,1.6081197610851063,1.608444560949553,0.7236181358780535,0.7254891495746193,1.5389600375903272,1.5154583474106151,0.7350088808482707,0.7347343387227823
26,56,4.045,37.0,1.65,2.151735769,0.043034715,Arrington:1998ps,0.771470189,0.01617299,0.0089,4.0539,2.395,2.4039,1.0,0.0,0.0,2.151735769,0.043034715,0.6457718232379019,0.10068224497635359,0.8993177550236464,0.11195402783269442,0.062190332126232484,1.5878096678737674,4.433234524286382,1.0044053355254008,3.9015477433031753,3.924662457677932,6.647162457677932,2.5782091570851913,0.07510937922582439,0.05199466485106763,0.7250417678834902,-8.989576795563271e-05,-23935.896182142533,-478.71791941573287,7.222194974070433e-05,7.206339246186366e-05,28924.828496762573,28797.96380375867,62238.58808867453,1244.7717507820557,0.15984061635477678,0.0031968122988674254,61965.60879091483,1239.3121648750703,0.1591395532274475,0.003182791036444649,"[2.357,2.642]",2.5,"[3.500,4.000]",3.75,0.002,0.0,793,1.587,0.24,-5.273316477470999,22,0.1266835225290004,0.005,0.0,317,1.5875000000000001,0.1,-2.775816477471,28,0.07418352252900018,1.6216993569663245,1.6234445609495531,0.7212031605485483,0.7239688227846651,1.5869365997221694,1.5687477418619102,0.7272637605250841,0.7294746124152431
26,56,4.045,37.0,1.665,2.498850103,0.049977002,Arrington:1998ps,0.784360774,0.015006903,0.0089,4.0539,2.38,2.3889,1.0,0.0,0.0,2.498850103,0.049977002,0.6457718232379019,0.10068224497635359,0.8993177550236464,0.11195402783269442,0.062190332126232484,1.6028096678737676,4.433234524286382,1.0044053355254008,3.877112162447414,3.900173112503354,6.672398112503354,2.5830985487401277,0.1276931500815861,0.10463220002564633,0.7230339784454743,-8.357315268298986e-05,-29900.153611275764,-598.0030715075814,7.222194974070435e-05,7.206339246186367e-05,29430.29688777414,29301.215203500746,73541.900409335,1470.838006420882,0.1888696876057308,0.0037773937475796575,73219.344629293,1464.386890827787,0.1880413025752534,0.0037608260469899997,"[2.357,2.642]",2.5,"[3.500,4.000]",3.75,0.002,0.0,801,1.603,0.24,-5.273316477470999,22,0.1266835225290004,0.005,0.0,320,1.6025,0.1,-2.775816477471,28,0.07418352252900018,1.6372146981113929,1.638444560949553,0.7183661747590632,0.7224408308850331,1.5869365997221694,1.5687477418619102,0.7272637605250841,0.7294746124152431
26,56,4.045,37.0,1.68,2.877500775,0.057550016,Arrington:1998ps,0.802779975,0.014039961,0.0089,4.0539,2.365,2.3739000000000003,1.0,0.0,0.0,2.877500775,0.057550016,0.6457718232379019,0.10068224497635359,0.8993177550236464,0.11195402783269442,0.062190332126232484,1.6178096678737675,4.433234524286382,1.0044053355254008,3.8526765815916537,3.875683767328776,6.698083767328775,2.588065642005391,0.18027692093734693,0.15726973520022458,0.7209986008197996,-7.733389813210551e-05,-37208.789993807295,-744.175806341616,7.222194974070433e-05,7.206339246186366e-05,29948.750344485554,29817.394716267085,86177.5523265387,1723.5510615051492,0.22132046215756832,0.00442640928160843,85799.57640453945,1715.9915429994862,0.22034974758651238,0.004406994990018638,"[2.357,2.642]",2.5,"[3.500,4.000]",3.75,0.002,0.0,808,1.617,0.24,-5.273316477470999,22,0.1266835225290004,0.005,0.0,323,1.6175,0.1,-2.775816477471,29,0.17418352252900027,1.6507869521457081,1.653444560949553,0.7158139326680317,0.7209053110974992,1.5869365997221694,1.6220371363132053,0.7272637605250841,0.7241118004670997
26,56,4.045,37.0,1.695,3.288350043,0.065767001,Arrington:1998ps,0.781546966,0.012894004,0.0089,4.0539,2.3499999999999996,2.3588999999999998,1.0,0.0,0.0,3.288350043,0.065767001,0.6457718232379019,0.10068224497635359,0.8993177550236464,0.11195402783269442,0.062190332126232484,1.6328096678737676,4.433234524286382,1.0044053355254008,3.828241000735892,3.851194422154197,6.7242194221541975,2.593109990369517,0.2328606917931082,0.20990727037480328,0.7189354603487335,-7.117798632043212e-05,-46198.975455646694,-923.9795110798343,7.222194974070432e-05,7.206339246186364e-05,30480.534120718876,30346.84608159177,100230.66568652888,2004.6133179978526,0.2574115492169987,0.005148230995299153,99791.05261731669,1995.8210565948923,0.25628253864496614,0.005125650783810435,"[2.357,2.642]",2.5,"[3.500,4.000]",3.75,0.002,0.0,816,1.633,0.24,-5.273316477470999,22,0.1266835225290004,0.005,0.0,326,1.6325,0.1,-2.775816477471,29,0.17418352252900027,1.6662939094104061,1.668444560949553,0.7128140875895713,0.7193624003580212,1.5869365997221694,1.6220371363132053,0.7272637605250841,0.7241118004670997
26,56,4.045,37.0,1.71,3.732110625,0.074642213,Arrington:1998ps,0.795796346,0.012164698,0.0089,4.0539,2.335,2.3439,1.0,0.0,0.0,3.732110625,0.074642213,0.6457718232379019,0.10068224497635359,0.8993177550236464,0.11195402783269442,0.062190332126232484,1.6478096678737675,4.433234524286382,1.0044053355254008,3.803805419880131,3.826705076979619,6.750805076979619,2.5982311438706946,0.2854444626488686,0.26254480554938064,0.7168443830729432,-6.510536620838185e-05,-57324.163004546885,-1146.4832677707961,7.222194974070433e-05,7.206339246186366e-05,31026.003742186374,30889.923265846435,115792.47821750352,2315.8495798630724,0.2973772647471218,0.005947545334782797,115284.61082590018,2305.6922319629653,0.2960729640006988,0.005921459319679597,"[2.357,2.642]",2.5,"[3.500,4.000]",3.75,0.002,0.0,823,1.647,0.24,-5.273316477470999,23,0.3666835225290006,0.005,0.0,329,1.6475,0.1,-2.775816477471,30,0.27418352252900036,1.6798588334931281,1.683444560949553,0.7101138373671987,0.7178122352933517,1.634018492527431,1.6753265307645004,0.7189575365104637,0.7186520801428031
26,56,4.045,37.0,1.725,4.209906082,0.084198122,Arrington:1998ps,0.798117567,0.01140168,0.0089,4.0539,2.32,2.3289,1.0,0.0,0.0,4.209906082,0.084198122,0.6457718232379019,0.10068224497635359,0.8993177550236464,0.11195402783269442,0.062190332126232484,1.6628096678737676,4.433234524286382,1.0044053355254008,3.77936983902437,3.8022157318050396,6.77784073180504,2.603428649263321,0.3380282335046303,0.3151823407239607,0.714725195776678,-5.911595437055936e-05,-71214.38073402054,-1424.2876207701374,7.222194974070433e-05,7.206339246186366e-05,31585.52534358135,31446.990797852617,132972.09524710826,2659.4419163129546,0.34149781212905583,0.006829956271783483,132388.87782047776,2647.777567730472,0.33999999805897047,0.0067999999902536926,"[2.357,2.642]",2.5,"[3.500,4.000]",3.75,0.002,0.0,831,1.663,0.24,-5.273316477470999,23,0.3666835225290006,0.005,0.0,332,1.6625,0.1,-2.775816477471,30,0.27418352252900036,1.6953574204537532,1.698444560949553,0.7069382017250001,0.7162549521980387,1.634018492527431,1.6753265307645004,0.7189575365104637,0.7186520801428031
26,56,4.045,37.0,1.74,4.722916452,0.094458329,Arrington:1998ps,0.808822269,0.010756066,0.0089,4.0539,2.3049999999999997,2.3139,1.0,0.0,0.0,4.722916452,0.094458329,0.6457718232379019,0.10068224497635359,0.8993177550236464,0.11195402783269442,0.062190332126232484,1.6778096678737675,4.433234524286382,1.0044053355254008,3.7549342581686083,3.7777263866304613,6.805326386630462,2.6087020501832825,0.39061200436039245,0.3678198758985394,0.7125777260336895,-5.3209635683519236e-05,-88760.5485609976,-1775.2109704682084,7.222194974070436e-05,7.206339246186368e-05,32159.476018497404,32018.424117266262,151886.51837546084,3037.730366222838,0.3900736738842017,0.007801473474380366,151220.3420305504,3024.406839330271,0.3883628054207375,0.007767256105125571,"[2.357,2.642]",2.5,"[3.500,4.000]",3.75,0.002,0.0,838,1.677,0.24,-5.273316477470999,23,0.3666835225290006,0.005,0.0,335,1.6775,0.1,-2.775816477471,31,0.37418352252900045,1.7089150264481034,1.713444560949553,0.7040780174124054,0.7146906870118173,1.634018492527431,1.7286159252157955,0.7189575365104637,0.713101587439156
26,56,4.045,37.0,1.755,5.272566079,0.105451322,Arrington:1998ps,0.832611661,0.010317557,0.0089,4.0539,2.29,2.2989,1.0,0.0,0.0,5.272566079,0.105451322,0.6457718232379019,0.10068224497635359,0.8993177550236464,0.11195402783269442,0.062190332126232484,1.6928096678737674,4.433234524286382,1.0044053355254008,3.7304986773128483,3.7532370414558835,6.833262041455884,2.6140508873118526,0.44319577521615194,0.42045741107311674,0.71040180225389,-4.738626402864167e-05,-111267.81541193252,-2225.3563171019787,7.222194974070433e-05,7.206339246186366e-05,32748.244182752984,32604.609936308727,172667.28142479245,3453.3456422501117,0.44344265406407446,0.00886885311660507,171909.96036920772,3438.199221078091,0.4414977085243292,0.008829954205655235,"[2.357,2.642]",2.5,"[3.500,4.000]",3.75,0.002,0.0,846,1.693,0.24,-5.273316477470999,23,0.3666835225290006,0.005,0.0,338,1.6925000000000001,0.1,-2.775816477471,31,0.37418352252900045,1.7244052566443315,1.7284445609495531,0.7007122145486494,0.7131195752973937,1.634018492527431,1.7286159252157955,0.7189575365104637,0.713101587439156
26,56,4.045,37.0,1.77,5.860676366,0.117213527,Arrington:1998ps,0.844612412,0.009794091,0.0089,4.0539,2.275,2.2839,1.0,0.0,0.0,5.860676366,0.117213527,0.6457718232379019,0.10068224497635359,0.8993177550236464,0.11195402783269442,0.062190332126232484,1.7078096678737675,4.433234524286382,1.0044053355254008,3.706063096457087,3.728747696281305,6.861647696281305,2.6194746985381068,0.49577954607191277,0.473094946247695,0.7081972537307495,-4.164566300874605e-05,-140727.17163295476,-2814.5434249752216,7.222194974070433e-05,7.206339246186366e-05,33352.2299517277,33205.946615448105,195466.62583148785,3909.3325059570434,0.5019957378399926,0.010039914729390281,194609.3065398144,3892.186120170385,0.4997939776747607,0.00999587952620586,"[2.357,2.642]",2.5,"[3.500,4.000]",3.75,0.002,0.0,853,1.707,0.24,-5.273316477470999,23,0.3666835225290006,0.005,0.0,341,1.7075,0.1,-2.775816477471,32,0.4741835225290001,1.7379555563815643,1.743444560949553,0.6976788189092669,0.711541752218628,1.634018492527431,1.7819053196670904,0.7189575365104637,0.7074664038957404
26,56,4.045,37.0,1.785,6.488004308,0.129760086,Arrington:1998ps,0.849259609,0.009340314,0.0089,4.0539,2.26,2.2689,1.0,0.0,0.0,6.488004308,0.129760086,0.6457718232379019,0.10068224497635359,0.8993177550236464,0.11195402783269442,0.062190332126232484,1.7228096678737674,4.433234524286382,1.0044053355254008,3.681627515601326,3.7042583511067266,6.8904833511067265,2.6249730191197633,0.5483633169276736,0.5257324814222728,0.7059639106894277,-3.598762667707425e-05,-180284.30622053644,-3605.6861199647565,7.222194974070433e-05,7.206339246186366e-05,33971.84553234913,33822.84455366675,220409.4801645917,4408.189597856339,0.5660537657080159,0.011321075300200927,219442.7611730042,4388.855218048429,0.5635710461572919,0.011271420909247673,"[2.357,2.642]",2.5,"[3.500,4.000]",3.75,0.002,0.0,861,1.723,0.24,-5.273316477470999,24,0.6066835225290008,0.005,0.0,344,1.7225000000000001,0.1,-2.775816477471,33,0.5741835225290002,1.7534374433166278,1.7584445609495531,0.6941068204615763,0.7099573525191138,1.6802539757115356,1.8351947141183855,0.7100340871290975,0.7017525441918105
26,56,4.045,37.0,1.8,7.156331988,0.14312664,Arrington:1998ps,0.848199889,0.008817366,0.0089,4.0539,2.245,2.2539000000000002,1.0,0.0,0.0,7.156331988,0.14312664,0.6457718232379019,0.10068224497635359,0.8993177550236464,0.11195402783269442,0.062190332126232484,1.7378096678737676,4.433234524286382,1.0044053355254008,3.6571919347455655,3.679769005932149,6.9197690059321495,2.6305453818423565,0.6009470877834353,0.5783700165968519,0.703701604335642,-3.041192027729748e-05,-235313.3877357362,-4706.267762606367,7.222194974070433e-05,7.206339246186366e-05,34607.515630402784,34455.72659398481,247662.87113106143,4953.257430927032,0.6360456942464932,0.012720913906260758,246576.61839431577,4931.53237615569,0.6332559891408581,0.012665119804054503,"[2.357,2.642]",2.5,"[3.500,4.000]",3.75,0.002,0.0,868,1.737,0.24,-5.273316477470999,24,0.6066835225290008,0.005,0.0,347,1.7375,0.1,-2.775816477471,33,0.5741835225290002,1.7669804485961649,1.773444560949553,0.6908853892805737,0.7083665105011618,1.6802539757115356,1.8351947141183855,0.7100340871290975,0.7017525441918105
26,56,4.045,37.0,1.815,7.86716577,0.157343315,Arrington:1998ps,0.846556459,0.008376587,0.0089,4.0539,2.23,2.2389,1.0,0.0,0.0,7.86716577,0.157343315,0.6457718232379019,0.10068224497635359,0.8993177550236464,0.11195402783269442,0.062190332126232484,1.7528096678737675,4.433234524286382,1.0044053355254008,3.6327563538898047,3.65527966075757,6.949504660757571,2.636191317176652,0.6535308586391957,0.6310075517714302,0.7014101669052687,-2.491828099322775e-05,-315718.6393450706,-6314.3727708489405,7.222194974070432e-05,7.206339246186364e-05,35259.677873873494,35105.02844494477,277393.73083056393,5547.874602507408,0.7124002370641286,0.014248004705061131,276177.07813694584,5523.541548696906,0.709275639890418,0.014185512761745785,"[2.357,2.642]",2.5,"[3.500,4.000]",3.75,0.002,0.0,876,1.7530000000000001,0.24,-5.273316477470999,24,0.6066835225290008,0.005,0.0,350,1.7525,0.1,-2.775816477471,34,0.6741835225290003,1.7824540057369447,1.788444560949553,0.6870892724224339,0.7067693600051859,1.6802539757115356,1.8884841085696809,0.7100340871290975,0.6959659445496269
26,56,4.045,37.0,1.83,8.620446293,0.172408926,Arrington:1998ps,0.854944135,0.008120229,0.0089,4.0539,2.215,2.2239,1.0,0.0,0.0,8.620446293,0.172408926,0.6457718232379019,0.10068224497635359,0.8993177550236464,0.11195402783269442,0.062190332126232484,1.7678096678737676,4.433234524286382,1.0044053355254008,3.608320773034043,3.630790315582992,6.979690315582992,2.6419103534342327,0.706114629494957,0.683645086946008,0.6990894317146733,-1.950641870693518e-05,-441928.7016501468,-8838.57404018006,7.222194974070432e-05,7.206339246186364e-05,35928.78325306527,35771.19911880103,309722.146405887,6194.442933147769,0.7954258009469524,0.015908516031857126,308363.70083983324,6167.274021804631,0.7919370525156242,0.0158387410631739,"[2.357,2.642]",2.5,"[3.500,4.000]",3.75,0.002,0.0,883,1.7670000000000001,0.24,-5.273316477470999,24,0.6066835225290008,0.005,0.0,353,1.7675,0.1,-2.775816477471,34,0.6741835225290003,1.795989728326461,1.803444560949553,0.683663203730015,0.7051660343894963,1.6802539757115356,1.8884841085696809,0.7100340871290975,0.6959659445496269
26,56,4.045,37.0,1.845,9.419330991,0.18838662,Arrington:1998ps,0.854625451,0.007781869,0.0089,4.0539,2.2,2.2089000000000003,1.0,0.0,0.0,9.419330991,0.18838662,0.6457718232379019,0.10068224497635359,0.8993177550236464,0.11195402783269442,0.062190332126232484,1.7828096678737675,4.433234524286382,1.0044053355254008,3.5838851921782826,3.6063009704084132,7.010325970408413,2.6477020169211665,0.7586984003507169,0.7362826221205863,0.6967392332117712,-1.4176016764006125e-05,-664455.4071716623,-13289.108156130747,7.222194974070432e-05,7.206339246186364e-05,36615.29657828632,36454.70138719742,344891.5978045086,6897.831962680925,0.8857476890400079,0.017714953797726477,343378.8985440794,6867.577977443433,0.8818627875733821,0.017637255768319718,"[2.642,2.923]",2.783,"[3.500,4.000]",3.75,0.002,0.0,891,1.7830000000000001,0.24,-6.768405477470999,31,0.7915945225290004,0.005,0.0,356,1.7825,0.1,-2.775816477471,35,0.7741835225290004,1.8253029907555813,1.818444560949553,0.7179056696291646,0.7035566665105003,1.9834873465255325,1.941773503020976,0.6872550601565911,0.6901124519577088
26,56,4.045,37.0,1.86,10.26358383,0.205271677,Arrington:1998ps,0.861297589,0.007667887,0.0089,4.0539,2.1849999999999996,2.1938999999999997,1.0,0.0,0.0,10.26358383,0.205271677,0.6457718232379019,0.10068224497635359,0.8993177550236464,0.11195402783269442,0.062190332126232484,1.7978096678737676,4.433234524286382,1.0044053355254008,3.55944961132252,3.581811625233834,7.041411625233835,2.6535658320896873,0.8112821712064808,0.7889201572951667,0.6943594070278095,-8.926732744702382e-06,-1149758.1616399325,-22995.16327760788,7.222194974070437e-05,7.20633924618637e-05,37319.696955929794,37156.01225515991,383033.8382173813,7660.6767792755045,0.9837042687757082,0.019674085413851815,381353.8465693411,7627.076946249228,0.9793897284119224,0.019587794606407954,"[2.642,2.923]",2.783,"[3.500,4.000]",3.75,0.002,0.0,898,1.797,0.24,-6.768405477470999,31,0.7915945225290004,0.005,0.0,359,1.7975,0.1,-2.775816477471,35,0.7741835225290004,1.8388279732496784,1.833444560949553,0.7156131373678679,0.7019413887033112,1.9834873465255325,1.941773503020976,0.6872550601565911,0.6901124519577088
26,56,4.045,37.0,1.875,11.15474453,0.223094891,Arrington:1998ps,0.865102735,0.007530428,0.0089,4.0539,2.17,2.1789,1.0,0.0,0.0,11.15474453,0.223094891,0.6457718232379019,0.10068224497635359,0.8993177550236464,0.11195402783269442,0.062190332126232484,1.8128096678737675,4.433234524286382,1.0044053355254008,3.53501403046676,3.5573222800592563,7.072947280059257,2.659501321687819,0.8638659420622403,0.8415576924697441,0.6919497900298731,-3.758199239816425e-06,-2968108.878268218,-59362.177671798316,7.222194974070433e-05,7.206339246186366e-05,38042.478283825374,37875.62345427555,424354.1265441449,8487.082546099888,1.0898226843267964,0.021796453725616075,422492.9035469199,8449.858086088647,1.0850427071424447,0.02170085418175764,"[2.642,2.923]",2.783,"[3.500,4.000]",3.75,0.002,0.0,906,1.813,0.24,-6.768405477470999,31,0.7915945225290004,0.005,0.0,362,1.8125,0.1,-2.775816477471,36,0.8741835225290004,1.8542809495155836,1.848444560949553,0.7129264893447597,0.7003203327627685,1.9834873465255325,1.995062897472271,0.6872550601565911,0.6841978142213195
26,56,4.045,37.0,1.89,12.09345399,0.24186908,Arrington:1998ps,0.884776178,0.007549539,0.0089,4.0539,2.1550000000000002,2.1639000000000004,1.0,0.0,0.0,12.09345399,0.24186908,0.6457718232379019,0.10068224497635359,0.8993177550236464,0.11195402783269442,0.062190332126232484,1.8278096678737674,4.433234524286382,1.0044053355254008,3.5105784496109997,3.5328329348846785,7.104932934884678,2.665508006906878,0.9164497129180003,0.8941952276443215,0.6895102203741041,1.3299753699545687e-06,9092990.940436067,181859.81895910006,7.222194974070433e-05,7.206339246186366e-05,38784.14976678668,38614.04195597869,469034.33074590395,9380.686622674908,1.2045700074551955,0.024091400169024932,466977.1397625579,9339.542802973965,1.1992867469437418,0.023985734958708486,"[2.642,2.923]",2.783,"[3.500,4.000]",3.75,0.002,0.0,913,1.827,0.24,-6.768405477470999,31,0.7915945225290004,0.005,0.0,365,1.8275000000000001,0.1,-2.775816477471,36,0.8741835225290004,1.867798678340442,1.8634445609495531,0.7105154081727988,0.6986936299248694,1.9834873465255325,1.995062897472271,0.6872550601565911,0.6841978142213195
26,56,4.045,55.0,2.91,10.13921066,0.202784213,Arrington:1998ps,1.055308975,0.024656752,0.0089,4.0539,1.1349999999999998,1.1438999999999997,1.0,0.0,0.0,10.13921066,0.202784213,0.9599310885968813,0.21321178182447692,0.786788218175523,0.2709900541201443,0.12947376310283953,2.7805262368971606,4.433234524286382,1.0044053355254008,3.9154851249592406,3.9548706372428817,12.422970637242884,3.5246234745349585,2.4256199575697606,2.3862344452861195,0.37003343998439375,3.368217164106654e-05,301026.03739593504,6020.520741980842,1.408955482041691e-05,1.405862237563492e-05,260278.96173755213,259137.37465502525,2639023.2234231206,52780.46441640662,6.777517157129726,0.13555034300890526,2627448.431506646,52548.96857830544,6.747790874273314,0.1349558173523634,"[2.923,4.500]",3.5,"[3.500,4.000]",3.75,0.002,0.0,1390,2.781,0.24,-11.273316477471,56,2.286683522528998,0.005,0.0,556,2.7825,0.1,-2.775816477471,51,2.3741835225290004,2.82208088967932,2.818444560949553,0.3922941906682135,0.3717392993705791,2.874427292775318,2.7944038142416976,0.3752419528311573,0.3744539896071407
26,56,4.045,55.0,2.925,10.97910852,0.21958217,Arrington:1998ps,1.056552085,0.023499176,0.0089,4.0539,1.12,1.1289,1.0,0.0,0.0,10.97910852,0.21958217,0.9599310885968813,0.21321178182447692,0.786788218175523,0.2709900541201443,0.12947376310283953,2.7955262368971603,4.433234524286382,1.0044053355254008,3.8637386255104413,3.903010282702588,12.458635282702588,3.529679203936611,2.5055146470185576,2.466242989826411,0.3662960791264471,3.526253333960636e-05,311353.36801421543,6227.067348940824,1.408955482041691e-05,1.405862237563492e-05,266063.66164663434,264896.70279126643,2921141.8144469606,58422.83618251374,7.502051740243083,0.15004103453154066,2908329.6465355013,58166.59282475134,7.46914763880539,0.1493829525039856,"[2.923,4.500]",3.5,"[3.500,4.000]",3.75,0.002,0.0,1397,2.795,0.24,-11.273316477471,57,2.526683522528998,0.005,0.0,559,2.7975,0.1,-2.775816477471,52,2.474183522529,2.8353607519435187,2.8334445609495527,0.388086169902524,0.3700537547139115,2.9057722029768063,2.8476932086929923,0.36440562017087264,0.3684585570211939
26,56,4.045,55.0,2.94,11.86182748,0.23723655,Arrington:1998ps,1.011648502,0.022003355,0.0089,4.0539,1.105,1.1139,1.0,0.0,0.0,11.86182748,0.23723655,0.9599310885968813,0.21321178182447692,0.786788218175523,0.2709900541201443,0.12947376310283953,2.8105262368971604,4.433234524286382,1.0044053355254008,3.81199212606164,3.8511499281622923,12.494749928162292,3.5347913556760733,2.5854093364673605,2.546251534366708,0.36252750467955375,3.6822560415109996e-05,322134.78221716883,6442.695655206282,1.4089554820416914e-05,1.4058622375634926e-05,272036.37931483315,270843.2240381637,3226848.5997163914,64536.972103142376,8.287165324627157,0.16574330677199975,3212695.597667687,64253.91206169103,8.250817704280882,0.16501635436384857,"[2.923,4.500]",3.5,"[3.500,4.000]",3.75,0.002,0.0,1405,2.811,0.24,-11.273316477471,57,2.526683522528998,0.005,0.0,562,2.8125,0.1,-2.775816477471,53,2.5741835225290006,2.8505338121366037,2.848444560949553,0.38318160902156134,0.36837460049045095,2.9057722029768063,2.900982603144288,0.36440562017087264,0.36254416309526905
26,56,4.045,55.0,2.955,12.78716427,0.255743285,Arrington:1998ps,1.047925851,0.021505941,0.0089,4.0539,1.0899999999999999,1.0988999999999998,1.0,0.0,0.0,12.78716427,0.255743285,0.9599310885968813,0.21321178182447692,0.786788218175523,0.2709900541201443,0.12947376310283953,2.8255262368971605,4.433234524286382,1.0044053355254008,3.7602456266128397,3.7992895736219974,12.531314573621998,3.5399596853102717,2.6653040259161602,2.6262600789070025,0.3587276915272643,3.836238206692978e-05,333325.6065197044,6666.512119967207,1.4089554820416906e-05,1.4058622375634917e-05,278205.11818259634,276984.9067329658,3557454.546955623,71149.09082783041,9.136224726520782,0.182724494244622,3541851.5027050623,70837.02994330728,9.096153120036599,0.18192306211619183,"[2.923,4.500]",3.5,"[3.500,4.000]",3.75,0.002,0.0,1412,2.825,0.24,-11.273316477471,57,2.526683522528998,0.005,0.0,565,2.8275,0.1,-2.775816477471,54,2.6741835225290003,2.863806807814676,2.863444560949553,0.37880435898696596,0.3667018702441452,2.9057722029768063,2.9542719975955825,0.36440562017087264,0.35671216350435436
26,56,4.045,55.0,2.97,13.75708844,0.275141769,Arrington:1998ps,1.068540052,0.020789283,0.0089,4.0539,1.0749999999999997,1.0838999999999996,1.0,0.0,0.0,13.75708844,0.275141769,0.9599310885968813,0.21321178182447692,0.786788218175523,0.2709900541201443,0.12947376310283953,2.8405262368971607,4.433234524286382,1.0044053355254008,3.7084991271640386,3.7474292190817025,12.568329219081704,3.545183947143181,2.7451987153649626,2.706268623447299,0.3548966185763041,3.988213034081176e-05,344943.6708229761,6898.873421474299,1.4089554820416908e-05,1.4058622375634919e-05,284578.32603988535,283330.1616135118,3914969.1994378576,78299.3840456728,10.054390837988578,0.20108781690594185,3897798.091036575,77955.96187739752,10.010292142394048,0.20020584299341018,"[2.923,4.500]",3.5,"[3.500,4.000]",3.75,0.002,0.0,1420,2.841,0.24,-11.273316477471,58,2.7666835225289983,0.005,0.0,568,2.8425000000000002,0.1,-2.775816477471,54,2.6741835225290003,2.8789720265648597,2.878444560949553,0.3737009368178805,0.3650355959989613,2.9368635811451083,2.9542719975955825,0.35315676197037393,0.35671216350435436
26,56,4.045,55.0,2.985,14.76956809,0.295391362,Arrington:1998ps,1.069767234,0.020108916,0.0089,4.0539,1.06,1.0689,1.0,0.0,0.0,14.76956809,0.295391362,0.9599310885968813,0.21321178182447692,0.786788218175523,0.2709900541201443,0.12947376310283953,2.8555262368971603,4.433234524286382,1.0044053355254008,3.656752627715239,3.695568864541408,12.605793864541408,3.550463894273734,2.825093404813762,2.786277167987593,0.3510342688226866,4.1381940040476134e-05,356908.5469543893,7138.1709439208125,1.408955482041691e-05,1.405862237563492e-05,291164.9261517589,289887.87280729803,4300380.202218224,86007.60410259747,11.044200120720948,0.22088400256397242,4281518.675892647,85630.37357583053,10.995760108088003,0.2199152023106576,"[2.923,4.500]",3.5,"[3.500,4.000]",3.75,0.002,0.0,1427,2.855,0.24,-11.273316477471,58,2.7666835225289983,0.005,0.0,571,2.8575,0.1,-2.775816477471,55,2.774183522529001,2.8922381662972683,2.8934445609495527,0.3691447290356474,0.36337580828551325,2.9368635811451083,3.007561392046878,0.35315676197037393,0.3509636864579019
26,56,4.045,55.0,3.0,15.82705738,0.316541148,Arrington:1998ps,1.099383138,0.01977626,0.0089,4.0539,1.045,1.0538999999999998,1.0,0.0,0.0,15.82705738,0.316541148,0.9599310885968813,0.21321178182447692,0.786788218175523,0.2709900541201443,0.12947376310283953,2.8705262368971605,4.433234524286382,1.0044053355254008,3.605006128266438,3.643708510001113,12.643708510001114,3.5557992786434265,2.9049880942625625,2.8662857125278873,0.3471406294176077,4.286194863926966e-05,369256.5989755169,7385.131988842625,1.4089554820416908e-05,1.4058622375634919e-05,297974.35104056814,296667.43146550376,4716057.151687334,94321.14315293643,12.111738152158173,0.24223476334926555,4695372.460581745,93907.44933030188,12.058615903132939,0.24117231836741831,"[2.923,4.500]",3.5,"[3.500,4.000]",3.75,0.002,0.0,1435,2.871,0.24,-11.273316477471,58,2.7666835225289983,0.005,0.0,574,2.8725,0.1,-2.775816477471,56,2.8741835225290004,2.907395555749389,2.908444560949553,0.363830896679979,0.36172253616750116,2.9368635811451083,3.0608507864981727,0.35315676197037393,0.34529964721211603
26,56,4.045,55.0,3.015,16.92846412,0.338569282,Arrington:1998ps,1.116462773,0.019848227,0.0089,4.0539,1.0299999999999998,1.0388999999999997,1.0,0.0,0.0,16.92846412,0.338569282,0.9599310885968813,0.21321178182447692,0.786788218175523,0.2709900541201443,0.12947376310283953,2.8855262368971606,4.433234524286382,1.0044053355254008,3.5532596288176372,3.5918481554608177,12.682073155460818,3.561189851083598,2.9848827837113627,2.9462942570681823,0.3432156917330845,4.4322296191953465e-05,381940.14242144104,7638.802839404018,1.4089554820416908e-05,1.4058622375634919e-05,305016.57919325726,303678.77230929304,5163462.216878194,103269.24421555726,13.260760062463516,0.2652152009359339,5140815.201043517,102816.30389939883,13.202598187639914,0.26405196344083615,"[2.923,4.500]",3.5,"[3.500,4.000]",3.75,0.002,0.0,1442,2.8850000000000002,0.24,-11.273316477471,59,3.0066835225289985,0.005,0.0,577,2.8875,0.1,-2.775816477471,57,2.974183522529,2.920654850149141,2.923444560949553,0.3590852311201683,0.3600758072679512,2.9677074815857694,3.1141401809494678,0.34147222930289617,0.33972076212688546
26,56,4.045,55.0,3.03,18.07488456,0.361497691,Arrington:1998ps,1.112040297,0.020525719,0.0089,4.0539,1.0150000000000001,1.0239,1.0,0.0,0.0,18.07488456,0.361497691,0.9599310885968813,0.21321178182447692,0.786788218175523,0.2709900541201443,0.12947376310283953,2.9005262368971603,4.433234524286382,1.0044053355254008,3.5015131293688375,3.5399878009205246,12.720887800920524,3.566635361362376,3.064777473160162,3.026302801608475,0.3392594514273008,4.576312524668921e-05,394966.1318488656,7899.322632606982,1.4089554820416906e-05,1.4058622375634917e-05,312302.1749937372,310932.4133870446,5644825.760848719,112896.51515451394,14.496993851207982,0.2899398768637493,5620067.477933031,112401.34949647413,14.43340983809555,0.28866819660220416,"[2.923,4.500]",3.5,"[3.500,4.000]",3.75,0.002,0.0,1450,2.9010000000000002,0.24,-11.273316477471,59,3.0066835225289985,0.005,0.0,580,2.9025,0.1,-2.775816477471,58,3.0741835225290006,2.935804422416709,2.9384445609495526,0.3535485147109972,0.3584356477952524,2.9677074815857694,3.1674295754007633,0.34147222930289617,0.3342275622352918
26,56,4.045,74.0,3.375,7.600278324,0.152005566,Arrington:1998ps,1.381528354,0.017630933,0.0089,4.0539,0.6699999999999999,0.6789,1.0,0.0,0.0,7.600278324,0.152005566,1.2915436464758039,0.3621813220915004,0.6378186779084996,0.5678437064263244,0.21512509323653184,3.159874906763468,4.433234524286382,1.0044053355254008,3.9262628402651187,3.9871711774335568,15.377796177433556,3.9214533246531897,3.2874361322638816,3.2265277950954436,0.18586875539415654,2.390442075752141e-05,317944.46730563877,6358.889326032809,3.95828404679707e-06,3.949593963663176e-06,701563.335341965,698486.2689672788,5332076.610512679,106641.53187350319,13.693794124329186,0.2738758816217442,5308690.049643642,106173.80065759945,13.63373295619344,0.27267465826282244,"[2.923,4.500]",3.5,"[3.500,4.000]",3.75,0.002,0.0,1579,3.1590000000000003,0.24,-11.273316477471,60,3.2466835225289987,0.005,0.0,631,3.1575,0.1,-2.775816477471,60,3.274183522529001,3.1795186972111935,3.193444560949553,0.1333509812611148,0.19141766728789625,2.9983097214132055,3.2740083643033535,0.18984859266203907,0.1858053650492382
26,56,4.045,74.0,3.39,8.370121882,0.167402438,Arrington:1998ps,1.031048307,0.016009325,0.0089,4.0539,0.6549999999999998,0.6638999999999998,1.0,0.0,0.0,8.370121882,0.167402438,1.2915436464758039,0.3621813220915004,0.6378186779084996,0.5678437064263244,0.21512509323653184,3.1748749067634683,4.433234524286382,1.0044053355254008,3.838361433393511,3.8990763657359517,15.391176365735951,3.923158977881976,3.4034857291354887,3.3427707967930482,0.18238185721131603,2.498178875436363e-05,335048.94162304414,6700.97884687138,3.95828404679707e-06,3.949593963663176e-06,721113.8486049185,717951.0334119307,6035810.803621262,120716.21633202623,15.501118336378209,0.31002236739426925,6009337.654965714,120186.75335777664,15.433130219553872,0.3086626050548583,"[2.923,4.500]",3.5,"[3.500,4.000]",3.75,0.002,0.0,1587,3.1750000000000003,0.24,-11.273316477471,60,3.2466835225289987,0.005,0.0,634,3.1725,0.1,-2.775816477471,61,3.3741835225290004,3.194597427766098,3.2084445609495527,0.12813081386844383,0.1903579743358715,2.9983097214132055,3.327297758754648,0.18984859266203907,0.18219873326402378
26,56,4.3,15.0,0.1382,0.295521012,0.00591042,Chen:1990kq,6.15861454,1.644553112,0.0089,4.3088999999999995,4.1617999999999995,4.170699999999999,1.0,0.0,0.0,0.295521012,0.00591042,0.2617993877991494,0.01703708685546585,0.9829629131445341,0.017332380120999264,0.012044145832064146,0.12615585416793584,4.433234524286382,1.0041438188209841,1.2195651068913376,1.2247027583292442,1.2438019983292443,1.1152587136307182,-0.07987022716233749,-0.08500787860024417,0.965991909772208,-0.0044300556106781665,-66.70819465283434,-1.3341638388812946,0.0024395426806844062,0.002434503823932546,410.1116404089761,408.4192251370016,121.19660700664072,2.4239320417060206,0.00031125610266814893,6.225121800584118e-06,120.69646273274256,2.413929156634237,0.0003099716363673984,6.199432475612255e-06,"[0.878,1.302]",0.991,"[1.050,1.500]",1.25,0.002,0.0,63,0.127,0.12,-0.005397477470999945,-1,-0.06539747747099994,0.005,0.0,25,0.1275,0.1,-0.2758164774709999,1,-0.1258164774709999,0.13623555593505898,0.13948152031651764,0.9658732811438023,0.965992910100033,0.019162910402884314,0.12993409167694261,0.9664845140217846,0.9660594780483585
26,56,4.3,15.0,0.1585,0.706386607,0.014127732,Chen:1990kq,16.98786456,2.378301037,0.0089,4.3088999999999995,4.1415,4.150399999999999,1.0,0.0,0.0,0.706386607,0.014127732,0.2617993877991494,0.01703708685546585,0.9829629131445341,0.017332380120999264,0.012044145832064146,0.14645585416793586,4.433234524286382,1.0041438188209841,1.213616437644883,1.2187417767208613,1.2438640267208612,1.1152865222537485,-0.035827674115882946,-0.040953013191861176,0.9658296107283516,-0.004207806652494505,-167.8752531514808,-3.357505029758125,0.002439542680684407,0.002434503823932547,414.1049613111848,412.3960667281768,292.5181985624741,5.850363913274788,0.0007512427673744581,1.5024855198599042e-05,291.3110583162624,5.826221108589799,0.0007481425999878486,1.4962851851481278e-05,"[0.878,1.302]",0.991,"[1.050,1.500]",1.25,0.002,0.0,73,0.147,0.12,-0.005397477470999945,-1,-0.06539747747099994,0.005,0.0,29,0.1475,0.1,-0.2758164774709999,2,-0.02581647747099991,0.15617965535600575,0.15948152031651763,0.9656725963935496,0.9658382052230391,0.019162910402884314,0.18322348612823774,0.9664845140217846,0.9656277646687408
26,56,4.3,15.0,0.1787,1.599206437,0.031984129,Chen:1990kq,10.94292744,1.250620279,0.0089,4.3088999999999995,4.1213,4.130199999999999,1.0,0.0,0.0,1.599206437,0.031984129,0.2617993877991494,0.01703708685546585,0.9829629131445341,0.017332380120999264,0.012044145832064146,0.16665585416793585,4.433234524286382,1.0041438188209841,1.2076970721878202,1.2128101595538985,1.2447438495538985,1.1156808905569273,0.00799792054117976,0.0028848331751014644,0.9656447779631684,-0.00398602926187924,-401.20288435766366,-8.024057752381093,0.002439542680684406,0.0024345038239325456,418.67711245556546,416.94934989208554,669.5511332635132,13.391022774126313,0.0017195355664142032,3.439071160784725e-05,666.7880842503885,13.3357617934146,0.0017124395272712992,3.424879082383549e-05,"[0.878,1.302]",0.991,"[1.050,1.500]",1.25,0.002,0.0,83,0.167,0.12,-0.005397477470999945,0,0.05460252252900005,0.005,0.0,33,0.1675,0.1,-0.2758164774709999,2,-0.02581647747099991,0.17611615506843492,0.17948152031651765,0.9654417457879981,0.9656628614126588,0.079903567462147,0.18322348612823774,0.9662847845474734,0.9656277646687408
26,56,4.3,15.0,0.1989,3.461379002,0.06922758,Chen:1990kq,8.291493067,0.722255494,0.0089,4.3088999999999995,4.1011,4.109999999999999,1.0,0.0,0.0,3.461379002,0.06922758,0.2617993877991494,0.01703708685546585,0.9829629131445341,0.017332380120999264,0.012044145832064146,0.18685585416793585,4.433234524286382,1.0041438188209841,1.2017777067307571,1.206878542386936,1.246439752386936,1.1164406622776402,0.05182351519824291,0.046722679542064105,0.9654363519855041,-0.003764054341839336,-919.5879463070049,-18.391758915513257,0.0024395426806844062,0.002434503823932546,423.8640633240755,422.1148956747607,1467.1541684923534,29.343083352892503,0.003767932946119827,7.535865887885396e-05,1461.0996363200375,29.22199270951615,0.00375238374772246,7.504767491108632e-05,"[0.878,1.302]",0.991,"[1.050,1.500]",1.25,0.002,0.0,93,0.187,0.12,-0.005397477470999945,0,0.05460252252900005,0.005,0.0,37,0.1875,0.1,-0.2758164774709999,3,0.07418352252900012,0.19604506375335973,0.19948152031651764,0.9651795867474727,0.9654669011745743,0.079903567462147,0.2365128805795329,0.9662847845474734,0.9650497285060967
26,56,4.3,15.0,0.2192,7.22490991,0.144498198,Chen:1990kq,6.353020393,0.423534693,0.0089,4.3088999999999995,4.0808,4.0897,1.0,0.0,0.0,7.22490991,0.144498198,0.2617993877991494,0.01703708685546585,0.9829629131445341,0.017332380120999264,0.012044145832064146,0.20715585416793586,4.433234524286382,1.0041438188209841,1.1958290374843026,1.200917560778553,1.248966200778553,1.1175715640524113,0.09586606824469746,0.0907775449504471,0.9652028027189791,-0.0035412078954838114,-2040.2388459638598,-40.80477686279929,0.002439542680684406,0.0024345038239325456,429.7155339840781,427.94221896284614,3104.656019962508,62.09312031330704,0.007973351373160045,0.0001594670272424825,3091.843978692057,61.83687948825269,0.00794044759696072,0.00015880895171940684,"[0.878,1.302]",0.991,"[1.050,1.500]",1.25,0.002,0.0,103,0.20700000000000002,0.12,-0.005397477470999945,0,0.05460252252900005,0.005,0.0,41,0.20750000000000002,0.1,-0.2758164774709999,3,0.07418352252900012,0.21596639007525908,0.21948152031651766,0.9648847910044102,0.9652503496461129,0.079903567462147,0.2365128805795329,0.9662847845474734,0.9650497285060967
26,56,4.3,15.0,0.2394,14.50775099,0.29015502,Chen:1990kq,4.700935387,0.24745393,0.0089,4.3088999999999995,4.0606,4.0695,1.0,0.0,0.0,14.50775099,0.29015502,0.2617993877991494,0.01703708685546585,0.9829629131445341,0.017332380120999264,0.012044145832064146,0.22735585416793586,4.433234524286382,1.0041438188209841,1.1899096720272397,1.1949859436115904,1.2522983036115904,1.1190613493511383,0.13969166290176038,0.13461539131740974,0.9649461071630259,-0.0033201059675489575,-4369.6650443691215,-87.39330094762147,0.002439542680684406,0.0024345038239325456,436.19486430580434,434.39481091260683,6328.206474465449,126.56412957654794,0.016252046429101247,0.0003250409288060713,6302.091748068235,126.04183504824364,0.016184978809294065,0.0003236995764090031,"[0.878,1.302]",0.991,"[1.050,1.500]",1.25,0.002,0.0,113,0.227,0.12,-0.005397477470999945,1,0.17460252252900005,0.005,0.0,45,0.2275,0.1,-0.2758164774709999,4,0.1741835225290001,0.23588014268216284,0.23948152031651765,0.964555826787877,0.9650132345881943,0.13721922336983916,0.2898022750308279,0.9658640765528613,0.9643258955192414
26,56,4.3,15.0,0.2596,28.24131513,0.564826303,Chen:1990kq,3.494879737,0.146947831,0.0089,4.3088999999999995,4.0404,4.0493,1.0,0.0,0.0,28.24131513,0.564826303,0.2617993877991494,0.01703708685546585,0.9829629131445341,0.017332380120999264,0.012044145832064146,0.24755585416793585,4.433234524286382,1.0041438188209841,1.1839903065701765,1.1890543264446278,1.2564464864446279,1.1209132376971145,0.18351725755882353,0.17845323768437216,0.9646648488670294,-0.0031000622417955074,-9109.918745903331,-182.1983750470963,0.0024395426806844067,0.0024345038239325465,443.35187525620984,441.52228689389494,12520.840022587072,250.4168006290822,0.0321559156136136,0.000643118312727717,12469.170041088757,249.38340099838405,0.03202321720345745,0.0006404643445227145,"[0.878,1.302]",0.991,"[1.050,1.500]",1.25,0.002,0.0,123,0.247,0.12,-0.005397477470999945,1,0.17460252252900005,0.005,0.0,49,0.2475,0.1,-0.2758164774709999,4,0.1741835225290001,0.25578633020563757,0.25948152031651767,0.9641909376161863,0.9647555863764498,0.13721922336983916,0.2898022750308279,0.9658640765528613,0.9643258955192414
26,56,4.3,15.0,0.2798,68.09837031,1.361967406,Chen:1990kq,2.08521877,0.072395271,0.0089,4.3088999999999995,4.0202,4.0291,1.0,0.0,0.0,68.09837031,1.361967406,0.2617993877991494,0.01703708685546585,0.9829629131445341,0.017332380120999264,0.012044145832064146,0.26775585416793585,4.433234524286382,1.0041438188209841,1.1780709411131136,1.183122709277665,1.261410749277665,1.1231254379087248,0.22734285221588646,0.22229108405133502,0.9643586996533112,-0.0028814800772722486,-23633.1220358342,-472.66244064727516,0.002439542680684406,0.0024345038239325456,451.210892797903,449.3488724829203,30726.726465657313,614.534529222904,0.0789121194368645,0.0015782423885055306,30599.925916722877,611.9985182445877,0.07858647133785995,0.001571729426526396,"[0.878,1.302]",0.991,"[1.050,1.500]",1.25,0.002,0.0,133,0.267,0.12,-0.005397477470999945,1,0.17460252252900005,0.005,0.0,53,0.2675,0.1,-0.2758164774709999,4,0.1741835225290001,0.27568496126091446,0.2794815203165177,0.9637881171229404,0.9644774379915114,0.13721922336983916,0.2898022750308279,0.9658640765528613,0.9643258955192414
26,56,4.3,15.0,0.3001,144.7999333,2.895998667,Chen:1990kq,1.44337083,0.042472395,0.0089,4.3088999999999995,3.9999,4.0088,1.0,0.0,0.0,144.7999333,2.895998667,0.2617993877991494,0.01703708685546585,0.9829629131445341,0.017332380120999264,0.012044145832064146,0.28805585416793583,4.433234524286382,1.0041438188209841,1.172122271866659,1.177161727669282,1.267221737669282,1.1257094374967644,0.2713854052623408,0.2663459494597178,0.9640256248535862,-0.0026636837154377173,-54360.78332453421,-1087.2156668661044,0.002439542680684406,0.0024345038239325456,459.8424257665517,457.9447855452378,66585.15257950689,1331.7030520499802,0.17100342657551273,0.003420068532691218,66310.37440203324,1326.2074884986096,0.17029774358049274,0.003405954872785945,"[0.878,1.302]",0.991,"[1.050,1.500]",1.25,0.002,0.0,144,0.289,0.12,-0.005397477470999945,2,0.29460252252900004,0.005,0.0,57,0.28750000000000003,0.1,-0.2758164774709999,5,0.27418352252900013,0.2975647379631994,0.2994815203165177,0.9632984662512891,0.9641788250084827,0.19163120944830536,0.34309166948212305,0.9652404226721732,0.9634569229960395
26,56,4.3,15.0,0.3203,252.5524148,5.051048296,Chen:1990kq,1.235387119,0.030845082,0.0089,4.3088999999999995,3.9797,3.9886,1.0,0.0,0.0,252.5524148,5.051048296,0.2617993877991494,0.01703708685546585,0.9829629131445341,0.017332380120999264,0.012044145832064146,0.3082558541679358,4.433234524286382,1.0041438188209841,1.166202906409596,1.1712301105023195,1.2738222005023194,1.1286373201796578,0.31521099991940416,0.31018379582668065,0.9636685709487961,-0.002449198630935807,-103116.34655107699,-2062.32693102154,0.002439542680684406,0.0024345038239325456,469.18958502027795,467.2533717044408,118494.96269588111,2369.899253917622,0.3043177625633262,0.006086355251266524,118005.96734739852,2360.1193469479704,0.3030619288386807,0.006061238576773614,"[0.878,1.302]",0.991,"[1.050,1.500]",1.25,0.002,0.0,154,0.309,0.12,-0.005397477470999945,2,0.29460252252900004,0.005,0.0,61,0.3075,0.1,-0.2758164774709999,5,0.27418352252900013,0.31744752840511126,0.31948152031651766,0.9628081713815827,0.9638597855855937,0.19163120944830536,0.34309166948212305,0.9652404226721732,0.9634569229960395
26,56,4.3,15.0,0.3405,408.7642736,8.175285472,Chen:1990kq,1.113110977,0.023754522,0.0089,4.3088999999999995,3.9595,3.9684,1.0,0.0,0.0,408.7642736,8.175285472,0.2617993877991494,0.01703708685546585,0.9829629131445341,0.017332380120999264,0.012044145832064146,0.3284558541679359,4.433234524286382,1.0041438188209841,1.160283540952533,1.165298493335357,1.281238743335357,1.1319181698936354,0.3590365945764671,0.35402164219364307,0.9632856234888505,-0.0022373092815236965,-182703.5166642742,-3654.070333285484,0.002439542680684406,0.0024345038239325456,479.32307087391933,477.3450395150734,195930.14688549898,3918.6029377099794,0.5031861486966945,0.01006372297393389,195121.59833394227,3902.4319666788456,0.5011096411343853,0.010022192822687705,"[0.878,1.302]",0.991,"[1.050,1.500]",1.25,0.002,0.0,164,0.329,0.12,-0.005397477470999945,2,0.29460252252900004,0.005,0.0,65,0.3275,0.1,-0.2758164774709999,6,0.3741835225290001,0.3373227889823198,0.3394815203165177,0.9622717820529483,0.9635203604520474,0.19163120944830536,0.39638106393341815,0.9652404226721732,0.9624435980654809
26,56,4.3,15.0,0.3608,634.7999178,12.69599836,Chen:1990kq,0.953056204,0.018431004,0.0089,4.3088999999999995,3.9391999999999996,3.9480999999999997,1.0,0.0,0.0,634.7999178,12.69599836,0.2617993877991494,0.01703708685546585,0.9829629131445341,0.017332380120999264,0.012044145832064146,0.34875585416793586,4.433234524286382,1.0041438188209841,1.1543348717060784,1.1593375117269737,1.2895141517269737,1.1355677662416161,0.40307914762292163,0.3980765076020263,0.9628743519069326,-0.0020273336513496314,-313120.5943222038,-6262.41188841711,0.0024395426806844054,0.002434503823932545,490.33124238976524,488.30778340645253,311262.2323637949,6225.244649237222,0.7993810366987757,0.01598762073901257,309977.74076751625,6199.554817303557,0.7960822162281188,0.015921644329578648,"[0.878,1.302]",0.991,"[1.050,1.500]",1.25,0.002,0.0,174,0.34900000000000003,0.12,-0.005397477470999945,3,0.41460252252900004,0.005,0.0,69,0.34750000000000003,0.1,-0.2758164774709999,6,0.3741835225290001,0.357190528243315,0.3594815203165177,0.9616858887032637,0.9631605928950667,0.24354065812424086,0.39638106393341815,0.9644197785715147,0.9624435980654809
26,56,4.3,15.0,0.3807,941.4577519,18.82915504,Chen:1990kq,0.984643228,0.038451008,0.0089,4.3088999999999995,3.9193,3.9282,1.0,0.0,0.0,941.4577519,18.82915504,0.2617993877991494,0.01703708685546585,0.9829629131445341,0.017332380120999264,0.012044145832064146,0.36865585416793584,4.433234524286382,1.0041438188209841,1.1485034176171895,1.153493987884273,1.298426477884273,1.1394851810726951,0.44625386711181037,0.441263296844727,0.9624451345787769,-0.0018246959477705156,-515953.2211655918,-10319.064424407909,0.0024395426806844062,0.002434503823932546,501.9581797131995,499.8867396331473,472572.419420605,9451.448389416017,1.2136564969121273,0.024273129940820797,470622.2460996434,9412.444922992643,1.2086480782574975,0.024172961567717564,"[0.878,1.302]",0.991,"[1.050,1.500]",1.25,0.002,0.0,184,0.369,0.12,-0.005397477470999945,3,0.41460252252900004,0.005,0.0,73,0.3675,0.1,-0.2758164774709999,7,0.4741835225290001,0.3770507547204218,0.37948152031651766,0.9610466081069351,0.9627805287461481,0.24354065812424086,0.4496704583847132,0.9644197785715147,0.9612868359222282
26,56,4.3,15.0,0.3998,1324.061814,26.48123627,Chen:1990kq,0.966722238,0.031267422,0.0089,4.3088999999999995,3.9002,3.9091,1.0,0.0,0.0,1324.061814,26.48123627,0.2617993877991494,0.01703708685546585,0.9829629131445341,0.017332380120999264,0.012044145832064146,0.38775585416793584,4.433234524286382,1.0041438188209841,1.142906393843432,1.1478853795729371,1.307725419572937,1.1435582274519025,0.4876929194855679,0.48271393375606286,0.9620086085244799,-0.0016334567578020888,-810588.8372469696,-16211.776738817405,0.002439542680684406,0.0024345038239325456,513.9283073342306,511.8074699077067,680472.8468749108,13609.456932358933,1.7475846190824433,0.03495169236845021,677664.7270247486,13553.294535376897,1.740372829396461,0.034807456574785026,"[0.878,1.302]",0.991,"[1.050,1.500]",1.25,0.002,0.0,193,0.387,0.12,-0.005397477470999945,4,0.5346025225290001,0.005,0.0,77,0.3875,0.1,-0.2758164774709999,7,0.4741835225290001,0.39491854215857813,0.3994815203165177,0.9604219608324102,0.9623802163665293,0.29326405690450097,0.4496704583847132,0.9633987299562503,0.9612868359222282
26,56,4.3,15.0,0.4188,1788.094184,35.76188368,Chen:1990kq,0.96191801,0.026229043,0.0089,4.3088999999999995,3.8811999999999998,3.8901,1.0,0.0,0.0,1788.094184,35.76188368,0.2617993877991494,0.01703708685546585,0.9829629131445341,0.017332380120999264,0.012044145832064146,0.40675585416793586,4.433234524286382,1.0041438188209841,1.1373386738590656,1.142306135703022,1.3176995757030219,1.147910961574556,0.5289150134699345,0.5239475516259782,0.9615502021515439,-0.001446620042637165,-1236049.6407476375,-24720.992814952748,0.0024395426806844067,0.0024345038239325465,526.6562654374019,524.4829033113758,941711.0051957786,18834.22010391557,2.4184942512531102,0.0483698850250622,937824.8290185055,18756.49658037011,2.408513806411502,0.04817027612823004,"[0.878,1.302]",0.991,"[1.050,1.500]",1.25,0.002,0.0,203,0.40700000000000003,0.12,-0.005397477470999945,4,0.5346025225290001,0.005,0.0,81,0.40750000000000003,0.1,-0.2758164774709999,7,0.4741835225290001,0.4147645177951702,0.4194815203165177,0.9596685177416026,0.9619597066318818,0.29326405690450097,0.4496704583847132,0.9633987299562503,0.9612868359222282
26,56,4.3,15.0,0.4379,2325.186366,46.50372732,Chen:1990kq,0.916055604,0.021933726,0.0089,4.3088999999999995,3.8621,3.871,1.0,0.0,0.0,2325.186366,46.50372732,0.2617993877991494,0.01703708685546585,0.9829629131445341,0.017332380120999264,0.012044145832064146,0.42585585416793587,4.433234524286382,1.0041438188209841,1.1317416500853081,1.1366975273916862,1.3284539373916862,1.1525857614041943,0.5703540658436919,0.5653981885373138,0.9610647959530882,-0.0012624393218671958,-1841820.296409146,-36836.405928182925,0.002439542680684406,0.0024345038239325456,540.3104135649774,538.0807046139895,1256322.4070291067,25126.44814058214,3.2264765967014366,0.06452953193402874,1251137.9181761215,25022.758363522436,3.2131618362096828,0.06426323672419366,"[0.878,1.302]",0.991,"[1.050,1.500]",1.25,0.002,0.0,212,0.425,0.12,-0.005397477470999945,4,0.5346025225290001,0.005,0.0,85,0.4275,0.1,-0.2758164774709999,8,0.5741835225290002,0.4326194932744656,0.43948152031651766,0.958932399593848,0.9615190529162356,0.29326405690450097,0.5029598528360083,0.9633987299562503,0.9599876777710777
26,56,4.3,15.0,0.4569,2909.28203,58.18564061,Chen:1990kq,0.910877657,0.01917999,0.0089,4.3088999999999995,3.8430999999999997,3.852,1.0,0.0,0.0,2909.28203,58.18564061,0.2617993877991494,0.01703708685546585,0.9829629131445341,0.017332380120999264,0.012044145832064146,0.4448558541679358,4.433234524286382,1.0041438188209841,1.1261739301009417,1.1311182835217708,1.3398758935217707,1.157530083203789,0.6115761598280582,0.6066318064072291,0.9605571785299979,-0.0010830433539133148,-2686210.131374717,-53724.20263672759,0.0024395426806844067,0.0024345038239325465,554.7838662189216,552.4944294038689,1614022.7325246327,32280.454656040492,4.14511955203405,0.08290239105492891,1607362.1151397794,32147.242308320536,4.128013810711939,0.0825602762284279,"[0.878,1.302]",0.991,"[1.050,1.500]",1.25,0.002,0.0,222,0.445,0.12,-0.005397477470999945,5,0.654602522529,0.005,0.0,88,0.4425,0.1,-0.2758164774709999,8,0.5741835225290002,0.4524512487039516,0.4544815203165177,0.9580440236451596,0.9611753766497698,0.341056325282978,0.5029598528360083,0.962165585444416,0.9599876777710777
26,56,4.3,15.0,0.476,3523.302385,70.46604769,Chen:1990kq,0.90823882,0.017143008,0.0089,4.3088999999999995,3.824,3.8329,1.0,0.0,0.0,3523.302385,70.46604769,0.2617993877991494,0.01703708685546585,0.9829629131445341,0.017332380120999264,0.012044145832064146,0.46395585416793583,4.433234524286382,1.0041438188209841,1.1205769063271842,1.125509675210435,1.3520856752104349,1.1627921891767397,0.6530152122018158,0.648082443318565,0.9600217082293482,-0.0009067263366691943,-3885739.547328738,-77714.79093554607,0.0024395426806844062,0.002434503823932546,570.2673536297074,567.9140208215264,2009224.3271311864,40184.48653692105,5.160072950017655,0.10320145898570754,2000932.8240354236,40018.656475029326,5.138778781784822,0.1027755756211113,"[0.878,1.302]",0.991,"[1.050,1.500]",1.25,0.002,0.0,231,0.463,0.12,-0.005397477470999945,5,0.654602522529,0.005,0.0,92,0.4625,0.1,-0.2758164774709999,9,0.6741835225290002,0.47029343974507754,0.4744815203165177,0.9571750942746522,0.9606996068527028,0.341056325282978,0.5562492472873035,0.962165585444416,0.9585472884999058
26,56,4.3,15.0,0.495,4138.504719,82.77009438,Chen:1990kq,0.901291711,0.015440359,0.0089,4.3088999999999995,3.8049999999999997,3.8139,1.0,0.0,0.0,4138.504719,82.77009438,0.2617993877991494,0.01703708685546585,0.9829629131445341,0.017332380120999264,0.012044145832064146,0.48295585416793585,4.433234524286382,1.0041438188209841,1.115009186342818,1.1199304313405194,1.3649554313405194,1.1683130707736344,0.6942373061861822,0.6893160611884808,0.9594636938128677,-0.0007354967905756152,-5626815.469529267,-112536.30939058537,0.002439542680684406,0.0024345038239325456,586.6389502019719,584.2180564242025,2427808.0637600664,48556.16127520133,6.2350761676922,0.12470152335384402,2417789.1834365698,48355.783668731405,6.20934576384996,0.12418691527699922,"[0.878,1.302]",0.991,"[1.050,1.500]",1.25,0.002,0.0,241,0.483,0.12,-0.005397477470999945,5,0.654602522529,0.005,0.0,96,0.4825,0.1,-0.2758164774709999,9,0.6741835225290002,0.49011100549125786,0.49448152031651765,0.9561246179069601,0.9602038525952847,0.341056325282978,0.5562492472873035,0.962165585444416,0.9585472884999058
26,56,4.3,15.0,0.5141,4740.755413,94.81510827,Chen:1990kq,0.900700337,0.01419605,0.0089,4.3088999999999995,3.7859,3.7948,1.0,0.0,0.0,4740.755413,94.81510827,0.2617993877991494,0.01703708685546585,0.9829629131445341,0.017332380120999264,0.012044145832064146,0.5020558541679359,4.433234524286382,1.0041438188209841,1.1094121625690605,1.1143218230291836,1.3786206330291835,1.1741467680955322,0.7356763585599395,0.7307666980998164,0.9588769590718749,-0.0005676965264813361,-8350862.110050024,-167017.24221861555,0.002439542680684405,0.0024345038239325448,604.1136627898952,601.620655793326,2863955.1169384522,57279.102344810184,7.355185346615534,0.14710370694782549,2852136.38052482,57042.72761651261,7.324832567561516,0.14649665136668108,"[0.878,1.302]",0.991,"[1.050,1.500]",1.25,0.002,0.0,251,0.503,0.12,-0.005397477470999945,6,0.7746025225290001,0.005,0.0,100,0.5025000000000001,0.1,-0.2758164774709999,10,0.7741835225290001,0.5099211152064242,0.5144815203165177,0.9549750368512127,0.9596881764643974,0.38712638227275475,0.6095386417385985,0.9607003784349989,0.9569669540907411
26,56,4.3,15.0,0.5331,5304.443109,106.0888622,Chen:1990kq,0.910557414,0.013498118,0.0089,4.3088999999999995,3.7668999999999997,3.7758,1.0,0.0,0.0,5304.443109,106.0888622,0.2617993877991494,0.01703708685546585,0.9829629131445341,0.017332380120999264,0.012044145832064146,0.5210558541679359,4.433234524286382,1.0041438188209841,1.103844442584694,1.1087425791592684,1.3929381891592685,1.1802280242221281,0.7768984525443061,0.7720003159697317,0.9582673455759073,-0.00040520692454240213,-13090702.028328557,-261814.04061592862,0.002439542680684406,0.0024345038239325456,622.553137338229,619.9840358218806,3302297.6993400995,66045.95399925305,8.480933065149873,0.16961866133497416,3288670.0465053837,65773.40094250736,8.445934642218646,0.16891869287621766,"[0.878,1.302]",0.991,"[1.050,1.500]",1.25,0.002,0.0,260,0.521,0.12,-0.005397477470999945,6,0.7746025225290001,0.005,0.0,104,0.5225,0.1,-0.2758164774709999,10,0.7741835225290001,0.5277438459941663,0.5344815203165176,0.953846131946892,0.9591526434587442,0.38712638227275475,0.6095386417385985,0.9607003784349989,0.9569669540907411
26,56,4.3,15.0,0.5522,5816.598943,116.3319789,Chen:1990kq,0.916343047,0.013014478,0.0089,4.3088999999999995,3.7478,3.7567,1.0,0.0,0.0,5816.598943,116.3319789,0.2617993877991494,0.01703708685546585,0.9829629131445341,0.017332380120999264,0.012044145832064146,0.5401558541679359,4.433234524286382,1.0041438188209841,1.0982474188109366,1.1031339708479326,1.4080588108479326,1.1866165390925294,0.8183375049180635,0.8134509528810674,0.9576281299902534,-0.00024642398224566995,-23604029.486063574,-472080.5898835933,0.0024395426806844054,0.002434503823932545,642.1987630926938,639.5485896101334,3735412.64660087,74708.25295770535,9.593255215260244,0.19186510437117646,3719997.6503234426,74399.95303205079,9.55366655199269,0.1910733311055531,"[0.878,1.302]",0.991,"[1.050,1.500]",1.25,0.002,0.0,270,0.541,0.12,-0.005397477470999945,6,0.7746025225290001,0.005,0.0,108,0.5425,0.1,-0.2758164774709999,10,0.7741835225290001,0.5475398124049633,0.5544815203165177,0.952474625361035,0.95859732096856,0.38712638227275475,0.6095386417385985,0.9607003784349989,0.9569669540907411
26,56,4.3,15.0,0.5712,6255.239246,125.1047849,Chen:1990kq,0.935216028,0.012869212,0.0089,4.3088999999999995,3.7287999999999997,3.7377,1.0,0.0,0.0,6255.239246,125.1047849,0.2617993877991494,0.01703708685546585,0.9829629131445341,0.017332380120999264,0.012044145832064146,0.5591558541679359,4.433234524286382,1.0041438188209841,1.0926796988265701,1.0975547269780173,1.4238241669780174,1.1932410347360745,0.85955959890243,0.8546845707509829,0.9569656995169749,-9.309778379014073e-05,-67189990.90354763,-1343799.8178561246,0.0024395426806844062,0.002434503823932546,662.8942032849751,660.158625547596,4146561.8363340786,82931.23671342368,10.649165092378453,0.21298330181352026,4129450.143110741,82589.00284901164,10.60521898634219,0.2121043796929355,"[0.878,1.302]",0.991,"[1.050,1.500]",1.25,0.002,0.0,279,0.559,0.12,-0.005397477470999945,7,0.894602522529,0.005,0.0,111,0.5575,0.1,-0.2758164774709999,11,0.8741835225290002,0.565349827843356,0.5694815203165177,0.9511221846951688,0.9581678841286458,0.43164799134548637,0.6628280361898936,0.9589739538319474,0.9552480787796072
26,56,4.3,15.0,0.5903,6613.973866,132.2794773,Chen:1990kq,0.916241903,0.012836458,0.0089,4.3088999999999995,3.7096999999999998,3.7186,1.0,0.0,0.0,6613.973866,132.2794773,0.2617993877991494,0.01703708685546585,0.9829629131445341,0.017332380120999264,0.012044145832064146,0.5782558541679359,4.433234524286382,1.0041438188209841,1.0870826750528126,1.0919461186666815,1.4404002086666816,1.2001667420265743,0.9009986512761876,0.8961352076623188,0.9562727709684218,5.631542775035894e-05,117445150.11621916,2348903.0019692406,0.002439542680684406,0.0024345038239325456,684.909549873184,682.0831209989132,4529973.863435063,90599.47725500306,11.633840622651409,0.2326768124178486,4511279.936726527,90225.59872088888,11.585831037939652,0.23171662072375865,"[0.878,1.302]",0.991,"[1.050,1.500]",1.25,0.002,0.0,289,0.579,0.12,-0.005397477470999945,7,0.894602522529,0.005,0.0,115,0.5775,0.1,-0.2758164774709999,11,0.8741835225290002,0.5851316811991651,0.5894815203165177,0.9494711259805705,0.9575780993162273,0.43164799134548637,0.6628280361898936,0.9589739538319474,0.9552480787796072
26,56,4.3,15.0,0.6088,6880.414929,137.6082986,Chen:1990kq,0.93017646,0.017586149,0.0089,4.3088999999999995,3.6912,3.7001,1.0,0.0,0.0,6880.414929,137.6082986,0.2617993877991494,0.01703708685546585,0.9829629131445341,0.017332380120999264,0.012044145832064146,0.5967558541679359,4.433234524286382,1.0041438188209841,1.0816614740154034,1.0865136970038691,1.4571511370038692,1.207125153827833,0.941135953313597,0.9362837303251312,0.9555754948638555,0.00019647312178305794,35019624.397260964,700392.4880470145,0.002439542680684406,0.0024345038239325456,707.4427341216997,704.5233171403115,4867499.54926352,97349.99099941927,12.50067123875606,0.2500134248114582,4847412.7490808,96948.25499570649,12.449084488150042,0.2489816897991879,"[0.878,1.302]",0.991,"[1.050,1.500]",1.25,0.002,0.0,298,0.597,0.12,-0.005397477470999945,7,0.894602522529,0.005,0.0,119,0.5975,0.1,-0.2758164774709999,12,0.9741835225290001,0.6029290084641374,0.6094815203165177,0.9478339884803414,0.9569687224999671,0.43164799134548637,0.7161174306411887,0.9589739538319474,0.953392181976716
26,56,4.3,15.0,0.6268,7067.859085,141.3571817,Chen:1990kq,0.952197818,0.017119753,0.0089,4.3088999999999995,3.6731999999999996,3.6820999999999997,1.0,0.0,0.0,7067.859085,141.3571817,0.2617993877991494,0.01703708685546585,0.9829629131445341,0.017332380120999264,0.012044145832064146,0.6147558541679359,4.433234524286382,1.0041438188209841,1.076386791924951,1.0812280975481598,1.47410633754816,1.2141278093957655,0.9801884634040492,0.9753471577808404,0.9548721227468171,0.0003285016351324232,21515445.675486077,430308.9135097216,0.002439542680684406,0.0024345038239325456,730.5596698552318,727.5448557887045,5163492.799720901,103269.85599441803,13.260838605061897,0.265216772101238,5142184.518731209,102843.6903746242,13.206114857762225,0.26412229715524455,"[0.878,1.302]",0.991,"[1.050,1.500]",1.25,0.002,0.0,307,0.615,0.12,-0.005397477470999945,8,1.014602522529,0.005,0.0,122,0.6125,0.1,-0.2758164774709999,12,0.9741835225290001,0.6207203349990777,0.6244815203165177,0.946033708679192,0.9564988783676993,0.47476752402222344,0.7161174306411887,0.9569460932333339,0.953392181976716
26,56,4.3,15.0,0.6447,7193.404652,143.868093,Chen:1990kq,0.984234913,0.016820964,0.0089,4.3088999999999995,3.6552999999999995,3.6641999999999997,1.0,0.0,0.0,7193.404652,143.868093,0.2617993877991494,0.01703708685546585,0.9829629131445341,0.017332380120999264,0.012044145832064146,0.6326558541679359,4.433234524286382,1.0041438188209841,1.0711414136238901,1.0759718625338712,1.4916099525338713,1.2213148457846041,1.01902401510511,1.014193566195129,0.9541479980425045,0.00045553241228021466,15791202.685211066,315824.0536164119,0.0024395426806844062,0.002434503823932546,754.7653569099855,751.6506527881569,5429332.62956473,108586.65256110397,13.943566211178961,0.2788713241460439,5406927.302445165,108138.54601883725,13.886025039272564,0.27772050070823595,"[0.878,1.302]",0.991,"[1.050,1.500]",1.25,0.002,0.0,316,0.633,0.12,-0.005397477470999945,8,1.014602522529,0.005,0.0,126,0.6325000000000001,0.1,-0.2758164774709999,12,0.9741835225290001,0.6385056668697118,0.6444815203165177,0.9440472755099553,0.9558554001951611,0.47476752402222344,0.7161174306411887,0.9569460932333339,0.953392181976716
26,56,4.3,15.0,0.6626,7269.663776,145.3932755,Chen:1990kq,0.957403288,0.016094279,0.0089,4.3088999999999995,3.6374,3.6463,1.0,0.0,0.0,7269.663776,145.3932755,0.2617993877991494,0.01703708685546585,0.9829629131445341,0.017332380120999264,0.012044145832064146,0.6505558541679358,4.433234524286382,1.0041438188209841,1.0658960353228295,1.0707156275195828,1.5097543875195827,1.2287206303792504,1.0578595668061705,1.0530399746094172,0.953399018866354,0.0005783046621730155,12570647.016200405,251412.9402894242,0.0024395426806844062,0.002434503823932546,780.2369565665153,777.017138324499,5672060.3398480825,113441.20678135689,14.566937467011396,0.2913387493001519,5648653.343808792,112973.06686063549,14.506823817443967,0.29013647630896877,"[0.878,1.302]",0.991,"[1.050,1.500]",1.25,0.002,0.0,325,0.651,0.12,-0.005397477470999945,8,1.014602522529,0.005,0.0,130,0.6525,0.1,-0.2758164774709999,13,1.0741835225290002,0.6562850101315405,0.6644815203165176,0.9418470207131081,0.9551925449611474,0.47476752402222344,0.7694068250924838,0.9569460932333339,0.9514008949594523
26,56,4.3,15.0,0.6806,7259.403103,145.1880621,Chen:1990kq,0.964266607,0.015841523,0.0089,4.3088999999999995,3.6193999999999997,3.6283,1.0,0.0,0.0,7259.403103,145.1880621,0.2617993877991494,0.01703708685546585,0.9829629131445341,0.017332380120999264,0.012044145832064146,0.6685558541679358,4.433234524286382,1.0041438188209841,1.0606213532323772,1.0654300280638735,1.5286463880638737,1.2363844014156251,1.0969120768966227,1.0921034020651263,0.952620525740581,0.0006974734403013084,10408142.709869983,208162.85425474952,0.0024395426806844062,0.002434503823932546,807.1823126021663,803.8512984623256,5859661.784790882,117193.23572810493,15.048733913710679,0.30097467835713354,5835480.610407986,116709.61224031377,14.986632025858764,0.299732640599753,"[0.878,1.302]",0.991,"[1.050,1.500]",1.25,0.002,0.0,334,0.669,0.12,-0.005397477470999945,9,1.134602522529,0.005,0.0,133,0.6675,0.1,-0.2758164774709999,13,1.0741835225290002,0.6740583708298757,0.6794815203165177,0.9393993848956687,0.9546827368203571,0.5166096490576481,0.7694068250924838,0.95456243055867,0.9514008949594523
26,56,4.3,15.0,0.6985,7261.050921,145.2210184,Chen:1990kq,1.027399488,0.01611337,0.0089,4.3088999999999995,3.6014999999999997,3.6104,1.0,0.0,0.0,7261.050921,145.2210184,0.2617993877991494,0.01703708685546585,0.9829629131445341,0.017332380120999264,0.012044145832064146,0.6864558541679359,4.433234524286382,1.0041438188209841,1.0553759749313163,1.060173793049585,1.548076043049585,1.2442170401700763,1.135747628597684,1.1309498104794153,0.9518209021221021,0.0008117299456778431,8945155.910118097,178903.1181777232,0.0024395426806844062,0.002434503823932546,835.3590597519208,831.911768109829,6065584.670177379,121311.69338684037,15.577583329041827,0.31155166653792926,6040553.710024613,120811.07418385401,15.51329902855176,0.310265980528305,"[0.878,1.302]",0.991,"[1.050,1.500]",1.25,0.002,0.0,343,0.687,0.12,-0.005397477470999945,9,1.134602522529,0.005,0.0,137,0.6875,0.1,-0.2758164774709999,14,1.1741835225290003,0.6918257549998685,0.6994815203165177,0.9366632688131069,0.9539861713237908,0.5166096490576481,0.8226962195437789,0.95456243055867,0.9492759573513755
26,56,4.3,15.0,0.7165,7244.56479,144.8912958,Chen:1990kq,0.98556645,0.015459866,0.0089,4.3088999999999995,3.5835,3.5924,1.0,0.0,0.0,7244.56479,144.8912958,0.2617993877991494,0.01703708685546585,0.9829629131445341,0.017332380120999264,0.012044145832064146,0.7044558541679359,4.433234524286382,1.0041438188209841,1.0501012928408642,1.0548881935938759,1.5682604435938758,1.2523020576497812,1.174800138688136,1.1700132379351242,0.9509909438517232,0.0009223759916213569,7854242.58199248,157084.8516398496,0.0024395426806844054,0.002434503823932545,865.1419938289639,861.5717964033984,6267577.226843709,125351.54453687418,16.096338907343558,0.3219267781468711,6241712.700281109,124834.25400562216,16.029913848638813,0.3205982769727762,"[0.878,1.302]",0.991,"[1.050,1.500]",1.25,0.002,0.0,352,0.705,0.12,-0.005397477470999945,9,1.134602522529,0.005,0.0,140,0.7025,0.1,-0.2758164774709999,14,1.1741835225290003,0.7095871686665234,0.7144815203165177,0.933587797601591,0.9534511783927435,0.5166096490576481,0.8226962195437789,0.95456243055867,0.9492759573513755
26,56,4.3,15.0,0.7344,7217.955281,144.3591056,Chen:1990kq,1.021064791,0.01551686,0.0089,4.3088999999999995,3.5656,3.5745,1.0,0.0,0.0,7217.955281,144.3591056,0.2617993877991494,0.01703708685546585,0.9829629131445341,0.017332380120999264,0.012044145832064146,0.7223558541679359,4.433234524286382,1.0041438188209841,1.0448559145398033,1.0496319585795872,1.5889753185795872,1.2605456431956708,1.2136356903891972,1.2088596463494132,0.9501396035400984,0.0010282162195856712,7019880.783351714,140397.61564758312,0.0024395426806844062,0.002434503823932546,896.2623050451385,892.563682857188,6469181.23786179,129383.62473931056,16.614096625992527,0.33228193247381516,6442484.748307849,128849.69494830571,16.545534926958947,0.3309106984933335,"[0.878,1.302]",0.991,"[0.650,1.050]",0.8,0.002,0.0,361,0.723,0.12,-0.005397477470999945,10,1.254602522529,0.005,0.0,144,0.7225,0.1,0.17418352252900005,10,1.224183522529,0.7273426178447409,0.7301681730025713,0.9301092387529906,0.9453882629034828,0.5572815869439202,0.6095386417385985,0.9517496543859314,0.9516886424532633
26,56,4.3,15.0,0.7524,7186.691794,143.7338359,Chen:1990kq,1.012983471,0.015584361,0.0089,4.3088999999999995,3.5476,3.5565,1.0,0.0,0.0,7186.691794,143.7338359,0.2617993877991494,0.01703708685546585,0.9829629131445341,0.017332380120999264,0.012044145832064146,0.7403558541679358,4.433234524286382,1.0041438188209841,1.0395812324493512,1.044346359123878,1.6104521191238779,1.2690359014322163,1.2526882004796491,1.2479230738051224,0.9492570965401466,0.0011304758833988993,6357226.9869149495,127144.53975599064,0.002439542680684406,0.0024345038239325456,929.1329707630185,925.2987005924713,6677392.296517427,133547.8459489312,17.148822508590975,0.34297645021954337,6649836.578546776,132996.7315894415,17.078054146393367,0.34156108297539417,"[0.878,1.302]",0.991,"[0.650,1.050]",0.8,0.002,0.0,370,0.741,0.12,-0.005397477470999945,10,1.254602522529,0.005,0.0,148,0.7425,0.1,0.17418352252900005,10,1.224183522529,0.7450921085393176,0.7501681730025713,0.9261466750135544,0.9442430595285285,0.5572815869439202,0.6095386417385985,0.9517496543859314,0.9516886424532633
26,56,4.3,15.0,0.7703,7155.42084,143.1084168,Chen:1990kq,1.059336714,0.016071731,0.0089,4.3088999999999995,3.5297,3.5386,1.0,0.0,0.0,7155.42084,143.1084168,0.2617993877991494,0.01703708685546585,0.9829629131445341,0.017332380120999264,0.012044145832064146,0.7582558541679358,4.433234524286382,1.0041438188209841,1.0343358541482903,1.0390901241095893,1.6324522141095894,1.2776745337172488,1.2915237521807095,1.2867694822194105,0.9483529567643332,0.0012280687573427377,5826563.697852478,116531.27395704956,0.0024395426806844062,0.002434503823932546,963.4563010519395,959.4803881611123,6893935.294976361,137878.7058995272,17.704946408633077,0.3540989281726615,6865485.965019312,137309.71930038623,17.631883079678115,0.3526376615935623,"[0.878,1.302]",0.991,"[0.650,1.050]",0.8,0.002,0.0,379,0.759,0.12,-0.005397477470999945,10,1.254602522529,0.005,0.0,151,0.7575000000000001,0.1,0.17418352252900005,11,1.3241835225290002,0.7628356467449748,0.7651681730025713,0.9215958030738972,0.9433657306803954,0.5572815869439202,0.6628280361898936,0.9517496543859314,0.9490350853333848
26,56,4.3,15.0,0.7882,7125.979711,142.5195942,Chen:1990kq,1.080553175,0.016559127,0.0089,4.3088999999999995,3.5118,3.5207,1.0,0.0,0.0,7125.979711,142.5195942,0.2617993877991494,0.01703708685546585,0.9829629131445341,0.017332380120999264,0.012044145832064146,0.7761558541679359,4.433234524286382,1.0041438188209841,1.0290904758472297,1.0338338890953007,1.6550931290953006,1.2865042281684504,1.3303593038817705,1.3256158906336994,0.9474220831092784,0.0013216311316237015,5391806.791237821,107836.1358096236,0.0024395426806844054,0.002434503823932545,999.4805449612933,995.3559701585713,7122278.084933399,142445.56167867838,18.291374433557117,0.3658274886198052,7092886.4485727,141857.7289515469,18.21589108125362,0.3643178215739471,"[0.878,1.302]",0.991,"[0.650,1.050]",0.8,0.002,0.0,388,0.777,0.12,-0.005397477470999945,11,1.374602522529,0.005,0.0,155,0.7775,0.1,0.17418352252900005,11,1.3241835225290002,0.780573238446415,0.7851681730025712,0.916319837335141,0.9421715659853315,0.5968763486071639,0.6628280361898936,0.9484080927431519,0.9490350853333848
26,56,4.3,15.0,0.8062,7100.350046,142.0070009,Chen:1990kq,1.085861958,0.01732309,0.0089,4.3088999999999995,3.4938,3.5027,1.0,0.0,0.0,7100.350046,142.0070009,0.2617993877991494,0.01703708685546585,0.9829629131445341,0.017332380120999264,0.012044145832064146,0.7941558541679359,4.433234524286382,1.0041438188209841,1.0238157937567773,1.0285482896395914,1.6785067296395915,1.2955719700732922,1.3694118139722227,1.3646793180894086,0.9464587750124355,0.001411715403900764,5029590.260459548,100591.80519502382,0.0024395426806844054,0.002434503823932545,1037.4949742581307,1033.2135246087616,7366577.488198487,147331.54974321986,18.918782098033063,0.3783756419073716,7336177.696983643,146723.55391900858,18.84070961094653,0.37681419216586076,"[0.878,1.302]",0.991,"[0.650,1.050]",0.8,0.002,0.0,397,0.795,0.12,-0.005397477470999945,11,1.374602522529,0.005,0.0,158,0.7925,0.1,0.17418352252900005,11,1.3241835225290002,0.7983048896182936,0.8001681730025713,0.9101358091272784,0.9412577695556872,0.5968763486071639,0.6628280361898936,0.9484080927431519,0.9490350853333848
26,56,4.3,15.0,0.8236,7080.106043,141.6021209,Chen:1990kq,1.080492291,0.02062116,0.0089,4.3088999999999995,3.4764,3.4853,1.0,0.0,0.0,7080.106043,141.6021209,0.2617993877991494,0.01703708685546585,0.9829629131445341,0.017332380120999264,0.012044145832064146,0.8115558541679359,4.433234524286382,1.0041438188209841,1.0187169344026734,1.0234388768324059,1.701755836832406,1.304513639956442,1.407162573726327,1.4024406312965945,0.9455013561416608,0.001495048583626151,4735702.986873928,94714.05976423355,0.0024395426806844062,0.002434503823932546,1076.0199708113316,1071.5795393479998,7618335.4977299925,152366.70999764063,19.56534489213813,0.39130689795329954,7586896.772092929,151737.93548472176,19.484604222441746,0.38969208455891574,"[1.302,1.770]",1.619,"[0.650,1.050]",0.8,0.002,0.0,405,0.811,0.12,-1.6444774774709998,25,1.4155225225290002,0.005,0.0,162,0.8125,0.1,0.17418352252900005,12,1.424183522529,0.8295286374784112,0.8201681730025713,0.9551056445029722,0.9400153253602606,1.0708769502349242,0.7161174306411887,0.9419503719592274,0.9461759135646328
26,56,4.3,15.0,0.8405,7062.626445,141.2525289,Chen:1990kq,1.078918737,0.020105835,0.0089,4.3088999999999995,3.4595,3.4684,1.0,0.0,0.0,7062.626445,141.2525289,0.2617993877991494,0.01703708685546585,0.9829629131445341,0.017332380120999264,0.012044145832064146,0.8284558541679359,4.433234524286382,1.0041438188209841,1.0137645939955267,1.0184762862323233,1.7249165362323233,1.3133607791586908,1.4438285415334735,1.4391168492966768,0.9445465306679167,0.0015725242490868764,4491267.11343312,89825.3422686624,0.0024395426806844062,0.002434503823932546,1115.1805443061485,1110.5785081817644,7876103.603166099,157522.07206332195,20.227342763793057,0.40454685527586104,7843601.141133178,156872.02282266354,20.14387021526757,0.4028774043053513,"[1.302,1.770]",1.619,"[0.650,1.050]",0.8,0.002,0.0,414,0.8290000000000001,0.12,-1.6444774774709998,25,1.4155225225290002,0.005,0.0,165,0.8275,0.1,0.17418352252900005,12,1.424183522529,0.8472439135313081,0.8351681730025713,0.9544369234996569,0.9390655813115188,1.0708769502349242,0.7161174306411887,0.9419503719592274,0.9461759135646328
26,56,4.3,15.0,0.8574,7048.723615,140.9744723,Chen:1990kq,1.105164626,0.019861752,0.0089,4.3088999999999995,3.4425999999999997,3.4515,1.0,0.0,0.0,7048.723615,140.9744723,0.2617993877991494,0.01703708685546585,0.9829629131445341,0.017332380120999264,0.012044145832064146,0.8453558541679359,4.433234524286382,1.0041438188209841,1.0088122535883797,1.0135136956322408,1.748648455632241,1.3223647211084546,1.4804945093406203,1.4757930672967592,0.9435669150094285,0.001646653379785317,4280635.925891689,85612.71851783378,0.0024395426806844062,0.002434503823932546,1156.128153342278,1151.357137964307,8149227.816430056,162984.55632860112,20.92877806189662,0.41857556123793244,8115598.247667823,162311.96495335648,20.84241088738678,0.41684821774773567,"[1.302,1.770]",1.619,"[0.650,1.050]",0.8,0.002,0.0,422,0.845,0.12,-1.6444774774709998,26,1.535522522529,0.005,0.0,169,0.8475,0.1,0.17418352252900005,13,1.5241835225290001,0.8629858570755999,0.8551681730025713,0.9538133896345748,0.9377755621136922,1.1005216249019294,0.7694068250924838,0.9394607056964159,0.943114970347738
26,56,4.3,15.0,0.8743,7036.757048,140.735141,Chen:1990kq,1.116991811,0.019611307,0.0089,4.3088999999999995,3.4257,3.4346,1.0,0.0,0.0,7036.757048,140.735141,0.2617993877991494,0.01703708685546585,0.9829629131445341,0.017332380120999264,0.012044145832064146,0.8622558541679358,4.433234524286382,1.0041438188209841,1.003859913181233,1.0085511050321583,1.7729515950321582,1.3315222848424875,1.5171604771477674,1.512469285296842,0.9425622758075207,0.0017175042435802824,4097082.772460164,81941.65547249289,0.0024395426806844067,0.0024345038239325465,1198.934592193324,1193.9869266944786,8436611.44170738,168732.22888210497,21.666834261519128,0.43333668535354625,8401795.921637231,168035.9184805041,21.57742133687508,0.43154842686015704,"[1.302,1.770]",1.619,"[0.650,1.050]",0.8,0.002,0.0,431,0.863,0.12,-1.6444774774709998,26,1.535522522529,0.005,0.0,172,0.8625,0.1,0.17418352252900005,13,1.5241835225290001,0.880689959388512,0.8701681730025713,0.9530770827656654,0.9367904070589625,1.1005216249019294,0.7694068250924838,0.9394607056964159,0.943114970347738
26,56,4.3,15.0,0.8912,7026.279755,140.5255951,Chen:1990kq,1.149968444,0.01964055,0.0089,4.3088999999999995,3.4088,3.4177,1.0,0.0,0.0,7026.279755,140.5255951,0.2617993877991494,0.01703708685546585,0.9829629131445341,0.017332380120999264,0.012044145832064146,0.8791558541679358,4.433234524286382,1.0041438188209841,0.9989075727740861,1.0035885144320758,1.7978259544320756,1.3408303227597724,1.553826444954914,1.5491455032969244,0.9415323788759297,0.0017851477098996965,3935965.475593496,78719.30951186993,0.002439542680684406,0.0024345038239325456,1243.67437275546,1238.5420787788353,8738404.067104012,174768.08134208023,22.441895533571053,0.44883791067142104,8702343.133839345,174046.8626767869,22.34928414927775,0.44698568298555497,"[1.302,1.770]",1.619,"[0.650,1.050]",0.8,0.002,0.0,439,0.879,0.12,-1.6444774774709998,26,1.535522522529,0.005,0.0,175,0.8775000000000001,0.1,0.17418352252900005,13,1.5241835225290001,0.8964219801121729,0.8851681730025713,0.9523896924843538,0.9357902441002786,1.1005216249019294,0.7694068250924838,0.9394607056964159,0.943114970347738
26,56,4.3,15.0,0.9081,7017.860021,140.3572004,Chen:1990kq,1.194096202,0.019806608,0.0089,4.3088999999999995,3.3918999999999997,3.4008,1.0,0.0,0.0,7017.860021,140.3572004,0.2617993877991494,0.01703708685546585,0.9829629131445341,0.017332380120999264,0.012044145832064146,0.8960558541679359,4.433234524286382,1.0041438188209841,0.9939552323669393,0.9986259238319932,1.8232715338319934,1.350285723034941,1.5904924127620608,1.5858217212970067,0.9404769892284189,0.0018496568543240226,3794141.602316152,75882.83203551022,0.0024395426806844062,0.002434503823932546,1290.4248085755269,1285.099588712979,9056020.674208768,181120.41345836688,23.257595821819965,0.4651519163701182,9018649.02663236,180372.9805069452,23.16161827209959,0.4632323653759842,"[1.302,1.770]",1.619,"[0.650,1.050]",0.8,0.002,0.0,448,0.897,0.12,-1.6444774774709998,26,1.535522522529,0.005,0.0,179,0.8975,0.1,0.17418352252900005,14,1.6241835225290002,0.9141149298016487,0.9051681730025712,0.9515769007162812,0.9344335255510904,1.1005216249019294,0.8226962195437789,0.9394607056964159,0.9398563311166426
26,56,4.3,15.0,0.9249,7005.141641,140.1028328,Chen:1990kq,1.1976917,0.019557064,0.0089,4.3088999999999995,3.3750999999999998,3.384,1.0,0.0,0.0,7005.141641,140.1028328,0.2617993877991494,0.01703708685546585,0.9829629131445341,0.017332380120999264,0.012044145832064146,0.9128558541679359,4.433234524286382,1.0041438188209841,0.989032195749184,0.9936926976733313,1.8491327076733315,1.359828190498098,1.626941422179816,1.6222809202556685,0.9394023443872215,0.0019107518258820286,3666170.3242211128,73323.40647395517,0.002439542680684406,0.0024345038239325456,1338.9707891966061,1333.4452337402815,9379680.031483779,187593.60060289613,24.088815050028046,0.48177630093178614,9340972.732867025,186819.45463067156,23.98940729258478,0.47978814578320467,"[1.302,1.770]",1.619,"[0.650,1.050]",0.8,0.002,0.0,456,0.913,0.12,-1.6444774774709998,27,1.655522522529,0.005,0.0,182,0.9125,0.1,0.17418352252900005,14,1.6241835225290002,0.9298370464453711,0.9201681730025713,0.9508170187199715,0.9333987456160784,1.1297413912770526,0.8226962195437789,0.9367127845542816,0.9398563311166426
26,56,4.3,15.0,0.9418,6994.650198,139.893004,Chen:1990kq,1.166605873,0.019014532,0.0089,4.3088999999999995,3.3582,3.3671,1.0,0.0,0.0,6994.650198,139.893004,0.2617993877991494,0.01703708685546585,0.9829629131445341,0.017332380120999264,0.012044145832064146,0.9297558541679358,4.433234524286382,1.0041438188209841,0.9840798553420372,0.9887301070732489,1.8757173470732489,1.3695683068300204,1.663607389986963,1.6589571382557513,0.9382954156284374,0.0019692359531235616,3551961.453326723,71039.2290868469,0.002439542680684406,0.0024345038239325456,1389.9730034814474,1384.2369762465746,9722374.944016162,194447.49893592214,24.96892123050212,0.499378424752831,9682253.439982025,193645.06885500994,24.865881522648206,0.49731763059516343,"[1.302,1.770]",1.619,"[0.650,1.050]",0.8,0.002,0.0,464,0.929,0.12,-1.6444774774709998,27,1.655522522529,0.005,0.0,185,0.9275,0.1,0.17418352252900005,14,1.6241835225290002,0.9455545088134798,0.9351681730025713,0.9500195614904324,0.9323493047076522,1.1297413912770526,0.8226962195437789,0.9367127845542816,0.9398563311166426
26,56,4.3,15.0,0.9587,6984.564351,139.691287,Chen:1990kq,1.178312574,0.019328335,0.0089,4.3088999999999995,3.3413,3.3502,1.0,0.0,0.0,6984.564351,139.691287,0.2617993877991494,0.01703708685546585,0.9829629131445341,0.017332380120999264,0.012044145832064146,0.9466558541679359,4.433234524286382,1.0041438188209841,0.9791275149348904,0.9837675164731663,1.9028732064731662,1.3794467030201516,1.7002733577941096,1.6956333562558337,0.9371622860900954,0.0020248141285055987,3449484.2033500196,68989.68405712294,0.002439542680684406,0.0024345038239325456,1443.2349827729345,1437.279158345574,10080367.610791937,201607.35218697402,25.888314974241986,0.5177662994107096,10038768.77181578,200775.37540756998,25.781481187265353,0.5156296236714828,"[1.302,1.770]",1.619,"[0.650,1.050]",0.8,0.002,0.0,473,0.9470000000000001,0.12,-1.6444774774709998,27,1.655522522529,0.005,0.0,189,0.9475,0.1,0.17418352252900005,15,1.724183522529,0.9632310958071315,0.9551681730025713,0.9490743914274575,0.9309274285503008,1.1297413912770526,0.8759856139950739,0.9367127845542816,0.9364042904170176
26,56,4.3,15.0,0.9756,6974.903692,139.4980738,Chen:1990kq,1.197149146,0.019785219,0.0089,4.3088999999999995,3.3244,3.3333,1.0,0.0,0.0,6974.903692,139.4980738,0.2617993877991494,0.01703708685546585,0.9829629131445341,0.017332380120999264,0.012044145832064146,0.9635558541679359,4.433234524286382,1.0041438188209841,0.9741751745277436,0.9788049258730837,1.9306002858730837,1.3894604297615256,1.7369393256012562,1.732309574255916,0.9360027178837117,0.0020775647252786666,3357249.768025613,67144.99534125894,0.002439542680684405,0.0024345038239325448,1498.8461203960142,1492.6608044611428,10454307.338890035,209086.14671784686,26.84866382620468,0.5369732763701207,10411165.355939714,208223.30705908785,26.7378669499047,0.5347573388447564,"[1.302,1.770]",1.619,"[0.650,1.050]",0.8,0.002,0.0,481,0.963,0.12,-1.6444774774709998,28,1.7755225225290001,0.005,0.0,192,0.9625,0.1,0.17418352252900005,15,1.724183522529,0.9789386815482217,0.9701681730025713,0.9481885070007368,0.929844195024709,1.158554013019672,0.8759856139950739,0.9336665632260603,0.9364042904170176
26,56,4.3,15.0,0.9925,6967.230213,139.3446043,Chen:1990kq,1.240091074,0.020381126,0.0089,4.3088999999999995,3.3074999999999997,3.3164,1.0,0.0,0.0,6967.230213,139.3446043,0.2617993877991494,0.01703708685546585,0.9829629131445341,0.017332380120999264,0.012044145832064146,0.9804558541679359,4.433234524286382,1.0041438188209841,0.9692228341205966,0.9738423352730011,1.9588985852730012,1.3996065823198323,1.7736052934084034,1.7689857922559988,0.934816472471988,0.002127566672264717,3274741.188525781,65494.82378931643,0.002439542680684406,0.0024345038239325456,1556.8990705637239,1550.4741864484686,10847274.243023196,216945.48492273985,27.857878110985393,0.5571575623796444,10802510.596300365,216050.21198802625,27.742916491479008,0.5548583299888568,"[1.302,1.770]",1.619,"[0.650,1.050]",0.8,0.002,0.0,490,0.981,0.12,-1.6444774774709998,28,1.7755225225290001,0.005,0.0,196,0.9825,0.1,0.17418352252900005,15,1.724183522529,0.9966041678045698,0.9901681730025713,0.9471365159591989,0.9283776558617686,1.158554013019672,0.8759856139950739,0.9336665632260603,0.9364042904170176
26,56,4.3,15.0,1.0094,6961.003641,139.2200728,Chen:1990kq,1.223961434,0.021117644,0.0089,4.3088999999999995,3.2905999999999995,3.2994999999999997,1.0,0.0,0.0,6961.003641,139.2200728,0.2617993877991494,0.01703708685546585,0.9829629131445341,0.017332380120999264,0.012044145832064146,0.9973558541679359,4.433234524286382,1.0041438188209841,0.9642704937134498,0.9688797446729186,1.9877681046729188,1.4098823017092308,1.8102712612155507,1.8056620102560816,0.933603310701817,0.002174899188293419,3200609.7930737194,64012.19585227855,0.0024395426806844067,0.0024345038239325465,1617.4898488856118,1610.8149236877125,11259352.727373283,225187.05451511586,28.916174594691228,0.578323491810744,11212888.548767304,224257.77094312978,28.796845683562708,0.5759369135885165,"[1.302,1.770]",1.619,"[0.650,1.050]",0.8,0.002,0.0,498,0.997,0.12,-1.6444774774709998,28,1.7755225225290001,0.005,0.0,199,0.9975,0.1,0.17418352252900005,16,1.8241835225290002,1.0123018955142626,1.0051681730025714,0.9461484903810734,0.9272612236346154,1.158554013019672,0.9292750084463691,0.9336665632260603,0.9327633482912491
26,56,1.2047,45.0,0.1703,149.9860124,2.999720248,E04001,1.333457679,0.027069191,0.0089,1.2136,1.0344000000000002,1.0433000000000001,1.0,0.0,0.0,149.9860124,2.999720248,0.7853981633974483,0.14644660940672624,0.8535533905932737,0.1715728752538099,0.008094150214732032,0.16220584978526797,4.433234524286382,1.0148300413458373,0.7299728955056067,0.7416928419204958,0.7706949319204958,0.8778923236482341,0.46995911082339326,0.4582391644085042,0.7371567238805925,-0.0003695155485510159,-405899.05617812637,-8117.9811235625275,0.00036526924183099684,0.0003625905204629218,2211.346884282198,2179.0317532870586,331671.10120665113,6633.422024133022,0.8517949213180439,0.017035898426360878,326824.2835685065,6536.48567137013,0.8393473651887746,0.016786947303775494,"[0.702,0.878]",0.756,"[0.650,1.050]",0.8,0.002,0.0,81,0.163,0.04,0.405147522529,1,0.465147522529,0.005,0.0,32,0.1625,0.1,0.17418352252900005,2,0.42418352252900005,0.16820709562293956,0.1701681730025713,0.7347442646122649,0.7376990008152697,0.079903567462147,0.18322348612823774,0.7423782031251054,0.736623632914396
26,56,1.2047,45.0,0.1858,257.0399445,5.140798889,E04001,1.276066258,0.03018986,0.0089,1.2136,1.0189000000000001,1.0278,1.0,0.0,0.0,257.0399445,5.140798889,0.7853981633974483,0.14644660940672624,0.8535533905932737,0.1715728752538099,0.008094150214732032,0.17770584978526796,4.433234524286382,1.0148300413458373,0.7190345932237652,0.7306737303995834,0.7651953703995834,0.8747544629206435,0.5099838761052349,0.49834473892941666,0.7356413175494767,-0.0003324907182021103,-773074.045164033,-15461.480900273058,0.00036526924183099684,0.0003625905204629218,2241.5271605218063,2208.7709953374656,576162.0169357676,11523.240336473827,1.47969442648688,0.02959388852398094,567742.3740547519,11354.847478886268,1.4580711707396383,0.02916142340912022,"[0.702,0.878]",0.756,"[0.650,1.050]",0.8,0.002,0.0,88,0.177,0.04,0.405147522529,2,0.505147522529,0.005,0.0,35,0.1775,0.1,0.17418352252900005,3,0.5241835225290001,0.1821602361403265,0.1851681730025713,0.7329786982356963,0.7364569307988337,0.09936061671112018,0.2365128805795329,0.7411924128066582,0.7314542484070765
26,56,1.2047,45.0,0.2013,422.6332902,8.452665804,E04001,1.190157074,0.019709758,0.0089,1.2136,1.0034,1.0123,1.0,0.0,0.0,422.6332902,8.452665804,0.7853981633974483,0.14644660940672624,0.8535533905932737,0.1715728752538099,0.008094150214732032,0.19320584978526797,4.433234524286382,1.0148300413458373,0.7080962909419235,0.7196546188786712,0.7601763088786713,0.871880902921191,0.5500086413870766,0.5384503134503289,0.7339625666918995,-0.0002957062772912862,-1429233.4071206884,-28584.668142413768,0.00036526924183099684,0.0003625905204629218,2275.278428174031,2242.0290447419397,961608.4082202751,19232.168164405502,2.4695945936767463,0.04939189187353493,947556.1119032489,18951.12223806498,2.433505604940157,0.04867011209880314,"[0.702,0.878]",0.756,"[0.650,1.050]",0.8,0.002,0.0,96,0.193,0.04,0.405147522529,3,0.545147522529,0.005,0.0,38,0.1925,0.1,0.17418352252900005,3,0.5241835225290001,0.19810212958061868,0.2001681730025713,0.7307564516588032,0.7351147150144655,0.11845947443664773,0.2365128805795329,0.7397637560517265,0.7314542484070765
26,56,1.2047,45.0,0.2168,663.771805,13.2754361,E04001,1.1268933,0.016421306,0.0089,1.2136,0.9879000000000001,0.9968000000000001,1.0,0.0,0.0,663.771805,13.2754361,0.7853981633974483,0.14644660940672624,0.8535533905932737,0.1715728752538099,0.008094150214732032,0.20870584978526796,4.433234524286382,1.0148300413458373,0.6971579886600819,0.7086355073577592,0.7556377473577591,0.8692742647506362,0.590033406668918,0.5785558879712408,0.7321148786276225,-0.00025921958450192867,-2560654.5364826065,-51213.09072965213,0.00036526924183099695,0.00036259052046292193,2312.8151040858766,2279.0171850043876,1535181.456270345,30703.629125406904,3.942640052133959,0.0788528010426792,1512747.3505163812,30254.947010327625,3.8850249711817235,0.07770049942363447,"[0.702,0.878]",0.756,"[0.650,1.050]",0.8,0.002,0.0,104,0.209,0.04,0.405147522529,4,0.5851475225289999,0.005,0.0,41,0.20750000000000002,0.1,0.17418352252900005,4,0.624183522529,0.21403917088079538,0.21516817300257132,0.7283065076394463,0.7336734701717419,0.13721922336983916,0.2898022750308279,0.7380968626229009,0.7250738949939652
26,56,1.2047,45.0,0.2323,988.0112746,19.76022549,E04001,1.082983593,0.014068665,0.0089,1.2136,0.9724000000000002,0.9813000000000002,1.0,0.0,0.0,988.0112746,19.76022549,0.7853981633974483,0.14644660940672624,0.8535533905932737,0.1715728752538099,0.008094150214732032,0.22420584978526797,4.433234524286382,1.0148300413458373,0.6862196863782405,0.697616395836847,0.751579685836847,0.8669369560912991,0.6300581719507595,0.618661462492153,0.7300925392115089,-0.00022308831520708027,-4428789.888358272,-88575.79775820038,0.0003652692418309969,0.0003625905204629219,2354.3706237394263,2319.9654403382956,2326144.7208415875,46522.89441212301,5.973985228906369,0.11947970456603443,2292152.0117365895,45843.040230091865,5.886685440434782,0.11773370879677943,"[0.702,0.878]",0.756,"[0.650,1.050]",0.8,0.002,0.0,112,0.225,0.04,0.405147522529,5,0.625147522529,0.005,0.0,44,0.2225,0.1,0.17418352252900005,4,0.624183522529,0.22997136446861077,0.2301681730025713,0.7256175610103838,0.7321343885231366,0.1556573097222419,0.2898022750308279,0.7361944583229016,0.7250738949939652
26,56,1.2047,45.0,0.2478,1388.220446,27.76440891,E04001,1.058909631,0.012317928,0.0089,1.2136,0.9569000000000001,0.9658000000000001,1.0,0.0,0.0,1388.220446,27.76440891,0.7853981633974483,0.14644660940672624,0.8535533905932737,0.1715728752538099,0.008094150214732032,0.23970584978526796,4.433234524286382,1.0148300413458373,0.6752813840963989,0.6865972843159348,0.7480021243159348,0.8648711605296681,0.6700829372326012,0.6587670370130653,0.7278897147243414,-0.00018737010058331502,-7408975.293700721,-148179.50582064412,0.0003652692418309968,0.00036259052046292177,2400.1992419831804,2365.124350083397,3332005.6621947526,66640.11321989306,8.557228804483918,0.17114457602803665,3283313.9801182337,65666.27957871342,8.432179237752537,0.16864358469430982,"[0.702,0.878]",0.756,"[0.650,1.050]",0.8,0.002,0.0,119,0.23900000000000002,0.04,0.405147522529,6,0.665147522529,0.005,0.0,47,0.23750000000000002,0.1,0.17418352252900005,4,0.624183522529,0.24390806069458648,0.24516817300257132,0.7230586832728993,0.730498735445607,0.17378973318055213,0.2898022750308279,0.7340575254972274,0.7250738949939652
26,56,1.2047,45.0,0.2633,1843.556782,36.87113563,E04001,1.041465074,0.010740109,0.0089,1.2136,0.9414000000000001,0.9503000000000001,1.0,0.0,0.0,1843.556782,36.87113563,0.7853981633974483,0.14644660940672624,0.8535533905932737,0.1715728752538099,0.008094150214732032,0.25520584978526795,4.433234524286382,1.0148300413458373,0.6643430818145574,0.6755781727950225,0.7449050627950226,0.8630788276832091,0.7101077025144426,0.6988726115339774,0.7255004542334451,-0.0001521221546577568,-12118923.677801037,-242378.47349028406,0.0003652692418309968,0.00036259052046292177,2450.5780167088737,2414.7669233943748,4517779.7225237535,90355.59442596929,11.602523732936564,0.23205047459579575,4451759.938572974,89035.1987473118,11.432972281299087,0.22865944556396586,"[0.702,0.878]",0.756,"[0.650,1.050]",0.8,0.002,0.0,127,0.255,0.04,0.405147522529,7,0.705147522529,0.005,0.0,51,0.2575,0.1,0.17418352252900005,5,0.7241835225290001,0.2598311767324972,0.2651681730025713,0.7198859447775139,0.7281699613515958,0.19163120944830536,0.34309166948212305,0.7316854200984085,0.7175473922647284
26,56,1.2047,45.0,0.2787,2322.224629,46.44449259,E04001,0.98612338,0.008698556,0.0089,1.2136,0.9260000000000002,0.9349000000000002,1.0,0.0,0.0,2322.224629,46.44449259,0.7853981633974483,0.14644660940672624,0.8535533905932737,0.1715728752538099,0.008094150214732032,0.27060584978526797,4.433234524286382,1.0148300413458373,0.6534753492248567,0.6646301523161808,0.7423038423161809,0.8615705672295108,0.7498742435041433,0.7387194404128192,0.7229359790475159,-0.00011762309561186511,-19742930.73073778,-394858.61469977297,0.00036526924183099684,0.0003625905204629218,2505.4364299201843,2468.8236727773146,5818186.183954484,116363.72370414407,14.942216625883887,0.2988443325820222,5733163.137581716,114663.26277632258,14.723861156167553,0.29447722318675523,"[0.702,0.878]",0.756,"[0.650,1.050]",0.8,0.002,0.0,135,0.271,0.04,0.405147522529,8,0.7451475225290001,0.005,0.0,54,0.2725,0.1,0.17418352252900005,5,0.7241835225290001,0.2757494577504218,0.2801681730025713,0.7164330018232438,0.7263142873317427,0.20919531003256908,0.34309166948212305,0.7290759520993173,0.7175473922647284
26,56,1.2047,45.0,0.2942,2800.890942,56.01781885,E04001,0.963978982,0.007033476,0.0089,1.2136,0.9105000000000001,0.9194000000000001,1.0,0.0,0.0,2800.890942,56.01781885,0.7853981633974483,0.14644660940672624,0.8535533905932737,0.1715728752538099,0.008094150214732032,0.286105849785268,4.433234524286382,1.0148300413458373,0.6425370469430152,0.6536110407952687,0.7401646807952686,0.860328240147485,0.789899008785985,0.7788250149337315,0.720156841584324,-8.347982774383358e-05,-33551709.648884535,-671034.1930974801,0.0003652692418309969,0.0003625905204629219,2565.8145192508846,2528.3194374578998,7186566.645821887,143731.33294209588,18.45647977274535,0.36912959552080205,7081547.010858367,141630.94024245054,18.186769233071697,0.363735384726366,"[0.702,0.878]",0.756,"[0.650,1.050]",0.8,0.002,0.0,143,0.28700000000000003,0.04,0.405147522529,9,0.785147522529,0.005,0.0,57,0.28750000000000003,0.1,0.17418352252900005,6,0.8241835225290001,0.29166290815010143,0.2951681730025713,0.7126818934044646,0.7243667544237757,0.2264945830520867,0.39638106393341815,0.7262254341695669,0.7089490015894975
26,56,1.2047,45.0,0.3097,3248.70725,64.97414501,E04001,0.978850895,0.006279421,0.0089,1.2136,0.8950000000000001,0.9039000000000001,1.0,0.0,0.0,3248.70725,64.97414501,0.7853981633974483,0.14644660940672624,0.8535533905932737,0.1715728752538099,0.008094150214732032,0.30160584978526794,4.433234524286382,1.0148300413458373,0.6315987446611737,0.6425919292743564,0.7385060192743563,0.8593637293220818,0.8299237740678262,0.8189305894546436,0.7171727843164873,-4.997181568401665e-05,-65010790.69334457,-1300215.8140670042,0.0003652692418309968,0.00036259052046292177,2631.731371859308,2593.2730256676127,8549724.78781178,170994.49578255293,21.957331001797343,0.4391466201035348,8424784.87971581,168495.69762024892,21.63646138488193,0.43272922776423883,"[0.702,0.878]",0.756,"[0.438,0.650]",0.5,0.002,0.0,150,0.301,0.04,0.405147522529,10,0.8251475225289999,0.005,0.0,60,0.3025,0.1,0.4741835225290001,3,0.8241835225290002,0.3055832180885787,0.307292608126607,0.7091392441636823,0.7102517900179792,0.24354065812424086,0.2365128805795329,0.7231287020621765,0.7238321505619286
26,56,1.2047,45.0,0.3407,3935.654502,78.71309005,E04001,0.919796186,0.005386652,0.0089,1.2136,0.8640000000000001,0.8729000000000001,1.0,0.0,0.0,3935.654502,78.71309005,0.7853981633974483,0.14644660940672624,0.8535533905932737,0.1715728752538099,0.008094150214732032,0.33260584978526797,4.433234524286382,1.0148300413458373,0.6097221400974905,0.620553706232532,0.736630196232532,0.858271633128191,0.9099733046315096,0.8991417384964681,0.7105642737705129,1.4933708765981892e-05,263541666.9545069,5270833.339759764,0.00036526924183099684,0.0003625905204629218,2781.786962787727,2741.1358054582265,10948152.383700425,218963.04770182638,28.116952500005898,0.5623390500715596,10788163.473345065,215763.26949431267,27.70607033145967,0.5541214066995911,"[0.702,0.878]",0.756,"[0.438,0.650]",0.5,0.002,0.0,166,0.333,0.04,0.405147522529,12,0.905147522529,0.005,0.0,66,0.3325,0.1,0.4741835225290001,4,0.924183522529,0.337387209750986,0.33729260812660705,0.7000422993955364,0.7036195467330225,0.27691567774885073,0.2898022750308279,0.7161684951566911,0.7138858421793818
26,56,1.2047,45.0,0.3562,4130.52073,82.61041459,E04001,0.900612839,0.005011475,0.0089,1.2136,0.8485,0.8574,1.0,0.0,0.0,4130.52073,82.61041459,0.7853981633974483,0.14644660940672624,0.8535533905932737,0.1715728752538099,0.008094150214732032,0.348105849785268,4.433234524286382,1.0148300413458373,0.5987838378156489,0.6095345947116199,0.7364130347116199,0.8581451128519115,0.949998069913351,0.9392473130173801,0.7069267653728015,4.623492154269527e-05,89337682.2578947,1786753.6449416073,0.0003652692418309969,0.0003625905204629219,2866.8228140553338,2824.9290001835566,11841471.062692491,236829.4212251816,30.411165987752256,0.6082233196814196,11668427.796036355,233368.5558924778,29.966757731592054,0.5993351545592914,"[0.702,0.878]",0.756,"[0.438,0.650]",0.5,0.002,0.0,174,0.34900000000000003,0.04,0.405147522529,13,0.945147522529,0.005,0.0,69,0.34750000000000003,0.1,0.4741835225290001,4,0.924183522529,0.3532819829576894,0.35229260812660707,0.6949198680588099,0.7001225134881681,0.29326405690450097,0.2898022750308279,0.7122871331785701,0.7138858421793818
26,56,1.2047,45.0,0.3717,4222.919865,84.4583973,E04001,0.892747227,0.0048071,0.0089,1.2136,0.8330000000000002,0.8419000000000002,1.0,0.0,0.0,4222.919865,84.4583973,0.7853981633974483,0.14644660940672624,0.8535533905932737,0.1715728752538099,0.008094150214732032,0.36360584978526794,4.433234524286382,1.0148300413458373,0.5878455355338075,0.5985154831907078,0.7366763731907078,0.8582985338393092,0.9900228351951925,0.9793528875382922,0.7030582395970157,7.670893829689295e-05,55051209.92100925,1101024.1984201851,0.00036526924183099684,0.0003625905204629218,2959.1993104859903,2915.9555688375053,12496461.55274559,249929.23105491183,32.09330703323101,0.6418661406646202,12313846.697101276,246276.93394202553,31.62431710305878,0.6324863420611756,"[0.702,0.878]",0.756,"[0.438,0.650]",0.5,0.002,0.0,181,0.363,0.04,0.405147522529,14,0.985147522529,0.005,0.0,72,0.3625,0.1,0.4741835225290001,5,1.0241835225290001,0.36718596427238026,0.367292608126607,0.6900906114533487,0.6965102148672336,0.3093982397619014,0.34309166948212305,0.7081236484658419,0.70228150481086
26,56,1.2047,45.0,0.3872,4227.955047,84.55910094,E04001,0.908240499,0.004825028,0.0089,1.2136,0.8175000000000001,0.8264000000000001,1.0,0.0,0.0,4227.955047,84.55910094,0.7853981633974483,0.14644660940672624,0.8535533905932737,0.1715728752538099,0.008094150214732032,0.37910584978526796,4.433234524286382,1.0148300413458373,0.5769072332519659,0.5874963716697955,0.7374202116697955,0.8587317460475044,1.030047600477034,1.0194584620592044,0.6989519618991525,0.00010631511351378596,39768146.85385026,795362.937077005,0.0003652692418309968,0.00036259052046292177,3059.4773055930837,3014.7681689987185,12935332.51536424,258706.65030728476,33.22041173337674,0.6644082346675347,12746304.295653082,254926.0859130616,32.73495105576578,0.6546990211153154,"[0.702,0.878]",0.756,"[0.438,0.650]",0.5,0.002,0.0,189,0.379,0.04,0.405147522529,15,1.025147522529,0.005,0.0,75,0.3775,0.1,0.4741835225290001,5,1.0241835225290001,0.3830717237050081,0.38229260812660704,0.6841418990507556,0.692786744074439,0.3253264312000145,0.34309166948212305,0.7036649139538875,0.70228150481086
26,56,1.2047,45.0,0.4027,4168.910775,83.37821551,E04001,0.923502614,0.004869377,0.0089,1.2136,0.802,0.8109000000000001,1.0,0.0,0.0,4168.910775,83.37821551,0.7853981633974483,0.14644660940672624,0.8535533905932737,0.1715728752538099,0.008094150214732032,0.39460584978526797,4.433234524286382,1.0148300413458373,0.5659689309701244,0.5764772601488832,0.7386445501488832,0.8594443263812283,1.0700723657588758,1.0595640365801169,0.6946011290864798,0.0001350162997909094,30877092.480360597,617541.8496812771,0.00036526924183099673,0.0003625905204629217,3168.271064413776,3121.9720892496534,13208239.37855531,264164.78760278894,33.92128883485854,0.678425776778538,13015223.082122143,260304.46167366256,33.42558601228747,0.6685117203259275,"[0.702,0.878]",0.756,"[0.438,0.650]",0.5,0.002,0.0,197,0.395,0.04,0.405147522529,16,1.0651475225290001,0.005,0.0,78,0.3925,0.1,0.4741835225290001,5,1.0241835225290001,0.3989526820573701,0.39729260812660705,0.6776952576432186,0.6889562509378135,0.34105632528297825,0.34309166948212305,0.6988959169165501,0.70228150481086
26,56,1.2047,45.0,0.4182,4073.516497,81.47032995,E04001,0.937764706,0.00495886,0.0089,1.2136,0.7865000000000001,0.7954000000000001,1.0,0.0,0.0,4073.516497,81.47032995,0.7853981633974483,0.14644660940672624,0.8535533905932737,0.1715728752538099,0.008094150214732032,0.410105849785268,4.433234524286382,1.0148300413458373,0.5550306286882828,0.5654581486279712,0.7403493886279712,0.8604355807542894,1.1100971310407175,1.099669611101029,0.6899988784969454,0.00016277907135841982,25024817.152511023,500496.34311165346,0.00036526924183099673,0.0003625905204629217,3286.2538420874325,3238.2307462334293,13386609.23907279,267732.1848143184,34.37937680439295,0.6875875361722563,13190986.365874495,263819.72734987224,33.876979793384955,0.6775395959508631,"[0.702,0.878]",0.756,"[0.438,0.650]",0.5,0.002,0.0,205,0.41100000000000003,0.04,0.405147522529,17,1.1051475225290002,0.005,0.0,82,0.41250000000000003,0.1,0.4741835225290001,6,1.124183522529,0.41482884367987793,0.41729260812660707,0.6707035235790821,0.6836897056170654,0.3565951487043383,0.3963810639334181,0.6937995951888938,0.6891920055508977
26,56,1.2047,45.0,0.4337,3970.116719,79.40233439,E04001,0.944556613,0.005037635,0.0089,1.2136,0.7710000000000001,0.7799000000000001,1.0,0.0,0.0,3970.116719,79.40233439,0.7853981633974483,0.14644660940672624,0.8535533905932737,0.1715728752538099,0.008094150214732032,0.42560584978526794,4.433234524286382,1.0148300413458373,0.5440923264064412,0.554439037107059,0.742534727107059,0.8617045474564116,1.1501218963225588,1.1397751856219411,0.6851382980873145,0.00018957390969753232,20942315.982902784,418846.3197108055,0.00036526924183099684,0.0003625905204629218,3414.164123271639,3364.271832891226,13554630.06721071,271092.6013783558,34.810886476362704,0.6962177296149363,13356551.85102223,267131.0370540873,34.302183674221496,0.6860436735708308,"[0.702,0.878]",0.756,"[0.438,0.650]",0.5,0.002,0.0,212,0.425,0.04,0.405147522529,18,1.145147522529,0.005,0.0,85,0.4275,0.1,0.4741835225290001,6,1.124183522529,0.42871655369709316,0.432292608126607,0.6640963038472283,0.6796258733797664,0.3719496995930883,0.3963810639334181,0.6883566390634863,0.6891920055508977
26,56,1.2047,45.0,0.4491,3884.724906,77.69449812,E04001,0.985912798,0.005637465,0.0089,1.2136,0.7556,0.7645000000000001,1.0,0.0,0.0,3884.724906,77.69449812,0.7853981633974483,0.14644660940672624,0.8535533905932737,0.1715728752538099,0.008094150214732032,0.44100584978526797,4.433234524286382,1.0148300413458373,0.5332245938167405,0.5434910166282171,0.7451818266282171,0.8632391479933108,1.1898884373122596,1.179622014500783,0.6800463726096219,0.00021521211975219994,18050679.07175934,361013.5814351868,0.00036526924183099695,0.00036259052046292193,3551.8818402884044,3499.9770361330698,13798083.84813748,275961.6769627496,35.43612242069025,0.7087224484138052,13596447.962694198,271928.959253884,34.91828284241164,0.6983656568482329,"[0.702,0.878]",0.756,"[0.438,0.650]",0.5,0.002,0.0,220,0.441,0.04,0.405147522529,19,1.185147522529,0.005,0.0,88,0.4425,0.1,0.4741835225290001,7,1.224183522529,0.44458373315393374,0.44729260812660704,0.6559304396012443,0.6754691300265908,0.38712638227275475,0.4496704583847132,0.6825452540568377,0.6748019400518512
26,56,1.2047,45.0,0.4801,3833.449001,76.66898001,E04001,1.121705284,0.006051991,0.0089,1.2136,0.7246000000000001,0.7335000000000002,1.0,0.0,0.0,3833.449001,76.66898001,0.7853981633974483,0.14644660940672624,0.8535533905932737,0.1715728752538099,0.008094150214732032,0.472005849785268,4.433234524286382,1.0148300413458373,0.5113479892530575,0.5214527935863928,0.7519488035863928,0.8671498161139128,1.2699379678759426,1.2598331635426072,0.6689744935679516,0.000263767096526001,14533461.722440863,290669.23441090505,0.0003652692418309969,0.0003625905204629219,3864.882718246662,3808.4039304957605,14815830.795244832,296316.6158662478,38.04989153587418,0.760997830618226,14599322.242763447,291986.4448171849,37.49385609970074,0.7498771218962077,"[0.702,0.878]",0.756,"[0.438,0.650]",0.5,0.002,0.0,236,0.47300000000000003,0.04,0.405147522529,21,1.2651475225289999,0.005,0.0,94,0.47250000000000003,0.1,0.4741835225290001,7,1.224183522529,0.4763037436156452,0.47729260812660707,0.6373456875352647,0.6668940307566116,0.4169699754582755,0.4496704583847132,0.6697158480360708,0.6748019400518512
26,56,1.2047,45.0,0.4956,3880.66352,77.6132704,E04001,1.128672965,0.006055665,0.0089,1.2136,0.7091000000000001,0.7180000000000001,1.0,0.0,0.0,3880.66352,77.6132704,0.7853981633974483,0.14644660940672624,0.8535533905932737,0.1715728752538099,0.008094150214732032,0.48750584978526795,4.433234524286382,1.0148300413458373,0.5004096869712159,0.5104336820654806,0.7560530420654805,0.8695131063218544,1.3099627331577843,1.2999387380635197,0.6630127622209876,0.0002864841603829842,13545822.27098407,270916.44541968143,0.0003652692418309968,0.00036259052046292177,4041.3641176302167,3982.306349810733,15683174.30232457,313663.4860464914,40.27739580646297,0.8055479161292595,15453990.97717487,309079.81954349746,39.68880912615504,0.793776182523101,"[0.702,0.878]",0.756,"[0.438,0.650]",0.5,0.002,0.0,243,0.487,0.04,0.405147522529,22,1.305147522529,0.005,0.0,97,0.4875,0.1,0.4741835225290001,8,1.3241835225290002,0.4901752393270371,0.492292608126607,0.6281267412183902,0.6624842373449724,0.43164799134548637,0.5029598528360083,0.6626389983252934,0.6593018431167467
26,56,1.2047,45.0,0.5111,3970.329251,79.40658501,E04001,1.125851212,0.006145586,0.0089,1.2136,0.6936000000000001,0.7025000000000001,1.0,0.0,0.0,3970.329251,79.40658501,0.7853981633974483,0.14644660940672624,0.8535533905932737,0.1715728752538099,0.008094150214732032,0.503005849785268,4.433234524286382,1.0148300413458373,0.4894713846893744,0.49941457054456845,0.7606377805445684,0.8721455042276882,1.3499874984396258,1.3400443125844317,0.6567578667214854,0.0003081479946296351,12884488.363365669,257689.76723486144,0.0003652692418309968,0.00036259052046292177,4232.713400756145,4170.859383648958,16805265.82612181,336105.31648010906,43.159141782362745,0.8631828355385507,16559685.01270929,331193.7002124772,42.528443211167044,0.8505688641162252,"[0.702,0.878]",0.756,"[0.438,0.650]",0.5,0.002,0.0,251,0.503,0.04,0.405147522529,23,1.345147522529,0.005,0.0,100,0.5025000000000001,0.1,0.4741835225290001,8,1.3241835225290002,0.5060239038493606,0.5072926081266071,0.616650314679319,0.6579986403749393,0.4461703980950612,0.5029598528360083,0.655075192643611,0.6593018431167467
26,56,1.2047,45.0,0.5266,4089.266754,81.78533508,E04001,1.124896045,0.005771206,0.0089,1.2136,0.6781000000000001,0.6870000000000002,1.0,0.0,0.0,4089.266754,81.78533508,0.7853981633974483,0.14644660940672624,0.8535533905932737,0.1715728752538099,0.008094150214732032,0.5185058497852679,4.433234524286382,1.0148300413458373,0.47853308240753284,0.4883954590236563,0.7657030190236562,0.8750445811635292,1.3900122637214671,1.3801498871053437,0.6502028661449979,0.0003287541065362522,12438678.856621584,248773.57713243167,0.0003652692418309968,0.00036259052046292177,4440.241335390463,4375.354645100915,18157331.272548784,363146.62545097567,46.63150484434246,0.9326300968868491,17891992.28717064,357839.8457434128,45.95006350275278,0.9190012700550556,"[0.702,0.878]",0.756,"[0.438,0.650]",0.5,0.002,0.0,259,0.519,0.04,0.405147522529,24,1.385147522529,0.005,0.0,103,0.5175,0.1,0.4741835225290001,9,1.4241835225290003,0.521867800835949,0.522292608126607,0.6040457672644537,0.6534414845734676,0.46054204228722095,0.5562492472873035,0.6469847608854378,0.6428828235092076
26,56,1.2047,45.0,0.5421,4222.048231,84.44096461,E04001,1.125046362,0.005613389,0.0089,1.2136,0.6626000000000001,0.6715000000000001,1.0,0.0,0.0,4222.048231,84.44096461,0.7853981633974483,0.14644660940672624,0.8535533905932737,0.1715728752538099,0.008094150214732032,0.534005849785268,4.433234524286382,1.0148300413458373,0.4675947801256913,0.47737634750274405,0.771248757502744,0.8782076961076714,1.4300370290033089,1.420255461626256,0.643340869332202,0.0003483020696655613,12121800.58262071,242436.01162370347,0.0003652692418309967,0.00036259052046292166,4665.396008683076,4597.219059948173,19697526.96537484,393950.53926084284,50.587022416456,1.0117404482093038,19409680.599573664,388193.6119455011,49.84777781052777,0.99695555609249,"[0.878,1.302]",0.991,"[0.438,0.650]",0.5,0.002,0.0,267,0.535,0.12,-0.005397477470999945,11,1.374602522529,0.005,0.0,106,0.5325,0.1,0.4741835225290001,9,1.4241835225290003,0.5416018031898773,0.5372926081266071,0.671461437717854,0.6488169856401399,0.5968763486071639,0.5562492472873035,0.6499884395348852,0.6428828235092076
26,56,1.2047,45.0,0.5576,4351.931901,87.03863802,E04001,1.096064945,0.005353944,0.0089,1.2136,0.6471000000000001,0.6560000000000001,1.0,0.0,0.0,4351.931901,87.03863802,0.7853981633974483,0.14644660940672624,0.8535533905932737,0.1715728752538099,0.008094150214732032,0.549505849785268,4.433234524286382,1.0148300413458373,0.4566564778438497,0.46635723598183193,0.7772749959818319,0.8816320071219238,1.4700617942851502,1.460361036147168,0.6361650535385358,0.0003667953940156199,11864739.775916254,237294.79551832506,0.0003652692418309968,0.00036259052046292177,4909.779351432312,4838.031149453468,21367025.38636937,427340.50772738736,54.87461416315328,1.0974922832630656,21054782.097338244,421095.6419467649,54.072713585006014,1.0814542717001203,"[0.878,1.302]",0.991,"[0.438,0.650]",0.5,0.002,0.0,274,0.549,0.12,-0.005397477470999945,12,1.494602522529,0.005,0.0,109,0.5475,0.1,0.4741835225290001,9,1.4241835225290003,0.5554561176280615,0.5522926081266071,0.6665200983650074,0.644129322851853,0.6354752398811444,0.5562492472873035,0.6317976094194716,0.6428828235092076
26,56,1.2047,45.0,0.5731,4464.896567,89.29793135,E04001,1.142243706,0.006069569,0.0089,1.2136,0.6316,0.6405000000000001,1.0,0.0,0.0,4464.896567,89.29793135,0.7853981633974483,0.14644660940672624,0.8535533905932737,0.1715728752538099,0.008094150214732032,0.565005849785268,4.433234524286382,1.0148300413458373,0.44571817556200816,0.45533812446091965,0.7837817344609197,0.8853144833678707,1.5100865595669921,1.5004666106680806,0.6286686842713366,0.00038424136523813803,11620030.977749698,232400.61958101927,0.00036526924183099684,0.0003625905204629218,5175.166025782872,5099.539642046584,23106581.022172976,462131.6204952112,59.342126257324175,1.1868425252793917,22768917.0410542,455378.3408720794,58.474940472422766,1.1694988095794214,"[0.878,1.302]",0.991,"[0.438,0.650]",0.5,0.002,0.0,282,0.5650000000000001,0.12,-0.005397477470999945,12,1.494602522529,0.005,0.0,113,0.5675,0.1,0.4741835225290001,10,1.5241835225290001,0.5712851630066567,0.5722926081266071,0.6605287347187568,0.6377879922591794,0.6354752398811444,0.6095386417385985,0.6317976094194716,0.6257318402842549
26,56,1.2047,45.0,0.5886,4551.044763,91.02089527,E04001,1.087662341,0.005932704,0.0089,1.2136,0.6161000000000001,0.6250000000000001,1.0,0.0,0.0,4551.044763,91.02089527,0.7853981633974483,0.14644660940672624,0.8535533905932737,0.1715728752538099,0.008094150214732032,0.580505849785268,4.433234524286382,1.0148300413458373,0.4347798732801666,0.44431901294000753,0.7907689729400076,0.8892519175914143,1.5501113248488334,1.5405721851889926,0.6208451363243845,0.0004006508565019793,11359129.000083683,227182.58002663308,0.0003652692418309968,0.00036259052046292177,5463.525082018854,5383.684813639622,24864747.21204105,497294.9442954562,63.85743381928638,1.2771486765260411,24501390.576757234,490027.8115889815,62.924264376920256,1.2584852876766683,"[0.878,1.302]",0.991,"[0.438,0.650]",0.5,0.002,0.0,290,0.581,0.12,-0.005397477470999945,12,1.494602522529,0.005,0.0,116,0.5825,0.1,0.4741835225290001,10,1.5241835225290001,0.5871094585275642,0.5872926081266071,0.6541423453324853,0.6329689438366753,0.6354752398811444,0.6095386417385985,0.6317976094194716,0.6257318402842549
26,56,1.2047,45.0,0.604,4604.571247,92.09142494,E04001,1.072846903,0.005233929,0.0089,1.2136,0.6007000000000001,0.6096000000000001,1.0,0.0,0.0,4604.571247,92.09142494,0.7853981633974483,0.14644660940672624,0.8535533905932737,0.1715728752538099,0.008094150214732032,0.595905849785268,4.433234524286382,1.0148300413458373,0.42391214069046596,0.4333709924611658,0.7981869924611658,0.893413114108566,1.5898778658385337,1.580419014067834,0.612741626249823,0.0004159420849861863,11070222.065057255,221404.4413011451,0.00036526924183099684,0.0003625905204629218,5774.936478166534,5690.54545380622,26591106.46061706,531822.1292123413,68.29105506321642,1.3658211012643284,26202521.97634269,524050.43952685373,67.29309567210966,1.345861913442193,"[0.878,1.302]",0.991,"[0.322,0.438]",0.38,0.002,0.0,297,0.595,0.12,-0.005397477470999945,13,1.614602522529,0.005,0.0,119,0.5975,0.05,0.5941835225290001,19,1.5691835225290003,0.6009518241003065,0.6011423821762214,0.6482047501189234,0.5989923931231003,0.6731498254958411,0.5695715959001272,0.6108343459283013,0.6112116318041848
26,56,1.2047,45.0,0.6195,4624.457102,92.48914205,E04001,1.059583837,0.005124926,0.0089,1.2136,0.5852,0.5941000000000001,1.0,0.0,0.0,4624.457102,92.48914205,0.7853981633974483,0.14644660940672624,0.8535533905932737,0.1715728752538099,0.008094150214732032,0.611405849785268,4.433234524286382,1.0148300413458373,0.41297383840862434,0.4223518809402535,0.8061321309402536,0.8978486124844508,1.629902631120376,1.6205245885887467,0.6042466084084865,0.0004303309287847211,10746281.042498453,214925.62087320696,0.0003652692418309969,0.0003625905204629219,6115.866983066864,6026.4938303917215,28282564.504730877,565651.2901557761,72.63504332857032,1.4527008667284733,27869262.194114182,557385.2439425485,71.5736038245812,1.4314720766463958,"[0.878,1.302]",0.991,"[0.322,0.438]",0.38,0.002,0.0,305,0.611,0.12,-0.005397477470999945,13,1.614602522529,0.005,0.0,122,0.6125,0.05,0.5941835225290001,20,1.619183522529,0.6167672251510083,0.6161423821762214,0.640987005449764,0.5931343460931794,0.6731498254958411,0.5962162931257746,0.6108343459283013,0.6009095248172648
26,56,1.2047,45.0,0.635,4612.288028,92.24576057,E04001,1.055875082,0.005095085,0.0089,1.2136,0.5697000000000001,0.5786000000000001,1.0,0.0,0.0,4612.288028,92.24576057,0.7853981633974483,0.14644660940672624,0.8535533905932737,0.1715728752538099,0.008094150214732032,0.626905849785268,4.433234524286382,1.0148300413458373,0.40203553612678283,0.4113327694193414,0.8145577694193413,0.9025285421632611,1.669927396402217,1.6606301631096585,0.5954054594117963,0.0004437350871802264,10394237.826243125,207884.75654739846,0.00036526924183099684,0.0003625905204629218,6487.093922456906,6392.295909819456,29920345.635059547,598406.9127660618,76.8411789972166,1.5368235801109331,29483109.896293644,589662.1979897958,75.71827386516084,1.514365477467383,"[0.878,1.302]",0.991,"[0.322,0.438]",0.38,0.002,0.0,313,0.627,0.12,-0.005397477470999945,13,1.614602522529,0.005,0.0,125,0.6275000000000001,0.05,0.5941835225290001,21,1.669183522529,0.6325778886126372,0.6311423821762214,0.6332697389299446,0.5872496002909147,0.6731498254958411,0.6228609903514221,0.6108343459283013,0.5905015275418813
26,56,1.2047,45.0,0.6505,4572.404498,91.44808997,E04001,1.045401823,0.005073917,0.0089,1.2136,0.5542000000000001,0.5631000000000002,1.0,0.0,0.0,4572.404498,91.44808997,0.7853981633974483,0.14644660940672624,0.8535533905932737,0.1715728752538099,0.008094150214732032,0.6424058497852679,4.433234524286382,1.0148300413458373,0.39109723384494127,0.4003136578984292,0.8234639078984292,0.9074491213828074,1.7099521616840587,1.7007357376305707,0.5862122240260129,0.0004561774751888455,10023301.77768454,200466.03557561207,0.00036526924183099695,0.00036259052046292193,6891.653039249214,6790.94307270379,31511425.355318476,630228.5071752861,80.92737649889244,1.6185475301548398,31050938.65129275,621018.7730937644,79.74475843419945,1.5948951688583937,"[0.878,1.302]",0.991,"[0.322,0.438]",0.38,0.002,0.0,321,0.643,0.12,-0.005397477470999945,14,1.734602522529,0.005,0.0,128,0.6425,0.05,0.5941835225290001,22,1.7191835225290002,0.6483838187401503,0.6461423821762213,0.6250074640006279,0.581343112903015,0.709963488653555,0.6495056875770698,0.5865219460424528,0.5800162651610141
26,56,1.2047,45.0,0.666,4510.802632,90.21605263,E04001,1.046376972,0.005187547,0.0089,1.2136,0.5387000000000001,0.5476000000000001,1.0,0.0,0.0,4510.802632,90.21605263,0.7853981633974483,0.14644660940672624,0.8535533905932737,0.1715728752538099,0.008094150214732032,0.657905849785268,4.433234524286382,1.0148300413458373,0.3801589315630997,0.389294546377517,0.8328505463775171,0.9126064575585234,1.7499769269659002,1.740841312151483,0.5766611790851496,0.000467683383364728,9644992.301302698,192899.84600467194,0.0003652692418309968,0.00036259052046292177,7332.945172142569,7225.786460181881,33077468.382812396,661549.3675829184,84.94927497763184,1.6989854993643128,32594096.58285839,651881.9315849099,83.70788360282936,1.674157671871015,"[0.878,1.302]",0.991,"[0.322,0.438]",0.38,0.002,0.0,328,0.657,0.12,-0.005397477470999945,14,1.734602522529,0.005,0.0,131,0.6575,0.05,0.5941835225290001,22,1.7191835225290002,0.6622101281286916,0.6611423821762213,0.6172906108632409,0.575419676533761,0.709963488653555,0.6495056875770698,0.5865219460424528,0.5800162651610141
26,56,1.2047,45.0,0.697,4343.529276,86.87058551,E04001,0.992280638,0.00451246,0.0089,1.2136,0.5077000000000002,0.5166000000000002,1.0,0.0,0.0,4343.529276,86.87058551,0.7853981633974483,0.14644660940672624,0.8535533905932737,0.1715728752538099,0.008094150214732032,0.6889058497852679,4.433234524286382,1.0148300413458373,0.35828232699941664,0.3672563233356927,0.8530653233356926,0.9236153546448287,1.8300264575295835,1.8210524611933074,0.5564640971318835,0.0004879971813104664,8900726.15652389,178014.5231099859,0.0003652692418309968,0.00036259052046292177,8341.485005493612,8219.58817304165,36231484.326676525,724629.6864501156,93.04939209053552,1.8609878415964851,35702021.86626976,714040.4372431993,91.68963107077143,1.8337926212043338,"[0.878,1.302]",0.991,"[0.322,0.438]",0.38,0.002,0.0,344,0.6890000000000001,0.12,-0.005397477470999945,15,1.854602522529,0.005,0.0,137,0.6875,0.05,0.5941835225290001,24,1.8191835225290003,0.693799540136844,0.6911423821762214,0.5977213465513908,0.5635402872113182,0.745972683541745,0.7027950820283649,0.5580963300109237,0.558920310991974
26,56,1.2047,45.0,0.7125,4247.351967,84.94703934,E04001,1.000623455,0.004544008,0.0089,1.2136,0.4922000000000001,0.5011000000000001,1.0,0.0,0.0,4247.351967,84.94703934,0.7853981633974483,0.14644660940672624,0.8535533905932737,0.1715728752538099,0.008094150214732032,0.704405849785268,4.433234524286382,1.0148300413458373,0.34734402471757503,0.3562372118147804,0.8638934618147804,0.929458692903983,1.8700512228114252,1.8611580357142197,0.5458080310424601,0.0004968651033061342,8548300.00887197,170966.00017743942,0.0003652692418309969,0.0003625905204629219,8917.886518397076,8787.566543231653,37877402.8453966,757548.056907932,97.27642613133233,1.9455285226266468,37323888.042538345,746477.760850767,95.85489408879464,1.917097881775893,"[0.878,1.302]",0.991,"[0.322,0.438]",0.38,0.002,0.0,352,0.705,0.12,-0.005397477470999945,15,1.854602522529,0.005,0.0,140,0.7025,0.05,0.5941835225290001,25,1.869183522529,0.7095871686665234,0.7061423821762214,0.5867927796854966,0.5575930734283339,0.745972683541745,0.7294397792540124,0.5580963300109237,0.5483585921267052
26,56,1.2047,45.0,0.728,4147.786901,82.95573803,E04001,1.00535541,0.004604865,0.0089,1.2136,0.4767000000000001,0.48560000000000014,1.0,0.0,0.0,4147.786901,82.95573803,0.7853981633974483,0.14644660940672624,0.8535533905932737,0.1715728752538099,0.008094150214732032,0.719905849785268,4.433234524286382,1.0148300413458373,0.3364057224357335,0.3452181002938683,0.8752021002938684,0.9355223676074604,1.9100759880932667,1.901263610235132,0.5347741580733415,0.0005049160806961508,8214804.5181711335,164296.09038322794,0.0003652692418309969,0.0003625905204629219,9549.490699125441,9409.940886713593,39609252.43305384,792185.0487565717,101.72414761772757,2.0344829525998005,39030429.549094975,780608.5910759988,100.23761957502168,2.0047523917420986,"[0.878,1.302]",0.991,"[0.322,0.438]",0.38,0.002,0.0,359,0.719,0.12,-0.005397477470999945,15,1.854602522529,0.005,0.0,143,0.7175,0.05,0.5941835225290001,26,1.9191835225290004,0.7233974776137444,0.7211423821762214,0.576516803681643,0.5516463866327028,0.745972683541745,0.75608447647966,0.5580963300109237,0.5378175109826353
26,56,1.2047,45.0,0.7435,4047.386674,80.94773349,E04001,1.025352983,0.004694387,0.0089,1.2136,0.46120000000000005,0.4701000000000001,1.0,0.0,0.0,4047.386674,80.94773349,0.7853981633974483,0.14644660940672624,0.8535533905932737,0.1715728752538099,0.008094150214732032,0.735405849785268,4.433234524286382,1.0148300413458373,0.3254674201538919,0.334198988772956,0.8869912387729562,0.9418021229392914,1.950100753375108,1.941369184756044,0.5233583546255015,0.000512183272864532,7902223.458731536,158044.46919415498,0.0003652692418309969,0.0003625905204629219,10242.542399868562,10092.864797621884,41455529.617107995,829110.5924445854,106.46574109090402,2.129314822081129,40849726.48437852,816994.5297884991,104.90992260114052,2.098198452282015,"[0.878,1.302]",0.991,"[0.322,0.438]",0.38,0.002,0.0,367,0.735,0.12,-0.005397477470999945,16,1.974602522529,0.005,0.0,147,0.7375,0.05,0.5941835225290001,26,1.9191835225290004,0.7391762733246097,0.7411423821762214,0.5638688884908757,0.5437250746483775,0.7812279515929325,0.75608447647966,0.5245265859665766,0.5378175109826353
26,56,1.2047,45.0,0.759,3946.036512,78.92073025,E04001,1.071961698,0.005803291,0.0089,1.2136,0.4457000000000001,0.4546000000000001,1.0,0.0,0.0,3946.036512,78.92073025,0.7853981633974483,0.14644660940672624,0.8535533905932737,0.1715728752538099,0.008094150214732032,0.750905849785268,4.433234524286382,1.0148300413458373,0.31452911787205046,0.3231798772520439,0.899260877252044,0.9482936661456955,1.99012551865695,1.9814747592769564,0.5115569109495923,0.000518700648567413,7607541.118173777,152150.82238275447,0.00036526924183099673,0.0003625905204629217,11004.161203018279,10843.353817576082,43422821.891043976,868456.4379309211,111.5181244960015,2.230362490202638,42788270.07668981,855765.4016422298,109.8884738848581,2.19776947797564,"[0.878,1.302]",0.991,"[0.322,0.438]",0.38,0.002,0.0,375,0.751,0.12,-0.005397477470999945,16,1.974602522529,0.005,0.0,150,0.7525000000000001,0.05,0.5941835225290001,27,1.9691835225290002,0.7549503642565156,0.7561423821762214,0.5501476642255752,0.5377946400079181,0.7812279515929325,0.7827291737053075,0.5245265859665766,0.5273172814937218
26,56,1.2047,45.0,0.7744,3851.146005,77.0229201,E04001,1.095777723,0.004829731,0.0089,1.2136,0.4303000000000001,0.43920000000000015,1.0,0.0,0.0,3851.146005,77.0229201,0.7853981633974483,0.14644660940672624,0.8535533905932737,0.1715728752538099,0.008094150214732032,0.766305849785268,4.433234524286382,1.0148300413458373,0.30366138528234976,0.31223185677320214,0.9119272167732022,0.9549488032209906,2.0298920596466505,2.0213215881557978,0.4994464640429301,0.0005244675399290646,7342963.504511407,146859.27009022812,0.00036526924183099695,0.00036259052046292193,11836.821164654524,11663.845848470237,45585326.54015872,911706.5308031742,117.07185067455968,2.3414370134911935,44919173.34227199,898383.4668454396,115.36104165708623,2.307220833141724,"[0.878,1.302]",0.991,"[0.206,0.322]",0.265,0.002,0.0,383,0.767,0.12,-0.005397477470999945,16,1.974602522529,0.005,0.0,153,0.7675000000000001,0.015,0.7091835225290001,87,2.021683522529,0.770719754615449,0.7700400823071019,0.5352208819669925,0.4737168305955117,0.7812279515929325,0.7494233021732482,0.5245265859665766,0.482998114988821
26,56,1.2047,45.0,0.7899,3757.118496,75.14236992,E04001,1.131186042,0.004790906,0.0089,1.2136,0.41480000000000006,0.4237000000000001,1.0,0.0,0.0,3757.118496,75.14236992,0.7853981633974483,0.14644660940672624,0.8535533905932737,0.1715728752538099,0.008094150214732032,0.781805849785268,4.433234524286382,1.0148300413458373,0.2927230830005082,0.30121274525228986,0.9251547552522899,0.9618496531435097,2.069916824928492,2.0614271626767104,0.4868669656712806,0.0005295935607205176,7094343.23727124,141886.8647454248,0.0003652692418309968,0.00036259052046292177,12760.644279609729,12574.16883588403,47943252.64379831,958865.0528759661,123.12745658238958,2.4625491316477914,47242642.305126674,944852.8461025334,121.32815502692611,2.4265631005385218,"[0.878,1.302]",0.991,"[0.206,0.322]",0.265,0.002,0.0,390,0.781,0.12,-0.005397477470999945,17,2.094602522529,0.005,0.0,156,0.7825,0.015,0.7091835225290001,90,2.066683522529,0.7845141185424396,0.7850400823071018,0.5210496181349482,0.4670342479909277,0.8157747537766752,0.7734035296763309,0.4843905298742178,0.4722131173788387
26,56,1.2047,45.0,0.8054,3666.695907,73.33391814,E04001,1.164536168,0.004936324,0.0089,1.2136,0.3993000000000001,0.4082000000000001,1.0,0.0,0.0,3666.695907,73.33391814,0.7853981633974483,0.14644660940672624,0.8535533905932737,0.1715728752538099,0.008094150214732032,0.797305849785268,4.433234524286382,1.0148300413458373,0.28178478071866664,0.29019363373137774,0.9388627937313777,0.9689493246457102,2.109941590210333,2.101532737197622,0.4738935244376986,0.0005340740572341941,6865519.598515409,137310.39197030818,0.00036526924183099695,0.00036259052046292193,13781.277637044712,13579.887346228332,50531754.304982476,1010635.0860996494,129.7752246900072,2.595504493800144,49793317.349936515,995866.3469987302,127.87877713779854,2.5575755427559708,"[0.878,1.302]",0.991,"[0.206,0.322]",0.265,0.002,0.0,398,0.797,0.12,-0.005397477470999945,17,2.094602522529,0.005,0.0,159,0.7975,0.015,0.7091835225290001,92,2.096683522529,0.8002747066416731,0.8000400823071018,0.5034219053049082,0.4604140265525557,0.8157747537766752,0.7893903480117195,0.4843905298742178,0.4651077245795281
26,56,1.2047,45.0,0.8209,3579.969033,71.59938066,E04001,1.173194506,0.005083843,0.0089,1.2136,0.38380000000000014,0.39270000000000016,1.0,0.0,0.0,3579.969033,71.59938066,0.7853981633974483,0.14644660940672624,0.8535533905932737,0.1715728752538099,0.008094150214732032,0.8128058497852679,4.433234524286382,1.0148300413458373,0.27084647843682513,0.27917452221046557,0.9530513322104656,0.9762434799835877,2.1499663554921753,2.141638311718535,0.46052441435977043,0.0005379440642593752,6654909.44291539,133098.1888583078,0.00036526924183099684,0.0003625905204629218,14911.244557314943,14693.341692506556,53381793.75867729,1067635.8751735457,137.09467194779143,2.7418934389558283,52601708.25046127,1052034.1650092255,135.09126293303316,2.7018252586606635,"[0.878,1.302]",0.991,"[0.206,0.322]",0.265,0.002,0.0,406,0.8130000000000001,0.12,-0.005397477470999945,17,2.094602522529,0.005,0.0,162,0.8125,0.015,0.7091835225290001,95,2.141683522529,0.8160306062252829,0.8150400823071018,0.48406095713766734,0.4538588045487496,0.8157747537766752,0.8133705755148023,0.4843905298742178,0.4545851125877354
26,56,1.2047,55.0,0.34,409.6908476,8.193816952,E04001,0.99099114,0.013131853,0.0089,1.2136,0.8647,0.8736,1.0,0.0,0.0,409.6908476,8.193816952,0.9599310885968813,0.21321178182447692,0.786788218175523,0.2709900541201443,0.011748295960319233,0.3282517040396808,4.433234524286382,1.0148300413458373,0.8884143406509811,0.904189343094484,1.019789343094484,1.0098461977422521,0.6299675218780189,0.614192519434516,0.6206277161686726,-0.0001108786779620234,-3694947.0820739903,-73898.9416414798,0.00015884608021926843,0.00015768117406077183,5043.710482012947,4970.0051008779055,2066362.0224248888,41327.24044849778,5.306813496570939,0.10613626993141881,2036165.6023549926,40723.312047099855,5.229263305541489,0.1045852661108298,"[0.878,1.302]",0.991,"[0.650,1.050]",0.8,0.002,0.0,164,0.329,0.12,-0.005397477470999945,5,0.654602522529,0.005,0.0,65,0.3275,0.1,0.17418352252900005,4,0.624183522529,0.3373227889823198,0.3351681730025713,0.6199610587592148,0.6180140810023966,0.341056325282978,0.2898022750308279,0.6192725579246728,0.6254385495248936
26,56,1.2047,55.0,0.3538,525.6312938,10.51262588,E04001,0.996896506,0.011757291,0.0089,1.2136,0.8509000000000001,0.8598000000000001,1.0,0.0,0.0,525.6312938,10.51262588,0.9599310885968813,0.21321178182447692,0.786788218175523,0.2709900541201443,0.011748295960319233,0.34205170403968077,4.433234524286382,1.0148300413458373,0.8742358765582514,0.8899061323175795,1.0150805723175795,1.0075120705567648,0.6700423207707487,0.6543720650114205,0.6179647881650773,-9.348445681237722e-05,-5622659.763161902,-112453.19530602591,0.0001588460802192684,0.0001576811740607718,5136.80612553573,5061.7403074937065,2700066.049765111,54001.32101584944,6.934286828264293,0.13868573661805506,2660609.106707527,53212.182154397495,6.832953840298469,0.13665907685796744,"[0.878,1.302]",0.991,"[0.650,1.050]",0.8,0.002,0.0,171,0.343,0.12,-0.005397477470999945,5,0.654602522529,0.005,0.0,68,0.3425,0.1,0.17418352252900005,4,0.624183522529,0.3512309956952322,0.3501681730025713,0.6173445975586432,0.6153654596848042,0.341056325282978,0.2898022750308279,0.6192725579246728,0.6254385495248936
26,56,1.2047,55.0,0.3676,650.7924136,13.01584827,E04001,0.958831091,0.010126117,0.0089,1.2136,0.8371000000000002,0.8460000000000002,1.0,0.0,0.0,650.7924136,13.01584827,0.9599310885968813,0.21321178182447692,0.786788218175523,0.2709900541201443,0.011748295960319233,0.35585170403968075,4.433234524286382,1.0148300413458373,0.8600574124655216,0.875622921540675,1.010752681540675,1.0053619654336816,0.7101171196634786,0.6945516105883252,0.615149637365038,-7.630085375385247e-05,-8529293.99321618,-170585.87983811155,0.0001588460802192684,0.0001576811740607718,5236.645148056892,5160.12034991811,3407968.9350706744,68159.3786909402,8.752317040411027,0.1750463407813231,3358167.1769896834,67163.34352947342,8.624416585859011,0.17248833169067587,"[0.878,1.302]",0.991,"[0.650,1.050]",0.8,0.002,0.0,177,0.355,0.12,-0.005397477470999945,5,0.654602522529,0.005,0.0,71,0.3575,0.1,0.17418352252900005,5,0.7241835225290001,0.36314938464094837,0.36516817300257126,0.6149879284336123,0.612625004239444,0.341056325282978,0.34309166948212305,0.6192725579246728,0.6166266002722497
26,56,1.2047,55.0,0.3813,779.2984313,15.58596863,E04001,0.964970504,0.00893111,0.0089,1.2136,0.8234000000000001,0.8323000000000002,1.0,0.0,0.0,779.2984313,15.58596863,0.9599310885968813,0.21321178182447692,0.786788218175523,0.2709900541201443,0.011748295960319233,0.36955170403968074,4.433234524286382,1.0148300413458373,0.8459816908662172,0.8614432122911392,1.006832902291139,1.0034106349302558,0.7499015214627827,0.7344400000378607,0.61220021104205,-5.9464917073118154e-05,-13105179.821267948,-262103.59649262554,0.00015884608021926843,0.00015768117406077183,5342.835212963001,5264.7586248801745,4163663.100156468,83273.2620245007,10.69308441371527,0.2138616883291911,4102818.137542265,82056.36277190434,10.536822894535543,0.21073645794479454,"[0.878,1.302]",0.991,"[0.650,1.050]",0.8,0.002,0.0,184,0.369,0.12,-0.005397477470999945,6,0.7746025225290001,0.005,0.0,73,0.3675,0.1,0.17418352252900005,5,0.7241835225290001,0.3770507547204218,0.37516817300257127,0.6121007783131839,0.6107483707290746,0.38712638227275475,0.34309166948212305,0.6099119229050932,0.6166266002722497
26,56,1.2047,55.0,0.3951,907.8695385,18.15739077,E04001,0.941765269,0.007633255,0.0089,1.2136,0.8096000000000001,0.8185000000000001,1.0,0.0,0.0,907.8695385,18.15739077,0.9599310885968813,0.21321178182447692,0.786788218175523,0.2709900541201443,0.011748295960319233,0.3833517040396808,4.433234524286382,1.0148300413458373,0.8318032267734872,0.8471600015142345,1.0032640115142346,1.0016306762046752,0.7899763203555128,0.7746195456147654,0.6090692610458373,-4.2745523953936625e-05,-21238938.12784555,-424778.76255691104,0.00015884608021926846,0.00015768117406077186,5457.365950027722,5377.615687046795,4954576.306477281,99091.52612954563,12.724301031311645,0.25448602062623293,4882173.472029534,97643.46944059068,12.538356683289608,0.2507671336657922,"[0.878,1.302]",0.991,"[0.650,1.050]",0.8,0.002,0.0,191,0.383,0.12,-0.005397477470999945,6,0.7746025225290001,0.005,0.0,76,0.3825,0.1,0.17418352252900005,6,0.8241835225290001,0.39094844770905723,0.3901681730025713,0.6090598794449157,0.6078609933445597,0.38712638227275475,0.39638106393341815,0.6099119229050932,0.6066401822909597
26,56,1.2047,55.0,0.4089,1030.35379,20.60707579,E04001,0.935600965,0.006599675,0.0089,1.2136,0.7958000000000001,0.8047000000000001,1.0,0.0,0.0,1030.35379,20.60707579,0.9599310885968813,0.21321178182447692,0.786788218175523,0.2709900541201443,0.011748295960319233,0.39715170403968075,4.433234524286382,1.0148300413458373,0.8176247626807573,0.8328767907373298,1.0000760007373297,1.0000379996466784,0.8300511192482427,0.8147990911916703,0.6057734728679628,-2.6280819600359714e-05,-39205542.50849532,-784110.8497894009,0.00015884608021926846,0.00015768117406077186,5579.966026340831,5498.424168583782,5749339.1433115145,114986.78281043065,14.765404237484333,0.29530808460638247,5665322.181127898,113306.44356757373,14.549632584686686,0.2909926515525237,"[0.878,1.302]",0.991,"[0.650,1.050]",0.8,0.002,0.0,198,0.397,0.12,-0.005397477470999945,6,0.7746025225290001,0.005,0.0,79,0.3975,0.1,0.17418352252900005,6,0.8241835225290001,0.40484246652324174,0.4051681730025713,0.6058590836546118,0.6048892207734542,0.38712638227275475,0.39638106393341815,0.6099119229050932,0.6066401822909597
26,56,1.2047,55.0,0.4227,1141.742042,22.83484085,E04001,0.919647312,0.005789399,0.0089,1.2136,0.782,0.7909,1.0,0.0,0.0,1141.742042,22.83484085,0.9599310885968813,0.21321178182447692,0.786788218175523,0.2709900541201443,0.011748295960319233,0.4109517040396808,4.433234524286382,1.0148300413458373,0.8034462985880274,0.8185935799604251,0.9972688699604252,0.9986335013208926,0.8701259181409727,0.854978636768575,0.6023085225570028,-1.0084835717271163e-05,-113213747.2546694,-2264274.9460849757,0.00015884608021926846,0.00015768117406077186,5711.151457441487,5627.69254432745,6520661.72719052,130413.23460092189,16.74630838395892,0.33492616782585166,6425373.177308599,128507.4636024489,16.501589134817557,0.330031782840881,"[0.878,1.302]",0.991,"[0.650,1.050]",0.8,0.002,0.0,205,0.41100000000000003,0.12,-0.005397477470999945,7,0.894602522529,0.005,0.0,82,0.41250000000000003,0.1,0.17418352252900005,6,0.8241835225290001,0.41873281407549,0.4201681730025713,0.6024917712963057,0.6018359203315937,0.43164799134548637,0.39638106393341815,0.5992043734884317,0.6066401822909597
26,56,1.2047,55.0,0.4364,1237.006609,24.74013219,E04001,0.897327461,0.005165696,0.0089,1.2136,0.7683000000000001,0.7772000000000001,1.0,0.0,0.0,1237.006609,24.74013219,0.9599310885968813,0.21321178182447692,0.786788218175523,0.2709900541201443,0.011748295960319233,0.4246517040396808,4.433234524286382,1.0148300413458373,0.7893705769887231,0.8044138707108894,0.9948588307108894,0.9974261028822583,0.9099103199402769,0.8948670262181107,0.5986970378780716,5.714574636760043e-06,216465211.78369594,4329304.237423831,0.00015884608021926843,0.00015768117406077183,5850.429349645643,5764.935123409412,7237019.770999232,144740.39547848894,18.586053062773747,0.37172106140572514,7131262.848113674,142625.2570199228,18.31444902648475,0.3662889806777495,"[0.878,1.302]",0.991,"[0.650,1.050]",0.8,0.002,0.0,212,0.425,0.12,-0.005397477470999945,7,0.894602522529,0.005,0.0,84,0.4225,0.1,0.17418352252900005,7,0.924183522529,0.4326194932744656,0.43016817300257126,0.5989508128716353,0.5997565244049484,0.43164799134548637,0.4496704583847132,0.5992043734884317,0.5956039782769098
26,56,1.2047,55.0,0.4502,1314.56519,26.2913038,E04001,0.920456444,0.005279312,0.0089,1.2136,0.7545000000000002,0.7634000000000002,1.0,0.0,0.0,1314.56519,26.2913038,0.9599310885968813,0.21321178182447692,0.786788218175523,0.2709900541201443,0.011748295960319233,0.43845170403968076,4.433234524286382,1.0148300413458373,0.7751921128959933,0.7901306599339849,0.9928106999339849,0.99639886588353,0.9499851188330066,0.935046571795015,0.5948819054727602,2.1335059753741368e-05,61615257.007633865,1232305.1401526772,0.00015884608021926843,0.00015768117406077183,6000.433695894832,5912.747407375955,7887961.261526393,157759.22523052787,20.257795501861814,0.40515591003723633,7772691.91899918,155453.8383799836,19.961761749776873,0.3992352349955374,"[0.878,1.302]",0.991,"[0.650,1.050]",0.8,0.002,0.0,219,0.439,0.12,-0.005397477470999945,7,0.894602522529,0.005,0.0,87,0.4375,0.1,0.17418352252900005,7,0.924183522529,0.44650250702500927,0.4451681730025713,0.5952285264829048,0.5965738021553161,0.43164799134548637,0.4496704583847132,0.5992043734884317,0.5956039782769098
26,56,1.2047,55.0,0.4778,1412.733554,28.25467107,E04001,0.920201829,0.005068189,0.0089,1.2136,0.7269000000000001,0.7358000000000001,1.0,0.0,0.0,1412.733554,28.25467107,0.9599310885968813,0.21321178182447692,0.786788218175523,0.2709900541201443,0.011748295960319233,0.46605170403968077,4.433234524286382,1.0148300413458373,0.7468351847105335,0.7615642383801756,0.9898570783801757,0.9949156136980541,1.0301347166184667,1.0154056629488246,0.5867000105473887,5.16407097722211e-05,27356973.988764703,547139.4795816485,0.00015884608021926843,0.00015768117406077183,6332.348528741004,6239.811860854289,8945921.24217495,178918.42478017553,22.974839390206782,0.45949678764150886,8815191.586476034,176303.83166712255,22.639100592389084,0.45278201168753135,"[0.878,1.302]",0.991,"[0.650,1.050]",0.8,0.002,0.0,233,0.467,0.12,-0.005397477470999945,8,1.014602522529,0.005,0.0,93,0.4675,0.1,0.17418352252900005,8,1.0241835225290001,0.47425754978097245,0.4751681730025713,0.5872061915881971,0.5899901012666067,0.47476752402222344,0.5029598528360083,0.5870511941000088,0.5836484851501819
26,56,1.2047,55.0,0.4915,1437.734331,28.75468662,E04001,0.925066594,0.004938325,0.0089,1.2136,0.7132000000000001,0.7221000000000001,1.0,0.0,0.0,1437.734331,28.75468662,0.9599310885968813,0.21321178182447692,0.786788218175523,0.2709900541201443,0.011748295960319233,0.47975170403968076,4.433234524286382,1.0148300413458373,0.7327594631112291,0.7473845291306398,0.9889567791306397,0.9944630607170081,1.069919118417771,1.0552940523983603,0.5823566366158651,6.619770879472975e-05,21718792.948834863,434375.8589766972,0.00015884608021926843,0.00015768117406077183,6514.367541015319,6419.170970122405,9365929.858469775,187318.5971693955,24.053501971806995,0.4810700394361399,9229062.480303558,184581.24960607116,23.702000326978848,0.474040006539577,"[0.878,1.302]",0.991,"[0.650,1.050]",0.8,0.002,0.0,239,0.47900000000000004,0.12,-0.005397477470999945,8,1.014602522529,0.005,0.0,95,0.47750000000000004,0.1,0.17418352252900005,8,1.0241835225290001,0.48614808909388074,0.4851681730025713,0.5835176440917914,0.5877340844685411,0.47476752402222344,0.5029598528360083,0.5870511941000088,0.5836484851501819
26,56,1.2047,55.0,0.5053,1452.758984,29.05517968,E04001,0.915499415,0.004859719,0.0089,1.2136,0.6994000000000001,0.7083000000000002,1.0,0.0,0.0,1452.758984,29.05517968,0.9599310885968813,0.21321178182447692,0.786788218175523,0.2709900541201443,0.011748295960319233,0.49355170403968074,4.433234524286382,1.0148300413458373,0.7185809990184993,0.7331013183537353,0.9884294083537353,0.9941978718312242,1.1099939173105007,1.0954735979752646,0.5777863427175388,8.052078891344887e-05,18042036.144995533,360840.7228999106,0.00015884608021926846,0.00015768117406077186,6710.384416148399,6612.323386928207,9748571.246653182,194971.42493306362,25.0361983537195,0.5007239670743899,9606112.205473261,192122.2441094652,24.67033624715843,0.4934067249431685,"[0.878,1.302]",0.991,"[0.650,1.050]",0.8,0.002,0.0,246,0.493,0.12,-0.005397477470999945,9,1.134602522529,0.005,0.0,98,0.4925,0.1,0.17418352252900005,9,1.124183522529,0.5000169918267687,0.5001681730025713,0.5790123092721092,0.5842954776129956,0.5166096490576481,0.5562492472873034,0.5733196018864722,0.5709066404925415
26,56,1.2047,55.0,0.5191,1462.611649,29.25223298,E04001,0.936680629,0.004970561,0.0089,1.2136,0.6856000000000001,0.6945000000000001,1.0,0.0,0.0,1462.611649,29.25223298,0.9599310885968813,0.21321178182447692,0.786788218175523,0.2709900541201443,0.011748295960319233,0.5073517040396808,4.433234524286382,1.0148300413458373,0.7044025349257694,0.7188181075768306,0.9882829175768306,0.9941241962535821,1.1500687162032306,1.1356531435521693,0.5730155636468542,9.4492717683294e-05,15478564.749319142,309571.2949863828,0.0001588460802192684,0.0001576811740607718,6920.027020452585,6818.902415694604,10121312.131508712,202426.24263017424,25.993468346590276,0.5198693669318055,9973406.106589168,199468.12213178337,25.613617342386235,0.5122723468477247,"[0.878,1.302]",0.991,"[0.650,1.050]",0.8,0.002,0.0,253,0.507,0.12,-0.005397477470999945,9,1.134602522529,0.005,0.0,101,0.5075000000000001,0.1,0.17418352252900005,9,1.124183522529,0.5138822431660373,0.5151681730025713,0.5742787633106262,0.5807940172751356,0.5166096490576481,0.5562492472873034,0.5733196018864722,0.5709066404925415
26,56,1.2047,55.0,0.5329,1472.38198,29.4476396,E04001,0.957631932,0.005114162,0.0089,1.2136,0.6718000000000001,0.6807000000000001,1.0,0.0,0.0,1472.38198,29.4476396,0.9599310885968813,0.21321178182447692,0.786788218175523,0.2709900541201443,0.011748295960319233,0.5211517040396808,4.433234524286382,1.0148300413458373,0.6902240708330395,0.704534896799926,0.988517306799926,0.9942420765587856,1.1901435150959605,1.175832689129074,0.568039716625435,0.00010810452863799042,13619984.27402209,272399.6854804418,0.00015884608021926838,0.00015768117406077177,7144.289596066698,7039.887769376786,10519123.261150086,210382.4652230017,27.01512353041406,0.5403024706082811,10365403.892852778,207308.0778570555,26.62034274683809,0.5324068549367617,"[0.878,1.302]",0.991,"[0.650,1.050]",0.8,0.002,0.0,260,0.521,0.12,-0.005397477470999945,9,1.134602522529,0.005,0.0,104,0.5225,0.1,0.17418352252900005,10,1.224183522529,0.5277438459941663,0.5301681730025712,0.5693049458417898,0.5772326750302819,0.5166096490576481,0.6095386417385985,0.5733196018864722,0.5575107368479163
26,56,1.2047,55.0,0.5466,1486.219994,29.72439987,E04001,0.955444016,0.005113644,0.0089,1.2136,0.6581000000000001,0.6670000000000001,1.0,0.0,0.0,1486.219994,29.72439987,0.9599310885968813,0.21321178182447692,0.786788218175523,0.2709900541201443,0.011748295960319233,0.5348517040396807,4.433234524286382,1.0148300413458373,0.6761483492337352,0.6903551875503903,0.9891267475503902,0.9945485144277227,1.2299279168952648,1.2157210785786097,0.5628925540420954,0.00012125346355873895,12257134.356248956,245142.68704250726,0.0001588460802192684,0.0001576811740607718,7382.458650406244,7274.576381889373,10971957.651112016,219439.15294841572,28.17808898674846,0.5635617795453735,10811620.866644166,216232.41726013753,27.766313410844162,0.5553262680300581,"[0.878,1.302]",0.991,"[0.650,1.050]",0.8,0.002,0.0,267,0.535,0.12,-0.005397477470999945,10,1.254602522529,0.005,0.0,106,0.5325,0.1,0.17418352252900005,10,1.224183522529,0.5416018031898773,0.5401681730025713,0.5640777887942503,0.5748266428605043,0.5572815869439202,0.6095386417385985,0.5578382689367204,0.5575107368479163
26,56,1.2047,55.0,0.5604,1507.345045,30.1469009,E04001,0.961956259,0.005148125,0.0089,1.2136,0.6443000000000001,0.6532000000000001,1.0,0.0,0.0,1507.345045,30.1469009,0.9599310885968813,0.21321178182447692,0.786788218175523,0.2709900541201443,0.011748295960319233,0.5486517040396808,4.433234524286382,1.0148300413458373,0.6619698851410052,0.6760719767734856,0.9901201367734856,0.9950478062753998,1.270002715787995,1.2559006241555144,0.5574943750896447,0.00013412424939636798,11238422.968134934,224768.45936269866,0.0001588460802192685,0.00015768117406077188,7639.1883693696045,7527.554425998998,11514892.736390904,230297.85472781805,29.57245028793939,0.5914490057587878,11346621.86499741,226932.4372999482,29.140298456992156,0.5828059691398431,"[0.878,1.302]",0.991,"[0.650,1.050]",0.8,0.002,0.0,274,0.549,0.12,-0.005397477470999945,10,1.254602522529,0.005,0.0,109,0.5475,0.1,0.17418352252900005,10,1.224183522529,0.5554561176280615,0.5551681730025713,0.5585831154314072,0.5711720754743509,0.5572815869439202,0.6095386417385985,0.5578382689367204,0.5575107368479163
26,56,1.2047,55.0,0.5742,1537.282988,30.74565976,E04001,1.008272395,0.006166724,0.0089,1.2136,0.6305000000000001,0.6394000000000001,1.0,0.0,0.0,1537.282988,30.74565976,0.9599310885968813,0.21321178182447692,0.786788218175523,0.2709900541201443,0.011748295960319233,0.5624517040396808,4.433234524286382,1.0148300413458373,0.6477914210482754,0.6617887659965809,0.9914944059965809,0.9957381211928068,1.3100775146807249,1.2960801697324194,0.5518774071344958,0.00014661317877260645,10485298.803760946,209705.9760752189,0.0001588460802192684,0.0001576811740607718,7914.09361010957,7798.442387076101,12166201.472260946,243324.02944521894,31.24513588341584,0.6249027176683168,11988412.8145502,239768.256291004,30.78854055402171,0.6157708110804342,"[0.878,1.302]",0.991,"[0.650,1.050]",0.8,0.002,0.0,281,0.5630000000000001,0.12,-0.005397477470999945,10,1.254602522529,0.005,0.0,112,0.5625,0.1,0.17418352252900005,11,1.3241835225290002,0.56930679217988,0.5701681730025713,0.5528055267003333,0.567465495359743,0.5572815869439202,0.6628280361898936,0.5578382689367204,0.5435897217485642
26,56,1.2047,55.0,0.5879,1575.668408,31.51336816,E04001,1.110639771,0.006854234,0.0089,1.2136,0.6168000000000001,0.6257000000000001,1.0,0.0,0.0,1575.668408,31.51336816,0.9599310885968813,0.21321178182447692,0.786788218175523,0.2709900541201443,0.011748295960319233,0.5761517040396807,4.433234524286382,1.0148300413458373,0.6337156994489711,0.6476090567470453,0.9932354667470453,0.9966119940814707,1.349861916480029,1.3359685591819548,0.5460802253231157,0.00015862848631403986,9933073.463744834,198661.4692748967,0.0001588460802192684,0.0001576811740607718,8206.384725951775,8086.462157809905,12930541.15657595,258610.823131519,33.20810660619735,0.6641621321239469,12741582.954548577,254831.65909097155,32.72282574741061,0.6544565149482122,"[0.878,1.302]",0.991,"[0.438,0.650]",0.5,0.002,0.0,288,0.577,0.12,-0.005397477470999945,11,1.374602522529,0.005,0.0,115,0.5775,0.1,0.4741835225290001,8,1.3241835225290002,0.5831538297126855,0.5822926081266071,0.546728273005663,0.5236938106309336,0.5968763486071639,0.5029598528360083,0.5403903928316443,0.5506037856419934
26,56,1.2047,55.0,0.6017,1621.80819,32.4361638,E04001,1.103706351,0.006091966,0.0089,1.2136,0.6030000000000001,0.6119000000000001,1.0,0.0,0.0,1621.80819,32.4361638,0.9599310885968813,0.21321178182447692,0.786788218175523,0.2709900541201443,0.011748295960319233,0.5899517040396808,4.433234524286382,1.0148300413458373,0.6195372353562412,0.6333258459701406,0.9953687359701406,0.9976816806828421,1.389936715372759,1.3761481047588595,0.54001369318037,0.00017034104847992896,9520947.5606292,190418.951212584,0.0001588460802192684,0.0001576811740607718,8521.874858049072,8397.34193003157,13820846.438939072,276416.9287787815,35.494581114167914,0.7098916222833584,13618877.916355608,272377.5583271122,34.97588725999485,0.699517745199897,"[0.878,1.302]",0.991,"[0.438,0.650]",0.5,0.002,0.0,294,0.589,0.12,-0.005397477470999945,11,1.374602522529,0.005,0.0,117,0.5875,0.1,0.4741835225290001,9,1.4241835225290003,0.5950198264270554,0.5922926081266071,0.5412669032545913,0.5202251115399816,0.5968763486071639,0.5562492472873035,0.5403903928316443,0.5326595588456988
26,56,1.2047,55.0,0.6155,1673.041416,33.46082832,E04001,1.099793456,0.005923344,0.0089,1.2136,0.5892000000000001,0.5981000000000001,1.0,0.0,0.0,1673.041416,33.46082832,0.9599310885968813,0.21321178182447692,0.786788218175523,0.2709900541201443,0.011748295960319233,0.6037517040396808,4.433234524286382,1.0148300413458373,0.6053587712635112,0.619042635193236,0.997882885193236,0.9989408817308639,1.4300115142654888,1.4163276503357638,0.5337148141858594,0.00018165812552511758,9209835.294533364,184196.70589066725,0.00015884608021926843,0.00015768117406077183,8860.21164223527,8730.734488787031,14823501.031984981,296470.0206396996,38.06959017309882,0.7613918034619763,14606880.39184029,292137.6078368058,37.513266874335,0.7502653374867001,"[0.878,1.302]",0.991,"[0.438,0.650]",0.5,0.002,0.0,301,0.603,0.12,-0.005397477470999945,11,1.374602522529,0.005,0.0,120,0.6025,0.1,0.4741835225290001,9,1.4241835225290003,0.6088601170904795,0.6072926081266071,0.5345834700423453,0.5149995392582194,0.5968763486071639,0.5562492472873035,0.5403903928316443,0.5326595588456988
26,56,1.2047,55.0,0.6293,1726.30785,34.52615701,E04001,1.089029399,0.005688441,0.0089,1.2136,0.5754000000000001,0.5843000000000002,1.0,0.0,0.0,1726.30785,34.52615701,0.9599310885968813,0.21321178182447692,0.786788218175523,0.2709900541201443,0.011748295960319233,0.6175517040396807,4.433234524286382,1.0148300413458373,0.5911803071707814,0.6047594244163313,1.0007779144163313,1.0003888815937187,1.4700863131582187,1.4565071959126685,0.527179137913898,0.0001925770268224937,8964246.039540377,179284.9208427348,0.00015884608021926843,0.00015768117406077183,9223.275117119083,9088.492399069553,15922212.237392342,318444.24484007957,40.89129101274511,0.8178258204917734,15689535.773179103,313790.71555446694,40.29373328219206,0.805874665877251,"[0.878,1.302]",0.991,"[0.438,0.650]",0.5,0.002,0.0,308,0.617,0.12,-0.005397477470999945,12,1.494602522529,0.005,0.0,123,0.6175,0.1,0.4741835225290001,9,1.4241835225290003,0.6226967789066649,0.6222926081266071,0.5275436979289522,0.5097511230660201,0.6354752398811444,0.5562492472873035,0.5207037372334988,0.5326595588456988
26,56,1.2047,55.0,0.643,1778.112473,35.56224946,E04001,1.107916417,0.005612693,0.0089,1.2136,0.5617000000000001,0.5706000000000001,1.0,0.0,0.0,1778.112473,35.56224946,0.9599310885968813,0.21321178182447692,0.786788218175523,0.2709900541201443,0.011748295960319233,0.6312517040396808,4.433234524286382,1.0148300413458373,0.577104585571477,0.5905797151667956,1.0040287151667957,1.002012332841665,1.5098707149575232,1.4963955853622046,0.520452256982939,0.00020302121363940245,8758259.499710247,175165.1899942049,0.00015884608021926843,0.00015768117406077183,9610.211025729763,9469.773887443249,17088036.093012214,341760.7218602443,43.885349993933524,0.8777069998786705,16838323.06575254,336766.4613150507,43.2440391060301,0.8648807821206018,"[0.878,1.302]",0.991,"[0.438,0.650]",0.5,0.002,0.0,315,0.631,0.12,-0.005397477470999945,12,1.494602522529,0.005,0.0,126,0.6325000000000001,0.1,0.4741835225290001,10,1.5241835225290001,0.6365298147285188,0.6372926081266072,0.5201240835677271,0.5044844287284752,0.6354752398811444,0.6095386417385985,0.5207037372334988,0.5142150056819674
26,56,1.2047,55.0,0.6568,1826.129308,36.52258616,E04001,1.084260567,0.005366542,0.0089,1.2136,0.5479,0.5568000000000001,1.0,0.0,0.0,1826.129308,36.52258616,0.9599310885968813,0.21321178182447692,0.786788218175523,0.2709900541201443,0.011748295960319233,0.6450517040396808,4.433234524286382,1.0148300413458373,0.5629261214787471,0.5762965043898909,1.007682744389891,1.003834022331327,1.5499455138502531,1.5365751309391094,0.5134316702392654,0.00021314233061863998,8567651.966175409,171353.03932350822,0.00015884608021926843,0.00015768117406077183,10028.942452980755,9882.38625620569,18314145.741633568,366282.9148326714,47.0342344396242,0.9406846887924841,18046515.175433606,360930.30350867216,46.346907879519215,0.9269381575903843,"[0.878,1.302]",0.991,"[0.438,0.650]",0.5,0.002,0.0,322,0.645,0.12,-0.005397477470999945,12,1.494602522529,0.005,0.0,129,0.6475,0.1,0.4741835225290001,10,1.5241835225290001,0.6503592274052039,0.652292608126607,0.5122988571807541,0.49920386422198676,0.6354752398811444,0.6095386417385985,0.5207037372334988,0.5142150056819674
26,56,1.2047,55.0,0.6706,1868.080303,37.36160605,E04001,1.102736321,0.005727805,0.0089,1.2136,0.5341000000000001,0.5430000000000001,1.0,0.0,0.0,1868.080303,37.36160605,0.9599310885968813,0.21321178182447692,0.786788218175523,0.2709900541201443,0.011748295960319233,0.6588517040396807,4.433234524286382,1.0148300413458373,0.5487476573860173,0.5620132936129864,1.0117176536129864,1.0058417637049013,1.5900203127429826,1.5767546765160136,0.5061613556297273,0.00022286277530148859,8382199.766079653,167643.99527672242,0.00015884608021926843,0.00015768117406077183,10479.27595001678,10326.138883432615,19576128.99192796,391522.5797337664,50.275249166196474,1.0055049830548015,19290056.65418288,385801.1329803962,49.5405606041411,0.9908112118176269,"[0.878,1.302]",0.991,"[0.438,0.650]",0.5,0.002,0.0,329,0.659,0.12,-0.005397477470999945,13,1.614602522529,0.005,0.0,131,0.6575,0.1,0.4741835225290001,11,1.6241835225290002,0.6641850197821313,0.6622926081266071,0.5040397089084991,0.4956778864538893,0.6731498254958411,0.6628280361898936,0.4984366774204459,0.49548899885159864
26,56,1.2047,55.0,0.6844,1902.122707,38.04245413,E04001,1.077743298,0.006361314,0.0089,1.2136,0.5203000000000001,0.5292000000000001,1.0,0.0,0.0,1902.122707,38.04245413,0.9599310885968813,0.21321178182447692,0.786788218175523,0.2709900541201443,0.011748295960319233,0.6726517040396808,4.433234524286382,1.0148300413458373,0.5345691932932873,0.5477300828360817,1.0161334428360818,1.0080344452627013,1.6300951116357125,1.6169342220929184,0.49863716188201945,0.00023218353058938234,8192323.986854661,163846.47969402387,0.00015884608021926843,0.00015768117406077183,10964.018409994078,10803.79764423797,20854908.377615772,417098.1674426753,53.559399585850954,1.071187991435442,20550148.820938148,411002.97631072503,52.77671866593747,1.0555343730412874,"[0.878,1.302]",0.991,"[0.438,0.650]",0.5,0.002,0.0,336,0.673,0.12,-0.005397477470999945,13,1.614602522529,0.005,0.0,134,0.6725,0.1,0.4741835225290001,11,1.6241835225290002,0.6780071947010242,0.6772926081266071,0.4953154742421902,0.4903835638882088,0.6731498254958411,0.6628280361898936,0.4984366774204459,0.49548899885159864
26,56,1.2047,55.0,0.6981,1927.480968,38.54961936,E04001,1.042811853,0.005105109,0.0089,1.2136,0.5066,0.5155000000000001,1.0,0.0,0.0,1927.480968,38.54961936,0.9599310885968813,0.21321178182447692,0.786788218175523,0.2709900541201443,0.011748295960319233,0.6863517040396808,4.433234524286382,1.0148300413458373,0.520493471693983,0.533550373586546,1.020893983586546,1.0103929847275,1.669879513435017,1.656822611542454,0.49091237317163156,0.0002410432238752611,7996412.166298703,159928.24332597406,0.00015884608021926843,0.00015768117406077183,11482.36169440774,11314.566209707564,22132033.63366315,442640.67267326306,56.839301883731196,1.136786037674624,21808611.030387226,436172.22060774453,56.008690685144295,1.1201738137028858,"[0.878,1.302]",0.991,"[0.438,0.650]",0.5,0.002,0.0,343,0.687,0.12,-0.005397477470999945,13,1.614602522529,0.005,0.0,137,0.6875,0.1,0.4741835225290001,11,1.6241835225290002,0.6918257549998685,0.6922926081266071,0.48609177123444175,0.4850863365816699,0.6731498254958411,0.6628280361898936,0.4984366774204459,0.49548899885159864
26,56,1.2047,55.0,0.7119,1944.357693,38.88715386,E04001,1.038903494,0.005019653,0.0089,1.2136,0.4928000000000001,0.5017000000000001,1.0,0.0,0.0,1944.357693,38.88715386,0.9599310885968813,0.21321178182447692,0.786788218175523,0.2709900541201443,0.011748295960319233,0.7001517040396807,4.433234524286382,1.0148300413458373,0.5063150076012533,0.5192671628096414,1.0260687728096414,1.0129505283130273,1.709954312327747,1.6970021571193588,0.48287031661372093,0.0002495738882859148,7790709.622524776,155814.1924504955,0.00015884608021926835,0.00015768117406077177,12045.32557431161,11869.303315397974,23420421.44510242,468408.4289020484,60.148128581262085,1.2029625716252417,23078171.211844455,461563.4242368891,59.269164422345476,1.1853832884469095,"[0.878,1.302]",0.991,"[0.438,0.650]",0.5,0.002,0.0,350,0.7010000000000001,0.12,-0.005397477470999945,14,1.734602522529,0.005,0.0,140,0.7025,0.1,0.4741835225290001,12,1.724183522529,0.7056407035129482,0.7072926081266071,0.4763305806530997,0.47979001681707056,0.709963488653555,0.7161174306411887,0.47315873657940977,0.4766759794342821
26,56,1.2047,55.0,0.7257,1953.272352,39.06544704,E04001,1.039281592,0.004986504,0.0089,1.2136,0.4790000000000001,0.4879000000000001,1.0,0.0,0.0,1953.272352,39.06544704,0.9599310885968813,0.21321178182447692,0.786788218175523,0.2709900541201443,0.011748295960319233,0.7139517040396808,4.433234524286382,1.0148300413458373,0.49213654350852326,0.5049839520327367,1.0316244420327367,1.0156891463596216,1.7500291112204767,1.737181702696263,0.4745626457141081,0.0002577129466554095,7579255.824550171,151585.11649100343,0.00015884608021926846,0.00015768117406077186,12653.144153684301,12468.239644250261,24715036.641261984,494300.7328252397,63.472948395644416,1.2694589679128885,24353867.77522435,487077.35550448706,62.5453975637817,1.250907951275634,"[0.878,1.302]",0.991,"[0.438,0.650]",0.5,0.002,0.0,356,0.713,0.12,-0.005397477470999945,14,1.734602522529,0.005,0.0,142,0.7125,0.1,0.4741835225290001,12,1.724183522529,0.7174792154118279,0.7172926081266071,0.4675042268100557,0.4762614494555534,0.709963488653555,0.7161174306411887,0.47315873657940977,0.4766759794342821
26,56,1.2047,55.0,0.7395,1955.416429,39.10832858,E04001,1.04325604,0.00498615,0.0089,1.2136,0.46520000000000006,0.4741000000000001,1.0,0.0,0.0,1955.416429,39.10832858,0.9599310885968813,0.21321178182447692,0.786788218175523,0.2709900541201443,0.011748295960319233,0.7277517040396808,4.433234524286382,1.0148300413458373,0.47795807941579327,0.4907007412558321,1.0375609912558321,1.0186073783631415,1.7901039101132072,1.7773612482731682,0.46598571645402587,0.00026546471929471725,7366012.456175426,147320.2491235085,0.00015884608021926843,0.00015768117406077183,13310.15950552826,13115.653817142349,26026904.569720477,520538.0913944095,66.84207653142593,1.3368415306285184,25646564.95111671,512931.2990223342,65.86529153471054,1.3173058306942107,"[0.878,1.302]",0.991,"[0.438,0.650]",0.5,0.002,0.0,363,0.727,0.12,-0.005397477470999945,14,1.734602522529,0.005,0.0,145,0.7275,0.1,0.4741835225290001,13,1.8241835225290002,0.7312874638296663,0.7322926081266071,0.45662949361317606,0.47097466832153323,0.709963488653555,0.7694068250924838,0.47315873657940977,0.4579445865674965
26,56,1.2047,55.0,0.7532,1951.892259,39.03784518,E04001,1.055386121,0.005225698,0.0089,1.2136,0.4515000000000001,0.46040000000000014,1.0,0.0,0.0,1951.892259,39.03784518,0.9599310885968813,0.21321178182447692,0.786788218175523,0.2709900541201443,0.011748295960319233,0.7414517040396807,4.433234524286382,1.0148300413458373,0.46388235781648907,0.47652103200629636,1.0438312720062963,1.0216806115446726,1.8298883119125111,1.8172496377227039,0.45720116565454577,0.0002727822380175524,7155496.168611989,143109.92337223978,0.00015884608021926843,0.00015768117406077183,14015.887454009824,13811.068733659453,27357502.224496994,547150.0444899398,70.25930619217398,1.4051861238434795,26957718.149746817,539154.3629949363,69.23258410738234,1.3846516821476467,"[0.878,1.302]",0.991,"[0.438,0.650]",0.5,0.002,0.0,370,0.741,0.12,-0.005397477470999945,15,1.854602522529,0.005,0.0,148,0.7425,0.1,0.4741835225290001,13,1.8241835225290002,0.7450921085393176,0.7472926081266071,0.4450839074675767,0.4656981596527454,0.745972683541745,0.7694068250924838,0.4443232629364463,0.4579445865674965
26,56,1.2047,55.0,0.7808,1933.051597,38.66103193,E04001,1.050153034,0.004717929,0.0089,1.2136,0.42390000000000005,0.4328000000000001,1.0,0.0,0.0,1933.051597,38.66103193,0.9599310885968813,0.21321178182447692,0.786788218175523,0.2709900541201443,0.011748295960319233,0.7690517040396808,4.433234524286382,1.0148300413458373,0.43552542963102925,0.4479546104524871,1.057603250452487,1.028398390922743,1.9100379096979707,1.8976087288765129,0.4386746523379484,0.0002864038966809408,6749390.002725609,134987.80001959647,0.0001588460802192684,0.0001576811740607718,15622.00905697519,15393.719559442434,30198149.555934355,603962.990962467,77.5546326808885,1.5510926532165672,29756854.178150333,595137.0834090695,76.42130161818808,1.5284260319684213,"[0.878,1.302]",0.991,"[0.438,0.650]",0.5,0.002,0.0,384,0.769,0.12,-0.005397477470999945,15,1.854602522529,0.005,0.0,153,0.7675000000000001,0.1,0.4741835225290001,14,1.9241835225290003,0.7726905981105077,0.7722926081266072,0.4197436221518752,0.45693546258895396,0.745972683541745,0.8226962195437789,0.4443232629364463,0.43943761083749205
26,56,1.2047,55.0,0.7946,1920.164944,38.40329887,E04001,1.057200845,0.0047548,0.0089,1.2136,0.41010000000000013,0.41900000000000015,1.0,0.0,0.0,1920.164944,38.40329887,0.9599310885968813,0.21321178182447692,0.786788218175523,0.2709900541201443,0.011748295960319233,0.7828517040396807,4.433234524286382,1.0148300413458373,0.4213469655382994,0.4336713996755826,1.0650605596755827,1.032017712869107,1.9501127085907006,1.9377882744534174,0.4289898178813744,0.0002926667774665697,6560925.57078616,131218.51138155465,0.0001588460802192684,0.0001576811740607718,16530.684555853855,16289.116287818357,31741640.984472785,634832.8195241488,81.5186143336277,1.6303722862480143,31277790.064608224,625555.8011292733,80.32735631822659,1.6065471259461959,"[0.878,1.302]",0.991,"[0.322,0.438]",0.38,0.002,0.0,391,0.783,0.12,-0.005397477470999945,16,1.974602522529,0.005,0.0,156,0.7825,0.05,0.5941835225290001,26,1.9191835225290004,0.7864844486011222,0.7861423821762213,0.4058122678490656,0.4126367154971194,0.7812279515929325,0.75608447647966,0.4112285660926668,0.4242099690742306
26,56,1.2047,55.0,0.8083,1906.158858,38.12317715,E04001,1.059722799,0.004789737,0.0089,1.2136,0.3964000000000001,0.4053000000000001,1.0,0.0,0.0,1906.158858,38.12317715,0.9599310885968813,0.21321178182447692,0.786788218175523,0.2709900541201443,0.011748295960319233,0.7965517040396808,4.433234524286382,1.0148300413458373,0.407271243938995,0.4194916904260468,1.0728405804260468,1.0357801795873711,1.9898971103900052,1.9776766639029533,0.4190935748608976,0.000298532829628973,6385089.574131732,127701.79144913747,0.00015884608021926846,0.00015768117406077186,17512.63415301225,17256.716336252244,33381862.71767763,667637.2541784262,85.73101793797088,1.7146203583096593,32894042.70434052,657880.8539142432,84.47820269912089,1.6895640535392318,"[0.878,1.302]",0.991,"[0.322,0.438]",0.38,0.002,0.0,398,0.797,0.12,-0.005397477470999945,16,1.974602522529,0.005,0.0,159,0.7975,0.05,0.5941835225290001,27,1.9691835225290002,0.8002747066416731,0.8011423821762214,0.39093440686462827,0.4069345697874359,0.7812279515929325,0.7827291737053075,0.4112285660926668,0.41394125289105127
26,56,1.2047,55.0,0.8221,1891.648227,37.83296454,E04001,1.073138214,0.004969211,0.0089,1.2136,0.38260000000000005,0.39150000000000007,1.0,0.0,0.0,1891.648227,37.83296454,0.9599310885968813,0.21321178182447692,0.786788218175523,0.2709900541201443,0.011748295960319233,0.8103517040396808,4.433234524286382,1.0148300413458373,0.3930927798462651,0.4052084796491421,1.0810568896491421,1.0397388564678836,2.029971909282735,2.017856209479858,0.40883904819299577,0.00030409583265265895,6220566.097532346,124411.32195064692,0.0001588460802192684,0.0001576811740607718,18591.277298804605,18319.596919055934,35168156.73994908,703363.1347989816,90.31856316158557,1.8063712632317115,34654233.03128682,693084.6606257363,88.99870863283452,1.7799741726566902,"[0.878,1.302]",0.991,"[0.322,0.438]",0.38,0.002,0.0,405,0.811,0.12,-0.005397477470999945,16,1.974602522529,0.005,0.0,162,0.8125,0.05,0.5941835225290001,28,2.019183522529,0.8140613750375394,0.8161423821762214,0.3750176551152582,0.401284491488007,0.7812279515929325,0.809373870930955,0.4112285660926668,0.4038274096921389
26,56,1.2047,70.0,0.4678,110.2291431,2.204582863,E04001,0.904479497,0.017871862,0.0089,1.2136,0.7369000000000001,0.7458000000000001,1.0,0.0,0.0,110.2291431,2.204582863,1.2217304763960306,0.32898992833716556,0.6710100716628343,0.49029059656570206,0.01803235796539937,0.4497676420346006,4.433234524286382,1.0148300413458373,1.1682345896699584,1.1910789265158488,1.4099157665158488,1.1873987394788024,0.5899698516590417,0.5671255148131513,0.46280370263381904,-5.9720677503003674e-05,-1845745.0201306907,-36914.90041935843,5.6899033195602244e-05,5.6481761116300285e-05,11566.19487010653,11397.17430395319,1274931.7494594587,25498.63500075537,3.2742689527842352,0.06548537908538891,1256300.757286099,25126.01515711916,3.226420996014266,0.06452841994955545,"[0.878,1.302]",0.991,"[1.050,1.500]",1.25,0.002,0.0,224,0.449,0.12,-0.005397477470999945,4,0.5346025225290001,0.005,0.0,89,0.4475,0.1,-0.2758164774709999,8,0.5741835225290002,0.45641670287326974,0.4594815203165177,0.44551816711548126,0.4659398011041295,0.29326405690450097,0.5029598528360083,0.48199843440814705,0.45892059383067446
26,56,1.2047,70.0,0.4794,136.4985241,2.729970483,E04001,0.893782557,0.01443239,0.0089,1.2136,0.7253000000000001,0.7342000000000001,1.0,0.0,0.0,136.4985241,2.729970483,1.2217304763960306,0.32898992833716556,0.6710100716628343,0.49029059656570206,0.01803235796539937,0.4613676420346006,4.433234524286382,1.0148300413458373,1.1498446843365733,1.1725531615016576,1.4023775215016576,1.184220216641169,0.6301276905924269,0.6074192134273426,0.46024021546875876,-5.1791120755538496e-05,-2635558.4144296194,-52711.16830790072,5.689903319560223e-05,5.648176111630028e-05,11741.884171504826,11570.296200468296,1602749.85956356,32054.99720301308,4.116168654889344,0.08232337312794227,1579328.35476376,31586.567106845498,4.056017744045696,0.08112035491062865,"[0.878,1.302]",0.991,"[1.050,1.500]",1.25,0.002,0.0,230,0.461,0.12,-0.005397477470999945,5,0.654602522529,0.005,0.0,92,0.4625,0.1,-0.2758164774709999,8,0.5741835225290002,0.4683112727645238,0.4744815203165177,0.44198417392601824,0.46356604593037043,0.341056325282978,0.5029598528360083,0.4734115052390433,0.45892059383067446
26,56,1.2047,70.0,0.4909,164.9021244,3.298042489,E04001,0.891437879,0.012977395,0.0089,1.2136,0.7138000000000001,0.7227000000000001,1.0,0.0,0.0,164.9021244,3.298042489,1.2217304763960306,0.32898992833716556,0.6710100716628343,0.49029059656570206,0.01803235796539937,0.47286764203460063,4.433234524286382,1.0148300413458373,1.1316133126698553,1.1541871013582783,1.3951699113582783,1.1811731081252563,0.6699393412591448,0.6473655525707218,0.45759955451995754,-4.3995868719434626e-05,-3748127.4765045503,-74962.54955282042,5.6899033195602224e-05,5.6481761116300265e-05,11925.47787001978,11751.20698457504,1966536.6352514487,39330.73271695446,5.050442780208876,0.10100885563480444,1937798.996020542,38755.97993216205,4.976639017811425,0.09953278038640787,"[0.878,1.302]",0.991,"[1.050,1.500]",1.25,0.002,0.0,236,0.47300000000000003,0.12,-0.005397477470999945,5,0.654602522529,0.005,0.0,94,0.47250000000000003,0.1,-0.2758164774709999,9,0.6741835225290002,0.48020315514823864,0.4844815203165177,0.43831300334755346,0.46195507842618994,0.341056325282978,0.5562492472873035,0.4734115052390433,0.4497808392890107
26,56,1.2047,70.0,0.5025,195.3431939,3.906863878,E04001,0.906097604,0.011876534,0.0089,1.2136,0.7022000000000002,0.7111000000000002,1.0,0.0,0.0,195.3431939,3.906863878,1.2217304763960306,0.32898992833716556,0.6710100716628343,0.49029059656570206,0.01803235796539937,0.4844676420346006,4.433234524286382,1.0148300413458373,1.1132234073364702,1.135661336344087,1.388167586344087,1.1782052394825304,0.7100971801925298,0.6876592511849129,0.45483355598129754,-3.620255127231077e-05,-5395840.542580949,-107916.810851619,5.689903319560224e-05,5.648176111630028e-05,12120.681621055664,11943.55815973045,2367692.660102043,47353.85320204086,6.080688295662963,0.12161376591325927,2333092.7974521522,46661.85594904305,5.991829220584499,0.11983658441169,"[0.878,1.302]",0.991,"[1.050,1.500]",1.25,0.002,0.0,242,0.485,0.12,-0.005397477470999945,5,0.654602522529,0.005,0.0,96,0.4825,0.1,-0.2758164774709999,9,0.6741835225290002,0.49209235184529376,0.49448152031651765,0.43450017930147977,0.4603220214397091,0.341056325282978,0.5562492472873035,0.4734115052390433,0.4497808392890107
26,56,1.2047,70.0,0.514,226.6155145,4.53231029,E04001,0.90020315,0.010678881,0.0089,1.2136,0.6907000000000001,0.6996000000000001,1.0,0.0,0.0,226.6155145,4.53231029,1.2217304763960306,0.32898992833716556,0.6710100716628343,0.49029059656570206,0.01803235796539937,0.49596764203460064,4.433234524286382,1.0148300413458373,1.0949920356697522,1.1172952762007078,1.3814912762007077,1.175368570364508,0.7499088308592479,0.7276055903282923,0.45198766924336675,-2.8548683809708e-05,-7937862.074851213,-158757.24149702428,5.689903319560221e-05,5.648176111630025e-05,12324.672366418192,12144.56792200749,2792961.969359791,55859.23938719582,7.172861344506563,0.14345722689013127,2752147.5080259233,55042.95016051846,7.068041989567168,0.14136083979134334,"[0.878,1.302]",0.991,"[1.050,1.500]",1.25,0.002,0.0,247,0.495,0.12,-0.005397477470999945,6,0.7746025225290001,0.005,0.0,99,0.4975,0.1,-0.2758164774709999,10,0.7741835225290001,0.5019979655055309,0.5094815203165176,0.4312112096881043,0.45783230027282784,0.38712638227275475,0.6095386417385985,0.4635711278762544,0.4401332457932519
26,56,1.2047,70.0,0.5256,258.4888867,5.169777734,E04001,0.889786803,0.009632909,0.0089,1.2136,0.6791000000000001,0.6880000000000002,1.0,0.0,0.0,258.4888867,5.169777734,1.2217304763960306,0.32898992833716556,0.6710100716628343,0.49029059656570206,0.01803235796539937,0.5075676420346006,4.433234524286382,1.0148300413458373,1.076602130336367,1.0987695111865166,1.3750248711865165,1.172614545017465,0.7900666697926328,0.7678992889424834,0.44901010842011185,-2.090431835399626e-05,-12365334.392766025,-247306.6878553205,5.689903319560222e-05,5.6481761116300265e-05,12541.585789698152,12358.311518908009,3241860.548231616,64837.210964632315,8.325718884035366,0.1665143776807073,3194486.1860143174,63889.72372028635,8.20405244704231,0.16408104894084619,"[0.878,1.302]",0.991,"[1.050,1.500]",1.25,0.002,0.0,253,0.507,0.12,-0.005397477470999945,6,0.7746025225290001,0.005,0.0,101,0.5075000000000001,0.1,-0.2758164774709999,10,0.7741835225290001,0.5138822431660373,0.5194815203165177,0.427126187500521,0.45614658516470385,0.38712638227275475,0.6095386417385985,0.4635711278762544,0.4401332457932519
26,56,1.2047,70.0,0.5371,289.6000262,5.792000524,E04001,0.901243012,0.008839778,0.0089,1.2136,0.6676000000000001,0.6765000000000001,1.0,0.0,0.0,289.6000262,5.792000524,1.2217304763960306,0.32898992833716556,0.6710100716628343,0.49029059656570206,0.01803235796539937,0.5190676420346007,4.433234524286382,1.0148300413458373,1.058370758669649,1.0804034510431373,1.3688798610431374,1.1699913935765243,0.8298783204593512,0.8078456280858628,0.445949920338734,-1.3404352763602527e-05,-21604924.25910818,-432098.4851821636,5.689903319560224e-05,5.648176111630028e-05,12768.305385363039,12581.717987408112,3697701.574130737,73954.03148261474,9.496405957394085,0.18992811914788169,3643665.8587944005,72873.317175888,9.357631889572598,0.18715263779145194,"[0.878,1.302]",0.991,"[1.050,1.500]",1.25,0.002,0.0,259,0.519,0.12,-0.005397477470999945,6,0.7746025225290001,0.005,0.0,103,0.5175,0.1,-0.2758164774709999,10,0.7741835225290001,0.5257638402878086,0.5294815203165176,0.42288536069211125,0.4544408346549005,0.38712638227275475,0.6095386417385985,0.4635711278762544,0.4401332457932519
26,56,1.2047,70.0,0.5487,319.6906004,6.393812008,E04001,0.875846833,0.008039023,0.0089,1.2136,0.6560000000000001,0.6649000000000002,1.0,0.0,0.0,319.6906004,6.393812008,1.2217304763960306,0.32898992833716556,0.6710100716628343,0.49029059656570206,0.01803235796539937,0.5306676420346006,4.433234524286382,1.0148300413458373,1.0399808533362638,1.061877686028946,1.362949376028946,1.167454228665495,0.8700361593927362,0.8481393267000539,0.4427515437432367,-5.9214521426846205e-06,-53988547.52122699,-1079770.9504245399,5.6899033195602244e-05,5.6481761116300285e-05,13009.451089154356,12819.339750626234,4158999.22956619,83179.98459132381,10.681106700649433,0.2136221340129887,4098222.4216092867,81964.44843218575,10.525020215685052,0.21050040431370104,"[0.878,1.302]",0.991,"[1.050,1.500]",1.25,0.002,0.0,265,0.531,0.12,-0.005397477470999945,7,0.894602522529,0.005,0.0,106,0.5325,0.1,-0.2758164774709999,11,0.8741835225290002,0.5376427586838517,0.5444815203165176,0.4184831607102502,0.45184592726825884,0.43164799134548637,0.6628280361898936,0.45245284037268085,0.43006520197884285
26,56,1.2047,70.0,0.5602,347.5593957,6.951187913,E04001,0.857407406,0.00739442,0.0089,1.2136,0.6445000000000001,0.6534000000000001,1.0,0.0,0.0,347.5593957,6.951187913,1.2217304763960306,0.32898992833716556,0.6710100716628343,0.49029059656570206,0.01803235796539937,0.5421676420346007,4.433234524286382,1.0148300413458373,1.0217494816695456,1.0435116258855668,1.3573356658855669,1.1650474951200775,0.9098478100594545,0.8880856658434333,0.4394677873739996,1.4123458095655991e-06,246086612.3197549,4921732.245687056,5.689903319560226e-05,5.64817611163003e-05,13261.584378171203,13067.78853391459,4609188.252501743,92183.76503677329,11.83727834772553,0.23674556692045234,4541832.685982744,90836.6537065871,11.664296350576384,0.2332859269779671,"[0.878,1.302]",0.991,"[0.650,1.050]",0.8,0.002,0.0,271,0.543,0.12,-0.005397477470999945,7,0.894602522529,0.005,0.0,108,0.5425,0.1,0.17418352252900005,7,0.924183522529,0.5495190001651125,0.5501681730025713,0.4139136868905167,0.4252441532671211,0.43164799134548637,0.4496704583847132,0.45245284037268085,0.44874694928919356
26,56,1.2047,70.0,0.5718,373.1969436,7.463938873,E04001,0.889610715,0.00798506,0.0089,1.2136,0.6329000000000001,0.6418000000000001,1.0,0.0,0.0,373.1969436,7.463938873,1.2217304763960306,0.32898992833716556,0.6710100716628343,0.49029059656570206,0.01803235796539937,0.5537676420346006,4.433234524286382,1.0148300413458373,1.0033595763361607,1.0249858608713756,1.3519411008713755,1.162730020628768,0.9500056489928392,0.9283793644576244,0.4360391588979945,8.721577127926153e-06,42790075.47901375,855801.5096949331,5.689903319560222e-05,5.6481761116300265e-05,13529.872831490378,13332.156400836799,5049307.188008887,100986.14377370762,12.967588081304969,0.2593517616608467,4975520.020389469,99510.40042112155,12.778088500521466,0.2555617700446689,"[0.878,1.302]",0.991,"[0.650,1.050]",0.8,0.002,0.0,276,0.553,0.12,-0.005397477470999945,7,0.894602522529,0.005,0.0,110,0.5525,0.1,0.17418352252900005,7,0.924183522529,0.5594138245058105,0.5601681730025713,0.4099735115589145,0.4227972397315148,0.43164799134548637,0.4496704583847132,0.45245284037268085,0.44874694928919356
26,56,1.2047,70.0,0.5949,416.191139,8.32382278,E04001,0.901028313,0.009827215,0.0089,1.2136,0.6098000000000001,0.6187000000000001,1.0,0.0,0.0,416.191139,8.32382278,1.2217304763960306,0.32898992833716556,0.6710100716628343,0.49029059656570206,0.01803235796539937,0.5768676420346006,4.433234524286382,1.0148300413458373,0.9667382993360574,0.9880940357138049,1.3420000457138048,1.1584472563366037,1.0299751385929428,1.0086194022151953,0.42885392221688384,2.3001078921705233e-05,18094418.11041553,361888.3622083106,5.6899033195602244e-05,5.6481761116300285e-05,14109.327678852258,13903.143486116049,5872177.157185748,117443.54314371495,15.080875787408953,0.301617515748179,5786365.12316707,115727.30246334139,14.860494046283007,0.2972098809256601,"[0.878,1.302]",0.991,"[0.650,1.050]",0.8,0.002,0.0,288,0.577,0.12,-0.005397477470999945,8,1.014602522529,0.005,0.0,115,0.5775,0.1,0.17418352252900005,8,1.0241835225290001,0.5831538297126855,0.5851681730025713,0.4000021825498368,0.41661517073601795,0.47476752402222344,0.5029598528360083,0.4400084533484038,0.43655701856129336
26,56,1.2047,70.0,0.6065,434.0668552,8.681337105,E04001,0.900782898,0.009514663,0.0089,1.2136,0.5982000000000001,0.6071000000000001,1.0,0.0,0.0,434.0668552,8.681337105,1.2217304763960306,0.32898992833716556,0.6710100716628343,0.49029059656570206,0.01803235796539937,0.5884676420346007,4.433234524286382,1.0148300413458373,0.9483483940026721,0.9695682706996136,1.3374105206996136,1.15646466469997,1.070132977526328,1.0489131008293864,0.42506134302026016,3.0027444584740437e-05,14455670.843884839,289113.41691099963,5.6899033195602244e-05,5.6481761116300285e-05,14424.896939039352,14214.101230103008,6261369.650912918,125227.39303268326,16.080396663258053,0.321607933302207,6169870.220445264,123397.4044231194,15.84540859859914,0.3169081720084874,"[0.878,1.302]",0.991,"[0.650,1.050]",0.8,0.002,0.0,294,0.589,0.12,-0.005397477470999945,8,1.014602522529,0.005,0.0,117,0.5875,0.1,0.17418352252900005,8,1.0241835225290001,0.5950198264270554,0.5951681730025713,0.3947301096887873,0.4141190839674314,0.47476752402222344,0.5029598528360083,0.4400084533484038,0.43655701856129336
26,56,1.2047,70.0,0.618,449.9342379,8.998684757,E04001,0.902354091,0.009290247,0.0089,1.2136,0.5867000000000001,0.5956000000000001,1.0,0.0,0.0,449.9342379,8.998684757,1.2217304763960306,0.32898992833716556,0.6710100716628343,0.49029059656570206,0.01803235796539937,0.5999676420346006,4.433234524286382,1.0148300413458373,0.9301170223359542,0.9512022105562343,1.3331262105562343,1.1546108481026125,1.109944628193046,1.0888594399727658,0.42117652691175955,3.689436424387514e-05,12195202.360064896,243904.04717419346,5.689903319560224e-05,5.648176111630028e-05,14755.346731035375,14539.722051849465,6638935.686378659,132778.71371281781,17.050058567179928,0.341001171305704,6541918.760676714,130838.37519899453,16.80090051785287,0.33601801031971656,"[0.878,1.302]",0.991,"[0.650,1.050]",0.8,0.002,0.0,299,0.599,0.12,-0.005397477470999945,9,1.134602522529,0.005,0.0,119,0.5975,0.1,0.17418352252900005,9,1.124183522529,0.6049061187448856,0.6051681730025713,0.39018331445383764,0.4116111912856086,0.5166096490576481,0.5562492472873034,0.4261667688647533,0.42375804928435784
26,56,1.2047,70.0,0.6296,464.7069615,9.29413923,E04001,0.901643476,0.009145548,0.0089,1.2136,0.5751000000000001,0.5840000000000001,1.0,0.0,0.0,464.7069615,9.29413923,1.2217304763960306,0.32898992833716556,0.6710100716628343,0.49029059656570206,0.01803235796539937,0.6115676420346007,4.433234524286382,1.0148300413458373,0.911727117002569,0.9326764455420431,1.3290726055420432,1.1528541128616592,1.1501024671264313,1.129153138586957,0.41712945159644865,4.371860401934754e-05,10629501.374159735,212590.02748319472,5.689903319560224e-05,5.648176111630028e-05,15107.572166031408,14886.80030204486,7020593.956918429,140411.8791383686,18.030230114661993,0.36060460229323993,6917999.734820548,138359.99469641098,17.766748499828445,0.35533496999656894,"[0.878,1.302]",0.991,"[0.650,1.050]",0.8,0.002,0.0,305,0.611,0.12,-0.005397477470999945,9,1.134602522529,0.005,0.0,122,0.6125,0.1,0.17418352252900005,9,1.124183522529,0.6167672251510083,0.6201681730025713,0.3845358763866529,0.40782932842858255,0.5166096490576481,0.5562492472873034,0.4261667688647533,0.42375804928435784
26,56,1.2047,70.0,0.6411,478.8056912,9.576113823,E04001,0.923130214,0.009189532,0.0089,1.2136,0.5636000000000001,0.5725000000000001,1.0,0.0,0.0,478.8056912,9.576113823,1.2217304763960306,0.32898992833716556,0.6710100716628343,0.49029059656570206,0.01803235796539937,0.6230676420346006,4.433234524286382,1.0148300413458373,0.8934957453358511,0.9143103853986638,1.3253195953986638,1.151225258322047,1.189914117793149,1.169099477730336,0.41298745335632536,5.037996590741457e-05,9503890.734660715,190077.81467336512,5.6899033195602224e-05,5.6481761116300265e-05,15476.730439665289,15250.563945801714,7410346.615680018,148206.93229812363,19.031189601622174,0.38062379199269625,7302056.811259389,146041.13620993722,18.753080640363756,0.3750616127681088,"[0.878,1.302]",0.991,"[0.650,1.050]",0.8,0.002,0.0,311,0.623,0.12,-0.005397477470999945,9,1.134602522529,0.005,0.0,124,0.6225,0.1,0.17418352252900005,9,1.124183522529,0.6286256666634102,0.6301681730025713,0.3786714276019973,0.40529611765592494,0.5166096490576481,0.5562492472873034,0.4261667688647533,0.42375804928435784
26,56,1.2047,70.0,0.6527,493.126051,9.86252102,E04001,0.924712858,0.009044341,0.0089,1.2136,0.5520000000000002,0.5609000000000002,1.0,0.0,0.0,493.126051,9.86252102,1.2217304763960306,0.32898992833716556,0.6710100716628343,0.49029059656570206,0.01803235796539937,0.6346676420346006,4.433234524286382,1.0148300413458373,0.8751058400024659,0.8957846203844726,1.3218019103844725,1.1496964427119327,1.2300719567265341,1.2093931763445274,0.40867602176824314,5.699182847122277e-05,8652574.662506172,173051.49325012346,5.689903319560224e-05,5.648176111630028e-05,15870.592171232553,15638.670047829335,7826202.444431425,156524.04888862852,20.099187029321644,0.40198374058643294,7711835.603578062,154236.71207156123,19.805471074414292,0.3961094214882859,"[0.878,1.302]",0.991,"[0.650,1.050]",0.8,0.002,0.0,317,0.635,0.12,-0.005397477470999945,10,1.254602522529,0.005,0.0,126,0.6325000000000001,0.1,0.17418352252900005,10,1.224183522529,0.6404814450774765,0.6401681730025713,0.37258059370594104,0.40275441321280964,0.5572815869439202,0.6095386417385985,0.41083301844767395,0.4105116646998041
26,56,1.2047,70.0,0.6642,508.0185357,10.16037071,E04001,0.93106839,0.009054788,0.0089,1.2136,0.5405000000000001,0.5494000000000001,1.0,0.0,0.0,508.0185357,10.16037071,1.2217304763960306,0.32898992833716556,0.6710100716628343,0.49029059656570206,0.01803235796539937,0.6461676420346006,4.433234524286382,1.0148300413458373,0.8568744683357478,0.8774185602410932,1.3185802002410933,1.1482944745321617,1.2698836073932522,1.249339515487907,0.4042670408482687,6.343785339501088e-05,8008129.350416411,160162.5869452744,5.6899033195602244e-05,5.6481761116300285e-05,16283.817624288198,16045.856902987505,8272481.185096743,165449.6236367996,21.24531632249175,0.4249063262825552,8151592.727907449,163031.85449396557,20.93485160758234,0.41869703198681146,"[0.878,1.302]",0.991,"[0.650,1.050]",0.8,0.002,0.0,323,0.647,0.12,-0.005397477470999945,10,1.254602522529,0.005,0.0,129,0.6475,0.1,0.17418352252900005,10,1.224183522529,0.6523345621865886,0.6551681730025712,0.36625338694906673,0.398927909733488,0.5572815869439202,0.6095386417385985,0.41083301844767395,0.4105116646998041
26,56,1.2047,70.0,0.6873,541.509161,10.83018322,E04001,1.010139882,0.010193733,0.0089,1.2136,0.5174000000000001,0.5263000000000001,1.0,0.0,0.0,541.509161,10.83018322,1.2217304763960306,0.32898992833716556,0.6710100716628343,0.49029059656570206,0.01803235796539937,0.6692676420346007,4.433234524286382,1.0148300413458373,0.8202531913356447,0.8405267350835228,1.3129080250835228,1.1458219866469324,1.3498530969933555,1.3295795532454775,0.3949955695316858,7.604963839312542e-05,7120469.898893696,142409.39797787394,5.689903319560224e-05,5.648176111630028e-05,17188.825171200435,16937.639280371644,9307906.297032427,186158.12594064858,23.904486351304307,0.47808972702608626,9171886.836034693,183437.73672069385,23.555162320188014,0.4711032464037602,"[0.878,1.302]",0.991,"[0.650,1.050]",0.8,0.002,0.0,334,0.669,0.12,-0.005397477470999945,11,1.374602522529,0.005,0.0,133,0.6675,0.1,0.17418352252900005,11,1.3241835225290002,0.6740583708298757,0.6751681730025713,0.35400375775494053,0.3938044879855914,0.5968763486071639,0.6628280361898936,0.393887143285385,0.396968257760412
26,56,1.2047,70.0,0.6989,560.4151935,11.20830387,E04001,1.05100648,0.009385898,0.0089,1.2136,0.5058000000000001,0.5147000000000002,1.0,0.0,0.0,560.4151935,11.20830387,1.2217304763960306,0.32898992833716556,0.6710100716628343,0.49029059656570206,0.01803235796539937,0.6808676420346006,4.433234524286382,1.0148300413458373,0.8018632860022595,0.8220009700693316,1.3104621800693317,1.1447542007214175,1.3900109359267403,1.3698732518596684,0.39012572768637355,8.220928983333707e-05,6816932.668268148,136338.65336536296,5.689903319560224e-05,5.648176111630028e-05,17684.68558146759,17426.253521244493,9910766.49212482,198215.3298424964,25.452746813479923,0.5090549362695985,9765937.23908829,195318.74478176577,25.080797548843996,0.5016159509768798,"[0.878,1.302]",0.991,"[0.650,1.050]",0.8,0.002,0.0,340,0.681,0.12,-0.005397477470999945,11,1.374602522529,0.005,0.0,136,0.6825,0.1,0.17418352252900005,11,1.3241835225290002,0.6859039572964534,0.6901681730025713,0.34694657637980647,0.38994958364631294,0.5968763486071639,0.6628280361898936,0.393887143285385,0.396968257760412
26,56,1.2047,70.0,0.7105,580.6583573,11.61316715,E04001,1.047087314,0.009110349,0.0089,1.2136,0.4942000000000001,0.5031000000000001,1.0,0.0,0.0,580.6583573,11.61316715,1.2217304763960306,0.32898992833716556,0.6710100716628343,0.49029059656570206,0.01803235796539937,0.6924676420346007,4.433234524286382,1.0148300413458373,0.7834733806688743,0.8034752050551401,1.3082854550551402,1.1438030665526038,1.4301687748601257,1.4101669504738599,0.3851094769449557,8.825033307732605e-05,6579673.266402518,131593.46537337598,5.689903319560223e-05,5.648176111630028e-05,18210.95418587559,17944.83159143059,10574342.74243608,211486.85492156542,27.156937735951125,0.5431387549060994,10419816.43390523,208396.32874988395,26.7600845752816,0.535201691689975,"[0.878,1.302]",0.991,"[0.650,1.050]",0.8,0.002,0.0,346,0.6930000000000001,0.12,-0.005397477470999945,11,1.374602522529,0.005,0.0,138,0.6925,0.1,0.17418352252900005,12,1.424183522529,0.6977468893141108,0.7001681730025713,0.3396081097632724,0.38737531508878004,0.5968763486071639,0.7161174306411887,0.393887143285385,0.38326461723284055
26,56,1.2047,70.0,0.722,601.7220919,12.03444184,E04001,1.060290138,0.00900748,0.0089,1.2136,0.48270000000000013,0.49160000000000015,1.0,0.0,0.0,601.7220919,12.03444184,1.2217304763960306,0.32898992833716556,0.6710100716628343,0.49029059656570206,0.01803235796539937,0.7039676420346006,4.433234524286382,1.0148300413458373,0.7652420090021563,0.7851091449117611,1.3063931449117612,1.1429755661919292,1.4699804255268434,1.4501132896172386,0.3799895172928285,9.412047131499571e-05,6393105.383909513,127862.10769943963,5.689903319560225e-05,5.64817611163003e-05,18764.964941840713,18490.7464080933,11291293.959234556,225825.87922222103,28.998205796629207,0.5799641160289681,11126290.609470312,222525.8122263877,28.574445587137582,0.5714889118377271,"[0.878,1.302]",0.991,"[0.650,1.050]",0.8,0.002,0.0,351,0.7030000000000001,0.12,-0.005397477470999945,12,1.494602522529,0.005,0.0,140,0.7025,0.1,0.17418352252900005,12,1.424183522529,0.7076139729116804,0.7101681730025713,0.3332679698090422,0.384798509849155,0.6354752398811444,0.7161174306411887,0.3751809086277643,0.38326461723284055
26,56,1.2047,70.0,0.7336,623.5652644,12.47130529,E04001,1.068051795,0.008836284,0.0089,1.2136,0.4711000000000001,0.4800000000000001,1.0,0.0,0.0,623.5652644,12.47130529,1.2217304763960306,0.32898992833716556,0.6710100716628343,0.49029059656570206,0.01803235796539937,0.7155676420346007,4.433234524286382,1.0148300413458373,0.7468521036687712,0.7665833798975697,1.3047523398975698,1.1422575628541796,1.510138264460229,1.4904069882314306,0.3746743693947538,9.992016710291109e-05,6240634.723496504,124812.69448994605,5.6899033195602224e-05,5.6481761116300265e-05,19358.860181630513,19075.96286365091,12071512.767641064,241430.255391539,31.001957151811045,0.6200391431356553,11895107.826757062,237902.15657329315,30.54891547228654,0.6109783095437122,"[0.878,1.302]",0.991,"[0.650,1.050]",0.8,0.002,0.0,357,0.715,0.12,-0.005397477470999945,12,1.494602522529,0.005,0.0,143,0.7175,0.1,0.17418352252900005,13,1.5241835225290001,0.719452043070838,0.7251681730025713,0.3253774377963579,0.3809302348586855,0.6354752398811444,0.7694068250924838,0.3751809086277643,0.3695224978423214
26,56,1.2047,70.0,0.7451,645.3479664,12.90695933,E04001,1.066091529,0.008584516,0.0089,1.2136,0.4596000000000001,0.46850000000000014,1.0,0.0,0.0,645.3479664,12.90695933,1.2217304763960306,0.32898992833716556,0.6710100716628343,0.49029059656570206,0.01803235796539937,0.7270676420346006,4.433234524286382,1.0148300413458373,0.7286207320020532,0.7482173197541905,1.3033913297541906,1.1416616529226995,1.5499499151269471,1.5303533273748098,0.3692532847395527,0.00010554795654109417,6114263.0094286995,122285.2602075227,5.6899033195602224e-05,5.6481761116300265e-05,19985.12810488535,19693.07893012476,12897361.780731246,257947.23565459516,33.122895613336645,0.6624579123693841,12708888.439710703,254177.7688336002,32.638859970493236,0.6527771995110159,"[0.878,1.302]",0.991,"[0.650,1.050]",0.8,0.002,0.0,363,0.727,0.12,-0.005397477470999945,12,1.494602522529,0.005,0.0,145,0.7275,0.1,0.17418352252900005,13,1.5241835225290001,0.7312874638296663,0.7351681730025713,0.31716410393243477,0.3783504342070373,0.6354752398811444,0.7694068250924838,0.3751809086277643,0.3695224978423214
26,56,1.2047,70.0,0.7567,666.9734213,13.33946843,E04001,1.110988799,0.009610578,0.0089,1.2136,0.44800000000000006,0.4569000000000001,1.0,0.0,0.0,666.9734213,13.33946843,1.2217304763960306,0.32898992833716556,0.6710100716628343,0.49029059656570206,0.01803235796539937,0.7386676420346007,4.433234524286382,1.0148300413458373,0.7102308266686679,0.7296915547399991,1.302286444739999,1.1411776569579335,1.5901077540603321,1.5706470259890009,0.3636295908363205,0.00011110037255634735,6003340.996554513,120066.81996709375,5.6899033195602244e-05,5.6481761116300285e-05,20657.703774590715,20355.826032894223,13778139.362740694,275562.78733744466,35.384901161715696,0.7076980234465255,13576794.932547068,271535.89873236464,34.86781009634805,0.6973562021360716,"[0.878,1.302]",0.991,"[0.650,1.050]",0.8,0.002,0.0,369,0.739,0.12,-0.005397477470999945,13,1.614602522529,0.005,0.0,147,0.7375,0.1,0.17418352252900005,13,1.5241835225290001,0.743120236966206,0.7451681730025713,0.30861123290852366,0.37577072263686845,0.6731498254958411,0.7694068250924838,0.35453373105878544,0.3695224978423214
26,56,2.095,44.975,1.3403,557.2491035,11.14498207,E04001,1.329746419,0.023328885,0.0089,2.1039000000000003,0.7547000000000001,0.7636000000000002,1.0,0.0,0.0,557.2491035,11.14498207,0.7849618310844497,0.14629237629872266,0.8537076237012774,0.1713612157572956,0.024332016210993235,1.3159679837890068,4.433234524286382,1.0085144673361395,0.9252094565703736,0.9400970699435698,2.73650115994357,1.6542373348294284,2.4702813697586263,2.4553937563854302,0.5005955243083884,0.0002409562234517209,2312657.027560249,46253.140551204975,0.0001210588629976177,0.00012054675506440849,35336.08080012335,35037.752996701216,19690999.347072303,393819.98694144597,50.57025824225399,1.0114051648450795,19524756.446066193,390495.1289213238,50.14331462773041,1.0028662925546081,"[1.302,1.770]",1.619,"[0.650,1.050]",0.8,0.002,0.0,657,1.315,0.12,-1.6444774774709998,34,2.495522522529,0.005,0.0,263,1.3175000000000001,0.1,0.17418352252900005,22,2.424183522529,1.3233385260800716,1.3251681730025715,0.49197108557069197,0.4773204867330294,1.3237357361743323,1.2490113751541396,0.4916688223174922,0.49725421825808674
26,56,2.095,44.975,1.3532,568.6398799,11.3727976,E04001,1.357625498,0.02180642,0.0089,2.1039000000000003,0.7418000000000002,0.7507000000000003,1.0,0.0,0.0,568.6398799,11.3727976,0.7849618310844497,0.14629237629872266,0.8537076237012774,0.1713612157572956,0.024332016210993235,1.3288679837890067,4.433234524286382,1.0085144673361395,0.9093949581077293,0.924215388170034,2.755365628170034,1.6599294045741928,2.5103033116212705,2.495482881558966,0.49461873738079026,0.00024416708580455486,2328896.5342166205,46577.93069252352,0.00012105886299761771,0.00012054675506440852,36624.20354432518,36315.00065741573,20825982.704878226,416519.6541708129,53.48511291738961,1.069702258535908,20650157.612401303,413003.15232065605,53.03356039964763,1.0606712081794802,"[1.302,1.770]",1.619,"[0.650,1.050]",0.8,0.002,0.0,664,1.329,0.12,-1.6444774774709998,34,2.495522522529,0.005,0.0,265,1.3275000000000001,0.1,0.17418352252900005,23,2.5241835225290004,1.3369904055013961,1.3351681730025715,0.48131785610788996,0.47473791091362677,1.3237357361743323,1.302300769605435,0.4916688223174922,0.48325788264694275
26,56,2.095,44.975,1.3661,579.9869476,11.59973895,E04001,1.379341386,0.021897044,0.0089,2.1039000000000003,0.7289000000000001,0.7378000000000001,1.0,0.0,0.0,579.9869476,11.59973895,0.7849618310844497,0.14629237629872266,0.8537076237012774,0.1713612157572956,0.024332016210993235,1.3417679837890069,4.433234524286382,1.0085144673361395,0.8935804596450845,0.9083337063964979,2.774562916396498,1.6657019290366744,2.5503252534839156,2.5355720067325023,0.48855143136806956,0.0002472591215352269,2345664.515828062,46913.29030847256,0.00012105886299761772,0.00012054675506440852,37974.68029507956,37654.07589579232,22024818.91042906,440496.3781326319,56.56395393689751,1.1312790785428979,21838872.54349932,436777.4507946783,56.08640804757504,1.1217281607580951,"[1.302,1.770]",1.619,"[0.650,1.050]",0.8,0.002,0.0,670,1.341,0.12,-1.6444774774709998,34,2.495522522529,0.005,0.0,268,1.3425,0.1,0.17418352252900005,23,2.5241835225290004,1.3486892443948477,1.3501681730025714,0.4717345750549823,0.4708804012592913,1.3237357361743323,1.302300769605435,0.4916688223174922,0.48325788264694275
26,56,2.095,44.975,1.379,591.2692698,11.8253854,E04001,1.361477826,0.021648343,0.0089,2.1039000000000003,0.7160000000000002,0.7249000000000002,1.0,0.0,0.0,591.2692698,11.8253854,0.7849618310844497,0.14629237629872266,0.8537076237012774,0.1713612157572956,0.024332016210993235,1.3546679837890068,4.433234524286382,1.0085144673361395,0.8777659611824402,0.892452024622962,2.794093024622962,1.671554074693057,2.5903471953465598,2.5756611319060383,0.4823933630776829,0.00025023476947078,2362858.1713503352,47257.163442991696,0.00012105886299761767,0.00012054675506440847,39391.165423806015,39058.60223091562,23290785.616704788,465815.71249166044,59.81519894148271,1.1963039792343104,23094151.220482126,461883.024565877,59.31020414558535,1.1862040833129472,"[1.302,1.770]",1.619,"[0.650,1.050]",0.8,0.002,0.0,677,1.355,0.12,-1.6444774774709998,35,2.615522522529,0.005,0.0,270,1.3525,0.1,0.17418352252900005,24,2.624183522529,1.3623346580810676,1.3601681730025714,0.45998722123682684,0.46831987674512837,1.3501071088387828,1.3555901640567298,0.4705431922647555,0.4694909663685173
26,56,2.095,44.975,1.3919,602.4175977,12.04835195,E04001,1.382761731,0.021745713,0.0089,2.1039000000000003,0.7031000000000003,0.7120000000000003,1.0,0.0,0.0,602.4175977,12.04835195,0.7849618310844497,0.14629237629872266,0.8537076237012774,0.1713612157572956,0.024332016210993235,1.3675679837890067,4.433234524286382,1.0085144673361395,0.8619514627197957,0.8765703428494261,2.813955952849426,1.6774850082338817,2.6303691372092044,2.615750257079574,0.476144318173066,0.00025309648390341513,2380189.5166978706,47603.79031815316,0.0001210588629976177,0.00012054675506440849,40877.58143784686,40532.46905403321,24625374.409573816,492507.488027966,63.24267860937673,1.2648535717676088,24417472.636380278,488349.4525654757,62.70874703109028,1.2541749402054252,"[1.302,1.770]",1.619,"[0.650,1.050]",0.8,0.002,0.0,683,1.367,0.12,-1.6444774774709998,35,2.615522522529,0.005,0.0,273,1.3675,0.1,0.17418352252900005,24,2.624183522529,1.3740279588517197,1.3751681730025713,0.4493966986843483,0.46449621637237304,1.3501071088387828,1.3555901640567298,0.4705431922647555,0.4694909663685173
26,56,2.095,44.975,1.4048,613.4368533,12.26873707,E04001,1.366073778,0.021355091,0.0089,2.1039000000000003,0.6902000000000001,0.6991000000000002,1.0,0.0,0.0,613.4368533,12.26873707,0.7849618310844497,0.14629237629872266,0.8537076237012774,0.1713612157572956,0.024332016210993235,1.3804679837890068,4.433234524286382,1.0085144673361395,0.8461369642571511,0.86068866107589,2.83415170107589,1.6834938969523738,2.670391079071849,2.65583938225311,0.4698041120307039,0.00025584673117551613,2397673.2103689443,47953.464223013245,0.00012105886299761771,0.00012054675506440852,42438.143591048014,42079.85603135955,26033121.264386058,520662.4254574737,66.85804219416912,1.3371608443193395,25813334.47119423,516266.689592204,66.29358760788627,1.325871752590002,"[1.302,1.770]",1.619,"[0.650,1.050]",0.8,0.002,0.0,690,1.381,0.12,-1.6444774774709998,35,2.615522522529,0.005,0.0,276,1.3825,0.1,0.17418352252900005,24,2.624183522529,1.3876669159809367,1.3901681730025715,0.43638475505900376,0.4606935686479847,1.3501071088387828,1.3555901640567298,0.4705431922647555,0.4694909663685173
26,56,2.095,44.975,1.4177,624.2581771,12.48516354,E04001,1.376033237,0.021465478,0.0089,2.1039000000000003,0.6773000000000002,0.6862000000000003,1.0,0.0,0.0,624.2581771,12.48516354,0.7849618310844497,0.14629237629872266,0.8537076237012774,0.1713612157572956,0.024332016210993235,1.3933679837890067,4.433234524286382,1.0085144673361395,0.8303224657945066,0.8448069793023543,2.854680269302354,1.6895799091201202,2.710413020934493,2.695928507426646,0.46337259059507185,0.00025848798638497593,2415037.487159147,48300.749735445635,0.0001210588629976177,0.00012054675506440849,44077.38726328528,43705.26025244834,27515669.424309228,550313.3883980297,70.66550985908681,1.4133101969553377,27283366.094874486,545667.3218100792,70.06891041012096,1.401378207977932,"[1.302,1.770]",1.619,"[0.650,1.050]",0.8,0.002,0.0,696,1.393,0.12,-1.6444774774709998,36,2.735522522529,0.005,0.0,278,1.3925,0.1,0.17418352252900005,25,2.7241835225290005,1.399354686486447,1.4001681730025715,0.4246257953652903,0.45817038845797,1.376178019686742,1.4088795585080252,0.44739391420717195,0.45598024812501436
26,56,2.095,44.975,1.4305,634.7801072,12.69560214,E04001,1.345347767,0.021267207,0.0089,2.1039000000000003,0.6645000000000001,0.6734000000000001,1.0,0.0,0.0,634.7801072,12.69560214,0.7849618310844497,0.14629237629872266,0.8537076237012774,0.1713612157572956,0.024332016210993235,1.4061679837890069,4.433234524286382,1.0085144673361395,0.8146305603432004,0.829048411341016,2.8753786613410166,1.6956941532425642,2.7501247151858,2.7357068641879843,0.4569005487218162,0.00026100348432892315,2432075.2224136367,48641.50443294727,0.00012105886299761767,0.00012054675506440847,45786.50876030639,45399.95234896881,29064364.939181026,581287.2986004745,74.64285660240138,1.4928571315776735,28818986.61895331,576379.7321974664,74.01267807249295,1.4802535609834757,"[1.302,1.770]",1.619,"[0.650,1.050]",0.8,0.002,0.0,703,1.407,0.12,-1.6444774774709998,36,2.735522522529,0.005,0.0,281,1.4075,0.1,0.17418352252900005,25,2.7241835225290005,1.4129871962150915,1.4151681730025714,0.4101412073134817,0.4544038439526774,1.376178019686742,1.4088795585080252,0.44739391420717195,0.45598024812501436
26,56,2.095,44.975,1.4434,645.1542663,12.90308533,E04001,1.404315289,0.021700236,0.0089,2.1039000000000003,0.6516000000000002,0.6605000000000002,1.0,0.0,0.0,645.1542663,12.90308533,0.7849618310844497,0.14629237629872266,0.8537076237012774,0.1713612157572956,0.024332016210993235,1.4190679837890068,4.433234524286382,1.0085144673361395,0.7988160618805559,0.8131667295674802,2.8965702895674803,1.7019313410262706,2.7901466570484446,2.7757959893615203,0.45028677084372604,0.0002634349968608553,2449007.4363231487,48980.14874164698,0.00012105886299761768,0.00012054675506440849,47597.44828897059,47195.6028699252,30707696.82862301,614153.93676285,78.86324768372903,1.577264954163538,30448444.542132765,608968.8910314377,78.19743815082404,1.56394876350131,"[1.302,1.770]",1.619,"[0.650,1.050]",0.8,0.002,0.0,709,1.419,0.12,-1.6444774774709998,36,2.735522522529,0.005,0.0,283,1.4175,0.1,0.17418352252900005,26,2.824183522529,1.4246694442945298,1.4251681730025714,0.39701607059343086,0.4519051583762187,1.376178019686742,1.46216895295932,0.44739391420717195,0.442747915331195
26,56,2.095,44.975,1.4563,655.30554,13.1061108,E04001,1.391717213,0.021516681,0.0089,2.1039000000000003,0.6387000000000003,0.6476000000000003,1.0,0.0,0.0,655.30554,13.1061108,0.7849618310844497,0.14629237629872266,0.8537076237012774,0.1713612157572956,0.024332016210993235,1.4319679837890067,4.433234524286382,1.0085144673361395,0.7830015634179115,0.7972850477939443,2.918094737793944,1.7082431729100938,2.8301685989110883,2.8158851145350554,0.4435814077200702,0.0002657649448190607,2465733.5467856685,49314.670935713366,0.0001210588629976177,0.00012054675506440849,49502.87390638404,49084.94177296185,32439507.5167749,648790.150335498,83.31086926874309,1.6662173853748619,32165634.27439932,643312.6854879864,82.60751032040024,1.652150206408005,"[1.302,1.770]",1.619,"[0.650,1.050]",0.8,0.002,0.0,715,1.431,0.12,-1.6444774774709998,37,2.855522522529,0.005,0.0,286,1.4325,0.1,0.17418352252900005,26,2.824183522529,1.4363491462007758,1.4401681730025715,0.38318105501898336,0.44817596186641373,1.401958510455536,1.46216895295932,0.4219251252344036,0.442747915331195
26,56,2.095,44.975,1.4692,665.1688243,13.30337649,E04001,1.404154804,0.021498302,0.0089,2.1039000000000003,0.6258000000000001,0.6347000000000002,1.0,0.0,0.0,665.1688243,13.30337649,0.7849618310844497,0.14629237629872266,0.8537076237012774,0.1713612157572956,0.024332016210993235,1.4448679837890068,4.433234524286382,1.0085144673361395,0.7671870649552668,0.7814033660204082,2.9399520060204085,1.71462882456245,2.8701905407737334,2.855974239708592,0.43678443576482456,0.00026799580788390706,2482012.0491890083,49640.240998705776,0.0001210588629976177,0.00012054675506440849,51508.9411718538,51074.07264856399,34262141.840219855,685242.837010433,87.99174334695545,1.7598348674682485,33972880.855858095,679457.6173214582,87.24886572958567,1.7449773151163854,"[1.302,1.770]",1.619,"[0.650,1.050]",0.8,0.002,0.0,722,1.445,0.12,-1.6444774774709998,37,2.855522522529,0.005,0.0,288,1.4425000000000001,0.1,0.17418352252900005,26,2.824183522529,1.4499722492313722,1.4501681730025715,0.3660656779368597,0.44570256038982614,1.401958510455536,1.46216895295932,0.4219251252344036,0.442747915331195
26,56,2.095,44.975,1.4821,674.7440864,13.49488173,E04001,1.387192595,0.02119322,0.0089,2.1039000000000003,0.6129000000000002,0.6218000000000002,1.0,0.0,0.0,674.7440864,13.49488173,0.7849618310844497,0.14629237629872266,0.8537076237012774,0.1713612157572956,0.024332016210993235,1.4577679837890067,4.433234524286382,1.0085144673361395,0.7513725664926223,0.7655216842468724,2.9621420942468726,1.7210874743158386,2.9102124826363776,2.896063364882128,0.4298958661527969,0.000270130059901816,2497848.949669833,49956.97900080049,0.00012105886299761774,0.00012054675506440855,53622.31906729234,53169.608175209185,36181342.68970947,723626.853901434,92.92061876189844,1.8584123755133932,35875878.69242749,717517.5739548891,92.13612870357352,1.8427225743445697,"[1.302,1.770]",1.619,"[0.650,1.050]",0.8,0.002,0.0,728,1.457,0.12,-1.6444774774709998,37,2.855522522529,0.005,0.0,291,1.4575,0.1,0.17418352252900005,27,2.924183522529,1.4616464401354108,1.4651681730025714,0.35048602322931766,0.44201183699057683,1.401958510455536,1.5154583474106151,0.4219251252344036,0.4298119547949226
26,56,2.095,44.975,1.495,684.1546376,13.68309275,E04001,1.388574962,0.021194039,0.0089,2.1039000000000003,0.6000000000000001,0.6089000000000001,1.0,0.0,0.0,684.1546376,13.68309275,0.7849618310844497,0.14629237629872266,0.8537076237012774,0.1713612157572956,0.024332016210993235,1.4706679837890069,4.433234524286382,1.0085144673361395,0.7355580680299777,0.7496400024733363,2.9846650024733368,1.7276183034667516,2.9502344244990226,2.9361524900556644,0.4229157456351699,0.0002721701663402922,2513701.8020726303,50274.03603410426,0.0001210588629976177,0.00012054675506440849,55850.244180103226,55378.72384480951,38210203.56691003,764204.0712265001,98.13112213398315,1.9626224423927947,37887610.74279613,757752.2147451651,97.30264196723309,1.9460528390602152,"[1.302,1.770]",1.619,"[0.650,1.050]",0.8,0.002,0.0,735,1.471,0.12,-1.6444774774709998,38,2.9755225225290003,0.005,0.0,294,1.4725,0.1,0.17418352252900005,27,2.924183522529,1.4752631182123466,1.4801681730025713,0.3311465340917116,0.4383446897424293,1.4274580756992221,1.5154583474106151,0.3937796865777972,0.4298119547949226
26,56,2.095,44.975,1.5079,693.1217734,13.86243547,E04001,1.366282285,0.020919845,0.0089,2.1039000000000003,0.5871000000000002,0.5960000000000002,1.0,0.0,0.0,693.1217734,13.86243547,0.7849618310844497,0.14629237629872266,0.8537076237012774,0.1713612157572956,0.024332016210993235,1.4835679837890068,4.433234524286382,1.0085144673361395,0.7197435695673332,0.7337583206998005,3.0075207306998006,1.7342204965631678,2.9902563663616673,2.9762416152292,0.4158441573436596,0.0002741185818686815,2528547.202728654,50570.94406186918,0.00012105886299761775,0.00012054675506440857,58200.58191424914,57709.21865699998,40340090.54931633,806801.8111027277,103.60107989634102,2.0720215982257604,39999515.9770682,799990.3196567823,102.72641915587973,2.0545283834140107,"[1.302,1.770]",1.619,"[0.650,1.050]",0.8,0.002,0.0,741,1.483,0.12,-1.6444774774709998,38,2.9755225225290003,0.005,0.0,296,1.4825,0.1,0.17418352252900005,28,3.0241835225290004,1.4869318059078438,1.4901681730025713,0.3134786537498431,0.43591319164322634,1.4274580756992221,1.5687477418619105,0.3937796865777972,0.41718654444890235
26,56,2.095,44.975,1.5208,701.9112606,14.03822521,E04001,1.376242346,0.018805796,0.0089,2.1039000000000003,0.5742000000000003,0.5831000000000003,1.0,0.0,0.0,701.9112606,14.03822521,0.7849618310844497,0.14629237629872266,0.8537076237012774,0.1713612157572956,0.024332016210993235,1.4964679837890067,4.433234524286382,1.0085144673361395,0.7039290711046889,0.7178766389262647,3.0307092789262646,1.7408932416797605,3.030278308224311,3.016330740402735,0.40868122158181247,0.0002759777480637889,2543361.7946536825,50867.23588582669,0.00012105886299761768,0.00012054675506440849,60681.8958179219,60169.58386150402,42593305.98915543,851866.1196617448,109.38776876162903,2.1877553749208953,42233708.458005704,844674.1690397749,108.46425341875629,2.169285068066072,"[1.302,1.770]",1.619,"[0.650,1.050]",0.8,0.002,0.0,748,1.497,0.12,-1.6444774774709998,38,2.9755225225290003,0.005,0.0,299,1.4975,0.1,0.17418352252900005,28,3.0241835225290004,1.500542068112999,1.5051681730025714,0.29146198637952236,0.4322860821677415,1.4274580756992221,1.5687477418619105,0.3937796865777972,0.41718654444890235
26,56,2.095,44.975,1.5337,710.4803655,14.20960731,E04001,1.407498431,0.020408727,0.0089,2.1039000000000003,0.5613000000000001,0.5702000000000002,1.0,0.0,0.0,710.4803655,14.20960731,0.7849618310844497,0.14629237629872266,0.8537076237012774,0.1713612157572956,0.024332016210993235,1.5093679837890068,4.433234524286382,1.0085144673361395,0.6881145726420442,0.7019949571527286,3.0542306471527287,1.7476357306809474,3.070300250086956,3.0564198655762715,0.40142709660194204,0.00027775009123916656,2557984.2740293313,51159.68548058663,0.0001210588629976177,0.00012054675506440849,63303.5263132412,62769.081023150095,44975912.51247047,899518.2502494096,115.50675871485531,2.310135174297107,44596199.62742679,891923.9925485359,114.53158328997647,2.29063166579953,"[1.302,1.770]",1.619,"[0.650,1.050]",0.8,0.002,0.0,754,1.5090000000000001,0.12,-1.6444774774709998,39,3.0955225225290004,0.005,0.0,301,1.5075,0.1,0.17418352252900005,28,3.0241835225290004,1.5122052603752394,1.5151681730025715,0.27126547216467795,0.4298815647545172,1.4526857036435823,1.5687477418619105,0.36252251372440303,0.41718654444890235
26,56,2.095,44.975,1.5466,718.6939934,14.37387987,E04001,1.433155153,0.021706039,0.0089,2.1039000000000003,0.5484000000000002,0.5573000000000002,1.0,0.0,0.0,718.6939934,14.37387987,0.7849618310844497,0.14629237629872266,0.8537076237012774,0.1713612157572956,0.024332016210993235,1.5222679837890067,4.433234524286382,1.0085144673361395,0.6723000741793999,0.6861132753791928,3.078084835379193,1.7544471594719497,3.1103221919496002,3.0965089907498076,0.39408197936616884,0.0002794380203965684,2571926.298289886,51438.52597295495,0.00012105886299761768,0.00012054675506440849,66075.68035146067,65517.830920156295,47488194.57841318,949763.891700415,121.95878030161118,2.439175606371614,47087271.542913124,941745.4309892982,120.92913314743967,2.418582663285318,"[1.302,1.770]",1.619,"[0.650,1.050]",0.8,0.002,0.0,761,1.5230000000000001,0.12,-1.6444774774709998,39,3.0955225225290004,0.005,0.0,304,1.5225,0.1,0.17418352252900005,29,3.124183522529,1.5258091157691283,1.5301681730025714,0.2459862193038763,0.42629533205306497,1.4526857036435823,1.6220371363132053,0.36252251372440303,0.404882437834308
26,56,2.095,44.975,1.5595,726.6857688,14.53371538,E04001,1.403632827,0.021467326,0.0089,2.1039000000000003,0.5355000000000001,0.5444000000000001,1.0,0.0,0.0,726.6857688,14.53371538,0.7849618310844497,0.14629237629872266,0.8537076237012774,0.1713612157572956,0.024332016210993235,1.5351679837890069,4.433234524286382,1.0085144673361395,0.6564855757167551,0.6702315936056567,3.1022718436056573,1.7613267282380227,3.1503441338122453,3.136598115923344,0.3866461062900017,0.00028104392529779804,2585666.165991646,51713.32333406557,0.0001210588629976177,0.00012054675506440849,69009.53380597934,68426.91507268022,50148246.12832769,1002964.9228425919,128.79030222926212,2.5758060452941614,49724865.38620293,994497.3079977663,127.70297938258143,2.5540595883545625,"[1.302,1.770]",1.619,"[0.650,1.050]",0.8,0.002,0.0,767,1.5350000000000001,0.12,-1.6444774774709998,39,3.0955225225290004,0.005,0.0,307,1.5375,0.1,0.17418352252900005,29,3.124183522529,1.5374668203551352,1.5451681730025715,0.22268717795408013,0.422733986085906,1.4526857036435823,1.6220371363132053,0.36252251372440303,0.404882437834308
26,56,2.095,44.975,1.5724,734.495305,14.6899061,E04001,1.402323464,0.021239074,0.0089,2.1039000000000003,0.5226000000000002,0.5315000000000002,1.0,0.0,0.0,734.495305,14.6899061,0.7849618310844497,0.14629237629872266,0.8537076237012774,0.1713612157572956,0.024332016210993235,1.5480679837890068,4.433234524286382,1.0085144673361395,0.6406710772541108,0.6543499118321208,3.126791671832121,1.7682736416720464,3.190366075674889,3.176687241096879,0.37911975396687836,0.000282570174654918,2599337.6898215977,51986.753796431956,0.00012105886299761767,0.00012054675506440847,72117.34876736437,71508.49204756875,52969854.07867667,1059397.0815735334,136.03673194024378,2.7207346388048754,52522651.67656909,1050453.0335313817,134.88823050755752,2.6977646101511503,"[1.302,1.770]",1.619,"[0.650,1.050]",0.8,0.002,0.0,774,1.549,0.12,-1.6444774774709998,40,3.2155225225289996,0.005,0.0,309,1.5475,0.1,0.17418352252900005,30,3.2241835225290005,1.5510642779769412,1.5551681730025715,0.1933754982658065,0.4203737031840014,1.477649913200874,1.6753265307645007,0.32761814465744604,0.3929073349725831
26,56,2.095,44.975,1.5852,741.9768585,14.83953717,E04001,1.401660966,0.02115969,0.0089,2.1039000000000003,0.5098000000000003,0.5187000000000003,1.0,0.0,0.0,741.9768585,14.83953717,0.7849618310844497,0.14629237629872266,0.8537076237012774,0.1713612157572956,0.024332016210993235,1.5608679837890067,4.433234524286382,1.0085144673361395,0.6249791718028046,0.6385913438707829,3.151450383870783,1.7752324872733662,3.2300777699261953,3.216465597858217,0.3715626284821929,0.00028400817372614917,2612519.381978917,52250.38763957833,0.00012105886299761771,0.00012054675506440852,75386.30579006945,74749.85062851169,55934894.344036095,1118697.886880722,143.6515233114192,2.8730304662283843,55462659.34268736,1109253.186853747,142.43873336874992,2.8487746673749985,"[1.770,2.067]",1.921,"[0.438,0.650]",0.5,0.002,0.0,780,1.561,0.12,-2.7135574774710003,49,3.226442522528999,0.005,0.0,312,1.5625,0.1,0.4741835225290001,27,3.224183522529,1.5726648838463149,1.567292608126607,0.49037709825449605,0.33041975934169815,1.691685844265248,1.5154583474106151,0.3957827832268592,0.34282681321762815
26,56,2.095,44.975,1.5981,749.3226941,14.98645388,E04001,1.414610832,0.019350809,0.0089,2.1039000000000003,0.4969000000000001,0.5058000000000001,1.0,0.0,0.0,749.3226941,14.98645388,0.7849618310844497,0.14629237629872266,0.8537076237012774,0.1713612157572956,0.024332016210993235,1.5737679837890068,4.433234524286382,1.0085144673361395,0.6091646733401599,0.6227096620972468,3.176633272097247,1.7823112163977557,3.2700997117888404,3.2565547230317535,0.3638570063113126,0.0002853826980153751,2625676.676655534,52513.53352610255,0.00012105886299761771,0.00012054675506440852,78882.24024054104,78216.27036139429,59108252.77368565,1182165.0553159483,151.80131563297914,3.036026312254413,58609226.42965395,1172184.5284366463,150.51972039027132,3.0103944074036773,"[1.770,2.067]",1.921,"[0.438,0.650]",0.5,0.002,0.0,786,1.573,0.12,-2.7135574774710003,49,3.226442522528999,0.005,0.0,314,1.5725,0.1,0.4741835225290001,27,3.224183522529,1.5843124256189967,1.577292608126607,0.48271249997321547,0.32808315148354755,1.691685844265248,1.5154583474106151,0.3957827832268592,0.34282681321762815
26,56,2.095,44.975,1.6109,756.3811368,15.12762274,E04001,1.41463073,0.020756731,0.0089,2.1039000000000003,0.4841000000000002,0.4930000000000002,1.0,0.0,0.0,756.3811368,15.12762274,0.7849618310844497,0.14629237629872266,0.8537076237012774,0.1713612157572956,0.024332016210993235,1.5865679837890068,4.433234524286382,1.0085144673361395,0.5934727678888538,0.6069510941359089,3.2019499041359087,1.7893993137742925,3.3098114060401462,3.2963330797930914,0.3561227486960727,0.0002866746947703442,2638464.9590573,52769.29919509909,0.00012105886299761768,0.00012054675506440849,82567.08025386301,81870.000806189,62452182.02467374,1249043.640823743,160.3891664975132,3.2077833307984567,61924924.279602155,1238498.485919523,159.03506760905518,3.1807013530221346,"[1.770,2.067]",1.921,"[0.438,0.650]",0.5,0.002,0.0,793,1.587,0.12,-2.7135574774710003,50,3.3464425225289993,0.005,0.0,317,1.5875000000000001,0.1,0.4741835225290001,28,3.324183522529,1.5978980349790035,1.5922926081266071,0.47340093169509917,0.3246124653657639,1.7144017864238839,1.5687477418619102,0.37259105497875605,0.33007861319217563
26,56,2.095,44.975,1.6238,763.3090711,15.26618142,E04001,1.427992986,0.020830356,0.0089,2.1039000000000003,0.4712000000000003,0.4801000000000003,1.0,0.0,0.0,763.3090711,15.26618142,0.7849618310844497,0.14629237629872266,0.8537076237012774,0.1713612157572956,0.024332016210993235,1.5994679837890067,4.433234524286382,1.0085144673361395,0.5776582694262095,0.5910694123623731,3.227795852362373,1.7966067606358307,3.3498333479027904,3.3364222049666266,0.3482394486107288,0.0002879066058287241,2651238.476806931,53024.76952919193,0.00012105886299761768,0.00012054675506440849,86516.44309479858,85786.02082260711,66038785.813566715,1320775.7160983013,169.60025206102634,3.3920050407761453,65481247.86746949,1309624.9571778178,168.1683878159958,3.3633677558792865,"[1.770,2.067]",1.921,"[0.438,0.650]",0.5,0.002,0.0,799,1.599,0.12,-2.7135574774710003,50,3.3464425225289993,0.005,0.0,319,1.5975000000000001,0.1,0.4741835225290001,28,3.324183522529,1.6095401111267265,1.6022926081266071,0.46508411661012866,0.32232137979523384,1.7144017864238839,1.5687477418619102,0.37259105497875605,0.33007861319217563
26,56,2.095,44.975,1.6367,770.0136883,15.40027377,E04001,1.389585687,0.020389248,0.0089,2.1039000000000003,0.45830000000000015,0.46720000000000017,1.0,0.0,0.0,770.0136883,15.40027377,0.7849618310844497,0.14629237629872266,0.8537076237012774,0.1713612157572956,0.024332016210993235,1.6123679837890068,4.433234524286382,1.0085144673361395,0.5618437709635647,0.5751877305888369,3.2539746205888367,1.8038776623121748,3.3898552897654355,3.376511330140163,0.34026767084253434,0.00028907029928867663,2663759.266153577,53275.185336908995,0.0001210588629976177,0.00012054675506440849,90722.56614594063,89956.6333297851,69857617.77007645,1397152.3557644193,179.40774404355912,3.588154881803154,69267839.01731853,1385356.7807061973,177.89307923112048,3.5578615855465134,"[1.770,2.067]",1.921,"[0.438,0.650]",0.5,0.002,0.0,806,1.613,0.12,-2.7135574774710003,50,3.3464425225289993,0.005,0.0,322,1.6125,0.1,0.4741835225290001,29,3.4241835225290003,1.6231193484109312,1.617292608126607,0.4549648727736505,0.3189186090964602,1.7144017864238839,1.6220371363132053,0.37259105497875605,0.31785072582138246
26,56,2.095,44.975,1.6496,776.5475267,15.53095053,E04001,1.416526307,0.020861569,0.0089,2.1039000000000003,0.44540000000000024,0.45430000000000026,1.0,0.0,0.0,776.5475267,15.53095053,0.7849618310844497,0.14629237629872266,0.8537076237012774,0.1713612157572956,0.024332016210993235,1.6252679837890067,4.433234524286382,1.0085144673361395,0.5460292725009204,0.5593060488153011,3.280486208815301,1.8112112546070656,3.4298772316280797,3.416600455313699,0.3322079463098089,0.0002901679863448665,2676199.8678140477,53523.99734249583,0.00012105886299761768,0.00012054675506440849,95207.89400552413,94404.09343556911,73933454.61230552,1478669.0918652788,189.8752738033152,3.7975054750882555,73309265.26774691,1466185.3049773218,188.27223599959473,3.765444719022103,"[1.770,2.067]",1.921,"[0.438,0.650]",0.5,0.002,0.0,812,1.625,0.12,-2.7135574774710003,51,3.4664425225289994,0.005,0.0,325,1.6275,0.1,0.4741835225290001,29,3.4241835225290003,1.6347559666207232,1.632292608126607,0.445912406746192,0.3155562172952048,1.736924847361761,1.6220371363132053,0.34742607209130627,0.31785072582138246
26,56,2.095,44.975,1.6625,783.0189862,15.66037972,E04001,1.443132312,0.023115659,0.0089,2.1039000000000003,0.4325000000000001,0.4414000000000001,1.0,0.0,0.0,783.0189862,15.66037972,0.7849618310844497,0.14629237629872266,0.8537076237012774,0.1713612157572956,0.024332016210993235,1.6381679837890069,4.433234524286382,1.0085144673361395,0.5302147740382757,0.543424367041765,3.307330617041765,1.818606779114651,3.4698991734907243,3.456689580487235,0.3240608505021499,0.00029120184759091715,2688921.7657025023,53778.435300313875,0.00012105886299761771,0.00012054675506440852,99997.4938218777,99153.2566568015,78299936.23494743,1565998.7242989587,201.08923503377395,4.0217846996482285,77638882.50583711,1552777.6497201293,199.39152242894957,3.9878304475604134,"[1.770,2.067]",1.921,"[0.438,0.650]",0.5,0.002,0.0,819,1.639,0.12,-2.7135574774710003,51,3.4664425225289994,0.005,0.0,327,1.6375,0.1,0.4741835225290001,29,3.4241835225290003,1.6483288407868528,1.642292608126607,0.434879857439598,0.3133369116253698,1.736924847361761,1.6220371363132053,0.34742607209130627,0.31785072582138246
26,56,2.095,59.98,1.334,97.07312423,1.941462485,E04001,1.091960322,0.022457297,0.0089,2.1039000000000003,0.7610000000000001,0.7699000000000001,1.0,0.0,0.0,97.07312423,1.941462485,1.0468484853461988,0.2498488652869208,0.7501511347130791,0.33306470353135437,0.04121713881072653,1.2927828611892735,4.433234524286382,1.0085144673361395,1.593331186730446,1.61881338243456,3.39836938243456,1.8434666751624669,1.790337399798554,1.76485520409444,0.41694407694680563,6.78626960013218e-05,1430434.2436986184,28608.68487986662,3.6469081674216624e-05,3.631480873971378e-05,50813.920817863866,50384.92006176398,4932666.048165882,98653.3209836432,12.668031290937769,0.2533606258709553,4891021.604474234,97820.43210963864,12.56108038231592,0.2512216076980776,"[1.770,2.067]",1.921,"[1.500,2.000]",1.75,0.002,0.0,646,1.293,0.12,-2.7135574774710003,37,1.7864425225289997,0.005,0.0,258,1.2925,0.1,-0.7758164774709999,25,1.7741835225290004,1.311875436352537,1.3092741284431246,0.44478090965755546,0.4312889374002122,1.401958510455536,1.408879558508025,0.4123312520669335,0.4129350668197974
26,56,2.095,59.98,1.344,100.7484641,2.014969282,E04001,1.141456607,0.02153879,0.0089,2.1039000000000003,0.7510000000000001,0.7599000000000001,1.0,0.0,0.0,100.7484641,2.014969282,1.0468484853461988,0.2498488652869208,0.7501511347130791,0.33306470353135437,0.04121713881072653,1.3027828611892736,4.433234524286382,1.0085144673361395,1.572393851819402,1.5977871013274738,3.4041231013274738,1.8450265855340604,1.8300401947095981,1.8046469452015264,0.41335903456153184,7.048231994940636e-05,1429414.6982153724,28588.293964307446,3.6469081674216624e-05,3.631480873971378e-05,51886.864982106184,51448.805805591095,5227521.953911273,104550.43907822545,13.425277738158595,0.2685055547631719,5183388.164692466,103667.76329384932,13.311933713375206,0.26623867426750414,"[1.770,2.067]",1.921,"[1.500,2.000]",1.75,0.002,0.0,651,1.303,0.12,-2.7135574774710003,37,1.7864425225289997,0.005,0.0,260,1.3025,0.1,-0.7758164774709999,25,1.7741835225290004,1.3216292242957408,1.3192741284431246,0.4415408735707789,0.42943581930375696,1.401958510455536,1.408879558508025,0.4123312520669335,0.4129350668197974
26,56,2.095,59.98,1.3541,104.5999167,2.091998334,E04001,1.166348921,0.021701738,0.0089,2.1039000000000003,0.7409000000000001,0.7498000000000001,1.0,0.0,0.0,104.5999167,2.091998334,1.0468484853461988,0.2498488652869208,0.7501511347130791,0.33306470353135437,0.04121713881072653,1.3128828611892736,4.433234524286382,1.0085144673361395,1.5512471435592476,1.5765505574093168,3.410137367409317,1.8466557251987488,1.8701400175697525,1.8448366037196833,0.4096912246060035,7.309003029784639e-05,1431110.5943416478,28622.211886832956,3.646908167421662e-05,3.631480873971377e-05,53008.05988803617,52560.53493020294,5544638.648717195,110892.7729743439,14.239694155863159,0.28479388311726317,5497827.575406668,109956.55150813336,14.119474352683772,0.28238948705367545,"[1.770,2.067]",1.921,"[1.500,2.000]",1.75,0.002,0.0,656,1.313,0.12,-2.7135574774710003,37,1.7864425225289997,0.005,0.0,262,1.3125,0.1,-0.7758164774709999,26,1.8741835225290004,1.3313812338241888,1.3292741284431246,0.438238982559252,0.4275846386256435,1.401958510455536,1.46216895295932,0.4123312520669335,0.4032378974616039
26,56,2.095,59.98,1.3642,108.5886189,2.171772378,E04001,1.169551664,0.021365038,0.0089,2.1039000000000003,0.7308000000000001,0.7397000000000001,1.0,0.0,0.0,108.5886189,2.171772378,1.0468484853461988,0.2498488652869208,0.7501511347130791,0.33306470353135437,0.04121713881072653,1.3229828611892736,4.433234524286382,1.0085144673361395,1.5301004352990932,1.5553140134911598,3.41635565349116,1.8483386198127116,1.9102398404299068,1.8850262622378402,0.40597601907687414,7.565949823432659e-05,1435227.8489038872,28704.556978077744,3.646908167421662e-05,3.631480873971377e-05,54168.606986419145,53711.28401310743,5882094.220392146,117641.88440784292,15.106344705390855,0.3021268941078171,5832434.150328985,116648.68300657971,14.978808132809746,0.2995761626561949,"[1.770,2.067]",1.921,"[1.500,2.000]",1.75,0.002,0.0,661,1.323,0.12,-2.7135574774710003,38,1.9064425225289998,0.005,0.0,264,1.3225,0.1,-0.7758164774709999,26,1.8741835225290004,1.3411314659103013,1.3392741284431247,0.43487372355865905,0.42573555041421446,1.4274580756992221,1.46216895295932,0.4020169993403088,0.4032378974616039
26,56,2.095,59.98,1.3742,112.6563844,2.253127688,E04001,1.189457665,0.021392485,0.0089,2.1039000000000003,0.7208000000000001,0.7297000000000001,1.0,0.0,0.0,112.6563844,2.253127688,1.0468484853461988,0.2498488652869208,0.7501511347130791,0.33306470353135437,0.04121713881072653,1.3329828611892736,4.433234524286382,1.0085144673361395,1.5091631003880492,1.5342877323840738,3.422713372384074,1.850057667313123,1.9499426353409508,1.9248180033449263,0.40225066795432024,7.816591871283601e-05,1441246.8535535824,28824.937071071654,3.646908167421662e-05,3.631480873971377e-05,55358.14350043729,54890.77776609261,6236448.293855624,124728.96587711251,16.016393844512233,0.3203278768902447,6183796.560031902,123675.93120063805,15.88117410632439,0.31762348212648783,"[1.770,2.067]",1.921,"[1.500,2.000]",1.75,0.002,0.0,666,1.333,0.12,-2.7135574774710003,38,1.9064425225289998,0.005,0.0,266,1.3325,0.1,-0.7758164774709999,27,1.974183522529,1.3508799215256317,1.3492741284431247,0.43144353115179934,0.4238887066522835,1.4274580756992221,1.5154583474106151,0.4020169993403088,0.39365043324512217
26,56,2.095,59.98,1.3843,116.9093483,2.338186966,E04001,1.223169935,0.021640699,0.0089,2.1039000000000003,0.7107000000000001,0.7196000000000001,1.0,0.0,0.0,116.9093483,2.338186966,1.0468484853461988,0.2498488652869208,0.7501511347130791,0.33306470353135437,0.04121713881072653,1.3430828611892736,4.433234524286382,1.0085144673361395,1.4880163921278948,1.5130511884659168,3.429337678465917,1.8518470991056246,1.9900424582011056,1.9650076618630836,0.3984404319116322,8.065950294946685e-05,1449418.1593611315,28988.36318722263,3.646908167421662e-05,3.631480873971377e-05,56602.285498097954,56124.41599137945,6617336.309873173,132346.72619746343,16.994587230834753,0.33989174461669497,6561468.897270271,131229.3779454054,16.851109013561064,0.3370221802712212,"[1.770,2.067]",1.921,"[1.500,2.000]",1.75,0.002,0.0,671,1.343,0.12,-2.7135574774710003,38,1.9064425225289998,0.005,0.0,268,1.3425,0.1,-0.7758164774709999,27,1.974183522529,1.3606266016408242,1.3592741284431247,0.4279467853207096,0.42204425627401354,1.4274580756992221,1.5154583474106151,0.4020169993403088,0.39365043324512217
26,56,2.095,59.98,1.3944,121.2923664,2.425847329,E04001,1.211947663,0.021270918,0.0089,2.1039000000000003,0.7006000000000001,0.7095000000000001,1.0,0.0,0.0,121.2923664,2.425847329,1.0468484853461988,0.2498488652869208,0.7501511347130791,0.33306470353135437,0.04121713881072653,1.3531828611892736,4.433234524286382,1.0085144673361395,1.4668696838677404,1.4918146445477596,3.4361660045477596,1.8536898350446225,2.03014228106126,2.0051973203812405,0.3945821001306713,8.311509425891363e-05,1459330.191242514,29186.60383688179,3.646908167421661e-05,3.6314808739713766e-05,57891.28992422309,57402.53789034425,7021771.548857496,140435.43103504123,18.033254396335717,0.3606650880753903,6962489.658085518,139249.7932191129,17.88100714506181,0.35762014304865697,"[1.770,2.067]",1.921,"[1.050,1.500]",1.25,0.002,0.0,676,1.353,0.12,-2.7135574774710003,39,2.026442522529,0.005,0.0,270,1.3525,0.1,-0.2758164774709999,22,1.974183522529,1.3703715072256415,1.3644815203165177,0.42438180908136575,0.3761810546747972,1.4526857036435823,1.2490113751541396,0.3912573071061366,0.40040447537564955
26,56,2.095,59.98,1.4045,125.7843948,2.515687895,E04001,1.208416992,0.020988295,0.0089,2.1039000000000003,0.6905000000000001,0.6994000000000001,1.0,0.0,0.0,125.7843948,2.515687895,1.0468484853461988,0.2498488652869208,0.7501511347130791,0.33306470353135437,0.04121713881072653,1.3632828611892736,4.433234524286382,1.0085144673361395,1.445722975607586,1.4705781006296028,3.4431983506296033,1.8555857163250646,2.070242103921414,2.0453869788993977,0.3906754508429952,8.553280176048315e-05,1470598.322643903,29411.96644118664,3.646908167421662e-05,3.631480873971377e-05,59227.21638247562,58727.18567827455,7449859.568358341,148997.19130793962,19.132666433023005,0.38265332850835326,7386963.508848992,147739.27011825267,18.971137304117676,0.3794227459315309,"[1.770,2.067]",1.921,"[1.050,1.500]",1.25,0.002,0.0,681,1.363,0.12,-2.7135574774710003,39,2.026442522529,0.005,0.0,272,1.3625,0.1,-0.2758164774709999,23,2.074183522529,1.380114639248987,1.3744815203165177,0.42074686599378264,0.37412681777941886,1.4526857036435823,1.3023007696054347,0.3912573071061366,0.3891161086928058
26,56,2.095,59.98,1.4145,130.3647458,2.607294916,E04001,1.18897175,0.020480997,0.0089,2.1039000000000003,0.6805000000000001,0.6894000000000001,1.0,0.0,0.0,130.3647458,2.607294916,1.0468484853461988,0.2498488652869208,0.7501511347130791,0.33306470353135437,0.04121713881072653,1.3732828611892736,4.433234524286382,1.0085144673361395,1.424785640696542,1.4495518195225168,3.450362069522517,1.8575150253827064,2.1099448988324583,2.0851787200064837,0.3867596676419609,8.788936798584175e-05,1483282.3217138243,29665.64643427648,3.646908167421662e-05,3.631480873971377e-05,60598.2851546762,60086.67908824227,7899880.040105278,157997.60080210553,20.28840520835983,0.4057681041671965,7833184.64530488,156663.6929060976,20.117118658643566,0.4023423731728713,"[1.770,2.067]",1.921,"[1.050,1.500]",1.25,0.002,0.0,686,1.373,0.12,-2.7135574774710003,39,2.026442522529,0.005,0.0,274,1.3725,0.1,-0.2758164774709999,23,2.074183522529,1.3898559986788541,1.3844815203165177,0.4170401575398214,0.3720801384460233,1.4526857036435823,1.3023007696054347,0.3912573071061366,0.3891161086928058
26,56,2.095,59.98,1.4246,135.1025539,2.702051078,E04001,1.243499809,0.021021068,0.0089,2.1039000000000003,0.6704000000000001,0.6793000000000001,1.0,0.0,0.0,135.1025539,2.702051078,1.0468484853461988,0.2498488652869208,0.7501511347130791,0.33306470353135437,0.04121713881072653,1.3833828611892736,4.433234524286382,1.0085144673361395,1.4036389324363876,1.4283152756043598,3.45780043560436,1.8595161832058251,2.1500447216926126,2.1253683785246404,0.3827562281588191,9.023205714236874e-05,1497278.884896022,29945.57769792044,3.646908167421662e-05,3.631480873971377e-05,62034.21041851365,61510.48143351775,8380980.256711182,167619.60513422365,21.52396272199015,0.430479254439803,8310223.133286782,166204.46266573563,21.342244875121043,0.42684489750242083,"[1.770,2.067]",1.921,"[1.050,1.500]",1.25,0.002,0.0,691,1.383,0.12,-2.7135574774710003,40,2.146442522528999,0.005,0.0,276,1.3825,0.1,-0.2758164774709999,24,2.1741835225290003,1.39959558648237,1.3944815203165177,0.4132598203603791,0.37004113548071715,1.477649913200874,1.3555901640567298,0.38002603207137303,0.3780137974938779
26,56,2.095,59.98,1.4347,139.9599897,2.799199794,E04001,1.243212438,0.018862534,0.0089,2.1039000000000003,0.6603000000000001,0.6692000000000001,1.0,0.0,0.0,139.9599897,2.799199794,1.0468484853461988,0.2498488652869208,0.7501511347130791,0.33306470353135437,0.04121713881072653,1.3934828611892736,4.433234524286382,1.0085144673361395,1.3824922241762332,1.4070787316862026,3.465442821686203,1.861569988393185,2.190144544552767,2.1655580370427976,0.3787038481943901,9.253726291660998e-05,1512471.6820955148,30249.4336419103,3.6469081674216624e-05,3.631480873971378e-05,63523.98012950447,62987.67363971966,8890815.60462845,177816.31209256902,22.833317557200125,0.45666635114400256,8815754.153842125,176315.0830768425,22.640545373148072,0.4528109074629615,"[1.770,2.067]",1.921,"[1.050,1.500]",1.25,0.002,0.0,696,1.393,0.12,-2.7135574774710003,40,2.146442522528999,0.005,0.0,278,1.3925,0.1,-0.2758164774709999,24,2.1741835225290003,1.4093334036257943,1.4044815203165177,0.40940392334314696,0.3680099233024572,1.477649913200874,1.3555901640567298,0.38002603207137303,0.3780137974938779
26,56,2.095,59.98,1.4448,144.9384482,2.898768964,E04001,1.241906494,0.022078338,0.0089,2.1039000000000003,0.6502000000000001,0.6591000000000001,1.0,0.0,0.0,144.9384482,2.898768964,1.0468484853461988,0.2498488652869208,0.7501511347130791,0.33306470353135437,0.04121713881072653,1.4035828611892736,4.433234524286382,1.0085144673361395,1.3613455159160788,1.3858421877680458,3.473289227768046,1.8636762668897315,2.2302443674129213,2.2057476955609543,0.3746023335770897,9.480514333385557e-05,1528803.6397941029,30576.072795882053,3.6469081674216624e-05,3.631480873971378e-05,65070.1977282544,64520.83716768974,9431173.482800359,188623.46965600716,24.221060096862175,0.4844212019372435,9351550.015649835,187031.00031299665,24.01657178090759,0.4803314356181517,"[1.770,2.067]",1.921,"[1.050,1.500]",1.25,0.002,0.0,701,1.403,0.12,-2.7135574774710003,40,2.146442522528999,0.005,0.0,280,1.4025,0.1,-0.2758164774709999,24,2.1741835225290003,1.4190694510744777,1.4144815203165177,0.405470464551432,0.36598661201730975,1.477649913200874,1.3555901640567298,0.38002603207137303,0.3780137974938779
26,56,2.095,59.98,1.4548,149.9598917,2.999197834,E04001,1.25366855,0.0219392,0.0089,2.1039000000000003,0.6402000000000001,0.6491000000000001,1.0,0.0,0.0,149.9598917,2.999197834,1.0468484853461988,0.2498488652869208,0.7501511347130791,0.33306470353135437,0.04121713881072653,1.4135828611892736,4.433234524286382,1.0085144673361395,1.3404081810050348,1.3648159066609595,3.48125894666096,1.865813213229277,2.269947162323965,2.2455394366680403,0.3704928373436135,9.701396329107672e-05,1545755.751159928,30915.115023198563,3.6469081674216624e-05,3.631480873971378e-05,66659.43491334647,66096.65708556343,9996241.640388634,199924.8328077727,25.672263367455063,0.5134452673491013,9911847.53828313,198236.9507656626,25.455523147094787,0.5091104629418958,"[1.770,2.067]",1.921,"[1.050,1.500]",1.25,0.002,0.0,706,1.413,0.12,-2.7135574774710003,41,2.2664425225289992,0.005,0.0,282,1.4125,0.1,-0.2758164774709999,25,2.2741835225290004,1.428803729792925,1.4244815203165178,0.4014573679837805,0.36397130749281004,1.502358787576528,1.408879558508025,0.3682947604445169,0.36711908361900286
26,56,2.095,59.98,1.4649,155.1448435,3.102896869,E04001,1.243998806,0.021657181,0.0089,2.1039000000000003,0.6301000000000001,0.6390000000000001,1.0,0.0,0.0,155.1448435,3.102896869,1.0468484853461988,0.2498488652869208,0.7501511347130791,0.33306470353135437,0.04121713881072653,1.4236828611892736,4.433234524286382,1.0085144673361395,1.3192614727448804,1.3435793627428028,3.489511372742803,1.8680233865620641,2.31004698518412,2.2857290951861975,0.36629299203859833,9.920807887044052e-05,1563832.7570339243,31276.655130598658,3.6469081674216624e-05,3.631480873971378e-05,68326.39417366339,67749.54290357254,10600487.730992319,212009.75455151996,27.224083074779568,0.544481661320116,10510992.230971297,210219.8445516764,26.99424148737148,0.5398848295734358,"[1.770,2.067]",1.921,"[1.050,1.500]",1.25,0.002,0.0,711,1.423,0.12,-2.7135574774710003,41,2.2664425225289992,0.005,0.0,284,1.4225,0.1,-0.2758164774709999,25,2.2741835225290004,1.438536240744746,1.4344815203165178,0.39736248015352865,0.3619641114323556,1.502358787576528,1.408879558508025,0.3682947604445169,0.36711908361900286
26,56,2.095,59.98,1.475,160.4269905,3.20853981,E04001,1.25290638,0.021567443,0.0089,2.1039000000000003,0.6200000000000001,0.6289000000000001,1.0,0.0,0.0,160.4269905,3.20853981,1.0468484853461988,0.2498488652869208,0.7501511347130791,0.33306470353135437,0.04121713881072653,1.4337828611892736,4.433234524286382,1.0085144673361395,1.2981147644847262,1.3223428188246455,3.4979678188246455,1.8702854912618676,2.3501468080442742,2.3259187537043546,0.36204347707144147,0.00010136541058769987,1582660.0964754235,31653.201929508472,3.646908167421661e-05,3.6314808739713766e-05,70058.61211410892,69467.13644987135,11239292.300073337,224785.84600146674,28.86465557470004,0.5772931114940009,11144403.639305715,222888.0727861143,28.62096331740515,0.572419266348103,"[1.770,2.067]",1.921,"[1.050,1.500]",1.25,0.002,0.0,716,1.433,0.12,-2.7135574774710003,41,2.2664425225289992,0.005,0.0,286,1.4325,0.1,-0.2758164774709999,26,2.3741835225290004,1.4482669848926832,1.4444815203165178,0.39318356647642555,0.3599651214495752,1.502358787576528,1.46216895295932,0.3682947604445169,0.3564498003476809
26,56,2.095,59.98,1.4851,165.7905544,3.315811088,E04001,1.24856329,0.021412559,0.0089,2.1039000000000003,0.6099000000000001,0.6188000000000001,1.0,0.0,0.0,165.7905544,3.315811088,1.0468484853461988,0.2498488652869208,0.7501511347130791,0.33306470353135437,0.04121713881072653,1.4438828611892736,4.433234524286382,1.0085144673361395,1.2769680562245718,1.3011062749064888,3.5066282849064887,1.8725993391290323,2.3902466309044286,2.366108412222512,0.3577441295373601,0.00010348616182059488,1602055.3036590237,32041.106073180472,3.646908167421661e-05,3.6314808739713766e-05,71859.42559535401,71252.74641340683,11913614.00831929,238272.2801663858,30.596442891498967,0.6119288578299794,11813032.33040133,236260.64660802658,30.33812987563333,0.6067625975126666,"[1.770,2.067]",1.921,"[1.050,1.500]",1.25,0.002,0.0,721,1.443,0.12,-2.7135574774710003,42,2.3864425225289994,0.005,0.0,288,1.4425000000000001,0.1,-0.2758164774709999,26,2.3741835225290004,1.4579959631985986,1.4544815203165178,0.38891830745370953,0.3579744311426124,1.5268200048436302,1.46216895295932,0.3560325711157211,0.3564498003476809
26,56,2.095,59.98,1.4951,171.1870253,3.423740506,E04001,1.285144126,0.021555372,0.0089,2.1039000000000003,0.5999000000000001,0.6088000000000001,1.0,0.0,0.0,171.1870253,3.423740506,1.0468484853461988,0.2498488652869208,0.7501511347130791,0.33306470353135437,0.04121713881072653,1.4538828611892736,4.433234524286382,1.0085144673361395,1.2560307213135278,1.2800799937994025,3.5154040037994028,1.8749410667536734,2.4299494258154724,2.405900153329598,0.35343810316679564,0.00010555008675691081,1621855.846449995,32437.116928999905,3.646908167421661e-05,3.6314808739713766e-05,73713.48408711563,73091.15186202561,12618792.06537221,252375.84130744424,32.407475222737105,0.6481495044547423,12512256.86301072,250245.13726021443,32.13387241567021,0.6426774483134043,"[1.770,2.067]",1.921,"[1.050,1.500]",1.25,0.002,0.0,726,1.453,0.12,-2.7135574774710003,42,2.3864425225289994,0.005,0.0,290,1.4525000000000001,0.1,-0.2758164774709999,26,2.3741835225290004,1.467723176623501,1.4644815203165178,0.3845642946369674,0.35599213016826875,1.5268200048436302,1.46216895295932,0.3560325711157211,0.3564498003476809
26,56,2.095,59.98,1.5052,176.6931504,3.533863007,E04001,1.262074956,0.021166638,0.0089,2.1039000000000003,0.5898000000000001,0.5987000000000001,1.0,0.0,0.0,176.6931504,3.533863007,1.0468484853461988,0.2498488652869208,0.7501511347130791,0.33306470353135437,0.04121713881072653,1.4639828611892736,4.433234524286382,1.0085144673361395,1.2348840130533734,1.2588434498812457,3.5244704898812462,1.8773573154520282,2.470049248675627,2.4460898118477545,0.3490391327732525,0.0001075986866307723,1642149.6946921588,32842.99388454938,3.646908167421661e-05,3.6314808739713766e-05,75661.63716134723,75022.85749176971,13368893.034460155,267377.86061354144,34.33387819731149,0.6866775637519162,13256025.042231033,265120.50076959777,34.04401157278387,0.6808802312630043,"[1.770,2.067]",1.921,"[1.050,1.500]",1.25,0.002,0.0,731,1.463,0.12,-2.7135574774710003,42,2.3864425225289994,0.005,0.0,292,1.4625000000000001,0.1,-0.2758164774709999,27,2.474183522529,1.4774486261275044,1.4744815203165178,0.380119026360145,0.35401830431595327,1.5268200048436302,1.5154583474106151,0.3560325711157211,0.3460203893421774
26,56,2.095,59.98,1.5153,182.2778536,3.645557072,E04001,1.300212809,0.02150563,0.0089,2.1039000000000003,0.5797000000000001,0.5886000000000001,1.0,0.0,0.0,182.2778536,3.645557072,1.0468484853461988,0.2498488652869208,0.7501511347130791,0.33306470353135437,0.04121713881072653,1.4740828611892736,4.433234524286382,1.0085144673361395,1.213737304793219,1.2376069059630885,3.5337409959630888,1.8798247247983224,2.510149071535781,2.4862794703659117,0.3445898939146828,0.0001096113772915243,1662946.4760324166,33258.92952064834,3.646908167421662e-05,3.631480873971377e-05,77689.76774290348,77033.8654120758,14161124.110858962,283222.48221717926,36.3684793577134,0.727369587154268,14041567.641824456,280831.3528364891,36.061435443535125,0.7212287088707023,"[1.770,2.067]",1.921,"[1.050,1.500]",1.25,0.002,0.0,737,1.475,0.12,-2.7135574774710003,43,2.5064425225289995,0.005,0.0,294,1.4725,0.1,-0.2758164774709999,27,2.474183522529,1.489116838507293,1.4844815203165176,0.37466058010374503,0.35205303558138706,1.5510408658130275,1.5154583474106151,0.34320576714815726,0.3460203893421774
26,56,2.095,59.98,1.5254,187.9150924,3.758301849,E04001,1.298458771,0.021073347,0.0089,2.1039000000000003,0.5696000000000001,0.5785000000000001,1.0,0.0,0.0,187.9150924,3.758301849,1.0468484853461988,0.2498488652869208,0.7501511347130791,0.33306470353135437,0.04121713881072653,1.4841828611892736,4.433234524286382,1.0085144673361395,1.1925905965330645,1.2163703620449318,3.543215522044932,1.8823430936056615,2.550248894395936,2.5264691288840684,0.34009025873150034,0.00011158840349047565,1684001.9797938862,33680.03960483923,3.646908167421662e-05,3.631480873971377e-05,79802.22091948421,79128.48402687912,14996041.717810089,299920.834436004,38.51270770541282,0.7702541543132038,14869436.387382913,297388.72782678675,38.187560964930086,0.7637512195018189,"[1.770,2.067]",1.921,"[1.050,1.500]",1.25,0.002,0.0,742,1.485,0.12,-2.7135574774710003,43,2.5064425225289995,0.005,0.0,296,1.4825,0.1,-0.2758164774709999,28,2.574183522529,1.4988384107606763,1.4944815203165176,0.3700052552282187,0.3500964022400145,1.5510408658130275,1.5687477418619102,0.34320576714815726,0.3358422181984103
26,56,2.095,59.98,1.5354,193.5235229,3.870470458,E04001,1.338338596,0.027541872,0.0089,2.1039000000000003,0.5596000000000001,0.5685000000000001,1.0,0.0,0.0,193.5235229,3.870470458,1.0468484853461988,0.2498488652869208,0.7501511347130791,0.33306470353135437,0.04121713881072653,1.4941828611892736,4.433234524286382,1.0085144673361395,1.1716532616220205,1.1953440809378455,3.5527972409378457,1.8848865326427067,2.5899516893069796,2.5662608699911544,0.33558540769785233,0.00011351096847253076,1704888.3073077821,34097.76614615564,3.646908167421662e-05,3.631480873971377e-05,81981.40335461995,81289.26853291775,15865329.98947193,317306.5997894386,40.74520650397878,0.8149041300795755,15731385.620454356,314627.7124090871,40.40121170656279,0.8080242341312558,"[1.770,2.067]",1.921,"[1.050,1.500]",1.25,0.002,0.0,747,1.495,0.12,-2.7135574774710003,43,2.5064425225289995,0.005,0.0,298,1.4925,0.1,-0.2758164774709999,28,2.574183522529,1.5085582221597207,1.5044815203165176,0.36524998879697795,0.3481484789200755,1.5510408658130275,1.5687477418619102,0.34320576714815726,0.3358422181984103
26,56,2.095,59.98,1.5455,199.2536373,3.985072745,E04001,1.30486953,0.0268502,0.0089,2.1039000000000003,0.5495000000000001,0.5584000000000001,1.0,0.0,0.0,199.2536373,3.985072745,1.0468484853461988,0.2498488652869208,0.7501511347130791,0.33306470353135437,0.04121713881072653,1.5042828611892736,4.433234524286382,1.0085144673361395,1.1505065533618661,1.1741075370196887,3.5626777870196893,1.8875057051621564,2.630051512167134,2.6064505285093116,0.33098513579365857,0.00011541778520611772,1726368.5743420294,34527.37147817641,3.646908167421661e-05,3.6314808739713766e-05,84275.84887926487,83564.34301023824,16792269.425738655,335845.38843049726,43.125764536647,0.8625152905165034,16650499.293374801,333009.9857839317,42.76167167988985,0.8552334333831878,"[1.770,2.067]",1.921,"[1.050,1.500]",1.25,0.002,0.0,752,1.5050000000000001,0.12,-2.7135574774710003,44,2.6264425225289996,0.005,0.0,300,1.5025,0.1,-0.2758164774709999,28,2.574183522529,1.518276273660895,1.5144815203165176,0.360391835091484,0.34620933667529474,1.5750283194857873,1.5687477418619102,0.32977757068814895,0.3358422181984103
26,56,2.095,59.98,1.5556,204.9867577,4.099735155,E04001,1.33667171,0.026977352,0.0089,2.1039000000000003,0.5394000000000001,0.5483000000000001,1.0,0.0,0.0,204.9867577,4.099735155,1.0468484853461988,0.2498488652869208,0.7501511347130791,0.33306470353135437,0.04121713881072653,1.5143828611892736,4.433234524286382,1.0085144673361395,1.1293598451017117,1.1528709931015315,3.572762353101532,1.8901752175662265,2.6701513350272887,2.6466401870274687,0.32633414219621254,0.00011728972611352131,1747695.765796224,34953.915324450376,3.646908167421662e-05,3.631480873971377e-05,86669.5722670414,85937.85718906726,17766114.610266656,355322.2922920027,45.62678551590363,0.9125357105406566,17616122.708872534,352322.4542633885,45.241577581351784,0.9048315518477406,"[1.770,2.067]",1.921,"[1.050,1.500]",1.25,0.002,0.0,757,1.5150000000000001,0.12,-2.7135574774710003,44,2.6264425225289996,0.005,0.0,302,1.5125,0.1,-0.2758164774709999,29,2.6741835225290003,1.5279925662198153,1.5244815203165176,0.3554277285623602,0.34427904305714696,1.5750283194857873,1.6220371363132053,0.32977757068814895,0.32592389191309495
26,56,2.095,59.98,1.5657,210.7517838,4.215035675,E04001,1.32857713,0.026761339,0.0089,2.1039000000000003,0.5293000000000001,0.5382000000000001,1.0,0.0,0.0,210.7517838,4.215035675,1.0468484853461988,0.2498488652869208,0.7501511347130791,0.33306470353135437,0.04121713881072653,1.5244828611892736,4.433234524286382,1.0085144673361395,1.1082131368415573,1.1316344491833747,3.5830509391833747,1.8928948568748807,2.710251157887443,2.686829845545626,0.32163233794195495,0.00011912707301795137,1769134.240108809,35382.68479378178,3.646908167421661e-05,3.6314808739713766e-05,89168.33515977867,88415.52406809323,18792385.69339961,375847.7137788239,48.26244624524633,0.9652489246759253,18633729.41296248,372674.5881708341,47.85498652560269,0.957099730284986,"[1.770,2.067]",1.921,"[1.050,1.500]",1.25,0.002,0.0,762,1.5250000000000001,0.12,-2.7135574774710003,45,2.7464425225289997,0.005,0.0,304,1.5225,0.1,-0.2758164774709999,29,2.6741835225290003,1.5377071007912306,1.5344815203165176,0.3503544777115919,0.3423576621866579,1.598788986339514,1.6220371363132053,0.3157077754971057,0.32592389191309495
26,56,2.095,59.98,1.5757,216.4730573,4.329461145,E04001,1.330419608,0.026423612,0.0089,2.1039000000000003,0.5193000000000001,0.5282000000000001,1.0,0.0,0.0,216.4730573,4.329461145,1.0468484853461988,0.2498488652869208,0.7501511347130791,0.33306470353135437,0.04121713881072653,1.5344828611892736,4.433234524286382,1.0085144673361395,1.0872758019305133,1.1106081680762885,3.593438658076289,1.8956367421202536,2.749953952798487,2.726621586652712,0.31692695045763464,0.00012091243159113532,1790329.2031377086,35806.58405448372,3.646908167421661e-05,3.6314808739713766e-05,91751.93281439142,90977.30948445616,19861821.409515504,397236.4280985581,51.00896202051152,1.0201792401745937,19694136.32902851,393882.72648959287,50.57831461282363,1.0115662920228254,"[1.770,2.067]",1.921,"[1.050,1.500]",1.25,0.002,0.0,767,1.5350000000000001,0.12,-2.7135574774710003,45,2.7464425225289997,0.005,0.0,306,1.5325,0.1,-0.2758164774709999,30,2.7741835225290004,1.5474198783290234,1.5444815203165176,0.34516875859546725,0.34044525482570637,1.598788986339514,1.6753265307645004,0.3157077754971057,0.3162715531449353
26,56,2.095,59.98,1.5858,222.2466774,4.444933549,E04001,1.331853432,0.026277108,0.0089,2.1039000000000003,0.5092000000000001,0.5181000000000001,1.0,0.0,0.0,222.2466774,4.444933549,1.0468484853461988,0.2498488652869208,0.7501511347130791,0.33306470353135437,0.04121713881072653,1.5445828611892736,4.433234524286382,1.0085144673361395,1.066129093670359,1.0893716241581317,3.604133264158132,1.8984554943843512,2.7900537756586417,2.7668112451708686,0.31212380449347765,0.0001226818052186955,1811569.9960871767,36231.3999298947,3.646908167421661e-05,3.6314808739713766e-05,94478.66791518635,93681.02389719756,20997570.029328153,419951.4006810417,53.92578203507054,1.0785156409440502,20820296.29658216,416405.92602532415,53.47050913162259,1.0694101828730425,"[1.770,2.067]",1.921,"[1.050,1.500]",1.25,0.002,0.0,772,1.545,0.12,-2.7135574774710003,45,2.7464425225289997,0.005,0.0,308,1.5425,0.1,-0.2758164774709999,30,2.7741835225290004,1.557130899786209,1.5544815203165177,0.3398671079205585,0.33854187844779,1.598788986339514,1.6753265307645004,0.3157077754971057,0.3162715531449353
26,56,2.095,59.98,1.5959,228.0374032,4.560748064,E04001,1.328729391,0.020566801,0.0089,2.1039000000000003,0.4991000000000001,0.5080000000000001,1.0,0.0,0.0,228.0374032,4.560748064,1.0468484853461988,0.2498488652869208,0.7501511347130791,0.33306470353135437,0.04121713881072653,1.5546828611892736,4.433234524286382,1.0085144673361395,1.0449823854102045,1.0681350802399745,3.6150318902399747,1.9013237205273528,2.8301535985187956,2.8070009036890258,0.30726964460671674,0.00012441747762005647,1832840.5909045667,36656.81181809134,3.646908167421662e-05,3.631480873971377e-05,97330.4814397826,96508.76074873618,22194990.23973382,443899.8047946764,57.000986507804015,1.1400197301560804,22007607.187191885,440152.1437438378,56.51975093462441,1.1303950186924885,"[1.770,2.067]",1.921,"[1.050,1.500]",1.25,0.002,0.0,777,1.555,0.12,-2.7135574774710003,46,2.866442522529,0.005,0.0,310,1.5525,0.1,-0.2758164774709999,30,2.7741835225290004,1.5668401661149503,1.5644815203165177,0.33444591570269666,0.3366475873082236,1.622329179669657,1.6753265307645004,0.3009523502145715,0.3162715531449353
26,56,2.095,59.98,1.606,233.8196423,4.676392845,E04001,1.36429941,0.022111059,0.0089,2.1039000000000003,0.4890000000000001,0.4979000000000001,1.0,0.0,0.0,233.8196423,4.676392845,1.0468484853461988,0.2498488652869208,0.7501511347130791,0.33306470353135437,0.04121713881072653,1.5647828611892736,4.433234524286382,1.0085144673361395,1.02383567715005,1.0468985363218177,3.626134536321818,1.904241196992077,2.8702534213789503,2.8471905622071825,0.30236442461058705,0.00012611976316851954,1853949.2655688967,37078.985303448964,3.646908167421662e-05,3.631480873971377e-05,100315.17570843676,99468.25648759042,23455658.50140833,469113.1699278514,60.23862409170715,1.2047724815765144,23257632.152133048,465152.6429431926,59.73005449373442,1.1946010896192347,"[1.770,2.067]",1.921,"[0.650,1.050]",0.8,0.002,0.0,782,1.565,0.12,-2.7135574774710003,46,2.866442522529,0.005,0.0,312,1.5625,0.1,0.17418352252900005,26,2.824183522529,1.576547678266543,1.5701681730025714,0.3289014174563556,0.2688896962400324,1.622329179669657,1.46216895295932,0.3009523502145715,0.2901655360006184
26,56,2.095,59.98,1.616,239.5414519,4.790829038,E04001,1.369282842,0.022334339,0.0089,2.1039000000000003,0.4790000000000001,0.4879000000000001,1.0,0.0,0.0,239.5414519,4.790829038,1.0468484853461988,0.2498488652869208,0.7501511347130791,0.33306470353135437,0.04121713881072653,1.5747828611892736,4.433234524286382,1.0085144673361395,1.002898342239006,1.0258722552147315,3.637328255214732,1.907178086916566,2.909956216289994,2.8869823033142685,0.2974574325978709,0.00012777261773833456,1874747.940052044,37494.958801040884,3.6469081674216624e-05,3.631480873971378e-05,103409.52753991113,102536.48399616321,24770868.367203347,495417.3673440669,63.6163349627353,1.2723266992547058,24561738.249162048,491234.764983241,63.079248759583606,1.2615849751916721,"[1.770,2.067]",1.921,"[0.650,1.050]",0.8,0.002,0.0,787,1.575,0.12,-2.7135574774710003,46,2.866442522529,0.005,0.0,314,1.5725,0.1,0.17418352252900005,27,2.924183522529,1.5862534371914307,1.5801681730025714,0.32322968587900186,0.2670063882195298,1.622329179669657,1.5154583474106151,0.3009523502145715,0.279452000958298
26,56,2.095,59.98,1.6261,245.312219,4.906244379,E04001,1.32891872,0.021808942,0.0089,2.1039000000000003,0.4689000000000001,0.4778000000000001,1.0,0.0,0.0,245.312219,4.906244379,1.0468484853461988,0.2498488652869208,0.7501511347130791,0.33306470353135437,0.04121713881072653,1.5848828611892736,4.433234524286382,1.0085144673361395,0.9817516339788517,1.0046357112965747,3.648836921296575,1.910192901593076,2.9500560391501485,2.9271719618324257,0.29245050557337327,0.00012940942462399656,1895628.6971583632,37912.573935439854,3.646908167421662e-05,3.631480873971377e-05,106684.50968394233,105783.81683084395,26171013.80349488,523420.2759632132,67.21217664867308,1.3442435326994755,25950062.841063876,519001.25671549374,66.64473225278101,1.3328946447839474,"[1.770,2.067]",1.921,"[0.650,1.050]",0.8,0.002,0.0,792,1.585,0.12,-2.7135574774710003,47,2.986442522529,0.005,0.0,316,1.5825,0.1,0.17418352252900005,27,2.924183522529,1.595957443839204,1.5901681730025714,0.3174266219919324,0.26513757075437144,1.6456549251807702,1.5154583474106151,0.2854629841330978,0.279452000958298
26,56,2.095,59.98,1.6362,251.0715891,5.021431782,E04001,1.358178363,0.02206542,0.0089,2.1039000000000003,0.4588000000000001,0.4677000000000001,1.0,0.0,0.0,251.0715891,5.021431782,1.0468484853461988,0.2498488652869208,0.7501511347130791,0.33306470353135437,0.04121713881072653,1.5949828611892736,4.433234524286382,1.0085144673361395,0.9606049257186974,0.9833991673784176,3.660549607378418,1.9132562837681777,2.990155862010303,2.9673616203505824,0.2873924488681841,0.00013101382784343917,1916374.7310705953,38327.4946214119,3.646908167421662e-05,3.631480873971377e-05,110119.84188263053,109190.1459514982,27647963.692912783,552959.2738582556,71.00526688255381,1.420105337651076,27414543.458103586,548290.8691620716,70.405799006637,1.4081159801327399,"[1.770,2.067]",1.921,"[0.650,1.050]",0.8,0.002,0.0,797,1.595,0.12,-2.7135574774710003,47,2.986442522529,0.005,0.0,318,1.5925,0.1,0.17418352252900005,27,2.924183522529,1.605659699158572,1.6001681730025714,0.3114879456957178,0.26328318752378344,1.6456549251807702,1.5154583474106151,0.2854629841330978,0.279452000958298
26,56,2.095,59.98,1.6463,256.8180788,5.136361577,E04001,1.351150984,0.021805318,0.0089,2.1039000000000003,0.4487000000000001,0.4576000000000001,1.0,0.0,0.0,256.8180788,5.136361577,1.0468484853461988,0.2498488652869208,0.7501511347130791,0.33306470353135437,0.04121713881072653,1.6050828611892736,4.433234524286382,1.0085144673361395,0.939458217458543,0.9621626234602606,3.672466313460261,1.9163680005312813,3.0302556848704576,3.00755127886874,0.2822832629340042,0.00013258616967760288,1936989.9547176,38739.799101894256,3.646908167421662e-05,3.631480873971377e-05,113726.35274244685,112766.2085431856,29206983.420246314,584139.6685186526,75.00912818112965,1.500182563914664,28960401.031621072,579208.0207451876,74.37585737293047,1.4875171477482145,"[1.770,2.067]",1.921,"[0.650,1.050]",0.8,0.002,0.0,802,1.605,0.12,-2.7135574774710003,47,2.986442522529,0.005,0.0,321,1.6075,0.1,0.17418352252900005,28,3.0241835225290004,1.6153602040974135,1.6151681730025713,0.3054091856945648,0.2605285482500236,1.6456549251807702,1.5687477418619105,0.2854629841330978,0.26915838565755124
26,56,2.095,59.98,1.6563,262.5044955,5.25008991,E04001,1.356167251,0.021866292,0.0089,2.1039000000000003,0.4387000000000001,0.4476000000000001,1.0,0.0,0.0,262.5044955,5.25008991,1.0468484853461988,0.2498488652869208,0.7501511347130791,0.33306470353135437,0.04121713881072653,1.6150828611892736,4.433234524286382,1.0085144673361395,0.918520882547499,0.9411363423531744,3.684466032353175,1.9194962965197861,3.0699584797815014,3.047343019975826,0.2771743030867642,0.00013411169920852638,1957357.1660727332,39147.14332145466,3.646908167421661e-05,3.6314808739713766e-05,117477.39158265902,116485.5789257643,30838343.410061855,616766.868201237,79.19877313093353,1.5839754626186704,30577988.12893319,611559.7625786638,78.5301308965124,1.5706026179302481,"[1.770,2.067]",1.921,"[0.650,1.050]",0.8,0.002,0.0,807,1.615,0.12,-2.7135574774710003,48,3.106442522528999,0.005,0.0,323,1.6175,0.1,0.17418352252900005,28,3.0241835225290004,1.6250589596027467,1.6251681730025713,0.29918566873995645,0.2587099899422068,1.6687719789999784,1.5687477418619105,0.2691865656443357,0.26915838565755124
26,56,2.095,74.98,1.2152,3.966649507,0.07933299,E04001,0.670591136,0.02747911,0.0089,2.1039000000000003,0.8798000000000001,0.8887000000000002,1.0,0.0,0.0,3.966649507,0.07933299,1.3086478731453484,0.37042189947625426,0.6295781005237459,0.5883652864801053,0.06053314081799721,1.1546668591820028,4.433234524286382,1.0085144673361395,2.731018428394168,2.770364538838404,4.247075578838404,2.0608434144394385,0.4297164933348325,0.39037038289059645,0.35663677590311715,-2.2980104934565662e-05,-172612.33220191003,-3452.2466379459747,1.3924740930409702e-05,1.3865835947149732e-05,60705.39282766751,60192.88249578903,240797.01653210865,4815.940322143419,0.61841286444426,0.012368257267058771,238764.06767683048,4775.281345109606,0.6131918623613974,0.01226383722558579,"[1.770,2.067]",1.921,"[2.500,3.000]",2.75,0.002,0.0,577,1.155,0.12,-2.7135574774710003,25,0.34644252252899976,0.005,0.0,230,1.1525,0.1,-1.775816477471,21,0.374183522529,1.1770910260107925,1.178859344696339,0.34672139423990156,0.3608297612517001,1.0708769502349242,1.1957219807028445,0.36937362584384903,0.35861266356206595
26,56,2.095,74.98,1.2232,4.455420105,0.089108402,E04001,0.709248494,0.02468903,0.0089,2.1039000000000003,0.8718000000000001,0.8807000000000001,1.0,0.0,0.0,4.455420105,0.089108402,1.3086478731453484,0.37042189947625426,0.6295781005237459,0.5883652864801053,0.06053314081799721,1.1626668591820029,4.433234524286382,1.0085144673361395,2.7061853442532797,2.745425958540545,4.241644198540545,2.0595252361989997,0.4695619454757205,0.43032133118845506,0.3548575669434126,-2.104821584230604e-05,-211676.85367634773,-4233.537068775959,1.3924740930409699e-05,1.386583594714973e-05,61347.67095197887,60829.73813357463,273329.64655437117,5466.592924952656,0.7019628901452223,0.014039257787149187,271022.0382622136,5420.440759161298,0.696036510015931,0.013920730184696379,"[1.770,2.067]",1.921,"[2.500,3.000]",2.75,0.002,0.0,581,1.163,0.12,-2.7135574774710003,26,0.4664425225289994,0.005,0.0,232,1.1625,0.1,-1.775816477471,22,0.4741835225290001,1.184913913276148,1.188859344696339,0.34490034405907866,0.35951546167111365,1.1005216249019294,1.2490113751541396,0.3634227939229961,0.35158402228736324
26,56,2.095,74.98,1.2312,4.976899578,0.099537992,E04001,0.721332618,0.023106755,0.0089,2.1039000000000003,0.8638000000000001,0.8727000000000001,1.0,0.0,0.0,4.976899578,0.099537992,1.3086478731453484,0.37042189947625426,0.6295781005237459,0.5883652864801053,0.06053314081799721,1.1706668591820029,4.433234524286382,1.0085144673361395,2.6813522601123916,2.720487378242686,4.236340818242686,2.0582373085343404,0.5094073976166085,0.4702722794863141,0.35305698811895925,-1.9126321379137864e-05,-260212.06479509332,-5204.241318906813,1.39247409304097e-05,1.3865835947149732e-05,62005.20885506562,61481.724718183126,308593.69778457796,6171.8739829738515,0.7925277287269055,0.01585055464460426,305988.3698046378,6119.7674231447145,0.7858367474095487,0.015716735017665587,"[1.770,2.067]",1.921,"[2.500,3.000]",2.75,0.002,0.0,585,1.171,0.12,-2.7135574774710003,26,0.4664425225289994,0.005,0.0,234,1.1725,0.1,-1.775816477471,22,0.4741835225290001,1.1927356535832203,1.198859344696339,0.34305722077096956,0.3581997209436181,1.1005216249019294,1.2490113751541396,0.3634227939229961,0.35158402228736324
26,56,2.095,74.98,1.2393,5.538768611,0.110775372,E04001,0.761902202,0.022568193,0.0089,2.1039000000000003,0.8557000000000001,0.8646000000000001,1.0,0.0,0.0,5.538768611,0.110775372,1.3086478731453484,0.37042189947625426,0.6295781005237459,0.5883652864801053,0.06053314081799721,1.1787668591820029,4.433234524286382,1.0085144673361395,2.6562087624197424,2.6952370656911038,4.2311015556911045,2.056964160040496,0.5497509179092579,0.5107226146378965,0.35121197183371583,-1.7190691009983533e-05,-322195.80980097584,-6443.916183221892,1.39247409304097e-05,1.3865835947149732e-05,62686.96991422734,62157.729952855174,347208.62127962377,6944.172411801342,0.8916982491626643,0.017833964947835013,344277.28359388874,6885.545658203074,0.8841700124718783,0.017683400214318315,"[1.770,2.067]",1.921,"[2.500,3.000]",2.75,0.002,0.0,589,1.179,0.12,-2.7135574774710003,26,0.4664425225289994,0.005,0.0,235,1.1775,0.1,-1.775816477471,22,0.4741835225290001,1.200556247436353,1.2038593446963388,0.34119174241713174,0.3575413528184723,1.1005216249019294,1.2490113751541396,0.3634227939229961,0.35158402228736324
26,56,2.095,74.98,1.2473,6.127544976,0.1225509,E04001,0.71970096,0.020726082,0.0089,2.1039000000000003,0.8477000000000001,0.8566000000000001,1.0,0.0,0.0,6.127544976,0.1225509,1.3086478731453484,0.37042189947625426,0.6295781005237459,0.5883652864801053,0.06053314081799721,1.1867668591820029,4.433234524286382,1.0085144673361395,2.631375678278854,2.670298485393245,4.226055775393245,2.055737282678223,0.5895963700501459,0.5506735629357551,0.34936791802137573,-1.5289220402643126e-05,-400775.501603777,-8015.5100634702085,1.3924740930409704e-05,1.3865835947149734e-05,63376.58893924384,62841.5268118512,388342.89915068075,7766.858013434378,0.9973389542321746,0.019946779162769837,385064.2819001282,7701.285668166496,0.988918837095631,0.019778376819379377,"[1.770,2.067]",1.921,"[2.500,3.000]",2.75,0.002,0.0,593,1.187,0.12,-2.7135574774710003,27,0.5864425225289995,0.005,0.0,237,1.1875,0.1,-1.775816477471,23,0.5741835225290002,1.2083756953395053,1.2138593446963388,0.33930362145216864,0.3562237054262019,1.1297413912770526,1.3023007696054347,0.3572827411911472,0.3445368715483875
26,56,2.095,74.98,1.2553,6.750214696,0.135004294,E04001,0.717014231,0.01940679,0.0089,2.1039000000000003,0.8397000000000001,0.8486000000000001,1.0,0.0,0.0,6.750214696,0.135004294,1.3086478731453484,0.37042189947625426,0.6295781005237459,0.5883652864801053,0.06053314081799721,1.1947668591820029,4.433234524286382,1.0085144673361395,2.606542594137966,2.6453599050953858,4.221137995095386,2.05454082341904,0.6294418221910343,0.5906245112336146,0.347502029211158,-1.3398049454546907e-05,-503820.70307325025,-10076.414067436022,1.3924740930409704e-05,1.3865835947149734e-05,64082.865073352885,63541.84015090977,432573.0975799317,8651.461956725265,1.1109305763356978,0.022218611539880122,428921.0631975539,8578.421269034427,1.1015514524745262,0.02203102906254554,"[1.770,2.067]",1.921,"[2.500,3.000]",2.75,0.002,0.0,597,1.195,0.12,-2.7135574774710003,27,0.5864425225289995,0.005,0.0,238,1.1925000000000001,0.1,-1.775816477471,23,0.5741835225290002,1.2161939977962817,1.218859344696339,0.337392564613228,0.355564459582061,1.1297413912770526,1.3023007696054347,0.3572827411911472,0.3445368715483875
26,56,2.095,74.98,1.2634,7.415290243,0.148305805,E04001,0.764636287,0.019554191,0.0089,2.1039000000000003,0.8316000000000001,0.8405000000000001,1.0,0.0,0.0,7.415290243,0.148305805,1.3086478731453484,0.37042189947625426,0.6295781005237459,0.5883652864801053,0.06053314081799721,1.2028668591820029,4.433234524286382,1.0085144673361395,2.5813990964453173,2.620109592543804,4.216289152543804,2.0533604536329717,0.6697853424836828,0.6310748463851961,0.3455904128679811,-1.1493833210090068e-05,-645153.8061723702,-12903.07613562785,1.3924740930409699e-05,1.386583594714973e-05,64815.452108425394,64268.242258960374,480625.3896152406,9612.507801378975,1.2343380669625803,0.024686761362555792,476567.66975762916,9531.353404150137,1.22391706508973,0.024478341324902043,"[1.770,2.067]",1.921,"[2.500,3.000]",2.75,0.002,0.0,601,1.203,0.12,-2.7135574774710003,27,0.5864425225289995,0.005,0.0,240,1.2025000000000001,0.1,-1.775816477471,24,0.6741835225290003,1.2240111553099169,1.228859344696339,0.3354582727857354,0.3542452063287407,1.1297413912770526,1.3555901640567298,0.3572827411911472,0.33748964167362144
26,56,2.095,74.98,1.2714,8.106280584,0.162125612,E04001,0.771007114,0.019367699,0.0089,2.1039000000000003,0.8236000000000001,0.8325000000000001,1.0,0.0,0.0,8.106280584,0.162125612,1.3086478731453484,0.37042189947625426,0.6295781005237459,0.5883652864801053,0.06053314081799721,1.2108668591820029,4.433234524286382,1.0085144673361395,2.556566012304429,2.595171012245945,4.211628972245945,2.0522253707246545,0.7096307946245712,0.6710257946830556,0.3436801136599164,-9.623687406486902e-06,-842325.8405645964,-16846.516844543217,1.3924740930409699e-05,1.386583594714973e-05,65556.78668486672,65003.31805653367,531421.7070529648,10628.434162037467,1.364792740455988,0.02729585486299572,526935.1350572555,10538.702721946172,1.3532703641435222,0.027065407336291557,"[1.770,2.067]",1.921,"[2.500,3.000]",2.75,0.002,0.0,605,1.211,0.12,-2.7135574774710003,28,0.7064425225289996,0.005,0.0,242,1.2125000000000001,0.1,-1.775816477471,24,0.6741835225290003,1.231827168383269,1.238859344696339,0.33350044086522707,0.3529250466732966,1.158554013019672,1.3555901640567298,0.3509489768551696,0.33748964167362144
26,56,2.095,74.98,1.2794,8.830983292,0.176619666,E04001,0.765486671,0.018118028,0.0089,2.1039000000000003,0.8156000000000001,0.8245000000000001,1.0,0.0,0.0,8.830983292,0.176619666,1.3086478731453484,0.37042189947625426,0.6295781005237459,0.5883652864801053,0.06053314081799721,1.2188668591820029,4.433234524286382,1.0085144673361395,2.531732928163541,2.570232431948086,4.207096791948086,2.05112086234529,0.7494762467654592,0.7109767429809142,0.3417475151832712,-7.764133553464056e-06,-1137407.4429799004,-22748.14888020559,1.3924740930409699e-05,1.386583594714973e-05,66316.34517027136,65756.46390620197,585638.5361851713,11712.770734314043,1.5040319431986102,0.0300806388912223,580694.2340966708,11613.884692454449,1.4913340283271457,0.029826680593562943,"[1.770,2.067]",1.921,"[2.500,3.000]",2.75,0.002,0.0,609,1.219,0.12,-2.7135574774710003,28,0.7064425225289996,0.005,0.0,243,1.2175,0.1,-1.775816477471,24,0.6741835225290003,1.2396420375188342,1.2438593446963389,0.33151875761514327,0.35226466741057155,1.158554013019672,1.3555901640567298,0.3509489768551696,0.33748964167362144
26,56,2.095,74.98,1.2875,9.597599699,0.191951994,E04001,0.781445386,0.018337918,0.0089,2.1039000000000003,0.8075000000000001,0.8164000000000001,1.0,0.0,0.0,9.597599699,0.191951994,1.3086478731453484,0.37042189947625426,0.6295781005237459,0.5883652864801053,0.06053314081799721,1.2269668591820029,4.433234524286382,1.0085144673361395,2.5065894304708918,2.544982119396504,4.202638369396504,2.0500337483555007,0.7898197670581086,0.7514270781324965,0.33976788278773906,-5.892222850959641e-06,-1628858.9114440707,-32577.17823227572,1.39247409304097e-05,1.3865835947149732e-05,67104.54011416531,66538.00444867517,644042.5140012464,12880.850281367018,1.654024545832713,0.033080490920101,638605.1314686654,12772.102630704068,1.640060305928585,0.03280120612198935,"[1.770,2.067]",1.921,"[2.500,3.000]",2.75,0.002,0.0,613,1.227,0.12,-2.7135574774710003,28,0.7064425225289996,0.005,0.0,245,1.2275,0.1,-1.775816477471,25,0.7741835225290004,1.2474557632187455,1.2538593446963389,0.3295129055204582,0.35094338997356983,1.158554013019672,1.408879558508025,0.3509489768551696,0.3304593164763001
26,56,2.095,74.98,1.2955,10.38610078,0.207722016,E04001,0.807810378,0.017715984,0.0089,2.1039000000000003,0.7995000000000001,0.8084000000000001,1.0,0.0,0.0,10.38610078,0.207722016,1.3086478731453484,0.37042189947625426,0.6295781005237459,0.5883652864801053,0.06053314081799721,1.2349668591820029,4.433234524286382,1.0085144673361395,2.4817563463300036,2.520043539098645,4.198363789098646,2.048990919720887,0.8296652191989966,0.7913780264303552,0.3377899411454335,-4.054268749463152e-06,-2561769.1923790895,-51235.38394624324,1.3924740930409699e-05,1.386583594714973e-05,67902.50064439123,67329.22813070485,705242.2149066622,14104.844325294245,1.8111971008963408,0.03622394208768147,699288.1488051116,13985.763003033924,1.7959059186135262,0.03591811844143627,"[1.770,2.067]",1.921,"[2.500,3.000]",2.75,0.002,0.0,617,1.235,0.12,-2.7135574774710003,29,0.8264425225289997,0.005,0.0,246,1.2325,0.1,-1.775816477471,25,0.7741835225290004,1.255268345984753,1.2588593446963388,0.327482560637004,0.350282523448234,1.1869760495301955,1.408879558508025,0.34441660021938,0.3304593164763001
26,56,2.095,74.98,1.3035,11.20412009,0.224082402,E04001,0.808631104,0.017136553,0.0089,2.1039000000000003,0.7915000000000001,0.8004000000000001,1.0,0.0,0.0,11.20412009,0.224082402,1.3086478731453484,0.37042189947625426,0.6295781005237459,0.5883652864801053,0.06053314081799721,1.242966859182003,4.433234524286382,1.0085144673361395,2.4569232621891155,2.495104958800786,4.1942172088007865,2.047978810632763,0.8695106713398846,0.8313289747282142,0.33578923774113767,-2.227185120250057e-06,-5030619.1380903525,-100612.3828516065,1.39247409304097e-05,1.3865835947149732e-05,68720.44741095268,68140.26931360623,769952.1454308433,15399.042922360959,1.9773845980247027,0.039547691995791515,763451.7603545861,15269.035220719776,1.960690363964444,0.039213807314288335,"[1.770,2.067]",1.921,"[2.000,2.500]",2.25,0.002,0.0,621,1.243,0.12,-2.7135574774710003,29,0.8264425225289997,0.005,0.0,248,1.2425,0.1,-1.275816477471,21,0.874183522529,1.2630797863182508,1.2640667365697318,0.32542739243632385,0.331961224471549,1.1869760495301955,1.1957219807028445,0.34441660021938,0.3419413617567576
26,56,2.095,74.98,1.3116,12.06121142,0.241224228,E04001,0.813351135,0.016499172,0.0089,2.1039000000000003,0.7834000000000001,0.7923000000000001,1.0,0.0,0.0,12.06121142,0.241224228,1.3086478731453484,0.37042189947625426,0.6295781005237459,0.5883652864801053,0.06053314081799721,1.2510668591820029,4.433234524286382,1.0085144673361395,2.4317797644964663,2.4698546462492037,4.190149206249204,2.046985394732753,0.909854191632534,0.8717793098797966,0.3337401787271021,-3.884293816147423e-07,-31051233.482545167,-621024.6686211152,1.3924740930409702e-05,1.3865835947149732e-05,69569.629145134,68982.28176031343,839094.0055304549,16781.88008278125,2.154954139263199,0.04309908271379673,832009.88454515,16640.19766331009,2.1367607595706892,0.0427352151205499,"[1.770,2.067]",1.921,"[2.000,2.500]",2.25,0.002,0.0,625,1.2510000000000001,0.12,-2.7135574774710003,29,0.8264425225289997,0.005,0.0,250,1.2525,0.1,-1.275816477471,21,0.874183522529,1.2708900847202713,1.2740667365697318,0.3233470636459238,0.33050484628475296,1.1869760495301955,1.1957219807028445,0.34441660021938,0.3419413617567576
26,56,2.095,74.98,1.3196,12.93346102,0.25866922,E04001,0.79638389,0.016082315,0.0089,2.1039000000000003,0.7754000000000001,0.7843000000000001,1.0,0.0,0.0,12.93346102,0.25866922,1.3086478731453484,0.37042189947625426,0.6295781005237459,0.5883652864801053,0.06053314081799721,1.259066859182003,4.433234524286382,1.0085144673361395,2.406946680355578,2.444916065951345,4.1862602259513455,2.0460352455300828,0.949699643773422,0.9117302581776552,0.331693203936552,1.4165086094974691e-06,9130520.58652038,182610.41144802314,1.3924740930409704e-05,1.3865835947149734e-05,70429.74503567521,69835.13605085535,910900.3620674438,18218.007213176978,2.339366617751793,0.04678733228268502,903210.0099401344,18064.200170868633,2.319616320359714,0.04639232633545428,"[1.770,2.067]",1.921,"[2.000,2.500]",2.25,0.002,0.0,629,1.2590000000000001,0.12,-2.7135574774710003,30,0.9464425225289994,0.005,0.0,251,1.2575,0.1,-1.275816477471,21,0.874183522529,1.27869924169147,1.279066736569732,0.32124123008475514,0.32977717294185693,1.215022967239292,1.1957219807028445,0.337680293960361,0.3419413617567576
26,56,2.095,74.98,1.3276,13.8302659,0.276605318,E04001,0.831509682,0.016413278,0.0089,2.1039000000000003,0.7674000000000003,0.7763000000000003,1.0,0.0,0.0,13.8302659,0.276605318,1.3086478731453484,0.37042189947625426,0.6295781005237459,0.5883652864801053,0.06053314081799721,1.2670668591820027,4.433234524286382,1.0085144673361395,2.382113596214691,2.4199774856534866,4.182499245653486,2.0451159491954205,0.9895450959143091,0.9516812064755134,0.32962300764667135,3.2103123701127238e-06,4308074.824355606,86161.4964871121,1.3924740930409697e-05,1.3865835947149729e-05,71311.83602146196,70709.77991007204,986261.653994017,19725.23307988034,2.53290885128822,0.050658177025764396,977935.0578867745,19558.70115773549,2.5115245574796474,0.050230491149592944,"[1.770,2.067]",1.921,"[2.000,2.500]",2.25,0.002,0.0,633,1.2670000000000001,0.12,-2.7135574774710003,30,0.9464425225289994,0.005,0.0,253,1.2675,0.1,-1.275816477471,22,0.9741835225290001,1.286507257732147,1.289066736569732,0.31910954049375145,0.32832294016347796,1.215022967239292,1.2490113751541396,0.337680293960361,0.3341561943570086
26,56,2.095,74.98,1.3278,13.85232385,0.277046477,E04001,0.794090589,0.031980194,0.0089,2.1039000000000003,0.7672000000000001,0.7761000000000001,1.0,0.0,0.0,13.85232385,0.277046477,1.3086478731453484,0.37042189947625426,0.6295781005237459,0.5883652864801053,0.06053314081799721,1.2672668591820029,4.433234524286382,1.0085144673361395,2.381492769111168,2.4193540211460394,4.18240686114604,2.0450933624521985,0.9905412322178324,0.9526799801829609,0.32957095389999974,3.2550140755460594e-06,4255687.849115104,85113.75698230209,1.3924740930409702e-05,1.3865835947149732e-05,71334.17598520768,70731.93126681432,988144.1073199896,19762.882146399792,2.5377433520235813,0.05075486704047162,979801.6184438528,19596.032368877055,2.516318242540141,0.05032636485080282,"[1.770,2.067]",1.921,"[2.000,2.500]",2.25,0.002,0.0,633,1.2670000000000001,0.12,-2.7135574774710003,30,0.9464425225289994,0.005,0.0,253,1.2675,0.1,-1.275816477471,22,0.9741835225290001,1.286507257732147,1.289066736569732,0.31910954049375145,0.32832294016347796,1.215022967239292,1.2490113751541396,0.337680293960361,0.3341561943570086
26,56,2.095,74.98,1.3356,14.74903001,0.2949806,E04001,0.847513361,0.016882466,0.0089,2.1039000000000003,0.7594000000000003,0.7683000000000003,1.0,0.0,0.0,14.74903001,0.2949806,1.3086478731453484,0.37042189947625426,0.6295781005237459,0.5883652864801053,0.06053314081799721,1.2750668591820027,4.433234524286382,1.0085144673361395,2.3572805120738023,2.395038905355628,4.178866265355627,2.044227547352698,1.0293905480551975,0.991632154773372,0.32752943803440054,4.992897774079716e-06,2954001.999914473,59080.039958232555,1.3924740930409705e-05,1.3865835947149735e-05,72216.6185562582,71606.92374300693,1065125.0743069751,21302.501471696174,2.735445221372792,0.054708904390362606,1056132.6672093908,21122.65332986643,2.7123509974012734,0.0542470199112454,"[1.770,2.067]",1.921,"[2.000,2.500]",2.25,0.002,0.0,637,1.2750000000000001,0.12,-2.7135574774710003,30,0.9464425225289994,0.005,0.0,255,1.2775,0.1,-1.275816477471,22,0.9741835225290001,1.2943141333422261,1.299066736569732,0.31695163636126866,0.3268703005629996,1.215022967239292,1.2490113751541396,0.337680293960361,0.3341561943570086
26,56,2.095,74.98,1.3359,14.78381499,0.2956763,E04001,0.818462623,0.027800673,0.0089,2.1039000000000003,0.7591000000000001,0.7680000000000001,1.0,0.0,0.0,14.78381499,0.2956763,1.3086478731453484,0.37042189947625426,0.6295781005237459,0.5883652864801053,0.06053314081799721,1.2753668591820029,4.433234524286382,1.0085144673361395,2.3563492714185186,2.394103708594457,4.178732518594457,2.0441948338146383,1.0308847525104818,0.9931303153345432,0.32745047248842263,5.059525400815852e-06,2921976.6319615864,58439.532678761134,1.3924740930409702e-05,1.3865835947149732e-05,72250.99909163533,71641.01401785242,1068145.4034133947,21362.908082718095,2.743202005078691,0.054864040138684705,1059127.4969359266,21182.549953046735,2.7200422938150846,0.05440084591309926,"[1.770,2.067]",1.921,"[2.000,2.500]",2.25,0.002,0.0,637,1.2750000000000001,0.12,-2.7135574774710003,30,0.9464425225289994,0.005,0.0,255,1.2775,0.1,-1.275816477471,22,0.9741835225290001,1.2943141333422261,1.299066736569732,0.31695163636126866,0.3268703005629996,1.215022967239292,1.2490113751541396,0.337680293960361,0.3341561943570086
26,56,2.095,74.98,1.3437,15.70097668,0.314019534,E04001,0.847081062,0.018279118,0.0089,2.1039000000000003,0.7513000000000003,0.7602000000000003,1.0,0.0,0.0,15.70097668,0.314019534,1.3086478731453484,0.37042189947625426,0.6295781005237459,0.5883652864801053,0.06053314081799721,1.2831668591820027,4.433234524286382,1.0085144673361395,2.3321370143811535,2.3697885928040456,4.175318282804046,2.0433595578859944,1.0697340683478465,1.0320824899249543,0.32538573054783676,6.786251663088955e-06,2313644.9190941523,46272.89844082574,1.3924740930409704e-05,1.3865835947149734e-05,73156.5939642057,72538.96333033218,1148629.9758202226,22972.599545667086,2.9499018042809,0.058998036160770054,1138932.5716409206,22778.651461833997,2.924997012757471,0.058499940329666995,"[1.770,2.067]",1.921,"[2.000,2.500]",2.25,0.002,0.0,641,1.283,0.12,-2.7135574774710003,31,1.0664425225289995,0.005,0.0,256,1.2825,0.1,-1.275816477471,23,1.0741835225290002,1.3021198690212756,1.3040667365697318,0.3147671517432257,0.32614461808190653,1.2427092380131848,1.3023007696054347,0.3307343145630724,0.326400874219679
26,56,2.095,74.98,1.3439,15.72465982,0.314493196,E04001,0.864883575,0.026518857,0.0089,2.1039000000000003,0.7511000000000001,0.7600000000000001,1.0,0.0,0.0,15.72465982,0.314493196,1.3086478731453484,0.37042189947625426,0.6295781005237459,0.5883652864801053,0.06053314081799721,1.2833668591820029,4.433234524286382,1.0085144673361395,2.331516187277631,2.3691651282965984,4.175232338296599,2.043338527580929,1.0707302046513694,1.0330812636324018,0.3253324930749194,6.830384732081926e-06,2302163.1191786565,46043.262325011274,1.3924740930409699e-05,1.386583594714973e-05,73180.11403634919,72562.28483230884,1150732.398810398,23014.647946935915,2.9553012292503307,0.05910602450983039,1141017.2447500022,22820.34486597513,2.930350852632165,0.05860701697810177,"[1.770,2.067]",1.921,"[2.000,2.500]",2.25,0.002,0.0,641,1.283,0.12,-2.7135574774710003,31,1.0664425225289995,0.005,0.0,256,1.2825,0.1,-1.275816477471,23,1.0741835225290002,1.3021198690212756,1.3040667365697318,0.3147671517432257,0.32614461808190653,1.2427092380131848,1.3023007696054347,0.3307343145630724,0.326400874219679
26,56,2.095,74.98,1.3519,16.68642979,0.333728596,E04001,0.815033544,0.025110225,0.0089,2.1039000000000003,0.7431000000000001,0.7520000000000001,1.0,0.0,0.0,16.68642979,0.333728596,1.3086478731453484,0.37042189947625426,0.6295781005237459,0.5883652864801053,0.06053314081799721,1.291366859182003,4.433234524286382,1.0085144673361395,2.3066831031367423,2.3442265479987396,4.17186015799874,2.042513196529888,1.1105756567922578,1.0730322119302604,0.32319083246049357,8.589859798219733e-06,1942573.0084044326,38851.46019137192,1.3924740930409704e-05,1.3865835947149734e-05,74133.47646306912,73507.59841738622,1237023.0500896203,24740.4610166191,3.176912151183115,0.06353824306174011,1226579.38002323,24531.587615166125,3.150090805910318,0.06300181615596269,"[1.770,2.067]",1.921,"[2.000,2.500]",2.25,0.002,0.0,645,1.291,0.12,-2.7135574774710003,31,1.0664425225289995,0.005,0.0,258,1.2925,0.1,-1.275816477471,23,1.0741835225290002,1.3099244652684945,1.3140667365697318,0.3125557130777806,0.3246946060942941,1.2427092380131848,1.3023007696054347,0.3307343145630724,0.326400874219679
26,56,2.095,74.98,1.3599,17.67039497,0.353407899,E04001,0.905469291,0.025862467,0.0089,2.1039000000000003,0.7351000000000001,0.7440000000000001,1.0,0.0,0.0,17.67039497,0.353407899,1.3086478731453484,0.37042189947625426,0.6295781005237459,0.5883652864801053,0.06053314081799721,1.299366859182003,4.433234524286382,1.0085144673361395,2.2818500189958546,2.3192879677008804,4.168615977700881,2.0417188782251294,1.1504211089331458,1.11298316022812,0.32102534034011426,1.0337871937093473e-05,1709287.470141373,34185.74936413478,1.3924740930409699e-05,1.386583594714973e-05,75111.90064305873,74477.76216979524,1327256.9513102449,26545.138996160138,3.4086500943165845,0.06817300180917099,1316051.4740220062,26321.02945064902,3.379872282169727,0.06759744556688528,"[1.770,2.067]",1.921,"[2.000,2.500]",2.25,0.002,0.0,649,1.299,0.12,-2.7135574774710003,31,1.0664425225289995,0.005,0.0,259,1.2975,0.1,-1.275816477471,23,1.0741835225290002,1.317727922582712,1.319066736569732,0.31031693899433443,0.32397030743810856,1.2427092380131848,1.3023007696054347,0.3307343145630724,0.326400874219679
26,56,2.095,74.98,1.368,18.68564554,0.373712911,E04001,0.883030772,0.024778379,0.0089,2.1039000000000003,0.7270000000000001,0.7359000000000001,1.0,0.0,0.0,18.68564554,0.373712911,1.3086478731453484,0.37042189947625426,0.6295781005237459,0.5883652864801053,0.06053314081799721,1.307466859182003,4.433234524286382,1.0085144673361395,2.2567065213032054,2.2940376551492987,4.165461655149299,2.040946264640326,1.1907646292257947,1.1534334953797014,0.3188083461862035,1.2095976910470064e-05,1544781.845923171,30895.63693499784,1.3924740930409699e-05,1.386583594714973e-05,76128.95852381835,75486.23345473976,1422518.7343054314,28450.37470133442,3.6533006009654714,0.07306601205841218,1410509.0014849568,28210.180044796383,3.622457306552272,0.07244914616981807,"[1.770,2.067]",1.921,"[2.000,2.500]",2.25,0.002,0.0,653,1.307,0.12,-2.7135574774710003,32,1.1864425225289996,0.005,0.0,261,1.3075,0.1,-1.275816477471,24,1.1741835225290003,1.3255302414624097,1.329066736569732,0.3080504401166593,0.3225232007221376,1.2700484264524534,1.3555901640567298,0.3235724800003085,0.3186953965966294
26,56,2.095,74.98,1.376,19.71242223,0.394248445,E04001,0.892838018,0.024451587,0.0089,2.1039000000000003,0.7190000000000003,0.7279000000000003,1.0,0.0,0.0,19.71242223,0.394248445,1.3086478731453484,0.37042189947625426,0.6295781005237459,0.5883652864801053,0.06053314081799721,1.3154668591820027,4.433234524286382,1.0085144673361395,2.2318734371623177,2.26909907485144,4.162475074851439,2.0402144678566123,1.2306100813666823,1.19338444367756,0.3165944399487182,1.3820689044744058e-05,1426298.0786400475,28525.961601743064,1.39247409304097e-05,1.3865835947149732e-05,77160.43487197501,76509.00147797019,1521019.0716467875,30420.381463799924,3.9062683355381775,0.07812536679002866,1508177.7415294426,30163.55486119245,3.8732893399695896,0.07746578687798769,"[1.770,2.067]",1.921,"[2.000,2.500]",2.25,0.002,0.0,657,1.315,0.12,-2.7135574774710003,32,1.1864425225289996,0.005,0.0,263,1.3175000000000001,0.1,-1.275816477471,24,1.1741835225290003,1.333331422405692,1.339066736569732,0.3057558188599594,0.32107818083171297,1.2700484264524534,1.3555901640567298,0.3235724800003085,0.3186953965966294
26,56,2.095,74.98,1.384,20.76492082,0.415298416,E04001,0.910188879,0.024223545,0.0089,2.1039000000000003,0.7110000000000003,0.7199000000000003,1.0,0.0,0.0,20.76492082,0.415298416,1.3086478731453484,0.37042189947625426,0.6295781005237459,0.5883652864801053,0.06053314081799721,1.3234668591820027,4.433234524286382,1.0085144673361395,2.2070403530214295,2.244160494553581,4.159616494553581,2.0395137887627977,1.2704555335075702,1.2333353919754186,0.3143562531175076,1.553371266948137e-05,1336764.8328397518,26735.296631044595,1.3924740930409704e-05,1.3865835947149734e-05,78219.65029279121,77559.2743844303,1624224.8448978993,32484.496866670124,4.171320530879204,0.08342641053723086,1610512.1914493495,32210.24379796328,4.136103810089317,0.08272207612211151,"[1.770,2.067]",1.921,"[2.000,2.500]",2.25,0.002,0.0,661,1.323,0.12,-2.7135574774710003,32,1.1864425225289996,0.005,0.0,264,1.3225,0.1,-1.275816477471,25,1.2741835225290004,1.3411314659103013,1.3440667365697319,0.30343266922162115,0.32035649011129125,1.2700484264524534,1.408879558508025,0.3235724800003085,0.31105767448425303
26,56,2.095,74.98,1.3921,21.85932721,0.437186544,E04001,0.90579183,0.023605484,0.0089,2.1039000000000003,0.7029000000000003,0.7118000000000003,1.0,0.0,0.0,21.85932721,0.437186544,1.3086478731453484,0.37042189947625426,0.6295781005237459,0.5883652864801053,0.06053314081799721,1.3315668591820027,4.433234524286382,1.0085144673361395,2.1818968553287803,2.218910182001999,4.156852592001998,2.0388360875759477,1.3107990538002197,1.273785727127001,0.31206520009675065,1.7256167874353645e-05,1266754.436394168,25335.088716293303,1.3924740930409704e-05,1.3865835947149734e-05,79321.3600268319,78651.6828423384,1733911.563568733,34678.231255510385,4.453017035518733,0.08906034066963217,1719272.870867818,34385.45740162602,4.415422068540872,0.08830844133041893,"[1.770,2.067]",1.921,"[2.000,2.500]",2.25,0.002,0.0,665,1.331,0.12,-2.7135574774710003,33,1.3064425225289993,0.005,0.0,266,1.3325,0.1,-1.275816477471,25,1.2741835225290004,1.3489303724736246,1.3540667365697319,0.30108057656543746,0.31891481906702757,1.2970532675790754,1.408879558508025,0.3161881546903114,0.31105767448425303
26,56,2.095,74.98,1.4001,22.97190878,0.459438176,E04001,0.905453709,0.023071657,0.0089,2.1039000000000003,0.6949000000000003,0.7038000000000003,1.0,0.0,0.0,22.97190878,0.459438176,1.3086478731453484,0.37042189947625426,0.6295781005237459,0.5883652864801053,0.06053314081799721,1.3395668591820027,4.433234524286382,1.0085144673361395,2.1570637711878926,2.19397160170414,4.15425161170414,2.038198128667608,1.3506445059411072,1.3137366754248596,0.309777701632992,1.8945455175034846e-05,1212528.7340824076,24250.574702761394,1.3924740930409699e-05,1.386583594714973e-05,80439.38699860866,79760.27077834481,1847846.2604511562,36956.92524119888,4.74562316192916,0.09491246332121671,1832245.6645882367,36644.913323668836,4.705557843373443,0.0941111569494047,"[1.770,2.067]",1.921,"[2.000,2.500]",2.25,0.002,0.0,669,1.339,0.12,-2.7135574774710003,33,1.3064425225289993,0.005,0.0,267,1.3375000000000001,0.1,-1.275816477471,25,1.2741835225290004,1.3567281425926723,1.359066736569732,0.2986991173990755,0.31819486705037736,1.2970532675790754,1.408879558508025,0.3161881546903114,0.31105767448425303
26,56,2.095,74.98,1.4081,24.1198588,0.482397176,E04001,0.920403398,0.022761327,0.0089,2.1039000000000003,0.6869000000000003,0.6958000000000003,1.0,0.0,0.0,24.1198588,0.482397176,1.3086478731453484,0.37042189947625426,0.6295781005237459,0.5883652864801053,0.06053314081799721,1.3475668591820027,4.433234524286382,1.0085144673361395,2.1322306870470045,2.169033021406281,4.15177863140628,2.037591379891042,1.3904899580819956,1.3536876237227191,0.3074654799974273,2.0622846114948857e-05,1169569.838496553,23391.39676993106,1.3924740930409697e-05,1.3865835947149729e-05,81588.21341801072,80899.39813507628,1967896.187386684,39357.92374773368,5.053934370521831,0.10107868741043663,1951282.060023023,39025.641200460464,5.01126610892469,0.1002253221784938,"[1.770,2.067]",1.921,"[2.000,2.500]",2.25,0.002,0.0,673,1.347,0.12,-2.7135574774710003,33,1.3064425225289993,0.005,0.0,269,1.3475,0.1,-1.275816477471,26,1.3741835225290004,1.3645247767641138,1.3690667365697318,0.2962878591445155,0.3167567996240119,1.2970532675790754,1.46216895295932,0.3161881546903114,0.3035036112033253
26,56,2.095,74.98,1.4162,25.32357797,0.506471559,E04001,0.935886707,0.022627134,0.0089,2.1039000000000003,0.6788000000000003,0.6877000000000003,1.0,0.0,0.0,25.32357797,0.506471559,1.3086478731453484,0.37042189947625426,0.6295781005237459,0.5883652864801053,0.06053314081799721,1.3556668591820027,4.433234524286382,1.0085144673361395,2.1070871893543552,2.1437827088546992,4.149405148854699,2.037008873042702,1.4308334783746446,1.3941379588743006,0.3050990183220115,2.230901765876029e-05,1135127.433997792,22702.54866202587,1.3924740930409702e-05,1.3865835947149732e-05,82783.91757746541,82085.00746263802,2096384.9914349988,41927.699795586406,5.3839182320533565,0.10767836455602514,2078686.0866481457,41573.72170012891,5.338464054238389,0.10676928100044376,"[1.770,2.067]",1.921,"[2.000,2.500]",2.25,0.002,0.0,677,1.355,0.12,-2.7135574774710003,34,1.4264425225289994,0.005,0.0,271,1.3575,0.1,-1.275816477471,26,1.3741835225290004,1.3723202754842418,1.3790667365697318,0.2938463599012403,0.3153212719896633,1.3237357361743323,1.46216895295932,0.3085742317248611,0.3035036112033253
26,56,2.095,74.98,1.4242,26.55789884,0.531157977,E04001,0.975227753,0.022780417,0.0089,2.1039000000000003,0.6708000000000003,0.6797000000000003,1.0,0.0,0.0,26.55789884,0.531157977,1.3086478731453484,0.37042189947625426,0.6295781005237459,0.5883652864801053,0.06053314081799721,1.3636668591820027,4.433234524286382,1.0085144673361395,2.082254105213467,2.11884412855684,4.14718976855684,2.036465017759166,1.470678930515533,1.43408890717216,0.3027366019052008,2.3962272417824317e-05,1108321.3802479322,22166.427613305095,1.3924740930409699e-05,1.386583594714973e-05,83998.15342777257,83288.99202570968,2230814.4614815833,44616.2892464313,5.729158861835606,0.11458317727985681,2211980.624704364,44239.612510745086,5.680789961266929,0.11361579926811902,"[1.770,2.067]",1.921,"[2.000,2.500]",2.25,0.002,0.0,681,1.363,0.12,-2.7135574774710003,34,1.4264425225289994,0.005,0.0,272,1.3625,0.1,-1.275816477471,27,1.474183522529,1.380114639248987,1.384066736569732,0.2913741682018714,0.3146044941343713,1.3237357361743323,1.5154583474106151,0.3085742317248611,0.29604718974588556
26,56,2.095,74.98,1.4321,27.82446254,0.556489251,E04001,0.977557067,0.017718222,0.0089,2.1039000000000003,0.6629000000000003,0.6718000000000003,1.0,0.0,0.0,27.82446254,0.556489251,1.3086478731453484,0.37042189947625426,0.6295781005237459,0.5883652864801053,0.06053314081799721,1.3715668591820027,4.433234524286382,1.0085144673361395,2.05773143462434,2.094217280512704,4.1451276905127035,2.035958666209288,1.51002631450466,1.4735404686162958,0.3003790280568122,2.5583001675799472e-05,1087615.241268614,21752.304833189974,1.39247409304097e-05,1.3865835947149732e-05,85230.87867476788,84511.30988719896,2371503.3909373637,47430.06783579345,6.090474982414468,0.12180949969206722,2351481.7761626993,47029.63554015625,6.039055640422959,0.12078111285186742,"[1.770,2.067]",1.921,"[2.000,2.500]",2.25,0.002,0.0,685,1.371,0.12,-2.7135574774710003,34,1.4264425225289994,0.005,0.0,274,1.3725,0.1,-1.275816477471,27,1.474183522529,1.387907868553917,1.394066736569732,0.2888708227599895,0.31317297608601874,1.3237357361743323,1.5154583474106151,0.3085742317248611,0.29604718974588556
26,56,2.095,74.98,1.4402,29.17655065,0.583531013,E04001,0.993948885,0.017959628,0.0089,2.1039000000000003,0.6548000000000003,0.6637000000000003,1.0,0.0,0.0,29.17655065,0.583531013,1.3086478731453484,0.37042189947625426,0.6295781005237459,0.5883652864801053,0.06053314081799721,1.3796668591820027,4.433234524286382,1.0085144673361395,2.032587936931691,2.0689669679611224,4.143143007961122,2.035471200474505,1.550369834797309,1.5139908037678773,0.297936152791781,2.723246612073131e-05,1071388.4861051461,21427.769722102923,1.3924740930409702e-05,1.3865835947149732e-05,86530.84569417575,85800.30182684021,2524671.602183453,50493.43204366906,6.483840289105746,0.12967680578211493,2503356.852036091,50067.13704072181,6.429099927769973,0.12858199855539945,"[1.770,2.067]",1.921,"[2.000,2.500]",2.25,0.002,0.0,689,1.379,0.12,-2.7135574774710003,35,1.5464425225289995,0.005,0.0,275,1.3775,0.1,-1.275816477471,27,1.474183522529,1.3956999638942662,1.3990667365697318,0.28633585220983493,0.31245826173161007,1.3501071088387828,1.5154583474106151,0.3007231123209158,0.29604718974588556
26,56,2.095,74.98,1.4482,30.5713158,0.611426316,E04001,0.987854111,0.020345869,0.0089,2.1039000000000003,0.6468000000000003,0.6557000000000003,1.0,0.0,0.0,30.5713158,0.611426316,1.3086478731453484,0.37042189947625426,0.6295781005237459,0.5883652864801053,0.06053314081799721,1.3876668591820027,4.433234524286382,1.0085144673361395,2.0077548527908027,2.0440283876632632,4.1413116276632636,2.0350212843268407,1.5902152869381974,1.5539417520657368,0.29549783639035104,2.8849289901870065e-05,1059690.4084636867,21193.808169273732,1.39247409304097e-05,1.3865835947149732e-05,87851.92690892055,87110.22970346677,2685749.001171128,53714.980023422555,6.897517904965727,0.13795035809931452,2663074.3416752233,53261.48683350446,6.8392850359247985,0.13678570071849594,"[1.770,2.067]",1.921,"[2.000,2.500]",2.25,0.002,0.0,693,1.387,0.12,-2.7135574774710003,35,1.5464425225289995,0.005,0.0,277,1.3875,0.1,-1.275816477471,28,1.5741835225290002,1.4034909257648707,1.4090667365697318,0.2837687748376212,0.31103098582515154,1.3501071088387828,1.5687477418619102,0.3007231123209158,0.2887005746695118
26,56,2.095,74.98,1.4562,32.02790625,0.640558125,E04001,1.067818787,0.021169039,0.0089,2.1039000000000003,0.6388000000000003,0.6477000000000003,1.0,0.0,0.0,32.02790625,0.640558125,1.3086478731453484,0.37042189947625426,0.6295781005237459,0.5883652864801053,0.06053314081799721,1.3956668591820027,4.433234524286382,1.0085144673361395,1.9829217686499148,2.0190898073654044,4.139608247365404,2.0346027247021476,1.630060739079085,1.5938927003635954,0.29303393810123507,3.045385844608448e-05,1051686.3177354757,21033.726354709514,1.3924740930409699e-05,1.386583594714973e-05,89211.35681595131,88458.18251035265,2857252.972536587,57145.05945073174,7.337972955959009,0.14675945911918015,2833130.3764869645,56662.60752973928,7.27602150848794,0.14552043016975877,"[1.770,2.067]",1.921,"[2.000,2.500]",2.25,0.002,0.0,697,1.395,0.12,-2.7135574774710003,35,1.5464425225289995,0.005,0.0,279,1.3975,0.1,-1.275816477471,28,1.5741835225290002,1.4112807546602326,1.4190667365697318,0.2811690983040738,0.3096066631880198,1.3501071088387828,1.5687477418619102,0.3007231123209158,0.2887005746695118
26,56,2.095,74.98,1.4642,33.54997937,0.670999587,E04001,1.058122856,0.020685557,0.0089,2.1039000000000003,0.6308000000000002,0.6397000000000003,1.0,0.0,0.0,33.54997937,0.670999587,1.3086478731453484,0.37042189947625426,0.6295781005237459,0.5883652864801053,0.06053314081799721,1.4036668591820027,4.433234524286382,1.0085144673361395,1.9580886845090264,1.994151227067545,4.138032867067545,2.0342155409561555,1.6699061912199737,1.6338436486614552,0.29054431886855914,3.2046119582514095e-05,1046927.9840142169,20938.559667802325,1.3924740930409702e-05,1.3865835947149732e-05,90610.61709290656,89845.62941594956,3039984.3341699843,60799.68664715544,7.807262095828567,0.15614524182348916,3014319.013389773,60286.3802318572,7.74134863573196,0.15482697262234285,"[1.770,2.067]",1.921,"[1.500,2.000]",1.75,0.002,0.0,701,1.403,0.12,-2.7135574774710003,36,1.6664425225289996,0.005,0.0,280,1.4025,0.1,-0.7758164774709999,24,1.6741835225290003,1.4190694510744777,1.4192741284431247,0.2785363193579367,0.2831892616474994,1.376178019686742,1.3555901640567298,0.29262668241167716,0.29305046755979575
26,56,2.095,74.98,1.4723,35.16223512,0.703244702,E04001,1.040889462,0.02007836,0.0089,2.1039000000000003,0.6227000000000003,0.6316000000000003,1.0,0.0,0.0,35.16223512,0.703244702,1.3086478731453484,0.37042189947625426,0.6295781005237459,0.5883652864801053,0.06053314081799721,1.4117668591820027,4.433234524286382,1.0085144673361395,1.9329451868163772,1.9689009145159633,4.136568204515963,2.033855502368829,1.7102497115126227,1.6742939838130366,0.28799723315651893,3.3645693735540504e-05,1045073.8628360499,20901.477244832404,1.3924740930409702e-05,1.3865835947149732e-05,92069.54177379243,91292.23700378064,3237370.875240751,64747.41746798721,8.314188543773327,0.16628377078088566,3210039.102157699,64200.78200663709,8.243995314944941,0.16487990620511647,"[1.770,2.067]",1.921,"[1.500,2.000]",1.75,0.002,0.0,705,1.411,0.12,-2.7135574774710003,36,1.6664425225289996,0.005,0.0,282,1.4125,0.1,-0.7758164774709999,24,1.6741835225290003,1.4268570155013904,1.4292741284431247,0.27586992354004214,0.28166146068961445,1.376178019686742,1.3555901640567298,0.29262668241167716,0.29305046755979575
26,56,2.095,74.98,1.4803,36.82608476,0.736521695,E04001,1.05903194,0.020121607,0.0089,2.1039000000000003,0.6147000000000002,0.6236000000000003,1.0,0.0,0.0,36.82608476,0.736521695,1.3086478731453484,0.37042189947625426,0.6295781005237459,0.5883652864801053,0.06053314081799721,1.4197668591820027,4.433234524286382,1.0085144673361395,1.9081121026754893,1.943962334218104,4.135250424218104,2.0335315154228875,1.750095163653511,1.7142449321108961,0.28545543397901185,3.5213037015966216e-05,1045808.2540083777,20916.165074487835,1.39247409304097e-05,1.3865835947149732e-05,93553.7631531887,92763.92772063932,3445218.8114962922,68904.37621121509,8.847981858490238,0.17695963712175194,3416132.264910777,68322.64527966276,8.773282035171034,0.17546564065577358,"[1.770,2.067]",1.921,"[1.500,2.000]",1.75,0.002,0.0,709,1.419,0.12,-2.7135574774710003,36,1.6664425225289996,0.005,0.0,283,1.4175,0.1,-0.7758164774709999,24,1.6741835225290003,1.4346434484343717,1.4342741284431246,0.27316938487763215,0.28089974610188645,1.376178019686742,1.3555901640567298,0.29262668241167716,0.29305046755979575
26,56,2.095,74.98,1.4883,38.56766987,0.771353397,E04001,1.083809319,0.020198265,0.0089,2.1039000000000003,0.6067000000000002,0.6156000000000003,1.0,0.0,0.0,38.56766987,0.771353397,1.3086478731453484,0.37042189947625426,0.6295781005237459,0.5883652864801053,0.06053314081799721,1.4277668591820027,4.433234524286382,1.0085144673361395,1.8832790185346011,1.9190237539202453,4.134060643920245,2.0332389539648914,1.789940615794399,1.7541958804087547,0.2828875025109753,3.676792911287874e-05,1048948.6571733754,20978.97313258846,1.3924740930409699e-05,1.386583594714973e-05,95082.75471136512,94280.01064031725,3667120.2940381174,73342.40584272925,9.417867372104231,0.18835734734440834,3636160.3257158436,72723.20647660486,9.338356242900819,0.1867671247611647,"[1.770,2.067]",1.921,"[1.500,2.000]",1.75,0.002,0.0,713,1.427,0.12,-2.7135574774710003,37,1.7864425225289997,0.005,0.0,285,1.4275,0.1,-0.7758164774709999,25,1.7741835225290004,1.4424287503664956,1.4442741284431246,0.2704341655684951,0.27938073723617124,1.401958510455536,1.408879558508025,0.2842762862567224,0.28478345153734913
26,56,2.095,74.98,1.4964,40.40431509,0.808086302,E04001,1.108792462,0.020096863,0.0089,2.1039000000000003,0.5986000000000002,0.6075000000000003,1.0,0.0,0.0,40.40431509,0.808086302,1.3086478731453484,0.37042189947625426,0.6295781005237459,0.5883652864801053,0.06053314081799721,1.4358668591820027,4.433234524286382,1.0085144673361395,1.858135520841952,1.8937734413686629,4.132986401368663,2.032974766535154,1.830284136087048,1.7946462155603373,0.2802607106507751,3.83295275357566e-05,1054130.2668630048,21082.605342478008,1.3924740930409699e-05,1.386583594714973e-05,96678.32937156977,95862.11452864239,3906221.682303706,78124.4336654098,10.031925538353171,0.20063851081672113,3873243.0806089337,77464.8616313511,9.947230171968881,0.1989446034886161,"[1.770,2.067]",1.921,"[1.500,2.000]",1.75,0.002,0.0,717,1.435,0.12,-2.7135574774710003,37,1.7864425225289997,0.005,0.0,287,1.4375,0.1,-0.7758164774709999,25,1.7741835225290004,1.4502129217904596,1.4542741284431246,0.2676637156545938,0.2778676846404311,1.401958510455536,1.408879558508025,0.2842762862567224,0.28478345153734913
26,56,2.095,74.98,1.5044,42.29569338,0.845913868,E04001,1.089945484,0.019552818,0.0089,2.1039000000000003,0.5906000000000002,0.5995000000000003,1.0,0.0,0.0,42.29569338,0.845913868,1.3086478731453484,0.37042189947625426,0.6295781005237459,0.5883652864801053,0.06053314081799721,1.4438668591820027,4.433234524286382,1.0085144673361395,1.8333024367010637,1.868834861070804,4.1320542210708044,2.032745488513209,1.8701295882279363,1.834597163858196,0.27763978366825265,3.985923294152614e-05,1061126.626346477,21222.53253696486,1.39247409304097e-05,1.3865835947149732e-05,98303.02357665752,97473.09211766912,4157794.5435252176,83155.89090982555,10.678012836131996,0.21356025682362428,4122692.0170094282,82453.8403791778,10.587862823957881,0.21175725657928945,"[1.770,2.067]",1.921,"[1.500,2.000]",1.75,0.002,0.0,721,1.443,0.12,-2.7135574774710003,37,1.7864425225289997,0.005,0.0,288,1.4425000000000001,0.1,-0.7758164774709999,26,1.8741835225290004,1.4579959631985986,1.4592741284431248,0.2648574726847145,0.27711341469942846,1.401958510455536,1.46216895295932,0.2842762862567224,0.2766774112619877
26,56,2.095,74.98,1.5124,44.27029686,0.885405937,E04001,1.140719706,0.02014895,0.0089,2.1039000000000003,0.5826000000000002,0.5915000000000002,1.0,0.0,0.0,44.27029686,0.885405937,1.3086478731453484,0.37042189947625426,0.6295781005237459,0.5883652864801053,0.06053314081799721,1.4518668591820028,4.433234524286382,1.0085144673361395,1.8084693525601756,1.843896280772945,4.131250040772945,2.032547672447794,1.9099750403688243,1.8745481121560548,0.2749923255812314,4.137636387820156e-05,1069941.694014419,21398.833875454704,1.39247409304097e-05,1.3865835947149732e-05,99978.25862653679,99134.18385619835,4426067.188942639,88521.34375885714,11.366988378661215,0.22733976752187166,4388699.748287721,87773.99494592757,11.271021633121086,0.22542043261150257,"[1.770,2.067]",1.921,"[1.500,2.000]",1.75,0.002,0.0,725,1.451,0.12,-2.7135574774710003,38,1.9064425225289998,0.005,0.0,290,1.4525000000000001,0.1,-0.7758164774709999,26,1.8741835225290004,1.4657778750829067,1.4692741284431248,0.26201486136572516,0.27560943145349953,1.4274580756992221,1.46216895295932,0.27566269691466433,0.2766774112619877
26,56,2.095,74.98,1.5205,46.35127766,0.927025553,E04001,1.1348123,0.017798862,0.0089,2.1039000000000003,0.5745000000000002,0.5834000000000003,1.0,0.0,0.0,46.35127766,0.927025553,1.3086478731453484,0.37042189947625426,0.6295781005237459,0.5883652864801053,0.06053314081799721,1.4599668591820028,4.433234524286382,1.0085144673361395,1.7833258548675266,1.8186459682213632,4.130566218221363,2.0323794474018286,1.9503185606614735,1.914998447307637,0.2722846113072517,4.28996105790223e-05,1080459.1704770753,21609.18340487946,1.3924740930409699e-05,1.386583594714973e-05,101728.10516216634,100869.25716679897,4715227.648197251,94304.5529435994,12.109607828299694,0.24219215651374243,4675418.946296244,93508.37890575103,12.007371456242623,0.24014742907304215,"[1.770,2.067]",1.921,"[1.500,2.000]",1.75,0.002,0.0,729,1.459,0.12,-2.7135574774710003,38,1.9064425225289998,0.005,0.0,291,1.4575,0.1,-0.7758164774709999,26,1.8741835225290004,1.4735586579350013,1.4742741284431247,0.2591352932020172,0.2748597351805576,1.4274580756992221,1.46216895295932,0.27566269691466433,0.2766774112619877
26,56,2.095,74.98,1.5286,48.51481476,0.970296295,E04001,1.141919232,0.018674708,0.0089,2.1039000000000003,0.5664000000000002,0.5753000000000003,1.0,0.0,0.0,48.51481476,0.970296295,1.3086478731453484,0.37042189947625426,0.6295781005237459,0.5883652864801053,0.06053314081799721,1.4680668591820027,4.433234524286382,1.0085144673361395,1.7581823571748774,1.7933956556697808,4.130013615669781,2.032243493203947,1.9906620809541224,1.955448782459219,0.2695494333379887,4.440989398031627e-05,1092432.5732798,21848.6514610925,1.3924740930409699e-05,1.386583594714973e-05,103534.28103174244,102660.18424625564,5022946.465564766,100458.92929058848,12.899888696527437,0.2579977738773696,4980539.821934562,99610.79641815921,12.790980312459794,0.2558196061964657,"[1.770,2.067]",1.921,"[1.500,2.000]",1.75,0.002,0.0,734,1.469,0.12,-2.7135574774710003,38,1.9064425225289998,0.005,0.0,293,1.4675,0.1,-0.7758164774709999,27,1.974183522529,1.4832830495469622,1.4842741284431247,0.2554829438933372,0.27336497459181114,1.4274580756992221,1.5154583474106151,0.27566269691466433,0.26874395345154384
26,56,2.095,74.98,1.5366,50.73595389,1.014719078,E04001,1.166825406,0.022075075,0.0089,2.1039000000000003,0.5584000000000002,0.5673000000000002,1.0,0.0,0.0,50.73595389,1.014719078,1.3086478731453484,0.37042189947625426,0.6295781005237459,0.5883652864801053,0.06053314081799721,1.4760668591820028,4.433234524286382,1.0085144673361395,1.7333492730339894,1.768457075371922,4.129596635371922,2.032140899488006,2.030507533095011,1.995399730757078,0.266820937921477,4.588877558603804e-05,1105628.8436999994,22112.57687835835,1.3924740930409697e-05,1.3865835947149729e-05,105375.8609769133,104486.21649945193,5346344.8236437235,106926.89649394964,13.730437628804225,0.27460875263020956,5301207.86245675,106024.15727003224,13.614517266243489,0.27229034537853786,"[1.770,2.067]",1.921,"[1.500,2.000]",1.75,0.002,0.0,738,1.477,0.12,-2.7135574774710003,39,2.026442522529,0.005,0.0,295,1.4775,0.1,-0.7758164774709999,27,1.974183522529,1.4910612938722565,1.4942741284431247,0.2525180002004383,0.27187644292786556,1.4526857036435823,1.5154583474106151,0.26677608338481873,0.26874395345154384
26,56,2.095,74.98,1.5446,53.04086615,1.060817323,E04001,1.172680699,0.021869929,0.0089,2.1039000000000003,0.5504000000000002,0.5593000000000002,1.0,0.0,0.0,53.04086615,1.060817323,1.3086478731453484,0.37042189947625426,0.6295781005237459,0.5883652864801053,0.06053314081799721,1.4840668591820028,4.433234524286382,1.0085144673361395,1.708516188893101,1.743518495074063,4.129307655074063,2.032069795817571,2.070352985235899,2.035350679054937,0.2640654008578238,4.7354950705547376e-05,1120070.1375407947,22401.402750815894,1.39247409304097e-05,1.3865835947149732e-05,107277.31013630498,106371.61251604464,5690081.44787179,113801.62895743581,14.613219124458404,0.2922643824891681,5642042.461623188,112840.84923246376,14.48984580564058,0.2897969161128116,"[1.770,2.067]",1.921,"[1.500,2.000]",1.75,0.002,0.0,742,1.485,0.12,-2.7135574774710003,39,2.026442522529,0.005,0.0,296,1.4825,0.1,-0.7758164774709999,28,2.074183522529,1.4988384107606763,1.4992741284431246,0.24951409127794305,0.2711345321689406,1.4526857036435823,1.5687477418619102,0.26677608338481873,0.26099238300297994
26,56,2.095,74.98,1.5527,55.45777149,1.10915543,E04001,1.152228052,0.021457768,0.0089,2.1039000000000003,0.5423000000000002,0.5512000000000002,1.0,0.0,0.0,55.45777149,1.10915543,1.3086478731453484,0.37042189947625426,0.6295781005237459,0.5883652864801053,0.06053314081799721,1.4921668591820028,4.433234524286382,1.0085144673361395,1.6833726912004519,1.7182681825224806,4.12914547252248,2.0320298896725117,2.1106965055285483,2.0758010142065197,0.2612477434918075,4.8826479761183156e-05,1135813.4307705855,22716.268619507846,1.39247409304097e-05,1.3865835947149732e-05,109266.24723619435,108343.75784891516,6059662.57079471,121193.25143774744,15.562374243416503,0.31124748492445337,6008503.365153031,120170.06732472937,15.430987603502114,0.30861975212569176,"[1.770,2.067]",1.921,"[1.500,2.000]",1.75,0.002,0.0,746,1.493,0.12,-2.7135574774710003,39,2.026442522529,0.005,0.0,298,1.4925,0.1,-0.7758164774709999,28,2.074183522529,1.5066144007023397,1.5092741284431246,0.24647056820152338,0.2696554577743178,1.4526857036435823,1.5687477418619102,0.26677608338481873,0.26099238300297994
26,56,2.095,74.98,1.5607,57.91982174,1.158396435,E04001,1.193028534,0.021754211,0.0089,2.1039000000000003,0.5343000000000002,0.5432000000000002,1.0,0.0,0.0,57.91982174,1.158396435,1.3086478731453484,0.37042189947625426,0.6295781005237459,0.5883652864801053,0.06053314081799721,1.5001668591820028,4.433234524286382,1.0085144673361395,1.658539607059564,1.6933296022246218,4.129114092224622,2.032022168241435,2.150541957669436,2.115751962504378,0.2584374157464959,5.026700390936131e-05,1152243.3651394427,23044.867306767606,1.3924740930409699e-05,1.386583594714973e-05,111296.41191412385,110356.78269256654,6446268.338367666,128925.3667896126,16.555251910999996,0.331105038277166,6391845.181353372,127836.90364913878,16.415482818732933,0.3283096564313421,"[1.770,2.067]",1.921,"[1.500,2.000]",1.75,0.002,0.0,750,1.5010000000000001,0.12,-2.7135574774710003,40,2.146442522528999,0.005,0.0,300,1.5025,0.1,-0.7758164774709999,28,2.074183522529,1.5143892641869954,1.5192741284431246,0.2433867667375872,0.26818276024680493,1.477649913200874,1.5687477418619102,0.25760597418576414,0.26099238300297994
26,56,2.095,74.98,1.5687,60.46997414,1.209399483,E04001,1.198942137,0.021498273,0.0089,2.1039000000000003,0.5263000000000002,0.5352000000000002,1.0,0.0,0.0,60.46997414,1.209399483,1.3086478731453484,0.37042189947625426,0.6295781005237459,0.5883652864801053,0.06053314081799721,1.5081668591820028,4.433234524286382,1.0085144673361395,1.6337065229186756,1.668391021926763,4.129210711926763,2.0320459423759996,2.1903874098103246,2.155702910802237,0.2555996830978566,5.169474766296609e-05,1169750.8329907267,23395.0166636834,1.3924740930409705e-05,1.3865835947149735e-05,113394.95216958351,112437.60584724344,6856989.825301251,137139.79652870403,17.610063365399952,0.3522012673662431,6799099.117946323,135981.982381414,17.46138893962985,0.3492277788503493,"[1.770,2.067]",1.921,"[1.500,2.000]",1.75,0.002,0.0,754,1.5090000000000001,0.12,-2.7135574774710003,40,2.146442522528999,0.005,0.0,301,1.5075,0.1,-0.7758164774709999,29,2.1741835225290003,1.522163001704051,1.5242741284431247,0.24026200689715835,0.2674488199599433,1.477649913200874,1.6220371363132053,0.25760597418576414,0.25342992414198756
26,56,2.095,74.98,1.5767,63.09809879,1.261961976,E04001,1.179116351,0.020919806,0.0089,2.1039000000000003,0.5183000000000002,0.5272000000000002,1.0,0.0,0.0,63.09809879,1.261961976,1.3086478731453484,0.37042189947625426,0.6295781005237459,0.5883652864801053,0.06053314081799721,1.5161668591820028,4.433234524286382,1.0085144673361395,1.6088734387777877,1.6434524416289038,4.129435331628904,2.0321012109707786,2.2302328619512126,2.195653859100096,0.2527344288710192,5.310969124846715e-05,1188071.2786448582,23761.425576662958,1.3924740930409702e-05,1.3865835947149732e-05,115565.03985061652,114589.37238239787,7291934.301164488,145838.68604640278,18.727084095417702,0.37454168196771265,7230371.538868639,144607.43080029063,18.568979129157036,0.37137958264199816,"[1.770,2.067]",1.921,"[1.500,2.000]",1.75,0.002,0.0,758,1.5170000000000001,0.12,-2.7135574774710003,40,2.146442522528999,0.005,0.0,303,1.5175,0.1,-0.7758164774709999,29,2.1741835225290003,1.5299356137425661,1.5342741284431247,0.23709559247399048,0.2659857892382197,1.477649913200874,1.6220371363132053,0.25760597418576414,0.25342992414198756
26,56,2.095,74.98,1.5848,65.83220813,1.316644163,E04001,1.184830377,0.020810482,0.0089,2.1039000000000003,0.5102000000000002,0.5191000000000002,1.0,0.0,0.0,65.83220813,1.316644163,1.3086478731453484,0.37042189947625426,0.6295781005237459,0.5883652864801053,0.06053314081799721,1.5242668591820028,4.433234524286382,1.0085144673361395,1.5837299410851384,1.6182021290773219,4.129793169077322,2.032189255231245,2.2705763822438616,2.2361041942516784,0.24980520195204708,5.452926267384742e-05,1207282.1986198162,24145.643979731838,1.3924740930409702e-05,1.3865835947149732e-05,117838.59435212341,116843.73221078208,7757574.869135631,155151.49742984807,19.92293826997343,0.3984587655205214,7692080.897586191,153841.61799846133,19.75473720530484,0.39509474422612767,"[1.770,2.067]",1.921,"[1.500,2.000]",1.75,0.002,0.0,762,1.5250000000000001,0.12,-2.7135574774710003,41,2.2664425225289992,0.005,0.0,304,1.5225,0.1,-0.7758164774709999,30,2.2741835225290004,1.5377071007912306,1.5392741284431246,0.23388681056625255,0.26525671148847046,1.502358787576528,1.6753265307645004,0.24814121709766535,0.24606193544133192
26,56,2.095,74.98,1.5927,68.57453078,1.371490616,E04001,1.230777652,0.018811649,0.0089,2.1039000000000003,0.5023000000000002,0.5112000000000002,1.0,0.0,0.0,68.57453078,1.371490616,1.3086478731453484,0.37042189947625426,0.6295781005237459,0.5883652864801053,0.06053314081799721,1.5321668591820028,4.433234524286382,1.0085144673361395,1.5592072704960116,1.5935752810331862,4.130268571033186,2.032306219798873,2.3099237662329886,2.275555755695814,0.24692089933113226,5.590111074313687e-05,1226711.4171504916,24534.228350165326,1.3924740930409695e-05,1.3865835947149727e-05,120133.5400865711,119119.30267484245,8238101.142376934,164762.0228955921,21.15702178710145,0.42314043586543937,8168550.28776812,163371.0058030101,20.978401869618178,0.41956803751473204,"[1.770,2.067]",1.921,"[1.500,2.000]",1.75,0.002,0.0,766,1.5330000000000001,0.12,-2.7135574774710003,41,2.2664425225289992,0.005,0.0,306,1.5325,0.1,-0.7758164774709999,30,2.2741835225290004,1.5454774633383934,1.5492741284431246,0.23063493108107488,0.2638034617575274,1.502358787576528,1.6753265307645004,0.24814121709766535,0.24606193544133192
26,56,2.095,74.98,1.6008,71.4508025,1.42901605,E04001,1.210623212,0.019174032,0.0089,2.1039000000000003,0.4942000000000002,0.5031000000000002,1.0,0.0,0.0,71.4508025,1.42901605,1.3086478731453484,0.37042189947625426,0.6295781005237459,0.5883652864801053,0.06053314081799721,1.5402668591820028,4.433234524286382,1.0085144673361395,1.5340637728033621,1.5683249684816039,4.130885608481604,2.0324580213331847,2.3502672865256375,2.316006090847396,0.24393536823238074,5.729468331245468e-05,1247075.6162547471,24941.512325094944,1.3924740930409702e-05,1.3865835947149732e-05,122569.9492322451,121535.14223350486,8757721.23502817,175154.42470056342,22.491505721109803,0.4498301144221961,8683783.444535563,173675.6688907113,22.301619311935312,0.44603238623870634,"[1.770,2.067]",1.921,"[1.500,2.000]",1.75,0.002,0.0,770,1.541,0.12,-2.7135574774710003,41,2.2664425225289992,0.005,0.0,308,1.5425,0.1,-0.7758164774709999,30,2.2741835225290004,1.5532467018720482,1.5592741284431246,0.22733920622127604,0.26235679199464185,1.502358787576528,1.6753265307645004,0.24814121709766535,0.24606193544133192
26,56,2.095,74.98,1.6088,74.35883535,1.487176707,E04001,1.246657503,0.022458663,0.0089,2.1039000000000003,0.4862000000000002,0.4951000000000002,1.0,0.0,0.0,74.35883535,1.487176707,1.3086478731453484,0.37042189947625426,0.6295781005237459,0.5883652864801053,0.06053314081799721,1.5482668591820028,4.433234524286382,1.0085144673361395,1.509230688662474,1.5433863881837449,4.131623828183745,2.032639620833891,2.3901127386665264,2.355957039145255,0.2409585528046951,5.8658115477320604e-05,1267664.9214676847,25353.29842935369,1.3924740930409702e-05,1.3865835947149732e-05,125063.20968258036,124007.3531249568,9299554.61712952,185991.09234259036,23.883037637503527,0.47766075275007047,9221042.353207972,184420.8470641594,23.68140310429803,0.47362806208596053,"[1.770,2.067]",1.921,"[1.500,2.000]",1.75,0.002,0.0,774,1.549,0.12,-2.7135574774710003,42,2.3864425225289994,0.005,0.0,309,1.5475,0.1,-0.7758164774709999,31,2.3741835225290004,1.561014816879819,1.5642741284431247,0.22399886995349927,0.2616359386405633,1.5268200048436302,1.7286159252157955,0.23836993475100632,0.23889211572152672
26,56,2.095,74.98,1.6168,77.33152465,1.546630493,E04001,1.228477008,0.021853959,0.0089,2.1039000000000003,0.4782000000000002,0.4871000000000002,1.0,0.0,0.0,77.33152465,1.546630493,1.3086478731453484,0.37042189947625426,0.6295781005237459,0.5883652864801053,0.06053314081799721,1.5562668591820028,4.433234524286382,1.0085144673361395,1.484397604521586,1.518447807885886,4.132490047885886,2.0328526872072867,2.429958190807414,2.395907987443114,0.2379536632959975,6.0008684354057193e-05,1288672.2227359016,25773.444454718032,1.3924740930409699e-05,1.386583594714973e-05,127647.20174593064,126569.52962022866,9871152.72831896,197423.05456637917,25.351011079792652,0.5070202215958529,9787814.699765619,195756.29399531236,25.136983058611015,0.5027396611722202,"[1.770,2.067]",1.921,"[1.500,2.000]",1.75,0.002,0.0,778,1.557,0.12,-2.7135574774710003,42,2.3864425225289994,0.005,0.0,311,1.5575,0.1,-0.7758164774709999,31,2.3741835225290004,1.5687818088490104,1.5742741284431248,0.22061313745694364,0.26019922177065563,1.5268200048436302,1.7286159252157955,0.23836993475100632,0.23889211572152672
26,56,2.095,74.98,1.6249,80.39883026,1.607976605,E04001,1.243799191,0.022139626,0.0089,2.1039000000000003,0.4701000000000002,0.4790000000000002,1.0,0.0,0.0,80.39883026,1.607976605,1.3086478731453484,0.37042189947625426,0.6295781005237459,0.5883652864801053,0.06053314081799721,1.5643668591820028,4.433234524286382,1.0085144673361395,1.4592541068289369,1.4931974953343037,4.133497505334304,2.033100466119248,2.4703017111000634,2.4363583225946965,0.234882504329269,6.136302435133719e-05,1310216.227278374,26204.324542308186,1.39247409304097e-05,1.3865835947149732e-05,130360.65431685041,129260.07364195897,10480844.119002992,209616.88235398772,26.916815360800598,0.5383363071490538,10392358.720134959,207847.17437684716,26.689567906643802,0.5337913580664831,"[1.770,2.067]",1.921,"[1.050,1.500]",1.25,0.002,0.0,782,1.565,0.12,-2.7135574774710003,42,2.3864425225289994,0.005,0.0,312,1.5625,0.1,-0.2758164774709999,27,2.474183522529,1.576547678266543,1.5744815203165177,0.21718120455193743,0.22170908056531086,1.5268200048436302,1.5154583474106151,0.23836993475100632,0.23048233511643032
26,56,2.095,74.98,1.6329,83.48478082,1.669695616,E04001,1.28167073,0.022159728,0.0089,2.1039000000000003,0.4621000000000002,0.4710000000000002,1.0,0.0,0.0,83.48478082,1.669695616,1.3086478731453484,0.37042189947625426,0.6295781005237459,0.5883652864801053,0.06053314081799721,1.5723668591820028,4.433234524286382,1.0085144673361395,1.4344210226880487,1.468258915036445,4.134621325036445,2.033376828095679,2.5101471632409513,2.476309270892555,0.2318208051176698,6.268769196051313e-05,1331757.1314092553,26635.14262180427,1.3924740930409702e-05,1.3865835947149732e-05,133141.54923313286,132017.49062143752,11115293.055763336,222305.8610620101,28.54620176257631,0.5709240351147531,11021451.268937116,220429.02532593536,28.30519807809739,0.5661039614263293,"[1.770,2.067]",1.921,"[1.050,1.500]",1.25,0.002,0.0,786,1.573,0.12,-2.7135574774710003,43,2.5064425225289995,0.005,0.0,314,1.5725,0.1,-0.2758164774709999,27,2.474183522529,1.5843124256189967,1.5844815203165177,0.21370224710739058,0.22025688687185757,1.5510408658130275,1.5154583474106151,0.2282794756960347,0.23048233511643032
26,56,2.095,74.98,1.6409,86.61853963,1.732370793,E04001,1.293025725,0.021935258,0.0089,2.1039000000000003,0.45410000000000017,0.4630000000000002,1.0,0.0,0.0,86.61853963,1.732370793,1.3086478731453484,0.37042189947625426,0.6295781005237459,0.5883652864801053,0.06053314081799721,1.5803668591820028,4.433234524286382,1.0085144673361395,1.4095879385471606,1.443320334738586,4.135873144738586,2.0336846227324887,2.5499926153818397,2.516260219190414,0.22873072817717413,6.399948729109863e-05,1353425.5241142742,27068.510488535536,1.39247409304097e-05,1.3865835947149732e-05,136028.05234049153,134879.62418604866,11782551.242446579,235651.02490334283,30.25984860294588,0.6051969721986561,11683076.072838763,233661.52151072712,30.004377312378438,0.6000875463861275,"[1.770,2.067]",1.921,"[1.050,1.500]",1.25,0.002,0.0,790,1.581,0.12,-2.7135574774710003,43,2.5064425225289995,0.005,0.0,316,1.5825,0.1,-0.2758164774709999,27,2.474183522529,1.5920760513926098,1.5944815203165177,0.21017542042628007,0.21881457807601998,1.5510408658130275,1.5154583474106151,0.2282794756960347,0.23048233511643032
26,56,2.095,74.98,1.649,89.84522289,1.796904458,E04001,1.224327755,0.021036177,0.0089,2.1039000000000003,0.4460000000000002,0.4549000000000002,1.0,0.0,0.0,89.84522289,1.796904458,1.3086478731453484,0.37042189947625426,0.6295781005237459,0.5883652864801053,0.06053314081799721,1.5884668591820028,4.433234524286382,1.0085144673361395,1.3844444408545116,1.418070022187004,4.137271022187004,2.0340282746773712,2.5903361356744883,2.556710554341996,0.22557301538757768,6.531456728796119e-05,1375577.0974319892,27511.54195170189,1.3924740930409697e-05,1.3865835947149729e-05,139064.00865497868,137889.94918664705,12494236.85358345,249884.73709948178,32.0875935796293,0.6417518716640146,12388753.218965078,247775.06440687957,31.816691399960305,0.6363338280700318,"[1.770,2.067]",1.921,"[1.050,1.500]",1.25,0.002,0.0,794,1.589,0.12,-2.7135574774710003,43,2.5064425225289995,0.005,0.0,317,1.5875000000000001,0.1,-0.2758164774709999,28,2.574183522529,1.5998385560732586,1.5994815203165178,0.20659985860820163,0.2180971256485449,1.5510408658130275,1.5687477418619102,0.2282794756960347,0.22254620044641327
26,56,2.095,74.98,1.657,93.05579984,1.861115997,E04001,1.300295094,0.021922331,0.0089,2.1039000000000003,0.43800000000000017,0.4469000000000002,1.0,0.0,0.0,93.05579984,1.861115997,1.3086478731453484,0.37042189947625426,0.6295781005237459,0.5883652864801053,0.06053314081799721,1.5964668591820028,4.433234524286382,1.0085144673361395,1.3596113567136234,1.393131441889145,4.138780441889145,2.0343992828078625,2.630181587815377,2.596661502639855,0.22242554103112333,6.660046509955531e-05,1397224.4743471218,27944.48948994542,1.3924740930409699e-05,1.386583594714973e-05,142180.57052956248,140980.1992281916,13230726.71233597,264614.5342751555,33.97904061557944,0.6795808123846183,13119025.20078192,262380.50404383446,33.692169736871186,0.6738433948098366,"[1.770,2.067]",1.921,"[1.050,1.500]",1.25,0.002,0.0,798,1.597,0.12,-2.7135574774710003,44,2.6264425225289996,0.005,0.0,319,1.5975000000000001,0.1,-0.2758164774709999,28,2.574183522529,1.6075999401464642,1.6094815203165178,0.2029746738879633,0.21666961390196923,1.5750283194857873,1.5687477418619102,0.21785636053387528,0.22254620044641327
26,56,2.095,74.98,1.665,96.32302261,1.926460452,E04001,1.297716751,0.025123796,0.0089,2.1039000000000003,0.43000000000000016,0.4389000000000002,1.0,0.0,0.0,96.32302261,1.926460452,1.3086478731453484,0.37042189947625426,0.6295781005237459,0.5883652864801053,0.06053314081799721,1.6044668591820028,4.433234524286382,1.0085144673361395,1.334778272572735,1.368192861591286,4.1404178615912866,2.034801676230705,2.670027039956265,2.6366124509377142,0.21924940896496406,6.787350332632102e-05,1419155.0146881307,28383.100290815957,1.3924740930409705e-05,1.3865835947149735e-05,145421.006614468,144193.27766172634,14007390.90809436,280147.818132803,35.97366304457535,0.7194732608168134,13889132.344420474,277782.6468595708,35.66995239998404,0.7133990479256177,"[1.770,2.067]",1.921,"[1.050,1.500]",1.25,0.002,0.0,802,1.605,0.12,-2.7135574774710003,44,2.6264425225289996,0.005,0.0,320,1.6025,0.1,-0.2758164774709999,29,2.6741835225290003,1.6153602040974135,1.6144815203165177,0.1992989559491694,0.21595954988349506,1.5750283194857873,1.6220371363132053,0.21785636053387528,0.21489121822599636
26,56,2.3474,20.0,0.7659,17182.10999,343.6421998,E04001,1.053421263,0.00814801,0.0089,2.3563,1.5815,1.5903999999999998,1.0,0.0,0.0,17182.10999,343.6421998,0.3490658503988659,0.030153689607045803,0.9698463103929541,0.03109120412576338,0.006353302645332626,0.7595466973546674,4.433234524286382,1.0075972325621763,0.44777180924212273,0.4519989247241954,1.0386017347241954,1.019118116178981,1.8698309946868774,1.8656038792048049,0.8749805512772272,0.0023277705706426805,7381358.887639921,147627.17775279842,0.0025783785037797645,0.002568639689246963,1805.3523599841637,1791.740093800585,31019762.819953978,620395.2563990796,79.66469292741994,1.5932938585483987,30785875.365174573,615717.5073034915,79.06402514112109,1.5812805028224217,"[0.878,1.302]",0.991,"[0.438,0.650]",0.5,0.002,0.0,379,0.759,0.12,-0.005397477470999945,15,1.854602522529,0.005,0.0,151,0.7575000000000001,0.1,0.4741835225290001,13,1.8241835225290002,0.7628356467449748,0.7622926081266072,0.8675974296559723,0.8814847600870299,0.745972683541745,0.7694068250924838,0.874519345430472,0.8804330178376328
26,56,2.3474,20.0,0.7844,16658.75966,333.1751932,E04001,1.062504074,0.008043816,0.0089,2.3563,1.563,1.5718999999999999,1.0,0.0,0.0,16658.75966,333.1751932,0.3490658503988659,0.030153689607045803,0.9698463103929541,0.03109120412576338,0.006353302645332626,0.7780466973546674,4.433234524286382,1.0075972325621763,0.4425338841893379,0.4467411404514353,1.0620245004514353,1.0305457294324378,1.9097850207396623,1.9055777644775649,0.8712134016018375,0.0023513614441706327,7084729.445274987,141694.58890549975,0.002578378503779764,0.0025686396892469626,1924.075086519858,1909.5676569368982,32052704.43412802,641054.0886825604,82.31748485825297,1.6463496971650593,31811028.65142112,636220.5730284224,81.69681515393937,1.6339363030787875,"[0.878,1.302]",0.991,"[0.438,0.650]",0.5,0.002,0.0,389,0.779,0.12,-0.005397477470999945,15,1.854602522529,0.005,0.0,155,0.7775,0.1,0.4741835225290001,14,1.9241835225290003,0.7825437151602586,0.7822926081266071,0.8582363572816947,0.8785096656550749,0.745972683541745,0.8226962195437789,0.874519345430472,0.8723292637372917
26,56,2.3474,20.0,0.8029,16164.18853,323.2837706,E04001,1.082640181,0.008351796,0.0089,2.3563,1.5445,1.5534,1.0,0.0,0.0,16164.18853,323.2837706,0.3490658503988659,0.030153689607045803,0.9698463103929541,0.03109120412576338,0.006353302645332626,0.7965466973546673,4.433234524286382,1.0075972325621763,0.437295959136553,0.44148335617867523,1.0861317661786751,1.0421764563540452,1.949739046792447,1.9455516497503247,0.8673174519148295,0.002371307267191203,6816572.762898993,136331.45525797986,0.002578378503779765,0.0025686396892469635,2051.42073120439,2035.9531218519917,33159551.453538213,663191.0290707643,85.16008002671835,1.703201600534367,32909530.099857654,658190.6019971531,84.51797729750447,1.6903595459500895,"[0.878,1.302]",0.991,"[0.438,0.650]",0.5,0.002,0.0,398,0.797,0.12,-0.005397477470999945,16,1.974602522529,0.005,0.0,159,0.7975,0.1,0.4741835225290001,14,1.9241835225290003,0.8002747066416731,0.8022926081266071,0.8483568099372406,0.875478322724339,0.7812279515929325,0.8226962195437789,0.8589102591342693,0.8723292637372917
26,56,2.3474,20.0,0.8214,15695.17136,313.9034273,E04001,1.102249832,0.008537658,0.0089,2.3563,1.5259999999999998,1.5348999999999997,1.0,0.0,0.0,15695.17136,313.9034273,0.3490658503988659,0.030153689607045803,0.9698463103929541,0.03109120412576338,0.006353302645332626,0.8150466973546674,4.433234524286382,1.0075972325621763,0.4320580340837681,0.43622557190591515,1.1109235319059152,1.05400357300434,1.9896930728452322,1.9855255350230852,0.863290812476258,0.002387830290861791,6572984.445362515,131459.6889491293,0.002578378503779765,0.0025686396892469635,2187.980788059105,2171.483522731977,34340733.400975496,686814.6682383079,88.19358152962064,1.7638716311543279,34081805.99469483,681636.120111045,87.52860635132645,1.7505721275842074,"[0.878,1.302]",0.991,"[0.322,0.438]",0.38,0.002,0.0,407,0.8150000000000001,0.12,-0.005397477470999945,16,1.974602522529,0.005,0.0,163,0.8175,0.05,0.5941835225290001,27,1.9691835225290002,0.8179997642203176,0.8211423821762214,0.836727298174254,0.8528644017786221,0.7812279515929325,0.7827291737053075,0.8589102591342693,0.8602612113577143
26,56,2.3474,20.0,0.84,15257.19267,305.1438533,E04001,1.140445715,0.008782743,0.0089,2.3563,1.5074,1.5163,1.0,0.0,0.0,15257.19267,305.1438533,0.3490658503988659,0.030153689607045803,0.9698463103929541,0.03109120412576338,0.006353302645332626,0.8336466973546673,4.433234524286382,1.0075972325621763,0.42679179592258987,0.4309393671776267,1.1365393671776265,1.0660860036496242,2.0298630666064104,2.025715495351373,0.8591087579229494,0.0024012096528516274,6353961.076193772,127079.22148222975,0.0025783785037797645,0.002568639689246963,2335.205302145291,2317.5979713711567,35628677.21883627,712573.5441432049,91.50126796659255,1.8300253587321258,35360038.780810885,707200.7753844578,90.81135299857651,1.8162270593763261,"[0.878,1.302]",0.991,"[0.322,0.438]",0.38,0.002,0.0,416,0.833,0.12,-0.005397477470999945,16,1.974602522529,0.005,0.0,166,0.8325,0.05,0.5941835225290001,28,2.019183522529,0.8357188938497728,0.8361423821762214,0.822848648464885,0.8499157180955191,0.7812279515929325,0.809373870930955,0.8589102591342693,0.8551545056230853
26,56,2.3474,20.0,0.8585,14855.43048,297.1086096,E04001,1.157825754,0.00902027,0.0089,2.3563,1.4889,1.4977999999999998,1.0,0.0,0.0,14855.43048,297.1086096,0.3490658503988659,0.030153689607045803,0.9698463103929541,0.03109120412576338,0.006353302645332626,0.8521466973546674,4.433234524286382,1.0075972325621763,0.42155387086980495,0.42568158290486663,1.1627038329048667,1.0782874537454596,2.0698170926591954,2.065689380624134,0.8548143808797398,0.002411510596598038,6160217.790855586,123204.35581711172,0.002578378503779765,0.0025686396892469635,2492.1868531239397,2473.395889334336,37022508.53975266,740450.1707950532,95.08089379474353,1.9016178758948705,36743360.683524005,734867.2136704801,94.36398862764474,1.887279772552895,"[0.878,1.302]",0.991,"[0.322,0.438]",0.38,0.002,0.0,426,0.853,0.12,-0.005397477470999945,17,2.094602522529,0.005,0.0,170,0.8525,0.05,0.5941835225290001,29,2.0691835225290003,0.8553998703560666,0.8561423821762214,0.8039169090071532,0.8459337334042304,0.8157747537766752,0.8360185681566027,0.8382988761823988,0.8499401915947287
26,56,2.3474,20.0,0.877,14486.11004,289.7222008,E04001,1.180441123,0.009181209,0.0089,2.3563,1.4704,1.4792999999999998,1.0,0.0,0.0,14486.11004,289.7222008,0.3490658503988659,0.030153689607045803,0.9698463103929541,0.03109120412576338,0.006353302645332626,0.8706466973546674,4.433234524286382,1.0075972325621763,0.4163159458170201,0.42042379863210655,1.1895527986321066,1.090666217791725,2.10977111871198,2.1056632658968937,0.8503837042111901,0.002419013955522,5988435.910810625,119768.7182162125,0.002578378503779765,0.0025686396892469635,2660.4070251625153,2640.3476897187174,38538948.91769324,770778.9783538649,98.97540316777025,1.9795080633554052,38248367.17712512,764967.3435425024,98.22913359546445,1.964582671909289,"[0.878,1.302]",0.991,"[0.322,0.438]",0.38,0.002,0.0,435,0.871,0.12,-0.005397477470999945,17,2.094602522529,0.005,0.0,174,0.8725,0.05,0.5941835225290001,30,2.119183522529,0.8731065049326716,0.8761423821762214,0.7825472707361906,0.8418960890894013,0.8157747537766752,0.8626632653822501,0.8382988761823988,0.8446232952361566
26,56,2.3474,20.0,0.8955,14147.86322,282.9572645,E04001,1.187458469,0.009259349,0.0089,2.3563,1.4519,1.4607999999999999,1.0,0.0,0.0,14147.86322,282.9572645,0.3490658503988659,0.030153689607045803,0.9698463103929541,0.03109120412576338,0.006353302645332626,0.8891466973546673,4.433234524286382,1.0075972325621763,0.4110780207642352,0.41516601435934647,1.2170862643593463,1.103216327090633,2.149725144764765,2.145637151169654,0.8458148913551782,0.002423912135717618,5836788.805800263,116735.77615726089,0.0025783785037797654,0.002568639689246964,2840.6305537017356,2819.212341898178,40188852.532325014,803777.0509305635,103.2126716982353,2.0642534346942347,39885830.60131129,797716.6123081471,102.43445333387844,2.0486890674015967,"[0.878,1.302]",0.991,"[0.322,0.438]",0.38,0.002,0.0,444,0.889,0.12,-0.005397477470999945,17,2.094602522529,0.005,0.0,177,0.8875000000000001,0.05,0.5941835225290001,31,2.1691835225290004,0.8908072300188365,0.8911423821762214,0.7553473006092712,0.8388326057061837,0.8157747537766752,0.8893079626078978,0.8382988761823988,0.8392088395284537
26,56,2.3474,20.0,0.914,13837.18323,276.7436645,E04001,1.214119935,0.009467245,0.0089,2.3563,1.4333999999999998,1.4422999999999997,1.0,0.0,0.0,13837.18323,276.7436645,0.3490658503988659,0.030153689607045803,0.9698463103929541,0.03109120412576338,0.006353302645332626,0.9076466973546674,4.433234524286382,1.0075972325621763,0.4058400957114503,0.40990823008658633,1.2453042300865864,1.1159320006553206,2.18967917081755,2.1856110364424137,0.8411061243684823,0.002426389330383564,5702787.700526452,114055.75396931553,0.0025783785037797645,0.002568639689246963,3033.672815445237,3010.7990746769315,41977486.60718572,839549.7318403472,107.80622662514912,2.156124531723877,41660978.46501916,833219.5689993033,106.99337308719403,2.13986746097065,"[0.878,1.302]",0.991,"[0.322,0.438]",0.38,0.002,0.0,453,0.907,0.12,-0.005397477470999945,18,2.214602522529,0.005,0.0,181,0.9075,0.05,0.5941835225290001,31,2.1691835225290004,0.9085020515273854,0.9111423821762213,0.7195790567839643,0.8347026589903952,0.8496541580601374,0.8893079626078978,0.8098968464383951,0.8392088395284537
26,56,2.3474,20.0,0.9326,13550.02991,271.0005982,E04001,1.217709489,0.009446474,0.0089,2.3563,1.4148,1.4237,1.0,0.0,0.0,13550.02991,271.0005982,0.3490658503988659,0.030153689607045803,0.9698463103929541,0.03109120412576338,0.006353302645332626,0.9262466973546674,4.433234524286382,1.0075972325621763,0.4005738575502721,0.40462202535829794,1.2743647853582978,1.1288776662501114,2.229849164578728,2.2258009967707024,0.8362289987756878,0.0024266168796309756,5583918.097553414,111678.36195106829,0.0025783785037797654,0.002568639689246964,3241.5595402720555,3217.118344032398,43923228.7257322,878464.5745146441,112.80326510315587,2.2560653020631176,43592049.78564866,871840.9957129733,111.95273414587813,2.239054682917563,"[0.878,1.302]",0.991,"[0.322,0.438]",0.38,0.002,0.0,463,0.927,0.12,-0.005397477470999945,18,2.214602522529,0.005,0.0,185,0.9275,0.05,0.5941835225290001,32,2.219183522529,0.9281560475449524,0.9311423821762214,0.6638613501540005,0.8305228725602883,0.8496541580601374,0.9159526598335452,0.8098968464383951,0.8337018348324692
26,56,2.3474,20.0,0.9511,13285.3168,265.706336,E04001,1.249499748,0.009709968,0.0089,2.3563,1.3963,1.4052,1.0,0.0,0.0,13285.3168,265.706336,0.3490658503988659,0.030153689607045803,0.9698463103929541,0.03109120412576338,0.006353302645332626,0.9447466973546673,4.433234524286382,1.0075972325621763,0.3953359324974872,0.39936424108553786,1.3039554510855378,1.1419086877178655,2.269803190631513,2.2657748820434622,0.8312341750675428,0.0024247606091650415,5479022.032024331,109580.44064048663,0.002578378503779765,0.0025686396892469635,3462.986843487724,3436.876096495265,46006877.289966434,920137.5457993287,118.15447375042514,2.3630894750085027,45659987.74428696,913199.7548857393,117.26359494852434,2.345271898970487,"[0.878,1.302]",0.991,"[0.322,0.438]",0.38,0.002,0.0,472,0.9450000000000001,0.12,-0.005397477470999945,18,2.214602522529,0.005,0.0,188,0.9425,0.05,0.5941835225290001,33,2.269183522529,0.9458384253183496,0.9461423821762214,0.5888741033159979,0.8273565898931844,0.8496541580601374,0.9425973570591927,0.8098968464383951,0.8281072696476618
26,56,2.3474,20.0,0.9696,13037.84337,260.7568675,E04001,1.311566607,0.010584573,0.0089,2.3563,1.3778,1.3866999999999998,1.0,0.0,0.0,13037.84337,260.7568675,0.3490658503988659,0.030153689607045803,0.9698463103929541,0.03109120412576338,0.006353302645332626,0.9632466973546674,4.433234524286382,1.0075972325621763,0.3900980074447023,0.39410645681277773,1.3342306168127778,1.1550890081776286,2.309757216684298,2.3057487673162225,0.8260940689127098,0.0024209868538791913,5385342.489204031,107706.84982538609,0.002578378503779765,0.0025686396892469635,3700.0236714341863,3672.1256786558984,48240329.09345127,964806.5822390276,123.89040581172243,2.477808117184685,47876599.43327056,957531.9890326237,122.95627836996611,2.4591255683423943,"[0.878,1.302]",0.991,"[0.322,0.438]",0.38,0.002,0.0,481,0.963,0.12,-0.005397477470999945,19,2.334602522529,0.005,0.0,192,0.9625,0.05,0.5941835225290001,34,2.3191835225290003,0.9635149178467088,0.9661423821762214,0.4679925251602961,0.8230946334961061,0.8829034116990423,0.9692420542848404,0.7683571930092408,0.8224301017872424
26,56,2.3474,20.0,1.1733,10690.81497,213.8162994,E04001,1.468550344,0.009634439,0.0089,2.3563,1.1741,1.1829999999999998,1.0,0.0,0.0,10690.81497,213.8162994,0.3490658503988659,0.030153689607045803,0.9698463103929541,0.03109120412576338,0.006353302645332626,1.1669466973546674,4.433234524286382,1.0075972325621763,0.3324242056472819,0.3362139889013601,1.71284687890136,1.3087577617349055,2.749683438681718,2.74589365542764,0.7594230250889201,0.002290457566260138,4667545.527794247,93350.91055588493,0.0025783785037797645,0.002568639689246963,7702.462233175713,7644.386054524433,82345598.54829453,1646911.9709658907,211.47927082326459,4.229585416465292,81724716.86816904,1634494.337363381,209.88472773540963,4.1976945547081925,"[1.302,1.770]",1.619,"[0.322,0.438]",0.38,0.002,0.0,583,1.167,0.12,-1.6444774774709998,36,2.735522522529,0.005,0.0,233,1.1675,0.05,0.5941835225290001,43,2.7691835225290005,1.1788049593657277,1.1711423821762212,0.883125187861125,0.7772278469202636,1.376178019686742,1.2090443293156683,0.8169237111448704,0.7684112987760183
26,56,2.3474,20.0,1.1919,10518.1613,210.363226,E04001,1.454626865,0.009070026,0.0089,2.3563,1.1555,1.1643999999999999,1.0,0.0,0.0,10518.1613,210.363226,0.3490658503988659,0.030153689607045803,0.9698463103929541,0.03109120412576338,0.006353302645332626,1.1855466973546673,4.433234524286382,1.0075972325621763,0.3271579674861036,0.3309277841730716,1.7515533941730714,1.3234626531085307,2.7898534324428965,2.786083615755928,0.7523760488687425,0.002273214773251297,4626998.479759241,92539.96959518483,0.002578378503779764,0.0025686396892469626,8236.743748809085,8174.639114345539,86635399.33674064,1732707.9867348128,222.49630098287398,4.44992601965748,85982172.77397552,1719643.4554795106,220.8186900405607,4.416373800811215,"[1.302,1.770]",1.619,"[0.322,0.438]",0.38,0.002,0.0,592,1.185,0.12,-1.6444774774709998,36,2.735522522529,0.005,0.0,237,1.1875,0.05,0.5941835225290001,43,2.7691835225290005,1.1964042775509185,1.1911423821762213,0.8795136235678552,0.7725854628196475,1.376178019686742,1.2090443293156683,0.8169237111448704,0.7684112987760183
26,56,2.3474,20.0,1.2104,10351.24412,207.0248824,E04001,1.468422522,0.009177641,0.0089,2.3563,1.137,1.1459,1.0,0.0,0.0,10351.24412,207.0248824,0.3490658503988659,0.030153689607045803,0.9698463103929541,0.03109120412576338,0.006353302645332626,1.2040466973546673,4.433234524286382,1.0075972325621763,0.32192004243331873,0.32566999990031154,1.7907381599003114,1.3381846508984891,2.829807458495681,2.8260575010286884,0.7452020572196779,0.0022555506773553934,4589231.456389493,91784.62912778986,0.002578378503779765,0.0025686396892469635,8804.87121343528,8738.482926402792,91141371.37542921,1822827.4275085842,234.06850032189516,4.681370006437903,90454170.0096473,1809083.400192946,232.30363557737482,4.646072711547497,"[1.302,1.770]",1.619,"[0.322,0.438]",0.38,0.002,0.0,602,1.205,0.12,-1.6444774774709998,37,2.855522522529,0.005,0.0,240,1.2025000000000001,0.05,0.5941835225290001,44,2.8191835225290003,1.2159522701165955,1.2061423821762214,0.8751618354165352,0.7690890878137476,1.401958510455536,1.2356890265413158,0.8009070690609632,0.7621686193369399
26,56,2.3474,20.0,1.2289,10190.16294,203.8032589,E04001,1.462194479,0.009106822,0.0089,2.3563,1.1184999999999998,1.1273999999999997,1.0,0.0,0.0,10190.16294,203.8032589,0.3490658503988659,0.030153689607045803,0.9698463103929541,0.03109120412576338,0.006353302645332626,1.2225466973546675,4.433234524286382,1.0075972325621763,0.3166821173805338,0.32041221562755146,1.8306074256275517,1.3529994181918747,2.8697614845484662,2.8660313863014486,0.7378625097619337,0.0022374400563564627,4554384.780521928,91087.69565513251,0.0025783785037797645,0.002568639689246963,9412.13284301218,9341.165833771165,95911167.28321955,1918223.3466056043,246.31824989367945,4.926365000290805,95188001.89568913,1903760.038847899,244.46102265220324,4.889220455443055,"[1.302,1.770]",1.619,"[0.206,0.322]",0.265,0.002,0.0,611,1.223,0.12,-1.6444774774709998,37,2.855522522529,0.005,0.0,244,1.2225,0.015,0.7091835225290001,143,2.861683522529,1.2335393448278609,1.2250400823071017,0.8709021785241899,0.7070495649574327,1.401958510455536,1.1970542155641268,0.8009070690609632,0.7150915447086372
26,56,2.3474,20.0,1.2474,10035.28311,200.7056623,E04001,1.474796459,0.009167654,0.0089,2.3563,1.0999999999999999,1.1088999999999998,1.0,0.0,0.0,10035.28311,200.7056623,0.3490658503988659,0.030153689607045803,0.9698463103929541,0.03109120412576338,0.006353302645332626,1.2410466973546674,4.433234524286382,1.0075972325621763,0.31144419232774895,0.3151544313547914,1.8711611913547916,1.3679039408360485,2.909715510601251,2.906005271574209,0.7303563802095574,0.0022189442861688395,4522548.480623012,90450.96965752673,0.002578378503779765,0.0025686396892469635,10061.220997470267,9985.359896122398,100967201.14189073,2019344.0238439366,259.30311335377587,5.186062269659431,100205913.51282845,2004118.271255105,257.3479808935213,5.146959620434858,"[1.302,1.770]",1.619,"[0.206,0.322]",0.265,0.002,0.0,620,1.241,0.12,-1.6444774774709998,37,2.855522522529,0.005,0.0,248,1.2425,0.015,0.7091835225290001,146,2.9066835225289998,1.2511206289105203,1.2450400823071017,0.8662753135917682,0.7013015568757361,1.401958510455536,1.2210344430672095,0.8009070690609632,0.7082008144787227
26,56,2.3474,20.0,1.266,9885.706115,197.7141223,E04001,1.466764218,0.009154632,0.0089,2.3563,1.0814,1.0902999999999998,1.0,0.0,0.0,9885.706115,197.7141223,0.3490658503988659,0.030153689607045803,0.9698463103929541,0.03109120412576338,0.006353302645332626,1.2596466973546674,4.433234524286382,1.0075972325621763,0.3061779541665707,0.30986822662650293,1.912624226626503,1.3829765820962057,2.9498855043624297,2.9461952319024975,0.7226407789427396,0.0022000178634020797,4493466.293820392,89869.32587640783,0.0025783785037797645,0.002568639689246963,10758.902487334639,10677.780902569852,106359348.10973276,2127186.962194655,273.15117966253337,5.463023593250668,105557403.96316501,2111148.0792633,271.09163347734574,5.421832669546915,"[1.302,1.770]",1.619,"[0.206,0.322]",0.265,0.002,0.0,629,1.2590000000000001,0.12,-1.6444774774709998,38,2.9755225225290003,0.005,0.0,251,1.2575,0.015,0.7091835225290001,149,2.9516835225289997,1.2686961280805846,1.2600400823071018,0.8612332008553804,0.6969916594397954,1.4274580756992221,1.2450146705702922,0.7816652008001965,0.7013088595013744
26,56,2.3474,20.0,1.2845,9742.808615,194.8561723,E04001,1.467749246,0.009145207,0.0089,2.3563,1.0629,1.0717999999999999,1.0,0.0,0.0,9742.808615,194.8561723,0.3490658503988659,0.030153689607045803,0.9698463103929541,0.03109120412576338,0.006353302645332626,1.2781466973546673,4.433234524286382,1.0075972325621763,0.3009400291137858,0.30461044235374285,1.9545506923537428,1.3980524640920107,2.9898395304152143,2.9861691171752573,0.714797788300991,0.00218091748203615,4467298.141837036,89345.96283674073,0.002578378503779765,0.0025686396892469635,11500.79326732486,11414.077863314471,112050027.72422664,2241000.5544845327,287.76593499345944,5.755318699869188,111205176.13898101,2224103.5227796203,285.5961942865917,5.711923885731833,"[1.302,1.770]",1.619,"[0.206,0.322]",0.265,0.002,0.0,639,1.2790000000000001,0.12,-1.6444774774709998,38,2.9755225225290003,0.005,0.0,255,1.2775,0.015,0.7091835225290001,151,2.981683522529,1.2882176826582423,1.2800400823071019,0.8550743441733153,0.691248368946279,1.4274580756992221,1.2610014889056809,0.7816652008001965,0.6967154797035754
26,56,2.3474,20.0,1.303,9605.601413,192.1120283,E04001,1.436661736,0.009005162,0.0089,2.3563,1.0444,1.0533,1.0,0.0,0.0,9605.601413,192.1120283,0.3490658503988659,0.030153689607045803,0.9698463103929541,0.03109120412576338,0.006353302645332626,1.2966466973546673,4.433234524286382,1.0075972325621763,0.29570210406100095,0.29935265808098277,1.9971616580809828,1.4132097006746673,3.029793556467999,3.026143002448017,0.7067855826600804,0.0021615913148617816,4443763.8821722455,88875.2776619498,0.002578378503779765,0.0025686396892469635,12293.857596173546,12201.162526927566,118089895.8970254,2361797.9184322623,303.2774734310968,6.065549469884854,117199504.00889808,2343990.080666008,300.99077650293395,6.019815531312075,"[1.302,1.770]",1.619,"[0.206,0.322]",0.265,0.002,0.0,648,1.297,0.12,-1.6444774774709998,38,2.9755225225290003,0.005,0.0,259,1.2975,0.015,0.7091835225290001,154,3.026683522529,1.3057809879638853,1.3000400823071019,0.8489555651722678,0.6855107297356698,1.4274580756992221,1.2849817164087638,0.7816652008001965,0.6898300968207081
26,56,2.3474,20.0,1.3215,9474.267245,189.4853449,E04001,1.488241743,0.00953108,0.0089,2.3563,1.0259,1.0348,1.0,0.0,0.0,9474.267245,189.4853449,0.3490658503988659,0.030153689607045803,0.9698463103929541,0.03109120412576338,0.006353302645332626,1.3151466973546673,4.433234524286382,1.0075972325621763,0.2904641790082161,0.29409487380822275,2.0404571238082223,1.42844570208609,3.069747582520784,3.066116887720777,0.6986034472183934,0.00214208483959181,4422918.7704840815,88458.37540968164,0.002578378503779765,0.0025686396892469635,13141.68508597192,13042.597440005355,124507836.55412875,2490156.7310825754,319.75997443028723,6.395199488605745,123569053.71556357,2471381.074311272,317.34900027184784,6.346980005436959,"[1.302,1.770]",1.619,"[0.206,0.322]",0.265,0.002,0.0,657,1.315,0.12,-1.6444774774709998,39,3.0955225225290004,0.005,0.0,263,1.3175000000000001,0.015,0.7091835225290001,157,3.071683522529,1.3233385260800716,1.320040082307102,0.8422054782842892,0.679780798779825,1.4526857036435823,1.3089619439118465,0.7581230104689052,0.6829535750374445
26,56,2.3474,20.0,1.34,9348.999391,186.9799878,E04001,1.476093796,0.00935929,0.0089,2.3563,1.0073999999999999,1.0162999999999998,1.0,0.0,0.0,9348.999391,186.9799878,0.3490658503988659,0.030153689607045803,0.9698463103929541,0.03109120412576338,0.006353302645332626,1.3336466973546675,4.433234524286382,1.0075972325621763,0.28522625395543116,0.28883708953546255,2.084437089535463,1.4437579747088716,3.109701608573569,3.1060907729935376,0.690250753207684,0.0021224401406341243,4404835.364735792,88096.70728529274,0.0025783785037797654,0.002568639689246964,14048.140674989912,13942.21839937719,131336058.61516301,2626721.1720222975,337.29615666642644,6.745923132606963,130345791.32496634,2606915.8262204826,334.7529605740682,6.695059210765239,"[1.302,1.770]",1.619,"[0.206,0.322]",0.265,0.002,0.0,666,1.333,0.12,-1.6444774774709998,39,3.0955225225290004,0.005,0.0,266,1.3325,0.015,0.7091835225290001,159,3.101683522529,1.340890302684329,1.3350400823071018,0.8347231759785326,0.6754896050213846,1.4526857036435823,1.3249487622472351,0.7581230104689052,0.6783758854955179
26,56,2.3474,20.0,1.3586,9229.327157,184.5865431,E04001,1.462728514,0.008949732,0.0089,2.3563,0.9887999999999999,0.9976999999999999,1.0,0.0,0.0,9229.327157,184.5865431,0.3490658503988659,0.030153689607045803,0.9698463103929541,0.03109120412576338,0.006353302645332626,1.3522466973546674,4.433234524286382,1.0075972325621763,0.2799600157942529,0.28355088480717416,2.129344844807174,1.4592274821998021,3.149871602334747,3.146280733321826,0.6816804208571199,0.0021025891910096814,4389505.661145342,87790.11320388266,0.002578378503779765,0.0025686396892469635,15022.807497573485,14909.536283037049,138650405.21173817,2773008.1036338513,356.0807998296569,7.121615995049881,137604988.11531067,2752099.761709832,353.3959684706499,7.067919367881377,"[1.302,1.770]",1.619,"[0.206,0.322]",0.265,0.002,0.0,676,1.353,0.12,-1.6444774774709998,39,3.0955225225290004,0.005,0.0,270,1.3525,0.015,0.7091835225290001,162,3.146683522529,1.3603855262540492,1.3550400823071018,0.8253993596829395,0.6697778922424592,1.4526857036435823,1.3489289897503178,0.7581230104689052,0.6715218388909228
26,56,2.3474,20.0,1.3771,9115.240365,182.3048073,E04001,1.45909482,0.008963011,0.0089,2.3563,0.9702999999999999,0.9792,1.0,0.0,0.0,9115.240365,182.3048073,0.3490658503988659,0.030153689607045803,0.9698463103929541,0.03109120412576338,0.006353302645332626,1.3707466973546674,4.433234524286382,1.0075972325621763,0.27472209074146803,0.2782931005344141,2.174697510534414,1.4746855632759188,3.189825628387532,3.1862546185945857,0.6729841556924783,0.0020827815127408764,4376474.589024282,87529.49178048564,0.002578378503779765,0.0025686396892469635,16059.720020451346,15938.630537535088,146388208.18101674,2927764.1636203346,375.9529600733815,7.51905920146763,145284448.43856147,2905688.9687712295,373.1182936235212,7.462365872470424,"[1.302,1.770]",1.619,"[0.206,0.322]",0.265,0.002,0.0,685,1.371,0.12,-1.6444774774709998,40,3.2155225225289996,0.005,0.0,274,1.3725,0.015,0.7091835225290001,165,3.191683522529,1.3779251582692567,1.3750400823071018,0.8159288461261001,0.6640791669331315,1.477649913200874,1.3729092172534005,0.7286672135096625,0.6646856553191806
26,56,2.3474,20.0,1.3956,9007.119789,180.1423958,E04001,1.443302665,0.008892965,0.0089,2.3563,0.9518,0.9607,1.0,0.0,0.0,9007.119789,180.1423958,0.3490658503988659,0.030153689607045803,0.9698463103929541,0.03109120412576338,0.006353302645332626,1.3892466973546673,4.433234524286382,1.0075972325621763,0.26948416568868316,0.27303531626165406,2.220734676261654,1.4902129633920294,3.229779654440317,3.226228503867346,0.6641159930995768,0.00206294372213727,4366149.057943452,87322.98116856393,0.002578378503779765,0.0025686396892469635,17168.79956932691,17039.347682276875,154641434.3542591,3092828.6874285582,397.148825837028,7.942976517622416,153475445.70068732,3069508.9143545334,394.1543436231311,7.883086873337829,"[1.302,1.770]",1.619,"[0.206,0.322]",0.265,0.002,0.0,694,1.389,0.12,-1.6444774774709998,40,3.2155225225289996,0.005,0.0,277,1.3875,0.015,0.7091835225290001,167,3.2216835225289997,1.3954590463764731,1.3900400823071017,0.8052326613162066,0.6598147220349806,1.477649913200874,1.388896035588789,0.7286672135096625,0.6601396610159225
26,56,2.3474,20.0,1.4141,8897.842881,177.9568576,E04001,1.438550913,0.008878556,0.0089,2.3563,0.9333,0.9422,1.0,0.0,0.0,8897.842881,177.9568576,0.3490658503988659,0.030153689607045803,0.9698463103929541,0.03109120412576338,0.006353302645332626,1.4077466973546673,4.433234524286382,1.0075972325621763,0.2642462406358983,0.267777531988894,2.267456341988894,1.505807538163126,3.2697336804931014,3.2662023891401057,0.6550756817512102,0.0020431063123758065,4355056.233296656,87101.1246561441,0.002578378503779765,0.0025686396892469635,18355.295070611246,18216.89706703178,163322531.57269266,3266450.6310867476,419.44354640577205,8.388870927172643,162091087.8817985,3241821.757271632,416.28096311775977,8.325619261419504,"[1.302,1.770]",1.619,"[0.206,0.322]",0.265,0.002,0.0,703,1.407,0.12,-1.6444774774709998,40,3.2155225225289996,0.005,0.0,281,1.4075,0.015,0.7091835225290001,170,3.266683522529,1.4129871962150915,1.4100400823071018,0.7930595237037271,0.6541429755810446,1.477649913200874,1.412876263091872,0.7286672135096625,0.6533400680008223
26,56,2.3474,20.0,1.4327,8777.0886,175.541772,E04001,1.446949049,0.00887538,0.0089,2.3563,0.9146999999999998,0.9235999999999999,1.0,0.0,0.0,8777.0886,175.541772,0.3490658503988659,0.030153689607045803,0.9698463103929541,0.03109120412576338,0.006353302645332626,1.4263466973546675,4.433234524286382,1.0075972325621763,0.25898000247472,0.2624913272606054,2.3151206172606056,1.521552042245222,3.3099036742542802,3.306392349468395,0.6458128064092505,0.0020231903816471403,4338241.561258465,86764.83122516931,0.0025783785037797645,0.002568639689246963,19631.987755674152,19483.963553326565,172311695.92566717,3446233.9185133437,442.5294423879672,8.850588847759346,171012474.38671806,3420249.487734362,439.19279260293115,8.783855852058625,"[1.302,1.770]",1.619,"[0.206,0.322]",0.265,0.002,0.0,713,1.427,0.12,-1.6444774774709998,41,3.3355225225289997,0.005,0.0,285,1.4275,0.015,0.7091835225290001,173,3.311683522529,1.4324561950374033,1.4300400823071018,0.7774029323340769,0.6484889532070843,1.502358787576528,1.4368564905949548,0.6907614586975126,0.6465662824517918
26,56,2.3474,20.0,1.4512,8660.704407,173.2140881,E04001,1.43175421,0.008833,0.0089,2.3563,0.8961999999999999,0.9050999999999999,1.0,0.0,0.0,8660.704407,173.2140881,0.3490658503988659,0.030153689607045803,0.9698463103929541,0.03109120412576338,0.006353302645332626,1.4448466973546674,4.433234524286382,1.0075972325621763,0.2537420774219351,0.25723354298784534,2.3632149829878455,1.5372751812827283,3.3498577003070653,3.346366234741155,0.6364269243674664,0.0020034359546912046,4322925.51539782,86458.5102879907,0.002578378503779765,0.0025686396892469635,20991.337077132783,20833.06344912719,181799765.53274637,3635995.309815274,466.8966226307423,9.337932450458455,180429004.42516646,3608580.087670007,463.37624552966537,9.267524908453176,"[1.302,1.770]",1.619,"[0.206,0.322]",0.265,0.002,0.0,722,1.445,0.12,-1.6444774774709998,41,3.3355225225289997,0.005,0.0,288,1.4425000000000001,0.015,0.7091835225290001,175,3.341683522529,1.4499722492313722,1.445040082307102,0.7609174809975634,0.6442610277193598,1.502358787576528,1.4528433089303432,0.6907614586975126,0.642066109227539
26,56,2.3474,20.0,1.4697,8547.473369,170.9494674,E04001,1.485819195,0.009722171,0.0089,2.3563,0.8776999999999999,0.8865999999999999,1.0,0.0,0.0,8547.473369,170.9494674,0.3490658503988659,0.030153689607045803,0.9698463103929541,0.03109120412576338,0.006353302645332626,1.4633466973546674,4.433234524286382,1.0075972325621763,0.24850415236915027,0.2519757587150853,2.411993848715085,1.5530595122902036,3.38981172635985,3.386340120013915,0.6268687664612099,0.0019837594761613992,4308724.657255058,86174.49315518305,0.002578378503779764,0.0025686396892469626,22446.663429257,22277.416713599276,191862257.88448042,3837245.158138542,492.7390305156197,9.85478061146534,190415626.0896053,3808312.522237655,489.02380295612215,9.780476060266698,"[1.302,1.770]",1.619,"[0.206,0.322]",0.265,0.002,0.0,731,1.463,0.12,-1.6444774774709998,41,3.3355225225289997,0.005,0.0,292,1.4625000000000001,0.015,0.7091835225290001,178,3.3866835225289997,1.4674825826425888,1.465040082307102,0.7415505523480528,0.6386418105000615,1.502358787576528,1.476823536433426,0.6907614586975126,0.6353412990113855
26,56,2.3474,20.0,1.4882,8437.547209,168.7509442,E04001,1.445917836,0.008071066,0.0089,2.3563,0.8592,0.8681,1.0,0.0,0.0,8437.547209,168.7509442,0.3490658503988659,0.030153689607045803,0.9698463103929541,0.03109120412576338,0.006353302645332626,1.4818466973546673,4.433234524286382,1.0075972325621763,0.24326622731636538,0.24671797444232524,2.4614572144423255,1.5689031883587736,3.4297657524126346,3.4263140052866747,0.617138509696931,0.0019641825776041577,4295704.129140494,85914.08259299224,0.0025783785037797654,0.002568639689246964,24005.233922583422,23824.235663630727,202545294.48488587,4050905.890177822,520.1751148997411,10.403502299227823,201018113.13022572,4020362.263080999,516.2530206410054,10.325060414043811,"[1.302,1.770]",1.619,"[0.206,0.322]",0.265,0.002,0.0,740,1.481,0.12,-1.6444774774709998,42,3.455522522529,0.005,0.0,296,1.4825,0.015,0.7091835225290001,181,3.4316835225289997,1.4849872008726663,1.4850400823071017,0.718479783615826,0.6330445298284321,1.5268200048436302,1.5008037639365086,0.64017602871249,0.6286492244490213
26,56,2.3474,20.0,1.5067,8329.412953,166.5882591,E04001,1.428672113,0.007959745,0.0089,2.3563,0.8407,0.8496,1.0,0.0,0.0,8329.412953,166.5882591,0.3490658503988659,0.030153689607045803,0.9698463103929541,0.03109120412576338,0.006353302645332626,1.5003466973546673,4.433234524286382,1.0075972325621763,0.23802830226358052,0.24146019016956516,2.5116050801695646,1.5848044296283263,3.4697197784654197,3.466287890559435,0.6072364455348552,0.001944725035482181,4283080.024696026,85661.60051448898,0.002578378503779765,0.0025686396892469635,25674.95864083875,25481.370741313956,213857333.07074153,4277146.662441829,549.2265968712803,10.984531940063135,212244859.51289564,4244897.191277168,545.0854558965742,10.901709120549125,"[1.302,1.770]",1.619,"[0.206,0.322]",0.265,0.002,0.0,750,1.5010000000000001,0.12,-1.6444774774709998,42,3.455522522529,0.005,0.0,300,1.5025,0.015,0.7091835225290001,183,3.461683522529,1.504430080495311,1.5050400823071017,0.6870637498786725,0.6274705918998236,1.5268200048436302,1.5167905822718974,0.64017602871249,0.62420719213524
26,56,2.3474,20.0,1.5253,8223.708552,164.474171,E04001,1.434875753,0.008001256,0.0089,2.3563,0.8220999999999998,0.8309999999999998,1.0,0.0,0.0,8223.708552,164.474171,0.3490658503988659,0.030153689607045803,0.9698463103929541,0.03109120412576338,0.006353302645332626,1.5189466973546675,4.433234524286382,1.0075972325621763,0.2327620641024022,0.23617398544127663,2.562714075441277,1.6008479238957325,3.509889772226598,3.5064778508877237,0.5971080667440511,0.0019253008681360997,4271388.793358537,85427.77584639478,0.0025783785037797645,0.002568639689246963,27474.476387045223,27267.320214031894,225942086.42586586,4518841.727418339,580.2625583880556,11.605251164938725,224238494.43425655,4484769.887594438,575.887407821209,11.517748153623073,"[1.302,1.770]",1.619,"[0.206,0.322]",0.265,0.002,0.0,759,1.5190000000000001,0.12,-1.6444774774709998,42,3.455522522529,0.005,0.0,303,1.5175,0.015,0.7091835225290001,186,3.506683522529,1.521922651697274,1.5200400823071019,0.6516580110286655,0.6233062662872256,1.5268200048436302,1.5407708097749802,0.64017602871249,0.6175748258708426
26,56,2.3474,20.0,1.5438,8120.427032,162.4085406,E04001,1.440810927,0.008004505,0.0089,2.3563,0.8035999999999999,0.8124999999999999,1.0,0.0,0.0,8120.427032,162.4085406,0.3490658503988659,0.030153689607045803,0.9698463103929541,0.03109120412576338,0.006353302645332626,1.5374466973546674,4.433234524286382,1.0075972325621763,0.2275241390496173,0.23091620116851658,2.6142346411685167,1.616859499513955,3.5498437982793827,3.5464517361604835,0.5868628121400149,0.0019061354448539293,4260152.159660555,85203.04317222624,0.0025783785037797654,0.002568639689246964,29393.89960228197,29172.27107456168,238691016.90626454,4773820.336949536,613.0042539893082,12.260085076766599,236891298.61870232,4737825.971207156,608.3822326809351,12.167644650621902,"[1.302,1.770]",1.619,"[0.206,0.322]",0.265,0.002,0.0,768,1.537,0.12,-1.6444774774709998,43,3.575522522529,0.005,0.0,307,1.5375,0.015,0.7091835225290001,189,3.5516835225289998,1.5394095250869597,1.5400400823071019,0.6066550847514007,0.6177763666866957,1.5510408658130275,1.5647510372780629,0.5692916162902038,0.6109811597133314
26,56,2.3474,20.0,1.5623,8019.48262,160.3896524,E04001,1.434007722,0.007905747,0.0089,2.3563,0.7850999999999999,0.7939999999999999,1.0,0.0,0.0,8019.48262,160.3896524,0.3490658503988659,0.030153689607045803,0.9698463103929541,0.03109120412576338,0.006353302645332626,1.5559466973546674,4.433234524286382,1.0075972325621763,0.22228621399683246,0.22565841689575653,2.6664397068957566,1.632923668422917,3.5897978243321678,3.5864256214332433,0.5764473430411772,0.0018871388781050323,4249545.549108051,84990.910982161,0.0025783785037797645,0.002568639689246963,31452.878538638328,31215.725413078137,252235812.78958106,5044716.255791621,647.7898843976386,12.955797687952774,250333967.42087242,5006679.348417449,642.9055811818788,12.858111623637576,"[1.302,1.770]",1.619,"[0.206,0.322]",0.265,0.002,0.0,777,1.555,0.12,-1.6444774774709998,43,3.575522522529,0.005,0.0,311,1.5575,0.015,0.7091835225290001,191,3.581683522529,1.5568907062285646,1.560040082307102,0.5475544000324394,0.6122733449657407,1.5510408658130275,1.5807378556134515,0.5692916162902038,0.6066078752982921
26,56,2.3474,20.0,1.5808,7918.901447,158.3780289,E04001,1.426965606,0.007968277,0.0089,2.3563,0.7666,0.7755,1.0,0.0,0.0,7918.901447,158.3780289,0.3490658503988659,0.030153689607045803,0.9698463103929541,0.03109120412576338,0.006353302645332626,1.5744466973546674,4.433234524286382,1.0075972325621763,0.21704828894404762,0.22040063262299645,2.7193292726229963,1.6490388936053013,3.6297518503849524,3.6263995067060035,0.5658624368232213,0.0018683247043653844,4238503.847054691,84770.07691968427,0.0025783785037797645,0.002568639689246963,33662.710464749136,33408.89531737762,266571686.609244,5331433.730838371,684.6071544818262,13.692143086178433,264561749.47145313,5291234.9880927075,679.4452508974917,13.588905014517819,"[1.302,1.770]",1.619,"[0.206,0.322]",0.265,0.002,0.0,787,1.575,0.12,-1.6444774774709998,43,3.575522522529,0.005,0.0,314,1.5725,0.015,0.7091835225290001,194,3.626683522529,1.5763075714931887,1.5750400823071018,0.4556209563863174,0.6081644225911661,1.5510408658130275,1.6047180831165342,0.5692916162902038,0.600083093380314
26,56,2.3474,20.0,1.5993,7819.866586,156.3973317,E04001,1.470613325,0.00969326,0.0089,2.3563,0.7481,0.757,1.0,0.0,0.0,7819.866586,156.3973317,0.3490658503988659,0.030153689607045803,0.9698463103929541,0.03109120412576338,0.006353302645332626,1.5929466973546673,4.433234524286382,1.0075972325621763,0.21181036389126273,0.2151428483502364,2.772903338350236,1.6652036927506004,3.6697058764377375,3.6663733919787638,0.5551089984782441,0.0018497051638847448,4227628.672224033,84552.5734336681,0.0025783785037797654,0.002568639689246964,36035.80222325426,35764.094083129174,281795165.7053305,5635903.313385894,723.7039649415307,14.474079296979676,279670444.2992221,5593408.88526916,718.2472733686004,14.364945465535026,"[1.302,1.770]",1.619,"[0.206,0.322]",0.265,0.002,0.0,796,1.593,0.12,-1.6444774774709998,44,3.695522522529,0.005,0.0,318,1.5925,0.015,0.7091835225290001,197,3.671683522529,1.5937767538983962,1.5950400823071018,0.33208103089349233,0.6027112130487231,1.5750283194857873,1.6286983106196171,0.4628533793046098,0.5936020728273398
26,56,2.3474,20.0,1.5993,7819.866586,156.3973317,E04001,1.419461557,0.009053863,0.0089,2.3563,0.7481,0.757,1.0,0.0,0.0,7819.866586,156.3973317,0.3490658503988659,0.030153689607045803,0.9698463103929541,0.03109120412576338,0.006353302645332626,1.5929466973546673,4.433234524286382,1.0075972325621763,0.21181036389126273,0.2151428483502364,2.772903338350236,1.6652036927506004,3.6697058764377375,3.6663733919787638,0.5551089984782441,0.0018497051638847448,4227628.672224033,84552.5734336681,0.0025783785037797654,0.002568639689246964,36035.80222325426,35764.094083129174,281795165.7053305,5635903.313385894,723.7039649415307,14.474079296979676,279670444.2992221,5593408.88526916,718.2472733686004,14.364945465535026,"[1.302,1.770]",1.619,"[0.206,0.322]",0.265,0.002,0.0,796,1.593,0.12,-1.6444774774709998,44,3.695522522529,0.005,0.0,318,1.5925,0.015,0.7091835225290001,197,3.671683522529,1.5937767538983962,1.5950400823071018,0.33208103089349233,0.6027112130487231,1.5750283194857873,1.6286983106196171,0.4628533793046098,0.5936020728273398
26,56,2.3474,20.0,1.6179,7720.674483,154.4134897,E04001,1.424745989,0.008406001,0.0089,2.3563,0.7295,0.7384000000000001,1.0,0.0,0.0,7720.674483,154.4134897,0.3490658503988659,0.030153689607045803,0.9698463103929541,0.03109120412576338,0.006353302645332626,1.6115466973546673,4.433234524286382,1.0075972325621763,0.20654412573008446,0.2098566436219479,2.8274570536219477,1.6815044019038272,3.7098758701989154,3.706563352307052,0.5441285777062383,0.0018311923352196603,4216200.742274223,84324.01486732817,0.002578378503779765,0.0025686396892469635,38600.09903920224,38309.056229787064,298018799.6932416,5960375.995408836,765.3693647485983,15.307387298937263,295771752.9011292,5915435.059554946,759.5985181523107,15.191970366981613,"[1.302,1.770]",1.619,"[0.206,0.322]",0.265,0.002,0.0,805,1.611,0.12,-1.6444774774709998,44,3.695522522529,0.005,0.0,322,1.6125,0.015,0.7091835225290001,199,3.7016835225289997,1.6112402613085095,1.6150400823071018,0.13328918249877533,0.5972879513347139,1.5750283194857873,1.6446851289550055,0.4628533793046098,0.5893065379186914
26,56,2.3474,20.0,1.6364,7621.98547,152.4397094,E04001,1.443193515,0.008423002,0.0089,2.3563,0.7109999999999999,0.7198999999999999,1.0,0.0,0.0,7621.98547,152.4397094,0.3490658503988659,0.030153689607045803,0.9698463103929541,0.03109120412576338,0.006353302645332626,1.6300466973546675,4.433234524286382,1.0075972325621763,0.2013062006772995,0.20459885934918776,2.882403819349188,1.6977643591939335,3.749829896251701,3.7465372375798127,0.5330404160256493,0.0018129952396501367,4204084.656874695,84081.69313749389,0.002578378503779765,0.0025686396892469635,41343.15982024014,41031.43447021025,315116963.43375814,6302339.268675162,809.2807244813293,16.185614489626587,312740997.3451997,6254819.946903994,803.1787884365698,16.063575768731397,"[1.302,1.770]",1.619,"[0.145,0.206]",0.16,0.002,0.0,815,1.631,0.12,-1.6444774774709998,44,3.695522522529,0.005,0.0,326,1.6325,0.03,0.8141835225290001,97,3.7391835225289998,1.6306375092946084,1.6340336346005144,-0.30212476296814617,0.47621837698280306,1.5750283194857873,1.6087147877003813,0.4628533793046098,0.4835663397621881
26,56,2.3474,20.0,1.6549,7524.16854,150.4833708,E04001,1.435374546,0.008359728,0.0089,2.3563,0.6924999999999999,0.7013999999999999,1.0,0.0,0.0,7524.16854,150.4833708,0.3490658503988659,0.030153689607045803,0.9698463103929541,0.03109120412576338,0.006353302645332626,1.6485466973546674,4.433234524286382,1.0075972325621763,0.19606827562451468,0.1993410750764277,2.938035085076428,1.7140697433524774,3.7897839223044856,3.7865111228525725,0.521787232132706,0.0017950226531743307,4191684.448491058,83833.68896982116,0.0025783785037797645,0.002568639689246963,44294.938727281406,43960.957112442324,333282584.4530384,6665651.689060767,855.9335189832246,17.118670379664493,330769650.49372774,6615393.009874555,849.4798232094262,16.989596464188526,"[1.302,1.770]",1.619,"[0.145,0.206]",0.16,0.002,0.0,824,1.649,0.12,-1.6444774774709998,45,3.815522522529,0.005,0.0,329,1.6475,0.03,0.8141835225290001,99,3.799183522529,1.648089054299355,1.6490336346005143,-1.3985509137174537,0.4719171682068677,1.598788986339514,1.6406884243711584,0.2852091271853115,0.47430535254907974
26,56,2.3474,20.0,1.6734,7423.363946,148.4672789,E04001,1.41445308,0.008257712,0.0089,2.3563,0.6739999999999999,0.6829,1.0,0.0,0.0,7423.363946,148.4672789,0.3490658503988659,0.030153689607045803,0.9698463103929541,0.03109120412576338,0.006353302645332626,1.6670466973546674,4.433234524286382,1.0075972325621763,0.19083035057172984,0.19408329080366765,2.994350850803668,1.7304192702358778,3.8297379483572698,3.826485008125332,0.5103704632879021,0.0017772824852581518,4176805.886275164,83536.11771425013,0.0025783785037797645,0.002568639689246963,47473.89920975934,47115.94839243452,352416031.7697654,7048320.634445828,905.0718768094011,18.10143753374958,349758832.57799506,6995176.650617582,898.2476802838493,17.96495360325693,"[1.302,1.770]",1.619,"[0.145,0.206]",0.16,0.002,0.0,833,1.667,0.12,-1.6444774774709998,45,3.815522522529,0.005,0.0,333,1.6675,0.03,0.8141835225290001,100,3.8291835225289996,1.6655349414750233,1.6690336346005143,-15.066904430670508,0.46624250129860967,1.598788986339514,1.6566752427065468,0.2852091271853115,0.46974085682501415
26,56,2.3474,20.0,1.692,7322.052614,146.4410523,E04001,1.434024112,0.008563173,0.0089,2.3563,0.6554,0.6643,1.0,0.0,0.0,7322.052614,146.4410523,0.3490658503988659,0.030153689607045803,0.9698463103929541,0.03109120412576338,0.006353302645332626,1.6856466973546673,4.433234524286382,1.0075972325621763,0.1855641124105515,0.18879708607537915,3.051661086075379,1.7469004224841722,3.8699079421184486,3.866674968453621,0.4987286589176743,0.0017596878158410044,4160995.2334076855,83219.90467951936,0.0025783785037797654,0.002568639689246964,50919.79479768524,50535.862100577084,372837416.6027348,7456748.333073092,957.5179048887865,19.150358100391163,370026241.19427395,7400524.824896196,950.2982679437841,19.005965361471397,"[1.302,1.770]",1.619,"[0.145,0.206]",0.16,0.002,0.0,842,1.685,0.12,-1.6444774774709998,45,3.815522522529,0.005,0.0,337,1.6875,0.03,0.8141835225290001,101,3.859183522529,1.6829751763208947,1.6890336346005144,4.377729360134448,0.4606367046048985,1.598788986339514,1.6726620610419356,0.2852091271853115,0.46522037781342557
26,56,2.3474,20.0,1.7106,7218.959121,144.3791824,E04001,1.426798494,0.007494155,0.0089,2.3563,0.6368,0.6457,1.0,0.0,0.0,7218.959121,144.3791824,0.3490658503988659,0.030153689607045803,0.9698463103929541,0.03109120412576338,0.006353302645332626,1.7042466973546673,4.433234524286382,1.0075972325621763,0.18029787424937324,0.18351088134709068,3.10966324134709,1.763423727113563,3.910077935879627,3.9068649287819097,0.4869248298220878,0.0017423414633224968,4143251.637502823,82865.03273857765,0.0025783785037797645,0.002568639689246963,54639.32094747721,54227.343209882776,394439024.31903696,7888780.485287952,1012.9949714107396,20.259899425408307,391464973.87258065,7829299.476367067,1005.3570401685578,20.10714080058583,"[1.302,1.770]",1.619,"[0.145,0.206]",0.16,0.002,0.0,852,1.705,0.12,-1.6444774774709998,46,3.9355225225290003,0.005,0.0,340,1.7025000000000001,0.03,0.8141835225290001,103,3.919183522529,1.7023465924403496,1.7040336346005145,2.43183755897646,0.4564775102958987,1.622329179669657,1.7046356977127126,-0.0709003183456889,0.4563113775930474
26,56,2.3474,20.0,1.7292,7113.234923,142.2646985,E04001,1.419888435,0.007225967,0.0089,2.3563,0.6181999999999999,0.6270999999999999,1.0,0.0,0.0,7113.234923,142.2646985,0.3490658503988659,0.030153689607045803,0.9698463103929541,0.03109120412576338,0.006353302645332626,1.7228466973546674,4.433234524286382,1.0075972325621763,0.17503163608819491,0.17822467661880212,3.168357316618802,1.7799880102458,3.9502479296408057,3.9470548891101984,0.4749608607402463,0.0017252489320104879,4123019.4617252825,82460.38925769071,0.0025783785037797645,0.002568639689246963,58658.47315149033,58216.19120799904,417251499.7510389,8345029.997367118,1071.581778174965,21.43163556952515,414105444.38478434,8282108.890024335,1063.502105350255,21.270042112985514,"[1.770,2.067]",1.921,"[0.145,0.206]",0.16,0.002,0.0,861,1.723,0.12,-2.7135574774710003,55,3.946442522529,0.005,0.0,344,1.7225000000000001,0.03,0.8141835225290001,104,3.9491835225289997,1.729694301825056,1.7240336346005145,0.7526928450676358,0.4509920240160289,1.825181997377196,1.720622516048101,0.6100265620696884,0.45192275316160896
26,56,2.3474,20.0,1.7477,7004.997234,140.0999447,E04001,1.414704342,0.007094935,0.0089,2.3563,0.5996999999999999,0.6085999999999999,1.0,0.0,0.0,7004.997234,140.0999447,0.3490658503988659,0.030153689607045803,0.9698463103929541,0.03109120412576338,0.006353302645332626,1.7413466973546674,4.433234524286382,1.0075972325621763,0.16979371103541002,0.17296689234604207,3.227422182346042,1.7965027643580296,3.9902019556935904,3.987028774382958,0.46290437192378514,0.0017085048077246066,4100074.6397250607,82001.49280620736,0.002578378503779765,0.0025686396892469635,62982.10487520874,62507.22296552385,441189470.4423351,8823789.410106344,1133.0590723598507,22.661181450432014,437862923.97851586,8757258.480820462,1124.5158638225346,22.4903172796613,"[1.770,2.067]",1.921,"[0.145,0.206]",0.16,0.002,0.0,870,1.741,0.12,-2.7135574774710003,55,3.946442522529,0.005,0.0,348,1.7425,0.03,0.8141835225290001,105,3.979183522529,1.7471137810049413,1.7440336346005143,0.735423257600522,0.44557507419137643,1.825181997377196,1.7366093343834896,0.6100265620696884,0.44757794123253297
26,56,2.3474,20.0,1.7662,6892.807521,137.8561504,E04001,1.427575044,0.007094352,0.0089,2.3563,0.5811999999999999,0.5901,1.0,0.0,0.0,6892.807521,137.8561504,0.3490658503988659,0.030153689607045803,0.9698463103929541,0.03109120412576338,0.006353302645332626,1.7598466973546674,4.433234524286382,1.0075972325621763,0.16455578598262519,0.16770910807328201,3.287171548073282,1.8130558590604102,4.0301559817463755,4.027002659655718,0.4506936058639985,0.0016920205575659977,4073713.8152242242,81474.27629266429,0.0025783785037797645,0.002568639689246963,67663.29314821403,67153.11531389969,466390055.9076374,9327801.116799481,1197.7790031451723,23.955580059427994,462873498.294228,9257469.964541499,1188.7478095780302,23.774956188111364,"[1.770,2.067]",1.921,"[0.145,0.206]",0.16,0.002,0.0,879,1.7590000000000001,0.12,-2.7135574774710003,56,4.066442522528999,0.005,0.0,351,1.7575,0.03,0.8141835225290001,107,4.039183522529,1.7645276334758577,1.7590336346005144,0.7153535924042208,0.4415572108531634,1.846809318806573,1.7685829710542667,0.5491825476785108,0.43901932114901365
26,56,2.3474,20.0,1.7847,6775.07147,135.5014294,E04001,1.445003207,0.007306196,0.0089,2.3563,0.5627,0.5716,1.0,0.0,0.0,6775.07147,135.5014294,0.3490658503988659,0.030153689607045803,0.9698463103929541,0.03109120412576338,0.006353302645332626,1.7783466973546673,4.433234524286382,1.0075972325621763,0.15931786092984032,0.16245132380052196,3.3476054138005216,1.8296462537333609,4.07011000779916,4.066976544928478,0.4383308434514329,0.0016757996212022027,4042888.770400621,80857.77540801243,0.0025783785037797645,0.002568639689246963,72738.49969290537,72190.05505596887,492808534.04000694,9856170.68080014,1265.6267155935454,25.312534311870913,489092782.42742395,9781855.64854848,1256.0839536798221,25.121679073596443,"[1.770,2.067]",1.921,"[0.145,0.206]",0.16,0.002,0.0,889,1.7790000000000001,0.12,-2.7135574774710003,56,4.066442522528999,0.005,0.0,355,1.7775,0.03,0.8141835225290001,108,4.069183522529,1.783869765844159,1.7790336346005144,0.688864331270195,0.43625965348905105,1.846809318806573,1.7845697893896555,0.5491825476785108,0.4348052497709875
26,56,2.3474,30.0,0.5051,807.4073453,16.14814691,E04001,0.968532185,0.015110093,0.0089,2.3563,1.8422999999999998,1.8511999999999997,1.0,0.0,0.0,807.4073453,16.14814691,0.5235987755982988,0.06698729810778066,0.9330127018922194,0.07179676972449082,0.014067537818306164,0.49103246218169383,4.433234524286382,1.0075972325621763,1.1587771021845032,1.1687897043506408,1.423915714350641,1.19327939492419,0.6694225049444968,0.6594099027783593,0.8511091335309559,-0.00019730543827635197,-4092169.7463255967,-81843.39494678508,0.0005026055822107782,0.0005007071865558633,2532.449072785626,2513.354533880535,2044717.9829652887,40894.35966943557,5.2512274572041635,0.10502454917009854,2029300.9119982019,40586.018250017456,5.211633465736146,0.10423266934054201,"[0.878,1.302]",0.991,"[1.050,1.500]",1.25,0.002,0.0,245,0.491,0.12,-0.005397477470999945,5,0.654602522529,0.005,0.0,98,0.4925,0.1,-0.2758164774709999,9,0.6741835225290002,0.4980359436297732,0.5044815203165176,0.8388450904373902,0.8526389489904858,0.341056325282978,0.5562492472873035,0.8599294812197043,0.848077635428953
26,56,2.3474,30.0,0.5211,938.5535809,18.77107162,E04001,0.972773445,0.013211819,0.0089,2.3563,1.8262999999999998,1.8351999999999997,1.0,0.0,0.0,938.5535809,18.77107162,0.5235987755982988,0.06698729810778066,0.9330127018922194,0.07179676972449082,0.014067537818306164,0.5070324621816938,4.433234524286382,1.0075972325621763,1.148713359235498,1.1586878054366336,1.4302330154366336,1.1959234989900622,0.7095109838935021,0.6995365376923666,0.849440481390414,-0.00015968268683552288,-5877616.412271002,-117552.32825794489,0.0005026055822107782,0.0005007071865558633,2594.6174697257156,2575.054184227931,2435187.5172767676,48703.75035072459,6.254028017897903,0.125080560371285,2416826.325618653,48336.52651752317,6.206872960532851,0.1241374592238835,"[0.878,1.302]",0.991,"[1.050,1.500]",1.25,0.002,0.0,253,0.507,0.12,-0.005397477470999945,5,0.654602522529,0.005,0.0,101,0.5075000000000001,0.1,-0.2758164774709999,9,0.6741835225290002,0.5138822431660373,0.5194815203165177,0.835836866048463,0.851358159079207,0.341056325282978,0.5562492472873035,0.8599294812197043,0.848077635428953
26,56,2.3474,30.0,0.537,1067.373965,21.34747931,E04001,0.94624755,0.011617297,0.0089,2.3563,1.8104,1.8193,1.0,0.0,0.0,1067.373965,21.34747931,0.5235987755982988,0.06698729810778066,0.9330127018922194,0.07179676972449082,0.014067537818306164,0.5229324621816939,4.433234524286382,1.0075972325621763,1.1387125146799244,1.148649043390839,1.437018043390839,1.198756874178763,0.7493489098490758,0.7394123811381612,0.8477142548347069,-0.0001230572462225258,-8673800.184589338,-173476.00377304977,0.0005026055822107783,0.0005007071865558634,2659.8605997558907,2639.8053843322336,2839065.954708723,56781.31912077307,7.291265210353993,0.1458253042753902,2817659.539903045,56353.19082445896,7.236289436616797,0.1447257888001312,"[0.878,1.302]",0.991,"[1.050,1.500]",1.25,0.002,0.0,261,0.523,0.12,-0.005397477470999945,6,0.7746025225290001,0.005,0.0,104,0.5225,0.1,-0.2758164774709999,10,0.7741835225290001,0.5297237772998713,0.5344815203165176,0.832615481846149,0.8500438570933383,0.38712638227275475,0.6095386417385985,0.8551012474988304,0.8429756892510153
26,56,2.3474,30.0,0.553,1191.405691,23.82811381,E04001,0.948459462,0.010575743,0.0089,2.3563,1.7944,1.8033,1.0,0.0,0.0,1191.405691,23.82811381,0.5235987755982988,0.06698729810778066,0.9330127018922194,0.07179676972449082,0.014067537818306164,0.5389324621816939,4.433234524286382,1.0075972325621763,1.1286487717309195,1.1385471444768318,1.4443561444768318,1.2018136895862153,0.7894373887980806,0.7795390160521682,0.8459076351205076,-8.699091123489766e-05,-13695749.0625992,-273914.98113702954,0.0005026055822107782,0.0005007071865558633,2729.16097726863,2708.5832404767157,3251537.9199729674,65030.758372167744,8.350572228420813,0.1670114444983262,3227021.48725118,64540.42971793778,8.287609332934052,0.16575218658911944,"[0.878,1.302]",0.991,"[1.050,1.500]",1.25,0.002,0.0,269,0.539,0.12,-0.005397477470999945,6,0.7746025225290001,0.005,0.0,107,0.5375,0.1,-0.2758164774709999,10,0.7741835225290001,0.5455605503279628,0.5494815203165176,0.8291624026398917,0.8486963709758418,0.38712638227275475,0.6095386417385985,0.8551012474988304,0.8429756892510153
26,56,2.3474,30.0,0.569,1305.938856,26.11877712,E04001,0.903564508,0.009265365,0.0089,2.3563,1.7784,1.7872999999999999,1.0,0.0,0.0,1305.938856,26.11877712,0.5235987755982988,0.06698729810778066,0.9330127018922194,0.07179676972449082,0.014067537818306164,0.5549324621816938,4.433234524286382,1.0075972325621763,1.1185850287819143,1.1284452455628244,1.4522062455628244,1.2050752032810337,0.8295258677470856,0.8196656509661755,0.8440301452142691,-5.173695931508095e-05,-25241894.252941303,-504837.8850588261,0.0005026055822107782,0.0005007071865558633,2802.2910165102985,2781.1618828929013,3659620.724280536,73192.41448561073,9.398607040383025,0.18797214080766053,3632027.3676959616,72640.54735391923,9.327742015014975,0.1865548403002995,"[0.878,1.302]",0.991,"[1.050,1.500]",1.25,0.002,0.0,277,0.555,0.12,-0.005397477470999945,6,0.7746025225290001,0.005,0.0,110,0.5525,0.1,-0.2758164774709999,10,0.7741835225290001,0.5613925665405048,0.5644815203165177,0.825456705975567,0.8473160353433392,0.38712638227275475,0.6095386417385985,0.8551012474988304,0.8429756892510153
26,56,2.3474,30.0,0.5849,1407.27461,28.1454922,E04001,0.923771374,0.008669239,0.0089,2.3563,1.7625,1.7713999999999999,1.0,0.0,0.0,1407.27461,28.1454922,0.5235987755982988,0.06698729810778066,0.9330127018922194,0.07179676972449082,0.014067537818306164,0.5708324621816938,4.433234524286382,1.0075972325621763,1.1085841842263404,1.1184064835170298,1.4605144935170298,1.2085174775389182,0.8693637937026597,0.8595414944119704,0.8420930703592868,-1.7526285999417892e-05,-80295084.19791508,-1605901.6839583018,0.0005026055822107782,0.0005007071865558633,2878.9368707904728,2857.229831278661,4051454.7620562827,81029.09524112566,10.404911907351128,0.20809823814702258,4020906.9964930434,80418.13992986087,10.326459393792616,0.20652918787585234,"[0.878,1.302]",0.991,"[1.050,1.500]",1.25,0.002,0.0,285,0.5710000000000001,0.12,-0.005397477470999945,7,0.894602522529,0.005,0.0,114,0.5725,0.1,-0.2758164774709999,11,0.8741835225290002,0.5772198302212743,0.5844815203165177,0.821474694672812,0.8454250790356365,0.43164799134548637,0.6628280361898936,0.8494627754081249,0.8374769154534378
26,56,2.3474,30.0,0.6009,1494.814762,29.89629524,E04001,0.909811727,0.008027751,0.0089,2.3563,1.7465,1.7553999999999998,1.0,0.0,0.0,1494.814762,29.89629524,0.5235987755982988,0.06698729810778066,0.9330127018922194,0.07179676972449082,0.014067537818306164,0.5868324621816938,4.433234524286382,1.0075972325621763,1.0985204412773355,1.1083045846030224,1.4693853946030224,1.2121820798060918,0.9094522726516645,0.8996681293259776,0.840070919376626,1.605528640318194e-05,93104210.31815091,1862084.2063630181,0.0005026055822107782,0.0005007071865558633,2960.2527092106484,2937.9325523583934,4425029.44897857,88500.58897957142,11.364323263648702,0.22728646527297405,4391664.9490256645,87833.2989805133,11.278636836616597,0.22557273673233197,"[0.878,1.302]",0.991,"[1.050,1.500]",1.25,0.002,0.0,293,0.587,0.12,-0.005397477470999945,7,0.894602522529,0.005,0.0,117,0.5875,0.1,-0.2758164774709999,11,0.8741835225290002,0.5930423456476248,0.5994815203165177,0.8171894307754011,0.8439694318140951,0.43164799134548637,0.6628280361898936,0.8494627754081249,0.8374769154534378
26,56,2.3474,30.0,0.6169,1567.316186,31.34632372,E04001,0.899627027,0.007592597,0.0089,2.3563,1.7305,1.7393999999999998,1.0,0.0,0.0,1567.316186,31.34632372,0.5235987755982988,0.06698729810778066,0.9330127018922194,0.07179676972449082,0.014067537818306164,0.6028324621816938,4.433234524286382,1.0075972325621763,1.0884566983283304,1.098202685689015,1.4787682956890151,1.2160461733375978,0.9495407516006698,0.9397947642399851,0.8379745116600275,4.8775883833797524e-05,32133014.572131313,642660.2914426263,0.0005026055822107782,0.0005007071865558633,3045.970732825476,3023.004266377356,4773999.23163965,95479.984632793,12.26054451259907,0.24521089025198142,4738003.517040286,94760.07034080572,12.16810062233126,0.24336201244662517,"[0.878,1.302]",0.991,"[1.050,1.500]",1.25,0.002,0.0,301,0.603,0.12,-0.005397477470999945,7,0.894602522529,0.005,0.0,120,0.6025,0.1,-0.2758164774709999,12,0.9741835225290001,0.6088601170904795,0.6144815203165177,0.8125701717110354,0.8424820960923128,0.43164799134548637,0.7161174306411887,0.8494627754081249,0.8315979753916679
26,56,2.3474,30.0,0.6328,1625.096331,32.50192663,E04001,0.910715243,0.007445712,0.0089,2.3563,1.7146,1.7234999999999998,1.0,0.0,0.0,1625.096331,32.50192663,0.5235987755982988,0.06698729810778066,0.9330127018922194,0.07179676972449082,0.014067537818306164,0.6187324621816939,4.433234524286382,1.0075972325621763,1.0784558537727564,1.0881639236432203,1.4885997636432204,1.2200818675987364,0.9893786775562434,0.9796706076857795,0.8358165146416826,8.042721464842602e-05,20205801.45792483,404116.0292828327,0.0005026055822107783,0.0005007071865558634,3135.7241493855913,3112.0809466813357,5095853.81019462,101917.07623524965,13.08712872333882,0.2617425745473078,5057431.328226845,101148.62659565771,12.988452429608323,0.25976904867209066,"[0.878,1.302]",0.991,"[1.050,1.500]",1.25,0.002,0.0,309,0.619,0.12,-0.005397477470999945,8,1.014602522529,0.005,0.0,123,0.6175,0.1,-0.2758164774709999,12,0.9741835225290001,0.6246731488143737,0.6294815203165177,0.8075816838964139,0.8409634330777283,0.47476752402222344,0.7161174306411887,0.84290864060757,0.8315979753916679
26,56,2.3474,30.0,0.6488,1670.460471,33.40920943,E04001,0.915915118,0.007303375,0.0089,2.3563,1.6985999999999999,1.7074999999999998,1.0,0.0,0.0,1670.460471,33.40920943,0.5235987755982988,0.06698729810778066,0.9330127018922194,0.07179676972449082,0.014067537818306164,0.6347324621816939,4.433234524286382,1.0075972325621763,1.0683921108237513,1.0780620247292132,1.4990034647292132,1.22433796997774,1.0294671565052491,1.0197972425997872,0.8335686417115059,0.00011139757442994341,14995483.335685488,299909.66680347826,0.0005026055822107784,0.0005007071865558635,3230.8649416548506,3206.5043821520044,5397032.172174149,107940.64347579163,13.860612449270096,0.2772122490683767,5356338.820473202,107126.77644152906,13.756104127067255,0.27512208262369425,"[0.878,1.302]",0.991,"[1.050,1.500]",1.25,0.002,0.0,317,0.635,0.12,-0.005397477470999945,8,1.014602522529,0.005,0.0,126,0.6325000000000001,0.1,-0.2758164774709999,12,0.9741835225290001,0.6404814450774765,0.6444815203165177,0.8021834015839667,0.8394138095656635,0.47476752402222344,0.7161174306411887,0.84290864060757,0.8315979753916679
26,56,2.3474,30.0,0.6648,1705.061237,34.10122473,E04001,0.914923151,0.007155168,0.0089,2.3563,1.6825999999999999,1.6914999999999998,1.0,0.0,0.0,1705.061237,34.10122473,0.5235987755982988,0.06698729810778066,0.9330127018922194,0.07179676972449082,0.014067537818306164,0.6507324621816938,4.433234524286382,1.0075972325621763,1.0583283678747462,1.0679601258152058,1.5099191658152058,1.2287876813409246,1.069555635454254,1.0599238775137942,0.8312430758093862,0.00014147732865307783,12051833.698253155,241036.6738943804,0.0005026055822107784,0.0005007071865558635,3331.079661160562,3305.963487702423,5679694.807603968,113593.89611876856,14.5865442426327,0.29173088476710546,5636870.1938187275,112737.40384331493,14.476562431142446,0.2895312485379455,"[0.878,1.302]",0.991,"[1.050,1.500]",1.25,0.002,0.0,325,0.651,0.12,-0.005397477470999945,8,1.014602522529,0.005,0.0,130,0.6525,0.1,-0.2758164774709999,13,1.0741835225290002,0.6562850101315405,0.6644815203165176,0.796328388695009,0.8373001281215469,0.47476752402222344,0.7694068250924838,0.84290864060757,0.8253563123326482
26,56,2.3474,30.0,0.6807,1731.067217,34.62134434,E04001,0.935838877,0.007220979,0.0089,2.3563,1.6667,1.6756,1.0,0.0,0.0,1731.067217,34.62134434,0.5235987755982988,0.06698729810778066,0.9330127018922194,0.07179676972449082,0.014067537818306164,0.6666324621816938,4.433234524286382,1.0075972325621763,1.0483275233191727,1.0579213637694111,1.521273853769411,1.2333993083220904,1.1093935614098276,1.0997997209595891,0.8288539351156745,0.00017048106170114796,10154014.761091458,203080.29522182918,0.0005026055822107783,0.0005007071865558634,3435.940932735228,3410.0341105524076,5947844.708206356,118956.89416412711,15.27520455296447,0.3055040910592894,5902998.257629027,118059.96515258054,15.160030277298201,0.303200605545964,"[0.878,1.302]",0.991,"[1.050,1.500]",1.25,0.002,0.0,333,0.667,0.12,-0.005397477470999945,9,1.134602522529,0.005,0.0,133,0.6675,0.1,-0.2758164774709999,13,1.0741835225290002,0.6720838482220017,0.6794815203165177,0.7899620476598139,0.8356797196956448,0.5166096490576481,0.7694068250924838,0.8352979927428189,0.8253563123326482
26,56,2.3474,30.0,0.6967,1736.933232,34.73866465,E04001,0.932678338,0.007196592,0.0089,2.3563,1.6507,1.6596,1.0,0.0,0.0,1736.933232,34.73866465,0.5235987755982988,0.06698729810778066,0.9330127018922194,0.07179676972449082,0.014067537818306164,0.6826324621816938,4.433234524286382,1.0075972325621763,1.0382637803701675,1.047819464855404,1.533210354855404,1.2382287166979304,1.1494820403588324,1.139926355873596,0.8263700133405543,0.00019876976733819682,8738417.59368111,174768.35192393165,0.0005026055822107783,0.0005007071865558634,3547.029262126818,3520.2848395159126,6160953.00026451,123219.06004076047,15.822507469032509,0.3164501494717446,6114499.723860975,122289.99451242234,15.703206556848242,0.3140641312273725,"[0.878,1.302]",0.991,"[0.650,1.050]",0.8,0.002,0.0,341,0.683,0.12,-0.005397477470999945,9,1.134602522529,0.005,0.0,136,0.6825,0.1,0.17418352252900005,9,1.124183522529,0.6878779635879297,0.6901681730025713,0.7830205003345122,0.8136092047505535,0.5166096490576481,0.5562492472873034,0.8352979927428189,0.8339374413470869
26,56,2.3474,30.0,0.7127,1750.594872,35.01189744,E04001,0.953961437,0.007254677,0.0089,2.3563,1.6347,1.6436,1.0,0.0,0.0,1750.594872,35.01189744,0.5235987755982988,0.06698729810778066,0.9330127018922194,0.07179676972449082,0.014067537818306164,0.6986324621816938,4.433234524286382,1.0075972325621763,1.0282000374211624,1.0377175659413966,1.5456588559413966,1.243245291944191,1.1895705193078376,1.1800529907876034,0.8238049256763329,0.00022615627257440733,7740642.574589831,154812.8514917966,0.0005026055822107783,0.0005007071865558634,3663.9791956678023,3636.352976427719,6414143.191050739,128282.86382101478,16.472748378941883,0.32945496757883763,6365780.873316302,127315.61746632603,16.348544682932513,0.3269708936586503,"[0.878,1.302]",0.991,"[0.650,1.050]",0.8,0.002,0.0,349,0.6990000000000001,0.12,-0.005397477470999945,9,1.134602522529,0.005,0.0,139,0.6975,0.1,0.17418352252900005,10,1.224183522529,0.7036673604620631,0.7051681730025713,0.7754285395778499,0.8111299487684779,0.5166096490576481,0.6095386417385985,0.8352979927428189,0.8262540612536864
26,56,2.3474,30.0,0.7286,1761.923135,35.23846271,E04001,0.97053042,0.007435058,0.0089,2.3563,1.6187999999999998,1.6276999999999997,1.0,0.0,0.0,1761.923135,35.23846271,0.5235987755982988,0.06698729810778066,0.9330127018922194,0.07179676972449082,0.014067537818306164,0.7145324621816939,4.433234524286382,1.0075972325621763,1.0181991928655885,1.0276788038956017,1.5585367638956018,1.2484136990179184,1.2294084452634118,1.2199288342333985,0.8211743108869036,0.000252477736840775,6978528.7092903415,139570.57422541428,0.0005026055822107782,0.0005007071865558633,3786.2938574580508,3757.7453918070464,6671158.743363732,133423.17490513757,17.132813550020973,0.3426562710976587,6620858.541264474,132417.17086286694,17.003632995750365,0.34007266001151343,"[0.878,1.302]",0.991,"[0.650,1.050]",0.8,0.002,0.0,357,0.715,0.12,-0.005397477470999945,10,1.254602522529,0.005,0.0,142,0.7125,0.1,0.17418352252900005,10,1.224183522529,0.719452043070838,0.7201681730025713,0.7670970125646239,0.8086129404176474,0.5572815869439202,0.6095386417385985,0.8264445946981256,0.8262540612536864
26,56,2.3474,30.0,0.7446,1772.528046,35.45056092,E04001,1.021140401,0.008011157,0.0089,2.3563,1.6027999999999998,1.6116999999999997,1.0,0.0,0.0,1772.528046,35.45056092,0.5235987755982988,0.06698729810778066,0.9330127018922194,0.07179676972449082,0.014067537818306164,0.7305324621816939,4.433234524286382,1.0075972325621763,1.0081354499165833,1.0175769049815946,1.5720060649815948,1.2537966601413464,1.269496924212417,1.2600554691474057,0.8184439180295128,0.00027806688672788203,6374466.470488472,127489.32940976945,0.0005026055822107783,0.0005007071865558634,3915.8183321456086,3886.293258456298,6940897.816769035,138817.9563353807,17.8255551605254,0.35651110321050805,6888563.795594515,137771.27591189032,17.691151369280316,0.35382302738560634,"[0.878,1.302]",0.991,"[0.650,1.050]",0.8,0.002,0.0,365,0.731,0.12,-0.005397477470999945,10,1.254602522529,0.005,0.0,146,0.7325,0.1,0.17418352252900005,10,1.224183522529,0.7352320156343524,0.7401681730025713,0.7579194430457515,0.805199659181989,0.5572815869439202,0.6095386417385985,0.8264445946981256,0.8262540612536864
26,56,2.3474,30.0,0.9841,1961.646098,39.23292196,E04001,1.213266757,0.010348452,0.0089,2.3563,1.3633,1.3721999999999999,1.0,0.0,0.0,1961.646098,39.23292196,0.5235987755982988,0.06698729810778066,0.9330127018922194,0.07179676972449082,0.014067537818306164,0.9700324621816938,4.433234524286382,1.0075972325621763,0.8574937976486637,0.8663641056125483,1.8348169156125482,1.354554139048177,1.8695713434803363,1.8607010355164517,0.7668079286985354,0.0005589660312918748,3509419.1564132613,70188.38312826522,0.0005026055822107783,0.0005007071865558634,6894.945254706235,6842.957713543308,13525442.454818102,270508.849096362,34.73592709669118,0.6947185419338235,13423461.297551231,268469.2259510246,34.474019949779596,0.6894803989955919,"[1.302,1.770]",1.619,"[0.650,1.050]",0.8,0.002,0.0,485,0.971,0.12,-1.6444774774709998,29,1.8955225225290002,0.005,0.0,194,0.9725,0.1,0.17418352252900005,16,1.8241835225290002,0.9867907336417048,0.9801681730025713,0.8140210326335762,0.7598571985364909,1.1869760495301955,0.9292750084463691,0.7630778513283469,0.7700635295030935
26,56,2.3474,30.0,1.0,1971.499234,39.42998467,E04001,1.207203107,0.009485167,0.0089,2.3563,1.3474,1.3562999999999998,1.0,0.0,0.0,1971.499234,39.42998467,0.5235987755982988,0.06698729810778066,0.9330127018922194,0.07179676972449082,0.014067537818306164,0.9859324621816938,4.433234524286382,1.0075972325621763,0.8474929530930899,0.8563253435667536,1.8563253435667537,1.3624703092422799,1.90940926943591,1.9005768789622461,0.7626140549188581,0.0005714252821454965,3450143.5193726975,69002.87036995386,0.0005026055822107782,0.0005007071865558633,7184.475302375627,7130.304719184797,14164187.555325465,283283.7510346646,36.376346869922976,0.7275269372139486,14057390.292059412,281147.80576988525,36.10207104025396,0.7220414206219595,"[1.302,1.770]",1.619,"[0.650,1.050]",0.8,0.002,0.0,492,0.985,0.12,-1.6444774774709998,29,1.8955225225290002,0.005,0.0,197,0.9875,0.1,0.17418352252900005,17,1.924183522529,1.0005290342678634,0.9951681730025713,0.8114777263111759,0.7567988310913066,1.1869760495301955,0.9825644028976641,0.7630778513283469,0.7593700964394278
26,56,2.3474,30.0,1.016,1981.436614,39.62873228,E04001,1.216289223,0.009488065,0.0089,2.3563,1.3314,1.3402999999999998,1.0,0.0,0.0,1981.436614,39.62873228,0.5235987755982988,0.06698729810778066,0.9330127018922194,0.07179676972449082,0.014067537818306164,1.0019324621816939,4.433234524286382,1.0075972325621763,0.8374292101440849,0.8462234446527462,1.8784794446527462,1.3705763184342368,1.9494977483849154,1.940703513876254,0.7582912640681149,0.0005832787106580866,3397066.5786248837,67941.33157249769,0.0005026055822107783,0.0005007071865558634,7490.977602788219,7434.49600763564,14842897.296818525,296857.9459363705,38.11940349665232,0.7623880699330464,14730982.59616608,294619.65192332165,37.831985107501836,0.7566397021500368,"[1.302,1.770]",1.619,"[0.650,1.050]",0.8,0.002,0.0,500,1.0010000000000001,0.12,-1.6444774774709998,29,1.8955225225290002,0.005,0.0,200,1.0025,0.1,0.17418352252900005,17,1.924183522529,1.0162256034289996,1.0101681730025713,0.8084403691415398,0.7537190959461258,1.1869760495301955,0.9825644028976641,0.7630778513283469,0.7593700964394278
26,56,2.3474,30.0,1.032,1991.593091,39.83186183,E04001,1.245234285,0.009540101,0.0089,2.3563,1.3154,1.3242999999999998,1.0,0.0,0.0,1991.593091,39.83186183,0.5235987755982988,0.06698729810778066,0.9330127018922194,0.07179676972449082,0.014067537818306164,1.0179324621816939,4.433234524286382,1.0075972325621763,0.8273654671950798,0.836121545738739,1.901145545738739,1.3788203457081487,1.9895862273339202,1.980830148790261,0.7538645476549904,0.0005944645017972823,3350230.4763004184,67004.60954283024,0.0005026055822107783,0.0005007071865558634,7813.486775223298,7754.573477097306,15561286.27815459,311225.7256412267,39.96436401207461,0.7992872804421576,15443954.960638842,308879.09929032257,39.663034713236485,0.793260694463882,"[1.302,1.770]",1.619,"[0.650,1.050]",0.8,0.002,0.0,508,1.0170000000000001,0.12,-1.6444774774709998,30,2.015522522529,0.005,0.0,203,1.0175,0.1,0.17418352252900005,18,2.0241835225290004,1.031917540959732,1.0251681730025715,0.8052548596817382,0.7506188130498467,1.215022967239292,1.0358537973489594,0.7525858190399655,0.7483981656944794
26,56,2.3474,30.0,1.0479,2001.929281,40.03858562,E04001,1.258785724,0.009590748,0.0089,2.3563,1.2994999999999999,1.3083999999999998,1.0,0.0,0.0,2001.929281,40.03858562,0.5235987755982988,0.06698729810778066,0.9330127018922194,0.07179676972449082,0.014067537818306164,1.033832462181694,4.433234524286382,1.0075972325621763,0.8173646226395059,0.8260827836929443,1.9241771936929444,1.387147142048364,2.0294241532894945,2.020705992236056,0.7493615060135966,0.0006049376959726117,3309314.8175884816,66186.29635176963,0.0005026055822107783,0.0005007071865558634,8150.683355747185,8089.227612327952,16317091.670029627,326341.83340059256,41.90541703707974,0.8381083407415948,16194061.617793042,323881.2323558609,41.5894522958546,0.831789045917092,"[1.302,1.770]",1.619,"[0.650,1.050]",0.8,0.002,0.0,516,1.033,0.12,-1.6444774774709998,30,2.015522522529,0.005,0.0,206,1.0325,0.1,0.17418352252900005,18,2.0241835225290004,1.0476048509576472,1.0401681730025714,0.8019112942595269,0.7474987964592348,1.215022967239292,1.0358537973489594,0.7525858190399655,0.7483981656944794
26,56,2.3474,30.0,1.0639,2012.788259,40.25576518,E04001,1.266899282,0.009638371,0.0089,2.3563,1.2834999999999999,1.2923999999999998,1.0,0.0,0.0,2012.788259,40.25576518,0.5235987755982988,0.06698729810778066,0.9330127018922194,0.07179676972449082,0.014067537818306164,1.049832462181694,4.433234524286382,1.0075972325621763,0.8073008796905009,0.8159808847789369,1.9478640947789372,1.3956590180910726,2.069512632238499,2.060832627150063,0.7447244676846502,0.0006148489863261416,3273630.27956971,65472.605591394204,0.0005026055822107783,0.0005007071865558634,8507.708775478797,8443.561078313907,17124216.33427499,342484.3266854998,43.97826778402007,0.8795653556804015,16995100.602579612,339902.01205159223,43.64667385219946,0.8729334770439892,"[1.302,1.770]",1.619,"[0.650,1.050]",0.8,0.002,0.0,524,1.049,0.12,-1.6444774774709998,30,2.015522522529,0.005,0.0,209,1.0475,0.1,0.17418352252900005,18,2.0241835225290004,1.0632875375142987,1.0551681730025715,0.7983988398189934,0.7443598539696588,1.215022967239292,1.0358537973489594,0.7525858190399655,0.7483981656944794
26,56,2.3474,30.0,1.0799,2023.768792,40.47537584,E04001,1.269907911,0.009536663,0.0089,2.3563,1.2674999999999998,1.2763999999999998,1.0,0.0,0.0,2023.768792,40.47537584,0.5235987755982988,0.06698729810778066,0.9330127018922194,0.07179676972449082,0.014067537818306164,1.065832462181694,4.433234524286382,1.0075972325621763,0.7972371367414958,0.8058789858649297,1.9720629958649298,1.404301604309035,2.109601111187504,2.1009592620640705,0.7399804070284679,0.0006241496251380806,3242441.73270517,64848.83465410339,0.0005026055822107784,0.0005007071865558635,8883.452499684085,8816.471713697278,17978053.934075043,359561.0786815008,46.17108629758398,0.9234217259516795,17842500.30973131,356850.00619462616,45.822958624228725,0.9164591724845745,"[1.302,1.770]",1.619,"[0.650,1.050]",0.8,0.002,0.0,532,1.065,0.12,-1.6444774774709998,31,2.135522522529,0.005,0.0,213,1.0675000000000001,0.1,0.17418352252900005,19,2.124183522529,1.0789656047152008,1.0751681730025715,0.7947056230980601,0.7401465407885756,1.2427092380131848,1.0891431918002543,0.7410008926160194,0.7371843646212952
26,56,2.3474,30.0,1.0958,2035.179651,40.70359302,E04001,1.29226921,0.009630599,0.0089,2.3563,1.2515999999999998,1.2604999999999997,1.0,0.0,0.0,2035.179651,40.70359302,0.5235987755982988,0.06698729810778066,0.9330127018922194,0.07179676972449082,0.014067537818306164,1.081732462181694,4.433234524286382,1.0075972325621763,0.787236292185922,0.795840223819135,1.9966178638191354,1.4130172907006961,2.149439037143078,2.1408351055098653,0.7351589880697456,0.000632806128784649,3216118.7422579373,64322.37484515875,0.0005026055822107783,0.0005007071865558634,9276.39136456936,9206.447839262933,18879122.939883683,377582.45879767364,48.48520410921293,0.9697040821842585,18736775.30046084,374735.5060092168,48.11962810370366,0.9623925620740732,"[1.302,1.770]",1.619,"[0.650,1.050]",0.8,0.002,0.0,540,1.081,0.12,-1.6444774774709998,31,2.135522522529,0.005,0.0,216,1.0825,0.1,0.17418352252900005,19,2.124183522529,1.0946390566398705,1.0901681730025714,0.7908186035316856,0.7369665414961757,1.2427092380131848,1.0891431918002543,0.7410008926160194,0.7371843646212952
26,56,2.3474,30.0,1.1118,2046.978395,40.93956791,E04001,1.294591094,0.009575089,0.0089,2.3563,1.2356,1.2445,1.0,0.0,0.0,2046.978395,40.93956791,0.5235987755982988,0.06698729810778066,0.9330127018922194,0.07179676972449082,0.014067537818306164,1.0977324621816937,4.433234524286382,1.0075972325621763,0.7771725492369171,0.7857383249051278,2.0218375649051277,1.421913346482523,2.189527516092083,2.180961740423872,0.7301985898923521,0.0006409464080924397,3193681.04595849,63873.62093477173,0.0005026055822107781,0.0005007071865558633,9692.533203079196,9619.451989196581,19840406.059523262,396808.1212873906,50.95396329950364,1.0190792662389956,19690810.393625177,393816.207968698,50.5697729736067,1.0113954597191799,"[1.302,1.770]",1.619,"[0.650,1.050]",0.8,0.002,0.0,548,1.097,0.12,-1.6444774774709998,31,2.135522522529,0.005,0.0,219,1.0975,0.1,0.17418352252900005,20,2.2241835225290005,1.110307897361814,1.1051681730025713,0.7867234270238501,0.7337702592924197,1.2427092380131848,1.1424325862515499,0.7410008926160194,0.7257642872281402
26,56,2.3474,30.0,1.1278,2059.198081,41.18396161,E04001,1.296621255,0.009518268,0.0089,2.3563,1.2196,1.2285,1.0,0.0,0.0,2059.198081,41.18396161,0.5235987755982988,0.06698729810778066,0.9330127018922194,0.07179676972449082,0.014067537818306164,1.1137324621816937,4.433234524286382,1.0075972325621763,0.7671088062879119,0.7756364259911205,2.0475692659911204,1.4309330054167877,2.229615995041088,2.2210883753378794,0.7251282390898109,0.0006485332408111453,3175161.9676803034,63503.23933818665,0.0005026055822107784,0.0005007071865558635,10130.602800526261,10054.218563865625,20860917.846216902,417218.356823032,53.57483305236534,1.0714966607871337,20703627.57266667,414072.5513527912,53.17088150007338,1.0634176297432558,"[1.302,1.770]",1.619,"[0.650,1.050]",0.8,0.002,0.0,556,1.113,0.12,-1.6444774774709998,32,2.255522522529,0.005,0.0,222,1.1125,0.1,0.17418352252900005,20,2.2241835225290005,1.12597213094854,1.1201681730025714,0.7824042571433961,0.7305584709314278,1.2700484264524534,1.1424325862515499,0.7281499398462675,0.7257642872281402
26,56,2.3474,30.0,1.1437,2071.830827,41.43661653,E04001,1.308021854,0.009556765,0.0089,2.3563,1.2037,1.2126,1.0,0.0,0.0,2071.830827,41.43661653,0.5235987755982988,0.06698729810778066,0.9330127018922194,0.07179676972449082,0.014067537818306164,1.1296324621816938,4.433234524286382,1.0075972325621763,0.7571079617323382,0.7655976639453258,2.0736473539453257,1.4400164422482564,2.269453920996662,2.2609642187836743,0.7199797288381943,0.0006555431046837888,3160479.932131052,63209.59862736651,0.0005026055822107782,0.0005007071865558633,10588.843551147218,10509.004202226019,21938292.49154696,438765.84972505074,56.34173751859795,1.1268347501000173,21772878.86724441,435457.57723979815,55.916923645501626,1.118338472640141,"[1.302,1.770]",1.619,"[0.650,1.050]",0.8,0.002,0.0,564,1.129,0.12,-1.6444774774709998,32,2.255522522529,0.005,0.0,225,1.1275,0.1,0.17418352252900005,20,2.2241835225290005,1.1416317614615963,1.1351681730025713,0.7778435795710953,0.727331945184613,1.2700484264524534,1.1424325862515499,0.7281499398462675,0.7257642872281402
26,56,2.3474,30.0,1.1597,2085.070776,41.70141552,E04001,1.362064076,0.010407321,0.0089,2.3563,1.1877,1.1965999999999999,1.0,0.0,0.0,2085.070776,41.70141552,0.5235987755982988,0.06698729810778066,0.9330127018922194,0.07179676972449082,0.014067537818306164,1.1456324621816938,4.433234524286382,1.0075972325621763,0.747044218783333,0.7554957650313185,2.1003998550313185,1.4492756311452002,2.309542399945667,2.3010908536976813,0.7146873905612742,0.0006620828553886751,3149259.5813796767,62985.19162759354,0.0005026055822107783,0.0005007071865558634,11074.284306803798,10990.78475894924,23090666.573232017,461813.33146464033,59.30125490394378,1.1860250980788756,22916564.106191263,458331.2821238252,58.85412641830023,1.1770825283660045,"[1.302,1.770]",1.619,"[0.650,1.050]",0.8,0.002,0.0,572,1.145,0.12,-1.6444774774709998,32,2.255522522529,0.005,0.0,229,1.1475,0.1,0.17418352252900005,21,2.324183522529,1.157286792956576,1.1551681730025714,0.7730219747199988,0.7230082992762367,1.2700484264524534,1.1957219807028447,0.7281499398462675,0.7141723100375216
26,56,2.3474,30.0,1.1757,2097.700593,41.95401186,E04001,1.38246612,0.011059729,0.0089,2.3563,1.1717,1.1805999999999999,1.0,0.0,0.0,2097.700593,41.95401186,0.5235987755982988,0.06698729810778066,0.9330127018922194,0.07179676972449082,0.014067537818306164,1.1616324621816938,4.433234524286382,1.0075972325621763,0.736980475834328,0.7453938661173112,2.127664356117311,1.4586515540448004,2.349630878894672,2.3412174886116888,0.7092823701484192,0.000668125343614445,3139681.2185746385,62793.62437149278,0.0005026055822107783,0.0005007071865558634,11585.463955548972,11498.110138799,24302834.609735206,486056.6921947041,62.4143346191227,1.2482866923824538,24119592.456537977,482391.84913075954,61.943733668672294,1.238874673373446,"[1.302,1.770]",1.619,"[0.650,1.050]",0.8,0.002,0.0,580,1.161,0.12,-1.6444774774709998,33,2.3755225225289998,0.005,0.0,232,1.1625,0.1,0.17418352252900005,21,2.324183522529,1.1729372294830753,1.1701681730025715,0.7679178523186402,0.7197503290794709,1.2970532675790754,1.1957219807028447,0.713820679151988,0.7141723100375216
26,56,2.3474,30.0,1.1916,2111.03918,42.2207836,E04001,1.378468021,0.010137188,0.0089,2.3563,1.1558,1.1646999999999998,1.0,0.0,0.0,2111.03918,42.2207836,0.5235987755982988,0.06698729810778066,0.9330127018922194,0.07179676972449082,0.014067537818306164,1.1775324621816938,4.433234524286382,1.0075972325621763,0.7269796312787542,0.7353551040715165,2.1552656640715164,1.4680823083436148,2.389468804850246,2.3810933320574836,0.7037986521926468,0.0006736556124329231,3133706.8095906344,62674.13619181268,0.0005026055822107782,0.0005007071865558633,12120.359091996688,12028.972192764306,25586552.918874238,511731.0583774846,65.7111691402778,1.3142233828055556,25393631.594055966,507872.6318811192,65.21571022300611,1.3043142044601221,"[1.302,1.770]",1.619,"[0.650,1.050]",0.8,0.002,0.0,588,1.177,0.12,-1.6444774774709998,33,2.3755225225289998,0.005,0.0,235,1.1775,0.1,0.17418352252900005,22,2.424183522529,1.1885830750848143,1.1851681730025714,0.7625071403218336,0.7164801229735145,1.2970532675790754,1.2490113751541396,0.713820679151988,0.7024414371927142
26,56,2.3474,30.0,1.2076,2124.655412,42.49310823,E04001,1.388460446,0.010119288,0.0089,2.3563,1.1398,1.1486999999999998,1.0,0.0,0.0,2124.655412,42.49310823,0.5235987755982988,0.06698729810778066,0.9330127018922194,0.07179676972449082,0.014067537818306164,1.1935324621816938,4.433234524286382,1.0075972325621763,0.7169158883297491,0.7252532051575092,2.1835509651575093,1.4776843252729959,2.429557283799251,2.421219966971491,0.6981664304191613,0.0006787612453078336,3130195.5241071857,62603.910467410984,0.0005026055822107784,0.0005007071865558635,12687.205480640921,12591.544588088203,26955939.787599795,539118.7956251238,69.22801693273375,1.3845603383288432,26752693.354520913,535053.8669645027,68.70604115961768,1.3741208228689785,"[1.302,1.770]",1.619,"[0.650,1.050]",0.8,0.002,0.0,596,1.193,0.12,-1.6444774774709998,33,2.3755225225289998,0.005,0.0,238,1.1925000000000001,0.1,0.17418352252900005,22,2.424183522529,1.2042243337995302,1.2001681730025715,0.7567629187106694,0.7131984121276302,1.2970532675790754,1.2490113751541396,0.713820679151988,0.7024414371927142
26,56,2.3474,30.0,1.2236,2138.207766,42.76415532,E04001,1.39369057,0.010008382,0.0089,2.3563,1.1238,1.1326999999999998,1.0,0.0,0.0,2138.207766,42.76415532,0.5235987755982988,0.06698729810778066,0.9330127018922194,0.07179676972449082,0.014067537818306164,1.2095324621816939,4.433234524286382,1.0075972325621763,0.706852145380744,0.715151306243502,2.2123482662435023,1.4873964724455624,2.4696457627482564,2.4613466018854986,0.6924190340547415,0.0006834238202034561,3128670.237691529,62573.40475383059,0.0005026055822107782,0.0005007071865558633,13284.333569887289,13184.170361511535,28404665.205267504,568093.30410535,72.94862131660756,1.458972426332151,28190495.45525099,563809.9091050199,72.39859237317435,1.4479718474634873,"[1.302,1.770]",1.619,"[0.650,1.050]",0.8,0.002,0.0,604,1.209,0.12,-1.6444774774709998,34,2.495522522529,0.005,0.0,241,1.2075,0.1,0.17418352252900005,22,2.424183522529,1.219861009659077,1.2151681730025714,0.7506549864459968,0.7099059184189026,1.3237357361743323,1.2490113751541396,0.6977500080364935,0.7024414371927142
26,56,2.3474,30.0,1.2395,2151.795601,43.03591202,E04001,1.40812631,0.010084601,0.0089,2.3563,1.1078999999999999,1.1167999999999998,1.0,0.0,0.0,2151.795601,43.03591202,0.5235987755982988,0.06698729810778066,0.9330127018922194,0.07179676972449082,0.014067537818306164,1.2254324621816939,4.433234524286382,1.0075972325621763,0.6968513008251702,0.7051125441977072,2.2414727941977075,1.497154899867648,2.50948368870383,2.501222445331293,0.686592697421954,0.0006876356773332227,3129266.953316119,62585.33906632238,0.0005026055822107782,0.0005007071865558633,13909.416130708538,13804.539831197108,29930220.44253707,598604.4088507415,76.86653939439245,1.537330787887849,29704548.082599215,594090.9616519844,76.28696954529319,1.525739390905864,"[1.302,1.770]",1.619,"[0.650,1.050]",0.8,0.002,0.0,612,1.225,0.12,-1.6444774774709998,34,2.495522522529,0.005,0.0,245,1.2275,0.1,0.17418352252900005,23,2.5241835225290004,1.2354931066893897,1.2351681730025714,0.7441493468942283,0.7055003833546563,1.3237357361743323,1.302300769605435,0.6977500080364935,0.690603174083846
26,56,2.3474,30.0,1.2555,2164.78193,43.2956386,E04001,1.399679089,0.009931716,0.0089,2.3563,1.0918999999999999,1.1007999999999998,1.0,0.0,0.0,2164.78193,43.2956386,0.5235987755982988,0.06698729810778066,0.9330127018922194,0.07179676972449082,0.014067537818306164,1.241432462181694,4.433234524286382,1.0075972325621763,0.6867875578761651,0.6950106452836999,2.2712908952837,1.5070802550905178,2.549572167652835,2.5413490802453005,0.6806133959502242,0.0006914669218837797,3130709.310146657,62614.18620293313,0.0005026055822107782,0.0005007071865558633,14572.12062823167,14462.24757007008,31545463.41777617,630909.2683555234,81.01479276346144,1.6202958552692286,31307612.206874117,626152.2441374823,80.40394529216039,1.6080789058432077,"[1.302,1.770]",1.619,"[0.650,1.050]",0.8,0.002,0.0,620,1.241,0.12,-1.6444774774709998,34,2.495522522529,0.005,0.0,248,1.2425,0.1,0.17418352252900005,23,2.5241835225290004,1.2511206289105203,1.2501681730025713,0.7372075932396621,0.7021854832560459,1.3237357361743323,1.302300769605435,0.6977500080364935,0.690603174083846
26,56,2.3474,30.0,1.2715,2177.020162,43.54040324,E04001,1.419371329,0.009967753,0.0089,2.3563,1.0758999999999999,1.0847999999999998,1.0,0.0,0.0,2177.020162,43.54040324,0.5235987755982988,0.06698729810778066,0.9330127018922194,0.07179676972449082,0.014067537818306164,1.257432462181694,4.433234524286382,1.0075972325621763,0.67672381492716,0.6849087463696927,2.3016209963696928,1.5171094213568423,2.5896606466018404,2.5814757151593075,0.6745167024632693,0.0006949066293377666,3132823.9940301916,62656.47988060384,0.0005026055822107782,0.0005007071865558633,15270.5459221903,15155.406772366252,33244286.357355163,664885.7271471034,85.37769549115605,1.7075539098231214,32993626.10675267,659872.5221350535,84.73395195226244,1.694679039045249,"[1.302,1.770]",1.619,"[0.650,1.050]",0.8,0.002,0.0,628,1.2570000000000001,0.12,-1.6444774774709998,35,2.615522522529,0.005,0.0,251,1.2575,0.1,0.17418352252900005,24,2.624183522529,1.2667435803366516,1.2651681730025715,0.7297861704469295,0.6988621369598046,1.3501071088387828,1.3555901640567298,0.6796078838783971,0.6786874282994804
26,56,2.3474,30.0,1.2874,2188.637934,43.77275868,E04001,1.393560786,0.009777771,0.0089,2.3563,1.0599999999999998,1.0688999999999997,1.0,0.0,0.0,2188.637934,43.77275868,0.5235987755982988,0.06698729810778066,0.9330127018922194,0.07179676972449082,0.014067537818306164,1.273332462181694,4.433234524286382,1.0075972325621763,0.6667229703715862,0.6748699843238979,2.332268744323898,1.5271767233440594,2.6294985725574143,2.6213515586051024,0.6683411545617541,0.0006979532987047913,3135794.2401898634,62715.88480379727,0.0005026055822107783,0.0005007071865558634,16002.020466787244,15881.36603560967,35022629.01425495,700452.580285099,89.94482008536866,1.7988964017073732,34758560.14927451,695171.2029854904,89.26664065625883,1.785332813125177,"[1.302,1.770]",1.619,"[0.650,1.050]",0.8,0.002,0.0,636,1.2730000000000001,0.12,-1.6444774774709998,35,2.615522522529,0.005,0.0,254,1.2725,0.1,0.17418352252900005,24,2.624183522529,1.2823619649760687,1.2801681730025714,0.7218354838432248,0.6955310239250787,1.3501071088387828,1.3555901640567298,0.6796078838783971,0.6786874282994804
26,56,2.3474,30.0,1.3034,2199.74759,43.9949518,E04001,1.400160643,0.009728389,0.0089,2.3563,1.044,1.0529,1.0,0.0,0.0,2199.74759,43.9949518,0.5235987755982988,0.06698729810778066,0.9330127018922194,0.07179676972449082,0.014067537818306164,1.2893324621816937,4.433234524286382,1.0075972325621763,0.6566592274225812,0.6647680854098907,2.363619645409891,1.5374067924299966,2.6695870515064186,2.661478193519109,0.662008439540849,0.0007006613245026465,3139530.487945023,62790.609758900464,0.0005026055822107783,0.0005007071865558634,16777.917069794876,16651.412417172905,36907182.63950114,738143.6527900228,94.78471479158861,1.8956942958317722,36628904.33477217,732578.0866954435,94.0700427993084,1.8814008559861681,"[1.302,1.770]",1.619,"[0.650,1.050]",0.8,0.002,0.0,644,1.289,0.12,-1.6444774774709998,35,2.615522522529,0.005,0.0,257,1.2875,0.1,0.17418352252900005,24,2.624183522529,1.2979757868312305,1.2951681730025715,0.713298815799024,0.6921928134000499,1.3501071088387828,1.3555901640567298,0.6796078838783971,0.6786874282994804
26,56,2.3474,30.0,1.3193,2210.093929,44.20187859,E04001,1.425278789,0.010090069,0.0089,2.3563,1.0281,1.037,1.0,0.0,0.0,2210.093929,44.20187859,0.5235987755982988,0.06698729810778066,0.9330127018922194,0.07179676972449082,0.014067537818306164,1.3052324621816938,4.433234524286382,1.0075972325621763,0.6466583828670075,0.6547293233640961,2.395281813364096,1.5476698011410883,2.7094249774619925,2.701354036964904,0.6555971261854745,0.0007030124219395198,3143748.047726722,62874.96096875894,0.0005026055822107782,0.0005007071865558633,17590.830716641238,17458.19673592221,38877388.17291552,777547.7636342187,99.84458000507746,1.9968916005533157,38584254.6173493,771685.0925215678,99.09175688304238,1.9818351381092072,"[1.302,1.770]",1.619,"[0.650,1.050]",0.8,0.002,0.0,652,1.305,0.12,-1.6444774774709998,36,2.735522522529,0.005,0.0,261,1.3075,0.1,0.17418352252900005,25,2.7241835225290005,1.313585049898741,1.3151681730025715,0.704111000518007,0.6877319628378595,1.376178019686742,1.4088795585080252,0.6589746467521478,0.6667224363352909
26,56,2.3474,30.0,1.3353,2219.501968,44.39003936,E04001,1.414731794,0.010768181,0.0089,2.3563,1.0121,1.021,1.0,0.0,0.0,2219.501968,44.39003936,0.5235987755982988,0.06698729810778066,0.9330127018922194,0.07179676972449082,0.014067537818306164,1.3212324621816938,4.433234524286382,1.0075972325621763,0.6365946399180022,0.6446274244500888,2.4276535144500886,1.5580929094409257,2.7495134564109978,2.7414806718789113,0.6490260131874662,0.0007050514765905791,3147999.8860974754,62959.99772194951,0.0005026055822107784,0.0005007071865558635,18453.45164627597,18314.313547042475,40957472.24530236,819149.4449060472,105.18663435448465,2.1037326870896935,40648654.96022984,812973.0992045967,104.39353241077295,2.0878706482154588,"[1.302,1.770]",1.619,"[0.438,0.650]",0.5,0.002,0.0,660,1.321,0.12,-1.6444774774709998,36,2.735522522529,0.005,0.0,264,1.3225,0.1,0.4741835225290001,22,2.724183522529,1.3291897581693775,1.327292608126607,0.6941967914891686,0.6062323189762424,1.376178019686742,1.2490113751541396,0.6589746467521478,0.6282931079241445
26,56,2.3474,30.0,1.3513,2228.238802,44.56477604,E04001,1.449575332,0.009693755,0.0089,2.3563,0.9961,1.005,1.0,0.0,0.0,2228.238802,44.56477604,0.5235987755982988,0.06698729810778066,0.9330127018922194,0.07179676972449082,0.014067537818306164,1.3372324621816938,4.433234524286382,1.0075972325621763,0.6265308969689972,0.6345255255360814,2.4605372155360814,1.5686099628448371,2.789601935360003,2.781607306792919,0.6423345320850253,0.0007067776442732581,3152673.0083422195,63053.460166844394,0.0005026055822107784,0.0005007071865558635,19363.444270113392,19217.444872168726,43146377.86303122,862927.5572606246,110.8081632776943,2.2161632655538863,42821056.33946228,856421.1267892456,109.97267528804633,2.199453505760927,"[1.302,1.770]",1.619,"[0.438,0.650]",0.5,0.002,0.0,668,1.337,0.12,-1.6444774774709998,36,2.735522522529,0.005,0.0,267,1.3375000000000001,0.1,0.4741835225290001,23,2.824183522529,1.3447899156280982,1.3422926081266071,0.6834688351032469,0.602035107544012,1.376178019686742,1.3023007696054347,0.6589746467521478,0.6132489329881388
26,56,2.3474,30.0,1.3672,2236.105456,44.72210912,E04001,1.43105952,0.00952549,0.0089,2.3563,0.9802,0.9891,1.0,0.0,0.0,2236.105456,44.72210912,0.5235987755982988,0.06698729810778066,0.9330127018922194,0.07179676972449082,0.014067537818306164,1.3531324621816938,4.433234524286382,1.0075972325621763,0.6165300524134235,0.6244867634902868,2.4937226034902866,1.579152495324719,2.8294398613155765,2.821483150238713,0.6355651609206295,0.0007081974970452365,3157460.264021757,63149.20528043514,0.0005026055822107782,0.0005007071865558633,20317.46637269523,20164.2736959795,45431997.40808033,908639.9481616067,116.6780720923458,2.333561441846916,45089442.42785704,901788.8485571409,115.79832528484629,2.3159665056969256,"[1.302,1.770]",1.619,"[0.438,0.650]",0.5,0.002,0.0,676,1.353,0.12,-1.6444774774709998,37,2.855522522529,0.005,0.0,270,1.3525,0.1,0.4741835225290001,23,2.824183522529,1.3603855262540492,1.357292608126607,0.6718251349480839,0.5978494198010141,1.401958510455536,1.3023007696054347,0.6353084462159515,0.6132489329881388
26,56,2.3474,30.0,1.3832,2243.053125,44.86106251,E04001,1.426626933,0.009451403,0.0089,2.3563,0.9642,0.9731,1.0,0.0,0.0,2243.053125,44.86106251,0.5235987755982988,0.06698729810778066,0.9330127018922194,0.07179676972449082,0.014067537818306164,1.3691324621816938,4.433234524286382,1.0075972325621763,0.6064663094644184,0.6143848645762796,2.5276271045762795,1.5898512837923802,2.8695283402645817,2.8616097851527202,0.628632321452642,0.0007093430185047176,3162155.778636288,63243.1155868233,0.0005026055822107783,0.0005007071865558634,21330.51573142696,21169.68471339138,47845479.9692389,956909.5995980832,122.87635762522872,2.457527153052383,47484727.45163726,949694.549244442,121.94987605590346,2.438997521661747,"[1.302,1.770]",1.619,"[0.438,0.650]",0.5,0.002,0.0,684,1.369,0.12,-1.6444774774709998,37,2.855522522529,0.005,0.0,273,1.3675,0.1,0.4741835225290001,23,2.824183522529,1.3759765940205781,1.372292608126607,0.6591458509035731,0.5936759804860302,1.401958510455536,1.3023007696054347,0.6353084462159515,0.6132489329881388
26,56,2.3474,30.0,1.3992,2249.15972,44.98319441,E04001,1.44053798,0.009425742,0.0089,2.3563,0.9481999999999999,0.9571,1.0,0.0,0.0,2249.15972,44.98319441,0.5235987755982988,0.06698729810778066,0.9330127018922194,0.07179676972449082,0.014067537818306164,1.3851324621816938,4.433234524286382,1.0075972325621763,0.5964025665154133,0.6042829656622724,2.5620436056622724,1.6006384993690088,2.9096168192135865,2.9017364200667277,0.6215778246135905,0.0007102181551734288,3166857.5403437493,63337.150820955176,0.0005026055822107781,0.0005007071865558633,22399.973303343835,22231.078628892115,50381117.6829563,1007622.3538831257,129.38836098937247,2.587767220362724,50001246.58425698,1000024.9319074503,128.41277924151925,2.568255585401322,"[1.302,1.770]",1.619,"[0.438,0.650]",0.5,0.002,0.0,692,1.385,0.12,-1.6444774774709998,37,2.855522522529,0.005,0.0,277,1.3875,0.1,0.4741835225290001,24,2.9241835225290003,1.3915631228952563,1.392292608126607,0.6452892201412386,0.588131652618206,1.401958510455536,1.3555901640567298,0.6353084462159515,0.5983238768718127
26,56,2.3474,30.0,1.4151,2254.514324,45.09028648,E04001,1.423809983,0.009314645,0.0089,2.3563,0.9322999999999999,0.9411999999999999,1.0,0.0,0.0,2254.514324,45.09028648,0.5235987755982988,0.06698729810778066,0.9330127018922194,0.07179676972449082,0.014067537818306164,1.4010324621816939,4.433234524286382,1.0075972325621763,0.5864017219598395,0.5942442036164775,2.596752213616478,1.6114441391548382,2.949454745169161,2.941612263512523,0.6144465645361781,0.0007108332025915084,3171650.277140463,63433.00554280925,0.0005026055822107783,0.0005007071865558634,23522.034962063895,23344.679999021744,53030764.75160185,1060615.295032037,136.19316221608926,2.723863244321785,52630915.44699083,1052618.3089398167,135.16627260851982,2.7033254521703967,"[1.302,1.770]",1.619,"[0.438,0.650]",0.5,0.002,0.0,700,1.401,0.12,-1.6444774774709998,38,2.9755225225290003,0.005,0.0,280,1.4025,0.1,0.4741835225290001,24,2.9241835225290003,1.4071451168398852,1.407292608126607,0.6300863055325648,0.5839894683470848,1.4274580756992221,1.3555901640567298,0.6078973397163885,0.5983238768718127
26,56,2.3474,30.0,1.4311,2258.973858,45.17947716,E04001,1.443133124,0.009340524,0.0089,2.3563,0.9162999999999999,0.9251999999999999,1.0,0.0,0.0,2258.973858,45.17947716,0.5235987755982988,0.06698729810778066,0.9330127018922194,0.07179676972449082,0.014067537818306164,1.4170324621816939,4.433234524286382,1.0075972325621763,0.5763379790108344,0.5841423047024703,2.6321895147024703,1.622402389884356,2.989543224118166,2.98173889842653,0.6071485514913313,0.0007112088133194718,3176245.591581665,63524.911831633304,0.0005026055822107783,0.0005007071865558634,24714.48763564036,24528.141639288682,55829381.48277579,1116587.629655516,143.38054607213522,2.867610921442705,55408430.7484744,1108168.614969488,142.29946395102627,2.8459892790205252,"[1.302,1.770]",1.619,"[0.438,0.650]",0.5,0.002,0.0,708,1.417,0.12,-1.6444774774709998,38,2.9755225225290003,0.005,0.0,283,1.4175,0.1,0.4741835225290001,25,3.0241835225290004,1.422722579810511,1.422292608126607,0.613334158411923,0.5798617655304987,1.4274580756992221,1.408879558508025,0.6078973397163885,0.5835520750946057
26,56,2.3474,30.0,1.4471,2262.795102,45.25590204,E04001,1.409760874,0.009192171,0.0089,2.3563,0.9002999999999999,0.9091999999999999,1.0,0.0,0.0,2262.795102,45.25590204,0.5235987755982988,0.06698729810778066,0.9330127018922194,0.07179676972449082,0.014067537818306164,1.433032462181694,4.433234524286382,1.0075972325621763,0.5662742360618294,0.574040405788463,2.668138815788463,1.6334438514342826,3.029631703067171,3.021865533340537,0.5997280148402233,0.0007113529106834871,3180973.983540526,63619.47967081052,0.0005026055822107782,0.0005007071865558633,25974.423123518107,25778.577276824042,58774797.42117231,1175495.9484234464,150.94493841252242,3.0188987682504482,58331638.39852594,1166632.767970519,149.80682115282406,2.9961364230564813,"[1.302,1.770]",1.619,"[0.438,0.650]",0.5,0.002,0.0,716,1.433,0.12,-1.6444774774709998,38,2.9755225225290003,0.005,0.0,286,1.4325,0.1,0.4741835225290001,25,3.0241835225290004,1.4382955157574102,1.437292608126607,0.5947868075411227,0.575749160660123,1.4274580756992221,1.408879558508025,0.6078973397163885,0.5835520750946057
26,56,2.3474,30.0,1.463,2265.873086,45.31746171,E04001,1.45197894,0.009665149,0.0089,2.3563,0.8843999999999999,0.8932999999999999,1.0,0.0,0.0,2265.873086,45.31746171,0.5235987755982988,0.06698729810778066,0.9330127018922194,0.07179676972449082,0.014067537818306164,1.448932462181694,4.433234524286382,1.0075972325621763,0.5562733915062555,0.5640016437426681,2.7043706437426684,1.6444970792745934,3.069469629022745,3.061741376786332,0.5922322932400326,0.0007112788014389041,3185632.8087048,63712.65616003682,0.0005026055822107782,0.0005007071865558633,27297.534883885397,27091.712840925193,61852749.60754206,1237054.991877866,158.8497092257504,3.1769941838139553,61386382.97989299,1227727.6593269429,157.65199039086102,3.153039807121454,"[1.302,1.770]",1.619,"[0.438,0.650]",0.5,0.002,0.0,724,1.449,0.12,-1.6444774774709998,39,3.0955225225290004,0.005,0.0,289,1.4475,0.1,0.4741835225290001,25,3.0241835225290004,1.4538639286251325,1.452292608126607,0.5741432228462463,0.5716522462612341,1.4526857036435823,1.408879558508025,0.5757869320160888,0.5835520750946057
26,56,2.3474,30.0,1.479,2268.399818,45.36799636,E04001,1.454769999,0.010491978,0.0089,2.3563,0.8683999999999998,0.8772999999999999,1.0,0.0,0.0,2268.399818,45.36799636,0.5235987755982988,0.06698729810778066,0.9330127018922194,0.07179676972449082,0.014067537818306164,1.464932462181694,4.433234524286382,1.0075972325621763,0.5462096485572504,0.553899744828661,2.741340744828661,1.6556994729807282,3.10955810797175,3.1018680117003394,0.5845669666261857,0.0007109972756252104,3190447.9746498307,63808.95949299662,0.0005026055822107784,0.0005007071865558635,28705.00589264964,28488.571588924373,65114430.14257536,1302288.6028515073,167.2263296325197,3.344526592650394,64623470.607396014,1292469.4121479203,165.96545150018622,3.3193090300037245,"[1.302,1.770]",1.619,"[0.438,0.650]",0.5,0.002,0.0,732,1.465,0.12,-1.6444774774709998,39,3.0955225225290004,0.005,0.0,292,1.4625000000000001,0.1,0.4741835225290001,26,3.1241835225290004,1.4694278223525146,1.4672926081266071,0.5510309987808248,0.5675715912959176,1.4526857036435823,1.46216895295932,0.5757869320160888,0.5689635864239201
26,56,2.3474,30.0,1.495,2270.59223,45.41184459,E04001,1.422536358,0.00929273,0.0089,2.3563,0.8523999999999998,0.8612999999999998,1.0,0.0,0.0,2270.59223,45.41184459,0.5235987755982988,0.06698729810778066,0.9330127018922194,0.07179676972449082,0.014067537818306164,1.480932462181694,4.433234524286382,1.0075972325621763,0.5361459056082454,0.5437978459146537,2.778822845914654,1.6669801576247552,3.1496465869207553,3.1419946466143465,0.5767787138404985,0.0007105195177351005,3195678.898783656,63913.5779615989,0.0005026055822107783,0.0005007071865558634,30193.65150334282,29965.992886428106,68557470.49881802,1371149.409674424,176.06871680062358,3.5213743352370406,68040550.61215894,1360811.0119435186,174.74116751284234,3.494823349487262,"[1.302,1.770]",1.619,"[0.438,0.650]",0.5,0.002,0.0,740,1.481,0.12,-1.6444774774709998,39,3.0955225225290004,0.005,0.0,296,1.4825,0.1,0.4741835225290001,26,3.1241835225290004,1.4849872008726663,1.487292608126607,0.5249838695278619,0.5621569505558138,1.4526857036435823,1.46216895295932,0.5757869320160888,0.5689635864239201
26,56,2.3474,30.0,1.5109,2271.807607,45.43615214,E04001,1.443784232,0.009331776,0.0089,2.3563,0.8365,0.8454,1.0,0.0,0.0,2271.807607,45.43615214,0.5235987755982988,0.06698729810778066,0.9330127018922194,0.07179676972449082,0.014067537818306164,1.4968324621816937,4.433234524286382,1.0075972325621763,0.5261450610526717,0.5337590838688591,2.8165778938688586,1.6782663357968122,3.1894845128763283,3.181870490060141,0.568917337430117,0.0007098612278542424,3200354.545165377,64007.09090330754,0.0005026055822107782,0.0005007071865558633,31758.633053763337,31519.174554504934,72149504.1594612,1442990.0831892237,185.29374731491296,3.705874946298258,71605500.51928516,1432110.0103857028,183.89664176005857,3.6779328352011706,"[1.302,1.770]",1.619,"[0.438,0.650]",0.5,0.002,0.0,748,1.497,0.12,-1.6444774774709998,40,3.2155225225289996,0.005,0.0,299,1.4975,0.1,0.4741835225290001,27,3.224183522529,1.500542068112999,1.502292608126607,0.49541015275491007,0.5581163176397607,1.477649913200874,1.5154583474106151,0.5376676309876,0.5545845992373517
26,56,2.3474,30.0,1.5269,2272.938876,45.45877752,E04001,1.434266462,0.009283136,0.0089,2.3563,0.8205,0.8294,1.0,0.0,0.0,2272.938876,45.45877752,0.5235987755982988,0.06698729810778066,0.9330127018922194,0.07179676972449082,0.014067537818306164,1.5128324621816938,4.433234524286382,1.0075972325621763,0.5160813181036665,0.5236571849548518,2.855080794954852,1.689698433139728,3.229572991825333,3.221997124974148,0.5608839851549559,0.0007090246924202474,3205725.978655765,64114.51957311529,0.0005026055822107783,0.0005007071865558634,33425.304319560906,33173.27920260868,75973673.63006072,1519473.4726012142,195.11494705605838,3.9022989411211673,75400835.94401155,1508016.718880231,193.64379014808213,3.872875802961642,"[1.302,1.770]",1.619,"[0.438,0.650]",0.5,0.002,0.0,756,1.5130000000000001,0.12,-1.6444774774709998,40,3.2155225225289996,0.005,0.0,302,1.5125,0.1,0.4741835225290001,27,3.224183522529,1.5160924279952397,1.517292608126607,0.461547544285578,0.5540936758661015,1.477649913200874,1.5154583474106151,0.5376676309876,0.5545845992373517
26,56,2.3474,30.0,1.5429,2273.676801,45.47353601,E04001,1.420606482,0.00919216,0.0089,2.3563,0.8045,0.8134,1.0,0.0,0.0,2273.676801,45.47353601,0.5235987755982988,0.06698729810778066,0.9330127018922194,0.07179676972449082,0.014067537818306164,1.5288324621816938,4.433234524286382,1.0075972325621763,0.5060175751546615,0.5135552860408445,2.894095696040844,1.7012041899903856,3.2696614707743383,3.2621237598881554,0.5527278074187801,0.0007080237310048861,3211300.273471073,64226.00545529763,0.0005026055822107782,0.0005007071865558633,35190.24898443433,34924.9162732916,80011252.73732215,1600225.0543945404,205.48422362393853,4.109684471575017,79407971.9074505,1588159.4377997606,203.93488289107486,4.078697656924558,"[1.302,1.770]",1.619,"[0.438,0.650]",0.5,0.002,0.0,764,1.5290000000000001,0.12,-1.6444774774709998,40,3.2155225225289996,0.005,0.0,305,1.5275,0.1,0.4741835225290001,27,3.224183522529,1.5316382844354237,1.532292608126607,0.4223968409900377,0.5500894969440654,1.477649913200874,1.5154583474106151,0.5376676309876,0.5545845992373517
26,56,2.3474,30.0,1.5588,2274.114525,45.4822905,E04001,1.433524989,0.009234363,0.0089,2.3563,0.7886,0.7975,1.0,0.0,0.0,2274.114525,45.4822905,0.5235987755982988,0.06698729810778066,0.9330127018922194,0.07179676972449082,0.014067537818306164,1.5447324621816938,4.433234524286382,1.0075972325621763,0.4960167305990877,0.5035165239950498,2.9333739639950496,1.7127095387119935,3.3094993967299127,3.3019996033339503,0.544501079985634,0.0007068759034098075,3217134.0316315666,64342.68063263133,0.0005026055822107782,0.0005007071865558633,37048.08929374786,36768.74855991798,84251597.986409,1685031.9597281797,216.37424248499337,4.327484849699867,83616345.16618231,1672326.9033236462,214.74279155648782,4.294855831129756,"[1.302,1.770]",1.619,"[0.438,0.650]",0.5,0.002,0.0,772,1.545,0.12,-1.6444774774709998,41,3.3355225225289997,0.005,0.0,308,1.5425,0.1,0.4741835225290001,28,3.324183522529,1.5471796413439307,1.547292608126607,0.3766221673009105,0.5461042312948186,1.502358787576528,1.5687477418619102,0.491692530457855,0.5404376602050874
26,56,2.3474,30.0,1.5748,2274.267515,45.4853503,E04001,1.415840476,0.009101832,0.0089,2.3563,0.7726,0.7815,1.0,0.0,0.0,2274.267515,45.4853503,0.5235987755982988,0.06698729810778066,0.9330127018922194,0.07179676972449082,0.014067537818306164,1.5607324621816938,4.433234524286382,1.0075972325621763,0.4859529876500826,0.4934146250810425,2.9734096650810424,1.7243577543772761,3.3495878756789175,3.3421262382479577,0.5361005348497417,0.0007055762387764489,3223276.791383797,64465.53582767594,0.0005026055822107782,0.0005007071865558633,39029.353736079924,38735.074367794594,88763191.33341046,1775263.8266682092,227.96087842055454,4.559217568411091,88093921.3257844,1761878.4265156882,226.24206483862847,4.52484129677257,"[1.302,1.770]",1.619,"[0.438,0.650]",0.5,0.002,0.0,780,1.561,0.12,-1.6444774774709998,41,3.3355225225289997,0.005,0.0,312,1.5625,0.1,0.4741835225290001,28,3.324183522529,1.5627165026254843,1.567292608126607,0.3223961381520125,0.5408207039385159,1.502358787576528,1.5687477418619102,0.491692530457855,0.5404376602050874
26,56,2.3474,30.0,1.5908,2274.299012,45.48598024,E04001,1.450996541,0.009981097,0.0089,2.3563,0.7565999999999999,0.7655,1.0,0.0,0.0,2274.299012,45.48598024,0.5235987755982988,0.06698729810778066,0.9330127018922194,0.07179676972449082,0.014067537818306164,1.5767324621816938,4.433234524286382,1.0075972325621763,0.4758892447010775,0.48331272616703524,3.013957366167035,1.7360752766418381,3.3896763546279223,3.3822528731619648,0.5275778060954214,0.0007041406464110668,3229893.0953522855,64597.86190704572,0.0005026055822107783,0.0005007071865558634,41130.49381589279,40820.37195686197,93543041.44855708,1870860.8289711417,240.23644912276836,4.804728982455368,92837731.61096369,1856754.6322192738,238.425078353859,4.76850156707718,"[1.302,1.770]",1.619,"[0.438,0.650]",0.5,0.002,0.0,788,1.577,0.12,-1.6444774774709998,41,3.3355225225289997,0.005,0.0,315,1.5775000000000001,0.1,0.4741835225290001,29,3.4241835225290003,1.5782488721791594,1.582292608126607,0.2571509133343552,0.5368812046357431,1.502358787576528,1.6220371363132053,0.491692530457855,0.526541917553346
26,56,2.3474,30.0,1.7028,2271.508818,45.43017636,E04001,1.448376504,0.007439989,0.0089,2.3563,0.6445999999999998,0.6534999999999999,1.0,0.0,0.0,2271.508818,45.43017636,0.5235987755982988,0.06698729810778066,0.9330127018922194,0.07179676972449082,0.014067537818306164,1.688732462181694,4.433234524286382,1.0075972325621763,0.4054430440580419,0.4125994337689843,3.3121272737689846,1.819925073668964,3.6702957072709586,3.6631393175600158,0.46453463229956443,0.0006909845075701544,3287351.2982045803,65747.02596409162,0.0005026055822107783,0.0005007071865558634,60011.50717126367,59559.02341917212,136316667.72099566,2726333.354419913,350.0873149132082,7.001746298264164,135288846.88811797,2705776.937762359,347.44767412965797,6.948953482593159,"[1.770,2.067]",1.921,"[0.322,0.438]",0.38,0.002,0.0,844,1.689,0.12,-2.7135574774710003,53,3.7064425225289996,0.005,0.0,337,1.6875,0.05,0.5941835225290001,61,3.6691835225290004,1.6967754699569468,1.6911423821762213,0.6048771878459882,0.4495776796880626,1.7814114527498037,1.6886488793773242,0.49375159162424614,0.450222268489565
26,56,2.3474,30.0,1.7188,2270.912866,45.41825733,E04001,1.448756599,0.006341062,0.0089,2.3563,0.6285999999999998,0.6374999999999998,1.0,0.0,0.0,2270.912866,45.41825733,0.5235987755982988,0.06698729810778066,0.9330127018922194,0.07179676972449082,0.014067537818306164,1.704732462181694,4.433234524286382,1.0075972325621763,0.3953793011090368,0.402497534854977,3.3567709748549777,1.8321492774484773,3.710384186219963,3.703265952474023,0.4550523702793068,0.0006887515096037925,3297143.939918699,65942.87881289302,0.0005026055822107783,0.0005007071865558634,63450.93293577232,62972.51608604128,144091539.9635485,2881830.79990548,370.0546761515239,7.40109352466002,143005096.9841831,2860101.9403133877,367.26448246639933,7.345289650945243,"[1.770,2.067]",1.921,"[0.322,0.438]",0.38,0.002,0.0,852,1.705,0.12,-2.7135574774710003,53,3.7064425225289996,0.005,0.0,340,1.7025000000000001,0.05,0.5941835225290001,62,3.719183522529,1.7122691904784304,1.7061423821762214,0.5886772397171247,0.44571898524913184,1.7814114527498037,1.7152935766029715,0.49375159162424614,0.44338081820202113
26,56,2.3474,30.0,1.7348,2270.121503,45.40243007,E04001,1.458071735,0.006343273,0.0089,2.3563,0.6126,0.6215,1.0,0.0,0.0,2270.121503,45.40243007,0.5235987755982988,0.06698729810778066,0.9330127018922194,0.07179676972449082,0.014067537818306164,1.7207324621816937,4.433234524286382,1.0075972325621763,0.3853155581600319,0.3923956359409699,3.4019266759409694,1.8444312608338023,3.7504726651689677,3.74339258738803,0.4454534501528863,0.0006864504556630343,3307043.4789169403,66140.8695929065,0.0005026055822107783,0.0005007071865558634,67121.79240768233,66615.69746177366,152374624.26458177,3047492.4859628538,391.32722330682566,7.82654446786033,151225727.2453149,3024514.545572455,388.3766356838201,7.767532715387221,"[1.770,2.067]",1.921,"[0.322,0.438]",0.38,0.002,0.0,860,1.721,0.12,-2.7135574774710003,53,3.7064425225289996,0.005,0.0,344,1.7225000000000001,0.05,0.5941835225290001,62,3.719183522529,1.7277584565736959,1.7261423821762214,0.5709307152881805,0.44062456867696376,1.7814114527498037,1.7152935766029715,0.49375159162424614,0.44338081820202113
26,56,2.3474,30.0,1.7507,2269.289549,45.38579097,E04001,1.423352962,0.006169332,0.0089,2.3563,0.5967,0.6056,1.0,0.0,0.0,2269.289549,45.38579097,0.5235987755982988,0.06698729810778066,0.9330127018922194,0.07179676972449082,0.014067537818306164,1.7366324621816938,4.433234524286382,1.0075972325621763,0.37531471360445806,0.38235687389517514,3.447307363895175,1.856692587343197,3.7903105911245416,3.7832684308338247,0.43579991532690404,0.0006841023713667219,3317178.31129037,66343.56621118971,0.0005026055822107783,0.0005007071865558634,71018.09351853598,70482.62065780698,161160617.41151837,3223212.347520186,413.8913367133561,8.277826732443241,159945474.44489288,3198909.488193032,410.770616807759,8.215412334345052,"[1.770,2.067]",1.921,"[0.322,0.438]",0.38,0.002,0.0,868,1.737,0.12,-2.7135574774710003,54,3.8264425225289997,0.005,0.0,347,1.7375,0.05,0.5941835225290001,63,3.7691835225290005,1.7432432720824522,1.7411423821762213,0.5514075316633912,0.43684166885049047,1.8033840760270148,1.7419382738286193,0.4525550465066373,0.4366418583952544
26,56,2.3474,30.0,1.7667,2268.199247,45.36398494,E04001,1.415219586,0.006128209,0.0089,2.3563,0.5807,0.5896,1.0,0.0,0.0,2268.199247,45.36398494,0.5235987755982988,0.06698729810778066,0.9330127018922194,0.07179676972449082,0.014067537818306164,1.7526324621816938,4.433234524286382,1.0075972325621763,0.365250970655453,0.3722549749811679,3.493483864981168,1.8690863717284891,3.8303990700735464,3.8233950657478317,0.4259713762781522,0.0006816835065067431,3327349.459609616,66546.98919219233,0.0005026055822107783,0.0005007071865558634,75210.16434556303,74643.08348119842,170591638.1353523,3411832.7627070462,438.11200449593076,8.762240089918615,169305385.74581242,3386107.7149162483,434.8086619708892,8.696173239417785,"[1.770,2.067]",1.921,"[0.322,0.438]",0.38,0.002,0.0,876,1.7530000000000001,0.12,-2.7135574774710003,54,3.8264425225289997,0.005,0.0,350,1.7525,0.05,0.5941835225290001,64,3.8191835225290003,1.7587236408389018,1.7561423821762212,0.5298295396703406,0.433091273517153,1.8033840760270148,1.7685829710542667,0.4525550465066373,0.4300054511765603
26,56,2.3474,30.0,1.7827,2266.893871,45.33787742,E04001,1.451325111,0.006396418,0.0089,2.3563,0.5647,0.5736,1.0,0.0,0.0,2266.893871,45.33787742,0.5235987755982988,0.06698729810778066,0.9330127018922194,0.07179676972449082,0.014067537818306164,1.7686324621816938,4.433234524286382,1.0075972325621763,0.35518722770644795,0.3621530760671606,3.5401723660671607,1.8815345774306569,3.870487549022552,3.863521700661839,0.41602930528171506,0.0006792140048210344,3337525.22019522,66750.50440390439,0.000502605582210778,0.0005007071865558632,79698.11331712866,79097.19354276879,180667164.60886246,3613343.2921772487,463.9878865022867,9.279757730045732,179304943.25540334,3586098.8651080667,460.48944112562873,9.209788822512573,"[1.770,2.067]",1.921,"[0.322,0.438]",0.38,0.002,0.0,884,1.7690000000000001,0.12,-2.7135574774710003,54,3.8264425225289997,0.005,0.0,353,1.7675,0.05,0.5941835225290001,65,3.8691835225290006,1.7741995666717472,1.7711423821762213,0.5058572814455591,0.4293733741665181,1.8033840760270148,1.7952276682799144,0.4525550465066373,0.4234715151572937
26,56,2.3474,30.0,1.7986,2265.240311,45.30480623,E04001,1.461213622,0.009093958,0.0089,2.3563,0.5488,0.5577,1.0,0.0,0.0,2265.240311,45.30480623,0.5235987755982988,0.06698729810778066,0.9330127018922194,0.07179676972449082,0.014067537818306164,1.7845324621816938,4.433234524286382,1.0075972325621763,0.3451863831508741,0.3521143140213659,3.587076274021366,1.8939578332215758,3.910325474978126,3.903397544107634,0.4060380828564676,0.0006767150328627092,3347406.5167687326,66948.13035015191,0.0005026055822107784,0.0005007071865558635,84477.35142474664,83840.39643492545,191361501.81384936,3827230.0371217607,491.45299300366605,9.829059862242861,189918645.6946138,3798372.91473068,487.74746210246235,9.754949244202429,"[1.770,2.067]",1.921,"[0.322,0.438]",0.38,0.002,0.0,892,1.7850000000000001,0.12,-2.7135574774710003,55,3.946442522529,0.005,0.0,356,1.7825,0.05,0.5941835225290001,66,3.9191835225290004,1.7896710534042128,1.7861423821762212,0.4790721146991763,0.4256879484631008,1.825181997377196,1.821872365505562,0.4038399199916511,0.4170398362109697
26,56,2.3474,30.0,1.8146,2263.14019,45.26280379,E04001,1.462569582,0.008527974,0.0089,2.3563,0.5327999999999999,0.5417,1.0,0.0,0.0,2263.14019,45.26280379,0.5235987755982988,0.06698729810778066,0.9330127018922194,0.07179676972449082,0.014067537818306164,1.8005324621816938,4.433234524286382,1.0075972325621763,0.335122640201869,0.3420124151073586,3.6347855751073586,1.9065113624385663,3.9504139539271317,3.943524179021642,0.3958732965320328,0.0006741602136518663,3356976.7900433782,67139.53578603429,0.0005026055822107783,0.0005007071865558634,89637.49574741442,88961.63352838815,202862219.15692768,4057244.382242178,520.9890381662043,10.419780761022023,201332648.20614675,4026652.963233318,517.0608069668904,10.3412161370531,"[1.770,2.067]",1.921,"[0.322,0.438]",0.38,0.002,0.0,900,1.801,0.12,-2.7135574774710003,55,3.946442522529,0.005,0.0,360,1.8025,0.05,0.5941835225290001,66,3.9191835225290004,1.8051381048540165,1.8061423821762213,0.44895169522217315,0.4208244987917582,1.825181997377196,1.821872365505562,0.4038399199916511,0.4170398362109697
26,56,2.3474,30.0,1.8306,2260.533432,45.21066864,E04001,1.442137486,0.008405096,0.0089,2.3563,0.5167999999999999,0.5257,1.0,0.0,0.0,2260.533432,45.21066864,0.5235987755982988,0.06698729810778066,0.9330127018922194,0.07179676972449082,0.014067537818306164,1.8165324621816938,4.433234524286382,1.0075972325621763,0.3250588972528639,0.33191051619335127,3.6830068761933514,1.9191161705830504,3.9905024328761365,3.983650813935649,0.38559878037052175,0.0006715699831054578,3366042.987131282,67320.85974262565,0.0005026055822107783,0.0005007071865558634,95182.77093186513,94465.09761626567,215163835.84187895,4303276.716837578,552.581946255336,11.051638925106719,213541511.3187121,4270830.2263742415,548.4155061146791,10.968310122293582,"[1.770,2.067]",1.921,"[0.322,0.438]",0.38,0.002,0.0,908,1.817,0.12,-2.7135574774710003,55,3.946442522529,0.005,0.0,363,1.8175000000000001,0.05,0.5941835225290001,67,3.969183522529,1.8206007248334402,1.8211423821762214,0.41483574853406313,0.4172146848688191,1.825181997377196,1.8485170627312093,0.4038399199916511,0.41071007772597334
26,56,2.3474,30.0,1.8465,2257.191598,45.14383196,E04001,1.44427261,0.008373237,0.0089,2.3563,0.5008999999999999,0.5097999999999999,1.0,0.0,0.0,2257.191598,45.14383196,0.5235987755982988,0.06698729810778066,0.9330127018922194,0.07179676972449082,0.014067537818306164,1.8324324621816939,4.433234524286382,1.0075972325621763,0.31505805269729015,0.3218717541475566,3.7314340041475567,1.9316920055090452,4.03034035883171,4.023526657381444,0.3752811828972595,0.000668965443759103,3374152.759395481,67483.05518790962,0.0005026055822107782,0.0005007071865558633,101111.893441306,100349.51483956825,228228916.3335872,4564578.326671745,586.135575645901,11.722711512918021,226508081.75924975,4530161.635184995,581.7161428236972,11.634322856473943,"[1.770,2.067]",1.921,"[0.206,0.322]",0.265,0.002,0.0,916,1.833,0.12,-2.7135574774710003,56,4.066442522528999,0.005,0.0,366,1.8325,0.015,0.7091835225290001,220,4.016683522529,1.8360589171492663,1.8350400823071018,0.37587732620475267,0.3368993099926078,1.846809318806573,1.8125467214765851,0.34534914422878815,0.34202206107669947
26,56,2.3474,30.0,1.8625,2253.034269,45.06068539,E04001,1.460252977,0.008832533,0.0089,2.3563,0.4848999999999999,0.4937999999999999,1.0,0.0,0.0,2253.034269,45.06068539,0.5235987755982988,0.06698729810778066,0.9330127018922194,0.07179676972449082,0.014067537818306164,1.8484324621816939,4.433234524286382,1.0075972325621763,0.304994309748285,0.3117698552335493,3.7806761052335496,1.9443960772521502,4.070428837780716,4.0636532922954505,0.3647922143777385,0.0006663182339570215,3381318.6465272754,67626.37294555335,0.0005026055822107783,0.0005007071865558634,107541.45827865886,106730.60108074755,242294590.8400522,4845891.817876458,622.2589221356352,12.445178445474573,240467701.7858927,4809354.03678516,617.5671210939308,12.351342424619665,"[1.770,2.067]",1.921,"[0.206,0.322]",0.265,0.002,0.0,924,1.849,0.12,-2.7135574774710003,56,4.066442522528999,0.005,0.0,369,1.8475000000000001,0.015,0.7091835225290001,223,4.061683522529,1.85151268560287,1.850040082307102,0.33097181918118596,0.3335336748358998,1.846809318806573,1.836526948979668,0.34534914422878815,0.3365638967817839
26,56,2.3474,45.0,0.7554,3.219588842,0.064391777,E04001,1.108837238,0.180457825,0.0089,2.3563,1.592,1.6009,1.0,0.0,0.0,3.219588842,0.064391777,0.7853981633974483,0.14644660940672624,0.8535533905932737,0.1715728752538099,0.03053716053066058,0.7248628394693394,4.433234524286382,1.0075972325621763,2.1891195332271516,2.2097039924931243,2.7803331524931245,1.667433102853942,0.10877953770184812,0.08819507843587537,0.6984415849524107,-0.00015976276388140475,-20152.310612189758,-403.0462132452801,9.620479607889612e-05,9.584142015685642e-05,11580.993225234799,11493.673117567008,37286.03656724355,745.7207331978299,0.09575768424957981,0.0019151536897503495,37004.901722914095,740.0980362972696,0.0950356761164197,0.0019007135270512668,"[1.302,1.770]",1.619,"[2.000,2.500]",2.25,0.002,0.0,362,0.725,0.12,-1.6444774774709998,14,0.09552252252900018,0.005,0.0,144,0.7225,0.1,-1.275816477471,13,0.07418352252900018,0.7448071147931046,0.7440667365697318,0.6967357998560426,0.7004860191635678,0.709963488653555,0.7694068250924838,0.7018317835827783,0.6976277554489698
26,56,2.3474,45.0,0.7677,4.375616109,0.087512322,E04001,0.731325582,0.114498162,0.0089,2.3563,1.5796999999999999,1.5885999999999998,1.0,0.0,0.0,4.375616109,0.087512322,0.7853981633974483,0.14644660940672624,0.8535533905932737,0.1715728752538099,0.03053716053066058,0.7371628394693395,4.433234524286382,1.0075972325621763,2.172206109697821,2.1927264429224667,2.7820897329224668,1.6679597515894882,0.14877447703117896,0.12825414380653344,0.6966811675816603,-0.00015080331709812396,-29015.38370109522,-580.3076728282967,9.62047960788961e-05,9.584142015685637e-05,11746.207615375877,11657.64179949854,51396.895261497164,1027.9379031156259,0.13199707238883432,0.002639941442346714,51009.36525083756,1020.1873029183757,0.13100182108796046,0.0026200364163701793,"[1.302,1.770]",1.619,"[2.000,2.500]",2.25,0.002,0.0,368,0.737,0.12,-1.6444774774709998,14,0.09552252252900018,0.005,0.0,147,0.7375,0.1,-1.275816477471,14,0.17418352252900027,0.7566368649884367,0.7590667365697318,0.6949086954716042,0.6988028063667635,0.709963488653555,0.8226962195437789,0.7018317835827783,0.6913867741204364
26,56,2.3474,45.0,0.78,5.849007959,0.116980159,E04001,1.208751988,0.119678415,0.0089,2.3563,1.5674,1.5762999999999998,1.0,0.0,0.0,5.849007959,0.116980159,0.7853981633974483,0.14644660940672624,0.8535533905932737,0.1715728752538099,0.03053716053066058,0.7494628394693394,4.433234524286382,1.0075972325621763,2.1552926861684907,2.175748893351809,2.784148893351809,1.6685769066338563,0.18876941636050937,0.16831320917719106,0.6948792934908457,-0.00014192798243613567,-41211.09775961142,-824.2219539239796,9.620479607889611e-05,9.584142015685639e-05,11917.001248097638,11827.147656801717,69702.63514753601,1394.0527008056602,0.17900971898110352,0.003580194374113145,69177.08077690144,1383.5416134091422,0.17765999468449042,0.00355319988822242,"[1.302,1.770]",1.619,"[2.000,2.500]",2.25,0.002,0.0,374,0.749,0.12,-1.6444774774709998,15,0.21552252252900006,0.005,0.0,149,0.7475,0.1,-1.275816477471,14,0.17418352252900027,0.7684639713643833,0.7690667365697318,0.6930305478321198,0.697666592817711,0.745972683541745,0.8226962195437789,0.6965580227319896,0.6913867741204364
26,56,2.3474,45.0,0.7923,7.702396778,0.154047936,E04001,1.137308328,0.099709223,0.0089,2.3563,1.5551,1.5639999999999998,1.0,0.0,0.0,7.702396778,0.154047936,0.7853981633974483,0.14644660940672624,0.8535533905932737,0.1715728752538099,0.03053716053066058,0.7617628394693394,4.433234524286382,1.0075972325621763,2.1383792626391602,2.1587713437811518,2.786510633781152,1.669284467603156,0.22876435568983977,0.20837227454784824,0.6930354932147397,-0.0001331386710133224,-57852.43850923874,-1157.0487734895996,9.620479607889615e-05,9.584142015685643e-05,12093.550998398076,12002.366230845928,93149.32824464001,1862.9865702139628,0.23922531819718476,0.004784506377609459,92446.98698484368,1848.9397449779146,0.2374215713047056,0.004748431439656837,"[1.302,1.770]",1.619,"[2.000,2.500]",2.25,0.002,0.0,380,0.761,0.12,-1.6444774774709998,15,0.21552252252900006,0.005,0.0,152,0.7625000000000001,0.1,-1.275816477471,14,0.17418352252900027,0.7802884356927464,0.7840667365697318,0.6910998942129075,0.6959414827987442,0.745972683541745,0.8226962195437789,0.6965580227319896,0.6913867741204364
26,56,2.3474,45.0,0.8046,9.950713839,0.199014277,E04001,1.001938169,0.08300912,0.0089,2.3563,1.5428,1.5516999999999999,1.0,0.0,0.0,9.950713839,0.199014277,0.7853981633974483,0.14644660940672624,0.8535533905932737,0.1715728752538099,0.03053716053066058,0.7740628394693394,4.433234524286382,1.0075972325621763,2.12146583910983,2.1417937942104945,2.7891749542104947,1.670082319591012,0.26875929501916973,0.2484313399185054,0.6911492958882021,-0.00012443723189653054,-79965.72800071615,-1599.3145617822822,9.62047960788961e-05,9.584142015685637e-05,12276.040548978077,12183.479819373713,122155.36657884132,2443.107334277555,0.313718380905217,0.006274367625040328,121234.32124581924,2424.68642759675,0.31135296005872887,0.006227059208058268,"[1.302,1.770]",1.619,"[2.000,2.500]",2.25,0.002,0.0,387,0.775,0.12,-1.6444774774709998,15,0.21552252252900006,0.005,0.0,154,0.7725,0.1,-1.275816477471,15,0.27418352252900013,0.79408030718227,0.7940667365697317,0.6887790595305231,0.6947777361166613,0.745972683541745,0.8759856139950739,0.6965580227319896,0.6848499704229043
26,56,2.3474,45.0,0.8169,13.11812657,0.262362531,E04001,0.945256926,0.070131965,0.0089,2.3563,1.5305,1.5393999999999999,1.0,0.0,0.0,13.11812657,0.262362531,0.7853981633974483,0.14644660940672624,0.8535533905932737,0.1715728752538099,0.03053716053066058,0.7863628394693394,4.433234524286382,1.0075972325621763,2.1045524155804993,2.124816244639837,2.7921418546398367,1.6709703332614367,0.3087542343485006,0.28849040528916303,0.6892202293680548,-0.0001158254503601961,-113257.72124524455,-2265.154421451419,9.620479607889615e-05,9.584142015685643e-05,12464.66067802851,12370.677762117957,163512.99642648,3270.259923543736,0.4199326966348858,0.008398653919893062,162280.1166401477,3245.602327854683,0.41676642517869633,0.00833532849086582,"[1.302,1.770]",1.619,"[2.000,2.500]",2.25,0.002,0.0,393,0.787,0.12,-1.6444774774709998,16,0.33552252252900017,0.005,0.0,157,0.7875,0.1,-1.275816477471,15,0.27418352252900013,0.8058990531430368,0.8090667365697317,0.6867293041357426,0.6930119274230633,0.7812279515929325,0.8759856139950739,0.6909441781752186,0.6848499704229043
26,56,2.3474,45.0,0.8292,16.95277302,0.33905546,E04001,0.943798397,0.06193677,0.0089,2.3563,1.5181999999999998,1.5270999999999997,1.0,0.0,0.0,16.95277302,0.33905546,0.7853981633974483,0.14644660940672624,0.8535533905932737,0.1715728752538099,0.03053716053066058,0.7986628394693395,4.433234524286382,1.0075972325621763,2.087638992051169,2.107838695069179,2.795411335069179,1.6719483649530507,0.3487491736778314,0.3285494706598211,0.6872478203594475,-0.00010730504625793806,-157986.72673090515,-3159.7345308904128,9.620479607889614e-05,9.584142015685643e-05,12659.609560800762,12564.156740098599,214615.48740607718,4292.3097430577,0.5511736824330453,0.011023473635655985,212997.29740259465,4259.94594302623,0.5470178605309277,0.01094035719771169,"[1.302,1.770]",1.619,"[2.000,2.500]",2.25,0.002,0.0,399,0.799,0.12,-1.6444774774709998,16,0.33552252252900017,0.005,0.0,159,0.7975,0.1,-1.275816477471,16,0.3741835225290002,0.8177151626538901,0.8190667365697317,0.6846219561477249,0.6918214508730001,0.7812279515929325,0.9292750084463691,0.6909441781752186,0.6780371687826092
26,56,2.3474,45.0,0.8415,21.2268249,0.424536498,E04001,0.852694649,0.052292324,0.0089,2.3563,1.5059,1.5148,1.0,0.0,0.0,21.2268249,0.424536498,0.7853981633974483,0.14644660940672624,0.8535533905932737,0.1715728752538099,0.03053716053066058,0.8109628394693394,4.433234524286382,1.0075972325621763,2.070725568521839,2.0908611454985224,2.7989833954985226,1.6730162567944529,0.38874411300716094,0.3686085360304774,0.685231594546791,-9.887767251006407e-05,-214677.63511362456,-4293.552702272491,9.620479607889612e-05,9.584142015685642e-05,12861.093085728126,12764.121089360475,273000.1709533516,5460.003419067032,0.7011167336889448,0.014022334673778895,270941.76336625207,5418.835267325041,0.695830348706005,0.0139166069741201,"[1.302,1.770]",1.619,"[2.000,2.500]",2.25,0.002,0.0,405,0.811,0.12,-1.6444774774709998,16,0.33552252252900017,0.005,0.0,162,0.8125,0.1,-1.275816477471,16,0.3741835225290002,0.8295286374784112,0.8340667365697317,0.6824552520309773,0.6900161542584698,0.7812279515929325,0.9292750084463691,0.6909441781752186,0.6780371687826092
26,56,2.3474,45.0,0.8538,25.91001674,0.518200335,E04001,0.845232954,0.047471988,0.0089,2.3563,1.4935999999999998,1.5024999999999997,1.0,0.0,0.0,25.91001674,0.518200335,0.7853981633974483,0.14644660940672624,0.8535533905932737,0.1715728752538099,0.03053716053066058,0.8232628394693394,4.433234524286382,1.0075972325621763,2.053812144992508,2.0738835959278648,2.8028580359278648,1.674173836830532,0.42873905233649223,0.40866760140113545,0.6831710767293292,-9.054491370955593e-05,-286156.51259122585,-5723.130254033365,9.620479607889617e-05,9.584142015685644e-05,13069.325185915153,12970.783129963269,338626.4343475652,6772.528689565169,0.8696575491561394,0.017393150989835692,336073.2080282579,6721.464163159314,0.8631003748836468,0.017262007504335226,"[1.302,1.770]",1.619,"[2.000,2.500]",2.25,0.002,0.0,411,0.8230000000000001,0.12,-1.6444774774709998,17,0.4555225225290003,0.005,0.0,164,0.8225,0.1,-1.275816477471,16,0.3741835225290002,0.8413394793782061,0.8440667365697317,0.6802273455248197,0.6887997586273319,0.8157747537766752,0.9292750084463691,0.6849720769325619,0.6780371687826092
26,56,2.3474,45.0,0.8661,30.96333032,0.619266606,E04001,0.87522885,0.043922924,0.0089,2.3563,1.4813,1.4902,1.0,0.0,0.0,30.96333032,0.619266606,0.7853981633974483,0.14644660940672624,0.8535533905932737,0.1715728752538099,0.03053716053066058,0.8355628394693394,4.433234524286382,1.0075972325621763,2.036898721463178,2.0569060463572075,2.8070352563572074,1.675420919159483,0.46873399166582175,0.4487266667717922,0.6810657909614257,-8.230828484873017e-05,-376187.2863333963,-7523.745721808148,9.620479607889617e-05,9.584142015685644e-05,13284.528186865675,13184.363511087671,411333.23439527256,8226.664682591641,1.0563825390651538,0.021127650767656193,408231.80245276255,8164.6360437815065,1.0484174677404814,0.02096834934126564,"[1.302,1.770]",1.619,"[2.000,2.500]",2.25,0.002,0.0,417,0.835,0.12,-1.6444774774709998,17,0.4555225225290003,0.005,0.0,167,0.8375,0.1,-1.275816477471,17,0.4741835225290001,0.8531476901129409,0.8590667365697318,0.6779363029836544,0.6869561952114798,0.8157747537766752,0.9825644028976641,0.6849720769325619,0.6709683984740606
26,56,2.3474,45.0,0.8784,36.34304904,0.726860981,E04001,0.778690857,0.038246653,0.0089,2.3563,1.4689999999999999,1.4778999999999998,1.0,0.0,0.0,36.34304904,0.726860981,0.7853981633974483,0.14644660940672624,0.8535533905932737,0.1715728752538099,0.03053716053066058,0.8478628394693394,4.433234524286382,1.0075972325621763,2.0199852979338475,2.03992849678655,2.8115150567865497,1.6767573040802743,0.5087289309951526,0.48878573214245025,0.678915260697634,-7.416923016837027e-05,-490001.7022894572,-9800.03404848568,9.620479607889612e-05,9.584142015685642e-05,13506.933171377179,13405.091573178473,490883.13462736347,9817.662695248657,1.2606819210810545,0.025213638428558772,487181.900429716,9743.638011275338,1.251176442669776,0.025023528860280888,"[1.302,1.770]",1.619,"[2.000,2.500]",2.25,0.002,0.0,423,0.847,0.12,-1.6444774774709998,17,0.4555225225290003,0.005,0.0,169,0.8475,0.1,-1.275816477471,17,0.4741835225290001,0.8649532714402923,0.8690667365697318,0.6755800983922015,0.68571469758967,0.8157747537766752,0.9825644028976641,0.6849720769325619,0.6709683984740606
26,56,2.3474,45.0,0.8907,42.00394841,0.840078968,E04001,0.835635728,0.036901293,0.0089,2.3563,1.4566999999999999,1.4655999999999998,1.0,0.0,0.0,42.00394841,0.840078968,0.7853981633974483,0.14644660940672624,0.8535533905932737,0.1715728752538099,0.03053716053066058,0.8601628394693395,4.433234524286382,1.0075972325621763,2.003071874404517,2.0229509472158926,2.816297437215893,1.6781827782502992,0.548723870324483,0.5288447975131074,0.6767190089426204,-6.612912213075614e-05,-635180.7956401751,-12703.615909779117,9.620479607889612e-05,9.584142015685642e-05,13736.780362591404,13633.205728106981,576999.0136697905,11539.980270648453,1.481843994431168,0.029636879881567626,572648.4700663221,11452.969398599802,1.470670965086962,0.029413419294736703,"[1.302,1.770]",1.619,"[2.000,2.500]",2.25,0.002,0.0,430,0.861,0.12,-1.6444774774709998,18,0.5755225225289999,0.005,0.0,172,0.8625,0.1,-1.275816477471,18,0.5741835225290002,0.8787231287190096,0.8840667365697318,0.6727459964835313,0.6838340970443401,0.8496541580601374,1.0358537973489592,0.6786208699953937,0.6636637685083957
26,56,2.3474,45.0,0.9031,47.94942504,0.958988501,E04001,0.805014867,0.033785598,0.0089,2.3563,1.4443,1.4531999999999998,1.0,0.0,0.0,47.94942504,0.958988501,0.7853981633974483,0.14644660940672624,0.8535533905932737,0.1715728752538099,0.03053716053066058,0.8725628394693394,4.433234524286382,1.0075972325621763,1.9860209433668181,2.0058353687869372,2.821424978786937,1.6797097900491433,0.5890439717621823,0.5692295463420631,0.6744581364644482,-5.8125123030287465e-05,-824934.5986762871,-16498.691976966595,9.620479607889615e-05,9.584142015685643e-05,13976.282966891267,13870.90249479107,670154.7324587817,13403.094651970889,1.7210857247703906,0.03442171450258656,665101.7994111334,13302.035990996848,1.7081088247869782,0.03416217650286419,"[1.302,1.770]",1.619,"[2.000,2.500]",2.25,0.002,0.0,436,0.873,0.12,-1.6444774774709998,18,0.5755225225289999,0.005,0.0,174,0.8725,0.1,-1.275816477471,18,0.5741835225290002,0.8905230190175999,0.8940667365697318,0.6702411835917009,0.6825683196265233,0.8496541580601374,1.0358537973489592,0.6786208699953937,0.6636637685083957
26,56,2.3474,45.0,0.9154,54.03891461,1.080778292,E04001,0.797573384,0.031643863,0.0089,2.3563,1.432,1.4408999999999998,1.0,0.0,0.0,54.03891461,1.080778292,0.7853981633974483,0.14644660940672624,0.8535533905932737,0.1715728752538099,0.03053716053066058,0.8848628394693394,4.433234524286382,1.0075972325621763,1.9691075198374879,1.9888578192162798,2.8268149792162798,1.681313468457408,0.629038911091512,0.6092886117127201,0.6721686282827316,-5.028756397068641e-05,-1074597.9789655416,-21491.959575333705,9.620479607889614e-05,9.584142015685643e-05,14221.839574606376,14114.6076180085,768532.7743692726,15370.655484541085,1.973739381250274,0.039474787617700596,762738.0758232168,15254.761513641415,1.9588574853776997,0.03917714970030419,"[1.302,1.770]",1.619,"[1.500,2.000]",1.75,0.002,0.0,442,0.885,0.12,-1.6444774774709998,18,0.5755225225289999,0.005,0.0,176,0.8825000000000001,0.1,-0.7758164774709999,13,0.5741835225290002,0.9023202854619612,0.8992741284431247,0.6676641205311059,0.6659043752163079,0.8496541580601374,0.7694068250924838,0.6786208699953937,0.68529552091414
26,56,2.3474,45.0,0.9277,60.27543828,1.205508766,E04001,0.786389968,0.0295311,0.0089,2.3563,1.4197,1.4285999999999999,1.0,0.0,0.0,60.27543828,1.205508766,0.7853981633974483,0.14644660940672624,0.8535533905932737,0.1715728752538099,0.03053716053066058,0.8971628394693394,4.433234524286382,1.0075972325621763,1.9521940963081577,1.9718802696456226,2.8325075596456224,1.6830055138488473,0.6690338504208426,0.6493476770833777,0.6698319626172397,-4.25526389396061e-05,-1416491.192603764,-28329.823861475394,9.620479607889611e-05,9.584142015685639e-05,14475.620266233233,14366.474815957754,872524.3559220585,17450.487124231415,2.2408096828358914,0.04481619367158828,865945.566070436,17318.911327155307,2.22391409029363,0.04447828182063093,"[1.302,1.770]",1.619,"[1.500,2.000]",1.75,0.002,0.0,448,0.897,0.12,-1.6444774774709998,19,0.695522522529,0.005,0.0,179,0.8975,0.1,-0.7758164774709999,14,0.6741835225290003,0.9141149298016487,0.9142741284431246,0.6650123344467723,0.6635474553989391,0.8829034116990423,0.8226962195437789,0.6718668072997447,0.677570759346984
26,56,2.3474,45.0,0.94,66.61540462,1.332308092,E04001,0.79561177,0.028221701,0.0089,2.3563,1.4074,1.4163,1.0,0.0,0.0,66.61540462,1.332308092,0.7853981633974483,0.14644660940672624,0.8535533905932737,0.1715728752538099,0.03053716053066058,0.9094628394693394,4.433234524286382,1.0075972325621763,1.9352806727788272,1.954902720074965,2.838502720074965,1.684785659980214,0.7090287897501726,0.6894067424540349,0.6674476622740619,-3.492142491277444e-05,-1907579.7962537245,-38151.59591362021,9.620479607889614e-05,9.584142015685643e-05,14737.906148828577,14626.783076162466,981771.5813558017,19635.431621220872,2.5213774846552313,0.05042754967796472,974369.072907531,19487.38145229991,2.5023664249689603,0.050047328484353455,"[1.302,1.770]",1.619,"[1.500,2.000]",1.75,0.002,0.0,454,0.909,0.12,-1.6444774774709998,19,0.695522522529,0.005,0.0,181,0.9075,0.1,-0.7758164774709999,14,0.6741835225290003,0.9259069537842848,0.9242741284431246,0.6622832280636175,0.6619639413133517,0.8829034116990423,0.8226962195437789,0.6718668072997447,0.677570759346984
26,56,2.3474,45.0,0.9523,73.01296489,1.460259298,E04001,0.871078172,0.028625053,0.0089,2.3563,1.3950999999999998,1.4039999999999997,1.0,0.0,0.0,73.01296489,1.460259298,0.7853981633974483,0.14644660940672624,0.8535533905932737,0.1715728752538099,0.03053716053066058,0.9217628394693395,4.433234524286382,1.0075972325621763,1.9183672492494965,1.9379251705043075,2.844800460504308,1.6866536278988369,0.7490237290795037,0.7294658078246927,0.6650152504355655,-2.739492383075106e-05,-2665200.507257562,-53304.01015245186,9.620479607889612e-05,9.584142015685642e-05,15008.989701071587,14895.822672027258,1095850.8380787114,21917.016764576027,2.8143548684272583,0.056287097376254355,1087588.1777603922,21751.76355818701,2.793134773971892,0.05586269548708891,"[1.302,1.770]",1.619,"[1.500,2.000]",1.75,0.002,0.0,460,0.921,0.12,-1.6444774774709998,19,0.695522522529,0.005,0.0,184,0.9225,0.1,-0.7758164774709999,15,0.7741835225290001,0.9376963591555452,0.9392741284431246,0.6594740720029892,0.6595708006133727,0.8829034116990423,0.8759856139950739,0.6718668072997447,0.6695186303113821
26,56,2.3474,45.0,0.9646,79.42594269,1.588518854,E04001,0.891396408,0.0292096,0.0089,2.3563,1.3828,1.3917,1.0,0.0,0.0,79.42594269,1.588518854,0.7853981633974483,0.14644660940672624,0.8535533905932737,0.1715728752538099,0.03053716053066058,0.9340628394693394,4.433234524286382,1.0075972325621763,1.9014538257201665,1.9209476209336502,2.85140078093365,1.6886091261549103,0.7890186684088336,0.7695248731953499,0.6625342508408273,-1.9974062324525168e-05,-3976454.1333425594,-79529.08267686417,9.620479607889614e-05,9.584142015685643e-05,15289.175290352248,15173.895676027269,1214357.1603888818,24287.14321083547,3.1187018046560757,0.06237403610097462,1205200.9683481806,24104.01936999839,3.0951869495767284,0.06190373899932845,"[1.302,1.770]",1.619,"[1.500,2.000]",1.75,0.002,0.0,467,0.935,0.12,-1.6444774774709998,20,0.8155225225290001,0.005,0.0,186,0.9325,0.1,-0.7758164774709999,15,0.7741835225290001,0.9514473581144216,0.9492741284431246,0.656091712611347,0.6579637407856941,0.9155564210981225,0.8759856139950739,0.6646829544376162,0.6695186303113821
26,56,2.3474,45.0,0.9769,85.80820098,1.71616402,E04001,0.841411417,0.029950517,0.0089,2.3563,1.3704999999999998,1.3793999999999997,1.0,0.0,0.0,85.80820098,1.71616402,0.7853981633974483,0.14644660940672624,0.8535533905932737,0.1715728752538099,0.03053716053066058,0.9463628394693394,4.433234524286382,1.0075972325621763,1.8845404021908359,1.9039700713629928,2.858303681362993,1.6906518510216682,0.8290136077381642,0.8095839385660073,0.6600041879713454,-1.2659691564236407e-05,-6778064.10563808,-135561.28214435795,9.620479607889612e-05,9.584142015685642e-05,15578.779717135705,15461.316499968036,1336787.060991128,26735.741226054073,3.433125241521895,0.06866250484644162,1326707.7536446473,26534.15507907747,3.4072396495095036,0.06814479300607312,"[1.302,1.770]",1.619,"[1.500,2.000]",1.75,0.002,0.0,473,0.9470000000000001,0.12,-1.6444774774709998,20,0.8155225225290001,0.005,0.0,189,0.9475,0.1,-0.7758164774709999,15,0.7741835225290001,0.9632310958071315,0.9642741284431247,0.6530990710823009,0.6555361812916615,0.9155564210981225,0.8759856139950739,0.6646829544376162,0.6695186303113821
26,56,2.3474,45.0,0.9769,85.80820098,1.71616402,E04001,0.820434401,0.025522036,0.0089,2.3563,1.3704999999999998,1.3793999999999997,1.0,0.0,0.0,85.80820098,1.71616402,0.7853981633974483,0.14644660940672624,0.8535533905932737,0.1715728752538099,0.03053716053066058,0.9463628394693394,4.433234524286382,1.0075972325621763,1.8845404021908359,1.9039700713629928,2.858303681362993,1.6906518510216682,0.8290136077381642,0.8095839385660073,0.6600041879713454,-1.2659691564236407e-05,-6778064.10563808,-135561.28214435795,9.620479607889612e-05,9.584142015685642e-05,15578.779717135705,15461.316499968036,1336787.060991128,26735.741226054073,3.433125241521895,0.06866250484644162,1326707.7536446473,26534.15507907747,3.4072396495095036,0.06814479300607312,"[1.302,1.770]",1.619,"[1.500,2.000]",1.75,0.002,0.0,473,0.9470000000000001,0.12,-1.6444774774709998,20,0.8155225225290001,0.005,0.0,189,0.9475,0.1,-0.7758164774709999,15,0.7741835225290001,0.9632310958071315,0.9642741284431247,0.6530990710823009,0.6555361812916615,0.9155564210981225,0.8759856139950739,0.6646829544376162,0.6695186303113821
26,56,2.3474,45.0,0.9892,92.11338172,1.842267634,E04001,0.855467452,0.022472305,0.0089,2.3563,1.3582,1.3671,1.0,0.0,0.0,92.11338172,1.842267634,0.7853981633974483,0.14644660940672624,0.8535533905932737,0.1715728752538099,0.03053716053066058,0.9586628394693394,4.433234524286382,1.0075972325621763,1.8676269786615058,1.8869925217923356,2.8655091617923354,1.6927814867230606,0.8690085470674942,0.8496430039366645,0.6574245872420822,-5.452587229463045e-06,-16893518.22237075,-337870.36437405535,9.620479607889614e-05,9.584142015685643e-05,15878.132788295083,15758.412463995413,1462588.506529073,29251.770124230203,3.7562074516205213,0.07512414901609918,1451560.6625972153,29031.213245640938,3.727885835959494,0.07455771670300163,"[1.302,1.770]",1.619,"[1.500,2.000]",1.75,0.002,0.0,479,0.9590000000000001,0.12,-1.6444774774709998,20,0.8155225225290001,0.005,0.0,191,0.9575,0.1,-0.7758164774709999,16,0.8741835225290002,0.9750122204036842,0.9742741284431247,0.6500167674181982,0.6539067738480667,0.9155564210981225,0.9292750084463691,0.6646829544376162,0.66116844610957
26,56,2.3474,45.0,1.0015,98.30223348,1.96604467,E04001,0.846369376,0.020040236,0.0089,2.3563,1.3458999999999999,1.3547999999999998,1.0,0.0,0.0,98.30223348,1.96604467,0.7853981633974483,0.14644660940672624,0.8535533905932737,0.1715728752538099,0.03053716053066058,0.9709628394693395,4.433234524286382,1.0075972325621763,1.8507135551321754,1.870014972221678,2.8730172222216783,1.6949977056685588,0.9090034863968246,0.8897020693073221,0.6547949751978782,1.6465504008147094e-06,59701928.00132949,1194038.560269522,9.62047960788961e-05,9.584142015685637e-05,16187.57792122821,16065.524396157287,1591275.0642882686,31825.501292240402,4.086699182562397,0.08173398366787704,1579276.9301696897,31585.538609820003,4.05588567583746,0.08111771353325294,"[1.302,1.770]",1.619,"[1.500,2.000]",1.75,0.002,0.0,485,0.971,0.12,-1.6444774774709998,21,0.9355225225290003,0.005,0.0,194,0.9725,0.1,-0.7758164774709999,16,0.8741835225290002,0.9867907336417048,0.9892741284431247,0.6468414252586049,0.6514465871615452,0.9476441568573738,0.9292750084463691,0.6570388444891303,0.66116844610957
26,56,2.3474,45.0,1.0138,104.3433676,2.086867352,E04001,0.871162222,0.019550835,0.0089,2.3563,1.3336,1.3424999999999998,1.0,0.0,0.0,104.3433676,2.086867352,0.7853981633974483,0.14644660940672624,0.8535533905932737,0.1715728752538099,0.03053716053066058,0.9832628394693395,4.433234524286382,1.0075972325621763,1.8338001316028447,1.8530374226510204,2.8808278626510204,1.6973001686946891,0.9489984257261557,0.9297611346779799,0.6521148797152887,8.637096240779596e-06,12080838.824899076,241616.7764979815,9.620479607889615e-05,9.584142015685643e-05,16507.47278070509,16383.007264449247,1722445.3005041054,34448.90601008211,4.423569475543163,0.08847138951086325,1709458.149387898,34189.16298775796,4.390215983716683,0.08780431967433366,"[1.302,1.770]",1.619,"[1.500,2.000]",1.75,0.002,0.0,491,0.983,0.12,-1.6444774774709998,21,0.9355225225290003,0.005,0.0,196,0.9825,0.1,-0.7758164774709999,17,0.9741835225290001,0.9985666372569,0.9992741284431247,0.6435694859081447,0.6497960223857634,0.9476441568573738,0.9825644028976641,0.6570388444891303,0.6525494179984482
26,56,2.3474,45.0,1.0261,110.2009714,2.204019429,E04001,0.883839759,0.019146837,0.0089,2.3563,1.3213,1.3301999999999998,1.0,0.0,0.0,110.2009714,2.204019429,0.7853981633974483,0.14644660940672624,0.8535533905932737,0.1715728752538099,0.03053716053066058,0.9955628394693394,4.433234524286382,1.0075972325621763,1.8168867080735145,1.8360598730803632,2.888941083080363,1.6996885253129066,0.9889933650554854,0.9698202000486367,0.649383830209873,1.551850007537912e-05,7101264.3531728545,142025.28712789633,9.620479607889612e-05,9.584142015685642e-05,16838.18995053755,16711.23084341988,1855584.889166956,37111.69780017732,4.765497442848128,0.09530994890020626,1841593.872234512,36831.87746140147,4.7295658313095466,0.09459131666910858,"[1.302,1.770]",1.619,"[1.500,2.000]",1.75,0.002,0.0,497,0.995,0.12,-1.6444774774709998,21,0.9355225225290003,0.005,0.0,199,0.9975,0.1,-0.7758164774709999,17,0.9741835225290001,1.0103399329830367,1.0142741284431247,0.6401971960998594,0.6473049871003815,0.9476441568573738,0.9825644028976641,0.6570388444891303,0.6525494179984482
26,56,2.3474,45.0,1.0384,115.8613085,2.317226169,E04001,0.88899393,0.018470359,0.0089,2.3563,1.309,1.3178999999999998,1.0,0.0,0.0,115.8613085,2.317226169,0.7853981633974483,0.14644660940672624,0.8535533905932737,0.1715728752538099,0.03053716053066058,1.0078628394693394,4.433234524286382,1.0075972325621763,1.7999732845441843,1.8190823235097058,2.8973568835097057,1.702162413963399,1.028988304384816,1.0098792654192945,0.6466013578489789,2.2290286125757017e-05,5197838.549327511,103956.77094168763,9.620479607889611e-05,9.584142015685639e-05,17180.117642316916,17050.58041756459,1990510.910222773,39810.21818727534,5.112013310739157,0.10224026617066131,1975502.55786351,39510.05114021961,5.073468986948323,0.10146937969517729,"[1.302,1.770]",1.619,"[1.500,2.000]",1.75,0.002,0.0,503,1.0070000000000001,0.12,-1.6444774774709998,22,1.055522522529,0.005,0.0,201,1.0075,0.1,-0.7758164774709999,17,0.9741835225290001,1.022110622551999,1.0242741284431247,0.6367205947535991,0.6456344457938198,0.979194997784839,0.9825644028976641,0.6489000557857969,0.6525494179984482
26,56,2.3474,45.0,1.0507,121.3122682,2.426245364,E04001,0.882021263,0.017970153,0.0089,2.3563,1.2967,1.3055999999999999,1.0,0.0,0.0,121.3122682,2.426245364,0.7853981633974483,0.14644660940672624,0.8535533905932737,0.1715728752538099,0.03053716053066058,1.0201628394693394,4.433234524286382,1.0075972325621763,1.7830598610148538,1.8021047739390483,2.9060752639390484,1.7047214622744233,1.068983243714146,1.0499383307899515,0.6437669957700469,2.8952052505572064e-05,4190109.429259029,83802.18858518059,9.620479607889612e-05,9.584142015685642e-05,17533.660443635148,17401.45752390521,2127048.118265998,42540.96236531997,5.46266701544556,0.1092533403089112,2111010.2822108967,42220.20564421794,5.4214787803205615,0.10842957560641124,"[1.302,1.770]",1.619,"[1.500,2.000]",1.75,0.002,0.0,510,1.0210000000000001,0.12,-1.6444774774709998,22,1.055522522529,0.005,0.0,204,1.0225,0.1,-0.7758164774709999,18,1.0741835225290002,1.0358398021304822,1.0392741284431246,0.6325271277168486,0.6431143250973671,0.979194997784839,1.0358537973489592,0.6489000557857969,0.6436904529228209
26,56,2.3474,45.0,1.063,126.5487869,2.530975739,E04001,0.908740437,0.017779704,0.0089,2.3563,1.2844,1.2933,1.0,0.0,0.0,126.5487869,2.530975739,0.7853981633974483,0.14644660940672624,0.8535533905932737,0.1715728752538099,0.03053716053066058,1.0324628394693394,4.433234524286382,1.0075972325621763,1.7661464374855234,1.785127224368391,2.9150962243683907,1.7073652873267602,1.1089781830434768,1.089997396160609,0.6408802793044646,3.5503470571519694e-05,3564406.095034421,71288.12192885469,9.620479607889615e-05,9.584142015685643e-05,17899.24010838732,17764.280736333603,2265127.1221482395,45302.54246086404,5.817280347206009,0.11634560699008888,2248048.1773340562,44960.96356444541,5.773418345357593,0.11546836695277395,"[1.302,1.770]",1.619,"[1.500,2.000]",1.75,0.002,0.0,516,1.033,0.12,-1.6444774774709998,22,1.055522522529,0.005,0.0,206,1.0325,0.1,-0.7758164774709999,18,1.0741835225290002,1.0476048509576472,1.0492741284431246,0.6288098491521441,0.6414249770221859,0.979194997784839,1.0358537973489592,0.6489000557857969,0.6436904529228209
26,56,2.3474,45.0,1.0753,131.5857753,2.631715505,E04001,0.873954649,0.017023117,0.0089,2.3563,1.2721,1.281,1.0,0.0,0.0,131.5857753,2.631715505,0.7853981633974483,0.14644660940672624,0.8535533905932737,0.1715728752538099,0.03053716053066058,1.0447628394693393,4.433234524286382,1.0075972325621763,1.7492330139561931,1.7681496747977337,2.9244197647977335,1.7100934959228788,1.148973122372807,1.1300564615312665,0.6379407462069899,4.194428417159414e-05,3137156.2990962574,62743.125958084,9.620479607889612e-05,9.584142015685642e-05,18277.29639195285,18139.486494495708,2405032.216123008,48100.64430418287,6.176583428121646,0.12353166851549331,2386898.393922097,47737.96786030245,6.130012299076561,0.12260024593494552,"[1.302,1.770]",1.619,"[1.500,2.000]",1.75,0.002,0.0,522,1.045,0.12,-1.6444774774709998,23,1.175522522529,0.005,0.0,208,1.0425,0.1,-0.7758164774709999,19,1.1741835225290003,1.0593672990992218,1.0592741284431246,0.6249741740389917,0.6397284310178618,1.010235024753555,1.0891431918002543,0.6402277034483531,0.6346199685056902
26,56,2.3474,45.0,1.0876,136.4459441,2.728918882,E04001,0.91611371,0.017149649,0.0089,2.3563,1.2598,1.2687,1.0,0.0,0.0,136.4459441,2.728918882,0.7853981633974483,0.14644660940672624,0.8535533905932737,0.1715728752538099,0.03053716053066058,1.0570628394693393,4.433234524286382,1.0075972325621763,1.7323195904268627,1.7511721252270764,2.9340458852270763,1.7129056848604,1.1889680617021374,1.1701155269019237,0.6349479368907616,4.827430879484974e-05,2826471.2122518686,56529.42424503737,9.620479607889615e-05,9.584142015685643e-05,18668.287934268683,18527.529980206364,2547212.171921929,50944.24343843858,6.54172878996397,0.1308345757992794,2528006.3199903113,50560.12639980623,6.4924044832172525,0.12984808966434505,"[1.302,1.770]",1.619,"[1.500,2.000]",1.75,0.002,0.0,528,1.057,0.12,-1.6444774774709998,23,1.175522522529,0.005,0.0,211,1.0575,0.1,-0.7758164774709999,19,1.1741835225290003,1.0711271482791105,1.0742741284431248,0.6210151064917411,0.6371705188309743,1.010235024753555,1.0891431918002543,0.6402277034483531,0.6346199685056902
26,56,2.3474,45.0,1.0999,141.1521414,2.823042828,E04001,0.935161158,0.017073776,0.0089,2.3563,1.2474999999999998,1.2563999999999997,1.0,0.0,0.0,141.1521414,2.823042828,0.7853981633974483,0.14644660940672624,0.8535533905932737,0.1715728752538099,0.03053716053066058,1.0693628394693395,4.433234524286382,1.0075972325621763,1.7154061668975322,1.7341945756564185,2.943974585656419,1.715801441209448,1.2289630010314678,1.2101745922725815,0.6319013946679045,5.4493430626607196e-05,2590259.775846824,51805.19551693648,9.620479607889611e-05,9.584142015685639e-05,19072.69319404372,18928.886044619812,2692151.486604477,53843.02973208954,6.913960713989783,0.13827921427979567,2671852.7995146625,53437.05599029325,6.861829797218246,0.1372365959443649,"[1.302,1.770]",1.619,"[1.500,2.000]",1.75,0.002,0.0,534,1.069,0.12,-1.6444774774709998,23,1.175522522529,0.005,0.0,213,1.0675000000000001,0.1,-0.7758164774709999,19,1.1741835225290003,1.0828844002192923,1.0842741284431248,0.616927354207497,0.6354567823917866,1.010235024753555,1.0891431918002543,0.6402277034483531,0.6346199685056902
26,56,2.3474,45.0,1.1122,145.7442713,2.914885426,E04001,0.926279975,0.016604426,0.0089,2.3563,1.2351999999999999,1.2440999999999998,1.0,0.0,0.0,145.7442713,2.914885426,0.7853981633974483,0.14644660940672624,0.8535533905932737,0.1715728752538099,0.03053716053066058,1.0816628394693395,4.433234524286382,1.0075972325621763,1.6984927433682018,1.7172170260857613,2.9542058660857613,1.7187803425934802,1.2689579403607987,1.2502336576432391,0.6288006659957415,6.060160551322641e-05,2404957.262529803,48099.14525059606,9.620479607889611e-05,9.584142015685639e-05,19491.011437619527,19344.050189634465,2840703.2588758236,56814.065177516466,7.295470121089705,0.1459094024217941,2819284.4988789023,56385.68997757804,7.240462642536606,0.14480925285073212,"[1.302,1.770]",1.619,"[1.500,2.000]",1.75,0.002,0.0,540,1.081,0.12,-1.6444774774709998,24,1.2955225225290001,0.005,0.0,216,1.0825,0.1,-0.7758164774709999,20,1.2741835225290004,1.0946390566398705,1.0992741284431247,0.6127053063960799,0.6328739402587522,1.0407882730607914,1.1424325862515496,0.630977828984361,0.6253657274048398
26,56,2.3474,45.0,1.1245,150.2585803,3.005171606,E04001,0.971658322,0.016771089,0.0089,2.3563,1.2228999999999999,1.2317999999999998,1.0,0.0,0.0,150.2585803,3.005171606,0.7853981633974483,0.14644660940672624,0.8535533905932737,0.1715728752538099,0.03053716053066058,1.0939628394693395,4.433234524286382,1.0075972325621763,1.6815793198388713,1.7002394765151039,2.964739726515104,1.7218419574731891,1.308952879690129,1.2902927230138965,0.6256453007286038,6.659885784072071e-05,2256173.531674698,45123.47063349396,9.620479607889615e-05,9.584142015685643e-05,19923.76378626236,19773.539607288385,2993716.460756335,59874.3292151267,7.6884373340372845,0.1537687466807457,2971143.9888969725,59422.87977793945,7.630466902421599,0.15260933804843196,"[1.302,1.770]",1.619,"[1.500,2.000]",1.75,0.002,0.0,546,1.093,0.12,-1.6444774774709998,24,1.2955225225290001,0.005,0.0,218,1.0925,0.1,-0.7758164774709999,20,1.2741835225290004,1.1063911192590368,1.1092741284431247,0.6083430097022309,0.6311441508078904,1.0407882730607914,1.1424325862515496,0.630977828984361,0.6253657274048398
26,56,2.3474,45.0,1.1368,154.7314574,3.094629148,E04001,0.9758843,0.016480165,0.0089,2.3563,1.2106,1.2194999999999998,1.0,0.0,0.0,154.7314574,3.094629148,0.7853981633974483,0.14644660940672624,0.8535533905932737,0.1715728752538099,0.03053716053066058,1.1062628394693395,4.433234524286382,1.0075972325621763,1.664665896309541,1.6832619269444467,2.975576166944447,1.724985845433071,1.3489478190194593,1.3303517883845537,0.6224348523752407,7.248527933161857e-05,2134660.4279760993,42693.20855952199,9.620479607889612e-05,9.584142015685642e-05,20371.49432597599,20217.894281204186,3152111.006474096,63042.22012948191,8.095224868784861,0.1619044973756972,3128344.247689849,62566.88495379699,8.034187279573858,0.1606837455914772,"[1.302,1.770]",1.619,"[1.500,2.000]",1.75,0.002,0.0,553,1.107,0.12,-1.6444774774709998,24,1.2955225225290001,0.005,0.0,221,1.1075,0.1,-0.7758164774709999,21,1.374183522529,1.1200985829942312,1.1242741284431246,0.6030679482274538,0.6285380733057717,1.0407882730607914,1.1957219807028445,0.630977828984361,0.6159546916607259
26,56,2.3474,45.0,1.1491,159.2432206,3.184864412,E04001,0.992192945,0.016829602,0.0089,2.3563,1.1983,1.2071999999999998,1.0,0.0,0.0,159.2432206,3.184864412,0.7853981633974483,0.14644660940672624,0.8535533905932737,0.1715728752538099,0.03053716053066058,1.1185628394693394,4.433234524286382,1.0075972325621763,1.6477524727802109,1.6662843773737892,2.986715187373789,1.7282115574702621,1.3889427583487894,1.370410853755211,0.6191688783618117,7.82610277645934e-05,2034770.3722854033,40695.407445708064,9.620479607889612e-05,9.584142015685642e-05,20834.77128425796,20677.6781544726,3317796.0797696356,66355.92159539272,8.520735874892734,0.17041471749785472,3292780.063848481,65855.60127696962,8.456489954052094,0.1691297990810419,"[1.302,1.770]",1.619,"[1.500,2.000]",1.75,0.002,0.0,559,1.119,0.12,-1.6444774774709998,25,1.4155225225290002,0.005,0.0,223,1.1175,0.1,-0.7758164774709999,21,1.374183522529,1.1318450315956738,1.1342741284431246,0.5983795580084676,0.626793352570741,1.0708769502349242,1.1957219807028445,0.6211006678409693,0.6159546916607259
26,56,2.3474,45.0,1.1614,163.814326,3.27628652,E04001,1.062178164,0.018557596,0.0089,2.3563,1.186,1.1948999999999999,1.0,0.0,0.0,163.814326,3.27628652,0.7853981633974483,0.14644660940672624,0.8535533905932737,0.1715728752538099,0.03053716053066058,1.1308628394693394,4.433234524286382,1.0075972325621763,1.6308390492508802,1.649306827803132,2.998156787803132,1.73151863628525,1.42893769767812,1.4104699191258683,0.6158469403004442,8.392632562147413e-05,1951882.4967845967,39037.64993569194,9.620479607889617e-05,9.584142015685644e-05,21314.18827858544,21153.480368724806,3491569.387093574,69831.38774187148,8.967019015331145,0.17934038030662292,3465243.129156885,69304.86258313771,8.899408142010564,0.17798816284021132,"[1.302,1.770]",1.619,"[1.500,2.000]",1.75,0.002,0.0,565,1.131,0.12,-1.6444774774709998,25,1.4155225225290002,0.005,0.0,226,1.1325,0.1,-0.7758164774709999,21,1.374183522529,1.143588891824166,1.1492741284431247,0.5935294922203956,0.624165709833022,1.0708769502349242,1.1957219807028445,0.6211006678409693,0.6159546916607259
26,56,2.3474,45.0,1.1737,168.378157,3.36756314,E04001,1.009632146,0.015025702,0.0089,2.3563,1.1737,1.1825999999999999,1.0,0.0,0.0,168.378157,3.36756314,0.7853981633974483,0.14644660940672624,0.8535533905932737,0.1715728752538099,0.03053716053066058,1.1431628394693394,4.433234524286382,1.0075972325621763,1.61392562572155,1.6323292782324743,3.009900968232474,1.7349066165740663,1.4689326370074502,1.450528984496526,0.6124686042633288,8.948145866632343e-05,1881710.0157908972,37634.20031581795,9.620479607889614e-05,9.584142015685643e-05,21810.36564181461,21645.91657953839,3672389.1702648657,73447.78340529732,9.431398855536674,0.18862797711073348,3644699.5402384177,72893.99080476836,9.360286581528186,0.18720573163056375,"[1.302,1.770]",1.619,"[1.500,2.000]",1.75,0.002,0.0,571,1.143,0.12,-1.6444774774709998,25,1.4155225225290002,0.005,0.0,228,1.1425,0.1,-0.7758164774709999,22,1.474183522529,1.1553301653900263,1.1592741284431247,0.5885100572736776,0.6224071626657055,1.0708769502349242,1.2490113751541396,0.6211006678409693,0.6064128972170437
26,56,2.3474,45.0,1.186,173.1263767,3.462527534,E04001,1.039702923,0.013689422,0.0089,2.3563,1.1614,1.1703,1.0,0.0,0.0,173.1263767,3.462527534,0.7853981633974483,0.14644660940672624,0.8535533905932737,0.1715728752538099,0.03053716053066058,1.1554628394693394,4.433234524286382,1.0075972325621763,1.5970122021922197,1.615351728661817,3.021947728661817,1.7383750253215837,1.5089275763367804,1.490588049867183,0.6090334410623222,9.49267744613232e-05,1823788.680089813,36475.77360179626,9.620479607889612e-05,9.584142015685642e-05,22323.951830113096,22155.630353754015,3864864.8939728145,77297.29787945628,9.925713383799705,0.1985142676759941,3835724.006649972,76714.48013299944,9.850874003057779,0.19701748006115558,"[1.302,1.770]",1.619,"[1.500,2.000]",1.75,0.002,0.0,577,1.155,0.12,-1.6444774774709998,26,1.535522522529,0.005,0.0,231,1.1575,0.1,-0.7758164774709999,22,1.474183522529,1.1670688540016982,1.1742741284431246,0.583313051224533,0.6197595986770178,1.1005216249019294,1.2490113751541396,0.6105397692798264,0.6064128972170437
26,56,2.3474,45.0,1.1983,178.0470081,3.560940161,E04001,1.072750405,0.013479586,0.0089,2.3563,1.1491,1.158,1.0,0.0,0.0,178.0470081,3.560940161,0.7853981633974483,0.14644660940672624,0.8535533905932737,0.1715728752538099,0.03053716053066058,1.1677628394693393,4.433234524286382,1.0075972325621763,1.5800987786628893,1.5983741790911596,3.0342970690911595,1.7419233820955384,1.5489225156661108,1.5306471152378405,0.6055410265340132,0.00010026268082424508,1775805.3807887556,35516.10760580131,9.620479607889611e-05,9.584142015685639e-05,22855.62491952175,22683.29465475322,4069375.6351766507,81387.51268067739,10.450936142365814,0.20901872278861866,4038692.747129533,80773.85491990736,10.372136608385249,0.2074427321094499,"[1.302,1.770]",1.619,"[1.500,2.000]",1.75,0.002,0.0,583,1.167,0.12,-1.6444774774709998,26,1.535522522529,0.005,0.0,233,1.1675,0.1,-0.7758164774709999,23,1.5741835225290002,1.1788049593657277,1.1842741284431246,0.5779297213400462,0.6179883119598055,1.1005216249019294,1.3023007696054347,0.6105397692798264,0.5967653484002317
26,56,2.3474,45.0,1.2106,183.1584778,3.663169555,E04001,1.091950547,0.013376394,0.0089,2.3563,1.1368,1.1457,1.0,0.0,0.0,183.1584778,3.663169555,0.7853981633974483,0.14644660940672624,0.8535533905932737,0.1715728752538099,0.03053716053066058,1.1800628394693393,4.433234524286382,1.0075972325621763,1.563185355133559,1.5813966295205024,3.0469489895205024,1.7455511993409139,1.588917454995441,1.5707061806084976,0.6019909418302088,0.00010548964423229633,1736269.74602996,34725.3949111196,9.620479607889612e-05,9.584142015685642e-05,23406.094197765924,23229.613422267506,4287024.584506218,85740.49166671828,11.00990033609466,0.22019800666178188,4254700.634304965,85094.01266286969,10.926886240147814,0.2185377247432982,"[1.302,1.770]",1.619,"[1.500,2.000]",1.75,0.002,0.0,590,1.181,0.12,-1.6444774774709998,26,1.535522522529,0.005,0.0,236,1.1825,0.1,-0.7758164774709999,23,1.5741835225290002,1.1924938196265558,1.1992741284431248,0.5714011673463152,0.6153224429793318,1.1005216249019294,1.3023007696054347,0.6105397692798264,0.5967653484002317
26,56,2.3474,45.0,1.2229,188.476585,3.769531701,E04001,1.10358536,0.013264247,0.0089,2.3563,1.1244999999999998,1.1333999999999997,1.0,0.0,0.0,188.476585,3.769531701,0.7853981633974483,0.14644660940672624,0.8535533905932737,0.1715728752538099,0.03053716053066058,1.1923628394693395,4.433234524286382,1.0075972325621763,1.5462719316042284,1.5644190799498445,3.0599034899498445,1.7492579826743238,1.628912394324772,1.610765245979156,0.598382773713779,0.0001106081881771359,1704002.1006235096,34080.042021511115,9.620479607889612e-05,9.584142015685642e-05,23976.10185850986,23795.32325385814,4518933.799904092,90378.67602205793,11.605487624719128,0.23210975255595775,4484861.26585827,89697.22534096072,11.5179828305086,0.23035965667128294,"[1.302,1.770]",1.619,"[1.500,2.000]",1.75,0.002,0.0,596,1.193,0.12,-1.6444774774709998,27,1.655522522529,0.005,0.0,238,1.1925000000000001,0.1,-0.7758164774709999,23,1.5741835225290002,1.2042243337995302,1.2092741284431248,0.5655811899635693,0.6135394846166781,1.1297413912770526,1.3023007696054347,0.599230935867883,0.5967653484002317
26,56,2.3474,45.0,1.2352,194.0295809,3.880591618,E04001,1.102924611,0.01298771,0.0089,2.3563,1.1121999999999999,1.1210999999999998,1.0,0.0,0.0,194.0295809,3.880591618,0.7853981633974483,0.14644660940672624,0.8535533905932737,0.1715728752538099,0.03053716053066058,1.2046628394693395,4.433234524286382,1.0075972325621763,1.529358508074898,1.5474415303791873,3.0731605703791876,1.7530432311780526,1.6689073336541025,1.6508243113498131,0.5947161148598012,0.00011561889147583323,1678182.3318255586,33563.64663651117,9.620479607889614e-05,9.584142015685643e-05,24566.424805879964,24381.195195833403,4766613.109296254,95332.26218592506,12.241575535568966,0.2448315107113793,4730673.085688649,94613.46171377297,12.149274670435906,0.2429854934087181,"[1.302,1.770]",1.619,"[1.500,2.000]",1.75,0.002,0.0,602,1.205,0.12,-1.6444774774709998,27,1.655522522529,0.005,0.0,240,1.2025000000000001,0.1,-0.7758164774709999,24,1.6741835225290003,1.2159522701165955,1.2192741284431248,0.559542976022059,0.6117521521802031,1.1297413912770526,1.3555901640567298,0.599230935867883,0.587035931802797
26,56,2.3474,45.0,1.2475,199.8174206,3.996348412,E04001,1.11601881,0.012911787,0.0089,2.3563,1.0998999999999999,1.1087999999999998,1.0,0.0,0.0,199.8174206,3.996348412,0.7853981633974483,0.14644660940672624,0.8535533905932737,0.1715728752538099,0.03053716053066058,1.2169628394693395,4.433234524286382,1.0075972325621763,1.5124450845455677,1.53046398080853,3.08672023080853,1.756906437693405,1.7089022729834327,1.6908833767204703,0.590990564161927,0.00012052238654251372,1657927.8450440848,33158.556900881704,9.620479607889612e-05,9.584142015685642e-05,25177.87657777601,24988.036652058137,5030978.353956358,100619.56707912716,12.920516124469337,0.2584103224893868,4993045.0296725165,99860.90059345034,12.823096081372022,0.25646192162744047,"[1.302,1.770]",1.619,"[1.500,2.000]",1.75,0.002,0.0,608,1.217,0.12,-1.6444774774709998,27,1.655522522529,0.005,0.0,243,1.2175,0.1,-0.7758164774709999,24,1.6741835225290003,1.2276776302764958,1.2342741284431247,0.5532749155277968,0.6090633157234893,1.1297413912770526,1.3555901640567298,0.599230935867883,0.587035931802797
26,56,2.3474,45.0,1.2598,205.8195308,4.116390616,E04001,1.141776969,0.012875357,0.0089,2.3563,1.0876,1.0964999999999998,1.0,0.0,0.0,205.8195308,4.116390616,0.7853981633974483,0.14644660940672624,0.8535533905932737,0.1715728752538099,0.03053716053066058,1.2292628394693395,4.433234524286382,1.0075972325621763,1.4955316610162375,1.5134864312378726,3.100582471237873,1.7608470891130419,1.7488972123127628,1.7309424420911277,0.5872057270438942,0.0001253193576253795,1642360.244259006,32847.20488518012,9.620479607889611e-05,9.584142015685639e-05,25811.309397254507,25616.693419869785,5312471.589476553,106249.43178953108,13.643444674859058,0.27286889349718124,5272415.820325047,105448.31640650095,13.540573786775617,0.2708114757355124,"[1.302,1.770]",1.619,"[1.500,2.000]",1.75,0.002,0.0,614,1.229,0.12,-1.6444774774709998,28,1.7755225225290001,0.005,0.0,245,1.2275,0.1,-0.7758164774709999,25,1.7741835225290004,1.239400415976128,1.2442741284431247,0.5467645465055881,0.6072657730815119,1.158554013019672,1.408879558508025,0.5871009407102893,0.5772473487301301
26,56,2.3474,45.0,1.2721,212.0971633,4.241943267,E04001,1.159845781,0.012824311,0.0089,2.3563,1.0753,1.0841999999999998,1.0,0.0,0.0,212.0971633,4.241943267,0.7853981633974483,0.14644660940672624,0.8535533905932737,0.1715728752538099,0.03053716053066058,1.2415628394693394,4.433234524286382,1.0075972325621763,1.4786182374869068,1.4965088816672154,3.114747291667215,1.7648646666719845,1.7888921516420935,1.7710015074617849,0.5833612157760901,0.00013001053901373497,1631384.385519646,32627.687718084606,9.620479607889615e-05,9.584142015685643e-05,26467.616362110133,26268.05186315047,5613706.349716225,112274.1270207921,14.417073242325777,0.2883414649144895,5571379.285591495,111427.58573809794,14.308369233672085,0.28616738474090303,"[1.302,1.770]",1.619,"[1.050,1.500]",1.25,0.002,0.0,620,1.241,0.12,-1.6444774774709998,28,1.7755225225290001,0.005,0.0,248,1.2425,0.1,-0.2758164774709999,20,1.7741835225290004,1.2511206289105203,1.2544815203165176,0.5399984756627084,0.5633297942189351,1.158554013019672,1.1424325862515496,0.5871009407102893,0.5877403132821591
26,56,2.3474,45.0,1.2844,218.6008759,4.372017519,E04001,1.152785866,0.012442768,0.0089,2.3563,1.063,1.0718999999999999,1.0,0.0,0.0,218.6008759,4.372017519,0.7853981633974483,0.14644660940672624,0.8535533905932737,0.1715728752538099,0.03053716053066058,1.2538628394693394,4.433234524286382,1.0075972325621763,1.4617048139575766,1.4795313320965577,3.129214692096558,1.7689586462369769,1.8288870909714237,1.8110605728324425,0.57945664979707,0.0001345967132195696,1624117.4889864747,32482.34978715909,9.620479607889612e-05,9.584142015685642e-05,27147.733783711246,26943.04123352783,5934518.3838193,118690.36770353372,15.24097999920795,0.30481960005387954,5889772.413059,117795.44828812304,15.126063774959272,0.3025212755683803,"[1.302,1.770]",1.619,"[1.050,1.500]",1.25,0.002,0.0,626,1.2530000000000001,0.12,-1.6444774774709998,28,1.7755225225290001,0.005,0.0,250,1.2525,0.1,-0.2758164774709999,20,1.7741835225290004,1.2628382707728463,1.2644815203165176,0.5329622900123903,0.5611439088564645,1.158554013019672,1.1424325862515496,0.5871009407102893,0.5877403132821591
26,56,2.3474,45.0,1.2967,225.2992949,4.505985897,E04001,1.162897559,0.012339142,0.0089,2.3563,1.0507,1.0595999999999999,1.0,0.0,0.0,225.2992949,4.505985897,0.7853981633974483,0.14644660940672624,0.8535533905932737,0.1715728752538099,0.03053716053066058,1.2661628394693394,4.433234524286382,1.0075972325621763,1.4447913904282463,1.4625537825259005,3.1439846725259004,1.773128498593912,1.8688820303007538,1.8511196382030997,0.5754916560399178,0.00013907870913815423,1619940.9406093806,32398.818804997438,9.620479607889611e-05,9.584142015685639e-05,27852.64368717178,27642.63615169573,6275180.983820738,125503.61964856213,16.11586681180194,0.3223173361645079,6227866.434154297,124557.32865544331,15.994353984896907,0.31988707962694657,"[1.770,2.067]",1.921,"[1.050,1.500]",1.25,0.002,0.0,633,1.2670000000000001,0.12,-2.7135574774710003,38,1.9064425225289998,0.005,0.0,253,1.2675,0.1,-0.2758164774709999,21,1.874183522529,1.286507257732147,1.2794815203165177,0.6164418782365884,0.557864664533206,1.4274580756992221,1.1957219807028445,0.5661746876757032,0.5761576239558615
26,56,2.3474,45.0,1.309,232.2214428,4.644428857,E04001,1.197133204,0.012445018,0.0089,2.3563,1.0384,1.0473,1.0,0.0,0.0,232.2214428,4.644428857,0.7853981633974483,0.14644660940672624,0.8535533905932737,0.1715728752538099,0.03053716053066058,1.2784628394693394,4.433234524286382,1.0075972325621763,1.4278779668989159,1.445576232955243,3.159057232955243,1.7773736897330406,1.9088769696300842,1.891178703573757,0.5714658692633335,0.00014345740019201404,1618748.4402280927,32374.968811532566,9.620479607889611e-05,9.584142015685639e-05,28583.376486077283,28367.85926197299,6637672.927692461,132753.4585824326,17.04681556098542,0.3409363112931159,6587625.206962711,131752.50416762207,16.918283427235895,0.338365668617572,"[1.770,2.067]",1.921,"[1.050,1.500]",1.25,0.002,0.0,639,1.2790000000000001,0.12,-2.7135574774710003,38,1.9064425225289998,0.005,0.0,255,1.2775,0.1,-0.2758164774709999,21,1.874183522529,1.2982171436419208,1.2894815203165177,0.6128929615593393,0.5556785196989904,1.4274580756992221,1.1957219807028445,0.5661746876757032,0.5761576239558615
26,56,2.3474,45.0,1.3213,239.3330681,4.786661363,E04001,1.257661561,0.013203357,0.0089,2.3563,1.0261,1.035,1.0,0.0,0.0,239.3330681,4.786661363,0.7853981633974483,0.14644660940672624,0.8535533905932737,0.1715728752538099,0.03053716053066058,1.2907628394693393,4.433234524286382,1.0075972325621763,1.4109645433695854,1.4285986833845858,3.174432373384586,1.7816936811316881,1.9488719089594146,1.9312377689444142,0.5673789323873162,0.00014773370246251967,1620030.2578940594,32400.60516465013,9.620479607889614e-05,9.584142015685643e-05,29341.01384623953,29119.78407446546,7022274.864985088,140445.4973290428,18.03454700856434,0.36069094024664017,6969327.264951337,139386.54532814655,17.89856742927435,0.3579713486602722,"[1.770,2.067]",1.921,"[1.050,1.500]",1.25,0.002,0.0,645,1.291,0.12,-2.7135574774710003,38,1.9064425225289998,0.005,0.0,258,1.2925,0.1,-0.2758164774709999,22,1.974183522529,1.3099244652684945,1.3044815203165177,0.6092455025862493,0.5523998263678381,1.4274580756992221,1.2490113751541396,0.5661746876757032,0.5645253228353655
26,56,2.3474,45.0,1.3336,246.6424946,4.932849892,E04001,1.285261084,0.014798747,0.0089,2.3563,1.0138,1.0227,1.0,0.0,0.0,246.6424946,4.932849892,0.7853981633974483,0.14644660940672624,0.8535533905932737,0.1715728752538099,0.03053716053066058,1.3030628394693393,4.433234524286382,1.0075972325621763,1.3940511198402552,1.4116211338139284,3.190110093813928,1.786087930034221,1.9888668482887448,1.9712968343150716,0.563230496833305,0.00015190857281322242,1623624.5922951081,32472.491845902165,9.620479607889611e-05,9.584142015685639e-05,30126.691754346997,29899.538010579,7430522.408337394,148610.44816674787,19.083004901950105,0.381660098039002,7374496.642316725,147489.9328463345,18.939120002766124,0.3787824000553225,"[1.770,2.067]",1.921,"[1.050,1.500]",1.25,0.002,0.0,651,1.303,0.12,-2.7135574774710003,39,2.026442522529,0.005,0.0,260,1.3025,0.1,-0.2758164774709999,22,1.974183522529,1.3216292242957408,1.3144815203165177,0.6054957986795374,0.5502146641847622,1.4526857036435823,1.2490113751541396,0.5550999205521956,0.5645253228353655
26,56,2.3474,45.0,1.3336,246.6424946,4.932849892,E04001,1.212280959,0.013663501,0.0089,2.3563,1.0138,1.0227,1.0,0.0,0.0,246.6424946,4.932849892,0.7853981633974483,0.14644660940672624,0.8535533905932737,0.1715728752538099,0.03053716053066058,1.3030628394693393,4.433234524286382,1.0075972325621763,1.3940511198402552,1.4116211338139284,3.190110093813928,1.786087930034221,1.9888668482887448,1.9712968343150716,0.563230496833305,0.00015190857281322242,1623624.5922951081,32472.491845902165,9.620479607889611e-05,9.584142015685639e-05,30126.691754346997,29899.538010579,7430522.408337394,148610.44816674787,19.083004901950105,0.381660098039002,7374496.642316725,147489.9328463345,18.939120002766124,0.3787824000553225,"[1.770,2.067]",1.921,"[1.050,1.500]",1.25,0.002,0.0,651,1.303,0.12,-2.7135574774710003,39,2.026442522529,0.005,0.0,260,1.3025,0.1,-0.2758164774709999,22,1.974183522529,1.3216292242957408,1.3144815203165177,0.6054957986795374,0.5502146641847622,1.4526857036435823,1.2490113751541396,0.5550999205521956,0.5645253228353655
26,56,2.3474,45.0,1.3459,254.1333564,5.082667127,E04001,1.251311534,0.012080272,0.0089,2.3563,1.0014999999999998,1.0103999999999997,1.0,0.0,0.0,254.1333564,5.082667127,0.7853981633974483,0.14644660940672624,0.8535533905932737,0.1715728752538099,0.03053716053066058,1.3153628394693395,4.433234524286382,1.0075972325621763,1.3771376963109245,1.3946435842432707,3.206090394243271,1.7905558897290168,2.0288617876180757,2.0113558996857295,0.5590202228686267,0.00015598300700892214,1629237.4488296902,32584.74897018285,9.620479607889614e-05,9.584142015685643e-05,30941.60380892413,30708.30566916509,7863293.628360913,157265.87253627664,20.194444294672376,0.4038888858139835,7804004.789062072,156080.09575053313,20.042179198250455,0.40084358388614433,"[1.770,2.067]",1.921,"[1.050,1.500]",1.25,0.002,0.0,657,1.315,0.12,-2.7135574774710003,39,2.026442522529,0.005,0.0,263,1.3175000000000001,0.1,-0.2758164774709999,22,1.974183522529,1.333331422405692,1.3294815203165178,0.6016399535103429,0.54693834815577,1.4526857036435823,1.2490113751541396,0.5550999205521956,0.5645253228353655
26,56,2.3474,45.0,1.3583,261.8253278,5.236506556,E04001,1.264201606,0.011534407,0.0089,2.3563,0.9890999999999999,0.9979999999999999,1.0,0.0,0.0,261.8253278,5.236506556,0.7853981633974483,0.14644660940672624,0.8535533905932737,0.1715728752538099,0.03053716053066058,1.3277628394693395,4.433234524286382,1.0075972325621763,1.3600867652732258,1.3775280058143153,3.2225068958143153,1.7951342277986666,2.0691818890557743,2.051740648514685,0.554712788985749,0.00015998995070053392,1636511.0849373257,32730.22169874651,9.620479607889611e-05,9.584142015685639e-05,31794.006451643156,31554.28123874013,8324476.161276785,166489.5232255357,21.37884938124509,0.4275769876249018,8261710.028826525,165234.2005765305,21.217653929915745,0.4243530785983149,"[1.770,2.067]",1.921,"[1.050,1.500]",1.25,0.002,0.0,663,1.327,0.12,-2.7135574774710003,39,2.026442522529,0.005,0.0,265,1.3275000000000001,0.1,-0.2758164774709999,23,2.074183522529,1.3450310612785543,1.3394815203165178,0.5976738643295985,0.5447553616063243,1.4526857036435823,1.3023007696054347,0.5550999205521956,0.5528764340176918
26,56,2.3474,45.0,1.3706,269.6960524,5.393921048,E04001,1.256970567,0.011383185,0.0089,2.3563,0.9767999999999999,0.9856999999999999,1.0,0.0,0.0,269.6960524,5.393921048,0.7853981633974483,0.14644660940672624,0.8535533905932737,0.1715728752538099,0.03053716053066058,1.3400628394693395,4.433234524286382,1.0075972325621763,1.3431733417438954,1.3605504562436581,3.239094816243658,1.7997485425035515,2.109176828385105,2.091799713885342,0.550377346795406,0.00016386585107602505,1645834.3860483498,32916.687720967,9.620479607889612e-05,9.584142015685642e-05,32671.480167421294,32425.138846741742,8811369.227218414,176227.38454436828,22.629284041621627,0.45258568083243256,8744931.945488136,174898.63890976273,22.45866037571241,0.44917320751424816,"[1.770,2.067]",1.921,"[1.050,1.500]",1.25,0.002,0.0,670,1.341,0.12,-2.7135574774710003,40,2.146442522528999,0.005,0.0,268,1.3425,0.1,-0.2758164774709999,23,2.074183522529,1.358677407611232,1.3544815203165177,0.5929016439586442,0.5414831755865268,1.477649913200874,1.3023007696054347,0.5433635202105787,0.5528764340176918
26,56,2.3474,45.0,1.3829,277.6861607,5.553723214,E04001,1.282022839,0.011235706,0.0089,2.3563,0.9644999999999999,0.9733999999999999,1.0,0.0,0.0,277.6861607,5.553723214,0.7853981633974483,0.14644660940672624,0.8535533905932737,0.1715728752538099,0.03053716053066058,1.3523628394693394,4.433234524286382,1.0075972325621763,1.326259918214565,1.3435729066730007,3.2559853166730006,1.8044349023095847,2.149171767714435,2.1318587792559995,0.5459791010897624,0.00016764452628900345,1656398.6122713909,33127.972245427816,9.620479607889612e-05,9.584142015685642e-05,33582.16274072551,33328.954919150434,9325301.839474656,186506.0367894931,23.949161436507556,0.47898322873015114,9254989.531642264,185099.79063284525,23.768585961285595,0.47537171922571186,"[1.770,2.067]",1.921,"[1.050,1.500]",1.25,0.002,0.0,676,1.353,0.12,-2.7135574774710003,40,2.146442522528999,0.005,0.0,270,1.3525,0.1,-0.2758164774709999,24,2.1741835225290003,1.3703715072256415,1.3644815203165177,0.5886815483024247,0.5393035086863109,1.477649913200874,1.3555901640567298,0.5433635202105787,0.5412414528968024
26,56,2.3474,45.0,1.3952,285.8367121,5.716734242,E04001,1.266457333,0.011020278,0.0089,2.3563,0.9521999999999999,0.9611,1.0,0.0,0.0,285.8367121,5.716734242,0.7853981633974483,0.14644660940672624,0.8535533905932737,0.1715728752538099,0.03053716053066058,1.3646628394693394,4.433234524286382,1.0075972325621763,1.3093464946852347,1.3265953571023434,3.2731783971023436,1.8091927473606408,2.1891667070437655,2.1719178446266567,0.5415177511294185,0.00017132710919407957,1668368.2660880235,33367.36532176047,9.620479607889611e-05,9.584142015685639e-05,34527.51690014395,34267.18115565422,9869231.907714332,197384.63815428663,25.346078044536238,0.5069215608907248,9794818.394467281,195896.36788934565,25.154969888201034,0.5030993977640208,"[1.770,2.067]",1.921,"[1.050,1.500]",1.25,0.002,0.0,682,1.365,0.12,-2.7135574774710003,40,2.146442522528999,0.005,0.0,272,1.3625,0.1,-0.2758164774709999,24,2.1741835225290003,1.3820630529114766,1.3744815203165177,0.5843366915657132,0.5371254790555587,1.477649913200874,1.3555901640567298,0.5433635202105787,0.5412414528968024
26,56,2.3474,45.0,1.4075,294.1407736,5.882815471,E04001,1.288498685,0.010947139,0.0089,2.3563,0.9399,0.9488,1.0,0.0,0.0,294.1407736,5.882815471,0.7853981633974483,0.14644660940672624,0.8535533905932737,0.1715728752538099,0.03053716053066058,1.3769628394693394,4.433234524286382,1.0075972325621763,1.2924330711559042,1.3096178075316862,3.290674057531686,1.8140215151788266,2.229161646373096,2.211976909997314,0.5369930068046871,0.00017491476219305653,1681623.494278611,33632.46987985515,9.620479607889614e-05,9.584142015685643e-05,35509.08355662262,35241.34684880791,10444669.307172017,208893.38610793126,26.823911514534952,0.5364782301995049,10365917.02481428,207318.34046104425,26.621660568008473,0.5324332112696629,"[1.770,2.067]",1.921,"[1.050,1.500]",1.25,0.002,0.0,688,1.377,0.12,-2.7135574774710003,41,2.2664425225289992,0.005,0.0,275,1.3775,0.1,-0.2758164774709999,24,2.1741835225290003,1.393752046341291,1.3894815203165176,0.5798619495738905,0.5338618802300461,1.502358787576528,1.3555901640567298,0.53090788515846,0.5412414528968024
26,56,2.3474,45.0,1.4198,302.5465819,6.050931637,E04001,1.292362973,0.010808253,0.0089,2.3563,0.9276,0.9365,1.0,0.0,0.0,302.5465819,6.050931637,0.7853981633974483,0.14644660940672624,0.8535533905932737,0.1715728752538099,0.03053716053066058,1.3892628394693394,4.433234524286382,1.0075972325621763,1.275519647626574,1.2926402579610285,3.3084722979610284,1.8189206409189567,2.269156585702426,2.2520359753679715,0.5324045890021575,0.0001784086754041054,1695806.4467140704,33916.1289286763,9.620479607889612e-05,9.584142015685642e-05,36528.48690821923,36253.06395029737,11051568.856060626,221031.37708468403,28.382545811019636,0.5676509161265806,10968240.581564581,219364.81159503854,28.16854284012558,0.5633708567094067,"[1.770,2.067]",1.921,"[1.050,1.500]",1.25,0.002,0.0,694,1.389,0.12,-2.7135574774710003,41,2.2664425225289992,0.005,0.0,277,1.3875,0.1,-0.2758164774709999,25,2.2741835225290004,1.4054384891858334,1.3994815203165176,0.5752519073956285,0.5316886901946448,1.502358787576528,1.408879558508025,0.53090788515846,0.529648344272534
26,56,2.3474,45.0,1.4321,311.0954101,6.221908203,E04001,1.288993624,0.010575534,0.0089,2.3563,0.9153,0.9242,1.0,0.0,0.0,311.0954101,6.221908203,0.7853981633974483,0.14644660940672624,0.8535533905932737,0.1715728752538099,0.03053716053066058,1.4015628394693393,4.433234524286382,1.0075972325621763,1.2586062240972438,1.2756627083903713,3.326573118390371,1.8238895576186545,2.3091515250317562,2.2920950407386287,0.5277522299742053,0.00018181006485039962,1711101.1447907537,34222.02290131532,9.620479607889608e-05,9.584142015685636e-05,37587.43995014497,37304.03253943589,11693280.045899473,233865.60095557693,30.030583069825372,0.6006116614930392,11605113.301239552,232102.26606209506,29.80415398071497,0.5960830797101033,"[1.770,2.067]",1.921,"[1.050,1.500]",1.25,0.002,0.0,700,1.401,0.12,-2.7135574774710003,41,2.2664425225289992,0.005,0.0,280,1.4025,0.1,-0.2758164774709999,25,2.2741835225290004,1.4171223831140125,1.4144815203165177,0.5705008385320498,0.5284331300717098,1.502358787576528,1.408879558508025,0.53090788515846,0.529648344272534
26,56,2.3474,45.0,1.4444,319.6868899,6.393737797,E04001,1.279376831,0.010353881,0.0089,2.3563,0.903,0.9119,1.0,0.0,0.0,319.6868899,6.393737797,0.7853981633974483,0.14644660940672624,0.8535533905932737,0.1715728752538099,0.03053716053066058,1.4138628394693393,4.433234524286382,1.0075972325621763,1.241692800567913,1.2586851588197139,3.3449765188197134,1.8289276964439336,2.3491464643610867,2.332154106109286,0.5230356737112091,0.00018512017067093685,1726915.4881466927,34538.30975753196,9.620479607889615e-05,9.584142015685643e-05,38687.75042831415,38396.046731824295,12367966.611655144,247359.33219441515,31.763307410599708,0.6352661481126367,12274712.764151968,245494.2552446433,31.523813666925363,0.6304762732398989,"[1.770,2.067]",1.921,"[1.050,1.500]",1.25,0.002,0.0,706,1.413,0.12,-2.7135574774710003,42,2.3864425225289994,0.005,0.0,282,1.4125,0.1,-0.2758164774709999,26,2.3741835225290004,1.428803729792925,1.4244815203165178,0.5656026822902528,0.5262658075573006,1.5268200048436302,1.46216895295932,0.5176683257303116,0.5181225713473613
26,56,2.3474,45.0,1.4567,328.4370676,6.568741351,E04001,1.297052136,0.010443401,0.0089,2.3563,0.8906999999999998,0.8995999999999998,1.0,0.0,0.0,328.4370676,6.568741351,0.7853981633974483,0.14644660940672624,0.8535533905932737,0.1715728752538099,0.03053716053066058,1.4261628394693395,4.433234524286382,1.0075972325621763,1.2247793770385826,1.2417076092490564,3.3636824992490566,1.8340344869301277,2.3891414036904175,2.372213171479944,0.5182546763162205,0.0001883402553561049,1743849.5396483701,34876.990787657865,9.620479607889611e-05,9.584142015685639e-05,39831.3272788044,39531.00107025801,13082084.330066403,261641.68656149675,33.59729850464725,0.6719459699906506,12983446.070808003,259668.92137662906,33.343976560171875,0.6668795311019143,"[1.770,2.067]",1.921,"[1.050,1.500]",1.25,0.002,0.0,713,1.427,0.12,-2.7135574774710003,42,2.3864425225289994,0.005,0.0,285,1.4275,0.1,-0.2758164774709999,26,2.3741835225290004,1.4424287503664956,1.4394815203165177,0.5596936790888946,0.5230197922905601,1.5268200048436302,1.46216895295932,0.5176683257303116,0.5181225713473613
26,56,2.3474,45.0,1.469,337.226529,6.744530581,E04001,1.355172149,0.011475965,0.0089,2.3563,0.8783999999999998,0.8872999999999999,1.0,0.0,0.0,337.226529,6.744530581,0.7853981633974483,0.14644660940672624,0.8535533905932737,0.1715728752538099,0.03053716053066058,1.4384628394693395,4.433234524286382,1.0075972325621763,1.2078659535092522,1.2247300596783988,3.382691059678399,1.8392093572180408,2.4291363430197483,2.4122722368506015,0.5134090063818241,0.00019147160201038154,1761235.2195273098,35224.7043957689,9.620479607889612e-05,9.584142015685642e-05,41020.18760033299,40710.89744463122,13833095.483389134,276661.9097088029,35.52603900668735,0.7105207802390947,13728794.637727957,274575.89279527,35.25817445563015,0.7051634892171563,"[1.770,2.067]",1.921,"[1.050,1.500]",1.25,0.002,0.0,719,1.439,0.12,-2.7135574774710003,42,2.3864425225289994,0.005,0.0,287,1.4375,0.1,-0.2758164774709999,26,2.3741835225290004,1.454104583715747,1.4494815203165177,0.5544542948967704,0.5208593177174516,1.5268200048436302,1.46216895295932,0.5176683257303116,0.5181225713473613
26,56,2.3474,45.0,1.4813,346.0590034,6.921180068,E04001,1.340811814,0.011587619,0.0089,2.3563,0.8660999999999999,0.8749999999999999,1.0,0.0,0.0,346.0590034,6.921180068,0.7853981633974483,0.14644660940672624,0.8535533905932737,0.1715728752538099,0.03053716053066058,1.4507628394693395,4.433234524286382,1.0075972325621763,1.1909525299799217,1.2077525101077415,3.402002200107742,1.8444517342852162,2.4691312823490783,2.4523313022212587,0.5084984453689084,0.000194515512644384,1779081.7744838167,35581.63548967634,9.620479607889614e-05,9.584142015685643e-05,42256.464212155064,41937.852592848925,14623229.892466148,292464.59784932295,37.55525552377876,0.7511051104755753,14512971.473017406,290259.4294603481,37.272090782029146,0.7454418156405829,"[1.770,2.067]",1.921,"[1.050,1.500]",1.25,0.002,0.0,725,1.451,0.12,-2.7135574774710003,43,2.5064425225289995,0.005,0.0,290,1.4525000000000001,0.1,-0.2758164774709999,27,2.474183522529,1.4657778750829067,1.4644815203165178,0.5490461325830868,0.5176242826741784,1.5510408658130275,1.5154583474106151,0.5035719555215556,0.5066871508703112
26,56,2.3474,45.0,1.4936,354.944808,7.09889616,E04001,1.341053565,0.010480503,0.0089,2.3563,0.8537999999999999,0.8626999999999999,1.0,0.0,0.0,354.944808,7.09889616,0.7853981633974483,0.14644660940672624,0.8535533905932737,0.1715728752538099,0.03053716053066058,1.4630628394693395,4.433234524286382,1.0075972325621763,1.1740391064505915,1.190774960537084,3.421615920537084,1.8497610441722152,2.5091262216784087,2.4923903675919163,0.5035227879870591,0.00019747330649831727,1797431.8367076344,35948.636734152686,9.620479607889614e-05,9.584142015685643e-05,43542.41385576674,43214.10624068963,15455153.725891666,309103.0745178333,39.69179528759067,0.7938359057518134,15338622.642493185,306772.4528498636,39.392521143254925,0.7878504228650983,"[1.770,2.067]",1.921,"[1.050,1.500]",1.25,0.002,0.0,731,1.463,0.12,-2.7135574774710003,43,2.5064425225289995,0.005,0.0,292,1.4625000000000001,0.1,-0.2758164774709999,27,2.474183522529,1.4774486261275044,1.4744815203165178,0.5434614472351883,0.515471589606763,1.5510408658130275,1.5154583474106151,0.5035719555215556,0.5066871508703112
26,56,2.3474,45.0,1.5059,363.7751203,7.275502405,E04001,1.319496506,0.010253587,0.0089,2.3563,0.8414999999999999,0.8503999999999999,1.0,0.0,0.0,363.7751203,7.275502405,0.7853981633974483,0.14644660940672624,0.8535533905932737,0.1715728752538099,0.03053716053066058,1.4753628394693394,4.433234524286382,1.0075972325621763,1.1571256829212613,1.1737974109664269,3.441532220966427,1.8551367122038276,2.549121161007739,2.532449432962573,0.49848184257627276,0.00020034631839870216,1815731.4953802342,36314.62990261333,9.620479607889611e-05,9.584142015685639e-05,44880.42610555577,44542.02994527014,16326382.405663813,326527.6480683958,41.92927742587972,0.8385855484023327,16203282.301746847,324065.6459903949,41.61313277852057,0.8322626554560191,"[1.770,2.067]",1.921,"[1.050,1.500]",1.25,0.002,0.0,737,1.475,0.12,-2.7135574774710003,43,2.5064425225289995,0.005,0.0,295,1.4775,0.1,-0.2758164774709999,28,2.574183522529,1.489116838507293,1.4894815203165177,0.5376920058130306,0.5122489004062953,1.5510408658130275,1.5687477418619102,0.5035719555215556,0.49536272986702284
26,56,2.3474,45.0,1.5182,372.610985,7.4522197,E04001,1.357984655,0.010251979,0.0089,2.3563,0.8291999999999999,0.8381,1.0,0.0,0.0,372.610985,7.4522197,0.7853981633974483,0.14644660940672624,0.8535533905932737,0.1715728752538099,0.03053716053066058,1.4876628394693394,4.433234524286382,1.0075972325621763,1.1402122593919308,1.1568198613957694,3.4617511013957696,1.8605781632051284,2.589116100337069,2.5725084983332307,0.4933754314896765,0.00020313589715010135,1834294.1362287633,36685.88272457526,9.620479607889612e-05,9.584142015685642e-05,46273.03306119057,45924.13671435444,17241840.427867785,344836.8085573556,44.28034898790692,0.8856069797581382,17111837.816410273,342236.7563282054,43.946477378970464,0.8789295475794091,"[1.770,2.067]",1.921,"[1.050,1.500]",1.25,0.002,0.0,743,1.487,0.12,-2.7135574774710003,44,2.6264425225289996,0.005,0.0,297,1.4875,0.1,-0.2758164774709999,28,2.574183522529,1.5007825138782138,1.4994815203165177,0.5317290481947917,0.5101048762861586,1.5750283194857873,1.5687477418619102,0.4885363664668073,0.49536272986702284
26,56,2.3474,45.0,1.5305,381.4080527,7.628161054,E04001,1.360747358,0.010120395,0.0089,2.3563,0.8169,0.8258,1.0,0.0,0.0,381.4080527,7.628161054,0.7853981633974483,0.14644660940672624,0.8535533905932737,0.1715728752538099,0.03053716053066058,1.4999628394693394,4.433234524286382,1.0075972325621763,1.1232988358626006,1.1398423118251122,3.4822725618251122,1.866084821712323,2.6291110396663995,2.612567563703888,0.48820339147692865,0.00020584340396339587,1852903.9325827702,37058.07865165541,9.620479607889611e-05,9.584142015685639e-05,47722.91990321625,47363.091482361124,18201905.949443784,364038.11898887565,46.74598115313276,0.9349196230626552,18064664.492139313,361293.28984278627,46.393518801420676,0.9278703760284135,"[1.770,2.067]",1.921,"[1.050,1.500]",1.25,0.002,0.0,749,1.499,0.12,-2.7135574774710003,44,2.6264425225289996,0.005,0.0,299,1.4975,0.1,-0.2758164774709999,28,2.574183522529,1.512445653894396,1.5094815203165177,0.5255632444291798,0.5079645580493897,1.5750283194857873,1.5687477418619102,0.4885363664668073,0.49536272986702284
26,56,2.3474,45.0,1.5428,390.1683346,7.803366691,E04001,1.37376602,0.010021316,0.0089,2.3563,0.8046,0.8135,1.0,0.0,0.0,390.1683346,7.803366691,0.7853981633974483,0.14644660940672624,0.8535533905932737,0.1715728752538099,0.03053716053066058,1.5122628394693394,4.433234524286382,1.0075972325621763,1.1063854123332701,1.1228647622544548,3.5030966022544545,1.8716561121783175,2.66910597899573,2.652626629074545,0.48296557406795815,0.00020847021092201086,1871578.3558446285,37431.56711209572,9.620479607889614e-05,9.584142015685643e-05,49232.93640318122,48861.722533704145,19209132.80389693,384182.6560287057,49.332732655199216,0.9866546529775447,19064296.90666264,381285.93808439106,48.9607663269907,0.9792153264143278,"[1.770,2.067]",1.921,"[1.050,1.500]",1.25,0.002,0.0,756,1.5130000000000001,0.12,-2.7135574774710003,44,2.6264425225289996,0.005,0.0,302,1.5125,0.1,-0.2758164774709999,29,2.6741835225290003,1.5260494483775773,1.5244815203165176,0.518100125040308,0.5047613169116423,1.5750283194857873,1.6220371363132053,0.4885363664668073,0.4841676796669054
26,56,2.3474,45.0,1.5551,398.8523546,7.977047092,E04001,1.336334094,0.00972791,0.0089,2.3563,0.7923,0.8012,1.0,0.0,0.0,398.8523546,7.977047092,0.7853981633974483,0.14644660940672624,0.8535533905932737,0.1715728752538099,0.03053716053066058,1.5245628394693393,4.433234524286382,1.0075972325621763,1.0894719888039397,1.1058872126837973,3.5242232226837973,1.8772914591729748,2.7091009183250603,2.6926856944452027,0.47766184595669586,0.00021101769948732999,1890136.9675103868,37802.73935020774,9.620479607889615e-05,9.584142015685643e-05,50806.109490837865,50423.03397523747,20264136.39848609,405282.72796972183,52.04218397783168,1.0408436795566336,20111345.827099264,402226.9165419853,51.64978852263798,1.0329957704527595,"[1.770,2.067]",1.921,"[1.050,1.500]",1.25,0.002,0.0,762,1.5250000000000001,0.12,-2.7135574774710003,45,2.7464425225289997,0.005,0.0,304,1.5225,0.1,-0.2758164774709999,29,2.6741835225290003,1.5377071007912306,1.5344815203165176,0.5114598033914579,0.5026308341060024,1.598788986339514,1.6220371363132053,0.47246803682827104,0.4841676796669054
26,56,2.3474,45.0,1.5674,407.4565829,8.149131658,E04001,1.374379562,0.009743369,0.0089,2.3563,0.78,0.7889,1.0,0.0,0.0,407.4565829,8.149131658,0.7853981633974483,0.14644660940672624,0.8535533905932737,0.1715728752538099,0.03053716053066058,1.5368628394693393,4.433234524286382,1.0075972325621763,1.0725585652746095,1.0889096631131399,3.5456524231131397,1.882990287578016,2.7490958576543907,2.7327447598158603,0.47229208938443207,0.00021348725904439018,1908575.6439229846,38171.51287845969,9.620479607889614e-05,9.584142015685643e-05,52445.65699375326,52050.219372269836,21369328.18662019,427386.5637324038,54.88052819531141,1.0976105639062284,21208204.52462045,424164.090492409,54.466731767174515,1.0893346353434903,"[1.770,2.067]",1.921,"[1.050,1.500]",1.25,0.002,0.0,768,1.537,0.12,-2.7135574774710003,45,2.7464425225289997,0.005,0.0,307,1.5375,0.1,-0.2758164774709999,30,2.7741835225290004,1.5493622230764217,1.5494815203165178,0.5045827677760769,0.49944293887371394,1.598788986339514,1.6753265307645004,0.47246803682827104,0.47311820327556803
26,56,2.3474,45.0,1.5797,415.9739046,8.319478092,E04001,1.360662276,0.009688108,0.0089,2.3563,0.7676999999999998,0.7765999999999998,1.0,0.0,0.0,415.9739046,8.319478092,0.7853981633974483,0.14644660940672624,0.8535533905932737,0.1715728752538099,0.03053716053066058,1.5491628394693395,4.433234524286382,1.0075972325621763,1.0556451417452788,1.0719321135424824,3.5673842035424825,1.8887520227765429,2.7890907969837215,2.772803825186518,0.4668562025224241,0.00021588028548880116,1926873.0521554677,38537.46104310935,9.620479607889614e-05,9.584142015685643e-05,54155.00267928285,53746.676677122654,22527067.91812475,450541.358362495,57.85382559721338,1.1570765119442676,22357214.956656463,447144.2991331293,57.41761065589604,1.148352213117921,"[1.770,2.067]",1.921,"[1.050,1.500]",1.25,0.002,0.0,774,1.549,0.12,-2.7135574774710003,45,2.7464425225289997,0.005,0.0,309,1.5475,0.1,-0.2758164774709999,30,2.7741835225290004,1.561014816879819,1.5594815203165178,0.49745675096953135,0.49732307166999973,1.598788986339514,1.6753265307645004,0.47246803682827104,0.47311820327556803
26,56,2.3474,45.0,1.592,424.4056564,8.488113127,E04001,1.411385525,0.01067375,0.0089,2.3563,0.7553999999999998,0.7642999999999999,1.0,0.0,0.0,424.4056564,8.488113127,0.7853981633974483,0.14644660940672624,0.8535533905932737,0.1715728752538099,0.03053716053066058,1.5614628394693395,4.433234524286382,1.0075972325621763,1.0387317182159483,1.054954563971825,3.589418563971825,1.8945760908371627,2.829085736313052,2.8128628905571755,0.46135409985337045,0.00021819817985569264,1945046.7308237152,38900.934611891316,9.620479607889615e-05,9.584142015685643e-05,55937.79274559392,55516.024595812036,23740315.647760946,474806.31289928115,60.96967817117901,1.2193935632799213,23561314.859304152,471226.297130567,60.50996985783873,1.2101993970141989,"[1.770,2.067]",1.921,"[1.050,1.500]",1.25,0.002,0.0,780,1.561,0.12,-2.7135574774710003,46,2.866442522529,0.005,0.0,312,1.5625,0.1,-0.2758164774709999,30,2.7741835225290004,1.5726648838463149,1.5744815203165177,0.4900686153857233,0.494151660090509,1.622329179669657,1.6753265307645004,0.45526040726794226,0.47311820327556803
26,56,2.3474,45.0,1.6043,432.732759,8.65465518,E04001,1.402713308,0.012386398,0.0089,2.3563,0.7430999999999999,0.7519999999999999,1.0,0.0,0.0,432.732759,8.65465518,0.7853981633974483,0.14644660940672624,0.8535533905932737,0.1715728752538099,0.03053716053066058,1.5737628394693395,4.433234524286382,1.0075972325621763,1.0218182946866181,1.0379770144011675,3.6117555044011675,1.9004619186927076,2.8690806756423823,2.8529219559278327,0.4557857125513486,0.00022044234699135522,1963020.1043766327,39260.40208753265,9.620479607889611e-05,9.584142015685639e-05,57797.91392762407,57362.12055748923,25011050.758345287,500221.0151669058,64.23316935144274,1.284663387028855,24822468.690932933,496449.3738186587,63.74885447839802,1.2749770895679606,"[1.770,2.067]",1.921,"[0.650,1.050]",0.8,0.002,0.0,786,1.573,0.12,-2.7135574774710003,46,2.866442522529,0.005,0.0,314,1.5725,0.1,0.17418352252900005,26,2.824183522529,1.5843124256189967,1.5801681730025714,0.4824042746224178,0.4142227484621294,1.622329179669657,1.46216895295932,0.45526040726794226,0.44244338214287293
26,56,2.3474,45.0,1.6166,440.9782679,8.819565359,E04001,1.381020436,0.011361104,0.0089,2.3563,0.7307999999999999,0.7396999999999999,1.0,0.0,0.0,440.9782679,8.819565359,0.7853981633974483,0.14644660940672624,0.8535533905932737,0.1715728752538099,0.03053716053066058,1.5860628394693395,4.433234524286382,1.0075972325621763,1.0049048711572877,1.02099946483051,3.6343950248305106,1.9064089343135462,2.9090756149717123,2.89298102129849,0.45015098885980914,0.0002226141942681121,1980908.1327891184,39618.16266027445,9.620479607889615e-05,9.584142015685643e-05,59739.513405929196,59289.08047317689,26343827.146935485,526876.5429984493,67.65599441797274,1.3531198885128775,26145196.012445256,522903.92030819424,67.14587161571811,1.3429174324666278,"[1.770,2.067]",1.921,"[0.650,1.050]",0.8,0.002,0.0,793,1.587,0.12,-2.7135574774710003,46,2.866442522529,0.005,0.0,317,1.5875000000000001,0.1,0.17418352252900005,27,2.924183522529,1.5978980349790035,1.5951681730025715,0.47309321431279666,0.4107467647802935,1.622329179669657,1.5154583474106151,0.45526040726794226,0.4295094612813305
26,56,2.3474,45.0,1.6289,449.1174393,8.982348785,E04001,1.407204318,0.011355604,0.0089,2.3563,0.7184999999999999,0.7273999999999999,1.0,0.0,0.0,449.1174393,8.982348785,0.7853981633974483,0.14644660940672624,0.8535533905932737,0.1715728752538099,0.03053716053066058,1.5983628394693394,4.433234524286382,1.0075972325621763,0.9879914476279573,1.0040219152598528,3.657337125259853,1.9124165668754947,2.9490705543010427,2.9330400866691475,0.4444498944672027,0.0002247151303428287,1998607.9202358106,39972.15840026613,9.620479607889614e-05,9.584142015685643e-05,61767.02073180701,61301.30049557825,27740646.184259176,554812.9236234165,71.24329327417112,1.424865865324793,27531483.104333926,550629.6620253772,70.70612241858741,1.4141224482143147,"[1.770,2.067]",1.921,"[0.650,1.050]",0.8,0.002,0.0,799,1.599,0.12,-2.7135574774710003,47,2.986442522529,0.005,0.0,319,1.5975000000000001,0.1,0.17418352252900005,27,2.924183522529,1.6095401111267265,1.6051681730025715,0.46477703389081504,0.4084437819397247,1.6456549251807702,1.5154583474106151,0.43679154152650523,0.4295094612813305
26,56,2.3474,45.0,1.6412,457.1511338,9.143022675,E04001,1.384662431,0.011112299,0.0089,2.3563,0.7061999999999999,0.7151,1.0,0.0,0.0,457.1511338,9.143022675,0.7853981633974483,0.14644660940672624,0.8535533905932737,0.1715728752538099,0.03053716053066058,1.6106628394693394,4.433234524286382,1.0075972325621763,0.9710780240986271,0.9870443656891954,3.6805818056891955,1.9184842469223446,2.989065493630373,2.9730991520398047,0.43868241287980814,0.00022674656395935215,2016132.5747011164,40322.651489612115,9.620479607889611e-05,9.584142015685639e-05,63885.17201144759,63403.481020880434,29205178.818041295,584103.5762969407,75.00449361698571,1.5000898721756448,28984973.235562272,579699.4646478419,74.43896349959196,1.4887792698290068,"[1.770,2.067]",1.921,"[0.650,1.050]",0.8,0.002,0.0,805,1.611,0.12,-2.7135574774710003,47,2.986442522529,0.005,0.0,322,1.6125,0.1,0.17418352252900005,27,2.924183522529,1.6211796672720666,1.6201681730025714,0.456132730134671,0.4050109388754864,1.6456549251807702,1.5154583474106151,0.43679154152650523,0.4295094612813305
26,56,2.3474,45.0,1.6535,465.1327674,9.302655347,E04001,1.38025107,0.010943112,0.0089,2.3563,0.6939,0.7028,1.0,0.0,0.0,465.1327674,9.302655347,0.7853981633974483,0.14644660940672624,0.8535533905932737,0.1715728752538099,0.03053716053066058,1.6229628394693394,4.433234524286382,1.0075972325621763,0.9541646005692968,0.9700668161185381,3.704129066118538,1.9246114065230253,3.029060432959703,3.013158217410462,0.4328485457913189,0.00022870990279505378,2033723.7772201058,40674.475540029765,9.620479607889611e-05,9.584142015685639e-05,66099.03662585572,65600.65320720988,30744827.828258228,614896.5564990655,78.95860720343899,1.5791721438990245,30513013.369517215,610260.2673247437,78.36326326806049,1.5672652651927348,"[1.770,2.067]",1.921,"[0.650,1.050]",0.8,0.002,0.0,811,1.623,0.12,-2.7135574774710003,47,2.986442522529,0.005,0.0,324,1.6225,0.1,0.17418352252900005,28,3.0241835225290004,1.632816705050729,1.6301681730025714,0.447141206310225,0.40273686233694805,1.6456549251807702,1.5687477418619105,0.43679154152650523,0.41688643991068464
26,56,2.3474,45.0,1.6658,472.975723,9.45951446,E04001,1.384849091,0.01082508,0.0089,2.3563,0.6816,0.6905,1.0,0.0,0.0,472.975723,9.45951446,0.7853981633974483,0.14644660940672624,0.8535533905932737,0.1715728752538099,0.03053716053066058,1.6352628394693394,4.433234524286382,1.0075972325621763,0.9372511770399663,0.9530892665478807,3.7279789065478806,1.9307974794234326,3.069055372289034,3.0532172827811195,0.4269483134487331,0.00023060655235154147,2051007.3030318145,41020.14606063629,9.620479607889612e-05,9.584142015685642e-05,68414.04680273122,67898.20832354217,32358183.249877635,647163.6649975526,83.10201297324134,1.6620402594648267,32114204.17223198,642284.0834446395,82.47542796631623,1.6495085593263243,"[1.770,2.067]",1.921,"[0.650,1.050]",0.8,0.002,0.0,817,1.635,0.12,-2.7135574774710003,48,3.106442522528999,0.005,0.0,327,1.6375,0.1,0.17418352252900005,28,3.0241835225290004,1.6444512260966633,1.6451681730025713,0.4377818454948052,0.39934757618883404,1.6687719789999784,1.5687477418619105,0.416921263322692,0.41688643991068464
26,56,2.3474,45.0,1.6781,480.7887313,9.615774627,E04001,1.374824236,0.010711566,0.0089,2.3563,0.6693,0.6782,1.0,0.0,0.0,480.7887313,9.615774627,0.7853981633974483,0.14644660940672624,0.8535533905932737,0.1715728752538099,0.03053716053066058,1.6475628394693393,4.433234524286382,1.0075972325621763,0.9203377535106361,0.9361117169772234,3.752131326977223,1.9370419011929563,3.109050311618364,3.0932763481517767,0.4209817550140844,0.00023243791488950508,2068460.8684798882,41369.21737389999,9.620479607889612e-05,9.584142015685642e-05,70836.03040237502,70301.93028840411,34057165.18748611,681143.3038205584,87.46532403833262,1.7493064809485732,33800375.87130286,676007.5174963591,86.80583988497148,1.7361167978799783,"[1.770,2.067]",1.921,"[0.650,1.050]",0.8,0.002,0.0,823,1.647,0.12,-2.7135574774710003,48,3.106442522528999,0.005,0.0,329,1.6475,0.1,0.17418352252900005,29,3.124183522529,1.656083232042029,1.6551681730025714,0.4280323563839579,0.3971026571344448,1.6687719789999784,1.6220371363132053,0.416921263322692,0.40458503999365547
26,56,2.3474,45.0,1.6904,488.5176451,9.770352902,E04001,1.414483196,0.011176669,0.0089,2.3563,0.657,0.6659,1.0,0.0,0.0,488.5176451,9.770352902,0.7853981633974483,0.14644660940672624,0.8535533905932737,0.1715728752538099,0.03053716053066058,1.6598628394693393,4.433234524286382,1.0075972325621763,0.9034243299813056,0.9191341674065661,3.776586327406566,1.9433441093657515,3.149045250947694,3.1333354135224334,0.4149489289215406,0.00023420538840756048,2085851.433314973,41717.02866629946,9.620479607889615e-05,9.584142015685643e-05,73371.24733319553,72818.03181080887,35843148.96526233,716862.9793052467,92.05207249465454,1.8410414498930912,35572893.42103323,711457.8684206648,91.35800448814179,1.8271600897628362,"[1.770,2.067]",1.921,"[0.650,1.050]",0.8,0.002,0.0,829,1.659,0.12,-2.7135574774710003,48,3.106442522528999,0.005,0.0,331,1.6575,0.1,0.17418352252900005,29,3.124183522529,1.6677127245172372,1.6651681730025714,0.41786859993884773,0.39486946002856166,1.6687719789999784,1.6220371363132053,0.416921263322692,0.40458503999365547
26,56,2.3474,45.0,1.7033,496.5495679,9.930991358,E04001,1.403686651,0.018608414,0.0089,2.3563,0.6440999999999999,0.6529999999999999,1.0,0.0,0.0,496.5495679,9.930991358,0.7853981633974483,0.14644660940672624,0.8535533905932737,0.1715728752538099,0.03053716053066058,1.6727628394693395,4.433234524286382,1.0075972325621763,0.8856858614017639,0.9013284446861202,3.8025593346861206,1.9500152139627323,3.1909911629272365,3.17534857964288,0.40855070876671173,0.00023599196088266948,2104095.2668166296,42081.90533633259,9.620479607889612e-05,9.584142015685642e-05,76159.14429345522,75584.90816791284,37816790.19054894,756335.8038109788,97.12076122299692,1.9424152244599382,37531653.49053831,750633.069810766,96.38847555787014,1.9277695111574025,"[1.770,2.067]",1.921,"[0.650,1.050]",0.8,0.002,0.0,836,1.673,0.12,-2.7135574774710003,49,3.226442522528999,0.005,0.0,334,1.6725,0.1,0.17418352252900005,30,3.2241835225290005,1.6812772911639797,1.6801681730025715,0.4054522428967468,0.39154170567444957,1.691685844265248,1.6753265307645007,0.395487627494979,0.3926129302256725
26,56,2.3474,45.0,1.7156,504.1418495,10.08283699,E04001,1.43412018,0.015630521,0.0089,2.3563,0.6317999999999999,0.6406999999999999,1.0,0.0,0.0,504.1418495,10.08283699,0.7853981633974483,0.14644660940672624,0.8535533905932737,0.1715728752538099,0.03053716053066058,1.6850628394693394,4.433234524286382,1.0075972325621763,0.8687724378724334,0.8843508951154628,3.8276342551154627,1.9564340661303827,3.2309861022565673,3.2154076450135376,0.40238238038566493,0.0002376328828543215,2121515.5219450803,42430.31043890161,9.620479607889615e-05,9.584142015685643e-05,78947.94390387855,78352.68036924355,39800962.45392358,796019.2490784717,102.21649567442749,2.04432991348855,39500865.19463278,790017.3038926558,101.44578842729203,2.0289157685458408,"[1.770,2.067]",1.921,"[0.650,1.050]",0.8,0.002,0.0,842,1.685,0.12,-2.7135574774710003,49,3.226442522528999,0.005,0.0,337,1.6875,0.1,0.17418352252900005,30,3.2241835225290005,1.6929013433719788,1.6951681730025714,0.39429805433136433,0.3882404756087439,1.691685844265248,1.6753265307645007,0.395487627494979,0.3926129302256725
26,56,2.3474,45.0,1.7279,511.7264014,10.23452803,E04001,1.426543555,0.015203437,0.0089,2.3563,0.6194999999999999,0.6284,1.0,0.0,0.0,511.7264014,10.23452803,0.7853981633974483,0.14644660940672624,0.8535533905932737,0.1715728752538099,0.03053716053066058,1.6973628394693394,4.433234524286382,1.0075972325621763,0.8518590143431032,0.8673733455448056,3.853011755544806,1.9629090033786094,3.270981041585897,3.2554667103841943,0.39614808507141935,0.00023921414177060151,2139197.948801575,42783.958984392215,9.620479607889612e-05,9.584142015685642e-05,81872.17491020422,81254.86282054879,41896153.441590175,837923.0689955478,107.5973474760856,2.151946949942239,41580258.547410086,831605.1711107114,106.78606887643079,2.135721377945972,"[1.770,2.067]",1.921,"[0.650,1.050]",0.8,0.002,0.0,848,1.697,0.12,-2.7135574774710003,49,3.226442522528999,0.005,0.0,339,1.6975,0.1,0.17418352252900005,30,3.2241835225290005,1.7045228872611702,1.7051681730025714,0.3826385872215676,0.3860544267581833,1.691685844265248,1.6753265307645007,0.395487627494979,0.3926129302256725
26,56,2.3474,45.0,1.7402,519.2647753,10.38529551,E04001,1.428943451,0.015040496,0.0089,2.3563,0.6072,0.6161,1.0,0.0,0.0,519.2647753,10.38529551,0.7853981633974483,0.14644660940672624,0.8535533905932737,0.1715728752538099,0.03053716053066058,1.7096628394693394,4.433234524286382,1.0075972325621763,0.8349455908137727,0.8503957959741482,3.878691835974148,1.9694394725337836,3.310975980915227,3.2955257757548515,0.38984796282342926,0.00024073710883366372,2156978.5307124536,43139.57063086471,9.620479607889614e-05,9.584142015685643e-05,84940.31256706368,84299.86687346546,44106512.319048084,882130.2467207231,113.27397247976906,2.2654794504679536,43773951.42986996,875479.0289345987,112.4198924124965,2.2483978491159227,"[1.770,2.067]",1.921,"[0.650,1.050]",0.8,0.002,0.0,854,1.709,0.12,-2.7135574774710003,50,3.3464425225289993,0.005,0.0,341,1.7075,0.1,0.17418352252900005,31,3.324183522529,1.7161419244546252,1.7151681730025714,0.37043958812291217,0.383880215600217,1.7144017864238839,1.7286159252157955,0.3723025376340614,0.3809750790493539
26,56,2.3474,45.0,1.7525,526.7777746,10.53555549,E04001,1.399071934,0.014674119,0.0089,2.3563,0.5949,0.6038,1.0,0.0,0.0,526.7777746,10.53555549,0.7853981633974483,0.14644660940672624,0.8535533905932737,0.1715728752538099,0.03053716053066058,1.7219628394693394,4.433234524286382,1.0075972325621763,0.8180321672844425,0.8334182464034908,3.9046744964034907,1.9760249230218456,3.3509709202445577,3.335584841125509,0.38348217462786754,0.0002422031464887639,2174941.9123439747,43498.83823862196,9.620479607889612e-05,9.584142015685642e-05,88161.52357821442,87496.79011526483,46441531.195877224,928830.6237412214,119.27074824114473,2.3854149643700633,46091364.38156249,921827.2874562561,118.37145278560979,2.3674290552627784,"[1.770,2.067]",1.921,"[0.650,1.050]",0.8,0.002,0.0,860,1.721,0.12,-2.7135574774710003,50,3.3464425225289993,0.005,0.0,344,1.7225000000000001,0.1,0.17418352252900005,31,3.324183522529,1.7277584565736959,1.7301681730025715,0.35766362496850673,0.3806411259963292,1.7144017864238839,1.7286159252157955,0.3723025376340614,0.3809750790493539
26,56,2.3474,45.0,1.7648,534.2838293,10.68567659,E04001,1.407491597,0.014636415,0.0089,2.3563,0.5826,0.5915,1.0,0.0,0.0,534.2838293,10.68567659,0.7853981633974483,0.14644660940672624,0.8535533905932737,0.1715728752538099,0.03053716053066058,1.7342628394693393,4.433234524286382,1.0075972325621763,0.8011187437551122,0.8164406968328334,3.930959736832833,1.982664806978939,3.390965859573888,3.375643906496167,0.3770509027761397,0.00024361360766157183,2193160.8600543668,43863.21721750678,9.62047960788961e-05,9.584142015685637e-05,91545.73782278843,90855.48755428859,48911407.36005325,978228.147567248,125.61386334908057,2.5122772679220398,48542617.80342379,970852.3564318978,124.66674112399296,2.4933348234131967,"[1.770,2.067]",1.921,"[0.650,1.050]",0.8,0.002,0.0,867,1.735,0.12,-2.7135574774710003,50,3.3464425225289993,0.005,0.0,346,1.7325,0.1,0.17418352252900005,32,3.424183522529,1.7413079134041993,1.7401681730025713,0.3419742166005496,0.37849656767338286,1.7144017864238839,1.7819053196670904,0.3723025376340614,0.36967408608483343
26,56,2.3474,45.0,1.7771,541.790288,10.83580576,E04001,1.408293978,0.01463666,0.0089,2.3563,0.5703,0.5792,1.0,0.0,0.0,541.790288,10.83580576,0.7853981633974483,0.14644660940672624,0.8535533905932737,0.1715728752538099,0.03053716053066058,1.7465628394693393,4.433234524286382,1.0075972325621763,0.7842053202257817,0.799463147262176,3.957547557262176,1.9893585793572197,3.430960798903218,3.415702971866824,0.3705543511752053,0.0002449698350362683,2211661.2354324637,44233.22470864927,9.620479607889614e-05,9.584142015685643e-05,95103.72921635544,94386.65187132382,51526276.84200323,1030525.5368400645,132.32934907132557,2.646586981426511,51137771.300720274,1022755.4260144053,131.3315924209427,2.626631848418854,"[1.770,2.067]",1.921,"[0.650,1.050]",0.8,0.002,0.0,873,1.747,0.12,-2.7135574774710003,51,3.4664425225289994,0.005,0.0,349,1.7475,0.1,0.17418352252900005,32,3.424183522529,1.7529190234158634,1.7551681730025714,0.32780220540725485,0.37530200290473065,1.736924847361761,1.7819053196670904,0.34714625938461263,0.36967408608483343
26,56,2.3474,45.0,1.7894,549.3259281,10.98651856,E04001,1.42356288,0.016238083,0.0089,2.3563,0.5579999999999998,0.5668999999999998,1.0,0.0,0.0,549.3259281,10.98651856,0.7853981633974483,0.14644660940672624,0.8535533905932737,0.1715728752538099,0.03053716053066058,1.7588628394693395,4.433234524286382,1.0075972325621763,0.767291896696451,0.7824855976915184,3.9844379576915188,1.9961056980259133,3.4709557382325493,3.455762037237482,0.3639927456491766,0.00024627316037372036,2230555.4014347163,44611.10802057326,9.620479607889614e-05,9.584142015685643e-05,98847.20709424582,98101.90411390021,54299333.7771395,1085986.6753450953,139.4510904750276,2.7890218089928345,53889919.525745444,1077798.390318705,138.39963625190128,2.7679927245341367,"[1.770,2.067]",1.921,"[0.650,1.050]",0.8,0.002,0.0,879,1.7590000000000001,0.12,-2.7135574774710003,51,3.4664425225289994,0.005,0.0,351,1.7575,0.1,0.17418352252900005,32,3.424183522529,1.7645276334758577,1.7651681730025715,0.31290908579876076,0.3731871490565379,1.736924847361761,1.7819053196670904,0.34714625938461263,0.36967408608483343
26,56,2.3474,45.0,1.8017,556.8603605,11.13720721,E04001,1.420463829,0.009607436,0.0089,2.3563,0.5456999999999999,0.5545999999999999,1.0,0.0,0.0,556.8603605,11.13720721,0.7853981633974483,0.14644660940672624,0.8535533905932737,0.1715728752538099,0.03053716053066058,1.7711628394693395,4.433234524286382,1.0075972325621763,0.7503784731671208,0.765508048120861,4.011630938120861,2.0029056238677003,3.5109506775618797,3.4958211026081396,0.35736633423166114,0.0002475249038689716,2249714.4804256805,44994.289608513616,9.620479607889614e-05,9.584142015685643e-05,102788.9197507577,102013.8964548167,57239074.9078125,1144781.49815625,147.00090882214025,2.9400181764428046,56807495.15583889,1136149.903116778,145.8925293476024,2.917850586952048,"[1.770,2.067]",1.921,"[0.650,1.050]",0.8,0.002,0.0,885,1.7710000000000001,0.12,-2.7135574774710003,51,3.4664425225289994,0.005,0.0,354,1.7725,0.1,0.17418352252900005,33,3.5241835225290004,1.7761337451982655,1.7801681730025714,0.2972394329108154,0.3700371577397011,1.736924847361761,1.8351947141183858,0.34714625938461263,0.35871048997863014
26,56,2.3474,45.0,1.814,555.333776,11.10667552,E04001,1.449578676,0.009435767,0.0089,2.3563,0.5333999999999999,0.5422999999999999,1.0,0.0,0.0,555.333776,11.10667552,0.7853981633974483,0.14644660940672624,0.8535533905932737,0.1715728752538099,0.03053716053066058,1.7834628394693395,4.433234524286382,1.0075972325621763,0.7334650496377904,0.7485304985502036,4.039126498550204,2.0097578208705156,3.5509456168912097,3.535880167978797,0.35067538744831006,0.00024872637354725146,2232709.656318377,44654.193126367536,9.620479607889615e-05,9.584142015685643e-05,106942.77206429755,106136.42893039445,59388933.42637367,1187778.6685274735,152.52215731500112,3.050443146300023,58941143.849071585,1178822.8769814319,151.37214790393875,3.0274429580787756,"[1.770,2.067]",1.921,"[0.650,1.050]",0.8,0.002,0.0,891,1.7830000000000001,0.12,-2.7135574774710003,52,3.5864425225289995,0.005,0.0,356,1.7825,0.1,0.17418352252900005,33,3.5241835225290004,1.7877373601954147,1.7901681730025714,0.28073197948676987,0.3679520221570202,1.7592598584706804,1.8351947141183858,0.31976049064783707,0.35871048997863014
26,56,2.3474,45.0,1.8263,562.353497,11.24706994,E04001,1.465270518,0.009353547,0.0089,2.3563,0.5210999999999999,0.5299999999999999,1.0,0.0,0.0,562.353497,11.24706994,0.7853981633974483,0.14644660940672624,0.8535533905932737,0.1715728752538099,0.03053716053066058,1.7957628394693395,4.433234524286382,1.0075972325621763,0.71655162610846,0.7315529489795463,4.066924638979547,2.016661756214846,3.5909405562205396,3.5759392333494535,0.34392019858903466,0.00024987886469766106,2250504.450147935,45010.0890029587,9.620479607889614e-05,9.584142015685643e-05,111323.9594968484,110484.58242959583,62603417.922939055,1252068.3584587811,160.7775692543247,3.2155513850864943,62131391.29386797,1242627.8258773594,159.56531445157927,3.1913062890315858,"[1.770,2.067]",1.921,"[0.650,1.050]",0.8,0.002,0.0,897,1.795,0.12,-2.7135574774710003,52,3.5864425225289995,0.005,0.0,359,1.7975,0.1,0.17418352252900005,34,3.624183522529,1.799338480077921,1.8051681730025715,0.2633188254323752,0.364846598069368,1.7592598584706804,1.8884841085696809,0.31976049064783707,0.34808305165962217
26,56,2.3474,45.0,1.8386,569.3990553,11.38798111,E04001,1.4313336,0.00916756,0.0089,2.3563,0.5087999999999999,0.5176999999999999,1.0,0.0,0.0,569.3990553,11.38798111,0.7853981633974483,0.14644660940672624,0.8535533905932737,0.1715728752538099,0.03053716053066058,1.8080628394693394,4.433234524286382,1.0075972325621763,0.6996382025791298,0.7145753994088889,4.095025359408889,2.023616900356609,3.6309354955498705,3.615998298720111,0.3371010839693483,0.0002509836593436651,2268669.828103579,45373.39657800888,9.620479607889611e-05,9.584142015685639e-05,115949.12119112599,115074.8706368356,66021320.06909235,1320426.4018456435,169.55539668355698,3.391107934862258,65523522.6293839,1310470.4530479775,168.27695750255464,3.36553915123323,"[1.770,2.067]",1.921,"[0.650,1.050]",0.8,0.002,0.0,904,1.809,0.12,-2.7135574774710003,52,3.5864425225289995,0.005,0.0,361,1.8075,0.1,0.17418352252900005,34,3.624183522529,1.8128699685394736,1.8151681730025715,0.2417576399385041,0.3627911592481542,1.7592598584706804,1.8884841085696809,0.31976049064783707,0.34808305165962217
26,56,2.3474,45.0,1.8509,576.4100117,11.52820023,E04001,1.443416983,0.009177495,0.0089,2.3563,0.49649999999999994,0.5054,1.0,0.0,0.0,576.4100117,11.52820023,0.7853981633974483,0.14644660940672624,0.8535533905932737,0.1715728752538099,0.03053716053066058,1.8203628394693394,4.433234524286382,1.0075972325621763,0.6827247790497993,0.6975978498382315,4.123428659838232,2.03062272710571,3.6709304348792013,3.656057364090769,0.3302183831802937,0.0002520420257494863,2286959.92260003,45739.19843613023,9.620479607889614e-05,9.584142015685643e-05,120836.51541902422,119925.41415755397,69651377.26646699,1393027.5448459934,178.87807892378987,3.5775615772344715,69126209.37768303,1382524.1870739588,177.5293471866019,3.550586942500072,"[1.770,2.067]",1.921,"[0.650,1.050]",0.8,0.002,0.0,910,1.821,0.12,-2.7135574774710003,53,3.7064425225289996,0.005,0.0,364,1.8225,0.1,0.17418352252900005,34,3.624183522529,1.8244656878572698,1.8301681730025714,0.22211169117138593,0.35973024507927365,1.7814114527498037,1.8884841085696809,0.2898395256892556,0.34808305165962217
26,56,2.3474,45.0,1.8632,583.4127405,11.66825481,E04001,1.482655314,0.009855801,0.0089,2.3563,0.48419999999999996,0.4931,1.0,0.0,0.0,583.4127405,11.66825481,0.7853981633974483,0.14644660940672624,0.8535533905932737,0.1715728752538099,0.03053716053066058,1.8326628394693394,4.433234524286382,1.0075972325621763,0.665811355520469,0.6806203002675741,4.152134540267574,2.037678713700365,3.7109253742085313,3.696116429461426,0.32327245932641324,0.0002530552179614758,2305476.0348344864,46109.52069668973,9.620479607889614e-05,9.584142015685643e-05,126006.22128422803,125056.14070000188,73513634.87948091,1470272.6975896182,188.7970963106482,3.775941926212963,72959345.76214169,1459186.9152428338,187.37357568019917,3.7474715136039833,"[1.770,2.067]",1.921,"[0.650,1.050]",0.8,0.002,0.0,916,1.833,0.12,-2.7135574774710003,53,3.7064425225289996,0.005,0.0,366,1.8325,0.1,0.17418352252900005,35,3.7241835225290005,1.8360589171492663,1.8401681730025714,0.20128976534653828,0.3577044486684251,1.7814114527498037,1.9417735030209762,0.2898395256892556,0.3377890127733226
26,56,2.3474,60.0,1.1691,4.153509563,0.083070191,E04001,0.695797122,0.063801466,0.0089,2.3563,1.1783,1.1871999999999998,1.0,0.0,0.0,4.153509563,0.083070191,1.0471975511965976,0.24999999999999994,0.7500000000000001,0.3333333333333333,0.05165503454576381,1.1174449654542362,4.433234524286382,1.0075972325621763,2.7659414199999994,2.797399359999999,4.164194169999999,2.0406357269243327,0.3082847311290009,0.2768267911290012,0.5019081190813881,-4.3167985727132435e-05,-96217.35860585659,-1924.3471660941498,2.9007207384513803e-05,2.889764402427861e-05,38632.98526108624,38341.69449120862,160462.47372915977,3209.249464538619,0.4120983700038061,0.008241967374279726,159252.59473085942,3185.051884648348,0.4089911689772099,0.008179823353942305,"[1.770,2.067]",1.921,"[2.500,3.000]",2.75,0.002,0.0,558,1.117,0.12,-2.7135574774710003,24,0.22644252252899966,0.005,0.0,223,1.1175,0.1,-1.775816477471,20,0.27418352252900036,1.139916632832687,1.1438593446963388,0.4928540801308207,0.5040683385882636,1.0407882730607914,1.1424325862515496,0.5144893848171891,0.5042693451198835
26,56,2.3474,60.0,1.1786,4.767324636,0.095346493,E04001,0.68172408,0.053279359,0.0089,2.3563,1.1687999999999998,1.1776999999999997,1.0,0.0,0.0,4.767324636,0.095346493,1.0471975511965976,0.24999999999999994,0.7500000000000001,0.3333333333333333,0.05165503454576381,1.1269449654542363,4.433234524286382,1.0075972325621763,2.743641119999999,2.775014509999999,4.164112469999999,2.040615708554651,0.34841221812900125,0.3170388281290011,0.49990448091298917,-4.0130354120125385e-05,-118795.97727270452,-2375.919552431353,2.900720738451381e-05,2.8897644024278624e-05,39100.51351339591,38805.69760396113,186404.84135266324,3728.0968380014087,0.47872333946383083,0.009574466817393547,184999.35820453006,3699.987174956197,0.4751137895114157,0.009502275818133246,"[1.770,2.067]",1.921,"[2.500,3.000]",2.75,0.002,0.0,563,1.127,0.12,-2.7135574774710003,25,0.34644252252899976,0.005,0.0,225,1.1275,0.1,-1.775816477471,20,0.27418352252900036,1.149701880995508,1.1538593446963388,0.4905009398139446,0.5026569907891668,1.0708769502349242,1.1424325862515496,0.508324255285527,0.5042693451198835
26,56,2.3474,60.0,1.188,5.421620574,0.108432411,E04001,0.708275311,0.047771694,0.0089,2.3563,1.1594,1.1683,1.0,0.0,0.0,5.421620574,0.108432411,1.0471975511965976,0.24999999999999994,0.7500000000000001,0.3333333333333333,0.05165503454576381,1.1363449654542361,4.433234524286382,1.0075972325621763,2.7215755599999993,2.7528652899999995,4.16420929,2.040639431648815,0.38811731052900056,0.35682758052900043,0.49789525986697386,-3.71465871335594e-05,-145952.05084404474,-2919.0410039591156,2.900720738451381e-05,2.8897644024278624e-05,39574.388715060406,39275.999810388894,214557.32006104494,4291.146382225192,0.5510242975487284,0.011020485902189953,212939.56863642455,4258.791353876011,0.546869602001141,0.010937391991606042,"[1.770,2.067]",1.921,"[2.500,3.000]",2.75,0.002,0.0,568,1.137,0.12,-2.7135574774710003,25,0.34644252252899976,0.005,0.0,227,1.1375,0.1,-1.775816477471,21,0.374183522529,1.1594853334826922,1.1638593446963388,0.48810590782509233,0.5012413424579127,1.0708769502349242,1.1957219807028445,0.508324255285527,0.49670363056204603
26,56,2.3474,60.0,1.1975,6.129658127,0.122593163,E04001,0.752081096,0.04616897,0.0089,2.3563,1.1499,1.1587999999999998,1.0,0.0,0.0,6.129658127,0.122593163,1.0471975511965976,0.24999999999999994,0.7500000000000001,0.3333333333333333,0.05165503454576381,1.1458449654542362,4.433234524286382,1.0075972325621763,2.6992752599999994,2.730480439999999,4.164486689999999,2.040707399408352,0.4282447975290009,0.3970396175290012,0.4958375118755342,-3.4153402828788355e-05,-179474.30180612134,-3589.4860495910707,2.9007207384513806e-05,2.8897644024278617e-05,40065.0088402743,39762.92068448291,245584.8070461142,4911.696159352188,0.6307088276117706,0.012614176599566936,243733.10992689707,4874.662216828885,0.6259533147068773,0.012519066341112193,"[1.770,2.067]",1.921,"[2.500,3.000]",2.75,0.002,0.0,572,1.145,0.12,-2.7135574774710003,25,0.34644252252899976,0.005,0.0,229,1.1475,0.1,-1.775816477471,21,0.374183522529,1.1673108032500892,1.1738593446963388,0.48615914056404824,0.49982153274623525,1.0708769502349242,1.1957219807028445,0.508324255285527,0.49670363056204603
26,56,2.3474,60.0,1.207,6.884216841,0.137684337,E04001,0.79166594,0.04488528,0.0089,2.3563,1.1403999999999999,1.1492999999999998,1.0,0.0,0.0,6.884216841,0.137684337,1.0471975511965976,0.24999999999999994,0.7500000000000001,0.3333333333333333,0.05165503454576381,1.1553449654542363,4.433234524286382,1.0075972325621763,2.676974959999999,2.708095589999999,4.164944589999999,2.0408195878127002,0.46837228452900126,0.43725165452900105,0.4937522726563525,-3.1182859228753984e-05,-220769.26270609605,-4415.385259894323,2.9007207384513813e-05,2.8897644024278624e-05,40567.72277613943,40261.84418250286,279277.00033651834,5585.540014032556,0.7172368339060271,0.014344736696873965,277171.265770904,5543.425322665213,0.7118289041765191,0.014236578102142405,"[1.770,2.067]",1.921,"[2.500,3.000]",2.75,0.002,0.0,577,1.155,0.12,-2.7135574774710003,26,0.4664425225289994,0.005,0.0,231,1.1575,0.1,-1.775816477471,22,0.4741835225290001,1.1770910260107925,1.1838593446963388,0.4836865088444684,0.49839769984379884,1.1005216249019294,1.2490113751541396,0.5019165330581611,0.48903208239383283
26,56,2.3474,60.0,1.2164,7.676357844,0.153527157,E04001,0.827215214,0.043510218,0.0089,2.3563,1.131,1.1399,1.0,0.0,0.0,7.676357844,0.153527157,1.0471975511965976,0.24999999999999994,0.7500000000000001,0.3333333333333333,0.05165503454576381,1.1647449654542361,4.433234524286382,1.0075972325621763,2.6549093999999993,2.6859463699999995,4.165575329999999,2.040974113015645,0.5080773769290006,0.4770404069290004,0.49166173285127385,-2.826605776091349e-05,-271575.1134781492,-5431.502273808357,2.9007207384513813e-05,2.8897644024278624e-05,41077.3827814677,40767.6613769708,315324.6895255101,6306.493795439488,0.8098142048760212,0.016196284110179773,312947.15719264565,6258.943148745032,0.8037082464158609,0.016074164940881118,"[1.770,2.067]",1.921,"[2.500,3.000]",2.75,0.002,0.0,582,1.165,0.12,-2.7135574774710003,26,0.4664425225289994,0.005,0.0,232,1.1625,0.1,-1.775816477471,22,0.4741835225290001,1.1868694558605526,1.188859344696339,0.48116949943944076,0.49768431761237625,1.1005216249019294,1.2490113751541396,0.5019165330581611,0.48903208239383283
26,56,2.3474,60.0,1.2259,8.52285088,0.170457018,E04001,0.789641881,0.040127418,0.0089,2.3563,1.1215,1.1303999999999998,1.0,0.0,0.0,8.52285088,0.170457018,1.0471975511965976,0.24999999999999994,0.7500000000000001,0.3333333333333333,0.05165503454576381,1.1742449654542362,4.433234524286382,1.0075972325621763,2.6326090999999994,2.663561519999999,4.166392329999999,2.041174252728071,0.5482048639290009,0.5172524439290012,0.48952121955849776,-2.5341123638234003e-05,-336324.90025584155,-6726.49802090145,2.9007207384513813e-05,2.8897644024278624e-05,41605.182385351975,41291.48139833207,354594.7653055576,7091.895322753224,0.9106672818776793,0.018213345680293615,351921.13857227814,7038.422787962155,0.9038008962787464,0.0180760179679927,"[1.770,2.067]",1.921,"[2.500,3.000]",2.75,0.002,0.0,587,1.175,0.12,-2.7135574774710003,26,0.4664425225289994,0.005,0.0,234,1.1725,0.1,-1.775816477471,22,0.4741835225290001,1.1966460937850272,1.198859344696339,0.47860717214813336,0.49625470687646384,1.1005216249019294,1.2490113751541396,0.5019165330581611,0.48903208239383283
26,56,2.3474,60.0,1.2354,9.415473605,0.188309472,E04001,0.825237298,0.038872182,0.0089,2.3563,1.1119999999999999,1.1208999999999998,1.0,0.0,0.0,9.415473605,0.188309472,1.0471975511965976,0.24999999999999994,0.7500000000000001,0.3333333333333333,0.05165503454576381,1.1837449654542362,4.433234524286382,1.0075972325621763,2.610308799999999,2.6411766699999992,4.167389829999999,2.04141858275073,0.5883323509290013,0.557464480929001,0.48735263202795176,-2.2439387534404987e-05,-419595.8374783541,-8391.916745110633,2.9007207384513817e-05,2.889764402427863e-05,42146.130955499546,41828.35124341096,396825.78356437944,7936.515667072975,1.019124626349609,0.020382492516168246,393833.7370730048,7876.674737277262,1.0114404778168358,0.020228809545594396,"[1.770,2.067]",1.921,"[2.500,3.000]",2.75,0.002,0.0,591,1.183,0.12,-2.7135574774710003,27,0.5864425225289995,0.005,0.0,236,1.1825,0.1,-1.775816477471,23,0.5741835225290002,1.2044661146001872,1.208859344696339,0.47652403100467716,0.4948214140869879,1.1297413912770526,1.3023007696054347,0.4952570310305575,0.4812747771356326
26,56,2.3474,60.0,1.2449,10.35433997,0.207086799,E04001,0.796767348,0.036506431,0.0089,2.3563,1.1025,1.1114,1.0,0.0,0.0,10.35433997,0.207086799,1.0471975511965976,0.24999999999999994,0.7500000000000001,0.3333333333333333,0.05165503454576381,1.193244965454236,4.433234524286382,1.0075972325621763,2.5880084999999995,2.6187918199999993,4.168567829999999,2.041707087218928,0.6284598379290003,0.5976765179290005,0.4851557763959469,-1.956102363637886e-05,-529335.2823695476,-10586.705626942126,2.9007207384513813e-05,2.8897644024278624e-05,42700.60678956891,42378.64635752061,442136.59962448676,8842.731975409491,1.135491481527408,0.02270982958668282,438802.91185417055,8776.058220131952,1.1269299327470512,0.02253859861140643,"[1.770,2.067]",1.921,"[2.500,3.000]",2.75,0.002,0.0,596,1.193,0.12,-2.7135574774710003,27,0.5864425225289995,0.005,0.0,238,1.1925000000000001,0.1,-1.775816477471,23,0.5741835225290002,1.2142395295401585,1.218859344696339,0.47387766828022354,0.4933845739153488,1.1297413912770526,1.3023007696054347,0.4952570310305575,0.4812747771356326
26,56,2.3474,60.0,1.2543,11.32764335,0.226552867,E04001,0.837773552,0.035311846,0.0089,2.3563,1.0931,1.1019999999999999,1.0,0.0,0.0,11.32764335,0.226552867,1.0471975511965976,0.24999999999999994,0.7500000000000001,0.3333333333333333,0.05165503454576381,1.2026449654542362,4.433234524286382,1.0075972325621763,2.5659429399999993,2.596642599999999,4.169911089999999,2.0420360158430113,0.6681649303290005,0.6374652703290007,0.4829540327444059,-1.673612750057347e-05,-676837.7780111829,-13536.755560223657,2.9007207384513817e-05,2.889764402427863e-05,43262.94482316188,42936.74439056405,490067.20922750665,9801.344184550131,1.2585864683592347,0.025171729367184693,486372.12706642266,9727.442541328452,1.2490967895563077,0.02498193579112615,"[1.770,2.067]",1.921,"[2.500,3.000]",2.75,0.002,0.0,601,1.203,0.12,-2.7135574774710003,27,0.5864425225289995,0.005,0.0,240,1.2025000000000001,0.1,-1.775816477471,24,0.6741835225290003,1.2240111553099169,1.228859344696339,0.4711831961647857,0.49194431998739624,1.1297413912770526,1.3555901640567298,0.4952570310305575,0.47345089974637494
26,56,2.3474,60.0,1.2638,12.35614761,0.247122952,E04001,0.825500012,0.033505589,0.0089,2.3563,1.0836,1.0924999999999998,1.0,0.0,0.0,12.35614761,0.247122952,1.0471975511965976,0.24999999999999994,0.7500000000000001,0.3333333333333333,0.05165503454576381,1.2121449654542362,4.433234524286382,1.0075972325621763,2.5436426399999994,2.5742577499999992,4.17144819,2.0424123457323695,0.7082924173290008,0.677677307329001,0.4807003646819046,-1.3904755191631099e-05,-888627.4831675452,-17772.549648967335,2.9007207384513806e-05,2.8897644024278617e-05,43845.512197856006,43514.91923649206,541761.6207527644,10835.232406286184,1.391347619504279,0.027826952367564845,537676.7653233245,10753.535297763505,1.3808569282850056,0.02761713854334918,"[1.770,2.067]",1.921,"[2.500,3.000]",2.75,0.002,0.0,606,1.213,0.12,-2.7135574774710003,28,0.7064425225289996,0.005,0.0,242,1.2125000000000001,0.1,-1.775816477471,24,0.6741835225290003,1.2337809928917025,1.238859344696339,0.4684395574213622,0.4905007848667418,1.158554013019672,1.3555901640567298,0.48833574573994454,0.47345089974637494
26,56,2.3474,60.0,1.2733,13.42778697,0.268555739,E04001,0.834091278,0.032395509,0.0089,2.3563,1.0740999999999998,1.0829999999999997,1.0,0.0,0.0,13.42778697,0.268555739,1.0471975511965976,0.24999999999999994,0.7500000000000001,0.3333333333333333,0.05165503454576381,1.2216449654542363,4.433234524286382,1.0075972325621763,2.521342339999999,2.551872899999999,4.173165789999999,2.0428327856190283,0.7484199043290012,0.7178893443290013,0.47841785320182856,-1.1097238286025217e-05,-1210011.5924256262,-24200.231812467522,2.9007207384513817e-05,2.889764402427863e-05,44442.82135336478,44107.72471094727,596768.7374787494,11935.37473179786,1.5326164321716493,0.03065232859777792,592269.1311500047,11845.382605357005,1.5210605811951508,0.030421211578592185,"[1.770,2.067]",1.921,"[2.500,3.000]",2.75,0.002,0.0,610,1.221,0.12,-2.7135574774710003,28,0.7064425225289996,0.005,0.0,244,1.2225,0.1,-1.775816477471,24,0.6741835225290003,1.2415955761212984,1.2488593446963387,0.46620851451498246,0.4890541000387385,1.158554013019672,1.3555901640567298,0.48833574573994454,0.47345089974637494
26,56,2.3474,60.0,1.2827,14.52906724,0.290581345,E04001,0.798399499,0.030077636,0.0089,2.3563,1.0647,1.0735999999999999,1.0,0.0,0.0,14.52906724,0.290581345,1.0471975511965976,0.24999999999999994,0.7500000000000001,0.3333333333333333,0.05165503454576381,1.2310449654542361,4.433234524286382,1.0075972325621763,2.4992767799999993,2.529723679999999,4.175042969999999,2.0432921890909284,0.7881249967290005,0.7576780967290007,0.47613079138648784,-8.342900291846133e-06,-1741488.7786924492,-34829.77559782146,2.900720738451381e-05,2.8897644024278624e-05,45048.780771527905,44709.11522551056,654516.764909548,13090.335307200716,1.6809244285654665,0.03361848859444811,649581.7413523507,12991.634835988838,1.6682503427397424,0.03336500687775916,"[1.770,2.067]",1.921,"[2.500,3.000]",2.75,0.002,0.0,615,1.231,0.12,-2.7135574774710003,28,0.7064425225289996,0.005,0.0,246,1.2325,0.1,-1.775816477471,25,0.7741835225290004,1.251362197437139,1.2588593446963388,0.4633736032172581,0.48760439589512244,1.158554013019672,1.408879558508025,0.48833574573994454,0.4655786890476198
26,56,2.3474,60.0,1.2922,15.68079281,0.313615856,E04001,0.860925858,0.030100519,0.0089,2.3563,1.0552,1.0640999999999998,1.0,0.0,0.0,15.68079281,0.313615856,1.0471975511965976,0.24999999999999994,0.7500000000000001,0.3333333333333333,0.05165503454576381,1.2405449654542362,4.433234524286382,1.0075972325621763,2.4769764799999994,2.5073388299999992,4.17711967,2.043800300910047,0.8282524837290008,0.797890133729001,0.47379033007179755,-5.583279460421561e-06,-2808527.3039182667,-56170.5460425441,2.900720738451381e-05,2.8897644024278624e-05,45676.73165190146,45332.33138776298,716247.3652714358,14324.94729629337,1.8394604351300186,0.036789208679139054,710846.896085771,14216.937912648955,1.8255909957717258,0.03651181989215009,"[1.770,2.067]",1.921,"[2.500,3.000]",2.75,0.002,0.0,620,1.241,0.12,-2.7135574774710003,29,0.8264425225289997,0.005,0.0,248,1.2425,0.1,-1.775816477471,25,0.7741835225290004,1.2611270333105153,1.2688593446963388,0.4604863815387922,0.48615180171931033,1.1869760495301955,1.408879558508025,0.48114181124933325,0.4655786890476198
26,56,2.3474,60.0,1.3017,16.86714369,0.337342874,E04001,0.806301307,0.027983398,0.0089,2.3563,1.0456999999999999,1.0545999999999998,1.0,0.0,0.0,16.86714369,0.337342874,1.0471975511965976,0.24999999999999994,0.7500000000000001,0.3333333333333333,0.05165503454576381,1.2500449654542363,4.433234524286382,1.0075972325621763,2.454676179999999,2.484953979999999,4.179376869999999,2.0443524329234424,0.8683799707290012,0.8381021707290013,0.47142045758886175,-2.847939789105406e-06,-5922577.350309187,-118451.54707640994,2.9007207384513813e-05,2.8897644024278624e-05,46320.777493715264,45971.521156254195,781299.2098190134,15625.984205644425,2.00652603296597,0.04013052068311153,775408.2529904144,15508.165069002594,1.9913969273850225,0.03982793857131319,"[1.770,2.067]",1.921,"[2.000,2.500]",2.25,0.002,0.0,625,1.2510000000000001,0.12,-2.7135574774710003,29,0.8264425225289997,0.005,0.0,250,1.2525,0.1,-1.275816477471,21,0.874183522529,1.2708900847202713,1.2740667365697318,0.45754565700182004,0.46562988853792153,1.1869760495301955,1.1957219807028445,0.48114181124933325,0.47840100573683103
26,56,2.3474,60.0,1.3112,18.08851228,0.361770246,E04001,0.890067671,0.028471109,0.0089,2.3563,1.0362,1.0451,1.0,0.0,0.0,18.08851228,0.361770246,1.0471975511965976,0.24999999999999994,0.7500000000000001,0.3333333333333333,0.05165503454576381,1.259544965454236,4.433234524286382,1.0075972325621763,2.4323758799999995,2.4625691299999994,4.181814569999999,2.0449485494750226,0.9085074577290007,0.8783142077290007,0.469020985992482,-1.3701064858521652e-07,-132022674.63721615,-2640453.4956638045,2.900720738451381e-05,2.8897644024278624e-05,46981.4052042629,46627.16776702123,849823.7249689653,16996.474518171868,2.1825101141179273,0.043650202330621446,843416.0967353837,16868.321953358543,2.1660540973977422,0.04332108199585385,"[1.770,2.067]",1.921,"[2.000,2.500]",2.25,0.002,0.0,629,1.2590000000000001,0.12,-2.7135574774710003,29,0.8264425225289997,0.005,0.0,251,1.2575,0.1,-1.275816477471,21,0.874183522529,1.27869924169147,1.279066736569732,0.4551537290844324,0.4648112593296787,1.1869760495301955,1.1957219807028445,0.48114181124933325,0.47840100573683103
26,56,2.3474,60.0,1.3206,19.32558216,0.386511643,E04001,0.905535464,0.029184114,0.0089,2.3563,1.0268,1.0356999999999998,1.0,0.0,0.0,19.32558216,0.386511643,1.0471975511965976,0.24999999999999994,0.7500000000000001,0.3333333333333333,0.05165503454576381,1.2689449654542362,4.433234524286382,1.0075972325621763,2.4103103199999993,2.4404199099999992,4.184404269999999,2.045581645889501,0.9482125501290009,0.918102960129001,0.46661745532353893,2.521235517833564e-06,7665123.715457571,153302.47422982522,2.9007207384513813e-05,2.8897644024278624e-05,47651.895558638054,47292.60265777633,920900.6226981988,18418.0124444336,2.365049202656368,0.04730098402865154,913957.0782230909,18279.141555003298,2.3472168503702466,0.04694433698311364,"[1.770,2.067]",1.921,"[2.000,2.500]",2.25,0.002,0.0,634,1.2690000000000001,0.12,-2.7135574774710003,30,0.9464425225289994,0.005,0.0,253,1.2675,0.1,-1.275816477471,21,0.874183522529,1.2884590835305119,1.289066736569732,0.4521135687324372,0.46317307127184815,1.215022967239292,1.1957219807028445,0.473663445470939,0.47840100573683103
26,56,2.3474,60.0,1.3301,20.60270375,0.412054075,E04001,0.917355325,0.030821197,0.0089,2.3563,1.0172999999999999,1.0261999999999998,1.0,0.0,0.0,20.60270375,0.412054075,1.0471975511965976,0.24999999999999994,0.7500000000000001,0.3333333333333333,0.05165503454576381,1.2784449654542362,4.433234524286382,1.0075972325621763,2.3880100199999994,2.418035059999999,4.187201069999999,2.0462651514405454,0.9883400371290008,0.9583149971290013,0.4641585425574731,5.183242000221998e-06,3974868.1904332438,79497.36380866489,2.9007207384513806e-05,2.8897644024278617e-05,48347.03435769827,47982.500145180675,996079.626062729,19921.59252125458,2.5581232842470945,0.05116246568494189,988569.2356754894,19771.38471350979,2.538835163076174,0.05077670326152348,"[1.770,2.067]",1.921,"[2.000,2.500]",2.25,0.002,0.0,639,1.2790000000000001,0.12,-2.7135574774710003,30,0.9464425225289994,0.005,0.0,255,1.2775,0.1,-1.275816477471,22,0.9741835225290001,1.2982171436419208,1.299066736569732,0.44901635380398763,0.4615337666079526,1.215022967239292,1.2490113751541396,0.473663445470939,0.46972667819979796
26,56,2.3474,60.0,1.3396,21.904135,0.4380827,E04001,0.789805213,0.03095306,0.0089,2.3563,1.0078,1.0167,1.0,0.0,0.0,21.904135,0.4380827,1.0471975511965976,0.24999999999999994,0.7500000000000001,0.3333333333333333,0.05165503454576381,1.287944965454236,4.433234524286382,1.0075972325621763,2.3657097199999995,2.3956502099999994,4.190178369999999,2.046992518305819,1.0284675241290007,0.9985270341290007,0.4616694755992346,7.820490736259256e-06,2800864.5158855235,56017.29031771047,2.9007207384513817e-05,2.889764402427863e-05,49060.3243233984,48690.41194033948,1074623.9671235024,21492.479342470044,2.759840197690675,0.05519680395381349,1066521.356346808,21330.427126936156,2.739031141116569,0.05478062282233138,"[1.770,2.067]",1.921,"[2.000,2.500]",2.25,0.002,0.0,643,1.287,0.12,-2.7135574774710003,30,0.9464425225289994,0.005,0.0,257,1.2875,0.1,-1.275816477471,22,0.9741835225290001,1.3060223095426764,1.309066736569732,0.44649659723719454,0.45989349117949274,1.215022967239292,1.2490113751541396,0.473663445470939,0.46972667819979796
26,56,2.3474,60.0,1.349,23.21434453,0.464286891,E04001,0.89599773,0.029550694,0.0089,2.3563,0.9984,1.0072999999999999,1.0,0.0,0.0,23.21434453,0.464286891,1.0471975511965976,0.24999999999999994,0.7500000000000001,0.3333333333333333,0.05165503454576381,1.2973449654542362,4.433234524286382,1.0075972325621763,2.3436441599999993,2.3735009899999993,4.193301989999999,2.047755354040125,1.0681726165290009,1.038315786529001,0.4591767499223961,1.040550988449427e-05,2230966.5540362196,44619.33111916555,2.900720738451381e-05,2.8897644024278624e-05,49784.5266115791,49409.15377961504,1155715.1530241508,23114.303080396825,2.9680978965451583,0.059361957982045646,1147001.1187757351,22940.022395278364,2.945718587374152,0.0589143717982399,"[1.770,2.067]",1.921,"[2.000,2.500]",2.25,0.002,0.0,648,1.297,0.12,-2.7135574774710003,31,1.0664425225289995,0.005,0.0,259,1.2975,0.1,-1.275816477471,23,1.0741835225290002,1.3157771650018617,1.319066736569732,0.4432932529349842,0.45825238892819625,1.2427092380131848,1.3023007696054347,0.46588788844082896,0.4610033953383099
26,56,2.3474,60.0,1.3585,24.55884846,0.491176969,E04001,0.90802303,0.028625121,0.0089,2.3563,0.9888999999999999,0.9977999999999999,1.0,0.0,0.0,24.55884846,0.491176969,1.0471975511965976,0.24999999999999994,0.7500000000000001,0.3333333333333333,0.05165503454576381,1.3068449654542362,4.433234524286382,1.0075972325621763,2.3213438599999994,2.3511161399999994,4.1966383899999995,2.048569840156786,1.1083001035290008,1.0785278235290008,0.4566271485631697,1.299320455047268e-05,1890130.2111115132,37802.604206837605,2.900720738451381e-05,2.8897644024278624e-05,50535.63270118313,50154.59656700149,1241096.945338577,24821.938896664415,3.1873746945594252,0.06374749386523147,1231739.136661426,24634.7827231976,3.1633420493369013,0.0632668409609767,"[1.770,2.067]",1.921,"[2.000,2.500]",2.25,0.002,0.0,653,1.307,0.12,-2.7135574774710003,31,1.0664425225289995,0.005,0.0,261,1.3075,0.1,-1.275816477471,23,1.0741835225290002,1.3255302414624097,1.329066736569732,0.44002895974002026,0.45661060189058716,1.2427092380131848,1.3023007696054347,0.46588788844082896,0.4610033953383099
26,56,2.3474,60.0,1.368,25.92869621,0.518573924,E04001,0.921758649,0.028077,0.0089,2.3563,0.9793999999999998,0.9882999999999998,1.0,0.0,0.0,25.92869621,0.518573924,1.0471975511965976,0.24999999999999994,0.7500000000000001,0.3333333333333333,0.05165503454576381,1.3163449654542363,4.433234524286382,1.0075972325621763,2.299043559999999,2.3287312899999995,4.20015529,2.0494280397223026,1.1484275905290011,1.1187398605290007,0.45404684947788776,1.5555854067727154e-05,1666812.770106451,33336.255389272126,2.9007207384513817e-05,2.889764402427863e-05,51306.64902770258,50919.799469116326,1330314.516192392,26606.290313586513,3.416502506627269,0.06833005010619232,1320284.0115088364,26405.68021999277,3.390742249201687,0.06781484495787939,"[1.770,2.067]",1.921,"[2.000,2.500]",2.25,0.002,0.0,658,1.317,0.12,-2.7135574774710003,31,1.0664425225289995,0.005,0.0,263,1.3175000000000001,0.1,-1.275816477471,23,1.0741835225290002,1.335281539897288,1.339066736569732,0.43670223608068176,0.4549682701934398,1.2427092380131848,1.3023007696054347,0.46588788844082896,0.4610033953383099
26,56,2.3474,60.0,1.3774,27.30469936,0.546093987,E04001,0.926580427,0.027174809,0.0089,2.3563,0.97,0.9789,1.0,0.0,0.0,27.30469936,0.546093987,1.0471975511965976,0.24999999999999994,0.7500000000000001,0.3333333333333333,0.05165503454576381,1.3257449654542361,4.433234524286382,1.0075972325621763,2.2769779999999993,2.3065820699999997,4.2038128299999995,2.0503201774357094,1.1881326829290009,1.1585286129290004,0.4514633212197259,1.806679610687006e-05,1511319.394899085,30226.387886911667,2.900720738451382e-05,2.889764402427863e-05,52089.76970666487,51697.01545746409,1422295.5015721198,28445.91002102444,3.6527272965448723,0.07305454590414215,1411571.46487533,28231.429287167193,3.6251859160594426,0.07250371829463527,"[1.770,2.067]",1.921,"[2.000,2.500]",2.25,0.002,0.0,662,1.325,0.12,-2.7135574774710003,32,1.1864425225289996,0.005,0.0,265,1.3275000000000001,0.1,-1.275816477471,24,1.1741835225290003,1.3430812991199588,1.349066736569732,0.43399487909820955,0.4533255320501013,1.2700484264524534,1.3555901640567298,0.457801331914245,0.45225374970507654
26,56,2.3474,60.0,1.3869,28.72191805,0.574438361,E04001,0.933085317,0.026599895,0.0089,2.3563,0.9604999999999999,0.9693999999999999,1.0,0.0,0.0,28.72191805,0.574438361,1.0471975511965976,0.24999999999999994,0.7500000000000001,0.3333333333333333,0.05165503454576381,1.3352449654542362,4.433234524286382,1.0075972325621763,2.2546776999999993,2.2841972199999994,4.2076888299999995,2.051265177884127,1.2282601699290008,1.1987406499290008,0.4488214192979528,2.0579379644362677e-05,1395664.9105245413,27913.298210490826,2.900720738451381e-05,2.8897644024278624e-05,52902.31215056892,52503.43137212264,1519455.8742441598,30389.117484883194,3.9022537451691894,0.07804507490338379,1507999.2532139055,30159.985064278113,3.872830947784874,0.07745661895569748,"[1.770,2.067]",1.921,"[2.000,2.500]",2.25,0.002,0.0,667,1.335,0.12,-2.7135574774710003,32,1.1864425225289996,0.005,0.0,267,1.3375000000000001,0.1,-1.275816477471,24,1.1741835225290003,1.3528293995576348,1.359066736569732,0.4305518828574075,0.45168252375765794,1.2700484264524534,1.3555901640567298,0.457801331914245,0.45225374970507654
26,56,2.3474,60.0,1.3964,30.16764641,0.603352928,E04001,0.924831842,0.025689773,0.0089,2.3563,0.9509999999999998,0.9598999999999999,1.0,0.0,0.0,30.16764641,0.603352928,1.0471975511965976,0.24999999999999994,0.7500000000000001,0.3333333333333333,0.05165503454576381,1.3447449654542363,4.433234524286382,1.0075972325621763,2.232377399999999,2.2618123699999995,4.211745329999999,2.0522537196945216,1.2683876569290011,1.2389526869290006,0.4461482895187686,2.3066690873724165e-05,1307844.570127079,26156.89139387107,2.9007207384513817e-05,2.889764402427863e-05,53736.74229890152,53331.569959016895,1621111.0408985515,32422.22080722368,4.163323685742637,0.08326647368725149,1608887.9450138,32177.758889609682,4.131932434109508,0.08263864865479702,"[1.770,2.067]",1.921,"[2.000,2.500]",2.25,0.002,0.0,672,1.345,0.12,-2.7135574774710003,32,1.1864425225289996,0.005,0.0,268,1.3425,0.1,-1.275816477471,25,1.2741835225290004,1.3625757246891936,1.3640667365697319,0.4270420293992616,0.45086096037387396,1.2700484264524534,1.408879558508025,0.457801331914245,0.4434988036433419
26,56,2.3474,60.0,1.4059,31.64523103,0.632904621,E04001,0.891129535,0.024553463,0.0089,2.3563,0.9415,0.9504,1.0,0.0,0.0,31.64523103,0.632904621,1.0471975511965976,0.24999999999999994,0.7500000000000001,0.3333333333333333,0.05165503454576381,1.3542449654542361,4.433234524286382,1.0075972325621763,2.2100770999999995,2.2394275199999996,4.215982329999999,2.0532857399787297,1.3085151439290006,1.2791647239290005,0.44344375787684337,2.5528667278616975e-05,1239595.8897747204,24791.917811163068,2.900720738451381e-05,2.8897644024278624e-05,54593.77609556166,54182.141763864776,1727632.65734414,34552.65316872031,4.436891601575038,0.08873783208758367,1714606.3938177126,34292.12789802711,4.403437661586917,0.08806875328739838,"[1.770,2.067]",1.921,"[2.000,2.500]",2.25,0.002,0.0,677,1.355,0.12,-2.7135574774710003,33,1.3064425225289993,0.005,0.0,270,1.3525,0.1,-1.275816477471,25,1.2741835225290004,1.3723202754842418,1.3740667365697319,0.42346363139531296,0.4492177982182562,1.2970532675790754,1.408879558508025,0.4493888394997968,0.4434988036433419
26,56,2.3474,60.0,1.4153,33.14682971,0.662936594,E04001,0.980485925,0.025130608,0.0089,2.3563,0.9320999999999999,0.941,1.0,0.0,0.0,33.14682971,0.662936594,1.0471975511965976,0.24999999999999994,0.7500000000000001,0.3333333333333333,0.05165503454576381,1.3636449654542362,4.433234524286382,1.0075972325621763,2.1880115399999993,2.2172782999999994,4.2203523899999995,2.054349627010943,1.3482202363290008,1.3189534763290007,0.4407366182919321,2.7939737221131016e-05,1186368.699449715,23727.37398183604,2.9007207384513813e-05,2.8897644024278624e-05,55464.76764788899,55046.56608360266,1838481.2081292935,36769.62415149292,4.721571913639457,0.09443143824430032,1824619.152093439,36492.38303085947,4.685971498386486,0.0937194299394557,"[1.770,2.067]",1.921,"[2.000,2.500]",2.25,0.002,0.0,681,1.363,0.12,-2.7135574774710003,33,1.3064425225289993,0.005,0.0,272,1.3625,0.1,-1.275816477471,25,1.2741835225290004,1.380114639248987,1.384066736569732,0.42055038886083523,0.4475746982614364,1.2970532675790754,1.408879558508025,0.4493888394997968,0.4434988036433419
26,56,2.3474,60.0,1.4248,34.70658531,0.694131706,E04001,0.942184306,0.024087648,0.0089,2.3563,0.9225999999999999,0.9314999999999999,1.0,0.0,0.0,34.70658531,0.694131706,1.0471975511965976,0.24999999999999994,0.7500000000000001,0.3333333333333333,0.05165503454576381,1.3731449654542363,4.433234524286382,1.0075972325621763,2.1657112399999994,2.1948934499999995,4.224948489999999,2.0554679491541576,1.3883477233290007,1.3591655133290006,0.4379691031859557,3.0351151423289087e-05,1143501.4384122803,22870.02876165607,2.9007207384513806e-05,2.8897644024278617e-05,56369.01838509041,55943.99881562995,1956376.1454230987,39127.522897188166,5.024348696032094,0.10048697389168859,1941625.1674772,38832.50333835519,4.98646535903626,0.0997293071519902,"[1.770,2.067]",1.921,"[2.000,2.500]",2.25,0.002,0.0,686,1.373,0.12,-2.7135574774710003,33,1.3064425225289993,0.005,0.0,274,1.3725,0.1,-1.275816477471,26,1.3741835225290004,1.3898559986788541,1.394066736569732,0.4168441657190262,0.44593179008305317,1.2970532675790754,1.46216895295932,0.4493888394997968,0.43475807478652717
26,56,2.3474,60.0,1.4343,36.31543038,0.726308608,E04001,0.977545898,0.023819076,0.0089,2.3563,0.9131,0.922,1.0,0.0,0.0,36.31543038,0.726308608,1.0471975511965976,0.24999999999999994,0.7500000000000001,0.3333333333333333,0.05165503454576381,1.382644965454236,4.433234524286382,1.0075972325621763,2.1434109399999994,2.1725085999999996,4.229725089999999,2.0566295461263797,1.4284752103290006,1.3993775503290005,0.43516967702314496,3.273708409945483e-05,1109305.5896387778,22186.111804994114,2.9007207384513813e-05,2.8897644024278624e-05,57298.195658033896,56866.17013857089,2080808.6353189484,41616.17272929824,5.343915165810855,0.10687830337507818,2065119.4426445062,41302.388875636585,5.303622313671942,0.1060724463318561,"[1.770,2.067]",1.921,"[2.000,2.500]",2.25,0.002,0.0,691,1.383,0.12,-2.7135574774710003,34,1.4264425225289994,0.005,0.0,276,1.3825,0.1,-1.275816477471,26,1.3741835225290004,1.39959558648237,1.404066736569732,0.413064346305951,0.44428920134369454,1.3237357361743323,1.46216895295932,0.44063425638598586,0.43475807478652717
26,56,2.3474,60.0,1.4437,37.96509459,0.759301892,E04001,0.985115417,0.023521606,0.0089,2.3563,0.9037,0.9126,1.0,0.0,0.0,37.96509459,0.759301892,1.0471975511965976,0.24999999999999994,0.7500000000000001,0.3333333333333333,0.05165503454576381,1.3920449654542362,4.433234524286382,1.0075972325621763,2.1213453799999993,2.1503593799999994,4.234629069999999,2.0578214378317665,1.4681803027290008,1.4391663027290007,0.43236814632974213,3.50727860880506e-05,1082465.8894987192,21649.317795676812,2.9007207384513817e-05,2.889764402427863e-05,58242.95360056676,57803.80465363449,2211199.242646498,44223.98486457855,5.6787832224643084,0.11357566447920199,2194526.911337116,43890.538238303074,5.635965481985269,0.11271930966939563,"[1.770,2.067]",1.921,"[2.000,2.500]",2.25,0.002,0.0,696,1.393,0.12,-2.7135574774710003,34,1.4264425225289994,0.005,0.0,278,1.3925,0.1,-1.275816477471,27,1.474183522529,1.4093334036257943,1.414066736569732,0.40920900113760617,0.4426470577863728,1.3237357361743323,1.5154583474106151,0.44063425638598586,0.4260495397571897
26,56,2.3474,60.0,1.4532,39.69178237,0.793835647,E04001,1.000207036,0.023153407,0.0089,2.3563,0.8941999999999999,0.9030999999999999,1.0,0.0,0.0,39.69178237,0.793835647,1.0471975511965976,0.24999999999999994,0.7500000000000001,0.3333333333333333,0.05165503454576381,1.4015449654542362,4.433234524286382,1.0075972325621763,2.0990450799999993,2.1279745299999995,4.239764769999999,2.0590689085118057,1.5083077897290007,1.4793783397290006,0.42950474120410537,3.7407924400685084e-05,1061052.7850957988,21221.055691223053,2.900720738451381e-05,2.8897644024278624e-05,59224.26517319628,58777.71718625845,2350716.644277677,47014.33286186384,6.037090635177011,0.12074181264270052,2332992.3587623793,46659.847151736496,5.99157127478958,0.11983142543541062,"[1.770,2.067]",1.921,"[2.000,2.500]",2.25,0.002,0.0,700,1.401,0.12,-2.7135574774710003,34,1.4264425225289994,0.005,0.0,280,1.4025,0.1,-1.275816477471,27,1.474183522529,1.4171223831140125,1.424066736569732,0.40606900476817925,0.4410054832387194,1.3237357361743323,1.5154583474106151,0.44063425638598586,0.4260495397571897
26,56,2.3474,60.0,1.4627,41.48172374,0.829634475,E04001,1.04624389,0.024107002,0.0089,2.3563,0.8847,0.8936000000000001,1.0,0.0,0.0,41.48172374,0.829634475,1.0471975511965976,0.24999999999999994,0.7500000000000001,0.3333333333333333,0.05165503454576381,1.411044965454236,4.433234524286382,1.0075972325621763,2.0767447799999994,2.1055896799999996,4.245080969999999,2.0603594273815427,1.5484352767290006,1.5195903767290004,0.4266089339196744,3.9717494377984066e-05,1044419.4526781093,20888.38905859775,2.9007207384513823e-05,2.8897644024278634e-05,60233.134207393945,59778.979398573436,2498574.2331854594,49971.48467575582,6.416817246424667,0.12833634495943141,2479735.1088707745,49594.70218937129,6.368434766446921,0.1273686953596432,"[1.770,2.067]",1.921,"[2.000,2.500]",2.25,0.002,0.0,705,1.411,0.12,-2.7135574774710003,35,1.5464425225289995,0.005,0.0,282,1.4125,0.1,-1.275816477471,27,1.474183522529,1.4268570155013904,1.434066736569732,0.4020726230827401,0.43936459961587965,1.3501071088387828,1.5154583474106151,0.4315201075304263,0.4260495397571897
26,56,2.3474,60.0,1.4722,43.34846846,0.866969369,E04001,1.077316031,0.026529196,0.0089,2.3563,0.8752,0.8841,1.0,0.0,0.0,43.34846846,0.866969369,1.0471975511965976,0.24999999999999994,0.7500000000000001,0.3333333333333333,0.05165503454576381,1.4205449654542361,4.433234524286382,1.0075972325621763,2.0544444799999995,2.0832048299999997,4.25057767,2.0616929136027995,1.5885627637290005,1.5598024137290003,0.4236805646095557,4.200148023548416e-05,1032070.0179366027,20641.40035397032,2.9007207384513813e-05,2.8897644024278624e-05,61270.51819151006,60808.54155951566,2655983.1253525303,53119.662494796496,6.821073434046726,0.1364214686494636,2635957.1458912636,52719.14290566357,6.769642882703941,0.13539285762284525,"[1.770,2.067]",1.921,"[2.000,2.500]",2.25,0.002,0.0,710,1.421,0.12,-2.7135574774710003,35,1.5464425225289995,0.005,0.0,284,1.4225,0.1,-1.275816477471,28,1.5741835225290002,1.4365898799294854,1.444066736569732,0.39799492631715583,0.4377245269240873,1.3501071088387828,1.5687477418619102,0.4315201075304263,0.41738965368974573
26,56,2.3474,60.0,1.4816,45.26729629,0.905345926,E04001,1.025022562,0.019440083,0.0089,2.3563,0.8657999999999999,0.8746999999999999,1.0,0.0,0.0,45.26729629,0.905345926,1.0471975511965976,0.24999999999999994,0.7500000000000001,0.3333333333333333,0.05165503454576381,1.4299449654542362,4.433234524286382,1.0075972325621763,2.0323789199999993,2.0610556099999995,4.25619417,2.0630545727149343,1.6282678561290007,1.5995911661290005,0.4207508160441957,4.4236233524253416e-05,1023308.1047730087,20466.162099981357,2.9007207384513813e-05,2.8897644024278624e-05,62326.02915585509,61856.094024165664,2821330.8283772706,56426.616580010625,7.24571800867406,0.14491436020549425,2800058.1355340052,56001.162723051326,7.191085658551514,0.14382171320280196,"[1.770,2.067]",1.921,"[2.000,2.500]",2.25,0.002,0.0,714,1.429,0.12,-2.7135574774710003,35,1.5464425225289995,0.005,0.0,285,1.4275,0.1,-1.275816477471,28,1.5741835225290002,1.4443748991883893,1.4490667365697318,0.39467273563138117,0.43690483165834326,1.3501071088387828,1.5687477418619102,0.4315201075304263,0.41738965368974573
26,56,2.3474,60.0,1.4911,47.29193768,0.945838754,E04001,1.019201208,0.017656286,0.0089,2.3563,0.8562999999999998,0.8651999999999999,1.0,0.0,0.0,47.29193768,0.945838754,1.0471975511965976,0.24999999999999994,0.7500000000000001,0.3333333333333333,0.05165503454576381,1.4394449654542363,4.433234524286382,1.0075972325621763,2.010078619999999,2.038670759999999,4.26204997,2.06447329118107,1.6683953431290015,1.6398032031290013,0.4177571994048553,4.646929953275812e-05,1017702.8308047116,20354.056624702065,2.9007207384513817e-05,2.889764402427863e-05,63423.159860436645,62944.952418299705,2999404.123588447,59988.08249713821,7.703044341693173,0.1540608868990166,2976788.7670367947,59535.775365913876,7.644963773972888,0.15289927554411964,"[1.770,2.067]",1.921,"[2.000,2.500]",2.25,0.002,0.0,719,1.439,0.12,-2.7135574774710003,36,1.6664425225289996,0.005,0.0,287,1.4375,0.1,-1.275816477471,29,1.6741835225290003,1.454104583715747,1.4590667365697318,0.39044303085993753,0.4352661962096498,1.376178019686742,1.6220371363132053,0.4220274829753567,0.4087933832422521
26,56,2.3474,60.0,1.5006,49.39870925,0.987974185,E04001,1.093145971,0.017814231,0.0089,2.3563,0.8468,0.8557,1.0,0.0,0.0,49.39870925,0.987974185,1.0471975511965976,0.24999999999999994,0.7500000000000001,0.3333333333333333,0.05165503454576381,1.4489449654542361,4.433234524286382,1.0075972325621763,1.9877783199999994,2.0162859099999997,4.2680862699999995,2.0659347206530994,1.7085228301290005,1.6800152401290003,0.41473055715502477,4.867677337571052e-05,1014831.2187563715,20296.62437512743,2.9007207384513817e-05,2.889764402427863e-05,64551.92963812782,64065.21132852008,3188782.003720334,63775.64007440668,8.189403014243942,0.16378806028487883,3164738.74745737,63294.774949147395,8.127655326542985,0.16255310653085966,"[1.770,2.067]",1.921,"[2.000,2.500]",2.25,0.002,0.0,724,1.449,0.12,-2.7135574774710003,36,1.6664425225289996,0.005,0.0,289,1.4475,0.1,-1.275816477471,29,1.6741835225290003,1.4638325029777945,1.4690667365697319,0.38612559156125237,0.4336286633854742,1.376178019686742,1.6220371363132053,0.4220274829753567,0.4087933832422521
26,56,2.3474,60.0,1.51,51.56844189,1.031368838,E04001,1.080117955,0.017355576,0.0089,2.3563,0.8373999999999999,0.8462999999999999,1.0,0.0,0.0,51.56844189,1.031368838,1.0471975511965976,0.24999999999999994,0.7500000000000001,0.3333333333333333,0.05165503454576381,1.4583449654542362,4.433234524286382,1.0075972325621763,1.9657127599999993,1.9941366899999995,4.2742366899999995,2.067422716814343,1.7482279225290007,1.7198039925290005,0.41170312118909747,5.083583120289032e-05,1014411.3053681717,20288.226111297663,2.9007207384513813e-05,2.8897644024278624e-05,65701.07768027697,65205.69485210721,3388102.206465739,67762.04414245498,8.701295475772676,0.17402590954920008,3362556.085877963,67251.1217306004,8.635688144603694,0.172713762925566,"[2.067,2.357]",2.213,"[1.500,2.000]",1.75,0.002,0.0,729,1.459,0.12,-3.920685477471,47,1.7793145225290004,0.005,0.0,291,1.4575,0.1,-0.7758164774709999,24,1.6741835225290003,1.4848101857296,1.4742741284431247,0.45197705477105843,0.4008561244869986,1.6456549251807702,1.3555901640567298,0.4013839591403623,0.42252673061118345
26,56,2.3474,60.0,1.5195,53.854913,1.07709826,E04001,1.102963438,0.017138641,0.0089,2.3563,0.8278999999999999,0.8367999999999999,1.0,0.0,0.0,53.854913,1.07709826,1.0471975511965976,0.24999999999999994,0.7500000000000001,0.3333333333333333,0.05165503454576381,1.4678449654542363,4.433234524286382,1.0075972325621763,1.9434124599999991,1.9717518399999994,4.280632089999999,2.0689688470346765,1.7883554095290013,1.760016029529001,0.40861033194325014,5.2992426910063124e-05,1016275.6480544034,20325.51296108807,2.9007207384513817e-05,2.889764402427863e-05,66896.23658206053,66391.8423157564,3602691.0011542877,72053.82002308575,9.252400606193973,0.18504801212387942,3575526.8918247796,71510.53783649558,9.1826379700016,0.18365275940003198,"[2.067,2.357]",2.213,"[1.500,2.000]",1.75,0.002,0.0,733,1.467,0.12,-3.920685477471,47,1.7793145225290004,0.005,0.0,293,1.4675,0.1,-0.7758164774709999,25,1.7741835225290004,1.4925882086745759,1.4842741284431247,0.4498384843725027,0.3990532366421636,1.6456549251807702,1.408879558508025,0.4013839591403623,0.4127396383191684
26,56,2.3474,60.0,1.529,56.23365147,1.124673029,E04001,1.08475972,0.016573706,0.0089,2.3563,0.8184,0.8273,1.0,0.0,0.0,56.23365147,1.124673029,1.0471975511965976,0.24999999999999994,0.7500000000000001,0.3333333333333333,0.05165503454576381,1.477344965454236,4.433234524286382,1.0075972325621763,1.9211121599999996,1.9493669899999997,4.287207989999999,2.0705574104573867,1.8284828965290003,1.8002280665290002,0.4054840767581833,5.5123480146013715e-05,1020139.7176129955,20402.794345003476,2.9007207384513806e-05,2.8897644024278617e-05,68126.60422623219,67612.9330496432,3831007.7178925695,76620.15433060075,9.838761670097778,0.1967752333319707,3802122.1119780797,76042.44221251641,9.764577900913055,0.19529155794880393,"[2.067,2.357]",2.213,"[1.500,2.000]",1.75,0.002,0.0,738,1.477,0.12,-3.920685477471,47,1.7793145225290004,0.005,0.0,295,1.4775,0.1,-0.7758164774709999,25,1.7741835225290004,1.5023091520904757,1.4942741284431247,0.4471262013472639,0.39725446943002257,1.6456549251807702,1.408879558508025,0.4013839591403623,0.4127396383191684
26,56,2.3474,60.0,1.5385,58.70796781,1.174159356,E04001,1.083328249,0.016215857,0.0089,2.3563,0.8089,0.8178,1.0,0.0,0.0,58.70796781,1.174159356,1.0471975511965976,0.24999999999999994,0.7500000000000001,0.3333333333333333,0.05165503454576381,1.4868449654542362,4.433234524286382,1.0075972325621763,1.8988118599999995,1.9269821399999996,4.293964389999999,2.072188309493131,1.8686103835290004,1.8404401035290003,0.40232421393707973,5.7229020181777884e-05,1025842.616622205,20516.85232894937,2.9007207384513813e-05,2.8897644024278624e-05,69393.48770037704,68870.26428597792,4073950.642137366,81479.01282886862,10.462685636608617,0.2092537126965292,4043233.258767384,80864.66516157363,10.383797512031169,0.20767595020524898,"[2.067,2.357]",2.213,"[1.500,2.000]",1.75,0.002,0.0,743,1.487,0.12,-3.920685477471,48,1.8993145225289996,0.005,0.0,297,1.4875,0.1,-0.7758164774709999,26,1.8741835225290004,1.5120283349936443,1.5042741284431247,0.4443696758791671,0.39545992997204243,1.6687719789999784,1.46216895295932,0.3928547191419572,0.40304390753568975
26,56,2.3474,60.0,1.5479,61.24978814,1.224995763,E04001,1.120003874,0.016130668,0.0089,2.3563,0.7994999999999999,0.8083999999999999,1.0,0.0,0.0,61.24978814,1.224995763,1.0471975511965976,0.24999999999999994,0.7500000000000001,0.3333333333333333,0.05165503454576381,1.4962449654542362,4.433234524286382,1.0075972325621763,1.8767462999999993,1.9048329199999994,4.30082733,2.0738436127152884,1.908315475929001,1.880228855929001,0.3991643978903377,5.928731968113019e-05,1033100.9812793817,20662.019628961036,2.900720738451381e-05,2.8897644024278624e-05,70684.31969303676,70151.3634701999,4329399.606018531,86587.99213450748,11.118727508506167,0.22237455020642952,4296756.150281879,85935.12301966784,11.03489286114138,0.22069785725885996,"[2.067,2.357]",2.213,"[1.500,2.000]",1.75,0.002,0.0,748,1.497,0.12,-3.920685477471,48,1.8993145225289996,0.005,0.0,299,1.4975,0.1,-0.7758164774709999,26,1.8741835225290004,1.5217457583402592,1.5142741284431247,0.4415679926176221,0.39366972270841494,1.6687719789999784,1.46216895295932,0.3928547191419572,0.40304390753568975
26,56,2.3474,60.0,1.5574,63.91866662,1.278373332,E04001,1.127995996,0.015801331,0.0089,2.3563,0.79,0.7989,1.0,0.0,0.0,63.91866662,1.278373332,1.0471975511965976,0.24999999999999994,0.7500000000000001,0.3333333333333333,0.05165503454576381,1.505744965454236,4.433234524286382,1.0075972325621763,1.8544459999999996,1.8824480699999997,4.30794283,2.0755584381076817,1.9484429629290003,1.9204408929290002,0.3959372639627802,6.134221354657812e-05,1042001.3058619989,20840.02611071918,2.9007207384513813e-05,2.8897644024278624e-05,72027.98697490348,71484.89956820005,4603932.886758558,92078.65770635995,11.823781561802887,0.23647563116206502,4569219.463863961,91384.38924868526,11.734630842262929,0.2346926167718238,"[2.067,2.357]",2.213,"[1.500,2.000]",1.75,0.002,0.0,752,1.5050000000000001,0.12,-3.920685477471,48,1.8993145225289996,0.005,0.0,301,1.5075,0.1,-0.7758164774709999,26,1.8741835225290004,1.5295184307788219,1.5242741284431247,0.4392935001542929,0.3918839494268869,1.6687719789999784,1.46216895295932,0.3928547191419572,0.40304390753568975
26,56,2.3474,60.0,1.5669,66.68121602,1.33362432,E04001,1.147249624,0.015746563,0.0089,2.3563,0.7805,0.7894,1.0,0.0,0.0,66.68121602,1.33362432,1.0471975511965976,0.24999999999999994,0.7500000000000001,0.3333333333333333,0.05165503454576381,1.5152449654542361,4.433234524286382,1.0075972325621763,1.8321456999999994,1.8600632199999996,4.315238829999999,2.077315293834809,1.9885704499290004,1.9606529299290003,0.39267611677507064,6.33717186892134e-05,1052223.5691131714,21044.471375951467,2.9007207384513817e-05,2.889764402427863e-05,73412.46336716185,72858.93707794772,4895232.328346055,97904.64653755614,12.571894327806017,0.2514378864807055,4858322.522282219,97166.45041650081,12.477102875558204,0.24954205743631783,"[2.067,2.357]",2.213,"[1.500,2.000]",1.75,0.002,0.0,757,1.5150000000000001,0.12,-3.920685477471,49,2.0193145225289997,0.005,0.0,303,1.5175,0.1,-0.7758164774709999,27,1.974183522529,1.5392326893304187,1.5342741284431247,0.43640813979985715,0.390102709292,1.691685844265248,1.5154583474106151,0.384034605664643,0.3934580146458259
26,56,2.3474,60.0,1.5763,69.51852855,1.390370571,E04001,1.111933777,0.015103887,0.0089,2.3563,0.7710999999999999,0.7799999999999999,1.0,0.0,0.0,69.51852855,1.390370571,1.0471975511965976,0.24999999999999994,0.7500000000000001,0.3333333333333333,0.05165503454576381,1.5246449654542362,4.433234524286382,1.0075972325621763,1.8100801399999993,1.8379139999999994,4.322635689999999,2.0790949208730223,2.028275542329001,2.0004416823290008,0.3894156924654308,6.535492410118434e-05,1063707.5860170757,21274.151720341517,2.9007207384513813e-05,2.8897644024278624e-05,74824.08118266302,74259.91136596916,5201660.023924477,104033.20047848955,13.358859347957907,0.26717718695915815,5162439.768415597,103248.79536831194,13.258134218955954,0.26516268437911905,"[2.067,2.357]",2.213,"[1.500,2.000]",1.75,0.002,0.0,762,1.5250000000000001,0.12,-3.920685477471,49,2.0193145225289997,0.005,0.0,304,1.5225,0.1,-0.7758164774709999,27,1.974183522529,1.5489451909981184,1.5392741284431246,0.43347491259660476,0.38921381943346467,1.691685844265248,1.5154583474106151,0.384034605664643,0.3934580146458259
26,56,2.3474,60.0,1.5858,72.47836654,1.449567331,E04001,1.153447629,0.015590859,0.0089,2.3563,0.7615999999999998,0.7704999999999999,1.0,0.0,0.0,72.47836654,1.449567331,1.0471975511965976,0.24999999999999994,0.7500000000000001,0.3333333333333333,0.05165503454576381,1.5341449654542363,4.433234524286382,1.0075972325621763,1.7877798399999991,1.8155291499999993,4.330290789999999,2.080935075873344,2.0684030293290014,2.040653719329001,0.38608649534271583,6.73340848411829e-05,1076399.3705557983,21527.98741408623,2.9007207384513813e-05,2.8897644024278624e-05,76294.51684756728,75719.26001976126,5529701.957070187,110594.03915666263,14.201333870508396,0.2840266774493557,5488008.281849824,109760.16565214033,14.094256525890238,0.28188513055669706,"[2.067,2.357]",2.213,"[1.500,2.000]",1.75,0.002,0.0,767,1.5350000000000001,0.12,-3.920685477471,49,2.0193145225289997,0.005,0.0,306,1.5325,0.1,-0.7758164774709999,28,2.074183522529,1.558655936734823,1.5492741284431246,0.43049279577086874,0.3874395592867652,1.691685844265248,1.5687477418619102,0.384034605664643,0.3839982037080143
26,56,2.3474,60.0,1.5953,75.54018038,1.510803608,E04001,1.196714114,0.017341764,0.0089,2.3563,0.7521,0.761,1.0,0.0,0.0,75.54018038,1.510803608,1.0471975511965976,0.24999999999999994,0.7500000000000001,0.3333333333333333,0.05165503454576381,1.5436449654542361,4.433234524286382,1.0075972325621763,1.7654795399999994,1.7931442999999996,4.338126389999999,2.0828169362668434,2.1085305163290005,2.0808657563290005,0.38272290818614835,6.928803531896636e-05,1090234.122417413,21804.682454121263,2.900720738451381e-05,2.8897644024278624e-05,77810.71855633419,77224.0296437423,5877835.715242898,117556.71433598225,15.095408048427558,0.3019081610484843,5833517.12895876,116670.34261006482,14.981589429381506,0.2996317886669606,"[2.067,2.357]",2.213,"[1.500,2.000]",1.75,0.002,0.0,771,1.543,0.12,-3.920685477471,50,2.139314522529,0.005,0.0,308,1.5425,0.1,-0.7758164774709999,28,2.074183522529,1.5664232696936509,1.5592741284431246,0.42807119483817885,0.3856700689167497,1.7144017864238839,1.5687477418619102,0.37491000505981215,0.3839982037080143
26,56,2.3474,60.0,1.7096,118.4969427,2.369938853,E04001,1.274294481,0.019747345,0.0089,2.3563,0.6377999999999999,0.6466999999999999,1.0,0.0,0.0,118.4969427,2.369938853,1.0471975511965976,0.24999999999999994,0.7500000000000001,0.3333333333333333,0.05165503454576381,1.6579449654542362,4.433234524286382,1.0075972325621763,1.4971717199999997,1.5238192099999994,4.44655137,2.108684748842273,2.5913275441290002,2.564680054129001,0.3395177788489502,9.08525780153762e-05,1304277.1629435236,26085.54324786363,2.9007207384513803e-05,2.889764402427861e-05,100420.714414813,99663.5472682447,11899547.64190516,237990.95273768247,30.56031776805781,0.6112063551032565,11809825.649923934,236196.5128988151,30.32989450591014,0.6065978898622476,"[2.067,2.357]",2.213,"[1.500,2.000]",1.75,0.002,0.0,828,1.657,0.12,-3.920685477471,54,2.619314522529,0.005,0.0,331,1.6575,0.1,-0.7758164774709999,33,2.574183522529,1.6769860090860291,1.6742741284431246,0.3897359036155837,0.36569087603792416,1.8033840760270148,1.8351947141183855,0.3350601920220578,0.33901852816603
26,56,2.3474,60.0,1.7191,122.4233304,2.448466608,E04001,1.266098541,0.018215482,0.0089,2.3563,0.6282999999999999,0.6371999999999999,1.0,0.0,0.0,122.4233304,2.448466608,1.0471975511965976,0.24999999999999994,0.7500000000000001,0.3333333333333333,0.05165503454576381,1.6674449654542363,4.433234524286382,1.0075972325621763,1.4748714199999995,1.5014343599999993,4.45673917,2.1110990431526417,2.6314550311290006,2.6048920911290008,0.33569656107872403,9.248653831464078e-05,1323688.1024080904,26473.762048161807,2.9007207384513806e-05,2.8897644024278617e-05,102742.3921674011,101967.71968710338,12578065.822396118,251561.31644792235,32.302882429439194,0.6460576485887838,12483227.837388841,249664.55674777683,32.05932031720409,0.6411864063440817,"[2.067,2.357]",2.213,"[1.500,2.000]",1.75,0.002,0.0,833,1.667,0.12,-3.920685477471,54,2.619314522529,0.005,0.0,333,1.6675,0.1,-0.7758164774709999,33,2.574183522529,1.686673665430618,1.6842741284431246,0.3859961055730597,0.3639878421590199,1.8033840760270148,1.8351947141183855,0.3350601920220578,0.33901852816603
26,56,2.3474,60.0,1.7286,126.3797805,2.52759561,E04001,1.258112646,0.017882607,0.0089,2.3563,0.6188,0.6277,1.0,0.0,0.0,126.3797805,2.52759561,1.0471975511965976,0.24999999999999994,0.7500000000000001,0.3333333333333333,0.05165503454576381,1.676944965454236,4.433234524286382,1.0075972325621763,1.4525711199999998,1.4790495099999998,4.46710747,2.113553280615372,2.671582518129,2.645104128129,0.33183964671629707,9.409678092811078e-05,1343082.9328428693,26861.658656857388,2.900720738451381e-05,2.8897644024278624e-05,105146.95406714837,104354.1513108116,13288448.975249793,265768.97950499586,34.12728244375833,0.6825456488751667,13188254.736924157,263765.0947384832,33.86996444698197,0.6773992889396395,"[2.067,2.357]",2.213,"[1.050,1.500]",1.25,0.002,0.0,838,1.677,0.12,-3.920685477471,54,2.619314522529,0.005,0.0,335,1.6775,0.1,-0.2758164774709999,29,2.6741835225290003,1.6963595792827633,1.6894815203165177,0.38218893701263035,0.3135793501844755,1.8033840760270148,1.6220371363132053,0.3350601920220578,0.3257467935019861
26,56,2.3474,60.0,1.738,130.3253901,2.606507801,E04001,1.28140802,0.017724865,0.0089,2.3563,0.6093999999999999,0.6183,1.0,0.0,0.0,130.3253901,2.606507801,1.0471975511965976,0.24999999999999994,0.7500000000000001,0.3333333333333333,0.05165503454576381,1.6863449654542362,4.433234524286382,1.0075972325621763,1.4305055599999996,1.4569002899999997,4.477544289999999,2.1160208623735257,2.711287610529001,2.684892880529001,0.327988138068623,9.566686962688721e-05,1362283.4175330014,27245.668340207085,2.900720738451381e-05,2.8897644024278624e-05,107611.65356097699,106800.26709416012,14024530.72964038,280490.61448519595,36.0176813895324,0.7203536275142807,13918786.47183061,278375.72932981193,35.7461098795841,0.7149221973173984,"[2.067,2.357]",2.213,"[1.050,1.500]",1.25,0.002,0.0,843,1.687,0.12,-3.920685477471,55,2.7393145225290003,0.005,0.0,337,1.6875,0.1,-0.2758164774709999,29,2.6741835225290003,1.706043751582392,1.6994815203165177,0.37831275311459495,0.31181206785269305,1.8251819973771966,1.6220371363132053,0.32417349588258426,0.3257467935019861
26,56,2.3474,60.0,1.7475,134.3388205,2.686776411,E04001,1.265456994,0.017195327,0.0089,2.3563,0.5998999999999999,0.6087999999999999,1.0,0.0,0.0,134.3388205,2.686776411,1.0471975511965976,0.24999999999999994,0.7500000000000001,0.3333333333333333,0.05165503454576381,1.6958449654542362,4.433234524286382,1.0075972325621763,1.4082052599999995,1.4345154399999995,4.4882716899999995,2.1185541508302306,2.751415097529001,2.725104917529001,0.32406003402220995,9.723035686976349e-05,1381655.1211463918,27633.10243321269,2.9007207384513813e-05,2.8897644024278624e-05,110193.08502875737,109362.23469823557,14803209.070019474,296064.18151058257,38.017476527734736,0.7603495308376916,14691593.616605138,293831.87244146504,37.730826662814174,0.7546165335371466,"[2.067,2.357]",2.213,"[1.050,1.500]",1.25,0.002,0.0,847,1.695,0.12,-3.920685477471,55,2.7393145225290003,0.005,0.0,339,1.6975,0.1,-0.2758164774709999,30,2.7741835225290004,1.7137898361353479,1.7094815203165177,0.37516097422075756,0.31005433951597955,1.8251819973771966,1.6753265307645004,0.32417349588258426,0.3160972400819273
26,56,2.3474,60.0,1.757,138.3672957,2.767345915,E04001,1.300885437,0.017128325,0.0089,2.3563,0.5904,0.5993,1.0,0.0,0.0,138.3672957,2.767345915,1.0471975511965976,0.24999999999999994,0.7500000000000001,0.3333333333333333,0.05165503454576381,1.705344965454236,4.433234524286382,1.0075972325621763,1.3859049599999997,1.4121305899999999,4.499179589999999,2.121126962253792,2.791542584529001,2.7653169545290006,0.32009607026265957,9.8770567588784e-05,1400896.0268009277,28017.92054614303,2.9007207384513813e-05,2.8897644024278624e-05,112869.94785900682,112018.91411709678,15617509.451050779,312350.1891338855,40.1087558899293,0.8021751180884575,15499754.213633234,309995.0843846836,39.806337883579175,0.7961267579592695,"[2.067,2.357]",2.213,"[1.050,1.500]",1.25,0.002,0.0,852,1.705,0.12,-3.920685477471,55,2.7393145225290003,0.005,0.0,341,1.7075,0.1,-0.2758164774709999,30,2.7741835225290004,1.72347087600631,1.7194815203165177,0.3711562389090282,0.30830617792760834,1.8251819973771966,1.6753265307645004,0.32417349588258426,0.3160972400819273
26,56,2.3474,60.0,1.7665,142.4158823,2.848317647,E04001,1.313055798,0.01692227,0.0089,2.3563,0.5809,0.5898,1.0,0.0,0.0,142.4158823,2.848317647,1.0471975511965976,0.24999999999999994,0.7500000000000001,0.3333333333333333,0.05165503454576381,1.7148449654542361,4.433234524286382,1.0075972325621763,1.3636046599999996,1.3897457399999997,4.51026799,2.1237391530034944,2.831670071529001,2.805528991529001,0.31609620247298864,0.00010028765774580808,1420073.8705152662,28401.477420276642,2.9007207384513813e-05,2.8897644024278624e-05,115646.98539993414,114775.01293434514,16469967.461066838,329399.34933698375,42.29803135265992,0.845960627350202,16345784.733038675,326915.69477554853,41.97910631920063,0.839582126678777,"[2.067,2.357]",2.213,"[1.050,1.500]",1.25,0.002,0.0,857,1.715,0.12,-3.920685477471,56,2.8593145225289995,0.005,0.0,342,1.7125000000000001,0.1,-0.2758164774709999,30,2.7741835225290004,1.733150176952016,1.7244815203165178,0.36707757958524023,0.3074356880566639,1.8468093188065735,1.6753265307645004,0.31287809034621195,0.3160972400819273
26,56,2.3474,60.0,1.7759,146.4416261,2.928832521,E04001,1.276959325,0.016457069,0.0089,2.3563,0.5714999999999999,0.5803999999999999,1.0,0.0,0.0,146.4416261,2.928832521,1.0471975511965976,0.24999999999999994,0.7500000000000001,0.3333333333333333,0.05165503454576381,1.7242449654542362,4.433234524286382,1.0075972325621763,1.3415390999999994,1.3675965199999995,4.521417329999999,2.1263624643978267,2.8713751639290006,2.8453177439290007,0.3121030611660067,0.00010176617865378561,1439000.9336815411,28780.01866380437,2.900720738451381e-05,2.8897644024278624e-05,118498.34627993827,117604.87469642394,17353090.519395046,347061.8102694026,44.5660605335144,0.8913212103659617,17222249.087831065,344444.9816390164,44.23003467386394,0.8846006931752469,"[2.067,2.357]",2.213,"[1.050,1.500]",1.25,0.002,0.0,862,1.725,0.12,-3.920685477471,56,2.8593145225289995,0.005,0.0,344,1.7225000000000001,0.1,-0.2758164774709999,31,2.8741835225290004,1.742827739909167,1.7344815203165178,0.36292312740052357,0.3057018957889531,1.8468093188065735,1.7286159252157955,0.31287809034621195,0.30671770582574015
26,56,2.3474,60.0,1.7854,150.525429,3.01050858,E04001,1.308748969,0.017272829,0.0089,2.3563,0.5619999999999998,0.5708999999999999,1.0,0.0,0.0,150.525429,3.01050858,1.0471975511965976,0.24999999999999994,0.7500000000000001,0.3333333333333333,0.05165503454576381,1.7337449654542363,4.433234524286382,1.0075972325621763,1.3192387999999993,1.3452116699999994,4.532864829999999,2.1290525662838857,2.911502650929002,2.8855297809290015,0.3080316525530313,0.00010323775063958799,1458046.383880422,29160.927677608444,2.900720738451381e-05,2.8897644024278624e-05,121490.04042255113,120574.01161535474,18287340.45383185,365746.80907663703,46.965393325849426,0.9393078665169886,18149454.824652255,362989.09649304516,46.61127661736735,0.9322255323473473,"[2.067,2.357]",2.213,"[1.050,1.500]",1.25,0.002,0.0,866,1.733,0.12,-3.920685477471,56,2.8593145225289995,0.005,0.0,346,1.7325,0.1,-0.2758164774709999,31,2.8741835225290004,1.7505685395520771,1.7444815203165176,0.35954369740523723,0.30397769281722997,1.8468093188065735,1.7286159252157955,0.31287809034621195,0.30671770582574015
26,56,2.3474,60.0,1.8706,187.7756234,3.755512468,E04001,1.352678241,0.014165843,0.0089,2.3563,0.4767999999999999,0.4856999999999999,1.0,0.0,0.0,187.7756234,3.755512468,1.0471975511965976,0.24999999999999994,0.7500000000000001,0.3333333333333333,0.05165503454576381,1.8189449654542362,4.433234524286382,1.0075972325621763,1.1192403199999994,1.1444549099999997,4.64359927,2.1549012204739224,3.271382850129001,3.246168260129001,0.269906658779584,0.00011544487111466516,1626539.3307381547,32530.786614763096,2.9007207384513817e-05,2.889764402427863e-05,154350.03779917004,153186.24626099842,28983174.56955272,579663.4913910544,74.43434418073508,1.4886868836147016,28764642.887964897,575292.857759298,73.87311296147483,1.4774622592294966,"[2.067,2.357]",2.213,"[1.050,1.500]",1.25,0.002,0.0,909,1.819,0.12,-3.920685477471,59,3.219314522529,0.005,0.0,363,1.8175000000000001,0.1,-0.2758164774709999,35,3.2741835225290004,1.8337120523314283,1.8294815203165178,0.3197789359659539,0.28970940005301404,1.910706382608621,1.941773503020976,0.2763105122095093,0.27191708491450367
26,56,2.3474,60.0,1.8801,192.0116753,3.840233507,E04001,1.354084326,0.011978438,0.0089,2.3563,0.4672999999999998,0.47619999999999985,1.0,0.0,0.0,192.0116753,3.840233507,1.0471975511965976,0.24999999999999994,0.7500000000000001,0.3333333333333333,0.05165503454576381,1.8284449654542363,4.433234524286382,1.0075972325621763,1.0969400199999992,1.1220700599999995,4.65684607,2.157972675915986,3.3115103371290013,3.286380297129001,0.2654760340456628,0.00011669890784154547,1645359.6597554684,32907.19320367843,2.9007207384513817e-05,2.889764402427863e-05,158836.45440536988,157638.83551116093,30498453.709087137,609969.0743405792,78.3258712710932,1.5665174258297865,30268496.898839142,605369.9381344217,77.73529813288755,1.5547059630625977,"[2.067,2.357]",2.213,"[1.050,1.500]",1.25,0.002,0.0,914,1.829,0.12,-3.920685477471,60,3.339314522529,0.005,0.0,365,1.8275000000000001,0.1,-0.2758164774709999,35,3.2741835225290004,1.8433715955304777,1.8394815203165178,0.3147076924787083,0.28807630228425757,1.9316892859070816,1.941773503020976,0.26314214044800804,0.27191708491450367
26,56,2.3474,60.0,1.8895,196.2203854,3.924407708,E04001,1.37090751,0.011772477,0.0089,2.3563,0.4579,0.4668,1.0,0.0,0.0,196.2203854,3.924407708,1.0471975511965976,0.24999999999999994,0.7500000000000001,0.3333333333333333,0.05165503454576381,1.8378449654542361,4.433234524286382,1.0075972325621763,1.0748744599999998,1.0999208399999998,4.67013109,2.161048608893377,3.351215429529,3.326169049529,0.2610566512579679,0.0001179192932096559,1664022.7401221597,33280.45480244319,2.900720738451381e-05,2.8897644024278624e-05,163474.90371574822,162242.31114654298,32077108.61033201,641542.1722066401,82.38015945749868,1.6476031891499734,31835248.821361378,636704.9764272276,81.7590171898524,1.635180343797048,"[2.067,2.357]",2.213,"[1.050,1.500]",1.25,0.002,0.0,918,1.837,0.12,-3.920685477471,60,3.339314522529,0.005,0.0,367,1.8375000000000001,0.1,-0.2758164774709999,36,3.3741835225290004,1.851097986339397,1.8494815203165178,0.310577038669486,0.2864527601008129,1.9316892859070816,1.995062897472271,0.26314214044800804,0.2638884132397222
26,56,2.3474,60.0,1.899,200.5039835,4.010079669,E04001,1.381518687,0.011670591,0.0089,2.3563,0.4483999999999999,0.45729999999999993,1.0,0.0,0.0,200.5039835,4.010079669,1.0471975511965976,0.24999999999999994,0.7500000000000001,0.3333333333333333,0.05165503454576381,1.8473449654542362,4.433234524286382,1.0075972325621763,1.0525741599999996,1.0775359899999997,4.68373699,2.1641943050474928,3.391342916529001,3.3663810865290014,0.256554519472788,0.000119132192819673,1683037.7982171213,33660.755955948385,2.9007207384513806e-05,2.8897644024278617e-05,168376.7590853714,167107.20677270347,33760210.92543678,675204.2183403588,86.70268861017162,1.7340537717710085,33505660.629485227,670113.2124225972,86.04895468966208,1.720979093364078,"[2.067,2.357]",2.213,"[1.050,1.500]",1.25,0.002,0.0,923,1.847,0.12,-3.920685477471,60,3.339314522529,0.005,0.0,369,1.8475000000000001,0.1,-0.2758164774709999,36,3.3741835225290004,1.8607544209408786,1.8594815203165178,0.3053192034506046,0.2848387608359805,1.9316892859070816,1.995062897472271,0.26314214044800804,0.2638884132397222
26,56,2.3474,60.0,1.9085,204.7975954,4.095951907,E04001,1.401383642,0.01162123,0.0089,2.3563,0.43889999999999985,0.44779999999999986,1.0,0.0,0.0,204.7975954,4.095951907,1.0471975511965976,0.24999999999999994,0.7500000000000001,0.3333333333333333,0.05165503454576381,1.8568449654542363,4.433234524286382,1.0075972325621763,1.0302738599999994,1.0551511399999995,4.69752339,2.1673770760991267,3.4314704035290013,3.4065931235290012,0.25201650966097666,0.00012032471896904423,1702040.9202259427,34040.81839620801,2.9007207384513806e-05,2.8897644024278617e-05,173507.63733269073,172199.398455557,35533946.90927033,710678.938011899,91.25798238551663,1.8251596472647318,35266022.73302455,705320.4544882915,90.56990177857136,1.811398035129186,"[2.067,2.357]",2.213,"[1.050,1.500]",1.25,0.002,0.0,928,1.857,0.12,-3.920685477471,61,3.459314522529,0.005,0.0,371,1.8575,0.1,-0.2758164774709999,36,3.3741835225290004,1.8704091298399916,1.8694815203165176,0.2999535321613573,0.2832342903763221,1.952519888210603,1.995062897472271,0.2494363490783211,0.2638884132397222
26,56,2.3474,60.0,1.918,209.1408909,4.182817818,E04001,1.377062127,0.011379888,0.0089,2.3563,0.4294,0.4383,1.0,0.0,0.0,209.1408909,4.182817818,1.0471975511965976,0.24999999999999994,0.7500000000000001,0.3333333333333333,0.05165503454576381,1.8663449654542361,4.433234524286382,1.0075972325621763,1.0079735599999997,1.0327662899999999,4.7114902899999995,2.1705967589582364,3.471597890529,3.446805160529,0.24744267407912535,0.00012149707809712659,1721365.60134236,34427.312026847205,2.9007207384513813e-05,2.8897644024278624e-05,178882.61684854468,177533.85089563185,37411669.85422798,748233.3970845598,96.08033459630133,1.9216066919260268,37129587.741220206,742591.7548244043,95.35589369572078,1.907117873914416,"[2.067,2.357]",2.213,"[0.650,1.050]",0.8,0.002,0.0,933,1.867,0.12,-3.920685477471,61,3.459314522529,0.005,0.0,373,1.8675,0.1,0.17418352252900005,32,3.424183522529,1.880062113961607,1.8751681730025713,0.294476894954783,0.21753886517521306,1.952519888210603,1.7819053196670904,0.2494363490783211,0.23187569842606784
26,56,2.3474,60.0,1.9274,213.4590388,4.269180775,E04001,1.400737124,0.011665001,0.0089,2.3563,0.41999999999999993,0.42889999999999995,1.0,0.0,0.0,213.4590388,4.269180775,1.0471975511965976,0.24999999999999994,0.7500000000000001,0.3333333333333333,0.05165503454576381,1.8757449654542362,4.433234524286382,1.0075972325621763,0.9859079999999996,1.0106170699999997,4.72548783,2.1738187205928647,3.511302982929001,3.486593912929001,0.24288178003064778,0.0001226374515185448,1740569.7538302278,34811.39506845044,2.900720738451382e-05,2.889764402427863e-05,184457.37428318037,183066.57493900767,39374093.81405952,787481.876096733,101.12021523822632,2.0224043042908044,39077215.122888744,781544.3022747083,100.35777389055745,2.007155477340999,"[2.067,2.357]",2.213,"[0.650,1.050]",0.8,0.002,0.0,937,1.875,0.12,-3.920685477471,61,3.459314522529,0.005,0.0,375,1.8775,0.1,0.17418352252900005,33,3.5241835225290004,1.887783260040088,1.8851681730025713,0.29001350738711923,0.21606598065397908,1.952519888210603,1.8351947141183858,0.2494363490783211,0.22354945859345407
26,56,2.3474,60.0,1.9369,217.8534468,4.357068936,E04001,1.468877379,0.014092042,0.0089,2.3563,0.41049999999999986,0.4193999999999999,1.0,0.0,0.0,217.8534468,4.357068936,1.0471975511965976,0.24999999999999994,0.7500000000000001,0.3333333333333333,0.05165503454576381,1.8852449654542363,4.433234524286382,1.0075972325621763,0.9636076999999994,0.9882322199999996,4.739813829999999,2.1771113499313715,3.551430469929001,3.5268059499290008,0.2382368527020195,0.0001237703113640685,1760142.9971294764,35202.85994258953,2.900720738451382e-05,2.889764402427863e-05,190368.25897769112,188932.89185958932,41472381.379605055,829447.6275921011,106.50901964504405,2.130180392900881,41159681.705503196,823193.6341100639,105.70594698261206,2.1141189396522413,"[2.067,2.357]",2.213,"[0.650,1.050]",0.8,0.002,0.0,942,1.885,0.12,-3.920685477471,62,3.579314522529,0.005,0.0,377,1.8875,0.1,0.17418352252900005,33,3.5241835225290004,1.897433141890268,1.8951681730025713,0.2843288441641756,0.21460523066445406,1.9732014585053466,1.8351947141183858,0.2351609253939606,0.22354945859345407
26,56,3.116,14.975,1.6517,14618.76821,292.3753643,E04001,1.244974934,0.014843932,0.0089,3.1249000000000002,1.4643000000000002,1.4732,1.0,0.0,0.0,14618.76821,292.3753643,0.26136305548615085,0.016980667275619393,0.9830193327243805,0.017273991172237137,0.006308576938124144,1.6453914230618758,4.433234524286382,1.0057206098879279,0.30991475616681774,0.312688981512919,3.040801871512919,1.7437895146814362,3.6699324945621825,3.667158269216081,0.7485207835591117,0.003301765175287021,4427561.4508924605,88551.22904813603,0.004676883271694216,0.004663563081890357,15222.142208446296,15135.557588048801,222528968.60493392,4450579.373620892,571.4970180224554,11.429940364358446,221263208.1087921,4425264.163689397,568.2463026049948,11.364926055986997,"[1.302,1.770]",1.619,"[0.206,0.322]",0.265,0.002,0.0,822,1.645,0.12,-1.6444774774709998,44,3.695522522529,0.005,0.0,329,1.6475,0.015,0.7091835225290001,197,3.671683522529,1.644211422329171,1.6500400823071018,-9.929272061813718,0.7196849673851886,1.5750283194857873,1.6286983106196171,0.6079878868166706,0.7244411618208033
26,56,3.116,14.975,1.6708,14541.34413,290.8268825,E04001,1.251603692,0.014854198,0.0089,3.1249000000000002,1.4452,1.4541,1.0,0.0,0.0,14541.34413,290.8268825,0.26136305548615085,0.016980667275619393,0.9830193327243805,0.017273991172237137,0.006308576938124144,1.664491423061876,4.433234524286382,1.0057206098879279,0.30587229776158226,0.3086349769331628,3.100207616933163,1.7607406444258515,3.7098169815674185,3.707054302395838,0.742373388531766,0.003269120001955189,4448091.266549757,88961.82530040586,0.004676883271694217,0.004663563081890358,16107.735460782837,16016.11352339473,234228124.49024734,4684562.488194173,601.5426913734451,12.030853823332128,232895818.36882958,4657916.36577498,598.1210740430962,11.962421476748679,"[1.302,1.770]",1.619,"[0.206,0.322]",0.265,0.002,0.0,832,1.665,0.12,-1.6444774774709998,44,3.695522522529,0.005,0.0,332,1.6625,0.015,0.7091835225290001,199,3.7016835225289997,1.6635967887945213,1.6650400823071019,2.621775728159522,0.7163428211131534,1.5750283194857873,1.6446851289550055,0.6079878868166706,0.7208782850814404
26,56,3.116,14.975,1.69,14468.73121,289.3746241,E04001,1.237150635,0.014721401,0.0089,3.1249000000000002,1.4260000000000002,1.4349,1.0,0.0,0.0,14468.73121,289.3746241,0.26136305548615085,0.016980667275619393,0.9830193327243805,0.017273991172237137,0.006308576938124144,1.6836914230618758,4.433234524286382,1.0057206098879279,0.30180867465265454,0.30455974719853884,3.1606597471985385,1.7778244421760374,3.7499102878763453,3.747159215330461,0.7360886570970152,0.003236547259286457,4470421.7336810455,89408.43464272379,0.004676883271694217,0.004663563081890358,17047.52865683511,16950.561109347054,246656109.93051955,4933122.196905638,633.4601386328694,12.669202768279256,245253112.54982194,4905062.249301383,629.8569726073912,12.597139447794596,"[1.770,2.067]",1.921,"[0.206,0.322]",0.265,0.002,0.0,841,1.683,0.12,-2.7135574774710003,53,3.7064425225289996,0.005,0.0,336,1.6825,0.015,0.7091835225290001,202,3.746683522529,1.690964175569981,1.685040082307102,0.8669718622901079,0.7118883636384074,1.7814114527498037,1.6686653564580884,0.8021271653725224,0.7155352201624958
26,56,3.116,14.975,1.7092,14400.1271,288.002542,E04001,1.229155818,0.014652648,0.0089,3.1249000000000002,1.4068,1.4157,1.0,0.0,0.0,14400.1271,288.002542,0.26136305548615085,0.016980667275619393,0.9830193327243805,0.017273991172237137,0.006308576938124144,1.702891423061876,4.433234524286382,1.0057206098879279,0.29774505154372677,0.30048451746391486,3.221849157463915,1.7949510181238693,3.790003594185274,3.7872641282650856,0.7296981410232037,0.003204235301327087,4494091.646152187,89881.83292304375,0.004676883271694216,0.004663563081890357,18039.739697328667,17937.128383337913,259774544.49244833,5195490.889848967,667.1507914960256,13.343015829920514,258296928.52908346,5165938.57058167,663.355990656659,13.267119813133181,"[1.770,2.067]",1.921,"[0.206,0.322]",0.265,0.002,0.0,851,1.703,0.12,-2.7135574774710003,54,3.8264425225289997,0.005,0.0,340,1.7025000000000001,0.015,0.7091835225290001,205,3.791683522529,1.7103327190934863,1.705040082307102,0.8571525738231357,0.707436761964743,1.8033840760270148,1.6926455839611712,0.7745676704195854,0.7101951431959744
26,56,3.116,14.975,1.7283,14336.69108,286.7338215,E04001,1.213669173,0.014508229,0.0089,3.1249000000000002,1.3877000000000002,1.3966,1.0,0.0,0.0,14336.69108,286.7338215,0.26136305548615085,0.016980667275619393,0.9830193327243805,0.017273991172237137,0.006308576938124144,1.7219914230618758,4.433234524286382,1.0057206098879279,0.2937025931384914,0.2964305128841587,3.2834514028841584,1.8120296363150792,3.8298880811905085,3.827160161444841,0.7232356251786387,0.003172365477125597,4519243.19041264,90384.86377673056,0.004676883271694217,0.004663563081890358,19081.65347341555,18973.11568025031,273567771.14396775,5471355.420971189,702.574439705378,14.051488789207024,272011698.3328528,5440233.964759743,698.5781466521494,13.971562928170325,"[1.770,2.067]",1.921,"[0.206,0.322]",0.265,0.002,0.0,860,1.721,0.12,-2.7135574774710003,54,3.8264425225289997,0.005,0.0,344,1.7225000000000001,0.015,0.7091835225290001,207,3.821683522529,1.7277584565736959,1.725040082307102,0.8468735018115578,0.7029889420132089,1.8033840760270148,1.7086324022965595,0.7745676704195854,0.7066375572782532
26,56,3.116,14.975,1.7475,14277.18251,285.5436503,E04001,1.204719487,0.014358575,0.0089,3.1249000000000002,1.3685,1.3774,1.0,0.0,0.0,14277.18251,285.5436503,0.26136305548615085,0.016980667275619393,0.9830193327243805,0.017273991172237137,0.006308576938124144,1.741191423061876,4.433234524286382,1.0057206098879279,0.28963897002956357,0.29235528314953474,3.346111533149535,1.8292379651509354,3.869981387499437,3.867265074379466,0.7166331467778817,0.0031406177640137373,4545979.03431382,90919.58071811729,0.004676883271694217,0.004663563081890358,20187.225962464076,20072.39959486724,288216709.43671,5764334.1907529235,740.195719325651,14.803914391697488,286577312.4295696,5731546.250598633,735.9854337758221,14.71970868067142,"[1.770,2.067]",1.921,"[0.206,0.322]",0.265,0.002,0.0,870,1.741,0.12,-2.7135574774710003,54,3.8264425225289997,0.005,0.0,348,1.7425,0.015,0.7091835225290001,210,3.8666835225289997,1.7471137810049413,1.7450400823071017,0.8334166381906908,0.698545805047906,1.8033840760270148,1.7326126297996425,0.7745676704195854,0.7013060499187097
26,56,3.116,14.975,1.7666,14221.00335,284.4200671,E04001,1.195414949,0.014274661,0.0089,3.1249000000000002,1.3494000000000002,1.3583,1.0,0.0,0.0,14221.00335,284.4200671,0.26136305548615085,0.016980667275619393,0.9830193327243805,0.017273991172237137,0.006308576938124144,1.7602914230618758,4.433234524286382,1.0057206098879279,0.2855965116243282,0.28830127856977866,3.4091768385697785,1.846395634356239,3.9098658745046717,3.9071611075592214,0.7099592252088461,0.0031093351031253433,4573647.7022710685,91472.95407758257,0.004676883271694217,0.004663563081890358,21348.145191575768,21226.715433379348,303592044.2856854,6071840.887848522,779.6825244475768,15.593650494434147,301865191.2875844,6037303.82787436,775.2476351602862,15.50495270865715,"[1.770,2.067]",1.921,"[0.206,0.322]",0.265,0.002,0.0,880,1.7610000000000001,0.12,-2.7135574774710003,55,3.946442522529,0.005,0.0,352,1.7625,0.015,0.7091835225290001,213,3.9116835225289996,1.7664621588816942,1.7650400823071017,0.8171768936818248,0.6941082277888673,1.825181997377196,1.7565928573027252,0.7379125036896605,0.695981755030167
26,56,3.116,14.975,1.7858,14168.51773,283.3703547,E04001,1.171611619,0.014045224,0.0089,3.1249000000000002,1.3302,1.3391,1.0,0.0,0.0,14168.51773,283.3703547,0.26136305548615085,0.016980667275619393,0.9830193327243805,0.017273991172237137,0.006308576938124144,1.779491423061876,4.433234524286382,1.0057206098879279,0.2815328885154004,0.2842260488351546,3.473307688835155,1.8636812197463264,3.9499591808136003,3.947266020493846,0.7031437534671525,0.0030782009745421294,4602856.618907903,92057.13241064458,0.004676883271694217,0.004663563081890358,22579.98776535915,22451.551199567584,319924956.9966742,6398499.142191483,821.6285729484468,16.43257146476791,318105201.2370761,6362104.026986677,816.955091573598,16.339101837237948,"[1.770,2.067]",1.921,"[0.206,0.322]",0.265,0.002,0.0,889,1.7790000000000001,0.12,-2.7135574774710003,55,3.946442522529,0.005,0.0,355,1.7775,0.015,0.7091835225290001,215,3.941683522529,1.783869765844159,1.7800400823071019,0.7993983494245136,0.6907842070336656,1.825181997377196,1.7725796756381138,0.7379125036896605,0.6924369704493943
26,56,3.116,14.975,1.8049,14119.32808,282.3865617,E04001,1.168610851,0.01402333,0.0089,3.1249000000000002,1.3111000000000002,1.32,1.0,0.0,0.0,14119.32808,282.3865617,0.26136305548615085,0.016980667275619393,0.9830193327243805,0.017273991172237137,0.006308576938124144,1.7985914230618758,4.433234524286382,1.0057206098879279,0.27749043011016505,0.2801720442553985,3.537836054255398,1.880913622220701,3.989843667818835,3.9871620536736017,0.6962575405115875,0.0030475494877112894,4633010.271673593,92660.20546628512,0.004676883271694218,0.004663563081890359,23873.524536861718,23737.730242519396,337078125.36188066,6741562.5096249655,865.6811950938194,17.313623908007568,335160801.1686693,6703216.0257471595,860.7571392916827,17.21514279192996,"[1.770,2.067]",1.921,"[0.206,0.322]",0.265,0.002,0.0,899,1.799,0.12,-2.7135574774710003,55,3.946442522529,0.005,0.0,359,1.7975,0.015,0.7091835225290001,218,3.986683522529,1.8032049658469589,1.8000400823071019,0.7748248734759299,0.6863583955383108,1.825181997377196,1.7965599031411965,0.7379125036896605,0.6871279850548059
26,56,3.116,14.975,1.8241,14074.0057,281.4801139,E04001,1.151058224,0.01385533,0.0089,3.1249000000000002,1.2919,1.3008,1.0,0.0,0.0,14074.0057,281.4801139,0.26136305548615085,0.016980667275619393,0.9830193327243805,0.017273991172237137,0.006308576938124144,1.817791423061876,4.433234524286382,1.0057206098879279,0.2734268070012373,0.2760968145207745,3.603437624520775,1.8982722735479163,4.0299369741277635,4.027266966608226,0.6892283296955241,0.0030170684505185967,4664794.959352299,93295.8991539012,0.004676883271694217,0.004663563081890358,25246.1504074872,25102.548520210294,355314464.73803216,7106289.292236028,912.5156078826494,18.250312151169293,353293410.9579662,7065868.216649069,907.3251546314987,18.14650308618316,"[1.770,2.067]",1.921,"[0.206,0.322]",0.265,0.002,0.0,908,1.817,0.12,-2.7135574774710003,56,4.066442522528999,0.005,0.0,363,1.8175000000000001,0.015,0.7091835225290001,221,4.031683522529,1.8206007248334402,1.820040082307102,0.7466127307303692,0.6819404293521961,1.846809318806573,1.8205401306442792,0.6867763850050248,0.6818300768969187
26,56,3.116,14.975,1.8434,14030.58992,280.6117985,E04001,1.140365451,0.013256748,0.0089,3.1249000000000002,1.2726000000000002,1.2815,1.0,0.0,0.0,14030.58992,280.6117985,0.26136305548615085,0.016980667275619393,0.9830193327243805,0.017273991172237137,0.006308576938124144,1.8370914230618758,4.433234524286382,1.0057206098879279,0.2693420191886172,0.2720003596312827,3.6701239196312825,1.9157567485542841,4.070239099740383,4.067580759297718,0.6820543327607786,0.0029867708862451573,4697578.238965182,93951.5648127846,0.004676883271694217,0.004663563081890358,26703.13746336745,26551.248130773718,374660771.3258977,7493215.429188268,962.200629091471,19.244012588687298,372529674.3870526,7450593.490396176,956.7275639292045,19.13455128540296,"[1.770,2.067]",1.921,"[0.206,0.322]",0.265,0.002,0.0,918,1.837,0.12,-2.7135574774710003,56,4.066442522528999,0.005,0.0,367,1.8375000000000001,0.015,0.7091835225290001,223,4.061683522529,1.8399227738513844,1.840040082307102,0.7051669953815302,0.6775310945270999,1.846809318806573,1.836526948979668,0.6867763850050248,0.6783049647976909
26,56,3.116,14.975,1.8626,13991.17887,279.8235774,E04001,1.143577689,0.013437038,0.0089,3.1249000000000002,1.2534,1.2623,1.0,0.0,0.0,13991.17887,279.8235774,0.26136305548615085,0.016980667275619393,0.9830193327243805,0.017273991172237137,0.006308576938124144,1.856291423061876,4.433234524286382,1.0057206098879279,0.26527839607968945,0.26792512989665873,3.7372038898966586,1.9331849083563266,4.11033240604931,4.107685672232341,0.6748098186052812,0.0029569776159116094,4731580.9205700215,94631.61841140041,0.004676883271694216,0.004663563081890357,28233.77158981432,28073.17590216287,395023748.48781645,7900474.9697563285,1014.4966550832884,20.289933101665767,392776825.49613434,7855536.509922686,1008.7261264302205,20.174522528604406,"[1.770,2.067]",1.921,"[0.206,0.322]",0.265,0.002,0.0,928,1.857,0.12,-2.7135574774710003,56,4.066442522528999,0.005,0.0,371,1.8575,0.015,0.7091835225290001,226,4.106683522529,1.8592379120677762,1.8600400823071017,0.6468075577138459,0.673131153391401,1.846809318806573,1.8605071764827508,0.6867763850050248,0.673028512303561
26,56,3.116,14.975,1.8817,13955.53524,279.1107048,E04001,1.117836022,0.013757982,0.0089,3.1249000000000002,1.2343000000000002,1.2432,1.0,0.0,0.0,13955.53524,279.1107048,0.26136305548615085,0.016980667275619393,0.9830193327243805,0.017273991172237137,0.006308576938124144,1.8753914230618758,4.433234524286382,1.0057206098879279,0.2612359376744541,0.2638711253169026,3.8046660153169025,1.9505553094739208,4.150216893054546,4.147581705412097,0.6674964332381178,0.002927689125901328,4766740.811561952,95334.81623123906,0.004676883271694217,0.004663563081890358,29841.39413445383,29671.654176182383,416452627.45409966,8329052.549081994,1069.530121088053,21.390602421761063,414083815.4848064,8281676.309696129,1063.4465581919771,21.268931163839547,"[1.770,2.067]",1.921,"[0.206,0.322]",0.265,0.002,0.0,937,1.875,0.12,-2.7135574774710003,57,4.186442522528999,0.005,0.0,375,1.8775,0.015,0.7091835225290001,229,4.151683522529,1.8766156338517774,1.8800400823071017,0.569354932418913,0.6687413447753879,1.8682699842653396,1.8844874039858335,0.610476907991536,0.667766649792732
26,56,3.116,14.975,1.9009,13923.39538,278.4679075,E04001,1.113234206,0.013717918,0.0089,3.1249000000000002,1.2151,1.224,1.0,0.0,0.0,13923.39538,278.4679075,0.26136305548615085,0.016980667275619393,0.9830193327243805,0.017273991172237137,0.006308576938124144,1.894591423061876,4.433234524286382,1.0057206098879279,0.2571723145655263,0.2597958955822786,3.8732167055822786,1.9680489591426018,4.1903101993634735,4.187686618346721,0.6600376053090059,0.0028986038370754992,4803483.388074098,96069.6677269826,0.004676883271694217,0.004663563081890358,31547.759469282806,31368.313584424126,439251928.44396347,8785038.565724494,1128.083093361231,22.56166185912255,436753432.4397621,8735068.645658411,1121.6664770218226,22.43332953238047,"[1.770,2.067]",1.921,"[0.206,0.322]",0.265,0.002,0.0,947,1.895,0.12,-2.7135574774710003,57,4.186442522528999,0.005,0.0,378,1.8925,0.015,0.7091835225290001,231,4.181683522529,1.8959176619486584,1.8950400823071019,0.42887715990310904,0.6654560691087702,1.8682699842653396,1.900474222321222,0.610476907991536,0.664267455666087
26,56,3.116,14.975,1.92,13894.8005,277.89601,E04001,1.101131319,0.01360221,0.0089,3.1249000000000002,1.1960000000000002,1.2049,1.0,0.0,0.0,13894.8005,277.89601,0.26136305548615085,0.016980667275619393,0.9830193327243805,0.017273991172237137,0.006308576938124144,1.9136914230618758,4.433234524286382,1.0057206098879279,0.25312985616029093,0.2557418910025225,3.9421418910025223,1.9854827853704806,4.230194686368709,4.227582651526477,0.6525110809460093,0.002870029046858571,4841344.9038812835,96826.89807762566,0.0046768832716942155,0.004663563081890356,33340.29746670101,33150.65549906179,463256781.91046596,9265135.638209319,1189.732155324609,23.794643106492178,460621744.60369146,9212434.892073829,1182.9648747649571,23.659297495299143,"[1.770,2.067]",1.921,"[0.206,0.322]",0.265,0.002,0.0,956,1.913,0.12,-2.7135574774710003,57,4.186442522528999,0.005,0.0,382,1.9125,0.015,0.7091835225290001,234,4.226683522529,1.9132835966321124,1.9150400823071019,0.18835876626050818,0.6610857004038833,1.8682699842653396,1.9244544498243048,0.610476907991536,0.6590326165431005
26,56,3.116,14.975,1.9392,13546.24467,270.9248934,E04001,1.122082198,0.013878385,0.0089,3.1249000000000002,1.1768,1.1857,1.0,0.0,0.0,13546.24467,270.9248934,0.26136305548615085,0.016980667275619393,0.9830193327243805,0.017273991172237137,0.006308576938124144,1.932891423061876,4.433234524286382,1.0057206098879279,0.24906623305136313,0.25166666126789844,4.012163301267899,2.003038517170326,4.270287992677637,4.267687564461101,0.6448381413592638,0.002841669203977985,4767002.665559009,95340.05331118016,0.004676883271694218,0.004663563081890359,35243.36470443754,35042.89795588943,477415241.2803531,9548304.825607061,1226.093791117061,24.52187582234122,474699669.65632105,9493993.39312642,1219.1196830039014,24.382393660078026,"[1.770,2.067]",1.921,"[0.206,0.322]",0.265,0.002,0.0,966,1.933,0.12,-2.7135574774710003,58,4.306442522528999,0.005,0.0,386,1.9325,0.015,0.7091835225290001,237,4.271683522529,1.932572541268705,1.935040082307102,-0.5379788865115647,0.6567273768605797,1.8895677880446522,1.9484346773273877,0.4843976949311572,0.6538155386004553
26,56,3.116,14.975,1.9583,13500.49377,270.0098754,E04001,1.0962562,0.013629131,0.0089,3.1249000000000002,1.1577000000000002,1.1666,1.0,0.0,0.0,13500.49377,270.0098754,0.26136305548615085,0.016980667275619393,0.9830193327243805,0.017273991172237137,0.006308576938124144,1.9519914230618758,4.433234524286382,1.0057206098879279,0.24502377464612773,0.24761265668814234,4.082551546688142,2.020532490876636,4.310172479682873,4.307583597640858,0.6370988485286003,0.0028138227212023276,4797919.097131794,95958.38194263588,0.004676883271694218,0.004663563081890359,37243.056311141,37031.215175446356,502799649.7043182,10055992.994086366,1291.285814472525,25.825716289450504,499939689.7716429,9998793.79543286,1283.9408895243967,25.678817790487937,"[1.770,2.067]",1.921,"[0.206,0.322]",0.265,0.002,0.0,975,1.951,0.12,-2.7135574774710003,58,4.306442522528999,0.005,0.0,390,1.9525000000000001,0.015,0.7091835225290001,239,4.301683522529,1.9499267128042632,1.955040082307102,-7.2160710054830925,0.6523817514555318,1.8895677880446522,1.9644214956627764,0.4843976949311572,0.6503479008664442
26,56,3.116,14.975,1.9775,13450.68851,269.0137702,E04001,1.085446294,0.01345656,0.0089,3.1249000000000002,1.1385,1.1474,1.0,0.0,0.0,13450.68851,269.0137702,0.26136305548615085,0.016980667275619393,0.9830193327243805,0.017273991172237137,0.006308576938124144,1.971191423061876,4.433234524286382,1.0057206098879279,0.24096015153719996,0.24353742695351835,4.154043676953519,2.0381471185744955,4.3502657859918,4.347688510575481,0.6292123435394406,0.002786200437206634,4827609.790875376,96552.19581750753,0.004676883271694219,0.00466356308189036,39366.67580426951,39142.755370854255,529508893.9173829,10590177.878347658,1359.8802699139617,27.197605398279233,526497009.91649014,10529940.198329803,1352.145174856762,27.04290349713524,"[1.770,2.067]",1.921,"[0.206,0.322]",0.265,0.002,0.0,985,1.971,0.12,-2.7135574774710003,58,4.306442522528999,0.005,0.0,394,1.9725000000000001,0.015,0.7091835225290001,242,4.346683522529,1.969202600549572,1.975040082307102,3.1238662044291745,0.6480494549357121,1.8895677880446522,1.988401723165859,0.4843976949311572,0.6451628549835043
26,56,3.116,14.975,1.9966,13396.76851,267.9353702,E04001,1.097279541,0.013510721,0.0089,3.1249000000000002,1.1194000000000002,1.1283,1.0,0.0,0.0,13396.76851,267.9353702,0.26136305548615085,0.016980667275619393,0.9830193327243805,0.017273991172237137,0.006308576938124144,1.9902914230618758,4.433234524286382,1.0057206098879279,0.2369176931319646,0.23948342237376222,4.225894982373762,2.055698173948151,4.390150272997036,4.387584543755238,0.6212610018627814,0.0027590919475273703,4855499.115209209,97109.98230418419,0.004676883271694218,0.004663563081890359,41598.85728374606,41362.24004436144,557290261.3108734,11145805.226217467,1431.2281430538098,28.624562861076196,554120354.9293623,11082407.098587247,1423.0872162531282,28.461744325062565,"[1.770,2.067]",1.921,"[0.206,0.322]",0.265,0.002,0.0,995,1.991,0.12,-2.7135574774710003,59,4.426442522528999,0.005,0.0,398,1.9925,0.015,0.7091835225290001,245,4.391683522529,1.988471626888213,1.9950400823071017,1.9354481159632446,0.6437310961206477,1.910706382608621,2.0123819506689418,0.23627585623183828,0.6399984126167263
26,56,3.116,14.975,2.0158,13337.79198,266.7558396,E04001,1.102131449,0.013945337,0.0089,3.1249000000000002,1.1002,1.1091,1.0,0.0,0.0,13337.79198,266.7558396,0.26136305548615085,0.016980667275619393,0.9830193327243805,0.017273991172237137,0.006308576938124144,2.009491423061876,4.433234524286382,1.0057206098879279,0.2328540700230368,0.23540819263913823,4.298857832639138,2.073368716036571,4.430243579305963,4.427689456689862,0.6131618352581916,0.002732214763920567,4881677.73490143,97633.5546980286,0.004676883271694219,0.00466356308189036,43970.25197932226,43720.14607935903,586466074.2083836,11729321.48416767,1506.1572193616685,30.123144387233367,583130213.7417033,11662604.274834067,1497.5900906808567,29.951801813617138,"[2.067,2.357]",2.213,"[0.206,0.322]",0.265,0.002,0.0,1004,2.009,0.12,-3.920685477471,69,4.419314522529,0.005,0.0,401,2.0075,0.015,0.7091835225290001,247,4.421683522529,2.0169488874240002,2.0100400823071016,0.8305482839792977,0.6405018276719293,2.11405128200691,2.0283687690043304,0.716758841675356,0.6365673851537442
26,56,3.116,14.975,2.035,13273.81255,265.476251,E04001,1.084842802,0.015820624,0.0089,3.1249000000000002,1.081,1.0898999999999999,1.0,0.0,0.0,13273.81255,265.476251,0.26136305548615085,0.016980667275619393,0.9830193327243805,0.017273991172237137,0.006308576938124144,2.028691423061876,4.433234524286382,1.0057206098879279,0.22879044691410905,0.23133296290451422,4.372557962904515,2.091066226331561,4.470336885614891,4.467794369624486,0.6049565159938713,0.002705712695464801,4905847.014817572,98116.94029635143,0.004676883271694216,0.004663563081890357,46477.32112556058,46212.95483915733,616931248.4468461,12338624.968936922,1584.3976225773324,31.68795245154665,613422099.9165899,12268441.998331796,1575.3854569549783,31.507709139099564,"[2.067,2.357]",2.213,"[0.206,0.322]",0.265,0.002,0.0,1014,2.029,0.12,-3.920685477471,69,4.419314522529,0.005,0.0,405,2.0275,0.015,0.7091835225290001,250,4.466683522529,2.036200939101974,2.0300400823071016,0.816182942974501,0.6362092599791874,2.11405128200691,2.0523489965074133,0.716758841675356,0.6314394471511411
26,56,3.116,24.98,1.4338,1830.583651,36.61167301,E04001,1.360221916,0.017590018,0.0089,3.1249000000000002,1.6822000000000001,1.6911,1.0,0.0,0.0,1830.583651,36.61167301,0.43598324714818354,0.046772373289422325,0.9532276267105777,0.04906737066656956,0.017315146573829043,1.416484853426171,4.433234524286382,1.0057206098879279,0.9806735818348193,0.9886778671675884,3.044460307167588,1.7448381893939586,2.5902742954941806,2.5822700101614116,0.7679378301925628,0.0007933059534617374,2307538.0223883474,46150.76043516147,0.0005977530253149753,0.0005960505702203152,12251.595170810155,12181.907231845837,22427569.81835562,448551.39624459646,57.59829541759928,1.1519659080373412,22300000.216615655,446000.004210494,57.27067224367384,1.145413444560622,"[1.302,1.770]",1.619,"[0.650,1.050]",0.8,0.002,0.0,708,1.417,0.12,-1.6444774774709998,35,2.615522522529,0.005,0.0,283,1.4175,0.1,0.17418352252900005,24,2.624183522529,1.422722579810511,1.4251681730025714,0.6988850650227605,0.742232290711621,1.3501071088387828,1.3555901640567298,0.7563212760637712,0.7555419352962853
26,56,3.116,24.98,1.45,1851.407533,37.02815066,E04001,1.377330466,0.017122108,0.0089,3.1249000000000002,1.6660000000000001,1.6749,1.0,0.0,0.0,1851.407533,37.02815066,0.43598324714818354,0.046772373289422325,0.9532276267105777,0.04906737066656956,0.017315146573829043,1.432684853426171,4.433234524286382,1.0057206098879279,0.9712294538918137,0.9792067646614593,3.081706764661459,1.7554790698443143,2.6301184686371863,2.6221411578675404,0.7640327780844304,0.0007984548366957246,2318737.9522450496,46374.759044900995,0.0005977530253149752,0.0005960505702203151,12732.139001760868,12659.717695533423,23572378.059063174,471447.5611812635,60.538382274036515,1.2107676454807303,23438296.707163982,468765.9341432796,60.19403567834071,1.2038807135668141,"[1.302,1.770]",1.619,"[0.650,1.050]",0.8,0.002,0.0,716,1.433,0.12,-1.6444774774709998,35,2.615522522529,0.005,0.0,286,1.4325,0.1,0.17418352252900005,24,2.624183522529,1.4382955157574102,1.4401681730025715,0.6823158285679843,0.7393390593912431,1.3501071088387828,1.3555901640567298,0.7563212760637712,0.7555419352962853
26,56,3.116,24.98,1.4663,1871.707289,37.43414578,E04001,1.362392515,0.016829555,0.0089,3.1249000000000002,1.6497000000000002,1.6586,1.0,0.0,0.0,1871.707289,37.43414578,0.43598324714818354,0.046772373289422325,0.9532276267105777,0.04906737066656956,0.017315146573829043,1.448984853426171,4.433234524286382,1.0057206098879279,0.9617270288627401,0.9696771985596133,3.1197128885596133,1.7662708989732048,2.67020859346626,2.6622584237693863,0.7600367153052398,0.0008032423013821931,2330190.137869018,46603.80275738036,0.0005977530253149754,0.0005960505702203153,13236.251997365453,13160.963260801058,24774389.342509724,495487.78685019456,63.625377501784214,1.2725075500356844,24633470.865502547,492669.417310051,63.263471859122276,1.2652694371824456,"[1.302,1.770]",1.619,"[0.650,1.050]",0.8,0.002,0.0,724,1.449,0.12,-1.6444774774709998,35,2.615522522529,0.005,0.0,289,1.4475,0.1,0.17418352252900005,24,2.624183522529,1.4538639286251325,1.4551681730025714,0.6636094619838294,0.7364383573031048,1.3501071088387828,1.3555901640567298,0.7563212760637712,0.7555419352962853
26,56,3.116,24.98,1.4826,1891.342681,37.82685361,E04001,1.369397533,0.016813452,0.0089,3.1249000000000002,1.6334000000000002,1.6423,1.0,0.0,0.0,1891.342681,37.82685361,0.43598324714818354,0.046772373289422325,0.9532276267105777,0.04906737066656956,0.017315146573829043,1.4652848534261709,4.433234524286382,1.0057206098879279,0.9522246038336666,0.9601476324577674,3.1582503924577674,1.7771466997571606,2.7102987182953333,2.702375689671233,0.7559731149668186,0.0008076493392273582,2341786.94779762,46835.738943570796,0.0005977530253149753,0.0005960505702203152,13761.919237177299,13683.640468211996,26028505.22574839,520570.10437734856,66.84618732272006,1.3369237461009686,25880453.248988174,517609.06484292704,66.4659614862313,1.3293192293732037,"[1.770,2.067]",1.921,"[0.650,1.050]",0.8,0.002,0.0,732,1.465,0.12,-2.7135574774710003,45,2.7464425225289997,0.005,0.0,293,1.4675,0.1,0.17418352252900005,25,2.7241835225290005,1.4793935044422284,1.4751681730025714,0.8056951538136314,0.7325598929793891,1.598788986339514,1.4088795585080252,0.7579685981535673,0.7453650930535353
26,56,3.116,24.98,1.4988,1910.002022,38.20004044,E04001,1.3664907,0.016806265,0.0089,3.1249000000000002,1.6172000000000002,1.6261,1.0,0.0,0.0,1910.002022,38.20004044,0.43598324714818354,0.046772373289422325,0.9532276267105777,0.04906737066656956,0.017315146573829043,1.4814848534261709,4.433234524286382,1.0057206098879279,0.9427804758906609,0.9506765299516383,3.197077969951638,1.7880374632405323,2.750142891438339,2.742246837377362,0.7518671137855079,0.0008116659757679792,2353187.24576671,47063.7449153342,0.0005977530253149753,0.0005960505702203152,14306.63732783569,14225.26016388383,27325706.22418684,546514.1244837369,70.17764797267918,1.403552959453584,27170275.676494166,543405.5135298833,69.77847255263012,1.3955694510526022,"[1.770,2.067]",1.921,"[0.650,1.050]",0.8,0.002,0.0,740,1.481,0.12,-2.7135574774710003,45,2.7464425225289997,0.005,0.0,296,1.4825,0.1,0.17418352252900005,25,2.7241835225290005,1.4949499932154424,1.4901681730025713,0.8007485127923551,0.7296434610294037,1.598788986339514,1.4088795585080252,0.7579685981535673,0.7453650930535353
26,56,3.116,24.98,1.5151,1928.132789,38.56265578,E04001,1.374386668,0.016855686,0.0089,3.1249000000000002,1.6009000000000002,1.6098000000000001,1.0,0.0,0.0,1928.132789,38.56265578,0.43598324714818354,0.046772373289422325,0.9532276267105777,0.04906737066656956,0.017315146573829043,1.4977848534261708,4.433234524286382,1.0057206098879279,0.9332780508615874,0.9411469638497925,3.2366749738497917,1.799076144539133,2.7902330162674125,2.7823641032792077,0.7476676134724641,0.0008153551569261955,2364776.591674309,47295.53183348618,0.0005977530253149753,0.0005960505702203152,14878.098331097455,14793.470656582638,28686949.23015518,573738.9846031036,73.673580765573,1.4734716153114602,28523775.836066343,570475.5167213269,73.25452023279388,1.4650904046558777,"[1.770,2.067]",1.921,"[0.650,1.050]",0.8,0.002,0.0,748,1.497,0.12,-2.7135574774710003,45,2.7464425225289997,0.005,0.0,299,1.4975,0.1,0.17418352252900005,26,2.824183522529,1.5105019732211886,1.5051681730025714,0.7954891156360807,0.7267210045122693,1.598788986339514,1.46216895295932,0.7579685981535673,0.7350821124697742
26,56,3.116,24.98,1.5314,1945.399705,38.9079941,E04001,1.367328263,0.016808885,0.0089,3.1249000000000002,1.5846,1.5935,1.0,0.0,0.0,1945.399705,38.9079941,0.43598324714818354,0.046772373289422325,0.9532276267105777,0.04906737066656956,0.017315146573829043,1.514084853426171,4.433234524286382,1.0057206098879279,0.9237756258325137,0.9316173977479463,3.2768033577479465,1.8101942872929266,2.8303231410964864,2.822481369181054,0.7433993514747191,0.000818704103935001,2376193.9089466813,47523.87817893363,0.0005977530253149754,0.0005960505702203153,15474.026081269018,15386.00872760613,30103165.773663055,602063.315473261,77.31069613335113,1.5462139226670224,29931936.83981239,598638.7367962479,76.87094743138078,1.537418948627616,"[1.770,2.067]",1.921,"[0.650,1.050]",0.8,0.002,0.0,757,1.5150000000000001,0.12,-2.7135574774710003,46,2.866442522529,0.005,0.0,302,1.5125,0.1,0.17418352252900005,26,2.824183522529,1.5279925662198153,1.5201681730025713,0.7891613237096577,0.7237929458182853,1.622329179669657,1.46216895295932,0.7450484171018117,0.7350821124697742
26,56,3.116,24.98,1.5476,1961.809628,39.23619256,E04001,1.36608566,0.016719257,0.0089,3.1249000000000002,1.5684,1.5773,1.0,0.0,0.0,1961.809628,39.23619256,0.43598324714818354,0.046772373289422325,0.9532276267105777,0.04906737066656956,0.017315146573829043,1.530284853426171,4.433234524286382,1.0057206098879279,0.914331497889508,0.9221462952418171,3.317212055241818,1.8213215134187093,2.870167314239492,2.8623525168871833,0.7390887599624844,0.0008217080749294459,2387477.6065313052,47749.55213062611,0.0005977530253149754,0.0005960505702203153,16091.59091371142,16000.060807647742,31568637.98435638,631372.7596871275,81.07430948965481,1.6214861897930959,31389073.341028795,627781.4668205759,80.61315308899684,1.6122630617799367,"[1.770,2.067]",1.921,"[0.650,1.050]",0.8,0.002,0.0,765,1.5310000000000001,0.12,-2.7135574774710003,46,2.866442522529,0.005,0.0,306,1.5325,0.1,0.17418352252900005,26,2.824183522529,1.543534978096929,1.5401681730025714,0.7831338208516676,0.7198808729849518,1.622329179669657,1.46216895295932,0.7450484171018117,0.7350821124697742
26,56,3.116,24.98,1.5639,1977.598868,39.55197736,E04001,1.370348681,0.016737469,0.0089,3.1249000000000002,1.5521,1.561,1.0,0.0,0.0,1977.598868,39.55197736,0.43598324714818354,0.046772373289422325,0.9532276267105777,0.04906737066656956,0.017315146573829043,1.546584853426171,4.433234524286382,1.0057206098879279,0.9048290728604345,0.9126167291399712,3.3583999391399715,1.8325937736279614,2.9102574390685656,2.902469782789029,0.734682244782351,0.0008244166094521558,2398785.8145096824,47975.716290193646,0.0005977530253149754,0.0005960505702203153,16739.523337591116,16644.307746120943,33104062.403279774,662081.2480655955,85.01757351642262,1.7003514703284526,32915764.157372408,658315.2831474482,84.53398755137029,1.6906797510274059,"[1.770,2.067]",1.921,"[0.650,1.050]",0.8,0.002,0.0,773,1.547,0.12,-2.7135574774710003,46,2.866442522529,0.005,0.0,309,1.5475,0.1,0.17418352252900005,27,2.924183522529,1.5590728934317752,1.5551681730025715,0.7766869639136323,0.7169413546850362,1.622329179669657,1.5154583474106151,0.7450484171018117,0.7247129002094803
26,56,3.116,24.98,1.5801,1992.580467,39.85160935,E04001,1.350008215,0.016511253,0.0089,3.1249000000000002,1.5359,1.5448,1.0,0.0,0.0,1992.580467,39.85160935,0.43598324714818354,0.046772373289422325,0.9532276267105777,0.04906737066656956,0.017315146573829043,1.562784853426171,4.433234524286382,1.0057206098879279,0.8953849449174289,0.9031456266338422,3.399861636633842,1.843871372041402,2.9501016122115713,2.942340930495158,0.7302335103676785,0.0008268085233515926,2409966.0450073443,48199.32091224158,0.0005977530253149753,0.0005960505702203152,17411.021251210135,17311.986132162816,34692860.855683215,693857.2172877744,89.09791228525619,1.7819582461522718,34495525.41192251,689910.50841157,88.59111706499162,1.7718223417444374,"[1.770,2.067]",1.921,"[0.650,1.050]",0.8,0.002,0.0,781,1.563,0.12,-2.7135574774710003,47,2.986442522529,0.005,0.0,312,1.5625,0.1,0.17418352252900005,27,2.924183522529,1.5746063161247648,1.5701681730025714,0.7697764883601365,0.7139976028002988,1.6456549251807702,1.5154583474106151,0.730590399915213,0.7247129002094803
26,56,3.116,24.98,1.5964,2007.091744,40.14183488,E04001,1.360176987,0.01659117,0.0089,3.1249000000000002,1.5196,1.5285,1.0,0.0,0.0,2007.091744,40.14183488,0.43598324714818354,0.046772373289422325,0.9532276267105777,0.04906737066656956,0.017315146573829043,1.579084853426171,4.433234524286382,1.0057206098879279,0.8858825198883554,0.8936160605319963,3.442109020531996,1.8552921658143215,2.990191737040645,2.982458196397004,0.7256872789781783,0.0008289251898378553,2421318.3150974144,48426.366301948285,0.0005977530253149752,0.0005960505702203151,18115.58608731374,18012.543353697845,36359643.27356867,727192.8654713733,93.37852881570406,1.8675705763140809,36152827.053649016,723056.5410729803,92.84738514616863,1.8569477029233725,"[1.770,2.067]",1.921,"[0.650,1.050]",0.8,0.002,0.0,789,1.579,0.12,-2.7135574774710003,47,2.986442522529,0.005,0.0,315,1.5775000000000001,0.1,0.17418352252900005,28,3.0241835225290004,1.5901352500706452,1.5851681730025715,0.762351652543103,0.711050015895998,1.6456549251807702,1.5687477418619105,0.730590399915213,0.7142765331669734
26,56,3.116,24.98,1.6127,2021.148442,40.42296884,E04001,1.3556649,0.016525258,0.0089,3.1249000000000002,1.5033,1.5122,1.0,0.0,0.0,2021.148442,40.42296884,0.43598324714818354,0.046772373289422325,0.9532276267105777,0.04906737066656956,0.017315146573829043,1.595384853426171,4.433234524286382,1.0057206098879279,0.8763800948592817,0.8840864944301503,3.4848877844301507,1.8667854146714749,3.0302818618697183,3.0225754622988497,0.7210704518440844,0.0008307625251080715,2432883.502703826,48657.67005407652,0.0005977530253149755,0.0005960505702203154,18850.433861126723,18743.211261452932,38099525.02944032,761990.5005888065,97.84687844867977,1.9569375689735957,37882812.239162445,757656.244783249,97.29031849072209,1.9458063698144419,"[1.770,2.067]",1.921,"[0.650,1.050]",0.8,0.002,0.0,797,1.595,0.12,-2.7135574774710003,47,2.986442522529,0.005,0.0,319,1.5975000000000001,0.1,0.17418352252900005,28,3.0241835225290004,1.605659699158572,1.6051681730025715,0.7543540084773955,0.7071146127811112,1.6456549251807702,1.5687477418619105,0.730590399915213,0.7142765331669734
26,56,3.116,24.98,1.6289,2034.652175,40.6930435,E04001,1.361412056,0.016563028,0.0089,3.1249000000000002,1.4871,1.496,1.0,0.0,0.0,2034.652175,40.6930435,0.43598324714818354,0.046772373289422325,0.9532276267105777,0.04906737066656956,0.017315146573829043,1.611584853426171,4.433234524286382,1.0057206098879279,0.8669359669162761,0.8746153919240212,3.5279306019240213,1.8782786273404757,3.070126035012724,3.062446610004979,0.7164116718093706,0.000832322987401823,2444546.4150297763,48890.92830059553,0.0005977530253149755,0.0005960505702203154,19612.098014870993,19500.543015675557,39903797.88227045,798075.957645409,102.4805967531128,2.0496119350622566,39676822.26052533,793536.4452105067,101.89767987804557,2.0379535975609113,"[1.770,2.067]",1.921,"[0.650,1.050]",0.8,0.002,0.0,805,1.611,0.12,-2.7135574774710003,48,3.106442522528999,0.005,0.0,322,1.6125,0.1,0.17418352252900005,28,3.0241835225290004,1.6211796672720666,1.6201681730025714,0.7457158816199164,0.7041595958136974,1.6687719789999784,1.5687477418619105,0.7143057675681914,0.7142765331669734
26,56,3.116,24.98,1.6449,2047.649159,40.95298317,E04001,1.362538103,0.016311388,0.0089,3.1249000000000002,1.4711,1.48,1.0,0.0,0.0,2047.649159,40.95298317,0.43598324714818354,0.046772373289422325,0.9532276267105777,0.04906737066656956,0.017315146573829043,1.627584853426171,4.433234524286382,1.0057206098879279,0.8576084331454064,0.8652612166093258,3.570957226609326,1.8896976548139457,3.109478304783594,3.1018255213196744,0.7117413302698132,0.0008336148508635257,2456349.1843731906,49126.98367546786,0.0005977530253149754,0.0005960505702203153,20396.355530085202,20280.33961873175,41764580.247843966,835291.6047529158,107.25944231097812,2.145188845695745,41527020.364530444,830540.4070878056,106.64934302472982,2.1329868599737587,"[1.770,2.067]",1.921,"[0.650,1.050]",0.8,0.002,0.0,813,1.627,0.12,-2.7135574774710003,48,3.106442522528999,0.005,0.0,325,1.6275,0.1,0.17418352252900005,29,3.124183522529,1.6366951582890437,1.6351681730025713,0.736358475981817,0.7012020315574629,1.6687719789999784,1.6220371363132053,0.7143057675681914,0.703791221761697
26,56,3.116,24.98,1.6612,2060.777765,41.21555531,E04001,1.349005238,0.01843964,0.0089,3.1249000000000002,1.4548,1.4637,1.0,0.0,0.0,2060.777765,41.21555531,0.43598324714818354,0.046772373289422325,0.9532276267105777,0.04906737066656956,0.017315146573829043,1.643884853426171,4.433234524286382,1.0057206098879279,0.8481060081163329,0.8557316505074799,3.61531709050748,1.9013987194976965,3.149568429612667,3.14194278722152,0.7069125259175499,0.0008346866414145615,2468923.860465234,49378.47722128523,0.0005977530253149753,0.0005960505702203152,21229.45484996767,21108.700210820345,43749188.51788478,874983.7705699903,112.35629651104689,2.2471259307661513,43500340.04250938,870006.8010612746,111.71720595799192,2.2343441197019507,"[1.770,2.067]",1.921,"[0.650,1.050]",0.8,0.002,0.0,821,1.643,0.12,-2.7135574774710003,48,3.106442522528999,0.005,0.0,328,1.6425,0.1,0.17418352252900005,29,3.124183522529,1.6522061760818474,1.6501681730025715,0.7261894922312218,0.6982422939586658,1.6687719789999784,1.6220371363132053,0.7143057675681914,0.703791221761697
26,56,3.116,24.98,1.6774,2073.508663,41.47017327,E04001,1.355190865,0.018181742,0.0089,3.1249000000000002,1.4386,1.4475,1.0,0.0,0.0,2073.508663,41.47017327,0.43598324714818354,0.046772373289422325,0.9532276267105777,0.04906737066656956,0.017315146573829043,1.660084853426171,4.433234524286382,1.0057206098879279,0.8386618801733272,0.8462605480013508,3.659931308001351,1.913094693945219,3.189412602755673,3.181813934927649,0.7020421609406672,0.0008355177662959064,2481705.0536130043,49634.10108422871,0.0005977530253149754,0.0005960505702203153,22093.088920870323,21967.4218701079,45810211.269853935,916204.2256180096,117.64939773832094,2.3529879553338118,45549639.5514444,910992.791248562,116.9801996515028,2.339603993594221,"[1.770,2.067]",1.921,"[0.650,1.050]",0.8,0.002,0.0,830,1.661,0.12,-2.7135574774710003,49,3.226442522528999,0.005,0.0,332,1.6625,0.1,0.17418352252900005,30,3.2241835225290005,1.6696507290123321,1.6701681730025715,0.7136430348950906,0.6942932319486381,1.691685844265248,1.6753265307645007,0.6958284303839438,0.6932742825361478
26,56,3.116,24.98,1.6937,2086.352718,41.72705436,E04001,1.346848007,0.01797395,0.0089,3.1249000000000002,1.4223000000000001,1.4312,1.0,0.0,0.0,2086.352718,41.72705436,0.43598324714818354,0.046772373289422325,0.9532276267105777,0.04906737066656956,0.017315146573829043,1.676384853426171,4.433234524286382,1.0057206098879279,0.8291594551442537,0.8367309818995048,3.705350671899505,1.924928744629137,3.2295027275847463,3.221931200829495,0.6970698273569678,0.0008361285286856832,2495253.5960943154,49905.0719218863,0.0005977530253149752,0.0005960505702203151,22999.520566537947,22868.697668531313,47985112.24669335,959702.2449338669,123.23496006106068,2.4646992012212134,47712169.53786057,954243.3907572113,122.53399090110456,2.4506798180220906,"[1.770,2.067]",1.921,"[0.650,1.050]",0.8,0.002,0.0,838,1.677,0.12,-2.7135574774710003,49,3.226442522528999,0.005,0.0,335,1.6775,0.1,0.17418352252900005,30,3.2241835225290005,1.685152254035664,1.6851681730025714,0.7013625370624538,0.6913298450727806,1.691685844265248,1.6753265307645007,0.6958284303839438,0.6932742825361478
26,56,3.116,24.98,1.71,2099.20617,41.98412339,E04001,1.34812866,0.018006807,0.0089,3.1249000000000002,1.4060000000000001,1.4149,1.0,0.0,0.0,2099.20617,41.98412339,0.43598324714818354,0.046772373289422325,0.9532276267105777,0.04906737066656956,0.017315146573829043,1.692684853426171,4.433234524286382,1.0057206098879279,0.81965703011518,0.8272014157976588,3.7513014157976583,1.9368276680690149,3.26959285241382,3.2620484667313407,0.6920251010486159,0.0008365228849137365,2509442.608036328,50188.85214877232,0.0005977530253149755,0.0005960505702203154,23945.218176450187,23809.016083620394,50265949.73800038,1005318.9945205555,129.0925876456739,2.581851752298519,49980033.46436516,999600.6690492132,128.35829988614756,2.5671659971114904,"[1.770,2.067]",1.921,"[0.650,1.050]",0.8,0.002,0.0,846,1.693,0.12,-2.7135574774710003,49,3.226442522528999,0.005,0.0,338,1.6925000000000001,0.1,0.17418352252900005,30,3.2241835225290005,1.7006493178999662,1.7001681730025715,0.6878563680524935,0.6883654896522137,1.691685844265248,1.6753265307645007,0.6958284303839438,0.6932742825361478
26,56,3.116,24.98,1.7262,2112.042353,42.24084706,E04001,1.335200497,0.017850021,0.0089,3.1249000000000002,1.3898000000000001,1.3987,1.0,0.0,0.0,2112.042353,42.24084706,0.43598324714818354,0.046772373289422325,0.9532276267105777,0.04906737066656956,0.017315146573829043,1.708884853426171,4.433234524286382,1.0057206098879279,0.8102129021721745,0.8177303132915297,3.7974967532915294,1.9487166939531075,3.309437025556826,3.3019196144374705,0.686939345968538,0.0008367098079471692,2524223.2527210396,50484.4650544208,0.0005977530253149753,0.0005960505702203152,24925.770226806715,24783.990684633885,52644282.40016219,1052885.648003244,135.2006015047771,2.7040120300955426,52344838.002304226,1046896.7600460846,134.43157093086035,2.688631418617207,"[1.770,2.067]",1.921,"[0.650,1.050]",0.8,0.002,0.0,854,1.709,0.12,-2.7135574774710003,50,3.3464425225289993,0.005,0.0,341,1.7075,0.1,0.17418352252900005,31,3.324183522529,1.7161419244546252,1.7151681730025714,0.6729333678974566,0.6854005145584112,1.7144017864238839,1.7286159252157955,0.6746872743888659,0.6827421194338205
26,56,3.116,24.98,1.7425,2124.888931,42.49777862,E04001,1.327128189,0.017742104,0.0089,3.1249000000000002,1.3735000000000002,1.3824,1.0,0.0,0.0,2124.888931,42.49777862,0.43598324714818354,0.046772373289422325,0.9532276267105777,0.04906737066656956,0.017315146573829043,1.725184853426171,4.433234524286382,1.0057206098879279,0.800710477143101,0.8082007471896837,3.8445069971896837,1.9607414406773993,3.349527150385899,3.3420368803393163,0.6817495381680033,0.0008367007846051702,2539604.324624497,50792.086492489936,0.0005977530253149752,0.0005960505702203151,25955.13163369647,25807.497011112035,55151771.91108958,1103035.4382217915,141.6403148922134,2.832806297844268,54838064.73572755,1096761.294714551,140.83465477355293,2.8166930954710585,"[1.770,2.067]",1.921,"[0.650,1.050]",0.8,0.002,0.0,862,1.725,0.12,-2.7135574774710003,50,3.3464425225289993,0.005,0.0,345,1.7275,0.1,0.17418352252900005,31,3.324183522529,1.7316300775434996,1.7351681730025714,0.6563604074530398,0.6814468425898265,1.7144017864238839,1.7286159252157955,0.6746872743888659,0.6827421194338205
26,56,3.116,24.98,1.7588,2137.755006,42.75510012,E04001,1.342529893,0.017962769,0.0089,3.1249000000000002,1.3572000000000002,1.3661,1.0,0.0,0.0,2137.755006,42.75510012,0.43598324714818354,0.046772373289422325,0.9532276267105777,0.04906737066656956,0.017315146573829043,1.7414848534261709,4.433234524286382,1.0057206098879279,0.7912080521140274,0.7986711810878377,3.8920486210878376,1.9728275700344005,3.3896172752149725,3.382154146241162,0.676486625326457,0.0008365029816593558,2555585.6379129384,51111.71275825877,0.0005977530253149752,0.0005960505702203151,27029.329236457485,26875.584502011436,57782083.88405914,1155641.677681183,148.39545988949058,2.967909197789812,57453415.30835096,1149068.3061670193,147.55137602880285,2.951027520576057,"[1.770,2.067]",1.921,"[0.650,1.050]",0.8,0.002,0.0,870,1.741,0.12,-2.7135574774710003,50,3.3464425225289993,0.005,0.0,348,1.7425,0.1,0.17418352252900005,32,3.424183522529,1.7471137810049413,1.7501681730025713,0.6378502024670638,0.6784817456227988,1.7144017864238839,1.7819053196670904,0.6746872743888659,0.6722102130893806
26,56,3.116,24.98,1.775,2150.342615,43.00685231,E04001,1.334671033,0.017811115,0.0089,3.1249000000000002,1.3410000000000002,1.3499,1.0,0.0,0.0,2150.342615,43.00685231,0.43598324714818354,0.046772373289422325,0.9532276267105777,0.04906737066656956,0.017315146573829043,1.7576848534261709,4.433234524286382,1.0057206098879279,0.7817639241710217,0.7892000785817088,3.9398250785817086,1.9848992615701455,3.4294614483579786,3.4220252939472915,0.6711833618832942,0.0008361279187526071,2571786.645048318,51435.73291292625,0.0005977530253149753,0.0005960505702203152,28143.388793602164,27983.307209681538,60517928.253396176,1210358.5653493572,155.421632295949,3.108432646641756,60173698.00161495,1203473.960312132,154.53758307018126,3.09075166212229,"[1.770,2.067]",1.921,"[0.650,1.050]",0.8,0.002,0.0,878,1.7570000000000001,0.12,-2.7135574774710003,51,3.4664425225289994,0.005,0.0,351,1.7575,0.1,0.17418352252900005,32,3.424183522529,1.7625930386717599,1.7651681730025715,0.6170446199744076,0.6755171498471281,1.736924847361761,1.7819053196670904,0.6502656041990295,0.6722102130893806
26,56,3.116,24.98,1.7913,2162.817439,43.25634879,E04001,1.317725643,0.017569675,0.0089,3.1249000000000002,1.3247000000000002,1.3336000000000001,1.0,0.0,0.0,2162.817439,43.25634879,0.43598324714818354,0.046772373289422325,0.9532276267105777,0.04906737066656956,0.017315146573829043,1.7739848534261708,4.433234524286382,1.0057206098879279,0.7722614991419482,0.7796705124798629,3.9884262024798627,1.9971044545741374,3.469551573187052,3.4621425598491373,0.6657740855050434,0.0008355793209723544,2588404.6968552945,51768.093949073635,0.0005977530253149753,0.0005960505702203152,29313.20848586678,29146.472884883297,63399118.50627545,1267982.3704186413,162.82108077314544,3.2564216162157287,63038499.84076623,1260769.9971067894,161.8949429616336,3.2378988599812097,"[1.770,2.067]",1.921,"[0.650,1.050]",0.8,0.002,0.0,886,1.7730000000000001,0.12,-2.7135574774710003,51,3.4664425225289994,0.005,0.0,354,1.7725,0.1,0.17418352252900005,32,3.424183522529,1.7780678543713009,1.7801681730025714,0.5934914038781006,0.6725533789079554,1.736924847361761,1.7819053196670904,0.6502656041990295,0.6722102130893806
26,56,3.116,24.98,1.8076,2144.366429,42.88732859,E04001,1.319737131,0.017627584,0.0089,3.1249000000000002,1.3084,1.3173,1.0,0.0,0.0,2144.366429,42.88732859,0.43598324714818354,0.046772373289422325,0.9532276267105777,0.04906737066656956,0.017315146573829043,1.790284853426171,4.433234524286382,1.0057206098879279,0.7627590741128745,0.7701409463780167,4.037558706378017,2.009367737965855,3.5096416980161256,3.5022598257509836,0.6602911329133999,0.0008348670922919134,2568512.340225547,51370.24681648889,0.0005977530253149753,0.0005960505702203152,30534.32360002608,30360.642209995738,65476778.46011835,1309535.5695077104,168.1569095217786,3.363138191219752,65104341.91799524,1302086.838663511,167.20042113934318,3.3440084235665823,"[1.770,2.067]",1.921,"[0.650,1.050]",0.8,0.002,0.0,895,1.7910000000000001,0.12,-2.7135574774710003,51,3.4664425225289994,0.005,0.0,358,1.7925,0.1,0.17418352252900005,33,3.5241835225290004,1.7954717172526955,1.8001681730025714,0.5629818433933526,0.6686035159032007,1.736924847361761,1.8351947141183858,0.6502656041990295,0.6616931174348297
26,56,3.116,24.98,1.8238,2156.54252,43.13085041,E04001,1.335471002,0.01775991,0.0089,3.1249000000000002,1.2922,1.3011,1.0,0.0,0.0,2156.54252,43.13085041,0.43598324714818354,0.046772373289422325,0.9532276267105777,0.04906737066656956,0.017315146573829043,1.806484853426171,4.433234524286382,1.0057206098879279,0.7533149461698688,0.7606698438718875,4.086916283871888,2.021612298110567,3.5494858711591317,3.542130973457113,0.6547686628206568,0.0008340048884364403,2585767.2417760063,51715.34484751047,0.0005977530253149754,0.0005960505702203153,31801.128958794863,31620.241890378096,68580486.78364445,1371609.7359909003,176.12782702895348,3.5225565413957836,68190396.12928554,1363807.9229019133,175.12599950455447,3.502519990903158,"[1.770,2.067]",1.921,"[0.650,1.050]",0.8,0.002,0.0,903,1.807,0.12,-2.7135574774710003,52,3.5864425225289995,0.005,0.0,361,1.8075,0.1,0.17418352252900005,33,3.5241835225290004,1.8109371064546522,1.8151681730025715,0.5314449894871978,0.6656428955626225,1.7592598584706804,1.8351947141183858,0.6217402172051844,0.6616931174348297
26,56,3.116,24.98,1.8401,2169.221192,43.38442384,E04001,1.341495284,0.018670295,0.0089,3.1249000000000002,1.2759,1.2848,1.0,0.0,0.0,2169.221192,43.38442384,0.43598324714818354,0.046772373289422325,0.9532276267105777,0.04906737066656956,0.017315146573829043,1.822784853426171,4.433234524286382,1.0057206098879279,0.7438125211407953,0.7511402777700417,4.137108287770042,2.0339882712960864,3.5895759959882048,3.5822482393589588,0.6491383572745376,0.0008329896422534222,2604139.4538013395,52082.789076026784,0.0005977530253149753,0.0005960505702203152,33131.76068576692,32943.304890071755,71870117.40783806,1437402.3481567611,184.5762286186794,3.6915245723735883,71461315.10206088,1429226.3020412175,183.5263459891188,3.6705269197823753,"[1.770,2.067]",1.921,"[0.650,1.050]",0.8,0.002,0.0,911,1.823,0.12,-2.7135574774710003,52,3.5864425225289995,0.005,0.0,364,1.8225,0.1,0.17418352252900005,34,3.624183522529,1.8263980656144057,1.8301681730025714,0.4946768162344132,0.6626841369454857,1.7592598584706804,1.8884841085696809,0.6217402172051844,0.6512044629119241
26,56,3.116,24.98,1.8566,2182.137073,43.64274147,E04001,1.310641772,0.016360109,0.0089,3.1249000000000002,1.2594,1.2683,1.0,0.0,0.0,2182.137073,43.64274147,0.43598324714818354,0.046772373289422325,0.9532276267105777,0.04906737066656956,0.017315146573829043,1.839284853426171,4.433234524286382,1.0057206098879279,0.7341935019395859,0.7414937844767621,4.188457344476762,2.0465720960857356,3.6301580241894142,3.622857741652238,0.6433635034694065,0.0008318185430792246,2623333.046799087,52466.66094800359,0.0005977530253149754,0.0005960505702203153,34538.633577664,34342.17538955754,75368032.78058323,1507360.6559570509,193.55954534077225,3.871190907702463,74939334.08502172,1498786.682043856,192.45856497098282,3.8491713003016286,"[1.770,2.067]",1.921,"[0.650,1.050]",0.8,0.002,0.0,919,1.839,0.12,-2.7135574774710003,52,3.5864425225289995,0.005,0.0,367,1.8375000000000001,0.1,0.17418352252900005,34,3.624183522529,1.8418545985367203,1.8451681730025715,0.45126307405152094,0.6597275385882935,1.7592598584706804,1.8884841085696809,0.6217402172051844,0.6512044629119241
26,56,3.116,24.98,1.8729,2195.0843,43.901686,E04001,1.30746687,0.01703807,0.0089,3.1249000000000002,1.2431,1.252,1.0,0.0,0.0,2195.0843,43.901686,0.43598324714818354,0.046772373289422325,0.9532276267105777,0.04906737066656956,0.017315146573829043,1.855584853426171,4.433234524286382,1.0057206098879279,0.7246910769105124,0.7319642183749161,4.239718628374916,2.0590577039934836,3.670248149018488,3.662975007554085,0.637583992904768,0.000830527174477628,2643001.177391492,52860.023547829835,0.0005977530253149753,0.0005960505702203152,35990.455266707984,35785.73901425622,79002083.30580302,1580041.66611606,202.8924832118553,4.057849664237105,78552713.87409131,1571054.277481826,201.73841643203926,4.0347683286407845,"[1.770,2.067]",1.921,"[0.650,1.050]",0.8,0.002,0.0,927,1.855,0.12,-2.7135574774710003,53,3.7064425225289996,0.005,0.0,371,1.8575,0.1,0.17418352252900005,34,3.624183522529,1.8573067090209108,1.8651681730025713,0.3992291471001947,0.6557892730709043,1.7814114527498037,1.8884841085696809,0.5879870844294319,0.6512044629119241
26,56,3.116,24.98,1.8891,2208.317894,44.16635787,E04001,1.295103394,0.016845401,0.0089,3.1249000000000002,1.2269,1.2358,1.0,0.0,0.0,2208.317894,44.16635787,0.43598324714818354,0.046772373289422325,0.9532276267105777,0.04906737066656956,0.017315146573829043,1.871784853426171,4.433234524286382,1.0057206098879279,0.7152469489675066,0.7224931158687871,4.291191925868787,2.071519231353836,3.7100923221614934,3.702846155260213,0.6317663365125632,0.0008291181426092909,2663453.8318631817,53269.07662520263,0.0005977530253149755,0.0005960505702203154,37497.34335164402,37284.05581329642,82806054.30089742,1656121.085642975,212.6618093987748,4.253236187012493,82335047.6133972,1646700.9518951036,211.45217400135874,4.22904347906965,"[2.067,2.357]",2.213,"[0.650,1.050]",0.8,0.002,0.0,935,1.871,0.12,-3.920685477471,63,3.6993145225290003,0.005,0.0,374,1.8725,0.1,0.17418352252900005,35,3.7241835225290005,1.8839228248795692,1.8801681730025714,0.7372044466593509,0.6528388440246367,1.993737150481918,1.9417735030209762,0.657442772691401,0.64075696558076
26,56,3.116,24.98,1.9054,2221.890626,44.43781252,E04001,1.296193416,0.016922525,0.0089,3.1249000000000002,1.2106000000000001,1.2195,1.0,0.0,0.0,2221.890626,44.43781252,0.43598324714818354,0.046772373289422325,0.9532276267105777,0.04906737066656956,0.017315146573829043,1.888084853426171,4.433234524286382,1.0057206098879279,0.7057445239384331,0.7129635497669411,4.343512709766941,2.0841095723994316,3.750182446990567,3.742963421162059,0.6258386455980117,0.0008275806650773191,2684802.484833806,53696.04969667612,0.0005977530253149754,0.0005960505702203153,39080.98342499568,38858.68803001924,86833670.72685926,1736673.4145371853,223.0054998926713,4.460109997853427,86339754.67255816,1726795.0934511633,221.7370288528957,4.434740577057914,"[2.067,2.357]",2.213,"[0.650,1.050]",0.8,0.002,0.0,944,1.889,0.12,-3.920685477471,63,3.6993145225290003,0.005,0.0,377,1.8875,0.1,0.17418352252900005,35,3.7241835225290005,1.9012926123648697,1.8951681730025713,0.7274042078687651,0.6498915289421354,1.993737150481918,1.9417735030209762,0.657442772691401,0.64075696558076
26,56,3.116,24.98,1.9217,2235.736178,44.71472356,E04001,1.270275101,0.016549359,0.0089,3.1249000000000002,1.1943000000000001,1.2032,1.0,0.0,0.0,2235.736178,44.71472356,0.43598324714818354,0.046772373289422325,0.9532276267105777,0.04906737066656956,0.017315146573829043,1.904384853426171,4.433234524286382,1.0057206098879279,0.6962420989093596,0.7034339836650951,4.396364873665095,2.096751028058671,3.7902725718196404,3.783080687063905,0.6198365569692246,0.0008259294776592164,2706933.5076117464,54138.670152234925,0.0005977530253149753,0.0005960505702203152,40735.54404828124,40503.83739557708,91073929.55925496,1821478.5911850992,233.89529681910975,4.677905936382195,90555894.61312097,1811117.8922624197,232.5648838450012,4.6512976769000245,"[2.067,2.357]",2.213,"[0.650,1.050]",0.8,0.002,0.0,952,1.905,0.12,-3.920685477471,64,3.8193145225289995,0.005,0.0,380,1.9025,0.1,0.17418352252900005,36,3.824183522529,1.9167277399356095,1.9101681730025715,0.7179773717828151,0.6469476016031445,2.014130008149294,1.995062897472271,0.636252375508534,0.6303624414253556
26,56,3.116,24.98,1.9379,2249.860323,44.99720647,E04001,1.280079465,0.016667701,0.0089,3.1249000000000002,1.1781000000000001,1.187,1.0,0.0,0.0,2249.860323,44.99720647,0.43598324714818354,0.046772373289422325,0.9532276267105777,0.04906737066656956,0.017315146573829043,1.920584853426171,4.433234524286382,1.0057206098879279,0.686797970966354,0.693962881158966,4.449419291158966,2.1093646652864377,3.8301167449626456,3.8229518347700333,0.6137975499291235,0.0008241818834338671,2729810.4559471672,54596.2091310766,0.0005977530253149753,0.0005960505702203152,42453.63696354477,42212.15767694725,95514753.37132557,1910295.067851048,245.3001830326757,4.906003661743806,94971458.70558347,1899429.1745337911,243.90489825997562,4.878097966283602,"[2.067,2.357]",2.213,"[0.650,1.050]",0.8,0.002,0.0,960,1.921,0.12,-3.920685477471,64,3.8193145225289995,0.005,0.0,384,1.9225,0.1,0.17418352252900005,36,3.824183522529,1.9321584634111275,1.9301681730025715,0.7077935812780237,0.6430280976148796,2.014130008149294,1.995062897472271,0.636252375508534,0.6303624414253556
26,56,3.116,24.98,1.9542,2264.393357,45.28786714,E04001,1.267447633,0.016560727,0.0089,3.1249000000000002,1.1618000000000002,1.1707,1.0,0.0,0.0,2264.393357,45.28786714,0.43598324714818354,0.046772373289422325,0.9532276267105777,0.04906737066656956,0.017315146573829043,1.936884853426171,4.433234524286382,1.0057206098879279,0.6772955459372804,0.68443331505712,4.50333095505712,2.1221053119619486,3.870206869791719,3.863069100671879,0.6076470622303468,0.0008223222589476772,2753656.893463806,55073.13786927611,0.0005977530253149755,0.0005960505702203154,44260.102773681894,44008.34818192102,100222282.70086256,2004445.6540172512,257.39002010400066,5.147800402080014,99652211.27568498,1993044.2255137,255.9259674838351,5.118519349676703,"[2.067,2.357]",2.213,"[0.650,1.050]",0.8,0.002,0.0,968,1.937,0.12,-3.920685477471,64,3.8193145225289995,0.005,0.0,387,1.9375,0.1,0.17418352252900005,36,3.824183522529,1.9475847865591192,1.9451681730025714,0.696758957423401,0.6400931080804062,2.014130008149294,1.995062897472271,0.636252375508534,0.6303624414253556
26,56,3.116,24.98,1.9704,2279.125409,45.58250818,E04001,1.259254971,0.016409803,0.0089,3.1249000000000002,1.1456000000000002,1.1545,1.0,0.0,0.0,2279.125409,45.58250818,0.43598324714818354,0.046772373289422325,0.9532276267105777,0.04906737066656956,0.017315146573829043,1.9530848534261709,4.433234524286382,1.0057206098879279,0.6678514179942748,0.674962212550991,4.55743837255099,2.13481577016636,3.910051042934725,3.902940248378009,0.6014605737440185,0.0008203791176237307,2778136.7907091556,55562.73581418311,0.0005977530253149753,0.0005960505702203152,46136.58246818261,45874.15432733732,105151057.38765894,2103021.1477531786,270.04805763352994,5.4009611526705985,104552950.7438218,2091059.0148764355,268.51200520154663,5.370240104030931,"[2.067,2.357]",2.213,"[0.650,1.050]",0.8,0.002,0.0,976,1.953,0.12,-3.920685477471,65,3.9393145225289996,0.005,0.0,390,1.9525000000000001,0.1,0.17418352252900005,37,3.924183522529,1.9630067131419224,1.9601681730025715,0.6847634099031253,0.6371623783277202,2.0343829711021053,2.0483522919235657,0.6121853232560045,0.6200318251774064
26,56,3.116,24.98,1.9867,2294.307724,45.88615448,E04001,1.259639224,0.016388386,0.0089,3.1249000000000002,1.1293000000000002,1.1382,1.0,0.0,0.0,2294.307724,45.88615448,0.43598324714818354,0.046772373289422325,0.9532276267105777,0.04906737066656956,0.017315146573829043,1.9693848534261709,4.433234524286382,1.0057206098879279,0.6583489929652012,0.665432646449145,4.612409536449145,2.147652098559994,3.9501411677637983,3.9430575142798547,0.595161742810444,0.0008183340096248354,2803632.3762858436,56072.64752571688,0.0005977530253149754,0.0005960505702203153,48110.30269779295,47836.647896829025,110379839.08352439,2207596.781670488,283.47657063033733,5.669531412606747,109751990.75996317,2195039.815199264,281.86413586764064,5.637282717352814,"[2.067,2.357]",2.213,"[0.650,1.050]",0.8,0.002,0.0,984,1.969,0.12,-3.920685477471,65,3.9393145225289996,0.005,0.0,393,1.9675,0.1,0.17418352252900005,37,3.924183522529,1.9784242469165179,1.9751681730025714,0.6716769801894887,0.6342361579315607,2.0343829711021053,2.0483522919235657,0.6121853232560045,0.6200318251774064
26,56,3.116,24.98,2.003,2309.781579,46.19563159,E04001,1.238212317,0.016624949,0.0089,3.1249000000000002,1.113,1.1219,1.0,0.0,0.0,2309.781579,46.19563159,0.43598324714818354,0.046772373289422325,0.9532276267105777,0.04906737066656956,0.017315146573829043,1.985684853426171,4.433234524286382,1.0057206098879279,0.6488465679361275,0.6559030803472989,4.6679120803473,2.1605351374942505,3.990231292592873,3.9831747801817015,0.5887885856481457,0.0008162040107514737,2829907.1660691784,56598.1433336354,0.0005977530253149755,0.0005960505702203154,50174.25624409317,49888.86152952988,115891572.81263213,2317831.456754385,297.6317586495255,5.952635174279081,115232373.35818988,2304647.467662686,295.9388081772452,5.918776164826145,"[2.067,2.357]",2.213,"[0.650,1.050]",0.8,0.002,0.0,992,1.985,0.12,-3.920685477471,65,3.9393145225289996,0.005,0.0,397,1.9875,0.1,0.17418352252900005,38,4.024183522529,1.9938373916345284,1.9951681730025714,0.6573451480892808,0.6303419663820059,2.0343829711021053,2.1016416863748613,0.6121853232560045,0.6097751930074106
26,56,3.116,24.98,2.0192,2325.470785,46.50941569,E04001,1.229858495,0.014835706,0.0089,3.1249000000000002,1.0968,1.1057,1.0,0.0,0.0,2325.470785,46.50941569,0.43598324714818354,0.046772373289422325,0.9532276267105777,0.04906737066656956,0.017315146573829043,2.001884853426171,4.433234524286382,1.0057206098879279,0.639402439993122,0.6464319778411698,4.72360061784117,2.1733845996144283,4.030075465735878,4.02304592788783,0.5823809611091089,0.0008140080857478254,2856815.3384663262,57136.30675704163,0.0005977530253149752,0.0005960505702203151,52319.47933383208,52021.88243876427,121667420.67723776,2433348.4130215603,312.46524236118415,6.249304845880019,120975367.79205085,2419507.3553207982,310.68791798549665,6.213758358373911,"[2.067,2.357]",2.213,"[0.438,0.650]",0.5,0.002,0.0,1000,2.001,0.12,-3.920685477471,66,4.059314522529,0.005,0.0,400,2.0025,0.1,0.4741835225290001,35,4.024183522529,2.009246151042241,2.007292608126607,0.6415827418264166,0.529395092449823,2.0544988794670935,1.941773503020976,0.5846155580629752,0.5440205809237039
26,56,3.116,24.98,2.0355,2341.526857,46.83053714,E04001,1.229966674,0.014648561,0.0089,3.1249000000000002,1.0805000000000002,1.0894000000000001,1.0,0.0,0.0,2341.526857,46.83053714,0.43598324714818354,0.046772373289422325,0.9532276267105777,0.04906737066656956,0.017315146573829043,2.018184853426171,4.433234524286382,1.0057206098879279,0.6299000149640485,0.636902411739324,4.780162661739324,2.1863583104649895,4.070165590564951,4.063163193789675,0.5758598623392694,0.0008117240865803735,2884633.9485432426,57692.67897086486,0.0005977530253149755,0.0005960505702203154,54577.28657433468,54266.8471121582,127794182.29599017,2555883.6459198035,328.19993981294687,6.563998796258938,127067279.9578313,2541345.599156626,326.3331153664234,6.5266623073284675,"[2.067,2.357]",2.213,"[0.438,0.650]",0.5,0.002,0.0,1009,2.019,0.12,-3.920685477471,66,4.059314522529,0.005,0.0,403,2.0175,0.1,0.4741835225290001,35,4.024183522529,2.026575768217448,2.022292608126607,0.6218595401787013,0.5260910531191272,2.0544988794670935,1.941773503020976,0.5846155580629752,0.5440205809237039
26,56,3.116,24.98,2.0518,2357.88438,47.1576876,E04001,1.217192846,0.014504528,0.0089,3.1249000000000002,1.0642,1.0731,1.0,0.0,0.0,2357.88438,47.1576876,0.43598324714818354,0.046772373289422325,0.9532276267105777,0.04906737066656956,0.017315146573829043,2.034484853426171,4.433234524286382,1.0057206098879279,0.6203975899349748,0.627372845637478,4.8372560856374776,2.199376294688446,4.1102557153940245,4.103280459691522,0.5692647374814286,0.0008093701342016524,2913233.7361642,58264.674723284006,0.0005977530253149752,0.0005960505702203151,56939.88354662944,56616.00546594597,134257662.01361656,2685153.2402723315,344.7993938428174,6.895987876856348,133493994.94614862,2669879.898922973,342.8381505289426,6.856763010578853,"[2.067,2.357]",2.213,"[0.438,0.650]",0.5,0.002,0.0,1017,2.035,0.12,-3.920685477471,66,4.059314522529,0.005,0.0,406,2.0325,0.1,0.4741835225290001,36,4.124183522529,2.041975221255349,2.037292608126607,0.6022521192972662,0.5228038586352884,2.0544988794670935,1.9950628974722708,0.5846155580629752,0.5321012859160358
26,56,3.116,24.98,2.068,2374.360756,47.48721512,E04001,1.204534733,0.014403877,0.0089,3.1249000000000002,1.048,1.0569,1.0,0.0,0.0,2374.360756,47.48721512,0.43598324714818354,0.046772373289422325,0.9532276267105777,0.04906737066656956,0.017315146573829043,2.050684853426171,4.433234524286382,1.0057206098879279,0.6109534619919691,0.6179017431313489,4.894525743131349,2.2123575079835875,4.150099888537031,4.143151607397651,0.5626368710127607,0.0008069658885191233,2942331.00776692,58846.6201553384,0.0005977530253149755,0.0005960505702203154,59397.22421598014,59059.368607946744,141030438.1937561,2820608.763875122,362.1931804358563,7.243863608717126,140228247.0968471,2804564.9419369423,360.1330000348876,7.202660000697752,"[2.067,2.357]",2.213,"[0.438,0.650]",0.5,0.002,0.0,1025,2.051,0.12,-3.920685477471,67,4.179314522528999,0.005,0.0,410,2.0525,0.1,0.4741835225290001,36,4.124183522529,2.057370300655826,2.057292608126607,0.5803329764226786,0.518447374356635,2.074480478552302,1.9950628974722708,0.5527210404628876,0.5321012859160358
26,56,3.116,24.98,2.0843,2391.107915,47.8221583,E04001,1.204462576,0.014344815,0.0089,3.1249000000000002,1.0317000000000003,1.0406000000000002,1.0,0.0,0.0,2391.107915,47.8221583,0.43598324714818354,0.046772373289422325,0.9532276267105777,0.04906737066656956,0.017315146573829043,2.0669848534261708,4.433234524286382,1.0057206098879279,0.6014510369628957,0.6083721770295031,4.952678667029502,2.2254614503579933,4.190190013366104,4.183268873299497,0.5558946051096485,0.0008044861006072936,2972217.8086047615,59444.35617209523,0.0005977530253149754,0.0005960505702203153,61985.43332968508,61632.855805343796,148213860.2493148,2964277.204986296,380.64158429844224,7.612831685968844,147370809.34021124,2947416.1868042247,378.47646807283667,7.569529361456733,"[2.067,2.357]",2.213,"[0.438,0.650]",0.5,0.002,0.0,1033,2.067,0.12,-3.920685477471,67,4.179314522528999,0.005,0.0,413,2.0675,0.1,0.4741835225290001,37,4.224183522529,2.0727610101432816,2.072292608126607,0.5556698867308834,0.5152000100603654,2.074480478552302,2.0483522919235657,0.5527210404628876,0.520391039878412
26,56,3.116,24.98,2.1005,2407.9563,48.159126,E04001,1.1669647,0.013995271,0.0089,3.1249000000000002,1.0155000000000003,1.0244000000000002,1.0,0.0,0.0,2407.9563,48.159126,0.43598324714818354,0.046772373289422325,0.9532276267105777,0.04906737066656956,0.017315146573829043,2.0831848534261708,4.433234524286382,1.0057206098879279,0.5920069090198902,0.5989010745233739,5.011001324523373,2.2385265967871306,4.23003418650911,4.2231400210056265,0.5491208564220573,0.0008019654297674234,3002568.7026164294,60051.374052328596,0.0005977530253149753,0.0005960505702203152,64678.86004573144,64310.96211992604,155743868.52393728,3114877.370478746,399.980087962076,7.999601759241521,154857986.39573723,3097159.727914745,397.70497296127564,7.954099459225514,"[2.067,2.357]",2.213,"[0.438,0.650]",0.5,0.002,0.0,1041,2.083,0.12,-3.920685477471,67,4.179314522528999,0.005,0.0,416,2.0825,0.1,0.4741835225290001,37,4.224183522529,2.088147353436817,2.087292608126607,0.5277156758072435,0.5119699219239345,2.074480478552302,2.0483522919235657,0.5527210404628876,0.520391039878412
26,56,3.116,24.98,2.1168,2425.016223,48.50032445,E04001,1.17524987,0.014020525,0.0089,3.1249000000000002,0.9992000000000001,1.0081,1.0,0.0,0.0,2425.016223,48.50032445,0.43598324714818354,0.046772373289422325,0.9532276267105777,0.04906737066656956,0.017315146573829043,2.099484853426171,4.433234524286382,1.0057206098879279,0.5825044839908164,0.589371508421528,5.070213748421528,2.2517135138426307,4.270124311338184,4.263257286907472,0.5422322130966547,0.00079937686317632,3033633.2394763217,60672.66477701669,0.0005977530253149753,0.0005960505702203152,67517.31212637846,67133.26888458835,163730577.2398224,3274611.5441212747,420.49148584234774,8.40982971511298,162799266.14814788,3255985.3222916247,418.0997005611777,8.361994009499444,"[2.067,2.357]",2.213,"[0.438,0.650]",0.5,0.002,0.0,1049,2.099,0.12,-3.920685477471,68,4.299314522528999,0.005,0.0,419,2.0975,0.1,0.4741835225290001,37,4.224183522529,2.1035293342502612,2.102292608126607,0.49576728539891163,0.5087572224667117,2.09433042322055,2.0483522919235657,0.515400556539909,0.520391039878412
26,56,3.116,24.98,2.1331,2442.182533,48.84365066,E04001,1.16289424,0.013881026,0.0089,3.1249000000000002,0.9828999999999999,0.9917999999999999,1.0,0.0,0.0,2442.182533,48.84365066,0.43598324714818354,0.046772373289422325,0.9532276267105777,0.04906737066656956,0.017315146573829043,2.115784853426171,4.433234524286382,1.0057206098879279,0.5730020589617427,0.5798419423196819,5.1299575523196825,2.2649409600074972,4.310214436167257,4.303374552809318,0.5352705029356852,0.00079673976216756,3065219.8483930966,61304.396967861925,0.0005977530253149755,0.0005960505702203154,70491.56766370268,70090.60664627116,172153275.2720823,3443065.505441646,442.1225878032158,8.842451756064317,171174055.27889714,3423481.105577943,439.6077632857535,8.79215526571507,"[2.067,2.357]",2.213,"[0.438,0.650]",0.5,0.002,0.0,1057,2.115,0.12,-3.920685477471,68,4.299314522528999,0.005,0.0,423,2.1175,0.1,0.4741835225290001,38,4.324183522529,2.118906956292186,2.122292608126607,0.4589060054695384,0.5045008527886912,2.09433042322055,2.1016416863748613,0.515400556539909,0.5088962744991442
26,56,3.116,24.98,2.1493,2459.260608,49.18521216,E04001,1.167017432,0.014150595,0.0089,3.1249000000000002,0.9666999999999999,0.9755999999999999,1.0,0.0,0.0,2459.260608,49.18521216,0.43598324714818354,0.046772373289422325,0.9532276267105777,0.04906737066656956,0.017315146573829043,2.131984853426171,4.433234524286382,1.0057206098879279,0.5635579310187372,0.5703708398135529,5.189861329813554,2.2781267150475966,4.350058609310263,4.343245700515448,0.5282793681502576,0.0007940745272325485,3097014.85649066,61940.2971298132,0.0005977530253149753,0.0005960505702203152,73589.5414095631,73170.95889857873,180975860.34932333,3619517.2069864664,464.78067629615316,9.295613525923063,179946456.86886173,3598929.1373772346,462.1369709704426,9.242739419408851,"[2.067,2.357]",2.213,"[0.438,0.650]",0.5,0.002,0.0,1065,2.1310000000000002,0.12,-3.920685477471,68,4.299314522528999,0.005,0.0,426,2.1325,0.1,0.4741835225290001,38,4.324183522529,2.134280223265904,2.137292608126607,0.4159079234119506,0.5013291229588686,2.09433042322055,2.1016416863748613,0.515400556539909,0.5088962744991442
26,56,3.116,24.98,2.1656,2476.484724,49.52969447,E04001,1.171014694,0.014779013,0.0089,3.1249000000000002,0.9504000000000001,0.9593000000000002,1.0,0.0,0.0,2476.484724,49.52969447,0.43598324714818354,0.046772373289422325,0.9532276267105777,0.04906737066656956,0.017315146573829043,2.148284853426171,4.433234524286382,1.0057206098879279,0.5540555059896638,0.560841273711707,5.2506646337117076,2.291432877854315,4.390148734139337,4.383362966417293,0.5211727859409503,0.0007913519073301959,3129435.464880573,62588.709284974866,0.0005977530253149752,0.0005960505702203151,76857.44163744681,76420.27107907373,190336280.14085856,3806725.6020485973,488.82002736058865,9.776400545237928,189253633.9312651,3785072.6778610996,486.03958450753055,9.720791688187994,"[2.067,2.357]",2.213,"[0.438,0.650]",0.5,0.002,0.0,1074,2.149,0.12,-3.920685477471,69,4.419314522529,0.005,0.0,429,2.1475,0.1,0.4741835225290001,39,4.424183522529001,2.151569947548232,2.152292608126607,0.35809988824654815,0.4981751040618794,2.11405128200691,2.1549310808261564,0.4711442152611707,0.4976221557482901
26,56,3.116,34.98,1.6447,289.0181278,5.780362556,E04001,1.280196515,0.026849527,0.0089,3.1249000000000002,1.4713,1.4802,1.0,0.0,0.0,289.0181278,5.780362556,0.6105161723476165,0.09032389483707323,0.9096761051629269,0.09929236826650056,0.03326580914351096,1.611434190856489,4.433234524286382,1.0057206098879279,1.656385163249267,1.6711643852512925,4.376202475251293,2.091937493151096,2.310326265479733,2.2955470434777077,0.6578839795442554,0.00023170523582916337,1247352.5976473554,24947.051952947106,0.0001529626681814558,0.00015252701656162318,29661.81226594731,29493.09378203223,8572801.448259167,171456.02896518333,22.016596286287168,0.4403319257257433,8524038.747912776,170480.77495825553,21.891364331034815,0.4378272866206963,"[2.067,2.357]",2.213,"[1.500,2.000]",1.75,0.002,0.0,805,1.611,0.12,-3.920685477471,51,2.259314522529,0.005,0.0,322,1.6125,0.1,-0.7758164774709999,30,2.2741835225290004,1.632400319919313,1.6292741284431247,0.6965716587028218,0.6667496583807482,1.736924847361761,1.6753265307645004,0.6591162163471764,0.6591598184131913
26,56,3.116,34.98,1.658,297.6902116,5.953804232,E04001,1.216029234,0.023648745,0.0089,3.1249000000000002,1.4580000000000002,1.4669,1.0,0.0,0.0,297.6902116,5.953804232,0.6105161723476165,0.09032389483707323,0.9096761051629269,0.09929236826650056,0.03326580914351096,1.624734190856489,4.433234524286382,1.0057206098879279,1.6414120628134519,1.6561485182577496,4.405112518257749,2.098835991271769,2.3502574277155484,2.3355209722712504,0.6543619071802683,0.00023582227342447518,1262349.850491704,25246.997009834082,0.00015296266818145578,0.00015252701656162315,30438.648122811916,30265.510941655888,9061287.600497821,181225.75200995646,23.271122297438886,0.4654224459487778,9009746.356403656,180194.92712807315,23.13875450959695,0.4627750901919391,"[2.067,2.357]",2.213,"[1.500,2.000]",1.75,0.002,0.0,812,1.625,0.12,-3.920685477471,52,2.379314522529,0.005,0.0,324,1.6225,0.1,-0.7758164774709999,31,2.3741835225290004,1.6459737882707515,1.6392741284431247,0.6922997232431702,0.6651048487757175,1.7592598584706804,1.7286159252157955,0.649523602404703,0.6503359444727842
26,56,3.116,34.98,1.6713,306.4232634,6.128465269,E04001,1.298856998,0.022778949,0.0089,3.1249000000000002,1.4447,1.4536,1.0,0.0,0.0,306.4232634,6.128465269,0.6105161723476165,0.09032389483707323,0.9096761051629269,0.09929236826650056,0.03326580914351096,1.638034190856489,4.433234524286382,1.0057206098879279,1.626438962377636,1.6411326512642066,4.4343763412642065,2.1057958925936306,2.390188589951364,2.375494901064793,0.6507957945309818,0.00023982600194800583,1277689.9123158148,25553.798250485987,0.0001529626681814558,0.00015252701656162318,31240.240037177588,31062.543344576414,9572736.301591294,191454.72606306613,24.58462053265201,0.4916924107332712,9518285.901149055,190365.71805404365,24.44478147404336,0.4888956295606418,"[2.067,2.357]",2.213,"[1.500,2.000]",1.75,0.002,0.0,819,1.639,0.12,-3.920685477471,52,2.379314522529,0.005,0.0,327,1.6375,0.1,-0.7758164774709999,31,2.3741835225290004,1.659543833581381,1.6542741284431246,0.6878700115125796,0.6626341089946267,1.7592598584706804,1.7286159252157955,0.649523602404703,0.6503359444727842
26,56,3.116,34.98,1.6846,315.1602644,6.303205288,E04001,1.250157601,0.021639784,0.0089,3.1249000000000002,1.4314,1.4403,1.0,0.0,0.0,315.1602644,6.303205288,0.6105161723476165,0.09032389483707323,0.9096761051629269,0.09929236826650056,0.03326580914351096,1.6513341908564891,4.433234524286382,1.0057206098879279,1.6114658619418205,1.6261167842706636,4.463993944270664,2.1128165903056195,2.430119752187179,2.415468829858336,0.6471854567304319,0.00024371823024761657,1293133.7310294707,25862.674620589412,0.0001529626681814558,0.00015252701656162318,32067.446402552672,31885.04450169923,10106384.88686133,202127.69773722658,25.95513232294018,0.5191026464588036,10048899.055561297,200977.9811112259,25.807497696435277,0.5161499539287054,"[2.067,2.357]",2.213,"[1.500,2.000]",1.75,0.002,0.0,825,1.651,0.12,-3.920685477471,52,2.379314522529,0.005,0.0,330,1.6525,0.1,-0.7758164774709999,31,2.3741835225290004,1.6711725784915856,1.6692741284431247,0.683941163381648,0.6601594026880289,1.7592598584706804,1.7286159252157955,0.649523602404703,0.6503359444727842
26,56,3.116,34.98,1.698,324.0172917,6.480345833,E04001,1.259192057,0.02154206,0.0089,3.1249000000000002,1.4180000000000001,1.4269,1.0,0.0,0.0,324.0172917,6.480345833,0.6105161723476165,0.09032389483707323,0.9096761051629269,0.09929236826650056,0.03326580914351096,1.664734190856489,4.433234524286382,1.0057206098879279,1.5963801818034804,1.6109880160215304,4.49419201602153,2.1199509466073807,2.47035114872552,2.45574331450747,0.6435030657398129,0.00024752880175522667,1309008.4442795888,26180.168881551843,0.0001529626681814558,0.00015252701656162318,32927.68117671097,32740.386199682485,10669138.076838957,213382.76150385148,27.400390313264175,0.548007806180719,10608451.265633173,212169.0252799231,27.244534957196038,0.5448906990598372,"[2.067,2.357]",2.213,"[1.500,2.000]",1.75,0.002,0.0,832,1.665,0.12,-3.920685477471,53,2.499314522529,0.005,0.0,332,1.6625,0.1,-0.7758164774709999,32,2.474183522529,1.6847362735911915,1.6792741284431247,0.6791956004696842,0.658507539998921,1.7814114527498037,1.7819053196670904,0.6393294441090771,0.6414798752672207
26,56,3.116,34.98,1.7113,332.7761945,6.65552389,E04001,1.25008942,0.02121546,0.0089,3.1249000000000002,1.4047,1.4136,1.0,0.0,0.0,332.7761945,6.65552389,0.6105161723476165,0.09032389483707323,0.9096761051629269,0.09929236826650056,0.03326580914351096,1.678034190856489,4.433234524286382,1.0057206098879279,1.5814070813676648,1.5959721490279877,4.524519839027988,2.1270918736688333,2.510282310961335,2.495717243301012,0.6398034062853932,0.0002512026714742981,1324731.90888835,26494.638177767003,0.0001529626681814558,0.00015252701656162318,33809.03885323553,33616.73065147091,11250843.289282363,225016.86578564727,28.894320727644185,0.5778864145528838,11186847.697727995,223736.95395455993,28.729967789825853,0.5745993557965171,"[2.067,2.357]",2.213,"[1.500,2.000]",1.75,0.002,0.0,839,1.679,0.12,-3.920685477471,53,2.499314522529,0.005,0.0,335,1.6775,0.1,-0.7758164774709999,32,2.474183522529,1.6982965530368332,1.6942741284431246,0.6742664858326954,0.6560268734832296,1.7814114527498037,1.7819053196670904,0.6393294441090771,0.6414798752672207
26,56,3.116,34.98,1.7246,341.5351459,6.830702918,E04001,1.279516926,0.0214912,0.0089,3.1249000000000002,1.3914000000000002,1.4003,1.0,0.0,0.0,341.5351459,6.830702918,0.6105161723476165,0.09032389483707323,0.9096761051629269,0.09929236826650056,0.03326580914351096,1.691334190856489,4.433234524286382,1.0057206098879279,1.5664339809318495,1.580956282034445,4.555201442034445,2.134291789337729,2.55021347319715,2.5356911720945545,0.6360589948003563,0.00025477050649020424,1340559.9831985724,26811.19966397145,0.00015296266818145583,0.0001525270165616232,34718.80362569795,34521.320617628415,11857691.661776196,237153.83323552395,30.452823593343968,0.6090564718668794,11790244.273802398,235804.885476048,30.279605781109993,0.6055921156222,"[2.067,2.357]",2.213,"[1.500,2.000]",1.75,0.002,0.0,845,1.691,0.12,-3.920685477471,53,2.499314522529,0.005,0.0,338,1.6925000000000001,0.1,-0.7758164774709999,33,2.574183522529,1.7099169330779134,1.7092741284431248,0.6698876093000913,0.6535430153018422,1.7814114527498037,1.8351947141183855,0.6393294441090771,0.6326037399901919
26,56,3.116,34.98,1.7379,350.2551474,7.005102947,E04001,1.230531523,0.020727747,0.0089,3.1249000000000002,1.3781,1.387,1.0,0.0,0.0,350.2551474,7.005102947,0.6105161723476165,0.09032389483707323,0.9096761051629269,0.09929236826650056,0.03326580914351096,1.704634190856489,4.433234524286382,1.0057206098879279,1.551460880496034,1.5659404150409018,4.586236825040902,2.1415500986530533,2.5901446354329662,2.5756651008880986,0.6322696662388435,0.0002582341274004352,1356347.2455244882,27126.944906617307,0.00015296266818145583,0.0001525270165616232,35657.97980664668,35455.154698102706,12489390.973163256,249787.81942760717,32.07514843045526,0.6415029685175287,12418350.434873765,248367.00866202018,31.892702719922926,0.6378540543074029,"[2.067,2.357]",2.213,"[1.500,2.000]",1.75,0.002,0.0,852,1.705,0.12,-3.920685477471,54,2.619314522529,0.005,0.0,340,1.7025000000000001,0.1,-0.7758164774709999,33,2.574183522529,1.72347087600631,1.7192741284431248,0.6645895323912876,0.6518854770250025,1.8033840760270148,1.8351947141183855,0.6284768341682061,0.6326037399901919
26,56,3.116,34.98,1.7513,359.0040913,7.180081827,E04001,1.281322445,0.021169675,0.0089,3.1249000000000002,1.3647,1.3736,1.0,0.0,0.0,359.0040913,7.180081827,0.6105161723476165,0.09032389483707323,0.9096761051629269,0.09929236826650056,0.03326580914351096,1.7180341908564891,4.433234524286382,1.0057206098879279,1.5363752003576936,1.5508116467917683,4.6178633367917685,2.148921435695537,2.6303760319713065,2.615939585537232,0.6284062596032775,0.00026162024319690647,1372233.6120213694,27444.67224424972,0.0001529626681814558,0.00015252701656162318,36635.02111246421,36426.63852394018,13152122.46423653,263042.4493213656,33.77716984938505,0.6755433970817867,13077312.262400718,261546.24528444099,33.58504292076603,0.6717008585088711,"[2.067,2.357]",2.213,"[1.500,2.000]",1.75,0.002,0.0,859,1.719,0.12,-3.920685477471,54,2.619314522529,0.005,0.0,343,1.7175,0.1,-0.7758164774709999,33,2.574183522529,1.737021410641077,1.7342741284431247,0.6590761305837131,0.6493969283483384,1.8033840760270148,1.8351947141183855,0.6284768341682061,0.6326037399901919
26,56,3.116,34.98,1.7646,367.6329192,7.352658385,E04001,1.308370319,0.021380022,0.0089,3.1249000000000002,1.3514000000000002,1.3603,1.0,0.0,0.0,367.6329192,7.352658385,0.6105161723476165,0.09032389483707323,0.9096761051629269,0.09929236826650056,0.03326580914351096,1.731334190856489,4.433234524286382,1.0057206098879279,1.5214020999218782,1.5357957797982256,4.649608939798226,2.1562951884652124,2.6703071942071217,2.6559135143307744,0.6245262824159316,0.00026488014395038525,1387921.7736640214,27758.43547705572,0.0001529626681814558,0.00015252701656162318,37636.43980698528,37422.36107817189,13836394.234537084,276727.8847283781,35.53451083152917,0.7106902167272409,13757691.846524792,275153.83696791815,35.332388023239325,0.7066477605608942,"[2.067,2.357]",2.213,"[1.500,2.000]",1.75,0.002,0.0,865,1.731,0.12,-3.920685477471,54,2.619314522529,0.005,0.0,346,1.7325,0.1,-0.7758164774709999,34,2.6741835225290003,1.7486334438383224,1.7492741284431246,0.6541692559139277,0.6469059366895025,1.8033840760270148,1.8884841085696809,0.6284768341682061,0.6237190640877958
26,56,3.116,34.98,1.7779,376.2118534,7.524237067,E04001,1.257270327,0.020546934,0.0089,3.1249000000000002,1.3381,1.347,1.0,0.0,0.0,376.2118534,7.524237067,0.6105161723476165,0.09032389483707323,0.9096761051629269,0.09929236826650056,0.03326580914351096,1.744634190856489,4.433234524286382,1.0057206098879279,1.5064289994860627,1.5207799128046824,4.681708322804682,2.163725565501476,2.7102383564429378,2.6958874431243176,0.6206009242491225,0.00026804129607380805,1403559.2981777182,28071.185959823593,0.00015296266818145583,0.0001525270165616232,38670.54462213535,38450.583832069016,14548317.264280941,290966.3452469483,37.362865544674165,0.74725731079417,14465565.40777476,289311.30811704457,37.15034292559411,0.7430068584131335,"[2.067,2.357]",2.213,"[1.500,2.000]",1.75,0.002,0.0,872,1.745,0.12,-3.920685477471,55,2.7393145225290003,0.005,0.0,348,1.7425,0.1,-0.7758164774709999,34,2.6741835225290003,1.7621776556004747,1.7592741284431246,0.6482210505843977,0.6452440537927973,1.8251819973771966,1.8884841085696809,0.6169013835557785,0.6237190640877958
26,56,3.116,34.98,1.7912,384.717314,7.694346281,E04001,1.265864525,0.020508565,0.0089,3.1249000000000002,1.3248000000000002,1.3337,1.0,0.0,0.0,384.717314,7.694346281,0.6105161723476165,0.09032389483707323,0.9096761051629269,0.09929236826650056,0.03326580914351096,1.757934190856489,4.433234524286382,1.0057206098879279,1.4914558990502473,1.5057640458111397,4.71416148581114,2.1712119854613783,2.7501695186787525,2.73586137191786,0.6166300421268953,0.0002711055091543917,1419068.5951015018,28381.371905718635,0.0001529626681814558,0.00015252701656162318,39738.515937841825,39512.48045147456,15288095.113952698,305761.9023187925,39.26275677113761,0.7852551355248084,15201135.3487688,304022.70701488847,39.03942743652518,0.7807885488319792,"[2.067,2.357]",2.213,"[1.500,2.000]",1.75,0.002,0.0,878,1.7570000000000001,0.12,-3.920685477471,55,2.7393145225290003,0.005,0.0,351,1.7575,0.1,-0.7758164774709999,35,2.7741835225290004,1.7737842729846633,1.7742741284431247,0.6429202728131096,0.6427495973410424,1.8251819973771966,1.941773503020976,0.6169013835557785,0.6148367641849509
26,56,3.116,34.98,1.8045,393.1420482,7.862840963,E04001,1.266717723,0.020323443,0.0089,3.1249000000000002,1.3115,1.3204,1.0,0.0,0.0,393.1420482,7.862840963,0.6105161723476165,0.09032389483707323,0.9096761051629269,0.09929236826650056,0.03326580914351096,1.771234190856489,4.433234524286382,1.0057206098879279,1.4764827986144318,1.4907481788175967,4.746968428817597,2.178753870637433,2.7901006809145685,2.7758353007114036,0.6126134989365668,0.0002740745869111119,1434434.518832292,28688.690372997196,0.00015296266818145583,0.0001525270165616232,40841.58363049922,40609.27381715921,16056543.840226054,321130.8767636795,41.2362803007777,0.8247256059106649,15965213.084392602,319304.26164724276,41.00172542488997,0.820034508393507,"[2.067,2.357]",2.213,"[1.050,1.500]",1.25,0.002,0.0,885,1.7710000000000001,0.12,-3.920685477471,55,2.7393145225290003,0.005,0.0,354,1.7725,0.1,-0.2758164774709999,30,2.7741835225290004,1.7873221707169904,1.7844815203165176,0.6364857834716725,0.5866894567609681,1.8251819973771966,1.6753265307645004,0.6169013835557785,0.6080942292002431
26,56,3.116,34.98,1.8179,401.5735249,8.031470498,E04001,1.284945267,0.020444575,0.0089,3.1249000000000002,1.2981,1.307,1.0,0.0,0.0,401.5735249,8.031470498,0.6105161723476165,0.09032389483707323,0.9096761051629269,0.09929236826650056,0.03326580914351096,1.784634190856489,4.433234524286382,1.0057206098879279,1.4613971184760912,1.475619410568463,4.780379820568463,2.1864079721242473,2.8303320774529093,2.8161097853605375,0.6085204459311133,0.000276971599161415,1449872.5721909443,28997.45144381888,0.00015296266818145586,0.00015252701656162323,41989.73796865908,41750.89737232112,16861967.085701793,337239.34171403584,43.304761478401545,0.8660952295680308,16766055.025541138,335321.1005108227,43.05844093542757,0.8611688187085513,"[2.067,2.357]",2.213,"[1.050,1.500]",1.25,0.002,0.0,892,1.7850000000000001,0.12,-3.920685477471,56,2.8593145225289995,0.005,0.0,356,1.7825,0.1,-0.2758164774709999,30,2.7741835225290004,1.800856672242567,1.7944815203165176,0.6297652108458368,0.5847388787687251,1.8468093188065735,1.6753265307645004,0.6045299546224246,0.6080942292002431
26,56,3.116,34.98,1.8312,409.8198518,8.196397037,E04001,1.283490777,0.021375246,0.0089,3.1249000000000002,1.2848000000000002,1.2937,1.0,0.0,0.0,409.8198518,8.196397037,0.6105161723476165,0.09032389483707323,0.9096761051629269,0.09929236826650056,0.03326580914351096,1.797934190856489,4.433234524286382,1.0057206098879279,1.446424018040276,1.4606035435749203,4.81389698357492,2.1940594758517644,2.8702632396887235,2.85608371415408,0.6044118477377494,0.00027975510673612604,1464923.577557979,29298.471554734137,0.00015296266818145583,0.0001525270165616232,43167.187419771806,42921.64940776358,17690770.350993704,353815.40706304135,45.4332870254844,0.9086657406205498,17590143.99930123,351802.8800289462,45.174859278808306,0.903497185686397,"[2.067,2.357]",2.213,"[1.050,1.500]",1.25,0.002,0.0,898,1.797,0.12,-3.920685477471,56,2.8593145225289995,0.005,0.0,359,1.7975,0.1,-0.2758164774709999,31,2.8741835225290004,1.8124549723834775,1.8094815203165178,0.6237627394458157,0.581817042680717,1.8468093188065735,1.7286159252157955,0.6045299546224246,0.5976215931775439
26,56,3.116,34.98,1.8445,418.0578183,8.361156367,E04001,1.260591184,0.018155383,0.0089,3.1249000000000002,1.2715,1.2804,1.0,0.0,0.0,418.0578183,8.361156367,0.6105161723476165,0.09032389483707323,0.9096761051629269,0.09929236826650056,0.03326580914351096,1.811234190856489,4.433234524286382,1.0057206098879279,1.4314509176044605,1.4455876765813773,4.847767926581378,2.201764730070263,2.9101944019245396,2.896057642947623,0.6002572128853267,0.00028244885718850814,1480118.6397471793,29602.37279848405,0.00015296266818145583,0.0001525270165616232,44383.756257713365,44131.29831619863,18554976.30905862,371099.52622555615,47.6527334691884,0.9530546694977539,18449434.29281646,368988.6859004605,47.38168135432619,0.9476336271998616,"[2.067,2.357]",2.213,"[1.050,1.500]",1.25,0.002,0.0,905,1.811,0.12,-3.920685477471,56,2.8593145225289995,0.005,0.0,362,1.8125,0.1,-0.2758164774709999,31,2.8741835225290004,1.825983173443312,1.8244815203165177,0.6164594340604805,0.5789003019145151,1.8468093188065735,1.7286159252157955,0.6045299546224246,0.5976215931775439
26,56,3.116,34.98,1.8578,426.2031142,8.524062283,E04001,1.274040433,0.018348059,0.0089,3.1249000000000002,1.2582000000000002,1.2671000000000001,1.0,0.0,0.0,426.2031142,8.524062283,0.6105161723476165,0.09032389483707323,0.9096761051629269,0.09929236826650056,0.03326580914351096,1.824534190856489,4.433234524286382,1.0057206098879279,1.4164778171686454,1.4305718095878346,4.8819926495878345,2.209523172448715,2.9501255641603548,2.9360315717411654,0.5960564292004306,0.0002850546198623318,1495162.9775579025,29903.25954764995,0.0001529626681814558,0.00015252701656162318,45640.899313719136,45381.29065367877,19452293.42239574,389045.86840227386,49.957215702254885,0.999144313927883,19341647.403013248,386832.9480148836,49.673055529628506,0.9934611104760221,"[2.067,2.357]",2.213,"[1.050,1.500]",1.25,0.002,0.0,912,1.825,0.12,-3.920685477471,57,2.9793145225289996,0.005,0.0,364,1.8225,0.1,-0.2758164774709999,32,2.974183522529,1.839507985587062,1.8344815203165177,0.6088113567758896,0.5769587793737057,1.8682699842653396,1.7819053196670904,0.5912791274064362,0.5871923000074286
26,56,3.116,34.98,1.8712,434.309425,8.686188501,E04001,1.264075722,0.019893651,0.0089,3.1249000000000002,1.2448000000000001,1.2537,1.0,0.0,0.0,434.309425,8.686188501,0.6105161723476165,0.09032389483707323,0.9096761051629269,0.09929236826650056,0.03326580914351096,1.837934190856489,4.433234524286382,1.0057206098879279,1.4013921370303049,1.4154430413387011,4.916832481338702,2.2173931724749902,2.990356960698695,2.9763060563902988,0.5917772830256787,0.00028759277476232383,1510154.159327986,30203.08319003686,0.0001529626681814558,0.00015252701656162318,46950.067137940125,46683.01183881673,20390856.66239017,407817.1332947535,52.36762588949924,1.0473525179105616,20274872.02898469,405497.4406263768,52.06975513342101,1.041395102788311,"[2.067,2.357]",2.213,"[1.050,1.500]",1.25,0.002,0.0,918,1.837,0.12,-3.920685477471,57,2.9793145225289996,0.005,0.0,367,1.8375000000000001,0.1,-0.2758164774709999,32,2.974183522529,1.851097986339397,1.8494815203165178,0.6019630680894617,0.5740511586228049,1.8682699842653396,1.7819053196670904,0.5912791274064362,0.5871923000074286
26,56,3.116,34.98,1.8845,442.3272107,8.846544213,E04001,1.263770319,0.01973652,0.0089,3.1249000000000002,1.2315,1.2404,1.0,0.0,0.0,442.3272107,8.846544213,0.6105161723476165,0.09032389483707323,0.9096761051629269,0.09929236826650056,0.03326580914351096,1.851234190856489,4.433234524286382,1.0057206098879279,1.3864190365944895,1.4004271743451582,4.951767424345158,2.225256709762979,3.030288122934511,3.016279985183842,0.5874835427600659,0.00029002719631204463,1525123.2171485515,30502.464339523074,0.00015296266818145578,0.00015252701656162315,48293.315573466,48018.61978233453,21361447.57306609,427228.9514130284,54.86028927012971,1.0972057852785677,21239942.149983875,424798.8429516588,54.54824006862408,1.0909648012491604,"[2.067,2.357]",2.213,"[1.050,1.500]",1.25,0.002,0.0,925,1.851,0.12,-3.920685477471,57,2.9793145225289996,0.005,0.0,370,1.8525,0.1,-0.2758164774709999,32,2.974183522529,1.8646165115329936,1.8644815203165177,0.5936083636568653,0.5711493752189005,1.8682699842653396,1.7819053196670904,0.5912791274064362,0.5871923000074286
26,56,3.116,34.98,1.8978,450.2621798,9.005243596,E04001,1.279254678,0.019855099,0.0089,3.1249000000000002,1.2182000000000002,1.2271,1.0,0.0,0.0,450.2621798,9.005243596,0.6105161723476165,0.09032389483707323,0.9096761051629269,0.09929236826650056,0.03326580914351096,1.864534190856489,4.433234524286382,1.0057206098879279,1.3714459361586742,1.3854113073516154,4.987056147351615,2.2331717684386967,3.070219285170326,3.0562539139773843,0.5831433565618562,0.00029237888150432384,1539995.561523965,30799.911230479298,0.0001529626681814558,0.00015252701656162318,49681.910898225266,49399.31667877578,22369885.497664284,447397.70995328564,57.45015103231578,1.1490030206463155,22242644.00841608,444852.88016832154,57.12337051412093,1.1424674102824186,"[2.067,2.357]",2.213,"[1.050,1.500]",1.25,0.002,0.0,932,1.865,0.12,-3.920685477471,58,3.0993145225289997,0.005,0.0,372,1.8625,0.1,-0.2758164774709999,33,3.074183522529,1.8781316550751157,1.8744815203165177,0.5848328959541526,0.5692182273517837,1.8895677880446522,1.8351947141183855,0.5770533312409099,0.5768204047150021
26,56,3.116,34.98,1.9111,458.1064421,9.162128843,E04001,1.283544491,0.019864379,0.0089,3.1249000000000002,1.2049,1.2138,1.0,0.0,0.0,458.1064421,9.162128843,0.6105161723476165,0.09032389483707323,0.9096761051629269,0.09929236826650056,0.03326580914351096,1.877834190856489,4.433234524286382,1.0057206098879279,1.3564728357228586,1.3703954403580725,5.022698650358072,2.241137802625727,3.110150447406141,3.096227842770927,0.5787566395165515,0.0002946495504258134,1554750.181827756,31095.003639948984,0.00015296266818145578,0.00015252701656162315,51117.58414685769,50826.82371653293,23417294.60226434,468345.8920964044,60.14009824989,1.2028019651290798,23284095.376024798,465681.90757132275,59.798017121864184,1.1959603425678167,"[2.067,2.357]",2.213,"[1.050,1.500]",1.25,0.002,0.0,938,1.877,0.12,-3.920685477471,58,3.0993145225289997,0.005,0.0,375,1.8775,0.1,-0.2758164774709999,33,3.074183522529,1.8897133742297783,1.8894815203165176,0.5769521043673246,0.5663267596668892,1.8895677880446522,1.8351947141183855,0.5770533312409099,0.5768204047150021
26,56,3.116,34.98,1.9244,465.953456,9.31906912,E04001,1.272659302,0.019637154,0.0089,3.1249000000000002,1.1916,1.2005,1.0,0.0,0.0,465.953456,9.31906912,0.6105161723476165,0.09032389483707323,0.9096761051629269,0.09929236826650056,0.03326580914351096,1.8911341908564892,4.433234524286382,1.0057206098879279,1.341499735287043,1.3553795733645293,5.05869493336453,2.2491542706903256,3.150081609641958,3.1362017715644717,0.5743233138734053,0.00029684090892152885,1569707.6851465132,31394.153702930264,0.00015296266818145578,0.00015252701656162315,52602.14488633217,52302.940169630085,24510151.202799205,490203.02405598405,62.946763342742024,1.2589352668548404,24370735.731000364,487414.71462000726,62.58871770536398,1.2517743541072797,"[2.067,2.357]",2.213,"[1.050,1.500]",1.25,0.002,0.0,945,1.891,0.12,-3.920685477471,58,3.0993145225289997,0.005,0.0,378,1.8925,0.1,-0.2758164774709999,34,3.1741835225290003,1.9032222442890827,1.9044815203165177,0.5673081747602181,0.5634418224248648,1.8895677880446522,1.8884841085696809,0.5770533312409099,0.5665188253442877
26,56,3.116,34.98,1.9378,473.7931472,9.475862944,E04001,1.279039183,0.019628819,0.0089,3.1249000000000002,1.1782000000000001,1.1871,1.0,0.0,0.0,473.7931472,9.475862944,0.6105161723476165,0.09032389483707323,0.9096761051629269,0.09929236826650056,0.03326580914351096,1.904534190856489,4.433234524286382,1.0057206098879279,1.3264140551487027,1.340250805115396,5.095319645115396,2.2572814722837284,3.1903130061802973,3.176476256213604,0.569809447974829,0.0002989702509425473,1584750.140545081,31695.00281090162,0.00015296266818145583,0.0001525270165616232,54149.22678593729,53841.22215808164,25655532.57735577,513110.65154711535,65.88832211669045,1.317766442333809,25509602.095371876,510192.0419074375,65.51354468517125,1.3102708937034249,"[2.067,2.357]",2.213,"[1.050,1.500]",1.25,0.002,0.0,952,1.905,0.12,-3.920685477471,59,3.219314522529,0.005,0.0,380,1.9025,0.1,-0.2758164774709999,34,3.1741835225290003,1.9167277399356095,1.9144815203165177,0.5571433146464082,0.5615222814749907,1.910706382608621,1.8884841085696809,0.5617425532546245,0.5665188253442877
26,56,3.116,34.98,1.9511,481.5182508,9.630365016,E04001,1.287593978,0.019604657,0.0089,3.1249000000000002,1.1649,1.1738,1.0,0.0,0.0,481.5182508,9.630365016,0.6105161723476165,0.09032389483707323,0.9096761051629269,0.09929236826650056,0.03326580914351096,1.917834190856489,4.433234524286382,1.0057206098879279,1.3114409547128871,1.3252349381218531,5.132026148121853,2.2653975695497364,3.2302441684161125,3.2164501850071465,0.5652823495956184,0.0003010074810640242,1599688.649258459,31993.772985169184,0.00015296266818145586,0.00015252701656162323,55737.731834019134,55420.69167721466,26838735.136276368,536774.7027255275,68.92701293694111,1.3785402587388227,26686074.51453852,533721.4902907704,68.53495121733856,1.3706990243467712,"[2.067,2.357]",2.213,"[1.050,1.500]",1.25,0.002,0.0,958,1.917,0.12,-3.920685477471,59,3.219314522529,0.005,0.0,383,1.9175,0.1,-0.2758164774709999,34,3.1741835225290003,1.9283011952200368,1.9294815203165177,0.5479838279594199,0.5586487751379016,1.910706382608621,1.8884841085696809,0.5617425532546245,0.5665188253442877
26,56,3.116,34.98,1.9644,489.223311,9.78446622,E04001,1.273447086,0.019336773,0.0089,3.1249000000000002,1.1516000000000002,1.1605,1.0,0.0,0.0,489.223311,9.78446622,0.6105161723476165,0.09032389483707323,0.9096761051629269,0.09929236826650056,0.03326580914351096,1.931134190856489,4.433234524286382,1.0057206098879279,1.296467854277072,1.3102190711283104,5.16908643112831,2.2735624977396838,3.270175330651928,3.2564241138006897,0.5607084534005009,0.00030297043861362904,1614755.9254911165,32295.11850982233,0.00015296266818145578,0.00015252701656162315,57381.08527033538,57054.6976030745,28072164.524726808,561443.2904945362,72.09469587664921,1.4418939175329843,27912488.06947987,558249.7613895974,71.68461615267391,1.4336923230534782,"[2.067,2.357]",2.213,"[1.050,1.500]",1.25,0.002,0.0,965,1.931,0.12,-3.920685477471,59,3.219314522529,0.005,0.0,386,1.9325,0.1,-0.2758164774709999,35,3.2741835225290004,1.9418004308030632,1.9444815203165178,0.536735025440173,0.5557824446721582,1.910706382608621,1.941773503020976,0.5617425532546245,0.556299374959938
26,56,3.116,34.98,1.9777,496.8992958,9.937985915,E04001,1.273899974,0.019219186,0.0089,3.1249000000000002,1.1383,1.1472,1.0,0.0,0.0,496.8992958,9.937985915,0.6105161723476165,0.09032389483707323,0.9096761051629269,0.09929236826650056,0.03326580914351096,1.944434190856489,4.433234524286382,1.0057206098879279,1.2814947538412564,1.2952032041347674,5.206500494134768,2.28177573265533,3.310106492887744,3.296398042594233,0.5560877117892491,0.00030486076591435934,1629922.0869227482,32598.44173517478,0.0001529626681814558,0.00015252701656162318,59081.458172598774,58745.39866413048,29357534.960801486,587150.6991569482,75.39577337624902,1.507915467373248,29190547.2276967,583810.9444951885,74.96691689021937,1.4993383376535179,"[2.067,2.357]",2.213,"[1.050,1.500]",1.25,0.002,0.0,972,1.945,0.12,-3.920685477471,60,3.339314522529,0.005,0.0,388,1.9425000000000001,0.1,-0.2758164774709999,35,3.2741835225290004,1.9552962991862373,1.9544815203165178,0.5248305207408505,0.5538756581467432,1.9316892859070816,1.941773503020976,0.5452195076295165,0.556299374959938
26,56,3.116,34.98,1.9911,504.6378423,10.09275685,E04001,1.301923766,0.019499132,0.0089,3.1249000000000002,1.1249,1.1338,1.0,0.0,0.0,504.6378423,10.09275685,0.6105161723476165,0.09032389483707323,0.9096761051629269,0.09929236826650056,0.03326580914351096,1.9578341908564891,4.433234524286382,1.0057206098879279,1.266409073702916,1.280074435885634,5.2445536458856346,2.290099047178011,3.3503378894260836,3.3366725272433655,0.5513848124336832,0.00030669350229687014,1645414.1953471373,32908.283919985086,0.00015296266818145575,0.00015252701656162312,60854.58630361182,60508.44111705449,30709527.126313798,614190.5427696944,78.86794823880253,1.5773589654011957,30534849.16624698,610696.9835669734,78.41934177682921,1.5683868361581732,"[2.067,2.357]",2.213,"[1.050,1.500]",1.25,0.002,0.0,978,1.957,0.12,-3.920685477471,60,3.339314522529,0.005,0.0,391,1.9575,0.1,-0.2758164774709999,36,3.3741835225290004,1.9668615082647065,1.9694815203165177,0.5140609042605606,0.5510217954428511,1.9316892859070816,1.995062897472271,0.5452195076295165,0.5461727985583865
26,56,3.116,34.98,2.0044,512.2511477,10.24502295,E04001,1.306000002,0.020497758,0.0089,3.1249000000000002,1.1116000000000001,1.1205,1.0,0.0,0.0,512.2511477,10.24502295,0.6105161723476165,0.09032389483707323,0.9096761051629269,0.09929236826650056,0.03326580914351096,1.971134190856489,4.433234524286382,1.0057206098879279,1.2514359732671008,1.2650585688920912,5.282677928892091,2.2984076942292226,3.3902690516618996,3.3766464560369087,0.5466699159955203,0.00030844291085502934,1660764.8601162445,33215.29718935652,0.00015296266818145578,0.00015252701656162315,62676.40472235585,62319.89690391268,32106060.252736486,642121.2048040241,82.45451282103934,1.6490902557769267,31923438.71357495,638468.7740222194,81.98550572631461,1.6397101138860946,"[2.067,2.357]",2.213,"[1.050,1.500]",1.25,0.002,0.0,985,1.971,0.12,-3.920685477471,60,3.339314522529,0.005,0.0,394,1.9725000000000001,0.1,-0.2758164774709999,36,3.3741835225290004,1.9803511299559204,1.9844815203165178,0.5007791275035277,0.5481757077320221,1.9316892859070816,1.995062897472271,0.5452195076295165,0.5461727985583865
26,56,3.116,34.98,2.0177,519.9012082,10.39802416,E04001,1.284859488,0.017580263,0.0089,3.1249000000000002,1.0983,1.1072,1.0,0.0,0.0,519.9012082,10.39802416,0.6105161723476165,0.09032389483707323,0.9096761051629269,0.09929236826650056,0.03326580914351096,1.984434190856489,4.433234524286382,1.0057206098879279,1.2364628728312852,1.250042701898548,5.321155991898548,2.3067630983476715,3.4302002138977157,3.416620384830453,0.5419080790424904,0.00031012452265424215,1676427.2742779453,33528.54547266086,0.0001529626681814558,0.00015252701656162318,64562.421186261236,64195.18557291545,33566080.77905449,671321.6153228402,86.20412520756715,1.7240825034881082,33375154.539981954,667503.0905428584,85.71379005266013,1.7142758003937404,"[2.067,2.357]",2.213,"[1.050,1.500]",1.25,0.002,0.0,992,1.985,0.12,-3.920685477471,61,3.459314522529,0.005,0.0,396,1.9825000000000002,0.1,-0.2758164774709999,36,3.3741835225290004,1.9938373916345284,1.9944815203165178,0.4866559431749705,0.5462827408198948,1.952519888210603,1.995062897472271,0.5273361115553307,0.5461727985583865
26,56,3.116,34.98,2.031,527.5355298,10.5507106,E04001,1.277639063,0.018918157,0.0089,3.1249000000000002,1.085,1.0938999999999999,1.0,0.0,0.0,527.5355298,10.5507106,0.6105161723476165,0.09032389483707323,0.9096761051629269,0.09929236826650056,0.03326580914351096,1.9977341908564892,4.433234524286382,1.0057206098879279,1.2214897723954696,1.2350268349050053,5.359987834905006,2.3151647532961896,3.470131376133531,3.456594313623995,0.537099286403401,0.00031173990817107334,1692229.6952448725,33844.593917728664,0.0001529626681814558,0.00015252701656162318,66515.26024816987,66136.9167482627,35089163.05480317,701783.2613621245,90.11569224645704,1.8023138456124366,34889573.41613325,697791.4685872127,89.60310782186221,1.7920621571166537,"[2.067,2.357]",2.213,"[1.050,1.500]",1.25,0.002,0.0,998,1.997,0.12,-3.920685477471,61,3.459314522529,0.005,0.0,399,1.9975,0.1,-0.2758164774709999,37,3.474183522529,2.0053943721084764,2.0094815203165175,0.4738191714387532,0.5434500817379442,1.952519888210603,2.0483522919235657,0.5273361115553307,0.5361488139326124
26,56,3.116,34.98,2.0443,535.191447,10.70382894,E04001,1.264967899,0.018684902,0.0089,3.1249000000000002,1.0717000000000003,1.0806000000000002,1.0,0.0,0.0,535.191447,10.70382894,0.6105161723476165,0.09032389483707323,0.9096761051629269,0.09929236826650056,0.03326580914351096,2.011034190856489,4.433234524286382,1.0057206098879279,1.2065166719596545,1.2200109679114626,5.399173457911462,2.3236121573772723,3.510062538369345,3.4965682424175375,0.5322435313478064,0.00031329061894408205,1708290.6880640564,34165.813761281126,0.00015296266818145583,0.0001525270165616232,68537.67720447769,68147.83005402978,36680778.63708333,733615.5727416666,94.2032659444507,1.884065318889014,36472135.77652629,729442.7155305257,93.66743111185542,1.8733486222371083,"[2.067,2.357]",2.213,"[1.050,1.500]",1.25,0.002,0.0,1005,2.011,0.12,-3.920685477471,61,3.459314522529,0.005,0.0,402,2.0125,0.1,-0.2758164774709999,37,3.474183522529,2.0188744004191506,2.0244815203165176,0.4579089453422605,0.5406257519066023,1.952519888210603,2.0483522919235657,0.5273361115553307,0.5361488139326124
26,56,3.116,34.98,2.0577,542.9247292,10.85849458,E04001,1.281945659,0.018787135,0.0089,3.1249000000000002,1.0583,1.0672,1.0,0.0,0.0,542.9247292,10.85849458,0.6105161723476165,0.09032389483707323,0.9096761051629269,0.09929236826650056,0.03326580914351096,2.024434190856489,4.433234524286382,1.0057206098879279,1.191430991821314,1.204882199662329,5.439011489662329,2.332168838155233,3.5502939349076867,3.536842727066672,0.5273037753498394,0.0003147891366486482,1724725.1127537647,34494.50224236838,0.00015296266818145578,0.00015252701656162315,70648.59933421107,70246.74510954268,38356871.66188585,767137.4329551226,98.50779389695944,1.9701558772134322,38138695.06577989,762773.9010346107,97.94747460523517,1.958949491383075,"[2.067,2.357]",2.213,"[1.050,1.500]",1.25,0.002,0.0,1012,2.025,0.12,-3.920685477471,62,3.579314522529,0.005,0.0,404,2.0225,0.1,-0.2758164774709999,38,3.574183522529,2.0323510758789283,2.0344815203165174,0.4408941483967469,0.5387475900418952,1.9732014585053466,2.1016416863748613,0.507919061376691,0.5262361556107894
26,56,3.116,34.98,2.071,550.6234536,11.01246907,E04001,1.278550696,0.018706068,0.0089,3.1249000000000002,1.045,1.0538999999999998,1.0,0.0,0.0,550.6234536,11.01246907,0.6105161723476165,0.09032389483707323,0.9096761051629269,0.09929236826650056,0.03326580914351096,2.037734190856489,4.433234524286382,1.0057206098879279,1.1764578913854984,1.189866332668786,5.478907332668787,2.3407065883336995,3.590225097143502,3.576816655860214,0.5223537567711913,0.0003162146174623267,1741296.64851942,34825.932964063584,0.0001529626681814558,0.00015252701656162318,72819.58164341771,72405.37871798445,40096169.53420582,801923.3905384773,102.97464400512834,2.059492879728538,39868099.68891253,797361.99363344,102.38891695438487,2.047778338715796,"[2.067,2.357]",2.213,"[1.050,1.500]",1.25,0.002,0.0,1018,2.037,0.12,-3.920685477471,62,3.579314522529,0.005,0.0,407,2.0375,0.1,-0.2758164774709999,38,3.574183522529,2.043899845287271,2.0494815203165175,0.42534196208588926,0.5359375761790057,1.9732014585053466,2.1016416863748613,0.507919061376691,0.5262361556107894
26,56,3.116,34.98,2.0843,558.3585836,11.16717167,E04001,1.284121031,0.01880512,0.0089,3.1249000000000002,1.0317000000000003,1.0406000000000002,1.0,0.0,0.0,558.3585836,11.16717167,0.6105161723476165,0.09032389483707323,0.9096761051629269,0.09929236826650056,0.03326580914351096,2.051034190856489,4.433234524286382,1.0057206098879279,1.1614847909496833,1.1748504656752434,5.519156955675243,2.349288606296647,3.6301562593793166,3.6167905846537565,0.5173568077719031,0.0003175799725000406,1758166.8617341057,35163.337228384495,0.00015296266818145578,0.00015252701656162315,75069.30078339789,74642.3012965432,41915588.457260415,838311.7689950698,107.64726031921067,2.152945205998629,41677169.6285823,833543.3924223615,107.0349550967304,2.140699101551217,"[2.067,2.357]",2.213,"[1.050,1.500]",1.25,0.002,0.0,1025,2.051,0.12,-3.920685477471,62,3.579314522529,0.005,0.0,410,2.0525,0.1,-0.2758164774709999,38,3.574183522529,2.057370300655826,2.0644815203165177,0.40594987566560503,0.5331364024689794,1.9732014585053466,2.1016416863748613,0.507919061376691,0.5262361556107894
26,56,3.116,34.98,2.0976,566.1403417,11.32280683,E04001,1.280601198,0.018723273,0.0089,3.1249000000000002,1.0184000000000002,1.0273,1.0,0.0,0.0,566.1403417,11.32280683,0.6105161723476165,0.09032389483707323,0.9096761051629269,0.09929236826650056,0.03326580914351096,2.064334190856489,4.433234524286382,1.0057206098879279,1.146511690513868,1.1598345986817005,5.5597603586817,2.3579144086844415,3.670087421615132,3.656764513447299,0.5123129568082794,0.00031888667438763465,1775365.3168078354,35507.30632361306,0.00015296266818145578,0.00015252701656162315,77401.12351125132,76960.86045196636,43819898.51262373,876397.96994287,112.537893322424,2.2507578656533562,43570647.83380225,871412.9563682015,111.89776983387524,2.2379553958869036,"[2.357,2.642]",2.5,"[1.050,1.500]",1.25,0.002,0.0,1032,2.065,0.24,-5.273316477470999,37,3.726683522529001,0.005,0.0,412,2.0625,0.1,-0.2758164774709999,39,3.6741835225290003,2.083306184747606,2.0744815203165174,0.606106453711571,0.5312739540127426,2.2203158498709357,2.1549310808261564,0.5154299212807241,0.5164426210684868
26,56,3.116,34.98,2.111,574.0205648,11.4804113,E04001,1.266505147,0.018466237,0.0089,3.1249000000000002,1.005,1.0138999999999998,1.0,0.0,0.0,574.0205648,11.4804113,0.6105161723476165,0.09032389483707323,0.9096761051629269,0.09929236826650056,0.03326580914351096,2.0777341908564892,4.433234524286382,1.0057206098879279,1.131426010375527,1.1447058304325666,5.601026830432567,2.3666488608225276,3.7103188181534734,3.697038998096434,0.5071837879994335,0.0003201453571919443,1792999.810569934,35859.99622389301,0.00015296266818145583,0.0001525270165616232,79837.10471436907,79382.98562188726,45828139.94013888,916562.799122126,117.69544199794785,2.353908840779105,45567466.242186,911349.325161252,117.02598200812767,2.3405196409780364,"[2.357,2.642]",2.5,"[1.050,1.500]",1.25,0.002,0.0,1038,2.077,0.24,-5.273316477470999,37,3.726683522529001,0.005,0.0,415,2.0775,0.1,-0.2758164774709999,39,3.6741835225290003,2.094844108506777,2.0894815203165176,0.5999866256905085,0.528487912643903,2.2203158498709357,2.1549310808261564,0.5154299212807241,0.5164426210684868
26,56,3.116,34.98,2.1243,581.8976304,11.63795261,E04001,1.269982831,0.018388114,0.0089,3.1249000000000002,0.9917000000000002,1.0006000000000002,1.0,0.0,0.0,581.8976304,11.63795261,0.6105161723476165,0.09032389483707323,0.9096761051629269,0.09929236826650056,0.03326580914351096,2.091034190856489,4.433234524286382,1.0057206098879279,1.116452909939712,1.129689963439024,5.642340453439024,2.375361120638086,3.750249980389288,3.737012926889976,0.5020459032420354,0.00032133867537772917,1810854.6371394212,36217.09274901239,0.00015296266818145583,0.0001525270165616232,82344.64496599698,81876.26280739442,47916153.78184293,958323.0758015478,123.05786151395247,2.461157230702003,47643603.31363047,952872.0664363618,122.35789970304516,2.4471579944814508,"[2.357,2.642]",2.5,"[1.050,1.500]",1.25,0.002,0.0,1045,2.091,0.24,-5.273316477470999,37,3.726683522529001,0.005,0.0,418,2.0925000000000002,0.1,-0.2758164774709999,40,3.774183522529,2.108301919366653,2.1044815203165177,0.5925587866306607,0.5257111805355521,2.2203158498709357,2.208220475277451,0.5154299212807241,0.506775118494584
26,56,3.116,34.98,2.1376,589.8039232,11.79607846,E04001,1.261436167,0.018141622,0.0089,3.1249000000000002,0.9784000000000002,0.9873000000000002,1.0,0.0,0.0,589.8039232,11.79607846,0.6105161723476165,0.09032389483707323,0.9096761051629269,0.09929236826650056,0.03326580914351096,2.104334190856489,4.433234524286382,1.0057206098879279,1.1014798095038965,1.114674096445481,5.684007856445481,2.3841157388947125,3.7901811426251033,3.7769868556835187,0.49686125753347193,0.00032247764639616776,1828976.1470021976,36579.52292763999,0.0001529626681814558,0.00015252701656162318,84945.534849022,84462.35864499971,50101209.7122755,1002024.1939057278,128.66950370275651,2.5733900731825043,49816230.491546266,996324.6094930759,127.93762247459038,2.5587524486241455,"[2.357,2.642]",2.5,"[1.050,1.500]",1.25,0.002,0.0,1052,2.105,0.24,-5.273316477470999,37,3.726683522529001,0.005,0.0,420,2.1025,0.1,-0.2758164774709999,40,3.774183522529,2.121756393922489,2.1144815203165175,0.5848015344523589,0.5238652795494916,2.2203158498709357,2.208220475277451,0.5154299212807241,0.506775118494584
26,56,3.116,34.98,2.1509,597.7882808,11.95576562,E04001,1.242914965,0.016611232,0.0089,3.1249000000000002,0.9651000000000001,0.9740000000000001,1.0,0.0,0.0,597.7882808,11.95576562,0.6105161723476165,0.09032389483707323,0.9096761051629269,0.09929236826650056,0.03326580914351096,2.117634190856489,4.433234524286382,1.0057206098879279,1.0865067090680811,1.0996582294519384,5.726029039451938,2.3929122506794807,3.83011230486092,3.8169607844770628,0.49162991661609895,0.00032356366058490684,1847513.6537872537,36950.273088107395,0.00015296266818145578,0.00015252701656162315,87643.92877304646,87145.4039137301,52392513.5037971,1047850.2704265176,134.55401075119795,2.6910802159243046,52094501.18521031,1041890.0240527877,133.78865803117222,2.6757731615186686,"[2.357,2.642]",2.5,"[1.050,1.500]",1.25,0.002,0.0,1058,2.117,0.24,-5.273316477470999,37,3.726683522529001,0.005,0.0,423,2.1175,0.1,-0.2758164774709999,40,3.774183522529,2.133286147138982,2.1294815203165176,0.5778737213187456,0.521104427823785,2.2203158498709357,2.208220475277451,0.5154299212807241,0.506775118494584
26,56,3.116,34.98,2.1642,605.9260885,12.11852177,E04001,1.252628026,0.016833736,0.0089,3.1249000000000002,0.9518,0.9607,1.0,0.0,0.0,605.9260885,12.11852177,0.6105161723476165,0.09032389483707323,0.9096761051629269,0.09929236826650056,0.03326580914351096,2.130934190856489,4.433234524286382,1.0057206098879279,1.0715336086322655,1.0846423624583952,5.768404002458396,2.401750195681973,3.870043467096735,3.856934713270605,0.48635195584909613,0.00032459808742653736,1866696.4223476283,37333.92844695257,0.00015296266818145578,0.00015252701656162315,90444.21219984596,89929.7591305448,54802507.72571664,1096050.1545143328,140.74333756070453,2.814866751214091,54490787.18971817,1089815.7437943635,139.94277951248134,2.798855590249627,"[2.357,2.642]",2.5,"[1.050,1.500]",1.25,0.002,0.0,1065,2.1310000000000002,0.24,-5.273316477470999,38,3.966683522529001,0.005,0.0,426,2.1325,0.1,-0.2758164774709999,41,3.8741835225290004,2.1467344322790254,2.1444815203165173,0.5694450749266533,0.5183533142706431,2.2580817241395157,2.2615098697287466,0.48117070783832533,0.49723971547086
26,56,3.116,34.98,2.1776,614.0611661,12.28122332,E04001,1.270231767,0.018076375,0.0089,3.1249000000000002,0.9384000000000001,0.9473000000000001,1.0,0.0,0.0,614.0611661,12.28122332,0.6105161723476165,0.09032389483707323,0.9096761051629269,0.09929236826650056,0.03326580914351096,2.144334190856489,4.433234524286382,1.0057206098879279,1.0564479284939252,1.069513594209262,5.8114553542092615,2.4106960310684675,3.9102748636350744,3.8972091979197376,0.4809872505043952,0.00032558948846930335,1885998.129076252,37719.962575382335,0.00015296266818145583,0.0001525270165616232,93373.28915938029,92842.17529338025,57336910.823801555,1146738.2162892844,147.25217019540668,2.9450434034285324,57010774.42391369,1140215.4882925893,146.41458944727768,2.9282917884686803,"[2.357,2.642]",2.5,"[1.050,1.500]",1.25,0.002,0.0,1072,2.145,0.24,-5.273316477470999,38,3.966683522529001,0.005,0.0,428,2.1425,0.1,-0.2758164774709999,41,3.8741835225290004,2.1601793881927733,2.1544815203165175,0.5606189604632003,0.5165247233592211,2.2580817241395157,2.2615098697287466,0.48117070783832533,0.49723971547086
26,56,3.116,34.98,2.1909,622.298066,12.44596132,E04001,1.258239488,0.017837112,0.0089,3.1249000000000002,0.9251,0.934,1.0,0.0,0.0,622.298066,12.44596132,0.6105161723476165,0.09032389483707323,0.9096761051629269,0.09929236826650056,0.03326580914351096,2.157634190856489,4.433234524286382,1.0057206098879279,1.0414748280581096,1.054497727215719,5.854540537215719,2.4196157829737595,3.9502060258708913,3.9371831267132817,0.4756159663961475,0.0003265244024895087,1905824.0708977166,38116.48141795433,0.0001529626681814558,0.00015252701656162318,96392.37118529879,95844.084567423,59984786.16576556,1199695.7233153114,154.05242128862128,3.0810484257724258,59643588.46384777,1192871.7692769556,153.17616023180437,3.063523204636088,"[2.357,2.642]",2.5,"[1.050,1.500]",1.25,0.002,0.0,1078,2.157,0.24,-5.273316477470999,38,3.966683522529001,0.005,0.0,431,2.1575,0.1,-0.2758164774709999,42,3.974183522529,2.1717009881998663,2.1694815203165176,0.552716032741415,0.5137901725880865,2.2580817241395157,2.3147992641800412,0.48117070783832533,0.48784168800284194
26,56,3.116,34.98,2.2042,630.5920728,12.61184146,E04001,1.243276016,0.017761086,0.0089,3.1249000000000002,0.9117999999999999,0.9207,1.0,0.0,0.0,630.5920728,12.61184146,0.6105161723476165,0.09032389483707323,0.9096761051629269,0.09929236826650056,0.03326580914351096,2.170934190856489,4.433234524286382,1.0057206098879279,1.026501727622294,1.039481860222176,5.897979500222176,2.4285756113866777,3.9901371881067065,3.9771570555068245,0.4701983482357165,0.00032741172153787177,1925991.133848454,38519.82268918612,0.0001529626681814558,0.00015252701656162318,99528.0937654467,98961.97093598149,62761626.94938579,1255232.5393858282,161.18388034004707,3.22367760782337,62404634.38089392,1248092.6880137264,160.26705504027458,3.2053411018221047,"[2.357,2.642]",2.5,"[0.650,1.050]",0.8,0.002,0.0,1085,2.1710000000000003,0.24,-5.273316477470999,38,3.966683522529001,0.005,0.0,434,2.1725,0.1,0.17418352252900005,38,4.024183522529,2.1851397678189954,2.180168173002571,0.5430747657270909,0.42044022589595664,2.2580817241395157,2.1016416863748613,0.48117070783832533,0.43573073254398886
26,56,3.116,34.98,2.2175,638.9563471,12.77912694,E04001,1.247346558,0.017685089,0.0089,3.1249000000000002,0.8985000000000003,0.9074000000000003,1.0,0.0,0.0,638.9563471,12.77912694,0.6105161723476165,0.09032389483707323,0.9096761051629269,0.09929236826650056,0.03326580914351096,2.184234190856489,4.433234524286382,1.0057206098879279,1.0115286271864792,1.0244659932286335,5.941772243228633,2.4375750743779427,4.030068350342521,4.017130984300366,0.46473451110498326,0.0003282527309404563,1946537.7950378852,38930.755894664835,0.00015296266818145578,0.00015252701656162315,102785.94466408873,102201.29094852958,65675731.735788874,1313514.6345102056,168.66785964429212,3.3733571923578944,65302163.53337676,1306043.2704631325,167.70846494145883,3.3541692983042313,"[2.357,2.642]",2.5,"[0.650,1.050]",0.8,0.002,0.0,1092,2.185,0.24,-5.273316477470999,38,3.966683522529001,0.005,0.0,436,2.1825,0.1,0.17418352252900005,38,4.024183522529,2.198575225264591,2.1901681730025713,0.5329477973490339,0.4185312392944235,2.2580817241395157,2.1016416863748613,0.48117070783832533,0.43573073254398886
26,56,3.116,34.98,2.2309,647.4601193,12.94920239,E04001,1.252586802,0.017761712,0.0089,3.1249000000000002,0.8851,0.894,1.0,0.0,0.0,647.4601193,12.94920239,0.6105161723476165,0.09032389483707323,0.9096761051629269,0.09929236826650056,0.03326580914351096,2.197634190856489,4.433234524286382,1.0057206098879279,0.9964429470481385,1.0093372249794998,5.9862520349795005,2.4466818417970697,4.070299746880862,4.057405468949501,0.45918297797808655,0.00032905451222338313,1967637.8692551185,39352.757397258414,0.00015296266818145575,0.00015252701656162312,106197.69583457729,105593.63583730414,68758772.81444052,1375175.4567136012,176.58569970770526,3.53171399524505,68367668.0565417,1367353.3615532084,175.58126777115865,3.511625356507912,"[2.357,2.642]",2.5,"[0.650,1.050]",0.8,0.002,0.0,1098,2.197,0.24,-5.273316477470999,38,3.966683522529001,0.005,0.0,439,2.1975000000000002,0.1,0.17418352252900005,38,4.024183522529,2.2100886893343628,2.2051681730025714,0.5238529878183213,0.41568395786643997,2.2580817241395157,2.1016416863748613,0.48117070783832533,0.43573073254398886
26,56,3.116,34.98,2.2442,655.9827215,13.11965443,E04001,1.227166469,0.017378507,0.0089,3.1249000000000002,0.8717999999999999,0.8806999999999999,1.0,0.0,0.0,655.9827215,13.11965443,0.6105161723476165,0.09032389483707323,0.9096761051629269,0.09929236826650056,0.03326580914351096,2.2109341908564892,4.433234524286382,1.0057206098879279,0.981469846612323,0.9943213579859567,6.030754997985958,2.455759556224094,4.1102309091166775,4.097379397743044,0.4536267440249169,0.00032980634949298634,1988993.6094573284,39779.87218914657,0.00015296266818145583,0.0001525270165616232,109718.6322345907,109094.54490230359,71973526.97250444,1439470.5394500887,184.84180418941222,3.696836083788244,71564136.46581706,1431282.7293163412,183.7904109472411,3.675808218944822,"[2.357,2.642]",2.5,"[0.650,1.050]",0.8,0.002,0.0,1105,2.211,0.24,-5.273316477470999,39,4.206683522529001,0.005,0.0,442,2.2125,0.1,0.17418352252900005,39,4.124183522529,2.223517983560207,2.220168173002571,0.5127228228135142,0.41285611413194984,2.295406563984193,2.1549310808261564,0.4414907548941417,0.4252963542573445
26,56,3.116,34.98,2.2575,664.5829892,13.29165978,E04001,1.211285894,0.017153614,0.0089,3.1249000000000002,0.8585000000000003,0.8674000000000003,1.0,0.0,0.0,664.5829892,13.29165978,0.6105161723476165,0.09032389483707323,0.9096761051629269,0.09929236826650056,0.03326580914351096,2.224234190856489,4.433234524286382,1.0057206098879279,0.9664967461765078,0.9793054909924143,6.0756117409924135,2.464875603553334,4.150162071352493,4.137353326536586,0.44802469907189013,0.00033051561607412507,2010746.10965115,40214.922180920694,0.00015296266818145583,0.0001525270165616232,113380.27407792228,112735.35906811811,75350601.46302086,1507012.0288068962,193.51477837820755,3.870295566399422,74922001.91802527,1498440.0379095636,192.41405264606422,3.84828105176318,"[2.357,2.642]",2.5,"[0.650,1.050]",0.8,0.002,0.0,1112,2.225,0.24,-5.273316477470999,39,4.206683522529001,0.005,0.0,444,2.2225,0.1,0.17418352252900005,39,4.124183522529,2.2369439626404173,2.2301681730025713,0.5009904777951477,0.4109816812325704,2.295406563984193,2.1549310808261564,0.4414907548941417,0.4252963542573445
26,56,3.116,34.98,2.2708,673.2686719,13.46537344,E04001,1.235762237,0.017823494,0.0089,3.1249000000000002,0.8452000000000002,0.8541000000000002,1.0,0.0,0.0,673.2686719,13.46537344,0.6105161723476165,0.09032389483707323,0.9096761051629269,0.09929236826650056,0.03326580914351096,2.237534190856489,4.433234524286382,1.0057206098879279,0.9515236457406924,0.9642896239988712,6.120822263998871,2.47402956004953,4.190093233588307,4.177327255330129,0.4423769996840152,0.00033118351317919367,2032917.2350307005,40658.34470665296,0.0001529626681814558,0.00015252701656162318,117189.57744860569,116522.9948520839,78900071.16934493,1578001.423621278,202.63049650444646,4.052609930690861,78451281.98987305,1569025.6400305072,201.47791992353277,4.029558399069162,"[2.357,2.642]",2.5,"[0.650,1.050]",0.8,0.002,0.0,1118,2.237,0.24,-5.273316477470999,39,4.206683522529001,0.005,0.0,447,2.2375000000000003,0.1,0.17418352252900005,40,4.224183522529,2.2484493079840604,2.2451681730025714,0.49041749200181084,0.4081862190577499,2.295406563984193,2.208220475277451,0.4414907548941417,0.41510695381153195
26,56,3.116,34.98,2.2841,682.0086235,13.64017247,E04001,1.212594638,0.015835577,0.0089,3.1249000000000002,0.8319000000000001,0.8408000000000001,1.0,0.0,0.0,682.0086235,13.64017247,0.6105161723476165,0.09032389483707323,0.9096761051629269,0.09929236826650056,0.03326580914351096,2.250834190856489,4.433234524286382,1.0057206098879279,0.9365505453048768,0.9492737570053283,6.166386567005328,2.4832210064763323,4.230024395824122,4.217301184123671,0.43668381302881504,0.00033181122117115246,2055411.5713531317,41108.23142706263,0.00015296266818145578,0.00015252701656162315,121153.93867955671,120464.80651625252,82628030.95044789,1652560.6190089576,212.20461133347078,4.244092226669415,82158036.87234321,1643160.7374468641,210.9975765109534,4.219951530219068,"[2.357,2.642]",2.5,"[0.650,1.050]",0.8,0.002,0.0,1125,2.251,0.24,-5.273316477470999,39,4.206683522529001,0.005,0.0,450,2.2525,0.1,0.17418352252900005,40,4.224183522529,2.2618691368733224,2.260168173002571,0.4774311654630817,0.40541016875192815,2.295406563984193,2.208220475277451,0.4414907548941417,0.41510695381153195
26,56,3.116,34.98,2.2975,690.8913351,13.8178267,E04001,1.230294775,0.017079386,0.0089,3.1249000000000002,0.8185000000000002,0.8274000000000002,1.0,0.0,0.0,690.8913351,13.8178267,0.6105161723476165,0.09032389483707323,0.9096761051629269,0.09929236826650056,0.03326580914351096,2.264234190856489,4.433234524286382,1.0057206098879279,0.9214648651665366,0.9341449887561949,6.2126512387561945,2.492519054843151,4.270255792362463,4.257575668772805,0.43090199923739086,0.0003324041808729734,2078467.6452791688,41569.352899566606,0.0001529626681814558,0.00015252701656162318,125312.89990758972,124600.11127897032,86577596.72240733,1731551.9341975206,222.3478527968581,4.446957055293506,86085137.23513637,1721702.744453527,221.08312250022928,4.421662449364591,"[2.357,2.642]",2.5,"[0.650,1.050]",0.8,0.002,0.0,1132,2.265,0.24,-5.273316477470999,39,4.206683522529001,0.005,0.0,452,2.2625,0.1,0.17418352252900005,40,4.224183522529,2.2752856576201026,2.2701681730025713,0.46368566583414383,0.4035702438403462,2.295406563984193,2.208220475277451,0.4414907548941417,0.41510695381153195
26,56,3.116,34.98,2.3108,699.7799748,13.9955995,E04001,1.208951428,0.016862443,0.0089,3.1249000000000002,0.8052000000000001,0.8141000000000002,1.0,0.0,0.0,699.7799748,13.9955995,0.6105161723476165,0.09032389483707323,0.9096761051629269,0.09929236826650056,0.03326580914351096,2.277534190856489,4.433234524286382,1.0057206098879279,0.906491764730721,0.919129121762652,6.258925761762652,2.5017845154534495,4.3101869545982785,4.297549597566348,0.42511804391209407,0.00033295468814625444,2101727.3512382954,42034.54703677956,0.0001529626681814558,0.00015252701656162318,129612.8278062232,128875.58088390628,90700461.3759956,1814009.2280383636,232.93615898461994,4.658723181023881,90184550.7432753,1803691.0153810084,231.61120165428161,4.632224034409541,"[2.357,2.642]",2.5,"[0.650,1.050]",0.8,0.002,0.0,1138,2.277,0.24,-5.273316477470999,39,4.206683522529001,0.005,0.0,455,2.2775,0.1,0.17418352252900005,41,4.324183522529,2.2867829013882,2.285168173002571,0.4512484014127321,0.4008265025909134,2.295406563984193,2.2615098697287466,0.4414907548941417,0.40516280612621136
26,56,3.116,34.98,2.3241,708.7368938,14.17473788,E04001,1.212015358,0.01693153,0.0089,3.1249000000000002,0.7919,0.8008000000000001,1.0,0.0,0.0,708.7368938,14.17473788,0.6105161723476165,0.09032389483707323,0.9096761051629269,0.09929236826650056,0.03326580914351096,2.290834190856489,4.433234524286382,1.0057206098879279,0.8915186642949056,0.904113254769109,6.305554064769109,2.5110862320456278,4.350118116834094,4.337523526359891,0.41928916889493356,0.00033346843156320755,2125349.288619729,42506.985784389726,0.0001529626681814558,0.00015252701656162318,134093.0837181098,133330.35278361492,95036715.63443649,1900734.3132251021,244.07249055359298,4.881449812449366,94496140.0811174,1889922.8021556698,242.68418898245613,4.853683781018795,"[2.357,2.642]",2.5,"[0.650,1.050]",0.8,0.002,0.0,1145,2.291,0.24,-5.273316477470999,40,4.446683522529,0.005,0.0,458,2.2925,0.1,0.17418352252900005,41,4.324183522529,2.300193284927005,2.300168173002571,0.4359068809915337,0.39810211278472213,2.332305469098242,2.2615098697287466,0.3950031230556973,0.40516280612621136
26,56,3.116,34.98,2.3374,717.7536798,14.3550736,E04001,1.196789406,0.016718828,0.0089,3.1249000000000002,0.7786,0.7875,1.0,0.0,0.0,717.7536798,14.3550736,0.6105161723476165,0.09032389483707323,0.9096761051629269,0.09929236826650056,0.03326580914351096,2.304134190856489,4.433234524286382,1.0057206098879279,0.87654556385909,0.889097387775566,6.352536147775567,2.5204238032076205,4.390049279069911,4.377497455153435,0.4134155847436035,0.0003339465089350631,2149307.3309521237,42986.14663102044,0.0001529626681814558,0.00015252701656162318,138763.21882189292,137973.92382896077,99597810.93030627,1991956.2191611782,255.7862569762179,5.11572514094984,99031291.5446815,1980625.8314455259,254.3313266740366,5.086626534898106,"[2.357,2.642]",2.5,"[0.650,1.050]",0.8,0.002,0.0,1152,2.305,0.24,-5.273316477470999,40,4.446683522529,0.005,0.0,460,2.3025,0.1,0.17418352252900005,42,4.424183522529,2.313600367301852,2.3101681730025714,0.4195894160617637,0.39629658862218586,2.332305469098242,2.3147992641800412,0.3950031230556973,0.3954633402898682
26,56,3.116,34.98,2.3508,726.8934582,14.53786916,E04001,1.202377034,0.016783753,0.0089,3.1249000000000002,0.7652000000000001,0.7741000000000001,1.0,0.0,0.0,726.8934582,14.53786916,0.6105161723476165,0.09032389483707323,0.9096761051629269,0.09929236826650056,0.03326580914351096,2.317534190856489,4.433234524286382,1.0057206098879279,0.8614598837207499,0.8739686195264327,6.400229259526433,2.529867439121353,4.43028067560825,4.417771939802567,0.4074528483475602,0.0003343932039730171,2173768.6339422576,43475.37266688318,0.00015296266818145578,0.00015252701656162315,143670.84331278634,142853.63340500326,104433396.13814162,2088667.9221881486,268.2049660728192,5.364099319980486,103839371.60219787,2076787.4314725427,266.6793972758563,5.333587944049624,"[2.357,2.642]",2.5,"[0.650,1.050]",0.8,0.002,0.0,1158,2.317,0.24,-5.273316477470999,40,4.446683522529,0.005,0.0,463,2.3175,0.1,0.17418352252900005,42,4.424183522529,2.3250895265846907,2.325168173002571,0.4047543578101515,0.39360438039807094,2.332305469098242,2.3147992641800412,0.3950031230556973,0.3954633402898682
26,56,3.116,34.98,2.3641,736.0139606,14.72027921,E04001,1.180684126,0.016439906,0.0089,3.1249000000000002,0.7519,0.7608,1.0,0.0,0.0,736.0139606,14.72027921,0.6105161723476165,0.09032389483707323,0.9096761051629269,0.09929236826650056,0.03326580914351096,2.330834190856489,4.433234524286382,1.0057206098879279,0.8464867832849342,0.8589527525328898,6.4479215625328905,2.539275794893672,4.470211837844065,4.45774586859611,0.4014901899714262,0.00033480291353418865,2198349.9272172297,43966.99853837092,0.00015296266818145583,0.0001525270165616232,148753.70028159145,147907.57872424208,109484800.09815946,2189696.0016656816,281.17793906629134,5.623558780561771,108862042.81958571,2177240.856095899,279.57857908234007,5.591571580887091,"[2.357,2.642]",2.5,"[0.650,1.050]",0.8,0.002,0.0,1165,2.331,0.24,-5.273316477470999,40,4.446683522529,0.005,0.0,466,2.3325,0.1,0.17418352252900005,42,4.424183522529,2.3384904846889185,2.340168173002571,0.38636197981132203,0.3909314317840117,2.332305469098242,2.3147992641800412,0.3950031230556973,0.3954633402898682
26,56,3.116,34.98,2.3774,745.1771662,14.90354332,E04001,1.187637035,0.016506142,0.0089,3.1249000000000002,0.7385999999999999,0.7474999999999999,1.0,0.0,0.0,745.1771662,14.90354332,0.6105161723476165,0.09032389483707323,0.9096761051629269,0.09929236826650056,0.03326580914351096,2.344134190856489,4.433234524286382,1.0057206098879279,0.8315136828491186,0.8439368855393468,6.495967645539348,2.548718824338877,4.510143000079882,4.497719797389654,0.39548352249662294,0.0003351801370963359,2223213.97877412,44464.27956354852,0.00015296266818145583,0.0001525270165616232,154059.3502574686,153183.04978818735,114801510.0514737,2296030.200413237,294.83226867136744,5.896645371844734,114148510.95103495,2282970.218407967,293.15524189587995,5.863104836343986,"[2.357,2.642]",2.5,"[0.650,1.050]",0.8,0.002,0.0,1172,2.345,0.24,-5.273316477470999,40,4.446683522529,0.005,0.0,468,2.3425000000000002,0.1,0.17418352252900005,43,4.524183522529,2.351888148583214,2.3501681730025714,0.36668571573921327,0.3891601452854513,2.332305469098242,2.3680886586313368,0.3950031230556973,0.38600723918892577
26,56,3.116,34.98,2.3907,754.3761147,15.08752229,E04001,1.193038834,0.017763023,0.0089,3.1249000000000002,0.7253000000000003,0.7342000000000003,1.0,0.0,0.0,754.3761147,15.08752229,0.6105161723476165,0.09032389483707323,0.9096761051629269,0.09929236826650056,0.03326580914351096,2.357434190856489,4.433234524286382,1.0057206098879279,0.8165405824133037,0.8289210185458042,6.544367508545803,2.558196143485836,4.550074162315696,4.537693726183196,0.38943310112142077,0.0003355258921062661,2248339.4946494256,44966.78988106693,0.0001529626681814558,0.00015252701656162318,159600.34219464764,158692.52417173062,120398686.04958877,2407973.720353374,309.2068888043019,6.1841377744465005,119713849.81660599,2394276.99569735,307.44809817386385,6.148961961847067,"[2.357,2.642]",2.5,"[0.650,1.050]",0.8,0.002,0.0,1178,2.357,0.24,-5.273316477470999,40,4.446683522529,0.005,0.0,471,2.3575,0.1,0.17418352252900005,43,4.524183522529,2.363369240411089,2.365168173002571,0.3486942345698005,0.3865192009738318,2.332305469098242,2.3680886586313368,0.3950031230556973,0.38600723918892577
26,56,3.116,44.98,1.425,7.354697767,0.147093955,E04001,0.739663297,0.047316696,0.0089,3.1249000000000002,1.691,1.6999,1.0,0.0,0.0,7.354697767,0.147093955,0.7850490975470494,0.14632321753398772,0.8536767824660122,0.17140353414708612,0.053535717844365394,1.3714642821556347,4.433234524286382,1.0057206098879279,3.0839994384340668,3.1090859746403274,5.139710974640328,2.2670930670442995,0.4704348340949336,0.4453482978886729,0.638282951408851,-4.15826210398114e-05,-176869.50901816838,-3537.3901721868747,5.469793888340484e-05,5.454215416835402e-05,32072.407778883386,31889.97765737083,235882.86587366706,4717.657306568723,0.6057923842208588,0.012115847656412026,234541.14746634514,4690.82293848431,0.602346594337333,0.012046931858900803,"[2.067,2.357]",2.213,"[3.000,3.500]",3.25,0.002,0.0,685,1.371,0.12,-3.920685477471,36,0.45931452252900007,0.005,0.0,274,1.3725,0.1,-2.275816477471,27,0.4741835225290001,1.3991773883439862,1.4036519528229459,0.6364958623650838,0.6449008002730208,1.376178019686742,1.5154583474106151,0.641451270973019,0.6308941914374789
26,56,3.116,44.98,1.4358,8.070375107,0.161407502,E04001,0.861174345,0.044359772,0.0089,3.1249000000000002,1.6802000000000001,1.6891,1.0,0.0,0.0,8.070375107,0.161407502,0.7850490975470494,0.14632321753398772,0.8536767824660122,0.17140353414708612,0.053535717844365394,1.3822642821556346,4.433234524286382,1.0057206098879279,3.0643026945339558,3.089332972389539,5.150854612389539,2.2695494293778973,0.5103982747950444,0.4853679969394613,0.6363090788651703,-3.755219782577902e-05,-214910.85939741743,-4298.217184220205,5.469793888340484e-05,5.454215416835402e-05,32523.977525630136,32338.97884349256,262480.6986034729,5249.613967516101,0.6741007136318058,0.013482014260942223,260987.689844322,5219.753792358983,0.670266381144286,0.013405327611258346,"[2.067,2.357]",2.213,"[3.000,3.500]",3.25,0.002,0.0,691,1.383,0.12,-3.920685477471,36,0.45931452252900007,0.005,0.0,276,1.3825,0.1,-2.275816477471,27,0.4741835225290001,1.4108626477352644,1.4136519528229459,0.6338929730996257,0.643667256862977,1.376178019686742,1.5154583474106151,0.641451270973019,0.6308941914374789
26,56,3.116,44.98,1.4466,8.822598439,0.176451969,E04001,0.834221352,0.039784198,0.0089,3.1249000000000002,1.6694,1.6783,1.0,0.0,0.0,8.822598439,0.176451969,0.7850490975470494,0.14632321753398772,0.8536767824660122,0.17140353414708612,0.053535717844365394,1.3930642821556347,4.433234524286382,1.0057206098879279,3.0446059506338443,3.06957997013875,5.16223153013875,2.2720544734091983,0.5503617154951561,0.5253876959902506,0.6343117259770666,-3.3563132187868016e-05,-262865.765614959,-5257.315318853991,5.469793888340484e-05,5.454215416835402e-05,32985.736235377066,32798.11103707303,291019.90501950344,5820.39810764693,0.74739486254976,0.014947897269632209,289364.5632378292,5787.291271972168,0.7431436277646191,0.014862872573823384,"[2.067,2.357]",2.213,"[3.000,3.500]",3.25,0.002,0.0,696,1.393,0.12,-3.920685477471,37,0.5793145225290002,0.005,0.0,278,1.3925,0.1,-2.275816477471,28,0.5741835225290002,1.4205984173263744,1.4236519528229459,0.631678843613593,0.6424297167011761,1.401958510455536,1.5687477418619102,0.6358816854000845,0.6240686131508847
26,56,3.116,44.98,1.4574,9.612407496,0.19224815,E04001,0.789604478,0.035058855,0.0089,3.1249000000000002,1.6586,1.6675,1.0,0.0,0.0,9.612407496,0.19224815,0.7850490975470494,0.14632321753398772,0.8536767824660122,0.17140353414708612,0.053535717844365394,1.4038642821556346,4.433234524286382,1.0057206098879279,3.024909206733733,3.0498269678879613,5.173841727887961,2.274608038297579,0.5903251561952674,0.565407395041039,0.6322907605757216,-2.9615503707019786e-05,-324573.493366637,-6491.469870034028,5.469793888340486e-05,5.454215416835404e-05,33457.9325855675,33267.62150106069,321611.28198617167,6432.225642400068,0.8259593785462813,0.016519187577799736,319781.9342908865,6395.638688479141,0.8212612632432,0.016425225271699012,"[2.067,2.357]",2.213,"[3.000,3.500]",3.25,0.002,0.0,701,1.403,0.12,-3.920685477471,37,0.5793145225290002,0.005,0.0,280,1.4025,0.1,-2.275816477471,28,0.5741835225290002,1.4303324183386508,1.4336519528229459,0.6294226779961649,0.6411882530143683,1.401958510455536,1.5687477418619102,0.6358816854000845,0.6240686131508847
26,56,3.116,44.98,1.4682,10.4394269,0.208788538,E04001,0.828589546,0.033239373,0.0089,3.1249000000000002,1.6478000000000002,1.6567,1.0,0.0,0.0,10.4394269,0.208788538,0.7850490975470494,0.14632321753398772,0.8536767824660122,0.17140353414708612,0.053535717844365394,1.4146642821556346,4.433234524286382,1.0057206098879279,3.0052124628336223,3.0300739656371727,5.1856852056371725,2.277209960815465,0.6302885968953778,0.6054270940918274,0.6302460511100376,-2.5709380074245704e-05,-406055.1779098581,-8121.103558197162,5.4697938883404834e-05,5.4542154168354014e-05,33940.822374022915,33747.76457828094,354322.7340994967,7086.454681989933,0.9099686536314447,0.018199373072628894,352307.32135337323,7046.146427067464,0.9047926876360293,0.018095853752720586,"[2.067,2.357]",2.213,"[3.000,3.500]",3.25,0.002,0.0,707,1.415,0.12,-3.920685477471,37,0.5793145225290002,0.005,0.0,282,1.4125,0.1,-2.275816477471,28,0.5741835225290002,1.4420108863858232,1.443651952822946,0.6266583157837571,0.6399429387841598,1.401958510455536,1.5687477418619102,0.6358816854000845,0.6240686131508847
26,56,3.116,44.98,1.479,11.30438097,0.226087619,E04001,0.767843903,0.030961448,0.0089,3.1249000000000002,1.637,1.6459,1.0,0.0,0.0,11.30438097,0.226087619,0.7850490975470494,0.14632321753398772,0.8536767824660122,0.17140353414708612,0.053535717844365394,1.4254642821556347,4.433234524286382,1.0057206098879279,2.985515718933511,3.0103209633863846,5.197761963386385,2.2798600753963796,0.6702520375954895,0.6454467931426158,0.6281774666787567,-2.184481719303947e-05,-517485.7207595207,-10349.714396879433,5.469793888340484e-05,5.454215416835402e-05,34434.66875440834,34238.80192556216,389262.61417558725,7785.252269737877,0.9997009585925941,0.019994019136477952,387048.4609229243,7740.969204762964,0.9940145889065506,0.01988029174295829,"[2.067,2.357]",2.213,"[3.000,3.500]",3.25,0.002,0.0,712,1.425,0.12,-3.920685477471,38,0.6993145225290003,0.005,0.0,285,1.4275,0.1,-2.275816477471,29,0.6741835225290003,1.4517409999148612,1.4586519528229458,0.6243059361075111,0.6380679066937516,1.4274580756992221,1.6220371363132053,0.6300933764039813,0.6171608816425415
26,56,3.116,44.98,1.4898,12.20521649,0.24410433,E04001,0.816863839,0.0308065,0.0089,3.1249000000000002,1.6262,1.6351,1.0,0.0,0.0,12.20521649,0.24410433,0.7850490975470494,0.14632321753398772,0.8536767824660122,0.17140353414708612,0.053535717844365394,1.4362642821556346,4.433234524286382,1.0057206098879279,2.9658189750334,2.990567961135596,5.210072001135596,2.282558214183287,0.7102154782956003,0.6854664921934042,0.6260848770630508,-1.802185928832251e-05,-677245.1329651943,-13544.902670401521,5.469793888340485e-05,5.4542154168354034e-05,34939.742480903995,34741.00275701568,426447.12108428293,8528.942428673608,1.0951978952304597,0.02190395792255559,424021.45972906327,8480.429201529467,1.0889683322215131,0.021779366662274573,"[2.067,2.357]",2.213,"[2.500,3.000]",2.75,0.002,0.0,718,1.437,0.12,-3.920685477471,38,0.6993145225290003,0.005,0.0,287,1.4375,0.1,-1.775816477471,24,0.6741835225290003,1.4634148057758694,1.4638593446963388,0.6214228984367093,0.6211439269804512,1.4274580756992221,1.3555901640567298,0.6300933764039813,0.6361808537216365
26,56,3.116,44.98,1.5006,13.14558658,0.262911732,E04001,0.859604091,0.030656677,0.0089,3.1249000000000002,1.6154000000000002,1.6243,1.0,0.0,0.0,13.14558658,0.262911732,0.7850490975470494,0.14632321753398772,0.8536767824660122,0.17140353414708612,0.053535717844365394,1.4470642821556345,4.433234524286382,1.0057206098879279,2.946122231133289,2.9708149588848074,5.222615318884808,2.2853042070772127,0.7501789189957111,0.7254861912441926,0.6239681527595831,-1.4240539021717405e-05,-923110.1828345432,-18462.203684779688,5.469793888340485e-05,5.4542154168354034e-05,35456.322162508295,35254.64409689223,466094.1527956256,9321.883070095042,1.1970190672716612,0.023940381381856675,463442.97632278275,9268.859540557512,1.190210338242,0.023804206801056268,"[2.067,2.357]",2.213,"[2.500,3.000]",2.75,0.002,0.0,723,1.447,0.12,-3.920685477471,38,0.6993145225290003,0.005,0.0,289,1.4475,0.1,-1.775816477471,25,0.7741835225290004,1.4731410364756101,1.4738593446963388,0.6189688390370488,0.6197342324657074,1.4274580756992221,1.408879558508025,0.6300933764039813,0.6288342522548304
26,56,3.116,44.98,1.5115,14.12988816,0.282597763,E04001,0.835109228,0.029228823,0.0089,3.1249000000000002,1.6045,1.6134,1.0,0.0,0.0,14.12988816,0.282597763,0.7850490975470494,0.14632321753398772,0.8536767824660122,0.17140353414708612,0.053535717844365394,1.4579642821556347,4.433234524286382,1.0057206098879279,2.9262431099748434,2.9508790584650297,5.23551130846503,2.2881239713933836,0.7905123915541568,0.7658764430639704,0.6218072272814835,-1.0466445808989682e-05,-1350017.8014454313,-27000.356009799943,5.469793888340483e-05,5.454215416835401e-05,35989.642882327455,35784.93125077545,508529.62884562695,10170.59256971461,1.3060014985163515,0.026120029951841373,505637.076386746,10112.741520577934,1.29857286971765,0.02597145737597249,"[2.067,2.357]",2.213,"[2.500,3.000]",2.75,0.002,0.0,728,1.457,0.12,-3.920685477471,39,0.8193145225290004,0.005,0.0,291,1.4575,0.1,-1.775816477471,25,0.7741835225290004,1.482865503788922,1.4838593446963388,0.6164666376676522,0.6183213901413637,1.4526857036435823,1.408879558508025,0.6240751132222319,0.6288342522548304
26,56,3.116,44.98,1.5223,15.14122069,0.302824414,E04001,0.845374377,0.028333251,0.0089,3.1249000000000002,1.5937000000000001,1.6026,1.0,0.0,0.0,15.14122069,0.302824414,0.7850490975470494,0.14632321753398772,0.8536767824660122,0.17140353414708612,0.053535717844365394,1.4687642821556346,4.433234524286382,1.0057206098879279,2.9065463660747324,2.931126056214241,5.248523346214242,2.2909655925426384,0.8304758322542676,0.8058961421147588,0.6196416216807373,-6.7688389962031845e-06,-2236900.70017814,-44738.01403310996,5.469793888340484e-05,5.454215416835402e-05,36530.21638289767,36322.42993108036,553112.0681069072,11062.241369444186,1.4204977425501901,0.028409954869767117,549965.9275835493,10999.31855893547,1.4124178510257264,0.028248357039171116,"[2.067,2.357]",2.213,"[2.500,3.000]",2.75,0.002,0.0,734,1.469,0.12,-3.920685477471,39,0.8193145225290004,0.005,0.0,293,1.4675,0.1,-1.775816477471,25,0.7741835225290004,1.4945325382446981,1.4938593446963389,0.61339866646667,0.6169054866767776,1.4526857036435823,1.408879558508025,0.6240751132222319,0.6288342522548304
26,56,3.116,44.98,1.5331,16.18547029,0.323709406,E04001,0.846438179,0.027555579,0.0089,3.1249000000000002,1.5829000000000002,1.5918,1.0,0.0,0.0,16.18547029,0.323709406,0.7850490975470494,0.14632321753398772,0.8536767824660122,0.17140353414708612,0.053535717844365394,1.4795642821556345,4.433234524286382,1.0057206098879279,2.886849622174621,2.9113730539634526,5.261768663963452,2.293854542895746,0.8704392729543788,0.8459158411655472,0.6174514963394011,-3.1128996061808546e-06,-5199483.548349182,-103989.6710312324,5.4697938883404855e-05,5.4542154168354034e-05,37083.184346014816,36872.252573353515,600208.7784910159,12004.175577236954,1.5414511164498819,0.03082902234804498,596794.7485513894,11935.894978402237,1.5326832335887528,0.030653664690714053,"[2.067,2.357]",2.213,"[2.500,3.000]",2.75,0.002,0.0,739,1.479,0.12,-3.920685477471,39,0.8193145225290004,0.005,0.0,295,1.4775,0.1,-1.775816477471,26,0.8741835225290004,1.5042531294815191,1.5038593446963389,0.6107860403269753,0.6154866082337692,1.4526857036435823,1.46216895295932,0.6240751132222319,0.6213819033317922
26,56,3.116,44.98,1.5439,17.26417396,0.345283479,E04001,0.863058959,0.026992314,0.0089,3.1249000000000002,1.5721,1.581,1.0,0.0,0.0,17.26417396,0.345283479,0.7850490975470494,0.14632321753398772,0.8536767824660122,0.17140353414708612,0.053535717844365394,1.4903642821556347,4.433234524286382,1.0057206098879279,2.8671528782745095,2.891620051712664,5.275247261712664,2.2967906438577863,0.9104027136544905,0.885935540216336,0.6152367249641557,5.013847823749962e-07,34432983.5425435,688659.6704519747,5.469793888340486e-05,5.454215416835404e-05,37648.85963634318,37434.71026266288,649976.462157451,12999.529235619248,1.669264061378176,0.03338528120822562,646279.3501168092,12925.586994849242,1.65976916945571,0.0331953833698863,"[2.067,2.357]",2.213,"[2.500,3.000]",2.75,0.002,0.0,745,1.491,0.12,-3.920685477471,40,0.9393145225289996,0.005,0.0,298,1.4925,0.1,-1.775816477471,26,0.8741835225290004,1.5159155154255615,1.5188593446963388,0.6075816625589849,0.6133528996946769,1.4776499132008745,1.46216895295932,0.6178147784960166,0.6213819033317922
26,56,3.116,44.98,1.5547,18.37544131,0.367508826,E04001,0.827191018,0.025523197,0.0089,3.1249000000000002,1.5613000000000001,1.5702,1.0,0.0,0.0,18.37544131,0.367508826,0.7850490975470494,0.14632321753398772,0.8536767824660122,0.17140353414708612,0.053535717844365394,1.5011642821556346,4.433234524286382,1.0057206098879279,2.8474561343743985,2.8718670494618754,5.288959139461875,2.2997737148384565,0.9503661543546014,0.9259552392671244,0.6129971821498351,4.0740374888950994e-06,4510376.097443206,90207.52189977278,5.4697938883404855e-05,5.4542154168354034e-05,38227.56440881786,38010.12332150351,702448.3662184774,14048.967316724036,1.8040219622880356,0.036080439226125575,698452.79028015,13969.055798000976,1.7937605579039158,0.03587521113855486,"[2.067,2.357]",2.213,"[2.500,3.000]",2.75,0.002,0.0,750,1.5010000000000001,0.12,-3.920685477471,40,0.9393145225289996,0.005,0.0,300,1.5025,0.1,-1.775816477471,27,0.9741835225290001,1.5256322352170884,1.5288593446963388,0.604851988349766,0.6119269573666192,1.4776499132008745,1.5154583474106151,0.6178147784960166,0.6138372371571347
26,56,3.116,44.98,1.5655,19.51807991,0.390361598,E04001,0.85561695,0.025566039,0.0089,3.1249000000000002,1.5505000000000002,1.5594000000000001,1.0,0.0,0.0,19.51807991,0.390361598,0.7850490975470494,0.14632321753398772,0.8536767824660122,0.17140353414708612,0.053535717844365394,1.5119642821556345,4.433234524286382,1.0057206098879279,2.827759390474288,2.8521140472110873,5.302904297211088,2.302803573301702,0.9903295950547122,0.9659749383179128,0.6107327434152902,7.605092582183989e-06,2566448.6919888235,51328.97381347829,5.469793888340485e-05,5.4542154168354034e-05,38819.63043115431,38598.82163047267,757684.6488319377,15153.692968874826,1.9458793168524258,0.03891758631710926,753374.885015402,15067.497692588275,1.9348110178126547,0.03869622033642726,"[2.067,2.357]",2.213,"[2.500,3.000]",2.75,0.002,0.0,755,1.5110000000000001,0.12,-3.920685477471,40,0.9393145225289996,0.005,0.0,302,1.5125,0.1,-1.775816477471,27,0.9741835225290001,1.535347196789239,1.5388593446963388,0.6020667721773587,0.6104983375246925,1.4776499132008745,1.5154583474106151,0.6178147784960166,0.6138372371571347
26,56,3.116,44.98,1.5763,20.6934676,0.413869352,E04001,0.821515288,0.024258863,0.0089,3.1249000000000002,1.5397,1.5486,1.0,0.0,0.0,20.6934676,0.413869352,0.7850490975470494,0.14632321753398772,0.8536767824660122,0.17140353414708612,0.053535717844365394,1.5227642821556346,4.433234524286382,1.0057206098879279,2.8080626465741765,2.8323610449602983,5.317082734960298,2.305880034815406,1.030293035754824,1.005994637368702,0.6084432852397127,1.1094594726868392e-05,1865184.633548217,37303.69267096434,5.4697938883404855e-05,5.4542154168354034e-05,39425.399419689915,39201.144962201055,815848.2255084121,16316.964510168242,2.0952545233098765,0.04190509046619753,811207.6231582108,16224.152463164217,2.0833365675417155,0.04166673135083432,"[2.067,2.357]",2.213,"[2.500,3.000]",2.75,0.002,0.0,761,1.5230000000000001,0.12,-3.920685477471,41,1.0593145225289997,0.005,0.0,304,1.5225,0.1,-1.775816477471,27,0.9741835225290001,1.547002831169543,1.5488593446963388,0.5986490260411941,0.6090671239582964,1.502358787576528,1.5154583474106151,0.6112992878827339,0.6138372371571347
26,56,3.116,44.98,1.5871,21.89740257,0.437948051,E04001,0.899650081,0.024980132,0.0089,3.1249000000000002,1.5289000000000001,1.5378,1.0,0.0,0.0,21.89740257,0.437948051,0.7850490975470494,0.14632321753398772,0.8536767824660122,0.17140353414708612,0.053535717844365394,1.5335642821556346,4.433234524286382,1.0057206098879279,2.7883659026740655,2.8126080427095097,5.33149445270951,2.309002913101131,1.0702564764549347,1.0460143364194905,0.6061286850994164,1.4542599025280741e-05,1505742.0294634905,30114.84056176441,5.469793888340484e-05,5.454215416835402e-05,40045.22338920923,39817.443329188274,876886.3775590945,17537.727535163798,2.2520121899689793,0.04504024375824206,871898.5858873967,17437.971701820956,2.239202585517196,0.04478405166944039,"[2.067,2.357]",2.213,"[2.500,3.000]",2.75,0.002,0.0,766,1.5330000000000001,0.12,-3.920685477471,41,1.0593145225289997,0.005,0.0,306,1.5325,0.1,-1.775816477471,28,1.0741835225290002,1.5567139280162507,1.5588593446963388,0.5957361162464799,0.607633399911253,1.502358787576528,1.5687477418619102,0.6112992878827339,0.6062132890323852
26,56,3.116,44.98,1.5979,23.13746911,0.462749382,E04001,0.873042765,0.023900626,0.0089,3.1249000000000002,1.5181,1.527,1.0,0.0,0.0,23.13746911,0.462749382,0.7850490975470494,0.14632321753398772,0.8536767824660122,0.17140353414708612,0.053535717844365394,1.5443642821556347,4.433234524286382,1.0057206098879279,2.768669158773954,2.792855040458721,5.346139450458722,2.3121720200838696,1.1102199171550464,1.0860340354702793,0.6037888215050711,1.794917085500702e-05,1289055.0375225649,25781.10073930872,5.469793888340484e-05,5.454215416835402e-05,40679.46501744157,40448.07734622707,941219.86525238,18824.397296911706,2.4172329097979115,0.0483446581750637,935866.1401572197,18717.322795054777,2.4034835182181213,0.04806967034358674,"[2.067,2.357]",2.213,"[2.500,3.000]",2.75,0.002,0.0,772,1.545,0.12,-3.920685477471,41,1.0593145225289997,0.005,0.0,308,1.5425,0.1,-1.775816477471,28,1.0741835225290002,1.5683649274925457,1.5688593446963388,0.5921603762800395,0.6061972480755908,1.502358787576528,1.5687477418619102,0.6112992878827339,0.6062132890323852
26,56,3.116,44.98,1.6087,24.40857124,0.488171425,E04001,0.893128884,0.02347536,0.0089,3.1249000000000002,1.5073,1.5162,1.0,0.0,0.0,24.40857124,0.488171425,0.7850490975470494,0.14632321753398772,0.8536767824660122,0.17140353414708612,0.053535717844365394,1.5551642821556346,4.433234524286382,1.0057206098879279,2.748972414873843,2.7731020382079326,5.3610177282079325,2.3153871659417855,1.1501833578551572,1.1260537345210677,0.6014235740393882,2.1314385702325943e-05,1145168.8817537164,22903.37764445766,5.469793888340485e-05,5.4542154168354034e-05,41328.49802495778,41093.4186081393,1008769.5882843812,20175.391773953324,2.5907135380641924,0.05181427078251175,1003031.6355919098,20060.632720056878,2.5759773764136025,0.0515195475493792,"[2.067,2.357]",2.213,"[2.500,3.000]",2.75,0.002,0.0,777,1.555,0.12,-3.920685477471,42,1.1793145225289998,0.005,0.0,311,1.5575,0.1,-1.775816477471,29,1.1741835225290003,1.5780721642224549,1.583859344696339,0.5891116720025824,0.6040386477331154,1.5268200048436307,1.6220371363132053,0.6045144999394773,0.5985226674949093
26,56,3.116,44.98,1.6195,25.71512122,0.514302424,E04001,0.917747958,0.02341035,0.0089,3.1249000000000002,1.4965000000000002,1.5054,1.0,0.0,0.0,25.71512122,0.514302424,0.7850490975470494,0.14632321753398772,0.8536767824660122,0.17140353414708612,0.053535717844365394,1.5659642821556345,4.433234524286382,1.0057206098879279,2.7292756709737325,2.753349035957144,5.376129285957144,2.3186481591559214,1.1901467985552676,1.166073433571856,0.5990328233952529,2.463832899177002e-05,1043703.9471544381,20874.078926853897,5.4697938883404834e-05,5.4542154168354014e-05,41992.7075712361,41753.85008358886,1079847.565550348,21596.951294209877,2.7732553990597557,0.05546510793805699,1073705.3163011947,21474.106309322357,2.757480926406383,0.05514961848523491,"[2.067,2.357]",2.213,"[2.500,3.000]",2.75,0.002,0.0,782,1.565,0.12,-3.920685477471,42,1.1793145225289998,0.005,0.0,313,1.5675000000000001,0.1,-1.775816477471,29,1.1741835225290003,1.5877776478748586,1.593859344696339,0.5859983736172376,0.6025967845287793,1.5268200048436307,1.6220371363132053,0.6045144999394773,0.5985226674949093
26,56,3.116,44.98,1.6304,27.06827669,0.541365534,E04001,0.901424213,0.022720323,0.0089,3.1249000000000002,1.4856,1.4945,1.0,0.0,0.0,27.06827669,0.541365534,0.7850490975470494,0.14632321753398772,0.8536767824660122,0.17140353414708612,0.053535717844365394,1.5768642821556347,4.433234524286382,1.0057206098879279,2.7093965498152865,2.7334131355373663,5.391617295537367,2.321985636376196,1.2304802711137137,1.206463685391634,0.596593957517063,2.795129982613381e-05,968408.5126049056,19368.170259253413,5.469793888340483e-05,5.454215416835401e-05,42678.85899412656,42436.0986287061,1155243.1640665128,23104.86328986603,2.9668857384898697,0.059337714791718885,1148672.0593259465,22973.441195006148,2.9500098827849253,0.05900019767749531,"[2.067,2.357]",2.213,"[2.500,3.000]",2.75,0.002,0.0,788,1.577,0.12,-3.920685477471,42,1.1793145225289998,0.005,0.0,315,1.5775000000000001,0.1,-1.775816477471,29,1.1741835225290003,1.59942191553219,1.603859344696339,0.582174479563191,0.6011527785277614,1.5268200048436307,1.6220371363132053,0.6045144999394773,0.5985226674949093
26,56,3.116,44.98,1.6412,28.45090366,0.569018073,E04001,0.896280846,0.023900823,0.0089,3.1249000000000002,1.4748,1.4837,1.0,0.0,0.0,28.45090366,0.569018073,0.7850490975470494,0.14632321753398772,0.8536767824660122,0.17140353414708612,0.053535717844365394,1.5876642821556346,4.433234524286382,1.0057206098879279,2.689699805915175,2.7136601332865777,5.407197573286577,2.32533816321123,1.270443711813825,1.2464833844424223,0.5941516083682906,3.119261537917457e-05,912103.8205406449,18242.076404401123,5.469793888340487e-05,5.454215416835405e-05,43374.77487629264,43128.0560921647,1234051.5412795905,24681.03081691685,3.169280747350141,0.06338561492472386,1227032.1689212539,24540.643369799465,3.1512536545346412,0.0630250730685406,"[2.067,2.357]",2.213,"[2.500,3.000]",2.75,0.002,0.0,793,1.587,0.12,-3.920685477471,43,1.299314522529,0.005,0.0,317,1.5875000000000001,0.1,-1.775816477471,30,1.2741835225290004,1.609123545754919,1.613859344696339,0.5789123001912547,0.5997067098677409,1.5510408658130275,1.6753265307645004,0.597445114975755,0.5907775274082265
26,56,3.116,44.98,1.652,29.8703677,0.597407354,E04001,0.897210248,0.020187231,0.0089,3.1249000000000002,1.4640000000000002,1.4729,1.0,0.0,0.0,29.8703677,0.597407354,0.7850490975470494,0.14632321753398772,0.8536767824660122,0.17140353414708612,0.053535717844365394,1.5984642821556345,4.433234524286382,1.0057206098879279,2.670003062015064,2.6939071310357896,5.423011131035789,2.3287359513340684,1.3104071525139358,1.2865030834932103,0.5916834041028639,3.439297462029237e-05,868502.0132680247,17370.040265360494,5.469793888340487e-05,5.454215416835405e-05,44087.09959831262,43836.32906083674,1316897.8758281202,26337.957516562405,3.382046004140738,0.06764092008281476,1309407.267665389,26188.14535330778,3.3628086875117487,0.06725617375023497,"[2.067,2.357]",2.213,"[2.500,3.000]",2.75,0.002,0.0,799,1.599,0.12,-3.920685477471,43,1.299314522529,0.005,0.0,319,1.5975000000000001,0.1,-1.775816477471,30,1.2741835225290004,1.6207631920497079,1.623859344696339,0.5749038712775842,0.59825865810416,1.5510408658130275,1.6753265307645004,0.597445114975755,0.5907775274082265
26,56,3.116,44.98,1.6628,31.34856593,0.626971319,E04001,0.918702312,0.019969016,0.0089,3.1249000000000002,1.4532,1.4621,1.0,0.0,0.0,31.34856593,0.626971319,0.7850490975470494,0.14632321753398772,0.8536767824660122,0.17140353414708612,0.053535717844365394,1.6092642821556347,4.433234524286382,1.0057206098879279,2.650306318114953,2.6741541287850006,5.439057968785001,2.3321788029190644,1.350370593214047,1.3265227825439996,0.5891892302563982,3.75525010375767e-05,834793.0248009642,16695.86050667104,5.469793888340484e-05,5.454215416835402e-05,44816.26851332073,44561.35041153707,1404925.748226418,28098.514982454868,3.6081184426815462,0.07216236889966963,1396934.4313059023,27938.68864394259,3.5875952100490567,0.07175190424675798,"[2.067,2.357]",2.213,"[2.500,3.000]",2.75,0.002,0.0,804,1.609,0.12,-3.920685477471,43,1.299314522529,0.005,0.0,321,1.6075,0.1,-1.775816477471,31,1.3741835225290004,1.6304609734289812,1.6338593446963388,0.5714828000513631,0.5968087022053556,1.5510408658130275,1.7286159252157955,0.597445114975755,0.582989547822982
26,56,3.116,44.98,1.6736,32.85314723,0.657062945,E04001,0.925329917,0.019906769,0.0089,3.1249000000000002,1.4424000000000001,1.4513,1.0,0.0,0.0,32.85314723,0.657062945,0.7850490975470494,0.14632321753398772,0.8536767824660122,0.17140353414708612,0.053535717844365394,1.6200642821556346,4.433234524286382,1.0057206098879279,2.630609574214842,2.6544011265342125,5.455338086534212,2.3356665186910166,1.3903340339141583,1.366542481594788,0.5866689736722744,4.067132715322737e-05,807771.7037909105,16155.434085653149,5.4697938883404834e-05,5.4542154168354014e-05,45562.730671062425,45303.566639784476,1496879.0989372504,29937.5819969701,3.8442722614758544,0.07688544527632261,1488364.7448609557,29767.29491534054,3.8224057692366866,0.07644811543127303,"[2.067,2.357]",2.213,"[2.500,3.000]",2.75,0.002,0.0,810,1.621,0.12,-3.920685477471,44,1.419314522529,0.005,0.0,324,1.6225,0.1,-1.775816477471,31,1.3741835225290004,1.6420960038592156,1.6488593446963389,0.5672772761565816,0.5946303693894213,1.5750283194857873,1.7286159252157955,0.5900745613579575,0.582989547822982
26,56,3.116,44.98,1.6844,34.41510338,0.688302068,E04001,0.90948441,0.022955038,0.0089,3.1249000000000002,1.4316000000000002,1.4405000000000001,1.0,0.0,0.0,34.41510338,0.688302068,0.7850490975470494,0.14632321753398772,0.8536767824660122,0.17140353414708612,0.053535717844365394,1.6308642821556345,4.433234524286382,1.0057206098879279,2.610912830314731,2.634648124283424,5.471851484283423,2.3391988979741383,1.4302974746142687,1.406562180645576,0.5841225225423617,4.3749594334589394e-05,786638.2283867409,15732.764576877762,5.4697938883404855e-05,5.4542154168354034e-05,46326.94933004035,46063.43836903449,1594346.7504733603,31886.935027997988,4.094587861084055,0.08189175726927171,1585277.9935085806,31705.55988859699,4.071297556028343,0.08142595116788676,"[2.067,2.357]",2.213,"[2.500,3.000]",2.75,0.002,0.0,815,1.631,0.12,-3.920685477471,44,1.419314522529,0.005,0.0,326,1.6325,0.1,-1.775816477471,31,1.3741835225290004,1.651789940972158,1.6588593446963389,0.5636863651149545,0.5931759947445714,1.5750283194857873,1.7286159252157955,0.5900745613579575,0.582989547822982
26,56,3.116,44.98,1.6952,36.03109602,0.72062192,E04001,0.921426314,0.022702612,0.0089,3.1249000000000002,1.4208,1.4297,1.0,0.0,0.0,36.03109602,0.72062192,0.7850490975470494,0.14632321753398772,0.8536767824660122,0.17140353414708612,0.053535717844365394,1.6416642821556346,4.433234524286382,1.0057206098879279,2.5912160864146196,2.614895122032635,5.488598162032635,2.3427757387408286,1.4702609153143804,1.4465818796963652,0.5815497664481553,4.6787452602887e-05,770101.683582079,15402.03366309228,5.469793888340484e-05,5.454215416835402e-05,47109.40249264867,46841.4408827699,1697403.4046574514,33948.06807430527,4.359257090096397,0.08718514175353358,1687748.4541622358,33754.96906450814,4.334461327765938,0.08668922650719965,"[2.067,2.357]",2.213,"[2.500,3.000]",2.75,0.002,0.0,820,1.641,0.12,-3.920685477471,44,1.419314522529,0.005,0.0,328,1.6425,0.1,-1.775816477471,32,1.474183522529,1.6614821322019608,1.668859344696339,0.5600143558361699,0.5917199876646208,1.5750283194857873,1.7819053196670904,0.5900745613579575,0.5751699143907694
26,56,3.116,44.98,1.706,37.70219203,0.754043841,E04001,0.965461106,0.023022534,0.0089,3.1249000000000002,1.4100000000000001,1.4189,1.0,0.0,0.0,37.70219203,0.754043841,0.7850490975470494,0.14632321753398772,0.8536767824660122,0.17140353414708612,0.053535717844365394,1.6524642821556346,4.433234524286382,1.0057206098879279,2.5715193425145086,2.5951421197818463,5.5055781197818465,2.3463968376602127,1.5102243560144908,1.4866015787471532,0.5789505964023183,4.978506043987473e-05,757299.3122210392,15145.986252455323,5.469793888340485e-05,5.4542154168354034e-05,47910.58346451613,47638.06468066219,1806334.0180485297,36126.68038013483,4.6390117715414,0.09278023548004541,1796059.4625278865,35921.18926961295,4.6126247448169,0.09225249494527545,"[2.067,2.357]",2.213,"[2.500,3.000]",2.75,0.002,0.0,826,1.653,0.12,-3.920685477471,45,1.5393145225290001,0.005,0.0,330,1.6525,0.1,-1.775816477471,32,1.474183522529,1.6731104584396093,1.678859344696339,0.555497249106108,0.5902624244210216,1.598788986339514,1.7819053196670904,0.5823848674931825,0.5751699143907694
26,56,3.116,44.98,1.7168,39.43277672,0.788655534,E04001,0.950985528,0.02236718,0.0089,3.1249000000000002,1.3992,1.4081,1.0,0.0,0.0,39.43277672,0.788655534,0.7850490975470494,0.14632321753398772,0.8536767824660122,0.17140353414708612,0.053535717844365394,1.6632642821556347,4.433234524286382,1.0057206098879279,2.551822598614397,2.5753891175310573,5.522791357531057,2.3500619901464423,1.5501877967146025,1.5266212777979424,0.5763249048906246,5.27425845926227e-05,747645.8923007654,14952.917838431304,5.469793888340485e-05,5.4542154168354034e-05,48731.00143935338,48453.81606009218,1921598.6991000203,38431.973962508004,4.935033552063757,0.09870067099121492,1910668.5099295648,38213.37017920977,4.906962732536316,0.09813925460095085,"[2.067,2.357]",2.213,"[2.500,3.000]",2.75,0.002,0.0,831,1.663,0.12,-3.920685477471,45,1.5393145225290001,0.005,0.0,332,1.6625,0.1,-1.775816477471,33,1.5741835225290002,1.6827988120445383,1.688859344696339,0.5516375694205898,0.5888033806748803,1.598788986339514,1.8351947141183855,0.5823848674931825,0.567329306083103
26,56,3.116,44.98,1.7276,41.22625717,0.824525143,E04001,0.99208618,0.022655464,0.0089,3.1249000000000002,1.3884,1.3973,1.0,0.0,0.0,41.22625717,0.824525143,0.7850490975470494,0.14632321753398772,0.8536767824660122,0.17140353414708612,0.053535717844365394,1.6740642821556346,4.433234524286382,1.0057206098879279,2.5321258547142866,2.555636115280269,5.540237875280269,2.353770990406728,1.5901512374147133,1.5666409768487308,0.5736725859142945,5.5660199876645e-05,740677.49058333,14813.549804480139,5.469793888340483e-05,5.454215416835401e-05,49571.18211067951,49289.217724397095,2043634.3019157767,40872.68601848707,5.248444356683966,0.10496888708275602,2032009.9656141168,40640.19929256665,5.2185908343559,0.10437181663648434,"[2.067,2.357]",2.213,"[2.500,3.000]",2.75,0.002,0.0,837,1.675,0.12,-3.920685477471,45,1.5393145225290001,0.005,0.0,334,1.6725,0.1,-1.775816477471,33,1.5741835225290002,1.6944225358666074,1.698859344696339,0.546887195870112,0.5873429314733574,1.598788986339514,1.8351947141183855,0.5823848674931825,0.567329306083103
26,56,3.116,44.98,1.7385,43.1004388,0.862008776,E04001,0.948946255,0.021600708,0.0089,3.1249000000000002,1.3775000000000002,1.3864,1.0,0.0,0.0,43.1004388,0.862008776,0.7850490975470494,0.14632321753398772,0.8536767824660122,0.17140353414708612,0.053535717844365394,1.6849642821556345,4.433234524286382,1.0057206098879279,2.5122467335558407,2.5357002148604915,5.558082464860491,2.357558581427085,1.630484709973159,1.6070312286685082,0.5709686037782079,5.856455106828622e-05,735947.5657850587,14718.951315701173,5.4697938883404855e-05,5.4542154168354034e-05,50439.73239459494,50152.82763293046,2173974.5991616165,43479.491983232336,5.583183207410416,0.11166366414820833,2161608.878040068,43232.17756080136,5.551425666848545,0.11102851333697093,"[2.357,2.642]",2.5,"[2.500,3.000]",2.75,0.002,0.0,842,1.685,0.24,-5.273316477470999,28,1.5666835225290008,0.005,0.0,336,1.6825,0.1,-1.775816477471,33,1.5741835225290002,1.7166606982133175,1.708859344696339,0.6065564456043204,0.5858811512462567,1.8575602429758753,1.8351947141183855,0.5664633640102986,0.567329306083103
26,56,3.116,44.98,1.7493,45.02541918,0.900508384,E04001,0.986109642,0.021832112,0.0089,3.1249000000000002,1.3667,1.3756,1.0,0.0,0.0,45.02541918,0.900508384,0.7850490975470494,0.14632321753398772,0.8536767824660122,0.17140353414708612,0.053535717844365394,1.6957642821556347,4.433234524286382,1.0057206098879279,2.4925499896557293,2.5159472126097033,5.575997702609703,2.3613550564473997,1.6704481506732707,1.6470509277192966,0.5682624692067657,6.140253918285158e-05,733282.6912241869,14665.653830998128,5.469793888340486e-05,5.454215416835404e-05,51321.28065120095,51029.36158076736,2310762.174174746,46215.243504023434,5.9344799024547,0.11868959810181515,2297618.395661838,45952.3679336485,5.900724161470656,0.11801448328183438,"[2.357,2.642]",2.5,"[2.500,3.000]",2.75,0.002,0.0,847,1.695,0.24,-5.273316477470999,28,1.5666835225290008,0.005,0.0,339,1.6975,0.1,-1.775816477471,34,1.6741835225290003,1.7263412223498662,1.7238593446963388,0.6041335343889899,0.5836861465198725,1.8575602429758753,1.8884841085696809,0.5664633640102986,0.5594778859447626
26,56,3.116,44.98,1.7601,47.01878261,0.940375652,E04001,1.012361387,0.021906139,0.0089,3.1249000000000002,1.3559,1.3648,1.0,0.0,0.0,47.01878261,0.940375652,0.7850490975470494,0.14632321753398772,0.8536767824660122,0.17140353414708612,0.053535717844365394,1.7065642821556346,4.433234524286382,1.0057206098879279,2.4728532457556187,2.4961942103589148,5.594146220358915,2.3651947531564743,1.7104115913733815,1.6870706267700855,0.5655293977669382,6.420119116272499e-05,732366.2031569744,14647.32406002428,5.469793888340484e-05,5.454215416835402e-05,52224.27968680487,51927.224294055646,2455522.0535577172,49110.44106070948,6.306251002259384,0.1261250200183633,2441554.8706229134,48831.09740207282,6.270380600992277,0.1254076119931737,"[2.357,2.642]",2.5,"[2.000,2.500]",2.25,0.002,0.0,853,1.707,0.24,-5.273316477470999,29,1.806683522529001,0.005,0.0,341,1.7075,0.1,-1.275816477471,29,1.6741835225290003,1.7379555563815643,1.7290667365697319,0.6011685822111131,0.5560777851525434,1.9001567635363465,1.6220371363132053,0.5519516366872077,0.5735051577589902
26,56,3.116,44.98,1.7709,49.0886151,0.981772302,E04001,1.026714644,0.021797315,0.0089,3.1249000000000002,1.3451000000000002,1.354,1.0,0.0,0.0,49.0886151,0.981772302,0.7850490975470494,0.14632321753398772,0.8536767824660122,0.17140353414708612,0.053535717844365394,1.7173642821556345,4.433234524286382,1.0057206098879279,2.4531565018555077,2.476441208108126,5.612528018108126,2.3690774613988723,1.7503750320734928,1.7270903258208743,0.5627692899685061,6.696071216898303e-05,733095.7737743179,14661.915475486358,5.469793888340485e-05,5.4542154168354034e-05,53149.32808387581,52847.010950485026,2609026.909133,52180.53818266,6.700480876074099,0.134009617521482,2594186.5797338444,51883.731594676894,6.66236806743054,0.13324736134861082,"[2.357,2.642]",2.5,"[2.000,2.500]",2.25,0.002,0.0,858,1.717,0.24,-5.273316477470999,29,1.806683522529001,0.005,0.0,343,1.7175,0.1,-1.275816477471,30,1.7741835225290004,1.7476322567298652,1.7390667365697319,0.5986486571911546,0.5544486394732865,1.9001567635363465,1.6753265307645004,0.5519516366872077,0.5648328996254481
26,56,3.116,44.98,1.7817,51.22946932,1.024589386,E04001,1.050176797,0.021667216,0.0089,3.1249000000000002,1.3343,1.3432,1.0,0.0,0.0,51.22946932,1.024589386,0.7850490975470494,0.14632321753398772,0.8536767824660122,0.17140353414708612,0.053535717844365394,1.7281642821556347,4.433234524286382,1.0057206098879279,2.4334597579553963,2.456688205857337,5.631143095857338,2.3730029700481494,1.7903384727736045,1.7671100248716636,0.5599820480543989,6.968131442727919e-05,735196.6555318657,14703.933104896892,5.469793888340485e-05,5.4542154168354034e-05,54097.04444830927,53789.33663727698,2771362.878867336,55427.2575557079,7.117390742697638,0.14234781479838013,2755599.1710025333,55111.983398534925,7.0769065212760855,0.14153813037026516,"[2.357,2.642]",2.5,"[2.000,2.500]",2.25,0.002,0.0,864,1.729,0.24,-5.273316477470999,29,1.806683522529001,0.005,0.0,345,1.7275,0.1,-1.275816477471,30,1.7741835225290004,1.759242004933526,1.7490667365697319,0.5955641371992368,0.5528196991387216,1.9001567635363465,1.6753265307645004,0.5519516366872077,0.5648328996254481
26,56,3.116,44.98,1.7925,53.44758951,1.06895179,E04001,1.060852333,0.021516405,0.0089,3.1249000000000002,1.3235000000000001,1.3324,1.0,0.0,0.0,53.44758951,1.06895179,0.7850490975470494,0.14632321753398772,0.8536767824660122,0.17140353414708612,0.053535717844365394,1.7389642821556346,4.433234524286382,1.0057206098879279,2.4137630140552853,2.4369352036065486,5.649991453606548,2.3769710670528887,1.8303019134737148,1.8071297239224515,0.557167576045221,7.23632170252986e-05,738601.6225800798,14772.032448837763,5.469793888340484e-05,5.454215416835402e-05,55068.068216920205,54754.837154084664,2943255.505166629,58865.110092318966,7.55884393400999,0.15117687865191473,2926514.0598984137,58530.28118701731,7.515848695645509,0.15031697388478601,"[2.357,2.642]",2.5,"[2.000,2.500]",2.25,0.002,0.0,869,1.739,0.24,-5.273316477470999,29,1.806683522529001,0.005,0.0,347,1.7375,0.1,-1.275816477471,30,1.7741835225290004,1.7689148860211645,1.759066736569732,0.592941851146411,0.5511910444221292,1.9001567635363465,1.6753265307645004,0.5519516366872077,0.5648328996254481
26,56,3.116,44.98,1.8033,55.74587575,1.114917515,E04001,1.024291021,0.020629329,0.0089,3.1249000000000002,1.3127000000000002,1.3216,1.0,0.0,0.0,55.74587575,1.114917515,0.7850490975470494,0.14632321753398772,0.8536767824660122,0.17140353414708612,0.053535717844365394,1.7497642821556345,4.433234524286382,1.0057206098879279,2.3940662701551743,2.4171822013557605,5.66907309135576,2.380981539482354,1.8702653541738252,1.847149422973239,0.5543257797841091,7.500664570994324e-05,743212.4876717431,14864.249753434862,5.469793888340485e-05,5.4542154168354034e-05,56063.06050423937,55744.169854972686,3125284.4050340606,62505.688100681204,8.026329017504143,0.16052658035008283,3107507.566522203,62150.15133044405,7.980674690954731,0.15961349381909462,"[2.357,2.642]",2.5,"[2.000,2.500]",2.25,0.002,0.0,874,1.749,0.24,-5.273316477470999,29,1.806683522529001,0.005,0.0,349,1.7475,0.1,-1.275816477471,31,1.8741835225290004,1.7785860325755394,1.769066736569732,0.5902711598978662,0.5495627546276064,1.9001567635363465,1.7286159252157955,0.5519516366872077,0.5561512324258121
26,56,3.116,44.98,1.8141,58.12196266,1.162439253,E04001,1.032312008,0.020474188,0.0089,3.1249000000000002,1.3019,1.3108,1.0,0.0,0.0,58.12196266,1.162439253,0.7850490975470494,0.14632321753398772,0.8536767824660122,0.17140353414708612,0.053535717844365394,1.7605642821556347,4.433234524286382,1.0057206098879279,2.3743695262550633,2.3974291991049714,5.688388009104972,2.3850341735717273,1.9102287948739365,1.8871691220240283,0.5514565669819128,7.761183268442742e-05,748880.1726448858,14977.603450320792,5.469793888340483e-05,5.454215416835401e-05,57082.70499087475,56758.01453172541,3317758.848011418,66355.17694881182,8.520640256605684,0.1704128051027938,3298887.2012686813,65977.74401402203,8.472174252802851,0.16944348502690396,"[2.357,2.642]",2.5,"[2.000,2.500]",2.25,0.002,0.0,880,1.7610000000000001,0.24,-5.273316477470999,29,1.806683522529001,0.005,0.0,352,1.7625,0.1,-1.275816477471,31,1.8741835225290004,1.7901891201701687,1.7840667365697318,0.5870007000483545,0.5471211752599413,1.9001567635363465,1.7286159252157955,0.5519516366872077,0.5561512324258121
26,56,3.116,44.98,1.8249,60.59172648,1.21183453,E04001,1.041396304,0.021124996,0.0089,3.1249000000000002,1.2911000000000001,1.3,1.0,0.0,0.0,60.59172648,1.21183453,0.7850490975470494,0.14632321753398772,0.8536767824660122,0.17140353414708612,0.053535717844365394,1.7713642821556346,4.433234524286382,1.0057206098879279,2.3546727823549523,2.377676196854183,5.707936206854183,2.38912875476693,1.9501922355740477,1.9271888210748171,0.5485598472626871,8.017901640545994e-05,755705.5348944627,15114.11070287809,5.469793888340484e-05,5.454215416835402e-05,58127.70885585101,57797.07434088325,3522058.235902798,70441.16474130705,9.04532021937952,0.18090640444730363,3502024.519807024,70040.49041925931,8.993869798877325,0.1798773960369201,"[2.357,2.642]",2.5,"[2.000,2.500]",2.25,0.002,0.0,885,1.7710000000000001,0.24,-5.273316477470999,30,2.0466835225290003,0.005,0.0,354,1.7725,0.1,-1.275816477471,32,1.974183522529,1.799856454033538,1.7940667365697318,0.584219125411272,0.5454941383749434,1.9421234176010564,1.7819053196670904,0.5363161853513434,0.5474729218502665
26,56,3.116,44.98,1.8357,63.11611039,1.262322208,E04001,1.056782485,0.01885414,0.0089,3.1249000000000002,1.2803,1.2892,1.0,0.0,0.0,63.11611039,1.262322208,0.7850490975470494,0.14632321753398772,0.8536767824660122,0.17140353414708612,0.053535717844365394,1.7821642821556347,4.433234524286382,1.0057206098879279,2.3349760384548404,2.357923194603394,5.727717684603395,2.393265067769008,1.99015567627416,1.9672085201256064,0.5456355322094854,8.270844138068578e-05,763115.7030210823,15262.31406283978,5.469793888340485e-05,5.4542154168354034e-05,59198.803755500965,58862.07677706611,3736398.2327881455,74727.96466760268,9.59578638938361,0.19191572781807897,3715145.33564596,74302.90672469162,9.541204878413412,0.19082409759850208,"[2.357,2.642]",2.5,"[2.000,2.500]",2.25,0.002,0.0,891,1.7830000000000001,0.24,-5.273316477470999,30,2.0466835225290003,0.005,0.0,356,1.7825,0.1,-1.275816477471,32,1.974183522529,1.8114549691036785,1.8040667365697318,0.580811819833484,0.5438677363597876,1.9421234176010564,1.7819053196670904,0.5363161853513434,0.5474729218502665
26,56,3.116,44.98,1.8465,65.72926935,1.314585387,E04001,1.07562431,0.01962596,0.0089,3.1249000000000002,1.2695,1.2784,1.0,0.0,0.0,65.72926935,1.314585387,0.7850490975470494,0.14632321753398772,0.8536767824660122,0.17140353414708612,0.053535717844365394,1.7929642821556346,4.433234524286382,1.0057206098879279,2.31527929455473,2.3381701923526057,5.747732442352605,2.3974428965780614,2.0301191169742707,2.007228219176395,0.5426835354104423,8.520035796655161e-05,771467.0562276784,15429.341124553568,5.469793888340483e-05,5.454215416835401e-05,60296.74685165755,59953.774695316926,3963261.1147413636,79265.22229482727,10.178413727069342,0.20356827454138682,3940717.8054977003,78814.35610995401,10.12051819063703,0.2024103638127406,"[2.357,2.642]",2.5,"[2.000,2.500]",2.25,0.002,0.0,896,1.793,0.24,-5.273316477470999,30,2.0466835225290003,0.005,0.0,358,1.7925,0.1,-1.275816477471,32,1.974183522529,1.8211184947817642,1.8140667365697318,0.5779129327467416,0.5422420441722207,1.9421234176010564,1.7819053196670904,0.5363161853513434,0.5474729218502665
26,56,3.116,44.98,1.8574,68.44777047,1.368955409,E04001,1.070889519,0.019284777,0.0089,3.1249000000000002,1.2586000000000002,1.2675,1.0,0.0,0.0,68.44777047,1.368955409,0.7850490975470494,0.14632321753398772,0.8536767824660122,0.17140353414708612,0.053535717844365394,1.8038642821556345,4.433234524286382,1.0057206098879279,2.2954001733962843,2.3182342919328285,5.768169051932828,2.401701282826994,2.070452589532716,2.047618470996172,0.5396760521117449,8.767757729139776e-05,780675.8875477682,15613.517746393196,5.469793888340484e-05,5.454215416835402e-05,61432.87551075502,61083.440974328616,4204943.362272243,84098.86722087172,10.7991000342893,0.21598200062267747,4181025.3473286377,83620.5069221394,10.737673990287117,0.2147534797429928,"[2.357,2.642]",2.5,"[2.000,2.500]",2.25,0.002,0.0,901,1.803,0.24,-5.273316477470999,30,2.0466835225290003,0.005,0.0,360,1.8025,0.1,-1.275816477471,33,2.074183522529,1.8307802909536406,1.8240667365697318,0.5749584582736188,0.5406171358087513,1.9421234176010564,1.8351947141183855,0.5363161853513434,0.5388099519159962
26,56,3.116,44.98,1.8682,71.21556296,1.424311259,E04001,1.06999084,0.023309512,0.0089,3.1249000000000002,1.2478,1.2567,1.0,0.0,0.0,71.21556296,1.424311259,0.7850490975470494,0.14632321753398772,0.8536767824660122,0.17140353414708612,0.053535717844365394,1.8146642821556347,4.433234524286382,1.0057206098879279,2.275703429496173,2.2984812896820395,5.7886525296820395,2.405961872034143,2.1104160302328276,2.087638170046961,0.5366681826048544,9.009490928563437e-05,790450.4652335037,15809.009302450193,5.469793888340484e-05,5.454215416835402e-05,62587.1612110075,62231.16101596235,4457179.919710174,89143.59838168605,11.446891831086544,0.22893783658958372,4431827.165406165,88636.54329567705,11.381781101574646,0.22763562199952858,"[2.357,2.642]",2.5,"[2.000,2.500]",2.25,0.002,0.0,907,1.815,0.24,-5.273316477470999,30,2.0466835225290003,0.005,0.0,362,1.8125,0.1,-1.275816477471,33,2.074183522529,1.8423721647186255,1.8340667365697318,0.5713376163526122,0.5389930843067753,1.9421234176010564,1.8351947141183855,0.5363161853513434,0.5388099519159962
26,56,3.116,44.98,1.879,74.05660942,1.481132188,E04001,1.08430565,0.023090444,0.0089,3.1249000000000002,1.237,1.2459,1.0,0.0,0.0,74.05660942,1.481132188,0.7850490975470494,0.14632321753398772,0.8536767824660122,0.17140353414708612,0.053535717844365394,1.8254642821556346,4.433234524286382,1.0057206098879279,2.256006685596062,2.278728287431251,5.809369287431251,2.4102633232556254,2.150379470932939,2.12765786909775,0.5336323838802716,9.247551953436168e-05,800823.9347331522,16016.478690337573,5.469793888340484e-05,5.454215416835402e-05,63770.73863111833,63408.00616408229,4722644.6832296355,94452.8936390844,12.128656195036616,0.24257312383522212,4695781.946594395,93915.63890652468,12.059667541652715,0.2411933507679167,"[2.357,2.642]",2.5,"[2.000,2.500]",2.25,0.002,0.0,912,1.825,0.24,-5.273316477470999,30,2.0466835225290003,0.005,0.0,365,1.8275000000000001,0.1,-1.275816477471,34,2.1741835225290003,1.8520301592431636,1.849066736569732,0.5682555391917588,0.5365587710844371,1.9421234176010564,1.8884841085696809,0.5363161853513434,0.5301735290477904
26,56,3.116,44.98,1.8898,76.96848566,1.539369713,E04001,1.082261127,0.022736578,0.0089,3.1249000000000002,1.2262000000000002,1.2351,1.0,0.0,0.0,76.96848566,1.539369713,0.7850490975470494,0.14632321753398772,0.8536767824660122,0.17140353414708612,0.053535717844365394,1.8362642821556345,4.433234524286382,1.0057206098879279,2.236309941695951,2.2589752851804628,5.830319325180462,2.41460541811296,2.1903429116330493,2.1676775681485374,0.5305685780331652,9.481967982775594e-05,811735.3464999733,16234.7069278902,5.469793888340485e-05,5.4542154168354034e-05,64984.47861541135,64614.842309588224,5001756.910432865,100035.1381956604,12.845469859973159,0.2569093971660847,4973306.563728702,99466.13126165108,12.772403919816847,0.2554480783631483,"[2.357,2.642]",2.5,"[2.000,2.500]",2.25,0.002,0.0,918,1.837,0.24,-5.273316477470999,31,2.2866835225290005,0.005,0.0,367,1.8375000000000001,0.1,-1.275816477471,34,2.1741835225290003,1.863617473723032,1.859066736569732,0.5644769871114974,0.5349371750021268,1.9834873465255325,1.8884841085696809,0.519428135131867,0.5301735290477904
26,56,3.116,44.98,1.9006,79.94681176,1.598936235,E04001,1.086972677,0.022640052,0.0089,3.1249000000000002,1.2154,1.2243,1.0,0.0,0.0,79.94681176,1.598936235,0.7850490975470494,0.14632321753398772,0.8536767824660122,0.17140353414708612,0.053535717844365394,1.8470642821556347,4.433234524286382,1.0057206098879279,2.2166131977958394,2.2392222829296737,5.851502642929674,2.418987937739598,2.230306352333161,2.2076972671993267,0.5274766893985494,9.712766680415385e-05,823110.5965018499,16462.211927977853,5.469793888340484e-05,5.454215416835402e-05,66229.28351690785,65852.56667285369,5294820.062325902,105896.40123327219,13.598112171889305,0.2719622434037682,5264702.751707484,105294.05502097915,13.520765149085099,0.2704153029478776,"[2.357,2.642]",2.5,"[2.000,2.500]",2.25,0.002,0.0,923,1.847,0.24,-5.273316477470999,31,2.2866835225290005,0.005,0.0,369,1.8475000000000001,0.1,-1.275816477471,34,2.1741835225290003,1.8732716710842396,1.869066736569732,0.5612595102989307,0.5333166838944775,1.9834873465255325,1.8884841085696809,0.519428135131867,0.5301735290477904
26,56,3.116,44.98,1.9114,82.99595507,1.659919101,E04001,1.10005361,0.022531219,0.0089,3.1249000000000002,1.2046000000000001,1.2135,1.0,0.0,0.0,82.99595507,1.659919101,0.7850490975470494,0.14632321753398772,0.8536767824660122,0.17140353414708612,0.053535717844365394,1.8578642821556346,4.433234524286382,1.0057206098879279,2.1969164538957284,2.219469280678885,5.872919240678885,2.423410662821901,2.2702697930332714,2.2477169662501146,0.5243566445988413,9.9399761753695e-05,834971.3681976182,16699.427359928213,5.469793888340484e-05,5.454215416835402e-05,67506.08859129007,67122.10918976055,5602732.29567415,112054.64588648058,14.388889769405461,0.28777779531876185,5570863.558517001,111417.27114349118,14.307044747754432,0.2861408948861357,"[2.357,2.642]",2.5,"[2.000,2.500]",2.25,0.002,0.0,928,1.857,0.24,-5.273316477470999,31,2.2866835225290005,0.005,0.0,371,1.8575,0.1,-1.275816477471,35,2.2741835225290004,1.8829241439420343,1.8790667365697318,0.5579777346372661,0.5316973665143878,1.9834873465255325,1.941773503020976,0.519428135131867,0.5215740910534132
26,56,3.116,44.98,1.9222,86.08378441,1.721675688,E04001,1.117515925,0.022420018,0.0089,3.1249000000000002,1.1938000000000002,1.2027,1.0,0.0,0.0,86.08378441,1.721675688,0.7850490975470494,0.14632321753398772,0.8536767824660122,0.17140353414708612,0.053535717844365394,1.8686642821556345,4.433234524286382,1.0057206098879279,2.1772197099956174,2.199716278428097,5.894569118428096,2.4278733736395925,2.3102332337333826,2.287736665300903,0.5212083725916147,0.00010163625042341515,846979.1442657143,16939.582883346484,5.469793888340485e-05,5.4542154168354034e-05,68815.86346559993,68424.4339720436,5923929.954560701,118478.59907745082,15.213786884600143,0.30427573765665633,5890234.222425682,117804.68443482873,15.12724978987503,0.3025449957623551,"[2.357,2.642]",2.5,"[2.000,2.500]",2.25,0.002,0.0,934,1.869,0.24,-5.273316477470999,31,2.2866835225290005,0.005,0.0,373,1.8675,0.1,-1.275816477471,35,2.2741835225290004,1.894504836327556,1.8890667365697318,0.5539521716762559,0.5300792906707457,1.9834873465255325,1.941773503020976,0.519428135131867,0.5215740910534132
26,56,3.116,44.98,1.933,89.23506295,1.784701259,E04001,1.098223016,0.021852397,0.0089,3.1249000000000002,1.183,1.1919,1.0,0.0,0.0,89.23506295,1.784701259,0.7850490975470494,0.14632321753398772,0.8536767824660122,0.17140353414708612,0.053535717844365394,1.8794642821556347,4.433234524286382,1.0057206098879279,2.157522966095506,2.179963276177308,5.916452276177308,2.4323758501056756,2.3501966744334943,2.3277563643516923,0.5180318047175356,0.000103837422823912,859372.8592563901,17187.457185127805,5.469793888340487e-05,5.454215416835405e-05,70159.61368640867,69760.54084665411,6260697.54385436,125213.95087708719,16.07867056358588,0.3215734112717176,6225086.253877226,124501.72507754451,15.987213949386602,0.319744278987732,"[2.357,2.642]",2.5,"[2.000,2.500]",2.25,0.002,0.0,939,1.879,0.24,-5.273316477470999,31,2.2866835225290005,0.005,0.0,375,1.8775,0.1,-1.275816477471,36,2.3741835225290004,1.9041535185284886,1.8990667365697318,0.5505224578906347,0.528462523231753,1.9834873465255325,1.995062897472271,0.519428135131867,0.5130213203938544
26,56,3.116,44.98,1.9438,92.43773537,1.848754707,E04001,1.146717837,0.02217709,0.0089,3.1249000000000002,1.1722000000000001,1.1811,1.0,0.0,0.0,92.43773537,1.848754707,0.7850490975470494,0.14632321753398772,0.8536767824660122,0.17140353414708612,0.053535717844365394,1.8902642821556346,4.433234524286382,1.0057206098879279,2.1378262221953954,2.16021027392652,5.93856871392652,2.436917871805802,2.390160115133605,2.3677760634024807,0.514826874748467,0.00010600357303770586,872024.7131398066,17440.49425902268,5.469793888340482e-05,5.4542154168353994e-05,71538.38235253976,71131.46697919576,6612846.056701948,132256.92110542362,16.983055400558413,0.3396611079376786,6575231.721102791,131504.63439360322,16.886454581507397,0.33772909155707626,"[2.357,2.642]",2.5,"[2.000,2.500]",2.25,0.002,0.0,945,1.891,0.24,-5.273316477470999,31,2.2866835225290005,0.005,0.0,378,1.8925,0.1,-1.275816477471,36,2.3741835225290004,1.9157296648044877,1.914066736569732,0.5463137584832753,0.5260399693006919,1.9834873465255325,1.995062897472271,0.519428135131867,0.5130213203938544
26,56,3.116,44.98,1.9546,95.68309982,1.913661996,E04001,1.128725974,0.021738426,0.0089,3.1249000000000002,1.1614000000000002,1.1703000000000001,1.0,0.0,0.0,95.68309982,1.913661996,0.7850490975470494,0.14632321753398772,0.8536767824660122,0.17140353414708612,0.053535717844365394,1.9010642821556345,4.433234524286382,1.0057206098879279,2.118129478295284,2.1404572716757313,5.960918431675731,2.441499218037092,2.430123555833716,2.4077957624532687,0.5115935189357207,0.00010813499902940871,884848.5751960634,17696.97150022219,5.4697938883404855e-05,5.4542154168354034e-05,72953.25183780373,72538.28858686038,6980393.277790173,139607.86552662216,17.92698706999996,0.35853974132505606,6940688.307628528,138813.76612355525,17.825017100919954,0.3565003419438822,"[2.357,2.642]",2.5,"[2.000,2.500]",2.25,0.002,0.0,950,1.901,0.24,-5.273316477470999,32,2.5266835225290007,0.005,0.0,380,1.9025,0.1,-1.275816477471,36,2.3741835225290004,1.9253745608109654,1.924066736569732,0.5427265597155732,0.5244267592803951,2.0242737966816997,1.995062897472271,0.5011375713930082,0.5130213203938544
26,56,3.116,44.98,1.9654,98.97341787,1.979468357,E04001,1.121513255,0.021217818,0.0089,3.1249000000000002,1.1506,1.1595,1.0,0.0,0.0,98.97341787,1.979468357,0.7850490975470494,0.14632321753398772,0.8536767824660122,0.17140353414708612,0.053535717844365394,1.9118642821556346,4.433234524286382,1.0057206098879279,2.0984327343951725,2.1207042694249423,5.983501429424942,2.446119667846392,2.4700869965338277,2.447815461504058,0.5083316760584468,0.00011023200245781009,897864.6460485088,17957.292917341463,5.4697938883404855e-05,5.4542154168354034e-05,74405.34560960873,73982.1227466941,7364151.362781575,147283.02722586936,18.9125513432248,0.37825102678806105,7322263.549518188,146445.2709607709,18.804975414923945,0.37609950822247873,"[2.357,2.642]",2.5,"[2.000,2.500]",2.25,0.002,0.0,955,1.911,0.24,-5.273316477470999,32,2.5266835225290007,0.005,0.0,382,1.9125,0.1,-1.275816477471,37,2.474183522529,1.9350177372927817,1.934066736569732,0.5390643938972093,0.522815084347405,2.0242737966816997,2.0483522919235657,0.5011375713930082,0.5045241611682154
26,56,3.116,44.98,1.9763,102.3343795,2.046687591,E04001,1.162854561,0.021498152,0.0089,3.1249000000000002,1.1397000000000002,1.1486,1.0,0.0,0.0,102.3343795,2.046687591,0.7850490975470494,0.14632321753398772,0.8536767824660122,0.17140353414708612,0.053535717844365394,1.9227642821556346,4.433234524286382,1.0057206098879279,2.0785536132367275,2.100768369005165,6.006530059005165,2.450822323018371,2.5104204690922725,2.488205713323835,0.5050106873540616,0.00011231383083606975,911146.7282187579,18222.93457327878,5.469793888340484e-05,5.454215416835402e-05,75909.81406874154,75478.0336829336,7768183.720685036,155363.67448961054,19.950183832936027,0.39900367685367144,7723997.74282311,154479.9549319402,19.836705777720084,0.3967341157482437,"[2.357,2.642]",2.5,"[2.000,2.500]",2.25,0.002,0.0,961,1.923,0.24,-5.273316477470999,32,2.5266835225290007,0.005,0.0,384,1.9225,0.1,-1.275816477471,37,2.474183522529,1.9465872805928086,1.944066736569732,0.5345676872152988,0.5212050071823342,2.0242737966816997,2.0483522919235657,0.5011375713930082,0.5045241611682154
26,56,3.116,44.98,1.9871,105.6967371,2.113934743,E04001,1.173167719,0.021381928,0.0089,3.1249000000000002,1.1289,1.1378,1.0,0.0,0.0,105.6967371,2.113934743,0.7850490975470494,0.14632321753398772,0.8536767824660122,0.17140353414708612,0.053535717844365394,1.9335642821556347,4.433234524286382,1.0057206098879279,2.058856869336616,2.0810153667543765,6.029581776754377,2.455520673249235,2.550383909792384,2.5282254123746237,0.5016914319549238,0.00011434259636959349,924386.365675595,18487.727322257546,5.469793888340484e-05,5.454215416835402e-05,77440.27339789318,76999.78765128688,8185184.218289239,163703.68444322507,21.02112098951708,0.42042241998922303,8138626.312133897,162772.5263196777,20.901551368087766,0.41803102755950544,"[2.357,2.642]",2.5,"[2.000,2.500]",2.25,0.002,0.0,966,1.933,0.24,-5.273316477470999,32,2.5266835225290007,0.005,0.0,386,1.9325,0.1,-1.275816477471,38,2.574183522529,1.9562266773553603,1.954066736569732,0.5307326036362398,0.5195965895462457,2.0242737966816997,2.1016416863748613,0.5011375713930082,0.4960908392589643
26,56,3.116,44.98,1.9979,109.0912081,2.181824162,E04001,1.154996834,0.021816607,0.0089,3.1249000000000002,1.1181,1.127,1.0,0.0,0.0,109.0912081,2.181824162,0.7850490975470494,0.14632321753398772,0.8536767824660122,0.17140353414708612,0.053535717844365394,1.9443642821556346,4.433234524286382,1.0057206098879279,2.039160125436505,2.061262364503588,6.052866774503588,2.460257461019799,2.5903473504924945,2.5682451114254117,0.49834352099998425,0.00011633786753264737,937710.2263747978,18754.204527495953,5.4697938883404834e-05,5.4542154168354014e-05,79011.6056197429,78562.18202443671,8619471.510978503,172389.43021957003,22.13645394725702,0.4427290789451403,8570443.348017905,171408.86696035808,22.010540233160565,0.4402108046632112,"[2.357,2.642]",2.5,"[2.000,2.500]",2.25,0.002,0.0,972,1.945,0.24,-5.273316477470999,32,2.5266835225290007,0.005,0.0,388,1.9425000000000001,0.1,-1.275816477471,38,2.574183522529,1.967791687658135,1.964066736569732,0.5260214601667177,0.5179898922849762,2.0242737966816997,2.1016416863748613,0.5011375713930082,0.4960908392589643
26,56,3.116,44.98,2.0087,112.5150391,2.250300781,E04001,1.173176502,0.019464065,0.0089,3.1249000000000002,1.1073,1.1161999999999999,1.0,0.0,0.0,112.5150391,2.250300781,0.7850490975470494,0.14632321753398772,0.8536767824660122,0.17140353414708612,0.053535717844365394,1.9551642821556348,4.433234524286382,1.0057206098879279,2.0194633815363936,2.041509362252799,6.0763850522528,2.465032464746215,2.6303107911926062,2.608264810476201,0.4949669038911574,0.0001182999589500803,951099.5616446376,19021.991224439666,5.469793888340484e-05,5.454215416835402e-05,80625.11937975952,80166.51800418404,9071538.45945581,181430.76910849108,23.297448466851282,0.46594896912996486,9019938.90775162,180398.7780748659,23.164930933897658,0.46329861847207027,"[2.357,2.642]",2.5,"[2.000,2.500]",2.25,0.002,0.0,977,1.955,0.24,-5.273316477470999,32,2.5266835225290007,0.005,0.0,391,1.9575,0.1,-1.275816477471,38,2.574183522529,1.9774273091424135,1.9790667365697319,0.5220016444597855,0.5155832029559158,2.0242737966816997,2.1016416863748613,0.5011375713930082,0.4960908392589643
26,56,3.116,44.98,2.0195,115.9717374,2.319434748,E04001,1.155453932,0.018452772,0.0089,3.1249000000000002,1.0965000000000003,1.1054000000000002,1.0,0.0,0.0,115.9717374,2.319434748,0.7850490975470494,0.14632321753398772,0.8536767824660122,0.17140353414708612,0.053535717844365394,1.9659642821556345,4.433234524286382,1.0057206098879279,1.9997666376362833,2.021756360002011,6.100136610002011,2.4698454627773803,2.6702742318927166,2.648284509526989,0.4915615328020046,0.00012022918803193752,964588.8764481501,19291.777528963004,5.469793888340483e-05,5.454215416835401e-05,82282.17520946726,81814.14838325362,9542406.816093126,190848.13632186252,24.50672860411335,0.49013457208226696,9488128.931907322,189762.57863814646,24.367332600297658,0.4873466520059532,"[2.357,2.642]",2.5,"[2.000,2.500]",2.25,0.002,0.0,982,1.965,0.24,-5.273316477470999,33,2.766683522529,0.005,0.0,393,1.9675,0.1,-1.275816477471,39,2.6741835225290003,1.9870612160568584,1.9890667365697319,0.517893657340238,0.513981066866663,2.0645062996703905,2.1549310808261564,0.4812691246879415,0.48772888511412993
26,56,3.116,44.98,2.0303,119.4400085,2.388800169,E04001,1.155391747,0.021433354,0.0089,3.1249000000000002,1.0857,1.0946,1.0,0.0,0.0,119.4400085,2.388800169,0.7850490975470494,0.14632321753398772,0.8536767824660122,0.17140353414708612,0.053535717844365394,1.9767642821556346,4.433234524286382,1.0057206098879279,1.9800698937361718,2.002003357751222,6.124121447751222,2.474696233429716,2.7102376725928288,2.688304208577778,0.4881273627265603,0.00012212587479907376,978007.3935724706,19560.14786326114,5.469793888340483e-05,5.454215416835401e-05,83984.18807239129,83506.48007675813,10031072.137232015,200621.4426606561,25.761714755321655,0.5152342948907456,9974014.690173073,199480.29371995496,25.615180301607225,0.5123036058176839,"[2.357,2.642]",2.5,"[2.000,2.500]",2.25,0.002,0.0,988,1.977,0.24,-5.273316477470999,33,2.766683522529,0.005,0.0,395,1.9775,0.1,-1.275816477471,39,2.6741835225290003,1.9986196424102047,1.9990667365697319,0.5128437598672135,0.51238085697083,2.0645062996703905,2.1549310808261564,0.4812691246879415,0.48772888511412993
26,56,3.116,44.98,2.0411,122.9381739,2.458763479,E04001,1.179454642,0.020904817,0.0089,3.1249000000000002,1.0749,1.0837999999999999,1.0,0.0,0.0,122.9381739,2.458763479,0.7850490975470494,0.14632321753398772,0.8536767824660122,0.17140353414708612,0.053535717844365394,1.9875642821556347,4.433234524286382,1.0057206098879279,1.9603731498360604,1.9822503555004334,6.148339565500434,2.4795845550213516,2.75020111329294,2.7283239076285675,0.4846643515281676,0.00012399034171130163,991514.1147545872,19830.282303156888,5.469793888340484e-05,5.454215416835402e-05,85732.63006176877,85244.97680456439,10539812.983438095,210796.25975449456,27.068258700479497,0.5413651742297678,10479861.782501003,209597.235735265,26.91429253249154,0.5382858508687562,"[2.357,2.642]",2.5,"[1.500,2.000]",1.75,0.002,0.0,993,1.987,0.24,-5.273316477470999,33,2.766683522529,0.005,0.0,397,1.9875,0.1,-0.7758164774709999,35,2.7741835225290004,2.0082497804904946,2.0042741284431247,0.5085318310418411,0.4695455807281773,2.0645062996703905,1.941773503020976,0.4812691246879415,0.4804443960906661
26,56,3.116,44.98,2.0519,126.4559142,2.529118283,E04001,1.162460459,0.020481446,0.0089,3.1249000000000002,1.0641000000000003,1.0730000000000002,1.0,0.0,0.0,126.4559142,2.529118283,0.7850490975470494,0.14632321753398772,0.8536767824660122,0.17140353414708612,0.053535717844365394,1.9983642821556344,4.433234524286382,1.0057206098879279,1.9406764059359498,1.9624973532496452,6.1727909632496445,2.4845102059057123,2.7901645539930504,2.7683436066793545,0.4811724599883003,0.00012582291349814514,1005030.8857445443,20100.61770694321,5.4697938883404834e-05,5.4542154168354014e-05,87529.03326071473,87031.16193519042,11068563.920025887,221371.27831298872,28.42619239078018,0.5685238475908123,11005605.146402746,220112.10284102373,28.264502200017404,0.5652900437768353,"[2.357,2.642]",2.5,"[1.500,2.000]",1.75,0.002,0.0,999,1.999,0.24,-5.273316477470999,33,2.766683522529,0.005,0.0,399,1.9975,0.1,-0.7758164774709999,35,2.7741835225290004,2.0198036868959335,2.014274128443125,0.5032285294211812,0.4678164249097537,2.0645062996703905,1.941773503020976,0.4812691246879415,0.4804443960906661
26,56,3.116,44.98,2.0627,129.9927605,2.59985521,E04001,1.192374094,0.020462678,0.0089,3.1249000000000002,1.0533000000000001,1.0622,1.0,0.0,0.0,129.9927605,2.59985521,0.7850490975470494,0.14632321753398772,0.8536767824660122,0.17140353414708612,0.053535717844365394,2.0091642821556346,4.433234524286382,1.0057206098879279,1.9209796620358384,1.9427443509988562,6.197475640998856,2.4894729645045066,2.8301279946931617,2.8083633057301443,0.47765165185535136,0.0001276239169922613,1018561.125246472,20371.222504929436,5.469793888340485e-05,5.4542154168354034e-05,89374.99277640329,88866.62150272804,11618102.030672222,232362.04061344443,29.837511525960462,0.5967502305192092,11552017.445448278,231040.3489089655,29.667793652240455,0.593355873044809,"[2.357,2.642]",2.5,"[1.500,2.000]",1.75,0.002,0.0,1004,2.009,0.24,-5.273316477470999,33,2.766683522529,0.005,0.0,401,2.0075,0.1,-0.7758164774709999,35,2.7741835225290004,2.029430060561772,2.0242741284431247,0.49869786412790756,0.46609144677302927,2.0645062996703905,1.941773503020976,0.4812691246879415,0.4804443960906661
26,56,3.116,44.98,2.0735,133.5451624,2.670903248,E04001,1.190608459,0.020292761,0.0089,3.1249000000000002,1.0425,1.0514,1.0,0.0,0.0,133.5451624,2.670903248,0.7850490975470494,0.14632321753398772,0.8536767824660122,0.17140353414708612,0.053535717844365394,2.0199642821556347,4.433234524286382,1.0057206098879279,1.901282918135727,1.9229913487480674,6.222393598748068,2.494472609340112,2.870091435393274,2.848383004780933,0.4741018938933681,0.00012939368096558584,1032084.112635441,20641.68225270882,5.469793888340484e-05,5.454215416835402e-05,91272.16996077202,90753.0074092276,12188956.760011703,243779.13520023404,31.303575821260015,0.6260715164252003,12119625.112753704,242392.5022550741,31.125518870244008,0.6225103774048802,"[2.357,2.642]",2.5,"[1.500,2.000]",1.75,0.002,0.0,1009,2.019,0.24,-5.273316477470999,33,2.766683522529,0.005,0.0,403,2.0175,0.1,-0.7758164774709999,36,2.8741835225290004,2.0390547245888584,2.034274128443125,0.49406248859167523,0.46437069442361495,2.0645062996703905,1.995062897472271,0.4812691246879415,0.4711420000450433
26,56,3.116,44.98,2.0843,137.1162973,2.742325947,E04001,1.19606497,0.02027476,0.0089,3.1249000000000002,1.0317000000000003,1.0406000000000002,1.0,0.0,0.0,137.1162973,2.742325947,0.7850490975470494,0.14632321753398772,0.8536767824660122,0.17140353414708612,0.053535717844365394,2.0307642821556344,4.433234524286382,1.0057206098879279,1.8815861742356164,1.9032383464972795,6.247544836497279,2.499508919067359,2.9100548760933833,2.88840270383172,0.4705231559307125,0.00013113253596826102,1045631.4009910347,20912.628027446564,5.4697938883404834e-05,5.4542154168354014e-05,93222.29583129929,92692.04082601775,12782296.030192984,255645.92069708195,32.827384724478485,0.6565476947289824,12709589.427243989,254191.78863757176,32.64066024075672,0.6528132050531852,"[2.357,2.642]",2.5,"[1.500,2.000]",1.75,0.002,0.0,1015,2.031,0.24,-5.273316477470999,34,3.0066835225290003,0.005,0.0,406,2.0325,0.1,-0.7758164774709999,36,2.8741835225290004,2.050602065980236,2.049274128443125,0.4883568650311545,0.4617975916164097,2.104206831080068,1.995062897472271,0.4596163870364823,0.4711420000450433
26,56,3.116,44.98,2.0952,140.737959,2.81475918,E04001,1.193707804,0.0202504,0.0089,3.1249000000000002,1.0208,1.0296999999999998,1.0,0.0,0.0,140.737959,2.81475918,0.7850490975470494,0.14632321753398772,0.8536767824660122,0.17140353414708612,0.053535717844365394,2.041664282155635,4.433234524286382,1.0057206098879279,1.8617070530771702,1.8833024460775014,6.273165486077502,2.5046288120353286,2.9503883486518303,2.928792955651499,0.46688187024947897,0.0001328564897341755,1059323.1785785854,21186.463571571705,5.469793888340485e-05,5.4542154168354034e-05,95246.00005932042,94704.2340814057,13404727.651262634,268094.55302525265,34.42590835757774,0.6885181671515547,13328480.613275276,266569.61226550554,34.2300913584877,0.6846018271697539,"[2.357,2.642]",2.5,"[1.500,2.000]",1.75,0.002,0.0,1020,2.041,0.24,-5.273316477470999,34,3.0066835225290003,0.005,0.0,408,2.0425,0.1,-0.7758164774709999,37,2.974183522529,2.0602229720061302,2.059274128443125,0.48347854035612525,0.46008760657973524,2.104206831080068,2.0483522919235657,0.4596163870364823,0.4619554434905356
26,56,3.116,44.98,2.106,144.3424645,2.886849291,E04001,1.198538494,0.020229667,0.0089,3.1249000000000002,1.0100000000000002,1.0189000000000001,1.0,0.0,0.0,144.3424645,2.886849291,0.7850490975470494,0.14632321753398772,0.8536767824660122,0.17140353414708612,0.053535717844365394,2.0524642821556345,4.433234524286382,1.0057206098879279,1.8420103091770597,1.8635494438267133,6.298785443826713,2.5097381225591473,2.9903517893519402,2.968812654702287,0.4632448253637073,0.0001345342463042744,1072904.9923358732,21458.099854150514,5.469793888340485e-05,5.4542154168354034e-05,97308.04686084655,96754.55181503145,14045683.29957608,280913.66608882963,36.07200524101812,0.721440105070268,13965790.460574588,279315.8093082463,35.866825126550594,0.717336502779496,"[2.357,2.642]",2.5,"[1.500,2.000]",1.75,0.002,0.0,1026,2.053,0.24,-5.273316477470999,34,3.0066835225290003,0.005,0.0,410,2.0525,0.1,-0.7758164774709999,37,2.974183522529,2.07176580643646,2.069274128443125,0.4774703858450665,0.45838200660545997,2.104206831080068,2.0483522919235657,0.4596163870364823,0.4619554434905356
26,56,3.116,44.98,2.1168,147.9660714,2.959321428,E04001,1.196220176,0.020072169,0.0089,3.1249000000000002,0.9992000000000001,1.0081,1.0,0.0,0.0,147.9660714,2.959321428,0.7850490975470494,0.14632321753398772,0.8536767824660122,0.17140353414708612,0.053535717844365394,2.0632642821556346,4.433234524286382,1.0057206098879279,1.8223135652769482,1.8437964415759245,6.324638681575925,2.514883432999614,3.030315230052052,3.0088323537530757,0.45957872865684046,0.00013618209776237786,1086531.0039369774,21730.620078739546,5.469793888340484e-05,5.454215416835402e-05,99428.70948735013,98863.1519626807,14712075.527215108,294241.5105443021,37.783428132682936,0.7556685626536587,14628392.202139063,292567.8440427812,37.56851332388755,0.751370266477751,"[2.357,2.642]",2.5,"[1.500,2.000]",1.75,0.002,0.0,1031,2.063,0.24,-5.273316477470999,34,3.0066835225290003,0.005,0.0,412,2.0625,0.1,-0.7758164774709999,37,2.974183522529,2.08138295885972,2.079274128443125,0.4723303371093133,0.4566808346555753,2.104206831080068,2.0483522919235657,0.4596163870364823,0.4619554434905356
26,56,3.116,44.98,2.1276,151.5926043,3.031852086,E04001,1.193989646,0.019723917,0.0089,3.1249000000000002,0.9884,0.9973,1.0,0.0,0.0,151.5926043,3.031852086,0.7850490975470494,0.14632321753398772,0.8536767824660122,0.17140353414708612,0.053535717844365394,2.0740642821556348,4.433234524286382,1.0057206098879279,1.8026168213768368,1.8240434393251357,6.350725199325137,2.520064522849591,3.0702786707521637,3.0488520528038645,0.455883562729212,0.00013780038022802437,1100088.43262372,22001.7686524744,5.4697938883404855e-05,5.4542154168354034e-05,101610.03718320532,101032.07211248082,15403330.159621932,308066.6031924386,39.55870244232151,0.7911740488464302,15315714.92935637,306314.29858712736,39.33368974782144,0.7866737949564286,"[2.357,2.642]",2.5,"[1.500,2.000]",1.75,0.002,0.0,1037,2.075,0.24,-5.273316477470999,34,3.0066835225290003,0.005,0.0,414,2.0725000000000002,0.1,-0.7758164774709999,38,3.074183522529,2.0929212916021243,2.089274128443125,0.4659959581166114,0.4549841325846158,2.104206831080068,2.1016416863748613,0.4596163870364823,0.4528919697595497
26,56,3.116,44.98,2.1384,155.2713289,3.105426579,E04001,1.19790306,0.019321017,0.0089,3.1249000000000002,0.9776000000000002,0.9865000000000003,1.0,0.0,0.0,155.2713289,3.105426579,0.7850490975470494,0.14632321753398772,0.8536767824660122,0.17140353414708612,0.053535717844365394,2.0848642821556345,4.433234524286382,1.0057206098879279,1.7829200774767262,1.8042904370743478,6.377044997074346,2.5252811718844987,3.1102421114522745,3.088871751854653,0.452159313487309,0.00013938943083551618,1113939.040925025,22278.780825674647,5.4697938883404855e-05,5.4542154168354034e-05,103854.16956811857,103263.43971383019,16125574.920647707,322511.4985168083,41.41356533858274,0.8282713070383723,16033851.511151448,320677.0303262924,41.17800205287396,0.8235600413226795,"[2.357,2.642]",2.5,"[1.500,2.000]",1.75,0.002,0.0,1042,2.085,0.24,-5.273316477470999,34,3.0066835225290003,0.005,0.0,416,2.0825,0.1,-0.7758164774709999,38,3.074183522529,2.1025346948127392,2.099274128443125,0.4605734097184636,0.45329194115262433,2.104206831080068,2.1016416863748613,0.4596163870364823,0.4528919697595497
26,56,3.116,44.98,2.1492,158.9317934,3.178635868,E04001,1.195481382,0.018813102,0.0089,3.1249000000000002,0.9668000000000001,0.9757000000000001,1.0,0.0,0.0,158.9317934,3.178635868,0.7850490975470494,0.14632321753398772,0.8536767824660122,0.17140353414708612,0.053535717844365394,2.0956642821556346,4.433234524286382,1.0057206098879279,1.7632233335766148,1.784537434823559,6.403598074823559,2.530533160190468,3.150205552152386,3.128891450905442,0.44840597019150674,0.00014094958759043342,1127578.988466562,22551.57976933124,5.4697938883404855e-05,5.4542154168354034e-05,106163.34161778016,105559.47702971945,16872730.276650656,337454.6055330132,43.33240341450651,0.8666480682901303,16776756.994699417,335535.1398939884,43.08592564224695,0.861718512844939,"[2.357,2.642]",2.5,"[1.500,2.000]",1.75,0.002,0.0,1047,2.095,0.24,-5.273316477470999,35,3.2466835225290005,0.005,0.0,419,2.0975,0.1,-0.7758164774709999,39,3.1741835225290003,2.112146395284711,2.114274128443125,0.45501498053470246,0.4507621979569269,2.1433959508331357,2.1549310808261564,0.4359347832801437,0.4439579073370699
26,56,3.116,44.98,2.16,162.6235461,3.252470922,E04001,1.229834208,0.019308397,0.0089,3.1249000000000002,0.956,0.9649,1.0,0.0,0.0,162.6235461,3.252470922,0.7850490975470494,0.14632321753398772,0.8536767824660122,0.17140353414708612,0.053535717844365394,2.1064642821556347,4.433234524286382,1.0057206098879279,1.7435265896765033,1.76478443257277,6.430384432572771,2.535820268191886,3.190168992852498,3.168911149956231,0.4446235255035685,0.0001424811892291824,1141368.5341888776,22827.370683777553,5.469793888340487e-05,5.454215416835405e-05,108539.88897846368,107922.50642110118,17651141.63897807,353022.8327795614,45.33151290193102,0.9066302580386203,17550740.698199492,351014.8139639899,45.07366405366051,0.9014732810732103,"[2.357,2.642]",2.5,"[1.500,2.000]",1.75,0.002,0.0,1053,2.107,0.24,-5.273316477470999,35,3.2466835225290005,0.005,0.0,421,2.1075,0.1,-0.7758164774709999,39,3.1741835225290003,2.1236781895094765,2.124274128443125,0.448158456194831,0.4490814543819625,2.1433959508331357,2.1549310808261564,0.4359347832801437,0.4439579073370699
26,56,3.116,44.98,2.1708,166.3047761,3.326095523,E04001,1.166532943,0.022789484,0.0089,3.1249000000000002,0.9452000000000003,0.9541000000000003,1.0,0.0,0.0,166.3047761,3.326095523,0.7850490975470494,0.14632321753398772,0.8536767824660122,0.17140353414708612,0.053535717844365394,2.1172642821556344,4.433234524286382,1.0057206098879279,1.723829845776393,1.745031430321982,6.4574040703219815,2.541142276678341,3.2301324335526065,3.2089308490070176,0.44081197553388307,0.000143984575081598,1155018.0011001376,23100.36002894794,5.4697938883404834e-05,5.4542154168354014e-05,110986.25364203422,110354.95598961816,18457544.06211631,369150.8813533125,47.40250879535902,0.9480501761922144,18352556.2473788,367051.125057931,47.132879976121096,0.9426575998058346,"[2.357,2.642]",2.5,"[1.500,2.000]",1.75,0.002,0.0,1058,2.117,0.24,-5.273316477470999,35,3.2466835225290005,0.005,0.0,423,2.1175,0.1,-0.7758164774709999,39,3.1741835225290003,2.133286147138982,2.134274128443125,0.44228316424096137,0.44740535567421497,2.1433959508331357,2.1549310808261564,0.4359347832801437,0.4439579073370699
26,56,3.116,44.98,2.1816,170.0312535,3.400625071,E04001,1.193898156,0.022642896,0.0089,3.1249000000000002,0.9344000000000001,0.9433000000000001,1.0,0.0,0.0,170.0312535,3.400625071,0.7850490975470494,0.14632321753398772,0.8536767824660122,0.17140353414708612,0.053535717844365394,2.1280642821556346,4.433234524286382,1.0057206098879279,1.7041331018762815,1.7252784280711932,6.484656988071193,2.546498966830969,3.2700958742527186,3.248950548057807,0.43697131988841625,0.0001454600849366163,1168920.35072089,23378.40702129254,5.469793888340484e-05,5.454215416835402e-05,113504.9900102489,112859.36560740988,19299395.729947597,385987.914712457,49.5645451396561,0.9912909030846246,19189619.403442692,383792.3881817132,49.2826185049338,0.9856523703885204,"[2.357,2.642]",2.5,"[1.500,2.000]",1.75,0.002,0.0,1064,2.129,0.24,-5.273316477470999,35,3.2466835225290005,0.005,0.0,425,2.1275,0.1,-0.7758164774709999,40,3.274183522529,2.1448134525754483,2.144274128443125,0.43503066761394543,0.44573393782895476,2.1433959508331357,2.208220475277451,0.4359347832801437,0.43515872545350914
26,56,3.116,44.98,2.1924,173.8036659,3.476073318,E04001,1.2082599,0.022726793,0.0089,3.1249000000000002,0.9236,0.9325,1.0,0.0,0.0,173.8036659,3.476073318,0.7850490975470494,0.14632321753398772,0.8536767824660122,0.17140353414708612,0.053535717844365394,2.1388642821556347,4.433234524286382,1.0057206098879279,1.6844363579761703,1.7055254258204042,6.512143185820405,2.5518901202482063,3.31005931495283,3.2889702471085958,0.4331015617153516,0.00014690805891102968,1183077.8187958961,23661.55637591792,5.469793888340483e-05,5.454215416835401e-05,116098.77137990943,115438.39336537695,20178392.072314262,403567.84144628525,51.82197612342625,1.0364395224685252,20063615.95250875,401272.319050175,51.52720906177016,1.0305441812354033,"[2.357,2.642]",2.5,"[1.500,2.000]",1.75,0.002,0.0,1069,2.1390000000000002,0.24,-5.273316477470999,35,3.2466835225290005,0.005,0.0,427,2.1375,0.1,-0.7758164774709999,40,3.274183522529,2.1544176717315224,2.154274128443125,0.4288115704082565,0.44406723581821533,2.1433959508331357,2.208220475277451,0.4359347832801437,0.43515872545350914
26,56,3.116,44.98,2.2032,177.5745421,3.551490842,E04001,1.193864827,0.022300494,0.0089,3.1249000000000002,0.9128000000000003,0.9217000000000003,1.0,0.0,0.0,177.5745421,3.551490842,0.7850490975470494,0.14632321753398772,0.8536767824660122,0.17140353414708612,0.053535717844365394,2.1496642821556344,4.433234524286382,1.0057206098879279,1.6647396140760595,1.6857724235696163,6.539862663569616,2.557315518970942,3.350022755652941,3.328989946159384,0.4292027077513938,0.0001483288373213345,1197168.0308887516,23943.360617775033,5.469793888340485e-05,5.4542154168354034e-05,118770.39688338725,118094.82247422809,21090598.841602758,421811.9768320552,54.16469784517118,1.0832939569034237,20970634.02524184,419412.68050483684,53.85660521683751,1.07713210433675,"[2.357,2.642]",2.5,"[1.500,2.000]",1.75,0.002,0.0,1074,2.149,0.24,-5.273316477470999,35,3.2466835225290005,0.005,0.0,429,2.1475,0.1,-0.7758164774709999,41,3.3741835225290004,2.1640201930235037,2.164274128443125,0.42242645334240636,0.4424052836037022,2.1433959508331357,2.2615098697287466,0.4359347832801437,0.4264990895512948
26,56,3.116,44.98,2.2141,181.4041821,3.628083642,E04001,1.22378656,0.022601463,0.0089,3.1249000000000002,0.9018999999999999,0.9107999999999999,1.0,0.0,0.0,181.4041821,3.628083642,0.7850490975470494,0.14632321753398772,0.8536767824660122,0.17140353414708612,0.053535717844365394,2.160564282155635,4.433234524286382,1.0057206098879279,1.6448604929176134,1.6658365231498382,6.568075333149839,2.5628256540681496,3.390356228211387,3.369380197979162,0.42523826269817333,0.00014973554283978597,1211497.141290621,24229.942825812417,5.469793888340485e-05,5.4542154168354034e-05,121548.67105980015,120857.29363082744,22049437.25894499,440988.7451788997,56.62717857166616,1.132543571433323,21924018.50191979,438480.3700383958,56.30507917897435,1.126101583579487,"[2.357,2.642]",2.5,"[1.500,2.000]",1.75,0.002,0.0,1080,2.161,0.24,-5.273316477470999,36,3.4866835225290007,0.005,0.0,432,2.1625,0.1,-0.7758164774709999,41,3.3741835225290004,2.175540978660628,2.179274128443125,0.4145359326180717,0.439921332989602,2.182092927664414,2.2615098697287466,0.40993237591777726,0.4264990895512948
26,56,3.116,44.98,2.2249,185.2324615,3.70464923,E04001,1.236284386,0.022566239,0.0089,3.1249000000000002,0.8911000000000002,0.9000000000000002,1.0,0.0,0.0,185.2324615,3.70464923,0.7850490975470494,0.14632321753398772,0.8536767824660122,0.17140353414708612,0.053535717844365394,2.1713642821556345,4.433234524286382,1.0057206098879279,1.625163749017503,1.6460835208990503,6.59626353089905,2.5683192034673277,3.4303196689114976,3.4093998970299504,0.42128098284387133,0.0001511027073301548,1225871.228734987,24517.42457469974,5.469793888340483e-05,5.454215416835401e-05,124385.71448725431,123678.1997548158,23040272.069910325,460805.4413982065,59.17183216607004,1.1834366433214007,22909217.374473225,458184.3474894645,58.83525860394154,1.1767051720788306,"[2.357,2.642]",2.5,"[1.500,2.000]",1.75,0.002,0.0,1085,2.1710000000000003,0.24,-5.273316477470999,36,3.4866835225290007,0.005,0.0,434,2.1725,0.1,-0.7758164774709999,41,3.3741835225290004,2.1851397678189954,2.1892741284431247,0.4077620536082962,0.4382713973340114,2.182092927664414,2.2615098697287466,0.40993237591777726,0.4264990895512948
26,56,3.116,44.98,2.2357,189.0839848,3.781679696,E04001,1.237545317,0.022423898,0.0089,3.1249000000000002,0.8803000000000001,0.8892000000000001,1.0,0.0,0.0,189.0839848,3.781679696,0.7850490975470494,0.14632321753398772,0.8536767824660122,0.17140353414708612,0.053535717844365394,2.1821642821556346,4.433234524286382,1.0057206098879279,1.6054670051173916,1.6263305186482613,6.624685008648261,2.573846345190066,3.470283109611609,3.4494195960807392,0.41729464957947565,0.0001524437003177351,1240352.8935987274,24807.05787197455,5.4697938883404834e-05,5.4542154168354014e-05,127309.86208896573,126585.71459836392,24072256.028120093,481445.12056240183,61.82216465294256,1.2364432930588511,23935331.33501418,478706.6267002836,61.47051581237029,1.2294103162474057,"[2.357,2.642]",2.5,"[1.500,2.000]",1.75,0.002,0.0,1091,2.183,0.24,-5.273316477470999,36,3.4866835225290007,0.005,0.0,436,2.1825,0.1,-0.7758164774709999,42,3.474183522529,2.196656077505949,2.199274128443125,0.3993842801182384,0.4366263225700162,2.182092927664414,2.3147992641800412,0.40993237591777726,0.41798291609993904
26,56,3.116,44.98,2.2465,192.9624098,3.859248196,E04001,1.228218492,0.022076839,0.0089,3.1249000000000002,0.8694999999999999,0.8784,1.0,0.0,0.0,192.9624098,3.859248196,0.7850490975470494,0.14632321753398772,0.8536767824660122,0.17140353414708612,0.053535717844365394,2.1929642821556348,4.433234524286382,1.0057206098879279,1.5857702612172802,1.6065775163974725,6.6533397663974725,2.579406863291922,3.510246550311721,3.4894392951315285,0.41327928448625084,0.0001537588616951485,1254967.7311124923,25099.354622249844,5.469793888340484e-05,5.454215416835402e-05,130324.4977709493,129583.20281959018,25147729.145857103,502954.5829171421,64.58418563206818,1.2916837126413636,25004687.085670274,500093.74171340547,64.21682622101689,1.2843365244203377,"[2.357,2.642]",2.5,"[1.500,2.000]",1.75,0.002,0.0,1096,2.193,0.24,-5.273316477470999,36,3.4866835225290007,0.005,0.0,438,2.1925,0.1,-0.7758164774709999,42,3.474183522529,2.206251138878926,2.2092741284431248,0.392186064475898,0.434986138271826,2.182092927664414,2.3147992641800412,0.40993237591777726,0.41798291609993904
26,56,3.116,44.98,2.2573,196.8707995,3.937415991,E04001,1.193676262,0.021486173,0.0089,3.1249000000000002,0.8587000000000002,0.8676000000000003,1.0,0.0,0.0,196.8707995,3.937415991,0.7850490975470494,0.14632321753398772,0.8536767824660122,0.17140353414708612,0.053535717844365394,2.2037642821556345,4.433234524286382,1.0057206098879279,1.5660735173171696,1.5868245141466846,6.682227804146684,2.585000542388083,3.5502099910118297,3.529458994182315,0.40923491295992054,0.0001550485309594009,1269736.6320197524,25394.73264684464,5.469793888340483e-05,5.454215416835401e-05,133433.17436114931,132674.19703770254,26269095.71630237,525381.9144594806,67.4640697888913,1.349281396120508,26119675.24383303,522393.5050093348,67.08032939327865,1.3416065882063057,"[2.357,2.642]",2.5,"[1.500,2.000]",1.75,0.002,0.0,1101,2.203,0.24,-5.273316477470999,36,3.4866835225290007,0.005,0.0,440,2.2025,0.1,-0.7758164774709999,43,3.5741835225290006,2.2158445072391615,2.219274128443125,0.3847820179196869,0.4333508730737673,2.182092927664414,2.3680886586313368,0.40993237591777726,0.40961342632008924
26,56,3.116,44.98,2.2681,200.8197166,4.016394333,E04001,1.22497932,0.022607342,0.0089,3.1249000000000002,0.8479000000000001,0.8568000000000001,1.0,0.0,0.0,200.8197166,4.016394333,0.7850490975470494,0.14632321753398772,0.8536767824660122,0.17140353414708612,0.053535717844365394,2.2145642821556346,4.433234524286382,1.0057206098879279,1.5463767734170581,1.5670715118958956,6.711349121895895,2.5906271676750197,3.590173431711942,3.569478693233104,0.40516156425438055,0.00015631304710232252,1284727.7967049251,25694.55594049592,5.469793888340484e-05,5.454215416835402e-05,136639.62422500525,135862.4083881821,27439930.613196045,548798.6124005606,70.4709980839633,1.409419962030183,27283850.349108193,545677.0071180263,70.07015406775467,1.4014030817040142,"[2.357,2.642]",2.5,"[1.500,2.000]",1.75,0.002,0.0,1107,2.215,0.24,-5.273316477470999,36,3.4866835225290007,0.005,0.0,442,2.2125,0.1,-0.7758164774709999,43,3.5741835225290006,2.2273543157559175,2.229274128443125,0.37561312615714465,0.4317205546829621,2.182092927664414,2.3680886586313368,0.40993237591777726,0.40961342632008924
26,56,3.116,44.98,2.2789,204.7989598,4.095979196,E04001,1.245123512,0.019921976,0.0089,3.1249000000000002,0.8371,0.846,1.0,0.0,0.0,204.7989598,4.095979196,0.7850490975470494,0.14632321753398772,0.8536767824660122,0.17140353414708612,0.053535717844365394,2.2253642821556348,4.433234524286382,1.0057206098879279,1.5266800295169467,1.5473185096451068,6.740703719645108,2.5962865249515716,3.630136872412053,3.6094983922838932,0.40105927152488746,0.0001575527485040748,1299875.5130869919,25997.510261739837,5.469793888340485e-05,5.4542154168354034e-05,139947.77069351726,139151.73788584516,28661157.86436126,573223.1572872252,73.60734359773659,1.4721468719547317,28498131.17338334,569962.6234676668,73.18865982664808,1.4637731965329615,"[2.357,2.642]",2.5,"[1.500,2.000]",1.75,0.002,0.0,1112,2.225,0.24,-5.273316477470999,37,3.726683522529001,0.005,0.0,445,2.2275,0.1,-0.7758164774709999,43,3.5741835225290006,2.2369439626404173,2.244274128443125,0.3677247799998803,0.42928441072206436,2.2203158498709357,2.3680886586313368,0.3812578701495783,0.40961342632008924
26,56,3.116,44.98,2.2897,208.8187936,4.176375872,E04001,1.235520977,0.01987369,0.0089,3.1249000000000002,0.8263000000000003,0.8352000000000003,1.0,0.0,0.0,208.8187936,4.176375872,0.7850490975470494,0.14632321753398772,0.8536767824660122,0.17140353414708612,0.053535717844365394,2.2361642821556345,4.433234524286382,1.0057206098879279,1.5069832856168361,1.5275655073943188,6.770291597394318,2.601978400639467,3.6701003131121643,3.6495180913346816,0.3969280718706904,0.00015876797282971263,1315245.0703894142,26304.90140778829,5.469793888340484e-05,5.454215416835402e-05,143361.7403773616,142546.28866891479,29936625.673997056,598732.5134799412,76.88298925573892,1.5376597851147786,29766344.032000136,595326.8806400028,76.44567338070794,1.5289134676141591,"[2.357,2.642]",2.5,"[1.500,2.000]",1.75,0.002,0.0,1118,2.237,0.24,-5.273316477470999,37,3.726683522529001,0.005,0.0,447,2.2375000000000003,0.1,-0.7758164774709999,44,3.6741835225290003,2.2484493079840604,2.254274128443125,0.3579468358407307,0.42766657459708046,2.2203158498709357,2.421378053082632,0.3812578701495783,0.4013931984557676
26,56,3.116,44.98,2.3005,212.8764369,4.257528739,E04001,1.254248727,0.022454341,0.0089,3.1249000000000002,0.8155000000000001,0.8244000000000001,1.0,0.0,0.0,212.8764369,4.257528739,0.7850490975470494,0.14632321753398772,0.8536767824660122,0.17140353414708612,0.053535717844365394,2.2469642821556346,4.433234524286382,1.0057206098879279,1.4872865417167247,1.5078125051435298,6.80011275514353,2.6077025818032875,3.7100637538122756,3.6895377903854705,0.3927680063770775,0.00015995905692878145,1330818.2792974263,26616.365592200124,5.469793888340485e-05,5.4542154168354034e-05,146885.87644831237,146050.3792048972,31268542.00925036,625370.8403318931,80.30360554055184,1.6060721111882679,31090684.33303237,621813.6868066977,79.84683295841023,1.59693665954329,"[2.357,2.642]",2.5,"[1.500,2.000]",1.75,0.002,0.0,1123,2.247,0.24,-5.273316477470999,37,3.726683522529001,0.005,0.0,449,2.2475,0.1,-0.7758164774709999,44,3.6741835225290003,2.258035237720385,2.264274128443125,0.34952623427772767,0.42605377513438686,2.2203158498709357,2.421378053082632,0.3812578701495783,0.4013931984557676
26,56,3.116,44.98,2.3113,216.9742286,4.339484573,E04001,1.235169733,0.022168531,0.0089,3.1249000000000002,0.8047,0.8136,1.0,0.0,0.0,216.9742286,4.339484573,0.7850490975470494,0.14632321753398772,0.8536767824660122,0.17140353414708612,0.053535717844365394,2.2577642821556347,4.433234524286382,1.0057206098879279,1.4675897978166133,1.488059502892741,6.830167192892741,2.613458856169873,3.7500271945123878,3.7295574894362598,0.38857912015681295,0.00016112633673793267,1346609.3314893786,26932.18663599388,5.469793888340485e-05,5.4542154168354034e-05,150524.75297785437,149668.55754763546,32659992.162575506,653199.8434020348,83.87711607420277,1.6775423218706318,32474219.81957291,649484.3965411268,83.40001711166045,1.6680003426175865,"[2.357,2.642]",2.5,"[1.050,1.500]",1.25,0.002,0.0,1128,2.257,0.24,-5.273316477470999,37,3.726683522529001,0.005,0.0,451,2.2575,0.1,-0.2758164774709999,40,3.774183522529,2.2676194792722484,2.2694815203165173,0.3408461091126435,0.36293398349579503,2.2203158498709357,2.208220475277451,0.3812578701495783,0.3731212329783665
26,56,3.116,44.98,2.3222,221.150914,4.423018281,E04001,1.238972948,0.022021162,0.0089,3.1249000000000002,0.7938000000000001,0.8027000000000001,1.0,0.0,0.0,221.150914,4.423018281,0.7850490975470494,0.14632321753398772,0.8536767824660122,0.17140353414708612,0.053535717844365394,2.2686642821556346,4.433234524286382,1.0057206098879279,1.4477106766581682,1.4681236024729638,6.860736442472964,2.6193007544902063,3.790360667070832,3.7699477412560367,0.3843222757328209,0.00016228062940910315,1362768.4019051169,27255.3680442645,5.469793888340482e-05,5.4542154168353994e-05,154318.56512393855,153440.79022218206,34127691.724327534,682553.8346408693,87.64644969468652,1.7529289942900501,33933571.00251783,678671.4202037973,87.14791049618977,1.7429582103178605,"[2.357,2.642]",2.5,"[1.050,1.500]",1.25,0.002,0.0,1134,2.269,0.24,-5.273316477470999,37,3.726683522529001,0.005,0.0,453,2.2675,0.1,-0.2758164774709999,40,3.774183522529,2.2791183419863046,2.2794815203165175,0.33007052246809787,0.3612981258524007,2.2203158498709357,2.208220475277451,0.3812578701495783,0.3731212329783665
26,56,3.116,44.98,2.333,225.3380163,4.506760327,E04001,1.278079947,0.022455155,0.0089,3.1249000000000002,0.7829999999999999,0.7918999999999999,1.0,0.0,0.0,225.3380163,4.506760327,0.7850490975470494,0.14632321753398772,0.8536767824660122,0.17140353414708612,0.053535717844365394,2.279464282155635,4.433234524286382,1.0057206098879279,1.4280139327580568,1.4483706002221748,6.891259600222176,2.625120873449864,3.8303241077709442,3.809967440306826,0.38007563406290285,0.000163401091666125,1379048.4139508063,27580.968285136038,5.4697938883404834e-05,5.4542154168354014e-05,158202.82586296377,157302.95701168245,35649110.95301459,712982.2192184947,91.55374571015638,1.8310749146094232,35446336.2911367,708926.725980037,91.03298153585482,1.8206596311210808,"[2.357,2.642]",2.5,"[1.050,1.500]",1.25,0.002,0.0,1139,2.279,0.24,-5.273316477470999,37,3.726683522529001,0.005,0.0,455,2.2775,0.1,-0.2758164774709999,40,3.774183522529,2.288698872669684,2.2894815203165173,0.3207763574361162,0.35966985313417665,2.2203158498709357,2.208220475277451,0.3812578701495783,0.3731212329783665
26,56,3.116,44.98,2.3438,229.5698893,4.591397787,E04001,1.228384092,0.02169274,0.0089,3.1249000000000002,0.7722000000000002,0.7811000000000002,1.0,0.0,0.0,229.5698893,4.591397787,0.7850490975470494,0.14632321753398772,0.8536767824660122,0.17140353414708612,0.053535717844365394,2.2902642821556345,4.433234524286382,1.0057206098879279,1.408317188857946,1.4286175979713869,6.922016037971386,2.6309724510095855,3.8702875484710533,3.849987139357612,0.3758003321253488,0.0001644987541109707,1395572.2068577637,27911.444143234345,5.4697938883404855e-05,5.4542154168354034e-05,162217.14713555126,161294.4445412408,37240172.510470316,744803.4503716235,95.6398965662744,1.912797931742093,37028347.778037645,740566.9557220472,95.0958900771975,1.9019178019581846,"[2.357,2.642]",2.5,"[1.050,1.500]",1.25,0.002,0.0,1145,2.291,0.24,-5.273316477470999,38,3.966683522529001,0.005,0.0,458,2.2925,0.1,-0.2758164774709999,41,3.8741835225290004,2.300193284927005,2.3044815203165174,0.3092255080162983,0.35724165211159453,2.2580817241395157,2.2615098697287466,0.3494847724214173,0.36424346887943987
26,56,3.116,44.98,2.3546,233.8496367,4.676992734,E04001,1.205903092,0.021295735,0.0089,3.1249000000000002,0.7614000000000001,0.7703000000000001,1.0,0.0,0.0,233.8496367,4.676992734,0.7850490975470494,0.14632321753398772,0.8536767824660122,0.17140353414708612,0.053535717844365394,2.3010642821556346,4.433234524286382,1.0057206098879279,1.3886204449578348,1.408864595720598,6.953005755720598,2.6368552777353176,3.910250989171165,3.8900068384084014,0.371496431582837,0.00016557394810223325,1412357.6769191376,28247.15353838275,5.469793888340484e-05,5.454215416835402e-05,166367.197748391,165420.88937297414,38904908.752258286,778098.1750451657,99.91525812454768,1.9983051624909536,38683614.88246089,773672.2976492178,99.34693307685293,1.9869386615370586,"[2.357,2.642]",2.5,"[1.050,1.500]",1.25,0.002,0.0,1150,2.301,0.24,-5.273316477470999,38,3.966683522529001,0.005,0.0,460,2.3025,0.1,-0.2758164774709999,41,3.8741835225290004,2.3097701090489338,2.3144815203165177,0.29925108158550784,0.3556323130748883,2.2580817241395157,2.2615098697287466,0.3494847724214173,0.36424346887943987
26,56,3.116,44.98,2.3654,238.1748113,4.763496227,E04001,1.251181846,0.021664759,0.0089,3.1249000000000002,0.7505999999999999,0.7595,1.0,0.0,0.0,238.1748113,4.763496227,0.7850490975470494,0.14632321753398772,0.8536767824660122,0.17140353414708612,0.053535717844365394,2.3118642821556348,4.433234524286382,1.0057206098879279,1.3689237010577233,1.389111593469809,6.98422875346981,2.6427691449443347,3.9502144298712762,3.9300265374591907,0.3671639983228293,0.000166627003642365,1429389.0311512745,28587.780629026918,5.469793888340485e-05,5.4542154168354034e-05,170658.96905946147,169688.24878559343,40646667.752389774,812933.3552184545,104.3884288803791,2.0877685780458672,40415466.634336166,808309.3328564117,103.79466012137463,2.075893202863285,"[2.642,2.923]",2.783,"[1.050,1.500]",1.25,0.002,0.0,1155,2.311,0.24,-6.768405477470999,44,3.9115945225290005,0.005,0.0,462,2.3125,0.1,-0.2758164774709999,42,3.974183522529,2.3330642129202346,2.3244815203165174,0.4643763469327359,0.354030534050735,2.4759155598966265,2.3147992641800412,0.37820380206810833,0.35558130128295257
26,56,3.116,44.98,2.3762,242.554688,4.85109376,E04001,1.236834474,0.021356009,0.0089,3.1249000000000002,0.7398000000000002,0.7487000000000003,1.0,0.0,0.0,242.554688,4.85109376,0.7850490975470494,0.14632321753398772,0.8536767824660122,0.17140353414708612,0.053535717844365394,2.3226642821556345,4.433234524286382,1.0057206098879279,1.3492269571576125,1.369358591219021,7.01568503121902,2.6487138447214376,3.9901778705713875,3.970046236509979,0.36280310249470454,0.00016765824929790038,1446720.86828857,28934.417365771405,5.469793888340486e-05,5.454215416835404e-05,175098.79820018157,174102.82386446634,42471034.366620004,849420.6873324001,109.07375181315786,2.181475036263157,42229456.12236459,844589.1224472917,108.45333260627169,2.1690666521254336,"[2.642,2.923]",2.783,"[1.050,1.500]",1.25,0.002,0.0,1161,2.323,0.24,-6.768405477470999,44,3.9115945225290005,0.005,0.0,464,2.3225000000000002,0.1,-0.2758164774709999,42,3.974183522529,2.344549269643096,2.3344815203165177,0.4585077635722337,0.3524363062386652,2.4759155598966265,2.3147992641800412,0.37820380206810833,0.35558130128295257
26,56,3.116,44.98,2.387,246.9815483,4.939630967,E04001,1.206567867,0.018300962,0.0089,3.1249000000000002,0.7290000000000001,0.7379000000000001,1.0,0.0,0.0,246.9815483,4.939630967,0.7850490975470494,0.14632321753398772,0.8536767824660122,0.17140353414708612,0.053535717844365394,2.3334642821556346,4.433234524286382,1.0057206098879279,1.3295302132575015,1.3496055889682321,7.047374588968232,2.6546891699346333,4.030141311271499,4.010065935560768,0.3584138185460731,0.00016866801212250308,1464305.7992562219,29286.115991053248,5.4697938883404834e-05,5.4542154168354014e-05,179693.39333621867,178671.2846187399,44380952.50546019,887619.0502888972,113.97878744899894,2.279575749441466,44128510.51188636,882570.2104163985,113.33046805285228,2.2666093615159078,"[2.642,2.923]",2.783,"[1.050,1.500]",1.25,0.002,0.0,1166,2.333,0.24,-6.768405477470999,44,3.9115945225290005,0.005,0.0,466,2.3325,0.1,-0.2758164774709999,42,3.974183522529,2.3541183020057943,2.3444815203165175,0.45349644760295515,0.35084962012379034,2.4759155598966265,2.3147992641800412,0.37820380206810833,0.35558130128295257
26,56,3.116,44.98,2.3978,251.4647876,5.029295752,E04001,1.240730374,0.018968859,0.0089,3.1249000000000002,0.7182,0.7271,1.0,0.0,0.0,251.4647876,5.029295752,0.7850490975470494,0.14632321753398772,0.8536767824660122,0.17140353414708612,0.053535717844365394,2.3442642821556348,4.433234524286382,1.0057206098879279,1.30983346935739,1.3298525867174436,7.079297426717444,2.660694914250306,4.070104751971611,4.050085634611557,0.35399622525824315,0.00016965661758280588,1482198.5206516641,29643.970413033287,5.469793888340483e-05,5.454215416835401e-05,184449.86117892835,183400.69733629347,46382645.1642087,927652.9032841742,119.11951763187749,2.38239035263755,46118817.40136292,922376.3480272585,118.44195739923387,2.3688391479846778,"[2.642,2.923]",2.783,"[1.050,1.500]",1.25,0.002,0.0,1172,2.345,0.24,-6.768405477470999,45,4.151594522529001,0.005,0.0,468,2.3425000000000002,0.1,-0.2758164774709999,43,4.074183522529001,2.365598924276682,2.3544815203165177,0.4473324540077343,0.34927046549456586,2.51088392924068,2.3680886586313368,0.35172944230415293,0.34713376477555474
26,56,3.116,44.98,2.4086,255.9937761,5.119875522,E04001,1.242217701,0.020234867,0.0089,3.1249000000000002,0.7074000000000003,0.7163000000000003,1.0,0.0,0.0,255.9937761,5.119875522,0.7850490975470494,0.14632321753398772,0.8536767824660122,0.17140353414708612,0.053535717844365394,2.3550642821556345,4.433234524286382,1.0057206098879279,1.2901367254572795,1.3100995844666552,7.111453544466654,2.6667308721478915,4.1100681926717195,4.090105333662343,0.3495504057808043,0.00017062438948700612,1500335.1916432509,30006.703832865016,5.4697938883404834e-05,5.4542154168354014e-05,189375.73698497532,188298.5544127194,48479010.01250426,969580.2002500852,124.50338413249023,2.4900676826498045,48203257.97828335,964065.159565667,123.79520008679569,2.475904001735914,"[2.642,2.923]",2.783,"[1.050,1.500]",1.25,0.002,0.0,1177,2.355,0.24,-6.768405477470999,45,4.151594522529001,0.005,0.0,471,2.3575,0.1,-0.2758164774709999,43,4.074183522529001,2.375164263402361,2.3694815203165174,0.44206598840079503,0.34691583108142443,2.51088392924068,2.3680886586313368,0.35172944230415293,0.34713376477555474
26,56,3.116,44.98,2.4194,260.5839629,5.211679259,E04001,1.235686173,0.020147057,0.0089,3.1249000000000002,0.6966000000000001,0.7055000000000001,1.0,0.0,0.0,260.5839629,5.211679259,0.7850490975470494,0.14632321753398772,0.8536767824660122,0.17140353414708612,0.053535717844365394,2.3658642821556346,4.433234524286382,1.0057206098879279,1.270439981557168,1.2903465822158664,7.1438429422158665,2.6727968389340533,4.150031633371832,4.130125032713133,0.34507644766530277,0.0001715716499161821,1518805.4846316574,30376.109698461616,5.469793888340484e-05,5.454215416835402e-05,194479.0173107735,193372.8069194537,50678113.031739056,1013562.2608292602,130.15110193613532,2.603022039222166,50389852.34416779,1007797.0470767285,129.41079327253587,2.5882158659473355,"[2.642,2.923]",2.783,"[1.050,1.500]",1.25,0.002,0.0,1182,2.365,0.24,-6.768405477470999,45,4.151594522529001,0.005,0.0,473,2.3675,0.1,-0.2758164774709999,44,4.174183522529001,2.3847279251969837,2.3794815203165176,0.43667727290893604,0.34535545607608215,2.51088392924068,2.421378053082632,0.35172944230415293,0.3388993027135952
26,56,3.116,44.98,2.4302,265.2239061,5.304478123,E04001,1.232920534,0.020133932,0.0089,3.1249000000000002,0.6858,0.6947,1.0,0.0,0.0,265.2239061,5.304478123,0.7850490975470494,0.14632321753398772,0.8536767824660122,0.17140353414708612,0.053535717844365394,2.3766642821556347,4.433234524286382,1.0057206098879279,1.2507432376570566,1.2705935799650776,7.176465619965079,2.6788926107563698,4.189995074071943,4.170144731763922,0.3405744428979759,0.0001724987191582899,1537541.3069393446,30750.826144584036,5.4697938883404834e-05,5.4542154168354014e-05,199768.19582154218,198631.90020914783,52983301.21033912,1059666.0244065505,136.0712667502248,2.7214253355175386,52681928.4495356,1053638.5691893438,135.29728377087534,2.7059456759276315,"[2.642,2.923]",2.783,"[1.050,1.500]",1.25,0.002,0.0,1188,2.3770000000000002,0.24,-6.768405477470999,45,4.151594522529001,0.005,0.0,475,2.3775,0.1,-0.2758164774709999,44,4.174183522529001,2.3962021065154744,2.3894815203165174,0.43004355719435666,0.343802571579847,2.51088392924068,2.421378053082632,0.35172944230415293,0.3388993027135952
26,56,3.116,44.98,2.4411,269.9601151,5.399202303,E04001,1.211290045,0.019743657,0.0089,3.1249000000000002,0.6749,0.6838000000000001,1.0,0.0,0.0,269.9601151,5.399202303,0.7850490975470494,0.14632321753398772,0.8536767824660122,0.17140353414708612,0.053535717844365394,2.3875642821556347,4.433234524286382,1.0057206098879279,1.2308641164986112,1.2506576795453002,7.209626889545301,2.6850748387233643,4.23032854663039,4.210534983583701,0.33600241361925326,0.00017341422374890953,1556735.712122908,31134.714248224704,5.469793888340485e-05,5.4542154168354034e-05,205304.0216603699,204136.2378794722,55423897.317926355,1108477.946563831,142.33918506408511,2.8467837018089623,55108642.274023294,1102172.8456846022,141.52954972250856,2.830590994974432,"[2.642,2.923]",2.783,"[1.050,1.500]",1.25,0.002,0.0,1193,2.387,0.24,-6.768405477470999,45,4.151594522529001,0.005,0.0,477,2.3875,0.1,-0.2758164774709999,44,4.174183522529001,2.405762081285623,2.3994815203165176,0.42437093494408373,0.34225716445870846,2.51088392924068,2.421378053082632,0.35172944230415293,0.3388993027135952
26,56,3.116,44.98,2.4519,274.7078676,5.494157351,E04001,1.219477269,0.019766452,0.0089,3.1249000000000002,0.6640999999999999,0.6729999999999999,1.0,0.0,0.0,274.7078676,5.494157351,0.7850490975470494,0.14632321753398772,0.8536767824660122,0.17140353414708612,0.053535717844365394,2.398364282155635,4.433234524286382,1.0057206098879279,1.2111673725984997,1.2309046772945116,7.242718287294513,2.691229883769596,4.270291987330502,4.2505546826344895,0.33144435202598155,0.0001743016843905344,1576048.2668916667,31520.965332096155,5.469793888340486e-05,5.454215416835404e-05,210994.60643808334,209794.45420890345,57961878.40970711,1159237.5679831475,148.8572066719825,2.9771441328977755,57632187.15003371,1152643.74279088,148.01049636297137,2.960209926720635,"[2.642,2.923]",2.783,"[1.050,1.500]",1.25,0.002,0.0,1199,2.399,0.24,-6.768405477470999,45,4.151594522529001,0.005,0.0,479,2.3975,0.1,-0.2758164774709999,45,4.274183522529,2.417231840732555,2.4094815203165174,0.41738345830285956,0.34071922097482643,2.51088392924068,2.4746674475339265,0.35172944230415293,0.3308758421855966
26,56,3.116,44.98,2.4627,279.5075955,5.590151909,E04001,1.230735785,0.019749016,0.0089,3.1249000000000002,0.6533000000000002,0.6622000000000002,1.0,0.0,0.0,279.5075955,5.590151909,0.7850490975470494,0.14632321753398772,0.8536767824660122,0.17140353414708612,0.053535717844365394,2.4091642821556345,4.433234524286382,1.0057206098879279,1.1914706286983894,1.2111516750437235,7.276042965043723,2.697414125610623,4.310255428030611,4.290574381685277,0.3268585476582236,0.00017516990623260185,1595637.0675271805,31912.74134483487,5.469793888340485e-05,5.4542154168354034e-05,216900.062220933,215666.31934201208,60625214.85517337,1212504.2968865675,155.69716484065012,3.113943296255962,60280374.34962093,1205607.4867767524,154.81154836630043,3.0962309667721364,"[2.642,2.923]",2.783,"[1.050,1.500]",1.25,0.002,0.0,1204,2.4090000000000003,0.24,-6.768405477470999,46,4.391594522529001,0.005,0.0,481,2.4075,0.1,-0.2758164774709999,45,4.274183522529,2.4267881327392544,2.4194815203165176,0.4114045920709429,0.33918872680253515,2.545501321411908,2.4746674475339265,0.3227866706184713,0.3308758421855966
26,56,3.116,44.98,2.4735,284.3610918,5.687221836,E04001,1.202696184,0.01990427,0.0089,3.1249000000000002,0.6425000000000001,0.6514000000000001,1.0,0.0,0.0,284.3610918,5.687221836,0.7850490975470494,0.14632321753398772,0.8536767824660122,0.17140353414708612,0.053535717844365394,2.4199642821556346,4.433234524286382,1.0057206098879279,1.171773884798278,1.1913986727929344,7.309600922792935,2.7036273638933555,4.350218868730722,4.330594080736065,0.3222451105907692,0.00017601920176375715,1615511.767753913,32310.23535507826,5.469793888340484e-05,5.454215416835402e-05,223031.30960604007,221762.69175879122,63421426.705157384,1268428.5341031477,162.87837250113213,3.257567450022643,63060681.149036735,1261213.6229807346,161.95190881022359,3.2390381762044713,"[2.642,2.923]",2.783,"[1.050,1.500]",1.25,0.002,0.0,1209,2.419,0.24,-6.768405477470999,46,4.391594522529001,0.005,0.0,483,2.4175,0.1,-0.2758164774709999,46,4.374183522529,2.4363427521689616,2.4294815203165174,0.4052784977216815,0.3376656670440863,2.545501321411908,2.5279568419852216,0.3227866706184713,0.32306086281402474
26,56,3.116,44.98,2.4843,289.2662493,5.785324987,E04001,1.22724307,0.021952094,0.0089,3.1249000000000002,0.6316999999999999,0.6406,1.0,0.0,0.0,289.2662493,5.785324987,0.7850490975470494,0.14632321753398772,0.8536767824660122,0.17140353414708612,0.053535717844365394,2.430764282155635,4.433234524286382,1.0057206098879279,1.1520771408981665,1.1716456705421456,7.343392160542146,2.7098693991670793,4.390182309430834,4.370613779786854,0.3176041554818589,0.00017684988138786647,1635659.8434215651,32713.19687408581,5.469793888340485e-05,5.4542154168354034e-05,229400.0051961154,228095.16175837195,66357679.09248082,1327153.5820790164,170.41923108703517,3.408384622329846,65980231.92532105,1319604.6387345162,169.4498744596929,3.38899748977965,"[2.642,2.923]",2.783,"[1.050,1.500]",1.25,0.002,0.0,1215,2.431,0.24,-6.768405477470999,46,4.391594522529001,0.005,0.0,486,2.4325,0.1,-0.2758164774709999,46,4.374183522529,2.447806088919016,2.4444815203165176,0.3977252794376673,0.3353949829775297,2.545501321411908,2.5279568419852216,0.3227866706184713,0.32306086281402474
26,56,3.116,59.98,2.1507,15.93014358,0.318602872,E04001,0.903946655,0.027934463,0.0089,3.1249000000000002,0.9653,0.9742000000000001,1.0,0.0,0.0,15.93014358,0.318602872,1.0468484853461988,0.2498488652869208,0.7501511347130791,0.33306470353135437,0.09031511372285683,2.0603848862771432,4.433234524286382,1.0057206098879279,3.0060564228204956,3.0424371959256535,7.667947685925654,2.769105936204979,1.9101872819085046,1.8738065088033466,0.3732922316698637,3.209967183362722e-05,496271.2286457638,9925.424585376462,1.6485342865262337e-05,1.6438391106325783e-05,144658.29989834767,143835.47326773746,2304427.4874193775,46088.54980625087,5.918211213422906,0.11836422441706221,2291319.7410523095,45826.39487858037,5.884548009891534,0.1176909603455895,"[2.642,2.923]",2.783,"[3.000,3.500]",3.25,0.002,0.0,1030,2.061,0.24,-6.768405477470999,36,1.9915945225290006,0.005,0.0,412,2.0625,0.1,-2.275816477471,41,1.8741835225290004,2.0932392834799316,2.093651952822946,0.3946460866304241,0.3899305349453238,2.1820929276644137,2.2615098697287466,0.3664050146536215,0.36840592814119194
26,56,3.116,59.98,2.1587,16.70417621,0.334083524,E04001,0.951857775,0.026220988,0.0089,3.1249000000000002,0.9573,0.9662000000000001,1.0,0.0,0.0,16.70417621,0.334083524,1.0468484853461988,0.2498488652869208,0.7501511347130791,0.33306470353135437,0.09031511372285683,2.0683848862771432,4.433234524286382,1.0057206098879279,2.981143492765006,3.01745310891333,7.677438798913331,2.770819156659873,1.950112579963995,1.9138029638156708,0.37107646303932285,3.32743655356856e-05,502013.36497567024,10040.267293502773,1.648534286526234e-05,1.6438391106325786e-05,146552.90813458915,145719.30483846823,2448045.6015681196,48960.91200205181,6.287050041394695,0.1257410007526187,2434120.945220479,48682.41887526572,6.251288856549623,0.12502577705614545,"[2.642,2.923]",2.783,"[3.000,3.500]",3.25,0.002,0.0,1034,2.069,0.24,-6.768405477470999,36,1.9915945225290006,0.005,0.0,413,2.0675,0.1,-2.275816477471,41,1.8741835225290004,2.1009300972278524,2.0986519528229457,0.3923462404849998,0.389278387877181,2.1820929276644137,2.2615098697287466,0.3664050146536215,0.36840592814119194
26,56,3.116,59.98,2.1667,17.50317376,0.350063475,E04001,0.93125968,0.023938516,0.0089,3.1249000000000002,0.9493,0.9582,1.0,0.0,0.0,17.50317376,0.350063475,1.0468484853461988,0.2498488652869208,0.7501511347130791,0.33306470353135437,0.09031511372285683,2.0763848862771432,4.433234524286382,1.0057206098879279,2.9562305627095165,2.992469021901007,7.687057911901007,2.772554401973207,1.9900378780194834,1.9537994188279928,0.3688466243379259,3.444004336325942e-05,508221.5947112412,10164.43188841763,1.648534286526234e-05,1.6438391106325786e-05,148486.22233369644,147641.62220981327,2598980.1504726815,51979.60297975639,6.674678875322652,0.13349357743018483,2584196.967746637,51683.93932540441,6.6367128302824,0.1327342565298136,"[2.642,2.923]",2.783,"[2.500,3.000]",2.75,0.002,0.0,1038,2.077,0.24,-6.768405477470999,36,1.9915945225290006,0.005,0.0,415,2.0775,0.1,-1.775816477471,37,1.974183522529,2.108619821126375,2.103859344696339,0.3900206528409079,0.36519158807444024,2.1820929276644137,2.0483522919235657,0.3664050146536215,0.3727920675457212
26,56,3.116,59.98,2.1748,18.35270985,0.367054197,E04001,0.92084494,0.02299388,0.0089,3.1249000000000002,0.9412000000000003,0.9501000000000003,1.0,0.0,0.0,18.35270985,0.367054197,1.0468484853461988,0.2498488652869208,0.7501511347130791,0.33306470353135437,0.09031511372285683,2.084484886277143,4.433234524286382,1.0057206098879279,2.9310062210283343,2.9671726338010305,7.69692767380103,2.7743337351157,2.0304622423006657,1.9942958295279696,0.3665745506562711,3.56111229639282e-05,515364.5356421399,10307.290712842798,1.6485342865262337e-05,1.6438391106325783e-05,150484.18425411705,149628.21958166512,2761792.570629749,55235.85141259498,7.092812357898458,0.14185624715796916,2746083.2993543884,54921.66598708777,7.05246794006622,0.1410493588013244,"[2.642,2.923]",2.783,"[2.500,3.000]",2.75,0.002,0.0,1042,2.085,0.24,-6.768405477470999,36,1.9915945225290006,0.005,0.0,416,2.0825,0.1,-1.775816477471,37,1.974183522529,2.116308455638702,2.108859344696339,0.38766893637027067,0.3645123978196108,2.1820929276644137,2.0483522919235657,0.3664050146536215,0.3727920675457212
26,56,3.116,59.98,2.1828,19.20773061,0.384154612,E04001,0.957947629,0.023167755,0.0089,3.1249000000000002,0.9332000000000003,0.9421000000000003,1.0,0.0,0.0,19.20773061,0.384154612,1.0468484853461988,0.2498488652869208,0.7501511347130791,0.33306470353135437,0.09031511372285683,2.092484886277143,4.433234524286382,1.0057206098879279,2.9060932909728447,2.9421885467887074,7.706804386788707,2.77611317975127,2.0703875403561542,2.0342922845402915,0.36431631655945507,3.6758705843186934e-05,522535.5509505803,10450.711013570719,1.6485342865262337e-05,1.6438391106325783e-05,152498.53058738634,151631.10817066775,2929150.6939433618,58583.01384836753,7.522620076934655,0.150452401460364,2912489.477837956,58249.7895264329,7.4798308824286055,0.14959661757068857,"[2.642,2.923]",2.783,"[2.500,3.000]",2.75,0.002,0.0,1046,2.093,0.24,-6.768405477470999,36,1.9915945225290006,0.005,0.0,418,2.0925000000000002,0.1,-1.775816477471,38,2.074183522529,2.123996001227681,2.118859344696339,0.38529069568771557,0.3631567763106613,2.1820929276644137,2.1016416863748613,0.3664050146536215,0.3654931234475917
26,56,3.116,59.98,2.1908,20.09097861,0.401819572,E04001,0.950675443,0.022447886,0.0089,3.1249000000000002,0.9252000000000002,0.9341000000000003,1.0,0.0,0.0,20.09097861,0.401819572,1.0468484853461988,0.2498488652869208,0.7501511347130791,0.33306470353135437,0.09031511372285683,2.100484886277143,4.433234524286382,1.0057206098879279,2.881180360917355,2.917204459776384,7.716809099776383,2.7779145234827483,2.1103128384116445,2.0742887395526157,0.36204393482800445,3.789732367577691e-05,530142.4127435597,10602.848249593777,1.648534286526234e-05,1.6438391106325786e-05,154554.77172587413,153675.65326427674,3105156.61281797,62103.13222544845,7.9746369915041795,0.15949273975069833,3087494.262610361,61749.88522147208,7.929276692850941,0.1585855337780851,"[2.642,2.923]",2.783,"[2.500,3.000]",2.75,0.002,0.0,1050,2.101,0.24,-6.768405477470999,36,1.9915945225290006,0.005,0.0,420,2.1025,0.1,-1.775816477471,38,2.074183522529,2.1316824583558542,2.128859344696339,0.3828855271415585,0.36180485875699225,2.1820929276644137,2.1016416863748613,0.3664050146536215,0.3654931234475917
26,56,3.116,59.98,2.1988,21.00462578,0.420092516,E04001,0.980736349,0.022804501,0.0089,3.1249000000000002,0.9172000000000002,0.9261000000000003,1.0,0.0,0.0,21.00462578,0.420092516,1.0468484853461988,0.2498488652869208,0.7501511347130791,0.33306470353135437,0.09031511372285683,2.108484886277143,4.433234524286382,1.0057206098879279,2.856267430861866,2.892220372764061,7.726941812764061,2.7797377237365506,2.1502381364671344,2.1142851945649395,0.35975738104725297,3.902699494991893e-05,538207.6126269526,10764.152262788368,1.6485342865262337e-05,1.6438391106325783e-05,156654.04043010133,155762.9811797911,3290459.496159269,65809.189985847,8.450530291708723,0.1690106059951015,3271743.130058695,65434.86266347909,8.402463078339823,0.16804926172680812,"[2.642,2.923]",2.783,"[2.500,3.000]",2.75,0.002,0.0,1054,2.109,0.24,-6.768405477470999,37,2.231594522529001,0.005,0.0,421,2.1075,0.1,-1.775816477471,38,2.074183522529,2.1393678274854295,2.1338593446963388,0.3804530185984684,0.36113029824967724,2.2203158498709357,2.1016416863748613,0.3530353185093954,0.3654931234475917
26,56,3.116,59.98,2.2068,21.9440339,0.438880678,E04001,0.975208118,0.02214725,0.0089,3.1249000000000002,0.9092000000000002,0.9181000000000002,1.0,0.0,0.0,21.9440339,0.438880678,1.0468484853461988,0.2498488652869208,0.7501511347130791,0.33306470353135437,0.09031511372285683,2.116484886277143,4.433234524286382,1.0057206098879279,2.8313545008063765,2.867236285751738,7.737202525751737,2.781582737534826,2.190163434522623,2.1542816495772614,0.35745663148389384,4.0147738945637644e-05,546582.0610648458,10931.641221296915,1.6485342865262337e-05,1.6438391106325783e-05,158797.50915316786,157894.2577013147,3484657.924092676,69693.15848185352,8.949269054416177,0.17898538108832354,3464836.943612986,69296.73887225972,8.898364979726761,0.17796729959453525,"[2.642,2.923]",2.783,"[2.500,3.000]",2.75,0.002,0.0,1058,2.117,0.24,-6.768405477470999,37,2.231594522529001,0.005,0.0,423,2.1175,0.1,-1.775816477471,39,2.1741835225290003,2.147052109078288,2.143859344696339,0.3779927492213389,0.35978399189249033,2.2203158498709357,2.1549310808261564,0.3530353185093954,0.358297803400327
26,56,3.116,59.98,2.2148,22.90905092,0.458181018,E04001,0.990874745,0.022000038,0.0089,3.1249000000000002,0.9012000000000002,0.9101000000000002,1.0,0.0,0.0,22.90905092,0.458181018,1.0468484853461988,0.2498488652869208,0.7501511347130791,0.33306470353135437,0.09031511372285683,2.124484886277143,4.433234524286382,1.0057206098879279,2.806441570750887,2.8422521987394145,7.747591238739414,2.78344952150015,2.230088732578113,2.1942781045895856,0.3551416630962706,4.1259575726398575e-05,555242.0381613958,11104.840753533199,1.6485342865262337e-05,1.6438391106325783e-05,160986.39178258783,160070.68981168367,3688045.4467743738,73760.90887109292,9.471607172658764,0.18943214328779773,3667067.583695386,73341.35160987945,9.417732001847142,0.18835463987250597,"[2.642,2.923]",2.783,"[2.500,3.000]",2.75,0.002,0.0,1062,2.125,0.24,-6.768405477470999,37,2.231594522529001,0.005,0.0,424,2.1225,0.1,-1.775816477471,39,2.1741835225290003,2.1547353035959773,2.148859344696339,0.3755042892401305,0.35911225313581346,2.2203158498709357,2.1549310808261564,0.3530353185093954,0.358297803400327
26,56,3.116,59.98,2.2228,23.90185273,0.478037055,E04001,0.999922486,0.022132176,0.0089,3.1249000000000002,0.8932000000000002,0.9021000000000002,1.0,0.0,0.0,23.90185273,0.478037055,1.0468484853461988,0.2498488652869208,0.7501511347130791,0.33306470353135437,0.09031511372285683,2.132484886277143,4.433234524286382,1.0057206098879279,2.7815286406953974,2.8172681117270915,7.758107951727091,2.7853380318602428,2.2700140306336034,2.2342745596019093,0.35281245354469754,4.23625261306167e-05,564221.6107770164,11284.432224982635,1.6485342865262337e-05,1.6438391106325783e-05,163221.94547473433,162293.52751647687,3901306.90304119,78026.13812611258,10.019303443754094,0.20038606904275594,3879115.993731033,77582.31993953807,9.962312937855167,0.19924625892382367,"[2.642,2.923]",2.783,"[2.500,3.000]",2.75,0.002,0.0,1066,2.133,0.24,-6.768405477470999,37,2.231594522529001,0.005,0.0,426,2.1325,0.1,-1.775816477471,40,2.274183522529,2.1624174114997246,2.1588593446963387,0.37298719971541294,0.3577716218177345,2.2203158498709357,2.208220475277451,0.3530353185093954,0.3512105382516046
26,56,3.116,59.98,2.2309,24.93406376,0.498681275,E04001,0.998633846,0.021737331,0.0089,3.1249000000000002,0.8851,0.894,1.0,0.0,0.0,24.93406376,0.498681275,1.0468484853461988,0.2498488652869208,0.7501511347130791,0.33306470353135437,0.09031511372285683,2.1405848862771433,4.433234524286382,1.0057206098879279,2.756304299014214,2.7919717236271135,7.768886533627114,2.78727223887928,2.310438394914787,2.2747709703018875,0.3504395974512889,4.347023183020552e-05,573589.3900311439,11471.787796022028,1.6485342865262334e-05,1.643839110632578e-05,165534.3259367691,164592.75499506306,4127443.437376023,82548.86871441359,10.60006538161994,0.212001307547374,4103966.247480961,82079.32491670066,10.539771460784873,0.2107954291311563,"[2.642,2.923]",2.783,"[2.500,3.000]",2.75,0.002,0.0,1070,2.141,0.24,-6.768405477470999,37,2.231594522529001,0.005,0.0,428,2.1425,0.1,-1.775816477471,40,2.274183522529,2.1700984332504376,2.168859344696339,0.3704410322943448,0.3564348079744415,2.2203158498709357,2.208220475277451,0.3530353185093954,0.3512105382516046
26,56,3.116,59.98,2.2389,25.97950331,0.519590066,E04001,1.01618571,0.022209816,0.0089,3.1249000000000002,0.8771,0.886,1.0,0.0,0.0,25.97950331,0.519590066,1.0468484853461988,0.2498488652869208,0.7501511347130791,0.33306470353135437,0.09031511372285683,2.1485848862771433,4.433234524286382,1.0057206098879279,2.7313913689587244,2.76698763661479,7.7796608466147905,2.789204339343891,2.3503636929702756,2.31476742531421,0.3480816627370243,4.455536466776923e-05,583083.6197552936,11661.672390617076,1.6485342865262337e-05,1.6438391106325783e-05,167867.8013533091,166912.95743856276,4361122.100900716,87222.44198444077,11.20019695198158,0.22400393895340825,4336315.730257031,86726.31457175802,11.136489440372182,0.22272978872171073,"[2.642,2.923]",2.783,"[2.500,3.000]",2.75,0.002,0.0,1074,2.149,0.24,-6.768405477470999,37,2.231594522529001,0.005,0.0,429,2.1475,0.1,-1.775816477471,40,2.274183522529,2.177778369308676,2.173859344696339,0.3678653289588135,0.35576784087433677,2.2203158498709357,2.208220475277451,0.3530353185093954,0.3512105382516046
26,56,3.116,59.98,2.2469,27.04951191,0.540990238,E04001,1.001866506,0.020776715,0.0089,3.1249000000000002,0.8691,0.878,1.0,0.0,0.0,27.04951191,0.540990238,1.0468484853461988,0.2498488652869208,0.7501511347130791,0.33306470353135437,0.09031511372285683,2.1565848862771433,4.433234524286382,1.0057206098879279,2.706478438903235,2.742003549602467,7.790563159602468,2.79115803200078,2.390288991025766,2.3547638803265336,0.34570942390772935,4.5631678500579184e-05,592779.2445692453,11855.584887001985,1.648534286526234e-05,1.6438391106325786e-05,170252.01658256614,169283.61108313978,4605233.95025164,92104.67897098241,11.827122942078972,0.23654245875413152,4579039.0541611975,91580.78104936723,11.759849431142634,0.23519698853590215,"[2.642,2.923]",2.783,"[2.500,3.000]",2.75,0.002,0.0,1078,2.157,0.24,-6.768405477470999,38,2.471594522529001,0.005,0.0,431,2.1575,0.1,-1.775816477471,41,2.3741835225290004,2.185457220134701,2.183859344696339,0.3652596217654028,0.35443680242257464,2.2580817241395157,2.2615098697287466,0.3390166006706807,0.34423511239796717
26,56,3.116,59.98,2.2549,28.14458613,0.562891723,E04001,1.048158955,0.021247426,0.0089,3.1249000000000002,0.8611,0.87,1.0,0.0,0.0,28.14458613,0.562891723,1.0468484853461988,0.2498488652869208,0.7501511347130791,0.33306470353135437,0.09031511372285683,2.1645848862771433,4.433234524286382,1.0057206098879279,2.6815655088477452,2.717019462590144,7.801593472590145,2.793133271541146,2.4302142890812544,2.3947603353388556,0.3433228615446979,4.6699197188714286e-05,602678.157747895,12053.563163523357,1.648534286526234e-05,1.6438391106325786e-05,172688.42292561167,171706.1589747625,4860244.192683744,97204.88392275025,12.482038093255833,0.2496407620425154,4832598.780316676,96651.97567501599,12.411039378666768,0.24822078774972509,"[2.642,2.923]",2.783,"[2.500,3.000]",2.75,0.002,0.0,1082,2.165,0.24,-6.768405477470999,38,2.471594522529001,0.005,0.0,432,2.1625,0.1,-1.775816477471,41,2.3741835225290004,2.193134986188433,2.188859344696339,0.362623432576936,0.3537727373666131,2.2580817241395157,2.2615098697287466,0.3390166006706807,0.34423511239796717
26,56,3.116,59.98,2.2629,29.26403802,0.58528076,E04001,1.035400514,0.021254756,0.0089,3.1249000000000002,0.8531,0.862,1.0,0.0,0.0,29.26403802,0.58528076,1.0468484853461988,0.2498488652869208,0.7501511347130791,0.33306470353135437,0.09031511372285683,2.1725848862771433,4.433234524286382,1.0057206098879279,2.6566525787922557,2.692035375577821,7.812751785577822,2.7951300122852643,2.4701395871367446,2.4347567903511793,0.3409219569833097,4.775794532285955e-05,612757.4756863051,12255.149505350531,1.6485342865262337e-05,1.6438391106325783e-05,175178.525762912,174182.09793118684,5126431.038213407,102528.62069419671,13.165656902126873,0.2633131378625806,5097271.536261615,101945.43065555945,13.09076971545207,0.2618153941301082,"[2.642,2.923]",2.783,"[2.500,3.000]",2.75,0.002,0.0,1086,2.173,0.24,-6.768405477470999,38,2.471594522529001,0.005,0.0,434,2.1725,0.1,-1.775816477471,42,2.474183522529,2.2008116679294787,2.1988593446963387,0.3599562727852186,0.35244753097148085,2.2580817241395157,2.3147992641800412,0.3390166006706807,0.3373747076364078
26,56,3.116,59.98,2.2709,30.40723331,0.608144666,E04001,1.032649031,0.020817415,0.0089,3.1249000000000002,0.8451,0.854,1.0,0.0,0.0,30.40723331,0.608144666,1.0468484853461988,0.2498488652869208,0.7501511347130791,0.33306470353135437,0.09031511372285683,2.1805848862771433,4.433234524286382,1.0057206098879279,2.6317396487367666,2.6670512885654976,7.824038098565498,2.7971482081873136,2.5100648851922345,2.4747532453635035,0.3385066923234902,4.8807948215132744e-05,622997.5735913508,12459.951467729321,1.6485342865262334e-05,1.643839110632578e-05,177723.88708390307,176712.98105714237,5404091.699320336,108081.83395086194,13.878742667272666,0.27757485325416753,5373352.843910138,107467.05684286017,13.799799398382856,0.27599598787689056,"[2.642,2.923]",2.783,"[2.500,3.000]",2.75,0.002,0.0,1090,2.181,0.24,-6.768405477470999,38,2.471594522529001,0.005,0.0,436,2.1825,0.1,-1.775816477471,42,2.474183522529,2.208487265817098,2.208859344696339,0.3572576430246887,0.3511262428103981,2.2580817241395157,2.3147992641800412,0.3390166006706807,0.3373747076364078
26,56,3.116,59.98,2.2788,31.5617567,0.631235134,E04001,1.064579526,0.019168768,0.0089,3.1249000000000002,0.8372000000000002,0.8461000000000002,1.0,0.0,0.0,31.5617567,0.631235134,1.0468484853461988,0.2498488652869208,0.7501511347130791,0.33306470353135437,0.09031511372285683,2.188484886277143,4.433234524286382,1.0057206098879279,2.6071381303069714,2.642379502640829,7.835308942640829,2.7991621858407614,2.549491117022029,2.5142497446881715,0.33610750976578363,4.98362695492383e-05,633308.9732733094,12666.179465466188,1.6485342865262337e-05,1.6438391106325783e-05,180293.24227479775,179267.72157417424,5690371.447331321,113807.42894662642,14.613963898621467,0.2922792779724293,5658004.212487428,113160.08424974856,14.530838639420912,0.2906167727884182,"[2.642,2.923]",2.783,"[2.500,3.000]",2.75,0.002,0.0,1094,2.189,0.24,-6.768405477470999,38,2.471594522529001,0.005,0.0,437,2.1875,0.1,-1.775816477471,42,2.474183522529,2.2161617803102516,2.213859344696339,0.35452703287657256,0.3504670753696761,2.2580817241395157,2.3147992641800412,0.3390166006706807,0.3373747076364078
26,56,3.116,59.98,2.2868,32.75299123,0.655059825,E04001,1.074711001,0.019326479,0.0089,3.1249000000000002,0.8292000000000002,0.8381000000000002,1.0,0.0,0.0,32.75299123,0.655059825,1.0468484853461988,0.2498488652869208,0.7501511347130791,0.33306470353135437,0.09031511372285683,2.196484886277143,4.433234524286382,1.0057206098879279,2.582225200251482,2.617395415628506,7.846849655628506,2.8012228857462422,2.5894164150775176,2.5542461997004935,0.3336636543365934,5.086896922172871e-05,643869.7644380328,12877.395296623996,1.6485342865262337e-05,1.6438391106325783e-05,182953.30379370588,181912.65247521698,5992267.954654775,119845.35916627682,15.389291959360623,0.30778583937515613,5958183.511146819,119163.67029570146,15.301756579370013,0.30603513177427494,"[2.642,2.923]",2.783,"[2.500,3.000]",2.75,0.002,0.0,1098,2.197,0.24,-6.768405477470999,38,2.471594522529001,0.005,0.0,439,2.1975000000000002,0.1,-1.775816477471,43,2.5741835225290006,2.2238352118675735,2.223859344696339,0.3517639205632358,0.3491517079626606,2.2580817241395157,2.3680886586313368,0.3390166006706807,0.33063194616817143
26,56,3.116,59.98,2.2948,33.96599405,0.679319881,E04001,1.030442387,0.02261085,0.0089,3.1249000000000002,0.8212000000000002,0.8301000000000002,1.0,0.0,0.0,33.96599405,0.679319881,1.0468484853461988,0.2498488652869208,0.7501511347130791,0.33306470353135437,0.09031511372285683,2.204484886277143,4.433234524286382,1.0057206098879279,2.5573122701959923,2.5924113286161825,7.858518368616182,2.803304901115143,2.629341713133008,2.5942426547128177,0.3312053899901867,5.189300347711442e-05,654538.9893452496,13090.779786904992,1.6485342865262337e-05,1.6438391106325783e-05,185673.65465358327,184617.5297871978,6306590.249205364,126131.80498410728,16.19653182192679,0.3239306364385358,6270717.918277658,125414.35836555315,16.104404804562613,0.3220880960912523,"[2.642,2.923]",2.783,"[2.500,3.000]",2.75,0.002,0.0,1102,2.205,0.24,-6.768405477470999,39,2.7115945225290012,0.005,0.0,440,2.2025,0.1,-1.775816477471,43,2.5741835225290006,2.2315075609473567,2.228859344696339,0.34896777263231527,0.3484955135354658,2.295406563984193,2.3680886586313368,0.3243036671796792,0.33063194616817143
26,56,3.116,59.98,2.3028,35.20222782,0.704044556,E04001,1.082317863,0.023009907,0.0089,3.1249000000000002,0.8132000000000001,0.8221000000000002,1.0,0.0,0.0,35.20222782,0.704044556,1.0468484853461988,0.2498488652869208,0.7501511347130791,0.33306470353135437,0.09031511372285683,2.212484886277143,4.433234524286382,1.0057206098879279,2.5323993401405027,2.5674272416038595,7.870315081603859,2.805408184490068,2.669267011188498,2.6342391097251414,0.32873270197941235,5.290840041111155e-05,665342.885940037,13306.857711240506,1.6485342865262344e-05,1.643839110632579e-05,188456.1107190781,187384.1590459985,6634074.943604131,132681.49879670018,17.037575248632994,0.3407515047790633,6596339.8565963525,131926.79705697342,16.94066431683404,0.33881328614418554,"[2.642,2.923]",2.783,"[2.500,3.000]",2.75,0.002,0.0,1106,2.213,0.24,-6.768405477470999,39,2.7115945225290012,0.005,0.0,442,2.2125,0.1,-1.775816477471,44,2.6741835225290003,2.2391788280075815,2.2388593446963387,0.3461380436302185,0.3471861167381891,2.295406563984193,2.421378053082632,0.3243036671796792,0.32400893246316537
26,56,3.116,59.98,2.3109,36.47769087,0.729553817,E04001,1.052698213,0.022260181,0.0089,3.1249000000000002,0.8050999999999999,0.814,1.0,0.0,0.0,36.47769087,0.729553817,1.0468484853461988,0.2498488652869208,0.7501511347130791,0.33306470353135437,0.09031511372285683,2.2205848862771433,4.433234524286382,1.0057206098879279,2.507174998459319,2.542130853503882,7.882389663503883,2.8075593784466757,2.7096913754696823,2.674735520425119,0.32621439588456225,5.392771929678172e-05,676418.2009858687,13528.364012300037,1.648534286526234e-05,1.6438391106325786e-05,191338.55323584637,190250.20602607328,6979588.596450243,139591.77185246942,17.924920494177893,0.3584984096870002,6939888.203372913,138797.76399135817,17.822962279927175,0.35645924540310386,"[2.642,2.923]",2.783,"[2.500,3.000]",2.75,0.002,0.0,1110,2.221,0.24,-6.768405477470999,39,2.7115945225290012,0.005,0.0,444,2.2225,0.1,-1.775816477471,44,2.6741835225290003,2.2468490135059085,2.248859344696339,0.34327417576460406,0.34588072682828347,2.295406563984193,2.421378053082632,0.3243036671796792,0.32400893246316537
26,56,3.116,59.98,2.3189,37.75795334,0.755159067,E04001,1.08586394,0.022511813,0.0089,3.1249000000000002,0.7970999999999999,0.8059999999999999,1.0,0.0,0.0,37.75795334,0.755159067,1.0468484853461988,0.2498488652869208,0.7501511347130791,0.33306470353135437,0.09031511372285683,2.2285848862771434,4.433234524286382,1.0057206098879279,2.4822620684038292,2.5171467664915586,7.8944439764915595,2.8097053184438328,2.749616673525171,2.7147319754374415,0.3237126388686771,5.492582151269919e-05,687435.386492492,13748.707733491116,1.6485342865262344e-05,1.643839110632579e-05,194251.79431794817,193146.87638706595,7334550.186068364,146691.00376021763,18.836529851157447,0.37673059712292406,7292830.746389584,145856.61496642107,18.729386338474747,0.3745877268687026,"[2.642,2.923]",2.783,"[2.500,3.000]",2.75,0.002,0.0,1114,2.229,0.24,-6.768405477470999,39,2.7115945225290012,0.005,0.0,445,2.2275,0.1,-1.775816477471,44,2.6741835225290003,2.2545181178996714,2.253859344696339,0.3403755985553893,0.3452295408424369,2.295406563984193,2.421378053082632,0.3243036671796792,0.32400893246316537
26,56,3.116,59.98,2.3269,39.06071292,0.781214258,E04001,1.075249192,0.02206821,0.0089,3.1249000000000002,0.7890999999999999,0.7979999999999999,1.0,0.0,0.0,39.06071292,0.781214258,1.0468484853461988,0.2498488652869208,0.7501511347130791,0.33306470353135437,0.09031511372285683,2.2365848862771434,4.433234524286382,1.0057206098879279,2.45734913834834,2.492162679479235,7.906626289479236,2.8118723814354087,2.7895419715806606,2.7547284304497657,0.3211964187425673,5.5915375081444266e-05,698568.378788582,13971.367568617974,1.6485342865262337e-05,1.6438391106325783e-05,197233.05804691362,196111.18247730075,7704063.858704189,154081.27709519054,19.785511744857814,0.3957102346945433,7660242.59914758,153204.85190450712,19.67297035611372,0.39345940692081394,"[2.642,2.923]",2.783,"[2.000,2.500]",2.25,0.002,0.0,1118,2.237,0.24,-6.768405477470999,39,2.7115945225290012,0.005,0.0,447,2.2375000000000003,0.1,-1.275816477471,40,2.774183522529,2.2621861416458913,2.259066736569732,0.3374417284738224,0.3147599617431115,2.295406563984193,2.208220475277451,0.3243036671796792,0.32156654773303195
26,56,3.116,59.98,2.3349,40.38471616,0.807694323,E04001,1.079616353,0.021889469,0.0089,3.1249000000000002,0.7810999999999999,0.7899999999999999,1.0,0.0,0.0,40.38471616,0.807694323,1.0468484853461988,0.2498488652869208,0.7501511347130791,0.33306470353135437,0.09031511372285683,2.2445848862771434,4.433234524286382,1.0057206098879279,2.4324362082928506,2.467178592466912,7.918936602466912,2.814060518621963,2.829467269636149,2.7947248854620876,0.31866572410054483,5.6896410745378626e-05,709793.7397268987,14195.874791022814,1.648534286526234e-05,1.6438391106325786e-05,200284.46977528138,199145.23756016098,8088431.463130838,161768.62922255986,20.772641380749157,0.4154528275121093,8042423.893482873,160848.4778298284,20.654485128890766,0.4130897024755267,"[2.642,2.923]",2.783,"[2.000,2.500]",2.25,0.002,0.0,1122,2.245,0.24,-6.768405477470999,39,2.7115945225290012,0.005,0.0,448,2.2425,0.1,-1.275816477471,40,2.774183522529,2.269853085201248,2.264066736569732,0.3344719685691636,0.31409800416712963,2.295406563984193,2.208220475277451,0.3243036671796792,0.32156654773303195
26,56,3.116,59.98,2.3429,41.72863354,0.834572671,E04001,1.090378384,0.021855496,0.0089,3.1249000000000002,0.7730999999999999,0.7819999999999999,1.0,0.0,0.0,41.72863354,0.834572671,1.0468484853461988,0.2498488652869208,0.7501511347130791,0.33306470353135437,0.09031511372285683,2.2525848862771434,4.433234524286382,1.0057206098879279,2.4075232782373615,2.4421945054545886,7.93137491545459,2.8162696808818914,2.869392567691639,2.834721340474412,0.31612054439606274,5.786895988178927e-05,721088.3628328621,14421.767260113325,1.6485342865262334e-05,1.643839110632578e-05,203408.24200882838,202251.24155653437,8487947.989802033,169758.9598367223,21.798676350823673,0.4359735271209517,8439667.94192264,168793.3588789031,21.674683939561305,0.43349367889511015,"[2.642,2.923]",2.783,"[2.000,2.500]",2.25,0.002,0.0,1126,2.253,0.24,-6.768405477470999,40,2.9515945225289997,0.005,0.0,450,2.2525,0.1,-1.275816477471,41,2.8741835225290004,2.2775189490221095,2.274066736569732,0.3314657080824375,0.3127780622679751,2.332305469098242,2.2615098697287466,0.3088468292360232,0.31443634626528344
26,56,3.116,59.98,2.3509,43.09510045,0.861902009,E04001,1.099893016,0.021742611,0.0089,3.1249000000000002,0.7650999999999999,0.7739999999999999,1.0,0.0,0.0,43.09510045,0.861902009,1.0468484853461988,0.2498488652869208,0.7501511347130791,0.33306470353135437,0.09031511372285683,2.2605848862771434,4.433234524286382,1.0057206098879279,2.382610348181872,2.4172104184422656,7.943941228442267,2.818499818776341,2.9093178657471293,2.8747177954867356,0.3135608699522347,5.883305449291261e-05,732498.0968851702,14649.961937703405,1.6485342865262334e-05,1.643839110632578e-05,206606.67890595432,205431.48551860487,8903735.581092997,178074.71162185995,22.86649853165347,0.4573299706330694,8853090.504016997,177061.81008033996,22.73643227237989,0.45472864544759783,"[2.642,2.923]",2.783,"[2.000,2.500]",2.25,0.002,0.0,1130,2.261,0.24,-6.768405477470999,40,2.9515945225289997,0.005,0.0,452,2.2625,0.1,-1.275816477471,41,2.8741835225290004,2.285183733564537,2.284066736569732,0.32842232204676386,0.31146342341240535,2.332305469098242,2.2615098697287466,0.3088468292360232,0.31443634626528344
26,56,3.116,59.98,2.359,44.49994537,0.889998907,E04001,1.09663056,0.021415757,0.0089,3.1249000000000002,0.7570000000000001,0.7659000000000001,1.0,0.0,0.0,44.49994537,0.889998907,1.0468484853461988,0.2498488652869208,0.7501511347130791,0.33306470353135437,0.09031511372285683,2.268684886277143,4.433234524286382,1.0057206098879279,2.3573860065006893,2.3919140303422894,7.956795030342289,2.8207791530607795,2.9497422300283103,2.91521420618671,0.31095442293290687,5.980061995020549e-05,744138.5291164877,14882.77057564086,1.6485342865262337e-05,1.6438391106325783e-05,209923.62302641952,208729.56262655518,9341589.756548142,186831.7950469934,23.99099192759216,0.47981983833619357,9288454.1339857,185769.08259622214,23.854529470431743,0.4770905891942118,"[2.642,2.923]",2.783,"[2.000,2.500]",2.25,0.002,0.0,1134,2.269,0.24,-6.768405477470999,40,2.9515945225289997,0.005,0.0,453,2.2675,0.1,-1.275816477471,41,2.8741835225290004,2.2928474392842446,2.289066736569732,0.3253411708737287,0.310808094478365,2.332305469098242,2.2615098697287466,0.3088468292360232,0.31443634626528344
26,56,3.116,59.98,2.367,45.90889781,0.918177956,E04001,1.108717535,0.021324842,0.0089,3.1249000000000002,0.7490000000000001,0.7579000000000001,1.0,0.0,0.0,45.90889781,0.918177956,1.0468484853461988,0.2498488652869208,0.7501511347130791,0.33306470353135437,0.09031511372285683,2.276684886277143,4.433234524286382,1.0057206098879279,2.3324730764451997,2.3669299433299664,7.969618943329966,2.8230513532930934,2.9896675280838005,2.955210661199034,0.308365552071677,6.074779932123489e-05,755729.3979858159,15114.587956424017,1.648534286526234e-05,1.6438391106325786e-05,213279.7034190409,212066.55339678048,9791436.109211856,195828.72214158118,25.146283531769804,0.5029256705258475,9735741.728811704,194714.83453382074,25.00324969433804,0.5000649937778353,"[2.642,2.923]",2.783,"[2.000,2.500]",2.25,0.002,0.0,1138,2.277,0.24,-6.768405477470999,40,2.9515945225289997,0.005,0.0,455,2.2775,0.1,-1.275816477471,42,2.974183522529,2.3005100666366474,2.2990667365697317,0.3222215999251671,0.3095014209291753,2.332305469098242,2.3147992641800412,0.3088468292360232,0.30745645614966144
26,56,3.116,59.98,2.375,47.33713524,0.946742705,E04001,1.134415924,0.021547565,0.0089,3.1249000000000002,0.7410000000000001,0.7499000000000001,1.0,0.0,0.0,47.33713524,0.946742705,1.0468484853461988,0.2498488652869208,0.7501511347130791,0.33306470353135437,0.09031511372285683,2.284684886277143,4.433234524286382,1.0057206098879279,2.30756014638971,2.341945856317643,7.982570856317643,2.8253443783577326,3.029592826139291,2.995207116211358,0.305762162681658,6.168662424921821e-05,767380.8676700271,15347.617356642733,1.648534286526234e-05,1.6438391106325786e-05,216717.99352823134,215485.28626889852,10258808.968587331,205176.17941509024,26.34658656248178,0.5269317313609503,10200456.138340965,204009.12280991636,26.196725316604287,0.5239345064427672,"[2.642,2.923]",2.783,"[2.000,2.500]",2.25,0.002,0.0,1142,2.285,0.24,-6.768405477470999,40,2.9515945225289997,0.005,0.0,456,2.2825,0.1,-1.275816477471,42,2.974183522529,2.3081716160768266,2.304066736569732,0.3190629390698285,0.3088500775205571,2.332305469098242,2.3147992641800412,0.3088468292360232,0.30745645614966144
26,56,3.116,59.98,2.3831,48.80655087,0.976131017,E04001,1.11255557,0.019116286,0.0089,3.1249000000000002,0.7328999999999999,0.7417999999999999,1.0,0.0,0.0,48.80655087,0.976131017,1.0468484853461988,0.2498488652869208,0.7501511347130791,0.33306470353135437,0.09031511372285683,2.2927848862771434,4.433234524286382,1.0057206098879279,2.2823358047085267,2.316649468217665,7.995815078217666,2.8276872313283987,3.0700171904204745,3.035703526911336,0.30311143281964026,6.262870795144266e-05,779299.9802557117,15585.999598727387,1.648534286526234e-05,1.6438391106325786e-05,220285.80621320955,219032.80498324183,10751390.406883974,215027.80804956518,27.61163005270493,0.5522326008278042,10690235.738613382,213804.71468465452,27.454573150073777,0.5490914627764683,"[2.642,2.923]",2.783,"[2.000,2.500]",2.25,0.002,0.0,1146,2.293,0.24,-6.768405477470999,40,2.9515945225289997,0.005,0.0,458,2.2925,0.1,-1.275816477471,43,3.0741835225290006,2.315832088059551,2.314066736569732,0.31586450222423607,0.30755138014146427,2.332305469098242,2.3680886586313368,0.3088468292360232,0.300627674723555
26,56,3.116,59.98,2.3912,50.29321832,1.005864366,E04001,1.135341939,0.019445962,0.0089,3.1249000000000002,0.7248000000000001,0.7337000000000001,1.0,0.0,0.0,50.29321832,1.005864366,1.0468484853461988,0.2498488652869208,0.7501511347130791,0.33306470353135437,0.09031511372285683,2.300884886277143,4.433234524286382,1.0057206098879279,2.257111463027344,2.2913530801176885,8.009190520117688,2.8300513281772273,3.1104415547016555,3.076199937611311,0.300445807614896,6.356229863397281e-05,791242.9128722424,15824.858251151807,1.6485342865262344e-05,1.643839110632579e-05,223943.6394320462,222669.83218828664,11262846.349331262,225256.92689704776,28.925146885101775,0.5785029374719833,11198782.483523265,223975.64958139733,28.760618605921813,0.5752123718896927,"[2.642,2.923]",2.783,"[2.000,2.500]",2.25,0.002,0.0,1150,2.301,0.24,-6.768405477470999,41,3.191594522529,0.005,0.0,460,2.3025,0.1,-1.275816477471,43,3.0741835225290006,2.3234914830392697,2.324066736569732,0.31262558687711794,0.30625800514664986,2.368792696736156,2.3680886586313368,0.29259134770139783,0.300627674723555
26,56,3.116,59.98,2.3992,51.78792162,1.035758432,E04001,1.150847497,0.020274998,0.0089,3.1249000000000002,0.7168000000000001,0.7257000000000001,1.0,0.0,0.0,51.78792162,1.035758432,1.0468484853461988,0.2498488652869208,0.7501511347130791,0.33306470353135437,0.09031511372285683,2.308884886277143,4.433234524286382,1.0057206098879279,2.2321985329718546,2.2663689931053654,8.022529633105366,2.8324070387402593,3.150366852757146,3.116196392623635,0.2977984664512519,6.447606319237716e-05,803211.5959915299,16064.231913626745,1.6485342865262344e-05,1.643839110632579e-05,227647.68757089,226352.8114396083,11789400.6008955,235788.01192685092,30.277439067474905,0.6055487811156409,11722341.657301074,234446.83305548035,30.10521885481581,0.6021043768637893,"[2.642,2.923]",2.783,"[2.000,2.500]",2.25,0.002,0.0,1154,2.309,0.24,-6.768405477470999,41,3.191594522529,0.005,0.0,461,2.3075,0.1,-1.275816477471,43,3.0741835225290006,2.3311498014700973,2.329066736569732,0.30934547359670955,0.30561331456817853,2.368792696736156,2.3680886586313368,0.29259134770139783,0.300627674723555
26,56,3.116,59.98,2.4072,53.30440841,1.066088168,E04001,1.16688285,0.02363782,0.0089,3.1249000000000002,0.7088000000000001,0.7177000000000001,1.0,0.0,0.0,53.30440841,1.066088168,1.0468484853461988,0.2498488652869208,0.7501511347130791,0.33306470353135437,0.09031511372285683,2.316884886277143,4.433234524286382,1.0057206098879279,2.2072856029163654,2.241384906093042,8.035996746093042,2.834783368459227,3.190292150812634,3.1561928476359573,0.2951365879368744,6.538161525482833e-05,815281.3019721711,16305.626036384458,1.6485342865262337e-05,1.6438391106325783e-05,231445.65739092376,230129.17813896132,12337073.846286735,246741.47687944557,31.683968871454912,0.633679377310219,12266899.698576838,245337.99392551093,31.50374821789285,0.6300749642396538,"[2.642,2.923]",2.783,"[2.000,2.500]",2.25,0.002,0.0,1158,2.317,0.24,-6.768405477470999,41,3.191594522529,0.005,0.0,463,2.3175,0.1,-1.275816477471,44,3.1741835225290003,2.3388070438058577,2.3390667365697317,0.3060234255201761,0.3043279289539,2.368792696736156,2.421378053082632,0.29259134770139783,0.29395028272054574
26,56,3.116,59.98,2.4152,54.83589293,1.096717859,E04001,1.158000656,0.023160013,0.0089,3.1249000000000002,0.7008000000000001,0.7097000000000001,1.0,0.0,0.0,54.83589293,1.096717859,1.0468484853461988,0.2498488652869208,0.7501511347130791,0.33306470353135437,0.09031511372285683,2.324884886277143,4.433234524286382,1.0057206098879279,2.182372672860876,2.216400819080719,8.049591859080719,2.837180265524332,3.230217448868124,3.196189302648281,0.2924601697653838,6.627899147813384e-05,827349.5372676417,16546.99075138793,1.648534286526234e-05,1.6438391106325786e-05,235340.79232470118,234002.1572700258,12905122.48997868,258102.4498937099,33.142826601290494,0.6628565322675699,12831717.241448157,256634.344922564,32.954307861885965,0.6590861574781043,"[2.642,2.923]",2.783,"[2.000,2.500]",2.25,0.002,0.0,1162,2.325,0.24,-6.768405477470999,41,3.191594522529,0.005,0.0,464,2.3225000000000002,0.1,-1.275816477471,44,3.1741835225290003,2.3464632105000334,2.344066736569732,0.3026586878244591,0.3036872344836716,2.368792696736156,2.421378053082632,0.29259134770139783,0.29395028272054574
26,56,3.116,59.98,2.4232,56.39203194,1.127840639,E04001,1.108312608,0.022343582,0.0089,3.1249000000000002,0.6928000000000001,0.7017000000000001,1.0,0.0,0.0,56.39203194,1.127840639,1.0468484853461988,0.2498488652869208,0.7501511347130791,0.33306470353135437,0.09031511372285683,2.332884886277143,4.433234524286382,1.0057206098879279,2.1574597428053863,2.191416732068396,8.063314972068396,2.8395976778530434,3.2701427469236144,3.236185757660605,0.2897692105944789,6.716822905176226e-05,839564.0727186996,16791.28145735159,1.6485342865262337e-05,1.6438391106325783e-05,239336.48386377274,237975.12103330877,13496670.642453168,269933.41289693065,34.6620355711395,0.6932407115457223,13419900.626235714,268398.0125723093,34.46487546377522,0.6892975093977375,"[2.642,2.923]",2.783,"[2.000,2.500]",2.25,0.002,0.0,1166,2.333,0.24,-6.768405477470999,41,3.191594522529,0.005,0.0,466,2.3325,0.1,-1.275816477471,45,3.274183522529,2.3541183020057943,2.354066736569732,0.29925048717767827,0.30240984334484866,2.368792696736156,2.4746674475339265,0.29259134770139783,0.28742409776424577
26,56,3.116,59.98,2.4312,57.97108997,1.159421799,E04001,1.126423533,0.022424971,0.0089,3.1249000000000002,0.6848000000000001,0.6937000000000001,1.0,0.0,0.0,57.97108997,1.159421799,1.0468484853461988,0.2498488652869208,0.7501511347130791,0.33306470353135437,0.09031511372285683,2.340884886277143,4.433234524286382,1.0057206098879279,2.1325468127498968,2.1664326450560725,8.077166085056072,2.842035553095012,3.310068044979103,3.276182212672927,0.28706371005626247,6.804936568746718e-05,851897.5802984844,17037.9516000916,1.648534286526234e-05,1.6438391106325786e-05,243436.28008981244,242051.5973287449,14112266.495048637,282245.32980359823,36.24300364136809,0.7248600725772854,14031994.926126882,280639.89842571696,36.03685087591754,0.7207370172696966,"[2.642,2.923]",2.783,"[2.000,2.500]",2.25,0.002,0.0,1170,2.341,0.24,-6.768405477470999,41,3.191594522529,0.005,0.0,468,2.3425000000000002,0.1,-1.275816477471,45,3.274183522529,2.3617723187759907,2.364066736569732,0.29579803117030123,0.30113778367410793,2.368792696736156,2.4746674475339265,0.29259134770139783,0.28742409776424577
26,56,3.116,59.98,2.4392,59.57161352,1.19143227,E04001,1.158269785,0.0226618,0.0089,3.1249000000000002,0.6768000000000001,0.6857000000000001,1.0,0.0,0.0,59.57161352,1.19143227,1.0468484853461988,0.2498488652869208,0.7501511347130791,0.33306470353135437,0.09031511372285683,2.348884886277143,4.433234524286382,1.0057206098879279,2.1076338826944077,2.1414485580437495,8.09114519804375,2.8444938386369816,3.3499933430345927,3.316178667685251,0.2843436687675318,6.892243960889215e-05,864328.2776704594,17286.56554760556,1.6485342865262337e-05,1.6438391106325783e-05,247643.89480283228,246235.27883198933,14752546.391781861,295050.9277365797,37.88736506530654,0.7577473010517319,14668632.865568705,293372.65721288,37.67185905589476,0.7534371808649434,"[2.642,2.923]",2.783,"[2.000,2.500]",2.25,0.002,0.0,1174,2.349,0.24,-6.768405477470999,42,3.431594522529,0.005,0.0,469,2.3475,0.1,-1.275816477471,45,3.274183522529,2.369425261263167,2.369066736569732,0.29230050772517824,0.3005037534005567,2.404881726082686,2.4746674475339265,0.2754767912977871,0.28742409776424577
26,56,3.116,59.98,2.4473,61.21679017,1.224335803,E04001,1.141843599,0.022216127,0.0089,3.1249000000000002,0.6687000000000003,0.6776000000000003,1.0,0.0,0.0,61.21679017,1.224335803,1.0468484853461988,0.2498488652869208,0.7501511347130791,0.33306470353135437,0.09031511372285683,2.356984886277143,4.433234524286382,1.0057206098879279,2.082409541013225,2.116152169943773,8.105429459943771,2.847003593243916,3.3904177073157755,3.3566750783852277,0.28157481408924906,6.979825205447648e-05,877053.3411384174,17541.066817037547,1.648534286526234e-05,1.6438391106325786e-05,252017.93282591522,250584.43701775064,15427728.912881209,308554.57815681695,39.6213631144064,0.7924272620292357,15339974.900783222,306799.49791543063,39.395994001576234,0.7879198797741052,"[2.642,2.923]",2.783,"[2.000,2.500]",2.25,0.002,0.0,1178,2.357,0.24,-6.768405477470999,42,3.431594522529,0.005,0.0,471,2.3575,0.1,-1.275816477471,46,3.3741835225290004,2.3770771299195275,2.3790667365697318,0.28875708448555637,0.2992396921820111,2.404881726082686,2.527956841985222,0.2754767912977871,0.2810485244046055
26,56,3.116,59.98,2.4553,62.86306942,1.257261388,E04001,1.153300351,0.022270627,0.0089,3.1249000000000002,0.6607000000000003,0.6696000000000003,1.0,0.0,0.0,62.86306942,1.257261388,1.0468484853461988,0.2498488652869208,0.7501511347130791,0.33306470353135437,0.09031511372285683,2.364984886277143,4.433234524286382,1.0057206098879279,2.0574966109577355,2.09116808293145,8.11966617293145,2.8495027939855486,3.430343005371264,3.3966715333975497,0.278825515454218,7.065521765432278e-05,889715.883794379,17794.317670226286,1.648534286526234e-05,1.6438391106325786e-05,256454.5122616049,254995.7808761449,16121517.80737351,322430.3560448884,41.403145894532294,0.8280629176271961,16029817.475024207,320596.34939848585,41.16764187535745,0.8233528372451978,"[2.642,2.923]",2.783,"[2.000,2.500]",2.25,0.002,0.0,1182,2.365,0.24,-6.768405477470999,42,3.431594522529,0.005,0.0,472,2.3625000000000003,0.1,-1.275816477471,46,3.3741835225290004,2.3847279251969837,2.384066736569732,0.2851669081800403,0.29860966121188504,2.404881726082686,2.527956841985222,0.2754767912977871,0.2810485244046055
26,56,3.116,59.98,2.4633,64.53362912,1.290672582,E04001,1.159085597,0.022004031,0.0089,3.1249000000000002,0.6527000000000003,0.6616000000000003,1.0,0.0,0.0,64.53362912,1.290672582,1.0468484853461988,0.2498488652869208,0.7501511347130791,0.33306470353135437,0.09031511372285683,2.372984886277143,4.433234524286382,1.0057206098879279,2.032583680902246,2.0661839959191264,8.134030885919126,2.8520222449902324,3.4702683034267543,3.436667988409874,0.27606168398142195,7.150423867720998e-05,902514.7363825906,18050.294722057737,1.6485342865262344e-05,1.643839110632579e-05,261011.20190642957,259526.5517483183,16844000.099994965,336880.00189549476,43.25861881743171,0.8651723760805032,16748190.237318462,334963.8046425586,43.01256073717353,0.860251214476865,"[2.642,2.923]",2.783,"[2.000,2.500]",2.25,0.002,0.0,1186,2.373,0.24,-6.768405477470999,42,3.431594522529,0.005,0.0,474,2.3725,0.1,-1.275816477471,47,3.474183522529,2.3923776475471215,2.394066736569732,0.2815291039635659,0.29735359822383406,2.404881726082686,2.5812462364365167,0.2754767912977871,0.2748226007137269
26,56,3.116,59.98,2.4713,66.22932772,1.324586554,E04001,1.177725982,0.022195605,0.0089,3.1249000000000002,0.6447000000000003,0.6536000000000003,1.0,0.0,0.0,66.22932772,1.324586554,1.0468484853461988,0.2498488652869208,0.7501511347130791,0.33306470353135437,0.09031511372285683,2.380984886277143,4.433234524286382,1.0057206098879279,2.0076707508467564,2.0411999089068034,8.148523598906802,2.8545618926390093,3.510193601482243,3.476664443422196,0.27328332434142194,7.234535529595265e-05,915460.6739999685,18309.213474470333,1.6485342865262344e-05,1.643839110632579e-05,265692.4861829886,264181.2085491576,17596634.740154725,351932.6946968175,45.191528744657106,0.9038305746202024,17496543.838467825,349930.876663684,44.93447613616372,0.898689522451887,"[2.642,2.923]",2.783,"[2.000,2.500]",2.25,0.002,0.0,1190,2.3810000000000002,0.24,-6.768405477470999,42,3.431594522529,0.005,0.0,476,2.3825,0.1,-1.275816477471,47,3.474183522529,2.400026297421199,2.4040667365697317,0.27784277473326197,0.29610286633463867,2.404881726082686,2.5812462364365167,0.2754767912977871,0.2748226007137269
26,56,3.116,59.98,2.4793,67.94948009,1.358989602,E04001,1.174401922,0.023399738,0.0089,3.1249000000000002,0.6367000000000003,0.6456000000000003,1.0,0.0,0.0,67.94948009,1.358989602,1.0468484853461988,0.2498488652869208,0.7501511347130791,0.33306470353135437,0.09031511372285683,2.388984886277143,4.433234524286382,1.0057206098879279,1.9827578207912673,2.0162158218944803,8.16314431189448,2.857121683074503,3.5501188995377326,3.5166608984345196,0.2704904422404242,7.317860814299418e-05,928542.9419103429,18570.858840939898,1.6485342865262337e-05,1.6438391106325783e-05,270503.0719006537,268964.4313153701,18380543.098397307,367610.8620220468,47.2047555705715,0.944095111550371,18275993.27058191,365519.8654654311,46.93625158564836,0.9387250318511178,"[2.642,2.923]",2.783,"[2.000,2.500]",2.25,0.002,0.0,1194,2.3890000000000002,0.24,-6.768405477470999,42,3.431594522529,0.005,0.0,477,2.3875,0.1,-1.275816477471,47,3.474183522529,2.407673875270163,2.409066736569732,0.27410700041808816,0.2954794991108649,2.404881726082686,2.5812462364365167,0.2754767912977871,0.2748226007137269
26,56,3.116,59.98,2.4873,69.69495357,1.393899071,E04001,1.221035321,0.026544246,0.0089,3.1249000000000002,0.6287000000000003,0.6376000000000003,1.0,0.0,0.0,69.69495357,1.393899071,1.0468484853461988,0.2498488652869208,0.7501511347130791,0.33306470353135437,0.09031511372285683,2.396984886277143,4.433234524286382,1.0057206098879279,1.9578448907357777,1.991231734882157,8.177893024882156,2.859701562205776,3.590044197593223,3.5566573534468438,0.2676830444302977,7.400403829997397e-05,941772.3028504582,18835.446051604056,1.648534286526234e-05,1.6438391106325786e-05,275447.9021995046,273881.13507010567,19197328.754748374,383946.57498478837,49.30241759585534,0.9860483516341457,19088132.99240991,381762.65973864583,49.02198196112271,0.9804396389411028,"[2.642,2.923]",2.783,"[1.500,2.000]",1.75,0.002,0.0,1198,2.3970000000000002,0.24,-6.768405477470999,43,3.6715945225290003,0.005,0.0,479,2.3975,0.1,-0.7758164774709999,43,3.5741835225290006,2.4153203815446602,2.414274128443125,0.27032083724107625,0.25741320722443284,2.4405853164330815,2.3680886586313368,0.2574362926752141,0.2631074022056339
26,56,3.116,59.98,2.4953,71.46191944,1.429238389,E04001,1.151662321,0.024068763,0.0089,3.1249000000000002,0.6207000000000003,0.6296000000000003,1.0,0.0,0.0,71.46191944,1.429238389,1.0468484853461988,0.2498488652869208,0.7501511347130791,0.33306470353135437,0.09031511372285683,2.404984886277143,4.433234524286382,1.0057206098879279,1.9329319606802884,1.9662476478698339,8.192769737869833,2.8623014757131773,3.6299694956487114,3.5966538084591657,0.26486113871853517,7.482168728730074e-05,955096.3367826779,19101.92673832658,1.6485342865262337e-05,1.6438391106325783e-05,280532.171557223,278936.48474448983,20047367.44415053,400947.34893911704,51.485479779815314,1.0297095957403983,19933336.60168752,398666.7320895377,51.19262673313673,1.023852534806007,"[2.642,2.923]",2.783,"[1.500,2.000]",1.75,0.002,0.0,1202,2.4050000000000002,0.24,-6.768405477470999,43,3.6715945225290003,0.005,0.0,480,2.4025,0.1,-0.7758164774709999,43,3.5741835225290006,2.4229658166950045,2.4192741284431247,0.26648331695295824,0.2568050847342682,2.4405853164330815,2.3680886586313368,0.2574362926752141,0.2631074022056339
26,56,3.116,59.98,2.5034,73.29207744,1.465841549,E04001,1.184302629,0.023467748,0.0089,3.1249000000000002,0.6126,0.6215,1.0,0.0,0.0,73.29207744,1.465841549,1.0468484853461988,0.2498488652869208,0.7501511347130791,0.33306470353135437,0.09031511372285683,2.4130848862771432,4.433234524286382,1.0057206098879279,1.9077076189991047,1.940951259769856,8.207962819769856,2.8649542439225546,3.670393859929895,3.637150219159144,0.261989187208333,7.564167213047925e-05,968937.8272015685,19378.756546675417,1.6485342865262337e-05,1.6438391106325783e-05,285827.6476227016,284201.83976795775,20948902.084056076,418978.0417382871,53.80079342899988,1.0760158687268098,20829743.24886363,416594.865034113,53.494770714696955,1.0698954144399162,"[2.642,2.923]",2.783,"[1.500,2.000]",1.75,0.002,0.0,1206,2.4130000000000003,0.24,-6.768405477470999,43,3.6715945225290003,0.005,0.0,482,2.4125,0.1,-0.7758164774709999,44,3.6741835225290003,2.430610181171197,2.429274128443125,0.26259344603582585,0.25559368904175395,2.4405853164330815,2.421378053082632,0.2574362926752141,0.25654967954863267
26,56,3.116,59.98,2.5114,75.11942973,1.502388595,E04001,1.1821176,0.023296236,0.0089,3.1249000000000002,0.6046,0.6135,1.0,0.0,0.0,75.11942973,1.502388595,1.0468484853461988,0.2498488652869208,0.7501511347130791,0.33306470353135437,0.09031511372285683,2.4210848862771432,4.433234524286382,1.0057206098879279,1.8827946889436151,1.9159671727575327,8.223097132757532,2.867594311048467,3.7103191579853854,3.6771466741714676,0.2591381123417635,7.644378910189677e-05,982675.3829518909,19653.507664270423,1.6485342865262337e-05,1.6438391106325783e-05,291209.38670954714,289552.9671426321,21875483.06164422,437509.66134936817,56.180430871116776,1.1236086177214881,21751053.76838395,435021.0754835002,55.86087261091052,1.1172174525156615,"[2.642,2.923]",2.783,"[1.500,2.000]",1.75,0.002,0.0,1210,2.4210000000000003,0.24,-6.768405477470999,43,3.6715945225290003,0.005,0.0,484,2.4225,0.1,-0.7758164774709999,44,3.6741835225290003,2.4382534754229326,2.4392741284431247,0.25865020487548007,0.25438874174853215,2.4405853164330815,2.421378053082632,0.2574362926752141,0.25654967954863267
26,56,3.116,59.98,2.5194,76.97587606,1.539517521,E04001,1.169197476,0.022994217,0.0089,3.1249000000000002,0.5966,0.6055,1.0,0.0,0.0,76.97587606,1.539517521,1.0468484853461988,0.2498488652869208,0.7501511347130791,0.33306470353135437,0.09031511372285683,2.4290848862771433,4.433234524286382,1.0057206098879279,1.8578817588881256,1.8909830857452095,8.23835944574521,2.870254247578986,3.750244456040874,3.71714312918379,0.2562725595733023,7.723825253061192e-05,996603.0242526793,19932.060482464196,1.648534286526234e-05,1.6438391106325786e-05,296747.902049289,295059.9790157995,22842429.729211092,456848.59452487226,58.663735137368455,1.173274702594948,22712500.374986384,454250.0074407156,58.33005166703866,1.166601033189219,"[2.642,2.923]",2.783,"[1.500,2.000]",1.75,0.002,0.0,1214,2.4290000000000003,0.24,-6.768405477470999,43,3.6715945225290003,0.005,0.0,485,2.4275,0.1,-0.7758164774709999,44,3.6741835225290003,2.4458956998995802,2.444274128443125,0.25465254690103345,0.2537886796737235,2.4405853164330815,2.421378053082632,0.2574362926752141,0.25654967954863267
26,56,3.116,59.98,2.5274,78.86135609,1.577227122,E04001,1.21352212,0.023332087,0.0089,3.1249000000000002,0.5886,0.5975,1.0,0.0,0.0,78.86135609,1.577227122,1.0468484853461988,0.2498488652869208,0.7501511347130791,0.33306470353135437,0.09031511372285683,2.4370848862771433,4.433234524286382,1.0057206098879279,1.832968828832636,1.8659989987328864,8.253749758732887,2.8729339983252116,3.790169754096364,3.7571395841961137,0.2533925410450529,7.802510559298035e-05,1010717.7105453977,20214.35421347123,1.6485342865262337e-05,1.6438391106325783e-05,302449.57255429885,300729.21801612695,23851583.440472852,477031.66886994697,61.255435176819425,1.225108703691738,23715913.94863703,474318.2790328865,60.90700993354943,1.2181401988254548,"[2.642,2.923]",2.783,"[1.500,2.000]",1.75,0.002,0.0,1218,2.437,0.24,-6.768405477470999,43,3.6715945225290003,0.005,0.0,487,2.4375,0.1,-0.7758164774709999,45,3.774183522529,2.4535368550501957,2.454274128443125,0.25059939769021083,0.2525933653218369,2.4405853164330815,2.4746674475339265,0.2574362926752141,0.250175517910055
26,56,3.116,59.98,2.5354,80.77752001,1.6155504,E04001,1.18102165,0.022902411,0.0089,3.1249000000000002,0.5806,0.5895,1.0,0.0,0.0,80.77752001,1.6155504,1.0468484853461988,0.2498488652869208,0.7501511347130791,0.33306470353135437,0.09031511372285683,2.4450848862771433,4.433234524286382,1.0057206098879279,1.8080558987771467,1.8410149117205632,8.269268071720564,2.8756335078936197,3.8300950521518544,3.7971360392084375,0.25049807000370794,7.88043918520694e-05,1025038.3019468576,20500.76603639922,1.648534286526234e-05,1.6438391106325786e-05,308321.12346655154,306567.3711319381,24905415.72032505,498108.31434483675,63.9618783388356,1.2792375666183464,24763751.95602323,495275.0390591511,63.598058655637146,1.271961172955278,"[2.642,2.923]",2.783,"[1.500,2.000]",1.75,0.002,0.0,1222,2.445,0.24,-6.768405477470999,44,3.9115945225290005,0.005,0.0,489,2.4475000000000002,0.1,-0.7758164774709999,45,3.774183522529,2.4611769413235365,2.464274128443125,0.24648965403875922,0.2514044459937585,2.4759155598966265,2.4746674475339265,0.2383956830856966,0.250175517910055
26,56,3.116,59.98,2.5434,82.72333573,1.654466715,E04001,1.220937225,0.023209896,0.0089,3.1249000000000002,0.5726,0.5815,1.0,0.0,0.0,82.72333573,1.654466715,1.0468484853461988,0.2498488652869208,0.7501511347130791,0.33306470353135437,0.09031511372285683,2.4530848862771433,4.433234524286382,1.0057206098879279,1.7831429687216571,1.81603082470824,8.284914384708241,2.878352720690819,3.8700203502073425,3.83713249422076,0.2475891608101027,7.957615524733604e-05,1039549.2905240521,20790.985815507673,1.6485342865262337e-05,1.6438391106325783e-05,314369.650171681,312581.493389812,26005706.11447462,520114.12241524033,66.78763483767415,1.3357526970764277,25857783.820670195,517155.6765384365,66.40774205185734,1.3281548413582545,"[2.642,2.923]",2.783,"[1.500,2.000]",1.75,0.002,0.0,1226,2.453,0.24,-6.768405477470999,44,3.9115945225290005,0.005,0.0,490,2.4525,0.1,-0.7758164774709999,46,3.8741835225290004,2.468815959168026,2.469274128443125,0.2423221829923063,0.2508123776221025,2.4759155598966265,2.527956841985222,0.2383956830856966,0.24398166025582385
26,56,3.116,59.98,2.5514,84.69952714,1.693990543,E04001,1.180644135,0.022550303,0.0089,3.1249000000000002,0.5646,0.5735,1.0,0.0,0.0,84.69952714,1.693990543,1.0468484853461988,0.2498488652869208,0.7501511347130791,0.33306470353135437,0.09031511372285683,2.4610848862771433,4.433234524286382,1.0057206098879279,1.7582300386661678,1.791046737695917,8.300688697695918,2.8810915809282975,3.9099456482628328,3.8771289492330836,0.24466582894868794,8.034044008433294e-05,1054257.6945196136,21085.153892881677,1.648534286526234e-05,1.6438391106325786e-05,320602.6440060696,318779.0335148803,27154892.34714785,543097.8470070775,69.73896521610762,1.3947793044868264,27000433.400856573,540008.6680808873,69.34228505457293,1.3868457012551958,"[2.642,2.923]",2.783,"[1.500,2.000]",1.75,0.002,0.0,1230,2.461,0.24,-6.768405477470999,44,3.9115945225290005,0.005,0.0,492,2.4625,0.1,-0.7758164774709999,46,3.8741835225290004,2.4764539090317825,2.479274128443125,0.23809582083882072,0.24963300960687845,2.4759155598966265,2.527956841985222,0.2383956830856966,0.24398166025582385
26,56,3.116,59.98,2.5595,86.73514856,1.734702971,E04001,1.199052538,0.022597529,0.0089,3.1249000000000002,0.5565000000000002,0.5654000000000002,1.0,0.0,0.0,86.73514856,1.734702971,1.0468484853461988,0.2498488652869208,0.7501511347130791,0.33306470353135437,0.09031511372285683,2.469184886277143,4.433234524286382,1.0057206098879279,1.7330056969849852,1.7657503495959403,8.31679059959594,2.883884637012365,3.9503700125440155,3.9176253599330604,0.24169127822392536,8.11067048092725e-05,1069395.542131358,21387.910840161276,1.6485342865262344e-05,1.643839110632579e-05,327109.58991104836,325248.96745180525,28371898.876335457,567437.9774612872,72.86447110733995,1.457289421978783,28210517.510918934,564210.3501533289,72.45001284746427,1.4490002567822247,"[2.642,2.923]",2.783,"[1.500,2.000]",1.75,0.002,0.0,1234,2.469,0.24,-6.768405477470999,44,3.9115945225290005,0.005,0.0,493,2.4675000000000002,0.1,-0.7758164774709999,46,3.8741835225290004,2.4840907913626182,2.484274128443125,0.23380937205984884,0.24904570436286558,2.4759155598966265,2.527956841985222,0.2383956830856966,0.24398166025582385
26,56,3.116,59.98,2.5675,88.77534796,1.775506959,E04001,1.194025171,0.022979352,0.0089,3.1249000000000002,0.5485000000000002,0.5574000000000002,1.0,0.0,0.0,88.77534796,1.775506959,1.0468484853461988,0.2498488652869208,0.7501511347130791,0.33306470353135437,0.09031511372285683,2.477184886277143,4.433234524286382,1.0057206098879279,1.708092766929496,1.740766262583617,8.332822512583617,2.8866628678430075,3.9902953105995036,3.957621814945383,0.23873897228520433,8.185607478461133e-05,1084529.7455759444,21690.594909075575,1.6485342865262334e-05,1.643839110632578e-05,333738.28261150175,331839.95567983016,29627732.16640889,592554.6432614301,76.08969155800618,1.521793830988703,29459207.532507904,589184.15058379,75.65688801633011,1.5131377601561564,"[2.642,2.923]",2.783,"[1.500,2.000]",1.75,0.002,0.0,1238,2.477,0.24,-6.768405477470999,44,3.9115945225290005,0.005,0.0,495,2.4775,0.1,-0.7758164774709999,47,3.974183522529,2.491726606608019,2.494274128443125,0.2294616082385358,0.24787583726077564,2.4759155598966265,2.5812462364365167,0.2383956830856966,0.2379646042511964
26,56,3.116,59.98,2.5755,90.85158436,1.817031687,E04001,1.199758934,0.025536153,0.0089,3.1249000000000002,0.5405000000000002,0.5494000000000002,1.0,0.0,0.0,90.85158436,1.817031687,1.0468484853461988,0.2498488652869208,0.7501511347130791,0.33306470353135437,0.09031511372285683,2.485184886277143,4.433234524286382,1.0057206098879279,1.6831798368740065,1.7157821755712939,8.348982425571293,2.889460576919383,4.030220608654994,3.9976182699577065,0.23577229721090442,8.259810178131726e-05,1099923.3929192983,21998.467855964598,1.6485342865262337e-05,1.6438391106325783e-05,340576.6983747808,338639.4740510815,30941932.643446676,618838.6528008182,79.4648101253518,1.5892962023321031,30765932.744377866,615318.6548198294,79.0128086707967,1.5802561732419957,"[2.642,2.923]",2.783,"[1.500,2.000]",1.75,0.002,0.0,1242,2.485,0.24,-6.768405477470999,44,3.9115945225290005,0.005,0.0,497,2.4875000000000003,0.1,-0.7758164774709999,47,3.974183522529,2.4993613552151643,2.504274128443125,0.22505126692230856,0.2467122756067856,2.4759155598966265,2.5812462364365167,0.2383956830856966,0.2379646042511964
26,56,3.269,21.98,0.7924,2237.88478,44.75769559,E04001,0.947323124,0.020912605,0.0089,3.2779000000000003,2.4766000000000004,2.4855000000000005,1.0,0.0,0.0,2237.88478,44.75769559,0.38362336958835364,0.036342719777021235,0.9636572802229787,0.03771332456349208,0.014822976742127292,0.7775770232578727,4.433234524286382,1.0054525024935992,1.176923422261803,1.1843685991038677,1.8122663591038677,1.3462044269366624,1.1904078506671973,1.1829626738251326,0.8965277922048396,0.00036996181906572137,6048961.445944382,120979.22889185783,0.0009094038512142438,0.0009069346806245959,2320.8058791699814,2308.2203022163703,5193696.15432902,103873.92306337235,13.338406605313851,0.2667681320466743,5165531.0832170155,103310.6216412581,13.266073307524307,0.2653214660912066,"[1.302,1.770]",1.619,"[1.050,1.500]",1.25,0.002,0.0,388,0.777,0.12,-1.6444774774709998,23,1.175522522529,0.005,0.0,155,0.7775,0.1,-0.2758164774709999,14,1.1741835225290003,0.796050281337429,0.7894815203165176,0.909524036924788,0.8984433336147508,1.010235024753555,0.8226962195437789,0.8900593248547642,0.8958426920964624
26,56,3.269,21.98,0.8094,2253.464503,45.06929007,E04001,0.980712142,0.019170482,0.0089,3.2779000000000003,2.4596,2.4685,1.0,0.0,0.0,2253.464503,45.06929007,0.38362336958835364,0.036342719777021235,0.9636572802229787,0.03771332456349208,0.014822976742127292,0.7945770232578727,4.433234524286382,1.0054525024935992,1.1688447263971293,1.1762679086251848,1.8313962686251848,1.353290903178317,1.2303878285318708,1.2229646463038153,0.8949059158632392,0.0004124033708587884,5464224.257690688,109284.48517806185,0.0009094038512142435,0.0009069346806245956,2398.4700633146163,2385.4633186214432,5404867.1491876505,108097.34300773771,13.880734171073607,0.27761468348306945,5375556.911722002,107511.13825829465,13.805459866725005,0.27610919739576334,"[1.302,1.770]",1.619,"[1.050,1.500]",1.25,0.002,0.0,397,0.795,0.12,-1.6444774774709998,23,1.175522522529,0.005,0.0,158,0.7925,0.1,-0.2758164774709999,14,1.1741835225290003,0.8137767523135793,0.8044815203165177,0.9083268600763379,0.897280270944206,1.010235024753555,0.8226962195437789,0.8900593248547642,0.8958426920964624
26,56,3.269,21.98,0.8264,2267.149451,45.34298903,E04001,1.010078978,0.019054765,0.0089,3.2779000000000003,2.4426,2.4515000000000002,1.0,0.0,0.0,2267.149451,45.34298903,0.38362336958835364,0.036342719777021235,0.9636572802229787,0.03771332456349208,0.014822976742127292,0.8115770232578727,4.433234524286382,1.0054525024935992,1.1607660305324556,1.1681672181465024,1.8511041781465023,1.3605528942847105,1.2703678063965442,1.2629666187824975,0.893237747404016,0.0004533582021274367,5000790.633898614,100015.81270002988,0.0009094038512142437,0.0009069346806245957,2479.839257391197,2466.391252934381,5622166.210962701,112443.32424405239,14.43879978653957,0.2887759957944784,5591677.575041384,111833.5515254916,14.360499129228124,0.2872099826479041,"[1.302,1.770]",1.619,"[1.050,1.500]",1.25,0.002,0.0,405,0.811,0.12,-1.6444774774709998,24,1.2955225225290001,0.005,0.0,162,0.8125,0.1,-0.2758164774709999,15,1.2741835225290001,0.8295286374784112,0.8244815203165177,0.9072131793455576,0.8957003081134151,1.0407882730607914,0.8759856139950739,0.8860898761416565,0.8914804355740613
26,56,3.269,21.98,0.8434,2279.212341,45.58424682,E04001,1.000345584,0.018559043,0.0089,3.2779000000000003,2.4256,2.4345000000000003,1.0,0.0,0.0,2279.212341,45.58424682,0.38362336958835364,0.036342719777021235,0.9636572802229787,0.03771332456349208,0.014822976742127292,0.8285770232578727,4.433234524286382,1.0054525024935992,1.1526873346677822,1.1600665276678197,1.8713900876678198,1.3679876050855944,1.310347784261218,1.3029685912611804,0.8915227485819682,0.0004928400243350675,4624649.436853428,92492.98873706856,0.0009094038512142435,0.0009069346806245956,2565.0749377371626,2551.1647058171125,5846350.453680348,116927.00907360694,15.014547865560312,0.3002909573112062,5814646.081421997,116292.92162843993,14.933124964454397,0.2986624992890879,"[1.302,1.770]",1.619,"[1.050,1.500]",1.25,0.002,0.0,414,0.8290000000000001,0.12,-1.6444774774709998,24,1.2955225225290001,0.005,0.0,165,0.8275,0.1,-0.2758164774709999,15,1.2741835225290001,0.8472439135313081,0.8394815203165177,0.90590136251935,0.8944936347830579,1.0407882730607914,0.8759856139950739,0.8860898761416565,0.8914804355740613
26,56,3.269,21.98,0.8604,2290.832521,45.81665042,E04001,1.038923613,0.019032382,0.0089,3.2779000000000003,2.4086,2.4175,1.0,0.0,0.0,2290.832521,45.81665042,0.38362336958835364,0.036342719777021235,0.9636572802229787,0.03771332456349208,0.014822976742127292,0.8455770232578728,4.433234524286382,1.0054525024935992,1.1446086388031085,1.1519658371891368,1.8922539971891368,1.375592235071548,1.3503277621258918,1.3429705637398635,0.8897603796508254,0.0005308646689817422,4315285.335138375,86305.70670276751,0.0009094038512142435,0.0009069346806245956,2654.3457732584034,2639.9514314951953,6080661.619359242,121613.23238718486,15.616303822613197,0.312326076452264,6047686.593129696,120953.73186259395,15.531617638708513,0.3106323527741703,"[1.302,1.770]",1.619,"[1.050,1.500]",1.25,0.002,0.0,422,0.845,0.12,-1.6444774774709998,24,1.2955225225290001,0.005,0.0,169,0.8475,0.1,-0.2758164774709999,16,1.3741835225290002,0.8629858570755999,0.8594815203165177,0.904679951338654,0.8928561115950406,1.0407882730607914,0.9292750084463691,0.8860898761416565,0.886890807790142
26,56,3.269,21.98,0.8774,2302.32582,46.0465164,E04001,1.072828172,0.019284846,0.0089,3.2779000000000003,2.3916000000000004,2.4005000000000005,1.0,0.0,0.0,2302.32582,46.0465164,0.38362336958835364,0.036342719777021235,0.9636572802229787,0.03771332456349208,0.014822976742127292,0.8625770232578727,4.433234524286382,1.0054525024935992,1.136529942938435,1.1438651467104544,1.9136959067104544,1.3833639820056234,1.390307739990565,1.3829725362185457,0.8879500995076327,0.000567449927421774,4057319.7893613055,81146.39578722611,0.0009094038512142437,0.0009069346806245957,2747.827918501448,2732.9266292406896,6326395.16568274,126527.9033136548,16.247394641181113,0.3249478928236223,6292087.542666406,125841.75085332814,16.15928609346173,0.3231857218692346,"[1.302,1.770]",1.619,"[1.050,1.500]",1.25,0.002,0.0,431,0.863,0.12,-1.6444774774709998,25,1.4155225225290002,0.005,0.0,172,0.8625,0.1,-0.2758164774709999,16,1.3741835225290002,0.880689959388512,0.8744815203165177,0.9032398201180472,0.8916067138939883,1.0708769502349242,0.9292750084463691,0.8817614390497822,0.886890807790142
26,56,3.269,21.98,0.8944,2313.801974,46.27603948,E04001,1.080472758,0.019405291,0.0089,3.2779000000000003,2.3746,2.3835,1.0,0.0,0.0,2313.801974,46.27603948,0.38362336958835364,0.036342719777021235,0.9636572802229787,0.03771332456349208,0.014822976742127292,0.8795770232578727,4.433234524286382,1.0054525024935992,1.1284512470737613,1.1357644562317717,1.9357158162317716,1.391300045364684,1.4302877178552384,1.422974508697228,0.8860913658422513,0.0006026153921187609,3839599.857987042,76791.99715974084,0.0009094038512142434,0.0009069346806245955,2845.7053190613356,2830.273247123826,6584398.584666418,131687.97169332838,16.90999684310181,0.3381999368620362,6548691.826154498,130973.83652308997,16.818295047417678,0.33636590094835356,"[1.302,1.770]",1.619,"[1.050,1.500]",1.25,0.002,0.0,439,0.879,0.12,-1.6444774774709998,25,1.4155225225290002,0.005,0.0,175,0.8775000000000001,0.1,-0.2758164774709999,16,1.3741835225290002,0.8964219801121729,0.8894815203165177,0.9018974955333324,0.890339282655058,1.0708769502349242,0.9292750084463691,0.8817614390497822,0.886890807790142
26,56,3.269,21.98,0.9114,2325.517548,46.51035095,E04001,1.083629751,0.01930753,0.0089,3.2779000000000003,2.3576,2.3665000000000003,1.0,0.0,0.0,2325.517548,46.51035095,0.38362336958835364,0.036342719777021235,0.9636572802229787,0.03771332456349208,0.014822976742127292,0.8965770232578727,4.433234524286382,1.0054525024935992,1.1203725512090879,1.127663765753089,1.9583137257530892,1.3993976296082145,1.4702676957199121,1.462976481175911,0.884183635292057,0.0006363823002148057,3654277.5423122863,73085.55083053191,0.0009094038512142435,0.0009069346806245956,2948.1700299102495,2932.182298615362,6856021.139043969,137120.4227513977,17.607575593534083,0.35215151179496706,6818841.389365,136376.8277579782,17.512090874373428,0.3502418174121646,"[1.302,1.770]",1.619,"[1.050,1.500]",1.25,0.002,0.0,448,0.897,0.12,-1.6444774774709998,25,1.4155225225290002,0.005,0.0,179,0.8975,0.1,-0.2758164774709999,17,1.474183522529,0.9141149298016487,0.9094815203165176,0.9003129380286595,0.8886216137822035,1.0708769502349242,0.9825644028976641,0.8817614390497822,0.8820814637464407
26,56,3.269,21.98,0.9284,2337.470719,46.74941439,E04001,1.10803527,0.01963661,0.0089,3.2779000000000003,2.3406000000000002,2.3495000000000004,1.0,0.0,0.0,2337.470719,46.74941439,0.38362336958835364,0.036342719777021235,0.9636572802229787,0.03771332456349208,0.014822976742127292,0.9135770232578727,4.433234524286382,1.0054525024935992,1.1122938553444142,1.1195630752744063,1.9814896352744062,1.407653947273408,1.510247673584586,1.5029784536545938,0.8822263636019038,0.0006687733801968622,3495161.123655871,69903.22248807017,0.0009094038512142435,0.0009069346806245956,3055.4225472646135,3038.853192653986,7141960.738403427,142839.21479862276,18.341923257988423,0.36683846523823754,7103230.357168358,142064.60717375568,18.242456219959717,0.36484912447723794,"[1.302,1.770]",1.619,"[1.050,1.500]",1.25,0.002,0.0,456,0.913,0.12,-1.6444774774709998,26,1.535522522529,0.005,0.0,182,0.9125,0.1,-0.2758164774709999,17,1.474183522529,0.9298370464453711,0.9244815203165176,0.8988341191989309,0.8873127626887471,1.1005216249019294,0.9825644028976641,0.8770273616805736,0.8820814637464407
26,56,3.269,21.98,0.9454,2349.796367,46.99592735,E04001,1.136268673,0.020001733,0.0089,3.2779000000000003,2.3236,2.3325,1.0,0.0,0.0,2349.796367,46.99592735,0.38362336958835364,0.036342719777021235,0.9636572802229787,0.03771332456349208,0.014822976742127292,0.9305770232578727,4.433234524286382,1.0054525024935992,1.1042151594797402,1.1114623847957235,2.0052435447957233,1.416066221896322,1.5502276514492597,1.5429804261332765,0.880219005789429,0.0006998127023502927,3357750.37964916,67155.00760727274,0.0009094038512142438,0.0009069346806245959,3167.672154643151,3150.4940778277255,7443384.520827537,148867.69044822748,19.116037270633015,0.38232074549401224,7403019.538334604,148060.39079819704,19.01237226345728,0.38024744535005633,"[1.302,1.770]",1.619,"[1.050,1.500]",1.25,0.002,0.0,465,0.931,0.12,-1.6444774774709998,26,1.535522522529,0.005,0.0,186,0.9325,0.1,-0.2758164774709999,18,1.5741835225290002,0.9475188645615447,0.9444815203165177,0.8970860306923114,0.8855404895238076,1.1005216249019294,1.0358537973489592,0.8770273616805736,0.8770602941985515
26,56,3.269,21.98,0.9624,2362.499835,47.24999669,E04001,1.164021245,0.020275134,0.0089,3.2779000000000003,2.3066,2.3155,1.0,0.0,0.0,2362.499835,47.24999669,0.38362336958835364,0.036342719777021235,0.9636572802229787,0.03771332456349208,0.014822976742127292,0.9475770232578727,4.433234524286382,1.0054525024935992,1.0961364636150668,1.103361694317041,2.0295754543170412,1.42463169075977,1.5902076293139333,1.582982398611959,0.8781610163157704,0.0007295255335988386,3238405.958658499,64768.11915946245,0.0009094038512142437,0.0009069346806245957,3285.137283805422,3267.3222013551413,7761136.290942659,155222.7257860018,19.932084683383763,0.39864169358330664,7719048.161593358,154380.96319919394,19.82399430500264,0.3964798860161417,"[1.302,1.770]",1.619,"[1.050,1.500]",1.25,0.002,0.0,473,0.9470000000000001,0.12,-1.6444774774709998,26,1.535522522529,0.005,0.0,189,0.9475,0.1,-0.2758164774709999,18,1.5741835225290002,0.9632310958071315,0.9594815203165177,0.8954521794132508,0.8841911564544672,1.1005216249019294,1.0358537973489592,0.8770273616805736,0.8770602941985515
26,56,3.269,21.98,0.9794,2375.904684,47.51809369,E04001,1.170080609,0.020287009,0.0089,3.2779000000000003,2.2896,2.2985,1.0,0.0,0.0,2375.904684,47.51809369,0.38362336958835364,0.036342719777021235,0.9636572802229787,0.03771332456349208,0.014822976742127292,0.9645770232578728,4.433234524286382,1.0054525024935992,1.0880577677503933,1.0952610038383583,2.0544853638383582,1.4333476074694367,1.630187607178607,1.622984371090642,0.876051849261758,0.0007579381972422299,3134694.4812186095,62693.88963756588,0.0009094038512142435,0.0009069346806245956,3408.0458912999525,3389.5642835914555,8097192.196426513,161943.8439626107,20.795140622018984,0.4159028125279048,8053281.658104043,161065.63319597652,20.682369948302323,0.413647399053097,"[1.302,1.770]",1.619,"[1.050,1.500]",1.25,0.002,0.0,482,0.965,0.12,-1.6444774774709998,27,1.655522522529,0.005,0.0,192,0.9625,0.1,-0.2758164774709999,18,1.5741835225290002,0.9809018033339854,0.9744815203165177,0.8935177468575877,0.8828247657298627,1.1297413912770526,1.0358537973489592,0.8718321668044374,0.8770602941985515
26,56,3.269,21.98,0.9964,2389.837646,47.79675293,E04001,1.19254963,0.020545329,0.0089,3.2779000000000003,2.2726,2.2815000000000003,1.0,0.0,0.0,2389.837646,47.79675293,0.38362336958835364,0.036342719777021235,0.9636572802229787,0.03771332456349208,0.014822976742127292,0.9815770232578727,4.433234524286382,1.0054525024935992,1.0799790718857196,1.0871603133596757,2.0799732733596756,1.4422112443604354,1.6701675850432804,1.6629863435693244,0.873890958509653,0.0007850779380184491,3044076.9384400146,60881.53878153788,0.0009094038512142439,0.000906934680624596,3536.6358513931823,3517.456908826677,8451985.497852689,169039.70999242013,21.706317782685094,0.43412635574452946,8406150.938896783,168123.01881311022,21.588605855425058,0.4317721171988362,"[1.302,1.770]",1.619,"[1.050,1.500]",1.25,0.002,0.0,490,0.981,0.12,-1.6444774774709998,27,1.655522522529,0.005,0.0,196,0.9825,0.1,-0.2758164774709999,19,1.6741835225290003,0.9966041678045698,0.9944815203165177,0.8917066428366401,0.8809766835336654,1.1297413912770526,1.0891431918002543,0.8718321668044374,0.8718353957615546
26,56,3.269,21.98,1.0135,2404.792071,48.09584142,E04001,1.197608739,0.020500733,0.0089,3.2779000000000003,2.2555,2.2644,1.0,0.0,0.0,2404.792071,48.09584142,0.38362336958835364,0.036342719777021235,0.9636572802229787,0.03771332456349208,0.014822976742127292,0.9986770232578728,4.433234524286382,1.0054525024935992,1.0718528542806656,1.0790119717605302,2.1061942217605303,1.4512733104968651,1.7103827392483346,1.70322362176847,0.8716646236196398,0.000811121489035848,2964774.2089270656,59295.484178541315,0.0009094038512142435,0.0009069346806245956,3671.9647067452092,3652.0518847369276,8830311.61177272,176606.23223545437,22.677931713674788,0.4535586342734957,8782425.41529597,175648.5083059194,22.554950788258797,0.4510990157651759,"[1.302,1.770]",1.619,"[1.050,1.500]",1.25,0.002,0.0,499,0.999,0.12,-1.6444774774709998,27,1.655522522529,0.005,0.0,199,0.9975,0.1,-0.2758164774709999,19,1.6741835225290003,1.0142637856602477,1.0094815203165177,0.8895584127258682,0.8795711824841074,1.1297413912770526,1.0891431918002543,0.8718321668044374,0.8718353957615546
26,56,3.269,21.98,1.0305,2420.321846,48.40643691,E04001,1.189924392,0.020286558,0.0089,3.2779000000000003,2.2385,2.2474000000000003,1.0,0.0,0.0,2420.321846,48.40643691,0.38362336958835364,0.036342719777021235,0.9636572802229787,0.03771332456349208,0.014822976742127292,1.0156770232578727,4.433234524286382,1.0054525024935992,1.063774158415992,1.0709112812818475,2.1328415312818474,1.4604251200530096,1.7503627171130078,1.7432255942471524,0.8693983349706725,0.0008357930957294874,2895838.525547429,57916.77049898389,0.0009094038512142434,0.0009069346806245955,3812.7099254724403,3792.033851441642,9227985.125081979,184559.70246351248,23.69923347239653,0.47398466935001293,9177942.371415725,183558.84739039416,23.570714095017532,0.47141428180296396,"[1.302,1.770]",1.619,"[1.050,1.500]",1.25,0.002,0.0,507,1.0150000000000001,0.12,-1.6444774774709998,28,1.7755225225290001,0.005,0.0,203,1.0175,0.1,-0.2758164774709999,20,1.7741835225290004,1.0299563019205635,1.0294815203165177,0.8875432038220336,0.8776716042253988,1.158554013019672,1.1424325862515496,0.8661094077785274,0.8664150410807648
26,56,3.269,21.98,1.0475,2436.739566,48.73479131,E04001,1.218841784,0.020519222,0.0089,3.2779000000000003,2.2215,2.2304,1.0,0.0,0.0,2436.739566,48.73479131,0.38362336958835364,0.036342719777021235,0.9636572802229787,0.03771332456349208,0.014822976742127292,1.0326770232578728,4.433234524286382,1.0054525024935992,1.0556954625513182,1.0628105908031646,2.160066840803165,1.4697165851970118,1.7903426949776824,1.783227566725836,0.867078681773066,0.0008592779531719756,2835799.0066018975,56715.980120400265,0.0009094038512142434,0.0009069346806245955,3959.9154416305196,3938.4410818110514,9649282.634635452,192985.65265310986,24.781206178779527,0.49562412347389223,9596955.212408833,191939.1042087922,24.646819334896712,0.4929363865967874,"[1.302,1.770]",1.619,"[1.050,1.500]",1.25,0.002,0.0,516,1.033,0.12,-1.6444774774709998,28,1.7755225225290001,0.005,0.0,206,1.0325,0.1,-0.2758164774709999,20,1.7741835225290004,1.0476048509576472,1.0444815203165176,0.8851478529666968,0.8762279731088646,1.158554013019672,1.1424325862515496,0.8661094077785274,0.8664150410807648
26,56,3.269,21.98,1.0645,2453.773727,49.07547455,E04001,1.251134106,0.020825066,0.0089,3.2779000000000003,2.2045000000000003,2.2134000000000005,1.0,0.0,0.0,2453.773727,49.07547455,0.38362336958835364,0.036342719777021235,0.9636572802229787,0.03771332456349208,0.014822976742127292,1.0496770232578727,4.433234524286382,1.0054525024935992,1.047616766686645,1.0547099003244824,2.1878701503244824,1.4791450741304866,1.8303226728423554,1.823229539204518,0.8647051190491766,0.0008816057618542735,2783300.465095645,55666.00931325585,0.0009094038512142435,0.0009069346806245956,4113.863156936724,4091.5539488280438,10094489.330964612,201889.7866604309,25.924582256738404,0.51849164524042,10039747.582237355,200794.95168566267,25.783994959924463,0.5156798993035683,"[1.302,1.770]",1.619,"[1.050,1.500]",1.25,0.002,0.0,524,1.049,0.12,-1.6444774774709998,28,1.7755225225290001,0.005,0.0,209,1.0475,0.1,-0.2758164774709999,20,1.7741835225290004,1.0632875375142987,1.0594815203165178,0.8828957945345033,0.8747683043285495,1.158554013019672,1.1424325862515496,0.8661094077785274,0.8664150410807648
26,56,3.269,21.98,1.0815,2471.613518,49.43227037,E04001,1.20973606,0.020310619,0.0089,3.2779000000000003,2.1875,2.1964,1.0,0.0,0.0,2471.613518,49.43227037,0.38362336958835364,0.036342719777021235,0.9636572802229787,0.03771332456349208,0.014822976742127292,1.0666770232578726,4.433234524286382,1.0054525024935992,1.0395380708219712,1.0466092098457995,2.2162514598457994,1.4887079834023191,1.8703026507070288,1.8632315116832006,0.862277102617924,0.0009028065579201885,2737700.004853642,54754.00010814941,0.0009094038512142434,0.0009069346806245955,4274.847134440935,4251.664920858009,10565769.96486778,211315.39934010405,27.134921200993148,0.5426984241296492,10508472.492399056,210169.44989049775,26.987770316048213,0.5397554064301552,"[1.302,1.770]",1.619,"[0.650,1.050]",0.8,0.002,0.0,533,1.067,0.12,-1.6444774774709998,29,1.8955225225290002,0.005,0.0,213,1.0675000000000001,0.1,0.17418352252900005,16,1.8241835225290002,1.080925038520114,1.0751681730025715,0.8802124871990192,0.8442973122757903,1.1869760495301955,0.9292750084463691,0.8597788607627403,0.864419893159999
26,56,3.269,21.98,1.1835,2589.136174,51.78272348,E04001,1.278418661,0.023057883,0.0089,3.2779000000000003,2.0855,2.0944000000000003,1.0,0.0,0.0,2589.136174,51.78272348,0.38362336958835364,0.036342719777021235,0.9636572802229787,0.03771332456349208,0.014822976742127292,1.1686770232578727,4.433234524286382,1.0054525024935992,0.9910658956339296,0.9980050669737036,2.3986773169737035,1.5487663855384075,2.1101825178950704,2.1032433465552964,0.8465351581323354,0.0010080449897817494,2568472.836277447,51369.45672554894,0.0009094038512142438,0.0009069346806245959,5406.645988800121,5377.326104804777,13998542.709614392,279970.85419228784,35.95093917595783,0.7190187835191566,13922629.537344564,278452.5907468913,35.755979607984216,0.7151195921596843,"[1.302,1.770]",1.619,"[0.650,1.050]",0.8,0.002,0.0,584,1.169,0.12,-1.6444774774709998,31,2.135522522529,0.005,0.0,233,1.1675,0.1,0.17418352252900005,19,2.124183522529,1.180760725897045,1.1751681730025714,0.8612272864785274,0.8294392474015814,1.2427092380131848,1.0891431918002543,0.8448810008236853,0.8422693802794982
26,56,3.269,21.98,1.2005,2610.592036,52.21184073,E04001,1.310047664,0.02198735,0.0089,3.2779000000000003,2.0685000000000002,2.0774000000000004,1.0,0.0,0.0,2610.592036,52.21184073,0.38362336958835364,0.036342719777021235,0.9636572802229787,0.03771332456349208,0.014822976742127292,1.1856770232578726,4.433234524286382,1.0054525024935992,0.9829871997692561,0.989904376495021,2.4311046264950207,1.5591999956692602,2.1501624957597434,2.1432453190339786,0.8437108424905891,0.001022206887764439,2553878.3462018645,51077.56693382004,0.0009094038512142433,0.0009069346806245954,5626.25240405521,5595.741608978717,14687849.718552385,293756.9944273102,37.721211615450486,0.7544242324535025,14608198.479913663,292163.9696542307,37.51665197699443,0.750333039683598,"[1.302,1.770]",1.619,"[0.650,1.050]",0.8,0.002,0.0,592,1.185,0.12,-1.6444774774709998,31,2.135522522529,0.005,0.0,237,1.1875,0.1,0.17418352252900005,19,2.124183522529,1.1964042775509185,1.1951681730025714,0.8575079023201163,0.8263756134558345,1.2427092380131848,1.0891431918002543,0.8448810008236853,0.8422693802794982
26,56,3.269,21.98,1.2175,2632.505083,52.65010167,E04001,1.333330759,0.021690366,0.0089,3.2779000000000003,2.0515,2.0604,1.0,0.0,0.0,2632.505083,52.65010167,0.38362336958835364,0.036342719777021235,0.9636572802229787,0.03771332456349208,0.014822976742127292,1.2026770232578727,4.433234524286382,1.0054525024935992,0.9749085039045823,0.9818036860163382,2.4641099360163383,1.5697483671010262,2.190142473624418,2.183247291512662,0.8408277755629008,0.001035483685728268,2542295.0832378664,50845.90167441465,0.0009094038512142435,0.0009069346806245956,5855.7518358951065,5823.996480562128,15415296.47278045,308305.9295141665,39.58943422672553,0.7917886846848976,15331700.338453913,306634.0068273182,39.374743340476755,0.7874948669591064,"[1.302,1.770]",1.619,"[0.650,1.050]",0.8,0.002,0.0,601,1.203,0.12,-1.6444774774709998,31,2.135522522529,0.005,0.0,240,1.2025000000000001,0.1,0.17418352252900005,20,2.2241835225290005,1.2139977930094048,1.2101681730025715,0.853015422285253,0.8240590844410102,1.2427092380131848,1.1424325862515499,0.8448810008236853,0.834389725122305
26,56,3.269,21.98,1.2346,2655.257311,53.10514622,E04001,1.329438012,0.020977251,0.0089,3.2779000000000003,2.0344,2.0433000000000003,1.0,0.0,0.0,2655.257311,53.10514622,0.38362336958835364,0.036342719777021235,0.9636572802229787,0.03771332456349208,0.014822976742127292,1.2197770232578726,4.433234524286382,1.0054525024935992,0.9667822862995283,0.9736553444171928,2.4978925044171927,1.5804722409511636,2.2303576278294717,2.223484569711807,0.8378679464622458,0.0010479753586357817,2533702.0466364045,50674.04093272809,0.0009094038512142437,0.0009069346806245957,6097.015963905406,6063.952249145872,16189146.213443542,323782.92426887085,41.5768285959124,0.8315365719182481,16101353.543099469,322027.0708619894,41.35136020130109,0.8270272040260218,"[1.302,1.770]",1.619,"[0.650,1.050]",0.8,0.002,0.0,609,1.219,0.12,-1.6444774774709998,32,2.255522522529,0.005,0.0,243,1.2175,0.1,0.17418352252900005,20,2.2241835225290005,1.2296316066292619,1.2251681730025714,0.84871868480372,0.8217268571670616,1.2700484264524534,1.1424325862515499,0.8360438897565386,0.834389725122305
26,56,3.269,21.98,1.2516,2678.477486,53.56954972,E04001,1.340313674,0.021056738,0.0089,3.2779000000000003,2.0174000000000003,2.0263000000000004,1.0,0.0,0.0,2678.477486,53.56954972,0.38362336958835364,0.036342719777021235,0.9636572802229787,0.03771332456349208,0.014822976742127292,1.2367770232578728,4.433234524286382,1.0054525024935992,0.9587035904348549,0.9655546539385103,2.5320572139385105,1.5912439203147049,2.270337605694145,2.26348654219049,0.8348654471747902,0.0010595649565506658,2527903.050625214,50558.06101250427,0.0009094038512142437,0.0009069346806245957,6347.673261929315,6313.250249202822,17002099.920561854,340041.99841123703,43.66464944153562,0.8732929888307124,16909898.655973647,338197.9731194729,43.427858932414956,0.8685571786482991,"[1.302,1.770]",1.619,"[0.650,1.050]",0.8,0.002,0.0,618,1.237,0.12,-1.6444774774709998,32,2.255522522529,0.005,0.0,247,1.2375,0.1,0.17418352252900005,20,2.2241835225290005,1.2472141770239773,1.2451681730025714,0.8435037107052726,0.8185934512529883,1.2700484264524534,1.1424325862515499,0.8360438897565386,0.834389725122305
26,56,3.269,21.98,1.2686,2702.265962,54.04531924,E04001,1.354418866,0.021130415,0.0089,3.2779000000000003,2.0004,2.0093,1.0,0.0,0.0,2702.265962,54.04531924,0.38362336958835364,0.036342719777021235,0.9636572802229787,0.03771332456349208,0.014822976742127292,1.2537770232578727,4.433234524286382,1.0054525024935992,0.9506248945701811,0.9574539634598274,2.5667999234598273,1.6021235668511424,2.310317583558819,2.303488514669173,0.8318026238114657,0.0010703566114142686,2524640.7909131143,50492.81581826229,0.0009094038512142435,0.0009069346806245956,6609.571257229624,6573.727988977482,17860819.43182516,357216.3886365032,45.8700056388941,0.9174001127778819,17763961.38806056,355279.22776121116,45.62125562881684,0.9124251125763368,"[1.302,1.770]",1.619,"[0.650,1.050]",0.8,0.002,0.0,626,1.2530000000000001,0.12,-1.6444774774709998,32,2.255522522529,0.005,0.0,250,1.2525,0.1,0.17418352252900005,21,2.324183522529,1.2628382707728463,1.2601681730025713,0.8384899605538907,0.8162260556014284,1.2700484264524534,1.1957219807028447,0.8360438897565386,0.8262903694942998
26,56,3.269,21.98,1.2856,2726.522502,54.53045005,E04001,1.349704613,0.021052458,0.0089,3.2779000000000003,1.9834,1.9923,1.0,0.0,0.0,2726.522502,54.53045005,0.38362336958835364,0.036342719777021235,0.9636572802229787,0.03771332456349208,0.014822976742127292,1.2707770232578728,4.433234524286382,1.0054525024935992,0.9425461987055075,0.9493532729811447,2.602120632981145,1.613108996001555,2.350297561423493,2.3434904871478555,0.828678960345874,0.001080378465693873,2523673.498294777,50473.46997515156,0.0009094038512142437,0.0009069346806245957,6883.197509194562,6845.870383855732,18767192.894529324,375343.8579594185,48.197746311928576,0.9639549264153453,18665419.64735803,373308.3930156193,47.93637311796875,0.95872746253519,"[1.302,1.770]",1.619,"[0.650,1.050]",0.8,0.002,0.0,635,1.2710000000000001,0.12,-1.6444774774709998,33,2.3755225225289998,0.005,0.0,254,1.2725,0.1,0.17418352252900005,21,2.324183522529,1.2804099165054268,1.2801681730025714,0.8323702147628326,0.813047116464604,1.2970532675790754,1.1957219807028447,0.8260430717361527,0.8262903694942998
26,56,3.269,21.98,1.3026,2751.305608,55.02611216,E04001,1.362989262,0.02118994,0.0089,3.2779000000000003,1.9664000000000001,1.9753,1.0,0.0,0.0,2751.305608,55.02611216,0.38362336958835364,0.036342719777021235,0.9636572802229787,0.03771332456349208,0.014822976742127292,1.2877770232578727,4.433234524286382,1.0054525024935992,0.934467502840834,0.941252582502462,2.638019342502462,1.6241980613528826,2.390277539288166,2.383492459626538,0.8254939448278892,0.0010896581789768573,2524925.395029255,50498.50790058509,0.0009094038512142434,0.0009069346806245955,7169.060605943093,7130.183263916768,19724276.64922311,394485.53298446216,50.65572072862709,1.0131144145725417,19617313.20008195,392346.2640016389,50.381018101796975,1.0076203620359394,"[1.302,1.770]",1.619,"[0.650,1.050]",0.8,0.002,0.0,643,1.287,0.12,-1.6444774774709998,33,2.3755225225289998,0.005,0.0,257,1.2875,0.1,0.17418352252900005,22,2.424183522529,1.2960243084899403,1.2951681730025715,0.8264505084696749,0.8106465854841343,1.2970532675790754,1.2490113751541396,0.8260430717361527,0.8179882899873769
26,56,3.269,21.98,1.3196,2775.944764,55.51889528,E04001,1.37971045,0.021326073,0.0089,3.2779000000000003,1.9494,1.9583,1.0,0.0,0.0,2775.944764,55.51889528,0.38362336958835364,0.036342719777021235,0.9636572802229787,0.03771332456349208,0.014822976742127292,1.3047770232578728,4.433234524286382,1.0054525024935992,0.9263888069761603,0.9331518920237794,2.6744960520237795,1.6353886547312781,2.4302575171528398,2.4234944321052208,0.8222470696779602,0.0010982229000797861,2527669.7142249784,50553.39428449957,0.0009094038512142435,0.0009069346806245956,7467.691099886475,7427.194304421173,20729898.007899262,414597.9601579853,53.23834900999669,1.0647669801999338,20617481.140568577,412349.6228113716,52.949640960623704,1.0589928192124742,"[1.302,1.770]",1.619,"[0.650,1.050]",0.8,0.002,0.0,652,1.305,0.12,-1.6444774774709998,33,2.3755225225289998,0.005,0.0,260,1.3025,0.1,0.17418352252900005,22,2.424183522529,1.313585049898741,1.3101681730025714,0.819176425809259,0.8082324716926672,1.2970532675790754,1.2490113751541396,0.8260430717361527,0.8179882899873769
26,56,3.269,21.98,1.3366,2800.856813,56.01713627,E04001,1.399571724,0.021529126,0.0089,3.2779000000000003,1.9324000000000001,1.9413,1.0,0.0,0.0,2800.856813,56.01713627,0.38362336958835364,0.036342719777021235,0.9636572802229787,0.03771332456349208,0.014822976742127292,1.3217770232578727,4.433234524286382,1.0054525024935992,0.9183101111114867,0.9250512015450967,2.7115507615450967,1.6466787062281143,2.4702374950175137,2.4634964045839034,0.8189378319873484,0.0011060992429883538,2532193.047554134,50643.86096012346,0.0009094038512142434,0.0009069346806245955,7779.642490594308,7737.454003346949,21789664.672485355,435793.29352750356,55.96003280877347,1.1192006563752657,21671500.760548428,433430.01528834313,55.65656524797373,1.1131313051581873,"[1.302,1.770]",1.619,"[0.650,1.050]",0.8,0.002,0.0,660,1.321,0.12,-1.6444774774709998,34,2.495522522529,0.005,0.0,264,1.3225,0.1,0.17418352252900005,22,2.424183522529,1.3291897581693775,1.3301681730025714,0.8120887281801864,0.804993161311696,1.3237357361743323,1.2490113751541396,0.8146378889441804,0.8179882899873769
26,56,3.269,21.98,1.3536,2825.594553,56.51189106,E04001,1.387318643,0.02126986,0.0089,3.2779000000000003,1.9154000000000002,1.9243000000000001,1.0,0.0,0.0,2825.594553,56.51189106,0.38362336958835364,0.036342719777021235,0.9636572802229787,0.03771332456349208,0.014822976742127292,1.3387770232578726,4.433234524286382,1.0054525024935992,0.9102314152468131,0.9169505110664141,2.749183471066414,1.6580661841634712,2.510217472882187,2.503498377062586,0.8155657338242512,0.0011133132663842089,2538004.9248644058,50760.09849728811,0.0009094038512142438,0.0009069346806245959,8105.492257810471,8061.536708803478,22902834.77305294,458056.69546105876,58.818866860871914,1.1763773372174382,22778634.213204656,455572.6842640931,58.499896031882784,1.1699979206376556,"[1.302,1.770]",1.619,"[0.650,1.050]",0.8,0.002,0.0,669,1.339,0.12,-1.6444774774709998,34,2.495522522529,0.005,0.0,267,1.3375000000000001,0.1,0.17418352252900005,23,2.5241835225290004,1.3467396155297209,1.3451681730025715,0.8033092967538692,0.802548784762614,1.3237357361743323,1.302300769605435,0.8146378889441804,0.809500329961469
26,56,3.269,21.98,1.3706,2849.923836,56.99847673,E04001,1.393019683,0.021298815,0.0089,3.2779000000000003,1.8984,1.9073,1.0,0.0,0.0,2849.923836,56.99847673,0.38362336958835364,0.036342719777021235,0.9636572802229787,0.03771332456349208,0.014822976742127292,1.3557770232578727,4.433234524286382,1.0054525024935992,0.9021527193821395,0.9088498205877313,2.7873941805877314,1.669549094991738,2.550197450746861,2.5435003495412687,0.812130282545765,0.0011198904565192776,2544823.7543320307,50896.475095570066,0.0009094038512142438,0.0009069346806245959,8445.842947665978,8400.041699353915,24070009.131665774,481400.1827177739,61.81639419244252,1.2363278840657559,23939479.06238267,478789.58133165375,61.4811679707725,1.2296233596311792,"[1.302,1.770]",1.619,"[0.650,1.050]",0.8,0.002,0.0,677,1.355,0.12,-1.6444774774709998,34,2.495522522529,0.005,0.0,271,1.3575,0.1,0.17418352252900005,23,2.5241835225290004,1.3623346580810676,1.3651681730025713,0.7946794057632779,0.7992704506647961,1.3237357361743323,1.302300769605435,0.8146378889441804,0.809500329961469
26,56,3.269,21.98,1.3876,2873.662614,57.47325227,E04001,1.398911612,0.021227266,0.0089,3.2779000000000003,1.8814000000000002,1.8903,1.0,0.0,0.0,2873.662614,57.47325227,0.38362336958835364,0.036342719777021235,0.9636572802229787,0.03771332456349208,0.014822976742127292,1.3727770232578727,4.433234524286382,1.0054525024935992,0.8940740235174659,0.9007491301090488,2.8261828901090484,1.6811254831537854,2.590177428611534,2.5835023220199513,0.80863099111562,0.001125855713203885,2552425.30663394,51048.50612379668,0.0009094038512142438,0.0009069346806245959,8801.3233153543,8753.594320493852,25292033.765060183,505840.6752131905,64.95478753652333,1.2990957505044318,25154876.736925915,503097.5346509824,64.60254201509318,1.2920508400770547,"[1.302,1.770]",1.619,"[0.650,1.050]",0.8,0.002,0.0,686,1.373,0.12,-1.6444774774709998,35,2.615522522529,0.005,0.0,274,1.3725,0.1,0.17418352252900005,24,2.624183522529,1.3798736516055001,1.3801681730025714,0.7838848617881838,0.796797795651999,1.3501071088387828,1.3555901640567298,0.8015159930499204,0.8008431338666114
26,56,3.269,21.98,1.4046,2896.614297,57.93228593,E04001,1.387827162,0.021059069,0.0089,3.2779000000000003,1.8644,1.8733,1.0,0.0,0.0,2896.614297,57.93228593,0.38362336958835364,0.036342719777021235,0.9636572802229787,0.03771332456349208,0.014822976742127292,1.3897770232578728,4.433234524286382,1.0054525024935992,0.8859953276527922,0.8926484396303661,2.8655495996303664,1.6927934308799661,2.630157406476208,2.623504294498634,0.8050673784276186,0.0011312333386817833,2560580.73781259,51211.614747411884,0.0009094038512142438,0.0009069346806245959,9172.589527770924,9122.847180769057,26569453.96665374,531389.0792413489,68.23544731106458,1.364708945985722,26425369.573161792,528507.3913720074,67.86541098842108,1.3573082195341295,"[1.302,1.770]",1.619,"[0.650,1.050]",0.8,0.002,0.0,694,1.389,0.12,-1.6444774774709998,35,2.615522522529,0.005,0.0,277,1.3875,0.1,0.17418352252900005,24,2.624183522529,1.3954590463764731,1.3951681730025713,0.7731592879095478,0.7943136226105196,1.3501071088387828,1.3555901640567298,0.8015159930499204,0.8008431338666114
26,56,3.269,21.98,1.4216,2918.704699,58.37409398,E04001,1.384175659,0.020933944,0.0089,3.2779000000000003,1.8474000000000002,1.8563,1.0,0.0,0.0,2918.704699,58.37409398,0.38362336958835364,0.036342719777021235,0.9636572802229787,0.03771332456349208,0.014822976742127292,1.4067770232578727,4.433234524286382,1.0054525024935992,0.8779166317881187,0.8845477491516834,2.9054943091516834,1.704551057948011,2.6701373843408813,2.6635062669773166,0.8014389696346983,0.0011360470291727999,2569175.9443490845,51383.518886981685,0.0009094038512142435,0.0009069346806245956,9560.326429874629,9508.481411269342,27903769.674848974,558075.3934969795,71.66222564520544,1.4332445129041087,27752449.37542598,555048.9875085196,71.27360613005351,1.42547212260107,"[1.302,1.770]",1.619,"[0.650,1.050]",0.8,0.002,0.0,703,1.407,0.12,-1.6444774774709998,35,2.615522522529,0.005,0.0,281,1.4075,0.1,0.17418352252900005,24,2.624183522529,1.4129871962150915,1.4151681730025714,0.7595800570342741,0.790984092983167,1.3501071088387828,1.3555901640567298,0.8015159930499204,0.8008431338666114
26,56,3.269,21.98,1.4386,2939.77495,58.79549901,E04001,1.384459718,0.020885953,0.0089,3.2779000000000003,1.8304,1.8393,1.0,0.0,0.0,2939.77495,58.79549901,0.38362336958835364,0.036342719777021235,0.9636572802229787,0.03771332456349208,0.014822976742127292,1.4237770232578728,4.433234524286382,1.0054525024935992,0.869837935923445,0.8764470586730008,2.9460170186730013,1.716396521399703,2.710117362205555,2.7035082394559993,0.7977452964835294,0.0011403198688720866,2578026.596088158,51560.53193053263,0.0009094038512142438,0.0009069346806245959,9965.248878805354,9911.207992511605,29295589.024427567,585911.7805882038,75.23668434555678,1.5047336871670625,29136720.980625402,582734.4197116202,74.8286807770273,1.496573615795085,"[1.302,1.770]",1.619,"[0.650,1.050]",0.8,0.002,0.0,711,1.423,0.12,-1.6444774774709998,36,2.735522522529,0.005,0.0,284,1.4225,0.1,0.17418352252900005,25,2.7241835225290005,1.4285629610891988,1.4301681730025715,0.7459042126011554,0.7884744319784,1.376178019686742,1.4088795585080252,0.7862645458963089,0.7920330867477293
26,56,3.269,21.98,1.4557,2959.762687,59.19525374,E04001,1.375110247,0.021353063,0.0089,3.2779000000000003,1.8133000000000001,1.8222,1.0,0.0,0.0,2959.762687,59.19525374,0.38362336958835364,0.036342719777021235,0.9636572802229787,0.03771332456349208,0.014822976742127292,1.4408770232578727,4.433234524286382,1.0054525024935992,0.861711718318391,0.8682987170738553,2.9873612070738553,1.7283984514786674,2.750332516410609,2.743745517655145,0.7939635881940239,0.0011440949211517786,2586990.495526682,51739.809910533644,0.0009094038512142438,0.0009069346806245959,10390.645103728995,10334.297321812219,30753843.671876322,615076.8734375265,78.98176161688457,1.5796352323376914,30587067.609463837,611741.3521892767,78.55344874173943,1.5710689748347884,"[1.302,1.770]",1.619,"[0.650,1.050]",0.8,0.002,0.0,720,1.441,0.12,-1.6444774774709998,36,2.735522522529,0.005,0.0,288,1.4425000000000001,0.1,0.17418352252900005,25,2.7241835225290005,1.4460802873298562,1.4501681730025715,0.7283214948067182,0.7851122023574867,1.376178019686742,1.4088795585080252,0.7862645458963089,0.7920330867477293
26,56,3.269,21.98,1.4727,2978.563712,59.57127424,E04001,1.376502367,0.022762649,0.0089,3.2779000000000003,1.7963000000000002,1.8052000000000001,1.0,0.0,0.0,2978.563712,59.57127424,0.38362336958835364,0.036342719777021235,0.9636572802229787,0.03771332456349208,0.014822976742127292,1.4578770232578726,4.433234524286382,1.0054525024935992,0.8536330224537175,0.8601980265951726,3.0290433165951725,1.7404146967304006,2.7903124942752826,2.7837474901338273,0.7901376190259921,0.001147349989734697,2596037.598508836,51920.751970176716,0.0009094038512142434,0.0009069346806245955,10832.32281152165,10773.57984057592,32264763.6430682,645295.2728613641,82.86209352791643,1.6572418705583287,32089793.96147418,641795.8792294835,82.41273786918039,1.6482547573836077,"[1.302,1.770]",1.619,"[0.650,1.050]",0.8,0.002,0.0,728,1.457,0.12,-1.6444774774709998,36,2.735522522529,0.005,0.0,291,1.4575,0.1,0.17418352252900005,26,2.824183522529,1.4616464401354108,1.4651681730025714,0.7103031267972285,0.7825789721678558,1.376178019686742,1.46216895295932,0.7862645458963089,0.7830862591006928
26,56,3.269,21.98,1.5237,3027.66359,60.5532718,E04001,1.354179511,0.016976787,0.0089,3.2779000000000003,1.7453,1.7542,1.0,0.0,0.0,3027.66359,60.5532718,0.38362336958835364,0.036342719777021235,0.9636572802229787,0.03771332456349208,0.014822976742127292,1.5088770232578728,4.433234524286382,1.0054525024935992,0.8293969348596967,0.8358959551591246,3.1575576451591245,1.7769517847029852,2.9102524278693034,2.9037534075698757,0.7782581939708129,0.0011543459947852826,2622838.909371509,52456.77818743017,0.0009094038512142437,0.0009069346806245957,12277.97092347709,12211.388298330137,37173565.52409027,743471.3104818052,95.46883706631672,1.909376741326334,36971975.734206215,739439.5146841243,94.95111587026406,1.8990223174052812,"[1.770,2.067]",1.921,"[0.650,1.050]",0.8,0.002,0.0,754,1.5090000000000001,0.12,-2.7135574774710003,46,2.866442522529,0.005,0.0,301,1.5075,0.1,0.17418352252900005,27,2.924183522529,1.522163001704051,1.5151681730025715,0.8314713275722901,0.7740680343310955,1.622329179669657,1.5154583474106151,0.7917582343794151,0.7740183571724225
26,56,3.269,21.98,1.5407,3042.030359,60.84060717,E04001,1.360933164,0.016830864,0.0089,3.2779000000000003,1.7283000000000002,1.7372,1.0,0.0,0.0,3042.030359,60.84060717,0.38362336958835364,0.036342719777021235,0.9636572802229787,0.03771332456349208,0.014822976742127292,1.5258770232578727,4.433234524286382,1.0054525024935992,0.8213182389950231,0.827795264680442,3.201551754680442,1.7892880580500286,2.950232405733977,2.943755380048558,0.7741631133700215,0.001155821610446656,2631920.29938291,52638.40597900635,0.0009094038512142435,0.0009069346806245956,12803.019974773086,12733.59004330947,38947175.450143136,778943.5088748327,100.02380710113387,2.0004761416938717,38735967.49080753,774719.3496888147,99.4813846035165,1.9896276917433071,"[1.770,2.067]",1.921,"[0.650,1.050]",0.8,0.002,0.0,762,1.5250000000000001,0.12,-2.7135574774710003,47,2.986442522529,0.005,0.0,305,1.5275,0.1,0.17418352252900005,27,2.924183522529,1.5377071007912306,1.5351681730025715,0.826474123933667,0.7706368703871561,1.6456549251807702,1.5154583474106151,0.7791639427146783,0.7740183571724225
26,56,3.269,21.98,1.5577,3054.950186,61.09900373,E04001,1.358450956,0.016497814,0.0089,3.2779000000000003,1.7113,1.7202,1.0,0.0,0.0,3054.950186,61.09900373,0.38362336958835364,0.036342719777021235,0.9636572802229787,0.03771332456349208,0.014822976742127292,1.5428770232578728,4.433234524286382,1.0054525024935992,0.8132395431303494,0.8196945742017593,3.2461238642017594,1.801700270356243,2.9902123835986507,2.983757352527241,0.7699997020831425,0.0011569008594753283,2640632.653160501,52812.6530718538,0.0009094038512142437,0.0009069346806245957,13351.233199190405,13278.830343629683,40787352.345196106,815747.0470374344,104.74973386361147,2.0949946776151145,40566165.22813395,811323.3046954671,104.18168297738988,2.083633659888823,"[1.770,2.067]",1.921,"[0.650,1.050]",0.8,0.002,0.0,771,1.543,0.12,-2.7135574774710003,47,2.986442522529,0.005,0.0,308,1.5425,0.1,0.17418352252900005,28,3.0241835225290004,1.5551888359355033,1.5501681730025714,0.8204208481311328,0.7680541924685986,1.6456549251807702,1.5687477418619105,0.7791639427146783,0.7648446787276707
26,56,3.269,21.98,1.5747,3067.588841,61.35177682,E04001,1.37241339,0.016658034,0.0089,3.2779000000000003,1.6943000000000001,1.7032,1.0,0.0,0.0,3067.588841,61.35177682,0.38362336958835364,0.036342719777021235,0.9636572802229787,0.03771332456349208,0.014822976742127292,1.5598770232578727,4.433234524286382,1.0054525024935992,0.8051608472656758,0.8115938837230767,3.2912739737230767,1.8141868629562603,3.030192361463324,3.023759325005923,0.7657675573360998,0.0011576019427220726,2649951.3587430925,52999.027174861854,0.0009094038512142437,0.0009069346806245957,13923.623569063011,13848.116678342694,42711952.286742285,854239.0457348457,109.69247518118142,2.1938495036236283,42480328.191350035,849606.5638270007,109.0976201353477,2.181952402706954,"[1.770,2.067]",1.921,"[0.650,1.050]",0.8,0.002,0.0,779,1.559,0.12,-2.7135574774710003,47,2.986442522529,0.005,0.0,311,1.5575,0.1,0.17418352252900005,28,3.0241835225290004,1.5707233814235977,1.5651681730025715,0.814612782887782,0.7654639071125593,1.6456549251807702,1.5687477418619105,0.7791639427146783,0.7648446787276707
26,56,3.269,21.98,1.5917,3079.209341,61.58418682,E04001,1.37372927,0.016627645,0.0089,3.2779000000000003,1.6773000000000002,1.6862000000000001,1.0,0.0,0.0,3079.209341,61.58418682,0.38362336958835364,0.036342719777021235,0.9636572802229787,0.03771332456349208,0.014822976742127292,1.5768770232578726,4.433234524286382,1.0054525024935992,0.7970821514010024,0.803493193244394,3.3370020832443936,1.8267463105873223,3.0701723393279976,3.0637612974846062,0.7614662861916839,0.0011579424753135723,2659207.5225206213,53184.150450412424,0.0009094038512142435,0.0009069346806245956,14521.249975471464,14442.502196232694,44713968.56746776,894279.3713493551,114.83403648728836,2.296680729745767,44471487.67005273,889429.7534010545,114.21129909418015,2.2842259818836026,"[1.770,2.067]",1.921,"[0.650,1.050]",0.8,0.002,0.0,788,1.577,0.12,-2.7135574774710003,48,3.106442522528999,0.005,0.0,315,1.5775000000000001,0.1,0.17418352252900005,28,3.0241835225290004,1.5881943786727817,1.5851681730025715,0.8075382006772218,0.7619989263796834,1.6687719789999784,1.5687477418619105,0.7648704423440753,0.7648446787276707
26,56,3.269,21.98,1.6087,3090.193103,61.80386206,E04001,1.368846496,0.016568544,0.0089,3.2779000000000003,1.6603,1.6692,1.0,0.0,0.0,3090.193103,61.80386206,0.38362336958835364,0.036342719777021235,0.9636572802229787,0.03771332456349208,0.014822976742127292,1.5938770232578727,4.433234524286382,1.0054525024935992,0.7890034555363287,0.7953925027657114,3.3833081927657114,1.839377120866113,3.1101523171926715,3.103763269963289,0.7570955059324209,0.0011579394956412858,2668699.9749400555,53373.99949880111,0.0009094038512142434,0.0009069346806245955,15145.219543603345,15063.088018620512,46801652.977063864,936033.0595412774,120.19560995853526,2.4039121991707053,46547850.70502304,930957.0141004608,119.54379710671657,2.390875942134331,"[1.770,2.067]",1.921,"[0.650,1.050]",0.8,0.002,0.0,796,1.593,0.12,-2.7135574774710003,48,3.106442522528999,0.005,0.0,318,1.5925,0.1,0.17418352252900005,29,3.124183522529,1.6037193881554614,1.6001681730025714,0.8007095563065126,0.7593921615492688,1.6687719789999784,1.6220371363132053,0.7648704423440753,0.7555800742412299
26,56,3.269,21.98,1.6257,3100.923459,62.01846917,E04001,1.373784312,0.016640204,0.0089,3.2779000000000003,1.6433000000000002,1.6522000000000001,1.0,0.0,0.0,3100.923459,62.01846917,0.38362336958835364,0.036342719777021235,0.9636572802229787,0.03771332456349208,0.014822976742127292,1.6108770232578726,4.433234524286382,1.0054525024935992,0.780924759671655,0.7872918122870287,3.430192302287028,1.852077833755112,3.150132295057345,3.1437652424419715,0.7526548444473161,0.0011576094750936016,2678730.1984974393,53574.6039613103,0.0009094038512142438,0.0009069346806245959,15796.690087213838,15711.025680513834,48984326.86599415,979686.537161916,125.80113460846829,2.5160226917636765,48718688.09765679,974373.7617960256,125.11892336681427,2.5023784669327966,"[1.770,2.067]",1.921,"[0.650,1.050]",0.8,0.002,0.0,805,1.611,0.12,-2.7135574774710003,48,3.106442522528999,0.005,0.0,322,1.6125,0.1,0.17418352252900005,29,3.124183522529,1.6211796672720666,1.6201681730025714,0.7923374964936846,0.7559063799133618,1.6687719789999784,1.6220371363132053,0.7648704423440753,0.7555800742412299
26,56,3.269,21.98,1.6427,3111.068805,62.2213761,E04001,1.362875676,0.01648951,0.0089,3.2779000000000003,1.6263,1.6352,1.0,0.0,0.0,3111.068805,62.2213761,0.38362336958835364,0.036342719777021235,0.9636572802229787,0.03771332456349208,0.014822976742127292,1.6278770232578728,4.433234524286382,1.0054525024935992,0.7728460638069814,0.779191121808346,3.4776544118083463,1.8648470210203159,3.190112272922019,3.183767214920654,0.7481439406222518,0.0011569683284288915,2688983.5517145786,53779.671034291576,0.0009094038512142437,0.0009069346806245957,16476.87271221219,16387.519720074575,51260684.69891908,1025213.6939783817,131.64725757225312,2.6329451514450626,50982701.39244634,1019654.0278489268,130.93334319200343,2.618666863840069,"[1.770,2.067]",1.921,"[0.650,1.050]",0.8,0.002,0.0,813,1.627,0.12,-2.7135574774710003,49,3.226442522528999,0.005,0.0,325,1.6275,0.1,0.17418352252900005,30,3.2241835225290005,1.6366951582890437,1.6351681730025713,0.7841992389144709,0.7532848838074586,1.691685844265248,1.6753265307645007,0.7485120078048729,0.7462389134172378
26,56,3.269,21.98,1.6597,3120.517984,62.41035968,E04001,1.352339586,0.016407532,0.0089,3.2779000000000003,1.6093000000000002,1.6182,1.0,0.0,0.0,3120.517984,62.41035968,0.38362336958835364,0.036342719777021235,0.9636572802229787,0.03771332456349208,0.014822976742127292,1.6448770232578727,4.433234524286382,1.0054525024935992,0.7647673679423078,0.7710904313296634,3.5256945213296635,1.8776832856820298,3.2300922507866923,3.223769187399337,0.7435624447338106,0.0011560314246948388,2699336.642015361,53986.73284030722,0.0009094038512142438,0.0009069346806245959,17187.034580243107,17093.830427213565,53632450.49927851,1072649.00998557,137.73840647232942,2.754768129446588,53341605.26356633,1066832.1052713266,136.99146019401974,2.7398292038803946,"[1.770,2.067]",1.921,"[0.650,1.050]",0.8,0.002,0.0,822,1.645,0.12,-2.7135574774710003,49,3.226442522528999,0.005,0.0,328,1.6425,0.1,0.17418352252900005,30,3.2241835225290005,1.6541447389750132,1.6501681730025715,0.7741438930024738,0.7506575995534813,1.691685844265248,1.6753265307645007,0.7485120078048729,0.7462389134172378
26,56,3.269,21.98,1.6768,3131.498983,62.62997966,E04001,1.350790795,0.016349997,0.0089,3.2779000000000003,1.5922,1.6011,1.0,0.0,0.0,3131.498983,62.62997966,0.38362336958835364,0.036342719777021235,0.9636572802229787,0.03771332456349208,0.014822976742127292,1.6619770232578728,4.433234524286382,1.0054525024935992,0.7566411503372537,0.7629420897305178,3.5746003297305182,1.8906613471826514,3.2703074049917458,3.2640064655984817,0.738882441139891,0.0011548056323859492,2711710.867334441,54234.21734668882,0.0009094038512142438,0.0009069346806245959,17932.958747162742,17835.70949665711,56157042.07892108,1123140.8415784216,144.22204124822142,2.8844408249644284,55852506.14986518,1117050.1229973035,143.43993464687762,2.868798692937552,"[1.770,2.067]",1.921,"[0.650,1.050]",0.8,0.002,0.0,830,1.661,0.12,-2.7135574774710003,49,3.226442522528999,0.005,0.0,332,1.6625,0.1,0.17418352252900005,30,3.2241835225290005,1.6696507290123321,1.6701681730025715,0.7642862993411453,0.7471460862829468,1.691685844265248,1.6753265307645007,0.7485120078048729,0.7462389134172378
26,56,3.269,21.98,1.6938,3142.005572,62.84011145,E04001,1.323995106,0.016072537,0.0089,3.2779000000000003,1.5752000000000002,1.5841,1.0,0.0,0.0,3142.005572,62.84011145,0.38362336958835364,0.036342719777021235,0.9636572802229787,0.03771332456349208,0.014822976742127292,1.6789770232578727,4.433234524286382,1.0054525024935992,0.7485624544725802,0.7548413992518352,3.623799839251835,1.9036280727210961,3.310287382856419,3.3040084380771644,0.7341583394147276,0.0011533196691150315,2724314.5644181482,54486.29129703359,0.0009094038512142437,0.0009069346806245957,18707.316221111832,18605.867681184598,58778491.80389936,1175569.8362650604,150.95442629504475,3.0190885263813345,58459739.92617673,1169194.7987095932,150.1358104143818,3.0027162087654706,"[1.770,2.067]",1.921,"[0.650,1.050]",0.8,0.002,0.0,839,1.679,0.12,-2.7135574774710003,50,3.3464425225289993,0.005,0.0,335,1.6775,0.1,0.17418352252900005,31,3.324183522529,1.687089630909341,1.6851681730025714,0.7519918786520711,0.7445064981557062,1.7144017864238839,1.7286159252157955,0.729609673908255,0.736835056887222
26,56,3.269,21.98,1.7108,3152.890882,63.05781764,E04001,1.347969264,0.016270782,0.0089,3.2779000000000003,1.5582,1.5671,1.0,0.0,0.0,3152.890882,63.05781764,0.38362336958835364,0.036342719777021235,0.9636572802229787,0.03771332456349208,0.014822976742127292,1.6959770232578728,4.433234524286382,1.0054525024935992,0.7404837586079065,0.7467407087731525,3.673577348773153,1.9166578590800063,3.3502673607210944,3.3440104105558484,0.7293626669804844,0.0011515809769578117,2737880.309840779,54757.60619681558,0.0009094038512142438,0.0009069346806245959,19515.829799641255,19409.996743993877,61531281.8299528,1230625.636599056,158.02411839398442,3.1604823678796885,61197601.75378799,1223952.0350757597,157.16716404014366,3.143343280802873,"[1.770,2.067]",1.921,"[0.650,1.050]",0.8,0.002,0.0,847,1.695,0.12,-2.7135574774710003,50,3.3464425225289993,0.005,0.0,339,1.6975,0.1,0.17418352252900005,31,3.324183522529,1.7025861373995355,1.7051681730025714,0.739814276460017,0.7409796854004946,1.7144017864238839,1.7286159252157955,0.729609673908255,0.736835056887222
26,56,3.269,21.98,1.7278,3164.333878,63.28667756,E04001,1.343094681,0.016211943,0.0089,3.2779000000000003,1.5412000000000001,1.5501,1.0,0.0,0.0,3164.333878,63.28667756,0.38362336958835364,0.036342719777021235,0.9636572802229787,0.03771332456349208,0.014822976742127292,1.7129770232578727,4.433234524286382,1.0054525024935992,0.7324050627432329,0.7386400182944699,3.7239328582944697,1.929749428888235,3.390247338585768,3.3840123830345306,0.7244951237521369,0.0011496028564358318,2752545.2466345937,55050.904932691876,0.0009094038512142435,0.0009069346806245956,20360.02255440088,20249.611497217884,64425909.1257348,1288518.182514696,165.45807577129435,3.309161515425887,64076531.676984854,1281530.6335396972,164.5608075577371,3.291216151154742,"[1.770,2.067]",1.921,"[0.650,1.050]",0.8,0.002,0.0,856,1.713,0.12,-2.7135574774710003,50,3.3464425225289993,0.005,0.0,342,1.7125000000000001,0.1,0.17418352252900005,32,3.424183522529,1.720014380089232,1.7201681730025715,0.7244499238768853,0.7383294417808322,1.7144017864238839,1.7819053196670904,0.729609673908255,0.7273818328956538
26,56,3.269,21.98,1.7448,3176.439566,63.52879133,E04001,1.350568745,0.016590903,0.0089,3.2779000000000003,1.5242000000000002,1.5331000000000001,1.0,0.0,0.0,3176.439566,63.52879133,0.38362336958835364,0.036342719777021235,0.9636572802229787,0.03771332456349208,0.014822976742127292,1.7299770232578726,4.433234524286382,1.0054525024935992,0.7243263668785593,0.7305393278157873,3.774866367815787,1.9429015332269897,3.4302273164504413,3.424014355513213,0.7195554230492958,0.0011473981224096872,2768384.8386722635,55367.69678216064,0.0009094038512142435,0.0009069346806245956,21241.49030390311,21126.299105350663,67472310.2421232,1349446.2050548787,173.28181739302966,3.465636348406115,67106412.36138625,1342128.247438988,172.34212154555036,3.4468424314535713,"[1.770,2.067]",1.921,"[0.650,1.050]",0.8,0.002,0.0,864,1.729,0.12,-2.7135574774710003,51,3.4664425225289994,0.005,0.0,345,1.7275,0.1,0.17418352252900005,32,3.424183522529,1.735501420411623,1.7351681730025714,0.709034937401118,0.7356751254832783,1.736924847361761,1.7819053196670904,0.7075237437073026,0.7273818328956538
26,56,3.269,21.98,1.7618,3189.251466,63.78502932,E04001,1.351414288,0.016931873,0.0089,3.2779000000000003,1.5072,1.5161,1.0,0.0,0.0,3189.251466,63.78502932,0.38362336958835364,0.036342719777021235,0.9636572802229787,0.03771332456349208,0.014822976742127292,1.7469770232578727,4.433234524286382,1.0054525024935992,0.7162476710138858,0.7224386373371046,3.826377877337105,1.9561129510682929,3.4702072943151143,3.464016327991896,0.7145432920050414,0.001144979116678046,2785423.2619133247,55708.465238266486,0.0009094038512142434,0.0009069346806245955,22161.905625470677,22041.723075438626,70679890.00538601,1413597.80010772,181.51949665459267,3.6303899330918528,70296597.63150866,1405931.9526301732,180.53512841671824,3.6107025683343648,"[1.770,2.067]",1.921,"[0.650,1.050]",0.8,0.002,0.0,873,1.747,0.12,-2.7135574774710003,51,3.4664425225289994,0.005,0.0,349,1.7475,0.1,0.17418352252900005,32,3.424183522529,1.7529190234158634,1.7551681730025714,0.6893007758202728,0.7321302049879227,1.736924847361761,1.7819053196670904,0.7075237437073026,0.7273818328956538
26,56,3.269,32.98,1.1174,79.23539704,1.584707941,E04001,0.700444524,0.0263771,0.0089,3.2779000000000003,2.1516,2.1605000000000003,1.0,0.0,0.0,79.23539704,1.584707941,0.5756095873077298,0.08056968413262558,0.9194303158673744,0.08763000603979167,0.03268133333731171,1.0847186666626882,4.433234524286382,1.0054525024935992,2.2667734045977053,2.282346734957638,3.530929494957638,1.8790767666483554,0.7104353183312946,0.694861987971362,0.7866966946995266,-4.962277351472488e-05,-1596754.704097464,-31935.094085979686,0.000176540572469388,0.00017606123780543315,10723.565263176226,10665.412077229867,849685.9513121203,16993.71902838712,2.1821562849758496,0.04364312570502502,845078.1605345196,16901.563212823476,2.170322595611364,0.043406451917705445,"[1.770,2.067]",1.921,"[2.000,2.500]",2.25,0.002,0.0,542,1.085,0.12,-2.7135574774710003,28,0.7064425225289996,0.005,0.0,216,1.0825,0.1,-1.275816477471,19,0.6741835225290003,1.1085917602444297,1.1040667365697319,0.7919085757781955,0.7872719304248623,1.158554013019672,1.0891431918002543,0.78403783243039,0.788855271997087
26,56,3.269,32.98,1.131,85.82215642,1.716443128,E04001,0.713102566,0.024236166,0.0089,3.2779000000000003,2.138,2.1469,1.0,0.0,0.0,85.82215642,1.716443128,0.5756095873077298,0.08056968413262558,0.9194303158673744,0.08763000603979167,0.03268133333731171,1.0983186666626883,4.433234524286382,1.0054525024935992,2.2524454076175373,2.2679797293591997,3.5471407293591994,1.8833854436517234,0.7502843409114628,0.7347500191698004,0.7848626751632376,-3.8620004290702294e-05,-2222220.271494417,-44444.40541953102,0.000176540572469388,0.00017606123780543315,10934.25520172538,10874.959458161962,938401.3602586742,18768.027200799785,2.409994449073978,0.04819988897024706,933312.4716795343,18666.249429240703,2.396925208398216,0.047938504156792724,"[1.770,2.067]",1.921,"[2.000,2.500]",2.25,0.002,0.0,549,1.099,0.12,-2.7135574774710003,28,0.7064425225289996,0.005,0.0,219,1.0975,0.1,-1.275816477471,20,0.7741835225290004,1.1222986578791918,1.1190667365697318,0.789840901044064,0.7856652871940905,1.158554013019672,1.1424325862515496,0.78403783243039,0.7831327762797663
26,56,3.269,32.98,1.1447,92.53060359,1.850612072,E04001,0.734891996,0.022154832,0.0089,3.2779000000000003,2.1243,2.1332,1.0,0.0,0.0,92.53060359,1.850612072,0.5756095873077298,0.08056968413262558,0.9194303158673744,0.08763000603979167,0.03268133333731171,1.1120186666626883,4.433234524286382,1.0054525024935992,2.238012057718398,2.2535070840137155,3.5638451740137156,1.8878149204871,0.7904263710106023,0.7749313447152848,0.7829824853442956,-2.7720210548077483e-05,-3338019.5085284947,-66760.39017778485,0.00017654057246938793,0.00017606123780543307,11152.927470469323,11092.445881639569,1031987.1106380183,20639.742214990954,2.6503405829121376,0.05300681166397132,1026390.712717519,20527.814256568872,2.6359679610315654,0.05271935922632882,"[1.770,2.067]",1.921,"[2.000,2.500]",2.25,0.002,0.0,556,1.113,0.12,-2.7135574774710003,29,0.8264425225289997,0.005,0.0,222,1.1125,0.1,-1.275816477471,20,0.7741835225290004,1.1360020305568455,1.134066736569732,0.7877061001213185,0.784043640281611,1.1869760495301955,1.1424325862515496,0.7791209383129583,0.7831327762797663
26,56,3.269,32.98,1.1583,99.2332462,1.984664924,E04001,0.746725547,0.020960717,0.0089,3.2779000000000003,2.1107,2.1196,1.0,0.0,0.0,99.2332462,1.984664924,0.5756095873077298,0.08056968413262558,0.9194303158673744,0.08763000603979167,0.03268133333731171,1.1256186666626884,4.433234524286382,1.0054525024935992,2.2236840607382304,2.239140078415278,3.5807989684152783,1.89229991502808,0.8302753935907696,0.8148193759137219,0.7810833105774212,-1.708263544528714e-05,-5809012.697006132,-116180.25394012265,0.00017654057246938793,0.00017606123780543307,11376.580381667007,11314.885937875948,1128935.001928052,22578.70003856104,2.8993213386454877,0.05798642677290976,1122812.8619981618,22456.257239963237,2.883598510576033,0.057671970211520665,"[1.770,2.067]",1.921,"[2.000,2.500]",2.25,0.002,0.0,562,1.125,0.12,-2.7135574774710003,29,0.8264425225289997,0.005,0.0,225,1.1275,0.1,-1.275816477471,20,0.7741835225290004,1.1477449750486315,1.1490667365697318,0.7858207047685889,0.7824072158189544,1.1869760495301955,1.1424325862515496,0.7791209383129583,0.7831327762797663
26,56,3.269,32.98,1.172,105.9777274,2.119554549,E04001,0.729398543,0.019626765,0.0089,3.2779000000000003,2.0970000000000004,2.1059000000000005,1.0,0.0,0.0,105.9777274,2.119554549,0.5756095873077298,0.08056968413262558,0.9194303158673744,0.08763000603979167,0.03268133333731171,1.1393186666626882,4.433234524286382,1.0054525024935992,2.2092507108390915,2.2246674330697935,3.5982514330697937,1.8969057522897108,0.8704174236899083,0.8550007014592063,0.779136956816504,-6.550850554402839e-06,-16177704.94379118,-323554.0990284755,0.0001765405724693879,0.00017606123780543307,11608.70174267975,11545.748520083525,1230263.8287536197,24605.27658668109,3.1595531760263302,0.06319106355033996,1223592.1892903654,24471.843797353056,3.1424191278955456,0.0628483825875626,"[1.770,2.067]",1.921,"[2.000,2.500]",2.25,0.002,0.0,569,1.139,0.12,-2.7135574774710003,29,0.8264425225289997,0.005,0.0,227,1.1375,0.1,-1.275816477471,21,0.874183522529,1.1614418085860336,1.1590667365697318,0.7835536108912968,0.7813081683502483,1.1869760495301955,1.1957219807028445,0.7791209383129583,0.7772253720177008
26,56,3.269,32.98,1.1856,112.6595636,2.253191273,E04001,0.70832868,0.018640228,0.0089,3.2779000000000003,2.0834,2.0923000000000003,1.0,0.0,0.0,112.6595636,2.253191273,0.5756095873077298,0.08056968413262558,0.9194303158673744,0.08763000603979167,0.03268133333731171,1.1529186666626883,4.433234524286382,1.0054525024935992,2.1949227138589236,2.2103004274713562,3.615947787471356,1.9015645630562628,0.9102664462700765,0.8948887326576438,0.7771715758835096,3.721501935777989e-06,30272606.475602504,605452.1297807588,0.00017654057246938793,0.00017606123780543307,11846.106249912364,11781.865598358067,1334577.1604743595,26691.543221333297,3.4274497936762636,0.06854899590394833,1327339.8367048725,26546.79674587932,3.4088629598871405,0.06817725922800091,"[1.770,2.067]",1.921,"[2.000,2.500]",2.25,0.002,0.0,576,1.153,0.12,-2.7135574774710003,30,0.9464425225289994,0.005,0.0,230,1.1525,0.1,-1.275816477471,21,0.874183522529,1.1751351249230808,1.174066736569732,0.7812108537093481,0.7796476186285067,1.215022967239292,1.1957219807028445,0.7739193210189708,0.7772253720177008
26,56,3.269,32.98,1.1993,119.3207632,2.386415263,E04001,0.72996516,0.018521504,0.0089,3.2779000000000003,2.0697,2.0786000000000002,1.0,0.0,0.0,119.3207632,2.386415263,0.5756095873077298,0.08056968413262558,0.9194303158673744,0.08763000603979167,0.03268133333731171,1.1666186666626883,4.433234524286382,1.0054525024935992,2.1804893639597838,2.1958277821258716,3.6341482721258718,1.9063442165899294,0.9504084763692164,0.9350700582031286,0.7751580008421668,1.3885704774016155e-05,8593064.964428803,171861.29921655956,0.00017654057246938796,0.00017606123780543312,12092.497227855443,12026.92041430612,1442885.9982215958,28857.71995233942,3.705607636163343,0.07411215269221101,1435061.3227806664,28701.226443586405,3.6855123707715207,0.07371024738454297,"[1.770,2.067]",1.921,"[2.000,2.500]",2.25,0.002,0.0,583,1.167,0.12,-2.7135574774710003,30,0.9464425225289994,0.005,0.0,233,1.1675,0.1,-1.275816477471,22,0.9741835225290001,1.1888249267679427,1.1890667365697318,0.7787890884372851,0.7779728969037271,1.215022967239292,1.2490113751541396,0.7739193210189708,0.7711432568815622
26,56,3.269,32.98,1.2129,125.832664,2.516653279,E04001,0.733513836,0.018278243,0.0089,3.2779000000000003,2.0561,2.065,1.0,0.0,0.0,125.832664,2.516653279,0.5756095873077298,0.08056968413262558,0.9194303158673744,0.08763000603979167,0.03268133333731171,1.1802186666626884,4.433234524286382,1.0054525024935992,2.166161366979616,2.181460776527434,3.652587186527434,1.9111742951723252,0.9902574989493846,0.9749580894015666,0.7731253657053325,2.379369927567856e-05,5288486.777195827,105769.7355018886,0.00017654057246938796,0.00017606123780543312,12344.494670155884,12277.551291125728,1553340.650079516,31066.812989245827,3.9892763403291265,0.0797855267748795,1544916.98635899,30898.339714902246,3.967642758295808,0.07935285513438504,"[1.770,2.067]",1.921,"[2.000,2.500]",2.25,0.002,0.0,590,1.181,0.12,-2.7135574774710003,30,0.9464425225289994,0.005,0.0,236,1.1825,0.1,-1.275816477471,22,0.9741835225290001,1.2025112168252718,1.204066736569732,0.7762847621492988,0.7762842310132966,1.215022967239292,1.2490113751541396,0.7739193210189708,0.7711432568815622
26,56,3.269,32.98,1.2266,132.2639629,2.645279259,E04001,0.743210757,0.017918713,0.0089,3.2779000000000003,2.0424,2.0513000000000003,1.0,0.0,0.0,132.2639629,2.645279259,0.5756095873077298,0.08056968413262558,0.9194303158673744,0.08763000603979167,0.03268133333731171,1.1939186666626882,4.433234524286382,1.0054525024935992,2.151728017080477,2.1669881311819497,3.6715356911819494,1.9161251762820584,1.0303995290485228,1.01513941494705,0.7710435155109063,3.359162352731939e-05,3937409.062483461,78748.18127943855,0.00017654057246938793,0.00017606123780543307,12606.030726206443,12537.669054423279,1667323.580287229,33346.47161835061,4.282006339158255,0.08564012681553981,1658281.7946667185,33165.63590587204,4.258785301681136,0.08517570606582185,"[1.770,2.067]",1.921,"[2.000,2.500]",2.25,0.002,0.0,596,1.193,0.12,-2.7135574774710003,31,1.0664425225289995,0.005,0.0,238,1.1925000000000001,0.1,-1.275816477471,22,0.9741835225290001,1.2142395295401585,1.214066736569732,0.7740696280895207,0.7751508196489485,1.2427092380131848,1.2490113751541396,0.7684106935123809,0.7711432568815622
26,56,3.269,32.98,1.2402,138.4884459,2.769768918,E04001,0.722081899,0.017257757,0.0089,3.2779000000000003,2.0288000000000004,2.0377000000000005,1.0,0.0,0.0,138.4884459,2.769768918,0.5756095873077298,0.08056968413262558,0.9194303158673744,0.08763000603979167,0.03268133333731171,1.2075186666626883,4.433234524286382,1.0054525024935992,2.137400020100309,2.1526211255835124,3.6907171655835125,1.9211239329058165,1.070248551628691,1.0550274461454876,0.7689425821275485,4.313697142231467e-05,3210435.0707467655,64208.70141493531,0.00017654057246938802,0.00017606123780543318,12873.518868543193,12803.706626236328,1782833.6213688732,35656.67242737747,4.5786582512381075,0.09157316502476216,1773165.432427001,35463.30864854003,4.553828490040737,0.09107656980081476,"[1.770,2.067]",1.921,"[2.000,2.500]",2.25,0.002,0.0,603,1.207,0.12,-2.7135574774710003,31,1.0664425225289995,0.005,0.0,241,1.2075,0.1,-1.275816477471,23,1.0741835225290002,1.2279193048702126,1.2290667365697319,0.7714017696256068,0.773439420600456,1.2427092380131848,1.3023007696054347,0.7684106935123809,0.7648966735451493
26,56,3.269,32.98,1.2539,144.5751584,2.891503169,E04001,0.788517206,0.017914558,0.0089,3.2779000000000003,2.0151000000000003,2.0240000000000005,1.0,0.0,0.0,144.5751584,2.891503169,0.5756095873077298,0.08056968413262558,0.9194303158673744,0.08763000603979167,0.03268133333731171,1.2212186666626883,4.433234524286382,1.0054525024935992,2.1229666702011696,2.1381484802380277,3.7104136902380276,1.9262434140673985,1.1103905817278306,1.0952087716909724,0.766791407502453,5.25707492583752e-05,2750106.4839201868,55002.12969742573,0.00017654057246938793,0.00017606123780543307,13151.13428350132,13079.816551140408,1901327.3221768737,38026.54645668861,4.882972773031635,0.09765945549440733,1891016.549724066,37820.33100756114,4.856492734287785,0.09712985471934717,"[1.770,2.067]",1.921,"[2.000,2.500]",2.25,0.002,0.0,610,1.221,0.12,-2.7135574774710003,31,1.0664425225289995,0.005,0.0,244,1.2225,0.1,-1.275816477471,23,1.0741835225290002,1.2415955761212984,1.2440667365697318,0.7686399003861154,0.7717146862920709,1.2427092380131848,1.3023007696054347,0.7684106935123809,0.7648966735451493
26,56,3.269,32.98,1.2675,150.4082428,3.008164857,E04001,0.74464004,0.016953858,0.0089,3.2779000000000003,2.0015,2.0104,1.0,0.0,0.0,150.4082428,3.008164857,0.5756095873077298,0.08056968413262558,0.9194303158673744,0.08763000603979167,0.03268133333731171,1.2348186666626884,4.433234524286382,1.0054525024935992,2.1086386732210016,2.12378147463959,3.73033772463959,1.931408223198708,1.1502396043079988,1.1350968028894104,0.7646211369698954,6.175595996404151e-05,2435525.945796614,48710.518932125044,0.00017654057246938796,0.00017606123780543312,13435.071322600135,13362.213818435112,2020745.4695249584,40414.90940393424,5.189661450622905,0.10379322904696195,2009787.1003487036,40195.742020336285,5.161518259442537,0.10323036522316748,"[1.770,2.067]",1.921,"[2.000,2.500]",2.25,0.002,0.0,617,1.235,0.12,-2.7135574774710003,32,1.1864425225289996,0.005,0.0,246,1.2325,0.1,-1.275816477471,24,1.1741835225290003,1.255268345984753,1.2540667365697318,0.7657794976701102,0.7705575678558099,1.2700484264524534,1.3555901640567298,0.7625701608324933,0.7584958735835113
26,56,3.269,32.98,1.2812,156.0519069,3.121038138,E04001,0.768974903,0.01704561,0.0089,3.2779000000000003,1.9878000000000002,1.9967000000000001,1.0,0.0,0.0,156.0519069,3.121038138,0.5756095873077298,0.08056968413262558,0.9194303158673744,0.08763000603979167,0.03268133333731171,1.2485186666626882,4.433234524286382,1.0054525024935992,2.0942053233218623,2.1093088292941053,3.7507822692941053,1.936693643634456,1.1903816344071378,1.1752781284348948,0.7623995944092262,7.082850220408708e-05,2203236.014370994,44064.720287419885,0.000176540572469388,0.00017606123780543315,13729.763391338149,13655.307791553838,2142555.758504129,42851.11517008258,5.502493606150661,0.1100498721230132,2130936.820178404,42618.73640356808,5.472653946858808,0.10945307893717615,"[1.770,2.067]",1.921,"[2.000,2.500]",2.25,0.002,0.0,624,1.249,0.12,-2.7135574774710003,32,1.1864425225289996,0.005,0.0,249,1.2475,0.1,-1.275816477471,24,1.1741835225290003,1.2689376171484525,1.269066736569732,0.7628157354221604,0.7688111162825162,1.2700484264524534,1.3555901640567298,0.7625701608324933,0.7584958735835113
26,56,3.269,32.98,1.2948,161.4067821,3.228135642,E04001,0.799222922,0.017285519,0.0089,3.2779000000000003,1.9742000000000002,1.9831,1.0,0.0,0.0,161.4067821,3.228135642,0.5756095873077298,0.08056968413262558,0.9194303158673744,0.08763000603979167,0.03268133333731171,1.2621186666626882,4.433234524286382,1.0054525024935992,2.0798773263416943,2.094941823695668,3.7714488636956682,1.9420218494382777,1.2302306569873056,1.2151661596333319,0.7601589541579516,7.965683265174546e-05,2026276.6761724013,40525.53352344802,0.000176540572469388,0.00017606123780543315,14031.172284835597,13955.082164535088,2264726.367586018,45294.52735172036,5.816251132723489,0.11632502265446978,2252444.906118711,45048.89812237422,5.78470998709411,0.11569419974188222,"[1.770,2.067]",1.921,"[2.000,2.500]",2.25,0.002,0.0,631,1.2630000000000001,0.12,-2.7135574774710003,32,1.1864425225289996,0.005,0.0,252,1.2625,0.1,-1.275816477471,24,1.1741835225290003,1.2826033922968705,1.2840667365697318,0.7597434585536409,0.767051939339428,1.2700484264524534,1.3555901640567298,0.7625701608324933,0.7584958735835113
26,56,3.269,32.98,1.3085,166.531313,3.330626259,E04001,0.828672984,0.017474191,0.0089,3.2779000000000003,1.9605000000000001,1.9694,1.0,0.0,0.0,166.531313,3.330626259,0.5756095873077298,0.08056968413262558,0.9194303158673744,0.08763000603979167,0.03268133333731171,1.2758186666626883,4.433234524286382,1.0054525024935992,2.065443976442555,2.0804691783501834,3.7926414283501835,1.947470520534312,1.2703726870864451,1.2553474851788167,0.7578660071558107,8.837177717066066e-05,1884440.013901726,37688.800266718696,0.00017654057246938796,0.00017606123780543312,14344.005851601427,14266.219255536382,2388726.128146869,47774.52254859337,6.134706270678294,0.12269412537672772,2375772.2241703565,47515.44446914091,6.1014381638752235,0.12202876324086609,"[1.770,2.067]",1.921,"[2.000,2.500]",2.25,0.002,0.0,637,1.2750000000000001,0.12,-2.7135574774710003,33,1.3064425225289993,0.005,0.0,255,1.2775,0.1,-1.275816477471,25,1.2741835225290004,1.2943141333422261,1.299066736569732,0.7570195413768681,0.7652802657462129,1.2970532675790754,1.408879558508025,0.7563698499732512,0.7519510830155697
26,56,3.269,32.98,1.3221,171.3228347,3.426456694,E04001,0.811333762,0.016985477,0.0089,3.2779000000000003,1.9469,1.9558,1.0,0.0,0.0,171.3228347,3.426456694,0.5756095873077298,0.08056968413262558,0.9194303158673744,0.08763000603979167,0.03268133333731171,1.2894186666626883,4.433234524286382,1.0054525024935992,2.0511159794623874,2.066102172751746,3.8140505827517464,1.9529594421676417,1.3102217096666129,1.2952355163772542,0.7555539721911267,9.684718002519846e-05,1769001.7887503165,35380.035775006334,0.00017654057246938793,0.00017606123780543307,14663.979001416415,14584.45721209965,2512274.4505039356,50245.489010078716,6.452002028850316,0.12904004057700635,2498650.552137771,49973.011042755425,6.417013248113518,0.12834026496227036,"[1.770,2.067]",1.921,"[2.000,2.500]",2.25,0.002,0.0,644,1.289,0.12,-2.7135574774710003,33,1.3064425225289993,0.005,0.0,257,1.2875,0.1,-1.275816477471,25,1.2741835225290004,1.3079734230011368,1.309066736569732,0.7537308187467642,0.7640923203433644,1.2970532675790754,1.408879558508025,0.7563698499732512,0.7519510830155697
26,56,3.269,32.98,1.3358,175.8297809,3.516595618,E04001,0.847410486,0.017232576,0.0089,3.2779000000000003,1.9332,1.9421,1.0,0.0,0.0,175.8297809,3.516595618,0.5756095873077298,0.08056968413262558,0.9194303158673744,0.08763000603979167,0.03268133333731171,1.3031186666626884,4.433234524286382,1.0054525024935992,2.0366826295632476,2.051629527406261,3.8359911674062612,1.9585686527171473,1.3503637397657529,1.3354168419227395,0.7531885925159432,0.00010520883915277456,1671245.3280154173,33424.90656030835,0.000176540572469388,0.00017606123780543315,14996.091368805253,14914.768556061872,2636759.459733409,52735.18919466818,6.77170337833819,0.1354340675667638,2622460.4873865684,52449.20974773137,6.7349808783048895,0.1346996175660978,"[1.770,2.067]",1.921,"[2.000,2.500]",2.25,0.002,0.0,651,1.303,0.12,-2.7135574774710003,33,1.3064425225289993,0.005,0.0,260,1.3025,0.1,-1.275816477471,26,1.3741835225290004,1.3216292242957408,1.3240667365697318,0.7503167742031089,0.7623003269960579,1.2970532675790754,1.46216895295932,0.7563698499732512,0.7452724696389631
26,56,3.269,32.98,1.3494,179.9473975,3.598947951,E04001,0.855805653,0.017282828,0.0089,3.2779000000000003,1.9196000000000002,1.9285,1.0,0.0,0.0,179.9473975,3.598947951,0.5756095873077298,0.08056968413262558,0.9194303158673744,0.08763000603979167,0.03268133333731171,1.3167186666626882,4.433234524286382,1.0054525024935992,2.02235463258308,2.037262521807824,3.858142881807824,1.964215589442214,1.3902127623459197,1.3753048731211757,0.7508041467083828,0.00011333591028334985,1587735.052818789,31754.701065199108,0.000176540572469388,0.00017606123780543315,15335.79569309741,15252.630686246703,2759636.523564588,55192.73048662755,7.087275216032478,0.14174550436003483,2744671.1970187332,54893.423955627295,7.048841390772306,0.14097682785461782,"[1.770,2.067]",1.921,"[2.000,2.500]",2.25,0.002,0.0,658,1.317,0.12,-2.7135574774710003,34,1.4264425225289994,0.005,0.0,263,1.3175000000000001,0.1,-1.275816477471,26,1.3741835225290004,1.335281539897288,1.339066736569732,0.7467706898760217,0.7604964463184306,1.3237357361743323,1.46216895295932,0.7497784722194497,0.7452724696389631
26,56,3.269,32.98,1.3631,183.7106473,3.674212945,E04001,0.903594879,0.01779973,0.0089,3.2779000000000003,1.9059000000000001,1.9148,1.0,0.0,0.0,183.7106473,3.674212945,0.5756095873077298,0.08056968413262558,0.9194303158673744,0.08763000603979167,0.03268133333731171,1.3304186666626883,4.433234524286382,1.0054525024935992,2.0079212826839408,2.022789876462339,3.880831486462339,1.9699826107004952,1.4303547924450593,1.415486198666661,0.7483653157273965,0.00012134921769357806,1513900.5491068955,30278.010973897228,0.00017654057246938793,0.00017606123780543307,15688.401941234524,15603.324773995873,2882126.475726771,57642.52949884701,7.401852876807422,0.1480370574958576,2866496.894262908,57329.93786965484,7.36171311767613,0.14723426231345027,"[1.770,2.067]",1.921,"[2.000,2.500]",2.25,0.002,0.0,665,1.331,0.12,-2.7135574774710003,34,1.4264425225289994,0.005,0.0,266,1.3325,0.1,-1.275816477471,26,1.3741835225290004,1.3489303724736246,1.3540667365697319,0.7430853497065203,0.7586809064116392,1.3237357361743323,1.46216895295932,0.7497784722194497,0.7452724696389631
26,56,3.269,32.98,1.3767,187.0031381,3.740062762,E04001,0.919770661,0.018502363,0.0089,3.2779000000000003,1.8923,1.9012,1.0,0.0,0.0,187.0031381,3.740062762,0.5756095873077298,0.08056968413262558,0.9194303158673744,0.08763000603979167,0.03268133333731171,1.3440186666626883,4.433234524286382,1.0054525024935992,1.993593285703773,2.008422870863902,3.903725760863902,1.9757848468049102,1.4702038150252272,1.4553742298650985,0.7459074531519571,0.00012913314337100658,1448142.0742832052,28962.841485664103,0.00017654057246938796,0.00017606123780543312,16049.08437325356,15962.051249015345,3001229.1414300874,60024.58282860175,7.707731337102687,0.15415462674205374,2984953.6740788943,59699.07348157788,7.665932819289746,0.1533186563857949,"[1.770,2.067]",1.921,"[2.000,2.500]",2.25,0.002,0.0,672,1.345,0.12,-2.7135574774710003,34,1.4264425225289994,0.005,0.0,268,1.3425,0.1,-1.275816477471,27,1.474183522529,1.3625757246891936,1.3640667365697319,0.7392529925934961,0.7574641816304484,1.3237357361743323,1.5154583474106151,0.7497784722194497,0.7384701122790037
26,56,3.269,32.98,1.3904,189.8049394,3.796098788,E04001,0.943073455,0.019177583,0.0089,3.2779000000000003,1.8786,1.8875,1.0,0.0,0.0,189.8049394,3.796098788,0.5756095873077298,0.08056968413262558,0.9194303158673744,0.08763000603979167,0.03268133333731171,1.3577186666626884,4.433234524286382,1.0054525024935992,1.9791599358046335,1.9939502255184172,3.9271623855184172,1.9817069373442726,1.510345845124367,1.4955555554105833,0.743394163204903,0.00013680360092149186,1387426.48674083,27748.5297348166,0.00017654057246938796,0.00017606123780543312,16423.48312994762,16334.419665987329,3117258.2202166305,62345.16440433261,8.005716237433239,0.1601143247486648,3100353.534836893,62007.070696737865,7.962301767192831,0.15924603534385662,"[1.770,2.067]",1.921,"[1.500,2.000]",1.75,0.002,0.0,678,1.357,0.12,-2.7135574774710003,35,1.5464425225289995,0.005,0.0,271,1.3575,0.1,-0.7758164774709999,22,1.474183522529,1.3742689728081245,1.3742741284431246,0.735844783138684,0.7329209844427381,1.3501071088387828,1.2490113751541396,0.7427608034994331,0.7510356367385683
26,56,3.269,32.98,1.404,192.0418171,3.840836341,E04001,0.963331856,0.020516365,0.0089,3.2779000000000003,1.8650000000000002,1.8739000000000001,1.0,0.0,0.0,192.0418171,3.840836341,0.5756095873077298,0.08056968413262558,0.9194303158673744,0.08763000603979167,0.03268133333731171,1.3713186666626882,4.433234524286382,1.0054525024935992,1.9648319388244657,1.9795832199199799,3.95079921991998,1.9876617468573419,1.550194867704534,1.53544358660902,0.740861889529102,0.0001442501051801928,1331311.4528416272,26626.22904990014,0.00017654057246938802,0.00017606123780543318,16806.476586532022,16715.336174359974,3227546.302726215,64550.92603771782,8.288957159605225,0.16577914314894224,3210043.532361452,64200.8706305137,8.244006692556809,0.16488013380820798,"[1.770,2.067]",1.921,"[1.500,2.000]",1.75,0.002,0.0,685,1.371,0.12,-2.7135574774710003,35,1.5464425225289995,0.005,0.0,274,1.3725,0.1,-0.7758164774709999,23,1.5741835225290002,1.387907868553917,1.3892741284431247,0.7317167239518662,0.7306976848529629,1.3501071088387828,1.3023007696054347,0.7427608034994331,0.7434332198958401
26,56,3.269,32.98,1.4177,193.6205615,3.872411231,E04001,1.017453923,0.01931613,0.0089,3.2779000000000003,1.8513000000000002,1.8602,1.0,0.0,0.0,193.6205615,3.872411231,0.5756095873077298,0.08056968413262558,0.9194303158673744,0.08763000603979167,0.03268133333731171,1.3850186666626882,4.433234524286382,1.0054525024935992,1.9503985889253264,1.9651105745744952,3.974983864574495,1.9937361572120056,1.5903368978036736,1.5756249121545047,0.7382731453510093,0.00015158373012291813,1277317.5679407977,25546.351365412967,0.00017654057246938796,0.00017606123780543312,17204.056293935326,17110.759833277007,3331059.039709367,66621.1808113914,8.554797696610716,0.17109595397639768,3312994.9266107404,66259.89854932558,8.508405593893459,0.17016811192181291,"[1.770,2.067]",1.921,"[1.500,2.000]",1.75,0.002,0.0,692,1.385,0.12,-2.7135574774710003,35,1.5464425225289995,0.005,0.0,277,1.3875,0.1,-0.7758164774709999,23,1.5741835225290002,1.4015432915329598,1.4042741284431246,0.7274159778349962,0.7284639171788813,1.3501071088387828,1.3023007696054347,0.7427608034994331,0.7434332198958401
26,56,3.269,32.98,1.4313,194.4521674,3.889043348,E04001,1.054243842,0.019593507,0.0089,3.2779000000000003,1.8377000000000001,1.8466,1.0,0.0,0.0,194.4521674,3.889043348,0.5756095873077298,0.08056968413262558,0.9194303158673744,0.08763000603979167,0.03268133333731171,1.3986186666626883,4.433234524286382,1.0054525024935992,1.9360705919451586,1.9507435689760577,3.999363258976058,1.9998408084085237,1.6301859203838416,1.6155129433529425,0.7356654792715958,0.0001586990226854116,1225289.0037354655,24505.78007470931,0.00017654057246938796,0.00017606123780543312,17610.786161469485,17515.284031611027,3424455.538715668,68489.11077431335,8.794657796670762,0.17589315593341523,3405884.9425733746,68117.69885146749,8.746964948477762,0.17493929896955526,"[1.770,2.067]",1.921,"[1.500,2.000]",1.75,0.002,0.0,699,1.399,0.12,-2.7135574774710003,36,1.6664425225289996,0.005,0.0,279,1.3975,0.1,-0.7758164774709999,23,1.5741835225290002,1.4151752443966217,1.4142741284431246,0.722932133608027,0.7269690787739699,1.376178019686742,1.3023007696054347,0.7352770646113725,0.7434332198958401
26,56,3.269,32.98,1.445,187.0169935,3.740339869,E04001,1.133586826,0.025024464,0.0089,3.2779000000000003,1.824,1.8329,1.0,0.0,0.0,187.0169935,3.740339869,0.5756095873077298,0.08056968413262558,0.9194303158673744,0.08763000603979167,0.03268133333731171,1.4123186666626883,4.433234524286382,1.0054525024935992,1.921637242046019,1.9362709236305733,4.024295923630573,2.0060647855018474,1.6703279504829813,1.655694268898427,0.7330002994644624,0.00016570229562911116,1128632.4838769718,22572.649671504514,0.00017654057246938796,0.00017606123780543312,18033.03189020252,17935.239949653733,3372483.407795298,67449.66813787293,8.661183408920396,0.17322366813209564,3354194.653085333,67083.89304377142,8.614214383513888,0.17228428762421663,"[1.770,2.067]",1.921,"[1.500,2.000]",1.75,0.002,0.0,706,1.413,0.12,-2.7135574774710003,36,1.6664425225289996,0.005,0.0,282,1.4125,0.1,-0.7758164774709999,24,1.6741835225290003,1.428803729792925,1.4292741284431247,0.718253915594287,0.7247185634463881,1.376178019686742,1.3555901640567298,0.7352770646113725,0.7356752014159382
26,56,3.269,32.98,1.4586,193.2989555,3.865979111,E04001,1.127786746,0.023642135,0.0089,3.2779000000000003,1.8104000000000002,1.8193000000000001,1.0,0.0,0.0,193.2989555,3.865979111,0.5756095873077298,0.08056968413262558,0.9194303158673744,0.08763000603979167,0.03268133333731171,1.4259186666626882,4.433234524286382,1.0054525024935992,1.9073092450658515,1.921903918032136,4.049417878032136,2.0123165451867,1.7101769730631482,1.6955823000968637,0.7303162741924787,0.0001724930207498192,1120618.9946685284,22412.379899167903,0.00017654057246938796,0.00017606123780543312,18465.02308157788,18364.888481338712,3569269.6749523957,71385.39351751294,9.166568238469091,0.18333136481680357,3549913.7613167544,70998.27524469998,9.1168585445213,0.18233717093759055,"[1.770,2.067]",1.921,"[1.500,2.000]",1.75,0.002,0.0,712,1.425,0.12,-2.7135574774710003,36,1.6664425225289996,0.005,0.0,285,1.4275,0.1,-0.7758164774709999,24,1.6741835225290003,1.4404825308878486,1.4442741284431246,0.714080064999671,0.7224584159454686,1.376178019686742,1.3555901640567298,0.7352770646113725,0.7356752014159382
26,56,3.269,32.98,1.4723,199.9030145,3.99806029,E04001,1.125545808,0.023211256,0.0089,3.2779000000000003,1.7967000000000002,1.8056,1.0,0.0,0.0,199.9030145,3.99806029,0.5756095873077298,0.08056968413262558,0.9194303158673744,0.08763000603979167,0.03268133333731171,1.4396186666626882,4.433234524286382,1.0054525024935992,1.892875895166712,1.9074312726866514,4.075098562686652,2.01868733653497,1.750319003162288,1.7357636256423485,0.7275736927454434,0.0001791728347123432,1115699.3459468256,22313.986918936513,0.00017654057246938793,0.00017606123780543307,18913.52394943912,18810.957158624733,3780870.452310826,75617.40904621652,9.70999956801553,0.19419999136031058,3760367.041639439,75207.34083278877,9.657342881870587,0.19314685763741174,"[1.770,2.067]",1.921,"[1.500,2.000]",1.75,0.002,0.0,719,1.439,0.12,-2.7135574774710003,37,1.7864425225289997,0.005,0.0,287,1.4375,0.1,-0.7758164774709999,25,1.7741835225290004,1.454104583715747,1.4542741284431246,0.7090076161486094,0.7209464528609844,1.401958510455536,1.408879558508025,0.7272821783861267,0.7277760347206319
26,56,3.269,32.98,1.486,206.7245046,4.134490092,E04001,1.189989549,0.023944912,0.0089,3.2779000000000003,1.7830000000000001,1.7919,1.0,0.0,0.0,206.7245046,4.134490092,0.5756095873077298,0.08056968413262558,0.9194303158673744,0.08763000603979167,0.03268133333731171,1.4533186666626883,4.433234524286382,1.0054525024935992,1.8784425452675724,1.8929586273411665,4.101154627341167,2.025130767960718,1.7904610332614277,1.7759449511878336,0.7247919099579149,0.0001856930402104429,1113259.3034489742,22265.18606897948,0.000176540572469388,0.00017606123780543315,19375.83420837369,19270.76033956864,4005459.727937784,80109.19455875568,10.286787849133658,0.20573575698267316,3983738.384462654,79674.76768925309,10.231003278246993,0.20462006556493986,"[1.770,2.067]",1.921,"[1.500,2.000]",1.75,0.002,0.0,726,1.453,0.12,-2.7135574774710003,37,1.7864425225289997,0.005,0.0,290,1.4525000000000001,0.1,-0.7758164774709999,25,1.7741835225290004,1.467723176623501,1.4692741284431248,0.7037029478200343,0.718670939406585,1.401958510455536,1.408879558508025,0.7272821783861267,0.7277760347206319
26,56,3.269,32.98,1.4996,213.7178087,4.274356173,E04001,1.169766813,0.023301755,0.0089,3.2779000000000003,1.7694,1.7783,1.0,0.0,0.0,213.7178087,4.274356173,0.5756095873077298,0.08056968413262558,0.9194303158673744,0.08763000603979167,0.03268133333731171,1.4669186666626883,4.433234524286382,1.0054525024935992,1.8641145482874044,1.8785916217427292,4.1273917817427295,2.0315983317926625,1.830310055841596,1.815832982386271,0.7219914253966373,0.00019200963210276465,1113057.747986398,22261.154954519887,0.00017654057246938802,0.00017606123780543318,19848.86585149561,19741.226763341783,4242056.114961902,84841.12227938916,10.894412692347764,0.2178882537959796,4219051.7249112,84381.03447848276,10.83533301208042,0.21670666019090912,"[1.770,2.067]",1.921,"[1.500,2.000]",1.75,0.002,0.0,733,1.467,0.12,-2.7135574774710003,37,1.7864425225289997,0.005,0.0,293,1.4675,0.1,-0.7758164774709999,25,1.7741835225290004,1.4813383122461588,1.4842741284431247,0.6981504799647796,0.7163866156006888,1.401958510455536,1.408879558508025,0.7272821783861267,0.7277760347206319
26,56,3.269,32.98,1.5133,220.9936427,4.419872854,E04001,1.199129517,0.023484838,0.0089,3.2779000000000003,1.7557,1.7646,1.0,0.0,0.0,220.9936427,4.419872854,0.5756095873077298,0.08056968413262558,0.9194303158673744,0.08763000603979167,0.03268133333731171,1.4806186666626884,4.433234524286382,1.0054525024935992,1.849681198388265,1.8641189763972443,4.154195866397245,2.0381844534774682,1.8704520859407354,1.8560143079317561,0.7191308225427221,0.00019821739731082933,1114905.3801440785,22298.10760288157,0.00017654057246938796,0.00017606123780543312,20340.031243275775,20229.72859765224,4495017.597083324,89900.35194166648,11.544066234595514,0.23088132469191028,4470641.413627531,89412.82827255063,11.481463526089343,0.22962927052178683,"[1.770,2.067]",1.921,"[1.500,2.000]",1.75,0.002,0.0,740,1.481,0.12,-2.7135574774710003,38,1.9064425225289998,0.005,0.0,296,1.4825,0.1,-0.7758164774709999,26,1.8741835225290004,1.4949499932154424,1.4992741284431246,0.6923331952043918,0.7140937857286411,1.4274580756992221,1.46216895295932,0.7187248745919028,0.7197499178574265
26,56,3.269,32.98,1.5269,228.4414321,4.568828641,E04001,1.212564628,0.023375795,0.0089,3.2779000000000003,1.7421000000000002,1.7510000000000001,1.0,0.0,0.0,228.4414321,4.568828641,0.5756095873077298,0.08056968413262558,0.9194303158673744,0.08763000603979167,0.03268133333731171,1.4942186666626882,4.433234524286382,1.0054525024935992,1.8353532014080975,1.8497519707988073,4.181175580798807,2.0447923074969756,1.9103011085209023,1.8959023391301926,0.7162516338188021,0.0002042276236543719,1118562.8467508722,22371.256930120944,0.000176540572469388,0.00017606123780543315,20842.627540332694,20729.59934819535,4761319.684040501,95226.39365996739,12.227981005527539,0.24455962005702292,4735499.361960972,94709.98721848983,12.161669472402934,0.2432333893948211,"[1.770,2.067]",1.921,"[1.500,2.000]",1.75,0.002,0.0,747,1.495,0.12,-2.7135574774710003,38,1.9064425225289998,0.005,0.0,298,1.4925,0.1,-0.7758164774709999,26,1.8741835225290004,1.5085582221597207,1.5092741284431246,0.6862324694103938,0.7125606561467486,1.4274580756992221,1.46216895295932,0.7187248745919028,0.7197499178574265
26,56,3.269,32.98,1.5406,236.1609862,4.723219725,E04001,1.185631905,0.02278107,0.0089,3.2779000000000003,1.7284000000000002,1.7373,1.0,0.0,0.0,236.1609862,4.723219725,0.5756095873077298,0.08056968413262558,0.9194303158673744,0.08763000603979167,0.03268133333731171,1.5079186666626883,4.433234524286382,1.0054525024935992,1.8209198515089582,1.8352793254533226,4.208727685453322,2.0515183853559105,1.9504431386200418,1.9360836646756774,0.7133112903561468,0.00021013065992463859,1123876.8596867155,22477.537198493257,0.00017654057246938793,0.00017606123780543307,21364.53456503016,21248.676105578812,5045469.5525815105,100909.39107299475,12.957732298407343,0.2591546460230151,5018108.304537867,100362.16611200603,12.887463372234068,0.2577492674992521,"[1.770,2.067]",1.921,"[1.500,2.000]",1.75,0.002,0.0,753,1.5070000000000001,0.12,-2.7135574774710003,38,1.9064425225289998,0.005,0.0,301,1.5075,0.1,-0.7758164774709999,27,1.974183522529,1.5202196728574933,1.5242741284431247,0.6807622508296797,0.7102543196129694,1.4274580756992221,1.5154583474106151,0.7187248745919028,0.7116107494370042
26,56,3.269,32.98,1.5542,244.0271734,4.880543467,E04001,1.192490148,0.022620432,0.0089,3.2779000000000003,1.7148,1.7237,1.0,0.0,0.0,244.0271734,4.880543467,0.5756095873077298,0.08056968413262558,0.9194303158673744,0.08763000603979167,0.03268133333731171,1.5215186666626883,4.433234524286382,1.0054525024935992,1.8065918545287902,1.820912319854885,4.236449959854886,2.058263821732988,1.99029216120021,1.9759716958741151,0.7103524938991406,0.00021584230360753681,1130580.8422231786,22611.61683983056,0.00017654057246938796,0.00017606123780543312,21898.63433577724,21779.879488555598,5343861.838279907,106877.23674369948,13.724060846760471,0.2744812168789695,5314882.428584861,106297.64854991733,13.649636171498653,0.2729927233740381,"[1.770,2.067]",1.921,"[1.500,2.000]",1.75,0.002,0.0,760,1.5210000000000001,0.12,-2.7135574774710003,39,2.026442522529,0.005,0.0,304,1.5225,0.1,-0.7758164774709999,27,1.974183522529,1.533821497860103,1.5392741284431246,0.6740794190489541,0.707940277391405,1.4526857036435823,1.5154583474106151,0.7095466051484598,0.7116107494370042
26,56,3.269,32.98,1.5679,252.1689842,5.043379684,E04001,1.221403183,0.022762514,0.0089,3.2779000000000003,1.7011,1.71,1.0,0.0,0.0,252.1689842,5.043379684,0.5756095873077298,0.08056968413262558,0.9194303158673744,0.08763000603979167,0.03268133333731171,1.5352186666626884,4.433234524286382,1.0054525024935992,1.7921585046296507,1.8064396745094005,4.264750084509401,2.0651271351927467,2.0304341912993498,2.0161530214196,0.7073315103687069,0.00022144856879552211,1138724.8315560082,22774.49663112016,0.00017654057246938796,0.00017606123780543312,22453.305288056916,22331.542496906615,5662027.186421801,113240.54372843601,14.541170407107114,0.2908234081421422,5631322.387064073,112626.44774128144,14.46231460068367,0.2892462920136733,"[1.770,2.067]",1.921,"[1.500,2.000]",1.75,0.002,0.0,767,1.5350000000000001,0.12,-2.7135574774710003,39,2.026442522529,0.005,0.0,307,1.5375,0.1,-0.7758164774709999,27,1.974183522529,1.5474198783290234,1.5542741284431247,0.6670492275555816,0.7056188253113698,1.4526857036435823,1.5154583474106151,0.7095466051484598,0.7116107494370042
26,56,3.269,32.98,1.5815,260.4543555,5.209087111,E04001,1.220943299,0.022499144,0.0089,3.2779000000000003,1.6875000000000002,1.6964000000000001,1.0,0.0,0.0,260.4543555,5.209087111,0.5756095873077298,0.08056968413262558,0.9194303158673744,0.08763000603979167,0.03268133333731171,1.5488186666626882,4.433234524286382,1.0054525024935992,1.7778305076494834,1.7920726689109632,4.293214918910962,2.072007461113729,2.0702832138795166,2.0560410526180366,0.704292224390408,0.0002268696358175924,1148035.3224060817,22960.706452529448,0.00017654057246938793,0.00017606123780543307,23020.98751964365,22896.146225256627,5995916.4674023315,119918.3293710676,15.398662038988986,0.30797324083890193,5963401.008532973,119268.0201935556,15.31515611209791,0.30630312230075984,"[2.067,2.357]",2.213,"[1.500,2.000]",1.75,0.002,0.0,774,1.549,0.12,-3.920685477471,49,2.0193145225289997,0.005,0.0,309,1.5475,0.1,-0.7758164774709999,28,2.074183522529,1.5722480326146098,1.5642741284431247,0.7386155173051158,0.704067218989125,1.691685844265248,1.5687477418619102,0.7034041953971996,0.7033720891639964
26,56,3.269,32.98,1.5952,268.9803336,5.379606672,E04001,1.211984518,0.022083399,0.0089,3.2779000000000003,1.6738000000000002,1.6827,1.0,0.0,0.0,268.9803336,5.379606672,0.5756095873077298,0.08056968413262558,0.9194303158673744,0.08763000603979167,0.03268133333731171,1.5625186666626882,4.433234524286382,1.0054525024935992,1.7633971577503438,1.7776000235654787,4.322263063565479,2.079005306286032,2.110425243978656,2.096222378163521,0.7011897241456526,0.00023218729132396548,1158462.7740227955,23169.25548045591,0.00017654057246938793,0.00017606123780543307,23610.59155026112,23482.55287216954,6350784.791682578,127015.69583365155,16.31003187271539,0.3262006374543078,6316344.905335801,126326.89810671603,16.221583647427657,0.32443167294855324,"[2.067,2.357]",2.213,"[1.500,2.000]",1.75,0.002,0.0,781,1.563,0.12,-3.920685477471,50,2.139314522529,0.005,0.0,312,1.5625,0.1,-0.7758164774709999,28,2.074183522529,1.5858366913449942,1.5792741284431246,0.7351543115872119,0.7017340678933469,1.7144017864238839,1.5687477418619102,0.6952563925073554,0.7033720891639964
26,56,3.269,32.98,1.6088,277.6227071,5.552454142,E04001,1.195867598,0.021612065,0.0089,3.2779000000000003,1.6602000000000001,1.6691,1.0,0.0,0.0,277.6227071,5.552454142,0.5756095873077298,0.08056968413262558,0.9194303158673744,0.08763000603979167,0.03268133333731171,1.5761186666626883,4.433234524286382,1.0054525024935992,1.7490691607701758,1.7632330179670412,4.351470457967041,2.086017846991497,2.1502742665588244,2.136110409361959,0.6980690903782996,0.00023732596924491684,1169794.8942683872,23395.897885367744,0.000176540572469388,0.00017606123780543315,24214.086896991146,24082.775503505494,6722380.354297321,134447.60708594642,17.264360458679068,0.34528720917358136,6685925.329764761,133718.5065952952,17.17073697251947,0.34341473945038936,"[2.067,2.357]",2.213,"[1.500,2.000]",1.75,0.002,0.0,788,1.577,0.12,-3.920685477471,50,2.139314522529,0.005,0.0,315,1.5775000000000001,0.1,-0.7758164774709999,29,2.1741835225290003,1.59942191553219,1.5942741284431248,0.731570133461115,0.6993942837475476,1.7144017864238839,1.6220371363132053,0.6952563925073554,0.6950471229463451
26,56,3.269,32.98,1.6225,286.4978621,5.729957242,E04001,1.232120887,0.021780267,0.0089,3.2779000000000003,1.6465,1.6554,1.0,0.0,0.0,286.4978621,5.729957242,0.5756095873077298,0.08056968413262558,0.9194303158673744,0.08763000603979167,0.03268133333731171,1.5898186666626883,4.433234524286382,1.0054525024935992,1.7346358108710362,1.7487603726215566,4.381266622621556,2.093147539621026,2.190416296657964,2.1762917349074438,0.6948842213575995,0.00024236333928520897,1182100.6549297222,23642.013098594445,0.000176540572469388,0.00017606123780543315,24840.952149368874,24706.241307034805,7116879.683322582,142337.59366645163,18.277510304127087,0.36555020608254174,7078285.314992182,141565.70629984364,18.178392573291593,0.36356785146583187,"[2.067,2.357]",2.213,"[1.500,2.000]",1.75,0.002,0.0,794,1.589,0.12,-3.920685477471,50,2.139314522529,0.005,0.0,317,1.5875000000000001,0.1,-0.7758164774709999,29,2.1741835225290003,1.611063661764085,1.6042741284431248,0.7283953713496331,0.6978308842763087,1.7144017864238839,1.6220371363132053,0.6952563925073554,0.6950471229463451
26,56,3.269,32.98,1.6361,295.4294808,5.908589616,E04001,1.255798842,0.021900319,0.0089,3.2779000000000003,1.6329,1.6418,1.0,0.0,0.0,295.4294808,5.908589616,0.5756095873077298,0.08056968413262558,0.9194303158673744,0.08763000603979167,0.03268133333731171,1.6034186666626884,4.433234524286382,1.0054525024935992,1.7203078138908687,1.734393367023119,4.4112165770231195,2.100289641221686,2.230265319238131,2.2161797661058813,0.6916814068342507,0.0002472279579324058,1194967.9286708056,23899.358573416113,0.00017654057246938793,0.00017606123780543307,25482.655559978808,25344.46480244454,7528327.701489773,150566.55402979546,19.334187629905987,0.38668375259811977,7487502.077740066,149750.0415548013,19.229339607744496,0.3845867921548899,"[2.067,2.357]",2.213,"[1.500,2.000]",1.75,0.002,0.0,801,1.603,0.12,-3.920685477471,51,2.259314522529,0.005,0.0,320,1.6025,0.1,-0.7758164774709999,29,2.1741835225290003,1.6246425144171965,1.6192741284431247,0.724565877309271,0.6954806807121255,1.736924847361761,1.6220371363132053,0.6866068750643504,0.6950471229463451
26,56,3.269,32.98,1.6498,304.5563579,6.091127158,E04001,1.234582665,0.022623071,0.0089,3.2779000000000003,1.6192000000000002,1.6281,1.0,0.0,0.0,304.5563579,6.091127158,0.5756095873077298,0.08056968413262558,0.9194303158673744,0.08763000603979167,0.03268133333731171,1.6171186666626882,4.433234524286382,1.0054525024935992,1.7058744639917292,1.7199207216776347,4.441760761677634,2.1075485194124557,2.2704073493372707,2.2563610916513652,0.6884133433749796,0.0002519934911232805,1208588.1922680482,24171.76384536096,0.00017654057246938796,0.00017606123780543312,26149.282507320804,26007.476675893275,7963930.242127805,159278.6048425561,20.452898396321327,0.4090579679264265,7920742.3745792555,158414.8474915851,20.341983679583645,0.4068396735916729,"[2.067,2.357]",2.213,"[1.500,2.000]",1.75,0.002,0.0,808,1.617,0.12,-3.920685477471,51,2.259314522529,0.005,0.0,323,1.6175,0.1,-0.7758164774709999,30,2.2741835225290004,1.6382179399553678,1.6342741284431246,0.7205943345956765,0.6931246025969329,1.736924847361761,1.6753265307645004,0.6866068750643504,0.6866486325196975
26,56,3.269,32.98,1.6634,313.6726751,6.273453502,E04001,1.252898423,0.023942156,0.0089,3.2779000000000003,1.6056000000000001,1.6145,1.0,0.0,0.0,313.6726751,6.273453502,0.5756095873077298,0.08056968413262558,0.9194303158673744,0.08763000603979167,0.03268133333731171,1.6307186666626883,4.433234524286382,1.0054525024935992,1.6915464670115614,1.7055537160791971,4.4724532760791975,2.1148175514874086,2.310256371917439,2.2962491228498036,0.685127542250357,0.0002565924856317255,1222454.6417551714,24449.092835103427,0.000176540572469388,0.00017606123780543315,26831.767112544294,26686.26021219248,8416392.167851971,168327.8433570394,21.614907293145585,0.43229814586291165,8370750.629173108,167415.01258346217,21.49769107893109,0.4299538215786218,"[2.067,2.357]",2.213,"[1.500,2.000]",1.75,0.002,0.0,815,1.631,0.12,-3.920685477471,51,2.259314522529,0.005,0.0,326,1.6325,0.1,-0.7758164774709999,30,2.2741835225290004,1.651789940972158,1.6492741284431247,0.7164731260270389,0.690762929468693,1.736924847361761,1.6753265307645004,0.6866068750643504,0.6866486325196975
26,56,3.269,32.98,1.6771,323.01568,6.4603136,E04001,1.235234153,0.020060946,0.0089,3.2779000000000003,1.5919,1.6008,1.0,0.0,0.0,323.01568,6.4603136,0.5756095873077298,0.08056968413262558,0.9194303158673744,0.08763000603979167,0.03268133333731171,1.6444186666626883,4.433234524286382,1.0054525024935992,1.677113117112422,1.6910810707337125,4.503745480733713,2.122202978212431,2.3503984020165776,2.336430448395287,0.6817754869427918,0.0002610947189521629,1237158.994622109,24743.179892442182,0.00017654057246938793,0.00017606123780543307,27540.84323813527,27391.49106480104,8896124.206339665,177922.4841267933,22.846951063286312,0.4569390212657263,8847881.11251063,176957.62225021265,22.723053557104013,0.45446107114208034,"[2.067,2.357]",2.213,"[1.500,2.000]",1.75,0.002,0.0,822,1.645,0.12,-3.920685477471,52,2.379314522529,0.005,0.0,328,1.6425,0.1,-0.7758164774709999,31,2.3741835225290004,1.6653585200578576,1.6592741284431247,0.7121940739113247,0.6891855091811688,1.7592598584706804,1.7286159252157955,0.6774092380189118,0.6781889694800929
26,56,3.269,32.98,1.6907,332.3122485,6.646244969,E04001,1.209705636,0.021546001,0.0089,3.2779000000000003,1.5783,1.5872,1.0,0.0,0.0,332.3122485,6.646244969,0.5756095873077298,0.08056968413262558,0.9194303158673744,0.08763000603979167,0.03268133333731171,1.6580186666626884,4.433234524286382,1.0054525024935992,1.6627851201322543,1.676714065135275,4.535180555135275,2.1295963361950254,2.3902474245967453,2.3763184795937247,0.6784059223526789,0.00026543659518057477,1251945.8678029312,25038.917352291242,0.00017654057246938793,0.00017606123780543307,28266.87564966465,28113.58625052962,9393429.005209958,187868.58007593226,24.124125048248235,0.4824825008923699,9342489.060312184,186849.78117813007,23.993301511924788,0.47986603016629464,"[2.067,2.357]",2.213,"[1.500,2.000]",1.75,0.002,0.0,829,1.659,0.12,-3.920685477471,52,2.379314522529,0.005,0.0,331,1.6575,0.1,-0.7758164774709999,31,2.3741835225290004,1.6789236797994889,1.6742741284431246,0.707748387631922,0.6868151247723083,1.7592598584706804,1.7286159252157955,0.6774092380189118,0.6781889694800929
26,56,3.269,32.98,1.7044,341.6726884,6.833453769,E04001,1.261441182,0.021102067,0.0089,3.2779000000000003,1.5646000000000002,1.5735000000000001,1.0,0.0,0.0,341.6726884,6.833453769,0.5756095873077298,0.08056968413262558,0.9194303158673744,0.08763000603979167,0.03268133333731171,1.6717186666626882,4.433234524286382,1.0054525024935992,1.6483517702331147,1.6622414197897906,4.56722077978979,2.1371057015949844,2.4303894546958853,2.4164998051392095,0.6749691079316927,0.00026968412033872235,1266936.621892532,25338.732441558685,0.000176540572469388,0.00017606123780543315,29021.291632886623,28863.91108571673,9915782.733048799,198315.65468999726,25.465629481061175,0.5093125896957558,9862010.098395398,197240.20199677188,25.327531054828015,0.5065506211706884,"[2.067,2.357]",2.213,"[1.500,2.000]",1.75,0.002,0.0,835,1.671,0.12,-3.920685477471,52,2.379314522529,0.005,0.0,334,1.6725,0.1,-0.7758164774709999,31,2.3741835225290004,1.6905482400179181,1.6892741284431247,0.7037980193830232,0.6844398772935705,1.7592598584706804,1.7286159252157955,0.6774092380189118,0.6781889694800929
26,56,3.269,32.98,1.718,351.0166663,7.020333326,E04001,1.253501734,0.020568824,0.0089,3.2779000000000003,1.5510000000000002,1.5599,1.0,0.0,0.0,351.0166663,7.020333326,0.5756095873077298,0.08056968413262558,0.9194303158673744,0.08763000603979167,0.03268133333731171,1.6853186666626883,4.433234524286382,1.0054525024935992,1.6340237732529472,1.6478744141913533,4.599398414191353,2.1446208089523315,2.4702384772760535,2.4563878363376475,0.6715150338887396,0.00027377742267958974,1282124.226550287,25642.484531005743,0.00017654057246938793,0.00017606123780543307,29793.84882609909,29632.278752311086,10458137.491183471,209162.7498236694,26.858500390980915,0.5371700078196182,10401423.702508561,208028.4740501712,26.712848517826327,0.5342569703565265,"[2.067,2.357]",2.213,"[1.500,2.000]",1.75,0.002,0.0,842,1.685,0.12,-3.920685477471,53,2.499314522529,0.005,0.0,337,1.6875,0.1,-0.7758164774709999,32,2.474183522529,1.7041070564015754,1.7042741284431246,0.699017210120152,0.6820600360573623,1.7814114527498037,1.7819053196670904,0.6676111041561442,0.6696800335807576
26,56,3.269,32.98,1.7317,360.4142816,7.208285632,E04001,1.226366497,0.020060248,0.0089,3.2779000000000003,1.5373,1.5462,1.0,0.0,0.0,360.4142816,7.208285632,0.5756095873077298,0.08056968413262558,0.9194303158673744,0.08763000603979167,0.03268133333731171,1.6990186666626883,4.433234524286382,1.0054525024935992,1.6195904233538077,1.6334017688458684,4.632186658845868,2.152251532429671,2.510380507375192,2.4965691618831314,0.6679927251609951,0.0002777788548912478,1297486.3826157844,25949.727652315687,0.00017654057246938793,0.00017606123780543307,30596.71641976396,30430.79244805872,11027493.567748152,220549.87135496305,28.32071585887962,0.5664143171775924,10967692.19868579,219353.8439737158,28.16713448784709,0.5633426897569418,"[2.067,2.357]",2.213,"[1.500,2.000]",1.75,0.002,0.0,849,1.699,0.12,-3.920685477471,53,2.499314522529,0.005,0.0,339,1.6975,0.1,-0.7758164774709999,32,2.474183522529,1.7176624608147506,1.7142741284431247,0.6940407233275867,0.6804710548404967,1.7814114527498037,1.7819053196670904,0.6676111041561442,0.6696800335807576
26,56,3.269,32.98,1.7453,369.6766631,7.393533262,E04001,1.265971176,0.020423253,0.0089,3.2779000000000003,1.5237,1.5326,1.0,0.0,0.0,369.6766631,7.393533262,0.5756095873077298,0.08056968413262558,0.9194303158673744,0.08763000603979167,0.03268133333731171,1.7126186666626884,4.433234524286382,1.0054525024935992,1.60526242637364,1.6190347632474311,4.665106853247432,2.159885842642484,2.5502295299553595,2.5364571930815685,0.664453428484542,0.00028163213646952934,1312622.4433552756,26252.44886710551,0.00017654057246938793,0.00017606123780543307,31419.004397260735,31248.621212179787,11614872.703503575,232297.45407007152,29.829217995196036,0.5965843599039208,11551886.0161945,231037.72032389,29.66745611674076,0.5933491223348152,"[2.067,2.357]",2.213,"[1.500,2.000]",1.75,0.002,0.0,856,1.713,0.12,-3.920685477471,53,2.499314522529,0.005,0.0,342,1.7125000000000001,0.1,-0.7758164774709999,33,2.574183522529,1.7312144558319176,1.7292741284431248,0.6888567923077149,0.678084147999445,1.7814114527498037,1.8351947141183855,0.6676111041561442,0.6611332551171291
26,56,3.269,32.98,1.759,379.0026785,7.58005357,E04001,1.255927799,0.020158169,0.0089,3.2779000000000003,1.5100000000000002,1.5189000000000001,1.0,0.0,0.0,379.0026785,7.58005357,0.5756095873077298,0.08056968413262558,0.9194303158673744,0.08763000603979167,0.03268133333731171,1.7263186666626882,4.433234524286382,1.0054525024935992,1.5908290764745006,1.6045621179019465,4.6986431179019466,2.167635374757929,2.590371560054499,2.5766385186270533,0.6608449242886638,0.00028539608563227595,1327988.3557629914,26559.767115259823,0.00017654057246938796,0.00017606123780543312,32273.67620867498,32098.6581948265,12231809.728129543,244636.19456259083,31.413630452107814,0.6282726090421562,12165477.432095218,243309.54864190437,31.243276409576385,0.6248655281915277,"[2.067,2.357]",2.213,"[1.500,2.000]",1.75,0.002,0.0,863,1.727,0.12,-3.920685477471,54,2.619314522529,0.005,0.0,345,1.7275,0.1,-0.7758164774709999,33,2.574183522529,1.744763044024353,1.7442741284431247,0.6834526808372222,0.6756933514420519,1.8033840760270148,1.8351947141183855,0.6571531358282224,0.6611332551171291
26,56,3.269,32.98,1.7726,388.1807419,7.763614838,E04001,1.233961267,0.019758837,0.0089,3.2779000000000003,1.4964000000000002,1.5053,1.0,0.0,0.0,388.1807419,7.763614838,0.5756095873077298,0.08056968413262558,0.9194303158673744,0.08763000603979167,0.03268133333731171,1.7399186666626882,4.433234524286382,1.0054525024935992,1.5765010794943328,1.5901951123035094,4.73230587230351,2.175386373107892,2.6302205826346676,2.6165265498254913,0.6572197265659566,0.0002890178808669915,1343102.8583267624,26862.057166535247,0.00017654057246938796,0.00017606123780543312,33149.15067041652,32969.38501640216,12867861.900597168,257357.23801194335,33.04713427028842,0.6609426854057684,12798080.335653732,255961.60671307464,32.86792184447201,0.6573584368894402,"[2.067,2.357]",2.213,"[1.500,2.000]",1.75,0.002,0.0,869,1.739,0.12,-3.920685477471,54,2.619314522529,0.005,0.0,347,1.7375,0.1,-0.7758164774709999,33,2.574183522529,1.7563734100101627,1.7542741284431247,0.6786349045829956,0.6740974539590321,1.8033840760270148,1.8351947141183855,0.6571531358282224,0.6611332551171291
26,56,3.269,32.98,1.7863,397.3757798,7.947515595,E04001,1.233089748,0.01960361,0.0089,3.2779000000000003,1.4827000000000001,1.4916,1.0,0.0,0.0,397.3757798,7.947515595,0.5756095873077298,0.08056968413262558,0.9194303158673744,0.08763000603979167,0.03268133333731171,1.7536186666626883,4.433234524286382,1.0054525024935992,1.5620677295951932,1.5757224669580245,4.766590156958024,2.183252197286888,2.6703626127338067,2.656707875370975,0.6535243617629034,0.00029255292509472523,1358303.902349752,27166.078043576857,0.00017654057246938796,0.00017606123780543312,34059.24208985654,33874.54107020174,13534317.884853723,270686.35766301525,34.758720901159975,0.695174417935729,13460922.173138542,269218.4434288963,34.570226654124085,0.6914045329954853,"[2.067,2.357]",2.213,"[1.500,2.000]",1.75,0.002,0.0,876,1.7530000000000001,0.12,-3.920685477471,54,2.619314522529,0.005,0.0,350,1.7525,0.1,-0.7758164774709999,34,2.6741835225290003,1.7699156780530387,1.7692741284431246,0.6727843583702054,0.6717007478102909,1.8033840760270148,1.8884841085696809,0.6571531358282224,0.65255958119816
26,56,3.269,32.98,1.7999,406.4459683,8.128919367,E04001,1.264620737,0.019830434,0.0089,3.2779000000000003,1.4691,1.478,1.0,0.0,0.0,406.4459683,8.128919367,0.5756095873077298,0.08056968413262558,0.9194303158673744,0.08763000603979167,0.03268133333731171,1.7672186666626883,4.433234524286382,1.0054525024935992,1.5477397326150253,1.5613554613595872,4.800995471359587,2.191117402459208,2.710211635313975,2.696595906569413,0.649812621338817,0.0002959517245799413,1373352.25492228,27467.04510182453,0.00017654057246938802,0.00017606123780543318,34991.63136921472,34801.8740640983,14222207.494257133,284444.1499201343,36.52535318713717,0.7305070638326085,14145081.40263709,282901.6280875437,36.32727860993084,0.7265455722879949,"[2.067,2.357]",2.213,"[1.500,2.000]",1.75,0.002,0.0,883,1.7670000000000001,0.12,-3.920685477471,55,2.7393145225290003,0.005,0.0,353,1.7675,0.1,-0.7758164774709999,34,2.6741835225290003,1.7834545465998346,1.7842741284431247,0.6666709359711094,0.6693008350007742,1.8251819973771966,1.8884841085696809,0.645967843368602,0.65255958119816
26,56,3.269,32.98,1.8136,415.4824627,8.309649255,E04001,1.282845963,0.019928639,0.0089,3.2779000000000003,1.4554,1.4643,1.0,0.0,0.0,415.4824627,8.309649255,0.5756095873077298,0.08056968413262558,0.9194303158673744,0.08763000603979167,0.03268133333731171,1.7809186666626884,4.433234524286382,1.0054525024935992,1.533306382715886,1.5468828160141024,4.836027776014102,2.1990970365161475,2.7503536654131144,2.736777232114898,0.6460297688294269,0.00029926638604608715,1388336.5525589483,27766.73105452047,0.000176540572469388,0.00017606123780543315,35961.04492602789,35766.030555239304,14941183.507131407,298823.6701785892,38.371821311998694,0.7674364263323288,14860158.456094274,297203.16915765154,38.16373346014222,0.7632746692946984,"[2.067,2.357]",2.213,"[1.500,2.000]",1.75,0.002,0.0,890,1.7810000000000001,0.12,-3.920685477471,55,2.7393145225290003,0.005,0.0,356,1.7825,0.1,-0.7758164774709999,35,2.7741835225290004,1.796990018209378,1.7992741284431246,0.6602770820522739,0.6668979661663431,1.8251819973771966,1.941773503020976,0.645967843368602,0.643969465681293
26,56,3.269,32.98,1.8272,424.3858974,8.487717948,E04001,1.246507019,0.019369164,0.0089,3.2779000000000003,1.4418000000000002,1.4507,1.0,0.0,0.0,424.3858974,8.487717948,0.5756095873077298,0.08056968413262558,0.9194303158673744,0.08763000603979167,0.03268133333731171,1.7945186666626882,4.433234524286382,1.0054525024935992,1.5189783857357184,1.532515810415665,4.8711756504156645,2.2070740020252297,2.7902026879932817,2.776665263313335,0.6422308828215628,0.000302450613692653,1403157.6666968057,28063.153333936116,0.00017654057246938796,0.00017606123780543312,36954.37549032787,36753.974353515645,15682915.805319356,313658.3161063871,40.276731936637056,0.8055346387327412,15597868.389033321,311957.36778066645,40.05831388031527,0.8011662776063053,"[2.067,2.357]",2.213,"[1.500,2.000]",1.75,0.002,0.0,897,1.795,0.12,-3.920685477471,55,2.7393145225290003,0.005,0.0,358,1.7925,0.1,-0.7758164774709999,35,2.7741835225290004,1.8105220954372854,1.8092741284431246,0.6535836347764431,0.6652945337692094,1.8251819973771966,1.941773503020976,0.645967843368602,0.643969465681293
26,56,3.269,32.98,1.8409,433.2798842,8.665597684,E04001,1.255539479,0.019317767,0.0089,3.2779000000000003,1.4281000000000001,1.437,1.0,0.0,0.0,433.2798842,8.665597684,0.5756095873077298,0.08056968413262558,0.9194303158673744,0.08763000603979167,0.03268133333731171,1.8082186666626883,4.433234524286382,1.0054525024935992,1.504545035836579,1.5180431650701804,4.90695597507018,2.215164999513621,2.8303447180924204,2.8168465888588194,0.6383599555879791,0.0003055533367162515,1418017.190898361,28360.34381796722,0.0001765405724693879,0.00017606123780543307,37987.32795969474,37781.32518988541,16459145.05944396,329182.90118887916,42.27023735220195,0.845404747044039,16369888.203196093,327397.7640639218,42.04100864771685,0.8408201729543369,"[2.067,2.357]",2.213,"[1.500,2.000]",1.75,0.002,0.0,904,1.809,0.12,-3.920685477471,56,2.8593145225289995,0.005,0.0,361,1.8075,0.1,-0.7758164774709999,35,2.7741835225290004,1.8240507808359823,1.8242741284431248,0.646569637870055,0.6628872869290868,1.8468093188065735,1.941773503020976,0.6339781396887151,0.643969465681293
26,56,3.269,32.98,1.8545,442.0157899,8.840315798,E04001,1.246561803,0.019071717,0.0089,3.2779000000000003,1.4145,1.4234,1.0,0.0,0.0,442.0157899,8.840315798,0.5756095873077298,0.08056968413262558,0.9194303158673744,0.08763000603979167,0.03268133333731171,1.8218186666626883,4.433234524286382,1.0054525024935992,1.490217038856411,1.503676159471743,4.942846409471743,2.223251314960084,2.8701937406725895,2.8567346200572574,0.6344733619237373,0.0003085313290829397,1432644.753496579,28652.895069931583,0.000176540572469388,0.00017606123780543315,39045.952819885104,38834.20919739933,17258927.678079646,345178.55356159294,44.32423231960752,0.8864846463921504,17165333.65353031,343306.67307060625,44.08386493611586,0.8816772987223173,"[2.067,2.357]",2.213,"[1.500,2.000]",1.75,0.002,0.0,910,1.821,0.12,-3.920685477471,56,2.8593145225289995,0.005,0.0,364,1.8225,0.1,-0.7758164774709999,36,2.8741835225290004,1.8356440992052683,1.8392741284431247,0.6402851602197713,0.6604777375108529,1.8468093188065735,1.995062897472271,0.6339781396887151,0.6353728625329412
26,56,3.269,32.98,1.8682,450.7313363,9.014626725,E04001,1.280141747,0.019679129,0.0089,3.2779000000000003,1.4008,1.4097,1.0,0.0,0.0,450.7313363,9.014626725,0.5756095873077298,0.08056968413262558,0.9194303158673744,0.08763000603979167,0.03268133333731171,1.8355186666626884,4.433234524286382,1.0054525024935992,1.4757836889572715,1.4892035141262585,4.979374754126259,2.231451266357,2.910335770771729,2.896915945602742,0.630513815091163,0.00031143046038023927,1447293.677534568,28945.873547480365,0.000176540572469388,0.00017606123780543315,40147.00545360344,39929.290895428465,18095513.416546065,361910.26829077426,46.47274474857795,0.9294548948684538,17997382.642807897,359947.65281622857,46.220726124130174,0.9244145223800572,"[2.067,2.357]",2.213,"[1.050,1.500]",1.25,0.002,0.0,917,1.835,0.12,-3.920685477471,56,2.8593145225289995,0.005,0.0,367,1.8375000000000001,0.1,-0.2758164774709999,31,2.8741835225290004,1.8491664922533673,1.8494815203165178,0.6326132249037317,0.6042832839173354,1.8468093188065735,1.7286159252157955,0.6339781396887151,0.6272670250316388
26,56,3.269,32.98,1.8818,459.2858677,9.185717355,E04001,1.267184647,0.020531875,0.0089,3.2779000000000003,1.3872000000000002,1.3961000000000001,1.0,0.0,0.0,459.2858677,9.185717355,0.5756095873077298,0.08056968413262558,0.9194303158673744,0.08763000603979167,0.03268133333731171,1.8491186666626882,4.433234524286382,1.0054525024935992,1.4614556919771042,1.4748365085278212,5.016007748527821,2.23964455852437,2.9501847933518963,2.936803976801179,0.6265389945631319,0.0003142104481125423,1461714.1806038714,29234.283615260007,0.00017654057246938793,0.00017606123780543307,41275.63588191135,41051.80083548911,18957316.24089291,379146.3248591338,48.68601948456049,0.9737203897972135,18854511.9673752,377090.2393885558,48.42199841744432,0.9684399684543153,"[2.067,2.357]",2.213,"[1.050,1.500]",1.25,0.002,0.0,924,1.849,0.12,-3.920685477471,57,2.9793145225289996,0.005,0.0,369,1.8475000000000001,0.1,-0.2758164774709999,32,2.974183522529,1.8626855007472756,1.8594815203165178,0.6245489244852768,0.6023903132247636,1.8682699842653396,1.7819053196670904,0.6210955756925207,0.6171138248586753
26,56,3.269,32.98,1.8955,467.8475199,9.356950398,E04001,1.265369538,0.02158823,0.0089,3.2779000000000003,1.3735000000000002,1.3824,1.0,0.0,0.0,467.8475199,9.356950398,0.5756095873077298,0.08056968413262558,0.9194303158673744,0.08763000603979167,0.03268133333731171,1.8628186666626882,4.433234524286382,1.0054525024935992,1.4470223420779647,1.4603638631823366,5.053284113182336,2.2479510922576442,2.990326823451035,2.9769853023466633,0.6224903274780897,0.0003169142191273114,1476259.1630893513,29525.183261787024,0.00017654057246938793,0.00017606123780543307,42449.72819588316,42219.52612441123,19860000.05687304,397200.00113746076,51.00428443803557,1.0200856887607115,19752300.588659056,395046.0117731811,50.72769157323796,1.0145538314647593,"[2.067,2.357]",2.213,"[1.050,1.500]",1.25,0.002,0.0,931,1.863,0.12,-3.920685477471,57,2.9793145225289996,0.005,0.0,372,1.8625,0.1,-0.2758164774709999,32,2.974183522529,1.8762011272270982,1.8744815203165177,0.6160620614406767,0.5995540897478157,1.8682699842653396,1.7819053196670904,0.6210955756925207,0.6171138248586753
26,56,3.269,32.98,1.9091,476.2315216,9.524630433,E04001,1.280889593,0.023517973,0.0089,3.2779000000000003,1.3599,1.3688,1.0,0.0,0.0,476.2315216,9.524630433,0.5756095873077298,0.08056968413262558,0.9194303158673744,0.08763000603979167,0.03268133333731171,1.8764186666626883,4.433234524286382,1.0054525024935992,1.4326943450977967,1.445996857583899,5.0906596675839,2.2562490260571635,3.0301758460312036,3.0168733335451012,0.6184268058138251,0.00031950431041386564,1490532.38431469,29810.64768942365,0.000176540572469388,0.00017606123780543315,43653.46921431828,43416.73933483117,20789158.06705355,415783.1613847245,53.390540193494395,1.0678108039819985,20676419.83633722,413528.3967701611,53.10100682138816,1.0620201365392656,"[2.067,2.357]",2.213,"[1.050,1.500]",1.25,0.002,0.0,938,1.877,0.12,-3.920685477471,57,2.9793145225289996,0.005,0.0,375,1.8775,0.1,-0.2758164774709999,32,2.974183522529,1.8897133742297783,1.8894815203165176,0.6071192484948869,0.5967219815587588,1.8682699842653396,1.7819053196670904,0.6210955756925207,0.6171138248586753
26,56,3.269,42.98,1.5219,11.22342163,0.224468433,E04001,0.842880212,0.03207578,0.0089,3.2779000000000003,1.7471,1.756,1.0,0.0,0.0,11.22342163,0.224468433,0.7501425125071628,0.1342041403023766,0.8657958596976235,0.15500667830549225,0.05407708902170105,1.467822910978299,4.433234524286382,1.0054525024935992,3.065904267857362,3.0899120465160537,5.406091656516054,2.325100354074218,0.6703673120716385,0.6463595334129466,0.6483412928438016,-2.2795141259871406e-05,-492360.25791854714,-9847.205175918541,5.991736542543903e-05,5.975468061129387e-05,33303.28753795445,33122.686009890815,373776.83770358743,7475.536767393063,0.9599305182270426,0.01919861039875254,371749.870607107,7434.997425391213,0.9547248784466112,0.019094497602958383,"[2.067,2.357]",2.213,"[3.000,3.500]",3.25,0.002,0.0,733,1.467,0.12,-3.920685477471,38,0.6993145225290003,0.005,0.0,293,1.4675,0.1,-2.275816477471,29,0.6741835225290003,1.4925882086745759,1.4986519528229458,0.6374587904838491,0.6560593263014771,1.4274580756992221,1.6220371363132053,0.6532078666596346,0.6406225748874638
26,56,3.269,42.98,1.5329,12.10125537,0.242025107,E04001,0.769341669,0.028178895,0.0089,3.2779000000000003,1.7361000000000002,1.745,1.0,0.0,0.0,12.10125537,0.242025107,0.7501425125071628,0.1342041403023766,0.8657958596976235,0.15500667830549225,0.05407708902170105,1.4788229109782989,4.433234524286382,1.0054525024935992,3.0466008811328296,3.070556105450179,5.4203385154501795,2.328162046647565,0.7103127047961704,0.6863574804788208,0.6463058560076372,-1.878992276254813e-05,-644029.0108121195,-12880.580194954382,5.991736542543901e-05,5.975468061129386e-05,33796.03002817828,33612.75639014427,408974.38986317365,8179.48778374506,1.0503245744571104,0.021006491454424334,406756.5487667352,8135.1309618896,1.0446287336818247,0.020892574639106893,"[2.067,2.357]",2.213,"[3.000,3.500]",3.25,0.002,0.0,739,1.479,0.12,-3.920685477471,38,0.6993145225290003,0.005,0.0,295,1.4775,0.1,-2.275816477471,29,0.6741835225290003,1.5042531294815191,1.5086519528229458,0.6344069798132433,0.654826948065579,1.4274580756992221,1.6220371363132053,0.6532078666596346,0.6406225748874638
26,56,3.269,42.98,1.5439,13.01528642,0.260305728,E04001,0.845160041,0.026660958,0.0089,3.2779000000000003,1.7251,1.734,1.0,0.0,0.0,13.01528642,0.260305728,0.7501425125071628,0.1342041403023766,0.8657958596976235,0.15500667830549225,0.05407708902170105,1.489822910978299,4.433234524286382,1.0054525024935992,3.0272974944082964,3.051200164384304,5.434827374384304,2.3312716217515934,0.7502580975207036,0.726355427544696,0.6442473724338749,-1.4829578141328585e-05,-877657.2263864789,-17553.144500756458,5.991736542543902e-05,5.9754680611293864e-05,34299.80226830341,34113.796706694025,446421.75067133456,8928.43499970677,1.1464965702599095,0.0229299313699628,444000.8350112755,8880.016686579991,1.1402791951051992,0.02280558386705968,"[2.067,2.357]",2.213,"[3.000,3.500]",3.25,0.002,0.0,744,1.489,0.12,-3.920685477471,38,0.6993145225290003,0.005,0.0,297,1.4875,0.1,-2.275816477471,30,0.7741835225290004,1.5139719603969084,1.5186519528229458,0.6318062410141655,0.6535910413275863,1.4274580756992221,1.6753265307645004,0.6532078666596346,0.633816907242902
26,56,3.269,42.98,1.5549,13.96498554,0.279299711,E04001,0.823488142,0.024633037,0.0089,3.2779000000000003,1.7141000000000002,1.723,1.0,0.0,0.0,13.96498554,0.279299711,0.7501425125071628,0.1342041403023766,0.8657958596976235,0.15500667830549225,0.05407708902170105,1.500822910978299,4.433234524286382,1.0054525024935992,3.007994107683764,3.0318442233184286,5.449558233318428,2.334428888040591,0.790203490245236,0.7663533746105715,0.6421657225761718,-1.091409453528078e-05,-1279536.794816734,-25590.735914659606,5.991736542543902e-05,5.9754680611293864e-05,34814.87170433505,34626.07295520326,486189.17992799415,9723.783605522856,1.248626946260295,0.02497253894308815,483552.6081263986,9671.052169453185,1.2418557248240019,0.02483711451426531,"[2.067,2.357]",2.213,"[3.000,3.500]",3.25,0.002,0.0,750,1.5010000000000001,0.12,-3.920685477471,39,0.8193145225290004,0.005,0.0,300,1.5025,0.1,-2.275816477471,30,0.7741835225290004,1.5256322352170884,1.5336519528229458,0.6286140825450308,0.6517307097745583,1.4526857036435823,1.6753265307645004,0.647355196094444,0.633816907242902
26,56,3.269,42.98,1.566,14.95801244,0.299160249,E04001,0.862414044,0.024000515,0.0089,3.2779000000000003,1.703,1.7119,1.0,0.0,0.0,14.95801244,0.299160249,0.7501425125071628,0.1342041403023766,0.8657958596976235,0.15500667830549225,0.05407708902170105,1.511922910978299,4.433234524286382,1.0054525024935992,2.9885152356253712,3.0123123191519547,5.464668319151954,2.3376630037607975,0.8305120229036289,0.8067149393770454,0.6400415446579079,-7.0084651505179495e-06,-2134277.922305792,-42685.55847465276,5.991736542543904e-05,5.9754680611293884e-05,35346.35490871741,35154.67396128186,528711.2164332501,10574.224335734272,1.3578316813352096,0.02715663364485943,525844.050436998,10516.881015770896,1.350468249835455,0.02700936501476589,"[2.067,2.357]",2.213,"[3.000,3.500]",3.25,0.002,0.0,755,1.5110000000000001,0.12,-3.920685477471,39,0.8193145225290004,0.005,0.0,302,1.5125,0.1,-2.275816477471,30,0.7741835225290004,1.535347196789239,1.5436519528229458,0.6258927613227853,0.6504862703754296,1.4526857036435823,1.6753265307645004,0.647355196094444,0.633816907242902
26,56,3.269,42.98,1.577,15.97660156,0.319532031,E04001,0.801171636,0.022282586,0.0089,3.2779000000000003,1.6920000000000002,1.7009,1.0,0.0,0.0,15.97660156,0.319532031,0.7501425125071628,0.1342041403023766,0.8657958596976235,0.15500667830549225,0.05407708902170105,1.522922910978299,4.433234524286382,1.0054525024935992,2.9692118489008394,2.99295637808608,5.47988537808608,2.3409154999884296,0.8704574156281604,0.8467128864429196,0.6379129931646116,-3.1830251029031375e-06,-5019313.716824993,-100386.27427366652,5.9917365425439016e-05,5.975468061129386e-05,35884.96054862042,35690.35877838383,573319.7166816274,11466.394326455556,1.4723948549760384,0.02944789708108888,570210.6417356868,11404.212827575664,1.464410154954497,0.029288203080758007,"[2.067,2.357]",2.213,"[2.500,3.000]",2.75,0.002,0.0,761,1.5230000000000001,0.12,-3.920685477471,39,0.8193145225290004,0.005,0.0,304,1.5225,0.1,-1.775816477471,26,0.8741835225290004,1.547002831169543,1.5488593446963388,0.6225513602022762,0.63272965463592,1.4526857036435823,1.46216895295932,0.647355196094444,0.644733825238474
26,56,3.269,42.98,1.588,17.02928869,0.340585774,E04001,0.857346438,0.022725553,0.0089,3.2779000000000003,1.681,1.6899,1.0,0.0,0.0,17.02928869,0.340585774,0.7501425125071628,0.1342041403023766,0.8657958596976235,0.15500667830549225,0.05407708902170105,1.533922910978299,4.433234524286382,1.0054525024935992,2.9499084621763068,2.9736004370202043,5.495344437020204,2.3442151004163856,0.9104028083526936,0.8867108335087961,0.6357609200619947,5.976630117565898e-07,28493127.991891723,569862.5601724712,5.9917365425439e-05,5.975468061129384e-05,36435.71459597044,36238.12612292185,620474.3024812274,12409.486056911692,1.5934968640290652,0.03186993729929608,617109.5113318667,12342.190233884958,1.5848554358132991,0.03169710873487927,"[2.067,2.357]",2.213,"[2.500,3.000]",2.75,0.002,0.0,766,1.5330000000000001,0.12,-3.920685477471,40,0.9393145225289996,0.005,0.0,306,1.5325,0.1,-1.775816477471,26,0.8741835225290004,1.5567139280162507,1.5588593446963388,0.619701724428947,0.6313301828309672,1.4776499132008745,1.46216895295932,0.6412596921647256,0.644733825238474
26,56,3.269,42.98,1.599,18.11397827,0.362279565,E04001,0.866733953,0.022303218,0.0089,3.2779000000000003,1.6700000000000002,1.6789,1.0,0.0,0.0,18.11397827,0.362279565,0.7501425125071628,0.1342041403023766,0.8657958596976235,0.15500667830549225,0.05407708902170105,1.544922910978299,4.433234524286382,1.0054525024935992,2.930605075451774,2.9542444959543297,5.511045495954329,2.3475616064236373,0.950348201077226,0.9267087805746703,0.6335852088308062,4.333658251501076e-06,4179835.4228152973,83596.70836400517,5.991736542543902e-05,5.9754680611293864e-05,36998.91621638852,36798.27353816155,670197.5643572123,13403.951272344679,1.7211957252902454,0.03442391446779679,666563.1272437744,13331.262530156178,1.711861794586565,0.0342372358539293,"[2.067,2.357]",2.213,"[2.500,3.000]",2.75,0.002,0.0,772,1.545,0.12,-3.920685477471,40,0.9393145225289996,0.005,0.0,308,1.5425,0.1,-1.775816477471,27,0.9741835225290001,1.5683649274925457,1.5688593446963388,0.6162013969634589,0.6299279413121147,1.4776499132008745,1.5154583474106151,0.6412596921647256,0.6373829386205498
26,56,3.269,42.98,1.61,19.23101587,0.384620317,E04001,0.868388863,0.02183972,0.0089,3.2779000000000003,1.659,1.6679,1.0,0.0,0.0,19.23101587,0.384620317,0.7501425125071628,0.1342041403023766,0.8657958596976235,0.15500667830549225,0.05407708902170105,1.555922910978299,4.433234524286382,1.0054525024935992,2.9113016887272414,2.9348885548884547,5.5269885548884545,2.350954817704597,0.9902935938017587,0.9667067276405454,0.6313857437844068,8.025030749758988e-06,2396379.088089794,47927.58171195183,5.991736542543901e-05,5.975468061129386e-05,37574.873149699306,37371.10709507485,722602.9818551042,14452.059622072135,1.8557828759701098,0.03711565748080241,718684.353624854,14373.687057548637,1.8457190880400878,0.03691438172241129,"[2.067,2.357]",2.213,"[2.500,3.000]",2.75,0.002,0.0,777,1.555,0.12,-3.920685477471,40,0.9393145225289996,0.005,0.0,311,1.5575,0.1,-1.775816477471,27,0.9741835225290001,1.5780721642224549,1.583859344696339,0.613215021355791,0.6278195563786485,1.4776499132008745,1.5154583474106151,0.6412596921647256,0.6373829386205498
26,56,3.269,42.98,1.621,20.38145029,0.407629006,E04001,0.838998195,0.020852294,0.0089,3.2779000000000003,1.6480000000000001,1.6569,1.0,0.0,0.0,20.38145029,0.407629006,0.7501425125071628,0.1342041403023766,0.8657958596976235,0.15500667830549225,0.05407708902170105,1.566922910978299,4.433234524286382,1.0054525024935992,2.8919983020027087,2.9155326138225797,5.54317361382258,2.3543945323209066,1.0302389865262915,1.0067046747064206,0.6291624101005168,1.167186152787301e-05,1746203.9145450827,34924.07830803688,5.991736542543902e-05,5.9754680611293864e-05,38163.90199526496,37956.94167612648,777835.6713889246,15556.713435411273,1.9976310028177107,0.03995262007595666,773617.5199324011,15472.350406239411,1.9867979818673012,0.039735959656842165,"[2.067,2.357]",2.213,"[2.500,3.000]",2.75,0.002,0.0,783,1.567,0.12,-3.920685477471,41,1.0593145225289997,0.005,0.0,313,1.5675000000000001,0.1,-1.775816477471,27,0.9741835225290001,1.5897185343196014,1.593859344696339,0.6095452061862573,0.6264107309286616,1.502358787576528,1.5154583474106151,0.6349076976701329,0.6373829386205498
26,56,3.269,42.98,1.632,21.56404426,0.431280885,E04001,0.876458969,0.021053565,0.0089,3.2779000000000003,1.6370000000000002,1.6459000000000001,1.0,0.0,0.0,21.56404426,0.431280885,0.7501425125071628,0.1342041403023766,0.8657958596976235,0.15500667830549225,0.05407708902170105,1.5779229109782988,4.433234524286382,1.0054525024935992,2.8726949152781764,2.8961766727567047,5.559600672756704,2.357880546753101,1.0701843792508234,1.0467026217722952,0.6269150938533442,1.5274242303718685e-05,1411791.4218730177,28235.828424366417,5.9917365425439e-05,5.975468061129384e-05,38766.328508605526,38556.10127028583,835958.8237572693,16719.17646739212,2.146902391908386,0.04293804781825585,831425.4742854858,16628.509477998497,2.1352598820768796,0.042705197621733706,"[2.357,2.642]",2.5,"[2.500,3.000]",2.75,0.002,0.0,788,1.577,0.24,-5.273316477470999,26,1.0866835225290004,0.005,0.0,315,1.5775000000000001,0.1,-1.775816477471,28,1.0741835225290002,1.611999995537012,1.603859344696339,0.6533244252123271,0.6249994068183545,1.7703583005887307,1.5687477418619102,0.6165793840959529,0.6299436057219746
26,56,3.269,42.98,1.6431,22.79265339,0.455853068,E04001,0.890637858,0.020664553,0.0089,3.2779000000000003,1.6259000000000001,1.6348,1.0,0.0,0.0,22.79265339,0.455853068,0.7501425125071628,0.1342041403023766,0.8657958596976235,0.15500667830549225,0.05407708902170105,1.589022910978299,4.433234524286382,1.0054525024935992,2.8532160432197835,2.8766447685902308,5.57642237859023,2.361444976828855,1.1104929119092164,1.0870641865387691,0.6246229219820046,1.8864417975657314e-05,1208235.1769035065,24164.703548672096,5.9917365425439036e-05,5.975468061129388e-05,39388.15340080248,39174.55404717463,897760.5281366408,17955.210570610445,2.305621007210201,0.04611242016443528,892892.0321050731,17857.84064993637,2.293117776814006,0.04586235555640167,"[2.357,2.642]",2.5,"[2.500,3.000]",2.75,0.002,0.0,794,1.589,0.24,-5.273316477470999,26,1.0866835225290004,0.005,0.0,317,1.5875000000000001,0.1,-1.775816477471,28,1.0741835225290002,1.6236390193641128,1.613859344696339,0.6509726331342076,0.6235856604262942,1.7703583005887307,1.5687477418619102,0.6165793840959529,0.6299436057219746
26,56,3.269,42.98,1.6541,24.0490677,0.480981354,E04001,0.852423897,0.019668122,0.0089,3.2779000000000003,1.6149000000000002,1.6238000000000001,1.0,0.0,0.0,24.0490677,0.480981354,0.7501425125071628,0.1342041403023766,0.8657958596976235,0.15500667830549225,0.05407708902170105,1.6000229109782989,4.433234524286382,1.0054525024935992,2.8339126564952517,2.8572888275243558,5.593335637524355,2.365023390481446,1.1504383046337483,1.1270621336046442,0.6223270819999026,2.237781411670472e-05,1074683.5045898298,21493.6700917966,5.9917365425439016e-05,5.975468061129386e-05,40018.520289568085,39801.502497949026,962408.1036976464,19248.16207395293,2.4716483648486927,0.04943296729697386,957189.0281348951,19143.780562697906,2.4582447790609856,0.04916489558121972,"[2.357,2.642]",2.5,"[2.500,3.000]",2.75,0.002,0.0,800,1.601,0.24,-5.273316477470999,26,1.0866835225290004,0.005,0.0,320,1.6025,0.1,-1.775816477471,29,1.1741835225290003,1.6352755251699733,1.6288593446963389,0.6485719711358857,0.6214606649469241,1.7703583005887307,1.6220371363132053,0.6165793840959529,0.6224277806749908
26,56,3.269,42.98,1.6651,25.3274162,0.506548324,E04001,0.892313682,0.019859902,0.0089,3.2779000000000003,1.6039,1.6128,1.0,0.0,0.0,25.3274162,0.506548324,0.7501425125071628,0.1342041403023766,0.8657958596976235,0.15500667830549225,0.05407708902170105,1.611022910978299,4.433234524286382,1.0054525024935992,2.8146092697707186,2.8379328864584803,5.61049089645848,2.368647482522142,1.190383697358282,1.1670600806705203,0.6200069223783232,2.584709878164014e-05,979893.9685250367,19597.879370500737,5.991736542543903e-05,5.975468061129387e-05,40663.32347228899,40442.808955610366,1029896.9176578923,20597.93835315785,2.6449725669512394,0.052899451339024794,1024311.854715831,20486.237094316624,2.6306290554665734,0.05261258110933147,"[2.357,2.642]",2.5,"[2.500,3.000]",2.75,0.002,0.0,805,1.611,0.24,-5.273316477470999,26,1.0866835225290004,0.005,0.0,322,1.6125,0.1,-1.775816477471,29,1.1741835225290003,1.6449706910316593,1.6388593446963389,0.6465331158953013,0.6200411938211319,1.7703583005887307,1.6220371363132053,0.6165793840959529,0.6224277806749908
26,56,3.269,42.98,1.6761,26.65589794,0.533117959,E04001,0.877854502,0.019207757,0.0089,3.2779000000000003,1.5929000000000002,1.6018000000000001,1.0,0.0,0.0,26.65589794,0.533117959,0.7501425125071628,0.1342041403023766,0.8657958596976235,0.15500667830549225,0.05407708902170105,1.6220229109782989,4.433234524286382,1.0054525024935992,2.7953058830461863,2.8185769453926053,5.627888155392605,2.3723170436079166,1.2303290900828134,1.2070580277363945,0.6176623331158566,2.927240458033541e-05,910615.2474370648,18212.304955573672,5.9917365425439016e-05,5.975468061129386e-05,41322.92863693563,41098.837125027385,1101499.7683280592,22029.995374825776,2.828862403391169,0.05657724808904843,1095526.407857413,21910.52816536803,2.8135216694725744,0.056270433410561434,"[2.357,2.642]",2.5,"[2.500,3.000]",2.75,0.002,0.0,811,1.623,0.24,-5.273316477470999,27,1.3266835225290006,0.005,0.0,324,1.6225,0.1,-1.775816477471,29,1.1741835225290003,1.6566025847066967,1.6488593446963389,0.644039315402682,0.6186195638975578,1.814304614260677,1.6220371363132053,0.6042422220013365,0.6224277806749908
26,56,3.269,42.98,1.6871,28.02070442,0.560414088,E04001,0.917178941,0.019521279,0.0089,3.2779000000000003,1.5819,1.5908,1.0,0.0,0.0,28.02070442,0.560414088,0.7501425125071628,0.1342041403023766,0.8657958596976235,0.15500667830549225,0.05407708902170105,1.633022910978299,4.433234524286382,1.0054525024935992,2.7760024963216536,2.7992210043267303,5.645527414326731,2.3760318630705966,1.2702744828073471,1.2470559748022705,0.6152932052742273,3.265387381056271e-05,858112.7183426551,17162.254354603407,5.9917365425439e-05,5.975468061129384e-05,41997.712302912354,41769.961483764586,1176805.4827561046,23536.109638323007,3.0222619032652016,0.060445238022160765,1170423.7443713523,23408.47487071906,3.0058723766361526,0.06011744748981374,"[2.357,2.642]",2.5,"[2.500,3.000]",2.75,0.002,0.0,816,1.633,0.24,-5.273316477470999,27,1.3266835225290006,0.005,0.0,326,1.6325,0.1,-1.775816477471,30,1.2741835225290004,1.6662939094104061,1.6588593446963389,0.6419208537933081,0.6171958493394285,1.814304614260677,1.6753265307645004,0.6042422220013365,0.6148470441488667
26,56,3.269,42.98,1.6981,29.42781298,0.58855626,E04001,0.903906791,0.018825728,0.0089,3.2779000000000003,1.5709000000000002,1.5798,1.0,0.0,0.0,29.42781298,0.58855626,0.7501425125071628,0.1342041403023766,0.8657958596976235,0.15500667830549225,0.05407708902170105,1.644022910978299,4.433234524286382,1.0054525024935992,2.756699109597121,2.7798650632608557,5.6634086732608555,2.3797917289672337,1.310219875531879,1.2870539218681443,0.6128994310126773,3.5991658248388984e-05,817628.7065438896,16352.57414199148,5.9917365425439016e-05,5.975468061129386e-05,42688.06219768956,42456.5676566719,1256216.3108322162,25124.326233719552,3.226204121344513,0.06452408247074272,1249403.9327732574,24988.078672447777,3.208708629540709,0.06417417263442883,"[2.357,2.642]",2.5,"[2.500,3.000]",2.75,0.002,0.0,822,1.645,0.24,-5.273316477470999,27,1.3266835225290006,0.005,0.0,328,1.6425,0.1,-1.775816477471,30,1.2741835225290004,1.6779211964343261,1.668859344696339,0.639329048516454,0.6157701238045298,1.814304614260677,1.6753265307645004,0.6042422220013365,0.6148470441488667
26,56,3.269,42.98,1.7091,30.88002106,0.617600421,E04001,0.909973473,0.018523303,0.0089,3.2779000000000003,1.5599,1.5688,1.0,0.0,0.0,30.88002106,0.617600421,0.7501425125071628,0.1342041403023766,0.8657958596976235,0.15500667830549225,0.05407708902170105,1.655022910978299,4.433234524286382,1.0054525024935992,2.7373957228725883,2.76050912219498,5.68153193219498,2.383596428130186,1.3501652682564118,1.3270518689340203,0.6104809036227125,3.928591893639494e-05,786032.8050362183,15720.656095633483,5.9917365425439016e-05,5.975468061129386e-05,43394.37764909188,43159.05280604554,1340019.2956895507,26800.385905112136,3.441426239379737,0.06882852476530571,1332752.4595803383,26655.04918297496,3.422763612248948,0.06845527222281084,"[2.357,2.642]",2.5,"[2.500,3.000]",2.75,0.002,0.0,827,1.655,0.24,-5.273316477470999,27,1.3266835225290006,0.005,0.0,331,1.6575,0.1,-1.775816477471,31,1.3741835225290004,1.6876086845419707,1.6838593446963388,0.6371267798757954,0.6136279247913782,1.814304614260677,1.7286159252157955,0.6042422220013365,0.6072125800612072
26,56,3.269,42.98,1.7202,32.39241329,0.647848266,E04001,0.919968504,0.01839937,0.0089,3.2779000000000003,1.5488000000000002,1.5577,1.0,0.0,0.0,32.39241329,0.647848266,0.7501425125071628,0.1342041403023766,0.8657958596976235,0.15500667830549225,0.05407708902170105,1.666122910978299,4.433234524286382,1.0054525024935992,2.7179168508141958,2.7409772180285064,5.700065258028506,2.3874809440136913,1.3904738009148039,1.3674134337004933,0.608015190620061,4.2566181359726043e-05,760989.4112006968,15219.788228712503,5.991736542543904e-05,5.9754680611293884e-05,44123.71633363485,43884.436335087594,1429273.6553698238,28585.473116221216,3.6706485322010263,0.07341297066668415,1421522.7987648502,28430.45598407389,3.6507428477203416,0.07301485697694755,"[2.357,2.642]",2.5,"[2.500,3.000]",2.75,0.002,0.0,833,1.667,0.24,-5.273316477470999,27,1.3266835225290006,0.005,0.0,333,1.6675,0.1,-1.775816477471,31,1.3741835225290004,1.699231370383643,1.6938593446963388,0.6344317464477037,0.6121974907110417,1.814304614260677,1.7286159252157955,0.6042422220013365,0.6072125800612072
26,56,3.269,42.98,1.7312,33.94179481,0.678835896,E04001,0.928059349,0.018590649,0.0089,3.2779000000000003,1.5378,1.5467,1.0,0.0,0.0,33.94179481,0.678835896,0.7501425125071628,0.1342041403023766,0.8657958596976235,0.15500667830549225,0.05407708902170105,1.677122910978299,4.433234524286382,1.0054525024935992,2.6986134640896635,2.7216212769626313,5.7186747169626315,2.391375068232215,1.4304191936393371,1.4074113807663693,0.6055466141414729,4.577352202145154e-05,741515.909439814,14830.318184426946,5.991736542543903e-05,5.975468061129387e-05,44863.36406026975,44620.07300096739,1522743.0974200042,30454.861939427414,3.9106959639703947,0.07821391925636437,1514485.362206056,30289.70723519711,3.8894885181264844,0.07778977033961113,"[2.357,2.642]",2.5,"[2.500,3.000]",2.75,0.002,0.0,838,1.677,0.24,-5.273316477470999,27,1.3266835225290006,0.005,0.0,335,1.6775,0.1,-1.775816477471,31,1.3741835225290004,1.7089150264481034,1.7038593446963388,0.6321411591553493,0.6107652994136217,1.814304614260677,1.7286159252157955,0.6042422220013365,0.6072125800612072
26,56,3.269,42.98,1.7422,35.54073875,0.710814775,E04001,0.942580295,0.019217383,0.0089,3.2779000000000003,1.5268000000000002,1.5357,1.0,0.0,0.0,35.54073875,0.710814775,0.7501425125071628,0.1342041403023766,0.8657958596976235,0.15500667830549225,0.05407708902170105,1.688122910978299,4.433234524286382,1.0054525024935992,2.679310077365131,2.702265335896756,5.737526175896756,2.3953133773885944,1.470364586363869,1.447409327832244,0.6030529706238849,4.893787725851041e-05,726241.9365322876,14524.838730645753,5.9917365425439016e-05,5.975468061129386e-05,45620.2531333582,45372.85751461802,1621377.4983215528,32427.549966431056,4.1640079994462855,0.08328015998892571,1612584.8752680137,32251.69750536027,4.141426859169605,0.08282853718339209,"[2.357,2.642]",2.5,"[2.500,3.000]",2.75,0.002,0.0,844,1.689,0.24,-5.273316477470999,28,1.5666835225290008,0.005,0.0,337,1.6875,0.1,-1.775816477471,32,1.474183522529,1.7205331165655977,1.7138593446963388,0.6293372840807027,0.6093314222301965,1.8575602429758753,1.7819053196670904,0.5909728461997894,0.5995351562063646
26,56,3.269,42.98,1.7532,37.19891982,0.743978396,E04001,0.962393537,0.020457583,0.0089,3.2779000000000003,1.5158,1.5247,1.0,0.0,0.0,37.19891982,0.743978396,0.7501425125071628,0.1342041403023766,0.8657958596976235,0.15500667830549225,0.05407708902170105,1.699122910978299,4.433234524286382,1.0054525024935992,2.660006690640598,2.682909394830881,5.756619634830882,2.3992956539015533,1.5103099790884027,1.48740727489812,0.6005341582541531,5.205944310171331e-05,714547.0178641953,14290.940349600382,5.991736542543901e-05,5.975468061129386e-05,46394.83366950112,46143.2375516878,1725837.6977340085,34516.75393612224,4.4322818014618575,0.08864563598157683,1716478.5939204476,34329.57185995166,4.4082458300809435,0.088164916554217,"[2.357,2.642]",2.5,"[2.500,3.000]",2.75,0.002,0.0,849,1.699,0.24,-5.273316477470999,28,1.5666835225290008,0.005,0.0,339,1.6975,0.1,-1.775816477471,32,1.474183522529,1.7302129451307522,1.7238593446963388,0.6269535265037096,0.6078959299641685,1.8575602429758753,1.7819053196670904,0.5909728461997894,0.5995351562063646
26,56,3.269,42.98,1.7642,38.91234815,0.778246963,E04001,1.002252546,0.021484183,0.0089,3.2779000000000003,1.5048000000000001,1.5137,1.0,0.0,0.0,38.91234815,0.778246963,0.7501425125071628,0.1342041403023766,0.8657958596976235,0.15500667830549225,0.05407708902170105,1.710122910978299,4.433234524286382,1.0054525024935992,2.6407033039160654,2.6635534537650063,5.775955093765006,2.4033216792108805,1.5502553718129346,1.5274052219639938,0.5979900765307306,5.513842376293373e-05,705721.0833103004,14114.421666206006,5.9917365425439036e-05,5.975468061129388e-05,47187.569614957625,46931.67454248593,1836179.1372095926,36723.58274419185,4.715659754543349,0.09431319509086697,1826221.6590597045,36524.43318119409,4.6900870432448585,0.09380174086489716,"[2.357,2.642]",2.5,"[2.500,3.000]",2.75,0.002,0.0,855,1.711,0.24,-5.273316477470999,28,1.5666835225290008,0.005,0.0,342,1.7125000000000001,0.1,-1.775816477471,33,1.5741835225290002,1.7418264449713377,1.738859344696339,0.6240347693580717,0.6057398168596297,1.8575602429758753,1.8351947141183855,0.5909728461997894,0.5918251086336503
26,56,3.269,42.98,1.7752,40.68537976,0.813707595,E04001,0.990527807,0.023054965,0.0089,3.2779000000000003,1.4938000000000002,1.5027000000000001,1.0,0.0,0.0,40.68537976,0.813707595,0.7501425125071628,0.1342041403023766,0.8657958596976235,0.15500667830549225,0.05407708902170105,1.7211229109782988,4.433234524286382,1.0054525024935992,2.621399917191533,2.6441975126991313,5.795532552699131,2.407391233825348,1.590200764537466,1.567403169029868,0.5954206263004856,5.817503141507437e-05,699361.5434379905,13987.23086532191,5.991736542543902e-05,5.9754680611293864e-05,47998.93924986879,47738.64417347189,1952855.071458081,39057.10141956183,5.0153059036088905,0.1003061180475237,1942264.867425215,38845.297338956574,4.988108231040798,0.09976216459629557,"[2.357,2.642]",2.5,"[2.500,3.000]",2.75,0.002,0.0,860,1.721,0.24,-5.273316477470999,28,1.5666835225290008,0.005,0.0,344,1.7225000000000001,0.1,-1.775816477471,33,1.5741835225290002,1.7515024505721044,1.748859344696339,0.6215526174689284,0.6043005931578076,1.8575602429758753,1.8351947141183855,0.5909728461997894,0.5918251086336503
26,56,3.269,42.98,1.7973,44.44624912,0.888924982,E04001,0.899963457,0.026323931,0.0089,3.2779000000000003,1.4717000000000002,1.4806000000000001,1.0,0.0,0.0,44.44624912,0.888924982,0.7501425125071628,0.1342041403023766,0.8657958596976235,0.15500667830549225,0.05407708902170105,1.7432229109782988,4.433234524286382,1.0054525024935992,2.5826176584086085,2.6053096674667824,5.835596957466782,2.4156980269617274,1.6704546899203914,1.6477626808622174,0.5901812905921817,6.414866444829597e-05,692863.2030340058,13857.2640544446,5.9917365425439016e-05,5.975468061129386e-05,49687.3876923091,49417.9362715599,2208418.011494392,44168.36021001289,5.671640488105612,0.11343280971106956,2196441.906522035,43928.83811067353,5.640883556447977,0.11281767107819367,"[2.357,2.642]",2.5,"[2.500,3.000]",2.75,0.002,0.0,871,1.743,0.24,-5.273316477470999,28,1.5666835225290008,0.005,0.0,348,1.7425,0.1,-1.775816477471,34,1.6741835225290003,1.7727835527346514,1.7688593446963388,0.6159262910571005,0.6014180997153208,1.8575602429758753,1.8884841085696809,0.5909728461997894,0.5840923295845172
26,56,3.269,42.98,1.8083,46.42072967,0.928414593,E04001,0.967240289,0.024773415,0.0089,3.2779000000000003,1.4607,1.4696,1.0,0.0,0.0,46.42072967,0.928414593,0.7501425125071628,0.1342041403023766,0.8657958596976235,0.15500667830549225,0.05407708902170105,1.754222910978299,4.433234524286382,1.0054525024935992,2.5633142716840758,2.585953726400907,5.855902616400908,2.419897232611523,1.7104000826449242,1.687760627928093,0.5875349202852982,6.705912449915752e-05,692235.844364225,13844.716881319615,5.9917365425439016e-05,5.975468061129386e-05,50557.86517872859,50283.69321608054,2346932.9921540665,46938.65982285818,6.027373491744253,0.12054746978294814,2334205.7295928877,46684.11457174427,5.994687443510166,0.11989374881854804,"[2.357,2.642]",2.5,"[2.500,3.000]",2.75,0.002,0.0,877,1.7550000000000001,0.24,-5.273316477470999,29,1.806683522529001,0.005,0.0,350,1.7525,0.1,-1.775816477471,34,1.6741835225290003,1.7843878883202677,1.7788593446963388,0.6127577306603323,0.5999749662047986,1.9001567635363465,1.8884841085696809,0.5766684152408101,0.5840923295845172
26,56,3.269,42.98,1.8193,48.46338409,0.969267682,E04001,0.986311643,0.023110231,0.0089,3.2779000000000003,1.4497000000000002,1.4586000000000001,1.0,0.0,0.0,48.46338409,0.969267682,0.7501425125071628,0.1342041403023766,0.8657958596976235,0.15500667830549225,0.05407708902170105,1.7652229109782989,4.433234524286382,1.0054525024935992,2.544010884959543,2.5665977853350324,5.876450275335031,2.424139079206272,1.750345475369457,1.7277585749939677,0.5848627982489578,6.992813765522156e-05,693045.542395926,13860.910850778599,5.9917365425439016e-05,5.975468061129386e-05,51449.04869304435,51170.043901076155,2493395.007876121,49867.90016781223,6.4035160037212595,0.1280703201008514,2479873.4914800157,49597.469839834324,6.368790159495401,0.1273758032161909,"[2.357,2.642]",2.5,"[2.500,3.000]",2.75,0.002,0.0,882,1.7650000000000001,0.24,-5.273316477470999,29,1.806683522529001,0.005,0.0,353,1.7675,0.1,-1.775816477471,35,1.7741835225290004,1.7940562615612308,1.793859344696339,0.6100614433689322,0.5978080969109236,1.9001567635363465,1.941773503020976,0.5766684152408101,0.5763462587793833
26,56,3.269,42.98,1.8303,50.58197023,1.011639405,E04001,0.988494512,0.022142277,0.0089,3.2779000000000003,1.4387,1.4476,1.0,0.0,0.0,50.58197023,1.011639405,0.7501425125071628,0.1342041403023766,0.8657958596976235,0.15500667830549225,0.05407708902170105,1.776222910978299,4.433234524286382,1.0054525024935992,2.5247074982350104,2.547241844269157,5.897239934269157,2.428423343296872,1.7902908680939897,1.7677565220598432,0.5821648326497522,7.275595264118832e-05,695227.9283518684,13904.558572535198,5.991736542543901e-05,5.975468061129386e-05,52361.4967219575,52077.543784611385,2648547.668388297,52970.95338871053,6.801977756259993,0.13603955517898958,2634184.7693647346,52683.695408125706,6.765091080275366,0.13530182165900537,"[2.357,2.642]",2.5,"[2.500,3.000]",2.75,0.002,0.0,888,1.7770000000000001,0.24,-5.273316477470999,29,1.806683522529001,0.005,0.0,355,1.7775,0.1,-1.775816477471,35,1.7741835225290004,1.805656023147371,1.803859344696339,0.6067568826158094,0.5963621684973234,1.9001567635363465,1.941773503020976,0.5766684152408101,0.5763462587793833
26,56,3.269,42.98,1.8413,52.76536022,1.055307204,E04001,0.991180573,0.021415565,0.0089,3.2779000000000003,1.4277000000000002,1.4366,1.0,0.0,0.0,52.76536022,1.055307204,0.7501425125071628,0.1342041403023766,0.8657958596976235,0.15500667830549225,0.05407708902170105,1.7872229109782989,4.433234524286382,1.0054525024935992,2.5054041115104777,2.527885903203282,5.918271593203281,2.4327498007816755,1.8302362608185216,1.8077544691257175,0.5794409332305773,7.554282481486322e-05,698482.7526547338,13969.655047799668,5.991736542543903e-05,5.975468061129387e-05,53295.785623748045,53006.76609941336,2812171.3266449627,56243.42651158095,7.222194653672677,0.14444389301870403,2796921.1073328303,55938.4221254539,7.183029169215931,0.14366058332986603,"[2.357,2.642]",2.5,"[2.500,3.000]",2.75,0.002,0.0,893,1.7870000000000001,0.24,-5.273316477470999,29,1.806683522529001,0.005,0.0,357,1.7875,0.1,-1.775816477471,35,1.7741835225290004,1.8153205869751048,1.813859344696339,0.6039439108026902,0.594915237957514,1.9001567635363465,1.941773503020976,0.5766684152408101,0.5763462587793833
26,56,3.269,42.98,1.8523,55.02829025,1.100565805,E04001,1.043099826,0.021806965,0.0089,3.2779000000000003,1.4167,1.4256,1.0,0.0,0.0,55.02829025,1.100565805,0.7501425125071628,0.1342041403023766,0.8657958596976235,0.15500667830549225,0.05407708902170105,1.798222910978299,4.433234524286382,1.0054525024935992,2.486100724785945,2.508529962137407,5.939545252137407,2.4371182269511276,1.8701816535430553,1.8477524161915935,0.5766910113495929,7.82890159470283e-05,702886.4724424828,14057.729448849655,5.991736542543902e-05,5.9754680611293864e-05,54252.51031394931,53958.30253482778,2985422.884347121,59708.45768694242,7.667137841138355,0.15334275682276707,2969233.133283814,59384.662665676275,7.62555945917213,0.15251118918344259,"[2.357,2.642]",2.5,"[2.500,3.000]",2.75,0.002,0.0,899,1.799,0.24,-5.273316477470999,29,1.806683522529001,0.005,0.0,359,1.7975,0.1,-1.775816477471,36,1.8741835225290004,1.8269157799662068,1.823859344696339,0.60049513908937,0.5934673706502614,1.9001567635363465,1.995062897472271,0.5766684152408101,0.5685958778310084
26,56,3.269,42.98,1.8634,57.39012738,1.147802548,E04001,1.029793846,0.021432258,0.0089,3.2779000000000003,1.4056000000000002,1.4145,1.0,0.0,0.0,57.39012738,1.147802548,0.7501425125071628,0.1342041403023766,0.8657958596976235,0.15500667830549225,0.05407708902170105,1.809322910978299,4.433234524286382,1.0054525024935992,2.466621852727553,2.488998057970933,5.961257617970933,2.4415686797571214,1.910490186201447,1.888113980958067,0.5738896233494779,8.10192074556184e-05,708352.1202233162,14167.042409403424,5.9917365425439036e-05,5.975468061129388e-05,55241.29968285465,54941.72976431209,3170305.225435782,63406.10453081216,8.141951108280947,0.16283902222236704,3153112.8696514084,63062.25741500486,8.097797845336588,0.1619559569631721,"[2.357,2.642]",2.5,"[2.000,2.500]",2.25,0.002,0.0,904,1.809,0.24,-5.273316477470999,29,1.806683522529001,0.005,0.0,361,1.8075,0.1,-1.275816477471,31,1.8741835225290004,1.8365765388799744,1.829066736569732,0.5975583613233628,0.5646633486628522,1.9001567635363465,1.7286159252157955,0.5766684152408101,0.5808122855393891
26,56,3.269,42.98,1.8744,59.80516084,1.196103217,E04001,1.030011443,0.021068416,0.0089,3.2779000000000003,1.3946,1.4035,1.0,0.0,0.0,59.80516084,1.196103217,0.7501425125071628,0.1342041403023766,0.8657958596976235,0.15500667830549225,0.05407708902170105,1.820322910978299,4.433234524286382,1.0054525024935992,2.44731846600302,2.4696421169050575,5.983017476905058,2.4460207433513435,1.9504355789259802,1.9281119280239425,0.5710871587569016,8.3684482746004e-05,714650.5406685536,14293.010815761001,5.9917365425439036e-05,5.975468061129388e-05,56244.97682910207,55939.96403570553,3363739.885706522,67274.79772537945,8.638728369326786,0.17277456741542535,3345498.5465391846,66909.9709419717,8.591881116116454,0.171837622351062,"[2.357,2.642]",2.5,"[2.000,2.500]",2.25,0.002,0.0,910,1.821,0.24,-5.273316477470999,30,2.0466835225290003,0.005,0.0,364,1.8225,0.1,-1.275816477471,32,1.974183522529,1.8481671686698533,1.8440667365697319,0.5939564800751496,0.5622531803287234,1.9421234176010564,1.7819053196670904,0.5612098015923472,0.572245294698319
26,56,3.269,42.98,1.8854,62.30005403,1.246001081,E04001,1.043337779,0.021027269,0.0089,3.2779000000000003,1.3836000000000002,1.3925,1.0,0.0,0.0,62.30005403,1.246001081,0.7501425125071628,0.1342041403023766,0.8657958596976235,0.15500667830549225,0.05407708902170105,1.831322910978299,4.433234524286382,1.0054525024935992,2.428015079278488,2.450286175839183,6.005019335839183,2.4505140962335195,1.990380971650512,1.9681098750898172,0.5682584151106924,8.630990116416212e-05,721818.1597903211,14436.363200440885,5.9917365425439016e-05,5.975468061129386e-05,57272.9992497231,56962.411558658096,3568110.9477178985,71362.21897726717,9.163592404970343,0.18327184815824207,3548761.317783496,70975.22637845488,9.11389884877101,0.18227797703393633,"[2.357,2.642]",2.5,"[2.000,2.500]",2.25,0.002,0.0,915,1.831,0.24,-5.273316477470999,30,2.0466835225290003,0.005,0.0,366,1.8325,0.1,-1.275816477471,32,1.974183522529,1.8578241271600646,1.8540667365697319,0.5908881720460949,0.5606469720111713,1.9421234176010564,1.7819053196670904,0.5612098015923472,0.572245294698319
26,56,3.269,42.98,1.8964,64.86576213,1.297315243,E04001,1.057568704,0.020812212,0.0089,3.2779000000000003,1.3726,1.3815,1.0,0.0,0.0,64.86576213,1.297315243,0.7501425125071628,0.1342041403023766,0.8657958596976235,0.15500667830549225,0.05407708902170105,1.842322910978299,4.433234524286382,1.0054525024935992,2.4087116925539545,2.430930234773308,6.027263194773308,2.4550485116944856,2.0303263643750458,2.0081078221556923,0.5654033106413399,8.889574799792996e-05,729683.51795083,14593.670363516254,5.991736542543905e-05,5.97546806112939e-05,58326.04380772363,58009.74552559228,3783363.28361576,75667.26569564562,9.716401636322114,0.19432803278635927,3762846.3544849004,75256.9271129019,9.663710232183712,0.19327420470326628,"[2.357,2.642]",2.5,"[2.000,2.500]",2.25,0.002,0.0,921,1.843,0.24,-5.273316477470999,30,2.0466835225290003,0.005,0.0,368,1.8425,0.1,-1.275816477471,32,1.974183522529,1.86941019913192,1.8640667365697319,0.5871235214563433,0.5590413022111594,1.9421234176010564,1.7819053196670904,0.5612098015923472,0.572245294698319
26,56,3.269,42.98,1.9074,67.50682894,1.350136579,E04001,1.085816075,0.021034909,0.0089,3.2779000000000003,1.3616000000000001,1.3705,1.0,0.0,0.0,67.50682894,1.350136579,0.7501425125071628,0.1342041403023766,0.8657958596976235,0.15500667830549225,0.05407708902170105,1.853322910978299,4.433234524286382,1.0054525024935992,2.3894083058294227,2.4115742937074325,6.0497490537074325,2.4596237626326984,2.070271757099577,2.048105769221567,0.5625217653937092,9.144231385973071e-05,738244.9775226938,14764.899552641045,5.9917365425439016e-05,5.975468061129386e-05,59404.809872003745,59082.66151277685,4010230.3382425806,80204.60677673256,10.299039690232956,0.20598079383517165,3988483.124062949,79769.6624930755,10.243188678421456,0.20486377359877622,"[2.357,2.642]",2.5,"[2.000,2.500]",2.25,0.002,0.0,926,1.853,0.24,-5.273316477470999,30,2.0466835225290003,0.005,0.0,370,1.8525,0.1,-1.275816477471,33,2.074183522529,1.8790633616801813,1.8740667365697319,0.5839152910817753,0.5574362403097899,1.9421234176010564,1.8351947141183855,0.5612098015923472,0.5636786062174466
26,56,3.269,42.98,1.9184,70.21734666,1.404346933,E04001,1.073808732,0.020507753,0.0089,3.2779000000000003,1.3506,1.3595,1.0,0.0,0.0,70.21734666,1.404346933,0.7501425125071628,0.1342041403023766,0.8657958596976235,0.15500667830549225,0.05407708902170105,1.864322910978299,4.433234524286382,1.0054525024935992,2.37010491910489,2.3922183526415575,6.072476912641558,2.464239621595586,2.1102171498241105,2.088103716287443,0.5596137012675164,9.394989447323783e-05,747391.4372517131,14947.828742905467,5.991736542543901e-05,5.975468061129386e-05,60510.02022210853,60181.87838017116,4248853.066339405,84977.06131468609,10.911868565478526,0.21823737127849022,4225811.816870438,84516.23632537237,10.852694223164452,0.21705388443237728,"[2.357,2.642]",2.5,"[2.000,2.500]",2.25,0.002,0.0,932,1.865,0.24,-5.273316477470999,30,2.0466835225290003,0.005,0.0,372,1.8625,0.1,-1.275816477471,33,2.074183522529,1.8906448812066472,1.884066736569732,0.5799773672757774,0.5558318548399166,1.9421234176010564,1.8351947141183855,0.5612098015923472,0.5636786062174466
26,56,3.269,42.98,1.9294,73.00186204,1.460037241,E04001,1.105451255,0.020547421,0.0089,3.2779000000000003,1.3396000000000001,1.3485,1.0,0.0,0.0,73.00186204,1.460037241,0.7501425125071628,0.1342041403023766,0.8657958596976235,0.15500667830549225,0.05407708902170105,1.875322910978299,4.433234524286382,1.0054525024935992,2.3508015323803573,2.372862411575683,6.095446771575682,2.4688958608203144,2.1501625425486424,2.1281016633533167,0.5566790420580203,9.64187904616909e-05,757133.1447992504,15142.662898059292,5.991736542543901e-05,5.975468061129386e-05,61642.42199695169,61308.13921500396,4500011.586432929,90000.23174098706,11.556891755871362,0.23113783514908914,4475608.320902834,89512.16643031829,11.494219495410661,0.2298843899397034,"[2.357,2.642]",2.5,"[2.000,2.500]",2.25,0.002,0.0,937,1.875,0.24,-5.273316477470999,30,2.0466835225290003,0.005,0.0,375,1.8775,0.1,-1.275816477471,34,2.1741835225290003,1.9002942522857467,1.8990667365697318,0.5766200812332342,0.5534266927767737,1.9421234176010564,1.8884841085696809,0.5612098015923472,0.5551233710672023
26,56,3.269,42.98,1.9405,75.87046363,1.517409273,E04001,1.087379674,0.02016595,0.0089,3.2779000000000003,1.3285000000000002,1.3374000000000001,1.0,0.0,0.0,75.87046363,1.517409273,0.7501425125071628,0.1342041403023766,0.8657958596976235,0.15500667830549225,0.05407708902170105,1.8864229109782988,4.433234524286382,1.0054525024935992,2.3313226603219652,2.3533305074092086,6.1188707574092085,2.4736351302100332,2.190471075207035,2.1684632281197915,0.5536906697782389,9.887122765510261e-05,767366.4566466464,15347.329136978593,5.9917365425439036e-05,5.975468061129388e-05,62813.467166738286,62472.83388420247,4765686.876148216,95313.7375480897,12.239196791419765,0.24478393589292205,4739842.871074415,94796.85744647743,12.17282443582926,0.2434564887807621,"[2.357,2.642]",2.5,"[2.000,2.500]",2.25,0.002,0.0,943,1.887,0.24,-5.273316477470999,31,2.2866835225290005,0.005,0.0,377,1.8875,0.1,-1.275816477471,34,2.1741835225290003,1.9118712247288983,1.9090667365697318,0.572497442364987,0.5518242926654995,1.9834873465255325,1.8884841085696809,0.5444583036292504,0.5551233710672023
26,56,3.269,42.98,1.9515,78.77774457,1.575554891,E04001,1.094217669,0.019929487,0.0089,3.2779000000000003,1.3175000000000001,1.3264,1.0,0.0,0.0,78.77774457,1.575554891,0.7501425125071628,0.1342041403023766,0.8657958596976235,0.15500667830549225,0.05407708902170105,1.897422910978299,4.433234524286382,1.0054525024935992,2.312019273597432,2.3339745663433336,6.142326816343333,2.4783718075267345,2.230416467931568,2.2084611751856666,0.5507023561435339,0.00010126333016158452,777949.3765837586,15558.987527725074,5.9917365425439036e-05,5.975468061129388e-05,64002.86089863701,63655.77761247301,5042001.027622066,100840.02052684019,12.948824461896502,0.2589764891721814,5014658.589160123,100293.17175774014,12.878603842332112,0.25757207678125016,"[2.357,2.642]",2.5,"[2.000,2.500]",2.25,0.002,0.0,948,1.897,0.24,-5.273316477470999,31,2.2866835225290005,0.005,0.0,379,1.8975,0.1,-1.275816477471,34,2.1741835225290003,1.9215168088028491,1.9190667365697318,0.5689811426987067,0.5502228021959211,1.9834873465255325,1.8884841085696809,0.5444583036292504,0.5551233710672023
26,56,3.269,42.98,1.9625,81.75029408,1.635005882,E04001,1.099690234,0.019694119,0.0089,3.2779000000000003,1.3065000000000002,1.3154000000000001,1.0,0.0,0.0,81.75029408,1.635005882,0.7501425125071628,0.1342041403023766,0.8657958596976235,0.15500667830549225,0.05407708902170105,1.9084229109782989,4.433234524286382,1.0054525024935992,2.2927158868729003,2.314618625277459,6.166024875277459,2.483148178276411,2.2703618606561,2.2484591222515413,0.5476872299650893,0.00010361768009501304,788960.8607820445,15779.217219501234,5.9917365425439016e-05,5.975468061129386e-05,65221.85147156613,64868.157680060416,5331905.538242612,106638.11079094098,13.693354777969821,0.27386709562639727,5302990.96677275,106059.81936140225,13.619096619690392,0.27238193246044534,"[2.357,2.642]",2.5,"[2.000,2.500]",2.25,0.002,0.0,954,1.909,0.24,-5.273316477470999,31,2.2866835225290005,0.005,0.0,381,1.9075,0.1,-1.275816477471,35,2.2741835225290004,1.9330892395142527,1.9290667365697318,0.5646613022166004,0.5486222861064268,1.9834873465255325,1.941773503020976,0.5444583036292504,0.5465900537943212
26,56,3.269,42.98,1.9735,84.76896874,1.695379375,E04001,1.105357319,0.019582638,0.0089,3.2779000000000003,1.2955,1.3044,1.0,0.0,0.0,84.76896874,1.695379375,0.7501425125071628,0.1342041403023766,0.8657958596976235,0.15500667830549225,0.05407708902170105,1.919422910978299,4.433234524286382,1.0054525024935992,2.2734125001483667,2.2952626842115835,6.1899649342115834,2.487964013849795,2.3103072533806337,2.288457069317417,0.5446452230501693,0.00010593459563374365,800200.994140561,16004.019884699175,5.991736542543904e-05,5.9754680611293884e-05,66471.29418659046,66110.82474978834,5634703.05901043,112694.06119350286,14.470996813828176,0.28941993631070567,5604146.436590427,112082.92874503069,14.392521554164913,0.2878504311172553,"[2.357,2.642]",2.5,"[2.000,2.500]",2.25,0.002,0.0,959,1.919,0.24,-5.273316477470999,31,2.2866835225290005,0.005,0.0,383,1.9175,0.1,-1.275816477471,35,2.2741835225290004,1.9427310410383214,1.9390667365697318,0.5609751114184666,0.5470228082981669,1.9834873465255325,1.941773503020976,0.5444583036292504,0.5465900537943212
26,56,3.269,42.98,1.9845,87.84162855,1.756832571,E04001,1.101983212,0.020491423,0.0089,3.2779000000000003,1.2845000000000002,1.2934,1.0,0.0,0.0,87.84162855,1.756832571,0.7501425125071628,0.1342041403023766,0.8657958596976235,0.15500667830549225,0.05407708902170105,1.9304229109782989,4.433234524286382,1.0054525024935992,2.254109113423835,2.2759067431457085,6.214146993145708,2.492819085522595,2.3502526461051656,2.328455016383292,0.5415762693083117,0.00010821439882470849,811736.9731202831,16234.739462405663,5.991736542543901e-05,5.975468061129386e-05,67752.07421325389,67384.6591909847,5951452.536532681,119029.05073065362,15.284470147205786,0.3056894029441157,5919178.202622822,118383.56405245644,15.201583475399511,0.30403166950799027,"[2.357,2.642]",2.5,"[2.000,2.500]",2.25,0.002,0.0,965,1.931,0.24,-5.273316477470999,31,2.2866835225290005,0.005,0.0,386,1.9325,0.1,-1.275816477471,36,2.3741835225290004,1.9542989353590485,1.954066736569732,0.5564444164071936,0.544625676093274,1.9834873465255325,1.995062897472271,0.5444583036292504,0.538088438950376
26,56,3.269,42.98,1.9955,90.96033104,1.819206621,E04001,1.110374147,0.021547855,0.0089,3.2779000000000003,1.2735,1.2824,1.0,0.0,0.0,90.96033104,1.819206621,0.7501425125071628,0.1342041403023766,0.8657958596976235,0.15500667830549225,0.05407708902170105,1.941422910978299,4.433234524286382,1.0054525024935992,2.2348057266993018,2.2565508020798335,6.238571052079834,2.497713164492639,2.390198038829698,2.3684529634491662,0.5384803047930948,0.0001104574153842646,823487.7733066884,16469.75546794442,5.991736542543903e-05,5.975468061129387e-05,69065.1078621388,68690.57234514017,6282185.074453452,125643.70150288206,16.13385465821874,0.32267709319984933,6248117.199841019,124962.34401055849,16.046361830325694,0.320927236641796,"[2.357,2.642]",2.5,"[2.000,2.500]",2.25,0.002,0.0,970,1.941,0.24,-5.273316477470999,31,2.2866835225290005,0.005,0.0,388,1.9425000000000001,0.1,-1.275816477471,36,2.3741835225290004,1.9639369587797617,1.964066736569732,0.5525764290699997,0.5430290680842266,1.9834873465255325,1.995062897472271,0.5444583036292504,0.538088438950376
26,56,3.269,42.98,2.0065,94.12442446,1.882488489,E04001,1.11554467,0.023160832,0.0089,3.2779000000000003,1.2625000000000002,1.2714,1.0,0.0,0.0,94.12442446,1.882488489,0.7501425125071628,0.1342041403023766,0.8657958596976235,0.15500667830549225,0.05407708902170105,1.952422910978299,4.433234524286382,1.0054525024935992,2.2155023399747695,2.2371948610139585,6.263237111013958,2.5026460219163953,2.4301434315542303,2.4084509105150413,0.5353572677440406,0.0001126639745015062,835443.8486345221,16708.87697091525,5.991736542543901e-05,5.975468061129386e-05,70411.34392313063,70029.50785691527,6627427.2222197885,132548.54443031352,17.020502626710492,0.3404100524980439,6591487.122249197,131829.74243097805,16.928201565462654,0.3385640312732833,"[2.357,2.642]",2.5,"[2.000,2.500]",2.25,0.002,0.0,976,1.953,0.24,-5.273316477470999,32,2.5266835225290007,0.005,0.0,390,1.9525000000000001,0.1,-1.275816477471,36,2.3741835225290004,1.975500322040432,1.974066736569732,0.5478199211765503,0.5414337154546054,2.0242737966816997,1.995062897472271,0.5262515178635749,0.538088438950376
26,56,3.269,42.98,2.0396,103.8767587,2.077535174,E04001,1.087827551,0.027051287,0.0089,3.2779000000000003,1.2294,1.2383,1.0,0.0,0.0,103.8767587,2.077535174,0.7501425125071628,0.1342041403023766,0.8657958596976235,0.15500667830549225,0.05407708902170105,1.985522910978299,4.433234524286382,1.0054525024935992,2.1574166944673117,2.178951074715734,6.338919234715734,2.5177210398921748,2.550342749661689,2.5288083694132664,0.5257958795826903,0.00011908716914307305,872274.9851850198,17445.499703700396,5.991736542543903e-05,5.975468061129387e-05,74672.64032513485,74267.69553006331,7756751.8405459225,155135.03681091845,19.920824574899413,0.39841649149798825,7714687.487781455,154293.7497556291,19.812795259342675,0.3962559051868535,"[2.357,2.642]",2.5,"[2.000,2.500]",2.25,0.002,0.0,992,1.985,0.24,-5.273316477470999,32,2.5266835225290007,0.005,0.0,397,1.9875,0.1,-1.275816477471,38,2.574183522529,2.0063238898352367,2.0090667365697317,0.534486289047531,0.5358607286128793,2.0242737966816997,2.1016416863748613,0.5262515178635749,0.5212161185153217
26,56,3.269,42.98,2.0506,107.1781795,2.14356359,E04001,1.128961143,0.0253783,0.0089,3.2779000000000003,1.2184,1.2272999999999998,1.0,0.0,0.0,107.1781795,2.14356359,0.7501425125071628,0.1342041403023766,0.8657958596976235,0.15500667830549225,0.05407708902170105,1.9965229109782991,4.433234524286382,1.0054525024935992,2.138113307742779,2.159595133649859,6.36455549364986,2.5228070662755524,2.5902881423862216,2.5688063164791415,0.5225637315981624,0.00012115093549093884,884666.5447995332,17693.33089599066,5.991736542543901e-05,5.975468061129386e-05,76162.21908436775,75749.19640209718,8162927.9881426925,163258.55976285384,20.96396272719774,0.41927925454395476,8118660.968964726,162373.2193792945,20.850276542358298,0.41700553084716585,"[2.357,2.642]",2.5,"[2.000,2.500]",2.25,0.002,0.0,998,1.997,0.24,-5.273316477470999,32,2.5266835225290007,0.005,0.0,399,1.9975,0.1,-1.275816477471,38,2.574183522529,2.0178782069259285,2.019066736569732,0.5292272372620477,0.5342717579178908,2.0242737966816997,2.1016416863748613,0.5262515178635749,0.5212161185153217
26,56,3.269,42.98,2.0616,110.5147696,2.210295392,E04001,1.122021974,0.023707238,0.0089,3.2779000000000003,1.2074000000000003,1.2163000000000002,1.0,0.0,0.0,110.5147696,2.210295392,0.7501425125071628,0.1342041403023766,0.8657958596976235,0.15500667830549225,0.05407708902170105,2.007522910978299,4.433234524286382,1.0054525024935992,2.1188099210182467,2.1402391925839845,6.390433752583984,2.5279307254321637,2.630233535110753,2.6088042635450153,0.5193042360957745,0.0001231799388681326,897181.5590711486,17943.631181422974,5.9917365425439036e-05,5.975468061129388e-05,77690.29386139671,77268.98453056593,8585924.926248552,171718.49852497104,22.050299891638126,0.4410059978327625,8539364.022621457,170787.28045242914,21.93072257212717,0.4386144514425434,"[2.357,2.642]",2.5,"[2.000,2.500]",2.25,0.002,0.0,1003,2.007,0.24,-5.273316477470999,32,2.5266835225290007,0.005,0.0,401,2.0075,0.1,-1.275816477471,38,2.574183522529,2.0275049226288573,2.0290667365697317,0.5247301744557387,0.5326843633974626,2.0242737966816997,2.1016416863748613,0.5262515178635749,0.5212161185153217
26,56,3.269,42.98,2.0726,113.8763657,2.277527313,E04001,1.124026037,0.023007408,0.0089,3.2779000000000003,1.1964000000000001,1.2053,1.0,0.0,0.0,113.8763657,2.277527313,0.7501425125071628,0.1342041403023766,0.8657958596976235,0.15500667830549225,0.05407708902170105,2.018522910978299,4.433234524286382,1.0054525024935992,2.099506534293714,2.120883251518109,6.416554011518109,2.5330917890037283,2.670178927835286,2.648802210610891,0.5160173453389608,0.000125174525339197,909740.7431058249,18194.814854127653,5.991736542543903e-05,5.975468061129387e-05,79258.04103958444,78828.229919383,9025617.666089324,180512.35324252848,23.179515073106202,0.4635903012585743,8976672.337783339,179533.4466768386,23.053814094270226,0.4610762816829586,"[2.357,2.642]",2.5,"[2.000,2.500]",2.25,0.002,0.0,1009,2.019,0.24,-5.273316477470999,33,2.766683522529,0.005,0.0,403,2.0175,0.1,-1.275816477471,39,2.6741835225290003,2.0390547245888584,2.039066736569732,0.5191908832406376,0.5310986007405383,2.0645062996703905,2.1549310808261564,0.5063981117094919,0.512861688406919
26,56,3.269,42.98,2.0836,117.2623533,2.345247067,E04001,1.185376176,0.023622245,0.0089,3.2779000000000003,1.1854,1.1943,1.0,0.0,0.0,117.2623533,2.345247067,0.7501425125071628,0.1342041403023766,0.8657958596976235,0.15500667830549225,0.05407708902170105,2.029522910978299,4.433234524286382,1.0054525024935992,2.0802031475691813,2.101527310452234,6.442916270452235,2.538290028828903,2.7101243205598187,2.688800157676766,0.5127030140734671,0.00012713504313906747,922344.8579140516,18446.897166146682,5.991736542543902e-05,5.9754680611293864e-05,80866.68108270071,80428.14641382378,9482617.327318078,189652.34662722822,24.353177743934374,0.48706355508636856,9431193.720041933,188623.87448126677,24.221112069975092,0.4844222416060566,"[2.357,2.642]",2.5,"[2.000,2.500]",2.25,0.002,0.0,1014,2.029,0.24,-5.273316477470999,33,2.766683522529,0.005,0.0,405,2.0275,0.1,-1.275816477471,39,2.6741835225290003,2.04867767988776,2.0490667365697317,0.5144513458698027,0.5295145248336666,2.0645062996703905,2.1549310808261564,0.5063981117094919,0.512861688406919
26,56,3.269,42.98,2.0947,120.6949796,2.413899592,E04001,1.151663478,0.022950416,0.0089,3.2779000000000003,1.1743000000000001,1.1832,1.0,0.0,0.0,120.6949796,2.413899592,0.7501425125071628,0.1342041403023766,0.8657958596976235,0.15500667830549225,0.05407708902170105,2.040622910978299,4.433234524286382,1.0054525024935992,2.0607242755107893,2.08199540628576,6.4697634962857595,2.5435729783683736,2.750432853218211,2.7291617224432403,0.5093306932531649,0.0001290792052779733,935045.8839600245,18700.91767920049,5.9917365425439016e-05,5.975468061129386e-05,82532.68521623744,82085.11591701255,9961280.758506998,199225.61517014,25.582477125834263,0.5116495425166854,9907261.391067464,198145.22782134928,25.443745042543295,0.5088749008508658,"[2.357,2.642]",2.5,"[2.000,2.500]",2.25,0.002,0.0,1020,2.041,0.24,-5.273316477470999,33,2.766683522529,0.005,0.0,408,2.0425,0.1,-1.275816477471,40,2.774183522529,2.0602229720061302,2.064066736569732,0.5086097782450297,0.527141691729937,2.0645062996703905,2.208220475277451,0.5063981117094919,0.5045715461122886
26,56,3.269,42.98,2.1057,124.1245495,2.482490989,E04001,1.168181481,0.022880244,0.0089,3.2779000000000003,1.1633,1.1722,1.0,0.0,0.0,124.1245495,2.482490989,0.7501425125071628,0.1342041403023766,0.8657958596976235,0.15500667830549225,0.05407708902170105,2.051622910978299,4.433234524286382,1.0054525024935992,2.0414208887862566,2.062639465219885,6.496611955219885,2.5488452199417457,2.790378245942744,2.7691596695091154,0.5059611049602772,0.00013097233654382667,947715.7755253513,18954.315502871825,5.9917365425439016e-05,5.975468061129386e-05,84227.36040226735,83770.60099147106,10454683.165505573,209093.6632258841,26.849629020945034,0.5369925802025887,10397988.109410599,207959.76210444138,26.70402525664405,0.5340805049177421,"[2.357,2.642]",2.5,"[2.000,2.500]",2.25,0.002,0.0,1025,2.051,0.24,-5.273316477470999,33,2.766683522529,0.005,0.0,410,2.0525,0.1,-1.275816477471,40,2.774183522529,2.069842171304245,2.074066736569732,0.5036084391442825,0.5255620675964926,2.0645062996703905,2.208220475277451,0.5063981117094919,0.5045715461122886
26,56,3.269,42.98,2.1167,127.5709873,2.551419746,E04001,1.175815937,0.022810829,0.0089,3.2779000000000003,1.1523000000000003,1.1612000000000002,1.0,0.0,0.0,127.5709873,2.551419746,0.7501425125071628,0.1342041403023766,0.8657958596976235,0.15500667830549225,0.05407708902170105,2.0626229109782988,4.433234524286382,1.0054525024935992,2.0221175020617244,2.04328352415401,6.523702414154009,2.5541539527119363,2.8303236386672754,2.8091576165749896,0.5025639553854184,0.00013283245836313715,960390.1702341957,19207.803404683913,5.991736542543902e-05,5.9754680611293864e-05,85966.8879187103,85500.69516511803,10966880.766898315,219337.6153379663,28.165050575582647,0.5633010115116529,10907408.097050443,218148.16194100888,28.012313367097065,0.5602462673419414,"[2.357,2.642]",2.5,"[2.000,2.500]",2.25,0.002,0.0,1031,2.063,0.24,-5.273316477470999,33,2.766683522529,0.005,0.0,412,2.0625,0.1,-1.275816477471,40,2.774183522529,2.08138295885972,2.084066736569732,0.4974401677442001,0.523984316054222,2.0645062996703905,2.208220475277451,0.5063981117094919,0.5045715461122886
26,56,3.269,42.98,2.1277,131.0312059,2.620624119,E04001,1.182924319,0.022666356,0.0089,3.2779000000000003,1.1413000000000002,1.1502000000000001,1.0,0.0,0.0,131.0312059,2.620624119,0.7501425125071628,0.1342041403023766,0.8657958596976235,0.15500667830549225,0.05407708902170105,2.073622910978299,4.433234524286382,1.0054525024935992,2.0028141153371917,2.023927583088135,6.551034873088135,2.559498949616533,2.8702690313918082,2.8491555636408648,0.4991392096527325,0.0001346599259557417,973052.7101512419,19461.05421045095,5.9917365425439016e-05,5.975468061129386e-05,87752.68658567198,87276.80956389148,11498340.344285354,229966.80697345975,29.529940574310807,0.5905988117115818,11435985.604261354,228719.71217250387,29.369801657536573,0.587396033374875,"[2.357,2.642]",2.5,"[2.000,2.500]",2.25,0.002,0.0,1036,2.073,0.24,-5.273316477470999,33,2.766683522529,0.005,0.0,414,2.0725000000000002,0.1,-1.275816477471,41,2.8741835225290004,2.0909984065517193,2.094066736569732,0.4921555747145266,0.5224084884284843,2.0645062996703905,2.2615098697287466,0.5063981117094919,0.4963522850020433
26,56,3.269,42.98,2.1387,134.5510256,2.691020512,E04001,1.204004201,0.02266798,0.0089,3.2779000000000003,1.1303,1.1392,1.0,0.0,0.0,134.5510256,2.691020512,0.7501425125071628,0.1342041403023766,0.8657958596976235,0.15500667830549225,0.05407708902170105,2.084622910978299,4.433234524286382,1.0054525024935992,1.9835107286126588,2.0045716420222597,6.57860933202226,2.5648799839412098,2.910214424116342,2.889153510706741,0.4956868355813836,0.0001364550958715055,986046.1768807924,19720.923537615847,5.991736542543902e-05,5.9754680611293864e-05,89586.23072893995,89100.41051840762,12053919.224217106,241078.38448434212,30.95677356215854,0.6191354712431708,11988551.616632773,239771.03233265548,30.788897024358057,0.6157779404871612,"[2.357,2.642]",2.5,"[2.000,2.500]",2.25,0.002,0.0,1042,2.085,0.24,-5.273316477470999,34,3.0066835225290003,0.005,0.0,416,2.0825,0.1,-1.275816477471,41,2.8741835225290004,2.1025346948127392,2.104066736569732,0.48563344907861117,0.5208346352648716,2.104206831080068,2.2615098697287466,0.4846711407257594,0.4963522850020433
26,56,3.269,42.98,2.1497,137.9812415,2.75962483,E04001,1.188567361,0.022249401,0.0089,3.2779000000000003,1.1193,1.1281999999999999,1.0,0.0,0.0,137.9812415,2.75962483,0.7501425125071628,0.1342041403023766,0.8657958596976235,0.15500667830549225,0.05407708902170105,2.095622910978299,4.433234524286382,1.0054525024935992,1.9642073418881258,1.9852157009563847,6.6064257909563855,2.570296829348001,2.9501598168408742,2.9291514577726154,0.4922068037278993,0.00013821832583220061,998284.7113016805,19965.69422603361,5.991736542543902e-05,5.9754680611293864e-05,91469.05287035192,90973.02223973948,12621013.473880298,252420.26947760594,32.41318022530887,0.6482636045061773,12552570.551646365,251051.41103292728,32.237405690394816,0.6447481138078963,"[2.357,2.642]",2.5,"[1.500,2.000]",1.75,0.002,0.0,1047,2.095,0.24,-5.273316477470999,34,3.0066835225290003,0.005,0.0,419,2.0975,0.1,-0.7758164774709999,37,2.974183522529,2.112146395284711,2.114274128443125,0.4800417249430945,0.47575923013896465,2.104206831080068,2.0483522919235657,0.4846711407257594,0.48702278804868665
26,56,3.269,42.98,2.1607,141.5828802,2.831657603,E04001,1.151269135,0.021542153,0.0089,3.2779000000000003,1.1083000000000003,1.1172000000000002,1.0,0.0,0.0,141.5828802,2.831657603,0.7501425125071628,0.1342041403023766,0.8657958596976235,0.15500667830549225,0.05407708902170105,2.106622910978299,4.433234524286382,1.0054525024935992,1.9449039551635936,1.9658597598905103,6.63448424989051,2.5757492599029335,2.9901052095654057,2.9691494048384888,0.4886990874284349,0.00013994997457667058,1011667.7807785871,20233.35560842633,5.9917365425439036e-05,5.975468061129388e-05,93402.74657664963,92896.22965282165,13224229.878912745,264484.59748485213,33.96235550284451,0.679247109817014,13152515.753967136,263050.31498644646,33.778179892750046,0.6755635976164256,"[2.357,2.642]",2.5,"[1.500,2.000]",1.75,0.002,0.0,1053,2.107,0.24,-5.273316477470999,34,3.0066835225290003,0.005,0.0,421,2.1075,0.1,-0.7758164774709999,37,2.974183522529,2.1236781895094765,2.124274128443125,0.47313548163592506,0.4740657298586987,2.104206831080068,2.0483522919235657,0.4846711407257594,0.48702278804868665
26,56,3.269,42.98,2.1718,145.0610676,2.901221351,E04001,1.178813881,0.021714993,0.0089,3.2779000000000003,1.0972,1.1060999999999999,1.0,0.0,0.0,145.0610676,2.901221351,0.7501425125071628,0.1342041403023766,0.8657958596976235,0.15500667830549225,0.05407708902170105,2.117722910978299,4.433234524286382,1.0054525024935992,1.925425083105201,1.9463278557240358,6.663043095724037,2.581287100600016,3.0304137422237987,3.009510969604964,0.4851313954590408,0.0001416657180375518,1023967.3338721805,20479.34667038474,5.9917365425439036e-05,5.975468061129388e-05,95407.27223510694,94889.88490106653,13839880.76722845,276797.6152491617,35.54346491534507,0.7108692980618772,13764828.00818983,275296.5600689067,35.35071505336607,0.7070143008236259,"[2.357,2.642]",2.5,"[1.500,2.000]",1.75,0.002,0.0,1058,2.117,0.24,-5.273316477470999,34,3.0066835225290003,0.005,0.0,423,2.1175,0.1,-0.7758164774709999,37,2.974183522529,2.133286147138982,2.134274128443125,0.4672099720086487,0.4723763371119926,2.104206831080068,2.0483522919235657,0.4846711407257594,0.48702278804868665
26,56,3.269,42.98,2.1828,148.6749125,2.973498249,E04001,1.190516928,0.021657992,0.0089,3.2779000000000003,1.0862000000000003,1.0951000000000002,1.0,0.0,0.0,148.6749125,2.973498249,0.7501425125071628,0.1342041403023766,0.8657958596976235,0.15500667830549225,0.05407708902170105,2.128722910978299,4.433234524286382,1.0054525024935992,1.906121696380669,1.9269719146581612,6.69158775465816,2.5868103437743866,3.0703591349483297,3.049508916670838,0.48156798943372553,0.00014333500497746567,1037254.7342735562,20745.094678494457,5.991736542543902e-05,5.9754680611293864e-05,97448.25056934489,96919.79514463962,14488110.126675427,289762.2024360603,37.208242082295634,0.7441648413956469,14409542.06264722,288190.8411560246,37.006464243727414,0.7401292846256398,"[2.357,2.642]",2.5,"[1.500,2.000]",1.75,0.002,0.0,1064,2.129,0.24,-5.273316477470999,34,3.0066835225290003,0.005,0.0,425,2.1275,0.1,-0.7758164774709999,38,3.074183522529,2.1448134525754483,2.144274128443125,0.45988577577114786,0.4706910926625165,2.104206831080068,2.1016416863748613,0.4846711407257594,0.47790434128986603
26,56,3.269,42.98,2.1938,152.2266982,3.044533964,E04001,1.202154433,0.023123408,0.0089,3.2779000000000003,1.0752000000000002,1.0841,1.0,0.0,0.0,152.2266982,3.044533964,0.7501425125071628,0.1342041403023766,0.8657958596976235,0.15500667830549225,0.05407708902170105,2.139722910978299,4.433234524286382,1.0054525024935992,1.8868183096561362,1.907615973592286,6.720374413592285,2.592368494946713,3.110304527672864,3.0895068637367142,0.4779768359188554,0.00014497379480451166,1050029.0649442433,21000.58129888487,5.9917365425439016e-05,5.975468061129386e-05,99545.2952000311,99005.46764083947,15153451.609645043,303069.0321929009,38.916966460373494,0.77833932920747,15071275.442711934,301425.5088542387,38.70592232239358,0.7741184464478718,"[2.357,2.642]",2.5,"[1.500,2.000]",1.75,0.002,0.0,1069,2.1390000000000002,0.24,-5.273316477470999,34,3.0066835225290003,0.005,0.0,427,2.1375,0.1,-0.7758164774709999,38,3.074183522529,2.1544176717315224,2.154274128443125,0.4535966335882875,0.46901003628206556,2.104206831080068,2.1016416863748613,0.4846711407257594,0.47790434128986603
26,56,3.269,42.98,2.2048,155.8112953,3.116225907,E04001,1.213005768,0.025479539,0.0089,3.2779000000000003,1.0642,1.0731,1.0,0.0,0.0,155.8112953,3.116225907,0.7501425125071628,0.1342041403023766,0.8657958596976235,0.15500667830549225,0.05407708902170105,2.150722910978299,4.433234524286382,1.0054525024935992,1.8675149229316035,1.8882600325264105,6.749403072526411,2.597961330067561,3.1502499203973975,3.1295048108025902,0.4743579198164541,0.00014658244884714036,1062960.105561367,21259.202118049438,5.991736542543901e-05,5.975468061129386e-05,101700.27662929603,101148.76274818707,15846051.833978934,316921.0367812789,40.695696507836296,0.8139139304179116,15760119.741787417,315202.3949368971,40.4750064343247,0.8095001289462633,"[2.357,2.642]",2.5,"[1.500,2.000]",1.75,0.002,0.0,1075,2.1510000000000002,0.24,-5.273316477470999,35,3.2466835225290005,0.005,0.0,430,2.1525,0.1,-0.7758164774709999,39,3.1741835225290003,2.165940493617441,2.1692741284431247,0.4458165348551335,0.46649638893040085,2.1433959508331357,2.1549310808261564,0.4607994158284418,0.468899746428701
26,56,3.269,42.98,2.2158,159.4167138,3.188334277,E04001,1.229482124,0.028416092,0.0089,3.2779000000000003,1.0532,1.0620999999999998,1.0,0.0,0.0,159.4167138,3.188334277,0.7501425125071628,0.1342041403023766,0.8657958596976235,0.15500667830549225,0.05407708902170105,2.161722910978299,4.433234524286382,1.0054525024935992,1.8482115362070706,1.8689040914605355,6.778673731460537,2.603588625620518,3.1901953131219294,3.1695027578684645,0.47071122901800777,0.00014816132872538183,1075967.0905454697,21519.34181765879,5.991736542543902e-05,5.9754680611293864e-05,103915.1434804095,103351.61852269698,16565810.687702378,331316.2138579627,42.54417511795595,0.850883502625993,16475975.390799563,329519.5079193429,42.313460867065466,0.8462692176067361,"[2.357,2.642]",2.5,"[1.500,2.000]",1.75,0.002,0.0,1080,2.161,0.24,-5.273316477470999,35,3.2466835225290005,0.005,0.0,432,2.1625,0.1,-0.7758164774709999,39,3.1741835225290003,2.175540978660628,2.179274128443125,0.4391302280151588,0.4648259703140535,2.1433959508331357,2.1549310808261564,0.4607994158284418,0.468899746428701
26,56,3.4889,14.0,0.0349,59.24411471,1.184882294,E04001,0.93342605,0.163898137,0.0089,3.4978000000000002,3.454,3.4629000000000003,1.0,0.0,0.0,59.24411471,1.184882294,0.24434609527920614,0.014852136862001762,0.9851478631379982,0.015076048396119089,0.006917766867001518,0.027982233132998482,4.433234524286382,1.0051084019120298,0.7159122420349291,0.7195879094622558,0.7208059194622558,0.8490028972048658,0.22993543589407095,0.22625976846674423,0.9706823511495829,-0.006064160732616879,-9769.54888272466,-195.39097762151255,0.004887034054880106,0.004874599209237578,200.31508009787285,199.29699096814937,11867.489583461216,237.3497916291613,0.03047798653307676,0.0006095597305586457,11807.173794274875,236.14347584563808,0.030323084032625857,0.0006064616805501505,"[0.702,0.878]",0.756,"[0.650,1.050]",0.8,0.002,0.0,13,0.027,0.04,0.405147522529,-5,0.225147522529,0.005,0.0,5,0.0275,0.1,0.17418352252900005,0,0.22418352252900003,0.03246819158001557,0.035168173002571294,0.9706779409850046,0.970686517466573,-0.04570170171117416,0.0766446972256476,0.9706262389681884,0.9705218506848818
26,56,3.4889,14.0,0.0541,68.74684321,1.374936864,E04001,1.194236654,0.17455347,0.0089,3.4978000000000002,3.4348,3.4437,1.0,0.0,0.0,68.74684321,1.374936864,0.24434609527920614,0.014852136862001762,0.9851478631379982,0.015076048396119089,0.006917766867001518,0.047182233132998484,4.433234524286382,1.0051084019120298,0.7119326487960551,0.7155981644907939,0.7185249744907939,0.8476585246965868,0.2699447123329449,0.2662791966382061,0.9706142465732228,-0.005679944177215211,-12103.43641857859,-242.06872833636018,0.004887034054880106,0.004874599209237578,201.26094129597666,200.23804488462693,13836.05437557152,276.72108747117824,0.035533638008603756,0.0007106727600686998,13765.733476360389,275.3146694871602,0.03535304046907546,0.0007070608092786593,"[0.702,0.878]",0.756,"[0.650,1.050]",0.8,0.002,0.0,23,0.047,0.04,0.405147522529,-4,0.265147522529,0.005,0.0,9,0.0475,0.1,0.17418352252900005,0,0.22418352252900003,0.05245192526675169,0.05516817300257129,0.9705930286333051,0.9706223596853455,-0.023568937185692862,0.0766446972256476,0.9707028002888122,0.9705218506848818
26,56,3.4889,14.0,0.0733,95.30088071,1.906017614,E04001,1.615934699,0.190974101,0.0089,3.4978000000000002,3.4156,3.4245,1.0,0.0,0.0,95.30088071,1.906017614,0.24434609527920614,0.014852136862001762,0.9851478631379982,0.015076048396119089,0.006917766867001518,0.06638223313299849,4.433234524286382,1.0051084019120298,0.7079530555571812,0.711608419519332,0.7169813095193319,0.8467474886406997,0.3099539887718189,0.3062986248096682,0.9705159622937762,-0.005292081931326642,-18008.202054821468,-360.16404105863705,0.004887034054880103,0.0048745992092375755,202.62999511108723,201.6001405675465,19310.816992349606,386.2163398064661,0.04959387712930994,0.0009918775424821204,19212.670947346982,384.2534189066196,0.04934181928532974,0.0009868363856030452,"[0.702,0.878]",0.756,"[0.650,1.050]",0.8,0.002,0.0,33,0.067,0.04,0.405147522529,-3,0.305147522529,0.005,0.0,13,0.0675,0.1,0.17418352252900005,1,0.32418352252900007,0.07242801386428255,0.0751681730025713,0.970467311256304,0.9705298084459516,-0.0019592050952148554,0.12993409167694267,0.9707302509364744,0.970131198881983
26,56,3.4889,14.0,0.0925,156.5590101,3.131180201,E04001,1.871498803,0.195453459,0.0089,3.4978000000000002,3.3964000000000003,3.4053000000000004,1.0,0.0,0.0,156.5590101,3.131180201,0.24434609527920614,0.014852136862001762,0.9851478631379982,0.015076048396119089,0.006917766867001518,0.08558223313299848,4.433234524286382,1.0051084019120298,0.7039734623183073,0.7076186745478702,0.7161749245478702,0.8462711885370258,0.34996326521069265,0.3463180529811297,0.9703870061540665,-0.004901714703383436,-31939.64144668278,-638.7928287296454,0.004887034054880106,0.004874599209237578,204.43354565614487,203.39452467738653,32005.913539159195,640.1182705787503,0.08219731687692035,0.0016439463370133823,31843.245443251657,636.8649086616385,0.08177955404666344,0.0016355910804109126,"[0.702,0.878]",0.756,"[0.650,1.050]",0.8,0.002,0.0,42,0.085,0.04,0.405147522529,-2,0.345147522529,0.005,0.0,17,0.08750000000000001,0.1,0.17418352252900005,1,0.32418352252900007,0.09039996429751085,0.0951681730025713,0.9703184599838909,0.970408879993648,0.019162910402884314,0.12993409167694267,0.9707121748495791,0.970131198881983
26,56,3.4889,14.0,0.1117,289.7977561,5.795955122,E04001,2.19463397,0.213597237,0.0089,3.4978000000000002,3.3772,3.3861000000000003,1.0,0.0,0.0,289.7977561,5.795955122,0.24434609527920614,0.014852136862001762,0.9851478631379982,0.015076048396119089,0.006917766867001518,0.10478223313299848,4.433234524286382,1.0051084019120298,0.6999938690794333,0.7036289295764083,0.7161058195764083,0.8462303584582678,0.38997254164956685,0.3863374811525918,0.9702268807116837,-0.004510006163064828,-64256.62086081597,-1285.1324172163193,0.004887034054880106,0.004874599209237578,206.68448301416123,205.63402178410095,59896.69939819249,1197.9339879638496,0.15382619759598995,0.0030765239519197985,59592.27809085098,1191.8455618170194,0.15304438536516513,0.0030608877073033023,"[0.702,0.878]",0.756,"[0.650,1.050]",0.8,0.002,0.0,52,0.105,0.04,0.405147522529,-1,0.385147522529,0.005,0.0,20,0.10250000000000001,0.1,0.17418352252900005,2,0.42418352252900005,0.11036155136628878,0.1101681730025713,0.9701121618226268,0.9702995736863788,0.03982900006389922,0.18322348612823774,0.9706513662961909,0.9695396001074126
26,56,3.4889,14.0,0.1309,715.3499967,14.30699993,E04001,1.537708821,0.163556302,0.0089,3.4978000000000002,3.358,3.3669000000000002,1.0,0.0,0.0,715.3499967,14.30699993,0.24434609527920614,0.014852136862001762,0.9851478631379982,0.015076048396119089,0.006917766867001518,0.12398223313299847,4.433234524286382,1.0051084019120298,0.6960142758405593,0.6996391846049463,0.7167739946049463,0.8466250614084999,0.4299818180884406,0.42635690932405357,0.9700350832452347,-0.004118131100848187,-173707.43650017932,-3474.148729032272,0.004887034054880106,0.004874599209237578,209.39736396353848,208.33311468215703,149792.40362030597,2995.8480715685296,0.38469558605379195,0.007693911718924748,149031.09290038174,2980.6218571743025,0.3827403942917807,0.007654807883695457,"[0.702,0.878]",0.756,"[0.650,1.050]",0.8,0.002,0.0,61,0.123,0.04,0.405147522529,0,0.425147522529,0.005,0.0,24,0.1225,0.1,0.17418352252900005,2,0.42418352252900005,0.12832046462799696,0.1301681730025713,0.969888306032661,0.9701290391572116,0.060067384102035604,0.18322348612823774,0.9705499662444054,0.9695396001074126
26,56,3.4889,14.0,0.1501,1416.479767,28.32959534,E04001,1.489608288,0.060925685,0.0089,3.4978000000000002,3.3388,3.3477,1.0,0.0,0.0,1416.479767,28.32959534,0.24434609527920614,0.014852136862001762,0.9851478631379982,0.015076048396119089,0.006917766867001518,0.1431822331329985,4.433234524286382,1.0051084019120298,0.6920346826016854,0.6956494396334846,0.7181794496334846,0.8474546888379841,0.4699910945273147,0.46637633749551555,0.9698111057632571,-0.0037272633730098944,-380032.1107590912,-7600.642215181824,0.004887034054880104,0.0048745992092375755,212.58849603513224,211.50802802038328,301127.30333072454,6022.546066614491,0.773352597540583,0.015467051950811661,299596.842248942,5991.93684497884,0.7694220803143473,0.015388441606286947,"[0.702,0.878]",0.756,"[0.650,1.050]",0.8,0.002,0.0,71,0.14300000000000002,0.04,0.405147522529,1,0.465147522529,0.005,0.0,28,0.14250000000000002,0.1,0.17418352252900005,2,0.42418352252900005,0.14826758170414678,0.15016817300257132,0.9695951965819685,0.9699301977074074,0.079903567462147,0.18322348612823774,0.9704095646397283,0.9695396001074126
26,56,3.4889,14.0,0.1693,2561.554165,51.2310833,E04001,1.487378269,0.076516047,0.0089,3.4978000000000002,3.3196000000000003,3.3285000000000005,1.0,0.0,0.0,2561.554165,51.2310833,0.24434609527920614,0.014852136862001762,0.9851478631379982,0.015076048396119089,0.006917766867001518,0.1623822331329985,4.433234524286382,1.0051084019120298,0.6880550893628115,0.6916596946620228,0.7203221846620228,0.8487179653230058,0.5100003709661887,0.5063957656669773,0.969554435015894,-0.003338563891046187,-767262.2865987148,-15345.245731974297,0.004887034054880106,0.004874599209237578,216.27602503354177,215.17681537843808,554002.7527143132,11080.055054286264,1.4227851912375327,0.028455703824750652,551187.0676440741,11023.741352881483,1.4155539726172333,0.028311079452344668,"[0.702,0.878]",0.756,"[0.650,1.050]",0.8,0.002,0.0,81,0.163,0.04,0.405147522529,2,0.505147522529,0.005,0.0,32,0.1625,0.1,0.17418352252900005,3,0.5241835225290001,0.16820709562293956,0.1701681730025713,0.9692528711293391,0.9697030841801083,0.09936061671112018,0.2365128805795329,0.9702312771148646,0.9687477897240788
26,56,3.4889,14.0,0.1885,4378.55355,87.571071,E04001,1.493643945,0.060979042,0.0089,3.4978000000000002,3.3004000000000002,3.3093000000000004,1.0,0.0,0.0,4378.55355,87.571071,0.24434609527920614,0.014852136862001762,0.9851478631379982,0.015076048396119089,0.006917766867001518,0.18158223313299848,4.433234524286382,1.0051084019120298,0.6840754961239375,0.6876699496905608,0.7232021996905609,0.8504129583270477,0.5500096474050626,0.5464151938384393,0.9692645525094319,-0.0029531689123591135,-1482662.7531109387,-29653.255062218777,0.004887034054880106,0.004874599209237578,220.48002616067987,219.3594499272497,965383.6012499377,19307.672024998756,2.4792900125358597,0.0495858002507172,960477.0982050063,19209.541964100128,2.4666891728488953,0.049333783456977906,"[0.702,0.878]",0.756,"[0.650,1.050]",0.8,0.002,0.0,90,0.181,0.04,0.405147522529,3,0.545147522529,0.005,0.0,36,0.1825,0.1,0.17418352252900005,3,0.5241835225290001,0.1861461646309337,0.1901681730025713,0.968900144569983,0.969447738346374,0.11845947443664773,0.2365128805795329,0.970015802130524,0.9687477897240788
26,56,3.4889,14.0,0.2077,7057.874882,141.1574976,E04001,1.313426514,0.055399112,0.0089,3.4978000000000002,3.2812,3.2901000000000002,1.0,0.0,0.0,7057.874882,141.1574976,0.24434609527920614,0.014852136862001762,0.9851478631379982,0.015076048396119089,0.006917766867001518,0.20078223313299848,4.433234524286382,1.0051084019120298,0.6800959028850635,0.683680204719099,0.7268194947190989,0.8525370928699225,0.5900189238439366,0.5864346220099012,0.9689409345238035,-0.0025721788775639022,-2743928.4816320697,-54878.569617090376,0.004887034054880105,0.004874599209237577,225.22259888550198,224.07791881657573,1589592.9235327456,31791.858461646007,4.082379122878922,0.08164758243444184,1581513.914826345,31630.278287563782,4.061630680942436,0.08123261359582973,"[0.702,0.878]",0.756,"[0.650,1.050]",0.8,0.002,0.0,100,0.201,0.04,0.405147522529,4,0.5851475225289999,0.005,0.0,40,0.2025,0.1,0.17418352252900005,4,0.624183522529,0.20607125647132563,0.21016817300257132,0.9684552557595116,0.9691642048877933,0.13721922336983916,0.2898022750308279,0.9697634628004143,0.9677567498544576
26,56,3.4889,14.0,0.2269,10638.90694,212.7781388,E04001,1.231329504,0.034684014,0.0089,3.4978000000000002,3.262,3.2709,1.0,0.0,0.0,10638.90694,212.7781388,0.24434609527920614,0.014852136862001762,0.9851478631379982,0.015076048396119089,0.006917766867001518,0.21998223313299847,4.433234524286382,1.0051084019120298,0.6761163096461896,0.6796904597476371,0.7311740697476371,0.8550871708472986,0.6300282002828105,0.626454050181363,0.9685830521331591,-0.0021966480195786623,-4843246.093673507,-96864.92187347013,0.004887034054880105,0.004874599209237577,230.5279657098927,229.356321438918,2452565.5742550595,49051.311485101185,6.298658197080326,0.12597316394160651,2440100.5598893757,48802.011197787506,6.266645652447351,0.125332913048947,"[0.702,0.878]",0.756,"[0.650,1.050]",0.8,0.002,0.0,109,0.219,0.04,0.405147522529,5,0.625147522529,0.005,0.0,43,0.2175,0.1,0.17418352252900005,4,0.624183522529,0.22399735968369328,0.2251681730025713,0.9680037232864481,0.9689330863027783,0.1556573097222419,0.2898022750308279,0.969474236422405,0.9677567498544576
26,56,3.4889,14.0,0.2461,14950.20375,299.004075,E04001,1.163863737,0.026822377,0.0089,3.4978000000000002,3.2428,3.2517,1.0,0.0,0.0,14950.20375,299.004075,0.24434609527920614,0.014852136862001762,0.9851478631379982,0.015076048396119089,0.006917766867001518,0.2391822331329985,4.433234524286382,1.0051084019120298,0.6721367164073156,0.6757007147761751,0.7362659247761751,0.8580593946669282,0.6700374767216845,0.666473478352825,0.9681903712296137,-0.0018275749418735332,-8180350.587797971,-163607.01175595942,0.004887034054880105,0.004874599209237577,236.42257498711444,235.2209717254029,3534565.667157015,70691.3133431403,9.077441698707435,0.1815488339741487,3516601.4535677624,70332.02907135525,9.031306157066549,0.180626123141331,"[0.702,0.878]",0.756,"[0.650,1.050]",0.8,0.002,0.0,119,0.23900000000000002,0.04,0.405147522529,6,0.665147522529,0.005,0.0,47,0.23750000000000002,0.1,0.17418352252900005,4,0.624183522529,0.24390806069458648,0.24516817300257132,0.9674405262796479,0.9686003467149095,0.17378973318055213,0.2898022750308279,0.9691477738492389,0.9677567498544576
26,56,3.4889,14.0,0.2653,19657.63302,393.1526605,E04001,1.103896892,0.020907909,0.0089,3.4978000000000002,3.2236000000000002,3.2325000000000004,1.0,0.0,0.0,19657.63302,393.1526605,0.24434609527920614,0.014852136862001762,0.9851478631379982,0.015076048396119089,0.006917766867001518,0.25838223313299846,4.433234524286382,1.0051084019120298,0.6681571231684417,0.6717109698047133,0.7420950598047134,0.8614493948019891,0.7100467531605584,0.7064929065242868,0.967762352550279,-0.0014658943293835672,-13409993.221180111,-268199.86449182,0.004887034054880105,0.004874599209237577,242.93520795595094,241.7005046359302,4775531.165635468,95510.6233370029,12.264478812550696,0.24528957631340434,4751259.820881925,95025.19644180856,12.202145349914327,0.2440429070603599,"[0.702,0.878]",0.756,"[0.650,1.050]",0.8,0.002,0.0,129,0.259,0.04,0.405147522529,7,0.705147522529,0.005,0.0,51,0.2575,0.1,0.17418352252900005,5,0.7241835225290001,0.26381120009804704,0.2651681730025713,0.9668067867652956,0.9682395675296376,0.19163120944830536,0.34309166948212305,0.9687834101734476,0.9665677063431702
26,56,3.4889,14.0,0.2845,24376.42119,487.5284238,E04001,1.041990528,0.015547811,0.0089,3.4978000000000002,3.2044,3.2133000000000003,1.0,0.0,0.0,24376.42119,487.5284238,0.24434609527920614,0.014852136862001762,0.9851478631379982,0.015076048396119089,0.006917766867001518,0.27758223313299846,4.433234524286382,1.0051084019120298,0.6641775299295677,0.6677212248332515,0.7486614748332514,0.86525226080794,0.7500560295994322,0.7465123346957484,0.9672984517076879,-0.0011124699173928876,-21911982.34566828,-438239.6469133655,0.004887034054880106,0.004874599209237578,250.09709016072625,248.82598701290684,6096472.008151269,121929.44016302536,15.65690792959785,0.3131381585919569,6065487.062444087,121309.74124888174,15.577332653685438,0.31154665307370877,"[0.702,0.878]",0.756,"[0.650,1.050]",0.8,0.002,0.0,138,0.277,0.04,0.405147522529,8,0.7451475225290001,0.005,0.0,55,0.2775,0.1,0.17418352252900005,5,0.7241835225290001,0.28171756750217014,0.2851681730025713,0.9661702669836305,0.9678508116520763,0.20919531003256908,0.34309166948212305,0.9683801676964656,0.9665677063431702
26,56,3.4889,14.0,0.3037,28772.85128,575.4570255,E04001,1.014845547,0.011191105,0.0089,3.4978000000000002,3.1852,3.1941,1.0,0.0,0.0,28772.85128,575.4570255,0.24434609527920614,0.014852136862001762,0.9851478631379982,0.015076048396119089,0.006917766867001518,0.2967822331329985,4.433234524286382,1.0051084019120298,0.6601979366906938,0.6637314798617895,0.7559651698617895,0.8694625753083277,0.7900653060383063,0.7865317628672106,0.9667981192237274,-0.0007680888030821388,-37460318.60449221,-749206.371959651,0.004887034054880103,0.0048745992092375755,257.94200743479763,256.6310329752606,7421727.018786087,148434.54034992753,19.060416656777218,0.38120833306929985,7384006.545629949,147680.1308869359,18.963543256148647,0.37927086505706514,"[0.702,0.878]",0.756,"[0.650,1.050]",0.8,0.002,0.0,148,0.297,0.04,0.405147522529,9,0.785147522529,0.005,0.0,59,0.2975,0.1,0.17418352252900005,6,0.8241835225290001,0.3016063635547468,0.30516817300257126,0.9653818432502741,0.9674341467865334,0.2264945830520867,0.39638106393341815,0.9679367517488273,0.9651821249809484
26,56,3.4889,14.0,0.3229,32595.29102,651.9058205,E04001,0.987872757,0.008222047,0.0089,3.4978000000000002,3.166,3.1749,1.0,0.0,0.0,32595.29102,651.9058205,0.24434609527920614,0.014852136862001762,0.9851478631379982,0.015076048396119089,0.006917766867001518,0.3159822331329985,4.433234524286382,1.0051084019120298,0.6562183434518198,0.6597417348903277,0.7640061448903277,0.8740744504276096,0.8300745824771802,0.8265511910386724,0.9662608005671893,-0.000433457143308989,-75198417.01343128,-1503968.340499329,0.004887034054880104,0.0048745992092375755,266.5064266328858,265.151924037156,8686854.534799192,173737.09072263446,22.309506460016504,0.44619012926877394,8642704.128504032,172854.08259659586,22.19611975939795,0.4439223952560551,"[0.702,0.878]",0.756,"[0.650,1.050]",0.8,0.002,0.0,157,0.315,0.04,0.405147522529,10,0.8251475225289999,0.005,0.0,63,0.3175,0.1,0.17418352252900005,6,0.8241835225290001,0.3194998358902268,0.3251681730025713,0.9645913229599898,0.9669896454071453,0.24354065812424086,0.39638106393341815,0.9674515395890718,0.9651821249809484
26,56,3.4889,14.0,0.3421,35614.33377,712.2866754,E04001,0.982750379,0.006570388,0.0089,3.4978000000000002,3.1468000000000003,3.1557000000000004,1.0,0.0,0.0,35614.33377,712.2866754,0.24434609527920614,0.014852136862001762,0.9851478631379982,0.015076048396119089,0.006917766867001518,0.3351822331329985,4.433234524286382,1.0051084019120298,0.6522387502129459,0.655751989918866,0.7727843999188659,0.8790815661352853,0.8700838589160542,0.8665706192101341,0.965685936195058,-0.00010919724236492212,-326146823.8454393,-6522936.476908787,0.004887034054880106,0.004874599209237578,275.8296213057914,274.42773414397635,9823488.196837159,196469.7639367432,25.22859943254484,0.5045719886508968,9773560.919548398,195471.218390968,25.10037662062338,0.5020075324124676,"[0.878,1.302]",0.991,"[0.650,1.050]",0.8,0.002,0.0,167,0.335,0.12,-0.005397477470999945,7,0.894602522529,0.005,0.0,67,0.3375,0.1,0.17418352252900005,6,0.8241835225290001,0.3432839001102863,0.3451681730025713,0.9668715828741282,0.9665173847264982,0.43164799134548637,0.39638106393341815,0.9641231199941762,0.9651821249809484
26,56,3.4889,14.0,0.3613,37636.97245,752.7394491,E04001,0.959163228,0.005712468,0.0089,3.4978000000000002,3.1276,3.1365000000000003,1.0,0.0,0.0,37636.97245,752.7394491,0.24434609527920614,0.014852136862001762,0.9851478631379982,0.015076048396119089,0.006917766867001518,0.3543822331329985,4.433234524286382,1.0051084019120298,0.6482591569740719,0.651762244947404,0.782299934947404,0.8844772099649623,0.9100931353549282,0.9065900473815961,0.9650729615976518,0.00020415400349351517,184355789.28627533,3687115.786215333,0.004887034054880105,0.004874599209237577,285.9538025196269,284.50045982667496,10762435.387403939,215248.70777667413,27.639995678406823,0.5527999136415748,10707735.968508897,214154.719398628,27.499517092710523,0.5499903419272756,"[0.878,1.302]",0.991,"[0.650,1.050]",0.8,0.002,0.0,177,0.355,0.12,-0.005397477470999945,7,0.894602522529,0.005,0.0,70,0.3525,0.1,0.17418352252900005,7,0.924183522529,0.36314938464094837,0.36016817300257126,0.9663431625918385,0.9661450212772453,0.43164799134548637,0.4496704583847132,0.9641231199941762,0.9636017070116054
26,56,3.4889,14.0,0.3805,38627.5046,772.550092,E04001,0.939744888,0.005488317,0.0089,3.4978000000000002,3.1084,3.1173,1.0,0.0,0.0,38627.5046,772.550092,0.24434609527920614,0.014852136862001762,0.9851478631379982,0.015076048396119089,0.006917766867001518,0.3735822331329985,4.433234524286382,1.0051084019120298,0.6442795637351979,0.6477724999759421,0.7925527499759422,0.890254317583432,0.9501024117938022,0.946609475553058,0.9644213073477359,0.0005061453707099588,76317016.48445004,1526340.3296890007,0.004887034054880106,0.004874599209237578,296.924255030728,295.41515568458624,11469443.027051019,229388.86054102035,29.455726728213353,0.589114534564267,11411150.28511607,228223.00570232142,29.30601980062983,0.5861203960125966,"[0.878,1.302]",0.991,"[0.438,0.650]",0.5,0.002,0.0,186,0.373,0.12,-0.005397477470999945,7,0.894602522529,0.005,0.0,74,0.3725,0.1,0.4741835225290001,4,0.924183522529,0.38102189923148444,0.37729260812660703,0.9658265610114963,0.9627081691907247,0.43164799134548637,0.2898022750308279,0.9641231199941762,0.9659812637613866
26,56,3.4889,14.0,0.3996,38713.75088,774.2750176,E04001,0.927319084,0.00545026,0.0089,3.4978000000000002,3.0893,3.0982000000000003,1.0,0.0,0.0,38713.75088,774.2750176,0.24434609527920614,0.014852136862001762,0.9851478631379982,0.015076048396119089,0.006917766867001518,0.3926822331329985,4.433234524286382,1.0051084019120298,0.6403206975444431,0.6438035349262066,0.8034836949262065,0.8963725201757395,0.9899033065845568,0.9864204692027934,0.963734100320776,0.000794929481259654,48700861.89111236,974017.2378222472,0.004887034054880105,0.004874599209237577,308.7252751542579,307.1561978458901,11951913.392681392,239038.26785362785,30.69480304699807,0.6138960609399615,11891168.524653783,237823.37049307564,30.538798589890387,0.6107759717978076,"[0.878,1.302]",0.991,"[0.438,0.650]",0.5,0.002,0.0,196,0.393,0.12,-0.005397477470999945,8,1.014602522529,0.005,0.0,78,0.3925,0.1,0.4741835225290001,5,1.0241835225290001,0.40087312160790844,0.39729260812660705,0.965203259581504,0.9618431104288176,0.47476752402222344,0.34309166948212305,0.9623397803446322,0.9640871579321537
26,56,3.4889,14.0,0.4188,38107.39068,762.1478136,E04001,0.923705333,0.005379534,0.0089,3.4978000000000002,3.0701,3.079,1.0,0.0,0.0,38107.39068,762.1478136,0.24434609527920614,0.014852136862001762,0.9851478631379982,0.015076048396119089,0.006917766867001518,0.4118822331329985,4.433234524286382,1.0051084019120298,0.6363411043055691,0.6398137899547447,0.8152072299547447,0.9028882710251278,1.029912583023431,1.0264398973742554,0.96300356805635,0.0010732475159156568,35506619.036977805,710132.380739556,0.004887034054880106,0.004874599209237578,321.5320631176054,319.8978960935468,12252747.945369007,245054.95890738012,31.46740380480916,0.6293480760961832,12190474.104146833,243809.48208293668,31.307472651654624,0.6261494530330926,"[0.878,1.302]",0.991,"[0.438,0.650]",0.5,0.002,0.0,205,0.41100000000000003,0.12,-0.005397477470999945,8,1.014602522529,0.005,0.0,82,0.41250000000000003,0.1,0.4741835225290001,5,1.0241835225290001,0.41873281407549,0.41729260812660707,0.9645942464611915,0.9609350551046095,0.47476752402222344,0.34309166948212305,0.9623397803446322,0.9640871579321537
26,56,3.4889,14.0,0.438,37047.15592,740.9431184,E04001,0.939343362,0.00596537,0.0089,3.4978000000000002,3.0509,3.0598,1.0,0.0,0.0,37047.15592,740.9431184,0.24434609527920614,0.014852136862001762,0.9851478631379982,0.015076048396119089,0.006917766867001518,0.4310822331329985,4.433234524286382,1.0051084019120298,0.6323615110666952,0.6358240449832828,0.8276680449832828,0.9097626311204934,1.0699218594623048,1.066459325545717,0.9622326219586872,0.0013393522973127049,27660501.26940606,553210.0253881213,0.004887034054880103,0.0048745992092375755,335.34056775815003,333.6362198547218,12423414.300037509,248468.28600075017,31.90570769567458,0.6381141539134916,12360273.057517277,247205.46115034557,31.743548889831153,0.6348709777966232,"[0.878,1.302]",0.991,"[0.438,0.650]",0.5,0.002,0.0,215,0.431,0.12,-0.005397477470999945,8,1.014602522529,0.005,0.0,86,0.4325,0.1,0.4741835225290001,5,1.0241835225290001,0.4385698049715927,0.43729260812660703,0.9638593694110514,0.9599842510379071,0.47476752402222344,0.34309166948212305,0.9623397803446322,0.9640871579321537
26,56,3.4889,14.0,0.4572,35768.1124,715.362248,E04001,0.944975782,0.006122772,0.0089,3.4978000000000002,3.0317000000000003,3.0406000000000004,1.0,0.0,0.0,35768.1124,715.362248,0.24434609527920614,0.014852136862001762,0.9851478631379982,0.015076048396119089,0.006917766867001518,0.4502822331329985,4.433234524286382,1.0051084019120298,0.6283819178278213,0.631834300011821,0.8408661400118209,0.9169875353633881,1.1099311359011788,1.1064787537171792,0.961420673529367,0.0015931154332551537,22451676.54105035,449033.53082100704,0.004887034054880105,0.004874599209237577,350.209825818955,348.4299058218463,12526344.413476802,250526.88826953608,32.170051943814705,0.6434010388762942,12462680.034957213,249253.60069914427,32.00654962451536,0.6401309924903072,"[0.878,1.302]",0.991,"[0.438,0.650]",0.5,0.002,0.0,225,0.451,0.12,-0.005397477470999945,9,1.134602522529,0.005,0.0,90,0.4525,0.1,0.4741835225290001,6,1.124183522529,0.4583993178982837,0.45729260812660705,0.9630574187013152,0.9589909569582432,0.5166096490576481,0.3963810639334181,0.9602423304817403,0.961883474402938
26,56,3.4889,14.0,0.4764,34473.66616,689.4733232,E04001,0.986260058,0.006845805,0.0089,3.4978000000000002,3.0125,3.0214000000000003,1.0,0.0,0.0,34473.66616,689.4733232,0.24434609527920614,0.014852136862001762,0.9851478631379982,0.015076048396119089,0.006917766867001518,0.46948223313299847,4.433234524286382,1.0051084019120298,0.6244023245889473,0.6278445550403592,0.8548015150403592,0.9245547658415694,1.1499404123400527,1.1464981818886408,0.9605671296614644,0.0018344801087458865,18792063.209432878,375841.2641886576,0.004887034054880105,0.004874599209237577,366.2027161432204,364.34151326024994,12624350.183206623,252487.00366413247,32.42174953402385,0.648434990680477,12560187.69636307,251203.7539272614,32.25696797713318,0.6451393595426637,"[0.878,1.302]",0.991,"[0.438,0.650]",0.5,0.002,0.0,234,0.46900000000000003,0.12,-0.005397477470999945,9,1.134602522529,0.005,0.0,93,0.4675,0.1,0.4741835225290001,6,1.124183522529,0.4762394928531748,0.47229260812660706,0.9622726131698116,0.9582182640293999,0.5166096490576481,0.3963810639334181,0.9602423304817403,0.961883474402938
26,56,3.4889,14.0,0.4956,33317.00821,666.3401642,E04001,1.002490974,0.007353601,0.0089,3.4978000000000002,2.9933,3.0022,1.0,0.0,0.0,33317.00821,666.3401642,0.24434609527920614,0.014852136862001762,0.9851478631379982,0.015076048396119089,0.006917766867001518,0.48868223313299847,4.433234524286382,1.0051084019120298,0.6204227313500733,0.6238548100688973,0.8694741700688973,0.9324559882744586,1.1899496887789267,1.1865176100601027,0.9596713927150607,0.002063456135261114,16146215.875717659,322924.31751435314,0.004887034054880106,0.004874599209237578,383.3861329501279,381.43759640334105,12773278.939099561,255465.57878199124,32.8042271072773,0.656084542145546,12708359.53097278,254167.1906194556,32.63750163153888,0.6527500326307776,"[0.878,1.302]",0.991,"[0.438,0.650]",0.5,0.002,0.0,244,0.489,0.12,-0.005397477470999945,9,1.134602522529,0.005,0.0,97,0.4875,0.1,0.4741835225290001,7,1.224183522529,0.4960548209061386,0.492292608126607,0.9613232309425642,0.9571512671865168,0.5166096490576481,0.4496704583847132,0.9602423304817403,0.9593745027983104
26,56,3.4889,14.0,0.5148,32390.10585,647.8021169,E04001,1.018829644,0.008058016,0.0089,3.4978000000000002,2.9741,2.983,1.0,0.0,0.0,32390.10585,647.8021169,0.24434609527920614,0.014852136862001762,0.9851478631379982,0.015076048396119089,0.006917766867001518,0.5078822331329985,4.433234524286382,1.0051084019120298,0.6164431381111994,0.6198650650974353,0.8848841050974354,0.9406827866488444,1.2299589652178007,1.2265370382315648,0.9587328605975995,0.0022801146227503107,14205472.622657249,284109.4524092875,0.004887034054880105,0.004874599209237577,401.8311662392131,399.78888394008527,13015354.008317057,260307.08012615805,33.42592225583564,0.6685184450135149,12949204.268472727,258984.08532947564,33.25603705256976,0.6651207409487218,"[0.878,1.302]",0.991,"[0.438,0.650]",0.5,0.002,0.0,253,0.507,0.12,-0.005397477470999945,10,1.254602522529,0.005,0.0,101,0.5075000000000001,0.1,0.4741835225290001,7,1.224183522529,0.5138822431660373,0.5122926081266072,0.960391794142742,0.9560425466515711,0.5572815869439202,0.4496704583847132,0.9577656070565702,0.9593745027983104
26,56,3.4889,14.0,0.534,31726.10889,634.5221778,E04001,1.049608703,0.010496087,0.0089,3.4978000000000002,2.9549000000000003,2.9638000000000004,1.0,0.0,0.0,31726.10889,634.5221778,0.24434609527920614,0.014852136862001762,0.9851478631379982,0.015076048396119089,0.006917766867001518,0.5270822331329985,4.433234524286382,1.0051084019120298,0.6124635448723255,0.6158753201259736,0.9010313201259736,0.9492266958561446,1.2699682416566747,1.2665564664030264,0.957750926849222,0.002484582406759864,12769191.637066253,255383.83274132508,0.004887034054880105,0.004874599209237577,421.61328962620667,419.4704658961826,13376149.136152139,267522.9827230428,34.3525132564026,0.687050265128052,13308165.67716132,266163.3135432264,34.17791871110957,0.6835583742221915,"[0.878,1.302]",0.991,"[0.438,0.650]",0.5,0.002,0.0,263,0.527,0.12,-0.005397477470999945,10,1.254602522529,0.005,0.0,105,0.5275,0.1,0.4741835225290001,7,1.224183522529,0.5336834167428677,0.5322926081266071,0.959261483713055,0.9548924004696148,0.5572815869439202,0.4496704583847132,0.9577656070565702,0.9593745027983104
26,56,3.4889,14.0,0.5532,31309.64923,626.1929845,E04001,1.066763788,0.009837223,0.0089,3.4978000000000002,2.9357,2.9446000000000003,1.0,0.0,0.0,31309.64923,626.1929845,0.24434609527920614,0.014852136862001762,0.9851478631379982,0.015076048396119089,0.006917766867001518,0.5462822331329985,4.433234524286382,1.0051084019120298,0.6084839516334515,0.6118855751545117,0.9179158151545117,0.9580792321903819,1.3099775180955486,1.3065758945744883,0.9567249807332078,0.002677036352080302,11695638.427049952,233912.76850364427,0.004887034054880105,0.004874599209237577,442.81255592777546,440.56198822476046,13864305.800738407,277286.1159704869,35.606193080147825,0.7121238614892338,13793841.31538864,275876.8262637166,35.42522678391081,0.7085045355650714,"[0.878,1.302]",0.991,"[0.438,0.650]",0.5,0.002,0.0,273,0.547,0.12,-0.005397477470999945,10,1.254602522529,0.005,0.0,109,0.5475,0.1,0.4741835225290001,8,1.3241835225290002,0.5534771527682878,0.5522926081266071,0.9580186346014102,0.9537011367165883,0.5572815869439202,0.5029598528360083,0.9577656070565702,0.9565650910438249
26,56,3.4889,14.0,0.5724,31089.55761,621.7911521,E04001,1.051800106,0.009520882,0.0089,3.4978000000000002,2.9165,2.9254000000000002,1.0,0.0,0.0,31089.55761,621.7911521,0.24434609527920614,0.014852136862001762,0.9851478631379982,0.015076048396119089,0.006917766867001518,0.5654822331329985,4.433234524286382,1.0051084019120298,0.6045043583945775,0.6078958301830497,0.9355375901830497,0.9672319216108667,1.3499867945344226,1.3465953227459504,0.9556544073316571,0.0028576976414273836,10879232.693935795,217584.65384372268,0.004887034054880106,0.004874599209237578,465.51380082788506,463.1478554376151,14472618.129088597,289452.36253522057,37.16845566491551,0.7433691131787573,14399061.933575686,287981.2386251989,36.979549264745486,0.7395909851759644,"[0.878,1.302]",0.991,"[0.438,0.650]",0.5,0.002,0.0,282,0.5650000000000001,0.12,-0.005397477470999945,11,1.374602522529,0.005,0.0,113,0.5675,0.1,0.4741835225290001,8,1.3241835225290002,0.5712851630066567,0.5722926081266071,0.9567916603063656,0.9524690732975749,0.5968763486071639,0.5029598528360083,0.9548209008566789,0.9565650910438249
26,56,3.4889,14.0,0.5916,30995.11839,619.9023677,E04001,1.077589044,0.009582154,0.0089,3.4978000000000002,2.8973,2.9062,1.0,0.0,0.0,30995.11839,619.9023677,0.24434609527920614,0.014852136862001762,0.9851478631379982,0.015076048396119089,0.006917766867001518,0.5846822331329985,4.433234524286382,1.0051084019120298,0.6005247651557036,0.6039060852115878,0.9538966452115878,0.9766763257147107,1.3899960709732966,1.3866147509174123,0.9545385876465443,0.0030268261436318554,10240138.32284708,204802.7664239037,0.004887034054880104,0.0048745992092375755,489.8068549746797,487.3174416241216,15181621.458173757,303632.4291144945,38.98931202748429,0.7797862404238941,15104461.796651563,302089.2358842995,38.79115123633874,0.7758230246016224,"[0.878,1.302]",0.991,"[0.438,0.650]",0.5,0.002,0.0,292,0.585,0.12,-0.005397477470999945,11,1.374602522529,0.005,0.0,116,0.5825,0.1,0.4741835225290001,9,1.4241835225290003,0.5910647907434523,0.5872926081266071,0.9552918209375576,0.9515184476247711,0.5968763486071639,0.5562492472873035,0.9548209008566789,0.9534606222982155
26,56,3.4889,14.0,0.6108,30954.93558,619.0987115,E04001,1.069296362,0.009368458,0.0089,3.4978000000000002,2.8781,2.887,1.0,0.0,0.0,30954.93558,619.0987115,0.24434609527920614,0.014852136862001762,0.9851478631379982,0.015076048396119089,0.006917766867001518,0.6038822331329985,4.433234524286382,1.0051084019120298,0.5965451719168295,0.599916340240126,0.972992980240126,0.9864040654012564,1.4300053474121706,1.4266341790888741,0.9533768987062788,0.0031847149412969,9719844.994162753,194396.8998518551,0.004887034054880105,0.004874599209237577,515.7867648738668,513.1653102219417,15966146.079687154,319322.9215421644,41.00412153552674,0.820082430578071,15884999.119810922,317699.9823449019,40.79572059841915,0.8159144118365923,"[0.878,1.302]",0.991,"[0.438,0.650]",0.5,0.002,0.0,301,0.603,0.12,-0.005397477470999945,11,1.374602522529,0.005,0.0,120,0.6025,0.1,0.4741835225290001,9,1.4241835225290003,0.6088601170904795,0.6072926081266071,0.9538024562065736,0.9502157785714235,0.5968763486071639,0.5562492472873035,0.9548209008566789,0.9534606222982155
26,56,3.4889,14.0,0.63,30902.93782,618.0587564,E04001,1.071095576,0.009319502,0.0089,3.4978000000000002,2.8589,2.8678000000000003,1.0,0.0,0.0,30902.93782,618.0587564,0.24434609527920614,0.014852136862001762,0.9851478631379982,0.015076048396119089,0.006917766867001518,0.6230822331329985,4.433234524286382,1.0051084019120298,0.5925655786779557,0.5959265952686641,0.9928265952686641,0.9964068422429987,1.4700146238510445,1.4666536072603362,0.9521687136779003,0.003331685083449833,9275467.832632365,185509.3566526473,0.004887034054880106,0.004874599209237578,543.5540229626844,540.791442921654,16797416.173426688,335948.32346853375,43.138982370597624,0.8627796474119525,16712044.334195953,334240.88668391906,42.91973113400884,0.8583946226801769,"[0.878,1.302]",0.991,"[0.438,0.650]",0.5,0.002,0.0,311,0.623,0.12,-0.005397477470999945,12,1.494602522529,0.005,0.0,124,0.6225,0.1,0.4741835225290001,9,1.4241835225290003,0.6286256666634102,0.6272926081266071,0.9519696395773262,0.9488732330644781,0.6354752398811444,0.5562492472873035,0.9512854843299614,0.9534606222982155
26,56,3.4889,14.0,0.6492,30790.59136,615.8118271,E04001,1.039278513,0.008963777,0.0089,3.4978000000000002,2.8397,2.8486000000000002,1.0,0.0,0.0,30790.59136,615.8118271,0.24434609527920614,0.014852136862001762,0.9851478631379982,0.015076048396119089,0.006917766867001518,0.6422822331329985,4.433234524286382,1.0051084019120298,0.5885859854390817,0.5919368502972023,1.0133974902972023,1.006676457605522,1.5100239002899185,1.5066730354317976,0.9509134019850515,0.003468080614826054,8878280.172718633,177565.60342553825,0.004887034054880106,0.004874599209237578,573.2148072676702,570.3014781064776,17649622.89207999,352992.4577842783,45.32761246897245,0.9065522492322363,17559919.764380537,351198.3952305806,45.09723765391392,0.9019447529318141,"[0.878,1.302]",0.991,"[0.438,0.650]",0.5,0.002,0.0,321,0.643,0.12,-0.005397477470999945,12,1.494602522529,0.005,0.0,128,0.6425,0.1,0.4741835225290001,10,1.5241835225290001,0.6483838187401503,0.647292608126607,0.949920106844926,0.9474911639841422,0.6354752398811444,0.6095386417385985,0.9512854843299614,0.9500669896531756
26,56,3.4889,14.0,0.6684,30585.34187,611.7068374,E04001,1.049522354,0.008991235,0.0089,3.4978000000000002,2.8205,2.8294,1.0,0.0,0.0,30585.34187,611.7068374,0.24434609527920614,0.014852136862001762,0.9851478631379982,0.015076048396119089,0.006917766867001518,0.6614822331329985,4.433234524286382,1.0051084019120298,0.5846063922002078,0.5879471053257405,1.0347056653257405,1.0172048295823908,1.550033176728792,1.5466924636032595,0.9496103294318534,0.0035942639204261106,8509486.934497014,170189.73868994028,0.004887034054880103,0.0048745992092375755,604.8812310697248,601.8069592484272,18500499.243013997,370009.98486028,47.512825928204876,0.9502565185640978,18406471.588358305,368129.4317671661,47.27134489953587,0.9454268979907174,"[0.878,1.302]",0.991,"[0.438,0.650]",0.5,0.002,0.0,330,0.661,0.12,-0.005397477470999945,12,1.494602522529,0.005,0.0,132,0.6625,0.1,0.4741835225290001,10,1.5241835225290001,0.6661598376099107,0.6672926081266071,0.947859558607739,0.9460699330134981,0.6354752398811444,0.6095386417385985,0.9512854843299614,0.9500669896531756
26,56,3.4889,14.0,0.6876,30274.93582,605.4987164,E04001,1.053676883,0.00901736,0.0089,3.4978000000000002,2.8013000000000003,2.8102000000000005,1.0,0.0,0.0,30274.93582,605.4987164,0.24434609527920614,0.014852136862001762,0.9851478631379982,0.015076048396119089,0.006917766867001518,0.6806822331329985,4.433234524286382,1.0051084019120298,0.5806267989613338,0.5839573603542786,1.0567511203542785,1.0279840078300237,1.5900424531676662,1.5867118917747214,0.9482588583328234,0.0037106114121344663,8159015.444461444,163180.3088892289,0.004887034054880106,0.004874599209237578,638.6716030214457,635.4255937036174,19335741.791530784,386714.8358306157,49.65788878808925,0.9931577757617852,19237469.067762412,384749.3813552483,49.4055056087726,0.9881101121754521,"[0.878,1.302]",0.991,"[0.438,0.650]",0.5,0.002,0.0,340,0.681,0.12,-0.005397477470999945,13,1.614602522529,0.005,0.0,136,0.6825,0.1,0.4741835225290001,11,1.6241835225290002,0.6859039572964534,0.6872926081266071,0.9452878073910465,0.9446099104097663,0.6731498254958411,0.6628280361898936,0.9469856607922931,0.9463905688182211
26,56,3.4889,14.0,0.7068,29858.26286,597.1652572,E04001,1.078428445,0.009176689,0.0089,3.4978000000000002,2.7821000000000002,2.7910000000000004,1.0,0.0,0.0,29858.26286,597.1652572,0.24434609527920614,0.014852136862001762,0.9851478631379982,0.015076048396119089,0.006917766867001518,0.6998822331329985,4.433234524286382,1.0051084019120298,0.5766472057224599,0.5799676153828167,1.0795338553828167,1.0390061864025721,1.6300517296065404,1.6267313199461837,0.9468583476489641,0.003817509573636396,7821398.292279408,156427.9658455882,0.004887034054880105,0.004874599209237577,674.7106981844726,671.2815223720768,20145689.380846106,402913.78761692217,51.737989347356034,1.0347597869471208,20043300.148046438,400866.00296092883,51.47503418430712,1.0295006836861427,"[0.878,1.302]",0.991,"[0.438,0.650]",0.5,0.002,0.0,349,0.6990000000000001,0.12,-0.005397477470999945,13,1.614602522529,0.005,0.0,139,0.6975,0.1,0.4741835225290001,11,1.6241835225290002,0.7036673604620631,0.7022926081266071,0.9426733417910089,0.9434896638916043,0.6731498254958411,0.6628280361898936,0.9469856607922931,0.9463905688182211
26,56,3.4889,14.0,0.726,29347.40686,586.9481372,E04001,1.049496473,0.009029759,0.0089,3.4978000000000002,2.7629,2.7718000000000003,1.0,0.0,0.0,29347.40686,586.9481372,0.24434609527920614,0.014852136862001762,0.9851478631379982,0.015076048396119089,0.006917766867001518,0.7190822331329985,4.433234524286382,1.0051084019120298,0.5726676124835859,0.5759778704113548,1.1030538704113548,1.0502637146980538,1.6700610060454142,1.6667507481176451,0.9454081531301626,0.003915351370698509,7495472.074263502,149909.44148527004,0.004887034054880106,0.004874599209237578,713.1300404787428,709.5056007114724,20928517.44201793,418570.34884035867,53.748441763455894,1.074968835269118,20822149.533528287,416442.99067056575,53.47526859909796,1.0695053719819592,"[0.878,1.302]",0.991,"[0.438,0.650]",0.5,0.002,0.0,359,0.719,0.12,-0.005397477470999945,13,1.614602522529,0.005,0.0,143,0.7175,0.1,0.4741835225290001,11,1.6241835225290002,0.7233974776137444,0.7222926081266071,0.9393683969260035,0.9419626718182101,0.6731498254958411,0.6628280361898936,0.9469856607922931,0.9463905688182211
26,56,3.4889,14.0,0.7452,28759.5692,575.1913841,E04001,1.05008527,0.009110011,0.0089,3.4978000000000002,2.7437,2.7526,1.0,0.0,0.0,28759.5692,575.1913841,0.24434609527920614,0.014852136862001762,0.9851478631379982,0.015076048396119089,0.006917766867001518,0.7382822331329985,4.433234524286382,1.0051084019120298,0.568688019244712,0.5719881254398929,1.1273111654398928,1.0617491066348457,1.710070282484288,1.706770176289107,0.9439076274640255,0.0040045330261001995,7181753.530949752,143635.07064396673,0.004887034054880103,0.0048745992092375755,754.0681970611801,750.2356916196374,21686676.494900245,433733.52997341176,55.69553944078438,1.113910789009347,21576455.289444823,431529.10586392,55.412470271698155,1.1082494056266379,"[0.878,1.302]",0.991,"[0.438,0.650]",0.5,0.002,0.0,369,0.739,0.12,-0.005397477470999945,14,1.734602522529,0.005,0.0,147,0.7375,0.1,0.4741835225290001,12,1.724183522529,0.743120236966206,0.7422926081266071,0.9355515785264233,0.9403979486181849,0.709963488653555,0.7161174306411887,0.9416682484598792,0.94243818902103
26,56,3.4889,14.0,0.7644,28120.98053,562.4196105,E04001,1.091711577,0.00949469,0.0089,3.4978000000000002,2.7245,2.7334,1.0,0.0,0.0,28120.98053,562.4196105,0.24434609527920614,0.014852136862001762,0.9851478631379982,0.015076048396119089,0.006917766867001518,0.7574822331329985,4.433234524286382,1.0051084019120298,0.5647084260058379,0.567998380468431,1.152305740468431,1.073455048182471,1.7500795589231621,1.746789604460569,0.9423561204312879,0.0040854511520819975,6883200.773473743,137664.01544499776,0.004887034054880105,0.004874599209237577,797.6710851785546,793.616970727869,22431293.055650104,448625.861033235,57.60785740417805,1.1521571478787038,22317287.382115982,446345.747562958,57.315068996130094,1.146301379718786,"[0.878,1.302]",0.991,"[0.438,0.650]",0.5,0.002,0.0,378,0.757,0.12,-0.005397477470999945,14,1.734602522529,0.005,0.0,151,0.7575000000000001,0.1,0.4741835225290001,12,1.724183522529,0.7608644362638017,0.7622926081266072,0.9315774051014766,0.9387958946022686,0.709963488653555,0.7161174306411887,0.9416682484598792,0.94243818902103
26,56,3.4889,14.0,0.7836,27446.43857,548.9287713,E04001,1.122185668,0.009910211,0.0089,3.4978000000000002,2.7053000000000003,2.7142000000000004,1.0,0.0,0.0,27446.43857,548.9287713,0.24434609527920614,0.014852136862001762,0.9851478631379982,0.015076048396119089,0.006917766867001518,0.7766822331329984,4.433234524286382,1.0051084019120298,0.5607288327669641,0.5640086354969692,1.1780375954969693,1.0853744033728496,1.7900888353620363,1.7868090326320312,0.9407529790679228,0.004158500228032938,6600081.054458128,132001.62106511544,0.004887034054880105,0.004874599209237577,844.0922920681523,839.802244675724,23167327.24165904,463346.5447487716,59.49813418523606,1.189962683487942,23049580.719440367,460991.6143048271,59.19573856118608,1.1839147710080442,"[0.878,1.302]",0.991,"[0.438,0.650]",0.5,0.002,0.0,388,0.777,0.12,-0.005397477470999945,14,1.734602522529,0.005,0.0,155,0.7775,0.1,0.4741835225290001,13,1.8241835225290002,0.780573238446415,0.7822926081266071,0.9264116990587017,0.9371569175210114,0.709963488653555,0.7694068250924838,0.9416682484598792,0.9382171023635357
26,56,3.4889,14.0,0.8028,26765.88438,535.3176877,E04001,1.132038066,0.010087468,0.0089,3.4978000000000002,2.6861,2.6950000000000003,1.0,0.0,0.0,26765.88438,535.3176877,0.24434609527920614,0.014852136862001762,0.9851478631379982,0.015076048396119089,0.006917766867001518,0.7958822331329984,4.433234524286382,1.0051084019120298,0.5567492395280901,0.5600188905255072,1.204506730525507,1.0975002189182046,1.8300981118009099,1.8268284608034928,0.9390975478340813,0.00422407040717027,6336514.735778429,126730.29473924241,0.004887034054880106,0.004874599209237578,893.4934085106241,888.9522829686041,23915141.26648747,478302.8254190988,61.41866384887529,1.228373277206972,23793594.0252747,475871.8805943892,61.10650725039989,1.2221301452362978,"[0.878,1.302]",0.991,"[0.438,0.650]",0.5,0.002,0.0,397,0.795,0.12,-0.005397477470999945,15,1.854602522529,0.005,0.0,159,0.7975,0.1,0.4741835225290001,13,1.8241835225290002,0.7983048896182936,0.8022926081266071,0.9209090947741063,0.9354814323176033,0.745972683541745,0.7694068250924838,0.9349502212100058,0.9382171023635357
26,56,3.4889,14.0,0.8219,26096.54344,521.9308689,E04001,1.134249831,0.010269559,0.0089,3.4978000000000002,2.6670000000000003,2.6759000000000004,1.0,0.0,0.0,26096.54344,521.9308689,0.24434609527920614,0.014852136862001762,0.9851478631379982,0.015076048396119089,0.006917766867001518,0.8149822331329984,4.433234524286382,1.0051084019120298,0.5527903733373353,0.5560499254757719,1.2315695354757719,1.109761026291594,1.8698990065916647,1.866639454453228,0.9373982049005427,0.004282258803119343,6094107.021507058,121882.14045349331,0.004887034054880105,0.004874599209237577,945.7622098173047,940.955431292953,24681124.59240769,493622.49194272986,63.38585575814755,1.2677171154058404,24555684.287840486,491113.68585090514,63.06370102724032,1.2612740207864614,"[0.878,1.302]",0.991,"[0.438,0.650]",0.5,0.002,0.0,407,0.8150000000000001,0.12,-0.005397477470999945,15,1.854602522529,0.005,0.0,162,0.8125,0.1,0.4741835225290001,13,1.8241835225290002,0.8179997642203176,0.8172926081266071,0.9135596472641483,0.9342011134969277,0.745972683541745,0.7694068250924838,0.9349502212100058,0.9382171023635357
26,56,3.4889,14.0,0.8411,25446.63904,508.9327807,E04001,1.147499281,0.010492545,0.0089,3.4978000000000002,2.6478,2.6567000000000003,1.0,0.0,0.0,25446.63904,508.9327807,0.24434609527920614,0.014852136862001762,0.9851478631379982,0.015076048396119089,0.006917766867001518,0.8341822331329984,4.433234524286382,1.0051084019120298,0.5488107800984613,0.5520601805043099,1.2595093905043098,1.1222786599166492,1.9099082830305387,1.9066588826246902,0.9356364988114427,0.004334049249439566,5871331.306004539,117426.62609701768,0.004887034054880105,0.004874599209237577,1001.623871750268,996.5331797494349,25487961.11827632,509759.2222653641,65.45796651054195,1.309159329953603,25358420.116467305,507168.40222969285,65.1252804036067,1.3025056078162052,"[0.878,1.302]",0.991,"[0.438,0.650]",0.5,0.002,0.0,417,0.835,0.12,-0.005397477470999945,15,1.854602522529,0.005,0.0,166,0.8325,0.1,0.4741835225290001,14,1.9241835225290003,0.8376873203663138,0.8372926081266071,0.9044696641109673,0.9324627582787203,0.745972683541745,0.8226962195437789,0.9349502212100058,0.9337349518808442
26,56,3.4889,14.0,0.8603,24828.97959,496.5795918,E04001,1.159934902,0.010753563,0.0089,3.4978000000000002,2.6286,2.6375,1.0,0.0,0.0,24828.97959,496.5795918,0.24434609527920614,0.014852136862001762,0.9851478631379982,0.015076048396119089,0.006917766867001518,0.8533822331329984,4.433234524286382,1.0051084019120298,0.5448311868595874,0.5480704355328481,1.288186525532848,1.1349830507689742,1.9499175594694125,1.9466783107961518,0.9338205260257268,0.004379486001839246,5669382.1100404505,113387.64220080902,0.004887034054880104,0.0048745992092375755,1061.0007886849646,1055.6083171393354,26343566.927232888,526871.3385446578,67.65532612392995,1.3531065224785992,26209677.361286804,524193.54722573614,67.31147207129939,1.3462294414259879,"[0.878,1.302]",0.991,"[0.438,0.650]",0.5,0.002,0.0,426,0.853,0.12,-0.005397477470999945,16,1.974602522529,0.005,0.0,170,0.8525,0.1,0.4741835225290001,14,1.9241835225290003,0.8553998703560666,0.8572926081266071,0.8942374712773891,0.9306890710752121,0.7812279515929325,0.8226962195437789,0.9262242278745424,0.9337349518808442
26,56,3.4889,14.0,0.8795,24253.64604,485.0729209,E04001,1.191573422,0.011049885,0.0089,3.4978000000000002,2.6094,2.6183,1.0,0.0,0.0,24253.64604,485.0729209,0.24434609527920614,0.014852136862001762,0.9851478631379982,0.015076048396119089,0.006917766867001518,0.8725822331329984,4.433234524286382,1.0051084019120298,0.5408515936207133,0.5440806905613862,1.3176009405613862,1.1478679978818933,1.9899268359082862,1.9866977389676135,0.9319496225397345,0.004418925904075143,5488584.005817621,109771.68013898235,0.004887034054880105,0.004874599209237577,1124.0901467232068,1118.377027378178,27263284.535676323,545265.6908259355,70.01733711936723,1.4003467426760323,27124720.561297715,542494.4113377921,69.66147829047334,1.3932295660966876,"[0.878,1.302]",0.991,"[0.438,0.650]",0.5,0.002,0.0,436,0.873,0.12,-0.005397477470999945,16,1.974602522529,0.005,0.0,174,0.8725,0.1,0.4741835225290001,15,2.0241835225290004,0.8750735438829267,0.8772926081266071,0.8795970137637739,0.9288804915642362,0.7812279515929325,0.8759856139950741,0.9262242278745424,0.9289997385537815
26,56,3.4889,14.0,0.8987,23721.62846,474.4325693,E04001,1.230944159,0.01155064,0.0089,3.4978000000000002,2.5902000000000003,2.5991000000000004,1.0,0.0,0.0,23721.62846,474.4325693,0.24434609527920614,0.014852136862001762,0.9851478631379982,0.015076048396119089,0.006917766867001518,0.8917822331329985,4.433234524286382,1.0051084019120298,0.5368720003818395,0.5400909455899243,1.3477526355899245,1.1609274893764574,2.029936112347161,2.026717167139076,0.9300231227244777,0.004452714721411211,5327453.013311807,106549.06028869435,0.004887034054880105,0.004874599209237577,1191.0990294261596,1185.0453415376069,28254808.635113966,565096.1728213893,72.56376093860497,1.4512752190779967,28111205.300208915,562224.1061226828,72.19496006656203,1.443899201635583,"[0.878,1.302]",0.991,"[0.438,0.650]",0.5,0.002,0.0,445,0.891,0.12,-0.005397477470999945,16,1.974602522529,0.005,0.0,178,0.8925000000000001,0.1,0.4741835225290001,15,2.0241835225290004,0.8927736127242056,0.8972926081266072,0.8620448798132316,0.9270374654151001,0.7812279515929325,0.8759856139950741,0.9262242278745424,0.9289997385537815
26,56,3.4889,14.0,0.9179,23235.46245,464.7092489,E04001,1.261003523,0.012179659,0.0089,3.4978000000000002,2.571,2.5799000000000003,1.0,0.0,0.0,23235.46245,464.7092489,0.24434609527920614,0.014852136862001762,0.9851478631379982,0.015076048396119089,0.006917766867001518,0.9109822331329985,4.433234524286382,1.0051084019120298,0.5328924071429655,0.5361012006184624,1.3786416106184625,1.1741557011821142,2.0699453887860346,2.0667365953105374,0.9280403595381479,0.004481186473352324,5185113.939839646,103702.2787744774,0.004887034054880105,0.004874599209237577,1262.2448478607585,1255.8295657061217,29328842.765174616,586576.8551772678,75.32208632173172,1.5064417261104657,29179780.717564397,583595.6142257049,74.93926642981553,1.4987853282737893,"[0.878,1.302]",0.991,"[0.438,0.650]",0.5,0.002,0.0,455,0.911,0.12,-0.005397477470999945,17,2.094602522529,0.005,0.0,182,0.9125,0.1,0.4741835225290001,15,2.0241835225290004,0.91243343295843,0.9172926081266071,0.8347168637987264,0.9251604440316887,0.8157747537766752,0.8759856139950741,0.9144672758776253,0.9289997385537815
26,56,3.4889,14.0,0.9371,22790.79854,455.8159707,E04001,1.289994291,0.013207084,0.0089,3.4978000000000002,2.5518,2.5607,1.0,0.0,0.0,22790.79854,455.8159707,0.24434609527920614,0.014852136862001762,0.9851478631379982,0.015076048396119089,0.006917766867001518,0.9301822331329985,4.433234524286382,1.0051084019120298,0.5289128139040916,0.5321114556470006,1.4102678656470007,1.1875469951319824,2.109954665224908,2.1067560234819993,0.9260006647462973,0.004504662943037903,5059379.320538041,101187.5863885616,0.004887034054880102,0.004874599209237575,1337.7557895676007,1330.9567276751163,30488522.69575382,609770.4537813008,78.30036652651314,1.5660073301867017,30333566.645901218,606671.3327849287,77.90240970781005,1.558048193814386,"[0.878,1.302]",0.991,"[0.438,0.650]",0.5,0.002,0.0,465,0.931,0.12,-0.005397477470999945,17,2.094602522529,0.005,0.0,186,0.9325,0.1,0.4741835225290001,16,2.124183522529,0.9320859737304374,0.9372926081266071,0.7927919381972278,0.9232498842947476,0.8157747537766752,0.929275008446369,0.9144672758776253,0.9240197875266127
26,56,3.4889,14.0,1.3018,17929.40762,358.5881524,E04001,1.416666994,0.01143373,0.0089,3.4978000000000002,2.1871,2.196,1.0,0.0,0.0,17929.40762,358.5881524,0.24434609527920614,0.014852136862001762,0.9851478631379982,0.015076048396119089,0.006917766867001518,1.2948822331329986,4.433234524286382,1.0051084019120298,0.4533212694136055,0.4563270811109514,2.1510103211109515,1.4666323060368442,2.8699225359153946,2.866916724218049,0.8755575715159465,0.004339017147570013,4132135.691153246,82642.71382306491,0.004887034054880105,0.004874599209237577,4001.149219043808,3980.8136231200274,71738235.2966811,1434764.705933622,184.23753009448632,3.6847506018897263,71373630.10816804,1427472.6021633607,183.30115412826024,3.666023082565205,"[1.302,1.770]",1.619,"[0.438,0.650]",0.5,0.002,0.0,647,1.295,0.12,-1.6444774774709998,37,2.855522522529,0.005,0.0,258,1.2925,0.1,0.4741835225290001,23,2.824183522529,1.303829794500004,1.297292608126607,0.9209840703673624,0.8836715884915157,1.401958510455536,1.3023007696054347,0.8924285219629999,0.8830589393307913
26,56,3.4889,14.0,1.321,17785.56728,355.7113456,E04001,1.43374679,0.010682819,0.0089,3.4978000000000002,2.1679000000000004,2.1768000000000005,1.0,0.0,0.0,17785.56728,355.7113456,0.24434609527920614,0.014852136862001762,0.9851478631379982,0.015076048396119089,0.006917766867001518,1.3140822331329984,4.433234524286382,1.0051084019120298,0.44934167617473164,0.4523373361394896,2.1973783361394896,1.482355671267692,2.909931812354268,2.9069361523895103,0.8722397390577576,0.004311476220202997,4125168.821912835,82503.3764382567,0.004887034054880105,0.004874599209237577,4233.389340714428,4211.873398591834,75293230.94171129,1505864.6188342262,193.36743988984642,3.867348797796929,74910557.70549732,1498211.1541099467,192.38466171609076,3.8476932343218158,"[1.302,1.770]",1.619,"[0.438,0.650]",0.5,0.002,0.0,657,1.315,0.12,-1.6444774774709998,37,2.855522522529,0.005,0.0,262,1.3125,0.1,0.4741835225290001,24,2.9241835225290003,1.3233385260800716,1.317292608126607,0.9167165140120159,0.8812160113466552,1.401958510455536,1.3555901640567298,0.8924285219629999,0.8764483304218692
26,56,3.4889,14.0,1.3402,17647.98445,352.959689,E04001,1.399593255,0.01042612,0.0089,3.4978000000000002,2.1487,2.1576,1.0,0.0,0.0,17647.98445,352.959689,0.24434609527920614,0.014852136862001762,0.9851478631379982,0.015076048396119089,0.006917766867001518,1.3332822331329985,4.433234524286382,1.0051084019120298,0.44536208293585755,0.44834759116802764,2.244483631168028,1.4981600819565404,2.9499410887931425,2.9469555805609726,0.8688511463768855,0.004283017405668371,4120455.925918892,82409.11851837784,0.004887034054880106,0.004874599209237578,4478.330279052384,4455.56943960791,79033503.12668063,1580670.0625336128,202.97317533050813,4.059463506610163,78631820.18609561,1572636.4037219123,201.94157659451443,4.038831531890289,"[1.302,1.770]",1.619,"[0.438,0.650]",0.5,0.002,0.0,666,1.333,0.12,-1.6444774774709998,38,2.9755225225290003,0.005,0.0,266,1.3325,0.1,0.4741835225290001,24,2.9241835225290003,1.340890302684329,1.337292608126607,0.9123998825325605,0.8787367896153221,1.4274580756992221,1.3555901640567298,0.8807145833833784,0.8764483304218692
26,56,3.4889,14.0,1.3594,17492.25256,349.8450511,E04001,1.40062007,0.010404606,0.0089,3.4978000000000002,2.1295,2.1384000000000003,1.0,0.0,0.0,17492.25256,349.8450511,0.24434609527920614,0.014852136862001762,0.9851478631379982,0.015076048396119089,0.006917766867001518,1.3524822331329984,4.433234524286382,1.0051084019120298,0.4413824896969837,0.4443578461965658,2.2923262061965657,1.5140430001147807,2.989950365232016,2.986975008732434,0.8653911713456534,0.004253735244464648,4112209.9883302636,82244.19974309651,0.004887034054880106,0.004874599209237578,4736.604582032948,4712.531079257171,82853883.62577358,1657077.6720418108,212.7846442670264,4.255692884124077,82432783.8352158,1648655.676233063,211.70317934089852,4.234063585607702,"[1.302,1.770]",1.619,"[0.438,0.650]",0.5,0.002,0.0,676,1.353,0.12,-1.6444774774709998,38,2.9755225225290003,0.005,0.0,270,1.3525,0.1,0.4741835225290001,25,3.0241835225290004,1.3603855262540492,1.357292608126607,0.906969691793454,0.8762344367035697,1.4274580756992221,1.408879558508025,0.8807145833833784,0.8696768385845061
26,56,3.4889,14.0,1.3786,17338.30279,346.7660559,E04001,1.38421853,0.010323963,0.0089,3.4978000000000002,2.1103,2.1192,1.0,0.0,0.0,17338.30279,346.7660559,0.24434609527920614,0.014852136862001762,0.9851478631379982,0.015076048396119089,0.006917766867001518,1.3716822331329985,4.433234524286382,1.0051084019120298,0.4374028964581097,0.44036810122510395,2.340906061225104,1.5300019807912355,3.0299596416708905,3.0269944369038964,0.8618591980108189,0.004223718163809691,4104985.730004597,82099.71462376777,0.004887034054880105,0.004874599209237577,5008.874218378313,4983.416921846312,86845377.83526778,1736907.557206243,223.03556598962524,4.46071132107888,86403991.51978113,1728079.8308939643,221.90200138148484,4.438040028909533,"[1.302,1.770]",1.619,"[0.438,0.650]",0.5,0.002,0.0,685,1.371,0.12,-1.6444774774709998,38,2.9755225225290003,0.005,0.0,274,1.3725,0.1,0.4741835225290001,25,3.0241835225290004,1.3779251582692567,1.377292608126607,0.9013950745846868,0.8737094660795077,1.4274580756992221,1.408879558508025,0.8807145833833784,0.8696768385845061
26,56,3.4889,14.0,1.3978,17186.50118,343.7300236,E04001,1.344078109,0.01006604,0.0089,3.4978000000000002,2.0911,2.1,1.0,0.0,0.0,17186.50118,343.7300236,0.24434609527920614,0.014852136862001762,0.9851478631379982,0.015076048396119089,0.006917766867001518,1.3908822331329984,4.433234524286382,1.0051084019120298,0.4334233032192357,0.436378356253642,2.390223196253642,1.5460346685160853,3.069968918109764,3.067013865075358,0.8582546170175447,0.004193048816696572,4098807.7962660394,81976.15592532078,0.004887034054880105,0.004874599209237577,5295.8319545638105,5268.916212907469,91016822.13619263,1820336.4427238526,233.74863401744545,4.674972680348908,90554234.71045534,1811084.694209107,232.5606208969924,4.651212417939848,"[1.302,1.770]",1.619,"[0.322,0.438]",0.38,0.002,0.0,695,1.391,0.12,-1.6444774774709998,39,3.0955225225290004,0.005,0.0,278,1.3925,0.05,0.5941835225290001,49,3.0691835225290003,1.3974069018490027,1.3961423821762213,0.8942622730828977,0.8440117994030472,1.4526857036435823,1.3689125126695536,0.8660219221785427,0.8482891581287689
26,56,3.4889,14.0,1.417,17040.58233,340.8116466,E04001,1.355587476,0.010210919,0.0089,3.4978000000000002,2.0719000000000003,2.0808000000000004,1.0,0.0,0.0,17040.58233,340.8116466,0.24434609527920614,0.014852136862001762,0.9851478631379982,0.015076048396119089,0.006917766867001518,1.4100822331329985,4.433234524286382,1.0051084019120298,0.4294437099803618,0.43238861128218026,2.4402776112821805,1.5621387938599376,3.1099781945486384,3.1070332932468196,0.8545768260417709,0.004161804406926737,4094517.825402451,81890.35650804902,0.004887034054880107,0.004874599209237579,5598.202804650528,5569.750281662157,95396635.79268424,1907932.7158536848,244.99683446465446,4.89993668929309,94911788.23220469,1898235.7646440936,243.75165305413233,4.875033061082646,"[1.302,1.770]",1.619,"[0.322,0.438]",0.38,0.002,0.0,705,1.411,0.12,-1.6444774774709998,39,3.0955225225290004,0.005,0.0,282,1.4125,0.05,0.5941835225290001,50,3.1191835225290006,1.416881561919169,1.4161423821762213,0.8858954577585575,0.8408445123608116,1.4526857036435823,1.3955572098952012,0.8660219221785427,0.8441041481280109
26,56,3.4889,14.0,1.4362,16899.07733,337.9815465,E04001,1.343268604,0.01017807,0.0089,3.4978000000000002,2.0527,2.0616000000000003,1.0,0.0,0.0,16899.07733,337.9815465,0.24434609527920614,0.014852136862001762,0.9851478631379982,0.015076048396119089,0.006917766867001518,1.4292822331329984,4.433234524286382,1.0051084019120298,0.4254641167414879,0.4283988663107184,2.491069306310718,1.578312170107903,3.149987470987512,3.1470527214182815,0.8508252302308822,0.004130057000014365,4091729.8066203985,81834.59610819523,0.004887034054880105,0.004874599209237577,5916.745557544073,5886.6740605178275,99987540.71887125,1999750.8137857502,256.7871577281323,5.135743153043111,99479360.16519587,1989587.2027152497,255.48205272152038,5.1096410529185965,"[1.302,1.770]",1.619,"[0.322,0.438]",0.38,0.002,0.0,714,1.429,0.12,-1.6444774774709998,39,3.0955225225290004,0.005,0.0,285,1.4275,0.05,0.5941835225290001,51,3.1691835225290004,1.4344027059633362,1.4311423821762213,0.8770257595405014,0.8384553167818648,1.4526857036435823,1.4222019071208487,0.8660219221785427,0.8398807479298482
26,56,3.4889,14.0,1.4554,16762.38854,335.2477709,E04001,1.348256541,0.01020141,0.0089,3.4978000000000002,2.0335,2.0424,1.0,0.0,0.0,16762.38854,335.2477709,0.24434609527920614,0.014852136862001762,0.9851478631379982,0.015076048396119089,0.006917766867001518,1.4484822331329985,4.433234524286382,1.0051084019120298,0.4214845235026139,0.42440912133925646,2.5425982813392567,1.5945526900479823,3.1899967474263864,3.187072149589744,0.8469992426525509,0.004097873819987169,4090508.706793829,81810.17416027946,0.004887034054880105,0.004874599209237577,6252.254386623804,6220.477686516266,104802717.27950758,2096054.3462153769,269.15345350933814,5.383069071792461,104270063.88578597,2085401.2783377669,267.7854975615807,5.355709952829152,"[1.302,1.770]",1.619,"[0.322,0.438]",0.38,0.002,0.0,724,1.449,0.12,-1.6444774774709998,40,3.2155225225289996,0.005,0.0,289,1.4475,0.05,0.5941835225290001,51,3.1691835225290004,1.4538639286251325,1.4511423821762213,0.8652395906767709,0.8352520120357143,1.477649913200874,1.4222019071208487,0.8470551928693068,0.8398807479298482
26,56,3.4889,14.0,1.4746,16631.39597,332.6279194,E04001,1.346850261,0.010161504,0.0089,3.4978000000000002,2.0143000000000004,2.0232000000000006,1.0,0.0,0.0,16631.39597,332.6279194,0.24434609527920614,0.014852136862001762,0.9851478631379982,0.015076048396119089,0.006917766867001518,1.4676822331329984,4.433234524286382,1.0051084019120298,0.41750493026374,0.4204193763677947,2.5948645363677945,1.6108583228725593,3.23000602386526,3.2270915777612053,0.8430982847516201,0.004065317532217048,4091044.75559378,81820.8951118756,0.004887034054880104,0.0048745992092375755,6605.560547060767,6571.988190025007,109859693.06197745,2197193.861239549,282.14073601018026,5.642814720203605,109301337.8984695,2186026.7579693897,280.7067729942965,5.614135459885929,"[1.302,1.770]",1.619,"[0.322,0.438]",0.38,0.002,0.0,733,1.467,0.12,-1.6444774774709998,40,3.2155225225289996,0.005,0.0,293,1.4675,0.05,0.5941835225290001,52,3.219183522529,1.4713729915123253,1.4711423821762213,0.852344490817891,0.8320291440173813,1.477649913200874,1.4488466043464963,0.8470551928693068,0.8356207236862983
26,56,3.4889,14.0,1.4938,16507.93178,330.1586357,E04001,1.369038853,0.010358657,0.0089,3.4978000000000002,1.9951,2.004,1.0,0.0,0.0,16507.93178,330.1586357,0.24434609527920614,0.014852136862001762,0.9851478631379982,0.015076048396119089,0.006917766867001518,1.4868822331329985,4.433234524286382,1.0051084019120298,0.413525337024866,0.4164296313963327,2.647868071396333,1.6272271111914074,3.270015300304134,3.2671110059326676,0.8391217868148758,0.004032446512502641,4093775.758417871,81875.51519315626,0.004887034054880105,0.004874599209237577,6977.534166549242,6942.071276367599,115184658.01401405,2303693.1609780346,295.81626603326566,5.916325322457278,114599239.04217385,2291984.781537684,294.3127979733637,5.886255961250131,"[1.302,1.770]",1.619,"[0.322,0.438]",0.38,0.002,0.0,743,1.487,0.12,-1.6444774774709998,40,3.2155225225289996,0.005,0.0,297,1.4875,0.05,0.5941835225290001,53,3.2691835225290005,1.4908208045426292,1.4911423821762213,0.8345360422588755,0.8287874469664142,1.477649913200874,1.4754913015721438,0.8470551928693068,0.8313258268128159
26,56,3.4889,14.0,1.513,16387.03709,327.7407418,E04001,1.348626959,0.01031303,0.0089,3.4978000000000002,1.9759000000000002,1.9848000000000001,1.0,0.0,0.0,16387.03709,327.7407418,0.24434609527920614,0.014852136862001762,0.9851478631379982,0.015076048396119089,0.006917766867001518,1.5060822331329984,4.433234524286382,1.0051084019120298,0.40954574378599207,0.41243988642487084,2.7016088864248706,1.6436571681542567,3.310024576743008,3.307130434104129,0.8350691884435392,0.003999315102697173,4097460.8574724314,81949.21714944862,0.004887034054880105,0.004874599209237577,7369.086135618541,7331.633206528013,120757487.82378583,2415149.7564757164,310.12836049088855,6.202567209817771,120143745.2856502,2402874.9057130036,308.5521520872054,6.171043041744107,"[1.302,1.770]",1.619,"[0.322,0.438]",0.38,0.002,0.0,753,1.5070000000000001,0.12,-1.6444774774709998,41,3.3355225225289997,0.005,0.0,301,1.5075,0.05,0.5941835225290001,54,3.3191835225290003,1.5102615709967253,1.5111423821762213,0.8115128681798081,0.8255276497217172,1.502358787576528,1.5021359987977914,0.8216401318901756,0.8269977927263227
26,56,3.4889,14.0,1.5322,16273.8599,325.4771981,E04001,1.308847448,0.010077511,0.0089,3.4978000000000002,1.9567,1.9656,1.0,0.0,0.0,16273.8599,325.4771981,0.24434609527920614,0.014852136862001762,0.9851478631379982,0.015076048396119089,0.006917766867001518,1.5252822331329985,4.433234524286382,1.0051084019120298,0.4055661505471181,0.40845014145340897,2.756086981453409,1.660146674680707,3.350033853181882,3.3471498622755913,0.8309399390332991,0.003965973853231743,4103370.4462622614,82067.40895045972,0.004887034054880105,0.004874599209237577,7781.170104173359,7741.622783543691,126629672.13338564,2532593.44344583,325.2092546470669,6.504185094939693,125986084.57803805,2519721.6923349234,323.5563985222066,6.47112797243233,"[1.302,1.770]",1.619,"[0.322,0.438]",0.38,0.002,0.0,762,1.5250000000000001,0.12,-1.6444774774709998,41,3.3355225225289997,0.005,0.0,305,1.5275,0.05,0.5941835225290001,55,3.3691835225290006,1.5277522423091199,1.5311423821762213,0.7841603049064078,0.8222504754455108,1.502358787576528,1.528780696023439,0.8216401318901756,0.8226383396436393
26,56,3.4889,14.0,1.5514,16167.10767,323.3421534,E04001,1.323675232,0.010144053,0.0089,3.4978000000000002,1.9375000000000002,1.9464000000000001,1.0,0.0,0.0,16167.10767,323.3421534,0.24434609527920614,0.014852136862001762,0.9851478631379982,0.015076048396119089,0.006917766867001518,1.5444822331329984,4.433234524286382,1.0051084019120298,0.40158655730824416,0.4044603964819471,2.8113023564819466,1.67669387679503,3.390043129620756,3.3871692904470527,0.826733498261683,0.003932469752927805,4111184.2393608373,82223.68478721674,0.004887034054880104,0.0048745992092375755,8214.784591434447,8173.033451722584,132809306.97557767,2656186.139511553,341.0797406647786,6.821594813295572,132134311.80451076,2642686.236090215,339.34622376645,6.786924475328999,"[1.302,1.770]",1.619,"[0.322,0.438]",0.38,0.002,0.0,772,1.545,0.12,-1.6444774774709998,41,3.3355225225289997,0.005,0.0,308,1.5425,0.05,0.5941835225290001,55,3.3691835225290006,1.5471796413439307,1.5461423821762212,0.7420827318041379,0.8197816227449286,1.502358787576528,1.528780696023439,0.8216401318901756,0.8226383396436393
26,56,3.4889,14.0,1.5706,16066.92501,321.3385001,E04001,1.319480858,0.010145065,0.0089,3.4978000000000002,1.9183000000000001,1.9272,1.0,0.0,0.0,16066.92501,321.3385001,0.24434609527920614,0.014852136862001762,0.9851478631379982,0.015076048396119089,0.006917766867001518,1.5636822331329985,4.433234524286382,1.0051084019120298,0.39760696406937013,0.40047065151048516,2.867255011510485,1.6932970830632423,3.43005240605963,3.427188718618515,0.8224493365825473,0.003898846446525551,4120943.2662622575,82418.86529959652,0.004887034054880105,0.004874599209237577,8670.975217023366,8626.905516388546,139315908.5754829,2786318.1706425603,357.78993994857444,7.155798796744615,138607844.0001701,2772156.879140711,355.97149448551653,7.119429887494774,"[1.302,1.770]",1.619,"[0.322,0.438]",0.38,0.002,0.0,781,1.563,0.12,-1.6444774774709998,42,3.455522522529,0.005,0.0,312,1.5625,0.05,0.5941835225290001,56,3.4191835225290004,1.5646582943811609,1.5661423821762213,0.6864234319384253,0.8164757607568758,1.5268200048436302,1.5554253932490865,0.7858258793539536,0.8182491674405056
26,56,3.4889,14.0,1.5898,15973.44836,319.4689673,E04001,1.283379739,0.010392246,0.0089,3.4978000000000002,1.8991,1.908,1.0,0.0,0.0,15973.44836,319.4689673,0.24434609527920614,0.014852136862001762,0.9851478631379982,0.015076048396119089,0.006917766867001518,1.5828822331329986,4.433234524286382,1.0051084019120298,0.3936273708304962,0.39648090653902335,2.9239449465390237,1.7099546621296786,3.470061682498504,3.467208146789977,0.8180869357274554,0.003865144440378455,4132691.1856458234,82653.82373878872,0.004887034054880105,0.004874599209237577,9150.837061557853,9104.328492479126,146170423.2535685,2923408.4659864535,375.39364666179654,7.5078729355860405,145427521.02709198,2908550.4214522718,373.48573143720694,7.469714631082303,"[1.302,1.770]",1.619,"[0.322,0.438]",0.38,0.002,0.0,791,1.583,0.12,-1.6444774774709998,42,3.455522522529,0.005,0.0,316,1.5825,0.05,0.5941835225290001,57,3.469183522529,1.5840723535330312,1.5861423821762213,0.5860154068270256,0.8131544790366804,1.5268200048436302,1.5820700904747338,0.7858258793539536,0.8138319565712135
26,56,3.4889,14.0,1.609,15886.12303,317.7224605,E04001,1.328203235,0.010890008,0.0089,3.4978000000000002,1.8799000000000001,1.8888,1.0,0.0,0.0,15886.12303,317.7224605,0.24434609527920614,0.014852136862001762,0.9851478631379982,0.015076048396119089,0.006917766867001518,1.6020822331329985,4.433234524286382,1.0051084019120298,0.3896477775916222,0.3924911615675615,2.9813721615675615,1.726665040350201,3.5100709589373777,3.5072275749614388,0.813645789213689,0.003831401296779967,4146295.780437098,82925.91558264184,0.004887034054880106,0.004874599209237578,9655.51716580543,9606.443590997373,153388733.61426198,3067774.6713196877,393.9316503750149,7.878633005020576,152609144.76733926,3052182.894386141,391.92951688159604,7.8385903351648025,"[1.302,1.770]",1.619,"[0.322,0.438]",0.38,0.002,0.0,801,1.603,0.12,-1.6444774774709998,42,3.455522522529,0.005,0.0,320,1.6025,0.05,0.5941835225290001,58,3.5191835225290005,1.603479402722222,1.6061423821762213,0.38756653919740447,0.809818477185537,1.5268200048436302,1.6087147877003816,0.7858258793539536,0.8093883670487205
26,56,3.4889,14.0,1.6282,15805.32171,316.1064342,E04001,1.303358475,0.009996633,0.0089,3.4978000000000002,1.8607,1.8696,1.0,0.0,0.0,15805.32171,316.1064342,0.24434609527920614,0.014852136862001762,0.9851478631379982,0.015076048396119089,0.006917766867001518,1.6212822331329986,4.433234524286382,1.0051084019120298,0.3856681843527483,0.38850141659609955,3.0395366565960997,1.7434266995191108,3.550080235376252,3.5472470031329006,0.80912540285862,0.003797651817397221,4161866.9825377567,83237.33965075514,0.004887034054880104,0.0048745992092375755,10186.217178186489,10134.446353059158,160996439.50916585,3219928.7901833174,413.4696964109368,8.269393928218737,160178184.96283624,3203563.699256725,411.36826199481413,8.227365239896283,"[1.302,1.770]",1.619,"[0.322,0.438]",0.38,0.002,0.0,810,1.621,0.12,-1.6444774774709998,43,3.575522522529,0.005,0.0,324,1.6225,0.05,0.5941835225290001,59,3.5691835225290003,1.6209397597461148,1.6261423821762213,-0.08638912419856283,0.806468447964598,1.5510408658130275,1.6353594849260291,0.7316046555079353,0.8049200374849654
26,56,3.4889,14.0,1.6474,15731.96519,314.6393037,E04001,1.290366446,0.009916117,0.0089,3.4978000000000002,1.8415000000000001,1.8504,1.0,0.0,0.0,15731.96519,314.6393037,0.24434609527920614,0.014852136862001762,0.9851478631379982,0.015076048396119089,0.006917766867001518,1.6404822331329985,4.433234524286382,1.0051084019120298,0.3816885911138743,0.38451167162463773,3.098438431624638,1.7602381746867775,3.5900895118151257,3.5872664313043625,0.8045252953001562,0.0037639282162903625,4179666.6370818964,83593.33271506995,0.004887034054880106,0.004874599209237578,10744.196161231714,10689.589442086943,169027320.00302896,3380546.39898616,434.0945358784025,8.681890714808734,168168248.99830332,3363364.9788971073,431.88827697850223,8.637765536824753,"[1.302,1.770]",1.619,"[0.322,0.438]",0.38,0.002,0.0,820,1.641,0.12,-1.6444774774709998,43,3.575522522529,0.005,0.0,328,1.6425,0.05,0.5941835225290001,59,3.5691835225290003,1.6403335108996515,1.6461423821762213,-7.318901439861714,0.8031050770809512,1.5510408658130275,1.6353594849260291,0.7316046555079353,0.8049200374849654
26,56,3.4889,14.0,1.6666,15664.25962,313.2851924,E04001,1.270407953,0.009831298,0.0089,3.4978000000000002,1.8223,1.8312,1.0,0.0,0.0,15664.25962,313.2851924,0.24434609527920614,0.014852136862001762,0.9851478631379982,0.015076048396119089,0.006917766867001518,1.6596822331329986,4.433234524286382,1.0051084019120298,0.3777089978750004,0.38052192665317586,3.158077486653176,1.7770980520649884,3.6300987882539992,3.627285859475824,0.7998449985229492,0.003730260282994826,4199240.383146671,83984.80766293341,0.004887034054880104,0.0048745992092375755,11330.773568489658,11273.185605587409,177488178.87225586,3549763.5774451173,455.82364217851955,9.11647284357039,176586106.0703681,3531722.121407362,453.5069464262768,9.070138928525536,"[1.770,2.067]",1.921,"[0.322,0.438]",0.38,0.002,0.0,829,1.659,0.12,-2.7135574774710003,52,3.5864425225289995,0.005,0.0,331,1.6575,0.05,0.5941835225290001,60,3.6191835225290006,1.6677127245172372,1.6611423821762212,0.890939296235418,0.8005742018602708,1.7592598584706804,1.6620041821516767,0.8425106030650816,0.8004285841909634
26,56,3.4889,14.0,1.6857,15604.45535,312.089107,E04001,1.23682625,0.009548555,0.0089,3.4978000000000002,1.8032000000000001,1.8121,1.0,0.0,0.0,15604.45535,312.089107,0.24434609527920614,0.014852136862001762,0.9851478631379982,0.015076048396119089,0.006917766867001518,1.6787822331329985,4.433234524286382,1.0051084019120298,0.3737501316842456,0.3765529616034404,3.21813745160344,1.7939167906019053,3.6698996830447546,3.66709685312556,0.7951090646320049,0.0036968501965680186,4221013.706340182,84420.27412680363,0.004887034054880105,0.004874599209237577,11944.041022724461,11883.33616553515,186380254.8376722,3727605.096753444,478.660196583652,9.57320393167304,185432988.60413346,3708659.772082669,476.22743544187966,9.524548708837594,"[1.770,2.067]",1.921,"[0.322,0.438]",0.38,0.002,0.0,839,1.679,0.12,-2.7135574774710003,53,3.7064425225289996,0.005,0.0,335,1.6775,0.05,0.5941835225290001,61,3.6691835225290004,1.687089630909341,1.6811423821762213,0.8835175167106826,0.7971891111113432,1.7814114527498037,1.6886488793773242,0.8228441943035878,0.795915600336132
26,56,3.4889,14.0,1.7049,15550.69781,311.0139562,E04001,1.234671282,0.009645869,0.0089,3.4978000000000002,1.784,1.7929,1.0,0.0,0.0,15550.69781,311.0139562,0.24434609527920614,0.014852136862001762,0.9851478631379982,0.015076048396119089,0.006917766867001518,1.6979822331329986,4.433234524286382,1.0051084019120298,0.3697705384453716,0.37256321663197844,3.2792472266319788,1.8108691909224086,3.709908959483628,3.7071162812970213,0.7902674648428544,0.0036633734006807253,4244912.027561913,84898.24055123827,0.004887034054880105,0.004874599209237577,12591.863617897458,12527.866242033004,195812265.98665667,3916245.3197331335,502.8834079677345,10.05766815935469,194817062.13395557,3896341.242679111,500.3275338372393,10.006550676744785,"[1.770,2.067]",1.921,"[0.322,0.438]",0.38,0.002,0.0,848,1.697,0.12,-2.7135574774710003,53,3.7064425225289996,0.005,0.0,339,1.6975,0.05,0.5941835225290001,62,3.719183522529,1.7045228872611702,1.7011423821762213,0.8758318163901242,0.7937925263985004,1.7814114527498037,1.7152935766029715,0.8228441943035878,0.7913826551661676
26,56,3.4889,14.0,1.7241,15502.46476,310.0492952,E04001,1.24496332,0.009675881,0.0089,3.4978000000000002,1.7648000000000001,1.7737,1.0,0.0,0.0,15502.46476,310.0492952,0.24434609527920614,0.014852136862001762,0.9851478631379982,0.015076048396119089,0.006917766867001518,1.7171822331329984,4.433234524286382,1.0051084019120298,0.3657909452064977,0.36857347166051657,3.3410942816605163,1.8278660458744005,3.749918235922503,3.747135709468484,0.7853443593835083,0.0036300284687417732,4270617.956165343,85412.35912330686,0.004887034054880105,0.004874599209237577,13272.629831682563,13205.172503218439,205758476.23818368,4115169.5247636735,528.4271811448059,10.568543622896117,204712721.38086483,4094254.427617297,525.7414823511299,10.5148296470226,"[1.770,2.067]",1.921,"[0.322,0.438]",0.38,0.002,0.0,858,1.717,0.12,-2.7135574774710003,53,3.7064425225289996,0.005,0.0,343,1.7175,0.05,0.5941835225290001,63,3.7691835225290005,1.7238865574422633,1.7211423821762213,0.8658970719496425,0.7903851052499384,1.7814114527498037,1.7419382738286193,0.8228441943035878,0.7868312932786842
26,56,3.4889,14.0,1.7433,15461.70624,309.2341248,E04001,1.215907204,0.00950736,0.0089,3.4978000000000002,1.7456,1.7545,1.0,0.0,0.0,15461.70624,309.2341248,0.24434609527920614,0.014852136862001762,0.9851478631379982,0.015076048396119089,0.006917766867001518,1.7363822331329986,4.433234524286382,1.0051084019120298,0.3618113519676237,0.36458372668905475,3.403678616689055,1.8449061267959015,3.7899275123613765,3.7871551376399455,0.7803393389088722,0.003596836950007813,4298695.341184819,85973.9068236964,0.004887034054880104,0.0048745992092375755,13987.933922446873,13916.841104738014,216277325.21340448,4325546.50426809,555.4416002564125,11.108832005128253,215178108.95021623,4303562.1790043255,552.6186023316384,11.052372046632769,"[1.770,2.067]",1.921,"[0.322,0.438]",0.38,0.002,0.0,868,1.737,0.12,-2.7135574774710003,54,3.8264425225289997,0.005,0.0,347,1.7375,0.05,0.5941835225290001,63,3.7691835225290005,1.7432432720824522,1.7411423821762213,0.8540956007436428,0.7869674972664028,1.8033840760270148,1.7419382738286193,0.7974414912736623,0.7868312932786842
26,56,3.4889,14.0,1.7625,15426.69644,308.5339287,E04001,1.244595697,0.009723404,0.0089,3.4978000000000002,1.7264000000000002,1.7353,1.0,0.0,0.0,15426.69644,308.5339287,0.24434609527920614,0.014852136862001762,0.9851478631379982,0.015076048396119089,0.006917766867001518,1.7555822331329984,4.433234524286382,1.0051084019120298,0.3578317587287498,0.3605939817175929,3.4670002317175928,1.8619882469332594,3.8299367888002505,3.8271745658114074,0.7752520101230311,0.0035638186511746657,4328698.497302949,86573.9699179992,0.004887034054880105,0.004874599209237577,14739.448435415752,14664.536091208394,227380996.70619175,4547619.93264989,583.9579556190921,11.679159108596469,226225346.71249604,4524506.932783468,580.990025064184,11.619800497517549,"[1.770,2.067]",1.921,"[0.322,0.438]",0.38,0.002,0.0,877,1.7550000000000001,0.12,-2.7135574774710003,54,3.8264425225289997,0.005,0.0,351,1.7575,0.05,0.5941835225290001,64,3.8191835225290003,1.7606583744619329,1.7611423821762213,0.8414055911631774,0.7835403439667646,1.8033840760270148,1.7685829710542667,0.7974414912736623,0.7822630339557115
26,56,3.4889,14.0,1.7817,15399.03919,307.9807838,E04001,1.214361479,0.00954605,0.0089,3.4978000000000002,1.7072,1.7161,1.0,0.0,0.0,15399.03919,307.9807838,0.24434609527920614,0.014852136862001762,0.9851478631379982,0.015076048396119089,0.006917766867001518,1.7747822331329985,4.433234524286382,1.0051084019120298,0.3538521654898758,0.35660423674613095,3.5310591267461313,1.879111259810374,3.869946065239125,3.8671939939828697,0.770081996332434,0.0035309917494465706,4361108.799649154,87222.17599298307,0.004887034054880105,0.004874599209237577,15528.9285041419,15450.003675823456,239130578.6139892,4782611.572279784,614.1331326552021,12.282662653104042,237915212.08964944,4758304.241792989,611.011838610571,12.22023677221142,"[1.770,2.067]",1.921,"[0.322,0.438]",0.38,0.002,0.0,887,1.7750000000000001,0.12,-2.7135574774710003,54,3.8264425225289997,0.005,0.0,354,1.7725,0.05,0.5941835225290001,65,3.8691835225290006,1.780001894198321,1.7761423821762212,0.8242489043386173,0.7809640961565242,1.8033840760270148,1.7952276682799144,0.7974414912736623,0.7776793705520535
26,56,3.4889,14.0,1.8009,15378.22445,307.564489,E04001,1.189994336,0.00936389,0.0089,3.4978000000000002,1.6880000000000002,1.6969,1.0,0.0,0.0,15378.22445,307.564489,0.24434609527920614,0.014852136862001762,0.9851478631379982,0.015076048396119089,0.006917766867001518,1.7939822331329984,4.433234524286382,1.0051084019120298,0.3498725722510019,0.35261449177466914,3.5958553017746686,1.8962740576653652,3.909955341677998,3.9072134221543307,0.7648289380021266,0.0034983728987399215,4395821.970705032,87916.43941410065,0.004887034054880106,0.004874599209237578,16358.21643618867,16275.076802731166,251560323.95738846,5031206.479147769,646.0550996829758,12.921101993659514,250281784.01338825,5005635.680267764,642.7715641954414,12.855431283908827,"[1.770,2.067]",1.921,"[0.322,0.438]",0.38,0.002,0.0,896,1.793,0.12,-2.7135574774710003,55,3.946442522529,0.005,0.0,358,1.7925,0.05,0.5941835225290001,66,3.9191835225290004,1.797405133301055,1.7961423821762212,0.8050808151178978,0.7775217573889635,1.825181997377196,1.821872365505562,0.7633693565532179,0.7730817699384188
26,56,3.4889,14.0,1.8201,15364.47405,307.289481,E04001,1.171533756,0.0092421,0.0089,3.4978000000000002,1.6688,1.6777,1.0,0.0,0.0,15364.47405,307.289481,0.24434609527920614,0.014852136862001762,0.9851478631379982,0.015076048396119089,0.006917766867001518,1.8131822331329985,4.433234524286382,1.0051084019120298,0.3458929790121279,0.34862474680320726,3.6613887568032073,1.9134755699520198,3.9499646181168724,3.947232850325793,0.7594924933145654,0.0034659773294035577,4432941.300468342,88658.82600936687,0.004887034054880106,0.004874599209237578,17229.246605635075,17141.68001467272,264718312.3733307,5294366.2474666145,679.8473344199963,13.596946688399928,263372897.75884262,5267457.955176853,676.392051968439,13.52784103936878,"[1.770,2.067]",1.921,"[0.322,0.438]",0.38,0.002,0.0,906,1.813,0.12,-2.7135574774710003,55,3.946442522529,0.005,0.0,362,1.8125,0.05,0.5941835225290001,67,3.969183522529,1.816735485080656,1.8161423821762213,0.7778990569443446,0.7740715946654898,1.825181997377196,1.8485170627312093,0.7633693565532179,0.768471671998146
26,56,3.4889,14.0,1.8393,15358.51125,307.170225,E04001,1.132922307,0.009050356,0.0089,3.4978000000000002,1.6496000000000002,1.6585,1.0,0.0,0.0,15358.51125,307.170225,0.24434609527920614,0.014852136862001762,0.9851478631379982,0.015076048396119089,0.006917766867001518,1.8323822331329984,4.433234524286382,1.0051084019120298,0.341913385773254,0.3446350018317454,3.727659491831745,1.930714761903411,3.989973894555746,3.987252278497255,0.7540723387305234,0.0034338189418212776,4472720.172559225,89454.40345118451,0.004887034054880104,0.0048745992092375755,18144.050677107956,18051.834650463883,278665606.44493264,5573312.128898653,715.6666572765803,14.313333145531608,277249305.56228936,5544986.111245788,712.0293253097469,14.240586506194939,"[1.770,2.067]",1.921,"[0.322,0.438]",0.38,0.002,0.0,916,1.833,0.12,-2.7135574774710003,55,3.946442522529,0.005,0.0,366,1.8325,0.05,0.5941835225290001,67,3.969183522529,1.8360589171492663,1.8361423821762213,0.7414748166459924,0.7706142179907227,1.825181997377196,1.8485170627312093,0.7633693565532179,0.768471671998146
26,56,3.4889,14.0,1.8585,15360.28556,307.2057111,E04001,1.158832623,0.00970034,0.0089,3.4978000000000002,1.6304,1.6393,1.0,0.0,0.0,15360.28556,307.2057111,0.24434609527920614,0.014852136862001762,0.9851478631379982,0.015076048396119089,0.006917766867001518,1.8515822331329985,4.433234524286382,1.0051084019120298,0.33793379253438,0.3406452568602835,3.7946675068602835,1.9479906331551708,4.02998317099462,4.027271706668716,0.7485681695515766,0.003401910394245964,4515194.0468451455,90303.88090750766,0.004887034054880104,0.0048745992092375755,19104.76318836817,19007.664399208035,293454618.1295112,5869092.360679747,753.6476721989156,15.072953439071842,291963153.00048125,5839263.058108858,749.8173040492375,14.996346076103215,"[1.770,2.067]",1.921,"[0.322,0.438]",0.38,0.002,0.0,925,1.851,0.12,-2.7135574774710003,56,4.066442522528999,0.005,0.0,370,1.8525,0.05,0.5941835225290001,68,4.0191835225290005,1.8534440957958722,1.8561423821762213,0.6961989338220557,0.7671502286871807,1.846809318806573,1.875161759956857,0.7152837136300244,0.7638504891762751
26,56,3.4889,14.0,1.8777,15370.05899,307.4011797,E04001,1.151589595,0.008848372,0.0089,3.4978000000000002,1.6112000000000002,1.6201,1.0,0.0,0.0,15370.05899,307.4011797,0.24434609527920614,0.014852136862001762,0.9851478631379982,0.015076048396119089,0.006917766867001518,1.8707822331329984,4.433234524286382,1.0051084019120298,0.33395419929550607,0.33665551188882165,3.862412801888821,1.9653022164259677,4.069992447433495,4.067291134840179,0.7429797004836411,0.003370263185198303,4560492.20651462,91209.84410062112,0.004887034054880104,0.0048745992092375755,20113.627521045724,20011.401240685413,309147641.50136024,6182952.8280158425,793.9503623025608,15.879007240885652,307576417.54189396,6151528.34883674,789.9151581980805,15.7983031588223,"[1.770,2.067]",1.921,"[0.322,0.438]",0.38,0.002,0.0,935,1.871,0.12,-2.7135574774710003,56,4.066442522528999,0.005,0.0,374,1.8725,0.05,0.5941835225290001,69,4.069183522529,1.8727544008608774,1.8761423821762213,0.6219220839065683,0.7636802192959259,1.846809318806573,1.9018064571825044,0.7152837136300244,0.7592196060796486
26,56,3.4889,14.0,1.8969,15387.53495,307.750699,E04001,1.124286642,0.008383409,0.0089,3.4978000000000002,1.592,1.6009,1.0,0.0,0.0,15387.53495,307.750699,0.24434609527920614,0.014852136862001762,0.9851478631379982,0.015076048396119089,0.006917766867001518,1.8899822331329985,4.433234524286382,1.0051084019120298,0.3299746060566321,0.3326657669173598,3.93089537691736,1.9826485762528265,4.110001723872368,4.107310563011641,0.7373066662010108,0.003338887730746997,4608581.117687777,92171.62235375553,0.004887034054880104,0.0048745992092375755,21173.002291965866,21065.391804195657,325800312.76405483,6516006.255281097,836.7176120157166,16.734352240314333,324144452.62250423,6482889.052450084,832.4650459831186,16.64930091966237,"[1.770,2.067]",1.921,"[0.322,0.438]",0.38,0.002,0.0,944,1.889,0.12,-2.7135574774710003,56,4.066442522528999,0.005,0.0,377,1.8875,0.05,0.5941835225290001,70,4.119183522529,1.8901277772370122,1.8911423821762212,0.5139553135841627,0.761074113019365,1.846809318806573,1.928451154408152,0.7152837136300244,0.7545803791266626
26,56,3.4889,14.0,1.9161,15411.98602,308.2397204,E04001,1.109526052,0.00824034,0.0089,3.4978000000000002,1.5728000000000002,1.5817,1.0,0.0,0.0,15411.98602,308.2397204,0.24434609527920614,0.014852136862001762,0.9851478631379982,0.015076048396119089,0.006917766867001518,1.9091822331329984,4.433234524286382,1.0051084019120298,0.3259950128177581,0.32867602194589796,4.000115231945897,2.0000288077790023,4.150011000311242,4.147329991183102,0.7315488219103257,0.0033077934369715838,4659295.180811014,93185.90361622028,0.004887034054880105,0.004874599209237577,22285.368200665278,22172.104181271945,343461783.15920585,6869235.663184117,882.0756511420296,17.64151302284059,341716159.67574674,6834323.193514936,877.5925556527499,17.551851113055,"[1.770,2.067]",1.921,"[0.322,0.438]",0.38,0.002,0.0,954,1.909,0.12,-2.7135574774710003,57,4.186442522528999,0.005,0.0,381,1.9075,0.05,0.5941835225290001,71,4.169183522529,1.9094249820148477,1.9111423821762212,0.28493317484935476,0.7575949675455548,1.8682699842653396,1.9550958516337993,0.6423117549994324,0.7499341362452405
26,56,3.4889,14.0,1.9353,15106.18516,302.1237032,E04001,1.098887629,0.008208558,0.0089,3.4978000000000002,1.5536,1.5625,1.0,0.0,0.0,15106.18516,302.1237032,0.24434609527920614,0.014852136862001762,0.9851478631379982,0.015076048396119089,0.006917766867001518,1.9283822331329985,4.433234524286382,1.0051084019120298,0.3220154195788842,0.324686276974436,4.070072366974436,2.017442035592209,4.190020276750117,4.187349419354565,0.7257059439138768,0.0032769887678934426,4609776.300731955,92195.5260146391,0.004887034054880105,0.004874599209237577,23453.33537220656,23334.135231176057,354290426.7521298,7085808.535042596,909.8856821747569,18.19771364349514,352489767.3506249,7049795.347012498,905.2612439055035,18.10522487811007,"[1.770,2.067]",1.921,"[0.322,0.438]",0.38,0.002,0.0,964,1.929,0.12,-2.7135574774710003,57,4.186442522528999,0.005,0.0,385,1.9275,0.05,0.5941835225290001,71,4.169183522529,1.928715302605056,1.9311423821762213,-0.3641398687949687,0.754111385486242,1.8682699842653396,1.9550958516337993,0.6423117549994324,0.7499341362452405
26,56,3.4889,14.0,1.9545,15116.9622,302.339244,E04001,1.098104221,0.008202706,0.0089,3.4978000000000002,1.5344000000000002,1.5433000000000001,1.0,0.0,0.0,15116.9622,302.339244,0.24434609527920614,0.014852136862001762,0.9851478631379982,0.015076048396119089,0.006917766867001518,1.9475822331329984,4.433234524286382,1.0051084019120298,0.3180358263400102,0.3206965320029742,4.140766782002974,2.0348874126110696,4.23002955318899,4.227368847526026,0.7197778301716424,0.003246481309145662,4656414.363888068,93128.28727776137,0.004887034054880107,0.004874599209237579,24679.651238298582,24554.21842196343,373081354.87854284,7461627.097570857,958.1443851087768,19.162887702175535,371185191.7353648,7423703.834707296,953.274674936641,19.06549349873282,"[1.770,2.067]",1.921,"[0.206,0.322]",0.265,0.002,0.0,973,1.947,0.12,-2.7135574774710003,57,4.186442522528999,0.005,0.0,389,1.9475,0.015,0.7091835225290001,234,4.226683522529,1.9460707112411555,1.9500400823071018,-6.771074522682449,0.6836092254010758,1.8682699842653396,1.9244544498243048,0.6423117549994324,0.688921253360857
26,56,3.4889,14.0,1.9737,15127.6559,302.5531181,E04001,1.097327974,0.008130804,0.0089,3.4978000000000002,1.5152,1.5241,1.0,0.0,0.0,15127.6559,302.5531181,0.24434609527920614,0.014852136862001762,0.9851478631379982,0.015076048396119089,0.006917766867001518,1.9667822331329985,4.433234524286382,1.0051084019120298,0.3140562331011363,0.3167067870315123,4.212198477031512,2.0523641190177515,4.270038829627864,4.267388275697488,0.7137643008614222,0.0032162778276379304,4703466.774544759,94069.33552198701,0.004887034054880105,0.004874599209237577,25967.209004076278,25835.232254231032,392823002.4970476,7856460.052537673,1008.8447178140236,20.176894362949348,390826503.63858837,7816530.07535529,1003.7173263051889,20.07434653273876,"[1.770,2.067]",1.921,"[0.206,0.322]",0.265,0.002,0.0,983,1.967,0.12,-2.7135574774710003,58,4.306442522528999,0.005,0.0,393,1.9675,0.015,0.7091835225290001,237,4.271683522529,1.9653479721475762,1.9700400823071018,2.8215908612347587,0.6794656806915276,1.8895677880446522,1.9484346773273877,0.5184079753254747,0.6839421748321678
26,56,3.4889,14.0,1.9929,15138.11769,302.7623539,E04001,1.08335794,0.008125185,0.0089,3.4978000000000002,1.4960000000000002,1.5049000000000001,1.0,0.0,0.0,15138.11769,302.7623539,0.24434609527920614,0.014852136862001762,0.9851478631379982,0.015076048396119089,0.006917766867001518,1.9859822331329984,4.433234524286382,1.0051084019120298,0.3100766398622623,0.3127170420600504,4.28436745206005,2.0698713612348114,4.310048106066738,4.307407703868949,0.7076651989364223,0.0031863843274585395,4750876.270495017,95017.52544128388,0.004887034054880106,0.004874599209237578,27319.056752734894,27180.209319477905,413559096.30269,8271181.928785707,1062.0989788194638,21.241979583405335,411457207.5170913,8229144.153059848,1056.700925789716,21.13401852277472,"[2.067,2.357]",2.213,"[0.206,0.322]",0.265,0.002,0.0,992,1.985,0.12,-3.920685477471,68,4.299314522528999,0.005,0.0,397,1.9875,0.015,0.7091835225290001,239,4.301683522529,1.9938373916345284,1.9900400823071018,0.8619489523949294,0.6753305471619646,2.09433042322055,1.9644214956627764,0.775861297822842,0.6806289009244633
26,56,3.4889,14.0,2.0121,15147.49254,302.9498508,E04001,1.06948394,0.007988121,0.0089,3.4978000000000002,1.4768,1.4856999999999998,1.0,0.0,0.0,15147.49254,302.9498508,0.24434609527920614,0.014852136862001762,0.9851478631379982,0.015076048396119089,0.006917766867001518,2.0051822331329987,4.433234524286382,1.0051084019120298,0.3060970466233883,0.30872729708858854,4.35727370708859,2.0874083709443605,4.350057382505613,4.347427132040412,0.701480390679625,0.003156806102242271,4798360.130272422,95967.20260544843,0.004887034054880104,0.0048745992092375755,28738.407245622468,28592.346050389242,435314809.36454827,8706296.187290965,1117.9718173885294,22.35943634777059,433102348.4993695,8662046.969987389,1112.2897940777316,22.245795881554628,"[2.067,2.357]",2.213,"[0.206,0.322]",0.265,0.002,0.0,1002,2.005,0.12,-3.920685477471,68,4.299314522528999,0.005,0.0,401,2.0075,0.015,0.7091835225290001,242,4.346683522529,2.013097656127954,2.0100400823071016,0.8512141104229862,0.671204430109597,2.09433042322055,1.988401723165859,0.775861297822842,0.6756689578916373
26,56,3.4889,14.0,2.0313,15155.06603,303.1013207,E04001,1.055752576,0.007918144,0.0089,3.4978000000000002,1.4576000000000002,1.4665000000000001,1.0,0.0,0.0,15155.06603,303.1013207,0.24434609527920614,0.014852136862001762,0.9851478631379982,0.015076048396119089,0.006917766867001518,2.0243822331329984,4.433234524286382,1.0051084019120298,0.3021174533845144,0.3047375521171267,4.430917242117126,2.1049744041477383,4.390066658944486,4.387446560211874,0.6952097662542577,0.0031275477842199716,4845670.498294164,96913.40999785722,0.004887034054880107,0.004874599209237579,30228.648481438453,30075.013226368552,458117163.733859,9162343.277700044,1176.5326313250189,23.53065263426367,455788811.2987387,9115776.228982275,1170.5529762629449,23.411059532982737,"[2.067,2.357]",2.213,"[0.206,0.322]",0.265,0.002,0.0,1012,2.025,0.12,-3.920685477471,69,4.419314522529,0.005,0.0,404,2.0225,0.015,0.7091835225290001,245,4.391683522529,2.0323510758789283,2.0250400823071018,0.8385430575142253,0.6681161133997161,2.11405128200691,2.0123819506689418,0.7435563194102915,0.6707219059489409
26,56,3.4889,14.0,2.0505,15160.65122,303.2130245,E04001,1.035575568,0.007783307,0.0089,3.4978000000000002,1.4384000000000001,1.4473,1.0,0.0,0.0,15160.65122,303.2130245,0.24434609527920614,0.014852136862001762,0.9851478631379982,0.015076048396119089,0.006917766867001518,2.0435822331329985,4.433234524286382,1.0051084019120298,0.2981378601456404,0.3007478071456648,4.505298057145664,2.1225687402639437,4.43007593538336,4.427465988383336,0.6888532402496587,0.003098613390153328,4892721.133968187,97854.42271163625,0.004887034054880105,0.004874599209237577,31793.355084954695,31631.76730437614,482007967.5566116,9640159.354311569,1237.888791956412,24.757775847293384,479558191.5738462,9591163.834640102,1231.5972979646388,24.63194596741642,"[2.067,2.357]",2.213,"[0.206,0.322]",0.265,0.002,0.0,1021,2.043,0.12,-3.920685477471,69,4.419314522529,0.005,0.0,408,2.0425,0.015,0.7091835225290001,247,4.421683522529,2.049673307427369,2.0450400823071018,0.8250142845310701,0.6640071779025826,2.11405128200691,2.0283687690043304,0.7435563194102915,0.6674315342863092
26,56,3.4889,14.0,2.0697,15163.24694,303.2649388,E04001,1.009018719,0.007650077,0.0089,3.4978000000000002,1.4192,1.4281,1.0,0.0,0.0,15163.24694,303.2649388,0.24434609527920614,0.014852136862001762,0.9851478631379982,0.015076048396119089,0.006917766867001518,2.0627822331329986,4.433234524286382,1.0051084019120298,0.2941582669067665,0.2967580621742029,4.5804161521742035,2.140190681265154,4.470085211822234,4.467485416554797,0.6824107522218229,0.0030700063643466628,4939158.1451092325,98783.16290218463,0.004887034054880103,0.0048745992092375755,33436.30060326054,33266.362652679316,507002882.8073106,10140057.65614621,1302.080522233374,26.041610444667477,504426071.69816995,10088521.433963398,1295.4627777027936,25.909255554055868,"[2.067,2.357]",2.213,"[0.206,0.322]",0.265,0.002,0.0,1031,2.063,0.12,-3.920685477471,69,4.419314522529,0.005,0.0,412,2.0625,0.015,0.7091835225290001,250,4.466683522529,2.0689137422472896,2.065040082307102,0.8068794372991767,0.6599088316475096,2.11405128200691,2.0523489965074133,0.7435563194102915,0.6625081982253724
26,56,3.4889,14.0,2.0889,15162.38142,303.2476284,E04001,1.028862127,0.00831004,0.0089,3.4978000000000002,1.4,1.4088999999999998,1.0,0.0,0.0,15162.38142,303.2476284,0.24434609527920614,0.014852136862001762,0.9851478631379982,0.015076048396119089,0.006917766867001518,2.0819822331329987,4.433234524286382,1.0051084019120298,0.2901786736678925,0.29276831720274105,4.656271527202742,2.157839550847732,4.5100944882611085,4.50750484472626,0.6758822672278899,0.003041729618916276,4984789.35330292,99695.7870660584,0.004887034054880104,0.0048745992092375755,35161.470796053414,34982.76477359589,533131631.4979529,10662632.629959058,1369.1841539761274,27.383683079522548,530422022.6234008,10608440.452468015,1362.2253593458297,27.244507186916593,"[2.067,2.357]",2.213,"[0.206,0.322]",0.265,0.002,0.0,1040,2.081,0.12,-3.920685477471,70,4.539314522528999,0.005,0.0,416,2.0825,0.015,0.7091835225290001,253,4.511683522529,2.0862242991743614,2.085040082307102,0.7868265056806483,0.6558216137422337,2.1336455409982795,2.076329224010496,0.700226456808287,0.6576003707661628
26,56,3.4889,20.0,0.5301,1334.800046,26.69600092,E04001,0.936469851,0.021201677,0.0089,3.4978000000000002,2.9588,2.9677000000000002,1.0,0.0,0.0,1334.800046,26.69600092,0.3490658503988659,0.030153689607045803,0.9698463103929541,0.03109120412576338,0.014016228577584222,0.5160837714224158,4.433234524286382,1.0051084019120298,1.2451010034162457,1.2520319785347258,1.5330379885347258,1.2381591127697305,0.6300122537127544,0.6230812785942743,0.9292483107658255,-0.00048681865192533086,-2741883.5344968135,-54837.67068993626,0.0011671961027426554,0.0011642262230141375,1199.7088027563573,1193.6113562220123,1601371.3651057908,32027.42730211581,4.112628417063615,0.08225256834127229,1593232.4931912646,31864.64986382529,4.091726234941537,0.08183452469883074,"[0.878,1.302]",0.991,"[1.050,1.500]",1.25,0.002,0.0,258,0.517,0.12,-0.005397477470999945,5,0.654602522529,0.005,0.0,103,0.5175,0.1,-0.2758164774709999,8,0.5741835225290002,0.5237837601724067,0.5294815203165176,0.9205668798298571,0.9292568707381981,0.341056325282978,0.5029598528360083,0.9341107015287875,0.9304345997760813
26,56,3.4889,20.0,0.5475,1561.377636,31.22755273,E04001,0.979903877,0.019277848,0.0089,3.4978000000000002,2.9414000000000002,2.9503000000000004,1.0,0.0,0.0,1561.377636,31.22755273,0.3490658503988659,0.030153689607045803,0.9698463103929541,0.03109120412576338,0.014016228577584222,0.5334837714224158,4.433234524286382,1.0051084019120298,1.2377788601624122,1.244691156879402,1.5444474068794019,1.242757984033658,0.6699862973665878,0.6630740006495981,0.9283692031128358,-0.0004060980849131579,-3844828.8578703664,-76896.57718203192,0.0011671961027426554,0.0011642262230141375,1230.8718494770987,1224.616018665844,1921855.7785555003,38437.11558341872,4.93569378135041,0.09871387565861933,1912088.0642322071,38241.761296890305,4.910608419908917,0.09821216842962883,"[0.878,1.302]",0.991,"[1.050,1.500]",1.25,0.002,0.0,266,0.533,0.12,-0.005397477470999945,5,0.654602522529,0.005,0.0,106,0.5325,0.1,-0.2758164774709999,9,0.6741835225290002,0.5396223181120448,0.5444815203165176,0.918787685276333,0.9285653799672215,0.341056325282978,0.5562492472873035,0.9341107015287875,0.9280101199346708
26,56,3.4889,20.0,0.5649,1783.72628,35.67452561,E04001,0.92502982,0.015921725,0.0089,3.4978000000000002,2.9240000000000004,2.9329000000000005,1.0,0.0,0.0,1783.72628,35.67452561,0.3490658503988659,0.030153689607045803,0.9698463103929541,0.03109120412576338,0.014016228577584222,0.5508837714224157,4.433234524286382,1.0051084019120298,1.2304567169085787,1.2373503352240784,1.5564623452240784,1.2475826005616135,0.7099603410204212,0.7030667227049214,0.9274551800619316,-0.0003271772804619744,-5451864.742812759,-109037.29488681967,0.0011671961027426556,0.0011642262230141377,1263.7287971413523,1257.3059729053562,2254146.266253819,45082.92533771367,5.789079405825937,0.11578158814897373,2242689.7058722517,44853.7941300181,5.759656764199067,0.11519313531627139,"[0.878,1.302]",0.991,"[1.050,1.500]",1.25,0.002,0.0,275,0.551,0.12,-0.005397477470999945,5,0.654602522529,0.005,0.0,110,0.5525,0.1,-0.2758164774709999,9,0.6741835225290002,0.5574350082044432,0.5644815203165177,0.916620863100673,0.9276150271732094,0.341056325282978,0.5562492472873035,0.9341107015287875,0.9280101199346708
26,56,3.4889,20.0,0.5823,1994.676322,39.89352644,E04001,0.942508807,0.014237899,0.0089,3.4978000000000002,2.9066,2.9155,1.0,0.0,0.0,1994.676322,39.89352644,0.3490658503988659,0.030153689607045803,0.9698463103929541,0.03109120412576338,0.014016228577584222,0.5682837714224158,4.433234524286382,1.0051084019120298,1.2231345736547452,1.2300095135687545,1.5690828035687545,1.252630353922798,0.749934384674255,0.7430594447602457,0.9265057991391368,-0.0002501000643030174,-7975513.031389232,-159510.26062778465,0.0011671961027426554,0.0011642262230141375,1298.3506539732139,1291.7518662696937,2589789.3071335847,51795.7861426717,6.651075029071379,0.1330215005814276,2576626.861547468,51532.53723094937,6.617271347467555,0.1323454269493511,"[0.878,1.302]",0.991,"[1.050,1.500]",1.25,0.002,0.0,284,0.5690000000000001,0.12,-0.005397477470999945,6,0.7746025225290001,0.005,0.0,113,0.5675,0.1,-0.2758164774709999,10,0.7741835225290001,0.5752416820189978,0.5794815203165177,0.9142597540841308,0.9268811006555193,0.38712638227275475,0.6095386417385985,0.9316362140921498,0.9253562506725656
26,56,3.4889,20.0,0.5997,2188.779586,43.77559173,E04001,0.918319968,0.012564079,0.0089,3.4978000000000002,2.8892,2.8981000000000003,1.0,0.0,0.0,2188.779586,43.77559173,0.3490658503988659,0.030153689607045803,0.9698463103929541,0.03109120412576338,0.014016228577584222,0.5856837714224158,4.433234524286382,1.0051084019120298,1.2158124304009117,1.2226686919134306,1.5823087819134307,1.2578985578787467,0.7899084283280884,0.7830521668155694,0.9255206151083509,-0.00017490466445731055,-12514129.29890284,-250282.5860352308,0.0011671961027426554,0.0011642262230141375,1334.8118849270868,1328.0277852496886,2921609.004878589,58432.18011091989,7.503251574764395,0.15006503152956843,2906760.1059953105,58135.20213318649,7.465116758044077,0.14930233519498784,"[0.878,1.302]",0.991,"[1.050,1.500]",1.25,0.002,0.0,292,0.585,0.12,-0.005397477470999945,6,0.7746025225290001,0.005,0.0,117,0.5875,0.1,-0.2758164774709999,10,0.7741835225290001,0.5910647907434523,0.5994815203165177,0.911979095892333,0.9258744845984714,0.38712638227275475,0.6095386417385985,0.9316362140921498,0.9253562506725656
26,56,3.4889,20.0,0.6172,2363.146872,47.26293744,E04001,0.918267089,0.011383127,0.0089,3.4978000000000002,2.8717,2.8806000000000003,1.0,0.0,0.0,2363.146872,47.26293744,0.3490658503988659,0.030153689607045803,0.9698463103929541,0.03109120412576338,0.014016228577584222,0.6031837714224157,4.433234524286382,1.0051084019120298,1.20844820586401,1.215285681627904,1.596221521627904,1.2634166065189678,0.8301122078649898,0.8232747321010958,0.9244932040757146,-0.00010120822146489437,-23349356.779475607,-466987.1355895122,0.0011671961027426554,0.0011642262230141375,1373.4168124864118,1366.4365056283925,3245585.644379474,64911.71288758949,8.335285644505673,0.16670571289011346,3229090.154062346,64581.80308124693,8.292922065569604,0.1658584413113921,"[0.878,1.302]",0.991,"[1.050,1.500]",1.25,0.002,0.0,301,0.603,0.12,-0.005397477470999945,6,0.7746025225290001,0.005,0.0,120,0.6025,0.1,-0.2758164774709999,10,0.7741835225290001,0.6088601170904795,0.6144815203165177,0.9091840221705877,0.9250986048962149,0.38712638227275475,0.6095386417385985,0.9316362140921498,0.9253562506725656
26,56,3.4889,20.0,0.6346,2513.43448,50.26868959,E04001,0.911103917,0.01046377,0.0089,3.4978000000000002,2.8543000000000003,2.8632000000000004,1.0,0.0,0.0,2513.43448,50.26868959,0.3490658503988659,0.030153689607045803,0.9698463103929541,0.03109120412576338,0.014016228577584222,0.6205837714224158,4.433234524286382,1.0051084019120298,1.2011260626101765,1.2079448599725804,1.6106620199725805,1.2691185996480314,0.8700862515188237,0.8632674541564198,0.9234348551321888,-2.9880384739289424e-05,-84116536.71564375,-1682330.7339782072,0.0011671961027426556,0.0011642262230141377,1413.8064323870449,1406.6208477588527,3553509.8352073873,71070.19669000969,9.126093951120131,0.18252187898609337,3535449.339043931,70708.98676681242,9.079711137385235,0.18159422271158,"[0.878,1.302]",0.991,"[1.050,1.500]",1.25,0.002,0.0,310,0.621,0.12,-0.005397477470999945,7,0.894602522529,0.005,0.0,124,0.6225,0.1,-0.2758164774709999,11,0.8741835225290002,0.6266494447305178,0.6344815203165177,0.9061153707578478,0.9240363855524003,0.43164799134548637,0.6628280361898936,0.9287277282509473,0.9224770288849484
26,56,3.4889,20.0,0.652,2639.850686,52.79701372,E04001,0.909142329,0.009849042,0.0089,3.4978000000000002,2.8369,2.8458,1.0,0.0,0.0,2639.850686,52.79701372,0.3490658503988659,0.030153689607045803,0.9698463103929541,0.03109120412576338,0.014016228577584222,0.6379837714224158,4.433234524286382,1.0051084019120298,1.1938039193563428,1.2006040383172565,1.6257080383172564,1.2750325636301436,0.9100602951726573,0.9032601762117436,0.9223393487891326,3.948352870676537e-05,66859543.0161659,1337190.860323318,0.0011671961027426559,0.001164226223014138,1456.281451777241,1448.8799904636548,3844365.589483226,76887.31178966451,9.873067243116184,0.19746134486232367,3824826.836757153,76496.53673514306,9.822887983360332,0.19645775966720663,"[0.878,1.302]",0.991,"[1.050,1.500]",1.25,0.002,0.0,318,0.637,0.12,-0.005397477470999945,7,0.894602522529,0.005,0.0,127,0.6375000000000001,0.1,-0.2758164774709999,11,0.8741835225290002,0.6424571493600979,0.6494815203165177,0.9031276046213069,0.9232190598789974,0.43164799134548637,0.6628280361898936,0.9287277282509473,0.9224770288849484
26,56,3.4889,20.0,0.6694,2742.850571,54.85701143,E04001,0.896877149,0.009369814,0.0089,3.4978000000000002,2.8195,2.8284000000000002,1.0,0.0,0.0,2742.850571,54.85701143,0.3490658503988659,0.030153689607045803,0.9698463103929541,0.03109120412576338,0.014016228577584222,0.6553837714224158,4.433234524286382,1.0051084019120298,1.1864817761025093,1.193263216661933,1.6413595766619329,1.2811555630218887,0.9500343388264907,0.9432528982670669,0.9212062293638067,0.00010686668528771312,25666095.69311079,513321.91395579034,0.0011671961027426559,0.001164226223014138,1500.9315989190181,1493.303205966419,4116831.0931269717,82336.62187754875,10.572810848735603,0.21145621701325887,4095907.551161123,81918.1510381555,10.519075184948031,0.21038150373731151,"[0.878,1.302]",0.991,"[1.050,1.500]",1.25,0.002,0.0,327,0.655,0.12,-0.005397477470999945,7,0.894602522529,0.005,0.0,131,0.6575,0.1,-0.2758164774709999,12,0.9741835225290001,0.6602351626412997,0.6694815203165176,0.8994330194801965,0.9221019295587042,0.43164799134548637,0.7161174306411887,0.9287277282509473,0.9193767947079128
26,56,3.4889,20.0,0.6868,2824.067857,56.48135714,E04001,0.920657765,0.009277397,0.0089,3.4978000000000002,2.8021000000000003,2.8110000000000004,1.0,0.0,0.0,2824.067857,56.48135714,0.3490658503988659,0.030153689607045803,0.9698463103929541,0.03109120412576338,0.014016228577584222,0.6727837714224157,4.433234524286382,1.0051084019120298,1.1791596328486758,1.1859223950066091,1.657616635006609,1.2874846154446309,0.9900083824803245,0.9832456203223912,0.9200350387349232,0.0001722572162736251,16394482.147639366,327889.6429527873,0.0011671961027426556,0.0011642262230141377,1547.8507933777028,1539.9839364920317,4371235.673009919,87424.71346019837,11.226170542468244,0.22452341084936486,4349019.135343476,86980.38270686952,11.169114218041123,0.22338228436082247,"[0.878,1.302]",0.991,"[1.050,1.500]",1.25,0.002,0.0,336,0.673,0.12,-0.005397477470999945,8,1.014602522529,0.005,0.0,134,0.6725,0.1,-0.2758164774709999,12,0.9741835225290001,0.6780071947010242,0.6844815203165177,0.8953336260308674,0.9212436889698251,0.47476752402222344,0.7161174306411887,0.9253212619101723,0.9193767947079128
26,56,3.4889,20.0,0.7042,2886.090497,57.72180993,E04001,0.921662021,0.009181971,0.0089,3.4978000000000002,2.7847,2.7936,1.0,0.0,0.0,2886.090497,57.72180993,0.3490658503988659,0.030153689607045803,0.9698463103929541,0.03109120412576338,0.014016228577584222,0.6901837714224158,4.433234524286382,1.0051084019120298,1.1718374895948422,1.1785815733512854,1.6744792133512856,1.2940166974777743,1.029982426134158,1.0232383423777147,0.9188253164165964,0.00023564802867431523,12247462.935447732,244949.25866651846,0.0011671961027426556,0.0011642262230141377,1597.1373099323857,1589.019957344036,4609482.812600003,92189.65623602866,11.838034834482464,0.2367606966486317,4586055.3984339675,91721.10795278914,11.777868747254352,0.23555737490427794,"[0.878,1.302]",0.991,"[1.050,1.500]",1.25,0.002,0.0,345,0.6910000000000001,0.12,-0.005397477470999945,8,1.014602522529,0.005,0.0,138,0.6925,0.1,-0.2758164774709999,12,0.9741835225290001,0.6957732515721773,0.7044815203165177,0.8907641554957101,0.9200723712180586,0.47476752402222344,0.7161174306411887,0.9253212619101723,0.9193767947079128
26,56,3.4889,20.0,0.7216,2931.921003,58.63842006,E04001,0.924308669,0.00907255,0.0089,3.4978000000000002,2.7673,2.7762000000000002,1.0,0.0,0.0,2931.921003,58.63842006,0.3490658503988659,0.030153689607045803,0.9698463103929541,0.03109120412576338,0.014016228577584222,0.7075837714224158,4.433234524286382,1.0051084019120298,1.1645153463410087,1.1712407516959618,1.6919473116959618,1.3007487504110706,1.0699564697879913,1.0632310644330383,0.9175765996355456,0.000297036601185756,9870571.47602656,197411.42952053118,0.0011671961027426556,0.0011642262230141377,1648.8939487554417,1640.5135462192247,4834426.800075685,96688.53600151371,12.415734083575117,0.2483146816715024,4809856.121866156,96197.12243732312,12.352631875284814,0.24705263750569628,"[0.878,1.302]",0.991,"[1.050,1.500]",1.25,0.002,0.0,353,0.707,0.12,-0.005397477470999945,8,1.014602522529,0.005,0.0,141,0.7075,0.1,-0.2758164774709999,13,1.0741835225290002,0.7115602907857195,0.7194815203165177,0.8862432521952173,0.9191737697722581,0.47476752402222344,0.7694068250924838,0.9253212619101723,0.9160601756006304
26,56,3.4889,20.0,0.739,2964.659744,59.29319488,E04001,0.930966869,0.009039823,0.0089,3.4978000000000002,2.7499000000000002,2.7588000000000004,1.0,0.0,0.0,2964.659744,59.29319488,0.3490658503988659,0.030153689607045803,0.9698463103929541,0.03109120412576338,0.014016228577584222,0.7249837714224158,4.433234524286382,1.0051084019120298,1.1571932030871752,1.1638999300406379,1.710020930040638,1.3076776858387689,1.1099305134418251,1.1032237864883625,0.9162884234116192,0.00035642476771022584,8317771.413714647,166355.42827429296,0.0011671961027426559,0.001164226223014138,1703.228212120499,1694.5716590175025,5049492.115318736,100989.84230637472,12.968063010060503,0.25936126020121003,5023828.380812485,100476.56761624968,12.902153623819284,0.25804307247638564,"[1.302,1.770]",1.619,"[1.050,1.500]",1.25,0.002,0.0,362,0.725,0.12,-1.6444774774709998,22,1.055522522529,0.005,0.0,144,0.7225,0.1,-0.2758164774709999,13,1.0741835225290002,0.7448071147931046,0.7344815203165177,0.9268910384085619,0.9182580459429426,0.979194997784839,0.7694068250924838,0.9107064153923513,0.9160601756006304
26,56,3.4889,20.0,0.7564,2987.771327,59.75542655,E04001,0.967276168,0.009338064,0.0089,3.4978000000000002,2.7325,2.7414,1.0,0.0,0.0,2987.771327,59.75542655,0.3490658503988659,0.030153689607045803,0.9698463103929541,0.03109120412576338,0.014016228577584222,0.7423837714224157,4.433234524286382,1.0051084019120298,1.1498710598333415,1.1565591083853142,1.7287000683853142,1.3148003910804538,1.1499045570956583,1.1432165085436856,0.9149603206416989,0.0004138184908910426,7220004.404749214,144400.08811914947,0.0011671961027426559,0.001164226223014138,1760.2524879105843,1751.3061124173619,5259231.911659658,105184.63825079569,13.506714983872852,0.27013429972266373,5232502.187480432,104650.04376712172,13.438067931955263,0.26876135868408224,"[1.302,1.770]",1.619,"[1.050,1.500]",1.25,0.002,0.0,371,0.743,0.12,-1.6444774774709998,23,1.175522522529,0.005,0.0,148,0.7425,0.1,-0.2758164774709999,14,1.1741835225290003,0.7625507485430489,0.7544815203165177,0.9260033089845469,0.9170106321219871,1.010235024753555,0.8226962195437789,0.9075797834403945,0.9125320696226293
26,56,3.4889,20.0,0.7739,3004.025933,60.08051866,E04001,0.975357758,0.009420691,0.0089,3.4978000000000002,2.715,2.7239,1.0,0.0,0.0,3004.025933,60.08051866,0.3490658503988659,0.030153689607045803,0.9698463103929541,0.03109120412576338,0.014016228577584222,0.7598837714224158,4.433234524286382,1.0051084019120298,1.14250683529644,1.1491760980997874,1.7480973080997875,1.3221563100101998,1.19010833663256,1.1834390738292127,0.9135838395973847,0.00046954036014001726,6397801.313829971,127956.02627659941,0.0011671961027426554,0.0011642262230141375,1820.4364492525672,1811.1841924607625,5468638.30293315,109372.76605866301,14.044510709606472,0.28089021419212945,5440844.283591793,108816.88567183587,13.973130343840952,0.27946260687681906,"[1.302,1.770]",1.619,"[1.050,1.500]",1.25,0.002,0.0,379,0.759,0.12,-1.6444774774709998,23,1.175522522529,0.005,0.0,151,0.7575000000000001,0.1,-0.2758164774709999,14,1.1741835225290003,0.778317875038411,0.7694815203165177,0.925178034649317,0.9160553771260218,1.010235024753555,0.8226962195437789,0.9075797834403945,0.9125320696226293
26,56,3.4889,20.0,0.7913,3015.815004,60.31630007,E04001,1.004703537,0.009615974,0.0089,3.4978000000000002,2.6976,2.7065,1.0,0.0,0.0,3015.815004,60.31630007,0.3490658503988659,0.030153689607045803,0.9698463103929541,0.03109120412576338,0.014016228577584222,0.7772837714224158,4.433234524286382,1.0051084019120298,1.1351846920426065,1.1418352764444637,1.7679909664444637,1.3296582141454487,1.2300823802863934,1.2234317958845362,0.9121742381429747,0.0005229671413482591,5766738.989040385,115334.77976168605,0.0011671961027426556,0.0011642262230141377,1883.2156218543894,1873.6442937616737,5679429.928155658,113588.59854428099,14.585863981470327,0.29171727958104193,5650564.573285439,113011.29144697233,14.511732220846492,0.290234644368811,"[1.302,1.770]",1.619,"[1.050,1.500]",1.25,0.002,0.0,388,0.777,0.12,-1.6444774774709998,23,1.175522522529,0.005,0.0,155,0.7775,0.1,-0.2758164774709999,14,1.1741835225290003,0.796050281337429,0.7894815203165176,0.9242066914305884,0.9147556560202494,1.010235024753555,0.8226962195437789,0.9075797834403945,0.9125320696226293
26,56,3.4889,20.0,0.8087,3025.178983,60.50357967,E04001,1.011510399,0.00958621,0.0089,3.4978000000000002,2.6802,2.6891000000000003,1.0,0.0,0.0,3025.178983,60.50357967,0.3490658503988659,0.030153689607045803,0.9698463103929541,0.03109120412576338,0.014016228577584222,0.7946837714224158,4.433234524286382,1.0051084019120298,1.127862548788773,1.1344944547891402,1.7884901447891401,1.3373444376035444,1.2700564239402272,1.26342451793986,0.9107232942634348,0.0005744398802546427,5266310.865566946,105326.21732874718,0.0011671961027426559,0.001164226223014138,1949.0539804823936,1939.1480329630963,5896237.138487829,117924.74278924713,15.142666428214135,0.30285332861433817,5866269.87424575,117325.39750430649,15.065704753246575,0.30131409511473256,"[1.302,1.770]",1.619,"[1.050,1.500]",1.25,0.002,0.0,397,0.795,0.12,-1.6444774774709998,24,1.2955225225290001,0.005,0.0,158,0.7925,0.1,-0.2758164774709999,15,1.2741835225290001,0.8137767523135793,0.8044815203165177,0.9231873875766768,0.9137614761195142,1.0407882730607914,0.8759856139950739,0.9041748125188395,0.9087976280150684
26,56,3.4889,20.0,0.8261,3033.891946,60.67783893,E04001,1.021789851,0.009657562,0.0089,3.4978000000000002,2.6628000000000003,2.6717000000000004,1.0,0.0,0.0,3033.891946,60.67783893,0.3490658503988659,0.030153689607045803,0.9698463103929541,0.03109120412576338,0.014016228577584222,0.8120837714224157,4.433234524286382,1.0051084019120298,1.1205404055349395,1.1271536331338163,1.8095948431338162,1.3452118209166228,1.3100304675940602,1.3034172399951833,0.9092305332630106,0.0006239786871800676,4862172.391994665,97243.44785591948,0.0011671961027426556,0.0011642262230141377,2018.085470163475,2007.8286743245274,6122653.25426859,122453.06510555265,15.724146384788487,0.314482927747598,6091535.243981041,121830.70489969909,15.644229373544439,0.3128845875224536,"[1.302,1.770]",1.619,"[1.050,1.500]",1.25,0.002,0.0,406,0.8130000000000001,0.12,-1.6444774774709998,24,1.2955225225290001,0.005,0.0,162,0.8125,0.1,-0.2758164774709999,15,1.2741835225290001,0.8314972939228227,0.8244815203165177,0.9221172794740172,0.9124102695119124,1.0407882730607914,0.8759856139950739,0.9041748125188395,0.9087976280150684
26,56,3.4889,20.0,0.8435,3041.688873,60.83377746,E04001,1.045471819,0.009731436,0.0089,3.4978000000000002,2.6454,2.6543,1.0,0.0,0.0,3041.688873,60.83377746,0.3490658503988659,0.030153689607045803,0.9698463103929541,0.03109120412576338,0.014016228577584222,0.8294837714224158,4.433234524286382,1.0051084019120298,1.113218262281106,1.1198128114784924,1.8313050614784925,1.3532572044805424,1.350004511247894,1.3434099620505076,0.9076954787961304,0.0006716065954277729,4528974.095411656,90579.48190823312,0.0011671961027426556,0.0011642262230141377,2090.449952849564,2079.8253689580906,6358498.361145893,127169.96722291787,16.329841796673737,0.32659683593347477,6326181.682542944,126523.63365085887,16.24684637558425,0.324936927511685,"[1.302,1.770]",1.619,"[1.050,1.500]",1.25,0.002,0.0,414,0.8290000000000001,0.12,-1.6444774774709998,24,1.2955225225290001,0.005,0.0,165,0.8275,0.1,-0.2758164774709999,16,1.3741835225290002,0.8472439135313081,0.8394815203165177,0.9211209275573159,0.9113777908963757,1.0407882730607914,0.9292750084463691,0.9041748125188395,0.9048622371968851
26,56,3.4889,20.0,0.8609,3050.548216,61.01096432,E04001,1.052269878,0.009703174,0.0089,3.4978000000000002,2.628,2.6369000000000002,1.0,0.0,0.0,3050.548216,61.01096432,0.3490658503988659,0.030153689607045803,0.9698463103929541,0.03109120412576338,0.014016228577584222,0.8468837714224158,4.433234524286382,1.0051084019120298,1.1058961190272725,1.112471989823169,1.8536207998231689,1.3614774327263632,1.3899785549017278,1.3834026841058313,0.9061176529729859,0.0007173493196402824,4252528.2069406705,85050.56413881341,0.0011671961027426556,0.0011642262230141377,2166.29343827303,2155.2833845106297,6608382.583456298,132167.65166912595,16.971592346260792,0.33943184692521583,6574795.883593344,131495.91767186686,16.885335267296075,0.3377067053459214,"[1.302,1.770]",1.619,"[1.050,1.500]",1.25,0.002,0.0,423,0.847,0.12,-1.6444774774709998,25,1.4155225225290002,0.005,0.0,169,0.8475,0.1,-0.2758164774709999,16,1.3741835225290002,0.8649532714402923,0.8594815203165177,0.9199461946503406,0.9099759465140685,1.0708769502349242,0.9292750084463691,0.9004563788388318,0.9048622371968851
26,56,3.4889,20.0,0.8783,3059.710934,61.19421868,E04001,1.055655279,0.009641434,0.0089,3.4978000000000002,2.6106000000000003,2.6195000000000004,1.0,0.0,0.0,3059.710934,61.19421868,0.3490658503988659,0.030153689607045803,0.9698463103929541,0.03109120412576338,0.014016228577584222,0.8642837714224157,4.433234524286382,1.0051084019120298,1.098573975773439,1.105131168167845,1.876542058167845,1.369869358065887,1.4299525985555608,1.4233954061611547,0.9044965764689449,0.0007612350177180948,4019403.814569512,80388.07629139023,0.0011671961027426556,0.0011642262230141377,2245.7683239185753,2234.354343915963,6871401.895924519,137428.03791849036,17.647076323471712,0.3529415264694342,6836478.416510069,136729.56833020138,17.557386138551294,0.35114772277102585,"[1.302,1.770]",1.619,"[1.050,1.500]",1.25,0.002,0.0,432,0.865,0.12,-1.6444774774709998,25,1.4155225225290002,0.005,0.0,172,0.8625,0.1,-0.2758164774709999,16,1.3741835225290002,0.8826567171326403,0.8744815203165177,0.9187109438384392,0.9089058143574947,1.0708769502349242,0.9292750084463691,0.9004563788388318,0.9048622371968851
26,56,3.4889,20.0,0.8957,3069.139556,61.38279112,E04001,1.11431883,0.010100551,0.0089,3.4978000000000002,2.5932,2.6021,1.0,0.0,0.0,3069.139556,61.38279112,0.3490658503988659,0.030153689607045803,0.9698463103929541,0.03109120412576338,0.014016228577584222,0.8816837714224158,4.433234524286382,1.0051084019120298,1.0912518325196052,1.0977903465125214,1.9000688365125216,1.378429844610353,1.4699266422093948,1.4633881282164787,0.9028317686378562,0.0008032940576085359,3820692.4686297933,76413.84937259585,0.0011671961027426559,0.001164226223014138,2329.033644512001,2317.196473615634,7148129.285626625,142962.58571253248,18.357765268876662,0.3671553053775332,7111799.356197453,142235.98712394907,18.264463050905217,0.3652892610181044,"[1.302,1.770]",1.619,"[1.050,1.500]",1.25,0.002,0.0,440,0.881,0.12,-1.6444774774709998,25,1.4155225225290002,0.005,0.0,176,0.8825000000000001,0.1,-0.2758164774709999,17,1.474183522529,0.8983881547451631,0.8944815203165177,0.9175589298838837,0.9074542046010331,1.0708769502349242,0.9825644028976641,0.9004563788388318,0.9007315002876067
26,56,3.4889,20.0,0.9131,3079.32836,61.5865672,E04001,1.146353876,0.010521775,0.0089,3.4978000000000002,2.5758,2.5847,1.0,0.0,0.0,3079.32836,61.5865672,0.3490658503988659,0.030153689607045803,0.9698463103929541,0.03109120412576338,0.014016228577584222,0.8990837714224158,4.433234524286382,1.0051084019120298,1.0839296892657717,1.0904495248571977,1.924201134857198,1.3871557716627205,1.5099006858632287,1.5033808502718027,0.9011227476293001,0.0008435587901105341,3650401.603421744,73008.03206843487,0.0011671961027426559,0.001164226223014138,2416.2553314468055,2403.9748616669945,7440443.567125347,148808.87134250696,19.108484338169973,0.38216968676339946,7402627.968258253,148052.55936516504,19.01136663649381,0.3802273327298762,"[1.302,1.770]",1.619,"[1.050,1.500]",1.25,0.002,0.0,449,0.899,0.12,-1.6444774774709998,26,1.535522522529,0.005,0.0,179,0.8975,0.1,-0.2758164774709999,17,1.474183522529,0.9160804490541636,0.9094815203165176,0.9161982082087211,0.9063470820998135,1.1005216249019294,0.9825644028976641,0.8963828569841904,0.9007315002876067
26,56,3.4889,20.0,0.9306,3089.822899,61.79645799,E04001,1.158642458,0.01087441,0.0089,3.4978000000000002,2.5583,2.5672,1.0,0.0,0.0,3089.822899,61.79645799,0.3490658503988659,0.030153689607045803,0.9698463103929541,0.03109120412576338,0.014016228577584222,0.9165837714224158,4.433234524286382,1.0051084019120298,1.0765654647288703,1.083066514571671,1.9490828745716708,1.396095582176117,1.55010446540013,1.5436034155573293,0.8993588215660124,0.0008822796002629685,3502090.378241841,70041.80757617111,0.0011671961027426554,0.0011642262230141375,2508.143768879792,2495.3962817428646,7749720.051068944,154994.40104646032,19.902765592544675,0.3980553119153074,7710332.573408558,154206.65149312513,19.801611005025332,0.3960322201645932,"[1.302,1.770]",1.619,"[1.050,1.500]",1.25,0.002,0.0,458,0.917,0.12,-1.6444774774709998,26,1.535522522529,0.005,0.0,183,0.9175,0.1,-0.2758164774709999,18,1.5741835225290002,0.9337668482142618,0.9294815203165177,0.9147644089619912,0.9048466027516487,1.1005216249019294,1.0358537973489592,0.8963828569841904,0.8964112182684684
26,56,3.4889,20.0,0.948,3100.519069,62.01038137,E04001,1.154645374,0.013288098,0.0089,3.4978000000000002,2.5409,2.5498000000000003,1.0,0.0,0.0,3100.519069,62.01038137,0.3490658503988659,0.030153689607045803,0.9698463103929541,0.03109120412576338,0.014016228577584222,0.9339837714224157,4.433234524286382,1.0051084019120298,1.0692433214750368,1.0757256929163475,1.9744296929163474,1.4051440114509073,1.5900785090539633,1.5835961376126526,0.8975596633892514,0.0009190498033427398,3373613.7668740987,67472.27532660117,0.0011671961027426556,0.0011642262230141377,2603.8302359992826,2590.596428251903,8073225.299154546,161464.5059570526,20.73358903883389,0.4146717807098064,8032193.625878315,160643.87249166035,20.628211842018366,0.4125642367738359,"[1.302,1.770]",1.619,"[1.050,1.500]",1.25,0.002,0.0,466,0.933,0.12,-1.6444774774709998,26,1.535522522529,0.005,0.0,186,0.9325,0.1,-0.2758164774709999,18,1.5741835225290002,0.9494831476591727,0.9444815203165177,0.9134243817635704,0.9037031701492843,1.1005216249019294,1.0358537973489592,0.8963828569841904,0.8964112182684684
26,56,3.4889,20.0,0.9654,3111.821513,62.23643027,E04001,1.156878691,0.012243633,0.0089,3.4978000000000002,2.5235000000000003,2.5324000000000004,1.0,0.0,0.0,3111.821513,62.23643027,0.3490658503988659,0.030153689607045803,0.9698463103929541,0.03109120412576338,0.014016228577584222,0.9513837714224158,4.433234524286382,1.0051084019120298,1.0619211782212032,1.0683848712610235,2.0003820312610237,1.4143486243713124,1.6300525527077967,1.6235888596679764,0.8957148377033093,0.0009541327027053983,3261413.746931194,65228.2749491046,0.0011671961027426559,0.001164226223014138,2704.016101484841,2690.273105210302,8414415.47609892,168288.30954901854,21.609830770077597,0.4321966154709962,8371649.72463873,167432.99451967733,21.500000128313477,0.43000000263536087,"[1.302,1.770]",1.619,"[1.050,1.500]",1.25,0.002,0.0,475,0.9510000000000001,0.12,-1.6444774774709998,27,1.655522522529,0.005,0.0,190,0.9525,0.1,-0.2758164774709999,18,1.5741835225290002,0.9671584275974894,0.9644815203165177,0.9118379430997922,0.9021547390647966,1.1297413912770526,1.0358537973489592,0.8919045849266438,0.8964112182684684
26,56,3.4889,20.0,0.9828,3123.929841,62.47859681,E04001,1.184405601,0.011940089,0.0089,3.4978000000000002,2.5061,2.515,1.0,0.0,0.0,3123.929841,62.47859681,0.3490658503988659,0.030153689607045803,0.9698463103929541,0.03109120412576338,0.014016228577584222,0.9687837714224158,4.433234524286382,1.0051084019120298,1.0545990349673697,1.0610440496056996,2.0269398896057,1.4237063916431996,1.6700265963616305,1.6635815817233006,0.8938238590906855,0.0009875664663825995,3163260.344838135,63265.2068866368,0.0011671961027426554,0.0011642262230141375,2808.8977395463467,2794.621688768044,8774799.468886279,175495.98934963657,22.53536589708683,0.4507073178695987,8730202.087848308,174604.04172901993,22.42083127970827,0.4484166255223942,"[1.302,1.770]",1.619,"[1.050,1.500]",1.25,0.002,0.0,484,0.969,0.12,-1.6444774774709998,27,1.655522522529,0.005,0.0,193,0.9675,0.1,-0.2758164774709999,19,1.6741835225290003,0.9848278293726977,0.9794815203165177,0.9101619218000022,0.9009756926645546,1.1297413912770526,1.0891431918002543,0.8919045849266438,0.89190737089234
26,56,3.4889,20.0,1.0002,3136.616512,62.73233024,E04001,1.19555578,0.011891795,0.0089,3.4978000000000002,2.4887,2.4976000000000003,1.0,0.0,0.0,3136.616512,62.73233024,0.3490658503988659,0.030153689607045803,0.9698463103929541,0.03109120412576338,0.014016228577584222,0.9861837714224158,4.433234524286382,1.0051084019120298,1.0472768917135362,1.0537032279503762,2.054103267950376,1.433214313335719,1.710000640015464,1.703574303778624,0.8918862415779607,0.0010193902278327043,3076953.679130973,61539.07358261946,0.0011671961027426552,0.0011642262230141373,2918.679885458484,2903.8458736453144,9154779.52197135,183095.590439427,23.51122746067347,0.4702245492134694,9108250.91557896,182165.0183115792,23.391733086647946,0.46783466173295896,"[1.302,1.770]",1.619,"[1.050,1.500]",1.25,0.002,0.0,493,0.987,0.12,-1.6444774774709998,27,1.655522522529,0.005,0.0,197,0.9875,0.1,-0.2758164774709999,19,1.6741835225290003,1.0024913588455036,0.9994815203165177,0.9083894063543441,0.8993802484489842,1.1297413912770526,1.0891431918002543,0.8919045849266438,0.89190737089234
26,56,3.4889,20.0,1.0176,3150.476579,63.00953157,E04001,1.180773736,0.011775996,0.0089,3.4978000000000002,2.4713000000000003,2.4802000000000004,1.0,0.0,0.0,3150.476579,63.00953157,0.3490658503988659,0.030153689607045803,0.9698463103929541,0.03109120412576338,0.014016228577584222,1.0035837714224158,4.433234524286382,1.0051084019120298,1.0399547484597027,1.0463624062950523,2.081872166295052,1.442869421082536,1.7499746836692973,1.7435670258339477,0.8899014987779672,0.0010496439105413184,3001471.7823449746,60029.43563737245,0.0011671961027426554,0.0011642262230141375,3033.5759648541184,3018.1580007522675,9557210.027890228,191144.20052746878,24.54474608764475,0.49089492167498694,9508636.093091484,190172.7218316481,24.419998918477834,0.48839997829204457,"[1.302,1.770]",1.619,"[0.650,1.050]",0.8,0.002,0.0,501,1.0030000000000001,0.12,-1.6444774774709998,28,1.7755225225290001,0.005,0.0,200,1.0025,0.1,0.17418352252900005,15,1.724183522529,1.0181873488285405,1.0101681730025713,0.9067266523419295,0.8760409434974996,1.158554013019672,0.8759856139950739,0.886961866361984,0.8914029948975444
26,56,3.4889,20.0,1.035,3165.36984,63.30739679,E04001,1.184695688,0.011752181,0.0089,3.4978000000000002,2.4539,2.4628,1.0,0.0,0.0,3165.36984,63.30739679,0.3490658503988659,0.030153689607045803,0.9698463103929541,0.03109120412576338,0.014016228577584222,1.0209837714224157,4.433234524286382,1.0051084019120298,1.032632605205869,1.0390215846397284,2.1102465846397283,1.4526687800870948,1.789948727323131,1.7835597478892715,0.8878691440362946,0.001078368062617051,2935333.444796281,58706.66888665235,0.0011671961027426556,0.0011642262230141377,3153.8084365995137,3137.7793983216,9982970.106349653,199659.40209545498,25.63817952580779,0.51276359043516,9932232.27202054,198644.645409033,25.507875048140058,0.5101575008822169,"[1.302,1.770]",1.619,"[0.650,1.050]",0.8,0.002,0.0,510,1.0210000000000001,0.12,-1.6444774774709998,28,1.7755225225290001,0.005,0.0,204,1.0225,0.1,0.17418352252900005,16,1.8241835225290002,1.0358398021304822,1.0301681730025714,0.9047502682875029,0.8736134781308015,1.158554013019672,0.9292750084463691,0.886961866361984,0.8855006954318904
26,56,3.4889,20.0,1.0524,3180.776796,63.61553592,E04001,1.226115584,0.011978206,0.0089,3.4978000000000002,2.4365,2.4454000000000002,1.0,0.0,0.0,3180.776796,63.61553592,0.3490658503988659,0.030153689607045803,0.9698463103929541,0.03109120412576338,0.014016228577584222,1.0383837714224158,4.433234524286382,1.0051084019120298,1.0253104619520355,1.031680762984405,2.139226522984405,1.462609490938851,1.8299227709769643,1.8235524699445949,0.8857886905821746,0.0011056037014772612,2876959.2501815795,57539.18500363159,0.0011671961027426556,0.0011642262230141377,3279.609149890391,3262.9407371896914,10431704.683920642,208634.09367841284,26.7906158785807,0.535812317571614,10378686.183576105,207573.72367152208,26.654454213711265,0.5330890842742253,"[1.302,1.770]",1.619,"[0.650,1.050]",0.8,0.002,0.0,519,1.039,0.12,-1.6444774774709998,28,1.7755225225290001,0.005,0.0,207,1.0375,0.1,0.17418352252900005,16,1.8241835225290002,1.0534864000063493,1.0451681730025715,0.9026528107258088,0.8717706752450588,1.158554013019672,0.9292750084463691,0.886961866361984,0.8855006954318904
26,56,3.4889,20.0,1.0698,3197.431636,63.94863272,E04001,1.222856481,0.011884539,0.0089,3.4978000000000002,2.4191000000000003,2.4280000000000004,1.0,0.0,0.0,3197.431636,63.94863272,0.3490658503988659,0.030153689607045803,0.9698463103929541,0.03109120412576338,0.014016228577584222,1.0557837714224159,4.433234524286382,1.0051084019120298,1.0179883186982022,1.0243399413290812,2.1688119813290814,1.472688691247774,1.869896814630798,1.8635451919999189,0.8836596516837939,0.0011313921686300912,2826103.7371961875,56522.07474392375,0.0011671961027426552,0.0011642262230141373,3411.219716243475,3393.8824008975257,10907141.838063829,218142.8367612766,28.01162956301607,0.5602325912603214,10851706.957493383,217034.13914986767,27.869262170855613,0.5573852434171123,"[1.302,1.770]",1.619,"[0.650,1.050]",0.8,0.002,0.0,527,1.055,0.12,-1.6444774774709998,29,1.8955225225290002,0.005,0.0,211,1.0575,0.1,0.17418352252900005,16,1.8241835225290002,1.0691673538261455,1.0651681730025715,0.9006783071327328,0.8692845474965402,1.1869760495301955,0.9292750084463691,0.8814823401684222,0.8855006954318904
26,56,3.4889,20.0,1.0873,3215.148294,64.30296588,E04001,1.262772236,0.012161181,0.0089,3.4978000000000002,2.4016,2.4105000000000003,1.0,0.0,0.0,3215.148294,64.30296588,0.3490658503988659,0.030153689607045803,0.9698463103929541,0.03109120412576338,0.014016228577584222,1.0732837714224157,4.433234524286382,1.0051084019120298,1.0106240941613005,1.0169569310435544,2.199178221043554,1.4829626499152142,1.9101005941676994,1.9037677572854454,0.8814688801680118,0.001155911143624649,2781483.9503303836,55629.67900660767,0.0011671961027426554,0.0011642262230141375,3549.701136735876,3531.6599980492024,11412815.553986212,228256.31107972426,29.310296530079743,0.5862059306015949,11354810.617715936,227096.21235431873,29.161328742573847,0.583226574851477,"[1.302,1.770]",1.619,"[0.650,1.050]",0.8,0.002,0.0,536,1.073,0.12,-1.6444774774709998,29,1.8955225225290002,0.005,0.0,214,1.0725,0.1,0.17418352252900005,17,1.924183522529,1.0868029073323342,1.0801681730025714,0.8983225007445312,0.867398533793955,1.1869760495301955,0.9825644028976641,0.8814823401684222,0.8793345637264488
26,56,3.4889,20.0,1.1047,3233.763947,64.67527894,E04001,1.249318153,0.012029326,0.0089,3.4978000000000002,2.3842,2.3931,1.0,0.0,0.0,3233.763947,64.67527894,0.3490658503988659,0.030153689607045803,0.9698463103929541,0.03109120412576338,0.014016228577584222,1.0906837714224158,4.433234524286382,1.0051084019120298,1.0033019509074668,1.0096161093882305,2.2299781993882304,1.4933111529042533,1.9500746378215335,1.9437604793407697,0.8792409249238433,0.0011789222029736565,2742983.3273504474,54859.66654700895,0.0011671961027426556,0.0011642262230141377,3693.734370940651,3674.961192159986,11944665.0385426,238893.30077085202,30.676187885107648,0.613523757702153,11883957.0098311,237679.14019662203,30.520278038420503,0.6104055607684101,"[1.302,1.770]",1.619,"[0.650,1.050]",0.8,0.002,0.0,545,1.091,0.12,-1.6444774774709998,29,1.8955225225290002,0.005,0.0,218,1.0925,0.1,0.17418352252900005,17,1.924183522529,1.1044326222080798,1.1001681730025714,0.8958116723119105,0.8648558435963003,1.1869760495301955,0.9825644028976641,0.8814823401684222,0.8793345637264488
26,56,3.4889,20.0,1.1221,3252.971073,65.05942146,E04001,1.254238021,0.01198904,0.0089,3.4978000000000002,2.3668,2.3757,1.0,0.0,0.0,3252.971073,65.05942146,0.3490658503988659,0.030153689607045803,0.9698463103929541,0.03109120412576338,0.014016228577584222,1.1080837714224159,4.433234524286382,1.0051084019120298,0.9959798076536334,1.0022752877329069,2.2613836977329074,1.503789778437434,1.9900486814753666,1.9837532013960932,0.8769629231049559,0.0012006109953473212,2709429.686722932,54188.593734458635,0.0011671961027426556,0.0011642262230141377,3844.3664284699967,3824.827671479825,12505612.785825223,250112.25571650444,32.11680915274842,0.6423361830549683,12442053.774533818,248841.07549067633,31.953577436674717,0.6390715487334943,"[1.302,1.770]",1.619,"[0.650,1.050]",0.8,0.002,0.0,554,1.109,0.12,-1.6444774774709998,30,2.015522522529,0.005,0.0,221,1.1075,0.1,0.17418352252900005,18,2.0241835225290004,1.1220565042485688,1.1151681730025713,0.8931310759435924,0.862928199430374,1.215022967239292,1.0358537973489594,0.8753774710438496,0.8729171995669393
26,56,3.4889,20.0,1.1395,3272.561962,65.45123925,E04001,1.27423103,0.012100611,0.0089,3.4978000000000002,2.3494,2.3583000000000003,1.0,0.0,0.0,3272.561962,65.45123925,0.3490658503988659,0.030153689607045803,0.9698463103929541,0.03109120412576338,0.014016228577584222,1.1254837714224157,4.433234524286382,1.0051084019120298,0.9886576643997999,0.9949344660775833,2.293394716077583,1.5143958254292644,2.0300227251292,2.0237459234514166,0.874634389783032,0.0012210189032574538,2680189.432996825,53603.78866812638,0.0011671961027426554,0.0011642262230141375,4001.882080654772,3981.542760006725,13096407.073560223,261928.14151122328,33.63408205353949,0.6726816411735658,13029845.386474505,260596.9077693055,33.46313889084697,0.6692627779191929,"[1.302,1.770]",1.619,"[0.650,1.050]",0.8,0.002,0.0,562,1.125,0.12,-1.6444774774709998,30,2.015522522529,0.005,0.0,225,1.1275,0.1,0.17418352252900005,18,2.0241835225290004,1.1377172851495985,1.1351681730025713,0.8905923473002724,0.8603310601255691,1.215022967239292,1.0358537973489594,0.8753774710438496,0.8729171995669393
26,56,3.4889,20.0,1.1569,3294.004376,65.88008753,E04001,1.287187118,0.012173633,0.0089,3.4978000000000002,2.332,2.3409,1.0,0.0,0.0,3294.004376,65.88008753,0.3490658503988659,0.030153689607045803,0.9698463103929541,0.03109120412576338,0.014016228577584222,1.1428837714224158,4.433234524286382,1.0051084019120298,0.9813355211459661,0.9875936444222594,2.3260112544222595,1.5251266355362953,2.0699967687830343,2.063738645506741,0.8722548409141296,0.0012401870533862538,2656054.477432195,53121.0895567072,0.0011671961027426556,0.0011642262230141377,4166.577973630268,4145.40159619016,13724726.078083316,274494.5216033321,35.24772561510778,0.7049545124091613,13654970.99812777,273099.42000400944,35.06858120781362,0.7013716242627344,"[1.302,1.770]",1.619,"[0.650,1.050]",0.8,0.002,0.0,571,1.143,0.12,-1.6444774774709998,30,2.015522522529,0.005,0.0,228,1.1425,0.1,0.17418352252900005,18,2.0241835225290004,1.1553301653900263,1.1501681730025715,0.8875436531283428,0.8583633744806806,1.215022967239292,1.0358537973489594,0.8753774710438496,0.8729171995669393
26,56,3.4889,20.0,1.1743,3314.333865,66.2866773,E04001,1.31549813,0.012279994,0.0089,3.4978000000000002,2.3146000000000004,2.3235000000000006,1.0,0.0,0.0,3314.333865,66.2866773,0.3490658503988659,0.030153689607045803,0.9698463103929541,0.03109120412576338,0.014016228577584222,1.1602837714224157,4.433234524286382,1.0051084019120298,0.9740133778921328,0.9802528227669358,2.3592333127669356,1.5359795938641032,2.109970812436867,2.103731367562064,0.8698237935214006,0.0012581562283867063,2634278.4705281514,52685.56941056302,0.0011671961027426556,0.0011642262230141377,4338.763106288184,4316.711608453877,14380109.495383522,287602.1899076704,36.93087577302448,0.7386175154604896,14307023.469337303,286140.46938674606,36.74317685810847,0.7348635371621693,"[1.302,1.770]",1.619,"[0.650,1.050]",0.8,0.002,0.0,580,1.161,0.12,-1.6444774774709998,31,2.135522522529,0.005,0.0,232,1.1625,0.1,0.17418352252900005,19,2.124183522529,1.1729372294830753,1.1701681730025715,0.8842703426176654,0.8557139090401322,1.2427092380131848,1.0891431918002543,0.8685377995281715,0.8662614238230565
26,56,3.4889,20.0,1.1917,3335.843806,66.71687612,E04001,1.333995312,0.012320721,0.0089,3.4978000000000002,2.2972,2.3061000000000003,1.0,0.0,0.0,3335.843806,66.71687612,0.3490658503988659,0.030153689607045803,0.9698463103929541,0.03109120412576338,0.014016228577584222,1.1776837714224158,4.433234524286382,1.0051084019120298,0.9666912346382991,0.9729120011116121,2.3930608911116122,1.5469521295475217,2.149944856090701,2.143724089617388,0.8673407658824808,0.0012749667871345507,2616416.238965101,52328.32477930202,0.0011671961027426556,0.0011642262230141377,4518.759329064719,4495.793011448944,15073875.318665259,301477.50637330516,38.71259930186223,0.7742519860372444,14997263.270300046,299945.2654060009,38.51584488620211,0.7703168977240422,"[1.302,1.770]",1.619,"[0.650,1.050]",0.8,0.002,0.0,588,1.177,0.12,-1.6444774774709998,31,2.135522522529,0.005,0.0,235,1.1775,0.1,0.17418352252900005,19,2.124183522529,1.1885830750848143,1.1851681730025714,0.8811524261423477,0.8537077767304972,1.2427092380131848,1.0891431918002543,0.8685377995281715,0.8662614238230565
26,56,3.4889,20.0,1.2091,3358.486736,67.16973472,E04001,1.325001511,0.012118553,0.0089,3.4978000000000002,2.2798,2.2887,1.0,0.0,0.0,3358.486736,67.16973472,0.3490658503988659,0.030153689607045803,0.9698463103929541,0.03109120412576338,0.014016228577584222,1.1950837714224158,4.433234524286382,1.0051084019120298,0.9593690913844655,0.9655711794562881,2.427493989456288,1.5580417162118247,2.189918899744535,2.183716811672712,0.8648052777215768,0.0012906585930546497,2602149.595619508,52042.991912390156,0.001167196102742656,0.0011642262230141384,4706.901864623286,4682.979324090108,15808067.479990974,316161.34959981946,40.598145410683784,0.8119629082136756,15727723.944918873,314554.47889837745,40.39180782237363,0.8078361564474725,"[1.302,1.770]",1.619,"[0.650,1.050]",0.8,0.002,0.0,597,1.195,0.12,-1.6444774774709998,31,2.135522522529,0.005,0.0,239,1.1975,0.1,0.17418352252900005,20,2.2241835225290005,1.2061791688242494,1.2051681730025714,0.8773849408412802,0.8510081140679606,1.2427092380131848,1.1424325862515499,0.8685377995281715,0.8593802218664266
26,56,3.4889,20.0,1.2265,3382.104501,67.64209002,E04001,1.318705557,0.012063495,0.0089,3.4978000000000002,2.2624000000000004,2.2713000000000005,1.0,0.0,0.0,3382.104501,67.64209002,0.3490658503988659,0.030153689607045803,0.9698463103929541,0.03109120412576338,0.014016228577584222,1.2124837714224157,4.433234524286382,1.0051084019120298,0.9520469481306322,0.9582303578009648,2.4625326078009646,1.5692458723224236,2.229892943398368,2.223709533728035,0.8622168504062675,0.0013052709501293362,2591112.9797724183,51822.25959544837,0.0011671961027426559,0.001164226223014138,4903.539851554254,4878.617910492233,16584284.202774514,331685.68405549024,42.59161864336438,0.8518323728672874,16499995.593734995,329999.91187469993,42.375149349405326,0.8475029869881067,"[1.302,1.770]",1.619,"[0.650,1.050]",0.8,0.002,0.0,606,1.213,0.12,-1.6444774774709998,32,2.255522522529,0.005,0.0,242,1.2125000000000001,0.1,0.17418352252900005,20,2.2241835225290005,1.2237694630247589,1.2201681730025715,0.8733112232773033,0.848965133009689,1.2700484264524534,1.1424325862515499,0.860826408577572,0.8593802218664266
26,56,3.4889,20.0,1.244,3406.768248,68.13536496,E04001,1.356123946,0.012181633,0.0089,3.4978000000000002,2.2449000000000003,2.2538000000000005,1.0,0.0,0.0,3406.768248,68.13536496,0.3490658503988659,0.030153689607045803,0.9698463103929541,0.03109120412576338,0.014016228577584222,1.2299837714224158,4.433234524286382,1.0051084019120298,0.9446827235937307,0.9508473475154379,2.498383347515438,1.5806275170056472,2.2700967229352695,2.2639320990135623,0.8595596688472208,0.001318917609785267,2583003.079741013,51660.06159482026,0.0011671961027426552,0.0011642262230141373,5110.244257612973,5084.2717540632375,17409417.876360208,348188.3575272042,44.71071997601524,0.894214399520305,17320935.575945903,346418.71151891805,44.48348047928115,0.8896696095856229,"[1.302,1.770]",1.619,"[0.650,1.050]",0.8,0.002,0.0,614,1.229,0.12,-1.6444774774709998,32,2.255522522529,0.005,0.0,245,1.2275,0.1,0.17418352252900005,20,2.2241835225290005,1.239400415976128,1.2351681730025714,0.8694029020179933,0.8469068489926809,1.2700484264524534,1.1424325862515499,0.860826408577572,0.8593802218664266
26,56,3.4889,20.0,1.2614,3431.880886,68.63761771,E04001,1.369511401,0.012442157,0.0089,3.4978000000000002,2.2275,2.2364,1.0,0.0,0.0,3431.880886,68.63761771,0.3490658503988659,0.030153689607045803,0.9698463103929541,0.03109120412576338,0.014016228577584222,1.2473837714224159,4.433234524286382,1.0051084019120298,0.937360580339897,0.9435065258601141,2.5346364858601143,1.5920541717730947,2.3100707665891034,2.303924821068886,0.8568636238274456,0.001331480812323082,2577491.807795769,51549.83614840495,0.0011671961027426556,0.0011642262230141377,5325.0333069240805,5297.969151182306,18274880.023346122,365497.60041367216,46.933392553498244,0.9386678509332079,18181999.064560197,363639.9812382243,46.69485645947868,0.9338971290535117,"[1.302,1.770]",1.619,"[0.650,1.050]",0.8,0.002,0.0,623,1.247,0.12,-1.6444774774709998,32,2.255522522529,0.005,0.0,249,1.2475,0.1,0.17418352252900005,21,2.324183522529,1.2569797711199442,1.2551681730025714,0.8646433559297376,0.84413917295887,1.2700484264524534,1.1957219807028447,0.860826408577572,0.8522866885430778
26,56,3.4889,20.0,1.2788,3457.843004,69.15686008,E04001,1.414176408,0.013158492,0.0089,3.4978000000000002,2.2101,2.2190000000000003,1.0,0.0,0.0,3457.843004,69.15686008,0.3490658503988659,0.030153689607045803,0.9698463103929541,0.03109120412576338,0.014016228577584222,1.2647837714224157,4.433234524286382,1.0051084019120298,0.9300384370860636,0.9361657042047904,2.57149514420479,1.603588209050188,2.3500448102429363,2.3439175431242094,0.854113212946886,0.0013430788004510554,2574564.5027221995,51491.290054444,0.0011671961027426554,0.0011642262230141375,5549.456839965852,5521.252065358377,19189150.510075867,383783.0102015174,49.2814142969487,0.985628285938974,19091622.827520013,381832.4565504003,49.03094452618252,0.9806188905236505,"[1.302,1.770]",1.619,"[0.650,1.050]",0.8,0.002,0.0,632,1.2650000000000001,0.12,-1.6444774774709998,33,2.3755225225289998,0.005,0.0,252,1.2625,0.1,0.17418352252900005,21,2.324183522529,1.2745533432544036,1.2701681730025713,0.8594506857941648,0.8420463230790594,1.2970532675790754,1.1957219807028447,0.8520697741431229,0.8522866885430778
26,56,3.4889,20.0,1.2962,3484.401712,69.68803424,E04001,1.380437848,0.013660882,0.0089,3.4978000000000002,2.1927000000000003,2.2016000000000004,1.0,0.0,0.0,3484.401712,69.68803424,0.3490658503988659,0.030153689607045803,0.9698463103929541,0.03109120412576338,0.014016228577584222,1.2821837714224158,4.433234524286382,1.0051084019120298,0.9227162938322301,0.9288248825494667,2.6089593225494667,1.61522732844311,2.39001885389677,2.3839102651795336,0.8513079662242892,0.0013537481355479068,2573892.1594819017,51477.84318963803,0.0011671961027426554,0.0011642262230141375,5783.925695485221,5754.529247275606,20153520.595429495,403070.4119085898,51.7581014065183,1.035162028130366,20051091.560961194,401021.83121922385,51.49504402516011,1.0299008805032022,"[1.302,1.770]",1.619,"[0.650,1.050]",0.8,0.002,0.0,641,1.283,0.12,-1.6444774774709998,33,2.3755225225289998,0.005,0.0,256,1.2825,0.1,0.17418352252900005,22,2.424183522529,1.2921211380830044,1.2901681730025714,0.8537646729032391,0.8392336229915772,1.2970532675790754,1.2490113751541396,0.8520697741431229,0.844993975050556
26,56,3.4889,20.0,1.2962,3484.401712,69.68803424,E04001,1.397657447,0.016215122,0.0089,3.4978000000000002,2.1927000000000003,2.2016000000000004,1.0,0.0,0.0,3484.401712,69.68803424,0.3490658503988659,0.030153689607045803,0.9698463103929541,0.03109120412576338,0.014016228577584222,1.2821837714224158,4.433234524286382,1.0051084019120298,0.9227162938322301,0.9288248825494667,2.6089593225494667,1.61522732844311,2.39001885389677,2.3839102651795336,0.8513079662242892,0.0013537481355479068,2573892.1594819017,51477.84318963803,0.0011671961027426554,0.0011642262230141375,5783.925695485221,5754.529247275606,20153520.595429495,403070.4119085898,51.7581014065183,1.035162028130366,20051091.560961194,401021.83121922385,51.49504402516011,1.0299008805032022,"[1.302,1.770]",1.619,"[0.650,1.050]",0.8,0.002,0.0,641,1.283,0.12,-1.6444774774709998,33,2.3755225225289998,0.005,0.0,256,1.2825,0.1,0.17418352252900005,22,2.424183522529,1.2921211380830044,1.2901681730025714,0.8537646729032391,0.8392336229915772,1.2970532675790754,1.2490113751541396,0.8520697741431229,0.844993975050556
26,56,3.4889,20.0,1.3136,3511.265413,70.22530827,E04001,1.392660316,0.014695557,0.0089,3.4978000000000002,2.1753,2.1842,1.0,0.0,0.0,3511.265413,70.22530827,0.3490658503988659,0.030153689607045803,0.9698463103929541,0.03109120412576338,0.014016228577584222,1.2995837714224159,4.433234524286382,1.0051084019120298,0.9153941505783963,0.9214840608941428,2.647029020894143,1.6269692747234483,2.429992897550604,2.4239029872348574,0.8484474163782082,0.001363524600465612,2575139.027048712,51502.780548308176,0.0011671961027426554,0.0011642262230141375,6028.867740232549,5998.226389077797,21168954.77583002,423379.09557688906,54.36593089377594,1.0873186180303516,21061364.85931275,421227.2972462372,54.08961937872072,1.0817923877284603,"[1.302,1.770]",1.619,"[0.650,1.050]",0.8,0.002,0.0,649,1.299,0.12,-1.6444774774709998,33,2.3755225225289998,0.005,0.0,259,1.2975,0.1,0.17418352252900005,22,2.424183522529,1.307732110227903,1.3051681730025715,0.8482384076906554,0.8371078018431728,1.2970532675790754,1.2490113751541396,0.8520697741431229,0.844993975050556
26,56,3.4889,20.0,1.331,3538.253074,70.76506148,E04001,1.398995464,0.013848642,0.0089,3.4978000000000002,2.1579,2.1668000000000003,1.0,0.0,0.0,3538.253074,70.76506148,0.3490658503988659,0.030153689607045803,0.9698463103929541,0.03109120412576338,0.014016228577584222,1.3169837714224157,4.433234524286382,1.0051084019120298,0.908072007324563,0.9141432392388192,2.6857042392388193,1.6388118376552017,2.469966941204437,2.4638957092901808,0.8455310990523114,0.0013724431731534704,2578068.9089444308,51561.37817888862,0.0011671961027426554,0.0011642262230141375,6284.728578695303,6252.786830494889,22236960.21282431,444739.20425648615,57.10877343827904,1.1421754687655805,22123942.22406526,442478.84448130516,56.8185215939299,1.1363704318785979,"[1.302,1.770]",1.619,"[0.650,1.050]",0.8,0.002,0.0,658,1.317,0.12,-1.6444774774709998,34,2.495522522529,0.005,0.0,263,1.3175000000000001,0.1,0.17418352252900005,22,2.424183522529,1.325289007895904,1.3251681730025715,0.8414123143787515,0.8342522004647761,1.3237357361743323,1.2490113751541396,0.8420446911424624,0.844993975050556
26,56,3.4889,20.0,1.3484,3565.058407,71.30116814,E04001,1.408111573,0.013604265,0.0089,3.4978000000000002,2.1405000000000003,2.1494000000000004,1.0,0.0,0.0,3565.058407,71.30116814,0.3490658503988659,0.030153689607045803,0.9698463103929541,0.03109120412576338,0.014016228577584222,1.3343837714224158,4.433234524286382,1.0051084019120298,0.9007498640707294,0.9068024175834956,2.7249849775834956,1.6507528517568872,2.5099409848582708,2.5038884313455045,0.8425585530454237,0.0013805380051583494,2582368.8979798015,51647.37795959603,0.0011671961027426554,0.0011642262230141375,6551.9722959221945,6518.672297891749,23358163.91600851,467163.27832017024,59.988239320777616,1.1997647864155523,23239447.478076987,464788.94956153975,59.68335276738436,1.1936670553476874,"[1.302,1.770]",1.619,"[0.650,1.050]",0.8,0.002,0.0,667,1.335,0.12,-1.6444774774709998,34,2.495522522529,0.005,0.0,266,1.3325,0.1,0.17418352252900005,23,2.5241835225290004,1.3428401446822207,1.3401681730025714,0.8338414947101715,0.8320949970301006,1.3237357361743323,1.302300769605435,0.8420446911424624,0.8375152380289344
26,56,3.4889,20.0,1.3658,3591.465535,71.82931069,E04001,1.411679982,0.01353208,0.0089,3.4978000000000002,2.1231,2.132,1.0,0.0,0.0,3591.465535,71.82931069,0.3490658503988659,0.030153689607045803,0.9698463103929541,0.03109120412576338,0.014016228577584222,1.3517837714224157,4.433234524286382,1.0051084019120298,0.8934277208168958,0.8994615959281718,2.7648712359281715,1.662790196004346,2.549915028512104,2.5438811534008283,0.839529320546292,0.0013878424046300675,2587805.015193575,51756.100296666074,0.0011671961027426554,0.0011642262230141375,6831.082235264384,6796.36367805655,24533596.414702795,490671.9282257451,63.006975137969434,1.2601395025839535,24408905.913065936,488178.1181933551,62.68674604461619,1.2537349207177804,"[1.302,1.770]",1.619,"[0.650,1.050]",0.8,0.002,0.0,675,1.351,0.12,-1.6444774774709998,34,2.495522522529,0.005,0.0,270,1.3525,0.1,0.17418352252900005,23,2.5241835225290004,1.358436323444856,1.3601681730025714,0.8263849800549464,0.8291986080688897,1.3237357361743323,1.302300769605435,0.8420446911424624,0.8375152380289344
26,56,3.4889,20.0,1.3832,3617.210568,72.34421135,E04001,1.365693234,0.01310402,0.0089,3.4978000000000002,2.1057,2.1146000000000003,1.0,0.0,0.0,3617.210568,72.34421135,0.3490658503988659,0.030153689607045803,0.9698463103929541,0.03109120412576338,0.014016228577584222,1.3691837714224158,4.433234524286382,1.0051084019120298,0.8861055775630623,0.892120774272848,2.805363014272848,1.6749217934795786,2.5898890721659376,2.583873875456152,0.8364429473730449,0.0013943888234741217,2594119.019820967,51882.38038924774,0.0011671961027426554,0.0011642262230141375,7122.561812979727,7086.361828664841,25763805.861143507,515276.1171516445,66.16638864979899,1.3233277728130586,25632862.895318266,512657.2578355017,65.83010203071616,1.3166020404323318,"[1.302,1.770]",1.619,"[0.650,1.050]",0.8,0.002,0.0,684,1.369,0.12,-1.6444774774709998,35,2.615522522529,0.005,0.0,273,1.3675,0.1,0.17418352252900005,24,2.624183522529,1.3759765940205781,1.3751681730025713,0.8170376364666958,0.8270116033837667,1.3501071088387828,1.3555901640567298,0.8304591603596577,0.829863591132824
26,56,3.4889,20.0,1.4007,3642.283466,72.84566932,E04001,1.372765203,0.013013814,0.0089,3.4978000000000002,2.0882,2.0971,1.0,0.0,0.0,3642.283466,72.84566932,0.3490658503988659,0.030153689607045803,0.9698463103929541,0.03109120412576338,0.014016228577584222,1.3866837714224158,4.433234524286382,1.0051084019120298,0.8787413530261606,0.8847377639873213,2.8466982539873213,1.6872161254526112,2.6300928517028397,2.624096440741679,0.8332807471511859,0.001400240257161797,2601184.6519701486,52023.69303940297,0.0011671961027426556,0.0011642262230141377,7428.722954292041,7390.966924722043,27057514.789912574,541150.2957982515,69.48888099592203,1.3897776199184406,26919996.627667964,538399.9325533592,69.13570801291931,1.382714160258386,"[1.302,1.770]",1.619,"[0.650,1.050]",0.8,0.002,0.0,693,1.387,0.12,-1.6444774774709998,35,2.615522522529,0.005,0.0,277,1.3875,0.1,0.17418352252900005,24,2.624183522529,1.3935111200611416,1.3951681730025713,0.8064889143903496,0.8240765284470667,1.3501071088387828,1.3555901640567298,0.8304591603596577,0.829863591132824
26,56,3.4889,20.0,1.4181,3665.931556,73.31863111,E04001,1.369365446,0.012984421,0.0089,3.4978000000000002,2.0708,2.0797000000000003,1.0,0.0,0.0,3665.931556,73.31863111,0.3490658503988659,0.030153689607045803,0.9698463103929541,0.03109120412576338,0.014016228577584222,1.4040837714224157,4.433234524286382,1.0051084019120298,0.8714192097723272,0.8773969423319975,2.888404552331997,1.6995306859047874,2.6700668953566726,2.6640891627970027,0.8300784109988093,0.0014053606926834512,2608534.2895140504,52170.68578316539,0.0011671961027426556,0.0011642262230141377,7746.61552219263,7707.243823110174,28398562.29500538,567971.2458226414,72.93294787400848,1.4586589572812214,28254228.34092567,565084.5667414409,72.56227063197089,1.4512454124414809,"[1.302,1.770]",1.619,"[0.650,1.050]",0.8,0.002,0.0,702,1.405,0.12,-1.6444774774709998,35,2.615522522529,0.005,0.0,280,1.4025,0.1,0.17418352252900005,24,2.624183522529,1.4110399072069555,1.4101681730025715,0.794494375988369,0.8218612933670678,1.3501071088387828,1.3555901640567298,0.8304591603596577,0.829863591132824
26,56,3.4889,20.0,1.4355,3688.583288,73.77166577,E04001,1.377222528,0.012986016,0.0089,3.4978000000000002,2.0534,2.0623,1.0,0.0,0.0,3688.583288,73.77166577,0.3490658503988659,0.030153689607045803,0.9698463103929541,0.03109120412576338,0.014016228577584222,1.4214837714224158,4.433234524286382,1.0051084019120298,0.8640970665184935,0.8700561206766737,2.9307163706766737,1.7119335181824888,2.7100409390105065,2.704081884852326,0.8268175933415041,0.0014098154614503291,2616358.9411946284,52327.1788309857,0.0011671961027426559,0.001164226223014138,8078.520495531913,8037.461909744309,29798295.691584494,595965.9139124751,76.5277313630363,1.5305546274681978,29646847.678219423,592936.9536447631,76.13878385401681,1.5227756772867538,"[1.302,1.770]",1.619,"[0.650,1.050]",0.8,0.002,0.0,710,1.421,0.12,-1.6444774774709998,36,2.735522522529,0.005,0.0,284,1.4225,0.1,0.17418352252900005,25,2.7241835225290005,1.4266162380515226,1.4301681730025715,0.7823656598805805,0.8188896190519618,1.376178019686742,1.4088795585080252,0.8169237111448704,0.8220520593088827
26,56,3.4889,20.0,1.4529,3709.704261,74.19408522,E04001,1.363990131,0.012750343,0.0089,3.4978000000000002,2.036,2.0449,1.0,0.0,0.0,3709.704261,74.19408522,0.3490658503988659,0.030153689607045803,0.9698463103929541,0.03109120412576338,0.014016228577584222,1.4388837714224159,4.433234524286382,1.0051084019120298,0.85677492326466,0.86271529902135,2.97363370902135,1.7244227176134481,2.7500149826643403,2.7440746069076503,0.8234978570298565,0.001413633528167826,2624233.358279251,52484.66716558502,0.0011671961027426559,0.001164226223014138,8425.030680462043,8382.210977875626,31254372.21436577,625087.4442873155,80.26721479298625,1.6053442958597253,31095523.781226184,621910.4756245237,79.8592615883948,1.597185231767896,"[1.302,1.770]",1.619,"[0.650,1.050]",0.8,0.002,0.0,719,1.439,0.12,-1.6444774774709998,36,2.735522522529,0.005,0.0,287,1.4375,0.1,0.17418352252900005,25,2.7241835225290005,1.4441342004194624,1.4451681730025714,0.7666995645105559,0.8166477121226267,1.376178019686742,1.4088795585080252,0.8169237111448704,0.8220520593088827
26,56,3.4889,20.0,1.4703,3729.492269,74.58984538,E04001,1.380885018,0.012816758,0.0089,3.4978000000000002,2.0186,2.0275000000000003,1.0,0.0,0.0,3729.492269,74.58984538,0.3490658503988659,0.030153689607045803,0.9698463103929541,0.03109120412576338,0.014016228577584222,1.4562837714224157,4.433234524286382,1.0051084019120298,0.8494527800108266,0.8553744773660265,3.0171565673660266,1.7369964212300573,2.7899890263181737,2.7840673289629736,0.820118769812015,0.0014168429878284735,2632255.1623846563,52645.10324769312,0.0011671961027426556,0.0011642262230141377,8786.763665745471,8742.105477409506,32770167.160927836,655403.3432185567,84.16006657459704,1.6832013314919407,32603614.79278131,652072.2958556261,83.73232818917674,1.6746465637835348,"[1.302,1.770]",1.619,"[0.650,1.050]",0.8,0.002,0.0,728,1.457,0.12,-1.6444774774709998,36,2.735522522529,0.005,0.0,291,1.4575,0.1,0.17418352252900005,26,2.824183522529,1.4616464401354108,1.4651681730025714,0.7483714063452095,0.813641507246882,1.376178019686742,1.46216895295932,0.8169237111448704,0.8140935359609663
26,56,3.4889,20.0,1.4877,3747.547764,74.95095528,E04001,1.390242454,0.01283506,0.0089,3.4978000000000002,2.0012,2.0101,1.0,0.0,0.0,3747.547764,74.95095528,0.3490658503988659,0.030153689607045803,0.9698463103929541,0.03109120412576338,0.014016228577584222,1.4736837714224158,4.433234524286382,1.0051084019120298,0.8421306367569928,0.8480336557107025,3.0612849457107028,1.749652807190816,2.829963069972007,2.8240600510182974,0.816679904600607,0.0014194710711044486,2640101.5422485108,52802.03084497021,0.0011671961027426556,0.0011642262230141377,9164.362907617991,9117.785594254823,34343887.72292834,686877.7544585669,88.20168243262322,1.7640336486524646,34169337.01638107,683386.7403276215,87.75340278206421,1.7550680556412843,"[1.302,1.770]",1.619,"[0.650,1.050]",0.8,0.002,0.0,736,1.473,0.12,-1.6444774774709998,37,2.855522522529,0.005,0.0,294,1.4725,0.1,0.17418352252900005,26,2.824183522529,1.4772080757678978,1.4801681730025713,0.7292556499539696,0.8113744726804175,1.401958510455536,1.46216895295932,0.8009070690609632,0.8140935359609663
26,56,3.4889,20.0,1.5051,3764.748405,75.29496811,E04001,1.407796599,0.012856105,0.0089,3.4978000000000002,1.9838,1.9927,1.0,0.0,0.0,3764.748405,75.29496811,0.3490658503988659,0.030153689607045803,0.9698463103929541,0.03109120412576338,0.014016228577584222,1.4910837714224159,4.433234524286382,1.0051084019120298,0.8348084935031594,0.8406928340553789,3.106018844055379,1.762390094177614,2.869937113625841,2.8640527730736216,0.8131808397440433,0.0014215441518173634,2648351.3721237453,52967.02744950951,0.0011671961027426556,0.0011642262230141377,9558.498869351815,9509.918384095256,35985343.37258655,719706.867547316,92.4172549707821,1.8483450996611226,35802450.068202786,716049.001459155,91.94754993090858,1.8389509988624047,"[1.302,1.770]",1.619,"[0.650,1.050]",0.8,0.002,0.0,745,1.491,0.12,-1.6444774774709998,37,2.855522522529,0.005,0.0,298,1.4925,0.1,0.17418352252900005,26,2.824183522529,1.4947095213144195,1.5001681730025713,0.7036514210733026,0.808335785656768,1.401958510455536,1.46216895295932,0.8009070690609632,0.8140935359609663
26,56,3.4889,20.0,1.5225,3780.484622,75.60969244,E04001,1.396646337,0.012696785,0.0089,3.4978000000000002,1.9664000000000001,1.9753,1.0,0.0,0.0,3780.484622,75.60969244,0.3490658503988659,0.030153689607045803,0.9698463103929541,0.03109120412576338,0.014016228577584222,1.5084837714224157,4.433234524286382,1.0051084019120298,0.8274863502493259,0.8333520124000551,3.1513582624000547,1.7752065407721025,2.9099111572796743,2.904045495128945,0.8096211593021375,0.0014230877562543532,2656536.5385128795,53130.7307702576,0.0011671961027426559,0.001164226223014138,9969.870218815586,9919.198963862786,37690941.04556809,753818.820911362,96.79755651159184,1.9359511302318368,37499379.14544159,749987.5829088319,96.30558885733387,1.9261117771466776,"[1.770,2.067]",1.921,"[0.650,1.050]",0.8,0.002,0.0,754,1.5090000000000001,0.12,-2.7135574774710003,46,2.866442522529,0.005,0.0,301,1.5075,0.1,0.17418352252900005,27,2.924183522529,1.522163001704051,1.5151681730025715,0.856826643048151,0.806045151417164,1.622329179669657,1.5154583474106151,0.8218079547130719,0.8060007431436284
26,56,3.4889,20.0,1.5399,3794.713827,75.89427653,E04001,1.341339619,0.012306593,0.0089,3.4978000000000002,1.949,1.9579,1.0,0.0,0.0,3794.713827,75.89427653,0.3490658503988659,0.030153689607045803,0.9698463103929541,0.03109120412576338,0.014016228577584222,1.5258837714224158,4.433234524286382,1.0051084019120298,0.8201642069954923,0.8260111907447314,3.1973032007447317,1.7881004448141977,2.9498852009335077,2.9440382171842687,0.8060004533259684,0.0014241265741150736,2664590.280086562,53291.805594709396,0.0011671961027426559,0.001164226223014138,10399.205087562426,10346.351764426498,39462007.335581884,789240.1466076457,101.3459940018132,2.0269198797691925,39261444.09947508,785228.881886038,100.83090919250252,2.016618183584336,"[1.770,2.067]",1.921,"[0.650,1.050]",0.8,0.002,0.0,762,1.5250000000000001,0.12,-2.7135574774710003,47,2.986442522529,0.005,0.0,305,1.5275,0.1,0.17418352252900005,27,2.924183522529,1.5377071007912306,1.5351681730025715,0.8524478540649929,0.8029760077731481,1.6456549251807702,1.5154583474106151,0.8105962929145428,0.8060007431436284
26,56,3.4889,20.0,1.5574,3808.046642,76.16093285,E04001,1.368155511,0.012421066,0.0089,3.4978000000000002,1.9315000000000002,1.9404000000000001,1.0,0.0,0.0,3808.046642,76.16093285,0.3490658503988659,0.030153689607045803,0.9698463103929541,0.03109120412576338,0.014016228577584222,1.5433837714224157,4.433234524286382,1.0051084019120298,0.812799982458591,0.8186281804592046,3.2441229404592047,1.8011448971304904,2.990088980470409,2.9842607824697955,0.8022969781396802,0.0014246863322262095,2672901.7860721387,53458.03572846186,0.0011671961027426554,0.0011642262230141375,10849.893059272717,10794.749142115254,41316898.83042257,826337.9767169504,106.10971067520798,2.1221942137828056,41106908.22186437,822138.1645452349,105.5704145675772,2.1114082916287735,"[1.770,2.067]",1.921,"[0.650,1.050]",0.8,0.002,0.0,771,1.543,0.12,-2.7135574774710003,47,2.986442522529,0.005,0.0,308,1.5425,0.1,0.17418352252900005,28,3.0241835225290004,1.5551888359355033,1.5501681730025714,0.8471330569865216,0.8006632837710833,1.6456549251807702,1.5687477418619105,0.8105962929145428,0.7977861948847202
26,56,3.4889,20.0,1.5748,3820.154009,76.40308019,E04001,1.389996316,0.012826708,0.0089,3.4978000000000002,1.9141000000000001,1.923,1.0,0.0,0.0,3820.154009,76.40308019,0.3490658503988659,0.030153689607045803,0.9698463103929541,0.03109120412576338,0.014016228577584222,1.5607837714224158,4.433234524286382,1.0051084019120298,0.8054778392047574,0.8112873588038809,3.291282398803881,1.8141891849539509,3.0300630241242428,3.0242535045251193,0.7985526601791778,0.0014247837964862025,2681216.6297941147,53624.332602900904,0.0011671961027426556,0.0011642262230141377,11317.57840477252,11260.05750548195,43234892.51516356,864697.850416447,111.03548585983746,2.220709717487406,43015153.821137406,860303.0765353487,110.47115480142571,2.209423096317694,"[1.770,2.067]",1.921,"[0.650,1.050]",0.8,0.002,0.0,780,1.561,0.12,-2.7135574774710003,47,2.986442522529,0.005,0.0,312,1.5625,0.1,0.17418352252900005,28,3.0241835225290004,1.5726648838463149,1.5701681730025714,0.8413560279667982,0.7975656838159144,1.6456549251807702,1.5687477418619105,0.8105962929145428,0.7977861948847202
26,56,3.4889,20.0,1.5922,3831.579219,76.63158439,E04001,1.38585155,0.013545329,0.0089,3.4978000000000002,1.8967,1.9056,1.0,0.0,0.0,3831.579219,76.63158439,0.3490658503988659,0.030153689607045803,0.9698463103929541,0.03109120412576338,0.014016228577584222,1.5781837714224158,4.433234524286382,1.0051084019120298,0.7981556959509237,0.8039465371485571,3.339047377148557,1.8273060436469193,3.0700370677780766,3.064246226580443,0.7947461234231517,0.0014244457792261522,2689873.686228726,53797.47373159479,0.0011671961027426559,0.001164226223014138,11805.60688166528,11745.605607521868,45234117.99547208,904682.3600274978,116.16987985588054,2.3233975974208017,45004218.36035066,900084.3673244693,115.57945355435213,2.311589071388692,"[1.770,2.067]",1.921,"[0.650,1.050]",0.8,0.002,0.0,789,1.579,0.12,-2.7135574774710003,48,3.106442522528999,0.005,0.0,315,1.5775000000000001,0.1,0.17418352252900005,28,3.0241835225290004,1.5901352500706452,1.5851681730025715,0.8350549575653454,0.7952323602142929,1.6687719789999784,1.5687477418619105,0.7978093035058955,0.7977861948847202
26,56,3.4889,20.0,1.6096,3842.290498,76.84580996,E04001,1.384590781,0.011919973,0.0089,3.4978000000000002,1.8793000000000002,1.8882,1.0,0.0,0.0,3842.290498,76.84580996,0.3490658503988659,0.030153689607045803,0.9698463103929541,0.03109120412576338,0.014016228577584222,1.5955837714224157,4.433234524286382,1.0051084019120298,0.7908335526970903,0.7966057154932336,3.387417875493233,1.840493921612683,3.1100111114319096,3.1042389486357664,0.7908769848099948,0.001423693754735355,2698818.1167615145,53976.36233523029,0.0011671961027426554,0.0011642262230141375,12314.83864292199,12252.249229531188,47317187.502102375,946343.7500420475,121.51960137230122,2.4303920274460244,47076700.7937555,941534.01587511,120.90198543871789,2.4180397087743577,"[1.770,2.067]",1.921,"[0.650,1.050]",0.8,0.002,0.0,797,1.595,0.12,-2.7135574774710003,48,3.106442522528999,0.005,0.0,319,1.5975000000000001,0.1,0.17418352252900005,29,3.124183522529,1.605659699158572,1.6051681730025715,0.8289550630297907,0.7921082768535388,1.6687719789999784,1.6220371363132053,0.7978093035058955,0.7894621636998924
26,56,3.4889,20.0,1.627,3852.517879,77.05035758,E04001,1.367936546,0.01082409,0.0089,3.4978000000000002,1.8619,1.8708,1.0,0.0,0.0,3852.517879,77.05035758,0.3490658503988659,0.030153689607045803,0.9698463103929541,0.03109120412576338,0.014016228577584222,1.6129837714224158,4.433234524286382,1.0051084019120298,0.7835114094432567,0.7892648938379097,3.4363938938379097,1.8537513031250739,3.1499851550857434,3.1442316706910907,0.7869448687307871,0.0014225484334954074,2708180.4656266123,54163.60931253224,0.0011671961027426556,0.0011642262230141377,12846.170675675276,12780.880799760354,49490102.20472451,989802.0440944901,127.10006256236926,2.542001251247385,49238571.79044458,984771.4358088917,126.45408427646737,2.529081685529347,"[1.770,2.067]",1.921,"[0.650,1.050]",0.8,0.002,0.0,806,1.613,0.12,-2.7135574774710003,48,3.106442522528999,0.005,0.0,322,1.6125,0.1,0.17418352252900005,29,3.124183522529,1.6231193484109312,1.6201681730025714,0.8214523932788322,0.7897558224839946,1.6687719789999784,1.6220371363132053,0.7978093035058955,0.7894621636998924
26,56,3.4889,20.0,1.6444,3862.426118,77.24852235,E04001,1.372194532,0.010485637,0.0089,3.4978000000000002,1.8445,1.8534,1.0,0.0,0.0,3862.426118,77.24852235,0.3490658503988659,0.030153689607045803,0.9698463103929541,0.03109120412576338,0.014016228577584222,1.6303837714224159,4.433234524286382,1.0051084019120298,0.7761892661894232,0.781924072182586,3.4859754321825864,1.8670767076321708,3.189959198739577,3.1842243927464144,0.7829494073325818,0.0014210297791977275,2718047.2742665634,54360.945478294125,0.0011671961027426556,0.0011642262230141377,13400.538519876438,13332.43110333615,51758589.97443581,1035171.799354711,132.9259736962677,2.6585194735812028,51495530.1099611,1029910.6020658978,132.25038557373614,2.6450077111323207,"[1.770,2.067]",1.921,"[0.650,1.050]",0.8,0.002,0.0,815,1.631,0.12,-2.7135574774710003,49,3.226442522528999,0.005,0.0,326,1.6325,0.1,0.17418352252900005,30,3.2241835225290005,1.6405733319508684,1.6401681730025715,0.8131714695813452,0.7866071991821879,1.691685844265248,1.6753265307645007,0.7830926169693868,0.7810406503262153
26,56,3.4889,20.0,1.6618,3872.603605,77.45207209,E04001,1.353094852,0.010354791,0.0089,3.4978000000000002,1.8271000000000002,1.836,1.0,0.0,0.0,3872.603605,77.45207209,0.3490658503988659,0.030153689607045803,0.9698463103929541,0.03109120412576338,0.014016228577584222,1.6477837714224157,4.433234524286382,1.0051084019120298,0.7688671229355897,0.7745832505272623,3.536162490527262,1.8804686890579332,3.22993324239341,3.224217114801738,0.7788902408251834,0.0014191570262738382,2728805.574932022,54576.111491594005,0.0011671961027426556,0.0011642262230141377,13978.918081616443,13907.871086366584,54134808.55686752,1082696.1709975612,139.02855819366044,2.780571163514203,53859671.7069385,1077193.4339996914,138.32195405906938,2.7664390808242074,"[1.770,2.067]",1.921,"[0.650,1.050]",0.8,0.002,0.0,823,1.647,0.12,-2.7135574774710003,49,3.226442522528999,0.005,0.0,329,1.6475,0.1,0.17418352252900005,30,3.2241835225290005,1.656083232042029,1.6551681730025714,0.805056002823713,0.7842370600724063,1.691685844265248,1.6753265307645007,0.7830926169693868,0.7810406503262153
26,56,3.4889,20.0,1.6792,3882.684154,77.65368308,E04001,1.323826455,0.010121864,0.0089,3.4978000000000002,1.8097,1.8186,1.0,0.0,0.0,3882.684154,77.65368308,0.3490658503988659,0.030153689607045803,0.9698463103929541,0.03109120412576338,0.014016228577584222,1.6651837714224158,4.433234524286382,1.0051084019120298,0.761544979681756,0.7672424288719386,3.586955068871939,1.8939258351033545,3.2699072860472436,3.264209836857061,0.7747670177912749,0.0014169486978272315,2740172.7105249194,54803.454210498385,0.0011671961027426559,0.001164226223014138,14582.327547367942,14508.213760453904,56618572.09660319,1132371.4419320638,145.40733874223645,2.908146774844729,56330811.67055912,1126616.2334111824,144.6683148460667,2.8933662969213336,"[1.770,2.067]",1.921,"[0.650,1.050]",0.8,0.002,0.0,832,1.665,0.12,-2.7135574774710003,49,3.226442522528999,0.005,0.0,333,1.6675,0.1,0.17418352252900005,30,3.2241835225290005,1.673526528712543,1.6751681730025714,0.7949380025742546,0.7810658089630849,1.691685844265248,1.6753265307645007,0.7830926169693868,0.7810406503262153
26,56,3.4889,20.0,1.6967,3893.418119,77.86836239,E04001,1.335587353,0.010119643,0.0089,3.4978000000000002,1.7922,1.8011,1.0,0.0,0.0,3893.418119,77.86836239,0.3490658503988659,0.030153689607045803,0.9698463103929541,0.03109120412576338,0.014016228577584222,1.6826837714224159,4.433234524286382,1.0051084019120298,0.7541807551448545,0.7598594185864117,3.638650308586412,1.9075246547781268,3.3101110655841457,3.3044324021425884,0.7705551419368301,0.0014144072213573004,2752685.4078585505,55053.708164241114,0.0011671961027426554,0.0011642262230141375,15215.524761498817,15138.1927885133,59240399.79651265,1184807.9960824081,152.14069450108622,3.042813890412488,58939314.09171281,1178786.2819856382,151.36744873654138,3.0273489751196054,"[1.770,2.067]",1.921,"[0.650,1.050]",0.8,0.002,0.0,841,1.683,0.12,-2.7135574774710003,50,3.3464425225289993,0.005,0.0,336,1.6825,0.1,0.17418352252900005,31,3.324183522529,1.690964175569981,1.6901681730025715,0.7835919845485833,0.7786794069743466,1.7144017864238839,1.7286159252157955,0.7659768034695694,0.7725333566693009
26,56,3.4889,20.0,1.7141,3904.73716,78.09474319,E04001,1.334276748,0.010115918,0.0089,3.4978000000000002,1.7748000000000002,1.7837,1.0,0.0,0.0,3904.73716,78.09474319,0.3490658503988659,0.030153689607045803,0.9698463103929541,0.03109120412576338,0.014016228577584222,1.7000837714224157,4.433234524286382,1.0051084019120298,0.746858611891021,0.7525185969310881,3.690657406931088,1.921108379798258,3.3500851092379786,3.3444251241979117,0.7663024136838631,0.0014115788780091894,2766219.6004994204,55324.39200290415,0.0011671961027426556,0.0011642262230141377,15872.387567961705,15791.717129980678,61977501.554542094,1239550.030932118,159.17009612256646,3.1834019220436955,61662504.69764411,1233250.093794965,158.36112385467604,3.1672224766879595,"[1.770,2.067]",1.921,"[0.650,1.050]",0.8,0.002,0.0,850,1.701,0.12,-2.7135574774710003,50,3.3464425225289993,0.005,0.0,340,1.7025000000000001,0.1,0.17418352252900005,31,3.324183522529,1.708396178100628,1.7101681730025715,0.77078213517908,0.7754874071164375,1.7144017864238839,1.7286159252157955,0.7659768034695694,0.7725333566693009
26,56,3.4889,20.0,1.7315,3917.154812,78.34309624,E04001,1.330046998,0.010007263,0.0089,3.4978000000000002,1.7574,1.7663,1.0,0.0,0.0,3917.154812,78.34309624,0.3490658503988659,0.030153689607045803,0.9698463103929541,0.03109120412576338,0.014016228577584222,1.7174837714224158,4.433234524286382,1.0051084019120298,0.7395364686371874,0.7451777752757643,3.7432700252757645,1.9347532207689342,3.3900591528918134,3.3844178462532364,0.7619846262012359,0.001408466536732045,2781148.653406185,55622.9730681237,0.001167196102742656,0.0011642262230141384,16557.616120000734,16473.46304985908,64858745.65970965,1297174.9131941928,166.5696829027549,3.3313936580550974,64529105.0560597,1290582.1011211937,165.7231026881154,3.3144620537623073,"[1.770,2.067]",1.921,"[0.650,1.050]",0.8,0.002,0.0,858,1.717,0.12,-2.7135574774710003,50,3.3464425225289993,0.005,0.0,343,1.7175,0.1,0.17418352252900005,32,3.424183522529,1.7238865574422633,1.7251681730025714,0.7579257179909015,0.7730861386903621,1.7144017864238839,1.7819053196670904,0.7659768034695694,0.7639516619283945
26,56,3.4889,20.0,1.7489,3930.154085,78.60308169,E04001,1.333281059,0.010025052,0.0089,3.4978000000000002,1.7400000000000002,1.7489000000000001,1.0,0.0,0.0,3930.154085,78.60308169,0.3490658503988659,0.030153689607045803,0.9698463103929541,0.03109120412576338,0.014016228577584222,1.7348837714224157,4.433234524286382,1.0051084019120298,0.732214325383354,0.7378369536204407,3.7964881636204404,1.948457893725302,3.4300331965456463,3.4244105683085597,0.7576014647824488,0.0014050860557197273,2797091.3731592456,55941.827456067906,0.0011671961027426559,0.001164226223014138,17272.41943458367,17184.633420361562,67883269.7986624,1357665.3958005237,174.33724025578036,3.486744804672018,67538257.23626152,1350765.144553384,173.45118190648543,3.4690236376883745,"[1.770,2.067]",1.921,"[0.650,1.050]",0.8,0.002,0.0,867,1.735,0.12,-2.7135574774710003,51,3.4664425225289994,0.005,0.0,346,1.7325,0.1,0.17418352252900005,32,3.424183522529,1.7413079134041993,1.7401681730025713,0.7414606873957147,0.7706789198708988,1.736924847361761,1.7819053196670904,0.7458265608495589,0.7639516619283945
26,56,3.4889,20.0,1.7663,3944.005037,78.88010073,E04001,1.318456734,0.009888426,0.0089,3.4978000000000002,1.7226000000000001,1.7315,1.0,0.0,0.0,3944.005037,78.88010073,0.3490658503988659,0.030153689607045803,0.9698463103929541,0.03109120412576338,0.014016228577584222,1.7522837714224158,4.433234524286382,1.0051084019120298,0.7248921821295203,0.7304961319651169,3.850311821965117,1.9622211450203866,3.4700072401994793,3.464403290363883,0.7531526246911865,0.0014014526744147908,2814226.3445655853,56284.526884176244,0.0011671961027426559,0.001164226223014138,18018.060164448885,17926.484476871265,71063320.04555544,1421266.4007309284,182.5042184458759,3.65008436845478,70702145.07248257,1414042.9012703865,181.57665192997686,3.6315330381391506,"[1.770,2.067]",1.921,"[0.650,1.050]",0.8,0.002,0.0,876,1.7530000000000001,0.12,-2.7135574774710003,51,3.4664425225289994,0.005,0.0,350,1.7525,0.1,0.17418352252900005,32,3.424183522529,1.7587236408389018,1.7601681730025713,0.7223953432905794,0.7674604694823711,1.736924847361761,1.7819053196670904,0.7458265608495589,0.7639516619283945
26,56,3.4889,20.0,1.7837,3958.631748,79.17263495,E04001,1.316111306,0.009902411,0.0089,3.4978000000000002,1.7052,1.7141,1.0,0.0,0.0,3958.631748,79.17263495,0.3490658503988659,0.030153689607045803,0.9698463103929541,0.03109120412576338,0.014016228577584222,1.7696837714224158,4.433234524286382,1.0051084019120298,0.7175700388756868,0.7231553103097932,3.9047410003097935,1.9760417506494627,3.509981283853313,3.504396012419207,0.7486378114881628,0.0013975810320413595,2832488.17581466,56649.76350913798,0.0011671961027426556,0.0011642262230141377,18795.857280507233,18700.32848671014,74405877.36149287,1488117.5470418988,191.08854591839818,3.82177091788525,74027714.04551955,1480554.2807233878,190.11735008372045,3.80234700119415,"[1.770,2.067]",1.921,"[0.650,1.050]",0.8,0.002,0.0,884,1.7690000000000001,0.12,-2.7135574774710003,51,3.4664425225289994,0.005,0.0,353,1.7675,0.1,0.17418352252900005,33,3.5241835225290004,1.7741995666717472,1.7751681730025715,0.7027326730996757,0.765040332798517,1.736924847361761,1.8351947141183858,0.7458265608495589,0.7553066018371303
26,56,3.4889,20.0,1.8011,3973.231576,79.46463152,E04001,1.281073077,0.009639509,0.0089,3.4978000000000002,1.6878000000000002,1.6967,1.0,0.0,0.0,3973.231576,79.46463152,0.3490658503988659,0.030153689607045803,0.9698463103929541,0.03109120412576338,0.014016228577584222,1.7870837714224157,4.433234524286382,1.0051084019120298,0.7102478956218533,0.7158144886544695,3.959775698654469,1.9899185155815977,3.549955327507147,3.5443887344745306,0.7440567413601012,0.0013934851860118109,2851290.861133219,57025.81722266438,0.0011671961027426554,0.0011642262230141375,19607.18891529194,19507.53657813719,77903902.11483513,1558078.0422967025,200.07214355081678,4.0014428710163354,77507960.30222969,1550159.2060445936,199.0552891312192,3.981105782624384,"[1.770,2.067]",1.921,"[0.650,1.050]",0.8,0.002,0.0,893,1.7870000000000001,0.12,-2.7135574774710003,52,3.5864425225289995,0.005,0.0,357,1.7875,0.1,0.17418352252900005,33,3.5241835225290004,1.7916046773117245,1.7951681730025715,0.6767425888857029,0.7618055498779213,1.7592598584706804,1.8351947141183858,0.7217603657540359,0.7553066018371303
26,56,3.4889,20.0,1.8185,3927.890402,78.55780804,E04001,1.300952796,0.009750781,0.0089,3.4978000000000002,1.6704,1.6793,1.0,0.0,0.0,3927.890402,78.55780804,0.3490658503988659,0.030153689607045803,0.9698463103929541,0.03109120412576338,0.014016228577584222,1.8044837714224158,4.433234524286382,1.0051084019120298,0.7029257523680197,0.7084736669991457,4.015415916999146,2.003850273099052,3.58992937116098,3.584381456529854,0.7394091414506397,0.0013891786301608046,2827491.235986927,56549.82471973854,0.0011671961027426559,0.001164226223014138,20453.495379056298,20349.541741117046,80339088.18674658,1606781.7637349316,206.3261678567397,4.1265233571347935,79930769.690032,1598615.3938006402,205.2775277415281,4.105550554830562,"[1.770,2.067]",1.921,"[0.650,1.050]",0.8,0.002,0.0,902,1.805,0.12,-2.7135574774710003,52,3.5864425225289995,0.005,0.0,360,1.8025,0.1,0.17418352252900005,34,3.624183522529,1.8090041751504273,1.8101681730025714,0.6454519853339009,0.7593738254787111,1.7592598584706804,1.8884841085696809,0.7217603657540359,0.7466088509340494
26,56,3.4889,20.0,1.8359,3942.489503,78.84979007,E04001,1.296135347,0.009740039,0.0089,3.4978000000000002,1.653,1.6619,1.0,0.0,0.0,3942.489503,78.84979007,0.3490658503988659,0.030153689607045803,0.9698463103929541,0.03109120412576338,0.014016228577584222,1.8218837714224159,4.433234524286382,1.0051084019120298,0.6956036091141862,0.7011328453438219,4.0716616553438225,2.017835884145146,3.629903414814814,3.624374178585178,0.7346947501929434,0.0013846743127658879,2847232.353956848,56944.64708635888,0.0011671961027426554,0.0011642262230141375,21336.282361092075,21227.84201236783,84118069.24164955,1682361.385046354,216.0313150902874,4.320626302353705,83690544.30510256,1673810.8863143297,214.93334915848723,4.2986669837149165,"[1.770,2.067]",1.921,"[0.650,1.050]",0.8,0.002,0.0,910,1.821,0.12,-2.7135574774710003,52,3.5864425225289995,0.005,0.0,364,1.8225,0.1,0.17418352252900005,34,3.624183522529,1.8244656878572698,1.8301681730025714,0.6117515029239041,0.7561244644183883,1.7592598584706804,1.8884841085696809,0.7217603657540359,0.7466088509340494
26,56,3.4889,20.0,1.8534,3957.816656,79.15633313,E04001,1.291115896,0.010258181,0.0089,3.4978000000000002,1.6355000000000002,1.6444,1.0,0.0,0.0,3957.816656,79.15633313,0.3490658503988659,0.030153689607045803,0.9698463103929541,0.03109120412576338,0.014016228577584222,1.8393837714224157,4.433234524286382,1.0051084019120298,0.6882393845772847,0.6937498350582953,4.128841395058295,2.0319550671848763,3.670107194351715,3.6645967438707046,0.7298856439261426,0.0013799571898625755,2868072.0569267394,57361.441145781384,0.0011671961027426556,0.0011642262230141377,22262.529653310477,22149.38170943572,88111010.66656612,1762220.2135539474,226.28595353931294,4.525719071358003,87663191.84970644,1753263.8372156224,225.13586903546567,4.502717381278151,"[1.770,2.067]",1.921,"[0.650,1.050]",0.8,0.002,0.0,919,1.839,0.12,-2.7135574774710003,53,3.7064425225289996,0.005,0.0,367,1.8375000000000001,0.1,0.17418352252900005,34,3.624183522529,1.8418545985367203,1.8451681730025715,0.5648085205006058,0.7536824535430625,1.7814114527498037,1.8884841085696809,0.6925184078204485,0.7466088509340494
26,56,3.4889,20.0,1.8708,3973.845339,79.47690677,E04001,1.283391669,0.011500196,0.0089,3.4978000000000002,1.6181,1.627,1.0,0.0,0.0,3973.845339,79.47690677,0.3490658503988659,0.030153689607045803,0.9698463103929541,0.03109120412576338,0.014016228577584222,1.8567837714224158,4.433234524286382,1.0051084019120298,0.6809172413234511,0.6864090134029714,4.186301653402971,2.0460453693412988,3.7100812380055492,3.704589465926029,0.725036544774584,0.0013750931372934327,2889873.5883604493,57797.47175993675,0.0011671961027426556,0.0011642262230141377,23223.306546977008,23105.275513366552,92285828.47787277,1845716.5693252222,237.007685388008,4.74015370716374,91816791.4051025,1836335.8278709974,235.803108338509,4.716062166176792,"[1.770,2.067]",1.921,"[0.650,1.050]",0.8,0.002,0.0,928,1.857,0.12,-2.7135574774710003,53,3.7064425225289996,0.005,0.0,371,1.8575,0.1,0.17418352252900005,35,3.7241835225290005,1.8592379120677762,1.8651681730025713,0.5043280813733224,0.7504202296457183,1.7814114527498037,1.9417735030209762,0.6925184078204485,0.7378687077566112
26,56,3.4889,20.0,1.8882,3990.624571,79.81249142,E04001,1.3005483,0.010449492,0.0089,3.4978000000000002,1.6007,1.6096,1.0,0.0,0.0,3990.624571,79.81249142,0.3490658503988659,0.030153689607045803,0.9698463103929541,0.03109120412576338,0.014016228577584222,1.8741837714224159,4.433234524286382,1.0051084019120298,0.6735950980696176,0.6790681917476478,4.244367431747648,2.060186261420954,3.750055281659383,3.7445821879813526,0.7201199393974648,0.0013700671351834987,2912721.915970577,58254.43831941154,0.0011671961027426556,0.0011642262230141377,24225.51851822484,24102.393803633862,96674949.44404355,1933498.988880871,248.27978878933936,4.965595775786788,96183604.93269944,1923672.098653989,247.01792196447047,4.94035843928941,"[1.770,2.067]",1.921,"[0.650,1.050]",0.8,0.002,0.0,937,1.875,0.12,-2.7135574774710003,53,3.7064425225289996,0.005,0.0,374,1.8725,0.1,0.17418352252900005,35,3.7241835225290005,1.8766156338517774,1.8801681730025714,0.4234801319927968,0.74796920383245,1.7814114527498037,1.9417735030209762,0.6925184078204485,0.7378687077566112
26,56,3.4889,20.0,1.9056,4008.249464,80.16498928,E04001,1.284850169,0.010004367,0.0089,3.4978000000000002,1.5833000000000002,1.5922,1.0,0.0,0.0,4008.249464,80.16498928,0.3490658503988659,0.030153689607045803,0.9698463103929541,0.03109120412576338,0.014016228577584222,1.8915837714224157,4.433234524286382,1.0051084019120298,0.6662729548157841,0.6717273700923241,4.303038730092323,2.07437670881938,3.790029325313216,3.784574910036676,0.7151356148117509,0.0013648901216819368,2936682.8877482717,58733.65775496543,0.0011671961027426554,0.0011642262230141375,25270.969466833292,25142.53131180679,101292349.82019491,2025846.996403898,260.13815744367446,5.20276314887349,100777537.65415278,2015550.7530830556,258.81602118618304,5.17632042372366,"[2.067,2.357]",2.213,"[0.650,1.050]",0.8,0.002,0.0,945,1.891,0.12,-3.920685477471,64,3.8193145225289995,0.005,0.0,378,1.8925,0.1,0.17418352252900005,36,3.824183522529,1.9032222442890827,1.9001681730025715,0.8072159656745262,0.7446957923216856,2.014130008149294,1.995062897472271,0.7340764516137457,0.7290960828352286
26,56,3.4889,20.0,1.923,4026.524633,80.53049266,E04001,1.256666843,0.009884455,0.0089,3.4978000000000002,1.5659,1.5748,1.0,0.0,0.0,4026.524633,80.53049266,0.3490658503988659,0.030153689607045803,0.9698463103929541,0.03109120412576338,0.014016228577584222,1.9089837714224158,4.433234524286382,1.0051084019120298,0.6589508115619506,0.6643865484370004,4.362315548437,2.0886157014723894,3.83000336896705,3.824567632092,0.7100833710062674,0.0013595725752892237,2961610.6607206548,59232.213214413096,0.0011671961027426552,0.0011642262230141373,26361.548003165874,26227.567049502308,106145422.39875935,2122908.4479751866,272.6017774581099,5.452035549162197,105605944.78848018,2112118.895769603,271.2162956150165,5.424325912300329,"[2.067,2.357]",2.213,"[0.650,1.050]",0.8,0.002,0.0,954,1.909,0.12,-3.920685477471,64,3.8193145225289995,0.005,0.0,381,1.9075,0.1,0.17418352252900005,36,3.824183522529,1.9205858335411463,1.9151681730025714,0.7987574105143144,0.7422369927139653,2.014130008149294,1.995062897472271,0.7340764516137457,0.7290960828352286
26,56,3.4889,20.0,1.9404,4045.648721,80.91297442,E04001,1.248254692,0.00971414,0.0089,3.4978000000000002,1.5485000000000002,1.5574000000000001,1.0,0.0,0.0,4045.648721,80.91297442,0.3490658503988659,0.030153689607045803,0.9698463103929541,0.03109120412576338,0.014016228577584222,1.9263837714224157,4.433234524286382,1.0051084019120298,0.651628668308117,0.6570457267816766,4.422197886781676,2.1029022532637307,3.869977412620883,3.864560354147323,0.7049630212794583,0.0013541245310010471,2987648.9409797653,59752.97881959531,0.0011671961027426554,0.0011642262230141375,27499.23209414075,27359.468930742823,111252233.15014267,2225044.6630028533,285.7170457052835,5.714340914105669,110686800.48689894,2213736.0097379787,284.26490631434433,5.685298126286886,"[2.067,2.357]",2.213,"[0.650,1.050]",0.8,0.002,0.0,963,1.927,0.12,-3.920685477471,64,3.8193145225289995,0.005,0.0,385,1.9275,0.1,0.17418352252900005,36,3.824183522529,1.937943850052811,1.9351681730025714,0.7894379319996127,0.7389540278730642,2.014130008149294,1.995062897472271,0.7340764516137457,0.7290960828352286
26,56,3.4889,20.0,1.9578,4065.670231,81.31340461,E04001,1.222430674,0.009592514,0.0089,3.4978000000000002,1.5311000000000001,1.54,1.0,0.0,0.0,4065.670231,81.31340461,0.3490658503988659,0.030153689607045803,0.9698463103929541,0.03109120412576338,0.014016228577584222,1.9437837714224158,4.433234524286382,1.0051084019120298,0.6443065250542834,0.6497049051263529,4.482685745126353,2.1172354014436734,3.9099514562747166,3.9045530762026472,0.6997743925770697,0.0013485555960765015,3014833.2355215414,60296.66470301549,0.0011671961027426559,0.001164226223014138,28686.09401904525,28540.298702583073,116628198.49689943,2332563.9696511277,299.52355451141574,5.990471089491601,116035442.81893992,2320708.8560933955,298.00124438481305,5.960024886963292,"[2.067,2.357]",2.213,"[0.438,0.650]",0.5,0.002,0.0,971,1.943,0.12,-3.920685477471,65,3.9393145225289996,0.005,0.0,388,1.9425000000000001,0.1,0.4741835225290001,34,3.9241835225290003,1.9533685240482441,1.947292608126607,0.7803209630289096,0.6519893485293982,2.0343829711021053,1.8884841085696809,0.7135680407492164,0.6641369089617399
26,56,3.4889,20.0,1.9752,4086.324403,81.72648806,E04001,1.230935066,0.009568501,0.0089,3.4978000000000002,1.5137,1.5226,1.0,0.0,0.0,4086.324403,81.72648806,0.3490658503988659,0.030153689607045803,0.9698463103929541,0.03109120412576338,0.014016228577584222,1.9611837714224158,4.433234524286382,1.0051084019120298,0.6369843818004499,0.6423640834710291,4.54377912347103,2.1316142060586456,3.9499254999285505,3.9445457982579715,0.6945173258294639,0.0013428749654207587,3042967.1475181943,60859.34295036388,0.0011671961027426554,0.0011642262230141375,29924.305659916554,29772.21720860276,122280420.46094804,2445608.4092189604,314.0395432292243,6.280790864584486,121658937.71093,2433178.7542185998,312.4434564787471,6.248869129574941,"[2.067,2.357]",2.213,"[0.438,0.650]",0.5,0.002,0.0,980,1.961,0.12,-3.920685477471,65,3.9393145225289996,0.005,0.0,392,1.9625000000000001,0.1,0.4741835225290001,34,3.9241835225290003,1.9707160288956445,1.9672926081266071,0.7689763395821052,0.6478764690066643,2.0343829711021053,1.8884841085696809,0.7135680407492164,0.6641369089617399
26,56,3.4889,20.0,1.9926,4107.852048,82.15704095,E04001,1.24882784,0.009664418,0.0089,3.4978000000000002,1.4963000000000002,1.5052,1.0,0.0,0.0,4107.852048,82.15704095,0.3490658503988659,0.030153689607045803,0.9698463103929541,0.03109120412576338,0.014016228577584222,1.9785837714224157,4.433234524286382,1.0051084019120298,0.6296622385466164,0.6350232618157056,4.605478021815705,2.146037749392052,3.9898995435823834,3.9845385203132944,0.6891916762882652,0.0013370914365748335,3072229.718651776,61444.5943655566,0.0011671961027426556,0.0011642262230141377,31216.14415350161,31057.490012140745,128231301.6916248,2564626.033520335,329.3225461535554,6.586450922269417,127579573.9521119,2551591.478731663,327.64878447646157,6.552975688731616,"[2.067,2.357]",2.213,"[0.438,0.650]",0.5,0.002,0.0,989,1.979,0.12,-3.920685477471,65,3.9393145225289996,0.005,0.0,395,1.9775,0.1,0.4741835225290001,35,4.024183522529,1.9880579764699249,1.982292608126607,0.7562831665372414,0.6447985545683198,2.0343829711021053,1.941773503020976,0.7135680407492164,0.6531260568406656
26,56,3.4889,20.0,2.0101,4130.082088,82.60164175,E04001,1.237263544,0.009563975,0.0089,3.4978000000000002,1.4788000000000001,1.4877,1.0,0.0,0.0,4130.082088,82.60164175,0.3490658503988659,0.030153689607045803,0.9698463103929541,0.03109120412576338,0.014016228577584222,1.9960837714224158,4.433234524286382,1.0051084019120298,0.6222980140097147,0.6276402515301787,4.668142261530178,2.1605884063213376,4.030103323119285,4.024761085598821,0.6837661129638267,0.0013311793852833914,3102573.6528520216,62051.47304952829,0.0011671961027426559,0.001164226223014138,32571.910893085806,32406.36615028177,134524665.75146577,2690493.3147035963,345.48511058764524,6.909702210916396,133840952.37444825,2676819.0471649016,343.72920366641523,6.874584072496048,"[2.067,2.357]",2.213,"[0.438,0.650]",0.5,0.002,0.0,998,1.997,0.12,-3.920685477471,66,4.059314522529,0.005,0.0,399,1.9975,0.1,0.4741835225290001,35,4.024183522529,2.0053943721084764,2.002292608126607,0.7419875412913925,0.6407041360648927,2.0544988794670935,1.941773503020976,0.6895506350539006,0.6531260568406656
26,56,3.4889,20.0,2.0275,4152.994503,83.05989006,E04001,1.203950546,0.009366735,0.0089,3.4978000000000002,1.4614000000000003,1.4703000000000002,1.0,0.0,0.0,4152.994503,83.05989006,0.3490658503988659,0.030153689607045803,0.9698463103929541,0.03109120412576338,0.014016228577584222,2.0134837714224156,4.433234524286382,1.0051084019120298,0.6149758707558813,0.6202994298748551,4.731055679874855,2.175099004614469,4.070077366773119,4.064753807654145,0.6783025266860861,0.001325214461576847,3133828.239437134,62676.56478874268,0.0011671961027426554,0.0011642262230141375,33978.629971023445,33805.935664636265,141113063.48913142,2822261.2697826284,362.40537802170877,7.248107560434176,140395864.98400605,2807917.2996801212,360.5634748772378,7.211269497544756,"[2.067,2.357]",2.213,"[0.438,0.650]",0.5,0.002,0.0,1006,2.013,0.12,-3.920685477471,66,4.059314522529,0.005,0.0,402,2.0125,0.1,0.4741835225290001,35,4.024183522529,2.0207998449887796,2.017292608126607,0.7276767103617273,0.6376407367196723,2.0544988794670935,1.941773503020976,0.6895506350539006,0.6531260568406656
26,56,3.4889,20.0,2.0449,4176.521612,83.53043223,E04001,1.189985462,0.009218197,0.0089,3.4978000000000002,1.444,1.4528999999999999,1.0,0.0,0.0,4176.521612,83.53043223,0.3490658503988659,0.030153689607045803,0.9698463103929541,0.03109120412576338,0.014016228577584222,2.030883771422416,4.433234524286382,1.0051084019120298,0.6076537275020476,0.6129586082195312,4.794574618219532,2.1896517116243697,4.110051410426952,4.104746529709469,0.6727700121186033,0.0013191708352308122,3166020.2761147637,63320.40551471477,0.0011671961027426559,0.001164226223014138,35446.51691831576,35266.36216639462,148043143.97946942,2960862.8792349235,380.20315221584104,7.604063043406487,147290723.76456624,2945814.474938662,378.2707929737489,7.5654158585692715,"[2.067,2.357]",2.213,"[0.438,0.650]",0.5,0.002,0.0,1015,2.031,0.12,-3.920685477471,66,4.059314522529,0.005,0.0,406,2.0325,0.1,0.4741835225290001,36,4.124183522529,2.0381257681699765,2.037292608126607,0.7094018197463247,0.6335665376240984,2.0544988794670935,1.9950628974722708,0.6895506350539006,0.6421829294812837
26,56,3.4889,20.0,2.0623,4200.615732,84.01231463,E04001,1.166495655,0.009093905,0.0089,3.4978000000000002,1.4266,1.4355,1.0,0.0,0.0,4200.615732,84.01231463,0.3490658503988659,0.030153689607045803,0.9698463103929541,0.03109120412576338,0.014016228577584222,2.048283771422416,4.433234524286382,1.0051084019120298,0.6003315842482142,0.6056177865642075,4.858699076564207,2.2042456933300802,4.150025454080786,4.1447392517647925,0.6671684852311031,0.001313055854302925,3199114.2785239876,63982.28556286393,0.0011671961027426556,0.0011642262230141377,36978.33551852177,36790.39539235514,155331777.92227694,3106635.558075756,398.9217603587963,7.978435206226252,154542313.6716273,3090846.273064642,396.89426493691894,7.937885297793531,"[2.067,2.357]",2.213,"[0.438,0.650]",0.5,0.002,0.0,1024,2.049,0.12,-3.920685477471,67,4.179314522528999,0.005,0.0,409,2.0475,0.1,0.4741835225290001,36,4.124183522529,2.055446154786715,2.052292608126607,0.6883135757130263,0.6305189344366428,2.074480478552302,1.9950628974722708,0.6610417973963598,0.6421829294812837
26,56,3.4889,20.0,2.0797,4225.269293,84.50538585,E04001,1.185723241,0.009656189,0.0089,3.4978000000000002,1.4092000000000002,1.4181000000000001,1.0,0.0,0.0,4225.269293,84.50538585,0.3490658503988659,0.030153689607045803,0.9698463103929541,0.03109120412576338,0.014016228577584222,2.0656837714224157,4.433234524286382,1.0051084019120298,0.5930094409943807,0.5982769649088838,4.923429054908883,2.2188801353180128,4.189999497734619,4.184731973820116,0.6614978779785782,0.0013068765384979032,3233105.169870474,64662.10338975764,0.0011671961027426559,0.001164226223014138,38576.989679536906,38380.92449147916,162998169.9093252,3259963.397800734,418.610523520988,8.372210469429028,162169741.69079855,3243394.8334321617,416.48296116584055,8.329659222331115,"[2.067,2.357]",2.213,"[0.438,0.650]",0.5,0.002,0.0,1032,2.065,0.12,-3.920685477471,67,4.179314522528999,0.005,0.0,413,2.0675,0.1,0.4741835225290001,37,4.224183522529,2.0708374103097995,2.072292608126607,0.6666451468965278,0.6264666131259198,2.074480478552302,2.0483522919235657,0.6610417973963598,0.6313188195964127
26,56,3.4889,28.0,0.9502,109.0848321,2.181696642,E04001,0.843380314,0.019892775,0.0089,3.4978000000000002,2.5387,2.5476,1.0,0.0,0.0,109.0848321,2.181696642,0.4886921905584123,0.058526203570536534,0.9414737964294635,0.062164453001769114,0.027102072066649274,0.9230979279333508,4.433234524286382,1.0051084019120298,2.0735296490618946,2.086106895093481,2.9889869350934815,1.7288686864806944,0.5899205826671055,0.577343336635519,0.8487961139518633,-0.00013822760446881142,-789168.2165743749,-15783.364331487497,0.00030076642989842594,0.00030000114279622,5823.201812856472,5793.605746185113,635222.992039864,12704.459840797277,1.631374324008057,0.03262748648016114,631994.5100761983,12639.890201523966,1.6230829638919282,0.03246165927783856,"[1.302,1.770]",1.619,"[2.000,2.500]",2.25,0.002,0.0,461,0.923,0.12,-1.6444774774709998,18,0.5755225225289999,0.005,0.0,184,0.9225,0.1,-1.275816477471,18,0.5741835225290002,0.9396610055860037,0.9440667365697317,0.8421159040513759,0.8520953144711273,0.8496541580601374,1.0358537973489592,0.8535432252371731,0.8448660377878189
26,56,3.4889,28.0,0.9651,121.3262462,2.426524924,E04001,0.857192926,0.018050505,0.0089,3.4978000000000002,2.5238,2.5327,1.0,0.0,0.0,121.3262462,2.426524924,0.4886921905584123,0.058526203570536534,0.9414737964294635,0.062164453001769114,0.027102072066649274,0.9379979279333507,4.433234524286382,1.0051084019120298,2.0613598015923147,2.0739060029844794,3.005324012984479,1.7335870364606674,0.630050965536685,0.6175047641445204,0.8473379759812274,-0.00011876159232741929,-1021594.9771497683,-20431.89954299537,0.000300766429898426,0.00030000114279622004,5946.270739681611,5916.049182724917,721438.7077344672,14428.774154689347,1.8527927970052176,0.03705585594010436,717772.0396745921,14355.440793491842,1.843376091057072,0.03686752182114144,"[1.302,1.770]",1.619,"[2.000,2.500]",2.25,0.002,0.0,468,0.937,0.12,-1.6444774774709998,18,0.5755225225289999,0.005,0.0,187,0.9375,0.1,-1.275816477471,18,0.5741835225290002,0.9534114959353488,0.9590667365697317,0.8400993576676059,0.8509515328779345,0.8496541580601374,1.0358537973489592,0.8535432252371731,0.8448660377878189
26,56,3.4889,28.0,0.9799,133.5437968,2.670875937,E04001,0.86862889,0.01662376,0.0089,3.4978000000000002,2.5090000000000003,2.5179000000000005,1.0,0.0,0.0,133.5437968,2.670875937,0.4886921905584123,0.058526203570536534,0.9414737964294635,0.062164453001769114,0.027102072066649274,0.9527979279333507,4.433234524286382,1.0051084019120298,2.0492716309513903,2.0617869960574176,3.0219910060574176,1.7383874729350237,0.66991201697761,0.6573966518715828,0.845858613935503,-9.977080961864743e-05,-1338505.6943052039,-26770.113896127048,0.0003007664298984259,0.00030000114279621993,6072.675316455246,6041.811315976588,810968.118493075,16219.362375934175,2.0827214736832143,0.04165442948926008,806846.422684718,16136.928459736173,2.072136169313905,0.04144272340179463,"[1.302,1.770]",1.619,"[2.000,2.500]",2.25,0.002,0.0,476,0.9530000000000001,0.12,-1.6444774774709998,19,0.695522522529,0.005,0.0,190,0.9525,0.1,-1.275816477471,19,0.6741835225290003,0.9691219846337802,0.9740667365697318,0.8376939836051043,0.8497928606510218,0.8829034116990423,1.0891431918002543,0.8496508545292277,0.8404230562430351
26,56,3.4889,28.0,0.9948,145.8259829,2.916519658,E04001,0.870901039,0.015360774,0.0089,3.4978000000000002,2.4941,2.503,1.0,0.0,0.0,145.8259829,2.916519658,0.4886921905584123,0.058526203570536534,0.9414737964294635,0.062164453001769114,0.027102072066649274,0.9676979279333507,4.433234524286382,1.0051084019120298,2.03710178348181,2.049586103948416,3.039213143948416,1.7433339163649677,0.7100423998471901,0.6975580793805842,0.8443377480932479,-8.100001660348281e-05,-1800320.407511248,-36006.408150224954,0.0003007664298984261,0.0003000011427962201,6204.256297155188,6172.723544398551,904741.7726961698,18094.835453923395,2.323550180534774,0.04647100361069548,900143.4780318906,18002.86956063781,2.3117408790083305,0.04623481758016661,"[1.302,1.770]",1.619,"[2.000,2.500]",2.25,0.002,0.0,483,0.967,0.12,-1.6444774774709998,19,0.695522522529,0.005,0.0,193,0.9675,0.1,-1.275816477471,19,0.6741835225290003,0.9828648526061343,0.9890667365697318,0.8354961278162171,0.848619431881993,0.8829034116990423,1.0891431918002543,0.8496508545292277,0.8404230562430351
26,56,3.4889,28.0,1.0096,157.935321,3.158706419,E04001,0.854780293,0.014309655,0.0089,3.4978000000000002,2.4793000000000003,2.4882000000000004,1.0,0.0,0.0,157.935321,3.158706419,0.4886921905584123,0.058526203570536534,0.9414737964294635,0.062164453001769114,0.027102072066649274,0.9824979279333508,4.433234524286382,1.0051084019120298,2.0250136128408855,2.0374670970213535,3.0567592570213535,1.7483590183430158,0.7499034512881146,0.7374499671076467,0.8427955064969529,-6.270222047940753e-05,-2518815.4389503417,-50376.30876305844,0.00030076642989842594,0.00030000114279622,6339.383396853504,6307.1638688862,1001212.5517241284,20024.251028143186,2.571305620585644,0.05142611239543213,996123.9502321439,19922.478998335715,2.5582371172046896,0.05116474232789579,"[1.302,1.770]",1.619,"[2.000,2.500]",2.25,0.002,0.0,491,0.983,0.12,-1.6444774774709998,19,0.695522522529,0.005,0.0,196,0.9825,0.1,-1.275816477471,20,0.7741835225290004,0.9985666372569,1.0040667365697318,0.8328713699490297,0.8474313817942063,0.8829034116990423,1.1424325862515496,0.8496508545292277,0.835807265428712
26,56,3.4889,28.0,1.0245,169.9712747,3.399425494,E04001,0.88250206,0.013943533,0.0089,3.4978000000000002,2.4644000000000004,2.4733000000000005,1.0,0.0,0.0,169.9712747,3.399425494,0.4886921905584123,0.058526203570536534,0.9414737964294635,0.062164453001769114,0.027102072066649274,0.9973979279333507,4.433234524286382,1.0051084019120298,2.0128437653713056,2.0252662049123518,3.0748664549123514,1.7535297131535443,0.7900338341576947,0.7776113946166485,0.8412107587498088,-4.4630888476899004e-05,-3808377.572137676,-76167.55144275351,0.000300766429898426,0.00030000114279622004,6480.024482083799,6447.090154411972,1101418.0213069906,22028.36042613981,2.8286524613819743,0.056573049227639484,1095820.131651223,21916.402633024456,2.814276008439483,0.056285520168789654,"[1.302,1.770]",1.619,"[2.000,2.500]",2.25,0.002,0.0,498,0.997,0.12,-1.6444774774709998,20,0.8155225225290001,0.005,0.0,199,0.9975,0.1,-1.275816477471,20,0.7741835225290004,1.0123018955142626,1.019066736569732,0.8304700390269057,0.8462288467065282,0.9155564210981225,1.1424325862515496,0.8454639910285696,0.835807265428712
26,56,3.4889,28.0,1.0393,181.7105704,3.634211408,E04001,0.869514633,0.013097752,0.0089,3.4978000000000002,2.4496,2.4585000000000004,1.0,0.0,0.0,181.7105704,3.634211408,0.4886921905584123,0.058526203570536534,0.9414737964294635,0.062164453001769114,0.027102072066649274,1.0121979279333506,4.433234524286382,1.0051084019120298,2.000755594730381,2.0131471979852895,3.093291687985289,1.7587756218418793,0.8298948855986192,0.8175032823437105,0.8396044895374759,-2.7029003044202214e-05,-6722799.583204655,-134455.9916640931,0.000300766429898426,0.00030000114279622004,6624.437119737767,6590.768823677148,1203730.2476064826,24074.604952129655,3.0914098569874198,0.0618281971397484,1197612.3623249116,23952.247246498235,3.07569795566985,0.06151395911339701,"[1.302,1.770]",1.619,"[2.000,2.500]",2.25,0.002,0.0,506,1.0130000000000001,0.12,-1.6444774774709998,20,0.8155225225290001,0.005,0.0,202,1.0125,0.1,-1.275816477471,20,0.7741835225290004,1.0279949905682102,1.0340667365697318,0.8275984398779603,0.8450119639970441,0.9155564210981225,1.1424325862515496,0.8454639910285696,0.835807265428712
26,56,3.4889,28.0,1.0542,193.2478863,3.864957725,E04001,0.874524443,0.01262627,0.0089,3.4978000000000002,2.4347000000000003,2.4436000000000004,1.0,0.0,0.0,193.2478863,3.864957725,0.4886921905584123,0.058526203570536534,0.9414737964294635,0.062164453001769114,0.027102072066649274,1.0270979279333508,4.433234524286382,1.0051084019120298,1.988585747260801,2.000946305876288,3.112283945876288,1.7641666434541516,0.870025268468199,0.8576647098527119,0.8379547025007609,-9.658810655473406e-06,-20007420.498557065,-400148.40986760886,0.00030076642989842594,0.00030000114279622,6774.724525619588,6740.292403020359,1309201.1948407558,26184.02389004039,3.36227945302371,0.06724558904307541,1302547.2599276323,26050.945191812352,3.3451908735690656,0.06690381745407094,"[1.302,1.770]",1.619,"[2.000,2.500]",2.25,0.002,0.0,513,1.027,0.12,-1.6444774774709998,20,0.8155225225290001,0.005,0.0,205,1.0275,0.1,-1.275816477471,21,0.874183522529,1.0417226517375866,1.049066736569732,0.8249675565408942,0.8437808720667412,0.9155564210981225,1.1957219807028445,0.8454639910285696,0.8310251078336437
26,56,3.4889,28.0,1.069,204.3903137,4.087806274,E04001,0.865990158,0.011937943,0.0089,3.4978000000000002,2.4199,2.4288000000000003,1.0,0.0,0.0,204.3903137,4.087806274,0.4886921905584123,0.058526203570536534,0.9414737964294635,0.062164453001769114,0.027102072066649274,1.0418979279333507,4.433234524286382,1.0051084019120298,1.9764975766198762,1.9888272989492257,3.1315882989492256,1.7696294241872295,0.9098863199091236,0.8975565975797741,0.8362832547353708,7.246719502810038e-06,28204529.459260043,564090.5891852009,0.00030076642989842583,0.0003000011427962199,6929.024894821097,6893.8085500428915,1416225.5718875937,28324.511437751873,3.637138554386672,0.07274277108773343,1409027.6921310087,28180.553842620175,3.618653020378398,0.07237306040756797,"[1.302,1.770]",1.619,"[1.500,2.000]",1.75,0.002,0.0,520,1.041,0.12,-1.6444774774709998,21,0.9355225225290003,0.005,0.0,208,1.0425,0.1,-0.7758164774709999,16,0.8741835225290002,1.0554467719106455,1.0592741284431246,0.8222193121037704,0.8305331368586795,0.9476441568573738,0.9292750084463691,0.8409549656532149,0.8433978545246725
26,56,3.4889,28.0,1.0839,215.2507946,4.305015892,E04001,0.864108308,0.011614359,0.0089,3.4978000000000002,2.4050000000000002,2.4139000000000004,1.0,0.0,0.0,215.2507946,4.305015892,0.4886921905584123,0.058526203570536534,0.9414737964294635,0.062164453001769114,0.027102072066649274,1.0567979279333508,4.433234524286382,1.0051084019120298,1.9643277291502965,1.9766264068402242,3.151465616840224,1.775236777683536,0.9500167027787039,0.9377180250887762,0.8345672686064123,2.3916519977207474e-05,9000088.424450329,180001.76848900656,0.00030076642989842594,0.00030000114279622,7089.585604426597,7053.553219672617,1526038.9347375461,30520.778694750923,3.9191603055375657,0.07838320611075131,1518282.9352879191,30365.658705758386,3.8992414132466706,0.07798482826493341,"[1.770,2.067]",1.921,"[1.500,2.000]",1.75,0.002,0.0,528,1.057,0.12,-2.7135574774710003,30,0.9464425225289994,0.005,0.0,211,1.0575,0.1,-0.7758164774709999,17,0.9741835225290001,1.0811673792136602,1.0742741284431248,0.8460453401480916,0.8289677474488597,1.215022967239292,0.9825644028976641,0.8283411262309761,0.838280469444127
26,56,3.4889,28.0,1.0987,225.6544483,4.513088967,E04001,0.895174022,0.011610673,0.0089,3.4978000000000002,2.3902,2.3991000000000002,1.0,0.0,0.0,225.6544483,4.513088967,0.4886921905584123,0.058526203570536534,0.9414737964294635,0.062164453001769114,0.027102072066649274,1.0715979279333507,4.433234524286382,1.0051084019120298,1.9522395585093715,1.9645073999131617,3.1716490899131617,1.780912431848675,0.9898777542196286,0.9776099128158384,0.8328294894315019,4.0127588169989205e-05,5623424.147598371,112468.48297688791,0.0003007664298984259,0.00030000114279621993,7254.417754211317,7217.547620148384,1636991.6360642798,32739.83272854001,4.20410809614337,0.08408216194149813,1628671.7263035618,32573.43453328878,4.18274097415348,0.08365481950160562,"[1.770,2.067]",1.921,"[1.500,2.000]",1.75,0.002,0.0,535,1.071,0.12,-2.7135574774710003,30,0.9464425225289994,0.005,0.0,214,1.0725,0.1,-0.7758164774709999,17,0.9741835225290001,1.0948813349309532,1.0892741284431247,0.8444880804835482,0.8273863614093536,1.215022967239292,0.9825644028976641,0.8283411262309761,0.838280469444127
26,56,3.4889,28.0,1.1136,235.7458302,4.714916604,E04001,0.886548024,0.011156083,0.0089,3.4978000000000002,2.3753,2.3842000000000003,1.0,0.0,0.0,235.7458302,4.714916604,0.4886921905584123,0.058526203570536534,0.9414737964294635,0.062164453001769114,0.027102072066649274,1.0864979279333506,4.433234524286382,1.0051084019120298,1.9400697110397918,1.9523065078041602,3.1924114678041597,1.7867320637980837,1.030008137089208,1.0177713403248396,0.831046142973567,5.610002318674224e-05,4202241.225734686,84044.82451469371,0.0003007664298984259,0.00030000114279621993,7425.922309872913,7388.180514406697,1750630.2199416915,35012.60439883383,4.495953747634856,0.08991907495269713,1741732.7490362697,34834.6549807254,4.47310333799036,0.08946206675980721,"[1.770,2.067]",1.921,"[1.500,2.000]",1.75,0.002,0.0,543,1.087,0.12,-2.7135574774710003,31,1.0664425225289995,0.005,0.0,217,1.0875000000000001,0.1,-0.7758164774709999,17,0.9741835225290001,1.1105501043947825,1.1042741284431248,0.8426449933909472,0.8257891953608726,1.2427092380131848,0.9825644028976641,0.8238567245442641,0.838280469444127
26,56,3.4889,28.0,1.1284,245.3934725,4.90786945,E04001,0.896519364,0.011002738,0.0089,3.4978000000000002,2.3605,2.3694,1.0,0.0,0.0,245.3934725,4.90786945,0.4886921905584123,0.058526203570536534,0.9414737964294635,0.062164453001769114,0.027102072066649274,1.1012979279333508,4.433234524286382,1.0051084019120298,1.9279815403988663,1.940187500877098,3.2134740608770977,1.792616540389243,1.0698691885301341,1.0576632280519025,0.8292408786160314,7.162070977264603e-05,3426292.105718878,68525.84211437755,0.00030076642989842605,0.0003000011427962201,7601.975018980473,7563.338446399557,1865475.0477658715,37309.50095531743,4.790897264644291,0.09581794529288583,1855993.8850547425,37119.87770109485,4.7665478226333695,0.09533095645266738,"[1.770,2.067]",1.921,"[1.500,2.000]",1.75,0.002,0.0,550,1.101,0.12,-2.7135574774710003,31,1.0664425225289995,0.005,0.0,220,1.1025,0.1,-0.7758164774709999,18,1.0741835225290002,1.1242564982976972,1.1192741284431247,0.8409743488317499,0.8241764667609126,1.2427092380131848,1.0358537973489592,0.8238567245442641,0.8329447675856085
26,56,3.4889,28.0,1.1433,254.7520837,5.095041674,E04001,0.910689313,0.01091257,0.0089,3.4978000000000002,2.3456,2.3545000000000003,1.0,0.0,0.0,254.7520837,5.095041674,0.4886921905584123,0.058526203570536534,0.9414737964294635,0.062164453001769114,0.027102072066649274,1.1161979279333507,4.433234524286382,1.0051084019120298,1.915811692929287,1.9279866087680961,3.235121498768096,1.7986443502727536,1.109999571399713,1.097824655560904,0.8273890101937997,8.690092899025462e-05,2931523.1339882314,58630.462679764634,0.0003007664298984259,0.00030000114279621993,7785.140521581516,7745.573021548471,1983280.769770196,39665.61539540392,5.093444925083864,0.10186889850167727,1973200.866689978,39464.01733379956,5.067557803113118,0.10135115606226237,"[1.770,2.067]",1.921,"[1.500,2.000]",1.75,0.002,0.0,558,1.117,0.12,-2.7135574774710003,31,1.0664425225289995,0.005,0.0,223,1.1175,0.1,-0.7758164774709999,18,1.0741835225290002,1.139916632832687,1.1342741284431246,0.8389956344351505,0.8225483938385254,1.2427092380131848,1.0358537973489592,0.8238567245442641,0.8329447675856085
26,56,3.4889,28.0,1.1582,263.8022256,5.276044512,E04001,0.928726054,0.010879362,0.0089,3.4978000000000002,2.3307,2.3396000000000003,1.0,0.0,0.0,263.8022256,5.276044512,0.4886921905584123,0.058526203570536534,0.9414737964294635,0.062164453001769114,0.027102072066649274,1.1310979279333506,4.433234524286382,1.0051084019120298,1.9036418454597073,1.9157857166590946,3.257212956659094,1.8047750432281289,1.1501299542692924,1.1379860830699051,0.8255023280345872,0.00010183643748566065,2590450.256443283,51809.00512886567,0.00030076642989842594,0.00030000114279622,7974.441754731368,7933.912142771358,2103675.482815704,42073.50965631408,5.402641610452635,0.10805283220905271,2092983.6809779492,41859.673619558984,5.375183015259971,0.10750366030519942,"[1.770,2.067]",1.921,"[1.500,2.000]",1.75,0.002,0.0,565,1.131,0.12,-2.7135574774710003,32,1.1864425225289996,0.005,0.0,226,1.1325,0.1,-0.7758164774709999,19,1.1741835225290003,1.1536154774160963,1.1492741284431247,0.8372006853019839,0.8209051955295404,1.2700484264524534,1.0891431918002543,0.8190852859293508,0.8274002340885612
26,56,3.4889,28.0,1.173,272.5616304,5.451232609,E04001,0.953912697,0.010859929,0.0089,3.4978000000000002,2.3159,2.3248,1.0,0.0,0.0,272.5616304,5.451232609,0.4886921905584123,0.058526203570536534,0.9414737964294635,0.062164453001769114,0.027102072066649274,1.1458979279333508,4.433234524286382,1.0051084019120298,1.8915536748187818,1.9036667097320321,3.2795957097320323,1.8109654082096742,1.1899910057102185,1.1778779707969682,0.8235935556859202,0.00011633245893762386,2342954.2613394293,46859.085235384635,0.0003007664298984261,0.0003000011427962201,8168.743719947638,8127.226580146121,2226486.1066286894,44529.722140742524,5.718042817453253,0.11436085637004394,2215170.1273148432,44303.40255442409,5.688981214937366,0.11377962431961958,"[1.770,2.067]",1.921,"[1.500,2.000]",1.75,0.002,0.0,572,1.145,0.12,-2.7135574774710003,32,1.1864425225289996,0.005,0.0,229,1.1475,0.1,-0.7758164774709999,19,1.1741835225290003,1.1673108032500892,1.1642741284431246,0.835343573146232,0.8192470914122695,1.2700484264524534,1.0891431918002543,0.8190852859293508,0.8274002340885612
26,56,3.4889,28.0,1.1879,281.2160948,5.624321896,E04001,0.945891807,0.010632393,0.0089,3.4978000000000002,2.301,2.3099000000000003,1.0,0.0,0.0,281.2160948,5.624321896,0.4886921905584123,0.058526203570536534,0.9414737964294635,0.062164453001769114,0.027102072066649274,1.1607979279333507,4.433234524286382,1.0051084019120298,1.8793838273492025,1.8914658176230306,3.3025722276230303,1.817298056902893,1.2301213885797975,1.2180393983059694,0.8216366088051624,0.00013058711867879632,2153474.995429711,43069.49990859421,0.00030076642989842594,0.00030000114279622,8370.877348001995,8328.33287641211,2354025.437854902,47080.50875709803,6.04558825090089,0.12091176501801779,2342061.2476990647,46841.22495398129,6.014861918774426,0.12029723837548852,"[1.770,2.067]",1.921,"[1.500,2.000]",1.75,0.002,0.0,580,1.161,0.12,-2.7135574774710003,32,1.1864425225289996,0.005,0.0,232,1.1625,0.1,-0.7758164774709999,19,1.1741835225290003,1.182958299006856,1.1792741284431247,0.8331413413619175,0.8175743016437215,1.2700484264524534,1.0891431918002543,0.8190852859293508,0.8274002340885612
26,56,3.4889,28.0,1.2027,289.7228418,5.794456837,E04001,0.969892461,0.010699881,0.0089,3.4978000000000002,2.2862,2.2951,1.0,0.0,0.0,289.7228418,5.794456837,0.4886921905584123,0.058526203570536534,0.9414737964294635,0.062164453001769114,0.027102072066649274,1.1755979279333508,4.433234524286382,1.0051084019120298,1.8672956567082775,1.8793468106959683,3.3258341006959684,1.8236869524937576,1.2699824400207227,1.2579312860330318,0.8196574679444477,0.0001444114996837864,2006231.0995619989,40124.62199816463,0.00030076642989842594,0.00030000114279622,8578.339775737548,8534.74088906119,2485340.977752657,49706.819563631485,6.38283171157054,0.12765663425344162,2472709.3844054667,49454.18769664407,6.350391360203938,0.1270078272259976,"[1.770,2.067]",1.921,"[1.500,2.000]",1.75,0.002,0.0,587,1.175,0.12,-2.7135574774710003,33,1.3064425225289993,0.005,0.0,235,1.1775,0.1,-0.7758164774709999,20,1.2741835225290004,1.1966460937850272,1.1942741284431246,0.8311410920509542,0.8158870468963564,1.2970532675790754,1.1424325862515496,0.8140008508592015,0.8216565249982885
26,56,3.4889,28.0,1.2176,298.2221502,5.964443005,E04001,0.97578265,0.010596128,0.0089,3.4978000000000002,2.2713,2.2802000000000002,1.0,0.0,0.0,298.2221502,5.964443005,0.4886921905584123,0.058526203570536534,0.9414737964294635,0.062164453001769114,0.027102072066649274,1.1904979279333507,4.433234524286382,1.0051084019120298,1.8551258092386975,1.8671459185869663,3.3496956785869663,1.8302173856094162,1.3101128228903027,1.298092713542034,0.8176290985923957,0.00015799505942522672,1887540.9856796036,37750.81971992138,0.000300766429898426,0.00030000114279622004,8794.154037437713,8749.458287990119,2622611.526234686,52452.23053348787,6.735368774999175,0.13470737552256856,2609282.263729624,52185.64528334194,6.701136675592804,0.13402273353432637,"[1.770,2.067]",1.921,"[1.500,2.000]",1.75,0.002,0.0,595,1.191,0.12,-2.7135574774710003,33,1.3064425225289993,0.005,0.0,238,1.1925000000000001,0.1,-0.7758164774709999,20,1.2741835225290004,1.2122849897172259,1.2092741284431248,0.8287669029260869,0.8141855482954039,1.2970532675790754,1.1424325862515496,0.8140008508592015,0.8216565249982885
26,56,3.4889,28.0,1.2324,306.7598325,6.13519665,E04001,0.991003279,0.010594607,0.0089,3.4978000000000002,2.2565,2.2654,1.0,0.0,0.0,306.7598325,6.13519665,0.4886921905584123,0.058526203570536534,0.9414737964294635,0.062164453001769114,0.027102072066649274,1.2052979279333507,4.433234524286382,1.0051084019120298,1.8430376385977727,1.8550269116599043,3.3738366716599044,1.8368006619282085,1.3499738743312273,1.3379846012690957,0.8155784408957378,0.00017115827311969535,1792258.2818154227,35845.16563630845,0.00030076642989842594,0.00030000114279622,9015.648258804556,8969.826778538494,2765638.7497498025,55312.77499499605,7.10269008263547,0.1420538016527094,2751582.560138483,55031.651202769666,7.0665910951733535,0.14133182190346708,"[1.770,2.067]",1.921,"[1.500,2.000]",1.75,0.002,0.0,602,1.205,0.12,-2.7135574774710003,33,1.3064425225289993,0.005,0.0,241,1.2075,0.1,-0.7758164774709999,21,1.374183522529,1.2259652658499007,1.2242741284431247,0.8266083525691604,0.8124700273567741,1.2970532675790754,1.1957219807028445,0.8140008508592015,0.8157234298755301
26,56,3.4889,28.0,1.2473,315.500644,6.31001288,E04001,0.998413176,0.010586349,0.0089,3.4978000000000002,2.2416,2.2505,1.0,0.0,0.0,315.500644,6.31001288,0.4886921905584123,0.058526203570536534,0.9414737964294635,0.062164453001769114,0.027102072066649274,1.2201979279333508,4.433234524286382,1.0051084019120298,1.830867791128193,1.8428260195509025,3.3985833095509026,1.8435246972988732,1.390104257200807,1.3781460287780976,0.8134774949694472,0.00018408203058990693,1713913.3189097855,34278.26637819571,0.00030076642989842594,0.00030000114279622,9246.050359262204,9199.057874427606,2917134.842803657,58342.69685607314,7.491761069505674,0.1498352213901135,2902308.6835751813,58046.173671503624,7.453684652574795,0.1490736930514959,"[1.770,2.067]",1.921,"[1.500,2.000]",1.75,0.002,0.0,610,1.221,0.12,-2.7135574774710003,34,1.4264425225289994,0.005,0.0,244,1.2225,0.1,-0.7758164774709999,21,1.374183522529,1.2415955761212984,1.2392741284431246,0.8240436216088733,0.8107407059255844,1.3237357361743323,1.1957219807028445,0.8085740614920145,0.8157234298755301
26,56,3.4889,28.0,1.2621,324.3887812,6.487775624,E04001,1.029628703,0.010943658,0.0089,3.4978000000000002,2.2268,2.2357,1.0,0.0,0.0,324.3887812,6.487775624,0.4886921905584123,0.058526203570536534,0.9414737964294635,0.062164453001769114,0.027102072066649274,1.2349979279333507,4.433234524286382,1.0051084019120298,1.8187796204872677,1.8307070126238403,3.4236034226238403,1.850298198297734,1.4299653086417325,1.41803791650516,0.8113541763632294,0.00019659600694447679,1650027.3135843233,33000.546271686464,0.000300766429898426,0.00030000114279622004,9482.508312348155,9434.314044444824,3076019.3141614865,61520.38628322974,7.899806827144891,0.15799613654289785,3060385.634335499,61207.71268670998,7.8596565426346,0.15719313085269201,"[1.770,2.067]",1.921,"[1.500,2.000]",1.75,0.002,0.0,617,1.235,0.12,-2.7135574774710003,34,1.4264425225289994,0.005,0.0,246,1.2325,0.1,-0.7758164774709999,21,1.374183522529,1.255268345984753,1.2492741284431246,0.8217093133407714,0.8095802677075993,1.3237357361743323,1.1957219807028445,0.8085740614920145,0.8157234298755301
26,56,3.4889,28.0,1.277,333.6151365,6.67230273,E04001,1.040120672,0.011270472,0.0089,3.4978000000000002,2.2119,2.2208,1.0,0.0,0.0,333.6151365,6.67230273,0.4886921905584123,0.058526203570536534,0.9414737964294635,0.062164453001769114,0.027102072066649274,1.2498979279333506,4.433234524286382,1.0051084019120298,1.8066097730176882,1.8185061205148385,3.4492351205148384,1.8572116520512245,1.4700956915113117,1.4581993440141614,0.809179504684844,0.00020887264485047348,1597217.9446419443,31944.35889283888,0.00030076642989842594,0.00030000114279622,9728.468602383462,9679.024256365661,3245564.3807201227,64911.28761440246,8.335231035355287,0.16670462070710576,3229068.9984742412,64581.37996948482,8.292867733966881,0.16585735467933763,"[1.770,2.067]",1.921,"[1.500,2.000]",1.75,0.002,0.0,624,1.249,0.12,-2.7135574774710003,34,1.4264425225289994,0.005,0.0,249,1.2475,0.1,-0.7758164774709999,22,1.474183522529,1.2689376171484525,1.2642741284431247,0.8192862590826677,0.8078284391462948,1.3237357361743323,1.2490113751541396,0.8085740614920145,0.809610835249672
26,56,3.4889,28.0,1.2918,343.096554,6.861931081,E04001,1.058011209,0.011687672,0.0089,3.4978000000000002,2.1971,2.206,1.0,0.0,0.0,343.096554,6.861931081,0.4886921905584123,0.058526203570536534,0.9414737964294635,0.062164453001769114,0.027102072066649274,1.2646979279333508,4.433234524286382,1.0051084019120298,1.7945216023767632,1.8063871135877763,3.4751343535877766,1.8641712243213542,1.509956742952237,1.4980912317412238,0.8069823866430771,0.00022075060914966273,1554226.9863789603,31084.5397321092,0.0003007664298984259,0.00030000114279621993,9980.887144064789,9930.159896263953,3424407.984991531,68488.1597098115,8.794535669598002,0.17589071341759285,3407003.64107716,68140.07283147336,8.749837980528321,0.17499675963606895,"[1.770,2.067]",1.921,"[1.500,2.000]",1.75,0.002,0.0,632,1.2650000000000001,0.12,-2.7135574774710003,35,1.5464425225289995,0.005,0.0,252,1.2625,0.1,-0.7758164774709999,22,1.474183522529,1.2845553606568672,1.2792741284431246,0.8164023308300409,0.8060634028283696,1.3501071088387828,1.2490113751541396,0.8027716035559304,0.809610835249672
26,56,3.4889,28.0,1.3067,353.0013139,7.060026279,E04001,1.045321888,0.013767654,0.0089,3.4978000000000002,2.1822,2.1911,1.0,0.0,0.0,353.0013139,7.060026279,0.4886921905584123,0.058526203570536534,0.9414737964294635,0.062164453001769114,0.027102072066649274,1.2795979279333507,4.433234524286382,1.0051084019120298,1.7823517549071832,1.7941862214787747,3.5016511114787745,1.8712699194607854,1.550087125821817,1.5382526592502255,0.8047328462938983,0.00023239403431807044,1518977.5199515584,30379.550403334204,0.000300766429898426,0.00030000114279622004,10243.443630081762,10191.38195501653,3615949.0602794476,72318.98121583239,9.286449841681357,0.18572899685993427,3597571.220577586,71951.4244217431,9.23925202895094,0.1847850406051922,"[1.770,2.067]",1.921,"[1.500,2.000]",1.75,0.002,0.0,639,1.2790000000000001,0.12,-2.7135574774710003,35,1.5464425225289995,0.005,0.0,255,1.2775,0.1,-0.7758164774709999,23,1.5741835225290002,1.2982171436419208,1.2942741284431247,0.8137728079555673,0.8042853812907202,1.3501071088387828,1.3023007696054347,0.8027716035559304,0.8033286891242818
26,56,3.4889,28.0,1.3215,363.2316938,7.264633875,E04001,1.070941789,0.013049522,0.0089,3.4978000000000002,2.1674,2.1763000000000003,1.0,0.0,0.0,363.2316938,7.264633875,0.4886921905584123,0.058526203570536534,0.9414737964294635,0.062164453001769114,0.027102072066649274,1.2943979279333506,4.433234524286382,1.0051084019120298,1.7702635842662588,1.7820672145517127,3.5284294645517127,1.8784114204698907,1.589948177262741,1.5781445469772872,0.802460797191212,0.00024365034946079728,1490790.7770452143,29815.815536800048,0.00030076642989842594,0.00030000114279622,10512.88919106717,10459.458075435818,3818614.54760304,76372.29094154791,9.806933634814495,0.19613867266929078,3799206.6729706405,75984.13344895335,9.757090495073612,0.19514180987461036,"[1.770,2.067]",1.921,"[1.500,2.000]",1.75,0.002,0.0,647,1.295,0.12,-2.7135574774710003,35,1.5464425225289995,0.005,0.0,258,1.2925,0.1,-0.7758164774709999,23,1.5741835225290002,1.3138263362610658,1.3092741284431246,0.8106390348189645,0.8024945971214291,1.3501071088387828,1.3023007696054347,0.8027716035559304,0.8033286891242818
26,56,3.4889,28.0,1.3364,373.9033011,7.478066021,E04001,1.083167757,0.012409626,0.0089,3.4978000000000002,2.1525,2.1614,1.0,0.0,0.0,373.9033011,7.478066021,0.4886921905584123,0.058526203570536534,0.9414737964294635,0.062164453001769114,0.027102072066649274,1.3092979279333508,4.433234524286382,1.0051084019120298,1.7580937367966787,1.7698663224427107,3.5558312824427105,1.8856911948786075,1.6300785601323213,1.6183059744862893,0.8001352529019875,0.0002546755364817792,1468155.5451508826,29363.110899091087,0.00030076642989842594,0.00030000114279622,10793.152406295943,10738.296870033122,4035595.313989462,80711.90626899608,10.364181806751231,0.20728363610730577,4015084.647897182,80301.69294720535,10.311506487295622,0.20623012971833446,"[1.770,2.067]",1.921,"[1.500,2.000]",1.75,0.002,0.0,654,1.309,0.12,-2.7135574774710003,36,1.6664425225289996,0.005,0.0,261,1.3075,0.1,-0.7758164774709999,23,1.5741835225290002,1.3274806433603246,1.3242741284431248,0.8077777852601155,0.8006912729022256,1.376178019686742,1.3023007696054347,0.7965555325781845,0.8033286891242818
26,56,3.4889,28.0,1.3512,384.8672791,7.697345581,E04001,1.096481886,0.012186019,0.0089,3.4978000000000002,2.1377,2.1466000000000003,1.0,0.0,0.0,384.8672791,7.697345581,0.4886921905584123,0.058526203570536534,0.9414737964294635,0.062164453001769114,0.027102072066649274,1.3240979279333507,4.433234524286382,1.0051084019120298,1.746005566155754,1.757747315515649,3.5834887555156487,1.8930105006353368,1.669939611573246,1.6581978622133513,0.7977871494226307,0.00026532555035345884,1450547.36940069,29010.947384244846,0.00030076642989842594,0.00030000114279622,11080.766021667434,11024.448706814468,4264624.269102877,85292.48537097678,10.95237203523555,0.21904744067625348,4242949.577369198,84858.99153635952,10.896707274957329,0.2179341454708337,"[1.770,2.067]",1.921,"[1.500,2.000]",1.75,0.002,0.0,662,1.325,0.12,-2.7135574774710003,36,1.6664425225289996,0.005,0.0,264,1.3225,0.1,-0.7758164774709999,24,1.6741835225290003,1.3430812991199588,1.3392741284431247,0.8043629212477208,0.7988756311517077,1.376178019686742,1.3555901640567298,0.7965555325781845,0.7968869667226816
26,56,3.4889,28.0,1.3661,396.220623,7.924412461,E04001,1.092825499,0.011937794,0.0089,3.4978000000000002,2.1228,2.1317,1.0,0.0,0.0,396.220623,7.924412461,0.4886921905584123,0.058526203570536534,0.9414737964294635,0.062164453001769114,0.027102072066649274,1.3389979279333508,4.433234524286382,1.0051084019120298,1.733835718686174,1.7455464234066467,3.611775633406647,1.9004672145045405,1.7100699944428264,1.6983592897223536,0.7953844750203678,0.000275748390880954,1436891.877171665,28737.837547059793,0.000300766429898426,0.00030000114279622004,11379.924293012777,11322.086524562535,4508960.693070357,90179.21387278706,11.579874775966758,0.231597495548561,4486044.176422073,89720.88353976354,11.521020771429454,0.23042041545766637,"[1.770,2.067]",1.921,"[1.500,2.000]",1.75,0.002,0.0,669,1.339,0.12,-2.7135574774710003,36,1.6664425225289996,0.005,0.0,267,1.3375000000000001,0.1,-0.7758164774709999,24,1.6741835225290003,1.3567281425926723,1.3542741284431248,0.8012403097042797,0.7970478942693459,1.376178019686742,1.3555901640567298,0.7965555325781845,0.7968869667226816
26,56,3.4889,28.0,1.3809,407.8020642,8.156041284,E04001,1.108380854,0.011868503,0.0089,3.4978000000000002,2.108,2.1169000000000002,1.0,0.0,0.0,407.8020642,8.156041284,0.4886921905584123,0.058526203570536534,0.9414737964294635,0.062164453001769114,0.027102072066649274,1.3537979279333507,4.433234524286382,1.0051084019120298,1.721747548045249,1.7334274164795849,3.640312226479585,1.9079602266503317,1.749931045883751,1.7382511774494152,0.7929592036234554,0.0002858082898395366,1426837.7744709756,28536.755489419516,0.00030076642989842594,0.00030000114279622,11686.927044124866,11627.528952989234,4765952.972748925,95319.0594549785,12.239880178462649,0.24479760356925295,4741730.308574275,94834.6061714855,12.177671736877912,0.24355343473755822,"[1.770,2.067]",1.921,"[1.500,2.000]",1.75,0.002,0.0,676,1.353,0.12,-2.7135574774710003,37,1.7864425225289997,0.005,0.0,270,1.3525,0.1,-0.7758164774709999,25,1.7741835225290004,1.3703715072256415,1.3692741284431247,0.7979841217208464,0.7952082844802878,1.401958510455536,1.408879558508025,0.7898824557664417,0.7902956376394553
26,56,3.4889,28.0,1.3958,419.6777223,8.393554446,E04001,1.107993051,0.011747109,0.0089,3.4978000000000002,2.0931,2.1020000000000003,1.0,0.0,0.0,419.6777223,8.393554446,0.4886921905584123,0.058526203570536534,0.9414737964294635,0.062164453001769114,0.027102072066649274,1.3686979279333507,4.433234524286382,1.0051084019120298,1.7095777005756696,1.7212265243705833,3.669484164370583,1.9155897693323023,1.7900614287533305,1.7784126049584168,0.7904782835349226,0.000295645448495233,1419530.469473021,28390.60938946042,0.00030076642989842594,0.00030000114279622,12006.252192706015,11945.231151054331,5038756.573594241,100775.13147188482,12.940492082460075,0.25880984164920146,5013147.401821489,100262.94803642978,12.874722823770274,0.2574944564754055,"[1.770,2.067]",1.921,"[1.500,2.000]",1.75,0.002,0.0,684,1.369,0.12,-2.7135574774710003,37,1.7864425225289997,0.005,0.0,273,1.3675,0.1,-0.7758164774709999,25,1.7741835225290004,1.3859596675562074,1.3842741284431246,0.7940886028679102,0.7933570237809777,1.401958510455536,1.408879558508025,0.7898824557664417,0.7902956376394553
26,56,3.4889,28.0,1.4106,431.6677971,8.633355941,E04001,1.091116834,0.011351322,0.0089,3.4978000000000002,2.0783,2.0872,1.0,0.0,0.0,431.6677971,8.633355941,0.4886921905584123,0.058526203570536534,0.9414737964294635,0.062164453001769114,0.027102072066649274,1.3834979279333508,4.433234524286382,1.0051084019120298,1.6974895299347446,1.7091075174435209,3.6988998774435213,1.9232524216658409,1.8299224801942557,1.8183044926854794,0.7879747419760151,0.0003051321178134878,1414691.4464240607,28293.828925203947,0.00030076642989842594,0.00030000114279622,12333.951100364582,12271.264549079044,5324169.5010335,106483.39000833605,13.673487152536444,0.27346974301905297,5297109.735532275,105942.19469837424,13.603992491282737,0.2720798497941398,"[1.770,2.067]",1.921,"[1.500,2.000]",1.75,0.002,0.0,691,1.383,0.12,-2.7135574774710003,37,1.7864425225289997,0.005,0.0,276,1.3825,0.1,-0.7758164774709999,25,1.7741835225290004,1.39959558648237,1.3992741284431247,0.7905175408308379,0.7914943338856085,1.401958510455536,1.408879558508025,0.7898824557664417,0.7902956376394553
26,56,3.4889,28.0,1.4255,443.7002557,8.874005113,E04001,1.097587828,0.011291407,0.0089,3.4978000000000002,2.0634,2.0723000000000003,1.0,0.0,0.0,443.7002557,8.874005113,0.4886921905584123,0.058526203570536534,0.9414737964294635,0.062164453001769114,0.027102072066649274,1.3983979279333507,4.433234524286382,1.0051084019120298,1.6853196824651646,1.6969066253345193,3.7289568753345197,1.9310507179601781,1.8700528630638353,1.8584659201944806,0.7854144727879477,0.00031440089544600635,1411256.3358656175,28225.126714131697,0.000300766429898426,0.00030000114279622004,12674.804618176699,12610.385699756629,5623814.050032542,112476.28098797605,14.443031752923538,0.28886063502591947,5595231.35945764,111904.62717654242,14.369625928355973,0.2873925185347336,"[1.770,2.067]",1.921,"[1.500,2.000]",1.75,0.002,0.0,699,1.399,0.12,-2.7135574774710003,38,1.9064425225289998,0.005,0.0,279,1.3975,0.1,-0.7758164774709999,26,1.8741835225290004,1.4151752443966217,1.4142741284431246,0.7862374458063833,0.7896204361734221,1.4274580756992221,1.46216895295932,0.7827025323737853,0.7835646345415013
26,56,3.4889,28.0,1.4403,455.6433471,9.112866942,E04001,1.130269987,0.011368541,0.0089,3.4978000000000002,2.0486000000000004,2.0575000000000006,1.0,0.0,0.0,455.6433471,9.112866942,0.4886921905584123,0.058526203570536534,0.9414737964294635,0.062164453001769114,0.027102072066649274,1.4131979279333506,4.433234524286382,1.0051084019120298,1.6732315118242402,1.6847876184074573,3.759251708407457,1.9388789824038675,1.90991391450476,1.8983578079215429,0.782831571696904,0.000323331787363782,1409212.9660835164,28184.259321670328,0.00030076642989842594,0.00030000114279622,13024.599031608934,12958.402304499776,5934571.897397714,118691.43794795427,15.241117432328137,0.3048223486465627,5904409.799090631,118088.19598181262,15.163655386160114,0.30327310772320226,"[1.770,2.067]",1.921,"[1.500,2.000]",1.75,0.002,0.0,706,1.413,0.12,-2.7135574774710003,38,1.9064425225289998,0.005,0.0,282,1.4125,0.1,-0.7758164774709999,26,1.8741835225290004,1.428803729792925,1.4292741284431247,0.7823062495636591,0.7877355516368696,1.4274580756992221,1.46216895295932,0.7827025323737853,0.7835646345415013
26,56,3.4889,28.0,1.4552,467.4865779,9.349731559,E04001,1.123026895,0.011123314,0.0089,3.4978000000000002,2.0337,2.0426,1.0,0.0,0.0,467.4865779,9.349731559,0.4886921905584123,0.058526203570536534,0.9414737964294635,0.062164453001769114,0.027102072066649274,1.4280979279333508,4.433234524286382,1.0051084019120298,1.66106166435466,1.6725867262984553,3.7901937662984553,1.9468419982881136,1.9500442973743402,1.938519235430545,0.7801908637727659,0.00033204999223136603,1407880.1049158415,28157.602101328426,0.00030076642989842594,0.00030000114279622,13388.438781653995,13320.392861292381,6258915.429459071,125178.30860256987,16.074093752444988,0.32148187508328385,6227104.875009164,124542.09751350369,15.992398155131374,0.31984796313683683,"[1.770,2.067]",1.921,"[1.500,2.000]",1.75,0.002,0.0,714,1.429,0.12,-2.7135574774710003,38,1.9064425225289998,0.005,0.0,285,1.4275,0.1,-0.7758164774709999,27,1.974183522529,1.4443748991883893,1.4442741284431246,0.7775848879086874,0.7858399008306474,1.4274580756992221,1.5154583474106151,0.7827025323737853,0.7767038235398485
26,56,3.4889,28.0,1.47,478.9495813,9.578991625,E04001,1.14625844,0.011170278,0.0089,3.4978000000000002,2.0189000000000004,2.0278000000000005,1.0,0.0,0.0,478.9495813,9.578991625,0.4886921905584123,0.058526203570536534,0.9414737964294635,0.062164453001769114,0.027102072066649274,1.4428979279333507,4.433234524286382,1.0051084019120298,1.6489734937137352,1.6604677193713935,3.821367719371393,1.9548318903095971,1.9899053488152647,1.9784111231576065,0.7775275282876326,0.00034044300209672504,1406842.197813551,28136.84395333367,0.000300766429898426,0.00030000114279622004,13761.827312981146,13691.883668270862,6591221.429475224,131824.42857574267,16.927519215524182,0.3385503842751407,6557721.950126638,131154.43898884088,16.841486135547928,0.3368297226757952,"[1.770,2.067]",1.921,"[1.500,2.000]",1.75,0.002,0.0,721,1.443,0.12,-2.7135574774710003,39,2.026442522529,0.005,0.0,288,1.4425000000000001,0.1,-0.7758164774709999,27,1.974183522529,1.4579959631985986,1.4592741284431248,0.7732390894478098,0.7839337038216202,1.4526857036435823,1.5154583474106151,0.7749582439850624,0.7767038235398485
26,56,3.4889,28.0,1.4849,490.0108736,9.800217472,E04001,1.183647203,0.011285464,0.0089,3.4978000000000002,2.004,2.0129,1.0,0.0,0.0,490.0108736,9.800217472,0.4886921905584123,0.058526203570536534,0.9414737964294635,0.062164453001769114,0.027102072066649274,1.4577979279333508,4.433234524286382,1.0051084019120298,1.6368036462441553,1.6482668272623913,3.853194837262391,1.9629556381289903,2.030035731684845,2.018572550666609,0.7748053074406126,0.00034862882937325857,1405537.4435926843,28110.748871853688,0.0003007664298984259,0.00030000114279621993,14150.214805791402,14078.297205429064,6933759.118613499,138675.18237226998,17.807221616205183,0.35614443232410364,6898518.712432735,137970.3742486547,17.716717502639806,0.3543343500527961,"[1.770,2.067]",1.921,"[1.500,2.000]",1.75,0.002,0.0,728,1.457,0.12,-2.7135574774710003,39,2.026442522529,0.005,0.0,291,1.4575,0.1,-0.7758164774709999,27,1.974183522529,1.4716135680418745,1.4742741284431247,0.7686779982102697,0.7820171801396419,1.4526857036435823,1.5154583474106151,0.7749582439850624,0.7767038235398485
26,56,3.4889,28.0,1.4997,500.3443218,10.00688644,E04001,1.175190712,0.011092361,0.0089,3.4978000000000002,1.9892,1.9981,1.0,0.0,0.0,500.3443218,10.00688644,0.4886921905584123,0.058526203570536534,0.9414737964294635,0.062164453001769114,0.027102072066649274,1.4725979279333508,4.433234524286382,1.0051084019120298,1.6247154756032303,1.636147820335329,3.8852479103353295,1.9711032216338467,2.06989678312577,2.0584644383936714,0.7720604788971457,0.00035650218019183733,1403481.80067443,28069.636024708732,0.00030076642989842605,0.0003000011427962201,14548.802865615806,14474.859465844125,7279410.902798437,145588.21811416396,18.694921609488006,0.3738984323392166,7242413.742588089,144848.27490966124,18.599905815058783,0.3719981164498726,"[1.770,2.067]",1.921,"[1.500,2.000]",1.75,0.002,0.0,736,1.473,0.12,-2.7135574774710003,39,2.026442522529,0.005,0.0,294,1.4725,0.1,-0.7758164774709999,28,2.074183522529,1.4871723126698697,1.4892741284431246,0.7631813999040348,0.7800905487292875,1.4526857036435823,1.5687477418619102,0.7749582439850624,0.7697229763312599
26,56,3.4889,28.0,1.5146,509.8737057,10.19747411,E04001,1.198335967,0.011120401,0.0089,3.4978000000000002,1.9743000000000002,1.9832,1.0,0.0,0.0,509.8737057,10.19747411,0.4886921905584123,0.058526203570536534,0.9414737964294635,0.062164453001769114,0.027102072066649274,1.4874979279333507,4.433234524286382,1.0051084019120298,1.6125456281336508,1.6239469282263275,3.9179600882263275,1.9793837647677945,2.110027165995349,2.0986258659026724,0.7692556881188841,0.0003641741000435074,1400082.2838282187,28001.645665580618,0.00030076642989842594,0.00030000114279622,14963.411171424797,14887.360550324443,7629449.90388714,152588.99801788916,19.593888816175166,0.39187777616978775,7590673.691885916,151813.47377816887,19.494304075959846,0.3898860813662625,"[1.770,2.067]",1.921,"[1.500,2.000]",1.75,0.002,0.0,743,1.487,0.12,-2.7135574774710003,40,2.146442522528999,0.005,0.0,297,1.4875,0.1,-0.7758164774709999,28,2.074183522529,1.5007825138782138,1.5042741284431247,0.7581038225767804,0.7781540279025028,1.477649913200874,1.5687477418619102,0.7665828706894007,0.7697229763312599
26,56,3.4889,28.0,1.5294,518.2267153,10.36453431,E04001,1.229191744,0.011192013,0.0089,3.4978000000000002,1.9595,1.9684,1.0,0.0,0.0,518.2267153,10.36453431,0.4886921905584123,0.058526203570536534,0.9414737964294635,0.062164453001769114,0.027102072066649274,1.5022979279333508,4.433234524286382,1.0051084019120298,1.6004574574927257,1.611827921299265,3.9508922812992653,1.9876851564820988,2.149888217436274,2.138517753629735,0.7664283257951023,0.0003715462356121813,1394783.9208924817,27895.67842861545,0.00030076642989842594,0.00030000114279622,15388.919167850423,15310.705928411202,7974949.032372334,159498.98070900235,20.481196760379014,0.409623935365667,7934416.842204775,158688.3369053383,20.377102331865288,0.407542046794589,"[1.770,2.067]",1.921,"[1.500,2.000]",1.75,0.002,0.0,751,1.5030000000000001,0.12,-2.7135574774710003,40,2.146442522528999,0.005,0.0,300,1.5025,0.1,-0.7758164774709999,29,2.1741835225290003,1.5163328041066109,1.5192741284431246,0.7519684708768325,0.7762078352921831,1.477649913200874,1.6220371363132053,0.7665828706894007,0.7626317441869568
26,56,3.4889,28.0,1.5443,525.2181614,10.50436323,E04001,1.231869055,0.01108111,0.0089,3.4978000000000002,1.9446,1.9535,1.0,0.0,0.0,525.2181614,10.50436323,0.4886921905584123,0.058526203570536534,0.9414737964294635,0.062164453001769114,0.027102072066649274,1.5171979279333507,4.433234524286382,1.0051084019120298,1.5882876100231458,1.5996270291902634,3.9844895191902636,1.9961186135072895,2.190018600305854,2.1786791811387367,0.7635399270394458,0.0003787228899562108,1386813.8824688613,27736.27765465813,0.000300766429898426,0.00030000114279622004,15831.54153087111,15751.07869037268,8315013.134971866,166300.2627311004,21.354546516999445,0.42709093042130575,8272752.589824258,165455.05182798734,21.246013341821076,0.4249202669173251,"[1.770,2.067]",1.921,"[1.500,2.000]",1.75,0.002,0.0,758,1.5170000000000001,0.12,-2.7135574774710003,40,2.146442522528999,0.005,0.0,303,1.5175,0.1,-0.7758164774709999,29,2.1741835225290003,1.5299356137425661,1.5342741284431247,0.7462848749374984,0.7742521878066893,1.477649913200874,1.6220371363132053,0.7665828706894007,0.7626317441869568
26,56,3.4889,28.0,1.5591,521.6988124,10.43397625,E04001,1.257430503,0.011251703,0.0089,3.4978000000000002,1.9298000000000002,1.9387,1.0,0.0,0.0,521.6988124,10.43397625,0.4886921905584123,0.058526203570536534,0.9414737964294635,0.062164453001769114,0.027102072066649274,1.5319979279333507,4.433234524286382,1.0051084019120298,1.5761994393822212,1.5875080222632012,4.018300832263201,2.0045699868708002,2.2298796517467787,2.2185710688657987,0.7606290099544196,0.0003856123766305262,1352909.9272139408,27058.198549465375,0.00030076642989842594,0.00030000114279622,16285.81380191523,16203.04215041336,8496289.719426705,169925.79442110573,21.820099510403914,0.4364019902917285,8453107.84713779,169062.15697516192,21.7092001906414,0.4341840038960531,"[1.770,2.067]",1.921,"[1.500,2.000]",1.75,0.002,0.0,765,1.5310000000000001,0.12,-2.7135574774710003,41,2.2664425225289992,0.005,0.0,306,1.5325,0.1,-0.7758164774709999,29,2.1741835225290003,1.543534978096929,1.5492741284431246,0.740281859324906,0.7722873015853066,1.502358787576528,1.6220371363132053,0.7574985878605119,0.7626317441869568
26,56,3.4889,28.0,1.574,535.8294708,10.71658942,E04001,1.291455655,0.011570845,0.0089,3.4978000000000002,1.9149,1.9238,1.0,0.0,0.0,535.8294708,10.71658942,0.4886921905584123,0.058526203570536534,0.9414737964294635,0.062164453001769114,0.027102072066649274,1.5468979279333508,4.433234524286382,1.0051084019120298,1.5640295919126412,1.5753071301541994,4.0527831301542,2.0131525352427224,2.270010034616359,2.258732496374801,0.7576559859752963,0.00039231248456831984,1365823.143226244,27316.462874720837,0.000300766429898426,0.00030000114279622004,16758.373031397365,16673.199626545465,8979630.152882641,179592.6031246863,23.061410330030945,0.46122820677277376,8933991.732434614,178679.83471538508,22.94420212403055,0.4588840426518909,"[1.770,2.067]",1.921,"[1.500,2.000]",1.75,0.002,0.0,773,1.547,0.12,-2.7135574774710003,41,2.2664425225289992,0.005,0.0,309,1.5475,0.1,-0.7758164774709999,30,2.2741835225290004,1.5590728934317752,1.5642741284431247,0.7329954468730898,0.770313391954655,1.502358787576528,1.6753265307645004,0.7574985878605119,0.7554396338448527
26,56,3.4889,28.0,1.5888,550.0692935,11.00138587,E04001,1.292564425,0.011889411,0.0089,3.4978000000000002,1.9001000000000001,1.909,1.0,0.0,0.0,550.0692935,11.00138587,0.4886921905584123,0.058526203570536534,0.9414737964294635,0.062164453001769114,0.027102072066649274,1.5616979279333507,4.433234524286382,1.0051084019120298,1.5519414212717164,1.5631881232271374,4.087473563227137,2.021750123835074,2.3098710860572838,2.2986243841018625,0.7546605147411591,0.0003987379216031302,1379525.908367181,27590.51816734362,0.000300766429898426,0.00030000114279622004,17243.3875894669,17155.74912782004,9485058.028884726,189701.1605776945,24.359445933087304,0.4871889186617461,9436850.80220321,188737.01604406422,24.23564054061038,0.4847128108122077,"[1.770,2.067]",1.921,"[1.500,2.000]",1.75,0.002,0.0,780,1.561,0.12,-2.7135574774710003,41,2.2664425225289992,0.005,0.0,312,1.5625,0.1,-0.7758164774709999,30,2.2741835225290004,1.5726648838463149,1.5792741284431246,0.7262132130055742,0.7683306733860564,1.502358787576528,1.6753265307645004,0.7574985878605119,0.7554396338448527
26,56,3.4889,28.0,1.6186,578.766432,11.57532864,E04001,1.283764847,0.014098952,0.0089,3.4978000000000002,1.8703,1.8792,1.0,0.0,0.0,578.766432,11.57532864,0.4886921905584123,0.058526203570536534,0.9414737964294635,0.062164453001769114,0.027102072066649274,1.5914979279333508,4.433234524286382,1.0051084019120298,1.5276017263325568,1.5387863390091339,4.158652299009134,2.039277396287502,2.3901318517964434,2.3789472391198663,0.7484999062218264,0.00041099979994157983,1408191.5175682977,28163.830351365952,0.000300766429898426,0.00030000114279622004,18269.38258360206,18176.52956521704,10573705.372754306,211474.1074550861,27.15530084851667,0.5431060169703333,10519965.162603177,210399.30325206355,27.017285694616437,0.5403457138923288,"[1.770,2.067]",1.921,"[1.500,2.000]",1.75,0.002,0.0,795,1.591,0.12,-2.7135574774710003,42,2.3864425225289994,0.005,0.0,318,1.5925,0.1,-0.7758164774709999,31,2.3741835225290004,1.6017790071295508,1.6092741284431247,0.7102320896394917,0.7643396627947476,1.5268200048436302,1.7286159252157955,0.7476140687574221,0.7481559853417287
26,56,3.4889,28.0,1.6334,593.0100644,11.86020129,E04001,1.295087632,0.013220686,0.0089,3.4978000000000002,1.8555000000000001,1.8644,1.0,0.0,0.0,593.0100644,11.86020129,0.4886921905584123,0.058526203570536534,0.9414737964294635,0.062164453001769114,0.027102072066649274,1.6062979279333507,4.433234524286382,1.0051084019120298,1.515513555691632,1.5266673320820716,4.194662892082071,2.048087618262967,2.429992903237368,2.4188391268469287,0.7453756362514141,0.0004167631912470829,1422894.5282464428,28457.89056972774,0.00030076642989842594,0.00030000114279622,18804.59735402012,18709.02413933453,11151315.487923542,223026.30979608,28.638714268658262,0.5727742854697527,11094639.609727927,221892.79223197652,28.493159756876462,0.5698631952336258,"[1.770,2.067]",1.921,"[1.500,2.000]",1.75,0.002,0.0,803,1.607,0.12,-2.7135574774710003,42,2.3864425225289994,0.005,0.0,321,1.6075,0.1,-0.7758164774709999,31,2.3741835225290004,1.6173000951228715,1.6242741284431246,0.7007903313116883,0.7623317950679768,1.5268200048436302,1.7286159252157955,0.7476140687574221,0.7481559853417287
26,56,3.4889,28.0,1.6483,607.2839928,12.14567986,E04001,1.302520747,0.012662939,0.0089,3.4978000000000002,1.8406,1.8495,1.0,0.0,0.0,607.2839928,12.14567986,0.4886921905584123,0.058526203570536534,0.9414737964294635,0.062164453001769114,0.027102072066649274,1.6211979279333508,4.433234524286382,1.0051084019120298,1.503343708222052,1.5144664399730698,4.2313593299730705,2.0570268180004536,2.470123286106948,2.4590005543559306,0.7421866050988498,0.00042235287402844665,1437859.264476315,28757.18529899705,0.00030076642989842594,0.00030000114279622,19361.418019358578,19263.014797734373,11757879.241065944,235157.58489876456,30.196486177343168,0.6039297237457587,11698120.539733613,233962.41087172434,30.043014385214597,0.6008602879021764,"[1.770,2.067]",1.921,"[1.500,2.000]",1.75,0.002,0.0,810,1.621,0.12,-2.7135574774710003,43,2.5064425225289995,0.005,0.0,324,1.6225,0.1,-0.7758164774709999,32,2.474183522529,1.6308773735715008,1.6392741284431247,0.6919299852424523,0.7603159669166366,1.5510408658130275,1.7819053196670904,0.7368214366473391,0.7407899518029758
26,56,3.4889,28.0,1.6631,621.3314851,12.4266297,E04001,1.282729137,0.012296174,0.0089,3.4978000000000002,1.8258,1.8347,1.0,0.0,0.0,621.3314851,12.4266297,0.4886921905584123,0.058526203570536534,0.9414737964294635,0.062164453001769114,0.027102072066649274,1.6359979279333507,4.433234524286382,1.0051084019120298,1.4912555375811272,1.5023474330460078,4.2682490430460085,2.0659741148054125,2.5099843375478734,2.4988924420829925,0.7389753880443026,0.00042769837541404177,1452732.8622618872,29054.657240561548,0.000300766429898426,0.00030000114279622004,19932.981401439174,19831.673243921177,12384988.936626881,247699.77869267165,31.80702400184688,0.6361404799345541,12322042.98866348,246440.85973360622,31.64536674983514,0.6329073348948396,"[1.770,2.067]",1.921,"[1.500,2.000]",1.75,0.002,0.0,817,1.635,0.12,-2.7135574774710003,43,2.5064425225289995,0.005,0.0,327,1.6375,0.1,-0.7758164774709999,32,2.474183522529,1.6444512260966633,1.6542741284431246,0.6824503364369131,0.7582923879298494,1.5510408658130275,1.7819053196670904,0.7368214366473391,0.7407899518029758
26,56,3.4889,28.0,1.678,635.4810213,12.70962043,E04001,1.301376394,0.012305639,0.0089,3.4978000000000002,1.8109000000000002,1.8198,1.0,0.0,0.0,635.4810213,12.70962043,0.4886921905584123,0.058526203570536534,0.9414737964294635,0.062164453001769114,0.027102072066649274,1.6508979279333507,4.433234524286382,1.0051084019120298,1.4790856901115474,1.490146540937006,4.305830540937006,2.075049527345554,2.550114720417453,2.5390538695919944,0.7356983613286847,0.0004328765002975455,1468042.3189135715,29360.84638751194,0.00030076642989842594,0.00030000114279622,20527.650316324507,20423.319790456942,13044932.187907165,260898.6438402539,33.50188468688564,0.6700376939485885,12978632.11877608,259572.64245721485,33.33161340921497,0.6666322683941034,"[2.067,2.357]",2.213,"[1.050,1.500]",1.25,0.002,0.0,825,1.651,0.12,-3.920685477471,53,2.499314522529,0.005,0.0,330,1.6525,0.1,-0.2758164774709999,28,2.574183522529,1.6711725784915856,1.6644815203165177,0.7756038514475156,0.7143411435365703,1.7814114527498037,1.5687477418619102,0.7389928223905589,0.7304043717187915
26,56,3.4889,28.0,1.6928,649.3363731,12.98672746,E04001,1.267447865,0.011904462,0.0089,3.4978000000000002,1.7961,1.805,1.0,0.0,0.0,649.3363731,12.98672746,0.4886921905584123,0.058526203570536534,0.9414737964294635,0.062164453001769114,0.027102072066649274,1.6656979279333508,4.433234524286382,1.0051084019120298,1.4669975194706224,1.4780275340099438,4.343599374009944,2.0841303639671738,2.589975771858378,2.5789457573190564,0.7323992887488358,0.00043782223896251474,1483105.048840597,29662.100972243876,0.00030076642989842594,0.00030000114279622,21138.099170757287,21030.666075963574,13725736.649767652,274514.7329530769,35.25032095677371,0.705006419026901,13655976.433643395,273119.5286308066,35.07116335881444,0.7014232670682672,"[2.067,2.357]",2.213,"[1.050,1.500]",1.25,0.002,0.0,832,1.665,0.12,-3.920685477471,54,2.619314522529,0.005,0.0,333,1.6675,0.1,-0.2758164774709999,28,2.574183522529,1.6847362735911915,1.6794815203165177,0.7717753287692685,0.7118043732413426,1.8033840760270148,1.5687477418619102,0.7298720127439124,0.7304043717187915
26,56,3.4889,28.0,1.7077,663.081748,13.26163496,E04001,1.274352676,0.011763255,0.0089,3.4978000000000002,1.7812000000000001,1.7901,1.0,0.0,0.0,663.081748,13.26163496,0.4886921905584123,0.058526203570536534,0.9414737964294635,0.062164453001769114,0.027102072066649274,1.6805979279333507,4.433234524286382,1.0051084019120298,1.4548276720010427,1.4658266419009423,4.382065931900942,2.0933384656813008,2.6301061547279576,2.6191071848280583,0.7290333670060437,0.0004426069258683746,1498127.8178127552,29962.556356255107,0.000300766429898426,0.00030000114279622004,21773.264178452635,21662.602896397137,14437454.071114156,288749.08142228314,37.07814762816889,0.7415629525633778,14364076.594772875,287281.53189545753,36.889700213066256,0.7377940042613251,"[2.067,2.357]",2.213,"[1.050,1.500]",1.25,0.002,0.0,840,1.681,0.12,-3.920685477471,54,2.619314522529,0.005,0.0,336,1.6825,0.1,-0.2758164774709999,28,2.574183522529,1.7002334571363136,1.6944815203165178,0.7671978944630764,0.7092630397489119,1.8033840760270148,1.5687477418619102,0.7298720127439124,0.7304043717187915
26,56,3.4889,28.0,1.7225,676.5819096,13.53163819,E04001,1.290309403,0.01172068,0.0089,3.4978000000000002,1.7664000000000002,1.7753,1.0,0.0,0.0,676.5819096,13.53163819,0.4886921905584123,0.058526203570536534,0.9414737964294635,0.062164453001769114,0.027102072066649274,1.6953979279333506,4.433234524286382,1.0051084019120298,1.4427395013601179,1.45370763497388,4.42071388497388,2.102549377535253,2.669967206168882,2.65899907255512,0.7256455610103303,0.0004471707586403559,1513028.069315578,30260.561381838997,0.00030076642989842594,0.00030000114279622,22425.325630705825,22311.350286243614,15172569.638624772,303451.3927276448,38.96606522095679,0.7793213043039509,15095455.982421212,301909.1196038015,38.76802258028207,0.7753604514910417,"[2.067,2.357]",2.213,"[1.050,1.500]",1.25,0.002,0.0,847,1.695,0.12,-3.920685477471,54,2.619314522529,0.005,0.0,339,1.6975,0.1,-0.2758164774709999,29,2.6741835225290003,1.7137898361353479,1.7094815203165177,0.7630041409282424,0.706717432918313,1.8033840760270148,1.6220371363132053,0.7298720127439124,0.7214919594248991
26,56,3.4889,28.0,1.7374,689.9498296,13.79899659,E04001,1.276904439,0.011450108,0.0089,3.4978000000000002,1.7515,1.7604,1.0,0.0,0.0,689.9498296,13.79899659,0.4886921905584123,0.058526203570536534,0.9414737964294635,0.062164453001769114,0.027102072066649274,1.7102979279333508,4.433234524286382,1.0051084019120298,1.430569653890538,1.4415067428648782,4.460065502864879,2.111886716390081,2.710097589038462,2.6991605000641217,0.7221898765932465,0.0004515798307684098,1527857.9391510445,30557.15877859199,0.00030076642989842594,0.00030000114279622,23103.834057737255,22986.41023573831,15940486.371242497,318809.72737864224,40.938222488982916,0.818764449660988,15859469.825263344,317189.396459294,40.730156479744515,0.8146031294768232,"[2.067,2.357]",2.213,"[1.050,1.500]",1.25,0.002,0.0,855,1.711,0.12,-3.920685477471,55,2.7393145225290003,0.005,0.0,342,1.7125000000000001,0.1,-0.2758164774709999,29,2.6741835225290003,1.7292786651847933,1.7244815203165178,0.7579804783021441,0.7041678392886552,1.8251819973771966,1.6220371363132053,0.7200484825260454,0.7214919594248991
26,56,3.4889,28.0,1.7522,703.0123012,14.06024602,E04001,1.320033801,0.011649867,0.0089,3.4978000000000002,1.7367000000000001,1.7456,1.0,0.0,0.0,703.0123012,14.06024602,0.4886921905584123,0.058526203570536534,0.9414737964294635,0.062164453001769114,0.027102072066649274,1.7250979279333507,4.433234524286382,1.0051084019120298,1.418481483249613,1.429387735937816,4.4995925759378155,2.1212243106135227,2.7499586404793868,2.739052387791184,0.718712491957949,0.00045577929707282843,1542440.1804008805,30848.80359924143,0.00030076642989842605,0.0003000011427962201,23800.441645032777,23679.47735762323,16732003.250450807,334640.06491381436,42.97098945419123,0.8594197888393283,16646963.868396003,332939.2772732021,42.752592031314244,0.855051840383031,"[2.067,2.357]",2.213,"[1.050,1.500]",1.25,0.002,0.0,862,1.725,0.12,-3.920685477471,55,2.7393145225290003,0.005,0.0,345,1.7275,0.1,-0.2758164774709999,30,2.7741835225290004,1.742827739909167,1.7394815203165177,0.753368722805034,0.7016145420482869,1.8251819973771966,1.6753265307645004,0.7200484825260454,0.712507526218567
26,56,3.4889,28.0,1.7671,715.985049,14.31970098,E04001,1.290529741,0.011285152,0.0089,3.4978000000000002,1.7218000000000002,1.7307000000000001,1.0,0.0,0.0,715.985049,14.31970098,0.4886921905584123,0.058526203570536534,0.9414737964294635,0.062164453001769114,0.027102072066649274,1.7399979279333506,4.433234524286382,1.0051084019120298,1.4063116357800334,1.4171868438288144,4.539829253828814,2.1306875073151423,2.7900890233489664,2.7792138153001855,0.7151662111878528,0.0004598302368949877,1557063.8717338433,31141.277434676867,0.000300766429898426,0.00030000114279622004,24525.357361642324,24400.708734488184,17559789.19231799,351195.7838463598,45.096902319845505,0.9019380463969102,17470542.63889725,349410.852777945,44.86770007499403,0.8973540014998806,"[2.067,2.357]",2.213,"[1.050,1.500]",1.25,0.002,0.0,869,1.739,0.12,-3.920685477471,55,2.7393145225290003,0.005,0.0,347,1.7375,0.1,-0.2758164774709999,30,2.7741835225290004,1.7563734100101627,1.7494815203165177,0.7485409153054611,0.6999104246436924,1.8251819973771966,1.6753265307645004,0.7200484825260454,0.712507526218567
26,56,3.4889,28.0,1.7819,728.6552718,14.57310544,E04001,1.303771532,0.011349674,0.0089,3.4978000000000002,1.707,1.7159,1.0,0.0,0.0,728.6552718,14.57310544,0.4886921905584123,0.058526203570536534,0.9414737964294635,0.062164453001769114,0.027102072066649274,1.7547979279333508,4.433234524286382,1.0051084019120298,1.3942234651391086,1.4050678369017522,4.580235446901753,2.140148463752399,2.829950074789891,2.8191057030272475,0.7115984375130691,0.00046368251825351035,1571452.972918898,31429.059467004554,0.0003007664298984259,0.00030000114279621993,25269.66882502147,25141.23728042734,18412877.405992005,368257.5482209188,47.28779626628873,0.945755925585364,18319295.08395808,366385.9017797265,47.04745893709832,0.9409491790002363,"[2.067,2.357]",2.213,"[1.050,1.500]",1.25,0.002,0.0,877,1.7550000000000001,0.12,-3.920685477471,56,2.8593145225289995,0.005,0.0,350,1.7525,0.1,-0.2758164774709999,30,2.7741835225290004,1.771850010203849,1.7644815203165176,0.7427394564665014,0.6973515748357113,1.8468093188065735,1.6753265307645004,0.7094391169910925,0.712507526218567
26,56,3.4889,28.0,1.7968,741.2066758,14.82413352,E04001,1.303280221,0.011197956,0.0089,3.4978000000000002,1.6921000000000002,1.701,1.0,0.0,0.0,741.2066758,14.82413352,0.4886921905584123,0.058526203570536534,0.9414737964294635,0.062164453001769114,0.027102072066649274,1.7696979279333507,4.433234524286382,1.0051084019120298,1.3820536176695286,1.3928669447927504,4.62135718479275,2.1497342125929775,2.870080457659471,2.8592671305362494,0.7079607628705984,0.0004673924298607823,1585833.7201156127,31716.674410870375,0.00030076642989842594,0.00030000114279622,26044.291060107273,25911.922545431822,19304202.400229767,386084.04810877255,49.576889589684775,0.9915377920612426,19206089.973486595,384121.7995733796,49.32491808383461,0.9864983619428794,"[2.067,2.357]",2.213,"[1.050,1.500]",1.25,0.002,0.0,884,1.7690000000000001,0.12,-3.920685477471,56,2.8593145225289995,0.005,0.0,353,1.7675,0.1,-0.2758164774709999,31,2.8741835225290004,1.7853883933173051,1.7794815203165177,0.7373960367197371,0.6947897599938719,1.8468093188065735,1.7286159252157955,0.7094391169910925,0.7034644394333973
26,56,3.4889,28.0,1.8116,753.4357039,15.06871408,E04001,1.27947215,0.010923294,0.0089,3.4978000000000002,1.6773,1.6862,1.0,0.0,0.0,753.4357039,15.06871408,0.4886921905584123,0.058526203570536534,0.9414737964294635,0.062164453001769114,0.027102072066649274,1.7844979279333508,4.433234524286382,1.0051084019120298,1.3699654470286036,1.3807479378656884,4.662642497865689,2.159315284497771,2.909941509100397,2.899159018263312,0.7043018267750147,0.00047091431548226787,1599942.238172138,31998.844767689818,0.000300766429898426,0.00030000114279622004,26839.707983562777,26703.29681107558,20221994.27706607,404439.8855950008,51.93395493747047,1.0386790988872685,20119217.229303356,402384.34463947365,51.67000379130837,1.0334000759633255,"[2.067,2.357]",2.213,"[1.050,1.500]",1.25,0.002,0.0,892,1.7850000000000001,0.12,-3.920685477471,56,2.8593145225289995,0.005,0.0,356,1.7825,0.1,-0.2758164774709999,31,2.8741835225290004,1.800856672242567,1.7944815203165176,0.7309592919033034,0.6922252507922638,1.8468093188065735,1.7286159252157955,0.7094391169910925,0.7034644394333973
26,56,3.4889,28.0,1.8265,765.6290664,15.31258133,E04001,1.279993202,0.010827698,0.0089,3.4978000000000002,1.6624,1.6713,1.0,0.0,0.0,765.6290664,15.31258133,0.4886921905584123,0.058526203570536534,0.9414737964294635,0.062164453001769114,0.027102072066649274,1.7993979279333507,4.433234524286382,1.0051084019120298,1.357795599559024,1.3685470457566864,4.7046492957566866,2.1690203539286315,2.9500718919699764,2.939320445772314,0.7005719991275888,0.0004742998928431191,1614229.8953738997,32284.597911694735,0.0003007664298984259,0.00030000114279621993,27667.59211155207,27526.97326867398,21183112.717903618,423662.25441340747,54.40229120105243,1.0880458241631599,21075450.84451262,421509.01694530627,54.12579488696174,1.0825158978806237,"[2.067,2.357]",2.213,"[1.050,1.500]",1.25,0.002,0.0,899,1.799,0.12,-3.920685477471,57,2.9793145225289996,0.005,0.0,359,1.7975,0.1,-0.2758164774709999,32,2.974183522529,1.8143877801161068,1.8094815203165178,0.7250155181754148,0.6896583144392282,1.8682699842653396,1.7819053196670904,0.697947093667111,0.6943755450722408
26,56,3.4889,28.0,1.8413,777.4390364,15.54878073,E04001,1.324862725,0.011344941,0.0089,3.4978000000000002,1.6476000000000002,1.6565,1.0,0.0,0.0,777.4390364,15.54878073,0.4886921905584123,0.058526203570536534,0.9414737964294635,0.062164453001769114,0.027102072066649274,1.8141979279333507,4.433234524286382,1.0051084019120298,1.345707428918099,1.3564280388296246,4.746813728829624,2.1787183684059817,2.9899329434109,2.9792123334993748,0.6968211664778116,0.0004775077508648686,1628118.1509449673,32562.36302308776,0.00030076642989842594,0.00030000114279622,28517.781639326262,28372.84176022859,22170836.67794342,443416.733615904,56.93895553437898,1.138779110834058,22058154.758001797,441163.0952167816,56.64956677912882,1.1329913357283101,"[2.067,2.357]",2.213,"[1.050,1.500]",1.25,0.002,0.0,907,1.815,0.12,-3.920685477471,57,2.9793145225289996,0.005,0.0,362,1.8125,0.1,-0.2758164774709999,32,2.974183522529,1.8298477511807647,1.8244815203165177,0.7178360904988603,0.6870892146586702,1.8682699842653396,1.7819053196670904,0.697947093667111,0.6943755450722408
26,56,3.4889,28.0,1.8562,789.222942,15.78445884,E04001,1.31775186,0.011859767,0.0089,3.4978000000000002,1.6327,1.6416,1.0,0.0,0.0,789.222942,15.78445884,0.4886921905584123,0.058526203570536534,0.9414737964294635,0.062164453001769114,0.027102072066649274,1.8290979279333508,4.433234524286382,1.0051084019120298,1.333537581448519,1.3442271467206226,4.789705586720623,2.1885396013599165,3.030063326280481,3.019373761008378,0.6929984673401087,0.00048058525154947337,1642212.1558150942,32844.243116301885,0.00030076642989842594,0.00030000114279622,29402.762188068507,29253.324449517364,23205334.476993784,464106.68953987566,59.59574404607016,1.191914880921403,23087394.785328623,461747.89570657245,59.29285232587893,1.1858570465175786,"[2.067,2.357]",2.213,"[1.050,1.500]",1.25,0.002,0.0,914,1.829,0.12,-3.920685477471,57,2.9793145225289996,0.005,0.0,365,1.8275000000000001,0.1,-0.2758164774709999,32,2.974183522529,1.8433715955304777,1.8394815203165178,0.7111875007530061,0.6845182116733833,1.8682699842653396,1.7819053196670904,0.697947093667111,0.6943755450722408
26,56,3.4889,28.0,1.871,800.7640151,16.0152803,E04001,1.273783513,0.013237358,0.0089,3.4978000000000002,1.6179000000000001,1.6268,1.0,0.0,0.0,800.7640151,16.0152803,0.4886921905584123,0.058526203570536534,0.9414737964294635,0.062164453001769114,0.027102072066649274,1.8438979279333507,4.433234524286382,1.0051084019120298,1.3214494108075943,1.3321081397935606,4.8327491397935605,2.1983514595700027,3.0699243777214056,3.0592656487354395,0.6891550455110222,0.0004834950054875594,1656199.145826759,33123.982912398635,0.00030076642989842605,0.0003000011427962201,30311.681085156626,30157.62382196224,24272503.450180747,485450.06894299155,62.336438391286805,1.2467287676700436,24149139.937549893,482982.79869068257,62.01961725989301,1.240392345042959,"[2.067,2.357]",2.213,"[1.050,1.500]",1.25,0.002,0.0,921,1.843,0.12,-3.920685477471,58,3.0993145225289997,0.005,0.0,368,1.8425,0.1,-0.2758164774709999,33,3.074183522529,1.8568920542363898,1.8544815203165177,0.7041672704324913,0.6819455621903459,1.8895677880446522,1.8351947141183855,0.6854589388130368,0.685253150307115
26,56,3.4889,28.0,1.8859,812.2089988,16.24417998,E04001,1.280458603,0.012028924,0.0089,3.4978000000000002,1.6030000000000002,1.6119,1.0,0.0,0.0,812.2089988,16.24417998,0.4886921905584123,0.058526203570536534,0.9414737964294635,0.062164453001769114,0.027102072066649274,1.8587979279333506,4.433234524286382,1.0051084019120298,1.3092795633380145,1.3199072476845588,4.876526057684559,2.2082857735548083,3.1100547605909856,3.0994270762444414,0.6852387993347951,0.0004862802294163494,1670248.8599522992,33404.97720727169,0.000300766429898426,0.00030000114279622004,31257.89725084644,31099.030901924772,25387945.43070326,507758.9087390967,65.20110706630058,1.3040221416471165,25258912.75250258,505178.25517444767,64.8697264317637,1.297394528954747,"[2.067,2.357]",2.213,"[1.050,1.500]",1.25,0.002,0.0,929,1.859,0.12,-3.920685477471,58,3.0993145225289997,0.005,0.0,371,1.8575,0.1,-0.2758164774709999,33,3.074183522529,1.872339864616933,1.8694815203165176,0.6956485779975168,0.6793715193879455,1.8895677880446522,1.8351947141183855,0.6854589388130368,0.685253150307115
26,56,3.4889,28.0,1.9007,823.4410484,16.46882097,E04001,1.29942514,0.011366934,0.0089,3.4978000000000002,1.5882,1.5971,1.0,0.0,0.0,823.4410484,16.46882097,0.4886921905584123,0.058526203570536534,0.9414737964294635,0.062164453001769114,0.027102072066649274,1.8735979279333508,4.433234524286382,1.0051084019120298,1.2971913926970897,1.3077882407574966,4.920448730757497,2.2182084507001356,3.149915812031911,3.1393189639715042,0.6813021394971017,0.0004889073393902663,1684247.672425909,33684.953452608934,0.0003007664298984259,0.00030000114279621993,32229.81861139883,32066.012531670873,26539355.627112087,530787.1126067013,68.15814900961952,1.363162980357935,26404470.9770866,528089.4196058641,67.81173939045922,1.356234787973888,"[2.067,2.357]",2.213,"[1.050,1.500]",1.25,0.002,0.0,936,1.873,0.12,-3.920685477471,58,3.0993145225289997,0.005,0.0,374,1.8725,0.1,-0.2758164774709999,34,3.1741835225290003,1.8858530769258195,1.8844815203165177,0.6877213685082011,0.676796332905094,1.8895677880446522,1.8884841085696809,0.6854589388130368,0.6761090103669901
26,56,3.4889,28.0,1.9156,834.6353968,16.69270794,E04001,1.28199691,0.01104674,0.0089,3.4978000000000002,1.5733000000000001,1.5822,1.0,0.0,0.0,834.6353968,16.69270794,0.4886921905584123,0.058526203570536534,0.9414737964294635,0.062164453001769114,0.027102072066649274,1.8884979279333507,4.433234524286382,1.0051084019120298,1.2850215452275098,1.2955873486484948,4.965110708648495,2.2282528376843804,3.19004619490149,3.179480391480505,0.6772917159863052,0.0004914156121741373,1698430.7704579802,33968.61541729935,0.000300766429898426,0.00030000114279622004,33241.74260973548,33072.793488243966,27744735.033400036,554894.7008009676,71.25379422200635,1.4250758847816114,27603724.11634496,552074.4824591903,70.89165117559399,1.4178330238516288,"[2.067,2.357]",2.213,"[1.050,1.500]",1.25,0.002,0.0,944,1.889,0.12,-3.920685477471,59,3.219314522529,0.005,0.0,377,1.8875,0.1,-0.2758164774709999,34,3.1741835225290003,1.9012926123648697,1.8994815203165176,0.6780671101535115,0.6742202488321873,1.910706382608621,1.8884841085696809,0.6718407910310603,0.6761090103669901
26,56,3.4889,28.0,1.9304,845.6253858,16.91250772,E04001,1.27716128,0.010974127,0.0089,3.4978000000000002,1.5585000000000002,1.5674000000000001,1.0,0.0,0.0,845.6253858,16.91250772,0.4886921905584123,0.058526203570536534,0.9414737964294635,0.062164453001769114,0.027102072066649274,1.9032979279333506,4.433234524286382,1.0051084019120298,1.272933374586585,1.283468341721433,5.009912501721432,2.2382833828006303,3.2299072463424148,3.2193722792075667,0.6732612154170882,0.0004937750604820408,1712572.0869224751,34251.44174655036,0.00030076642989842594,0.00030000114279622,34281.28556451189,34107.053029601775,28989125.331210338,579782.5067613319,74.44962687657289,1.4889925378836215,28841789.87665806,576835.7976695894,74.07124120636787,1.4814248244777313,"[2.067,2.357]",2.213,"[1.050,1.500]",1.25,0.002,0.0,951,1.903,0.12,-3.920685477471,59,3.219314522529,0.005,0.0,380,1.9025,0.1,-0.2758164774709999,34,3.1741835225290003,1.9147985899155486,1.9144815203165177,0.669048501777597,0.6716435097038674,1.910706382608621,1.8884841085696809,0.6718407910310603,0.6761090103669901
26,56,3.4889,28.0,1.9453,856.5611459,17.13122292,E04001,1.272530286,0.010752297,0.0089,3.4978000000000002,1.5436,1.5525,1.0,0.0,0.0,856.5611459,17.13122292,0.4886921905584123,0.058526203570536534,0.9414737964294635,0.062164453001769114,0.027102072066649274,1.9181979279333508,4.433234524286382,1.0051084019120298,1.2607635271170052,1.271267449612431,5.055459539612431,2.248434908911626,3.270037629211995,3.259533706716569,0.6691560318639758,0.0004960212209345704,1726863.9117619286,34537.27823927066,0.0003007664298984259,0.00030000114279621993,35363.75419798225,35184.02008251981,30291217.819149613,605824.3564537197,77.7936498085618,1.5558729963528772,30137264.559251785,602745.2912554037,77.39826834655247,1.547965367111768,"[2.067,2.357]",2.213,"[1.050,1.500]",1.25,0.002,0.0,959,1.919,0.12,-3.920685477471,59,3.219314522529,0.005,0.0,383,1.9175,0.1,-0.2758164774709999,35,3.2741835225290004,1.930229863696816,1.9294815203165177,0.6580196080571132,0.6690663544935466,1.910706382608621,1.941773503020976,0.6718407910310603,0.6669543195360165
26,56,3.4889,28.0,1.9601,867.3807941,17.34761588,E04001,1.268185793,0.010618174,0.0089,3.4978000000000002,1.5288000000000002,1.5377,1.0,0.0,0.0,867.3807941,17.34761588,0.4886921905584123,0.058526203570536534,0.9414737964294635,0.062164453001769114,0.027102072066649274,1.9329979279333507,4.433234524286382,1.0051084019120298,1.2486753564760802,1.259148442685369,5.101140452685369,2.258570444481502,3.3098986806529203,3.2994255944436315,0.6650311362758143,0.0004981275015699978,1741282.6863929215,34825.653723843396,0.00030076642989842605,0.0003000011427962201,36475.9170265945,36290.530411651045,31638509.876053248,632770.1974481131,81.25375389187661,1.625075077650178,31477709.086768083,629554.1816627806,80.84078666271878,1.6168157330679735,"[2.067,2.357]",2.213,"[1.050,1.500]",1.25,0.002,0.0,966,1.933,0.12,-3.920685477471,60,3.339314522529,0.005,0.0,386,1.9325,0.1,-0.2758164774709999,35,3.2741835225290004,1.9437286180969764,1.9444815203165178,0.6476714572080952,0.6664890186096487,1.9316892859070816,1.941773503020976,0.6569336112073794,0.6669543195360165
26,56,3.4889,28.0,1.975,878.2278589,17.56455718,E04001,1.286682025,0.010714759,0.0089,3.4978000000000002,1.5139,1.5228,1.0,0.0,0.0,878.2278589,17.56455718,0.4886921905584123,0.058526203570536534,0.9414737964294635,0.062164453001769114,0.027102072066649274,1.9478979279333508,4.433234524286382,1.0051084019120298,1.2365055090065005,1.2469475505763672,5.147572550576367,2.268826249534408,3.3500290635225003,3.3395870219526333,0.660830659913339,0.0005001258929882669,1756013.5782064046,35120.271568127086,0.00030076642989842594,0.00030000114279622,37634.166907395105,37442.89355834971,33051373.824566837,661027.4765666052,84.88225915350144,1.6976451832633324,32883392.240770064,657667.8448902871,84.45085026851721,1.6890170055626654,"[2.067,2.357]",2.213,"[1.050,1.500]",1.25,0.002,0.0,973,1.947,0.12,-3.920685477471,60,3.339314522529,0.005,0.0,389,1.9475,0.1,-0.2758164774709999,36,3.3741835225290004,1.9572240056572596,1.9594815203165177,0.6366013392892963,0.6639117338935252,1.9316892859070816,1.995062897472271,0.6569336112073794,0.6577997059695709
26,56,3.4889,28.0,1.9898,888.9291439,17.77858288,E04001,1.293691413,0.010619519,0.0089,3.4978000000000002,1.4991,1.508,1.0,0.0,0.0,888.9291439,17.77858288,0.4886921905584123,0.058526203570536534,0.9414737964294635,0.062164453001769114,0.027102072066649274,1.9626979279333507,4.433234524286382,1.0051084019120298,1.2244173383655754,1.234828543649305,5.194132583649305,2.279063970942743,3.389890114963425,3.3794789096796953,0.656610865797184,0.0005019930047066402,1770799.8628775345,35415.99726153481,0.00030076642989842605,0.0003000011427962201,38824.36402539112,38627.04157236679,34512108.67555289,690242.1735887064,88.63370606260959,1.7726741214516084,34336702.99631372,686734.0600035285,88.18323067840308,1.7636646137664647,"[2.067,2.357]",2.213,"[1.050,1.500]",1.25,0.002,0.0,981,1.963,0.12,-3.920685477471,60,3.339314522529,0.005,0.0,392,1.9625000000000001,0.1,-0.2758164774709999,36,3.3741835225290004,1.9726431862949951,1.9744815203165178,0.6229659309729331,0.6613347286190017,1.9316892859070816,1.995062897472271,0.6569336112073794,0.6577997059695709
26,56,3.4889,28.0,2.0047,899.6877832,17.99375566,E04001,1.267106235,0.010448069,0.0089,3.4978000000000002,1.4842,1.4930999999999999,1.0,0.0,0.0,899.6877832,17.99375566,0.4886921905584123,0.058526203570536534,0.9414737964294635,0.062164453001769114,0.027102072066649274,1.9775979279333509,4.433234524286382,1.0051084019120298,1.2122474908959955,1.2226276515403032,5.241449741540304,2.2894212678186387,3.430020497833005,3.419640337188697,0.652314616162723,0.0005037574695359332,1785954.229182551,35719.084575710694,0.00030076642989842605,0.0003000011427962201,40064.07096387236,39860.44777623786,36045155.19145381,720903.1036688199,92.57086317891532,1.8514172631667376,35861957.89716281,717239.1577838145,92.10037743472908,1.8420075482851048,"[2.067,2.357]",2.213,"[1.050,1.500]",1.25,0.002,0.0,988,1.977,0.12,-3.920685477471,61,3.459314522529,0.005,0.0,395,1.9775,0.1,-0.2758164774709999,36,3.3741835225290004,1.9861313676733303,1.9894815203165177,0.6100732617849526,0.6587582274935141,1.952519888210603,1.995062897472271,0.6405469750513918,0.6577997059695709
26,56,3.4889,28.0,2.0195,910.3508548,18.2070171,E04001,1.285218764,0.010501446,0.0089,3.4978000000000002,1.4694000000000003,1.4783000000000002,1.0,0.0,0.0,910.3508548,18.2070171,0.4886921905584123,0.058526203570536534,0.9414737964294635,0.062164453001769114,0.027102072066649274,1.9923979279333506,4.433234524286382,1.0051084019120298,1.200159320255071,1.2105086446132411,5.28888889461324,2.2997584426659334,3.469881549273929,3.459532224915759,0.6479994731394273,0.000505398912098684,1801252.1060240138,36025.042128394816,0.00030076642989842583,0.0003000011427962199,41338.17433072864,41128.07559074278,37632242.337850235,752644.8469223575,96.64680698611282,1.9329361401469138,37440978.770311706,748819.5755707464,96.15560550708803,1.9231121105642595,"[2.067,2.357]",2.213,"[1.050,1.500]",1.25,0.002,0.0,996,1.993,0.12,-3.920685477471,61,3.459314522529,0.005,0.0,398,1.9925,0.1,-0.2758164774709999,37,3.474183522529,2.001542319268239,2.0044815203165176,0.594099135173859,0.6561824516607888,1.952519888210603,2.0483522919235657,0.6405469750513918,0.6486552300258774
26,56,3.4889,28.0,2.0344,921.0614014,18.42122803,E04001,1.25941658,0.010238188,0.0089,3.4978000000000002,1.4545,1.4633999999999998,1.0,0.0,0.0,921.0614014,18.42122803,0.4886921905584123,0.058526203570536534,0.9414737964294635,0.062164453001769114,0.027102072066649274,2.007297927933351,4.433234524286382,1.0051084019120298,1.187989472785491,1.1983077525042392,5.33709111250424,2.3102145165556034,3.5100119321435095,3.499693652424761,0.643607024444527,0.0005069427896167622,1816894.1747772023,36337.88349948927,0.00030076642989842594,0.00030000114279622,42665.49748253799,42448.65270390229,39297542.90269461,785950.8581392233,100.92361783409412,2.0184723569010288,39097815.54699814,781956.3110248602,100.41067972579467,2.008213594733926,"[2.067,2.357]",2.213,"[1.050,1.500]",1.25,0.002,0.0,1003,2.007,0.12,-3.920685477471,61,3.459314522529,0.005,0.0,401,2.0075,0.1,-0.2758164774709999,37,3.474183522529,2.0150233059960314,2.0194815203165173,0.5788989852043892,0.6536076187050252,1.952519888210603,2.0483522919235657,0.6405469750513918,0.6486552300258774
26,56,3.4889,28.0,2.0492,931.6768136,18.63353627,E04001,1.255800276,0.010164469,0.0089,3.4978000000000002,1.4397000000000002,1.4486,1.0,0.0,0.0,931.6768136,18.63353627,0.4886921905584123,0.058526203570536534,0.9414737964294635,0.062164453001769114,0.027102072066649274,2.0220979279333506,4.433234524286382,1.0051084019120298,1.1759013021445661,1.1861887455771774,5.385409385577177,2.3206484838460946,3.549872983584434,3.5395855401518226,0.639196137619604,0.0005083715628618416,1832669.0193983146,36653.38038403216,0.000300766429898426,0.00030000114279622004,44029.883066751114,43806.10388192213,41021621.15881127,820432.4230881657,105.35138105245193,2.107027620822884,40813131.280939795,816262.6255311838,104.81593910869786,2.0963187819489524,"[2.067,2.357]",2.213,"[1.050,1.500]",1.25,0.002,0.0,1011,2.023,0.12,-3.920685477471,62,3.579314522529,0.005,0.0,404,2.0225,0.1,-0.2758164774709999,38,3.574183522529,2.0304260417093047,2.0344815203165174,0.559934853951547,0.6510339426565364,1.9732014585053466,2.1016416863748613,0.622450933559123,0.6395303858063457
26,56,3.4889,28.0,2.0641,942.4458739,18.84891748,E04001,1.262671982,0.010228704,0.0089,3.4978000000000002,1.4248000000000003,1.4337000000000002,1.0,0.0,0.0,942.4458739,18.84891748,0.4886921905584123,0.058526203570536534,0.9414737964294635,0.062164453001769114,0.027102072066649274,2.0369979279333505,4.433234524286382,1.0051084019120298,1.1637314546749866,1.1739878534681756,5.434496663468175,2.331200691375192,3.5900033664540123,3.5797469676608236,0.6347071211201285,0.0005097076895401349,1848992.8506871993,36979.857017667804,0.0003007664298984259,0.00030000114279621993,45451.51453076784,45220.509991066516,42835592.332028046,856711.8467314639,110.01000650140436,2.2002001302615435,42617883.05673437,852357.6612251283,109.4508873790439,2.189017747813148,"[2.067,2.357]",2.213,"[1.050,1.500]",1.25,0.002,0.0,1018,2.037,0.12,-3.920685477471,62,3.579314522529,0.005,0.0,407,2.0375,0.1,-0.2758164774709999,38,3.574183522529,2.043899845287271,2.0494815203165175,0.5417534588879359,0.6484616339988071,1.9732014585053466,2.1016416863748613,0.622450933559123,0.6395303858063457
26,56,3.4889,28.0,2.0789,953.1568663,19.06313733,E04001,1.269465754,0.010806196,0.0089,3.4978000000000002,1.4100000000000001,1.4189,1.0,0.0,0.0,953.1568663,19.06313733,0.4886921905584123,0.058526203570536534,0.9414737964294635,0.062164453001769114,0.027102072066649274,2.0517979279333507,4.433234524286382,1.0051084019120298,1.1516432840340614,1.1618688465411133,5.483694056541113,2.341728860594478,3.6298644178949386,3.6196388553878864,0.6302001534360038,0.0005109362949495612,1865510.1931916857,37310.203871662474,0.000300766429898426,0.00030000114279622004,46913.11457543422,46674.68154299659,44715557.27709374,894311.1457295272,114.83811659793393,2.296762332440606,44488293.19507308,889765.8640881603,114.25445890162294,2.285089178511937,"[2.067,2.357]",2.213,"[1.050,1.500]",1.25,0.002,0.0,1025,2.051,0.12,-3.920685477471,62,3.579314522529,0.005,0.0,410,2.0525,0.1,-0.2758164774709999,38,3.574183522529,2.057370300655826,2.0644815203165177,0.5218738705020692,0.6458908996769235,1.9732014585053466,2.1016416863748613,0.622450933559123,0.6395303858063457
26,56,3.4889,28.0,2.1087,974.8738714,19.49747743,E04001,1.251443941,0.012617017,0.0089,3.4978000000000002,1.3802000000000003,1.3891000000000002,1.0,0.0,0.0,974.8738714,19.49747743,0.4886921905584123,0.058526203570536534,0.9414737964294635,0.062164453001769114,0.027102072066649274,2.0815979279333505,4.433234524286382,1.0051084019120298,1.1273035890949021,1.13746706232311,5.584082752323109,2.363066387625009,3.710125183634098,3.6999617104058897,0.6209796672816021,0.0005131241742897397,1899879.0551028096,37997.58110595388,0.0003007664298984259,0.00030000114279621993,50013.466242316725,49759.27586236023,48756821.45778052,975136.4292556372,125.21685714026638,2.504337143062216,48509017.89799969,970180.3580595123,124.5804501306176,2.491609002867935,"[2.357,2.642]",2.5,"[1.050,1.500]",1.25,0.002,0.0,1040,2.081,0.24,-5.273316477470999,37,3.726683522529001,0.005,0.0,416,2.0825,0.1,-0.2758164774709999,39,3.6741835225290003,2.098689537907802,2.0944815203165175,0.7037031416272147,0.6407549641889011,2.2203158498709357,2.1549310808261564,0.6294888635888224,0.6304341055976357
26,56,3.4889,28.0,2.1235,985.7547209,19.71509442,E04001,1.247774902,0.011666188,0.0089,3.4978000000000002,1.3654000000000002,1.3743,1.0,0.0,0.0,985.7547209,19.71509442,0.4886921905584123,0.058526203570536534,0.9414737964294635,0.062164453001769114,0.027102072066649274,2.0963979279333507,4.433234524286382,1.0051084019120298,1.1152154184539769,1.1253480553960478,5.634600305396047,2.3737313043805206,3.7499862350750237,3.739853598132953,0.6163279160240321,0.0005140745904633121,1917532.4732770473,38350.649469431424,0.00030076642989842605,0.0003000011427962201,51635.43987562393,51373.005913986206,50899878.6231444,1017997.5725661588,130.72063845528015,2.614412769370822,50641183.106535524,1012823.6622334564,130.05625881408284,2.6011251765455277,"[2.357,2.642]",2.5,"[1.050,1.500]",1.25,0.002,0.0,1048,2.097,0.24,-5.273316477470999,37,3.726683522529001,0.005,0.0,419,2.0975,0.1,-0.2758164774709999,40,3.774183522529,2.114068531130073,2.1094815203165176,0.696197980893976,0.638190159315193,2.2203158498709357,2.208220475277451,0.6294888635888224,0.6213747669122055
26,56,3.4889,28.0,2.1384,996.8130574,19.93626115,E04001,1.243964443,0.011436447,0.0089,3.4978000000000002,1.3505000000000003,1.3594000000000002,1.0,0.0,0.0,996.8130574,19.93626115,0.4886921905584123,0.058526203570536534,0.9414737964294635,0.062164453001769114,0.027102072066649274,2.1112979279333506,4.433234524286382,1.0051084019120298,1.1030455709843972,1.113147163287046,5.685901723287045,2.3845128901490646,3.7901166179446033,3.780015025641955,0.6115960985911575,0.0005149439400868251,1935770.0514582745,38715.401033049406,0.000300766429898426,0.00030000114279622004,53326.34021085939,53055.31235179812,53156392.22553931,1063127.8446174387,136.51579763379263,2.7303159529497565,52886228.11670788,1057724.562440268,135.82196445089602,2.7164392892904323,"[2.357,2.642]",2.5,"[1.050,1.500]",1.25,0.002,0.0,1055,2.111,0.24,-5.273316477470999,37,3.726683522529001,0.005,0.0,422,2.1125,0.1,-0.2758164774709999,40,3.774183522529,2.1275215766006994,2.1244815203165173,0.6892656856814955,0.6356277213879893,2.2203158498709357,2.208220475277451,0.6294888635888224,0.6213747669122055
26,56,3.4889,28.0,2.1532,1007.793962,20.15587924,E04001,1.230410229,0.011311836,0.0089,3.4978000000000002,1.3357,1.3446,1.0,0.0,0.0,1007.793962,20.15587924,0.4886921905584123,0.058526203570536534,0.9414737964294635,0.062164453001769114,0.027102072066649274,2.1260979279333507,4.433234524286382,1.0051084019120298,1.0909574003434723,1.1010281563599837,5.737298396359984,2.39526582999883,3.829977669385527,3.8199069133690156,0.60684769195735,0.0005157233096837606,1954136.9239602047,39082.7384792041,0.0003007664298984259,0.00030000114279621993,55065.71374817546,54785.845629609,55494893.82863162,1109897.8765726325,142.52151770334743,2.850430354066949,55212844.42858404,1104256.8885716808,141.79716081591502,2.8359432163183005,"[2.357,2.642]",2.5,"[1.050,1.500]",1.25,0.002,0.0,1063,2.1270000000000002,0.24,-5.273316477470999,37,3.726683522529001,0.005,0.0,425,2.1275,0.1,-0.2758164774709999,40,3.774183522529,2.1428924049212767,2.1394815203165174,0.6808895171541907,0.6330678398319428,2.2203158498709357,2.208220475277451,0.6294888635888224,0.6213747669122055
26,56,3.4889,28.0,2.1681,1018.865848,20.37731696,E04001,1.197409848,0.010992615,0.0089,3.4978000000000002,1.3208000000000002,1.3297,1.0,0.0,0.0,1018.865848,20.37731696,0.4886921905584123,0.058526203570536534,0.9414737964294635,0.062164453001769114,0.027102072066649274,2.1409979279333506,4.433234524286382,1.0051084019120298,1.0787875528738924,1.088827264250982,5.789484874250982,2.4061348412445596,3.870108052255107,3.8600683408780174,0.6020184991575355,0.0005164259518920032,1972917.5969318226,39458.35193863646,0.0003007664298984261,0.0003000011427962201,56879.43220094341,56590.345969390946,57952510.92317272,1159050.2184634544,148.83314917216876,2.976662983443375,57657970.834716894,1153159.416694338,148.07671380424406,2.9615342760848815,"[2.357,2.642]",2.5,"[1.050,1.500]",1.25,0.002,0.0,1070,2.141,0.24,-5.273316477470999,38,3.966683522529001,0.005,0.0,428,2.1425,0.1,-0.2758164774709999,41,3.8741835225290004,2.156338311790229,2.1544815203165175,0.6731298140948475,0.630510700610368,2.2580817241395157,2.2615098697287466,0.5969884556606226,0.6123602018311968
26,56,3.4889,28.0,2.1829,1030.272965,20.6054593,E04001,1.23268303,0.01116209,0.0089,3.4978000000000002,1.306,1.3149,1.0,0.0,0.0,1030.272965,20.6054593,0.4886921905584123,0.058526203570536534,0.9414737964294635,0.062164453001769114,0.027102072066649274,2.155797927933351,4.433234524286382,1.0051084019120298,1.0666993822329676,1.0767082573239197,5.8417606673239195,2.4169734519278276,3.9099691036960325,3.8999602286050807,0.5971733209745488,0.0005170450728061614,1992617.3155628275,39852.346311256544,0.00030076642989842594,0.00030000114279622,58745.60393375744,58447.03299863475,60524007.54554795,1210480.1509109589,155.43724508271652,3.1087449016543305,60216397.98295627,1204327.9596591252,154.6472448016815,3.092944896033629,"[2.357,2.642]",2.5,"[1.050,1.500]",1.25,0.002,0.0,1077,2.1550000000000002,0.24,-5.273316477470999,38,3.966683522529001,0.005,0.0,431,2.1575,0.1,-0.2758164774709999,41,3.8741835225290004,2.169780891198421,2.1694815203165176,0.6649331771221494,0.6279564862421102,2.2580817241395157,2.2615098697287466,0.5969884556606226,0.6123602018311968
26,56,3.4889,28.0,2.1978,1041.635905,20.83271809,E04001,1.238436573,0.011040326,0.0089,3.4978000000000002,1.2911000000000001,1.3,1.0,0.0,0.0,1041.635905,20.83271809,0.4886921905584123,0.058526203570536534,0.9414737964294635,0.062164453001769114,0.027102072066649274,2.1706979279333507,4.433234524286382,1.0051084019120298,1.0545295347633878,1.0645073652149182,5.894832205214918,2.4279275535350964,3.9500994865656125,3.940121656114082,0.592246669911264,0.0005175916415776727,2012466.6268276405,40249.33251723256,0.00030076642989842594,0.00030000114279622,60692.03839115761,60383.5748220813,63219006.3358682,1264380.1261104436,162.3585182180651,3.247170362802614,62897699.60693387,1257953.9915348415,161.53334099009473,3.2306668182511284,"[2.357,2.642]",2.5,"[1.050,1.500]",1.25,0.002,0.0,1085,2.1710000000000003,0.24,-5.273316477470999,38,3.966683522529001,0.005,0.0,434,2.1725,0.1,-0.2758164774709999,42,3.974183522529,2.1851397678189954,2.1844815203165173,0.6549823233758693,0.625405375819457,2.2580817241395157,2.3147992641800412,0.5969884556606226,0.603397708363379
26,56,3.4889,28.0,2.2126,1053.066781,21.06133563,E04001,1.23448961,0.011015446,0.0089,3.4978000000000002,1.2763,1.2852,1.0,0.0,0.0,1053.066781,21.06133563,0.4886921905584123,0.058526203570536534,0.9414737964294635,0.062164453001769114,0.027102072066649274,2.185497927933351,4.433234524286382,1.0051084019120298,1.0424413641224628,1.0523883582878557,5.947987118287856,2.4388495481041583,3.989960538006538,3.980013543841145,0.5873046722319529,0.0005180608436075102,2032708.6943436656,40654.17390617606,0.000300766429898426,0.00030000114279622004,62695.297369199165,62376.65235902232,66022334.98442033,1320446.7003153595,169.55800318053184,3.391160065220772,65686780.509271696,1313735.6108092002,168.6962350110492,3.3739247018229355,"[2.357,2.642]",2.5,"[1.050,1.500]",1.25,0.002,0.0,1092,2.185,0.24,-5.273316477470999,38,3.966683522529001,0.005,0.0,437,2.1875,0.1,-0.2758164774709999,42,3.974183522529,2.198575225264591,2.1994815203165174,0.6457175757621219,0.622857545027053,2.2580817241395157,2.3147992641800412,0.5969884556606226,0.603397708363379
26,56,3.4889,28.0,2.2275,1064.679767,21.29359534,E04001,1.23041692,0.010895295,0.0089,3.4978000000000002,1.2614,1.2703,1.0,0.0,0.0,1064.679767,21.29359534,0.4886921905584123,0.058526203570536534,0.9414737964294635,0.062164453001769114,0.027102072066649274,2.2003979279333508,4.433234524286382,1.0051084019120298,1.030271516652883,1.0401874661788542,6.001943716178855,2.4498864700591443,4.030090920876118,4.020174971350147,0.5822805498196383,0.0005184615067775625,2053536.7680763688,41070.73536152737,0.0003007664298984259,0.00030000114279621993,64785.29342948118,64456.026142294046,68975591.11352666,1379511.822270533,177.14253063249336,3.5428506126498673,68625026.89492354,1372500.5378984706,176.2422145666209,3.5248442913324176,"[2.357,2.642]",2.5,"[0.650,1.050]",0.8,0.002,0.0,1100,2.201,0.24,-5.273316477470999,38,3.966683522529001,0.005,0.0,440,2.2025,0.1,0.17418352252900005,38,4.024183522529,2.213925968965121,2.2101681730025713,0.6344278112371492,0.5309298652013154,2.2580817241395157,2.1016416863748613,0.5969884556606226,0.55225308461782
26,56,3.4889,28.0,2.2423,1076.301264,21.52602529,E04001,1.207840261,0.010684741,0.0089,3.4978000000000002,1.2466,1.2554999999999998,1.0,0.0,0.0,1076.301264,21.52602529,0.4886921905584123,0.058526203570536534,0.9414737964294635,0.062164453001769114,0.027102072066649274,2.215197927933351,4.433234524286382,1.0051084019120298,1.0181833460119578,1.028068459251792,6.055977749251793,2.4608896255727912,4.0699519723170425,4.060066859077208,0.5772417551451908,0.0005187906620322206,2074634.997831079,41492.69997589718,0.0003007664298984261,0.0003000011427962201,66936.9241526639,66596.72133406604,72044296.07378428,1440885.922145055,185.0235527977085,3.700471057673239,71678135.35011104,1433562.707668188,184.08318191921984,3.6816636400947282,"[2.357,2.642]",2.5,"[0.650,1.050]",0.8,0.002,0.0,1107,2.215,0.24,-5.273316477470999,38,3.966683522529001,0.005,0.0,443,2.2175000000000002,0.1,0.17418352252900005,38,4.024183522529,2.2273543157559175,2.2251681730025714,0.6238746054700225,0.5280312091146043,2.2580817241395157,2.1016416863748613,0.5969884556606226,0.55225308461782
26,56,3.4889,28.0,2.2572,1088.126441,21.76252882,E04001,1.194714098,0.010660526,0.0089,3.4978000000000002,1.2317,1.2406,1.0,0.0,0.0,1088.126441,21.76252882,0.4886921905584123,0.058526203570536534,0.9414737964294635,0.062164453001769114,0.027102072066649274,2.230097927933351,4.433234524286382,1.0051084019120298,1.0060134985423783,1.0158675671427901,6.11081940714279,2.47200716162854,4.110082355186622,4.10022828658621,0.5721202203241789,0.0005190551322394477,2096360.0461964635,41927.20092392927,0.000300766429898426,0.00030000114279622004,69182.38788553637,68830.77263500125,75279185.50977021,1505583.7101954042,193.33136853014216,3.8666273706028433,74896583.65860412,1497931.673172082,192.34877368686364,3.846975473737272,"[2.357,2.642]",2.5,"[0.650,1.050]",0.8,0.002,0.0,1115,2.231,0.24,-5.273316477470999,39,4.206683522529001,0.005,0.0,446,2.2325,0.1,0.17418352252900005,39,4.124183522529,2.242696939442517,2.240168173002571,0.610959822342585,0.5251447449012586,2.295406563984193,2.1549310808261564,0.5580301384635525,0.5417071353200846
26,56,3.4889,28.0,2.272,1099.954952,21.99909904,E04001,1.22732299,0.011364102,0.0089,3.4978000000000002,1.2169000000000003,1.2258000000000002,1.0,0.0,0.0,1099.954952,21.99909904,0.4886921905584123,0.058526203570536534,0.9414737964294635,0.062164453001769114,0.027102072066649274,2.2448979279333505,4.433234524286382,1.0051084019120298,0.9939253279014536,1.0037485602157283,6.165732560215728,2.4830893178087106,4.149943406627547,4.140120174313273,0.5669847237797787,0.0005192536664338584,2118338.344251461,42366.76688502922,0.000300766429898426,0.00030000114279622004,71494.79022438359,71131.42233054484,78641048.54951192,1572820.9709902385,201.96527679951117,4.0393055359902235,78241360.23528618,1564827.2047057236,200.9388006460897,4.018776012921794,"[2.357,2.642]",2.5,"[0.650,1.050]",0.8,0.002,0.0,1122,2.245,0.24,-5.273316477470999,39,4.206683522529001,0.005,0.0,448,2.2425,0.1,0.17418352252900005,39,4.124183522529,2.256118186856426,2.2501681730025713,0.5988326677196567,0.5232272668997459,2.295406563984193,2.1549310808261564,0.5580301384635525,0.5417071353200846
26,56,3.4889,28.0,2.2869,1111.996056,22.23992112,E04001,1.214033083,0.012410116,0.0089,3.4978000000000002,1.202,1.2108999999999999,1.0,0.0,0.0,1111.996056,22.23992112,0.4886921905584123,0.058526203570536534,0.9414737964294635,0.062164453001769114,0.027102072066649274,2.259797927933351,4.433234524286382,1.0051084019120298,0.9817554804318734,0.9915476681067262,6.221459278106726,2.4942853241172562,4.190073789497127,4.180281601822275,0.5617659096801423,0.0005193912128732418,2140960.4714883463,42819.20942976693,0.000300766429898426,0.00030000114279622004,73908.81754146962,73533.18050159763,82186313.60973783,1643726.2721947567,211.07019658914697,4.221403931782939,81768606.70291266,1635372.1340582534,209.99744523836992,4.199948904767399,"[2.357,2.642]",2.5,"[0.650,1.050]",0.8,0.002,0.0,1129,2.259,0.24,-5.273316477470999,39,4.206683522529001,0.005,0.0,451,2.2575,0.1,0.17418352252900005,40,4.224183522529,2.2695361250789574,2.265168173002571,0.585848940787304,0.520361380863947,2.295406563984193,2.208220475277451,0.5580301384635525,0.5313071335742522
26,56,3.4889,36.0,1.3085,13.218342,0.26436684,E04001,0.786785514,0.043575813,0.0089,3.4978000000000002,2.1804,2.1893000000000002,1.0,0.0,0.0,13.218342,0.26436684,0.6283185307179586,0.09549150281252627,0.9045084971874736,0.10557280900008409,0.04400391155933825,1.2644960884406617,4.433234524286382,1.0051084019120298,2.9056909087847322,2.924993935489948,4.6371661854899475,2.15340803971053,0.43012575474426784,0.4108227280390522,0.7492086531533309,-7.914733441920014e-05,-167009.3136679711,-3340.186273359421,0.00010854380098705119,0.00010826761600540993,17436.770163249614,17348.148846511915,230485.1913932292,4609.703827864584,0.5919301222009298,0.011838602444018596,229313.7645201,4586.275290402,0.5889216735974887,0.011778433471949772,"[2.067,2.357]",2.213,"[2.500,3.000]",2.75,0.002,0.0,632,1.2650000000000001,0.12,-3.920685477471,36,0.45931452252900007,0.005,0.0,252,1.2625,0.1,-1.775816477471,21,0.374183522529,1.295846667652917,1.2888593446963388,0.7568185981431406,0.746999080188475,1.376178019686742,1.1957219807028445,0.7438904357984812,0.7570468426023534
26,56,3.4889,36.0,1.3209,14.61332966,0.292266593,E04001,0.855383427,0.041058404,0.0089,3.4978000000000002,2.168,2.1769000000000003,1.0,0.0,0.0,14.61332966,0.292266593,0.6283185307179586,0.09549150281252627,0.9045084971874736,0.10557280900008409,0.04400391155933825,1.2768960884406617,4.433234524286382,1.0051084019120298,2.889166157698266,2.90842703063448,4.65320384063448,2.1571286101283995,0.46991967623073405,0.45065880329452,0.7474887902853993,-7.193899149086853e-05,-203135.0364684348,-4062.7007265885627,0.00010854380098705122,0.00010826761600540997,17717.415619053165,17627.36793896968,258910.43516445687,5178.2086997456545,0.6649315932168602,0.013298631855236862,257594.5387302787,5151.890771080101,0.6615521191067083,0.013231042373080076,"[2.067,2.357]",2.213,"[2.500,3.000]",2.75,0.002,0.0,638,1.2770000000000001,0.12,-3.920685477471,36,0.45931452252900007,0.005,0.0,255,1.2775,0.1,-1.775816477471,22,0.4741835225290001,1.307554508286266,1.303859344696339,0.7550628671084781,0.7453365538881437,1.376178019686742,1.2490113751541396,0.7438904357984812,0.7513571235412775
26,56,3.4889,36.0,1.3334,16.08502742,0.321700548,E04001,0.876591605,0.037861297,0.0089,3.4978000000000002,2.1555,2.1644,1.0,0.0,0.0,16.08502742,0.321700548,0.6283185307179586,0.09549150281252627,0.9045084971874736,0.10557280900008409,0.04400391155933825,1.2893960884406617,4.433234524286382,1.0051084019120298,2.8725081424901346,2.891726521707597,4.669682081707597,2.1609447197250553,0.5100345164388651,0.4908161372214028,0.7457305848662057,-6.476498858126771e-05,-248359.92057369632,-4967.19840529775,0.00010854380098705119,0.00010826761600540993,18007.359092341296,17915.83779230746,289648.864762096,5792.977288038977,0.7438737685384533,0.014877475352270528,288176.7421415377,5763.534835664419,0.7400930756556938,0.014801861494709355,"[2.067,2.357]",2.213,"[2.500,3.000]",2.75,0.002,0.0,644,1.289,0.12,-3.920685477471,36,0.45931452252900007,0.005,0.0,257,1.2875,0.1,-1.775816477471,22,0.4741835225290001,1.3192597859795328,1.313859344696339,0.7532658588649274,0.744221676546794,1.376178019686742,1.2490113751541396,0.7438904357984812,0.7513571235412775
26,56,3.4889,36.0,1.3459,17.62141083,0.352428217,E04001,0.817187689,0.033538745,0.0089,3.4978000000000002,2.143,2.1519,1.0,0.0,0.0,17.62141083,0.352428217,0.6283185307179586,0.09549150281252627,0.9045084971874736,0.10557280900008409,0.04400391155933825,1.3018960884406618,4.433234524286382,1.0051084019120298,2.8558501272820034,2.875026012780714,4.686472822780714,2.1648262800466727,0.550149356646997,0.5309734711482865,0.7439476467867175,-5.768394464276231e-05,-305482.07025593874,-6109.641412053114,0.0001085438009870512,0.00010826761600540996,18304.543435589218,18211.511714326796,322551.87993409723,6451.037606003762,0.8283750142532522,0.016567500303868877,320912.52975351,6418.250602354806,0.8241648489629818,0.016483296997967897,"[2.067,2.357]",2.213,"[2.500,3.000]",2.75,0.002,0.0,650,1.301,0.12,-3.920685477471,37,0.5793145225290002,0.005,0.0,260,1.3025,0.1,-1.775816477471,23,0.5741835225290002,1.330962502415133,1.3288593446963388,0.7514263221108719,0.7425397246073493,1.401958510455536,1.3023007696054347,0.7392652999251703,0.74550984808105
26,56,3.4889,36.0,1.3583,19.20869981,0.384173996,E04001,0.817337985,0.031704384,0.0089,3.4978000000000002,2.1306000000000003,2.1395000000000004,1.0,0.0,0.0,19.20869981,0.384173996,0.6283185307179586,0.09549150281252627,0.9045084971874736,0.10557280900008409,0.04400391155933825,1.3142960884406618,4.433234524286382,1.0051084019120298,2.839325376195538,2.8584591079252473,4.703437997925247,2.1687411090135327,0.5899432781334624,0.570809546403753,0.7421543761159543,-5.075147190778599e-05,-378485.5707220014,-7569.711410499255,0.00010854380098705119,0.00010826761600540993,18606.685185423405,18512.11784721696,357410.23018597235,7148.204599998111,0.9178979350083312,0.018357958690609518,355593.714574534,7111.874287788257,0.9132327749546245,0.01826465548958396,"[2.067,2.357]",2.213,"[2.500,3.000]",2.75,0.002,0.0,657,1.315,0.12,-3.920685477471,37,0.5793145225290002,0.005,0.0,262,1.3125,0.1,-1.775816477471,23,0.5741835225290002,1.3446124366868375,1.3388593446963388,0.7492247005237276,0.7414120890392752,1.401958510455536,1.3023007696054347,0.7392652999251703,0.74550984808105
26,56,3.4889,36.0,1.3708,20.87377018,0.417475404,E04001,0.89107046,0.03176235,0.0089,3.4978000000000002,2.1181,2.1270000000000002,1.0,0.0,0.0,20.87377018,0.417475404,0.6283185307179586,0.09549150281252627,0.9045084971874736,0.10557280900008409,0.04400391155933825,1.3267960884406618,4.433234524286382,1.0051084019120298,2.8226673609874067,2.841758598998364,4.720851238998364,2.172751996661921,0.6300581183415934,0.6109668803306363,0.7403216887634819,-4.3855795594042604e-05,-475963.7784985368,-9519.275579091538,0.00010854380098705118,0.00010826761600540992,18918.844852006216,18822.69098140725,394907.6195118539,7898.152397804615,1.0141984136278739,0.020283968291992364,392900.5257150536,7858.010521830148,1.0090438122878609,0.020180876265093326,"[2.067,2.357]",2.213,"[2.500,3.000]",2.75,0.002,0.0,663,1.327,0.12,-3.920685477471,37,0.5793145225290002,0.005,0.0,265,1.3275000000000001,0.1,-1.775816477471,23,0.5741835225290002,1.3563096094936427,1.353859344696339,0.7472884663711842,0.7397112879246622,1.401958510455536,1.3023007696054347,0.7392652999251703,0.74550984808105
26,56,3.4889,36.0,1.3832,22.58664672,0.451732934,E04001,0.88547894,0.030460476,0.0089,3.4978000000000002,2.1057,2.1146000000000003,1.0,0.0,0.0,22.58664672,0.451732934,0.6283185307179586,0.09549150281252627,0.9045084971874736,0.10557280900008409,0.04400391155933825,1.3391960884406617,4.433234524286382,1.0051084019120298,2.8061426099009408,2.8251916941428963,4.738433934142896,2.176794417059842,0.6698520398280592,0.6508029555861037,0.7384787494459071,-3.710724878351838e-05,-608685.5657709694,-12173.711304639823,0.00010854380098705118,0.00010826761600540992,19236.218360231127,19138.451458208725,434481.6683313182,8689.633358931875,1.1158321516224583,0.022316643012688243,432273.4418544293,8645.468829433205,1.1101610030319091,0.022203220040977696,"[2.067,2.357]",2.213,"[2.500,3.000]",2.75,0.002,0.0,669,1.339,0.12,-3.920685477471,38,0.6993145225290003,0.005,0.0,267,1.3375000000000001,0.1,-1.775816477471,24,0.6741835225290003,1.3680042263582735,1.363859344696339,0.7453053733803137,0.7385712782404553,1.4274580756992221,1.3555901640567298,0.7344340897726618,0.7395143220354896
26,56,3.4889,36.0,1.3957,24.37308812,0.487461762,E04001,0.853400271,0.028638144,0.0089,3.4978000000000002,2.0932000000000004,2.1021000000000005,1.0,0.0,0.0,24.37308812,0.487461762,0.6283185307179586,0.09549150281252627,0.9045084971874736,0.10557280900008409,0.04400391155933825,1.3516960884406617,4.433234524286382,1.0051084019120298,2.78948459469281,2.808491185216014,4.756469675216014,2.1809332120026084,0.7099668800361902,0.690960289512986,0.7365956737689794,-3.039694989733576e-05,-801826.7688803953,-16036.535364448693,0.00010854380098705118,0.00010826761600540992,19564.122603477863,19464.68914821605,476838.08420504973,9536.761676275346,1.2246115411900773,0.02449223080370378,474414.5838378775,9488.291668971675,1.2183875280123855,0.02436775054025209,"[2.067,2.357]",2.213,"[2.500,3.000]",2.75,0.002,0.0,675,1.351,0.12,-3.920685477471,38,0.6993145225290003,0.005,0.0,270,1.3525,0.1,-1.775816477471,24,0.6741835225290003,1.3796962889554862,1.3788593446963389,0.7432739268914671,0.736852203712658,1.4274580756992221,1.3555901640567298,0.7344340897726618,0.7395143220354896
26,56,3.4889,36.0,1.4082,26.21634065,0.524326813,E04001,0.869686594,0.027692652,0.0089,3.4978000000000002,2.0807,2.0896000000000003,1.0,0.0,0.0,26.21634065,0.524326813,0.6283185307179586,0.09549150281252627,0.9045084971874736,0.10557280900008409,0.04400391155933825,1.3641960884406616,4.433234524286382,1.0051084019120298,2.7728265794846787,2.791790676289131,4.77481791628913,2.185135674572435,0.7500817202443213,0.7311176234398689,0.734687062893456,-2.3779624833562e-05,-1102470.7426417794,-22049.414852835587,0.00010854380098705118,0.00010826761600540992,19900.234527777546,19799.09280423991,521711.327395108,10434.226547902159,1.339854625418106,0.026797092508362118,519059.7615169172,10381.195230338344,1.3330448963209185,0.02666089792641837,"[2.067,2.357]",2.213,"[2.500,3.000]",2.75,0.002,0.0,682,1.365,0.12,-3.920685477471,38,0.6993145225290003,0.005,0.0,272,1.3625,0.1,-1.775816477471,25,0.7741835225290004,1.3933338025738067,1.3888593446963389,0.7408407053866565,0.7357002034233968,1.4274580756992221,1.408879558508025,0.7344340897726618,0.7333798447683377
26,56,3.4889,36.0,1.4206,28.1004231,0.562008462,E04001,0.843403671,0.026227363,0.0089,3.4978000000000002,2.0683,2.0772,1.0,0.0,0.0,28.1004231,0.562008462,0.6283185307179586,0.09549150281252627,0.9045084971874736,0.10557280900008409,0.04400391155933825,1.3765960884406618,4.433234524286382,1.0051084019120298,2.756301828398212,2.775223771433663,4.793328131433663,2.189367061831721,0.7898756417307884,0.7709536986953371,0.732768333956838,-1.7306995630636323e-05,-1623645.3570403333,-32472.907140806667,0.00010854380098705118,0.00010826761600540992,20241.974686976126,20139.0960900034,568808.0530835192,11376.161061670384,1.4608080386221782,0.029216160772443562,565917.1209806512,11318.342419613024,1.453383571208106,0.029067671424162115,"[2.067,2.357]",2.213,"[2.500,3.000]",2.75,0.002,0.0,688,1.377,0.12,-3.920685477471,39,0.8193145225290004,0.005,0.0,275,1.3775,0.1,-1.775816477471,25,0.7741835225290004,1.4050203366616145,1.4038593446963388,0.7386990415855069,0.7339634301504768,1.4526857036435823,1.408879558508025,0.7293843272350277,0.7333798447683377
26,56,3.4889,36.0,1.4331,30.04989784,0.600997957,E04001,0.89850555,0.026322885,0.0089,3.4978000000000002,2.0558,2.0647,1.0,0.0,0.0,30.04989784,0.600997957,0.6283185307179586,0.09549150281252627,0.9045084971874736,0.10557280900008409,0.04400391155933825,1.3890960884406618,4.433234524286382,1.0051084019120298,2.739643813190081,2.7585232625067806,4.812298872506781,2.193695255158925,0.829990481938919,0.8111110326222195,0.7308083816198696,-1.0874526089966071e-05,-2763329.4169689887,-55266.58835777138,0.00010854380098705116,0.0001082676160054099,20595.070337802215,20490.397153803475,618879.7596585709,12377.595197290431,1.589401772617056,0.031788035462919535,615734.3411728212,12314.686827554504,1.5813237354234806,0.03162647471899427,"[2.067,2.357]",2.213,"[2.500,3.000]",2.75,0.002,0.0,694,1.389,0.12,-3.920685477471,39,0.8193145225290004,0.005,0.0,277,1.3875,0.1,-1.775816477471,25,0.7741835225290004,1.4167043217733735,1.4138593446963388,0.736503831777554,0.7327998219097632,1.4526857036435823,1.408879558508025,0.7293843272350277,0.7333798447683377
26,56,3.4889,36.0,1.4456,32.04939069,0.640987814,E04001,0.867411186,0.024774262,0.0089,3.4978000000000002,2.0433000000000003,2.0522000000000005,1.0,0.0,0.0,32.04939069,0.640987814,0.6283185307179586,0.09549150281252627,0.9045084971874736,0.10557280900008409,0.04400391155933825,1.4015960884406617,4.433234524286382,1.0051084019120298,2.7229857979819503,2.741822753579898,4.831582113579898,2.198086011415363,0.8701053221470496,0.8512683665491019,0.72882241792115,-4.5346125905629354e-06,-7067724.099893025,-141354.4820419657,0.00010854380098705118,0.00010826761600540992,20957.02240630395,20850.50962307862,671659.7987987193,13433.195980165789,1.7249510234350662,0.03449902047946565,668246.1289956514,13364.922584083128,1.7161840654736058,0.03432368132018173,"[2.067,2.357]",2.213,"[2.500,3.000]",2.75,0.002,0.0,700,1.401,0.12,-3.920685477471,39,0.8193145225290004,0.005,0.0,280,1.4025,0.1,-1.775816477471,26,0.8741835225290004,1.4283857595762441,1.428859344696339,0.7342532767080072,0.7310459230840114,1.4526857036435823,1.46216895295932,0.7293843272350277,0.7271156799621503
26,56,3.4889,36.0,1.458,34.07200211,0.681440042,E04001,0.880488323,0.024272128,0.0089,3.4978000000000002,2.0309,2.0398,1.0,0.0,0.0,34.07200211,0.681440042,0.6283185307179586,0.09549150281252627,0.9045084971874736,0.10557280900008409,0.04400391155933825,1.4139960884406617,4.433234524286382,1.0051084019120298,2.7064610468954835,2.72525584872443,4.85101984872443,2.2025030871089446,0.9098992436335167,0.8911044418045702,0.726826486191139,1.663336781808723e-06,20484127.13686875,409682.54261713475,0.00010854380098705118,0.00010826761600540992,21325.05525933957,21216.671971672567,726587.3277920844,14531.746551576676,1.866015439559602,0.03732030878023867,722894.4921860056,14457.889839476777,1.856531530340268,0.03713063059590766,"[2.067,2.357]",2.213,"[2.500,3.000]",2.75,0.002,0.0,706,1.413,0.12,-3.920685477471,40,0.9393145225289996,0.005,0.0,282,1.4125,0.1,-1.775816477471,26,0.8741835225290004,1.440064651735561,1.438859344696339,0.7319454928768697,0.729871088436848,1.4776499132008745,1.46216895295932,0.7241024156656778,0.7271156799621503
26,56,3.4889,36.0,1.4705,36.15199224,0.723039845,E04001,0.863022978,0.023428861,0.0089,3.4978000000000002,2.0184,2.0273000000000003,1.0,0.0,0.0,36.15199224,0.723039845,0.6283185307179586,0.09549150281252627,0.9045084971874736,0.10557280900008409,0.04400391155933825,1.4264960884406617,4.433234524286382,1.0051084019120298,2.6898030316873527,2.7085553397975475,4.870925589797547,2.2070173514944433,0.9500140838416473,0.9312617757314525,0.7247882376806104,7.819526078752725e-06,4623297.09958158,92465.9420172086,0.0001085438009870512,0.00010826761600540996,21705.339251704674,21595.023193930472,784691.2561941948,15693.825128224962,2.0152374578225314,0.04030474916759932,780703.1109295944,15614.062222910892,2.0049951368319285,0.040099902747730606,"[2.067,2.357]",2.213,"[2.500,3.000]",2.75,0.002,0.0,713,1.427,0.12,-3.920685477471,40,0.9393145225289996,0.005,0.0,285,1.4275,0.1,-1.775816477471,27,0.9741835225290001,1.453686810730062,1.4538593446963388,0.7291781106352984,0.7281006354033374,1.4776499132008745,1.5154583474106151,0.7241024156656778,0.7207310279576309
26,56,3.4889,36.0,1.483,38.27061886,0.765412377,E04001,0.841376517,0.022262509,0.0089,3.4978000000000002,2.0059,2.0148,1.0,0.0,0.0,38.27061886,0.765412377,0.6283185307179586,0.09549150281252627,0.9045084971874736,0.10557280900008409,0.04400391155933825,1.4389960884406618,4.433234524286382,1.0051084019120298,2.6731450164792214,2.691854830870665,4.891143830870665,2.2115930527270757,0.9901289240497788,0.9714191096583353,0.7227235070577356,1.3883872776547728e-05,2756480.088512891,55129.601755852615,0.00010854380098705118,0.00010826761600540992,22095.185715532756,21982.888286975634,845596.4311600705,16911.92861878237,2.1716536138553604,0.04343307226575827,841298.7390728028,16825.974777059477,2.160616317328756,0.04321232633528386,"[2.067,2.357]",2.213,"[2.500,3.000]",2.75,0.002,0.0,719,1.439,0.12,-3.920685477471,40,0.9393145225289996,0.005,0.0,287,1.4375,0.1,-1.775816477471,27,0.9741835225290001,1.4653601930327866,1.4638593446963388,0.7267394373638734,0.7269149545420269,1.4776499132008745,1.5154583474106151,0.7241024156656778,0.7207310279576309
26,56,3.4889,36.0,1.4954,40.4003115,0.80800623,E04001,0.900983152,0.022623588,0.0089,3.4978000000000002,1.9935,2.0024,1.0,0.0,0.0,40.4003115,0.80800623,0.6283185307179586,0.09549150281252627,0.9045084971874736,0.10557280900008409,0.04400391155933825,1.4513960884406618,4.433234524286382,1.0051084019120298,2.656620265392755,2.6752879260151974,4.911509086015197,2.216192474947787,1.029922845536245,1.0112551849138027,0.720648975430097,1.980925751664944e-05,2039466.2175522747,40789.3243510455,0.0001085438009870512,0.00010826761600540996,22491.607488081878,22377.295270137853,908667.9486542405,18173.35897308481,2.3336333524756476,0.04667266704951296,904049.6994410459,18080.99398882092,2.321772803845186,0.046435456076903726,"[2.067,2.357]",2.213,"[2.500,3.000]",2.75,0.002,0.0,725,1.451,0.12,-3.920685477471,41,1.0593145225289997,0.005,0.0,290,1.4525000000000001,0.1,-1.775816477471,27,0.9741835225290001,1.4770310349536047,1.478859344696339,0.7242369567335786,0.7251285164378249,1.502358787576528,1.5154583474106151,0.7185735192864721,0.7207310279576309
26,56,3.4889,36.0,1.5079,42.59685366,0.851937073,E04001,0.934341309,0.022419496,0.0089,3.4978000000000002,1.981,1.9899,1.0,0.0,0.0,42.59685366,0.851937073,0.6283185307179586,0.09549150281252627,0.9045084971874736,0.10557280900008409,0.04400391155933825,1.4638960884406618,4.433234524286382,1.0051084019120298,2.6399622501846243,2.658587417088314,4.932349827088315,2.2208894225261,1.070037685744376,1.0514125188406864,0.7185310284487512,2.569157922698495e-05,1658008.3802422984,33160.167597061314,0.00010854380098705119,0.00010826761600540993,22901.25368908717,22784.859469408315,975521.3520245814,19510.427035911376,2.505325698466933,0.0501065139575757,970563.3244820513,19411.266485084052,2.4925925340003348,0.04985185066830351,"[2.067,2.357]",2.213,"[2.500,3.000]",2.75,0.002,0.0,731,1.463,0.12,-3.920685477471,41,1.0593145225289997,0.005,0.0,292,1.4625000000000001,0.1,-1.775816477471,28,1.0741835225290002,1.4886993381503117,1.488859344696339,0.7216683767992604,0.7239323679650576,1.502358787576528,1.5687477418619102,0.7185735192864721,0.7142349997555133
26,56,3.4889,36.0,1.5204,44.82153321,0.896430664,E04001,0.91250783,0.021574452,0.0089,3.4978000000000002,1.9685000000000001,1.9774,1.0,0.0,0.0,44.82153321,0.896430664,0.6283185307179586,0.09549150281252627,0.9045084971874736,0.10557280900008409,0.04400391155933825,1.4763960884406617,4.433234524286382,1.0051084019120298,2.623304234976493,2.6418869081614313,4.953503068161432,2.225646662918764,1.1101525259525071,1.0915698527675688,0.7163861350537423,3.148304608993852e-05,1423672.0640676583,28473.441275000543,0.00010854380098705122,0.00010826761600540997,23321.231328024212,23202.702597709813,1045293.3444671296,20905.866884678348,2.6845135402673983,0.05369027079336929,1039980.7050450036,20799.614096259535,2.6708696645661463,0.05341739327940514,"[2.067,2.357]",2.213,"[2.500,3.000]",2.75,0.002,0.0,738,1.477,0.12,-3.920685477471,41,1.0593145225289997,0.005,0.0,295,1.4775,0.1,-1.775816477471,28,1.0741835225290002,1.5023091520904757,1.5038593446963389,0.718584941654626,0.7221305113693313,1.502358787576528,1.5687477418619102,0.7185735192864721,0.7142349997555133
26,56,3.4889,36.0,1.5328,47.06677554,0.941335511,E04001,0.885975288,0.020630264,0.0089,3.4978000000000002,1.9561000000000002,1.965,1.0,0.0,0.0,47.06677554,0.941335511,0.6283185307179586,0.09549150281252627,0.9045084971874736,0.10557280900008409,0.04400391155933825,1.4887960884406617,4.433234524286382,1.0051084019120298,2.606779483890027,2.625320003305964,4.974795843305964,2.230425036468602,1.149946447438973,1.1314059280230362,0.7142316255714003,3.713879548210012e-05,1267321.0029841946,25346.420065069095,0.00010854380098705119,0.00010826761600540993,23748.325044718425,23627.625636738983,1117757.0843307227,22355.14169136412,2.8706143050640955,0.057412286113479954,1112076.1523875433,22241.52305247639,2.856024583620325,0.05712049168454255,"[2.067,2.357]",2.213,"[2.500,3.000]",2.75,0.002,0.0,744,1.489,0.12,-3.920685477471,42,1.1793145225289998,0.005,0.0,297,1.4875,0.1,-1.775816477471,29,1.1741835225290003,1.5139719603969084,1.5138593446963389,0.7158647310526858,0.720924272068602,1.5268200048436307,1.6220371363132053,0.7127814259230754,0.7076365927527287
26,56,3.4889,36.0,1.5453,49.37016951,0.98740339,E04001,0.919583636,0.020660249,0.0089,3.4978000000000002,1.9436000000000002,1.9525000000000001,1.0,0.0,0.0,49.37016951,0.98740339,0.6283185307179586,0.09549150281252627,0.9045084971874736,0.10557280900008409,0.04400391155933825,1.5012960884406616,4.433234524286382,1.0051084019120298,2.5901214686818963,2.6086194943790812,4.996571584379081,2.235301229002275,1.1900612876471035,1.1715632619499186,0.7120325981881461,4.275046111122348e-05,1154845.3098916076,23096.90619315384,0.00010854380098705116,0.0001082676160054099,24189.70161600038,24066.758938621966,1194249.6691782596,23884.993378727253,3.0670619155269234,0.06134123829811372,1188179.968356074,23763.59936230813,3.0514737611310534,0.06102947521025946,"[2.067,2.357]",2.213,"[2.500,3.000]",2.75,0.002,0.0,750,1.5010000000000001,0.12,-3.920685477471,42,1.1793145225289998,0.005,0.0,300,1.5025,0.1,-1.775816477471,29,1.1741835225290003,1.5256322352170884,1.5288593446963388,0.7130703768566623,0.7191075606638163,1.5268200048436307,1.6220371363132053,0.7127814259230754,0.7076365927527287
26,56,3.4889,36.0,1.5577,51.69514494,1.033902899,E04001,0.934323718,0.020504827,0.0089,3.4978000000000002,1.9312,1.9401,1.0,0.0,0.0,51.69514494,1.033902899,0.6283185307179586,0.09549150281252627,0.9045084971874736,0.10557280900008409,0.04400391155933825,1.5136960884406618,4.433234524286382,1.0051084019120298,2.5735967175954295,2.5920525895236133,5.0184818795236135,2.2401968394593395,1.2298552091335706,1.2113993372053868,0.7098240882023927,4.8228689821525375e-05,1071875.3740004664,21437.507484156242,0.0001085438009870512,0.00010826761600540996,24638.582274260247,24513.35818842025,1273695.0817839983,25473.901640607684,3.271092953303174,0.06542185907871881,1267221.6045165206,25344.43209523309,3.2544678236501996,0.06508935648559501,"[2.067,2.357]",2.213,"[2.500,3.000]",2.75,0.002,0.0,756,1.5130000000000001,0.12,-3.920685477471,42,1.1793145225289998,0.005,0.0,302,1.5125,0.1,-1.775816477471,29,1.1741835225290003,1.537289978201315,1.5388593446963388,0.7101990626685282,0.7178916052772992,1.5268200048436307,1.6220371363132053,0.7127814259230754,0.7076365927527287
26,56,3.4889,36.0,1.5702,54.09783987,1.081956797,E04001,0.92979683,0.02070323,0.0089,3.4978000000000002,1.9187,1.9276,1.0,0.0,0.0,54.09783987,1.081956797,0.6283185307179586,0.09549150281252627,0.9045084971874736,0.10557280900008409,0.04400391155933825,1.5261960884406618,4.433234524286382,1.0051084019120298,2.5569387023872987,2.5753520805967307,5.04088012059673,2.245190441944008,1.2699700493417017,1.2515566711322696,0.7075703246972292,5.366230368658549e-05,1008116.2408896617,20162.32481033921,0.00010854380098705119,0.00010826761600540993,25102.501742096298,24974.919813965844,1357991.1195803215,27159.822381565427,3.4875813257327164,0.06975162648886711,1351089.2128620145,27021.784247250318,3.4698559071820005,0.06939711811798384,"[2.067,2.357]",2.213,"[2.500,3.000]",2.75,0.002,0.0,763,1.5270000000000001,0.12,-3.920685477471,43,1.299314522529,0.005,0.0,305,1.5275,0.1,-1.775816477471,30,1.2741835225290004,1.5508874805894592,1.553859344696339,0.7067479645025148,0.7160605995216848,1.5510408658130275,1.6753265307645004,0.7067083904014192,0.7009446682649305
26,56,3.4889,36.0,1.5827,56.55106584,1.131021317,E04001,0.954889164,0.021219759,0.0089,3.4978000000000002,1.9062000000000001,1.9151,1.0,0.0,0.0,56.55106584,1.131021317,0.6283185307179586,0.09549150281252627,0.9045084971874736,0.10557280900008409,0.04400391155933825,1.5386960884406617,4.433234524286382,1.0051084019120298,2.5402806871791674,2.5586515716698477,5.063590861669848,2.250242400647061,1.3100848895498327,1.2917140050591525,0.7052888586410476,5.900725694380129e-05,958374.7621730565,19167.495246850547,0.0001085438009870512,0.00010826761600540996,25578.190501211066,25448.19091408784,1446473.9351020495,28929.47870715663,3.714822145361345,0.07429644292036486,1439122.3198914714,28782.446402919068,3.6959417892583475,0.07391883579823812,"[2.067,2.357]",2.213,"[2.500,3.000]",2.75,0.002,0.0,769,1.539,0.12,-3.920685477471,43,1.299314522529,0.005,0.0,307,1.5375,0.1,-1.775816477471,30,1.2741835225290004,1.5625397435821,1.563859344696339,0.7036995257203049,0.7148353005356715,1.5510408658130275,1.6753265307645004,0.7067083904014192,0.7009446682649305
26,56,3.4889,36.0,1.5951,59.04610077,1.180922015,E04001,0.994138465,0.022355414,0.0089,3.4978000000000002,1.8938000000000001,1.9027,1.0,0.0,0.0,59.04610077,1.180922015,0.6283185307179586,0.09549150281252627,0.9045084971874736,0.10557280900008409,0.04400391155933825,1.5510960884406617,4.433234524286382,1.0051084019120298,2.523755936092701,2.54208466681438,5.08642867681438,2.2553112150686387,1.349878811036299,1.3315500803146199,0.7029981267463111,6.422235881786337e-05,919400.9976721129,18388.019947213896,0.00010854380098705123,0.00010826761600540998,26062.01206436666,25929.55348377208,1538860.1906215495,30777.203802006185,3.9520877466296027,0.07904175490581916,1531039.0279239109,30620.780548106395,3.932001502635436,0.0786400300260719,"[2.067,2.357]",2.213,"[2.500,3.000]",2.75,0.002,0.0,775,1.551,0.12,-3.920685477471,43,1.299314522529,0.005,0.0,310,1.5525,0.1,-1.775816477471,31,1.3741835225290004,1.5741894799529916,1.5788593446963388,0.700564188100004,0.7129905573471079,1.5510408658130275,1.7286159252157955,0.7067083904014192,0.6941679308687273
26,56,3.4889,36.0,1.6076,61.62804946,1.232560989,E04001,0.99143167,0.029369743,0.0089,3.4978000000000002,1.8813000000000002,1.8902,1.0,0.0,0.0,61.62804946,1.232560989,0.6283185307179586,0.09549150281252627,0.9045084971874736,0.10557280900008409,0.04400391155933825,1.5635960884406617,4.433234524286382,1.0051084019120298,2.5070979208845703,2.5253841578874976,5.109761917887497,2.2604782498151796,1.3899936512444295,1.3717074142415022,0.7006610350723141,6.93922586322692e-05,888111.3062854155,17762.226122826145,0.00010854380098705119,0.00010826761600540993,26562.091664918058,26427.091460372507,1636969.8988866238,32739.397972420058,4.204052270907274,0.08408104540450217,1628650.0996037805,32573.00198679019,4.182685432645728,0.08365370863934059,"[2.067,2.357]",2.213,"[2.500,3.000]",2.75,0.002,0.0,781,1.563,0.12,-3.920685477471,44,1.419314522529,0.005,0.0,312,1.5625,0.1,-1.775816477471,31,1.3741835225290004,1.5858366913449942,1.5888593446963388,0.6973384528186849,0.7117562847850994,1.5750283194857873,1.7286159252157955,0.7003349554302133,0.6941679308687273
26,56,3.4889,36.0,1.6201,64.2838006,1.285676012,E04001,0.948917137,0.025822991,0.0089,3.4978000000000002,1.8688,1.8777,1.0,0.0,0.0,64.2838006,1.285676012,0.6283185307179586,0.09549150281252627,0.9045084971874736,0.10557280900008409,0.04400391155933825,1.5760960884406618,4.433234524286382,1.0051084019120298,2.490439905676439,2.508683648960615,5.133407658960616,2.2657024647911332,1.4301084914525615,1.4118647481683855,0.698295799169113,7.447510777244442e-05,863158.208463645,17263.164169272895,0.00010854380098705116,0.0001082676160054099,27074.909722950328,26937.303152023604,1740478.0978931403,34809.5619578628,4.469881153519492,0.08939762307038984,1731632.224526437,34632.644490528735,4.447163256238216,0.08894326512476432,"[2.067,2.357]",2.213,"[2.500,3.000]",2.75,0.002,0.0,788,1.577,0.12,-3.920685477471,44,1.419314522529,0.005,0.0,315,1.5775000000000001,0.1,-1.775816477471,31,1.3741835225290004,1.59942191553219,1.603859344696339,0.6934559050352788,0.7098983572365358,1.5750283194857873,1.7286159252157955,0.7003349554302133,0.6941679308687273
26,56,3.4889,36.0,1.6325,66.99921082,1.339984216,E04001,0.970160681,0.024328645,0.0089,3.4978000000000002,1.8564,1.8653,1.0,0.0,0.0,66.99921082,1.339984216,0.6283185307179586,0.09549150281252627,0.9045084971874736,0.10557280900008409,0.04400391155933825,1.5884960884406618,4.433234524286382,1.0051084019120298,2.4739151545899727,2.492116744105147,5.157172994105148,2.270940993091883,1.4699024129390277,1.4517008234238533,0.6959215345690917,7.943185871238541e-05,843480.3352971665,16869.606700907567,0.0001085438009870512,0.00010826761600540996,27596.54965937762,27456.291885412928,1848947.0485332403,36978.94095962618,4.748450196585949,0.0949690039033697,1839549.8883662361,36790.9977563422,4.724316489199489,0.09448632975578457,"[2.067,2.357]",2.213,"[2.000,2.500]",2.25,0.002,0.0,794,1.589,0.12,-3.920685477471,44,1.419314522529,0.005,0.0,317,1.5875000000000001,0.1,-1.275816477471,27,1.474183522529,1.611063661764085,1.609066736569732,0.6900213643294091,0.6877045439771893,1.5750283194857873,1.5154583474106151,0.7003349554302133,0.7009350983897589
26,56,3.4889,36.0,1.645,69.82086485,1.396417297,E04001,1.003997876,0.023202233,0.0089,3.4978000000000002,1.8439,1.8528,1.0,0.0,0.0,69.82086485,1.396417297,0.6283185307179586,0.09549150281252627,0.9045084971874736,0.10557280900008409,0.04400391155933825,1.6009960884406618,4.433234524286382,1.0051084019120298,2.457257139381842,2.4754162351782645,5.181441235178264,2.2762779345190394,1.5100172531471583,1.4918581573507357,0.6934998035680757,8.434305753742104e-05,827819.9402366001,16556.398804731998,0.00010854380098705119,0.00010826761600540993,28135.77641990346,27992.778058944124,1964464.2428638965,39289.284857277926,5.045120479579508,0.10090240959159015,1954479.9736295831,39089.59947259166,5.019478963644235,0.1003895792728847,"[2.067,2.357]",2.213,"[2.000,2.500]",2.25,0.002,0.0,800,1.601,0.12,-3.920685477471,45,1.5393145225290001,0.005,0.0,320,1.6025,0.1,-1.275816477471,27,1.474183522529,1.6227028882077974,1.6240667365697319,0.6864840036144404,0.6855588829940096,1.598788986339514,1.5154583474106151,0.693639746173915,0.7009350983897589
26,56,3.4889,36.0,1.6575,72.71399784,1.454279957,E04001,0.975052976,0.022004016,0.0089,3.4978000000000002,1.8314000000000001,1.8403,1.0,0.0,0.0,72.71399784,1.454279957,0.6283185307179586,0.09549150281252627,0.9045084971874736,0.10557280900008409,0.04400391155933825,1.6134960884406617,4.433234524286382,1.0051084019120298,2.4405991241737106,2.458715726251382,5.206021976251382,2.2816708737789906,1.5501320933552893,1.532015491277618,0.6910494973186935,8.91690075371328e-05,815462.6797850094,16309.253597943118,0.00010854380098705119,0.00010826761600540993,28688.800416618124,28542.99134505599,2086077.3715261614,41721.54743626099,5.357446289646309,0.10714892580766185,2075475.0110115402,41509.500225939395,5.330217396904429,0.10660434795274933,"[2.067,2.357]",2.213,"[2.000,2.500]",2.25,0.002,0.0,806,1.613,0.12,-3.920685477471,45,1.5393145225290001,0.005,0.0,322,1.6125,0.1,-1.275816477471,28,1.5741835225290002,1.6343395964987835,1.634066736569732,0.6828394228856004,0.684124884890687,1.598788986339514,1.5687477418619102,0.693639746173915,0.6934384104776535
26,56,3.4889,36.0,1.6699,75.72317903,1.514463581,E04001,1.003655697,0.022054013,0.0089,3.4978000000000002,1.8190000000000002,1.8279,1.0,0.0,0.0,75.72317903,1.514463581,0.6283185307179586,0.09549150281252627,0.9045084971874736,0.10557280900008409,0.04400391155933825,1.6258960884406617,4.433234524286382,1.0051084019120298,2.4240743730872447,2.442148821395914,5.230714831395914,2.287075606838548,1.5899260148417556,1.5718515665330863,0.6885904208587909,9.387275309293579e-05,806657.6992264478,16133.153988790044,0.0001085438009870512,0.00010826761600540996,29251.402284059874,29102.733822953403,2215009.172034417,44300.1834523889,5.688567850945364,0.11377135704895655,2203751.5235379366,44075.03048239983,5.6596560531420605,0.11319312109273778,"[2.067,2.357]",2.213,"[2.000,2.500]",2.25,0.002,0.0,812,1.625,0.12,-3.920685477471,45,1.5393145225290001,0.005,0.0,325,1.6275,0.1,-1.275816477471,28,1.5741835225290002,1.6459737882707515,1.6490667365697318,0.679082964126042,0.6819687337290821,1.598788986339514,1.5687477418619102,0.693639746173915,0.6934384104776535
26,56,3.4889,36.0,1.6824,78.82698163,1.576539633,E04001,1.004732115,0.02156622,0.0089,3.4978000000000002,1.8065000000000002,1.8154000000000001,1.0,0.0,0.0,78.82698163,1.576539633,0.6283185307179586,0.09549150281252627,0.9045084971874736,0.10557280900008409,0.04400391155933825,1.6383960884406616,4.433234524286382,1.0051084019120298,2.407416357879114,2.4254483124690314,5.255918072469031,2.292578913029829,1.6300408550498866,1.6120089004599691,0.6860827725066619,9.853081584525635e-05,800023.6368061601,16000.472740182844,0.00010854380098705116,0.0001082676160054099,29833.040518268124,29681.415916448786,2351648.5369005674,47032.970749944565,6.039483913941739,0.12078967830948156,2339696.4271982983,46793.92855583853,6.008788606734115,0.12017577216517332,"[2.067,2.357]",2.213,"[2.000,2.500]",2.25,0.002,0.0,819,1.639,0.12,-3.920685477471,46,1.6593145225290002,0.005,0.0,327,1.6375,0.1,-1.275816477471,28,1.5741835225290002,1.659543833581381,1.6590667365697318,0.6745524271091518,0.680527969155047,1.6223291796696575,1.5687477418619102,0.6865992339617434,0.6934384104776535
26,56,3.4889,36.0,1.6949,82.04143004,1.640828601,E04001,1.014121767,0.021208797,0.0089,3.4978000000000002,1.794,1.8029,1.0,0.0,0.0,82.04143004,1.640828601,0.6283185307179586,0.09549150281252627,0.9045084971874736,0.10557280900008409,0.04400391155933825,1.6508960884406618,4.433234524286382,1.0051084019120298,2.390758342670982,2.408747803542149,5.281433813542149,2.2981370310628018,1.6701556952580185,1.652166234386852,0.6835461298034017,0.000103105601179189,795702.940497081,15914.05881188138,0.00010854380098705119,0.00010826761600540993,30429.633829697643,30274.977078901127,2496490.6749819564,49929.813505725055,6.411466269841065,0.12822932541245113,2483802.41398127,49676.0482856804,6.378880385085285,0.1275776077172561,"[2.067,2.357]",2.213,"[2.000,2.500]",2.25,0.002,0.0,825,1.651,0.12,-3.920685477471,46,1.6593145225290002,0.005,0.0,330,1.6525,0.1,-1.275816477471,29,1.6741835225290003,1.6711725784915856,1.674066736569732,0.6705362367234682,0.6783620062537823,1.6223291796696575,1.6220371363132053,0.6865992339617434,0.6858495837213737
26,56,3.4889,36.0,1.7073,85.33678826,1.706735765,E04001,1.027692766,0.02085853,0.0089,3.4978000000000002,1.7816,1.7905,1.0,0.0,0.0,85.33678826,1.706735765,0.6283185307179586,0.09549150281252627,0.9045084971874736,0.10557280900008409,0.04400391155933825,1.6632960884406618,4.433234524286382,1.0051084019120298,2.3742335915845163,2.3921808986866813,5.307054188686681,2.3037044490747247,1.7099496167444834,1.6920023096423185,0.6810009977025517,0.00010756219021467163,793371.6121779003,15867.432241698614,0.00010854380098705119,0.00010826761600540993,31036.635339830176,30878.893541023845,2648566.778297921,52971.33555975109,6.802026834168516,0.1360405366674287,2635105.599813434,52702.11199009289,6.767455949257751,0.1353491189692944,"[2.067,2.357]",2.213,"[2.000,2.500]",2.25,0.002,0.0,831,1.663,0.12,-3.920685477471,46,1.6593145225290002,0.005,0.0,332,1.6625,0.1,-1.275816477471,29,1.6741835225290003,1.6827988120445383,1.684066736569732,0.6663914873466235,0.6769149243464434,1.6223291796696575,1.6220371363132053,0.6865992339617434,0.6858495837213737
26,56,3.4889,36.0,1.7198,88.77330738,1.775466148,E04001,1.049865131,0.020726951,0.0089,3.4978000000000002,1.7691000000000001,1.778,1.0,0.0,0.0,88.77330738,1.775466148,0.6283185307179586,0.09549150281252627,0.9045084971874736,0.10557280900008409,0.04400391155933825,1.6757960884406617,4.433234524286382,1.0051084019120298,2.357575576376385,2.3754803897597982,5.333192429759798,2.309370570038468,1.750064456952615,1.7321596435692017,0.6784061909161958,0.00011197316722389571,792808.7557128175,15856.175117828636,0.0001085438009870512,0.00010826761600540996,31664.256073310185,31503.32443055385,2810940.737354997,56218.81475976564,7.219034264649914,0.14438068532552623,2796654.3031654204,55933.08607590974,7.182343965006221,0.14364687933248704,"[2.067,2.357]",2.213,"[2.000,2.500]",2.25,0.002,0.0,837,1.675,0.12,-3.920685477471,47,1.7793145225290004,0.005,0.0,335,1.6775,0.1,-1.275816477471,30,1.7741835225290004,1.6944225358666074,1.6990667365697318,0.6621122190274379,0.6747398186026838,1.6456549251807702,1.6753265307645004,0.679187463645874,0.6781798384213338
26,56,3.4889,36.0,1.7322,92.29384184,1.845876837,E04001,1.011985178,0.019936325,0.0089,3.4978000000000002,1.7567000000000002,1.7656,1.0,0.0,0.0,92.29384184,1.845876837,0.6283185307179586,0.09549150281252627,0.9045084971874736,0.10557280900008409,0.04400391155933825,1.6881960884406617,4.433234524286382,1.0051084019120298,2.3410508252899187,2.3589134849043307,5.359430324904331,2.3150443462068564,1.7898583784390811,1.771995718824669,0.6758030945608581,0.00011626866747219343,793798.0527907297,15875.961057534749,0.00010854380098705123,0.00010826761600540998,32302.883135503613,32138.70570980548,2981357.187084174,59627.14374814405,7.656696351760486,0.1531339270518017,2966204.6217230917,59324.09244088958,7.6177816613561875,0.15235563324363144,"[2.067,2.357]",2.213,"[2.000,2.500]",2.25,0.002,0.0,844,1.689,0.12,-3.920685477471,47,1.7793145225290004,0.005,0.0,337,1.6875,0.1,-1.275816477471,30,1.7741835225290004,1.7079803771386608,1.7090667365697318,0.6569412447161265,0.6732868620446025,1.6456549251807702,1.6753265307645004,0.679187463645874,0.6781798384213338
26,56,3.4889,36.0,1.7447,95.95795313,1.919159063,E04001,1.002522426,0.019487702,0.0089,3.4978000000000002,1.7442000000000002,1.7531,1.0,0.0,0.0,95.95795313,1.919159063,0.6283185307179586,0.09549150281252627,0.9045084971874736,0.10557280900008409,0.04400391155933825,1.7006960884406617,4.433234524286382,1.0051084019120298,2.324392810081788,2.342212975977448,5.386191065977448,2.320816896262488,1.8299732186472122,1.812153052751552,0.6731495916095114,0.00012051870575073085,796207.9623429585,15924.159250178156,0.00010854380098705118,0.00010826761600540992,32963.26405848517,32795.73028717973,3163087.347535934,63261.74696390397,8.123414215210019,0.16246828433806276,3147011.149761314,62940.22300834457,8.0821274598409,0.16164254923050828,"[2.067,2.357]",2.213,"[2.000,2.500]",2.25,0.002,0.0,850,1.701,0.12,-3.920685477471,47,1.7793145225290004,0.005,0.0,340,1.7025000000000001,0.1,-1.275816477471,30,1.7741835225290004,1.719598668781444,1.724066736569732,0.6523482303430442,0.6711032725380032,1.6456549251807702,1.6753265307645004,0.679187463645874,0.6781798384213338
26,56,3.4889,36.0,1.7572,99.7461133,1.994922266,E04001,1.082748956,0.020151161,0.0089,3.4978000000000002,1.7317,1.7406,1.0,0.0,0.0,99.7461133,1.994922266,0.6283185307179586,0.09549150281252627,0.9045084971874736,0.10557280900008409,0.04400391155933825,1.7131960884406618,4.433234524286382,1.0051084019120298,2.3077347948736566,2.325512467050565,5.413264307050565,2.326642281712117,1.8700880588553437,1.8523103866784352,0.6704664261858945,0.0001246890679970603,799958.7686576633,15999.175373153264,0.00010854380098705119,0.00010826761600540993,33640.778198968386,33469.801003526714,3355536.873734471,67110.73747468942,8.617661463250604,0.1723532292650121,3338482.5630262294,66769.6512605246,8.573862726505045,0.17147725453010093,"[2.067,2.357]",2.213,"[2.000,2.500]",2.25,0.002,0.0,856,1.713,0.12,-3.920685477471,48,1.8993145225289996,0.005,0.0,342,1.7125000000000001,0.1,-1.275816477471,31,1.8741835225290004,1.7312144558319176,1.734066736569732,0.6475991826219579,0.6696448773797202,1.6687719789999784,1.7286159252157955,0.671375737970343,0.6704400802137676
26,56,3.4889,36.0,1.7696,103.6194202,2.072388403,E04001,1.090529167,0.019687429,0.0089,3.4978000000000002,1.7193,1.7282,1.0,0.0,0.0,103.6194202,2.072388403,0.6283185307179586,0.09549150281252627,0.9045084971874736,0.10557280900008409,0.04400391155933825,1.7255960884406618,4.433234524286382,1.0051084019120298,2.2912100437871903,2.3089455621950976,5.440429722195098,2.3324728770545433,1.90988198034181,1.8921464619339026,0.6677752914115201,0.0001287480970505149,804822.9261155172,16096.458514543241,0.00010854380098705122,0.00010826761600540997,34330.27205036294,34155.79054463782,3557282.8851668728,71145.6576690072,9.135783866164513,0.18271567723512358,3539203.212708013,70784.06422000448,9.089351804029695,0.18178703599287532,"[2.067,2.357]",2.213,"[2.000,2.500]",2.25,0.002,0.0,862,1.725,0.12,-3.920685477471,48,1.8993145225289996,0.005,0.0,345,1.7275,0.1,-1.275816477471,31,1.8741835225290004,1.742827739909167,1.7490667365697319,0.642686352473701,0.667453453116731,1.6687719789999784,1.7286159252157955,0.671375737970343,0.6704400802137676
26,56,3.4889,36.0,1.7821,107.6439378,2.152878757,E04001,1.124076306,0.01969456,0.0089,3.4978000000000002,1.7068,1.7157,1.0,0.0,0.0,107.6439378,2.152878757,0.6283185307179586,0.09549150281252627,0.9045084971874736,0.10557280900008409,0.04400391155933825,1.7380960884406618,4.433234524286382,1.0051084019120298,2.2745520285790595,2.292245053268215,5.4681254632682155,2.3384023313510904,1.949996820549941,1.9323037958607854,0.6650326554244593,0.00013276203111554796,810803.6378737931,16216.072765008135,0.00010854380098705116,0.0001082676160054099,35043.35691164512,34865.251195773235,3772204.9317003274,75444.0986690499,9.687744851159746,0.19375489711319296,3753032.93109919,75060.65865684905,9.638507481114111,0.19277014971182285,"[2.067,2.357]",2.213,"[2.000,2.500]",2.25,0.002,0.0,869,1.739,0.12,-3.920685477471,48,1.8993145225289996,0.005,0.0,347,1.7375,0.1,-1.275816477471,32,1.974183522529,1.7563734100101627,1.759066736569732,0.6367366438494968,0.6659900486129614,1.6687719789999784,1.7819053196670904,0.671375737970343,0.6626408787458643
26,56,3.4889,36.0,1.7946,111.7871225,2.23574245,E04001,1.064523331,0.01869625,0.0089,3.4978000000000002,1.6943000000000001,1.7032,1.0,0.0,0.0,111.7871225,2.23574245,0.6283185307179586,0.09549150281252627,0.9045084971874736,0.10557280900008409,0.04400391155933825,1.7505960884406617,4.433234524286382,1.0051084019120298,2.257894013370928,2.275544544341332,5.496133704341332,2.3443834379941633,1.9901116607580724,1.9724611297876686,0.6622599761068749,0.00013669860767565368,817763.4315430524,16355.26863086105,0.00010854380098705122,0.00010826761600540997,35775.052738492894,35593.22822338126,3999190.2029218655,79983.80405843731,10.27068650793086,0.2054137301586172,3978864.563577578,79577.29127155157,10.218486372606984,0.2043697274521397,"[2.067,2.357]",2.213,"[2.000,2.500]",2.25,0.002,0.0,875,1.7510000000000001,0.12,-3.920685477471,49,2.0193145225289997,0.005,0.0,350,1.7525,0.1,-1.275816477471,32,1.974183522529,1.7679812765247647,1.7740667365697318,0.631439800380881,0.6637914282910181,1.691685844265248,1.7819053196670904,0.6631322508824453,0.6626408787458643
26,56,3.4889,36.0,1.807,116.0085699,2.320171398,E04001,1.111986814,0.018791715,0.0089,3.4978000000000002,1.6819000000000002,1.6908,1.0,0.0,0.0,116.0085699,2.320171398,0.6283185307179586,0.09549150281252627,0.9045084971874736,0.10557280900008409,0.04400391155933825,1.7629960884406617,4.433234524286382,1.0051084019120298,2.2413692622844623,2.2589776394858645,5.524226639485864,2.350367341392801,2.0299055822445373,2.012297205043135,0.6594796726566793,0.00014052804491049758,825518.9914147453,16510.379828294906,0.00010854380098705119,0.00010826761600540993,36519.80105054164,36334.191397733404,4236609.892905853,84732.19785811706,10.880425750854112,0.21760851501708223,4215077.582523935,84301.55165047868,10.825126653161142,0.21650253306322279,"[2.067,2.357]",2.213,"[2.000,2.500]",2.25,0.002,0.0,881,1.7630000000000001,0.12,-3.920685477471,49,2.0193145225289997,0.005,0.0,352,1.7625,0.1,-1.275816477471,32,1.974183522529,1.7795866451816948,1.7840667365697318,0.6259509454162333,0.6623234367499886,1.691685844265248,1.7819053196670904,0.6631322508824453,0.6626408787458643
26,56,3.4889,36.0,1.8195,120.382501,2.40765002,E04001,1.104811737,0.018441218,0.0089,3.4978000000000002,1.6694000000000002,1.6783000000000001,1.0,0.0,0.0,120.382501,2.40765002,0.6283185307179586,0.09549150281252627,0.9045084971874736,0.10557280900008409,0.04400391155933825,1.7754960884406616,4.433234524286382,1.0051084019120298,2.224711247076331,2.242277130558982,5.552857380558981,2.3564501650913354,2.070020422452669,2.052454538970018,0.6566467806160894,0.0001443129088524375,834176.9420162769,16683.53884032554,0.00010854380098705119,0.00010826761600540993,37290.152593680956,37100.62767632173,4489081.83189895,89781.63663797901,11.52882205257365,0.23057644105147304,4466266.348345429,89325.32696690857,11.47022752037714,0.22940455040754282,"[2.067,2.357]",2.213,"[2.000,2.500]",2.25,0.002,0.0,887,1.7750000000000001,0.12,-3.920685477471,49,2.0193145225289997,0.005,0.0,355,1.7775,0.1,-1.275816477471,33,2.074183522529,1.791189517592791,1.799066736569732,0.6202598173402544,0.6601182485412331,1.691685844265248,1.8351947141183855,0.6631322508824453,0.6547924495135822
26,56,3.4889,36.0,1.832,124.8631667,2.497263333,E04001,1.081183536,0.018099813,0.0089,3.4978000000000002,1.6569,1.6658,1.0,0.0,0.0,124.8631667,2.497263333,0.6283185307179586,0.09549150281252627,0.9045084971874736,0.10557280900008409,0.04400391155933825,1.7879960884406618,4.433234524286382,1.0051084019120298,2.2080532318682,2.225576621632099,5.581800621632099,2.3625834634213665,2.1101352626608003,2.092611872896901,0.6537834812814638,0.00014802282699314566,843539.9406726768,16870.79880669782,0.0001085438009870512,0.00010826761600540996,38080.738244891385,37887.19522436579,4754881.567530938,95097.63131253803,12.211446689074439,0.2442289336836901,4730715.173095429,94614.30342402137,12.149382758958593,0.24298765508187023,"[2.357,2.642]",2.5,"[2.000,2.500]",2.25,0.002,0.0,893,1.7870000000000001,0.24,-5.273316477470999,30,2.0466835225290003,0.005,0.0,357,1.7875,0.1,-1.275816477471,33,2.074183522529,1.8153205869751048,1.809066736569732,0.6912549470168105,0.6586460851869125,1.9421234176010564,1.8351947141183855,0.652521382231818,0.6547924495135822
26,56,3.4889,36.0,1.8444,129.3973629,2.587947259,E04001,1.182404313,0.019552176,0.0089,3.4978000000000002,1.6445,1.6534,1.0,0.0,0.0,129.3973629,2.587947259,0.6283185307179586,0.09549150281252627,0.9045084971874736,0.10557280900008409,0.04400391155933825,1.8003960884406618,4.433234524286382,1.0051084019120298,2.191528480781734,2.2090097167766314,5.610821076776631,2.368717179567166,2.149929184147266,2.1324479481523686,0.6509129290474155,0.0001516298284531426,853376.7018010379,17067.534042615767,0.00010854380098705118,0.00010826761600540992,38885.56045196316,38687.92697184771,5031688.977372564,100633.77958633685,12.92234114152597,0.258446822930385,5006115.726224876,100122.31456318544,12.856664133882127,0.25713328277700054,"[2.357,2.642]",2.5,"[2.000,2.500]",2.25,0.002,0.0,900,1.801,0.24,-5.273316477470999,30,2.0466835225290003,0.005,0.0,360,1.8025,0.1,-1.275816477471,34,2.1741835225290003,1.8288480700351926,1.8240667365697318,0.6876525518863899,0.656434946541061,1.9421234176010564,1.8884841085696809,0.652521382231818,0.6469046387498559
26,56,3.4889,36.0,1.8569,134.0680067,2.681360135,E04001,1.126294063,0.019691499,0.0089,3.4978000000000002,1.6320000000000001,1.6409,1.0,0.0,0.0,134.0680067,2.681360135,0.6283185307179586,0.09549150281252627,0.9045084971874736,0.10557280900008409,0.04400391155933825,1.8128960884406617,4.433234524286382,1.0051084019120298,2.1748704655736026,2.192309207849749,5.640386817849748,2.374949855860066,2.1900440243553976,2.1726052820792514,0.6479887099205629,0.00015519291631448554,863879.6788142208,17277.593582728005,0.00010854380098705118,0.00010826761600540992,39718.19272731088,39516.32744463631,5324938.928677007,106498.77861325831,13.675463190113057,0.27350926390426505,5297875.252606895,105957.50509165421,13.605958485769357,0.27211916981687256,"[2.357,2.642]",2.5,"[2.000,2.500]",2.25,0.002,0.0,906,1.813,0.24,-5.273316477470999,31,2.2866835225290005,0.005,0.0,362,1.8125,0.1,-1.275816477471,34,2.1741835225290003,1.8404403585475606,1.8340667365697318,0.684475975246542,0.6549590193880229,1.9834873465255325,1.8884841085696809,0.6370010735426113,0.6469046387498559
26,56,3.4889,36.0,1.8693,138.7841709,2.775683417,E04001,1.181690959,0.057715516,0.0089,3.4978000000000002,1.6196000000000002,1.6285,1.0,0.0,0.0,138.7841709,2.775683417,0.6283185307179586,0.09549150281252627,0.9045084971874736,0.10557280900008409,0.04400391155933825,1.8252960884406617,4.433234524286382,1.0051084019120298,2.1583457144871367,2.1757423029942813,5.6700247929942815,2.381181385991895,2.2298379458418633,2.212441357334719,0.6450574999789238,0.0001586559048606905,874749.4839341838,17494.989672380732,0.00010854380098705119,0.00010826761600540993,40565.918238150196,40359.744442471245,5629907.329478864,112598.14654901136,14.458680461742805,0.2891736091306751,5601293.670184254,112025.87336332536,14.385195103570801,0.2877039019677646,"[2.357,2.642]",2.5,"[2.000,2.500]",2.25,0.002,0.0,912,1.825,0.24,-5.273316477470999,31,2.2866835225290005,0.005,0.0,365,1.8275000000000001,0.1,-1.275816477471,34,2.1741835225290003,1.8520301592431636,1.849066736569732,0.6812141371510926,0.6527425368539719,1.9834873465255325,1.8884841085696809,0.6370010735426113,0.6469046387498559
26,56,3.4889,36.0,1.8818,143.6163644,2.872327288,E04001,1.267265056,0.05361506,0.0089,3.4978000000000002,1.6071000000000002,1.616,1.0,0.0,0.0,143.6163644,2.872327288,0.6283185307179586,0.09549150281252627,0.9045084971874736,0.10557280900008409,0.04400391155933825,1.8377960884406617,4.433234524286382,1.0051084019120298,2.1416876992790055,2.1590417940673983,5.7002130340673975,2.387511891921671,2.269952786049995,2.252598691261602,0.6420719112061071,0.00016207548759065462,886107.8657540379,17722.157315080756,0.0001085438009870512,0.00010826761600540996,41443.04180712328,41232.410084609466,5951898.9940162515,119037.97988032503,15.285616735544975,0.3057123347108995,5921648.831801509,118432.97663603016,15.207928524392955,0.3041585704878591,"[2.357,2.642]",2.5,"[2.000,2.500]",2.25,0.002,0.0,918,1.837,0.24,-5.273316477470999,31,2.2866835225290005,0.005,0.0,367,1.8375000000000001,0.1,-1.275816477471,35,2.2741835225290004,1.863617473723032,1.859066736569732,0.677863758705114,0.6512632465946074,1.9834873465255325,1.941773503020976,0.6370010735426113,0.638986911231743
26,56,3.4889,36.0,1.8943,148.516697,2.97033394,E04001,1.144652443,0.046459423,0.0089,3.4978000000000002,1.5946,1.6035,1.0,0.0,0.0,148.516697,2.97033394,0.6283185307179586,0.09549150281252627,0.9045084971874736,0.10557280900008409,0.04400391155933825,1.8502960884406618,4.433234524286382,1.0051084019120298,2.1250296840708742,2.1423412851405153,5.730713775140515,2.3938909279957836,2.3100676262581263,2.2927560251884853,0.6390553503178406,0.00016542429861626055,897792.5144148164,17955.85028829633,0.0001085438009870512,0.00010826761600540996,42343.4728421404,42128.264734022625,6288712.726023895,125774.2545204779,16.150618917859116,0.32301237835718233,6256750.728638624,125135.01457277249,16.06853438607776,0.32137068772155525,"[2.357,2.642]",2.5,"[2.000,2.500]",2.25,0.002,0.0,925,1.851,0.24,-5.273316477470999,31,2.2866835225290005,0.005,0.0,370,1.8525,0.1,-1.275816477471,35,2.2741835225290004,1.8771328671160106,1.8740667365697319,0.6738384642438573,0.6490420156603491,1.9834873465255325,1.941773503020976,0.6370010735426113,0.638986911231743
26,56,3.4889,36.0,1.9067,153.4589164,3.069178327,E04001,1.10127195,0.042812762,0.0089,3.4978000000000002,1.5822,1.5911,1.0,0.0,0.0,153.4589164,3.069178327,0.6283185307179586,0.09549150281252627,0.9045084971874736,0.10557280900008409,0.04400391155933825,1.8626960884406618,4.433234524286382,1.0051084019120298,2.108504932984408,2.1257743802850477,5.761279270285048,2.4002664998464334,2.3498615477445925,2.3325921004439527,0.6360322154392248,0.0001686772372405367,909778.4556499753,18195.569107071027,0.00010854380098705122,0.00010826761600540997,43260.39784061776,43040.529517336625,6638693.775654102,132773.87546982162,17.04943729409994,0.34098874577089777,6604953.021012693,132099.06037721335,16.96278457295411,0.33925569134854594,"[2.357,2.642]",2.5,"[2.000,2.500]",2.25,0.002,0.0,931,1.863,0.24,-5.273316477470999,31,2.2866835225290005,0.005,0.0,372,1.8625,0.1,-1.275816477471,36,2.3741835225290004,1.8887148002794163,1.884066736569732,0.6702841627495896,0.6475597555641379,1.9834873465255325,1.995062897472271,0.6370010735426113,0.6310483408594019
26,56,3.4889,36.0,1.9192,158.4582465,3.169164931,E04001,1.167499982,0.043165945,0.0089,3.4978000000000002,1.5697,1.5786,1.0,0.0,0.0,158.4582465,3.169164931,0.6283185307179586,0.09549150281252627,0.9045084971874736,0.10557280900008409,0.04400391155933825,1.8751960884406618,4.433234524286382,1.0051084019120298,2.091846917776277,2.109073871358165,5.792402511358166,2.4067410561500306,2.3899763879527227,2.3727494343708346,0.6329536428101304,0.00017188762429519477,921871.1768793107,18437.42354340397,0.00010854380098705118,0.00010826761600540992,44209.30269948469,43984.61162535782,7005328.58474806,140106.5717391705,17.991025714762685,0.35982051440879165,6969724.4311377155,139394.48866673894,17.89958742812033,0.3579917486753676,"[2.357,2.642]",2.5,"[2.000,2.500]",2.25,0.002,0.0,937,1.875,0.24,-5.273316477470999,31,2.2866835225290005,0.005,0.0,375,1.8775,0.1,-1.275816477471,36,2.3741835225290004,1.9002942522857467,1.8990667365697318,0.6666297447993854,0.6453343605145351,1.9834873465255325,1.995062897472271,0.6370010735426113,0.6310483408594019
26,56,3.4889,36.0,1.9317,163.5185871,3.270371741,E04001,1.198640494,0.042992054,0.0089,3.4978000000000002,1.5572000000000001,1.5661,1.0,0.0,0.0,163.5185871,3.270371741,0.6283185307179586,0.09549150281252627,0.9045084971874736,0.10557280900008409,0.04400391155933825,1.8876960884406617,4.433234524286382,1.0051084019120298,2.075188902568146,2.0923733624312826,5.823838252431282,2.4132629886589823,2.430091228160854,2.4129067682977174,0.6298437863148177,0.00017502981159726373,934232.7778781446,18684.65555184958,0.00010854380098705119,0.00010826761600540993,45183.61466383033,44953.97170879977,7388360.829900377,147767.21655282393,18.974725892242148,0.37949451772880277,7350809.938356311,147016.19872217224,18.878288009677664,0.37756576007810283,"[2.357,2.642]",2.5,"[2.000,2.500]",2.25,0.002,0.0,943,1.887,0.24,-5.273316477470999,32,2.5266835225290007,0.005,0.0,377,1.8875,0.1,-1.275816477471,36,2.3741835225290004,1.9118712247288983,1.9090667365697318,0.6628711332693226,0.6438495163390677,2.0242737966816997,1.995062897472271,0.6199109028199412,0.6310483408594019
26,56,3.4889,36.0,1.9441,168.5788533,3.371577066,E04001,1.133000944,0.040930401,0.0089,3.4978000000000002,1.5448000000000002,1.5537,1.0,0.0,0.0,168.5788533,3.371577066,0.6283185307179586,0.09549150281252627,0.9045084971874736,0.10557280900008409,0.04400391155933825,1.9000960884406617,4.433234524286382,1.0051084019120298,2.05866415148168,2.075806457575815,5.855331267575815,2.419779177440746,2.46988514964732,2.452742843553185,0.6267278013711681,0.00017808033231073557,946644.9838258597,18932.899676517194,0.00010854380098705118,0.00010826761600540992,46175.97365310487,45941.287094271385,7784292.688451431,155685.85376902862,19.991554747921295,0.3998310949584259,7744729.497478358,154894.5899495672,19.889948894956127,0.39779897789912255,"[2.357,2.642]",2.5,"[2.000,2.500]",2.25,0.002,0.0,950,1.901,0.24,-5.273316477470999,32,2.5266835225290007,0.005,0.0,380,1.9025,0.1,-1.275816477471,37,2.474183522529,1.9253745608109654,1.924066736569732,0.6583486424284539,0.6416205301310196,2.0242737966816997,2.0483522919235657,0.6199109028199412,0.6230976038474704
26,56,3.4889,36.0,1.9566,173.7102886,3.474205771,E04001,1.174369127,0.040987785,0.0089,3.4978000000000002,1.5323000000000002,1.5412000000000001,1.0,0.0,0.0,173.7102886,3.474205771,0.6283185307179586,0.09549150281252627,0.9045084971874736,0.10557280900008409,0.04400391155933825,1.9125960884406616,4.433234524286382,1.0051084019120298,2.0420061362735487,2.059105948648932,5.887389508648932,2.426394343186806,2.5099999898554515,2.492900177480068,0.6235553340631216,0.0001810892525301812,959252.3364745162,19185.046723968182,0.00010854380098705122,0.00010826761600540997,47203.15519310051,46963.248046982175,8199673.711424079,163993.4741812784,21.05833278342926,0.42116665554735844,8157999.371834661,163159.98738972994,20.951305096415215,0.4190261018076936,"[2.357,2.642]",2.5,"[2.000,2.500]",2.25,0.002,0.0,956,1.913,0.24,-5.273316477470999,32,2.5266835225290007,0.005,0.0,382,1.9125,0.1,-1.275816477471,37,2.474183522529,1.936946166327104,1.934066736569732,0.6543491894524095,0.6401334800444545,2.0242737966816997,2.0483522919235657,0.6199109028199412,0.6230976038474704
26,56,3.4889,36.0,1.9691,178.858947,3.57717894,E04001,1.157336569,0.039975635,0.0089,3.4978000000000002,1.5198,1.5287,1.0,0.0,0.0,178.858947,3.57717894,0.6283185307179586,0.09549150281252627,0.9045084971874736,0.10557280900008409,0.04400391155933825,1.9250960884406618,4.433234524286382,1.0051084019120298,2.0253481210654174,2.042405439722049,5.919760249722049,2.433055743241829,2.550114830063583,2.5330575114069513,0.6203512935057601,0.00018403257531932326,971887.4318291408,19437.748636582815,0.00010854380098705118,0.00010826761600540992,48258.06334643663,48012.79469421879,8631386.394402953,172627.72788805905,22.167053650252306,0.4433410730050461,8587517.90153516,171750.3580307032,22.054390957317295,0.44108781914634587,"[2.357,2.642]",2.5,"[2.000,2.500]",2.25,0.002,0.0,962,1.925,0.24,-5.273316477470999,32,2.5266835225290007,0.005,0.0,385,1.9275,0.1,-1.275816477471,38,2.574183522529,1.9485152973161988,1.9490667365697318,0.6502310592302193,0.63790146419897,2.0242737966816997,2.1016416863748613,0.6199109028199412,0.6151429743602566
26,56,3.4889,36.0,1.9815,183.9992201,3.679984402,E04001,1.114135157,0.038424076,0.0089,3.4978000000000002,1.5074,1.5163,1.0,0.0,0.0,183.9992201,3.679984402,0.6283185307179586,0.09549150281252627,0.9045084971874736,0.10557280900008409,0.04400391155933825,1.9374960884406618,4.433234524286382,1.0051084019120298,2.0088233699789515,2.0258385348665815,5.952180784866582,2.4397091598931584,2.5899087515500487,2.5728935866624187,0.6171415997604025,0.00018688840040943132,984540.6119207946,19690.812238415892,0.00010854380098705116,0.0001082676160054099,49332.74381177817,49082.01316189567,9077186.386760285,181543.7277352057,23.31195342606064,0.46623906852121283,9031052.14272674,180621.04285453478,23.193471850114907,0.4638694370022981,"[2.357,2.642]",2.5,"[2.000,2.500]",2.25,0.002,0.0,968,1.937,0.24,-5.273316477470999,32,2.5266835225290007,0.005,0.0,387,1.9375,0.1,-1.275816477471,38,2.574183522529,1.9600819553650624,1.9590667365697318,0.6459891186383738,0.6364125787135975,2.0242737966816997,2.1016416863748613,0.6199109028199412,0.6151429743602566
26,56,3.4889,36.0,1.994,189.1780122,3.783560245,E04001,1.131209687,0.038535134,0.0089,3.4978000000000002,1.4949000000000001,1.5038,1.0,0.0,0.0,189.1780122,3.783560245,0.6283185307179586,0.09549150281252627,0.9045084971874736,0.10557280900008409,0.04400391155933825,1.9499960884406617,4.433234524286382,1.0051084019120298,1.99216535477082,2.009138025939699,5.985174025939699,2.446461531669709,2.6300235917581807,2.6130509205893016,0.613874395421868,0.00018970365895166122,997229.1164305104,19944.582333881586,0.0001085438009870512,0.00010826761600540996,50445.382038630785,50188.99647308482,9543157.098737756,190863.14202520048,24.508655473665513,0.49017310960286364,9494654.587090999,189893.09179200893,24.384091732834396,0.48768183478558275,"[2.357,2.642]",2.5,"[2.000,2.500]",2.25,0.002,0.0,974,1.949,0.24,-5.273316477470999,32,2.5266835225290007,0.005,0.0,389,1.9475,0.1,-1.275816477471,38,2.574183522529,1.971646142058816,1.9690667365697319,0.6416179318701304,0.6349230610863901,2.0242737966816997,2.1016416863748613,0.6199109028199412,0.6151429743602566
26,56,3.4889,36.0,2.0065,194.3846607,3.887693214,E04001,1.172932057,0.038789069,0.0089,3.4978000000000002,1.4824000000000002,1.4913,1.0,0.0,0.0,194.3846607,3.887693214,0.6283185307179586,0.09549150281252627,0.9045084971874736,0.10557280900008409,0.04400391155933825,1.9624960884406617,4.433234524286382,1.0051084019120298,1.975507339562689,1.9924375170128164,6.018479767012816,2.4532590093613873,2.670138431966311,2.6532082545161835,0.6105753523768696,0.00019245593842130528,1010021.6303768844,20200.432607537685,0.0001085438009870512,0.00010826761600540996,51588.31400973397,51326.11956242422,10027976.914867194,200559.53829734388,25.75376563138197,0.5150753126276394,9977010.336189464,199540.20672378928,25.62287369440975,0.512457473888195,"[2.357,2.642]",2.5,"[1.500,2.000]",1.75,0.002,0.0,981,1.963,0.24,-5.273316477470999,33,2.766683522529,0.005,0.0,392,1.9625000000000001,0.1,-0.7758164774709999,34,2.6741835225290003,1.9851345717956264,1.9792741284431248,0.6363471560400945,0.5938900666473063,2.0645062996703905,1.8884841085696809,0.6010066377234542,0.6092193265823599
26,56,3.4889,36.0,2.0189,199.5545263,3.991090526,E04001,1.122500222,0.037383266,0.0089,3.4978000000000002,1.4700000000000002,1.4789,1.0,0.0,0.0,199.5545263,3.991090526,0.6283185307179586,0.09549150281252627,0.9045084971874736,0.10557280900008409,0.04400391155933825,1.9748960884406617,4.433234524286382,1.0051084019120298,1.9589825884762229,1.9758706121573486,6.051827822157348,2.460046304880733,2.7099323534527766,2.6930443297716513,0.6072711621090903,0.00019512483790479698,1022701.8171687825,20454.03634337565,0.00010854380098705122,0.00010826761600540997,52752.9388687202,52484.8252868722,10527087.726880318,210541.75453760635,27.035577804046405,0.540711556080928,10473584.448060043,209471.68896120085,26.8981711351893,0.5379634227037859,"[2.357,2.642]",2.5,"[1.500,2.000]",1.75,0.002,0.0,987,1.975,0.24,-5.273316477470999,33,2.766683522529,0.005,0.0,394,1.9725000000000001,0.1,-0.7758164774709999,34,2.6741835225290003,1.9966934093164213,1.9892741284431248,0.6316757037345136,0.5922060182530057,2.0645062996703905,1.8884841085696809,0.6010066377234542,0.6092193265823599
26,56,3.4889,36.0,2.0314,204.7727754,4.095455507,E04001,1.186681186,0.037749159,0.0089,3.4978000000000002,1.4575,1.4664,1.0,0.0,0.0,204.7727754,4.095455507,0.6283185307179586,0.09549150281252627,0.9045084971874736,0.10557280900008409,0.04400391155933825,1.9873960884406618,4.433234524286382,1.0051084019120298,1.9423245732680916,1.9591701032304658,6.085756063230466,2.466932521012779,2.750047193660908,2.733201663698534,0.6039084515431679,0.00019775427458241122,1035491.019511004,20709.820385163297,0.00010854380098705122,0.00010826761600540997,53958.98557428138,53684.74233389608,11049331.233814161,220986.62462232422,28.376799168461893,0.5675359832306608,10993173.684345774,219863.47363323072,28.23257582414033,0.5646515163449338,"[2.357,2.642]",2.5,"[1.500,2.000]",1.75,0.002,0.0,993,1.987,0.24,-5.273316477470999,33,2.766683522529,0.005,0.0,397,1.9875,0.1,-0.7758164774709999,35,2.7741835225290004,2.0082497804904946,2.0042741284431247,0.6268555250769887,0.5896820438867004,2.0645062996703905,1.941773503020976,0.6010066377234542,0.6002141405590052
26,56,3.4889,36.0,2.0438,209.9431388,4.198862776,E04001,1.152693064,0.036819493,0.0089,3.4978000000000002,1.4451,1.454,1.0,0.0,0.0,209.9431388,4.198862776,0.6283185307179586,0.09549150281252627,0.9045084971874736,0.10557280900008409,0.04400391155933825,1.9997960884406618,4.433234524286382,1.0051084019120298,1.9257998221816255,1.9426031983749983,6.119721638374998,2.473807114221923,2.789841115147375,2.7730377389540024,0.6005409481175957,0.00020030303803997155,1048127.5813605221,20962.55162721044,0.00010854380098705122,0.00010826761600540997,55188.12517800633,54907.63491084275,11586368.224357959,231727.36448715918,29.756013032560706,0.5951202606512142,11527481.217266787,230549.62434533573,29.604779918221244,0.5920955983644249,"[2.357,2.642]",2.5,"[1.500,2.000]",1.75,0.002,0.0,999,1.999,0.24,-5.273316477470999,33,2.766683522529,0.005,0.0,399,1.9975,0.1,-0.7758164774709999,35,2.7741835225290004,2.0198036868959335,2.014274128443125,0.6218796548779285,0.5880008837085402,2.0645062996703905,1.941773503020976,0.6010066377234542,0.6002141405590052
26,56,3.4889,36.0,2.0563,215.1633993,4.303267986,E04001,1.189793435,0.03699514,0.0089,3.4978000000000002,1.4326000000000003,1.4415000000000002,1.0,0.0,0.0,215.1633993,4.303267986,0.6283185307179586,0.09549150281252627,0.9045084971874736,0.10557280900008409,0.04400391155933825,2.0122960884406615,4.433234524286382,1.0051084019120298,1.909141806973495,1.9259026894481157,6.1542723794481144,2.480780598813227,2.829955955355504,2.8131950728808834,0.5971142635075648,0.00020281310620548151,1060894.9457240978,21217.898914481957,0.0001085438009870512,0.00010826761600540996,56461.19569908063,56174.23512894114,12148382.795156728,242967.65590313455,31.199374107346838,0.6239874821469367,12086639.383420449,241732.78766840897,31.040805198718758,0.6208161039743751,"[2.357,2.642]",2.5,"[1.500,2.000]",1.75,0.002,0.0,1006,2.013,0.24,-5.273316477470999,33,2.766683522529,0.005,0.0,402,2.0125,0.1,-0.7758164774709999,35,2.7741835225290004,2.0332801312782465,2.029274128443125,0.6158677846855041,0.5854815303106248,2.0645062996703905,1.941773503020976,0.6010066377234542,0.6002141405590052
26,56,3.4889,36.0,2.0688,220.3702439,4.407404879,E04001,1.207059516,0.038253803,0.0089,3.4978000000000002,1.4201000000000001,1.429,1.0,0.0,0.0,220.3702439,4.407404879,0.6283185307179586,0.09549150281252627,0.9045084971874736,0.10557280900008409,0.04400391155933825,2.0247960884406617,4.433234524286382,1.0051084019120298,1.8924837917653634,1.909202180521233,6.189135620521233,2.4877973431373452,2.870070795563637,2.853352406807767,0.5936553554111849,0.0002052645574980258,1073591.303759878,21471.826080069328,0.00010854380098705122,0.00010826761600540997,57769.47529497178,57475.8654738894,12730673.360727955,254613.46727232862,32.6948078206867,0.6538961565620971,12665970.492844595,253319.4099143678,32.52863846177285,0.6505727693830662,"[2.357,2.642]",2.5,"[1.500,2.000]",1.75,0.002,0.0,1012,2.025,0.24,-5.273316477470999,33,2.766683522529,0.005,0.0,404,2.0225,0.1,-0.7758164774709999,36,2.8741835225290004,2.044828702757343,2.039274128443125,0.6105285208807165,0.5838036402803323,2.0645062996703905,1.995062897472271,0.6010066377234542,0.5912316641580079
26,56,3.4889,36.0,2.0812,225.550063,4.511001261,E04001,1.205940696,0.039813777,0.0089,3.4978000000000002,1.4077000000000002,1.4166,1.0,0.0,0.0,225.550063,4.511001261,0.6283185307179586,0.09549150281252627,0.9045084971874736,0.10557280900008409,0.04400391155933825,2.0371960884406617,4.433234524286382,1.0051084019120298,1.8759590406788975,1.8926352756657654,6.2240287156657645,2.4948003358316604,2.9098647170501026,2.893188482063235,0.5901922137036647,0.00020763934053949913,1086258.8101752023,21725.17620832009,0.00010854380098705118,0.00010826761600540992,59103.15544741136,58802.76727861265,13330720.434662424,266614.40875235165,34.23584364885997,0.6847168731289877,13262967.864265421,265259.3573441112,34.06184206970384,0.6812368415450936,"[2.357,2.642]",2.5,"[1.500,2.000]",1.75,0.002,0.0,1018,2.037,0.24,-5.273316477470999,34,3.0066835225290003,0.005,0.0,407,2.0375,0.1,-0.7758164774709999,36,2.8741835225290004,2.0563748144539815,2.054274128443125,0.6050084010659244,0.581289471361931,2.104206831080068,1.995062897472271,0.5799900864239393,0.5912316641580079
26,56,3.4889,36.0,2.1062,235.9817057,4.719634114,E04001,1.195007889,0.020679569,0.0089,3.4978000000000002,1.3827000000000003,1.3916000000000002,1.0,0.0,0.0,235.9817057,4.719634114,0.6283185307179586,0.09549150281252627,0.9045084971874736,0.10557280900008409,0.04400391155933825,2.0621960884406616,4.433234524286382,1.0051084019120298,1.8426430102626354,1.859234257812,6.295312697811999,2.5090461729135236,2.9900943974663643,2.9735031499169997,0.5831132026019551,0.00021225788642243422,1111768.8472142364,22235.376944284726,0.00010854380098705116,0.0001082676160054099,61905.20134828287,61590.5719527564,14608495.005869731,292169.90011739463,37.51741351245079,0.7503482702490157,14534248.224450035,290684.9644890007,37.326733555386625,0.7465346711077323,"[2.357,2.642]",2.5,"[1.500,2.000]",1.75,0.002,0.0,1031,2.063,0.24,-5.273316477470999,34,3.0066835225290003,0.005,0.0,412,2.0625,0.1,-0.7758164774709999,37,2.974183522529,2.08138295885972,2.079274128443125,0.5923836178230864,0.5771067813500763,2.104206831080068,2.0483522919235657,0.5799900864239393,0.5822816456496421
26,56,3.4889,36.0,2.1186,241.1461194,4.822922389,E04001,1.177709186,0.018743822,0.0089,3.4978000000000002,1.3703000000000003,1.3792000000000002,1.0,0.0,0.0,241.1461194,4.822922389,0.6283185307179586,0.09549150281252627,0.9045084971874736,0.10557280900008409,0.04400391155933825,2.0745960884406616,4.433234524286382,1.0051084019120298,1.8261182591761693,1.8426673529565323,6.331133312956531,2.5161743407316854,3.02988831895283,3.0133392251724676,0.5795538472094681,0.00021446640604500382,1124400.4310371932,22488.0086254066,0.00010854380098705119,0.00010826761600540993,63353.51345049433,63031.52309738549,15277453.91894241,305549.0784422018,39.2354281439719,0.7847085630421421,15199807.19480598,303996.1439591511,39.03601648273348,0.7807203298165466,"[2.357,2.642]",2.5,"[1.500,2.000]",1.75,0.002,0.0,1037,2.075,0.24,-5.273316477470999,34,3.0066835225290003,0.005,0.0,414,2.0725000000000002,0.1,-0.7758164774709999,37,2.974183522529,2.0929212916021243,2.089274128443125,0.5862279115258612,0.5754365275764077,2.104206831080068,2.0483522919235657,0.5799900864239393,0.5822816456496421
26,56,3.4889,36.0,2.1311,246.3447194,4.926894388,E04001,1.185330868,0.017942337,0.0089,3.4978000000000002,1.3578000000000001,1.3667,1.0,0.0,0.0,246.3447194,4.926894388,0.6283185307179586,0.09549150281252627,0.9045084971874736,0.10557280900008409,0.04400391155933825,2.0870960884406617,4.433234524286382,1.0051084019120298,1.809460243968038,1.8259668440296493,6.367554054029649,2.5234012867615108,3.0700031591609616,3.053496559099351,0.5759333872045828,0.00021663865664438961,1137122.63183192,22742.4526366384,0.00010854380098705118,0.00010826761600540992,64854.42890310086,64524.81023910207,15976546.08998163,319530.9217996326,41.030830754142,0.82061661508284,15895346.272689847,317906.9254537969,40.822294069066146,0.8164458813813228,"[2.357,2.642]",2.5,"[1.500,2.000]",1.75,0.002,0.0,1043,2.087,0.24,-5.273316477470999,34,3.0066835225290003,0.005,0.0,417,2.0875,0.1,-0.7758164774709999,38,3.074183522529,2.1044571710972733,2.104274128443125,0.5798491973930793,0.5729343437596351,2.104206831080068,2.1016416863748613,0.5799900864239393,0.5733731832029448
26,56,3.4889,36.0,2.1436,251.5580771,5.031161543,E04001,1.16076575,0.017411486,0.0089,3.4978000000000002,1.3453,1.3541999999999998,1.0,0.0,0.0,251.5580771,5.031161543,0.6283185307179586,0.09549150281252627,0.9045084971874736,0.10557280900008409,0.04400391155933825,2.099596088440662,4.433234524286382,1.0051084019120298,1.7928022287599064,1.8092663351027662,6.404287295102767,2.530669337369615,3.110117999369094,3.093653893026234,0.5722803456378048,0.00021875746500955647,1149940.538436074,22998.810773292753,0.00010854380098705122,0.00010826761600540997,66397.74282063522,66060.28035814445,16702888.507739326,334057.77022118424,42.89621721781943,0.8579243445269107,16617997.099581715,332359.9420576946,42.67819982025564,0.8535639965747683,"[2.357,2.642]",2.5,"[1.500,2.000]",1.75,0.002,0.0,1049,2.099,0.24,-5.273316477470999,34,3.0066835225290003,0.005,0.0,419,2.0975,0.1,-0.7758164774709999,38,3.074183522529,2.115990598909306,2.114274128443125,0.573235438049445,0.5712684314886717,2.104206831080068,2.1016416863748613,0.5799900864239393,0.5733731832029448
26,56,3.4889,36.0,2.156,256.6849549,5.133699097,E04001,1.207706155,0.017687051,0.0089,3.4978000000000002,1.3329,1.3417999999999999,1.0,0.0,0.0,256.6849549,5.133699097,0.6283185307179586,0.09549150281252627,0.9045084971874736,0.10557280900008409,0.04400391155933825,2.111996088440662,4.433234524286382,1.0051084019120298,1.7762774776734402,1.7926994302472987,6.441035430247299,2.5379195082286,3.1499119208555606,3.133489968281702,0.5686242895248425,0.00022080736082573258,1162483.6868666848,23249.673732804862,0.0001085438009870512,0.00010826761600540996,67971.94544917413,67626.48219820896,17447375.75208652,348947.51497375855,44.80820307191979,0.8961640612638311,17358700.53309292,347174.01059423195,44.58046812331945,0.8916093622927114,"[2.357,2.642]",2.5,"[1.500,2.000]",1.75,0.002,0.0,1055,2.111,0.24,-5.273316477470999,35,3.2466835225290005,0.005,0.0,422,2.1125,0.1,-0.7758164774709999,39,3.1741835225290003,2.1275215766006994,2.1292741284431247,0.5663737108587986,0.5687730115854276,2.1433959508331357,2.1549310808261564,0.5564933815751957,0.5645147373949085
26,56,3.4889,36.0,2.1685,261.9292136,5.238584271,E04001,1.172072392,0.017103858,0.0089,3.4978000000000002,1.3204000000000002,1.3293000000000001,1.0,0.0,0.0,261.9292136,5.238584271,0.6283185307179586,0.09549150281252627,0.9045084971874736,0.10557280900008409,0.04400391155933825,2.1244960884406616,4.433234524286382,1.0051084019120298,1.7596194624653094,1.7759989213204161,6.478391171320415,2.545268388858121,3.19002676106369,3.1736473022085834,0.5649062061190547,0.00022282225009206787,1175507.4436766237,23510.148869044588,0.00010854380098705122,0.00010826761600540997,69603.83414720015,69250.07692184439,18231277.541720964,364625.55076481536,46.82141302839023,0.9364282603890484,18138618.18987821,362772.3637283141,46.58344606345076,0.9316689210911676,"[2.357,2.642]",2.5,"[1.500,2.000]",1.75,0.002,0.0,1062,2.125,0.24,-5.273316477470999,35,3.2466835225290005,0.005,0.0,424,2.1225,0.1,-0.7758164774709999,39,3.1741835225290003,2.1409712893092916,2.139274128443125,0.5580363689011651,0.5671117735577813,2.1433959508331357,2.1549310808261564,0.5564933815751957,0.5645147373949085
26,56,3.4889,36.0,2.181,267.1386597,5.342773194,E04001,1.201623158,0.017107221,0.0089,3.4978000000000002,1.3079,1.3168,1.0,0.0,0.0,267.1386597,5.342773194,0.6283185307179586,0.09549150281252627,0.9045084971874736,0.10557280900008409,0.04400391155933825,2.136996088440662,4.433234524286382,1.0051084019120298,1.7429614472571782,1.7592984123935334,6.516059412393533,2.552657323730221,3.2301416012718214,3.213804636135466,0.5611554083805335,0.00022478623648730536,1188411.994766799,23768.239895335984,0.00010854380098705119,0.00010826761600540993,71282.36169249877,70920.07345366677,19042274.562784746,380845.49125569494,48.904208729411465,0.9780841745882294,18945493.36823809,378909.8673647619,48.65565608284679,0.9731131216569359,"[2.357,2.642]",2.5,"[1.500,2.000]",1.75,0.002,0.0,1068,2.137,0.24,-5.273316477470999,35,3.2466835225290005,0.005,0.0,427,2.1375,0.1,-0.7758164774709999,39,3.1741835225290003,2.152496963758253,2.154274128443125,0.5505883045966266,0.5646236076923515,2.1433959508331357,2.1549310808261564,0.5564933815751957,0.5645147373949085
26,56,3.4889,36.0,2.1934,272.3761154,5.447522308,E04001,1.222574158,0.017108695,0.0089,3.4978000000000002,1.2955,1.3044,1.0,0.0,0.0,272.3761154,5.447522308,0.6283185307179586,0.09549150281252627,0.9045084971874736,0.10557280900008409,0.04400391155933825,2.1493960884406618,4.433234524286382,1.0051084019120298,1.726436696170712,1.7427315075380658,6.553735067538066,2.5600263802426073,3.2699355227582885,3.2536407113909345,0.5574022576503966,0.00022668504464490893,1201561.910829468,24031.238216589358,0.0001085438009870512,0.00010826761600540996,72995.04782219298,72624.054960971,19882107.569246154,397642.1513849231,51.06106076462503,1.0212212152925007,19781057.97486538,395621.1594973076,50.80154604965093,1.0160309209930185,"[2.357,2.642]",2.5,"[1.500,2.000]",1.75,0.002,0.0,1074,2.149,0.24,-5.273316477470999,35,3.2466835225290005,0.005,0.0,429,2.1475,0.1,-0.7758164774709999,40,3.274183522529,2.1640201930235037,2.164274128443125,0.5428445087486806,0.5629673647025967,2.1433959508331357,2.208220475277451,0.5564933815751957,0.5557141462630535
26,56,3.4889,36.0,2.2059,277.6068998,5.552137996,E04001,1.22475342,0.017110526,0.0089,3.4978000000000002,1.283,1.2918999999999998,1.0,0.0,0.0,277.6068998,5.552137996,0.6283185307179586,0.09549150281252627,0.9045084971874736,0.10557280900008409,0.04400391155933825,2.161896088440662,4.433234524286382,1.0051084019120298,1.7097786809625808,1.726030998611183,6.592025808611184,2.5674940717772228,3.31005036296642,3.2937980453178177,0.5535861860900474,0.0002285501295086219,1214643.37122385,24292.867424476997,0.00010854380098705116,0.0001082676160054099,74771.0944940297,74391.07498434174,20756971.737140436,415139.4347428087,53.307879532809416,1.0661575906561882,20651475.699192446,413029.5139838489,53.03694549901404,1.0607389099802806,"[2.357,2.642]",2.5,"[1.500,2.000]",1.75,0.002,0.0,1080,2.161,0.24,-5.273316477470999,35,3.2466835225290005,0.005,0.0,432,2.1625,0.1,-0.7758164774709999,40,3.274183522529,2.175540978660628,2.179274128443125,0.534787362153118,0.5604869251980579,2.1433959508331357,2.208220475277451,0.5564933815751957,0.5557141462630535
26,56,3.4889,36.0,2.2183,282.8069997,5.656139994,E04001,1.23759313,0.016972706,0.0089,3.4978000000000002,1.2706,1.2794999999999999,1.0,0.0,0.0,282.8069997,5.656139994,0.6283185307179586,0.09549150281252627,0.9045084971874736,0.10557280900008409,0.04400391155933825,2.174296088440662,4.433234524286382,1.0051084019120298,1.6932539298761147,1.709464093755715,6.630318983755716,2.5749405786844317,3.3498442844528866,3.3336341205732865,0.5497682217705893,0.0002303524647298876,1227714.2336272409,24554.284672544818,0.00010854380098705122,0.00010826761600540997,76583.7079414306,76194.47593487876,21658408.668817054,433168.17337634106,55.622942248545556,1.112458844970911,21548331.132856917,430966.62265713833,55.340242050243894,1.1068048410048779,"[2.357,2.642]",2.5,"[1.500,2.000]",1.75,0.002,0.0,1087,2.1750000000000003,0.24,-5.273316477470999,35,3.2466835225290005,0.005,0.0,434,2.1725,0.1,-0.7758164774709999,41,3.3741835225290004,2.1889788088358557,2.1892741284431247,0.5249658152984467,0.5588359862537897,2.1433959508331357,2.2615098697287466,0.5564933815751957,0.5469786425230544
26,56,3.4889,36.0,2.2308,288.074225,5.761484499,E04001,1.20107934,0.016523519,0.0089,3.4978000000000002,1.2581000000000002,1.2670000000000001,1.0,0.0,0.0,288.074225,5.761484499,0.6283185307179586,0.09549150281252627,0.9045084971874736,0.10557280900008409,0.04400391155933825,2.1867960884406616,4.433234524286382,1.0051084019120298,1.676595914667984,1.692763584828833,6.669232224828832,2.5824856678844963,3.389959124661016,3.373791454500167,0.5458867590562568,0.00023212193856119036,1241046.954827408,24820.939092240078,0.00010854380098705119,0.00010826761600540993,78463.82983244419,78065.0422214972,22603406.96951324,452068.13931180094,58.0498789043432,1.1609975778853538,22488526.537550088,449770.53067293664,57.754843949084716,1.1550968787812081,"[2.357,2.642]",2.5,"[1.500,2.000]",1.75,0.002,0.0,1093,2.187,0.24,-5.273316477470999,36,3.4866835225290007,0.005,0.0,437,2.1875,0.1,-0.7758164774709999,41,3.3741835225290004,2.2004943052740344,2.204274128443125,0.5161622708064765,0.556363727876657,2.182092927664414,2.2615098697287466,0.5300574240541632,0.5469786425230544
26,56,3.4889,36.0,2.2433,293.3550142,5.867100284,E04001,1.216955507,0.016464692,0.0089,3.4978000000000002,1.2456,1.2545,1.0,0.0,0.0,293.3550142,5.867100284,0.6283185307179586,0.09549150281252627,0.9045084971874736,0.10557280900008409,0.04400391155933825,2.199296088440662,4.433234524286382,1.0051084019120298,1.6599378994598526,1.67606307590195,6.70845796590195,2.59006910446458,3.4300739648691474,3.4139487884270503,0.5419724348565039,0.00023384464159905444,1254486.7917178147,25089.735834356292,0.00010854380098705119,0.00010826761600540993,80398.83670029869,79990.21453542227,23585401.881879605,471708.0376375921,60.57182994581384,1.2114365989162768,23465530.52089985,469310.61041799694,60.263977328800884,1.2052795465760173,"[2.357,2.642]",2.5,"[1.500,2.000]",1.75,0.002,0.0,1099,2.199,0.24,-5.273316477470999,36,3.4866835225290007,0.005,0.0,439,2.1975000000000002,0.1,-0.7758164774709999,41,3.3741835225290004,2.2120073629992447,2.214274128443125,0.5069794043632968,0.5547183903654682,2.182092927664414,2.2615098697287466,0.5300574240541632,0.5469786425230544
26,56,3.4889,36.0,2.2557,298.6105614,5.972211228,E04001,1.205583615,0.016308867,0.0089,3.4978000000000002,1.2332,1.2421,1.0,0.0,0.0,298.6105614,5.972211228,0.6283185307179586,0.09549150281252627,0.9045084971874736,0.10557280900008409,0.04400391155933825,2.211696088440662,4.433234524286382,1.0051084019120298,1.6434131483733865,1.6594961710464822,6.747678661046482,2.597629431047947,3.4698678863556145,3.4537848636825186,0.5380569394503417,0.00023550815227168205,1267941.506566291,25358.83013132582,0.0001085438009870512,0.00010826761600540996,82374.42385203406,81955.76088642002,24597872.95145744,491957.4590291488,63.17204959687867,1.2634409919375733,24472855.768258043,489457.11536516086,62.850981522695186,1.2570196304539039,"[2.357,2.642]",2.5,"[1.500,2.000]",1.75,0.002,0.0,1105,2.211,0.24,-5.273316477470999,36,3.4866835225290007,0.005,0.0,442,2.2125,0.1,-0.7758164774709999,42,3.474183522529,2.223517983560207,2.229274128443125,0.4973925597430286,0.5522547505817019,2.182092927664414,2.3147992641800412,0.5300574240541632,0.5383148725947647
26,56,3.4889,36.0,2.2682,303.9395425,6.078790851,E04001,1.227217745,0.016911258,0.0089,3.4978000000000002,1.2207,1.2295999999999998,1.0,0.0,0.0,303.9395425,6.078790851,0.6283185307179586,0.09549150281252627,0.9045084971874736,0.10557280900008409,0.04400391155933825,2.224196088440662,4.433234524286382,1.0051084019120298,1.6267551331652552,1.6427956621195992,6.7875269021196,2.605288257011036,3.509982726563746,3.493942197609402,0.5340771059454197,0.0002371401020511655,1281687.6600416652,25633.75320505022,0.00010854380098705116,0.0001082676160054099,84424.37853433234,83995.29679955996,25659906.987571795,513198.13983586023,65.89955644006749,1.3179911290181676,25529492.08140997,510589.84171219467,65.56462597935304,1.3112925198027767,"[2.357,2.642]",2.5,"[1.500,2.000]",1.75,0.002,0.0,1112,2.225,0.24,-5.273316477470999,36,3.4866835225290007,0.005,0.0,444,2.2225,0.1,-0.7758164774709999,42,3.474183522529,2.2369439626404173,2.239274128443125,0.48566137794801467,0.5506153004453893,2.182092927664414,2.3147992641800412,0.5300574240541632,0.5383148725947647
26,56,3.4889,36.0,2.2807,309.2877495,6.185754991,E04001,1.196296978,0.017815125,0.0089,3.4978000000000002,1.2082000000000002,1.2171,1.0,0.0,0.0,309.2877495,6.185754991,0.6283185307179586,0.09549150281252627,0.9045084971874736,0.10557280900008409,0.04400391155933825,2.2366960884406617,4.433234524286382,1.0051084019120298,1.6100971179571242,1.626095153192717,6.827687643192716,2.6129844322522695,3.5500975667718753,3.5340995315362824,0.5300643696251828,0.000238727692458433,1295567.1221672485,25911.34244753384,0.00010854380098705122,0.00010826761600540997,86535.0140527629,86095.2051421979,26764219.749329913,535284.3950731332,68.73564314943138,1.3747128632108658,26628192.24117122,532563.8449095194,68.38629845166426,1.3677259692543937,"[2.357,2.642]",2.5,"[1.500,2.000]",1.75,0.002,0.0,1118,2.237,0.24,-5.273316477470999,36,3.4866835225290007,0.005,0.0,447,2.2375000000000003,0.1,-0.7758164774709999,43,3.5741835225290006,2.2484493079840604,2.254274128443125,0.4751038901750545,0.5481606996867442,2.182092927664414,2.3680886586313368,0.5300574240541632,0.5297289171034819
26,56,3.4889,36.0,2.2931,314.6244264,6.292488527,E04001,1.223681214,0.020023874,0.0089,3.4978000000000002,1.1958000000000002,1.2047,1.0,0.0,0.0,314.6244264,6.292488527,0.6283185307179586,0.09549150281252627,0.9045084971874736,0.10557280900008409,0.04400391155933825,2.2490960884406617,4.433234524286382,1.0051084019120298,1.593572366870658,1.609528248337249,6.867835858337248,2.620655616126859,3.589891488258342,3.573935606791751,0.5260512206326337,0.00024025953527442964,1309519.0001122293,26190.37999808242,0.00010854380098705122,0.00010826761600540997,88690.78886561321,88240.02336155549,27904288.573807064,558085.7713874505,71.66355827712775,1.43327116531478,27762466.735651996,555249.3346247999,71.29933262999424,1.4259866523732676,"[2.357,2.642]",2.5,"[1.500,2.000]",1.75,0.002,0.0,1124,2.249,0.24,-5.273316477470999,36,3.4866835225290007,0.005,0.0,449,2.2475,0.1,-0.7758164774709999,43,3.5741835225290006,2.2599522210569702,2.264274128443125,0.4640486791786606,0.546527411602083,2.182092927664414,2.3680886586313368,0.5300574240541632,0.5297289171034819
26,56,3.4889,36.0,2.3056,320.0254439,6.400508879,E04001,1.206154096,0.017811084,0.0089,3.4978000000000002,1.1833,1.1922,1.0,0.0,0.0,320.0254439,6.400508879,0.6283185307179586,0.09549150281252627,0.9045084971874736,0.10557280900008409,0.04400391155933825,2.261596088440662,4.433234524286382,1.0051084019120298,1.5769143516625268,1.5928277394103663,6.908619099410367,2.628425212824281,3.6300063284664734,3.614092940718634,0.5219729293580094,0.00024176111892320248,1323725.8551970008,26474.51710807633,0.0001085438009870512,0.00010826761600540996,90928.64824162603,90466.50895430917,29099481.016753327,581989.6204259951,74.7330414162844,1.4946608285592098,28951584.68618612,579031.6938141889,74.35321530903416,1.4870643064130187,"[2.357,2.642]",2.5,"[1.500,2.000]",1.75,0.002,0.0,1130,2.261,0.24,-5.273316477470999,37,3.726683522529001,0.005,0.0,452,2.2625,0.1,-0.7758164774709999,43,3.5741835225290006,2.2714527034010885,2.279274128443125,0.45246016097603137,0.5440822535418223,2.2203158498709357,2.3680886586313368,0.5001017885023136,0.5297289171034819
26,56,3.4889,36.0,2.3181,325.4685397,6.509370794,E04001,1.192127511,0.016376391,0.0089,3.4978000000000002,1.1708000000000003,1.1797000000000002,1.0,0.0,0.0,325.4685397,6.509370794,0.6283185307179586,0.09549150281252627,0.9045084971874736,0.10557280900008409,0.04400391155933825,2.2740960884406616,4.433234524286382,1.0051084019120298,1.560256336454396,1.5761272304834841,6.949714840483484,2.636231181153027,3.670121168674605,3.6542502746455163,0.5178617311069259,0.00024322069630049786,1338161.3680518593,26763.227361037185,0.0001085438009870512,0.00010826761600540996,93233.74342891297,92759.8886364429,30344650.324572776,606893.0064914555,77.93087471777808,1.5586174943555615,30190425.497237697,603808.509944754,77.53479581856966,1.5506959163713934,"[2.357,2.642]",2.5,"[1.500,2.000]",1.75,0.002,0.0,1137,2.275,0.24,-5.273316477470999,37,3.726683522529001,0.005,0.0,454,2.2725,0.1,-0.7758164774709999,44,3.6741835225290003,2.2848668626862363,2.289274128443125,0.4382138541258638,0.5424553911072633,2.2203158498709357,2.421378053082632,0.5001017885023136,0.5212263125479956
26,56,3.4889,36.0,2.3305,330.9054493,6.618108987,E04001,1.220892556,0.016228201,0.0089,3.4978000000000002,1.1584000000000003,1.1673000000000002,1.0,0.0,0.0,330.9054493,6.618108987,0.6283185307179586,0.09549150281252627,0.9045084971874736,0.10557280900008409,0.04400391155933825,2.2864960884406615,4.433234524286382,1.0051084019120298,1.54373158536793,1.5595603256280162,6.990790575628015,2.6440103206356844,3.7099150901610694,3.6940863499009833,0.5137509163439071,0.00024462785494671854,1352689.1668656182,27053.78334140021,0.00010854380098705118,0.00010826761600540992,95589.17525593664,95103.34912542389,31630978.986282155,632619.5798212324,81.23441312436118,1.6246882627327153,31470216.472283155,629404.3295407664,80.82154419347007,1.616430884113645,"[2.642,2.923]",2.783,"[1.500,2.000]",1.75,0.002,0.0,1143,2.287,0.24,-6.768405477470999,43,3.6715945225290003,0.005,0.0,457,2.2875,0.1,-0.7758164774709999,44,3.6741835225290003,2.310086835066386,2.304274128443125,0.5956057996058803,0.5400200629442915,2.4405853164330815,2.421378053082632,0.5223849120312414,0.5212263125479956
26,56,3.4889,36.0,2.343,336.4212026,6.728424052,E04001,1.236545131,0.016229655,0.0089,3.4978000000000002,1.1459000000000001,1.1548,1.0,0.0,0.0,336.4212026,6.728424052,0.6283185307179586,0.09549150281252627,0.9045084971874736,0.10557280900008409,0.04400391155933825,2.2989960884406617,4.433234524286382,1.0051084019120298,1.5270735701597986,1.5428598167011334,7.032508816701133,2.6518877835800545,3.7500299303692013,3.7342436838278665,0.5095741930492419,0.00024600605146379064,1367532.2236921375,27350.64447384275,0.0001085438009870512,0.00010826761600540996,98035.40278794087,97537.1438557741,32981188.103294462,659623.7620658892,84.70200877681395,1.6940401755362788,32813563.23412873,656271.2646825745,84.27151600333288,1.6854303200666574,"[2.642,2.923]",2.783,"[1.500,2.000]",1.75,0.002,0.0,1149,2.299,0.24,-6.768405477470999,43,3.6715945225290003,0.005,0.0,459,2.2975,0.1,-0.7758164774709999,45,3.774183522529,2.32157673523853,2.3142741284431247,0.5902130806684599,0.5383998788719662,2.4405853164330815,2.4746674475339265,0.5223849120312414,0.5128120738522767
26,56,3.4889,36.0,2.3555,341.9837278,6.839674557,E04001,1.207659799,0.015790225,0.0089,3.4978000000000002,1.1334,1.1422999999999999,1.0,0.0,0.0,341.9837278,6.839674557,0.6283185307179586,0.09549150281252627,0.9045084971874736,0.10557280900008409,0.04400391155933825,2.311496088440662,4.433234524286382,1.0051084019120298,1.5104155549516673,1.5261593077742506,7.074539557774251,2.6598006612854,3.790144770577333,3.77440101775475,0.5053645973034339,0.00024734453222761683,1382620.9325108193,27652.418654259334,0.00010854380098705118,0.00010826761600540992,100556.30617015829,100045.23490090106,34388620.43786887,687772.4088579338,88.3165646133875,1.7663312925259982,34213842.38003681,684276.8477007814,87.86770108117877,1.7573540218805106,"[2.642,2.923]",2.783,"[1.500,2.000]",1.75,0.002,0.0,1155,2.311,0.24,-6.768405477470999,43,3.6715945225290003,0.005,0.0,462,2.3125,0.1,-0.7758164774709999,45,3.774183522529,2.3330642129202346,2.329274128443125,0.584647930976451,0.5359747516224729,2.4405853164330815,2.4746674475339265,0.5223849120312414,0.5128120738522767
26,56,3.4889,36.0,2.3679,347.5377776,6.950755553,E04001,1.220011254,0.015710522,0.0089,3.4978000000000002,1.121,1.1299,1.0,0.0,0.0,347.5377776,6.950755553,0.6283185307179586,0.09549150281252627,0.9045084971874736,0.10557280900008409,0.04400391155933825,2.323896088440662,4.433234524286382,1.0051084019120298,1.4938908038652012,1.5095924029187828,7.116542812918784,2.6676849163495273,3.8299386920637994,3.814237093010218,0.5011562194052264,0.0002486338047286619,1397789.7252518563,27955.794509059102,0.00010854380098705119,0.00010826761600540993,103133.49413640841,102609.32446710854,35842785.34829001,716855.7070689336,92.0511386566168,1.8410227733972024,35660616.58633621,713212.3318293334,91.5832943804935,1.8316658878733902,"[2.642,2.923]",2.783,"[1.500,2.000]",1.75,0.002,0.0,1161,2.323,0.24,-6.768405477470999,44,3.9115945225290005,0.005,0.0,464,2.3225000000000002,0.1,-0.7758164774709999,45,3.774183522529,2.344549269643096,2.339274128443125,0.5789021590296884,0.5343614879349107,2.4759155598966265,2.4746674475339265,0.49686019224855643,0.5128120738522767
26,56,3.4889,36.0,2.3804,353.1924675,7.06384935,E04001,1.217466508,0.015628872,0.0089,3.4978000000000002,1.1085000000000003,1.1174000000000002,1.0,0.0,0.0,353.1924675,7.06384935,0.6283185307179586,0.09549150281252627,0.9045084971874736,0.10557280900008409,0.04400391155933825,2.3363960884406616,4.433234524286382,1.0051084019120298,1.4772327886570704,1.4928918939919005,7.1591960539918995,2.6756674034700016,3.870053532271929,3.854394426937099,0.4968812070706281,0.0002498954022404402,1413361.2076630811,28267.22415326162,0.0001085438009870512,0.00010826761600540996,105811.34637460687,105273.56668526567,37371770.515544586,747435.4103108916,95.9778654516251,1.9195573090325015,37181830.78009478,743636.6156018956,95.49006382699145,1.909801276539829,"[2.642,2.923]",2.783,"[1.050,1.500]",1.25,0.002,0.0,1168,2.337,0.24,-6.768405477470999,44,3.9115945225290005,0.005,0.0,467,2.3375,0.1,-0.2758164774709999,41,3.8741835225290004,2.357945444704548,2.3494815203165174,0.5719588063364994,0.4665103032459615,2.4759155598966265,2.2615098697287466,0.49686019224855643,0.48191454719690696
26,56,3.4889,36.0,2.3928,358.8371947,7.176743895,E04001,1.223396031,0.015550227,0.0089,3.4978000000000002,1.0961000000000003,1.1050000000000002,1.0,0.0,0.0,358.8371947,7.176743895,0.6283185307179586,0.09549150281252627,0.9045084971874736,0.10557280900008409,0.04400391155933825,2.3487960884406616,4.433234524286382,1.0051084019120298,1.4607080375706043,1.4763249891364327,7.2018168291364315,2.6836200977665285,3.909847453758396,3.8942305021925674,0.49260798950842793,0.00025110986245463127,1429004.7837720118,28580.09567942256,0.00010854380098705119,0.00010826761600540993,108549.92552453511,107998.22717434188,38951750.760118105,779035.015310912,100.03555737357533,2.0007111477502835,38753780.87181415,775075.6175442813,99.52713277819237,1.9905426558412078,"[2.642,2.923]",2.783,"[1.050,1.500]",1.25,0.002,0.0,1174,2.349,0.24,-6.768405477470999,44,3.9115945225290005,0.005,0.0,469,2.3475,0.1,-0.2758164774709999,41,3.8741835225290004,2.369425261263167,2.3594815203165176,0.5657910031512912,0.4647856124038822,2.4759155598966265,2.2615098697287466,0.49686019224855643,0.48191454719690696
26,56,3.4889,36.0,2.4053,364.5845689,7.291691379,E04001,1.195881661,0.015167949,0.0089,3.4978000000000002,1.0836000000000001,1.0925,1.0,0.0,0.0,364.5845689,7.291691379,0.6283185307179586,0.09549150281252627,0.9045084971874736,0.10557280900008409,0.04400391155933825,2.3612960884406617,4.433234524286382,1.0051084019120298,1.444050022362473,1.4596244802095497,7.24509257020955,2.6916709624709982,3.9499622939665273,3.9343878361194506,0.4882676777753237,0.00025229749686933795,1445058.2087574746,28901.164179113064,0.00010854380098705118,0.00010826761600540992,111396.47648091274,110830.31070977208,40613436.35477256,812268.7272068477,104.30308428564153,2.0860616859989185,40407021.05117531,808140.4211343365,103.77297024601977,2.0754594052050286,"[2.642,2.923]",2.783,"[1.050,1.500]",1.25,0.002,0.0,1180,2.361,0.24,-6.768405477470999,44,3.9115945225290005,0.005,0.0,472,2.3625000000000003,0.1,-0.2758164774709999,42,3.974183522529,2.380902661702393,2.3744815203165177,0.5594129343358415,0.46220882203802816,2.4759155598966265,2.3147992641800412,0.49686019224855643,0.47253393382376546
26,56,3.4889,36.0,2.4178,370.3799627,7.407599255,E04001,1.190669162,0.015038611,0.0089,3.4978000000000002,1.0711,1.0799999999999998,1.0,0.0,0.0,370.3799627,7.407599255,0.6283185307179586,0.09549150281252627,0.9045084971874736,0.10557280900008409,0.04400391155933825,2.373796088440662,4.433234524286382,1.0051084019120298,1.4273920071543416,1.442923971282667,7.288680811282668,2.699755694740298,3.9900771341746593,3.9745451700463335,0.48389464098092005,0.0002534490829785886,1461358.4643795681,29227.169291536928,0.0001085438009870512,0.00010826761600540996,114332.48872057695,113751.4008469941,42346462.90772546,846929.2582688417,108.75382844437017,2.175076569181031,42131239.60278243,842624.7921693999,108.20109377007144,2.164021875693564,"[2.642,2.923]",2.783,"[1.050,1.500]",1.25,0.002,0.0,1186,2.373,0.24,-6.768405477470999,44,3.9115945225290005,0.005,0.0,474,2.3725,0.1,-0.2758164774709999,42,3.974183522529,2.3923776475471215,2.3844815203165175,0.5528138959424087,0.4604978212799377,2.4759155598966265,2.3147992641800412,0.49686019224855643,0.47253393382376546
26,56,3.4889,36.0,2.4302,376.1837769,7.523675539,E04001,1.20951521,0.015178751,0.0089,3.4978000000000002,1.0587,1.0675999999999999,1.0,0.0,0.0,376.1837769,7.523675539,0.6283185307179586,0.09549150281252627,0.9045084971874736,0.10557280900008409,0.04400391155933825,2.386196088440662,4.433234524286382,1.0051084019120298,1.4108672560678754,1.4263570664271994,7.3322291064272,2.707808912465427,4.029871055661124,4.0143812453018,0.4795242980031552,0.0002545565418072707,1477800.469118627,29556.009386300942,0.00010854380098705122,0.00010826761600540997,117336.74414155365,116740.38732373796,44140179.5803186,882803.5917237087,113.36043645586037,2.2672087294185506,43915839.820212625,878316.796520993,112.78428897839619,2.255685779867736,"[2.642,2.923]",2.783,"[1.050,1.500]",1.25,0.002,0.0,1193,2.387,0.24,-6.768405477470999,44,3.9115945225290005,0.005,0.0,477,2.3875,0.1,-0.2758164774709999,42,3.974183522529,2.405762081285623,2.3994815203165176,0.5448204236348696,0.45794165639176654,2.4759155598966265,2.3147992641800412,0.49686019224855643,0.47253393382376546
26,56,3.4889,36.0,2.4427,382.0833951,7.641667902,E04001,1.201308421,0.015755723,0.0089,3.4978000000000002,1.0462000000000002,1.0551000000000001,1.0,0.0,0.0,382.0833951,7.641667902,0.6283185307179586,0.09549150281252627,0.9045084971874736,0.10557280900008409,0.04400391155933825,2.3986960884406616,4.433234524286382,1.0051084019120298,1.3942092408597446,1.4096565575003168,7.376439847500317,2.715960207274826,4.069985895869255,4.054538579228683,0.4750862074729305,0.00025563843569115235,1494624.210428244,29892.484208564878,0.00010854380098705122,0.00010826761600540997,120461.22591698138,119848.98911184758,46026234.176268354,920524.683525367,118.20418594236625,2.364083718847325,45792308.659157656,915846.1731831532,117.6034204047096,2.352068408094192,"[2.642,2.923]",2.783,"[1.050,1.500]",1.25,0.002,0.0,1199,2.399,0.24,-6.768405477470999,45,4.151594522529001,0.005,0.0,479,2.3975,0.1,-0.2758164774709999,43,4.074183522529001,2.417231840732555,2.4094815203165174,0.5377022748326475,0.4562444632940484,2.51088392924068,2.3680886586313368,0.4683359041864375,0.4633055195007189
26,56,3.4889,36.0,2.4552,388.0405069,7.760810139,E04001,1.198328504,0.017420862,0.0089,3.4978000000000002,1.0337,1.0426,1.0,0.0,0.0,388.0405069,7.760810139,0.6283185307179586,0.09549150281252627,0.9045084971874736,0.10557280900008409,0.04400391155933825,2.411196088440662,4.433234524286382,1.0051084019120298,1.3775512256516134,1.392956048573434,7.420963088573434,2.724144469108317,4.110100736077387,4.094695913155566,0.47061553661058664,0.0002566863899322161,1511729.963565544,30234.59927520668,0.00010854380098705118,0.00010826761600540992,123685.80335180444,123057.1778292923,47995101.828967914,959902.0367030441,123.26061522190106,2.46521230475567,47751169.66256203,955023.3933742977,122.63415069202577,2.4526830141565497,"[2.642,2.923]",2.783,"[1.050,1.500]",1.25,0.002,0.0,1205,2.411,0.24,-6.768405477470999,45,4.151594522529001,0.005,0.0,482,2.4125,0.1,-0.2758164774709999,43,4.074183522529001,2.4286991904032504,2.4244815203165175,0.5303240501257529,0.4537090910422887,2.51088392924068,2.3680886586313368,0.4683359041864375,0.4633055195007189
26,56,3.4889,40.0,1.871,50.40129364,1.008025873,E04001,0.952356508,0.030951587,0.0089,3.4978000000000002,1.6179000000000001,1.6268,1.0,0.0,0.0,50.40129364,1.008025873,0.6981317007977318,0.11697777844051097,0.8830222215594891,0.1324743314317942,0.053752563335403014,1.817247436664597,4.433234524286382,1.0051084019120298,2.6412137977050305,2.662517664378616,6.163158664378615,2.4825709787191617,1.7501599908239696,1.7288561241503841,0.6198477247913935,7.702608480213303e-05,654340.588249713,13086.811767590783,7.06133353092991e-05,7.043366274818846e-05,47275.147307695945,47034.87426606311,2382728.581329439,47654.5716360438,6.119303421588132,0.12238606845604495,2370618.509204326,47412.3701934935,6.088202436620077,0.12176404875656047,"[2.357,2.642]",2.5,"[2.500,3.000]",2.75,0.002,0.0,908,1.817,0.24,-5.273316477470999,29,1.806683522529001,0.005,0.0,363,1.8175000000000001,0.1,-1.775816477471,35,1.7741835225290004,1.8443039017910863,1.843859344696339,0.6323810988177766,0.6279419270529855,1.9001567635363465,1.941773503020976,0.6144818149882977,0.6141691814367239
26,56,3.4889,40.0,1.8824,52.58914404,1.051782881,E04001,0.946963502,0.027762384,0.0089,3.4978000000000002,1.6065,1.6154,1.0,0.0,0.0,52.58914404,1.051782881,0.6981317007977318,0.11697777844051097,0.8830222215594891,0.1324743314317942,0.053752563335403014,1.828647436664597,4.433234524286382,1.0051084019120298,2.6226033537382607,2.6438597461502433,6.187289506150243,2.4874262815509214,1.79016305919074,1.7689066667787574,0.6172665067062356,8.01178415083864e-05,656397.4147318383,13127.948297133089,7.061333530929907e-05,7.043366274818844e-05,48119.703223131626,47875.137777768985,2530574.0039633214,50611.48008889037,6.498998787513897,0.12997997577499407,2517712.5165299387,50354.25034017381,6.46596802409648,0.1293193605065201,"[2.357,2.642]",2.5,"[2.500,3.000]",2.75,0.002,0.0,914,1.829,0.24,-5.273316477470999,29,1.806683522529001,0.005,0.0,365,1.8275000000000001,0.1,-1.775816477471,35,1.7741835225290004,1.8558928735702978,1.853859344696339,0.6288478206998473,0.6265403034538396,1.9001567635363465,1.941773503020976,0.6144818149882977,0.6141691814367239
26,56,3.4889,40.0,1.8938,54.84827283,1.096965457,E04001,1.004589519,0.026254245,0.0089,3.4978000000000002,1.5951000000000002,1.604,1.0,0.0,0.0,54.84827283,1.096965457,0.6981317007977318,0.11697777844051097,0.8830222215594891,0.1324743314317942,0.053752563335403014,1.840047436664597,4.433234524286382,1.0051084019120298,2.6039929097714904,2.625201827921871,6.211680267921871,2.4923242702188393,1.8301661275575092,1.8089572094071285,0.6146605530234123,8.316283623391088e-05,659528.646614806,13190.572937105962,7.061333530929908e-05,7.043366274818844e-05,48984.007305025516,48735.04908708618,2686688.1969727525,53733.76395904866,6.899929939692408,0.1379985988441683,2673033.2687119455,53460.66539373293,6.864861468242221,0.1372972294149088,"[2.357,2.642]",2.5,"[2.500,3.000]",2.75,0.002,0.0,920,1.841,0.24,-5.273316477470999,29,1.806683522529001,0.005,0.0,368,1.8425,0.1,-1.775816477471,35,1.7741835225290004,1.8674793596670796,1.8688593446963389,0.6252239702043032,0.6244354731072744,1.9001567635363465,1.941773503020976,0.6144818149882977,0.6141691814367239
26,56,3.4889,40.0,1.9052,57.17796163,1.143559233,E04001,1.023121467,0.025009636,0.0089,3.4978000000000002,1.5837,1.5926,1.0,0.0,0.0,57.17796163,1.143559233,0.6981317007977318,0.11697777844051097,0.8830222215594891,0.1324743314317942,0.053752563335403014,1.851447436664597,4.433234524286382,1.0051084019120298,2.58538246580472,2.6065439096934986,6.236330949693499,2.4972646935584337,1.87016919592428,1.8490077520355017,0.6120297776593459,8.61614097324909e-05,663614.5091813484,13272.290188269417,7.061333530929908e-05,7.043366274818844e-05,49868.573883816796,49615.11991040092,2851383.4040716966,57027.668101381365,7.322898779793123,0.1464579756470913,2836891.422504753,56737.8284699411,7.285680595110623,0.1457136119531809,"[2.357,2.642]",2.5,"[2.500,3.000]",2.75,0.002,0.0,925,1.851,0.24,-5.273316477470999,29,1.806683522529001,0.005,0.0,370,1.8525,0.1,-1.775816477471,36,1.8741835225290004,1.8771328671160106,1.8788593446963389,0.6221325249834168,0.6230307424325551,1.9001567635363465,1.995062897472271,0.6144818149882977,0.606638484520432
26,56,3.4889,40.0,1.9165,59.5721107,1.191442214,E04001,1.025647728,0.024340249,0.0089,3.4978000000000002,1.5724,1.5813,1.0,0.0,0.0,59.5721107,1.191442214,0.6981317007977318,0.11697777844051097,0.8830222215594891,0.1324743314317942,0.053752563335403014,1.862747436664597,4.433234524286382,1.0051084019120298,2.5669352713464306,2.5880496574144978,6.261021907414499,2.5022034104793516,1.909821360182569,1.888706974114502,0.6093974999341794,8.908820915930953e-05,668686.8134645274,13373.736269290546,7.061333530929907e-05,7.043366274818844e-05,50765.89921094608,50507.88463649643,3024231.767579523,60484.635351590456,7.766806487333695,0.1553361297466739,3008861.2947881944,60177.22589576389,7.72733216890716,0.15454664337814322,"[2.357,2.642]",2.5,"[2.500,3.000]",2.75,0.002,0.0,931,1.863,0.24,-5.273316477470999,29,1.806683522529001,0.005,0.0,372,1.8625,0.1,-1.775816477471,36,1.8741835225290004,1.8887148002794163,1.8888593446963389,0.6183339112038636,0.6216248717738152,1.9001567635363465,1.995062897472271,0.6144818149882977,0.606638484520432
26,56,3.4889,40.0,1.9279,62.05584033,1.241116807,E04001,1.057112427,0.024171778,0.0089,3.4978000000000002,1.5610000000000002,1.5699,1.0,0.0,0.0,62.05584033,1.241116807,0.6981317007977318,0.11697777844051097,0.8830222215594891,0.1324743314317942,0.053752563335403014,1.874147436664597,4.433234524286382,1.0051084019120298,2.5483248273796604,2.5693917391861256,6.286190149186126,2.5072275822481944,1.94982442854934,1.9287575167428748,0.6067170482708372,9.19953866107264e-05,674553.8294500136,13491.076593348316,7.06133353092991e-05,7.043366274818846e-05,51692.40723898743,51429.6837442134,3207815.76989594,64156.31541859576,8.238285371805251,0.1647657074892074,3191512.2426533033,63830.24487363794,8.196414790816055,0.1639282958691536,"[2.357,2.642]",2.5,"[2.500,3.000]",2.75,0.002,0.0,937,1.875,0.24,-5.273316477470999,30,2.0466835225290003,0.005,0.0,374,1.8725,0.1,-1.775816477471,37,1.974183522529,1.9002942522857467,1.8988593446963389,0.6144349117181613,0.6202179192352958,1.9421234176010564,2.0483522919235657,0.5994448994186775,0.5990937680846548
26,56,3.4889,40.0,1.9393,64.61093277,1.292218655,E04001,1.019951225,0.023215885,0.0089,3.4978000000000002,1.5496,1.5585,1.0,0.0,0.0,64.61093277,1.292218655,0.6981317007977318,0.11697777844051097,0.8830222215594891,0.1324743314317942,0.053752563335403014,1.885547436664597,4.433234524286382,1.0051084019120298,2.5297143834128906,2.550733820957753,6.311618310957753,2.5122934364754754,1.9898274969161096,1.9688080593712471,0.604011526096596,9.485719821383921e-05,681138.953992145,13622.779075626035,7.061333530929907e-05,7.043366274818844e-05,52640.81177736388,52373.268074592386,3401171.950705482,68023.43899305332,8.734861082561562,0.17469722159715456,3383885.7025126764,67677.71402930422,8.690466685926744,0.17380933366473303,"[2.357,2.642]",2.5,"[2.500,3.000]",2.75,0.002,0.0,942,1.885,0.24,-5.273316477470999,30,2.0466835225290003,0.005,0.0,377,1.8875,0.1,-1.775816477471,37,1.974183522529,1.909941901446004,1.9138593446963388,0.6111063222722817,0.6181055879077797,1.9421234176010564,2.0483522919235657,0.5994448994186775,0.5990937680846548
26,56,3.4889,40.0,1.9507,67.24300565,1.344860113,E04001,1.029103315,0.022604581,0.0089,3.4978000000000002,1.5382,1.5471,1.0,0.0,0.0,67.24300565,1.344860113,0.6981317007977318,0.11697777844051097,0.8830222215594891,0.1324743314317942,0.053752563335403014,1.896947436664597,4.433234524286382,1.0051084019120298,2.5111039394461203,2.5320759027293804,6.337306392729381,2.5174007215239653,2.0298305652828796,2.0088586019996195,0.6012808532365173,9.767400799107194e-05,688443.1900874433,13768.863801748867,7.061333530929908e-05,7.043366274818844e-05,53611.6929865844,53339.21483951207,3605011.3744029603,72100.2274880592,9.258359769176792,0.18516719538353582,3586689.124819874,71733.78249639747,9.211304722519982,0.1842260944503996,"[2.357,2.642]",2.5,"[2.500,3.000]",2.75,0.002,0.0,948,1.897,0.24,-5.273316477470999,30,2.0466835225290003,0.005,0.0,379,1.8975,0.1,-1.775816477471,37,1.974183522529,1.9215168088028491,1.9238593446963388,0.6070132566513154,0.6166961819441132,1.9421234176010564,2.0483522919235657,0.5994448994186775,0.5990937680846548
26,56,3.4889,40.0,1.9621,69.94297722,1.398859544,E04001,1.033699206,0.022303883,0.0089,3.4978000000000002,1.5268000000000002,1.5357,1.0,0.0,0.0,69.94297722,1.398859544,0.6981317007977318,0.11697777844051097,0.8830222215594891,0.1324743314317942,0.053752563335403014,1.908347436664597,4.433234524286382,1.0051084019120298,2.4924934954793505,2.5134179845010083,6.363254394501008,2.5225491857446523,2.06983363364965,2.0489091446279923,0.5985249510826036,0.00010044618514558287,696322.8829310671,13926.45765463911,7.061333530929907e-05,7.043366274818844e-05,54605.64905449041,54328.1191865608,3819281.6679015374,76385.63333618849,9.808646927531589,0.19617293849453668,3799870.402671067,75997.4080316901,9.758795080085374,0.19517590154589748,"[2.357,2.642]",2.5,"[2.500,3.000]",2.75,0.002,0.0,954,1.909,0.24,-5.273316477470999,30,2.0466835225290003,0.005,0.0,381,1.9075,0.1,-1.775816477471,38,2.074183522529,1.9330892395142527,1.9338593446963388,0.602808501776083,0.6152858939410125,1.9421234176010564,2.1016416863748613,0.5994448994186775,0.5915428750221016
26,56,3.4889,40.0,1.9735,72.71650901,1.45433018,E04001,1.014900206,0.021590695,0.0089,3.4978000000000002,1.5154,1.5243,1.0,0.0,0.0,72.71650901,1.45433018,0.6981317007977318,0.11697777844051097,0.8830222215594891,0.1324743314317942,0.053752563335403014,1.919747436664597,4.433234524286382,1.0051084019120298,2.4738830515125803,2.4947600662726357,6.389462316272636,2.527738577517983,2.10983670201642,2.0889596872563647,0.5957437426288987,0.00010317410380693157,704794.1908569761,14095.883815201052,7.061333530929908e-05,7.043366274818844e-05,55623.29686561018,55340.594864989005,4044731.9676940474,80894.63934275629,10.38764648364076,0.20775292964424494,4024174.8651187327,80483.49729130653,10.334851906401553,0.206697038099606,"[2.357,2.642]",2.5,"[2.000,2.500]",2.25,0.002,0.0,959,1.919,0.24,-5.273316477470999,30,2.0466835225290003,0.005,0.0,383,1.9175,0.1,-1.275816477471,33,2.074183522529,1.9427310410383214,1.9390667365697318,0.5992160551169643,0.5855812539892488,1.9421234176010564,1.8351947141183855,0.5994448994186775,0.6018511987407442
26,56,3.4889,40.0,1.9849,75.5556418,1.511112836,E04001,1.029704707,0.021441152,0.0089,3.4978000000000002,1.504,1.5129,1.0,0.0,0.0,75.5556418,1.511112836,0.6981317007977318,0.11697777844051097,0.8830222215594891,0.1324743314317942,0.053752563335403014,1.931147436664597,4.433234524286382,1.0051084019120298,2.4552726075458096,2.4761021480442635,6.415930158044263,2.5329686452943436,2.1498397703831906,2.1290102298847366,0.5929371525067889,0.00010585814277989396,713744.2601567215,14274.885203134429,7.06133353092991e-05,7.043366274818846e-05,56665.2727004938,56377.27492148983,4281381.046657829,85627.62093315656,10.995406649849352,0.21990813299698703,4259621.189628209,85192.42379256416,10.939523168777276,0.21879046337554547,"[2.357,2.642]",2.5,"[2.000,2.500]",2.25,0.002,0.0,965,1.931,0.24,-5.273316477470999,30,2.0466835225290003,0.005,0.0,386,1.9325,0.1,-1.275816477471,34,2.1741835225290003,1.9542989353590485,1.954066736569732,0.5947949434795509,0.5832327094310944,1.9421234176010564,1.8884841085696809,0.5994448994186775,0.5935046777463563
26,56,3.4889,40.0,1.9963,78.45311188,1.569062238,E04001,1.050308879,0.021541529,0.0089,3.4978000000000002,1.4926000000000001,1.5015,1.0,0.0,0.0,78.45311188,1.569062238,0.6981317007977318,0.11697777844051097,0.8830222215594891,0.1324743314317942,0.053752563335403014,1.942547436664597,4.433234524286382,1.0051084019120298,2.4366621635790398,2.457444229815891,6.442657919815891,2.538239137633783,2.18984283874996,2.169060772513109,0.5901051070204943,0.00010849868529654765,723078.9171829377,14461.578347345436,7.061333530929911e-05,7.043366274818848e-05,57732.23296661889,57438.81242739009,4529273.332012376,90585.46666334041,11.632041523767311,0.2326408305346532,4506253.577620368,90125.07157538291,11.57292238492837,0.231458447757573,"[2.357,2.642]",2.5,"[2.000,2.500]",2.25,0.002,0.0,971,1.943,0.24,-5.273316477470999,31,2.2866835225290005,0.005,0.0,388,1.9425000000000001,0.1,-1.275816477471,34,2.1741835225290003,1.9658643575323183,1.964066736569732,0.5902490556183447,0.5816674904549318,1.9834873465255325,1.8884841085696809,0.5830686639872648,0.5935046777463563
26,56,3.4889,40.0,2.0077,81.41190744,1.628238149,E04001,1.071096388,0.021127131,0.0089,3.4978000000000002,1.4812000000000003,1.4901000000000002,1.0,0.0,0.0,81.41190744,1.628238149,0.6981317007977318,0.11697777844051097,0.8830222215594891,0.1324743314317942,0.053752563335403014,1.9539474366645968,4.433234524286382,1.0051084019120298,2.4180517196122704,2.4387863115875192,6.469645601587519,2.543549803244969,2.2298459071167294,2.2091113151414805,0.5872475341827443,0.00011109611877174471,732806.0452522815,14656.120906845874,7.061333530929907e-05,7.043366274818844e-05,58824.85496255383,58525.88123892965,4789043.647382856,95780.87295942211,12.299181454068012,0.24598362911157495,4764703.626268173,95294.07253706864,12.236671617380901,0.24473343237767922,"[2.357,2.642]",2.5,"[2.000,2.500]",2.25,0.002,0.0,976,1.953,0.24,-5.273316477470999,31,2.2866835225290005,0.005,0.0,390,1.9525000000000001,0.1,-1.275816477471,34,2.1741835225290003,1.975500322040432,1.974066736569732,0.58636182199743,0.5801027246664656,1.9834873465255325,1.8884841085696809,0.5830686639872648,0.5935046777463563
26,56,3.4889,40.0,2.0191,84.4304102,1.688608204,E04001,1.08017952,0.02084557,0.0089,3.4978000000000002,1.4698000000000002,1.4787000000000001,1.0,0.0,0.0,84.4304102,1.688608204,0.6981317007977318,0.11697777844051097,0.8830222215594891,0.1324743314317942,0.053752563335403014,1.9653474366645969,4.433234524286382,1.0051084019120298,2.3994412756455,2.420128393359146,6.4968932033591456,2.5489003910233814,2.2698489754835003,2.2491618577698542,0.5843643637506256,0.00011365083456208196,742893.0066842558,14857.860133685115,7.061333530929907e-05,7.043366274818844e-05,59943.83767716926,59639.176792411025,5061082.804045616,101221.6560809123,12.997830118971155,0.2599566023794231,5035360.160573583,100707.20321147166,12.931769443221475,0.2586353888644295,"[2.357,2.642]",2.5,"[2.000,2.500]",2.25,0.002,0.0,982,1.965,0.24,-5.273316477470999,31,2.2866835225290005,0.005,0.0,393,1.9675,0.1,-1.275816477471,35,2.2741835225290004,1.9870612160568584,1.9890667365697319,0.581573699180427,0.5777565574569089,1.9834873465255325,1.941773503020976,0.5830686639872648,0.5851574006284334
26,56,3.4889,40.0,2.0305,87.49586183,1.749917237,E04001,1.07090779,0.020343819,0.0089,3.4978000000000002,1.4584000000000001,1.4673,1.0,0.0,0.0,87.49586183,1.749917237,0.6981317007977318,0.11697777844051097,0.8830222215594891,0.1324743314317942,0.053752563335403014,1.976747436664597,4.433234524286382,1.0051084019120298,2.38083083167873,2.401470475130774,6.524400725130773,2.554290650088743,2.3098520438502703,2.289212400398226,0.5814555272615963,0.00011616322772846668,753214.795602296,15064.295915489352,7.061333530929907e-05,7.043366274818844e-05,61089.90262580054,60779.41693611205,5345113.679355198,106902.27361153993,13.727275814438846,0.2745455163515332,5317947.466350022,106358.94935131221,13.657507775604389,0.27315015557452504,"[2.357,2.642]",2.5,"[2.000,2.500]",2.25,0.002,0.0,988,1.977,0.24,-5.273316477470999,31,2.2866835225290005,0.005,0.0,395,1.9775,0.1,-1.275816477471,35,2.2741835225290004,1.9986196424102047,1.9990667365697319,0.5766455644682229,0.5761931870000816,1.9834873465255325,1.941773503020976,0.5830686639872648,0.5851574006284334
26,56,3.4889,40.0,2.0419,90.61012566,1.812202513,E04001,1.088178603,0.020306781,0.0089,3.4978000000000002,1.447,1.4559,1.0,0.0,0.0,90.61012566,1.812202513,0.6981317007977318,0.11697777844051097,0.8830222215594891,0.1324743314317942,0.053752563335403014,1.988147436664597,4.433234524286382,1.0051084019120298,2.3622203877119596,2.382812556902401,6.552168166902401,2.5597203298216784,2.3498551122170404,2.329262943026599,0.5785209580696549,0.00011863369680237756,763780.680382406,15275.613605962259,7.061333530929908e-05,7.043366274818844e-05,62263.79472538246,61947.34280097281,5641730.26413535,112834.60527025424,14.489044022688669,0.28978088042179234,5613056.515499243,112261.13029759537,14.415404343577258,0.2883080868397266,"[2.357,2.642]",2.5,"[2.000,2.500]",2.25,0.002,0.0,994,1.989,0.24,-5.273316477470999,31,2.2866835225290005,0.005,0.0,397,1.9875,0.1,-1.275816477471,36,2.3741835225290004,2.010175602679965,2.0090667365697317,0.5715714449963984,0.5746304778145462,1.9834873465255325,1.995062897472271,0.5830686639872648,0.576819059265828
26,56,3.4889,40.0,2.0533,93.77349382,1.875469876,E04001,1.098391409,0.020048309,0.0089,3.4978000000000002,1.4356,1.4445,1.0,0.0,0.0,93.77349382,1.875469876,0.6981317007977318,0.11697777844051097,0.8830222215594891,0.1324743314317942,0.053752563335403014,1.999547436664597,4.433234524286382,1.0051084019120298,2.343609943745189,2.364154638674029,6.580195528674029,2.565189179899609,2.3898581805838117,2.369313485654972,0.5755605913816545,0.00012106264355590071,774586.5369006258,15491.730734708442,7.061333530929911e-05,7.043366274818848e-05,63466.28321070573,63143.719712195285,5951455.116437484,119029.10230336316,15.284476772895513,0.3056895353927128,5921207.210203357,118424.14417880964,15.206794355533862,0.3041358870458111,"[2.357,2.642]",2.5,"[2.000,2.500]",2.25,0.002,0.0,999,1.999,0.24,-5.273316477470999,31,2.2866835225290005,0.005,0.0,399,1.9975,0.1,-1.275816477471,36,2.3741835225290004,2.0198036868959335,2.019066736569732,0.567226947361343,0.5730684878070957,1.9834873465255325,1.995062897472271,0.5830686639872648,0.576819059265828
26,56,3.4889,40.0,2.0647,96.97695363,1.939539073,E04001,1.082731475,0.019901636,0.0089,3.4978000000000002,1.4242,1.4330999999999998,1.0,0.0,0.0,96.97695363,1.939539073,0.6981317007977318,0.11697777844051097,0.8830222215594891,0.1324743314317942,0.053752563335403014,2.010947436664597,4.433234524286382,1.0051084019120298,2.324999499778419,2.3454967204456563,6.608482810445658,2.5706969503318855,2.4298612489505813,2.409364028283344,0.5725743642937533,0.00012345047277562677,785553.521583163,15711.070434903426,7.061333530929907e-05,7.043366274818844e-05,64698.162594081216,64369.33814403016,6274230.713832415,125484.61430252755,16.113426336442494,0.32226852679531276,6242342.320387403,124846.8464334958,16.03153083367896,0.3206306167397044,"[2.357,2.642]",2.5,"[2.000,2.500]",2.25,0.002,0.0,1005,2.011,0.24,-5.273316477470999,32,2.5266835225290007,0.005,0.0,402,2.0125,0.1,-1.275816477471,36,2.3741835225290004,2.031355130109141,2.034066736569732,0.561868506399788,0.5707269762419953,2.0242737966816997,1.995062897472271,0.5651726040728805,0.576819059265828
26,56,3.4889,40.0,2.0761,100.215825,2.004316499,E04001,1.097631038,0.02065542,0.0089,3.4978000000000002,1.4128000000000003,1.4217000000000002,1.0,0.0,0.0,100.215825,2.004316499,0.6981317007977318,0.11697777844051097,0.8830222215594891,0.1324743314317942,0.053752563335403014,2.022347436664597,4.433234524286382,1.0051084019120298,2.3063890558116498,2.3268388022172846,6.637030012217284,2.5762433914941507,2.4698643173173505,2.4494145709117157,0.569562215827991,0.00012579759204047838,796643.428339655,15932.868558843824,7.061333530929907e-05,7.043366274818844e-05,65960.25367084466,65625.01472017115,6610261.238832976,132205.2247106993,16.976417093134845,0.33952834169329843,6576664.990819096,131533.2997507569,16.89013549268955,0.3378027096852534,"[2.357,2.642]",2.5,"[2.000,2.500]",2.25,0.002,0.0,1011,2.023,0.24,-5.273316477470999,32,2.5266835225290007,0.005,0.0,404,2.0225,0.1,-1.275816477471,37,2.474183522529,2.0429041117048428,2.044066736569732,0.5563451855768876,0.5691670330343277,2.0242737966816997,2.0483522919235657,0.5651726040728805,0.5684987880639862
26,56,3.4889,40.0,2.0875,103.4963031,2.069926061,E04001,1.130475162,0.022029772,0.0089,3.4978000000000002,1.4014000000000002,1.4103,1.0,0.0,0.0,103.4963031,2.069926061,0.6981317007977318,0.11697777844051097,0.8830222215594891,0.1324743314317942,0.053752563335403014,2.033747436664597,4.433234524286382,1.0051084019120298,2.2877786118448795,2.308180883988912,6.665837133988912,2.581828254161944,2.5098673856841205,2.489465113540088,0.5665240869689783,0.00012810441150353552,807905.8471545583,16158.116935285032,7.061333530929907e-05,7.043366274818844e-05,67253.4045732928,66911.59326233454,6960478.744224438,139209.57481723535,17.875842733064975,0.35751685448857984,6925102.537182494,138502.05067673826,17.784989856874688,0.3556997969656519,"[2.357,2.642]",2.5,"[2.000,2.500]",2.25,0.002,0.0,1016,2.033,0.24,-5.273316477470999,32,2.5266835225290007,0.005,0.0,406,2.0325,0.1,-1.275816477471,37,2.474183522529,2.052526383767244,2.054066736569732,0.5516111067215922,0.5676080062992512,2.0242737966816997,2.0483522919235657,0.5651726040728805,0.5684987880639862
26,56,3.4889,40.0,2.0989,106.8017129,2.136034258,E04001,1.132940631,0.025374125,0.0089,3.4978000000000002,1.3900000000000001,1.3989,1.0,0.0,0.0,106.8017129,2.136034258,0.6981317007977318,0.11697777844051097,0.8830222215594891,0.1324743314317942,0.053752563335403014,2.045147436664597,4.433234524286382,1.0051084019120298,2.2691681678781093,2.2895229657605394,6.69490417576054,2.587451289543542,2.5498704540508905,2.5295156561684604,0.5634599207006922,0.00013037134367791813,819211.5681790715,16384.23136358143,7.061333530929908e-05,7.043366274818844e-05,68578.49187580888,68229.9458897679,7324300.400435122,146486.00800870245,18.8102064382486,0.37620412876497206,7287075.092101526,145741.50184203053,18.714604715735856,0.3742920943147171,"[2.357,2.642]",2.5,"[2.000,2.500]",2.25,0.002,0.0,1022,2.045,0.24,-5.273316477470999,32,2.5266835225290007,0.005,0.0,409,2.0475,0.1,-1.275816477471,38,2.574183522529,2.064070856481848,2.0690667365697317,0.5457658258765885,0.5652713043601515,2.0242737966816997,2.1016416863748613,0.5651726040728805,0.5602051683071798
26,56,3.4889,40.0,2.1103,110.1394284,2.202788567,E04001,1.125845684,0.02288009,0.0089,3.4978000000000002,1.3786,1.3875,1.0,0.0,0.0,110.1394284,2.202788567,0.6981317007977318,0.11697777844051097,0.8830222215594891,0.1324743314317942,0.053752563335403014,2.056547436664597,4.433234524286382,1.0051084019120298,2.2505577239113386,2.270865047532167,6.724231137532167,2.5931122493120435,2.589873522417662,2.5695661987968337,0.5603696620433637,0.0001325988032267796,830621.5872222615,16612.431736903683,7.06133353092991e-05,7.043366274818846e-05,69936.4217541195,69580.97417261521,7702757.516340046,154055.1502568645,19.782156807429647,0.39564313596898276,7663608.722887003,153272.17438815907,19.68161520667603,0.3936323039548233,"[2.357,2.642]",2.5,"[2.000,2.500]",2.25,0.002,0.0,1028,2.057,0.24,-5.273316477470999,32,2.5266835225290007,0.005,0.0,411,2.0575,0.1,-1.275816477471,38,2.574183522529,2.0756128720315417,2.079066736569732,0.5397333389215763,0.56371480725216,2.0242737966816997,2.1016416863748613,0.5651726040728805,0.5602051683071798
26,56,3.4889,40.0,2.1217,113.5027134,2.270054267,E04001,1.101295258,0.020880558,0.0089,3.4978000000000002,1.3672,1.3760999999999999,1.0,0.0,0.0,113.5027134,2.270054267,0.6981317007977318,0.11697777844051097,0.8830222215594891,0.1324743314317942,0.053752563335403014,2.067947436664597,4.433234524286382,1.0051084019120298,2.2319472799445683,2.2522071293037946,6.753818019303795,2.598810885636697,2.629876590784432,2.6096167414252056,0.5572532580904469,0.0001347872067574573,842088.1783257246,16841.763559095387,7.06133353092991e-05,7.043366274818846e-05,71328.1312018176,70965.61034225686,8095936.433157501,161918.72859182185,20.791915581395816,0.41583831144473193,8054789.331933256,161095.7865676995,20.68624194349894,0.41372483868772547,"[2.357,2.642]",2.5,"[2.000,2.500]",2.25,0.002,0.0,1033,2.067,0.24,-5.273316477470999,32,2.5266835225290007,0.005,0.0,413,2.0675,0.1,-1.275816477471,38,2.574183522529,2.085229342453502,2.0890667365697317,0.534556897365617,0.5621594156015164,2.0242737966816997,2.1016416863748613,0.5651726040728805,0.5602051683071798
26,56,3.4889,40.0,2.1331,116.9019892,2.338039783,E04001,1.09493432,0.020016768,0.0089,3.4978000000000002,1.3558,1.3646999999999998,1.0,0.0,0.0,116.9019892,2.338039783,0.6981317007977318,0.11697777844051097,0.8830222215594891,0.1324743314317942,0.053752563335403014,2.079347436664597,4.433234524286382,1.0051084019120298,2.2133368359777985,2.233549211075422,6.783664821075423,2.604546951213478,2.6698796591512015,2.649667284053578,0.5541106580456563,0.00013693697261982208,853691.9355195243,17073.838703087855,7.061333530929907e-05,7.043366274818844e-05,72754.58930749701,72384.8185619532,8505156.21347545,170103.12419675445,21.84287036554668,0.43685740712408594,8461929.277773414,169238.58548308344,21.731855314307122,0.43463710610024436,"[2.357,2.642]",2.5,"[2.000,2.500]",2.25,0.002,0.0,1039,2.079,0.24,-5.273316477470999,33,2.766683522529,0.005,0.0,415,2.0775,0.1,-1.275816477471,39,2.6741835225290003,2.096766857272925,2.099066736569732,0.5281578176690208,0.5606051818896592,2.0645062996703905,2.1549310808261564,0.5455417144561961,0.5519462352125176
26,56,3.4889,40.0,2.1445,120.3069112,2.406138225,E04001,1.113817973,0.019865858,0.0089,3.4978000000000002,1.3444000000000003,1.3533000000000002,1.0,0.0,0.0,120.3069112,2.406138225,0.6981317007977318,0.11697777844051097,0.8830222215594891,0.1324743314317942,0.053752563335403014,2.090747436664597,4.433234524286382,1.0051084019120298,2.194726392011029,2.21489129284705,6.81377154284705,2.610320199294916,2.7098827275179715,2.689717826681951,0.5509418132600653,0.00013904852070886095,865215.3261802618,17304.306530796966,7.061333530929907e-05,7.043366274818844e-05,74216.79859606968,73839.59626134472,8928793.79824564,178575.8760391296,22.930852833340452,0.45861705685741194,8883413.75045745,177668.2750829886,22.814308177823218,0.4562861637460986,"[2.357,2.642]",2.5,"[2.000,2.500]",2.25,0.002,0.0,1045,2.091,0.24,-5.273316477470999,33,2.766683522529,0.005,0.0,418,2.0925000000000002,0.1,-1.275816477471,39,2.6741835225290003,2.108301919366653,2.114066736569732,0.5215449598000126,0.5582761156147653,2.0645062996703905,2.1549310808261564,0.5455417144561961,0.5519462352125176
26,56,3.4889,40.0,2.1559,123.7179249,2.474358498,E04001,1.115440629,0.019641455,0.0089,3.4978000000000002,1.3330000000000002,1.3419,1.0,0.0,0.0,123.7179249,2.474358498,0.6981317007977318,0.11697777844051097,0.8830222215594891,0.1324743314317942,0.053752563335403014,2.102147436664597,4.433234524286382,1.0051084019120298,2.176115948044259,2.1962333746186777,6.844138184618678,2.6161303837191827,2.7498857958847407,2.729768369310322,0.5477466772692465,0.00014112227227152272,876671.8598603888,17533.437197207775,7.061333530929907e-05,7.043366274818844e-05,75715.79643807915,75330.97553860268,9367401.217469964,187348.0243493993,24.05728070356637,0.4811456140713274,9319791.974328583,186395.83948657167,23.935011047367542,0.4787002209473508,"[2.357,2.642]",2.5,"[2.000,2.500]",2.25,0.002,0.0,1051,2.103,0.24,-5.273316477470999,33,2.766683522529,0.005,0.0,420,2.1025,0.1,-1.275816477471,40,2.774183522529,2.1198345302982844,2.124066736569732,0.5147077425113977,0.5567250019725677,2.0645062996703905,2.208220475277451,0.5455417144561961,0.5437294873709532
26,56,3.4889,40.0,2.1673,127.1668224,2.543336449,E04001,1.132370828,0.019423305,0.0089,3.4978000000000002,1.3216,1.3305,1.0,0.0,0.0,127.1668224,2.543336449,0.6981317007977318,0.11697777844051097,0.8830222215594891,0.1324743314317942,0.053752563335403014,2.113547436664597,4.433234524286382,1.0051084019120298,2.1575055040774886,2.177575456390305,6.874764746390305,2.621977258938434,2.7898888642515116,2.769818911938695,0.5445252058304471,0.00014315864971785073,888292.9718227381,17765.85944344002,7.061333530929907e-05,7.043366274818844e-05,77252.65653108456,76860.02463428413,9823974.85301663,196479.49713758525,25.229849258835383,0.5045969853751072,9774045.102327636,195480.9021234127,25.101620094748327,0.5020324020923578,"[2.357,2.642]",2.5,"[2.000,2.500]",2.25,0.002,0.0,1056,2.113,0.24,-5.273316477470999,33,2.766683522529,0.005,0.0,422,2.1125,0.1,-1.275816477471,40,2.774183522529,2.12944316811938,2.1340667365697317,0.5088305502625098,0.5551752247027033,2.0645062996703905,2.208220475277451,0.5455417144561961,0.5437294873709532
26,56,3.4889,40.0,2.1787,130.6948601,2.613897202,E04001,1.155362957,0.019358068,0.0089,3.4978000000000002,1.3102,1.3191,1.0,0.0,0.0,130.6948601,2.613897202,0.6981317007977318,0.11697777844051097,0.8830222215594891,0.1324743314317942,0.053752563335403014,2.124947436664597,4.433234524286382,1.0051084019120298,2.138895060110718,2.1589175381619325,6.905651228161933,2.6278605800464248,2.829891932618283,2.8098694545670684,0.5412773569597836,0.00014515807643641958,900362.303693418,18007.246073868362,7.06133353092991e-05,7.043366274818846e-05,78828.49045747364,78427.84948122736,10302478.532233702,206049.57064467407,26.458738367070197,0.529174767341404,10250116.815892868,205002.33631785735,26.324263449332854,0.526485268986657,"[2.357,2.642]",2.5,"[2.000,2.500]",2.25,0.002,0.0,1062,2.125,0.24,-5.273316477470999,33,2.766683522529,0.005,0.0,424,2.1225,0.1,-1.275816477471,40,2.774183522529,2.1409712893092916,2.144066736569732,0.5015521168542589,0.5536268332960946,2.0645062996703905,2.208220475277451,0.5455417144561961,0.5437294873709532
26,56,3.4889,40.0,2.1901,134.1813068,2.683626136,E04001,1.088080028,0.018407929,0.0089,3.4978000000000002,1.2988,1.3076999999999999,1.0,0.0,0.0,134.1813068,2.683626136,0.6981317007977318,0.11697777844051097,0.8830222215594891,0.1324743314317942,0.053752563335403014,2.136347436664597,4.433234524286382,1.0051084019120298,2.1202846161439477,2.14025961993356,6.936797629933561,2.633780102805388,2.869895000985052,2.84991999719544,0.5380030909694437,0.00014712097661409145,912047.4176294171,18240.948352588344,7.06133353092991e-05,7.043366274818846e-05,80444.4493233645,80035.59533512412,10794141.335015424,215882.8267003085,27.721422625321356,0.5544284525064272,10739280.772582937,214785.61545165876,27.58053019215297,0.5516106038430594,"[2.357,2.642]",2.5,"[2.000,2.500]",2.25,0.002,0.0,1068,2.137,0.24,-5.273316477470999,33,2.766683522529,0.005,0.0,427,2.1375,0.1,-1.275816477471,41,2.8741835225290004,2.152496963758253,2.159066736569732,0.4940152641717053,0.5513069513240226,2.0645062996703905,2.2615098697287466,0.5455417144561961,0.5355618982712366
26,56,3.4889,40.0,2.2015,137.6867986,2.753735972,E04001,1.133006225,0.018665551,0.0089,3.4978000000000002,1.2874000000000003,1.2963000000000002,1.0,0.0,0.0,137.6867986,2.753735972,0.6981317007977318,0.11697777844051097,0.8830222215594891,0.1324743314317942,0.053752563335403014,2.1477474366645968,4.433234524286382,1.0051084019120298,2.101674172177179,2.1216017017051882,6.9682039517051875,2.639735583672196,2.9098980693518217,2.8899705398238122,0.5347023705048807,0.00014904777506009921,923776.2760596847,18475.525521193693,7.061333530929907e-05,7.043366274818844e-05,82101.72548358564,81684.4484907325,11304323.741370944,226086.47482741886,29.031668773081716,0.5806333754616343,11246870.20809556,224937.40416191117,28.884117094090975,0.5776823418818194,"[2.357,2.642]",2.5,"[2.000,2.500]",2.25,0.002,0.0,1073,2.1470000000000002,0.24,-5.273316477470999,34,3.0066835225290003,0.005,0.0,429,2.1475,0.1,-1.275816477471,41,2.8741835225290004,2.1620998245510137,2.169066736569732,0.4875273180468286,0.5497622367909724,2.104206831080068,2.2615098697287466,0.5239178920020113,0.5355618982712366
26,56,3.4889,40.0,2.2129,141.2209354,2.824418708,E04001,1.125895389,0.018410868,0.0089,3.4978000000000002,1.2760000000000002,1.2849000000000002,1.0,0.0,0.0,141.2209354,2.824418708,0.6981317007977318,0.11697777844051097,0.8830222215594891,0.1324743314317942,0.053752563335403014,2.159147436664597,4.433234524286382,1.0051084019120298,2.0830637282104085,2.1029437834768157,6.9998701934768155,2.6457267798238004,2.949901137718591,2.9300210824521837,0.5313751605819885,0.00015093889703445833,935616.5850858192,18712.331701716386,7.061333530929907e-05,7.043366274818844e-05,83801.55435807773,83375.63808904694,11834533.894421684,236690.67788843368,30.39335001078017,0.6078670002156035,11774385.600507079,235487.71201014158,30.238877670271723,0.6047775534054345,"[2.642,2.923]",2.783,"[2.000,2.500]",2.25,0.002,0.0,1079,2.1590000000000003,0.24,-6.768405477470999,40,2.9515945225289997,0.005,0.0,431,2.1575,0.1,-1.275816477471,42,2.974183522529,2.1873767633275776,2.179066736569732,0.5906151397793113,0.5482190761807919,2.332305469098242,2.3147992641800412,0.5290751276867516,0.5274499296160277
26,56,3.4889,40.0,2.2243,144.7634295,2.895268589,E04001,1.174329737,0.018512963,0.0089,3.4978000000000002,1.2646000000000002,1.2735,1.0,0.0,0.0,144.7634295,2.895268589,0.6981317007977318,0.11697777844051097,0.8830222215594891,0.1324743314317942,0.053752563335403014,2.170547436664597,4.433234524286382,1.0051084019120298,2.0644532842436383,2.084285865248443,7.031796355248443,2.651753449181964,2.989904206085362,2.970071625080557,0.5280214286242423,0.00015279476808071005,947437.0838635804,18948.741670726882,7.061333530929905e-05,7.043366274818842e-05,85545.21634544247,85110.43802112168,12383818.895485708,247676.37782416897,31.80401911206855,0.6360803820216745,12320878.894184768,246417.5777985849,31.642377132225125,0.6328475424259226,"[2.642,2.923]",2.783,"[2.000,2.500]",2.25,0.002,0.0,1085,2.1710000000000003,0.24,-6.768405477470999,40,2.9515945225289997,0.005,0.0,434,2.1725,0.1,-1.275816477471,42,2.974183522529,2.198892599123411,2.1940667365697317,0.5864477435959776,0.5459073505338043,2.332305469098242,2.3147992641800412,0.5290751276867516,0.5274499296160277
26,56,3.4889,40.0,2.2357,148.3306678,2.966613355,E04001,1.206763259,0.018539659,0.0089,3.4978000000000002,1.2532,1.2621,1.0,0.0,0.0,148.3306678,2.966613355,0.6981317007977318,0.11697777844051097,0.8830222215594891,0.1324743314317942,0.053752563335403014,2.181947436664597,4.433234524286382,1.0051084019120298,2.0458428402768676,2.0656279470200705,7.06398243702007,2.6578153504372852,3.029907274452133,3.0101221677089303,0.5246411444997905,0.00015461581386298654,959349.9144365909,19186.998282264172,7.061333530929908e-05,7.043366274818844e-05,87334.03883977942,86890.16893465702,12954316.302775618,259086.3259681783,33.26916573589781,0.6653833144936655,12888476.78333249,257769.53557975963,33.10007723804663,0.662001544537782,"[2.642,2.923]",2.783,"[2.000,2.500]",2.25,0.002,0.0,1090,2.181,0.24,-6.768405477470999,40,2.9515945225289997,0.005,0.0,436,2.1825,0.1,-1.275816477471,42,2.974183522529,2.208487265817098,2.204066736569732,0.5828930674989617,0.5443682770006434,2.332305469098242,2.3147992641800412,0.5290751276867516,0.5274499296160277
26,56,3.4889,40.0,2.2471,151.9031146,3.038062292,E04001,1.165216398,0.018037813,0.0089,3.4978000000000002,1.2418,1.2507,1.0,0.0,0.0,151.9031146,3.038062292,0.6981317007977318,0.11697777844051097,0.8830222215594891,0.1324743314317942,0.053752563335403014,2.193347436664597,4.433234524286382,1.0051084019120298,2.0272323963100973,2.0469700287916983,7.096428438791699,2.6639122430725264,3.0699103428189023,3.0501727103373013,0.5212342805584832,0.0001564024600073909,971232.2593443975,19424.64518688795,7.06133353092991e-05,7.043366274818846e-05,89169.39835739821,88716.20034990275,13545109.337496914,270902.1867499383,34.78643541870966,0.6957287083741933,13476267.148627838,269525.34297255677,34.60963549059485,0.692192709811897,"[2.642,2.923]",2.783,"[2.000,2.500]",2.25,0.002,0.0,1096,2.193,0.24,-6.768405477470999,40,2.9515945225289997,0.005,0.0,438,2.1925,0.1,-1.275816477471,43,3.0741835225290006,2.219998631427245,2.2140667365697317,0.5785257738006935,0.5428309175212365,2.332305469098242,2.3680886586313368,0.5290751276867516,0.5193995461546299
26,56,3.4889,40.0,2.2585,155.504776,3.110095519,E04001,1.17038206,0.018070185,0.0089,3.4978000000000002,1.2304,1.2392999999999998,1.0,0.0,0.0,155.504776,3.110095519,0.6981317007977318,0.11697777844051097,0.8830222215594891,0.1324743314317942,0.053752563335403014,2.204747436664597,4.433234524286382,1.0051084019120298,2.008621952343327,2.0283121105633253,7.129134360563326,2.670043887385248,3.109913411185673,3.090223252965675,0.5178008116688234,0.00015815513194767817,983242.0490246564,19664.840974170223,7.061333530929911e-05,7.043366274818848e-05,91052.7227804786,90589.95289191484,14159133.26016842,283182.66511231574,36.36336647178172,0.7272673292017936,14087170.332307769,281743.4065555655,36.17855188814186,0.723571037530185,"[2.642,2.923]",2.783,"[2.000,2.500]",2.25,0.002,0.0,1102,2.205,0.24,-6.768405477470999,41,3.191594522529,0.005,0.0,440,2.2025,0.1,-1.275816477471,43,3.0741835225290006,2.2315075609473567,2.224066736569732,0.5740435870165511,0.5412953164095705,2.368792696736156,2.3680886586313368,0.5097778243700329,0.5193995461546299
26,56,3.4889,40.0,2.2699,159.1114077,3.182228153,E04001,1.168992235,0.018477619,0.0089,3.4978000000000002,1.2190000000000003,1.2279000000000002,1.0,0.0,0.0,159.1114077,3.182228153,0.6981317007977318,0.11697777844051097,0.8830222215594891,0.1324743314317942,0.053752563335403014,2.216147436664597,4.433234524286382,1.0051084019120298,1.990011508376558,2.009654192334954,7.162100202334953,2.676210044509764,3.1499164795524415,3.130273795594045,0.5143407152548249,0.00015987425477521615,995228.4557867763,19904.56910948061,7.061333530929908e-05,7.043366274818844e-05,92985.4937252777,92512.90064672654,14795052.802308451,295901.05595318356,37.996529669874995,0.7599305931586954,14719857.852310902,294397.1569537051,37.80341463427601,0.7560682924479294,"[2.642,2.923]",2.783,"[2.000,2.500]",2.25,0.002,0.0,1108,2.217,0.24,-6.768405477470999,41,3.191594522529,0.005,0.0,443,2.2175000000000002,0.1,-1.275816477471,44,3.1741835225290003,2.243014055923389,2.239066736569732,0.5694420995677075,0.5389953070614839,2.368792696736156,2.421378053082632,0.5097778243700329,0.5114162317735254
26,56,3.4889,40.0,2.2813,162.7451503,3.254903006,E04001,1.228915268,0.020215656,0.0089,3.4978000000000002,1.2076000000000002,1.2165000000000001,1.0,0.0,0.0,162.7451503,3.254903006,0.6981317007977318,0.11697777844051097,0.8830222215594891,0.1324743314317942,0.053752563335403014,2.227547436664597,4.433234524286382,1.0051084019120298,1.9714010644097877,1.9909962741065812,7.195325964106581,2.682410476438418,3.189919547919212,3.170324338222419,0.5108539713327612,0.0001615602530932114,1007334.088577498,20146.68177154996,7.061333530929907e-05,7.043366274818844e-05,94969.24904305144,94486.5736495589,15455784.70938954,309115.6941877908,39.693415774081565,0.7938683154816313,15377231.629929483,307544.63259858964,39.491676418754736,0.7898335283750947,"[2.642,2.923]",2.783,"[1.500,2.000]",1.75,0.002,0.0,1113,2.227,0.24,-6.768405477470999,41,3.191594522529,0.005,0.0,445,2.2275,0.1,-0.7758164774709999,39,3.1741835225290003,2.252600943129785,2.244274128443125,0.5655130556954447,0.49321551435504046,2.368792696736156,2.1549310808261564,0.5097778243700329,0.5081286539167169
26,56,3.4889,40.0,2.2927,166.4019168,3.328038335,E04001,1.177871048,0.024579044,0.0089,3.4978000000000002,1.1962000000000002,1.2051,1.0,0.0,0.0,166.4019168,3.328038335,0.6981317007977318,0.11697777844051097,0.8830222215594891,0.1324743314317942,0.053752563335403014,2.238947436664597,4.433234524286382,1.0051084019120298,1.9527906204430177,1.9723383558782088,7.228811645878208,2.6886449460421895,3.229922616285983,3.2103748808507917,0.507340562547792,0.0001632135508751673,1019534.9338810189,20390.698671493432,7.061333530929907e-05,7.043366274818844e-05,97005.58546247733,96512.56051381367,16141915.361262444,322838.30712824326,41.45553072018245,0.8291106141545199,16059875.06477459,321197.5011989792,41.24483552353268,0.8248967102227908,"[2.642,2.923]",2.783,"[1.500,2.000]",1.75,0.002,0.0,1119,2.239,0.24,-6.768405477470999,41,3.191594522529,0.005,0.0,447,2.2375000000000003,0.1,-0.7758164774709999,39,3.1741835225290003,2.264102978784784,2.254274128443125,0.5606806290350395,0.4915642633372943,2.368792696736156,2.1549310808261564,0.5097778243700329,0.5081286539167169
26,56,3.4889,40.0,2.3041,170.060592,3.401211839,E04001,1.158410645,0.021933359,0.0089,3.4978000000000002,1.1848,1.1937,1.0,0.0,0.0,170.060592,3.401211839,0.6981317007977318,0.11697777844051097,0.8830222215594891,0.1324743314317942,0.053752563335403014,2.250347436664597,4.433234524286382,1.0051084019120298,1.934180176476247,1.9536804376498365,7.262557247649837,2.6949132170906425,3.2699256846527525,3.2504254234791627,0.5038004742104483,0.00016483457132755353,1031704.6395689744,20634.092785312798,7.06133353092991e-05,7.043366274818846e-05,99096.16138303626,98592.51121025796,16852351.869726688,337047.03729543753,43.28006776193009,0.8656013549841037,16766700.823183106,335334.0163650696,43.06009946747823,0.8612019890963601,"[2.642,2.923]",2.783,"[1.500,2.000]",1.75,0.002,0.0,1125,2.251,0.24,-6.768405477470999,41,3.191594522529,0.005,0.0,450,2.2525,0.1,-0.7758164774709999,40,3.274183522529,2.2756025842670624,2.269274128443125,0.5557151131449422,0.4890944325976131,2.368792696736156,2.208220475277451,0.5097778243700329,0.49919945383194664
26,56,3.4889,40.0,2.3155,173.7560313,3.475120627,E04001,1.214346336,0.020718705,0.0089,3.4978000000000002,1.1734,1.1823,1.0,0.0,0.0,173.7560313,3.475120627,0.6981317007977318,0.11697777844051097,0.8830222215594891,0.1324743314317942,0.053752563335403014,2.261747436664597,4.433234524286382,1.0051084019120298,1.915569732509477,1.9350225194214636,7.296562769421465,2.701215054271219,3.3099287530195234,3.2904759661075365,0.5002336943329616,0.00016642373675665082,1044057.9852744843,20881.159711498443,7.061333530929908e-05,7.043366274818844e-05,101242.69982954122,100728.14000653663,17591529.720478266,351830.59451080806,45.178418076233434,0.9035683617846794,17502121.84776656,350042.43705605937,44.94880153254116,0.8989760309095124,"[2.642,2.923]",2.783,"[1.500,2.000]",1.75,0.002,0.0,1130,2.261,0.24,-6.768405477470999,41,3.191594522529,0.005,0.0,452,2.2625,0.1,-0.7758164774709999,40,3.274183522529,2.285183733564537,2.279274128443125,0.55147164810497,0.48745262740512246,2.368792696736156,2.208220475277451,0.5097778243700329,0.49919945383194664
26,56,3.4889,40.0,2.3269,177.4681659,3.549363318,E04001,1.155136748,0.019496454,0.0089,3.4978000000000002,1.162,1.1708999999999998,1.0,0.0,0.0,177.4681659,3.549363318,0.6981317007977318,0.11697777844051097,0.8830222215594891,0.1324743314317942,0.053752563335403014,2.273147436664597,4.433234524286382,1.0051084019120298,1.8969592885427067,1.9163646011930913,7.330828211193093,2.7075502232078894,3.349931821386294,3.3305265087359093,0.4966402136654222,0.00016798146843953707,1056474.6668105093,21129.493336210187,7.06133353092991e-05,7.043366274818846e-05,103446.99157879433,102921.22857793834,18358547.863361377,367170.9572672275,47.14826759369127,0.9429653518738254,18265241.66790138,365304.8333580277,46.90863941043628,0.9381727882087256,"[2.642,2.923]",2.783,"[1.500,2.000]",1.75,0.002,0.0,1136,2.273,0.24,-6.768405477470999,42,3.431594522529,0.005,0.0,454,2.2725,0.1,-0.7758164774709999,41,3.3741835225290004,2.296678887727907,2.289274128443125,0.5462479603462773,0.4858146612163278,2.404881726082686,2.2615098697287466,0.4887362714705603,0.49037179828029626
26,56,3.4889,40.0,2.3383,181.1979154,3.623958309,E04001,1.186547867,0.019591837,0.0089,3.4978000000000002,1.1506000000000003,1.1595000000000002,1.0,0.0,0.0,181.1979154,3.623958309,0.6981317007977318,0.11697777844051097,0.8830222215594891,0.1324743314317942,0.053752563335403014,2.284547436664597,4.433234524286382,1.0051084019120298,1.8783488445759373,1.8977066829647193,7.365353572964718,2.7139184904791667,3.3899348897530626,3.3705770513642803,0.4930200257317471,0.00016950818649918075,1068962.62146534,21379.252435206217,7.061333530929907e-05,7.043366274818844e-05,105710.89847021719,105173.62930119984,19154594.437864404,383091.8888629989,49.192667684104414,0.983853353953574,19057242.384429768,381144.847793769,48.94264896256425,0.9788529795213909,"[2.642,2.923]",2.783,"[1.500,2.000]",1.75,0.002,0.0,1142,2.285,0.24,-6.768405477470999,42,3.431594522529,0.005,0.0,456,2.2825,0.1,-0.7758164774709999,41,3.3741835225290004,2.3081716160768266,2.299274128443125,0.5408751698893327,0.4841805675035244,2.404881726082686,2.2615098697287466,0.4887362714705603,0.49037179828029626
26,56,3.4889,40.0,2.3497,184.9598631,3.699197263,E04001,1.184040669,0.019301485,0.0089,3.4978000000000002,1.1392000000000002,1.1481000000000001,1.0,0.0,0.0,184.9598631,3.699197263,0.6981317007977318,0.11697777844051097,0.8830222215594891,0.1324743314317942,0.053752563335403014,2.295947436664597,4.433234524286382,1.0051084019120298,1.859738400609167,1.879048764736347,7.400138854736347,2.7203196236354925,3.429937958119833,3.410627593992653,0.4893731268654412,0.00017100430978359747,1081609.3660683932,21632.18732721567,7.061333530929908e-05,7.043366274818844e-05,108036.3569132421,107487.26874407103,19982389.784496,399647.7957979563,51.31860470299523,1.0263720943373627,19880830.511896286,397616.610345413,51.05778103672323,1.0211556210105124,"[2.642,2.923]",2.783,"[1.500,2.000]",1.75,0.002,0.0,1147,2.295,0.24,-6.768405477470999,42,3.431594522529,0.005,0.0,459,2.2975,0.1,-0.7758164774709999,41,3.3741835225290004,2.3177470377557654,2.3142741284431247,0.5362794358102905,0.4817367591118846,2.404881726082686,2.2615098697287466,0.4887362714705603,0.49037179828029626
26,56,3.4889,40.0,2.3611,188.7327903,3.774655805,E04001,1.192161678,0.019127572,0.0089,3.4978000000000002,1.1278000000000001,1.1367,1.0,0.0,0.0,188.7327903,3.774655805,0.6981317007977318,0.11697777844051097,0.8830222215594891,0.1324743314317942,0.053752563335403014,2.307347436664597,4.433234524286382,1.0051084019120298,1.8411279566423968,1.8603908465079744,7.435184056507975,2.7267533912160036,3.4699410264866026,3.4506781366210246,0.48569951624513813,0.00017247025574902965,1094291.8213946107,21885.836422094115,7.061333530929908e-05,7.043366274818844e-05,110425.38160527467,109864.15136438134,20840890.390305784,416817.80769569025,53.523398709216515,1.0704679739007368,20734967.840941243,414699.3567089607,53.251369312402836,1.0650273859659045,"[2.642,2.923]",2.783,"[1.500,2.000]",1.75,0.002,0.0,1153,2.307,0.24,-6.768405477470999,42,3.431594522529,0.005,0.0,461,2.3075,0.1,-0.7758164774709999,42,3.474183522529,2.3292353227640206,2.324274128443125,0.5306167558343342,0.48011248788399297,2.404881726082686,2.3147992641800412,0.4887362714705603,0.4816513642175767
26,56,3.4889,40.0,2.3725,192.5501819,3.851003639,E04001,1.158139648,0.018540621,0.0089,3.4978000000000002,1.1164,1.1253,1.0,0.0,0.0,192.5501819,3.851003639,0.6981317007977318,0.11697777844051097,0.8830222215594891,0.1324743314317942,0.053752563335403014,2.318747436664597,4.433234524286382,1.0051084019120298,1.8225175126756266,1.8417329282796018,7.470489178279602,2.73321956276469,3.509944094853373,3.490728679249398,0.4819991959298988,0.0001739064403471053,1107205.584311214,22144.111691974496,7.061333530929907e-05,7.043366274818844e-05,112880.0694751634,112306.36343346677,21735077.910327353,434701.5583194271,55.8198435471579,1.1163968712330556,21624610.70764154,432492.2142651371,55.53614261006191,1.1107228524896624,"[2.642,2.923]",2.783,"[1.500,2.000]",1.75,0.002,0.0,1159,2.319,0.24,-6.768405477470999,42,3.431594522529,0.005,0.0,463,2.3175,0.1,-0.7758164774709999,42,3.474183522529,2.3407211863030923,2.3342741284431248,0.5247862678092486,0.47849220013979205,2.404881726082686,2.3147992641800412,0.4887362714705603,0.4816513642175767
26,56,3.4889,40.0,2.3839,196.3873464,3.927746928,E04001,1.196614773,0.018738478,0.0089,3.4978000000000002,1.105,1.1139,1.0,0.0,0.0,196.3873464,3.927746928,0.6981317007977318,0.11697777844051097,0.8830222215594891,0.1324743314317942,0.053752563335403014,2.330147436664597,4.433234524286382,1.0051084019120298,1.8039070687088563,1.8230750100512292,7.50605422005123,2.739717908845951,3.5499471632201445,3.530779221877771,0.4782721708942521,0.0001753132779159257,1120208.0568830657,22404.161137661315,7.061333530929908e-05,7.043366274818844e-05,115402.60386832805,114816.07720002768,22663611.141351324,453272.2228270264,58.204494750062864,1.164089895001257,22548424.72537098,450968.4945074195,57.908673969235316,1.158173479384706,"[2.642,2.923]",2.783,"[1.500,2.000]",1.75,0.002,0.0,1165,2.331,0.24,-6.768405477470999,42,3.431594522529,0.005,0.0,466,2.3325,0.1,-0.7758164774709999,43,3.5741835225290006,2.352204629903497,2.349274128443125,0.5187806211607521,0.4760693029649316,2.404881726082686,2.3680886586313368,0.4887362714705603,0.47304317493564213
26,56,3.4889,40.0,2.3953,200.2564152,4.005128303,E04001,1.17349549,0.01837644,0.0089,3.4978000000000002,1.0936,1.1024999999999998,1.0,0.0,0.0,200.2564152,4.005128303,0.6981317007977318,0.11697777844051097,0.8830222215594891,0.1324743314317942,0.053752563335403014,2.341547436664597,4.433234524286382,1.0051084019120298,1.785296624742086,1.8044170918228566,7.541879181822858,2.746248201059558,3.589950231586915,3.5708297645061444,0.4745184490629608,0.00017669118107503675,1133369.611214244,22667.39221862529,7.061333530929907e-05,7.043366274818844e-05,117995.25899104128,117395.55531182257,23629307.576141495,472586.1514048347,60.68458817905503,1.2136917632780662,23509213.067158904,470184.26122578257,60.376162475225556,1.207523249203017,"[2.642,2.923]",2.783,"[1.500,2.000]",1.75,0.002,0.0,1170,2.341,0.24,-6.768405477470999,43,3.6715945225290003,0.005,0.0,468,2.3425000000000002,0.1,-0.7758164774709999,43,3.5741835225290006,2.3617723187759907,2.359274128443125,0.513636509000125,0.4744591035219524,2.4405853164330815,2.3680886586313368,0.4657067972834207,0.47304317493564213
26,56,3.4889,40.0,2.4067,204.1471781,4.082943561,E04001,1.205012983,0.018418085,0.0089,3.4978000000000002,1.0822000000000003,1.0911000000000002,1.0,0.0,0.0,204.1471781,4.082943561,0.6981317007977318,0.11697777844051097,0.8830222215594891,0.1324743314317942,0.053752563335403014,2.352947436664597,4.433234524286382,1.0051084019120298,1.7666861807753165,1.7857591735944849,7.577964063594484,2.7528102120550346,3.6299532999536837,3.610880307134515,0.47073804134549335,0.00017804056062422998,1146632.9772510114,22932.659539403532,7.061333530929908e-05,7.043366274818844e-05,120660.40463281535,120047.15551405362,24632481.11419342,492649.622163208,63.260929988168144,1.265218599453484,24507288.0371259,490145.76062247093,62.93941018483788,1.2587882033884539,"[2.642,2.923]",2.783,"[1.500,2.000]",1.75,0.002,0.0,1176,2.353,0.24,-6.768405477470999,43,3.6715945225290003,0.005,0.0,470,2.3525,0.1,-0.7758164774709999,43,3.5741835225290006,2.373251329791948,2.369274128443125,0.5072891720447512,0.47285298928508007,2.4405853164330815,2.3680886586313368,0.4657067972834207,0.47304317493564213
26,56,3.4889,40.0,2.4181,208.0850012,4.161700025,E04001,1.187014915,0.018069539,0.0089,3.4978000000000002,1.0708000000000002,1.0797,1.0,0.0,0.0,208.0850012,4.161700025,0.6981317007977318,0.11697777844051097,0.8830222215594891,0.1324743314317942,0.053752563335403014,2.364347436664597,4.433234524286382,1.0051084019120298,1.7480757368085464,1.7671012553661123,7.614308865366112,2.759403715545464,3.669956368320454,3.6509308497628883,0.466930961670183,0.00017936182544612305,1160140.9646809422,23202.81929919417,7.061333530929907e-05,7.043366274818844e-05,123400.51118745189,122773.33564489722,25677795.51852154,513555.9104938313,65.94549761419269,1.3189099526007702,25547289.69499644,510945.79402270215,65.61033366027364,1.3122066735207782,"[2.642,2.923]",2.783,"[1.500,2.000]",1.75,0.002,0.0,1182,2.365,0.24,-6.768405477470999,43,3.6715945225290003,0.005,0.0,472,2.3625000000000003,0.1,-0.7758164774709999,44,3.6741835225290003,2.3847279251969837,2.379274128443125,0.5007433615881387,0.4712509876626874,2.4405853164330815,2.421378053082632,0.4657067972834207,0.4645516360546348
26,56,3.4889,40.0,2.4295,212.0499983,4.240999966,E04001,1.19783071,0.018203254,0.0089,3.4978000000000002,1.0594000000000001,1.0683,1.0,0.0,0.0,212.0499983,4.240999966,0.6981317007977318,0.11697777844051097,0.8830222215594891,0.1324743314317942,0.053752563335403014,2.375747436664597,4.433234524286382,1.0051084019120298,1.7294652928417762,1.7484433371377397,7.65091358713774,2.7660284863207285,3.7099594366872237,3.6909813923912598,0.4630972270180585,0.00018065538241246256,1173781.7908788288,23475.63581757658,7.061333530929907e-05,7.043366274818844e-05,126218.1549950619,125576.6589503735,26764559.55213201,535291.1910426402,68.73651582811826,1.3747303165623652,26628530.31694638,532570.6063389276,68.38716669501514,1.367743333900303,"[2.642,2.923]",2.783,"[1.500,2.000]",1.75,0.002,0.0,1187,2.375,0.24,-6.768405477470999,43,3.6715945225290003,0.005,0.0,475,2.3775,0.1,-0.7758164774709999,44,3.6741835225290003,2.3942899105426463,2.394274128443125,0.49513027479809524,0.4688557545664851,2.4405853164330815,2.421378053082632,0.4657067972834207,0.4645516360546348
26,56,3.4889,40.0,2.4409,216.0527474,4.321054948,E04001,1.171010335,0.018560282,0.0089,3.4978000000000002,1.048,1.0569,1.0,0.0,0.0,216.0527474,4.321054948,0.6981317007977318,0.11697777844051097,0.8830222215594891,0.1324743314317942,0.053752563335403014,2.387147436664597,4.433234524286382,1.0051084019120298,1.710854848875006,1.7297854189093673,7.687778228909368,2.7726843002601953,3.749962505053994,3.731031935019633,0.45923685745632453,0.0001819216362940965,1187614.3585841914,23752.28717168383,7.061333530929907e-05,7.043366274818844e-05,129116.0240292951,128459.79974267069,27895871.724893626,557917.4344978725,71.64194219682444,1.432838843936489,27754092.664857812,555081.8532971563,71.27782641209556,1.4255565282419114,"[2.642,2.923]",2.783,"[1.500,2.000]",1.75,0.002,0.0,1193,2.387,0.24,-6.768405477470999,43,3.6715945225290003,0.005,0.0,477,2.3875,0.1,-0.7758164774709999,45,3.774183522529,2.405762081285623,2.404274128443125,0.48819623703974124,0.4672641496854197,2.4405853164330815,2.4746674475339265,0.4657067972834207,0.4561805714698947
26,56,3.4889,40.0,2.4523,220.091778,4.40183556,E04001,1.217673838,0.020536887,0.0089,3.4978000000000002,1.0366,1.0454999999999999,1.0,0.0,0.0,220.091778,4.40183556,0.6981317007977318,0.11697777844051097,0.8830222215594891,0.1324743314317942,0.053752563335403014,2.398547436664597,4.433234524286382,1.0051084019120298,1.6922444049082357,1.711127500680995,7.7249027906809955,2.7793709343448554,3.7899655734207656,3.7710824776480063,0.45534987617147515,0.000183160989674556,1201630.2073441693,24032.60414688339,7.061333530929907e-05,7.043366274818844e-05,132096.9239561273,131425.54942813906,29073446.861834854,581468.9372366972,74.66618071946853,1.493323614389371,28925682.84826601,578513.6569653202,74.28669442761614,1.4857338885523228,"[2.642,2.923]",2.783,"[1.500,2.000]",1.75,0.002,0.0,1199,2.399,0.24,-6.768405477470999,43,3.6715945225290003,0.005,0.0,479,2.3975,0.1,-0.7758164774709999,45,3.774183522529,2.417231840732555,2.414274128443125,0.48103606375081565,0.4656767477303871,2.4405853164330815,2.4746674475339265,0.4657067972834207,0.4561805714698947
26,56,3.4889,40.0,2.4523,220.091778,4.40183556,E04001,1.204043161,0.022354311,0.0089,3.4978000000000002,1.0366,1.0454999999999999,1.0,0.0,0.0,220.091778,4.40183556,0.6981317007977318,0.11697777844051097,0.8830222215594891,0.1324743314317942,0.053752563335403014,2.398547436664597,4.433234524286382,1.0051084019120298,1.6922444049082357,1.711127500680995,7.7249027906809955,2.7793709343448554,3.7899655734207656,3.7710824776480063,0.45534987617147515,0.000183160989674556,1201630.2073441693,24032.60414688339,7.061333530929907e-05,7.043366274818844e-05,132096.9239561273,131425.54942813906,29073446.861834854,581468.9372366972,74.66618071946853,1.493323614389371,28925682.84826601,578513.6569653202,74.28669442761614,1.4857338885523228,"[2.642,2.923]",2.783,"[1.500,2.000]",1.75,0.002,0.0,1199,2.399,0.24,-6.768405477470999,43,3.6715945225290003,0.005,0.0,479,2.3975,0.1,-0.7758164774709999,45,3.774183522529,2.417231840732555,2.414274128443125,0.48103606375081565,0.4656767477303871,2.4405853164330815,2.4746674475339265,0.4657067972834207,0.4561805714698947
26,56,3.4889,40.0,2.4637,224.1681941,4.483363882,E04001,1.186609015,0.019940385,0.0089,3.4978000000000002,1.0252000000000003,1.0341000000000002,1.0,0.0,0.0,224.1681941,4.483363882,0.6981317007977318,0.11697777844051097,0.8830222215594891,0.1324743314317942,0.053752563335403014,2.4099474366645968,4.433234524286382,1.0051084019120298,1.673633960941466,1.692469582452623,7.762287272452622,2.786088166668927,3.829968641787534,3.811133020276377,0.45143630950202074,0.00018437384286719126,1215835.123974031,24316.70247948062,7.061333530929908e-05,7.043366274818844e-05,135163.78459287982,134476.82293348273,30299421.499907274,605988.4299981454,77.81471843220753,1.5562943686441504,30145426.545304287,602908.5309060857,77.41922989020851,1.5483845978041701,"[2.642,2.923]",2.783,"[1.500,2.000]",1.75,0.002,0.0,1204,2.4090000000000003,0.24,-6.768405477470999,44,3.9115945225290005,0.005,0.0,481,2.4075,0.1,-0.7758164774709999,45,3.774183522529,2.4267881327392544,2.424274128443125,0.4748886022704518,0.46409357293391135,2.4759155598966265,2.4746674475339265,0.44039787754748566,0.4561805714698947
26,56,3.4889,40.0,2.4751,228.2848001,4.565696002,E04001,1.143308709,0.018485681,0.0089,3.4978000000000002,1.0138000000000003,1.0227000000000002,1.0,0.0,0.0,228.2848001,4.565696002,0.6981317007977318,0.11697777844051097,0.8830222215594891,0.1324743314317942,0.053752563335403014,2.421347436664597,4.433234524286382,1.0051084019120298,1.6550235169746959,1.6738116642242507,7.79993167422425,2.7928357764509264,3.8699717101543047,3.85118356290475,0.4474961869708087,0.00018556059383579885,1230243.961721784,24604.879234435677,7.061333530929907e-05,7.043366274818844e-05,138319.66679870491,137616.6655612248,31576277.48504096,631525.5497008192,81.09392919080108,1.6218785838160217,31415792.98807276,628315.8597614552,80.68177426090075,1.613635485218015,"[2.642,2.923]",2.783,"[1.500,2.000]",1.75,0.002,0.0,1210,2.4210000000000003,0.24,-6.768405477470999,44,3.9115945225290005,0.005,0.0,484,2.4225,0.1,-0.7758164774709999,46,3.8741835225290004,2.4382534754229326,2.4392741284431247,0.4672847791722221,0.461726787991492,2.4759155598966265,2.527956841985222,0.44039787754748566,0.44793325896815084
26,56,3.4889,40.0,2.4865,232.4480855,4.64896171,E04001,1.165851719,0.018498754,0.0089,3.4978000000000002,1.0024000000000002,1.0113,1.0,0.0,0.0,232.4480855,4.64896171,0.6981317007977318,0.11697777844051097,0.8830222215594891,0.1324743314317942,0.053752563335403014,2.432747436664597,4.433234524286382,1.0051084019120298,1.6364130730079258,1.655153745995878,7.837835995995878,2.7996135440442274,3.9099747785210734,3.8912341055331217,0.44352954131692085,0.0001867216381186818,1244890.993042028,24897.819860840562,7.061333530929907e-05,7.043366274818844e-05,141567.7698305832,140848.2603083181,32907157.06562372,658143.1413124744,84.511882891024,1.6902376578204799,32739908.45467418,654798.1690934837,84.08235642071644,1.681647128414329,"[2.642,2.923]",2.783,"[1.500,2.000]",1.75,0.002,0.0,1216,2.433,0.24,-6.768405477470999,44,3.9115945225290005,0.005,0.0,486,2.4325,0.1,-0.7758164774709999,46,3.8741835225290004,2.4497164111125826,2.449274128443125,0.4594217496396209,0.46015428264718006,2.4759155598966265,2.527956841985222,0.44039787754748566,0.44793325896815084
26,56,3.4889,40.0,2.4979,236.6348612,4.732697223,E04001,1.170579849,0.018171456,0.0089,3.4978000000000002,0.9910000000000001,0.9999000000000001,1.0,0.0,0.0,236.6348612,4.732697223,0.6981317007977318,0.11697777844051097,0.8830222215594891,0.1324743314317942,0.053752563335403014,2.444147436664597,4.433234524286382,1.0051084019120298,1.6178026290411556,1.6364958277675057,7.8760002377675065,2.806421250947104,3.949977846887845,3.9312846481614945,0.4395364085271254,0.00018785736875608162,1259651.738800048,25193.03477067777,7.061333530929907e-05,7.043366274818844e-05,144911.43920199014,144174.93568487078,34291098.30185518,685821.9658921921,88.06610908720407,1.761322181371921,34116815.89430832,682336.3177419915,87.61851847987226,1.7523703692271764,"[2.642,2.923]",2.783,"[1.500,2.000]",1.75,0.002,0.0,1222,2.445,0.24,-6.768405477470999,44,3.9115945225290005,0.005,0.0,488,2.4425,0.1,-0.7758164774709999,47,3.974183522529,2.4611769413235365,2.4592741284431248,0.4512863022951349,0.4585860839511304,2.4759155598966265,2.5812462364365167,0.44039787754748566,0.43981246526947915
26,56,3.4889,40.0,2.5093,240.8874256,4.817748511,E04001,1.199730535,0.018265794,0.0089,3.4978000000000002,0.9796,0.9885,1.0,0.0,0.0,240.8874256,4.817748511,0.6981317007977318,0.11697777844051097,0.8830222215594891,0.1324743314317942,0.053752563335403014,2.455547436664597,4.433234524286382,1.0051084019120298,1.599192185074385,1.617837909539133,7.914424399539133,2.81325867981228,3.9899809152546157,3.9713351907898677,0.43551682786686546,0.00018896817622091747,1274751.2857317582,25495.025709343266,7.06133353092991e-05,7.043366274818846e-05,148354.1750848135,147600.1740733612,35736655.31319238,714733.1061154935,91.77857639669551,1.8355715275529083,35555025.950643845,711100.5188652767,91.31211740156985,1.8262423476523315,"[2.642,2.923]",2.783,"[1.500,2.000]",1.75,0.002,0.0,1227,2.455,0.24,-6.768405477470999,44,3.9115945225290005,0.005,0.0,491,2.4575,0.1,-0.7758164774709999,47,3.974183522529,2.470725546739658,2.474274128443125,0.44428850324491903,0.456241907123234,2.4759155598966265,2.5812462364365167,0.44039787754748566,0.43981246526947915
26,56,3.4889,40.0,2.5207,245.1734738,4.903469477,E04001,1.199150933,0.018109626,0.0089,3.4978000000000002,0.9682,0.9771,1.0,0.0,0.0,245.1734738,4.903469477,0.6981317007977318,0.11697777844051097,0.8830222215594891,0.1324743314317942,0.053752563335403014,2.466947436664597,4.433234524286382,1.0051084019120298,1.580581741107615,1.5991799913107607,7.953108481310762,2.820125614455988,4.029983983621385,4.011385733418239,0.4314708419107643,0.00019005444835277184,1290017.0236737544,25800.340478736736,7.061333530929907e-05,7.043366274818844e-05,151899.6412988926,151127.62067248873,37241762.72622344,744835.2546763684,95.64398054494298,1.912879611288967,37052483.74740276,741049.6750991826,95.15787586990447,1.903157517786214,"[2.642,2.923]",2.783,"[1.500,2.000]",1.75,0.002,0.0,1233,2.467,0.24,-6.768405477470999,44,3.9115945225290005,0.005,0.0,493,2.4675000000000002,0.1,-0.7758164774709999,47,3.974183522529,2.4821816708366455,2.484274128443125,0.43561621576330306,0.4546845664919298,2.4759155598966265,2.5812462364365167,0.44039787754748566,0.43981246526947915
26,56,3.4889,40.0,2.5321,249.5059296,4.990118592,E04001,1.186344551,0.017795168,0.0089,3.4978000000000002,0.9568000000000003,0.9657000000000003,1.0,0.0,0.0,249.5059296,4.990118592,0.6981317007977318,0.11697777844051097,0.8830222215594891,0.1324743314317942,0.053752563335403014,2.478347436664597,4.433234524286382,1.0051084019120298,1.5619712971408455,1.5805220730823888,7.992052483082388,2.8270218398665383,4.069987051988155,4.051436276046612,0.4273984965726279,0.0001911165702950601,1305516.990048503,26110.339800970058,7.061333530929908e-05,7.043366274818844e-05,155551.67493774125,154761.09307397433,38811065.256178156,776221.305123563,99.6742500503773,1.9934850010075458,38613810.39333409,772276.2078666817,99.16766177734239,1.9833532355468477,"[2.642,2.923]",2.783,"[1.500,2.000]",1.75,0.002,0.0,1239,2.479,0.24,-6.768405477470999,45,4.151594522529001,0.005,0.0,495,2.4775,0.1,-0.7758164774709999,48,4.074183522529001,2.4936353937396802,2.494274128443125,0.42662883149851294,0.4531316039842077,2.51088392924068,2.6345356308878123,0.41245780316417185,0.43182048029034764
26,56,3.4889,40.0,2.5435,253.8812246,5.077624493,E04001,1.221043425,0.017882378,0.0089,3.4978000000000002,0.9454000000000002,0.9543000000000003,1.0,0.0,0.0,253.8812246,5.077624493,0.6981317007977318,0.11697777844051097,0.8830222215594891,0.1324743314317942,0.053752563335403014,2.489747436664597,4.433234524286382,1.0051084019120298,1.5433608531740752,1.5618641548540164,8.031256404854016,2.833947142212433,4.109990120354924,4.091486818674983,0.42329984113492386,0.00019215492443531575,1321231.9452445928,26424.638910095993,7.061333530929907e-05,7.043366274818844e-05,159314.2966836593,158504.59152524624,40446908.73833515,808938.1749260172,103.87540946735157,2.077508189756181,40241339.8011523,804826.7961815506,103.3474690588081,2.0669493815832323,"[2.642,2.923]",2.783,"[1.500,2.000]",1.75,0.002,0.0,1244,2.489,0.24,-6.768405477470999,45,4.151594522529001,0.005,0.0,497,2.4875000000000003,0.1,-0.7758164774709999,48,4.074183522529001,2.503178329669055,2.504274128443125,0.4188862817989989,0.4515830385982983,2.51088392924068,2.6345356308878123,0.41245780316417185,0.43182048029034764
26,56,3.4889,40.0,2.5549,258.306243,5.16612486,E04001,1.215611347,0.017730892,0.0089,3.4978000000000002,0.9340000000000002,0.9429000000000002,1.0,0.0,0.0,258.306243,5.16612486,0.6981317007977318,0.11697777844051097,0.8830222215594891,0.1324743314317942,0.053752563335403014,2.501147436664597,4.433234524286382,1.0051084019120298,1.5247504092073052,1.5432062366256438,8.070720246625644,2.8409013088500004,4.1499931887216945,4.131537361303356,0.41917492827771863,0.00019316989034853362,1337197.2336575943,26743.944673151887,7.061333530929907e-05,7.043366274818844e-05,163191.7218705787,162362.30993605978,42153440.56509012,843068.8113018024,108.25811009399374,2.165162201879875,41939198.284385175,838783.9656877035,107.70789487785899,2.15415789755718,"[2.642,2.923]",2.783,"[1.500,2.000]",1.75,0.002,0.0,1250,2.501,0.24,-6.768405477470999,45,4.151594522529001,0.005,0.0,500,2.5025,0.1,-0.7758164774709999,49,4.174183522529001,2.5146276543018544,2.519274128443125,0.40927565783255254,0.4492684751630166,2.51088392924068,2.687825025339107,0.41245780316417185,0.4239591504587475
26,56,3.4889,40.0,2.5663,262.7777091,5.255554183,E04001,1.202537312,0.017619455,0.0089,3.4978000000000002,0.9226000000000001,0.9315000000000001,1.0,0.0,0.0,262.7777091,5.255554183,0.6981317007977318,0.11697777844051097,0.8830222215594891,0.1324743314317942,0.053752563335403014,2.512547436664597,4.433234524286382,1.0051084019120298,1.506139965240535,1.5245483183972712,8.110444008397272,2.8478841283305876,4.189996257088466,4.171587903931729,0.41502381410705,0.0001941618447434991,1353395.2020653032,27067.90404645641,7.061333530929907e-05,7.043366274818844e-05,167188.37235871074,166338.64769279244,43933377.47657977,878667.5496987838,112.82932903938134,2.2565865812169985,43710088.77550399,874201.7756764186,112.25588088284283,2.245117618084046,"[2.642,2.923]",2.783,"[1.500,2.000]",1.75,0.002,0.0,1256,2.513,0.24,-6.768405477470999,45,4.151594522529001,0.005,0.0,502,2.5125,0.1,-0.7758164774709999,49,4.174183522529001,2.526074582012768,2.529274128443125,0.399297832305881,0.44773098166411474,2.51088392924068,2.687825025339107,0.41245780316417185,0.4239591504587475
26,56,3.4889,40.0,2.5777,267.2921383,5.345842766,E04001,1.223380538,0.018519063,0.0089,3.4978000000000002,0.9112,0.9201,1.0,0.0,0.0,267.2921383,5.345842766,0.6981317007977318,0.11697777844051097,0.8830222215594891,0.1324743314317942,0.053752563335403014,2.523947436664597,4.433234524286382,1.0051084019120298,1.4875295212737645,1.5058904001688986,8.150427690168899,2.8548953904073087,4.2299993254552355,4.211638446560101,0.41084655818271865,0.0001951311614120455,1369807.5508072076,27396.151016144155,7.061333530929911e-05,7.043366274818848e-05,171308.88929140472,170438.22235046665,45789519.32849754,915790.3865699507,117.59625686926282,2.351925137385256,45556796.90010708,911135.9380021415,116.99858109389798,2.3399716218779596,"[2.642,2.923]",2.783,"[1.500,2.000]",1.75,0.002,0.0,1261,2.523,0.24,-6.768405477470999,45,4.151594522529001,0.005,0.0,504,2.5225,0.1,-0.7758164774709999,49,4.174183522529001,2.5356118585421825,2.539274128443125,0.3906872819539021,0.4461979469678431,2.51088392924068,2.687825025339107,0.41245780316417185,0.4239591504587475
26,56,3.4889,40.0,2.5891,271.8576687,5.437153374,E04001,1.210192089,0.020341527,0.0089,3.4978000000000002,0.8997999999999999,0.9087,1.0,0.0,0.0,271.8576687,5.437153374,0.6981317007977318,0.11697777844051097,0.8830222215594891,0.1324743314317942,0.053752563335403014,2.535347436664597,4.433234524286382,1.0051084019120298,1.4689190773069944,1.487232481940526,8.190671291940527,2.861934886041352,4.270002393822006,4.251688989188474,0.4066432235454752,0.0001960782111811708,1386475.667348939,27729.513346978783,7.061333530929908e-05,7.043366274818844e-05,175558.14681169947,174665.88327958764,47726828.51352095,954536.5702704191,122.57163795860762,2.4514327591721528,47484259.829815,949685.1965963001,121.94867511348838,2.438973502269768,"[2.642,2.923]",2.783,"[1.050,1.500]",1.25,0.002,0.0,1267,2.535,0.24,-6.768405477470999,45,4.151594522529001,0.005,0.0,507,2.5375,0.1,-0.2758164774709999,45,4.274183522529,2.5470543958033574,2.5494815203165175,0.37998018848727155,0.3784078666404939,2.51088392924068,2.4746674475339265,0.41245780316417185,0.390170710872534
26,56,4.6289,10.65,0.1021,277.2072784,5.544145568,E04001,3.751705244,0.281377893,0.0089,4.6377999999999995,4.5268,4.535699999999999,1.0,0.0,0.0,277.2072784,5.544145568,0.1858775653373961,0.008612776470334326,0.9913872235296656,0.008687600834384369,0.007064758834642859,0.09503524116535714,4.433234524286382,1.0038491028228866,0.7218920734671285,0.7247020758512733,0.7351264858512734,0.8573951748472074,0.35005949566187156,0.3472494932777267,0.9826801313492172,-0.008201004783220596,-33801.623792144484,-676.0324758428897,0.008308071830134798,0.008292128529585358,122.1758860902358,121.70742170976649,33868.04486918268,677.3608973836538,0.08697962683389472,0.0017395925366778947,33738.183133245446,674.7636626649089,0.0866461170202798,0.001732922340405596,"[0.702,0.878]",0.756,"[0.650,1.050]",0.8,0.002,0.0,47,0.095,0.04,0.405147522529,-2,0.345147522529,0.005,0.0,19,0.0975,0.1,0.17418352252900005,1,0.32418352252900007,0.10038171084117664,0.1051681730025713,0.982620360656444,0.9826895102535942,0.019162910402884314,0.12993409167694267,0.982910747537301,0.9825674062803932
26,56,4.6289,10.65,0.1217,555.7482102,11.1149642,E04001,2.195238739,0.144489894,0.0089,4.6377999999999995,4.5072,4.5161,1.0,0.0,0.0,555.7482102,11.1149642,0.1858775653373961,0.008612776470334326,0.9913872235296656,0.008687600834384369,0.007064758834642859,0.11463524116535714,4.433234524286382,1.0038491028228866,0.7187664472764518,0.7215704400096867,0.7363813300096868,0.8581266398438442,0.38996542345254837,0.3871614307193134,0.9825770966979942,-0.007542154945295109,-73685.59970339548,-1473.711993537557,0.008308071830134796,0.008292128529585356,123.64680540602589,123.17270101484706,68716.49080134658,1374.3298155323441,0.1764771113987284,0.003529542226704373,68453.00813450098,1369.0601621973287,0.17580043743871832,0.003516008747509042,"[0.702,0.878]",0.756,"[0.650,1.050]",0.8,0.002,0.0,57,0.115,0.04,0.405147522529,-1,0.385147522529,0.005,0.0,22,0.1125,0.1,0.17418352252900005,2,0.42418352252900005,0.12033948696430485,0.1201681730025713,0.9824853321664344,0.9826186237288965,0.03982900006389922,0.18322348612823774,0.9828748193295684,0.9822176112396704
26,56,4.6289,10.65,0.1414,1324.637937,26.49275875,E04001,1.781618911,0.083796483,0.0089,4.6377999999999995,4.4875,4.4963999999999995,1.0,0.0,0.0,1324.637937,26.49275875,0.1858775653373961,0.008612776470334326,0.9913872235296656,0.008687600834384369,0.007064758834642859,0.13433524116535714,4.433234524286382,1.0038491028228866,0.7156248740133735,0.7184228264342142,0.7384167864342142,0.8593118097839771,0.4300749529156265,0.4272770004947858,0.982454579798442,-0.006880307795808549,-192525.97068505615,-3850.5194151545466,0.008308071830134798,0.008292128529585358,125.40751160103865,124.92665605655756,166119.5474515034,3322.3909502841434,0.4266268189662972,0.008532536382546651,165482.58795506696,3309.651760350606,0.42499098496636184,0.008499819702535593,"[0.702,0.878]",0.756,"[0.650,1.050]",0.8,0.002,0.0,67,0.135,0.04,0.405147522529,0,0.425147522529,0.005,0.0,26,0.1325,0.1,0.17418352252900005,2,0.42418352252900005,0.14028964773962826,0.1401681730025713,0.982323225511641,0.982509447926106,0.060067384102035604,0.18322348612823774,0.9828149038160707,0.9822176112396704
26,56,4.6289,10.65,0.161,2537.588851,50.75177702,E04001,1.241335845,0.091031295,0.0089,4.6377999999999995,4.4679,4.4768,1.0,0.0,0.0,2537.588851,50.75177702,0.1858775653373961,0.008612776470334326,0.9913872235296656,0.008687600834384369,0.007064758834642859,0.15393524116535715,4.433234524286382,1.0038491028228866,0.7124992478226968,0.7152911905926276,0.7412121905926276,0.8609368098720298,0.4699808807063033,0.4671889379363725,0.9823135901970351,-0.006224202835437045,-407697.00443443505,-8153.940088688701,0.008308071830134794,0.008292128529585354,127.44937179925296,126.96068706029355,323414.1049447381,6468.282098894762,0.8305893732445099,0.0166117874648902,322174.0239995009,6443.480479990018,0.8274046078328312,0.016548092156656622,"[0.702,0.878]",0.756,"[0.650,1.050]",0.8,0.002,0.0,76,0.153,0.04,0.405147522529,1,0.465147522529,0.005,0.0,30,0.1525,0.1,0.17418352252900005,2,0.42418352252900005,0.1582382885148519,0.1601681730025713,0.9821530052646774,0.9823835276804119,0.079903567462147,0.18322348612823774,0.9827319343601402,0.9822176112396704
26,56,4.6289,10.65,0.1807,4506.190064,90.12380128,E04001,1.511254497,0.061914832,0.0089,4.6377999999999995,4.4482,4.4571,1.0,0.0,0.0,4506.190064,90.12380128,0.1858775653373961,0.008612776470334326,0.9913872235296656,0.008687600834384369,0.007064758834642859,0.17363524116535714,4.433234524286382,1.0038491028228866,0.7093576745596185,0.7121435770171551,0.7447960670171552,0.863015681790983,0.5100904101693816,0.507304507711845,0.9821524514513832,-0.005569137793151634,-809136.0335061668,-16182.720670123334,0.008308071830134796,0.008292128529585356,129.80359581391176,129.30588417013664,584919.6737281212,11698.393474562423,1.5021857667068574,0.030043715334137144,582676.8904642046,11653.537809284091,1.4964258696676789,0.029928517393353574,"[0.702,0.878]",0.756,"[0.650,1.050]",0.8,0.002,0.0,86,0.17300000000000001,0.04,0.405147522529,2,0.505147522529,0.005,0.0,34,0.17250000000000001,0.1,0.17418352252900005,3,0.5241835225290001,0.178174004113842,0.18016817300257132,0.9819352709957122,0.9822408758759813,0.09936061671112018,0.2365128805795329,0.9826265620453551,0.9817491587992714
26,56,4.6289,10.65,0.2003,7551.190223,151.0238045,E04001,1.615639342,0.074955071,0.0089,4.6377999999999995,4.428599999999999,4.437499999999999,1.0,0.0,0.0,7551.190223,151.0238045,0.1858775653373961,0.008612776470334326,0.9913872235296656,0.008687600834384369,0.007064758834642859,0.19323524116535715,4.433234524286382,1.0038491028228866,0.7062320483689417,0.7090119411755683,0.7491320311755684,0.8655241366799474,0.5499963379600583,0.5472164451534317,0.9819725614411735,-0.004923681614466005,-1533647.1393305068,-30672.94279473414,0.008308071830134796,0.008292128529585356,132.45769088978173,131.94980253237503,1000213.220408076,20004.26441345983,2.5687391463386238,0.05137478294037956,996378.058809251,19927.561181463014,2.558889716706593,0.05117779434768676,"[0.702,0.878]",0.756,"[0.650,1.050]",0.8,0.002,0.0,96,0.193,0.04,0.405147522529,3,0.545147522529,0.005,0.0,38,0.1925,0.1,0.17418352252900005,3,0.5241835225290001,0.19810212958061868,0.2001681730025713,0.9816854509068978,0.9820815071029674,0.11845947443664773,0.2365128805795329,0.9824991895040881,0.9817491587992714
26,56,4.6289,10.65,0.2199,11926.53721,238.5307443,E04001,1.458931431,0.051901066,0.0089,4.6377999999999995,4.409,4.4178999999999995,1.0,0.0,0.0,11926.53721,238.5307443,0.1858775653373961,0.008612776470334326,0.9913872235296656,0.008687600834384369,0.007064758834642859,0.21283524116535715,4.433234524286382,1.0038491028228866,0.703106422178265,0.7058803053339817,0.7542363153339817,0.8684677975227301,0.5899022657507351,0.5871283825950184,0.981772912686461,-0.004286328204549511,-2782460.1012449698,-55649.20204822938,0.008308071830134794,0.008292128529585354,135.4353351404277,134.91602947054,1615274.5641011316,32305.491295566164,4.148334495317706,0.08296668994113651,1609081.0457058519,32181.62092760864,4.132428353676195,0.08264856710817292,"[0.702,0.878]",0.756,"[0.650,1.050]",0.8,0.002,0.0,106,0.213,0.04,0.405147522529,4,0.5851475225289999,0.005,0.0,42,0.2125,0.1,0.17418352252900005,4,0.624183522529,0.21802267357796978,0.2201681730025713,0.981401113148753,0.9819054376537845,0.13721922336983916,0.2898022750308279,0.982349995591684,0.9811623887228952
26,56,4.6289,10.65,0.2396,17656.89941,353.1379883,E04001,1.234644854,0.042476314,0.0089,4.6377999999999995,4.3892999999999995,4.398199999999999,1.0,0.0,0.0,17656.89941,353.1379883,0.1858775653373961,0.008612776470334326,0.9913872235296656,0.008687600834384369,0.007064758834642859,0.23253524116535715,4.433234524286382,1.0038491028228866,0.6999648489151867,0.7027326917585092,0.7601408517585092,0.8718605689893937,0.6300117952138135,0.627243952370491,0.9815520920710602,-0.0036556412679136343,-4830041.603091223,-96600.83208917944,0.008308071830134794,0.008292128529585354,138.7680150959117,138.2359307845047,2450212.8838738743,49004.25769135429,6.29261603751069,0.1258523207858521,2440817.924709722,48816.35850801803,6.268487982721168,0.12536975968992498,"[0.702,0.878]",0.756,"[0.650,1.050]",0.8,0.002,0.0,116,0.233,0.04,0.405147522529,5,0.625147522529,0.005,0.0,46,0.2325,0.1,0.17418352252900005,4,0.624183522529,0.23793564475221984,0.24016817300257132,0.9810793692456838,0.9817126855189475,0.1556573097222419,0.2898022750308279,0.982178952705786,0.9811623887228952
26,56,4.6289,10.65,0.2592,24366.24288,487.3248576,E04001,1.194275217,0.038577962,0.0089,4.6377999999999995,4.3697,4.3786,1.0,0.0,0.0,24366.24288,487.3248576,0.1858775653373961,0.008612776470334326,0.9913872235296656,0.008687600834384369,0.007064758834642859,0.2521352411653571,4.433234524286382,1.0038491028228866,0.69683922272451,0.6996010559169226,0.7667856959169226,0.8756630036246379,0.66991772300449,0.6671558898120775,0.9813120977693821,-0.003039658677656962,-8016111.499328621,-160322.22998657238,0.008308071830134793,0.008292128529585352,142.43687542874034,141.89072344458833,3470651.5017649913,69413.03003529982,8.913297878871631,0.1782659575774326,3457343.82986975,69146.87659739499,8.87912122828708,0.17758242456574155,"[0.702,0.878]",0.756,"[0.650,1.050]",0.8,0.002,0.0,126,0.253,0.04,0.405147522529,6,0.665147522529,0.005,0.0,50,0.2525,0.1,0.17418352252900005,4,0.624183522529,0.25784105173325855,0.2601681730025713,0.980716793636716,0.9815032703824819,0.17378973318055213,0.2898022750308279,0.9819858380173013,0.9811623887228952
26,56,4.6289,10.65,0.2789,31592.83077,631.8566155,E04001,1.101515728,0.032918861,0.0089,4.6377999999999995,4.35,4.358899999999999,1.0,0.0,0.0,31592.83077,631.8566155,0.1858775653373961,0.008612776470334326,0.9913872235296656,0.008687600834384369,0.007064758834642859,0.2718352411653571,4.433234524286382,1.0038491028228866,0.6936976494614318,0.69645344234145,0.77423865234145,0.8799083204183547,0.7100272524675681,0.7072714595875499,0.9810502336679877,-0.002433618360638667,-12981834.490149446,-259636.68984407996,0.008308071830134794,0.008292128529585354,146.49572690661998,145.93401188950094,4628214.708688981,92564.29418842918,11.886141931836441,0.2377228386743517,4610468.541212171,92209.37083883682,11.840566374380238,0.2368113275250834,"[0.878,1.302]",0.991,"[0.650,1.050]",0.8,0.002,0.0,135,0.271,0.12,-0.005397477470999945,5,0.654602522529,0.005,0.0,54,0.2725,0.1,0.17418352252900005,5,0.7241835225290001,0.2796637814527685,0.2801681730025713,0.981471122252065,0.9812772136169071,0.341056325282978,0.34309166948212305,0.9806713142966167,0.9804577259027857
26,56,4.6289,10.65,0.2985,38700.29501,774.0059001,E04001,1.085263045,0.029198744,0.0089,4.6377999999999995,4.3304,4.3393,1.0,0.0,0.0,38700.29501,774.0059001,0.1858775653373961,0.008612776470334326,0.9913872235296656,0.008687600834384369,0.007064758834642859,0.29143524116535713,4.433234524286382,1.0038491028228866,0.690572023270755,0.6933218064998634,0.7824240564998635,0.8845473738019143,0.7499331802582451,0.7471833970291366,0.9807689109109772,-0.0018450546280527657,-20975148.606219605,-419502.97207019315,0.008308071830134798,0.008292128529585358,150.92095794098574,150.3422750656314,5840685.5955079505,116813.71189506691,14.99999942463893,0.2999999884540192,5818290.397514503,116365.80793525583,14.942484266268696,0.2988496852867631,"[0.878,1.302]",0.991,"[0.650,1.050]",0.8,0.002,0.0,145,0.291,0.12,-0.005397477470999945,6,0.7746025225290001,0.005,0.0,58,0.2925,0.1,0.17418352252900005,5,0.7241835225290001,0.29955335609527367,0.30016817300257126,0.9812363995872707,0.9810345382777921,0.38712638227275475,0.34309166948212305,0.9799078098847591,0.9804577259027857
26,56,4.6289,10.65,0.3182,45293.34043,905.8668085,E04001,1.022225333,0.024506914,0.0089,4.6377999999999995,4.3107,4.319599999999999,1.0,0.0,0.0,45293.34043,905.8668085,0.1858775653373961,0.008612776470334326,0.9913872235296656,0.008687600834384369,0.007064758834642859,0.3111352411653571,4.433234524286382,1.0038491028228866,0.6874304500076767,0.690174192924391,0.7914254329243909,0.8896209490138993,0.7900427097213234,0.7872989668046091,0.9804650079396304,-0.001269212956036516,-35686162.9993453,-713723.2599081172,0.008308071830134796,0.008292128529585356,155.77683072973477,155.17952876750155,7055653.025348362,141113.06049138957,18.120268518146993,0.36240537032293346,7028599.224233425,140571.98446915057,18.050789174579787,0.3610157834517427,"[0.878,1.302]",0.991,"[0.650,1.050]",0.8,0.002,0.0,155,0.311,0.12,-0.005397477470999945,6,0.7746025225290001,0.005,0.0,62,0.3125,0.1,0.17418352252900005,6,0.8241835225290001,0.3194353931655698,0.3201681730025713,0.9809789951053276,0.980775269097891,0.38712638227275475,0.39638106393341815,0.9799078098847591,0.9796356795922825
26,56,4.6289,10.65,0.3378,50949.24864,1018.984973,E04001,1.006884328,0.021393839,0.0089,4.6377999999999995,4.2911,4.3,1.0,0.0,0.0,50949.24864,1018.984973,0.1858775653373961,0.008612776470334326,0.9913872235296656,0.008687600834384369,0.007064758834642859,0.33073524116535713,4.433234524286382,1.0038491028228866,0.684304823817,0.6870425570828044,0.8011513970828044,0.8950706101100652,0.829948637512,0.8272109042461956,0.9801413590031822,-0.0007130385041030596,-71453713.01384309,-1429074.2605573516,0.008308071830134796,0.008292128529585356,161.03445893127298,160.41699741368896,8204584.687697295,164091.6937861528,21.070945111223335,0.4214189023071802,8173125.487312276,163462.5097783289,20.99015185845215,0.4198030372514393,"[0.878,1.302]",0.991,"[0.650,1.050]",0.8,0.002,0.0,165,0.331,0.12,-0.005397477470999945,6,0.7746025225290001,0.005,0.0,66,0.3325,0.1,0.17418352252900005,6,0.8241835225290001,0.3393099012267413,0.3401681730025713,0.9806972940968317,0.980499432480855,0.38712638227275475,0.39638106393341815,0.9799078098847591,0.9796356795922825
26,56,4.6289,10.65,0.3575,55389.3826,1107.787652,E04001,0.989359286,0.018595622,0.0089,4.6377999999999995,4.2714,4.2802999999999995,1.0,0.0,0.0,55389.3826,1107.787652,0.1858775653373961,0.008612776470334326,0.9913872235296656,0.008687600834384369,0.007064758834642859,0.3504352411653571,4.433234524286382,1.0038491028228866,0.6811632505539217,0.6838949435073318,0.8117011935073318,0.9009446117866136,0.8700581669750783,0.8673264740216682,0.9797944069499157,-0.00017181533618836599,-322377407.21395826,-6447548.144279165,0.008308071830134796,0.008292128529585356,166.76954049373504,166.1300887003521,9237261.884433683,184745.23768867366,23.723057967425863,0.4744611593485173,9201843.04439574,184036.86088791478,23.632095601535266,0.4726419120307053,"[0.878,1.302]",0.991,"[0.650,1.050]",0.8,0.002,0.0,175,0.35100000000000003,0.12,-0.005397477470999945,7,0.894602522529,0.005,0.0,70,0.3525,0.1,0.17418352252900005,6,0.8241835225290001,0.359176888825651,0.36016817300257126,0.9803894570626247,0.9802070564945297,0.43164799134548637,0.39638106393341815,0.9790067256516167,0.9796356795922825
26,56,4.6289,10.65,0.3771,58321.23308,1166.424662,E04001,0.943052763,0.016220508,0.0089,4.6377999999999995,4.251799999999999,4.260699999999999,1.0,0.0,0.0,58321.23308,1166.424662,0.1858775653373961,0.008612776470334326,0.9913872235296656,0.008687600834384369,0.007064758834642859,0.37003524116535713,4.433234524286382,1.0038491028228866,0.6780376243632449,0.6807633076657451,0.8229677176657451,0.9071756818090667,0.9099640947657552,0.907238411463255,0.9794274194260439,0.0003481555734180854,167514862.7018085,3350297.255185082,0.008308071830134794,0.008292128529585354,172.94729359160627,172.28415416746165,10086499.42011126,201729.9884714041,25.90406263515573,0.5180812528807792,10047824.311191184,200956.48629273733,25.804737547019645,0.5160947511173763,"[0.878,1.302]",0.991,"[0.650,1.050]",0.8,0.002,0.0,185,0.371,0.12,-0.005397477470999945,7,0.894602522529,0.005,0.0,74,0.3725,0.1,0.17418352252900005,7,0.924183522529,0.37903636449303235,0.3801681730025713,0.9800533858938193,0.9798981708638379,0.43164799134548637,0.4496704583847132,0.9790067256516167,0.9786968424886288
26,56,4.6289,10.65,0.3968,59761.62815,1195.232563,E04001,0.932036187,0.014825567,0.0089,4.6377999999999995,4.2321,4.241,1.0,0.0,0.0,59761.62815,1195.232563,0.1858775653373961,0.008612776470334326,0.9913872235296656,0.008687600834384369,0.007064758834642859,0.3897352411653571,4.433234524286382,1.0038491028228866,0.6748960511001667,0.6776156940902728,0.8350659340902727,0.9138194209417267,0.9500736242288332,0.9473539812387272,0.9790363933953501,0.0008515139513045885,70182793.9030715,1403655.87806143,0.008308071830134796,0.008292128529585356,179.65596899680688,178.9671062031166,10736533.2141151,214730.66428230202,27.573473935697663,0.5514694787139534,10695365.651992213,213907.31303984424,27.46774775029367,0.5493549550058734,"[0.878,1.302]",0.991,"[0.650,1.050]",0.8,0.002,0.0,194,0.389,0.12,-0.005397477470999945,7,0.894602522529,0.005,0.0,77,0.3875,0.1,0.17418352252900005,7,0.924183522529,0.3969034769298503,0.3951681730025713,0.979724807170219,0.9796556909986107,0.43164799134548637,0.4496704583847132,0.9790067256516167,0.9786968424886288
26,56,4.6289,10.65,0.4164,59894.2193,1197.884386,E04001,0.950008209,0.014408736,0.0089,4.6377999999999995,4.2124999999999995,4.221399999999999,1.0,0.0,0.0,59894.2193,1197.884386,0.1858775653373961,0.008612776470334326,0.9913872235296656,0.008687600834384369,0.007064758834642859,0.40933524116535713,4.433234524286382,1.0038491028228866,0.6717704249094899,0.6744840582486861,0.847873018248686,0.920800205391314,0.9899795520195102,0.987265918680314,0.9786250403480983,0.0013326290812524224,44944403.6173296,898888.072346592,0.008308071830134794,0.008292128529585354,186.8541585094618,186.13769538072623,11191483.946882665,223829.6789376533,28.741874565754014,0.5748374913150803,11148571.947129814,222971.43894259626,28.631668330359673,0.5726333666071934,"[0.878,1.302]",0.991,"[0.650,1.050]",0.8,0.002,0.0,204,0.40900000000000003,0.12,-0.005397477470999945,8,1.014602522529,0.005,0.0,81,0.40750000000000003,0.1,0.17418352252900005,8,1.0241835225290001,0.41674870337173786,0.4151681730025713,0.9793281996139449,0.9793179899729401,0.47476752402222344,0.5029598528360083,0.9779462855525693,0.9776418896691071
26,56,4.6289,10.65,0.4361,59031.07703,1180.621541,E04001,0.931712629,0.013738526,0.0089,4.6377999999999995,4.1928,4.2017,1.0,0.0,0.0,59031.07703,1180.621541,0.1858775653373961,0.008612776470334326,0.9913872235296656,0.008687600834384369,0.007064758834642859,0.42903524116535713,4.433234524286382,1.0038491028228866,0.6686288516464117,0.6713364446732137,0.8615196546732138,0.9281808308046519,1.0300890814825885,1.0273814884557864,0.9781889009301771,0.0017960230992680765,32867660.251171943,657353.2052461532,0.008308071830134796,0.008292128529585356,194.64392540010138,193.89759362512797,11490040.553714959,229800.81115215673,29.508625122255605,0.5901725026450653,11445983.785216566,228919.67578189034,29.395478901435983,0.587909578227906,"[0.878,1.302]",0.991,"[0.650,1.050]",0.8,0.002,0.0,214,0.429,0.12,-0.005397477470999945,8,1.014602522529,0.005,0.0,85,0.4275,0.1,0.17418352252900005,8,1.0241835225290001,0.436586442530178,0.43516817300257127,0.9788953967352378,0.9789638695278277,0.47476752402222344,0.5029598528360083,0.9779462855525693,0.9776418896691071
26,56,4.6289,10.65,0.4557,57525.38575,1150.507715,E04001,0.947407815,0.014063356,0.0089,4.6377999999999995,4.1732,4.182099999999999,1.0,0.0,0.0,57525.38575,1150.507715,0.1858775653373961,0.008612776470334326,0.9913872235296656,0.008687600834384369,0.007064758834642859,0.44863524116535713,4.433234524286382,1.0038491028228866,0.6655032254557349,0.6682048088316269,0.875867298831627,0.935877822598456,1.069995009273265,1.0672934258973732,0.9777321410767904,0.002236736242617096,25718448.44910831,514368.96898216614,0.008308071830134796,0.008292128529585356,202.97638562030446,202.1981043261603,11676294.880948767,233525.89761897532,29.98696191263041,0.5997392382526081,11631523.949281115,232630.4789856223,29.871981583990255,0.5974396316798051,"[0.878,1.302]",0.991,"[0.650,1.050]",0.8,0.002,0.0,224,0.449,0.12,-0.005397477470999945,8,1.014602522529,0.005,0.0,89,0.4475,0.1,0.17418352252900005,8,1.0241835225290001,0.45641670287326974,0.4551681730025713,0.9784228157937356,0.9785933655318743,0.47476752402222344,0.5029598528360083,0.9779462855525693,0.9776418896691071
26,56,4.6289,10.65,0.4753,55703.76416,1114.075283,E04001,0.956847366,0.014289878,0.0089,4.6377999999999995,4.1536,4.1625,1.0,0.0,0.0,55703.76416,1114.075283,0.1858775653373961,0.008612776470334326,0.9913872235296656,0.008687600834384369,0.007064758834642859,0.46823524116535714,4.433234524286382,1.0038491028228866,0.6623775992650581,0.6650731729900402,0.8909832629900403,0.9439190976932506,1.1099009370639417,1.1072053633389598,0.9772523420226161,0.002657039089840381,20964600.92476334,419292.01841999503,0.008308071830134796,0.008292128529585356,211.9215609130736,211.10898073937295,11804828.649520926,236096.57294803418,30.31706125167237,0.6063412249245963,11759564.875164013,235191.29746105845,30.20081520859947,0.6040163040635557,"[0.878,1.302]",0.991,"[0.650,1.050]",0.8,0.002,0.0,234,0.46900000000000003,0.12,-0.005397477470999945,9,1.134602522529,0.005,0.0,93,0.4675,0.1,0.17418352252900005,9,1.124183522529,0.4762394928531748,0.4751681730025713,0.9779063136238697,0.9782065154714024,0.5166096490576481,0.5562492472873034,0.9766969776610489,0.9764715773840522
26,56,4.6289,10.65,0.495,53835.68255,1076.713651,E04001,0.997479691,0.015138658,0.0089,4.6377999999999995,4.1339,4.142799999999999,1.0,0.0,0.0,53835.68255,1076.713651,0.1858775653373961,0.008612776470334326,0.9913872235296656,0.008687600834384369,0.007064758834642859,0.48793524116535714,4.433234524286382,1.0038491028228866,0.6592360260019798,0.6619255594145679,0.9069505594145679,0.9523395189818429,1.1500104665270203,1.1473209331144323,0.9767466124614027,0.003058898891065578,17599693.3756925,351993.8675138501,0.008308071830134798,0.008292128529585358,221.56391471619324,220.71436244067124,11928044.577196252,238560.89154392507,30.633503356629653,0.6126700671325932,11882308.35058162,237646.1670116324,30.51604396565811,0.6103208793131623,"[0.878,1.302]",0.991,"[0.650,1.050]",0.8,0.002,0.0,243,0.487,0.12,-0.005397477470999945,9,1.134602522529,0.005,0.0,97,0.4875,0.1,0.17418352252900005,9,1.124183522529,0.4940736236474521,0.49516817300257127,0.9773999478865351,0.97780335844103,0.5166096490576481,0.5562492472873034,0.9766969776610489,0.9764715773840522
26,56,4.6289,10.65,0.5146,52147.0153,1042.940306,E04001,0.989510132,0.015226183,0.0089,4.6377999999999995,4.1143,4.1232,1.0,0.0,0.0,52147.0153,1042.940306,0.1858775653373961,0.008612776470334326,0.9913872235296656,0.008687600834384369,0.007064758834642859,0.5075352411653571,4.433234524286382,1.0038491028228866,0.6561103998113031,0.658793923572981,0.923607083572981,0.9610447874958695,1.189916394317697,1.1872328705560191,0.976219819599021,0.0034383191937925085,15166426.489473538,303328.5297894707,0.008308071830134796,0.008292128529585356,231.84148701943818,230.95252699582574,12089841.570777394,241796.83141554787,31.04902902924795,0.6209805805849591,12043484.958824987,240869.69917649974,30.929976369890785,0.6185995273978158,"[0.878,1.302]",0.991,"[0.650,1.050]",0.8,0.002,0.0,253,0.507,0.12,-0.005397477470999945,9,1.134602522529,0.005,0.0,101,0.5075000000000001,0.1,0.17418352252900005,10,1.224183522529,0.5138822431660373,0.5151681730025713,0.9767860777152356,0.977383935133854,0.5166096490576481,0.6095386417385985,0.9766969776610489,0.9751867417107475
26,56,4.6289,10.65,0.5343,50745.91966,1014.918393,E04001,1.014859921,0.01588305,0.0089,4.6377999999999995,4.0946,4.1034999999999995,1.0,0.0,0.0,50745.91966,1014.918393,0.1858775653373961,0.008612776470334326,0.9913872235296656,0.008687600834384369,0.007064758834642859,0.5272352411653571,4.433234524286382,1.0038491028228866,0.6529688265482249,0.6556463099975087,0.9411227999975087,0.9701148385616564,1.2300259237807754,1.2273484403314914,0.9756663173510135,0.0037993507577649788,13356471.380350256,267129.42755436455,0.008308071830134798,0.008292128529585358,242.8973920590239,241.96603989183353,12326051.54305075,246521.03081243552,31.655661485362238,0.6331132295824834,12278789.22079934,245575.7843675936,31.534282788463454,0.630685655644986,"[0.878,1.302]",0.991,"[0.650,1.050]",0.8,0.002,0.0,263,0.527,0.12,-0.005397477470999945,10,1.254602522529,0.005,0.0,105,0.5275,0.1,0.17418352252900005,10,1.224183522529,0.5336834167428677,0.5351681730025712,0.9761119786482866,0.9769482878312526,0.5572815869439202,0.6095386417385985,0.9752188508524713,0.9751867417107475
26,56,4.6289,10.65,0.5539,49684.81184,993.6962368,E04001,1.022445253,0.016121627,0.0089,4.6377999999999995,4.075,4.0839,1.0,0.0,0.0,49684.81184,993.6962368,0.1858775653373961,0.008612776470334326,0.9913872235296656,0.008687600834384369,0.007064758834642859,0.5468352411653571,4.433234524286382,1.0038491028228866,0.6498432003575482,0.652514674155922,0.959319884155922,0.9794487654573474,1.2699318515714517,1.267260377773078,0.9750914545176766,0.004138591112596146,12005247.797681717,240104.95595363431,0.008308071830134796,0.008292128529585356,254.65949289374478,253.68304078533947,12652708.987695526,253054.17975391052,32.494580376235966,0.6498916075247192,12604194.148418639,252083.88296837272,32.36998497568924,0.6473996995137847,"[0.878,1.302]",0.991,"[0.650,1.050]",0.8,0.002,0.0,273,0.547,0.12,-0.005397477470999945,10,1.254602522529,0.005,0.0,109,0.5475,0.1,0.17418352252900005,10,1.224183522529,0.5534771527682878,0.5551681730025713,0.9753700044282978,0.9764964603923068,0.5572815869439202,0.6095386417385985,0.9752188508524713,0.9751867417107475
26,56,4.6289,10.65,0.5736,48937.35449,978.7470898,E04001,1.019670976,0.016102219,0.0089,4.6377999999999995,4.0553,4.0642,1.0,0.0,0.0,48937.35449,978.7470898,0.1858775653373961,0.008612776470334326,0.9913872235296656,0.008687600834384369,0.007064758834642859,0.5665352411653571,4.433234524286382,1.0038491028228866,0.6467016270944699,0.6493670605804496,0.9783840205804496,0.9891329640551111,1.3100413810345302,1.3073759475485505,0.9744890911100609,0.004459842272135405,10972889.062861059,219457.78125722118,0.008308071830134796,0.008292128529585356,267.2904031736682,266.2655198097312,13080485.21188482,261609.70423769645,33.593191662837086,0.6718638332567418,13030330.131392932,260606.60262785867,33.46438380865304,0.6692876761730608,"[0.878,1.302]",0.991,"[0.438,0.650]",0.5,0.002,0.0,283,0.5670000000000001,0.12,-0.005397477470999945,10,1.254602522529,0.005,0.0,113,0.5675,0.1,0.4741835225290001,8,1.3241835225290002,0.5732634596169106,0.5722926081266071,0.9745510772931221,0.9720472143534246,0.5572815869439202,0.5029598528360083,0.9752188508524713,0.9745012366763467
26,56,4.6289,10.65,0.5932,48447.29713,968.9459426,E04001,1.003151938,0.015790355,0.0089,4.6377999999999995,4.0357,4.0446,1.0,0.0,0.0,48447.29713,968.9459426,0.1858775653373961,0.008612776470334326,0.9913872235296656,0.008687600834384369,0.007064758834642859,0.5861352411653571,4.433234524286382,1.0038491028228866,0.6435760009037932,0.6462354247388629,0.9981216647388629,0.9990603909368356,1.3499473088252067,1.347287884990137,0.9738650686469937,0.004760246642195053,10177476.246831592,203549.52493663185,0.008308071830134796,0.008292128529585356,280.70647034851635,279.6301451673884,13599469.775288105,271989.39550576214,34.926043435997585,0.6985208687199518,13547324.729429498,270946.49458858994,34.79212496956302,0.6958424993912603,"[0.878,1.302]",0.991,"[0.438,0.650]",0.5,0.002,0.0,293,0.587,0.12,-0.005397477470999945,11,1.374602522529,0.005,0.0,117,0.5875,0.1,0.4741835225290001,8,1.3241835225290002,0.5930423456476248,0.5922926081266071,0.9736443423283399,0.9712830367908002,0.5968763486071639,0.5029598528360083,0.9734573123070002,0.9745012366763467
26,56,4.6289,10.65,0.6129,48118.03232,962.3606464,E04001,1.022485701,0.015794495,0.0089,4.6377999999999995,4.016,4.0249,1.0,0.0,0.0,48118.03232,962.3606464,0.1858775653373961,0.008612776470334326,0.9913872235296656,0.008687600834384369,0.007064758834642859,0.6058352411653571,4.433234524286382,1.0038491028228866,0.6404344276407149,0.6430878111633905,1.0187342211633905,1.0093236453999235,1.3900568382882854,1.3874034547656096,0.9732127421941331,0.005043333106484036,9540918.932786006,190818.37865572012,0.008308071830134798,0.008292128529585358,295.09184846606485,293.9603647961113,14199239.10185865,283984.782037173,36.466365955736265,0.7293273191147254,14144794.334058274,282895.8866811655,36.32654136283088,0.7265308272566177,"[0.878,1.302]",0.991,"[0.438,0.650]",0.5,0.002,0.0,302,0.605,0.12,-0.005397477470999945,11,1.374602522529,0.005,0.0,121,0.6075,0.1,0.4741835225290001,9,1.4241835225290003,0.6108370051719589,0.6122926081266071,0.9727424468474557,0.9704938751320527,0.5968763486071639,0.5562492472873035,0.9734573123070002,0.9726420723217076
26,56,4.6289,10.65,0.6325,47860.90263,957.2180527,E04001,1.048872822,0.015858456,0.0089,4.6377999999999995,3.9964,4.0053,1.0,0.0,0.0,47860.90263,957.2180527,0.1858775653373961,0.008612776470334326,0.9913872235296656,0.008687600834384369,0.007064758834642859,0.6254352411653571,4.433234524286382,1.0038491028228866,0.6373088014500381,0.6399561753218038,1.0400124253218037,1.019809994715586,1.4299627660789616,1.4273153922071957,0.9725384572570337,0.005306735853752358,9018896.728420705,180377.9345872581,0.008308071830134798,0.008292128529585358,310.3498670994159,309.15987893667744,14853624.770478584,297072.4954406067,38.146953703917795,0.7629390741580598,14796670.862890907,295933.41728873417,38.000685159399126,0.7600137032673808,"[0.878,1.302]",0.991,"[0.438,0.650]",0.5,0.002,0.0,312,0.625,0.12,-0.005397477470999945,11,1.374602522529,0.005,0.0,125,0.6275000000000001,0.1,0.4741835225290001,9,1.4241835225290003,0.6306018146213432,0.6322926081266071,0.9716305124932103,0.9696798540456578,0.5968763486071639,0.5562492472873035,0.9734573123070002,0.9726420723217076
26,56,4.6289,10.65,0.6522,47599.84599,951.9969199,E04001,1.052524414,0.015441226,0.0089,4.6377999999999995,3.9766999999999997,3.9856,1.0,0.0,0.0,47599.84599,951.9969199,0.1858775653373961,0.008612776470334326,0.9913872235296656,0.008687600834384369,0.007064758834642859,0.6451352411653571,4.433234524286382,1.0038491028228866,0.6341672281869599,0.6368085617463314,1.0621734017463313,1.030617970805056,1.4700722955420404,1.4674309619826689,0.9718350527886552,0.005553694001512348,8570844.194339462,171416.88390479525,0.008308071830134794,0.008292128529585354,326.6884709283986,325.4358349374723,15550320.902900366,311006.41809067613,39.936202827943966,0.7987240566427791,15490695.622650743,309813.9124855584,39.78307368671333,0.7956614738178447,"[0.878,1.302]",0.991,"[0.438,0.650]",0.5,0.002,0.0,322,0.645,0.12,-0.005397477470999945,12,1.494602522529,0.005,0.0,129,0.6475,0.1,0.4741835225290001,9,1.4241835225290003,0.6503592274052039,0.652292608126607,0.9703843891925699,0.9688411018062938,0.6354752398811444,0.5562492472873035,0.9713364779673924,0.9726420723217076
26,56,4.6289,10.65,0.6522,47599.84599,951.9969199,E04001,1.098743051,0.017668124,0.0089,4.6377999999999995,3.9766999999999997,3.9856,1.0,0.0,0.0,47599.84599,951.9969199,0.1858775653373961,0.008612776470334326,0.9913872235296656,0.008687600834384369,0.007064758834642859,0.6451352411653571,4.433234524286382,1.0038491028228866,0.6341672281869599,0.6368085617463314,1.0621734017463313,1.030617970805056,1.4700722955420404,1.4674309619826689,0.9718350527886552,0.005553694001512348,8570844.194339462,171416.88390479525,0.008308071830134794,0.008292128529585354,326.6884709283986,325.4358349374723,15550320.902900366,311006.41809067613,39.936202827943966,0.7987240566427791,15490695.622650743,309813.9124855584,39.78307368671333,0.7956614738178447,"[0.878,1.302]",0.991,"[0.438,0.650]",0.5,0.002,0.0,322,0.645,0.12,-0.005397477470999945,12,1.494602522529,0.005,0.0,129,0.6475,0.1,0.4741835225290001,9,1.4241835225290003,0.6503592274052039,0.652292608126607,0.9703843891925699,0.9688411018062938,0.6354752398811444,0.5562492472873035,0.9713364779673924,0.9726420723217076
26,56,4.6289,10.65,0.6718,47268.45743,945.3691485,E04001,1.066250154,0.015210989,0.0089,4.6377999999999995,3.9570999999999996,3.9659999999999997,1.0,0.0,0.0,47268.45743,945.3691485,0.1858775653373961,0.008612776470334326,0.9913872235296656,0.008687600834384369,0.007064758834642859,0.6647352411653571,4.433234524286382,1.0038491028228866,0.631041601996283,0.6336769259047447,1.0849921659047446,1.0416295723071347,1.5099782233327168,1.507342899424255,0.9711093896905717,0.005782279638282378,8174709.69702895,163494.19392328477,0.008308071830134798,0.008292128529585358,343.99629398808605,342.67729384899275,16260174.178453611,325203.4835346726,41.7592420158547,0.8351848402287492,16197827.076528715,323956.5414963066,41.599122715182084,0.8319824542156358,"[0.878,1.302]",0.991,"[0.438,0.650]",0.5,0.002,0.0,332,0.665,0.12,-0.005397477470999945,12,1.494602522529,0.005,0.0,132,0.6625,0.1,0.4741835225290001,10,1.5241835225290001,0.6701092518215646,0.6672926081266071,0.9689803606018266,0.9681958869800859,0.6354752398811444,0.6095386417385985,0.9713364779673924,0.9706040200841244
26,56,4.6289,10.65,0.6718,47268.45743,945.3691485,E04001,1.057787851,0.015993752,0.0089,4.6377999999999995,3.9570999999999996,3.9659999999999997,1.0,0.0,0.0,47268.45743,945.3691485,0.1858775653373961,0.008612776470334326,0.9913872235296656,0.008687600834384369,0.007064758834642859,0.6647352411653571,4.433234524286382,1.0038491028228866,0.631041601996283,0.6336769259047447,1.0849921659047446,1.0416295723071347,1.5099782233327168,1.507342899424255,0.9711093896905717,0.005782279638282378,8174709.69702895,163494.19392328477,0.008308071830134798,0.008292128529585358,343.99629398808605,342.67729384899275,16260174.178453611,325203.4835346726,41.7592420158547,0.8351848402287492,16197827.076528715,323956.5414963066,41.599122715182084,0.8319824542156358,"[0.878,1.302]",0.991,"[0.438,0.650]",0.5,0.002,0.0,332,0.665,0.12,-0.005397477470999945,12,1.494602522529,0.005,0.0,132,0.6625,0.1,0.4741835225290001,10,1.5241835225290001,0.6701092518215646,0.6672926081266071,0.9689803606018266,0.9681958869800859,0.6354752398811444,0.6095386417385985,0.9713364779673924,0.9706040200841244
26,56,4.6289,10.65,0.6915,46825.7219,936.5144381,E04001,1.082738246,0.015055828,0.0089,4.6377999999999995,3.9374,3.9463,1.0,0.0,0.0,46825.7219,936.5144381,0.1858775653373961,0.008612776470334326,0.9913872235296656,0.008687600834384369,0.007064758834642859,0.6844352411653571,4.433234524286382,1.0038491028228866,0.6279000287332049,0.6305293123292723,1.1087015623292724,1.0529489837258368,1.550087752795795,1.5474584691997277,0.9703537795131777,0.00599543313508949,7810231.695512198,156204.63392692333,0.008308071830134794,0.008292128529585354,362.50754586251367,361.1175672151519,16974677.529209558,339493.55062044197,43.59422348763339,0.871884469845767,16909590.775621258,338191.81554853695,43.42706823669385,0.868541364826619,"[0.878,1.302]",0.991,"[0.438,0.650]",0.5,0.002,0.0,342,0.685,0.12,-0.005397477470999945,12,1.494602522529,0.005,0.0,136,0.6825,0.1,0.4741835225290001,10,1.5241835225290001,0.6898518961529803,0.6872926081266071,0.9673886651292376,0.9673141745528983,0.6354752398811444,0.6095386417385985,0.9713364779673924,0.9706040200841244
26,56,4.6289,10.65,0.6915,46825.7219,936.5144381,E04001,1.080602668,0.015504299,0.0089,4.6377999999999995,3.9374,3.9463,1.0,0.0,0.0,46825.7219,936.5144381,0.1858775653373961,0.008612776470334326,0.9913872235296656,0.008687600834384369,0.007064758834642859,0.6844352411653571,4.433234524286382,1.0038491028228866,0.6279000287332049,0.6305293123292723,1.1087015623292724,1.0529489837258368,1.550087752795795,1.5474584691997277,0.9703537795131777,0.00599543313508949,7810231.695512198,156204.63392692333,0.008308071830134794,0.008292128529585354,362.50754586251367,361.1175672151519,16974677.529209558,339493.55062044197,43.59422348763339,0.871884469845767,16909590.775621258,338191.81554853695,43.42706823669385,0.868541364826619,"[0.878,1.302]",0.991,"[0.438,0.650]",0.5,0.002,0.0,342,0.685,0.12,-0.005397477470999945,12,1.494602522529,0.005,0.0,136,0.6825,0.1,0.4741835225290001,10,1.5241835225290001,0.6898518961529803,0.6872926081266071,0.9673886651292376,0.9673141745528983,0.6354752398811444,0.6095386417385985,0.9713364779673924,0.9706040200841244
26,56,4.6289,10.65,0.7111,46262.45063,925.2490125,E04001,1.065659068,0.014850056,0.0089,4.6377999999999995,3.9177999999999997,3.9267,1.0,0.0,0.0,46262.45063,925.2490125,0.1858775653373961,0.008612776470334326,0.9913872235296656,0.008687600834384369,0.007064758834642859,0.7040352411653571,4.433234524286382,1.0038491028228866,0.624774402542528,0.6273976764876856,1.1330608864876854,1.0644533275290586,1.5899936805864718,1.5873704066413143,0.9695756101011278,0.006191612144473837,7471794.0256142095,149435.88049613332,0.008308071830134798,0.008292128529585358,382.0942994437527,380.6292184445646,17676618.664021045,353532.37324221147,45.39694278250532,0.9079388555519773,17608840.426627155,352176.80849448015,45.22287528558453,0.9044575056139376,"[0.878,1.302]",0.991,"[0.438,0.650]",0.5,0.002,0.0,352,0.705,0.12,-0.005397477470999945,13,1.614602522529,0.005,0.0,140,0.7025,0.1,0.4741835225290001,11,1.6241835225290002,0.7095871686665234,0.7072926081266071,0.9655714459269603,0.9664081019133158,0.6731498254958411,0.6628280361898936,0.9687483284604337,0.9683893704894414
26,56,4.6289,10.65,0.7307,45580.13948,911.6027896,E04001,1.048702363,0.014304476,0.0089,4.6377999999999995,3.8981999999999997,3.9071,1.0,0.0,0.0,45580.13948,911.6027896,0.1858775653373961,0.008612776470334326,0.9913872235296656,0.008687600834384369,0.007064758834642859,0.7236352411653572,4.433234524286382,1.0038491028228866,0.6216487763518512,0.6242660406460988,1.1581885306460988,1.0761916793239479,1.629899608377149,1.6272823440829014,0.9687708289417165,0.006372571047878588,7152551.009246654,143051.0201849331,0.008308071830134798,0.008292128529585358,402.91027641556263,401.3653797991687,18364706.596946698,367294.13193893404,47.164084401277584,0.9432816880255519,18294289.993689284,365885.7998737857,46.98324107542581,0.9396648215085162,"[0.878,1.302]",0.991,"[0.438,0.650]",0.5,0.002,0.0,361,0.723,0.12,-0.005397477470999945,13,1.614602522529,0.005,0.0,144,0.7225,0.1,0.4741835225290001,11,1.6241835225290002,0.7273426178447409,0.7272926081266071,0.9637030044027574,0.9654778104078645,0.6731498254958411,0.6628280361898936,0.9687483284604337,0.9683893704894414
26,56,4.6289,10.65,0.7504,44767.58274,895.3516547,E04001,1.092308251,0.014586448,0.0089,4.6377999999999995,3.8785,3.8874,1.0,0.0,0.0,44767.58274,895.3516547,0.1858775653373961,0.008612776470334326,0.9913872235296656,0.008687600834384369,0.007064758834642859,0.7433352411653571,4.433234524286382,1.0038491028228866,0.618507203088773,0.6211184270706265,1.1842185870706263,1.08821807881997,1.670009137840227,1.6673979138583737,0.9679348382607231,0.006539759816196685,6845447.5390864415,136908.95076643777,0.008308071830134798,0.008292128529585358,425.1373222261489,423.50719946915933,19032370.248621162,380647.4049299095,48.878772553413654,0.9775754509590897,18959393.593221273,379187.8718220748,48.69135452326797,0.9738270903565948,"[0.878,1.302]",0.991,"[0.438,0.650]",0.5,0.002,0.0,371,0.743,0.12,-0.005397477470999945,13,1.614602522529,0.005,0.0,148,0.7425,0.1,0.4741835225290001,11,1.6241835225290002,0.7470639066249092,0.7472926081266071,0.9613099924560611,0.9645234447433687,0.6731498254958411,0.6628280361898936,0.9687483284604337,0.9683893704894414
26,56,4.6289,10.65,0.77,43878.33464,877.5666927,E04001,1.080259777,0.014243932,0.0089,4.6377999999999995,3.8588999999999998,3.8678,1.0,0.0,0.0,43878.33464,877.5666927,0.1858775653373961,0.008612776470334326,0.9913872235296656,0.008687600834384369,0.007064758834642859,0.7629352411653572,4.433234524286382,1.0038491028228866,0.6153815768980962,0.6179867912290397,1.2108867912290395,1.1004030130952203,1.709915065630904,1.7073098512999603,0.9670758375601199,0.00669212302648249,6556713.686577772,131134.2737166125,0.008308071830134796,0.008292128529585356,448.61875246601426,446.8985938269708,19684643.7464831,393692.8748848001,50.553935842490745,1.0110787167346011,19609166.05008526,392183.3209570154,50.360094659974195,1.0072018930847118,"[0.878,1.302]",0.991,"[0.438,0.650]",0.5,0.002,0.0,381,0.763,0.12,-0.005397477470999945,14,1.734602522529,0.005,0.0,152,0.7625000000000001,0.1,0.4741835225290001,12,1.724183522529,0.7667778474746569,0.7672926081266072,0.9585019527742288,0.9635451529320482,0.709963488653555,0.7161174306411887,0.9655342977990666,0.9660005960983903
26,56,4.6289,10.65,0.7897,42926.25006,858.5250012,E04001,1.087912406,0.014257011,0.0089,4.6377999999999995,3.8392,3.8481,1.0,0.0,0.0,42926.25006,858.5250012,0.1858775653373961,0.008612776470334326,0.9913872235296656,0.008687600834384369,0.007064758834642859,0.7826352411653571,4.433234524286382,1.0038491028228866,0.6122400036350181,0.6148391776535674,1.2384652676535675,1.112863544040134,1.7500245950939823,1.747425421075433,0.9661847704401489,0.0068318592984791746,6283245.62678797,125664.9125357594,0.008308071830134796,0.008292128529585356,473.66683431508244,471.850632712727,20332740.974937815,406654.8194987564,52.218373671742775,1.0443674734348556,20254778.250795737,405095.56501591473,52.018150461958314,1.0403630092391662,"[0.878,1.302]",0.991,"[0.438,0.650]",0.5,0.002,0.0,391,0.783,0.12,-0.005397477470999945,14,1.734602522529,0.005,0.0,156,0.7825,0.1,0.4741835225290001,12,1.724183522529,0.7864844486011222,0.7872926081266071,0.9551643844852059,0.9625430862356081,0.709963488653555,0.7161174306411887,0.9655342977990666,0.9660005960983903
26,56,4.6289,10.65,0.8093,41949.6371,838.9927421,E04001,1.098936801,0.014326703,0.0089,4.6377999999999995,3.8196,3.8285,1.0,0.0,0.0,41949.6371,838.9927421,0.1858775653373961,0.008612776470334326,0.9913872235296656,0.008687600834384369,0.007064758834642859,0.8022352411653572,4.433234524286382,1.0038491028228866,0.6091143774443413,0.6117075418119805,1.2666740318119807,1.12546613978919,1.789930522884659,1.7873373585170196,0.9652703927760644,0.0069581834971438735,6028820.1823391225,120576.403661154,0.008308071830134798,0.008292128529585358,500.1027495057877,498.1851835096205,20979128.85448,419582.57713961025,53.87842156555225,1.077568431439481,20898687.656825487,417973.7531863282,53.67183316102266,1.0734366633483965,"[0.878,1.302]",0.991,"[0.438,0.650]",0.5,0.002,0.0,401,0.803,0.12,-0.005397477470999945,14,1.734602522529,0.005,0.0,160,0.8025,0.1,0.4741835225290001,13,1.8241835225290002,0.806183718196209,0.8072926081266071,0.9511362072559922,0.9615173991083611,0.709963488653555,0.7694068250924838,0.9655342977990666,0.9634403447388622
26,56,4.6289,10.65,0.829,40963.81341,819.2762682,E04001,1.11805997,0.01459825,0.0089,4.6377999999999995,3.7999,3.8088,1.0,0.0,0.0,40963.81341,819.2762682,0.1858775653373961,0.008612776470334326,0.9913872235296656,0.008687600834384369,0.007064758834642859,0.8219352411653571,4.433234524286382,1.0038491028228866,0.6059728041812631,0.6085599282365083,1.2958009282365082,1.1383325209430275,1.830040052347737,1.8274529282924918,0.9643230803645552,0.007073013234704278,5791564.648714064,115831.29297428126,0.008308071830134798,0.008292128529585358,528.2756867075864,526.2500959776146,21640186.659329187,432803.73318658373,55.57614463765481,1.111522892753096,21557210.738621596,431144.21477243194,55.3630465787848,1.107260931575696,"[0.878,1.302]",0.991,"[0.438,0.650]",0.5,0.002,0.0,410,0.8210000000000001,0.12,-0.005397477470999945,15,1.854602522529,0.005,0.0,164,0.8225,0.1,0.4741835225290001,13,1.8241835225290002,0.8239067991307749,0.8272926081266071,0.9467291291379737,0.960468249139421,0.745972683541745,0.7694068250924838,0.9614523901975071,0.9634403447388622
26,56,4.6289,10.65,0.8486,40006.43274,800.1286547,E04001,1.132317902,0.014847612,0.0089,4.6377999999999995,3.7802999999999995,3.7891999999999997,1.0,0.0,0.0,40006.43274,800.1286547,0.1858775653373961,0.008612776470334326,0.9913872235296656,0.008687600834384369,0.007064758834642859,0.8415352411653572,4.433234524286382,1.0038491028228866,0.6028471779905863,0.6054282923949215,1.3255502523949216,1.151325432879393,1.8699459801384135,1.8673648657340784,0.9633521574519068,0.00717579523976279,5575191.515821804,111503.83030250036,0.008308071830134796,0.008292128529585356,557.9820599659782,555.8425647807999,22322871.752155554,446457.4349873129,57.329410728108435,1.1465882144188684,22237278.181932162,444745.563583059,57.10959004385673,1.1421918007343836,"[0.878,1.302]",0.991,"[0.438,0.650]",0.5,0.002,0.0,420,0.841,0.12,-0.005397477470999945,15,1.854602522529,0.005,0.0,168,0.8425,0.1,0.4741835225290001,13,1.8241835225290002,0.8435921613303634,0.8472926081266071,0.9406468649694872,0.9593957969940057,0.745972683541745,0.7694068250924838,0.9614523901975071,0.9634403447388622
26,56,4.6289,10.65,0.8683,39082.70594,781.6541189,E04001,1.138611028,0.014993844,0.0089,4.6377999999999995,3.7605999999999997,3.7695,1.0,0.0,0.0,39082.70594,781.6541189,0.1858775653373961,0.008612776470334326,0.9913872235296656,0.008687600834384369,0.007064758834642859,0.8612352411653571,4.433234524286382,1.0038491028228866,0.5997056047275081,0.602280678819449,1.3562255688194491,1.1645709805844593,1.9100555096014915,1.9074804355095507,0.9623474202471763,0.0072681808473100806,5377233.555555284,107544.67112486427,0.008308071830134796,0.008292128529585356,589.6116718596462,587.3508978606657,23043619.590082325,460872.39186060766,59.18042923910759,1.1836085849335753,22955262.42468337,459105.2485524025,58.953511113063215,1.1790702224121072,"[0.878,1.302]",0.991,"[0.438,0.650]",0.5,0.002,0.0,430,0.861,0.12,-0.005397477470999945,15,1.854602522529,0.005,0.0,172,0.8625,0.1,0.4741835225290001,14,1.9241835225290003,0.8632702156690826,0.8672926081266071,0.9327954928381056,0.9583002063538894,0.745972683541745,0.8226962195437789,0.9614523901975071,0.9607114323354605
26,56,4.6289,10.65,0.8879,38218.93745,764.378749,E04001,1.153878233,0.015254218,0.0089,4.6377999999999995,3.7409999999999997,3.7499,1.0,0.0,0.0,38218.93745,764.378749,0.1858775653373961,0.008612776470334326,0.9913872235296656,0.008687600834384369,0.007064758834642859,0.8808352411653572,4.433234524286382,1.0038491028228866,0.5965799785368312,0.5991490429778623,1.3875154529778624,1.177928458344505,1.9499614373921688,1.9473923729511378,0.9613187734837186,0.0073498147283624585,5199986.511566828,103999.73023133657,0.008308071830134798,0.008292128529585358,622.9332799548172,620.5447394464862,23807848.062116496,476156.9612423299,61.143114347448595,1.2228622869489718,23716560.5818318,474331.21163663606,60.90867061145974,1.218173412229195,"[0.878,1.302]",0.991,"[0.438,0.650]",0.5,0.002,0.0,440,0.881,0.12,-0.005397477470999945,16,1.974602522529,0.005,0.0,176,0.8825000000000001,0.1,0.4741835225290001,14,1.9241835225290003,0.882940970279634,0.8872926081266072,0.9222816187825114,0.9571816438570453,0.7812279515929325,0.8226962195437789,0.9561146144179422,0.9607114323354605
26,56,4.6289,10.65,0.9076,37408.5452,748.1709041,E04001,1.186894592,0.015691602,0.0089,4.6377999999999995,3.7213,3.7302,1.0,0.0,0.0,37408.5452,748.1709041,0.1858775653373961,0.008612776470334326,0.9913872235296656,0.008687600834384369,0.007064758834642859,0.9005352411653571,4.433234524286382,1.0038491028228866,0.593438405273753,0.59600142940239,1.41973918940239,1.1915280900601506,1.9900709668552468,1.98750794272661,0.9602554219040237,0.007422098998138779,5040157.132016272,100803.14265379873,0.008308071830134796,0.008292128529585356,658.3813175744867,655.856857094435,24629087.277320743,492581.74561225297,63.25221396497103,1.2650442794685055,24534650.883347113,490693.0177325279,63.00968321543729,1.2601936644771825,"[0.878,1.302]",0.991,"[0.438,0.650]",0.5,0.002,0.0,450,0.901,0.12,-0.005397477470999945,16,1.974602522529,0.005,0.0,180,0.9025,0.1,0.4741835225290001,15,2.0241835225290004,0.9026044332796843,0.9072926081266071,0.9074879540419396,0.9560402790365167,0.7812279515929325,0.8759856139950741,0.9561146144179422,0.957816835371692
26,56,4.6289,10.65,0.9272,36675.39036,733.5078072,E04001,1.188808069,0.015759887,0.0089,4.6377999999999995,3.7016999999999998,3.7106,1.0,0.0,0.0,36675.39036,733.5078072,0.1858775653373961,0.008612776470334326,0.9913872235296656,0.008687600834384369,0.007064758834642859,0.9201352411653572,4.433234524286382,1.0038491028228866,0.5903127790830762,0.5928697935608033,1.4525696335608034,1.205225967842049,2.029976894645924,2.027419880168197,0.9591678629574147,0.007484846612315468,4899952.16463819,97999.0432927638,0.008308071830134798,0.008292128529585358,695.6937244647493,693.0261953797785,25514838.91574696,510296.77831493923,65.52699384303615,1.310539876860723,25417006.245259006,508340.1249051801,65.27574080483822,1.3055148160967645,"[0.878,1.302]",0.991,"[0.438,0.650]",0.5,0.002,0.0,460,0.921,0.12,-0.005397477470999945,16,1.974602522529,0.005,0.0,184,0.9225,0.1,0.4741835225290001,15,2.0241835225290004,0.9222606127718507,0.9272926081266071,0.8851539208225802,0.9548762842585569,0.7812279515929325,0.8759856139950741,0.9561146144179422,0.957816835371692
26,56,4.6289,10.65,0.9469,35999.93494,719.9986988,E04001,1.216668865,0.016055585,0.0089,4.6377999999999995,3.682,3.6909,1.0,0.0,0.0,35999.93494,719.9986988,0.1858775653373961,0.008612776470334326,0.9913872235296656,0.008687600834384369,0.007064758834642859,0.9398352411653571,4.433234524286382,1.0038491028228866,0.587171205819998,0.5897221799853308,1.4863417899853308,1.2191561794886374,2.070086424109002,2.0675354499436693,0.9580446979523657,0.007539228943335321,4775015.483754999,95500.3096751,0.008308071830134798,0.008292128529585358,735.3539283028788,732.5343283517586,26472693.57677706,529453.8715355413,67.98694809487765,1.359738961897553,26371188.161979906,527423.7632395983,67.72626274575939,1.3545252549151878,"[0.878,1.302]",0.991,"[0.438,0.650]",0.5,0.002,0.0,469,0.9390000000000001,0.12,-0.005397477470999945,17,2.094602522529,0.005,0.0,187,0.9375,0.1,0.4741835225290001,15,2.0241835225290004,0.939944953600282,0.9422926081266071,0.8524504935872973,0.9539885425189304,0.8157747537766752,0.8759856139950741,0.9488580015366871,0.957816835371692
26,56,4.6289,10.65,0.9665,35114.99057,702.2998113,E04001,1.247330536,0.016460207,0.0089,4.6377999999999995,3.6624,3.6713,1.0,0.0,0.0,35114.99057,702.2998113,0.1858775653373961,0.008612776470334326,0.9913872235296656,0.008687600834384369,0.007064758834642859,0.9594352411653572,4.433234524286382,1.0038491028228866,0.5840455796293212,0.5865905441437441,1.5207127941437442,1.2331718429090668,2.1099923518996793,2.1074473873852564,0.9568970293900707,0.0075852014895183475,4629407.751201316,92588.15501084273,0.008308071830134798,0.008292128529585358,777.0655984222847,774.0860615775094,27286651.160869934,545733.0231396921,70.07734708886969,1.4015469415778286,27182024.752662685,543640.4949758451,69.80864643083088,1.3961729284178175,"[0.878,1.302]",0.991,"[0.438,0.650]",0.5,0.002,0.0,479,0.9590000000000001,0.12,-0.005397477470999945,17,2.094602522529,0.005,0.0,191,0.9575,0.1,0.4741835225290001,16,2.124183522529,0.9595873166964992,0.9622926081266071,0.7821738468887112,0.9527853683697654,0.8157747537766752,0.929275008446369,0.9488580015366871,0.9547596830213773
26,56,4.6289,10.65,0.9861,34537.02456,690.7404911,E04001,1.291367759,0.016967298,0.0089,4.6377999999999995,3.6428,3.6517,1.0,0.0,0.0,34537.02456,690.7404911,0.1858775653373961,0.008612776470334326,0.9913872235296656,0.008687600834384369,0.007064758834642859,0.9790352411653571,4.433234524286382,1.0038491028228866,0.5809199534386444,0.5834589083021574,1.5558521183021574,1.2473380128506295,2.1498982796903556,2.1473593248268426,0.9557189323301404,0.007623547127163755,4530309.052191702,90606.18103071678,0.008308071830134796,0.008292128529585356,821.134808481616,817.9862951239718,28359553.047600467,567191.0608698959,72.83276465423727,1.456655292873862,28250812.76444002,565016.2552070018,72.55349877728332,1.451069975335592,"[0.878,1.302]",0.991,"[0.438,0.650]",0.5,0.002,0.0,489,0.979,0.12,-0.005397477470999945,17,2.094602522529,0.005,0.0,195,0.9775,0.1,0.4741835225290001,16,2.124183522529,0.9792224196977557,0.9822926081266071,0.5762460307747311,0.9515600523661479,0.8157747537766752,0.929275008446369,0.9488580015366871,0.9547596830213773
26,56,4.6289,10.65,1.0058,34007.90443,680.1580886,E04001,1.308519321,0.017025454,0.0089,4.6377999999999995,3.6231,3.632,1.0,0.0,0.0,34007.90443,680.1580886,0.1858775653373961,0.008612776470334326,0.9913872235296656,0.008687600834384369,0.007064758834642859,0.9987352411653572,4.433234524286382,1.0038491028228866,0.5777783801755663,0.5803112947266851,1.5919449347266852,1.2617230023767836,2.1900078091534336,2.187474894602315,0.9545038590592373,0.007654872345829529,4442648.145338169,88852.9629067634,0.008308071830134798,0.008292128529585358,867.9204414978367,864.5925359271528,29516155.42730184,590323.1085460368,75.80314111884267,1.5160628223768533,29402980.332701955,588059.6066540391,75.51248579659979,1.5102497159319959,"[0.878,1.302]",0.991,"[0.438,0.650]",0.5,0.002,0.0,499,0.999,0.12,-0.005397477470999945,18,2.214602522529,0.005,0.0,199,0.9975,0.1,0.4741835225290001,17,2.224183522529,0.9988502706484113,1.002292608126607,-10.825327102841918,0.9503127769366285,0.8496541580601374,0.9825644028976641,0.938449333524584,0.9515432489868108
26,56,4.6289,10.65,1.0254,33519.78257,670.3956515,E04001,1.312657679,0.017034717,0.0089,4.6377999999999995,3.6034999999999995,3.6123999999999996,1.0,0.0,0.0,33519.78257,670.3956515,0.1858775653373961,0.008612776470334326,0.9913872235296656,0.008687600834384369,0.007064758834642859,1.0183352411653572,4.433234524286382,1.0038491028228866,0.5746527539848895,0.5771796588850981,1.6286248188850982,1.276175857350819,2.2299137369441104,2.227386832043902,0.9532638422030834,0.007679305646778826,4364949.659746941,87298.99320796083,0.008308071830134796,0.008292128529585356,917.0676547675707,913.5513018726808,30739908.3897888,614798.1678874827,78.94597314310406,1.5789194630976016,30622041.005312696,612440.820197609,78.64326712162517,1.5728653426671209,"[0.878,1.302]",0.991,"[0.438,0.650]",0.5,0.002,0.0,509,1.0190000000000001,0.12,-0.005397477470999945,18,2.214602522529,0.005,0.0,203,1.0175,0.1,0.4741835225290001,17,2.224183522529,1.0184708775779825,1.022292608126607,1.447423114696975,0.9490437270404023,0.8496541580601374,0.9825644028976641,0.938449333524584,0.9515432489868108
26,56,4.6289,10.65,1.0451,33070.57252,661.4114504,E04001,1.33351184,0.017084675,0.0089,4.6377999999999995,3.5838,3.5927000000000002,1.0,0.0,0.0,33070.57252,661.4114504,0.1858775653373961,0.008612776470334326,0.9913872235296656,0.008687600834384369,0.007064758834642859,1.038035241165357,4.433234524286382,1.0038491028228866,0.5715111807218113,0.5740320453096259,1.6662660553096258,1.2908392832996778,2.2700232664071884,2.2675024018193737,0.9519859224230212,0.007697525476630608,4296260.222899034,85925.20445798067,0.008308071830134798,0.008292128529585358,969.2038660517904,965.4876049859769,32052126.738930102,641042.5347786021,82.31600122632403,1.6463200245264809,31929227.857849862,638584.5571569973,82.00037335775494,1.6400074671550988,"[0.878,1.302]",0.991,"[0.438,0.650]",0.5,0.002,0.0,519,1.039,0.12,-0.005397477470999945,18,2.214602522529,0.005,0.0,207,1.0375,0.1,0.4741835225290001,17,2.224183522529,1.038084248501157,1.042292608126607,1.2174458319876271,0.947753090102036,0.8496541580601374,0.9825644028976641,0.938449333524584,0.9515432489868108
26,56,4.6289,10.65,1.0647,32653.60724,653.0721448,E04001,1.344415019,0.017119089,0.0089,4.6377999999999995,3.5641999999999996,3.5730999999999997,1.0,0.0,0.0,32653.60724,653.0721448,0.1858775653373961,0.008612776470334326,0.9913872235296656,0.008687600834384369,0.007064758834642859,1.0576352411653571,4.433234524286382,1.0038491028228866,0.5683855545311344,0.5709004094680391,1.704486499468039,1.3055598413968006,2.3099291941978657,2.307414339260961,0.9506827686459712,0.0077097530476810385,4235363.5762460185,84707.27152492036,0.008308071830134798,0.008292128529585358,1023.9299284753774,1020.0038288583635,33435005.725716267,668700.1145143254,85.86749936244888,1.717349987248978,33306804.41083718,666136.0882167437,85.53825382817406,1.7107650765634814,"[1.302,1.770]",1.619,"[0.438,0.650]",0.5,0.002,0.0,528,1.057,0.12,-1.6444774774709998,32,2.255522522529,0.005,0.0,211,1.0575,0.1,0.4741835225290001,18,2.324183522529,1.0711271482791105,1.062292608126607,0.9700253549079472,0.9464410559457385,1.2700484264524534,1.0358537973489592,0.9567770582049796,0.9481709430818697
26,56,4.6289,10.65,1.0844,32261.9208,645.238416,E04001,1.332840666,0.016923977,0.0089,4.6377999999999995,3.5444999999999998,3.5534,1.0,0.0,0.0,32261.9208,645.238416,0.1858775653373961,0.008612776470334326,0.9913872235296656,0.008687600834384369,0.007064758834642859,1.0773352411653572,4.433234524286382,1.0038491028228866,0.5652439812680563,0.5677527958925667,1.7436761558925666,1.320483303905266,2.3500387236609437,2.3475299090364334,0.9493407756336739,0.0077165022665026065,4180899.543054531,83617.99086109063,0.008308071830134794,0.008292128529585354,1081.94060919399,1077.7920766691977,34905482.244120255,698109.6448824052,89.64396473955614,1.7928792947911232,34771642.61636919,695432.8523273837,89.30023893777631,1.786004778755526,"[1.302,1.770]",1.619,"[0.438,0.650]",0.5,0.002,0.0,538,1.077,0.12,-1.6444774774709998,33,2.3755225225289998,0.005,0.0,215,1.0775000000000001,0.1,0.4741835225290001,18,2.324183522529,1.0907211261179839,1.082292608126607,0.969165723889072,0.9451078167292132,1.2970532675790754,1.0358537973489592,0.9537330460783902,0.9481709430818697
26,56,4.6289,10.65,1.104,31899.83121,637.9966241,E04001,1.347969515,0.016990686,0.0089,4.6377999999999995,3.5248999999999997,3.5338,1.0,0.0,0.0,31899.83121,637.9966241,0.1858775653373961,0.008612776470334326,0.9913872235296656,0.008687600834384369,0.007064758834642859,1.0969352411653572,4.433234524286382,1.0038491028228866,0.5621183550773794,0.56462116005098,1.7834371600509802,1.3354539153602345,2.389944651451621,2.3874418464780205,0.9479732612718392,0.007718071876257612,4133134.767522766,82662.6953374987,0.008308071830134798,0.008292128529585358,1142.787820437541,1138.4059787710623,36454738.58080135,729094.7715017481,93.62275178070549,1.8724550353206195,36314958.571251735,726299.171311194,93.26376994055425,1.86527539851872,"[1.302,1.770]",1.619,"[0.438,0.650]",0.5,0.002,0.0,548,1.097,0.12,-1.6444774774709998,33,2.3755225225289998,0.005,0.0,219,1.0975,0.1,0.4741835225290001,19,2.4241835225290003,1.110307897361814,1.102292608126607,0.9682386864335997,0.9437535668771369,1.2970532675790754,1.0891431918002543,0.9537330460783902,0.944646302598659
26,56,4.6289,10.65,1.1237,31557.93373,631.1586746,E04001,1.359404591,0.017048011,0.0089,4.6377999999999995,3.5052,3.5141,1.0,0.0,0.0,31557.93373,631.1586746,0.1858775653373961,0.008612776470334326,0.9913872235296656,0.008687600834384369,0.007064758834642859,1.116635241165357,4.433234524286382,1.0038491028228866,0.5589767818143012,0.5614735464755076,1.8241752364755075,1.3506203154386163,2.430054180914699,2.4275574162534923,0.9465659621473719,0.007714828795743904,4090555.2884608144,81811.10576921629,0.008308071830134798,0.008292128529585358,1207.2399216926656,1202.6109484959754,38097997.44498753,761959.9488997506,97.84295531918782,1.9568591063837566,37951916.61560844,759038.3323121688,97.46779176675788,1.9493558353351579,"[1.302,1.770]",1.619,"[0.438,0.650]",0.5,0.002,0.0,558,1.117,0.12,-1.6444774774709998,33,2.3755225225289998,0.005,0.0,223,1.1175,0.1,0.4741835225290001,19,2.4241835225290003,1.1298874699564365,1.122292608126607,0.9672364862503062,0.9423785030143026,1.2970532675790754,1.0891431918002543,0.9537330460783902,0.944646302598659
26,56,4.6289,10.65,1.1237,31557.93373,631.1586746,E04001,1.391092344,0.019266154,0.0089,4.6377999999999995,3.5052,3.5141,1.0,0.0,0.0,31557.93373,631.1586746,0.1858775653373961,0.008612776470334326,0.9913872235296656,0.008687600834384369,0.007064758834642859,1.116635241165357,4.433234524286382,1.0038491028228866,0.5589767818143012,0.5614735464755076,1.8241752364755075,1.3506203154386163,2.430054180914699,2.4275574162534923,0.9465659621473719,0.007714828795743904,4090555.2884608144,81811.10576921629,0.008308071830134798,0.008292128529585358,1207.2399216926656,1202.6109484959754,38097997.44498753,761959.9488997506,97.84295531918782,1.9568591063837566,37951916.61560844,759038.3323121688,97.46779176675788,1.9493558353351579,"[1.302,1.770]",1.619,"[0.438,0.650]",0.5,0.002,0.0,558,1.117,0.12,-1.6444774774709998,33,2.3755225225289998,0.005,0.0,223,1.1175,0.1,0.4741835225290001,19,2.4241835225290003,1.1298874699564365,1.122292608126607,0.9672364862503062,0.9423785030143026,1.2970532675790754,1.0891431918002543,0.9537330460783902,0.944646302598659
26,56,4.6289,10.65,1.1433,31240.74651,624.8149303,E04001,1.386010414,0.017253109,0.0089,4.6377999999999995,3.4856,3.4945,1.0,0.0,0.0,31240.74651,624.8149303,0.1858775653373961,0.008612776470334326,0.9913872235296656,0.008687600834384369,0.007064758834642859,1.1362352411653571,4.433234524286382,1.0038491028228866,0.5558511556236244,0.5583419106339209,1.8654768006339209,1.3658245863338092,2.4699601087053757,2.467469353695079,0.9451328578372603,0.007707136303787593,4053483.067977798,81069.66137253096,0.008308071830134796,0.008292128529585356,1274.7948562324607,1269.9068541752517,39825542.9558102,796510.8592436835,102.27962311180232,2.0455924625634387,39672838.12260058,793456.7625790022,101.88744784867131,2.0377489572995624,"[1.302,1.770]",1.619,"[0.438,0.650]",0.5,0.002,0.0,568,1.137,0.12,-1.6444774774709998,34,2.495522522529,0.005,0.0,227,1.1375,0.1,0.4741835225290001,19,2.4241835225290003,1.1494598518331074,1.142292608126607,0.9661501148922611,0.9409828238984664,1.3237357361743323,1.0891431918002543,0.9501948694983625,0.944646302598659
26,56,4.6289,10.65,1.1433,31240.74651,624.8149303,E04001,1.411617996,0.018213393,0.0089,4.6377999999999995,3.4856,3.4945,1.0,0.0,0.0,31240.74651,624.8149303,0.1858775653373961,0.008612776470334326,0.9913872235296656,0.008687600834384369,0.007064758834642859,1.1362352411653571,4.433234524286382,1.0038491028228866,0.5558511556236244,0.5583419106339209,1.8654768006339209,1.3658245863338092,2.4699601087053757,2.467469353695079,0.9451328578372603,0.007707136303787593,4053483.067977798,81069.66137253096,0.008308071830134796,0.008292128529585356,1274.7948562324607,1269.9068541752517,39825542.9558102,796510.8592436835,102.27962311180232,2.0455924625634387,39672838.12260058,793456.7625790022,101.88744784867131,2.0377489572995624,"[1.302,1.770]",1.619,"[0.438,0.650]",0.5,0.002,0.0,568,1.137,0.12,-1.6444774774709998,34,2.495522522529,0.005,0.0,227,1.1375,0.1,0.4741835225290001,19,2.4241835225290003,1.1494598518331074,1.142292608126607,0.9661501148922611,0.9409828238984664,1.3237357361743323,1.0891431918002543,0.9501948694983625,0.944646302598659
26,56,4.6289,10.65,1.163,30906.77631,618.1355262,E04001,1.41392941,0.017601318,0.0089,4.6377999999999995,3.4658999999999995,3.4747999999999997,1.0,0.0,0.0,30906.77631,618.1355262,0.1858775653373961,0.008612776470334326,0.9913872235296656,0.008687600834384369,0.007064758834642859,1.1559352411653572,4.433234524286382,1.0038491028228866,0.5527095823605462,0.5551942970584485,1.9077632970584486,1.381218048339381,2.510069638168454,2.507584923470552,0.9436590144328169,0.007695230812702796,4016354.6828226475,80327.09365645294,0.008308071830134794,0.008292128529585354,1346.3013184036777,1341.1391359695335,41609833.69376055,832196.673875211,106.86202351754035,2.137240470350807,41450287.27599705,829005.7455199409,106.45227775473191,2.129045555094638,"[1.302,1.770]",1.619,"[0.438,0.650]",0.5,0.002,0.0,577,1.155,0.12,-1.6444774774709998,34,2.495522522529,0.005,0.0,231,1.1575,0.1,0.4741835225290001,20,2.5241835225290004,1.1670688540016982,1.162292608126607,0.965091753184104,0.9395667303529389,1.3237357361743323,1.1424325862515496,0.9501948694983625,0.9409729834964157
26,56,4.6289,10.65,1.163,30906.77631,618.1355262,E04001,1.41392941,0.017536607,0.0089,4.6377999999999995,3.4658999999999995,3.4747999999999997,1.0,0.0,0.0,30906.77631,618.1355262,0.1858775653373961,0.008612776470334326,0.9913872235296656,0.008687600834384369,0.007064758834642859,1.1559352411653572,4.433234524286382,1.0038491028228866,0.5527095823605462,0.5551942970584485,1.9077632970584486,1.381218048339381,2.510069638168454,2.507584923470552,0.9436590144328169,0.007695230812702796,4016354.6828226475,80327.09365645294,0.008308071830134794,0.008292128529585354,1346.3013184036777,1341.1391359695335,41609833.69376055,832196.673875211,106.86202351754035,2.137240470350807,41450287.27599705,829005.7455199409,106.45227775473191,2.129045555094638,"[1.302,1.770]",1.619,"[0.438,0.650]",0.5,0.002,0.0,577,1.155,0.12,-1.6444774774709998,34,2.495522522529,0.005,0.0,231,1.1575,0.1,0.4741835225290001,20,2.5241835225290004,1.1670688540016982,1.162292608126607,0.965091753184104,0.9395667303529389,1.3237357361743323,1.1424325862515496,0.9501948694983625,0.9409729834964157
26,56,4.6289,10.65,1.1826,30663.63216,613.2726432,E04001,1.402312674,0.017186483,0.0089,4.6377999999999995,3.4463,3.4552,1.0,0.0,0.0,30663.63216,613.2726432,0.1858775653373961,0.008612776470334326,0.9913872235296656,0.008687600834384369,0.007064758834642859,1.1755352411653572,4.433234524286382,1.0038491028228866,0.5495839561698694,0.5520626612168618,1.950605421216862,1.3966407631230238,2.549975565959131,2.5474968609121387,0.942159086001186,0.007679529018385504,3992905.30533688,79858.10610673758,0.008308071830134796,0.008292128529585356,1421.1978367892339,1415.7484753363194,43579087.693892784,871581.7538778556,111.91944501128924,2.2383889002257846,43411990.47879373,868239.8095758746,111.49030735452644,2.2298061470905286,"[1.302,1.770]",1.619,"[0.438,0.650]",0.5,0.002,0.0,587,1.175,0.12,-1.6444774774709998,34,2.495522522529,0.005,0.0,235,1.1775,0.1,0.4741835225290001,20,2.5241835225290004,1.1866275953127285,1.182292608126607,0.9638149467658498,0.9381304251989611,1.3237357361743323,1.1424325862515496,0.9501948694983625,0.9409729834964157
26,56,4.6289,10.65,1.2023,30400.39018,608.0078036,E04001,1.407876667,0.017170832,0.0089,4.6377999999999995,3.4265999999999996,3.4354999999999998,1.0,0.0,0.0,30400.39018,608.0078036,0.1858775653373961,0.008612776470334326,0.9913872235296656,0.008687600834384369,0.007064758834642859,1.195235241165357,4.433234524286382,1.0038491028228866,0.5464423829067911,0.5489150476413893,1.994440337641389,1.412246556958589,2.590085095422209,2.587612430687611,0.9406174557811997,0.007660152127111525,3968640.527699718,79372.81055399435,0.0083080718301348,0.008292128529585358,1500.4207170221653,1494.6675877907228,45613375.23162919,912267.5046325838,117.14388508713662,2.3428777017427325,45438477.85823738,908769.5571647475,116.69471512971488,2.3338943025942975,"[1.302,1.770]",1.619,"[0.438,0.650]",0.5,0.002,0.0,597,1.195,0.12,-1.6444774774709998,35,2.615522522529,0.005,0.0,239,1.1975,0.1,0.4741835225290001,21,2.624183522529,1.2061791688242494,1.202292608126607,0.9624180165737365,0.9366741131879017,1.3501071088387828,1.1957219807028445,0.9460334260957869,0.9371547514512525
26,56,4.6289,10.65,1.2219,30155.17328,603.1034656,E04001,1.399428204,0.017045168,0.0089,4.6377999999999995,3.407,3.4159,1.0,0.0,0.0,30155.17328,603.1034656,0.1858775653373961,0.008612776470334326,0.9913872235296656,0.008687600834384369,0.007064758834642859,1.2148352411653571,4.433234524286382,1.0038491028228866,0.5433167567161145,0.5457834117998027,2.0388230217998027,1.4278736014787172,2.6299910232128854,2.627524368129197,0.9390494651863903,0.00763756073976554,3948272.7938247086,78965.45587649419,0.008308071830134798,0.008292128529585358,1583.3431815456165,1577.2720990566772,47745988.001214564,954919.7600242913,122.62084319310982,2.452416863862197,47562913.456763424,951258.2691352686,122.15067269402576,2.4430134538805155,"[1.302,1.770]",1.619,"[0.438,0.650]",0.5,0.002,0.0,607,1.215,0.12,-1.6444774774709998,35,2.615522522529,0.005,0.0,242,1.2125000000000001,0.1,0.4741835225290001,21,2.624183522529,1.225723582410943,1.2172926081266071,0.9608838184521471,0.9355688739025205,1.3501071088387828,1.1957219807028445,0.9460334260957869,0.9371547514512525
26,56,4.6289,10.65,1.2416,29922.63451,598.4526902,E04001,1.380226062,0.016776598,0.0089,4.6377999999999995,3.3872999999999998,3.3962,1.0,0.0,0.0,29922.63451,598.4526902,0.1858775653373961,0.008612776470334326,0.9913872235296656,0.008687600834384369,0.007064758834642859,1.2345352411653572,4.433234524286382,1.0038491028228866,0.5401751834530362,0.5426357982243303,2.08420635822433,1.4436780659912827,2.6701005526759642,2.66763993790467,0.9374388022199925,0.007611774927036674,3931098.173136489,78621.96346272978,0.0083080718301348,0.008292128529585358,1670.9969943092951,1664.5898169459401,50000632.32802559,1000012.6465605118,128.4112017138529,2.568224034277058,49808912.70154117,996178.2540308235,127.91882898809448,2.5583765797618896,"[1.302,1.770]",1.619,"[0.438,0.650]",0.5,0.002,0.0,617,1.235,0.12,-1.6444774774709998,35,2.615522522529,0.005,0.0,246,1.2325,0.1,0.4741835225290001,21,2.624183522529,1.2452608439331172,1.237292608126607,0.9591917636468771,0.9340780481372963,1.3501071088387828,1.1957219807028445,0.9460334260957869,0.9371547514512525
26,56,4.6289,10.65,1.2612,29703.64118,594.0728236,E04001,1.39713511,0.016832953,0.0089,4.6377999999999995,3.3676999999999997,3.3766,1.0,0.0,0.0,29703.64118,594.0728236,0.1858775653373961,0.008612776470334326,0.9913872235296656,0.008687600834384369,0.007064758834642859,1.2541352411653572,4.433234524286382,1.0038491028228866,0.5370495572623595,0.5395041623827436,2.130129602382744,1.4594963523019657,2.7100064804666406,2.7075518753462564,0.9358015085459275,0.007583291055440537,3916985.509700237,78339.71019400473,0.008308071830134796,0.008292128529585356,1762.6837045741129,1755.9249688198513,52358124.27450257,1047162.4854900514,134.46569262292402,2.689313852458481,52157365.21282755,1043147.304256551,133.95010489604272,2.6790020979208546,"[1.302,1.770]",1.619,"[0.438,0.650]",0.5,0.002,0.0,627,1.2550000000000001,0.12,-1.6444774774709998,36,2.735522522529,0.005,0.0,250,1.2525,0.1,0.4741835225290001,22,2.724183522529,1.2647909612366774,1.257292608126607,0.9573169086838446,0.9325677879784824,1.376178019686742,1.2490113751541396,0.9410702039601166,0.933195472804935
26,56,4.6289,10.65,1.2808,29497.60322,589.9520645,E04001,1.362822589,0.016408113,0.0089,4.6377999999999995,3.3480999999999996,3.3569999999999998,1.0,0.0,0.0,29497.60322,589.9520645,0.1858775653373961,0.008612776470334326,0.9913872235296656,0.008687600834384369,0.007064758834642859,1.273735241165357,4.433234524286382,1.0038491028228866,0.5339239310716826,0.5363725265411567,2.1768211665411563,1.4754054244651387,2.7499124082573174,2.747463812787843,0.9341291871273729,0.007552205805135448,3905826.1892097583,78116.52379743633,0.0083080718301348,0.008292128529585358,1859.0350936670507,1851.9069135384266,54837079.5650462,1096741.5914868275,140.83212466652836,2.8166424938080032,54626815.33593135,1092536.3069038177,140.2921258488946,2.805842517453497,"[1.302,1.770]",1.619,"[0.438,0.650]",0.5,0.002,0.0,636,1.2730000000000001,0.12,-1.6444774774709998,36,2.735522522529,0.005,0.0,254,1.2725,0.1,0.4741835225290001,22,2.724183522529,1.2823619649760687,1.277292608126607,0.9554481660605806,0.9310383048096657,1.376178019686742,1.2490113751541396,0.9410702039601166,0.933195472804935
26,56,4.6289,10.65,1.3005,29301.6001,586.0320019,E04001,1.41971769,0.016893275,0.0089,4.6377999999999995,3.3284,3.3373,1.0,0.0,0.0,29301.6001,586.0320019,0.1858775653373961,0.008612776470334326,0.9913872235296656,0.008687600834384369,0.007064758834642859,1.2934352411653571,4.433234524286382,1.0038491028228866,0.5307823578086044,0.5332249129656844,2.2245251629656844,1.49148421478931,2.790021937720396,2.7875793825633157,0.9324127250368967,0.007518549616775635,3897241.0363058993,77944.82071281754,0.008308071830134796,0.008292128529585356,1960.7858568203058,1953.26752925958,57454163.058284454,1149083.2609696104,147.55329639386767,2.9510659273737856,57233864.03067926,1144677.2804182584,146.98752629148998,2.939750525328163,"[1.302,1.770]",1.619,"[0.438,0.650]",0.5,0.002,0.0,646,1.293,0.12,-1.6444774774709998,36,2.735522522529,0.005,0.0,258,1.2925,0.1,0.4741835225290001,23,2.824183522529,1.301878529828464,1.297292608126607,0.953136007428789,0.9294898116212708,1.376178019686742,1.3023007696054347,0.9410702039601166,0.9290991054502643
26,56,4.6289,10.65,1.3201,29097.37296,581.9474591,E04001,1.385004758,0.016496335,0.0089,4.6377999999999995,3.3087999999999997,3.3177,1.0,0.0,0.0,29097.37296,581.9474591,0.1858775653373961,0.008612776470334326,0.9913872235296656,0.008687600834384369,0.007064758834642859,1.3130352411653572,4.433234524286382,1.0038491028228866,0.5276567316179276,0.5300932771240977,2.2727572871240977,1.50756667750521,2.8299278655110727,2.8274913200049023,0.9306692376645446,0.0074828597313236645,3888536.469312232,77770.72937288076,0.008308071830134798,0.008292128529585358,2067.117085422357,2059.1910473491425,60147676.7865225,1202953.5355237382,154.4707556053173,3.089415111575471,59917049.90061102,1198340.997806301,153.87846158445114,3.0775692311601826,"[1.302,1.770]",1.619,"[0.438,0.650]",0.5,0.002,0.0,656,1.313,0.12,-1.6444774774709998,37,2.855522522529,0.005,0.0,262,1.3125,0.1,0.4741835225290001,23,2.824183522529,1.3213879731344775,1.317292608126607,0.9505308278357285,0.9279225229424838,1.401958510455536,1.3023007696054347,0.9350511594537764,0.9290991054502643
26,56,4.6289,10.65,1.3398,28876.4999,577.5299979,E04001,1.378283384,0.016380102,0.0089,4.6377999999999995,3.2890999999999995,3.2979999999999996,1.0,0.0,0.0,28876.4999,577.5299979,0.1858775653373961,0.008612776470334326,0.9913872235296656,0.008687600834384369,0.007064758834642859,1.3327352411653572,4.433234524286382,1.0038491028228866,0.5245151583548494,0.5269456635486253,2.3220097035486256,1.5238141958744924,2.870037394974151,2.867606889780375,0.9288806216036786,0.007444957007054534,3878665.7696797736,77573.31538016356,0.008308071830134796,0.008292128529585356,2179.3374706177456,2170.9811409795675,62931638.252359584,1258632.764829258,161.62050193268172,3.232410038093939,62690336.70039836,1253806.7337908694,161.00079332460896,3.2200158659346303,"[1.302,1.770]",1.619,"[0.438,0.650]",0.5,0.002,0.0,666,1.333,0.12,-1.6444774774709998,37,2.855522522529,0.005,0.0,266,1.3325,0.1,0.4741835225290001,23,2.824183522529,1.340890302684329,1.337292608126607,0.947574204072801,0.9263366547732531,1.401958510455536,1.3023007696054347,0.9350511594537764,0.9290991054502643
26,56,4.6289,10.65,1.3594,28658.64786,573.1729571,E04001,1.336420343,0.015946321,0.0089,4.6377999999999995,3.2695,3.2784,1.0,0.0,0.0,28658.64786,573.1729571,0.1858775653373961,0.008612776470334326,0.9913872235296656,0.008687600834384369,0.007064758834642859,1.352335241165357,4.433234524286382,1.0038491028228866,0.5213895321641727,0.5238140277070386,2.3717823877070385,1.5400592156495276,2.909943322764827,2.907518827221961,0.9270647248792409,0.007405398868846211,3869966.813072572,77399.33624794778,0.008308071830134793,0.008292128529585352,2296.5382283047184,2287.7325106400044,65815680.38201321,1316313.6074106102,169.02727457572732,3.380545490924751,65563320.420305595,1311266.4081773385,168.37916585312678,3.3675833164750015,"[1.302,1.770]",1.619,"[0.438,0.650]",0.5,0.002,0.0,676,1.353,0.12,-1.6444774774709998,37,2.855522522529,0.005,0.0,270,1.3525,0.1,0.4741835225290001,24,2.9241835225290003,1.3603855262540492,1.357292608126607,0.9441910441219028,0.9247324245164021,1.401958510455536,1.3555901640567298,0.9350511594537764,0.9248696896897748
26,56,4.6289,10.65,1.3791,28448.14609,568.9629218,E04001,1.349824339,0.016029164,0.0089,4.6377999999999995,3.2497999999999996,3.2586999999999997,1.0,0.0,0.0,28448.14609,568.9629218,0.1858775653373961,0.008612776470334326,0.9913872235296656,0.008687600834384369,0.007064758834642859,1.3720352411653571,4.433234524286382,1.0038491028228866,0.5182479589010944,0.5206664141315661,2.422583224131566,1.5564649768406502,2.9500528522279055,2.947634396997434,0.9252027054726601,0.007363944809314368,3863166.662251059,77263.33324502119,0.008308071830134796,0.008292128529585356,2420.156045990305,2410.876335083305,68848952.75692895,1376979.055138579,176.81729907447837,3.5363459814895677,68584962.18537365,1371699.2437074732,176.13932071788182,3.522786414357637,"[1.302,1.770]",1.619,"[0.438,0.650]",0.5,0.002,0.0,686,1.373,0.12,-1.6444774774709998,38,2.9755225225290003,0.005,0.0,274,1.3725,0.1,0.4741835225290001,24,2.9241835225290003,1.3798736516055001,1.377292608126607,0.9402831870330477,0.9231100509098928,1.4274580756992221,1.3555901640567298,0.9276020607947578,0.9248696896897748
26,56,4.6289,10.65,1.3987,28240.25195,564.8050389,E04001,1.36684333,0.016076344,0.0089,4.6377999999999995,3.2302,3.2391,1.0,0.0,0.0,28240.25195,564.8050389,0.1858775653373961,0.008612776470334326,0.9913872235296656,0.008687600834384369,0.007064758834642859,1.3916352411653572,4.433234524286382,1.0038491028228866,0.5151223327104176,0.5175347782899795,2.4738964682899796,1.5728625077513863,2.9899587800185823,2.9875463344390205,0.9233131570313114,0.007321167704919074,3857342.5836189287,77146.85165871955,0.008308071830134796,0.008292128529585356,2549.183968347223,2539.409519995344,71989597.53302641,1439791.9504056098,184.8830764672367,3.6976615286900545,71713564.64889708,1434271.2927240005,184.17417114517897,3.68348342225141,"[1.302,1.770]",1.619,"[0.438,0.650]",0.5,0.002,0.0,695,1.391,0.12,-1.6444774774709998,38,2.9755225225290003,0.005,0.0,278,1.3925,0.1,0.4741835225290001,25,3.0241835225290004,1.3974069018490027,1.397292608126607,0.9362102654387959,0.9214697539592707,1.4274580756992221,1.408879558508025,0.9276020607947578,0.9205113391034094
26,56,4.6289,10.65,1.4184,28037.19264,560.7438528,E04001,1.373175998,0.01615711,0.0089,4.6377999999999995,3.2104999999999997,3.2194,1.0,0.0,0.0,28037.19264,560.7438528,0.1858775653373961,0.008612776470334326,0.9913872235296656,0.008687600834384369,0.007064758834642859,1.4113352411653572,4.433234524286382,1.0038491028228866,0.5119807594473393,0.5143871647145071,2.5262457247145074,1.589416787603084,3.0300683094816607,3.027661904214493,0.9213764865603021,0.007276774567960172,3852969.798384093,77059.39596768186,0.008308071830134798,0.008292128529585358,2685.197621966584,2674.9016504728047,75285403.00354701,1505708.0600709403,193.34733624515604,3.8669467249031206,74996732.86735998,1499934.6573471995,192.60597603907917,3.8521195207815833,"[1.302,1.770]",1.619,"[0.438,0.650]",0.5,0.002,0.0,705,1.411,0.12,-1.6444774774709998,38,2.9755225225290003,0.005,0.0,282,1.4125,0.1,0.4741835225290001,25,3.0241835225290004,1.416881561919169,1.417292608126607,0.9309062536452123,0.9198117548703263,1.4274580756992221,1.408879558508025,0.9276020607947578,0.9205113391034094
26,56,4.6289,10.65,1.438,27838.98175,556.7796351,E04001,1.361400368,0.016056622,0.0089,4.6377999999999995,3.1909,3.1998,1.0,0.0,0.0,27838.98175,556.7796351,0.1858775653373961,0.008612776470334326,0.9913872235296656,0.008687600834384369,0.007064758834642859,1.430935241165357,4.433234524286382,1.0038491028228866,0.5088551332566627,0.5112555288729204,2.5790995288729204,1.6059575115403646,3.0699742372723375,3.06757384165608,0.9194120463145351,0.007231349671259582,3849762.9094944466,76995.2582037176,0.008308071830134798,0.008292128529585358,2827.082948160123,2816.242939511714,78703110.59956586,1574062.2122740254,202.12466403237593,4.0424932813735674,78401335.79663296,1568026.7162142834,201.34964853182484,4.026992971359761,"[1.302,1.770]",1.619,"[0.438,0.650]",0.5,0.002,0.0,715,1.431,0.12,-1.6444774774709998,39,3.0955225225290004,0.005,0.0,286,1.4325,0.1,0.4741835225290001,25,3.0241835225290004,1.4363491462007758,1.437292608126607,0.9245480471626173,0.9181362759820101,1.4526857036435823,1.408879558508025,0.918147898017656,0.9205113391034094
26,56,4.6289,10.65,1.4577,27645.89639,552.9179278,E04001,1.360057184,0.015987906,0.0089,4.6377999999999995,3.1712,3.1801,1.0,0.0,0.0,27645.89639,552.9179278,0.1858775653373961,0.008612776470334326,0.9913872235296656,0.008687600834384369,0.007064758834642859,1.4506352411653571,4.433234524286382,1.0038491028228866,0.5057135599935845,0.5081079152974479,2.632997205297448,1.622651288878004,3.1100837667354155,3.107689411431552,0.9173994799962141,0.007184555463703787,3847961.997045809,76959.23994091617,0.008308071830134794,0.008292128529585354,2976.5662802572574,2965.153101085578,82289842.98195985,1645796.859639197,211.33607984863244,4.226721596972649,81974315.41309908,1639486.3082619817,210.52574461076082,4.210514892215217,"[1.302,1.770]",1.619,"[0.438,0.650]",0.5,0.002,0.0,725,1.451,0.12,-1.6444774774709998,39,3.0955225225290004,0.005,0.0,290,1.4525000000000001,0.1,0.4741835225290001,26,3.1241835225290004,1.4558096624008314,1.457292608126607,0.916789083244941,0.9164435406996284,1.4526857036435823,1.46216895295932,0.918147898017656,0.9160282314595652
26,56,4.6289,10.65,1.4773,27461.34722,549.2269444,E04001,1.329140909,0.015658372,0.0089,4.6377999999999995,3.1515999999999997,3.1605,1.0,0.0,0.0,27461.34722,549.2269444,0.1858775653373961,0.008612776470334326,0.9913872235296656,0.008687600834384369,0.007064758834642859,1.4702352411653572,4.433234524286382,1.0038491028228866,0.5025879338029076,0.5049762794558612,2.6873915694558614,1.6393265597359976,3.149989694526093,3.147601348873139,0.9153589114376145,0.007136984139823897,3847752.311339394,76955.04622678789,0.008308071830134798,0.008292128529585358,3132.416845091081,3120.406081235246,86020386.62082313,1720407.7324164626,220.91683051933742,4.418336610386748,85690554.8642006,1713811.0972840122,220.06975938724796,4.401395187744959,"[1.302,1.770]",1.619,"[0.438,0.650]",0.5,0.002,0.0,735,1.471,0.12,-1.6444774774709998,39,3.0955225225290004,0.005,0.0,294,1.4725,0.1,0.4741835225290001,26,3.1241835225290004,1.4752631182123466,1.477292608126607,0.9071121180115183,0.9147337734283553,1.4526857036435823,1.46216895295932,0.918147898017656,0.9160282314595652
26,56,4.6289,10.65,1.497,27280.88039,545.6176078,E04001,1.341598932,0.015725299,0.0089,4.6377999999999995,3.1319,3.1408,1.0,0.0,0.0,27280.88039,545.6176078,0.1858775653373961,0.008612776470334326,0.9913872235296656,0.008687600834384369,0.007064758834642859,1.4899352411653572,4.433234524286382,1.0038491028228866,0.49944636053982944,0.5018286658803889,2.7428376658803892,1.6561514622402111,3.190099223989171,3.1877169186486114,0.9132692087627051,0.007088260614068101,3848741.1616688473,76974.82323337694,0.008308071830134796,0.008292128529585356,3296.5243332378377,3283.884324813166,89932086.03778595,1798641.7207557189,230.9628239295853,4.619256478591706,89587255.47982389,1791745.1095964778,230.07723300255324,4.601544660051065,"[1.302,1.770]",1.619,"[0.438,0.650]",0.5,0.002,0.0,744,1.489,0.12,-1.6444774774709998,40,3.2155225225289996,0.005,0.0,297,1.4875,0.1,0.4741835225290001,27,3.224183522529,1.4927651981575636,1.492292608126607,0.8961045964073835,0.9134404062543736,1.477649913200874,1.5154583474106151,0.9057574011501232,0.9114245997024866
26,56,4.6289,10.65,1.5166,27108.76606,542.1753212,E04001,1.316917189,0.015493143,0.0089,4.6377999999999995,3.1123,3.1212,1.0,0.0,0.0,27108.76606,542.1753212,0.1858775653373961,0.008612776470334326,0.9913872235296656,0.008687600834384369,0.007064758834642859,1.509535241165357,4.433234524286382,1.0038491028228866,0.49632073434915264,0.4986970300388021,2.798772590038802,1.6729532539909182,3.2300051517798476,3.227628856090198,0.9111512803222931,0.007038982026663932,3851233.879744395,77024.6775948879,0.008308071830134796,0.008292128529585356,3467.530921472702,3454.235214955901,94000484.55601972,1880009.6911203943,241.41125064846972,4.828225012969393,93640054.35845333,1872801.0871690665,240.48559685873715,4.809711937174742,"[1.302,1.770]",1.619,"[0.438,0.650]",0.5,0.002,0.0,754,1.5090000000000001,0.12,-1.6444774774709998,40,3.2155225225289996,0.005,0.0,301,1.5075,0.1,0.4741835225290001,27,3.224183522529,1.5122052603752394,1.512292608126607,0.8801303712880253,0.9117013757488669,1.477649913200874,1.5154583474106151,0.9057574011501232,0.9114245997024866
26,56,4.6289,10.65,1.5362,26944.08522,538.8817044,E04001,1.287852221,0.015253812,0.0089,4.6377999999999995,3.0927,3.1016,1.0,0.0,0.0,26944.08522,538.8817044,0.1858775653373961,0.008612776470334326,0.9913872235296656,0.008687600834384369,0.007064758834642859,1.5291352411653572,4.433234524286382,1.0038491028228866,0.49319510815847584,0.49556539419721535,2.8554758341972155,1.6898153254711639,3.269911079570524,3.2675407935317846,0.908994312013143,0.006988998647475069,3855213.969705682,77104.27939411363,0.008308071830134798,0.008292128529585358,3646.568643408173,3632.5864446696155,98253456.28856961,1965069.1257713921,252.33369673772987,5.0466739347545975,97876718.73419493,1957534.3746838986,251.36616253194995,5.027323250638998,"[1.302,1.770]",1.619,"[0.438,0.650]",0.5,0.002,0.0,764,1.5290000000000001,0.12,-1.6444774774709998,40,3.2155225225289996,0.005,0.0,305,1.5275,0.1,0.4741835225290001,27,3.224183522529,1.5316382844354237,1.532292608126607,0.8580272674494702,0.9099459349856538,1.477649913200874,1.5154583474106151,0.9057574011501232,0.9114245997024866
26,56,4.6289,10.65,1.5559,26789.0796,535.781592,E04001,1.310235384,0.01541673,0.0089,4.6377999999999995,3.0729999999999995,3.0818999999999996,1.0,0.0,0.0,26789.0796,535.781592,0.1858775653373961,0.008612776470334326,0.9913872235296656,0.008687600834384369,0.007064758834642859,1.5488352411653572,4.433234524286382,1.0038491028228866,0.49005353489539755,0.4924177806217429,2.913242590621743,1.7068223664522746,3.310020609033603,3.3076563633072573,0.9067866929197144,0.006938140008301112,3861132.7485389896,77222.6549707798,0.008308071830134798,0.008292128529585358,3834.9453467846674,3820.2408469565403,102734656.15666406,2054693.1231332815,263.84227639742016,5.276845527948404,102340736.14029019,2046814.7228058036,262.8306143378314,5.256612286756628,"[1.302,1.770]",1.619,"[0.438,0.650]",0.5,0.002,0.0,774,1.549,0.12,-1.6444774774709998,41,3.3355225225289997,0.005,0.0,309,1.5475,0.1,0.4741835225290001,28,3.324183522529,1.5510642779769412,1.552292608126607,0.8254406419711108,0.908174311533537,1.502358787576528,1.5687477418619102,0.8888165907212074,0.9067047230473918
26,56,4.6289,10.65,1.5559,26789.0796,535.781592,E04001,1.343831163,0.015528716,0.0089,4.6377999999999995,3.0729999999999995,3.0818999999999996,1.0,0.0,0.0,26789.0796,535.781592,0.1858775653373961,0.008612776470334326,0.9913872235296656,0.008687600834384369,0.007064758834642859,1.5488352411653572,4.433234524286382,1.0038491028228866,0.49005353489539755,0.4924177806217429,2.913242590621743,1.7068223664522746,3.310020609033603,3.3076563633072573,0.9067866929197144,0.006938140008301112,3861132.7485389896,77222.6549707798,0.008308071830134798,0.008292128529585358,3834.9453467846674,3820.2408469565403,102734656.15666406,2054693.1231332815,263.84227639742016,5.276845527948404,102340736.14029019,2046814.7228058036,262.8306143378314,5.256612286756628,"[1.302,1.770]",1.619,"[0.438,0.650]",0.5,0.002,0.0,774,1.549,0.12,-1.6444774774709998,41,3.3355225225289997,0.005,0.0,309,1.5475,0.1,0.4741835225290001,28,3.324183522529,1.5510642779769412,1.552292608126607,0.8254406419711108,0.908174311533537,1.502358787576528,1.5687477418619102,0.8888165907212074,0.9067047230473918
26,56,4.6289,10.65,1.5755,26642.52391,532.8504783,E04001,1.351223334,0.015951942,0.0089,4.6377999999999995,3.0534,3.0623,1.0,0.0,0.0,26642.52391,532.8504783,0.1858775653373961,0.008612776470334326,0.9913872235296656,0.008687600834384369,0.007064758834642859,1.568435241165357,4.433234524286382,1.0038491028228866,0.48692790870472086,0.48928614478015625,2.9714863947801557,1.7237999868836744,3.349926536824279,3.347568300748844,0.9045505313069065,0.006887006009668374,3868520.4968019044,77370.40995055818,0.008308071830134796,0.008292128529585356,4031.0917398019687,4015.635147221117,107398458.06107745,2147969.161624658,275.81981306479946,5.51639626233125,106986655.42367499,2139733.1088750632,274.76222500889514,5.495244501209195,"[1.302,1.770]",1.619,"[0.438,0.650]",0.5,0.002,0.0,784,1.569,0.12,-1.6444774774709998,41,3.3355225225289997,0.005,0.0,313,1.5675000000000001,0.1,0.4741835225290001,28,3.324183522529,1.5704832486248392,1.572292608126607,0.7726098074585678,0.9063867336506248,1.502358787576528,1.5687477418619102,0.8888165907212074,0.9067047230473918
26,56,4.6289,10.65,1.5755,26642.52391,532.8504783,E04001,1.336209742,0.014563185,0.0089,4.6377999999999995,3.0534,3.0623,1.0,0.0,0.0,26642.52391,532.8504783,0.1858775653373961,0.008612776470334326,0.9913872235296656,0.008687600834384369,0.007064758834642859,1.568435241165357,4.433234524286382,1.0038491028228866,0.48692790870472086,0.48928614478015625,2.9714863947801557,1.7237999868836744,3.349926536824279,3.347568300748844,0.9045505313069065,0.006887006009668374,3868520.4968019044,77370.40995055818,0.008308071830134796,0.008292128529585356,4031.0917398019687,4015.635147221117,107398458.06107745,2147969.161624658,275.81981306479946,5.51639626233125,106986655.42367499,2139733.1088750632,274.76222500889514,5.495244501209195,"[1.302,1.770]",1.619,"[0.438,0.650]",0.5,0.002,0.0,784,1.569,0.12,-1.6444774774709998,41,3.3355225225289997,0.005,0.0,313,1.5675000000000001,0.1,0.4741835225290001,28,3.324183522529,1.5704832486248392,1.572292608126607,0.7726098074585678,0.9063867336506248,1.502358787576528,1.5687477418619102,0.8888165907212074,0.9067047230473918
26,56,4.6289,10.65,1.5952,26504.74781,530.0949561,E04001,1.301653585,0.01407295,0.0089,4.6377999999999995,3.0336999999999996,3.0425999999999997,1.0,0.0,0.0,26504.74781,530.0949561,0.1858775653373961,0.008612776470334326,0.9913872235296656,0.008687600834384369,0.007064758834642859,1.588135241165357,4.433234524286382,1.0038491028228866,0.48378633544164257,0.4861385312046838,3.0308015712046834,1.7409197486399777,3.390036066287357,3.387683870524316,0.9022627041458854,0.006835153393370345,3877710.752725445,77554.21503987865,0.008308071830134796,0.008292128529585356,4237.367357590907,4221.119833324714,112310353.19127308,2246207.0634017247,288.43450065960633,5.768690012103889,111879716.65806077,2237594.3327391036,287.32854355152625,5.74657086994646,"[1.302,1.770]",1.619,"[0.438,0.650]",0.5,0.002,0.0,794,1.589,0.12,-1.6444774774709998,41,3.3355225225289997,0.005,0.0,317,1.5875000000000001,0.1,0.4741835225290001,29,3.4241835225290003,1.589895203990352,1.5922926081266071,0.6722035431776517,0.9045834302202457,1.502358787576528,1.6220371363132053,0.8888165907212074,0.9018729182130056
26,56,4.6289,10.65,1.6148,26378.23362,527.5646724,E04001,1.315478531,0.014140446,0.0089,4.6377999999999995,3.0141,3.023,1.0,0.0,0.0,26378.23362,527.5646724,0.1858775653373961,0.008612776470334326,0.9913872235296656,0.008687600834384369,0.007064758834642859,1.6077352411653572,4.433234524286382,1.0038491028228866,0.4806607092509659,0.48300689536309716,3.090585935363097,1.7580062387156359,3.4299419940780345,3.4275958079659032,0.8999461363373507,0.006783181317751052,3888770.2369049513,77775.40473809902,0.008308071830134794,0.008292128529585354,4452.046538868543,4434.975860763445,117437123.68938684,2348742.4737877366,301.60102935978273,6.032020587195654,116986829.35427874,2339736.5870855744,300.4445872508744,6.008891745017487,"[1.302,1.770]",1.619,"[0.438,0.650]",0.5,0.002,0.0,803,1.607,0.12,-1.6444774774709998,42,3.455522522529,0.005,0.0,321,1.6075,0.1,0.4741835225290001,29,3.4241835225290003,1.6073599720325191,1.612292608126607,0.4519346493651924,0.9027646306873762,1.5268200048436302,1.6220371363132053,0.8642628176361857,0.9018729182130056
26,56,4.6289,10.65,1.6345,26260.09979,525.2019957,E04001,1.287123822,0.013937495,0.0089,4.6377999999999995,2.9943999999999997,3.0033,1.0,0.0,0.0,26260.09979,525.2019957,0.1858775653373961,0.008612776470334326,0.9913872235296656,0.008687600834384369,0.007064758834642859,1.6274352411653572,4.433234524286382,1.0038491028228866,0.47751913598788764,0.4798592817876247,3.151449531787625,1.7752322472813593,3.4700515235411125,3.4677113777413755,0.897576886936834,0.006730627717273663,3901582.5704644723,78031.65139443199,0.008308071830134794,0.008292128529585354,4677.7043278594,4659.76840015636,122836982.43770273,2456739.648286284,315.46890099803096,6.309378018759295,122365983.18639468,2447319.6632619165,314.25928469818086,6.285185692766899,"[1.770,2.067]",1.921,"[0.438,0.650]",0.5,0.002,0.0,813,1.627,0.12,-2.7135574774710003,51,3.4664425225289994,0.005,0.0,325,1.6275,0.1,0.4741835225290001,29,3.4241835225290003,1.6366951582890437,1.632292608126607,0.9403873570506976,0.90093056499561,1.736924847361761,1.6220371363132053,0.9130537271863461,0.9018729182130056
26,56,4.6289,10.65,1.6541,26153.24963,523.0649926,E04001,1.307676885,0.014070909,0.0089,4.6377999999999995,2.9748,2.9837000000000002,1.0,0.0,0.0,26153.24963,523.0649926,0.1858775653373961,0.008612776470334326,0.9913872235296656,0.008687600834384369,0.007064758834642859,1.647035241165357,4.433234524286382,1.0038491028228866,0.47439350979721084,0.476727645946038,3.2127744559460374,1.7924213946352117,3.5099574513317893,3.507623315182962,0.8951787102067298,0.006678089292758752,3916277.3187772036,78325.54637554407,0.008308071830134798,0.008292128529585358,4912.445418389302,4893.609412585216,128476411.32088521,2569528.226417704,329.95203463359053,6.59904069267181,127983788.55905882,2559675.7711811764,328.68688501662723,6.573737700332544,"[1.770,2.067]",1.921,"[0.438,0.650]",0.5,0.002,0.0,823,1.647,0.12,-2.7135574774710003,51,3.4664425225289994,0.005,0.0,329,1.6475,0.1,0.4741835225290001,30,3.5241835225290004,1.656083232042029,1.652292608126607,0.9366258387075227,0.8990814635246906,1.736924847361761,1.6753265307645004,0.9130537271863461,0.8969335308193307
26,56,4.6289,10.65,1.6738,26057.37226,521.1474451,E04001,1.266436219,0.01366216,0.0089,4.6377999999999995,2.9551,2.964,1.0,0.0,0.0,26057.37226,521.1474451,0.1858775653373961,0.008612776470334326,0.9913872235296656,0.008687600834384369,0.007064758834642859,1.666735241165357,4.433234524286382,1.0038491028228866,0.4712519365341326,0.47358003237056556,3.2751864723705655,1.809747626706709,3.550066980794867,3.547738884958434,0.8927268354237409,0.006625089142620394,3933135.3433976043,78662.70685285795,0.008308071830134796,0.008292128529585356,5159.077829828419,5139.296150507849,134432011.53015205,2688640.2300871336,345.2471567988871,6.904943134652793,133916552.94816801,2678331.058449431,343.92336042143233,6.878467207108777,"[1.770,2.067]",1.921,"[0.438,0.650]",0.5,0.002,0.0,833,1.667,0.12,-2.7135574774710003,52,3.5864425225289995,0.005,0.0,333,1.6675,0.1,0.4741835225290001,30,3.5241835225290004,1.6754643239327294,1.672292608126607,0.9323056329580642,0.8972175570286371,1.7592598584706804,1.6753265307645004,0.9027568390499308,0.8969335308193307
26,56,4.6289,10.65,1.6934,25972.83754,519.4567507,E04001,1.262857782,0.013591122,0.0089,4.6377999999999995,2.9354999999999998,2.9444,1.0,0.0,0.0,25972.83754,519.4567507,0.1858775653373961,0.008612776470334326,0.9913872235296656,0.008687600834384369,0.007064758834642859,1.6863352411653572,4.433234524286382,1.0038491028228866,0.4681263103434558,0.47044839652897885,3.338051956528979,1.82703364953385,3.589972908585544,3.587650822400021,0.8902458588408182,0.00657222005164915,3951912.3425398245,79038.24683558094,0.008308071830134796,0.008292128529585356,5415.522364389092,5394.757388496243,140656482.56451458,2813129.6507487395,361.23279074671126,7.224655813543416,140117157.2191276,2802343.143843076,359.84769994902825,7.196953997595088,"[1.770,2.067]",1.921,"[0.438,0.650]",0.5,0.002,0.0,843,1.687,0.12,-2.7135574774710003,52,3.5864425225289995,0.005,0.0,337,1.6875,0.1,0.4741835225290001,31,3.6241835225290004,1.6948384414984616,1.692292608126607,0.9272933828467687,0.8953390765744819,1.7592598584706804,1.7286159252157955,0.9027568390499308,0.8918909269765676
26,56,4.6289,10.65,1.7131,25900.38137,518.0076274,E04001,1.223920202,0.013243048,0.0089,4.6377999999999995,2.9158,2.9247,1.0,0.0,0.0,25900.38137,518.0076274,0.1858775653373961,0.008612776470334326,0.9913872235296656,0.008687600834384369,0.007064758834642859,1.7060352411653572,4.433234524286382,1.0038491028228866,0.46498473708037763,0.46730078295350647,3.4020123929535067,1.8444544973930657,3.630082438048623,3.627766392175494,0.88771016822801,0.006518993756009955,3973064.3009317294,79461.2860186346,0.008308071830134796,0.008292128529585356,5684.838774058714,5663.041146395998,147239492.27508396,2944789.8455016795,378.13922069508544,7.56278441390171,146674925.40565833,2933498.5081131672,376.68930482851874,7.533786096570377,"[1.770,2.067]",1.921,"[0.438,0.650]",0.5,0.002,0.0,853,1.707,0.12,-2.7135574774710003,52,3.5864425225289995,0.005,0.0,341,1.7075,0.1,0.4741835225290001,31,3.6241835225290004,1.714205592262978,1.712292608126607,0.9214095917629184,0.8934462534816474,1.7592598584706804,1.7286159252157955,0.9027568390499308,0.8918909269765676
26,56,4.6289,10.65,1.7327,25840.68037,516.8136075,E04001,1.234487619,0.013351042,0.0089,4.6377999999999995,2.8962,2.9051,1.0,0.0,0.0,25840.68037,516.8136075,0.1858775653373961,0.008612776470334326,0.9913872235296656,0.008687600834384369,0.007064758834642859,1.725635241165357,4.433234524286382,1.0038491028228866,0.4618591108897008,0.46416914711191976,3.466418437111919,1.8618320109805608,3.6699883658392993,3.6676783296170803,0.8851452143436747,0.006465997888467718,3996394.804905141,79927.89611356833,0.008308071830134798,0.008292128529585358,5964.748685454439,5941.877786891667,154133164.2682058,3082663.285960591,395.84349089411916,7.916869819414246,153542164.68867052,3070843.2943675984,394.32569076466024,7.8865138168191935,"[1.770,2.067]",1.921,"[0.438,0.650]",0.5,0.002,0.0,862,1.725,0.12,-2.7135574774710003,53,3.7064425225289996,0.005,0.0,345,1.7275,0.1,0.4741835225290001,31,3.6241835225290004,1.7316300775434996,1.732292608126607,0.9151663890820468,0.8915393192619827,1.7814114527498037,1.7286159252157955,0.8896280798702151,0.8918909269765676
26,56,4.6289,10.65,1.7524,25794.5571,515.8911419,E04001,1.201803926,0.013026004,0.0089,4.6377999999999995,2.8765,2.8854,1.0,0.0,0.0,25794.5571,515.8911419,0.1858775653373961,0.008612776470334326,0.9913872235296656,0.008687600834384369,0.007064758834642859,1.745335241165357,4.433234524286382,1.0038491028228866,0.45871753762662265,0.46102153353644737,3.531927293536447,1.8793422502398138,3.710097895302377,3.707793899392552,0.8825245318758893,0.0064127358543098366,4022395.0722473837,80447.90142935369,0.008308071830134796,0.008292128529585356,6258.583726831915,6234.586163629957,161437395.30689663,3228747.905512074,414.6021553670121,8.292043105732917,160818388.79262286,3216367.7752289986,413.0124280642627,8.260248559684092,"[1.770,2.067]",1.921,"[0.438,0.650]",0.5,0.002,0.0,872,1.745,0.12,-2.7135574774710003,53,3.7064425225289996,0.005,0.0,349,1.7475,0.1,0.4741835225290001,32,3.724183522529,1.7509840120652882,1.752292608126607,0.9068603789611134,0.8896185055604809,1.7814114527498037,1.7819053196670904,0.8896280798702151,0.8867494850890849
26,56,4.6289,10.65,1.772,25763.30389,515.2660778,E04001,1.191617354,0.012925361,0.0089,4.6377999999999995,2.8568999999999996,2.8657999999999997,1.0,0.0,0.0,25763.30389,515.2660778,0.1858775653373961,0.008612776470334326,0.9913872235296656,0.008687600834384369,0.007064758834642859,1.7649352411653572,4.433234524286382,1.0038491028228866,0.45559191143594574,0.4578898976948606,3.5978738976948605,1.8968062362020166,3.750003823093054,3.7477058368341396,0.879874438471626,0.006359789091267354,4050968.28216767,81019.36564335339,0.008308071830134796,0.008292128529585356,6563.849957276141,6538.681898323347,169106461.13766873,3382129.2227533744,434.297785472076,8.68595570944152,168458048.78654647,3369160.975730929,432.63253834745024,8.652650766949005,"[1.770,2.067]",1.921,"[0.438,0.650]",0.5,0.002,0.0,882,1.7650000000000001,0.12,-2.7135574774710003,53,3.7064425225289996,0.005,0.0,352,1.7625,0.1,0.4741835225290001,32,3.724183522529,1.7703310015284472,1.767292608126607,0.8966307594138664,0.888168926267028,1.7814114527498037,1.7819053196670904,0.8896280798702151,0.8867494850890849
26,56,4.6289,10.65,1.7916,25748.56909,514.9713818,E04001,1.180648132,0.012777409,0.0089,4.6377999999999995,2.8373,2.8462,1.0,0.0,0.0,25748.56909,514.9713818,0.1858775653373961,0.008612776470334326,0.9913872235296656,0.008687600834384369,0.007064758834642859,1.7845352411653572,4.433234524286382,1.0038491028228866,0.45246628524526905,0.45475826185327395,3.6645888218532745,1.9143115790939766,3.7899097508837314,3.787617774275726,0.8771814545042174,0.0063069247564596625,4082587.0109878615,81651.74021975724,0.008308071830134796,0.008292128529585356,6882.511456039077,6856.121539268225,177214821.73853868,3544296.434770773,455.12160869607493,9.102432173921496,176535319.14328504,3530706.382865701,453.3765158690129,9.067530317380259,"[1.770,2.067]",1.921,"[0.438,0.650]",0.5,0.002,0.0,892,1.7850000000000001,0.12,-2.7135574774710003,54,3.8264425225289997,0.005,0.0,356,1.7825,0.1,0.4741835225290001,33,3.824183522529,1.7896710534042128,1.787292608126607,0.8837244180717229,0.8862243810597026,1.8033840760270148,1.8351947141183855,0.872315652026924,0.8815135878962804
26,56,4.6289,10.65,1.8113,25751.1177,515.022354,E04001,1.172764629,0.012776144,0.0089,4.6377999999999995,2.8175999999999997,2.8265,1.0,0.0,0.0,25751.1177,515.022354,0.1858775653373961,0.008612776470334326,0.9913872235296656,0.008687600834384369,0.007064758834642859,1.804235241165357,4.433234524286382,1.0038491028228866,0.4493247119821908,0.4516106482778015,3.7324183382778013,1.9319467741834404,3.8300192803468094,3.8277333440511985,0.8744312262255213,0.006253908885478274,4117603.5934573193,82352.07186914638,0.008308071830134796,0.008292128529585356,7216.824312127236,7189.152524849675,185841292.28181,3716825.8456361997,477.27603749896286,9.545520749979257,185128712.83065614,3702574.2566131228,475.44599696989593,9.508919939397918,"[1.770,2.067]",1.921,"[0.438,0.650]",0.5,0.002,0.0,902,1.805,0.12,-2.7135574774710003,54,3.8264425225289997,0.005,0.0,360,1.8025,0.1,0.4741835225290001,33,3.824183522529,1.8090041751504273,1.807292608126607,0.8669360275558583,0.8842665936051372,1.8033840760270148,1.8351947141183855,0.872315652026924,0.8815135878962804
26,56,4.6289,10.65,1.8309,25771.43199,515.4286399,E04001,1.202882324,0.012960087,0.0089,4.6377999999999995,2.798,2.8069,1.0,0.0,0.0,25771.43199,515.4286399,0.1858775653373961,0.008612776470334326,0.9913872235296656,0.008687600834384369,0.007064758834642859,1.8238352411653571,4.433234524286382,1.0038491028228866,0.446199085791514,0.44847901243621485,3.800673822436215,1.9495316931089413,3.8699252081374866,3.8676452814927855,0.8716513933669732,0.0062013120381722575,4155803.131879772,83116.06265372106,0.008308071830134796,0.008292128529585356,7563.938207297148,7534.9354659249875,194933519.085921,3898670.3824748136,500.62661759785465,10.012532353899656,194186076.9091248,3883721.538935989,498.7070429111917,9.974140860158949,"[1.770,2.067]",1.921,"[0.438,0.650]",0.5,0.002,0.0,911,1.823,0.12,-2.7135574774710003,54,3.8264425225289997,0.005,0.0,364,1.8225,0.1,0.4741835225290001,33,3.824183522529,1.8263980656144057,1.827292608126607,0.8468367911321715,0.8822957955318524,1.8033840760270148,1.8351947141183855,0.872315652026924,0.8815135878962804
26,56,4.6289,10.65,1.8506,25810.02193,516.2004385,E04001,1.123594551,0.012320795,0.0089,4.6377999999999995,2.7782999999999998,2.7872,1.0,0.0,0.0,25810.02193,516.2004385,0.1858775653373961,0.008612776470334326,0.9913872235296656,0.008687600834384369,0.007064758834642859,1.8435352411653572,4.433234524286382,1.0038491028228866,0.4430575125284358,0.4453313988607424,3.870051758860743,1.9672447125003902,3.9100347376005646,3.907760851268258,0.8688133095598928,0.006148627590169968,4197688.272951091,83953.76544275803,0.008308071830134796,0.008292128529585356,7927.962200807036,7897.563666205518,204620878.26304066,4092417.5644680173,525.5056116315043,10.510112230594034,203836291.4183356,4076725.827576956,523.4906423223864,10.469812844419483,"[1.770,2.067]",1.921,"[0.438,0.650]",0.5,0.002,0.0,921,1.843,0.12,-2.7135574774710003,55,3.946442522529,0.005,0.0,368,1.8425,0.1,0.4741835225290001,34,3.9241835225290003,1.8457180406130504,1.847292608126607,0.815583772494437,0.8803122183298422,1.825181997377196,1.8884841085696809,0.84844440088006,0.8761876147700808
26,56,4.6289,10.65,1.8702,25864.59504,517.2919008,E04001,1.117357529,0.01217881,0.0089,4.6377999999999995,2.7586999999999997,2.7676,1.0,0.0,0.0,25864.59504,517.2919008,0.1858775653373961,0.008612776470334326,0.9913872235296656,0.008687600834384369,0.007064758834642859,1.8631352411653572,4.433234524286382,1.0038491028228866,0.439931886337759,0.4421997630191556,3.939847803019156,1.9849049858920593,3.949940665391242,3.9476727887098453,0.8659455116696684,0.006096417985188915,4242588.861662266,84851.77723324532,0.008308071830134796,0.008292128529585356,8305.784093884467,8273.936860159642,214825742.0779951,4296514.841559902,551.7136567059666,11.034273134119331,214002026.27455825,4280040.525491165,549.5981967354587,10.991963934709176,"[1.770,2.067]",1.921,"[0.438,0.650]",0.5,0.002,0.0,931,1.863,0.12,-2.7135574774710003,55,3.946442522529,0.005,0.0,372,1.8625,0.1,0.4741835225290001,34,3.9241835225290003,1.8650311070345182,1.867292608126607,0.7677016344295639,0.8783160932955869,1.825181997377196,1.8884841085696809,0.84844440088006,0.8761876147700808
26,56,4.6289,10.65,1.8899,25462.87005,509.2574011,E04001,1.115349524,0.012213863,0.0089,4.6377999999999995,2.739,2.7479,1.0,0.0,0.0,25462.87005,509.2574011,0.1858775653373961,0.008612776470334326,0.9913872235296656,0.008687600834384369,0.007064758834642859,1.882835241165357,4.433234524286382,1.0038491028228866,0.4367903130746808,0.4390521494436833,4.010774159443683,2.002691728510327,3.99005019485432,3.987788358485317,0.8630184612072361,0.00604417606822192,4212794.227467084,84255.88456588652,0.008308071830134796,0.008292128529585356,8701.867769062814,8668.50181425935,221574528.19592986,4431490.564788783,569.0458322238355,11.380916646711514,220724935.2246751,4414498.705360352,566.8639147294577,11.337278296815393,"[1.770,2.067]",1.921,"[0.438,0.650]",0.5,0.002,0.0,941,1.883,0.12,-2.7135574774710003,55,3.946442522529,0.005,0.0,376,1.8825,0.1,0.4741835225290001,35,4.024183522529,1.8843372722847676,1.887292608126607,0.685125849439758,0.8763076514778704,1.825181997377196,1.941773503020976,0.84844440088006,0.8707759342867063
26,56,4.6289,10.65,1.9095,25518.65493,510.3730987,E04001,1.101155217,0.012069602,0.0089,4.6377999999999995,2.7194,2.7283,1.0,0.0,0.0,25518.65493,510.3730987,0.1858775653373961,0.008612776470334326,0.9913872235296656,0.008687600834384369,0.007064758834642859,1.9024352411653571,4.433234524286382,1.0038491028228866,0.433664686884004,0.43592051360209655,4.082110763602096,2.020423411961487,4.029956122644996,4.027700295926904,0.8600616039463772,0.00599245562016664,4258463.732984704,85169.27467638173,0.008308071830134796,0.008292128529585356,9112.818244092516,9077.876563785034,232546864.21080542,4650937.28512739,597.2248929212064,11.944497860764475,231655199.52836442,4633103.991475076,594.9349272134353,11.89869854660008,"[1.770,2.067]",1.921,"[0.322,0.438]",0.38,0.002,0.0,951,1.903,0.12,-2.7135574774710003,56,4.066442522528999,0.005,0.0,380,1.9025,0.05,0.5941835225290001,68,4.0191835225290005,1.9036365437565337,1.9061423821762213,0.5087729639316114,0.8449452797594148,1.846809318806573,1.875161759956857,0.81342137445844,0.848786818474162
26,56,4.6289,10.65,1.9292,25580.67232,511.6134465,E04001,1.125850003,0.0122358,0.0089,4.6377999999999995,2.6997,2.7086,1.0,0.0,0.0,25580.67232,511.6134465,0.1858775653373961,0.008612776470334326,0.9913872235296656,0.008687600834384369,0.007064758834642859,1.9221352411653572,4.433234524286382,1.0038491028228866,0.4305231136209258,0.43277290002662416,4.154585540026624,2.038280044553894,4.070065652108075,4.067815865702377,0.85704449861516,0.005940750545370782,4305966.413609684,86119.32828902657,0.008308071830134794,0.008292128529585354,9543.48200688586,9506.889013546946,244128686.0099632,4882573.721153612,626.9692298629604,12.539384599710157,243192612.63815248,4863852.253713738,624.5652141341598,12.491304285124745,"[1.770,2.067]",1.921,"[0.322,0.438]",0.38,0.002,0.0,961,1.923,0.12,-2.7135574774710003,56,4.066442522528999,0.005,0.0,384,1.9225,0.05,0.5941835225290001,69,4.069183522529,1.9229289288293714,1.9261423821762214,-0.13076084938777344,0.8424506443840316,1.846809318806573,1.9018064571825044,0.81342137445844,0.8454846083123141
26,56,4.6289,10.65,1.9488,25650.67625,513.0135251,E04001,1.118878883,0.012436319,0.0089,4.6377999999999995,2.6800999999999995,2.6889999999999996,1.0,0.0,0.0,25650.67625,513.0135251,0.1858775653373961,0.008612776470334326,0.9913872235296656,0.008687600834384369,0.007064758834642859,1.9417352411653572,4.433234524286382,1.0038491028228866,0.4273974874302489,0.42964126418503734,4.2274627041850374,2.056079449871779,4.109971579898751,4.107727803143963,0.8539975114512083,0.005889605517768821,4355245.215084852,87104.90431867611,0.008308071830134796,0.008292128529585356,9990.158892522682,9951.853186330225,256254331.4381579,5125086.629762174,658.1102100564813,13.16220420369529,255271764.17008755,5105435.284396936,655.5867890959249,13.111735784474325,"[1.770,2.067]",1.921,"[0.322,0.438]",0.38,0.002,0.0,970,1.941,0.12,-2.7135574774710003,56,4.066442522528999,0.005,0.0,388,1.9425000000000001,0.05,0.5941835225290001,70,4.119183522529,1.9402861936124367,1.9461423821762214,7.194544015442196,0.8399448882698749,1.846809318806573,1.928451154408152,0.81342137445844,0.8421619448942333
26,56,4.6289,16.0,0.3623,22.78863073,0.455772615,E04001,1.562182494,0.077231494,0.0089,4.6377999999999995,4.2665999999999995,4.275499999999999,1.0,0.0,0.0,22.78863073,0.455772615,0.2792526803190927,0.019369152030840567,0.9806308479691596,0.01975172621884492,0.015857610954508772,0.34644238904549124,4.433234524286382,1.0038491028228866,1.5301370356287651,1.5362769917421903,1.6675382817421904,1.2913319796791956,0.030091802700234815,0.0239518465868096,0.9588843128339692,-0.002467751289431581,-9234.573527565295,-184.6914707133968,0.00162490364134249,0.001621785429602452,697.9424440844413,695.2662926348028,15905.152629034006,318.1030528598571,0.04084747867061931,0.0008169495741293661,15844.16680187064,316.8833363155193,0.040690855384293956,0.0008138171084001097,"[0.878,1.302]",0.991,"[1.500,2.000]",1.75,0.002,0.0,173,0.34700000000000003,0.12,-0.005397477470999945,0,0.05460252252900005,0.005,0.0,69,0.34750000000000003,0.1,-0.7758164774709999,7,-0.02581647747099991,0.35520409253314256,0.36427412844312473,0.9566387593195176,0.959233677211586,0.079903567462147,0.4496704583847132,0.9617586046101901,0.9577921370877278
26,56,4.6289,16.0,0.3802,25.9024874,0.518049748,E04001,2.026832373,0.091110941,0.0089,4.6377999999999995,4.2486999999999995,4.257599999999999,1.0,0.0,0.0,25.9024874,0.518049748,0.2792526803190927,0.019369152030840567,0.9806308479691596,0.01975172621884492,0.015857610954508772,0.3643423890454912,4.433234524286382,1.0038491028228866,1.5237175322917391,1.5298451456067244,1.6743971856067243,1.2939850020795158,0.07010147943726075,0.06397386612227551,0.9585558270844157,-0.002333781516815326,-11098.934160446384,-221.97868320892772,0.00162490364134249,0.001621785429602452,709.3821562352898,706.6621409935643,18374.762363669426,367.49524727338854,0.047189909536458845,0.000943798190729177,18304.307203142824,366.0861440628565,0.047008967188153936,0.0009401793437630787,"[0.878,1.302]",0.991,"[1.500,2.000]",1.75,0.002,0.0,182,0.365,0.12,-0.005397477470999945,0,0.05460252252900005,0.005,0.0,72,0.3625,0.1,-0.7758164774709999,8,0.07418352252900018,0.37307931003869754,0.3792741284431247,0.9559985259421885,0.9590020757008493,0.079903567462147,0.5029598528360083,0.9617586046101901,0.9567420427623159
26,56,4.6289,16.0,0.398,31.70706553,0.634141311,E04001,2.239248534,0.088939167,0.0089,4.6377999999999995,4.2309,4.2398,1.0,0.0,0.0,31.70706553,0.634141311,0.2792526803190927,0.019369152030840567,0.9806308479691596,0.01975172621884492,0.015857610954508772,0.38214238904549125,4.433234524286382,1.0038491028228866,1.5173338921018475,1.523449231572574,1.681853231572574,1.296862842236053,0.10988763842715255,0.10377229895642603,0.9582115223955617,-0.0022017190946687797,-14401.049437585007,-288.0209889333764,0.0016249036413424898,0.001621785429602452,721.4768958087968,718.7105051744915,22875.915213790504,457.51830456440086,0.05874973227609669,0.0011749946462630903,22788.201084667005,455.76402198082434,0.058524465590384815,0.001170489312546011,"[0.878,1.302]",0.991,"[1.500,2.000]",1.75,0.002,0.0,191,0.383,0.12,-0.005397477470999945,0,0.05460252252900005,0.005,0.0,76,0.3825,0.1,-0.7758164774709999,8,0.07418352252900018,0.39094844770905723,0.3992741284431247,0.9553064682981092,0.9586789248797095,0.079903567462147,0.5029598528360083,0.9617586046101901,0.9567420427623159
26,56,4.6289,16.0,0.4159,43.46419629,0.869283926,E04001,2.020053457,0.078685454,0.0089,4.6377999999999995,4.213,4.2219,1.0,0.0,0.0,43.46419629,0.869283926,0.2792526803190927,0.019369152030840567,0.9806308479691596,0.01975172621884492,0.015857610954508772,0.4000423890454912,4.433234524286382,1.0038491028228866,1.5109143887648218,1.517017385437108,1.6899901954371082,1.299996229008803,0.14989731516417826,0.14379431849189195,0.9578473407535961,-0.0020702096937461013,-20995.06944697488,-419.90138903610625,0.0016249036413424896,0.0016217854296024516,734.3859767041279,731.57008821245,31919.496244091577,638.3899250287088,0.08197538070947966,0.001639507614566802,31797.105913958538,635.9421184254849,0.0816610588971587,0.0016332211783189367,"[0.878,1.302]",0.991,"[1.500,2.000]",1.75,0.002,0.0,200,0.401,0.12,-0.005397477470999945,1,0.17460252252900005,0.005,0.0,80,0.4025,0.1,-0.7758164774709999,9,0.17418352252900016,0.40881151174374963,0.4192741284431247,0.954558592114942,0.9583394060898385,0.13721922336983916,0.5562492472873035,0.9612836806152651,0.9555771656429471
26,56,4.6289,16.0,0.4338,67.66798961,1.353359792,E04001,1.743808272,0.06945677,0.0089,4.6377999999999995,4.1951,4.204,1.0,0.0,0.0,67.66798961,1.353359792,0.2792526803190927,0.019369152030840567,0.9806308479691596,0.01975172621884492,0.015857610954508772,0.41794238904549125,4.433234524286382,1.0038491028228866,1.5044948854277957,1.5105855393016416,1.6987679793016417,1.3033679370391316,0.1899069919012044,0.18381633802735853,0.9574649750244703,-0.0019401234287932815,-34878.18795739618,-697.5637590448372,0.0016249036413424896,0.0016217854296024516,748.0682213586884,745.199870433787,50620.272630470914,1012.4054524598046,0.13000255670603247,0.002600051133736413,50426.177089886856,1008.523541648697,0.1295040821777468,0.0025900816431721724,"[1.302,1.770]",1.619,"[1.500,2.000]",1.75,0.002,0.0,208,0.417,0.12,-1.6444774774709998,15,0.21552252252900006,0.005,0.0,83,0.4175,0.1,-0.7758164774709999,9,0.17418352252900016,0.4402664489778232,0.4342741284431247,0.9590872493888852,0.9580740465136407,0.745972683541745,0.5562492472873035,0.9522445141102002,0.9555771656429471
26,56,4.6289,16.0,0.4517,101.6858184,2.033716368,E04001,1.416126676,0.052022987,0.0089,4.6377999999999995,4.1772,4.1861,1.0,0.0,0.0,101.6858184,2.033716368,0.2792526803190927,0.019369152030840567,0.9806308479691596,0.01975172621884492,0.015857610954508772,0.4358423890454912,4.433234524286382,1.0038491028228866,1.4980753820907697,1.5041536931661759,1.7081865831661758,1.306976121880647,0.22991666863823035,0.22383835756282422,0.9570642324677016,-0.001811579428528268,-56131.02953073928,-1122.6205906147854,0.0016249036413424898,0.001621785429602452,762.5495925641668,759.6257150799154,77540.47939047386,1550.809587809477,0.19913880437904002,0.003982776087580801,77243.16251558642,1544.8632503117283,0.19837523769165027,0.003967504753833005,"[1.302,1.770]",1.619,"[1.500,2.000]",1.75,0.002,0.0,217,0.435,0.12,-1.6444774774709998,15,0.21552252252900006,0.005,0.0,87,0.4375,0.1,-0.7758164774709999,9,0.17418352252900016,0.4581127714555251,0.4542741284431247,0.9588264197165741,0.9577059689980914,0.745972683541745,0.5562492472873035,0.9522445141102002,0.9555771656429471
26,56,4.6289,16.0,0.4696,148.8006878,2.976013757,E04001,1.276875818,0.044421838,0.0089,4.6377999999999995,4.1593,4.1682,1.0,0.0,0.0,148.8006878,2.976013757,0.2792526803190927,0.019369152030840567,0.9806308479691596,0.01975172621884492,0.015857610954508772,0.45374238904549125,4.433234524286382,1.0038491028228866,1.491655878753744,1.4977218470307099,1.71824600703071,1.3108188307431008,0.26992634537525606,0.26386037709829013,0.9566449191353432,-0.0016846908473737228,-88325.21885660298,-1766.5043777256403,0.0016249036413424891,0.0016217854296024512,777.8573317884264,774.8747591655388,115745.70598039066,2314.9141203856707,0.29725714468273734,0.005945142895652433,115301.89712269152,2306.0379432287054,0.296117358522144,0.005922347172432907,"[1.302,1.770]",1.619,"[1.050,1.500]",1.25,0.002,0.0,226,0.453,0.12,-1.6444774774709998,15,0.21552252252900006,0.005,0.0,90,0.4525,0.1,-0.2758164774709999,5,0.27418352252900013,0.47595304352431356,0.4644815203165177,0.9585517727578267,0.9557291631613487,0.745972683541745,0.34309166948212305,0.9522445141102002,0.9585673880099308
26,56,4.6289,16.0,0.4875,212.21557,4.244311399,E04001,1.163910829,0.038828442,0.0089,4.6377999999999995,4.1414,4.1503,1.0,0.0,0.0,212.21557,4.244311399,0.2792526803190927,0.019369152030840567,0.9806308479691596,0.01975172621884492,0.015857610954508772,0.4716423890454912,4.433234524286382,1.0038491028228866,1.485236375416718,1.4912900008952434,1.7289462508952433,1.3148940074756001,0.309936022112282,0.3038823966337565,0.9562068398800065,-0.0015595646087870451,-136073.59951893956,-2721.4719897375862,0.0016249036413424896,0.0016217854296024516,794.0200002342502,790.9754543799622,168503.40694111155,3370.068138028211,0.4327490267769768,0.008654980533500339,167857.3069072527,3357.1461373540783,0.43108971812602054,0.008621794360489033,"[1.302,1.770]",1.619,"[1.050,1.500]",1.25,0.002,0.0,235,0.47100000000000003,0.12,-1.6444774774709998,16,0.33552252252900017,0.005,0.0,94,0.47250000000000003,0.1,-0.2758164774709999,5,0.27418352252900013,0.4937872713338223,0.4844815203165177,0.9582628312357915,0.9551816114696003,0.7812279515929325,0.34309166948212305,0.9510284442179094,0.9585673880099308
26,56,4.6289,16.0,0.5054,294.8439656,5.896879311,E04001,1.06157845,0.033916244,0.0089,4.6377999999999995,4.1235,4.1324,1.0,0.0,0.0,294.8439656,5.896879311,0.2792526803190927,0.019369152030840567,0.9806308479691596,0.01975172621884492,0.015857610954508772,0.4895423890454912,4.433234524286382,1.0038491028228866,1.4788168720796917,1.4848581547597777,1.7402873147597777,1.319199497710554,0.34994569884930815,0.3439044161692222,0.9557497983633643,-0.001436301191624791,-205280.03967361667,-4105.600792776101,0.0016249036413424898,0.001621785429602452,811.0675210728748,807.9576091586894,239138.36428248795,4782.767284838692,0.6141531277432944,0.012283062552782912,238221.42552104284,4764.4285096129,0.6117982533592522,0.012235965065110056,"[1.302,1.770]",1.619,"[1.050,1.500]",1.25,0.002,0.0,244,0.489,0.12,-1.6444774774709998,16,0.33552252252900017,0.005,0.0,97,0.4875,0.1,-0.2758164774709999,6,0.3741835225290001,0.5116154610232329,0.49948152031651766,0.9579590830291131,0.9547562349231057,0.7812279515929325,0.39638106393341815,0.9510284442179094,0.9574244697735408
26,56,4.6289,16.0,0.5233,398.7639871,7.975279743,E04001,0.983037618,0.030092988,0.0089,4.6377999999999995,4.1056,4.1145,1.0,0.0,0.0,398.7639871,7.975279743,0.2792526803190927,0.019369152030840567,0.9806308479691596,0.01975172621884492,0.015857610954508772,0.5074423890454912,4.433234524286382,1.0038491028228866,1.472397368742666,1.4784263086243112,1.7522691986243113,1.3237330541405663,0.3899553755863341,0.38392643570468876,0.9552735970651451,-0.0013149944594528149,-303243.85341207485,-6064.877069001956,0.0016249036413424898,0.001621785429602452,829.0312228863303,825.8524319591884,330587.7958685418,6611.755918199868,0.8490127856966974,0.01698025571606306,329320.20852427743,6586.404171311401,0.8457573785833152,0.016915147573787252,"[1.302,1.770]",1.619,"[1.050,1.500]",1.25,0.002,0.0,253,0.507,0.12,-1.6444774774709998,16,0.33552252252900017,0.005,0.0,101,0.5075000000000001,0.1,-0.2758164774709999,6,0.3741835225290001,0.5294376187213672,0.5194815203165177,0.957639978656403,0.9541695140930266,0.7812279515929325,0.39638106393341815,0.9510284442179094,0.9574244697735408
26,56,4.6289,16.0,0.5412,524.4923709,10.48984742,E04001,0.966648951,0.02821776,0.0089,4.6377999999999995,4.0877,4.0966,1.0,0.0,0.0,524.4923709,10.48984742,0.2792526803190927,0.019369152030840567,0.9806308479691596,0.01975172621884492,0.015857610954508772,0.5253423890454912,4.433234524286382,1.0038491028228866,1.46597786540564,1.4719944624888452,1.7648919024888452,1.3284923419007146,0.42996505232336024,0.4239484552401549,0.9547780372926293,-0.0011957315322810177,-438637.23314167414,-8772.744664506099,0.00162490364134249,0.001621785429602452,847.9438843537013,844.6925757758112,444740.09829482815,8894.801967592452,1.1421777648273008,0.02284355530090138,443034.81175028306,8860.696236695048,1.1377982623239142,0.022755965250816954,"[1.302,1.770]",1.619,"[1.050,1.500]",1.25,0.002,0.0,262,0.525,0.12,-1.6444774774709998,17,0.4555225225290003,0.005,0.0,105,0.5275,0.1,-0.2758164774709999,6,0.3741835225290001,0.5472537505466732,0.5394815203165176,0.9573049285082661,0.9535605248254626,0.8157747537766752,0.39638106393341815,0.9497163796895705,0.9574244697735408
26,56,4.6289,16.0,0.5591,670.6119937,13.41223987,E04001,0.926019823,0.025797332,0.0089,4.6377999999999995,4.0698,4.0786999999999995,1.0,0.0,0.0,670.6119937,13.41223987,0.2792526803190927,0.019369152030840567,0.9806308479691596,0.01975172621884492,0.015857610954508772,0.5432423890454913,4.433234524286382,1.0038491028228866,1.4595583620686141,1.4655626163533793,1.7781554263533792,1.3334749440290878,0.46997472906038595,0.4639704747756208,0.9542629191906533,-0.0010785926997992673,-621747.2024655878,-12434.94404560322,0.0016249036413424893,0.0016217854296024514,867.8397802175251,864.5121839299405,581983.7652238443,11639.675301005527,1.4946457912784905,0.029892915816654694,579752.2392431985,11595.044781405923,1.4889148050991459,0.029778296093101987,"[1.302,1.770]",1.619,"[1.050,1.500]",1.25,0.002,0.0,271,0.543,0.12,-1.6444774774709998,17,0.4555225225290003,0.005,0.0,108,0.5425,0.1,-0.2758164774709999,7,0.4741835225290001,0.5650638626072677,0.5544815203165177,0.9569532997988535,0.9530892212108631,0.8157747537766752,0.4496704583847132,0.9497163796895705,0.9561201633407552
26,56,4.6289,16.0,0.577,833.9506002,16.679012,E04001,0.919718746,0.023862325,0.0089,4.6377999999999995,4.0519,4.0607999999999995,1.0,0.0,0.0,833.9506002,16.679012,0.2792526803190927,0.019369152030840567,0.9806308479691596,0.01975172621884492,0.015857610954508772,0.5611423890454912,4.433234524286382,1.0038491028228866,1.453138858731588,1.459130770217913,1.792059770217913,1.3386783669791311,0.5099844057974119,0.503992494311087,0.9537280417521401,-0.0009636513748238423,-865406.9531654518,-17308.139059158155,0.00162490364134249,0.001621785429602452,888.754728567731,885.3469371726259,741177.5393196475,14823.550782837929,1.9034858975974605,0.038069717942819235,738335.6096403431,14766.712189265472,1.8961872777937827,0.037923745546780685,"[1.302,1.770]",1.619,"[1.050,1.500]",1.25,0.002,0.0,280,0.561,0.12,-1.6444774774709998,17,0.4555225225290003,0.005,0.0,112,0.5625,0.1,-0.2758164774709999,7,0.4741835225290001,0.5828679610009573,0.5744815203165177,0.9565844132051655,0.9524414724129691,0.8157747537766752,0.4496704583847132,0.9497163796895705,0.9561201633407552
26,56,4.6289,16.0,0.5949,1010.166793,20.20333585,E04001,0.887972171,0.021283614,0.0089,4.6377999999999995,4.034,4.0428999999999995,1.0,0.0,0.0,1010.166793,20.20333585,0.2792526803190927,0.019369152030840567,0.9806308479691596,0.01975172621884492,0.015857610954508772,0.5790423890454912,4.433234524286382,1.0038491028228866,1.446719355394562,1.452698924082447,1.806604934082447,1.3441000461581896,0.549994082534438,0.5440145138465531,0.9531732028291583,-0.0008509740853343198,-1187071.1581106945,-23741.42315046265,0.0016249036413424898,0.001621785429602452,910.7261394817261,907.2341021381671,919985.303621526,18399.706063323258,2.362698487933081,0.047253969735272426,916457.7634571467,18329.15526007059,2.3536390890712804,0.04707278175812609,"[1.302,1.770]",1.619,"[1.050,1.500]",1.25,0.002,0.0,289,0.579,0.12,-1.6444774774709998,18,0.5755225225289999,0.005,0.0,115,0.5775,0.1,-0.2758164774709999,8,0.5741835225290002,0.6006660518152671,0.5894815203165177,0.9561975391580242,0.9519412030444606,0.8496541580601374,0.5029598528360083,0.948299763559912,0.9546557977600373
26,56,4.6289,16.0,0.6128,1194.405848,23.88811696,E04001,0.895842901,0.019172713,0.0089,4.6377999999999995,4.0161,4.0249999999999995,1.0,0.0,0.0,1194.405848,23.88811696,0.2792526803190927,0.019369152030840567,0.9806308479691596,0.01975172621884492,0.015857610954508772,0.5969423890454912,4.433234524286382,1.0038491028228866,1.4402998520575363,1.4462670779469808,1.821790917946981,1.3497373514676776,0.5900037592714635,0.584036533382019,0.9525981991445268,-0.000740620503193189,-1612709.670945259,-32254.19341890518,0.0016249036413424891,0.0016217854296024512,933.7930650604898,930.212581188353,1115327.8977300934,22306.55795460187,2.8643756885496567,0.05728751377099314,1111051.3468545438,22221.026937090875,2.853392686704459,0.05706785373408918,"[1.302,1.770]",1.619,"[1.050,1.500]",1.25,0.002,0.0,298,0.597,0.12,-1.6444774774709998,18,0.5755225225289999,0.005,0.0,119,0.5975,0.1,-0.2758164774709999,8,0.5741835225290002,0.6184581411274408,0.6094815203165177,0.9557918937436686,0.9512549758928612,0.8496541580601374,0.5029598528360083,0.948299763559912,0.9546557977600373
26,56,4.6289,16.0,0.6307,1381.832463,27.63664927,E04001,0.904595914,0.017151139,0.0089,4.6377999999999995,3.9981999999999998,4.007099999999999,1.0,0.0,0.0,1381.832463,27.63664927,0.2792526803190927,0.019369152030840567,0.9806308479691596,0.01975172621884492,0.015857610954508772,0.6148423890454913,4.433234524286382,1.0038491028228866,1.4338803487205103,1.4398352318115148,1.8376177218115148,1.3555875928214727,0.6300134360084899,0.6240585529174854,0.952002826303972,-0.0006326435073948503,-2184219.780726462,-43684.39563033594,0.0016249036413424893,0.0016217854296024514,957.9962509018484,954.3229636883699,1323790.318928467,26475.806388149304,3.3997471183077246,0.06799494239075766,1318714.4514109597,26374.289037762424,3.3867113182124906,0.06773422638875866,"[1.302,1.770]",1.619,"[1.050,1.500]",1.25,0.002,0.0,307,0.615,0.12,-1.6444774774709998,18,0.5755225225289999,0.005,0.0,122,0.6125,0.1,-0.2758164774709999,8,0.5741835225290002,0.6362442350044972,0.6244815203165177,0.9553666341691874,0.950725957533934,0.8496541580601374,0.5029598528360083,0.948299763559912,0.9546557977600373
26,56,4.6289,16.0,0.6486,1567.940048,31.35880095,E04001,0.905646872,0.01492404,0.0089,4.6377999999999995,3.9802999999999997,3.9892,1.0,0.0,0.0,1567.940048,31.35880095,0.2792526803190927,0.019369152030840567,0.9806308479691596,0.01975172621884492,0.015857610954508772,0.6327423890454912,4.433234524286382,1.0038491028228866,1.4274608453834843,1.4334033856760489,1.8540853456760489,1.3616480256204424,0.6700231127455154,0.6640805724529508,0.9513868788088493,-0.0005270892794888174,-2974714.358676811,-59494.2871545641,0.0016249036413424898,0.001621785429602452,983.3781890534514,979.6075787567377,1541878.0449466216,30837.560889098648,3.9598381746229436,0.07919676346720382,1535965.954057003,30719.319071343984,3.9446547927249522,0.07889309582934084,"[1.302,1.770]",1.619,"[1.050,1.500]",1.25,0.002,0.0,316,0.633,0.12,-1.6444774774709998,19,0.695522522529,0.005,0.0,126,0.6325000000000001,0.1,-0.2758164774709999,9,0.6741835225290002,0.6540243395032377,0.6444815203165177,0.9549208537383559,0.950001548807135,0.8829034116990423,0.5562492472873035,0.9467686738413913,0.9530328586830535
26,56,4.6289,16.0,0.6486,1567.940048,31.35880095,E04001,0.912024667,0.021812058,0.0089,4.6377999999999995,3.9802999999999997,3.9892,1.0,0.0,0.0,1567.940048,31.35880095,0.2792526803190927,0.019369152030840567,0.9806308479691596,0.01975172621884492,0.015857610954508772,0.6327423890454912,4.433234524286382,1.0038491028228866,1.4274608453834843,1.4334033856760489,1.8540853456760489,1.3616480256204424,0.6700231127455154,0.6640805724529508,0.9513868788088493,-0.0005270892794888174,-2974714.358676811,-59494.2871545641,0.0016249036413424898,0.001621785429602452,983.3781890534514,979.6075787567377,1541878.0449466216,30837.560889098648,3.9598381746229436,0.07919676346720382,1535965.954057003,30719.319071343984,3.9446547927249522,0.07889309582934084,"[1.302,1.770]",1.619,"[1.050,1.500]",1.25,0.002,0.0,316,0.633,0.12,-1.6444774774709998,19,0.695522522529,0.005,0.0,126,0.6325000000000001,0.1,-0.2758164774709999,9,0.6741835225290002,0.6540243395032377,0.6444815203165177,0.9549208537383559,0.950001548807135,0.8829034116990423,0.5562492472873035,0.9467686738413913,0.9530328586830535
26,56,4.6289,16.0,0.6665,1748.715575,34.97431149,E04001,0.892083323,0.012409108,0.0089,4.6377999999999995,3.9623999999999997,3.9713,1.0,0.0,0.0,1748.715575,34.97431149,0.2792526803190927,0.019369152030840567,0.9806308479691596,0.01975172621884492,0.015857610954508772,0.6506423890454912,4.433234524286382,1.0038491028228866,1.4210413420464585,1.4269715395405829,1.8711937895405828,1.367915856162426,0.7100327894825416,0.7041025919884172,0.9507501500694415,-0.0004239974286630373,-4124354.198359428,-82487.0839436035,0.0016249036413424891,0.0016217854296024512,1009.9831724893794,1006.1105495330357,1766173.3042200892,35323.46607430195,4.535871365424863,0.09071742728255894,1759401.1881402286,35188.023752743466,4.518479274095786,0.09036958545607687,"[1.302,1.770]",1.619,"[1.050,1.500]",1.25,0.002,0.0,325,0.651,0.12,-1.6444774774709998,19,0.695522522529,0.005,0.0,130,0.6525,0.1,-0.2758164774709999,9,0.6741835225290002,0.671798460670253,0.6644815203165176,0.9544535762767203,0.9492554611809104,0.8829034116990423,0.5562492472873035,0.9467686738413913,0.9530328586830535
26,56,4.6289,16.0,0.6665,1748.715575,34.97431149,E04001,0.909238771,0.018756624,0.0089,4.6377999999999995,3.9623999999999997,3.9713,1.0,0.0,0.0,1748.715575,34.97431149,0.2792526803190927,0.019369152030840567,0.9806308479691596,0.01975172621884492,0.015857610954508772,0.6506423890454912,4.433234524286382,1.0038491028228866,1.4210413420464585,1.4269715395405829,1.8711937895405828,1.367915856162426,0.7100327894825416,0.7041025919884172,0.9507501500694415,-0.0004239974286630373,-4124354.198359428,-82487.0839436035,0.0016249036413424891,0.0016217854296024512,1009.9831724893794,1006.1105495330357,1766173.3042200892,35323.46607430195,4.535871365424863,0.09071742728255894,1759401.1881402286,35188.023752743466,4.518479274095786,0.09036958545607687,"[1.302,1.770]",1.619,"[1.050,1.500]",1.25,0.002,0.0,325,0.651,0.12,-1.6444774774709998,19,0.695522522529,0.005,0.0,130,0.6525,0.1,-0.2758164774709999,9,0.6741835225290002,0.671798460670253,0.6644815203165176,0.9544535762767203,0.9492554611809104,0.8829034116990423,0.5562492472873035,0.9467686738413913,0.9530328586830535
26,56,4.6289,16.0,0.6844,1920.724884,38.41449768,E04001,0.926733451,0.010933372,0.0089,4.6377999999999995,3.9444999999999997,3.9534,1.0,0.0,0.0,1920.724884,38.41449768,0.2792526803190927,0.019369152030840567,0.9806308479691596,0.01975172621884492,0.015857610954508772,0.6685423890454912,4.433234524286382,1.0038491028228866,1.4146218387094323,1.4205396934051167,1.8889430534051166,1.3743882469684892,0.7500424662195677,0.7441246115238833,0.950092432418841,-0.00032340114385661994,-5939140.663186876,-118782.81326373751,0.00162490364134249,0.001621785429602452,1037.8573511557775,1033.8778490086383,1993438.440407228,39868.76880814455,5.119531769037309,0.10239063538074615,1985794.9116072864,39715.89823214572,5.099901722919176,0.1019980344583835,"[1.302,1.770]",1.619,"[1.050,1.500]",1.25,0.002,0.0,334,0.669,0.12,-1.6444774774709998,19,0.695522522529,0.005,0.0,133,0.6675,0.1,-0.2758164774709999,10,0.7741835225290001,0.6895666045420086,0.6794815203165177,0.9539637499357811,0.9486817315679515,0.8829034116990423,0.6095386417385985,0.9467686738413913,0.9512529846331196
26,56,4.6289,16.0,0.6844,1920.724884,38.41449768,E04001,0.947558922,0.016556249,0.0089,4.6377999999999995,3.9444999999999997,3.9534,1.0,0.0,0.0,1920.724884,38.41449768,0.2792526803190927,0.019369152030840567,0.9806308479691596,0.01975172621884492,0.015857610954508772,0.6685423890454912,4.433234524286382,1.0038491028228866,1.4146218387094323,1.4205396934051167,1.8889430534051166,1.3743882469684892,0.7500424662195677,0.7441246115238833,0.950092432418841,-0.00032340114385661994,-5939140.663186876,-118782.81326373751,0.00162490364134249,0.001621785429602452,1037.8573511557775,1033.8778490086383,1993438.440407228,39868.76880814455,5.119531769037309,0.10239063538074615,1985794.9116072864,39715.89823214572,5.099901722919176,0.1019980344583835,"[1.302,1.770]",1.619,"[1.050,1.500]",1.25,0.002,0.0,334,0.669,0.12,-1.6444774774709998,19,0.695522522529,0.005,0.0,133,0.6675,0.1,-0.2758164774709999,10,0.7741835225290001,0.6895666045420086,0.6794815203165177,0.9539637499357811,0.9486817315679515,0.8829034116990423,0.6095386417385985,0.9467686738413913,0.9512529846331196
26,56,4.6289,16.0,0.7023,2081.197705,41.6239541,E04001,0.941765405,0.009369605,0.0089,4.6377999999999995,3.9265999999999996,3.9354999999999998,1.0,0.0,0.0,2081.197705,41.6239541,0.2792526803190927,0.019369152030840567,0.9806308479691596,0.01975172621884492,0.015857610954508772,0.6864423890454913,4.433234524286382,1.0038491028228866,1.4082023353724062,1.4141078472696507,1.9073331372696507,1.3810623220078269,0.7900521429565937,0.7841466310593492,0.9494135171274317,-0.0002253273701951839,-9236328.91644374,-184726.57832887475,0.00162490364134249,0.001621785429602452,1067.0487896324234,1062.9573574671883,2220739.4921060274,44414.78984212055,5.703284410563513,0.11406568821127025,2212224.412873577,44244.48825747154,5.681416055984429,0.11362832111968858,"[1.302,1.770]",1.619,"[1.050,1.500]",1.25,0.002,0.0,343,0.687,0.12,-1.6444774774709998,20,0.8155225225290001,0.005,0.0,137,0.6875,0.1,-0.2758164774709999,10,0.7741835225290001,0.7073287771447809,0.6994815203165177,0.9534502402956279,0.9478979594897876,0.9155564210981225,0.6095386417385985,0.9451115952738607,0.9512529846331196
26,56,4.6289,16.0,0.7023,2081.197705,41.6239541,E04001,0.908130927,0.013838186,0.0089,4.6377999999999995,3.9265999999999996,3.9354999999999998,1.0,0.0,0.0,2081.197705,41.6239541,0.2792526803190927,0.019369152030840567,0.9806308479691596,0.01975172621884492,0.015857610954508772,0.6864423890454913,4.433234524286382,1.0038491028228866,1.4082023353724062,1.4141078472696507,1.9073331372696507,1.3810623220078269,0.7900521429565937,0.7841466310593492,0.9494135171274317,-0.0002253273701951839,-9236328.91644374,-184726.57832887475,0.00162490364134249,0.001621785429602452,1067.0487896324234,1062.9573574671883,2220739.4921060274,44414.78984212055,5.703284410563513,0.11406568821127025,2212224.412873577,44244.48825747154,5.681416055984429,0.11362832111968858,"[1.302,1.770]",1.619,"[1.050,1.500]",1.25,0.002,0.0,343,0.687,0.12,-1.6444774774709998,20,0.8155225225290001,0.005,0.0,137,0.6875,0.1,-0.2758164774709999,10,0.7741835225290001,0.7073287771447809,0.6994815203165177,0.9534502402956279,0.9478979594897876,0.9155564210981225,0.6095386417385985,0.9451115952738607,0.9512529846331196
26,56,4.6289,16.0,0.7202,2228.073877,44.56147754,E04001,0.924565393,0.008123609,0.0089,4.6377999999999995,3.9086999999999996,3.9175999999999997,1.0,0.0,0.0,2228.073877,44.56147754,0.2792526803190927,0.019369152030840567,0.9806308479691596,0.01975172621884492,0.015857610954508772,0.7043423890454912,4.433234524286382,1.0038491028228866,1.4017828320353805,1.4076760011341845,1.9263640411341845,1.3879351718052917,0.8300618196936198,0.8241686505948158,0.9487131944179772,-0.00012979700700415574,-17165834.008242294,-343316.6801648459,0.0016249036413424898,0.001621785429602452,1097.6075264587134,1093.3989215831066,2445550.6569012455,48911.013138024915,6.280642545569821,0.12561285091139643,2436173.574319291,48723.471486385824,6.256560401267739,0.1251312080253548,"[1.302,1.770]",1.619,"[1.050,1.500]",1.25,0.002,0.0,352,0.705,0.12,-1.6444774774709998,20,0.8155225225290001,0.005,0.0,140,0.7025,0.1,-0.2758164774709999,10,0.7741835225290001,0.7250849844947638,0.7144815203165177,0.9529118226730738,0.9472960908847413,0.9155564210981225,0.6095386417385985,0.9451115952738607,0.9512529846331196
26,56,4.6289,16.0,0.7202,2228.073877,44.56147754,E04001,0.942518119,0.012746436,0.0089,4.6377999999999995,3.9086999999999996,3.9175999999999997,1.0,0.0,0.0,2228.073877,44.56147754,0.2792526803190927,0.019369152030840567,0.9806308479691596,0.01975172621884492,0.015857610954508772,0.7043423890454912,4.433234524286382,1.0038491028228866,1.4017828320353805,1.4076760011341845,1.9263640411341845,1.3879351718052917,0.8300618196936198,0.8241686505948158,0.9487131944179772,-0.00012979700700415574,-17165834.008242294,-343316.6801648459,0.0016249036413424898,0.001621785429602452,1097.6075264587134,1093.3989215831066,2445550.6569012455,48911.013138024915,6.280642545569821,0.12561285091139643,2436173.574319291,48723.471486385824,6.256560401267739,0.1251312080253548,"[1.302,1.770]",1.619,"[1.050,1.500]",1.25,0.002,0.0,352,0.705,0.12,-1.6444774774709998,20,0.8155225225290001,0.005,0.0,140,0.7025,0.1,-0.2758164774709999,10,0.7741835225290001,0.7250849844947638,0.7144815203165177,0.9529118226730738,0.9472960908847413,0.9155564210981225,0.6095386417385985,0.9451115952738607,0.9512529846331196
26,56,4.6289,16.0,0.7381,2360.046396,47.20092792,E04001,0.936422269,0.007457481,0.0089,4.6377999999999995,3.8907999999999996,3.8996999999999997,1.0,0.0,0.0,2360.046396,47.20092792,0.2792526803190927,0.019369152030840567,0.9806308479691596,0.01975172621884492,0.015857610954508772,0.7222423890454912,4.433234524286382,1.0038491028228866,1.3953633286983544,1.4012441549987185,1.9460357649987183,1.3950038584171438,0.8700714964306453,0.8641906701302813,0.94799125348133,-3.682512465310536e-05,-64087940.45456094,-1281758.8090912187,0.0016249036413424898,0.001621785429602452,1129.5856351742061,1125.2544152280861,2665874.507266256,53317.490145325115,6.8464763975496545,0.13692952795099306,2655652.6272421326,53113.05254484264,6.820224651590498,0.13640449303180993,"[1.302,1.770]",1.619,"[1.050,1.500]",1.25,0.002,0.0,361,0.723,0.12,-1.6444774774709998,20,0.8155225225290001,0.005,0.0,144,0.7225,0.1,-0.2758164774709999,11,0.8741835225290002,0.7428352325980327,0.7344815203165177,0.9523471735279142,0.9464749697666965,0.9155564210981225,0.6628280361898936,0.9451115952738607,0.9493179629189284
26,56,4.6289,16.0,0.7381,2360.046396,47.20092792,E04001,0.932185064,0.011694685,0.0089,4.6377999999999995,3.8907999999999996,3.8996999999999997,1.0,0.0,0.0,2360.046396,47.20092792,0.2792526803190927,0.019369152030840567,0.9806308479691596,0.01975172621884492,0.015857610954508772,0.7222423890454912,4.433234524286382,1.0038491028228866,1.3953633286983544,1.4012441549987185,1.9460357649987183,1.3950038584171438,0.8700714964306453,0.8641906701302813,0.94799125348133,-3.682512465310536e-05,-64087940.45456094,-1281758.8090912187,0.0016249036413424898,0.001621785429602452,1129.5856351742061,1125.2544152280861,2665874.507266256,53317.490145325115,6.8464763975496545,0.13692952795099306,2655652.6272421326,53113.05254484264,6.820224651590498,0.13640449303180993,"[1.302,1.770]",1.619,"[1.050,1.500]",1.25,0.002,0.0,361,0.723,0.12,-1.6444774774709998,20,0.8155225225290001,0.005,0.0,144,0.7225,0.1,-0.2758164774709999,11,0.8741835225290002,0.7428352325980327,0.7344815203165177,0.9523471735279142,0.9464749697666965,0.9155564210981225,0.6628280361898936,0.9451115952738607,0.9493179629189284
26,56,4.6289,16.0,0.756,2476.555694,49.53111388,E04001,0.924671311,0.011184889,0.0089,4.6377999999999995,3.8728999999999996,3.8817999999999997,1.0,0.0,0.0,2476.555694,49.53111388,0.2792526803190927,0.019369152030840567,0.9806308479691596,0.01975172621884492,0.015857610954508772,0.7401423890454912,4.433234524286382,1.0038491028228866,1.3889438253613284,1.3948123088632525,1.9663483088632525,1.4022654202622458,0.9100811731676717,0.9042126896657476,0.9472474824927702,5.357880248577262e-05,46222677.23616309,924453.5447232616,0.00162490364134249,0.001621785429602452,1163.037287125546,1158.5778020371908,2880326.615765084,57606.53231530168,7.397230491652757,0.14794460983305516,2869282.45257721,57385.6490515442,7.368866965016237,0.14737733930032473,"[1.302,1.770]",1.619,"[1.050,1.500]",1.25,0.002,0.0,370,0.741,0.12,-1.6444774774709998,21,0.9355225225290003,0.005,0.0,148,0.7425,0.1,-0.2758164774709999,11,0.8741835225290002,0.7605795274505951,0.7544815203165177,0.9517548608429075,0.9456326624932495,0.9476441568573738,0.6628280361898936,0.9433151348292065,0.9493179629189284
26,56,4.6289,16.0,0.7739,2577.669737,51.55339474,E04001,0.934952979,0.01082373,0.0089,4.6377999999999995,3.8549999999999995,3.8638999999999997,1.0,0.0,0.0,2577.669737,51.55339474,0.2792526803190927,0.019369152030840567,0.9806308479691596,0.01975172621884492,0.015857610954508772,0.7580423890454913,4.433234524286382,1.0038491028228866,1.3825243220243026,1.3883804627277863,1.9873016727277864,1.4097168767975314,0.9500908499046974,0.9442347092012138,0.946481668628986,0.00014141064962266243,18228257.517225236,364565.1503445047,0.0016249036413424896,0.0016217854296024516,1198.018816093381,1193.425199787973,3088096.846600477,61761.936932009536,7.930824243965829,0.15861648487931657,3076256.020866637,61525.12041733274,7.900414735306186,0.15800829470612374,"[1.302,1.770]",1.619,"[1.050,1.500]",1.25,0.002,0.0,379,0.759,0.12,-1.6444774774709998,21,0.9355225225290003,0.005,0.0,151,0.7575000000000001,0.1,-0.2758164774709999,12,0.9741835225290001,0.778317875038411,0.7694815203165177,0.9511333333330086,0.9449870988299285,0.9476441568573738,0.7161174306411887,0.9433151348292065,0.9472297252123514
26,56,4.6289,16.0,0.7918,2664.018447,53.28036894,E04001,0.934678213,0.010585512,0.0089,4.6377999999999995,3.8371,3.846,1.0,0.0,0.0,2664.018447,53.28036894,0.2792526803190927,0.019369152030840567,0.9806308479691596,0.01975172621884492,0.015857610954508772,0.7759423890454912,4.433234524286382,1.0038491028228866,1.3761048186872769,1.3819486165923203,2.00889585659232,1.4173552330281636,0.9901005266417231,0.9842567287366797,0.9456935980857072,0.0002266713842517542,11752777.951191178,235055.55902382356,0.0016249036413424896,0.0016217854296024516,1234.5887847947313,1229.854946647848,3288967.2971524773,65779.34594304954,8.446698038820374,0.16893396077640746,3276356.2650040677,65527.12530008136,8.414310492550852,0.16828620985101705,"[1.302,1.770]",1.619,"[1.050,1.500]",1.25,0.002,0.0,387,0.775,0.12,-1.6444774774709998,21,0.9355225225290003,0.005,0.0,155,0.7775,0.1,-0.2758164774709999,12,0.9741835225290001,0.79408030718227,0.7894815203165176,0.9505549812902233,0.9441079985645131,0.9476441568573738,0.7161174306411887,0.9433151348292065,0.9472297252123514
26,56,4.6289,16.0,0.8096,2736.263378,54.72526756,E04001,0.928273214,0.010379118,0.0089,4.6377999999999995,3.8192999999999997,3.8282,1.0,0.0,0.0,2736.263378,54.72526756,0.2792526803190927,0.019369152030840567,0.9806308479691596,0.01975172621884492,0.015857610954508772,0.7937423890454912,4.433234524286382,1.0038491028228866,1.3697211784973848,1.3755527025581697,2.0310048625581696,1.4251332788754074,1.0298866856316151,1.0240551615708302,0.9448876470801819,0.0003089119234606561,8857746.076442719,177154.92152885435,0.0016249036413424902,0.0016217854296024523,1272.5898409673518,1267.7102936972792,3482140.977053809,69642.81954107618,8.942805052285351,0.17885610104570704,3468789.250557489,69375.78501114978,8.908515261046329,0.17817030522092658,"[1.302,1.770]",1.619,"[1.050,1.500]",1.25,0.002,0.0,396,0.793,0.12,-1.6444774774709998,22,1.055522522529,0.005,0.0,158,0.7925,0.1,-0.2758164774709999,12,0.9741835225290001,0.8118074373444344,0.8044815203165177,0.9498735622650942,0.9434349782133051,0.979194997784839,0.7161174306411887,0.9413636661820409,0.9472297252123514
26,56,4.6289,16.0,0.8275,2796.517301,55.93034601,E04001,0.922576091,0.010191248,0.0089,4.6377999999999995,3.8013999999999997,3.8103,1.0,0.0,0.0,2796.517301,55.93034601,0.2792526803190927,0.019369152030840567,0.9806308479691596,0.01975172621884492,0.015857610954508772,0.8116423890454912,4.433234524286382,1.0038491028228866,1.363301675160359,1.3691208564227035,2.0538771064227035,1.4331354110560186,1.0698963623686413,1.0640771811062968,0.9440545452782192,0.000389066606838719,7187759.761040733,143755.19519511214,0.0016249036413424893,0.0016217854296024514,1312.5118899069118,1307.4792677664861,3670462.207892886,73409.24414473261,9.426450047045213,0.1885290009071965,3656388.3930077897,73127.767847081,9.39030579450382,0.18780611585649784,"[1.302,1.770]",1.619,"[1.050,1.500]",1.25,0.002,0.0,405,0.811,0.12,-1.6444774774709998,22,1.055522522529,0.005,0.0,162,0.8125,0.1,-0.2758164774709999,13,1.0741835225290002,0.8295286374784112,0.8244815203165177,0.9491576591116959,0.9425194566782584,0.979194997784839,0.7694068250924838,0.9413636661820409,0.9449903428104242
26,56,4.6289,16.0,0.8454,2845.750565,56.91501131,E04001,0.931213028,0.010225773,0.0089,4.6377999999999995,3.7834999999999996,3.7923999999999998,1.0,0.0,0.0,2845.750565,56.91501131,0.2792526803190927,0.019369152030840567,0.9806308479691596,0.01975172621884492,0.015857610954508772,0.8295423890454913,4.433234524286382,1.0038491028228866,1.356882171823333,1.3626890102872375,2.0773901702872375,1.441315430531165,1.1099060391056672,1.1040992006417627,0.9431985408973419,0.0004666808554775456,6097851.522295676,121957.03046734144,0.0016249036413424898,0.001621785429602452,1354.211760947185,1349.019247154833,3853748.8838450965,77074.97769044405,9.89716534045899,0.19794330684395856,3838972.2847867403,76779.44570922501,9.8592162035385,0.19718432410541542,"[1.302,1.770]",1.619,"[1.050,1.500]",1.25,0.002,0.0,414,0.8290000000000001,0.12,-1.6444774774709998,22,1.055522522529,0.005,0.0,165,0.8275,0.1,-0.2758164774709999,13,1.0741835225290002,0.8472439135313081,0.8394815203165177,0.9484051263334013,0.941819263512036,0.979194997784839,0.7694068250924838,0.9413636661820409,0.9449903428104242
26,56,4.6289,16.0,0.8633,2885.562385,57.71124769,E04001,0.935692818,0.010119345,0.0089,4.6377999999999995,3.7656,3.7745,1.0,0.0,0.0,2885.562385,57.71124769,0.2792526803190927,0.019369152030840567,0.9806308479691596,0.01975172621884492,0.015857610954508772,0.8474423890454912,4.433234524286382,1.0038491028228866,1.3504626684863072,1.3562571641517716,2.1015440541517716,1.4496703260230484,1.149915715842693,1.1441212201772286,0.9423194164042218,0.0005417732773847561,5326143.804894117,106522.87607942442,0.0016249036413424898,0.001621785429602452,1397.7576228730873,1392.3981392646615,4033316.8199095964,80666.33638421434,10.358330197496095,0.20716660391402478,4017851.695606099,80357.03389819799,10.318612795855293,0.2063722558813464,"[1.302,1.770]",1.619,"[1.050,1.500]",1.25,0.002,0.0,423,0.847,0.12,-1.6444774774709998,23,1.175522522529,0.005,0.0,169,0.8475,0.1,-0.2758164774709999,14,1.1741835225290003,0.8649532714402923,0.8594815203165177,0.947613622976407,0.9408677058776187,1.010235024753555,0.8226962195437789,0.9392388832802406,0.9426020216028155
26,56,4.6289,16.0,0.8812,2917.501064,58.35002127,E04001,0.956297852,0.010248497,0.0089,4.6377999999999995,3.7477,3.7566,1.0,0.0,0.0,2917.501064,58.35002127,0.2792526803190927,0.019369152030840567,0.9806308479691596,0.01975172621884492,0.015857610954508772,0.8653423890454912,4.433234524286382,1.0038491028228866,1.3440431651492812,1.3498253180163053,2.1263387580163053,1.4581970916224958,1.1899253925797189,1.1841432397126948,0.9414169533828061,0.0006143662063375119,4748798.084765137,94975.96167902582,0.0016249036413424898,0.001621785429602452,1443.2202356940793,1437.6864327872122,4210596.573223807,84211.93145004394,10.813618562916494,0.21627237122126522,4194451.697355056,83889.03393272425,10.77215542904598,0.21544310854399706,"[1.302,1.770]",1.619,"[1.050,1.500]",1.25,0.002,0.0,432,0.865,0.12,-1.6444774774709998,23,1.175522522529,0.005,0.0,173,0.8675,0.1,-0.2758164774709999,14,1.1741835225290003,0.8826567171326403,0.8794815203165177,0.9467805903953729,0.9398957341603204,1.010235024753555,0.8226962195437789,0.9392388832802406,0.9426020216028155
26,56,4.6289,16.0,0.8991,2943.243457,58.86486915,E04001,0.975114713,0.01043067,0.0089,4.6377999999999995,3.7298,3.7387,1.0,0.0,0.0,2943.243457,58.86486915,0.2792526803190927,0.019369152030840567,0.9806308479691596,0.01975172621884492,0.015857610954508772,0.8832423890454912,4.433234524286382,1.0038491028228866,1.3376236618122554,1.3433934718808394,2.151774281880839,1.46689273018883,1.2299350693167446,1.2241652592481607,0.9404909325561007,0.0006844854262595868,4299935.899415035,85998.7180029102,0.0016249036413424893,0.0016217854296024514,1490.6730296641927,1484.9572764196596,4387413.641085502,87748.27283661676,11.267718663464896,0.22535437330758123,4370590.787746703,87411.81576978364,11.224514353580995,0.22449028710975646,"[1.302,1.770]",1.619,"[1.050,1.500]",1.25,0.002,0.0,441,0.883,0.12,-1.6444774774709998,23,1.175522522529,0.005,0.0,176,0.8825000000000001,0.1,-0.2758164774709999,14,1.1741835225290003,0.9003542565257305,0.8944815203165177,0.9459032268894838,0.9391534381992706,1.010235024753555,0.8226962195437789,0.9392388832802406,0.9426020216028155
26,56,4.6289,16.0,0.917,2964.077006,59.28154012,E04001,0.961513481,0.010188669,0.0089,4.6377999999999995,3.7119,3.7208,1.0,0.0,0.0,2964.077006,59.28154012,0.2792526803190927,0.019369152030840567,0.9806308479691596,0.01975172621884492,0.015857610954508772,0.9011423890454913,4.433234524286382,1.0038491028228866,1.3312041584752294,1.3369616257453734,2.1778506257453736,1.4757542565567525,1.269944746053771,1.264187278783627,0.9395411338086845,0.0007521598989550513,3940753.8345475285,78815.07669095058,0.0016249036413424898,0.001621785429602452,1540.1921866236924,1534.286559894884,4565248.245192147,91304.96490384295,11.724431992004982,0.23448863984009968,4547743.512799268,90954.87025598536,11.679476486092527,0.23358952972185054,"[1.302,1.770]",1.619,"[1.050,1.500]",1.25,0.002,0.0,450,0.901,0.12,-1.6444774774709998,24,1.2955225225290001,0.005,0.0,180,0.9025,0.1,-0.2758164774709999,15,1.2741835225290001,0.9180458955270652,0.9144815203165176,0.9449784586839058,0.9381460618699717,1.0407882730607914,0.8759856139950739,0.9369192361529293,0.9400670967671134
26,56,4.6289,16.0,0.9349,2981.334908,59.62669815,E04001,0.999552245,0.010498653,0.0089,4.6377999999999995,3.694,3.7029,1.0,0.0,0.0,2981.334908,59.62669815,0.2792526803190927,0.019369152030840567,0.9806308479691596,0.01975172621884492,0.015857610954508772,0.9190423890454912,4.433234524286382,1.0038491028228866,1.3247846551382036,1.3305297796099071,2.204567789609907,1.484778700550997,1.3099544227907962,1.3042092983190927,0.9385673362099678,0.000817421496596303,3647243.093574258,72944.86185925157,0.0016249036413424893,0.0016217854296024514,1591.8567237355953,1585.752997396914,4745858.0190074425,94917.1603642303,12.188272487955867,0.24376544971823547,4727660.766605052,94553.21531624353,12.14153845800298,0.2428307691193345,"[1.302,1.770]",1.619,"[1.050,1.500]",1.25,0.002,0.0,459,0.919,0.12,-1.6444774774709998,24,1.2955225225290001,0.005,0.0,183,0.9175,0.1,-0.2758164774709999,15,1.2741835225290001,0.9357316400343265,0.9294815203165177,0.9440029066284026,0.9373773679704367,1.0407882730607914,0.8759856139950739,0.9369192361529293,0.9400670967671134
26,56,4.6289,16.0,0.9528,2996.198779,59.92397557,E04001,1.031306742,0.010680199,0.0089,4.6377999999999995,3.6761,3.685,1.0,0.0,0.0,2996.198779,59.92397557,0.2792526803190927,0.019369152030840567,0.9806308479691596,0.01975172621884492,0.015857610954508772,0.9369423890454912,4.433234524286382,1.0038491028228866,1.3183651518011774,1.3240979334744412,2.2319257734744413,1.4939631098104267,1.3499640995278228,1.344231317854559,0.9375693180382035,0.000880304740200104,3403592.690320999,68071.85379506028,0.0016249036413424902,0.0016217854296024523,1645.7485796929273,1639.4382134376363,4930989.885016932,98619.79768388117,12.663726582893016,0.2532745316155944,4912082.773347787,98241.65545056136,12.615169498365665,0.2523033899252094,"[1.302,1.770]",1.619,"[1.050,1.500]",1.25,0.002,0.0,468,0.937,0.12,-1.6444774774709998,24,1.2955225225290001,0.005,0.0,187,0.9375,0.1,-0.2758164774709999,16,1.3741835225290002,0.9534114959353488,0.9494815203165177,0.9429728478582853,0.9363350049477973,1.0407882730607914,0.9292750084463691,0.9369192361529293,0.9373880272151383
26,56,4.6289,16.0,0.9707,3009.56738,60.19134761,E04001,1.040016589,0.01073244,0.0089,4.6377999999999995,3.6582,3.6671,1.0,0.0,0.0,3009.56738,60.19134761,0.2792526803190927,0.019369152030840567,0.9806308479691596,0.01975172621884492,0.015857610954508772,0.9548423890454912,4.433234524286382,1.0038491028228866,1.3119456484641514,1.317666087338975,2.259924577338975,1.5033045524240838,1.3899737762648487,1.3842533373900252,0.9365468568052644,0.0009408465451652587,3198786.662357752,63975.73325778377,0.0016249036413424898,0.001621785429602452,1701.952703475354,1695.4268312731028,5122141.338682238,102442.82679066429,13.154640132015349,0.26309280268401636,5102501.286576294,102050.02574848016,13.104200716047536,0.2620840143644925,"[1.302,1.770]",1.619,"[1.050,1.500]",1.25,0.002,0.0,477,0.9550000000000001,0.12,-1.6444774774709998,25,1.4155225225290002,0.005,0.0,190,0.9525,0.1,-0.2758164774709999,16,1.3741835225290002,0.9710854691082176,0.9644815203165177,0.9418841715068166,0.9355402310891688,1.0708769502349242,0.9292750084463691,0.9343792123007288,0.9373880272151383
26,56,4.6289,16.0,0.9886,3022.08666,60.4417332,E04001,1.078724857,0.010952697,0.0089,4.6377999999999995,3.6403,3.6492,1.0,0.0,0.0,3022.08666,60.4417332,0.2792526803190927,0.019369152030840567,0.9806308479691596,0.01975172621884492,0.015857610954508772,0.9727423890454913,4.433234524286382,1.0038491028228866,1.3055261451271256,1.311234241203509,2.288564201203509,1.5128001193824347,1.4299834530018745,1.4242753569254911,0.9354997292821967,0.0009990859747911925,3024851.4504786353,60497.02900957271,0.0016249036413424898,0.001621785429602452,1760.5571457367523,1753.8065639406911,5320556.264298715,106411.12528597431,13.664207668466194,0.27328415336932393,5300155.4211056,106003.108422112,13.611814395252818,0.2722362879050564,"[1.302,1.770]",1.619,"[1.050,1.500]",1.25,0.002,0.0,486,0.973,0.12,-1.6444774774709998,25,1.4155225225290002,0.005,0.0,194,0.9725,0.1,-0.2758164774709999,17,1.474183522529,0.9887535654211987,0.9844815203165177,0.9407323273649236,0.9344633112889146,1.0708769502349242,0.9825644028976641,0.9343792123007288,0.9345673898142147
26,56,4.6289,16.0,1.0065,3034.691681,60.69383362,E04001,1.090720359,0.011039013,0.0089,4.6377999999999995,3.6224,3.6313,1.0,0.0,0.0,3034.691681,60.69383362,0.2792526803190927,0.019369152030840567,0.9806308479691596,0.01975172621884492,0.015857610954508772,0.9906423890454912,4.433234524286382,1.0038491028228866,1.2991066417900996,1.304802395068043,2.3178446450680426,1.522446926847712,1.4699931297389004,1.464297376460957,0.9344277115255615,0.0010550640025490362,2876310.5116544403,57526.21023308881,0.0016249036413424898,0.001621785429602452,1821.6531529082765,1814.6683080013456,5528155.668798167,110563.11337596335,14.197362706025848,0.28394725412051697,5506958.818066029,110139.17636132058,14.142925132972648,0.282858502659453,"[1.302,1.770]",1.619,"[1.050,1.500]",1.25,0.002,0.0,495,0.991,0.12,-1.6444774774709998,25,1.4155225225290002,0.005,0.0,198,0.9925,0.1,-0.2758164774709999,17,1.474183522529,1.0064157907328308,1.0044815203165176,0.9395122661433654,0.9333668422526092,1.0708769502349242,0.9825644028976641,0.9343792123007288,0.9345673898142147
26,56,4.6289,16.0,1.0244,3047.844604,60.95689209,E04001,1.108980423,0.011155424,0.0089,4.6377999999999995,3.6045,3.6134,1.0,0.0,0.0,3047.844604,60.95689209,0.2792526803190927,0.019369152030840567,0.9806308479691596,0.01975172621884492,0.015857610954508772,1.0085423890454912,4.433234524286382,1.0038491028228866,1.2926871384530736,1.2983705489325768,2.3477659089325766,1.5322421182478234,1.5100028064759263,1.5043193959964232,0.9333305789045746,0.0011088232837372345,2748719.88052721,54974.39761956277,0.0016249036413424898,0.001621785429602452,1885.3352641046595,1878.1062400743085,5746208.911432301,114924.17824749937,14.757365202405419,0.2951473040965274,5724175.96954921,114483.51940976526,14.700780387118726,0.29401560779060787,"[1.302,1.770]",1.619,"[1.050,1.500]",1.25,0.002,0.0,504,1.0090000000000001,0.12,-1.6444774774709998,26,1.535522522529,0.005,0.0,201,1.0075,0.1,-0.2758164774709999,17,1.474183522529,1.024072150891925,1.0194815203165177,0.9382183696911869,0.9325317491976568,1.1005216249019294,0.9825644028976641,0.9315884130953282,0.9345673898142147
26,56,4.6289,16.0,1.0423,3062.177577,61.24355154,E04001,1.087461428,0.01100524,0.0089,4.6377999999999995,3.5866,3.5955,1.0,0.0,0.0,3062.177577,61.24355154,0.2792526803190927,0.019369152030840567,0.9806308479691596,0.01975172621884492,0.015857610954508772,1.0264423890454912,4.433234524286382,1.0038491028228866,1.2862676351160478,1.2919387027971108,2.378327992797111,1.5421828661987886,1.5500124832129525,1.5443414155318895,0.9322081061290566,0.001160407937022636,2638880.2414234662,52777.604828469324,0.0016249036413424896,0.0016217854296024516,1951.701410924736,1944.2179162549721,5976456.297532989,119529.12595065979,15.348684595062194,0.3069736919012439,5953540.507957639,119070.81015915278,15.289832457787462,0.3057966491557492,"[1.302,1.770]",1.619,"[1.050,1.500]",1.25,0.002,0.0,513,1.027,0.12,-1.6444774774709998,26,1.535522522529,0.005,0.0,205,1.0275,0.1,-0.2758164774709999,18,1.5741835225290002,1.0417226517375866,1.0394815203165177,0.9368443691447619,0.9314014221761692,1.1005216249019294,1.0358537973489592,0.9315884130953282,0.9316078734078924
26,56,4.6289,16.0,1.0602,3077.846556,61.55693113,E04001,1.140407729,0.011404077,0.0089,4.6377999999999995,3.5686999999999998,3.5776,1.0,0.0,0.0,3077.846556,61.55693113,0.2792526803190927,0.019369152030840567,0.9806308479691596,0.01975172621884492,0.015857610954508772,1.0443423890454913,4.433234524286382,1.0038491028228866,1.2798481317790218,1.2855068566616445,2.4095308966616447,1.5522663742610818,1.5900221599499784,1.5843634350673557,0.9310600672782023,0.0012098633362462746,2543962.1681150664,50879.24337056672,0.0016249036413424893,0.0016217854296024514,2020.8530202406714,2013.1043745099796,6219875.508529949,124397.51019080752,15.97383175718793,0.319476635195658,6196026.365954075,123920.52733921255,15.912582590618962,0.31825165186407967,"[1.302,1.770]",1.619,"[1.050,1.500]",1.25,0.002,0.0,522,1.045,0.12,-1.6444774774709998,26,1.535522522529,0.005,0.0,208,1.0425,0.1,-0.2758164774709999,18,1.5741835225290002,1.0593672990992218,1.0544815203165177,0.9353832485009042,0.9305411066308903,1.1005216249019294,1.0358537973489592,0.9315884130953282,0.9316078734078924
26,56,4.6289,16.0,1.0781,3095.255378,61.90510756,E04001,1.143685922,0.011436859,0.0089,4.6377999999999995,3.5507999999999997,3.5597,1.0,0.0,0.0,3095.255378,61.90510756,0.2792526803190927,0.019369152030840567,0.9806308479691596,0.01975172621884492,0.015857610954508772,1.0622423890454913,4.433234524286382,1.0038491028228866,1.2734286284419958,1.2790750105261786,2.4413746205261786,1.562489878535595,1.6300318366870044,1.6243854546028216,0.9298862358301824,0.0012572359127608077,2461952.7223041393,49239.05444608279,0.0016249036413424896,0.0016217854296024516,2092.895120073926,2084.8702401472233,6478044.8759987755,129560.89751997551,16.63686014660683,0.3327372029321366,6453205.823247844,129064.11646495688,16.57306870108559,0.3314613740217118,"[1.302,1.770]",1.619,"[1.050,1.500]",1.25,0.002,0.0,531,1.063,0.12,-1.6444774774709998,27,1.655522522529,0.005,0.0,212,1.0625,0.1,-0.2758164774709999,19,1.6741835225290003,1.0770060987966161,1.0744815203165177,0.9338271304943504,0.9293773804135038,1.1297413912770526,1.0891431918002543,0.928510354524413,0.9285122726610027
26,56,4.6289,16.0,1.096,3114.667812,62.29335625,E04001,1.139768416,0.011461896,0.0089,4.6377999999999995,3.5328999999999997,3.5418,1.0,0.0,0.0,3114.667812,62.29335625,0.2792526803190927,0.019369152030840567,0.9806308479691596,0.01975172621884492,0.015857610954508772,1.0801423890454913,4.433234524286382,1.0038491028228866,1.26700912510497,1.2726431643907123,2.4738591643907126,1.5728506491052203,1.67004151342403,1.6644074741382877,0.928686384692587,0.0013025729684641248,2391165.7061888305,47823.31413145372,0.0016249036413424893,0.0016217854296024514,2167.9364486597356,2159.6238344621343,6752401.875102069,135048.03752372073,17.341461474892704,0.3468292295535308,6726510.843227226,134530.21688614076,17.27496834546888,0.3454993669648409,"[1.302,1.770]",1.619,"[1.050,1.500]",1.25,0.002,0.0,540,1.081,0.12,-1.6444774774709998,27,1.655522522529,0.005,0.0,216,1.0825,0.1,-0.2758164774709999,19,1.6741835225290003,1.0946390566398705,1.0944815203165177,0.9321671408727052,0.9281947789651157,1.1297413912770526,1.0891431918002543,0.928510354524413,0.9285122726610027
26,56,4.6289,16.0,1.1139,3135.766262,62.71532523,E04001,1.179934884,0.011831239,0.0089,4.6377999999999995,3.5149999999999997,3.5239,1.0,0.0,0.0,3135.766262,62.71532523,0.2792526803190927,0.019369152030840567,0.9806308479691596,0.01975172621884492,0.015857610954508772,1.0980423890454911,4.433234524286382,1.0038491028228866,1.2605896217679438,1.2662113182552464,2.506984528255246,1.5833459913282522,1.7100511901610562,1.7044294936737536,0.9274602862337222,0.00134592249960079,2329826.7641191008,46596.53527495216,0.00162490364134249,0.001621785429602452,2246.0895668058492,2237.4772866656,7043211.885019978,140864.23767793865,18.08831728661501,0.3617663456746163,7016205.787517291,140324.11572797105,18.018960455061944,0.3603792090437762,"[1.302,1.770]",1.619,"[1.050,1.500]",1.25,0.002,0.0,549,1.099,0.12,-1.6444774774709998,27,1.655522522529,0.005,0.0,219,1.0975,0.1,-0.2758164774709999,19,1.6741835225290003,1.1122661784295076,1.1094815203165176,0.930393246143913,0.9272955342467867,1.1297413912770526,1.0891431918002543,0.928510354524413,0.9285122726610027
26,56,4.6289,16.0,1.1318,3159.305757,63.18611514,E04001,1.196465392,0.011996306,0.0089,4.6377999999999995,3.4970999999999997,3.506,1.0,0.0,0.0,3159.305757,63.18611514,0.2792526803190927,0.019369152030840567,0.9806308479691596,0.01975172621884492,0.015857610954508772,1.1159423890454911,4.433234524286382,1.0038491028228866,1.254170118430918,1.2597794721197804,2.54075071211978,1.59397324698998,1.750060866898082,1.7444515132092195,0.9262077123147684,0.0013873330313199103,2277251.161528413,45545.02323056826,0.0016249036413424896,0.0016217854296024516,2327.470973655327,2318.5466492028854,7353192.4463196695,147063.84892639337,18.88440674651004,0.3776881349302008,7324997.776699736,146499.9555339947,18.81199743408238,0.37623994868164756,"[1.302,1.770]",1.619,"[1.050,1.500]",1.25,0.002,0.0,557,1.115,0.12,-1.6444774774709998,28,1.7755225225290001,0.005,0.0,223,1.1175,0.1,-0.2758164774709999,20,1.7741835225290004,1.1279298364100327,1.1294815203165176,0.92871165514557,0.9260802754802854,1.158554013019672,1.1424325862515496,0.9251008921352882,0.9252834817541847
26,56,4.6289,16.0,1.1318,3159.305757,63.18611514,E04001,1.209126401,0.017092363,0.0089,4.6377999999999995,3.4970999999999997,3.506,1.0,0.0,0.0,3159.305757,63.18611514,0.2792526803190927,0.019369152030840567,0.9806308479691596,0.01975172621884492,0.015857610954508772,1.1159423890454911,4.433234524286382,1.0038491028228866,1.254170118430918,1.2597794721197804,2.54075071211978,1.59397324698998,1.750060866898082,1.7444515132092195,0.9262077123147684,0.0013873330313199103,2277251.161528413,45545.02323056826,0.0016249036413424896,0.0016217854296024516,2327.470973655327,2318.5466492028854,7353192.4463196695,147063.84892639337,18.88440674651004,0.3776881349302008,7324997.776699736,146499.9555339947,18.81199743408238,0.37623994868164756,"[1.302,1.770]",1.619,"[1.050,1.500]",1.25,0.002,0.0,557,1.115,0.12,-1.6444774774709998,28,1.7755225225290001,0.005,0.0,223,1.1175,0.1,-0.2758164774709999,20,1.7741835225290004,1.1279298364100327,1.1294815203165176,0.92871165514557,0.9260802754802854,1.158554013019672,1.1424325862515496,0.9251008921352882,0.9252834817541847
26,56,4.6289,16.0,1.1497,3184.860185,63.6972037,E04001,1.230823261,0.012465225,0.0089,4.6377999999999995,3.4791999999999996,3.4880999999999998,1.0,0.0,0.0,3184.860185,63.6972037,0.2792526803190927,0.019369152030840567,0.9806308479691596,0.01975172621884492,0.015857610954508772,1.1338423890454912,4.433234524286382,1.0038491028228866,1.247750615093892,1.2533476259843142,2.575157715984314,1.6047297953189235,1.7900705436351079,1.7844735327446857,0.9249284343228137,0.0014268534629041838,2232086.3829405517,44641.72765881103,0.0016249036413424898,0.001621785429602452,2412.201225967483,2402.9520165772146,7682523.642792025,153650.4728558405,19.730192344248824,0.39460384688497646,7653066.204062231,153061.32408124462,19.654539998856688,0.39309079997713375,"[1.302,1.770]",1.619,"[1.050,1.500]",1.25,0.002,0.0,566,1.133,0.12,-1.6444774774709998,28,1.7755225225290001,0.005,0.0,226,1.1325,0.1,-0.2758164774709999,20,1.7741835225290004,1.1455459503349985,1.1444815203165177,0.9266902567188573,0.9251567186130101,1.158554013019672,1.1424325862515496,0.9251008921352882,0.9252834817541847
26,56,4.6289,16.0,1.1497,3184.860185,63.6972037,E04001,1.227683406,0.016138856,0.0089,4.6377999999999995,3.4791999999999996,3.4880999999999998,1.0,0.0,0.0,3184.860185,63.6972037,0.2792526803190927,0.019369152030840567,0.9806308479691596,0.01975172621884492,0.015857610954508772,1.1338423890454912,4.433234524286382,1.0038491028228866,1.247750615093892,1.2533476259843142,2.575157715984314,1.6047297953189235,1.7900705436351079,1.7844735327446857,0.9249284343228137,0.0014268534629041838,2232086.3829405517,44641.72765881103,0.0016249036413424898,0.001621785429602452,2412.201225967483,2402.9520165772146,7682523.642792025,153650.4728558405,19.730192344248824,0.39460384688497646,7653066.204062231,153061.32408124462,19.654539998856688,0.39309079997713375,"[1.302,1.770]",1.619,"[1.050,1.500]",1.25,0.002,0.0,566,1.133,0.12,-1.6444774774709998,28,1.7755225225290001,0.005,0.0,226,1.1325,0.1,-0.2758164774709999,20,1.7741835225290004,1.1455459503349985,1.1444815203165177,0.9266902567188573,0.9251567186130101,1.158554013019672,1.1424325862515496,0.9251008921352882,0.9252834817541847
26,56,4.6289,16.0,1.1676,3212.7034,64.254068,E04001,1.269958503,0.013073102,0.0089,4.6377999999999995,3.4612999999999996,3.4701999999999997,1.0,0.0,0.0,3212.7034,64.254068,0.2792526803190927,0.019369152030840567,0.9806308479691596,0.01975172621884492,0.015857610954508772,1.1517423890454912,4.433234524286382,1.0038491028228866,1.241331111756866,1.2469157798488482,2.610205539848848,1.61561305387424,1.8300802203721342,1.824495552280152,0.9236222232047695,0.0014645329235200538,2193670.998039539,43873.41996079078,0.0016249036413424902,0.0016217854296024523,2500.4050610355907,2490.817647796163,8033059.84096625,160661.196819325,20.630436448292436,0.41260872896584877,8002258.3258547345,160045.1665170947,20.551332257286834,0.4110266451457367,"[1.302,1.770]",1.619,"[1.050,1.500]",1.25,0.002,0.0,575,1.151,0.12,-1.6444774774709998,28,1.7755225225290001,0.005,0.0,230,1.1525,0.1,-0.2758164774709999,21,1.874183522529,1.1631562449095583,1.1644815203165177,0.9245174863028213,0.9239092872568558,1.158554013019672,1.1957219807028445,0.9251008921352882,0.9219244879530902
26,56,4.6289,16.0,1.1676,3212.7034,64.254068,E04001,1.254395286,0.015314205,0.0089,4.6377999999999995,3.4612999999999996,3.4701999999999997,1.0,0.0,0.0,3212.7034,64.254068,0.2792526803190927,0.019369152030840567,0.9806308479691596,0.01975172621884492,0.015857610954508772,1.1517423890454912,4.433234524286382,1.0038491028228866,1.241331111756866,1.2469157798488482,2.610205539848848,1.61561305387424,1.8300802203721342,1.824495552280152,0.9236222232047695,0.0014645329235200538,2193670.998039539,43873.41996079078,0.0016249036413424902,0.0016217854296024523,2500.4050610355907,2490.817647796163,8033059.84096625,160661.196819325,20.630436448292436,0.41260872896584877,8002258.3258547345,160045.1665170947,20.551332257286834,0.4110266451457367,"[1.302,1.770]",1.619,"[1.050,1.500]",1.25,0.002,0.0,575,1.151,0.12,-1.6444774774709998,28,1.7755225225290001,0.005,0.0,230,1.1525,0.1,-0.2758164774709999,21,1.874183522529,1.1631562449095583,1.1644815203165177,0.9245174863028213,0.9239092872568558,1.158554013019672,1.1957219807028445,0.9251008921352882,0.9219244879530902
26,56,4.6289,16.0,1.1855,3240.441359,64.80882718,E04001,1.296119736,0.013609257,0.0089,4.6377999999999995,3.4433999999999996,3.4522999999999997,1.0,0.0,0.0,3240.441359,64.80882718,0.2792526803190927,0.019369152030840567,0.9806308479691596,0.01975172621884492,0.015857610954508772,1.1696423890454912,4.433234524286382,1.0038491028228866,1.2349116084198402,1.240483933713382,2.645894183713382,1.6266204793108263,1.87008989710916,1.8645175718156182,0.9222888495021812,0.0015004206382828243,2159688.6075284625,43193.77215056925,0.0016249036413424893,0.0016217854296024514,2592.2115233645895,2582.2720925636413,8399909.43158701,167998.1886317402,21.572576469058593,0.43145152938117176,8367701.288934699,167354.025778694,21.489859789081,0.42979719578162,"[1.302,1.770]",1.619,"[1.050,1.500]",1.25,0.002,0.0,584,1.169,0.12,-1.6444774774709998,29,1.8955225225290002,0.005,0.0,233,1.1675,0.1,-0.2758164774709999,21,1.874183522529,1.180760725897045,1.1794815203165177,0.9221765281236062,0.9229617853105092,1.1869760495301955,1.1957219807028445,0.9213061259958482,0.9219244879530902
26,56,4.6289,16.0,1.1855,3240.441359,64.80882718,E04001,1.283775739,0.015059677,0.0089,4.6377999999999995,3.4433999999999996,3.4522999999999997,1.0,0.0,0.0,3240.441359,64.80882718,0.2792526803190927,0.019369152030840567,0.9806308479691596,0.01975172621884492,0.015857610954508772,1.1696423890454912,4.433234524286382,1.0038491028228866,1.2349116084198402,1.240483933713382,2.645894183713382,1.6266204793108263,1.87008989710916,1.8645175718156182,0.9222888495021812,0.0015004206382828243,2159688.6075284625,43193.77215056925,0.0016249036413424893,0.0016217854296024514,2592.2115233645895,2582.2720925636413,8399909.43158701,167998.1886317402,21.572576469058593,0.43145152938117176,8367701.288934699,167354.025778694,21.489859789081,0.42979719578162,"[1.302,1.770]",1.619,"[1.050,1.500]",1.25,0.002,0.0,584,1.169,0.12,-1.6444774774709998,29,1.8955225225290002,0.005,0.0,233,1.1675,0.1,-0.2758164774709999,21,1.874183522529,1.180760725897045,1.1794815203165177,0.9221765281236062,0.9229617853105092,1.1869760495301955,1.1957219807028445,0.9213061259958482,0.9219244879530902
26,56,4.6289,16.0,1.2034,3270.96818,65.41936361,E04001,1.287080695,0.013971399,0.0089,4.6377999999999995,3.4254999999999995,3.4343999999999997,1.0,0.0,0.0,3270.96818,65.41936361,0.2792526803190927,0.019369152030840567,0.9806308479691596,0.01975172621884492,0.015857610954508772,1.1875423890454913,4.433234524286382,1.0038491028228866,1.2284921050828141,1.234052087577916,2.682223647577916,1.6377495680286154,1.910099573846186,1.904539591351084,0.920928083386941,0.0015345658043824234,2131526.827105587,42630.536548628246,0.0016249036413424898,0.001621785429602452,2687.7540952369836,2677.448321345161,8791558.121184863,175831.1624505748,22.578405326401402,0.4515681065970547,8757848.262714436,175156.96528106323,22.491831952540984,0.4498366391195817,"[1.302,1.770]",1.619,"[1.050,1.500]",1.25,0.002,0.0,593,1.187,0.12,-1.6444774774709998,29,1.8955225225290002,0.005,0.0,237,1.1875,0.1,-0.2758164774709999,21,1.874183522529,1.1983593990512773,1.1994815203165177,0.919647957618279,0.9216826753691089,1.1869760495301955,1.1957219807028445,0.9213061259958482,0.9219244879530902
26,56,4.6289,16.0,1.2034,3270.96818,65.41936361,E04001,1.299309491,0.01491913,0.0089,4.6377999999999995,3.4254999999999995,3.4343999999999997,1.0,0.0,0.0,3270.96818,65.41936361,0.2792526803190927,0.019369152030840567,0.9806308479691596,0.01975172621884492,0.015857610954508772,1.1875423890454913,4.433234524286382,1.0038491028228866,1.2284921050828141,1.234052087577916,2.682223647577916,1.6377495680286154,1.910099573846186,1.904539591351084,0.920928083386941,0.0015345658043824234,2131526.827105587,42630.536548628246,0.0016249036413424898,0.001621785429602452,2687.7540952369836,2677.448321345161,8791558.121184863,175831.1624505748,22.578405326401402,0.4515681065970547,8757848.262714436,175156.96528106323,22.491831952540984,0.4498366391195817,"[1.302,1.770]",1.619,"[1.050,1.500]",1.25,0.002,0.0,593,1.187,0.12,-1.6444774774709998,29,1.8955225225290002,0.005,0.0,237,1.1875,0.1,-0.2758164774709999,21,1.874183522529,1.1983593990512773,1.1994815203165177,0.919647957618279,0.9216826753691089,1.1869760495301955,1.1957219807028445,0.9213061259958482,0.9219244879530902
26,56,4.6289,16.0,1.2213,3303.032974,66.06065948,E04001,1.323026453,0.015046777,0.0089,4.6377999999999995,3.4075999999999995,3.4164999999999996,1.0,0.0,0.0,3303.032974,66.06065948,0.2792526803190927,0.019369152030840567,0.9806308479691596,0.01975172621884492,0.015857610954508772,1.2054423890454913,4.433234524286382,1.0038491028228866,1.2220726017457881,1.2276202414424497,2.71919393144245,1.6489978567125094,1.9501092505832123,1.9445616108865507,0.9195396946979151,0.0015670174769752043,2107846.9273845027,42156.93854769005,0.0016249036413424898,0.001621785429602452,2787.1708313002614,2776.483859439195,9206117.159955755,184122.3431991151,23.643072349023676,0.4728614469804735,9170817.739506442,183416.35479012883,23.55241667551216,0.47104833351024317,"[1.302,1.770]",1.619,"[1.050,1.500]",1.25,0.002,0.0,602,1.205,0.12,-1.6444774774709998,29,1.8955225225290002,0.005,0.0,241,1.2075,0.1,-0.2758164774709999,22,1.974183522529,1.2159522701165955,1.2194815203165177,0.9169092158799226,0.9203856885885606,1.1869760495301955,1.2490113751541396,0.9213061259958482,0.9184383650774163
26,56,4.6289,16.0,1.2391,3336.079082,66.72158164,E04001,1.282943208,0.014568,0.0089,4.6377999999999995,3.3897999999999997,3.3987,1.0,0.0,0.0,3336.079082,66.72158164,0.2792526803190927,0.019369152030840567,0.9806308479691596,0.01975172621884492,0.015857610954508772,1.2232423890454913,4.433234524286382,1.0038491028228866,1.2156889615558966,1.2212243274082992,2.7565931374082995,1.6602991108256064,1.9898954095731038,1.9843600437207012,0.9181314427364522,0.0015976568371826494,2088107.4110275963,41762.14822055192,0.0016249036413424896,0.0016217854296024516,2890.015227510376,2878.9339148518156,9641319.347158836,192826.3869431767,24.760754931128165,0.49521509862256324,9604351.211797511,192087.02423595023,24.665813678071103,0.4933162735614221,"[1.302,1.770]",1.619,"[1.050,1.500]",1.25,0.002,0.0,611,1.223,0.12,-1.6444774774709998,30,2.015522522529,0.005,0.0,244,1.2225,0.1,-0.2758164774709999,22,1.974183522529,1.2335393448278609,1.2344815203165176,0.9139339516864604,0.9194013164915918,1.215022967239292,1.2490113751541396,0.9170595744487238,0.9184383650774163
26,56,4.6289,16.0,1.257,3371.01252,67.4202504,E04001,1.314145223,0.01471368,0.0089,4.6377999999999995,3.3719,3.3808000000000002,1.0,0.0,0.0,3371.01252,67.4202504,0.2792526803190927,0.019369152030840567,0.9806308479691596,0.01975172621884492,0.015857610954508772,1.2411423890454911,4.433234524286382,1.0038491028228866,1.2092694582188708,1.2147924812728335,2.794841481272833,1.6717779401801045,2.029905086310129,2.0243820632561667,0.9166872748067236,0.0016268763893834755,2072076.6138092927,41441.53227618585,0.0016249036413424896,0.0016217854296024516,2997.5897585497155,2986.0959681293784,10104912.60589487,202098.25211789735,25.951351223394813,0.5190270244678962,10066166.894485656,201323.33788971312,25.85184481454233,0.5170368962908466,"[1.302,1.770]",1.619,"[1.050,1.500]",1.25,0.002,0.0,620,1.241,0.12,-1.6444774774709998,30,2.015522522529,0.005,0.0,248,1.2425,0.1,-0.2758164774709999,23,2.074183522529,1.2511206289105203,1.2544815203165176,0.9106911904850851,0.9180734450514365,1.215022967239292,1.3023007696054347,0.9170595744487238,0.9148282668946933
26,56,4.6289,16.0,1.2749,3406.995286,68.13990573,E04001,1.341357887,0.014910499,0.0089,4.6377999999999995,3.354,3.3629000000000002,1.0,0.0,0.0,3406.995286,68.13990573,0.2792526803190927,0.019369152030840567,0.9806308479691596,0.01975172621884492,0.015857610954508772,1.2590423890454912,4.433234524286382,1.0038491028228866,1.2028499548818448,1.2083606351373672,2.8337306451373667,1.6833688381152143,2.069914763047155,2.064404082791633,0.9152147934924626,0.0016545474926620966,2059170.4385096189,41183.40877623633,0.00162490364134249,0.001621785429602452,3109.480594255026,3097.5577758758477,10593985.726535352,211879.71456180184,27.207384681839446,0.5441476937166463,10553364.740521656,211067.29484140873,27.10306220858351,0.5420612442512215,"[1.302,1.770]",1.619,"[1.050,1.500]",1.25,0.002,0.0,629,1.2590000000000001,0.12,-1.6444774774709998,30,2.015522522529,0.005,0.0,251,1.2575,0.1,-0.2758164774709999,23,2.074183522529,1.2686961280805846,1.2694815203165177,0.9071442748046981,0.9170661020895914,1.215022967239292,1.3023007696054347,0.9170595744487238,0.9148282668946933
26,56,4.6289,16.0,1.2928,3444.385511,68.88771022,E04001,1.318087068,0.014487345,0.0089,4.6377999999999995,3.3361,3.345,1.0,0.0,0.0,3444.385511,68.88771022,0.2792526803190927,0.019369152030840567,0.9806308479691596,0.01975172621884492,0.015857610954508772,1.2769423890454912,4.433234524286382,1.0038491028228866,1.1964304515448188,1.201928789001901,2.873260629001901,1.6950695056551224,2.1099244397841814,2.104426102327099,0.9137137676861663,0.0016807176793183776,2049354.0071506153,40987.08014301231,0.0016249036413424896,0.0016217854296024516,3225.845480789297,3213.4764794011544,11111055.434755484,222221.1086951097,28.535318740088588,0.5707063748017719,11068451.825588627,221369.03651177255,28.425904510792993,0.5685180902158599,"[1.302,1.770]",1.619,"[1.050,1.500]",1.25,0.002,0.0,638,1.2770000000000001,0.12,-1.6444774774709998,31,2.135522522529,0.005,0.0,255,1.2775,0.1,-0.2758164774709999,23,2.074183522529,1.286265848044664,1.2894815203165177,0.9032494992267978,0.9157078617263793,1.2427092380131848,1.3023007696054347,0.912278301192261,0.9148282668946933
26,56,4.6289,16.0,1.3107,3483.252823,69.66505647,E04001,1.349313483,0.014670196,0.0089,4.6377999999999995,3.3182,3.3271,1.0,0.0,0.0,3483.252823,69.66505647,0.2792526803190927,0.019369152030840567,0.9806308479691596,0.01975172621884492,0.015857610954508772,1.2948423890454912,4.433234524286382,1.0038491028228866,1.1900109482077927,1.1954969428664353,2.9134314328664352,1.7068776853853458,2.1499341165212074,2.144448121862565,0.9121839661442291,0.0017054339036462873,2042443.7532012605,40848.87506988882,0.00162490364134249,0.001621785429602452,3346.847474107485,3334.014509447625,11657915.912335316,233158.3182801748,29.93976120063878,0.5987952240987291,11613215.4519564,232264.30907246814,29.824961855767263,0.5964992372009691,"[1.302,1.770]",1.619,"[1.050,1.500]",1.25,0.002,0.0,647,1.295,0.12,-1.6444774774709998,31,2.135522522529,0.005,0.0,258,1.2925,0.1,-0.2758164774709999,24,2.1741835225290003,1.303829794500004,1.3044815203165177,0.8989543320095913,0.9146779376056811,1.2427092380131848,1.3555901640567298,0.912278301192261,0.9110974204634087
26,56,4.6289,16.0,1.3286,3523.176633,70.46353266,E04001,1.336861727,0.014503956,0.0089,4.6377999999999995,3.3003,3.3092,1.0,0.0,0.0,3523.176633,70.46353266,0.2792526803190927,0.019369152030840567,0.9806308479691596,0.01975172621884492,0.015857610954508772,1.3127423890454912,4.433234524286382,1.0038491028228866,1.183591444870767,1.189065096730969,2.954243056730969,1.7187911614652227,2.189943793258233,2.184470141398031,0.9106251575292349,0.0017287424787536863,2037999.6883862002,40759.993767724,0.0016249036413424896,0.0016217854296024516,3472.655101764419,3459.339747377465,12234777.309004638,244695.54618009276,31.42125176825146,0.6284250353650291,12187864.963568408,243757.29927136813,31.300771878854036,0.6260154375770806,"[1.302,1.770]",1.619,"[1.050,1.500]",1.25,0.002,0.0,656,1.313,0.12,-1.6444774774709998,31,2.135522522529,0.005,0.0,262,1.3125,0.1,-0.2758164774709999,24,2.1741835225290003,1.3213879731344775,1.3244815203165177,0.894195069578343,0.9132898516766899,1.2427092380131848,1.3555901640567298,0.912278301192261,0.9110974204634087
26,56,4.6289,16.0,1.3465,3564.376925,71.2875385,E04001,1.346658925,0.014504639,0.0089,4.6377999999999995,3.2824,3.2913,1.0,0.0,0.0,3564.376925,71.2875385,0.2792526803190927,0.019369152030840567,0.9806308479691596,0.01975172621884492,0.015857610954508772,1.3306423890454913,4.433234524286382,1.0038491028228866,1.177171941533741,1.1826332505955028,2.995695500595503,1.7308077595722475,2.229953469995259,2.2244921609334973,0.9090371104532246,0.0017506890204822521,2035985.1939998697,40719.703879997396,0.0016249036413424898,0.001621785429602452,3603.442529842322,3589.6256914602163,12844027.403933596,256880.5480786719,32.985922717227744,0.6597184543445549,12794778.984027965,255895.57968055928,32.85944334110502,0.6571888668221004,"[1.302,1.770]",1.619,"[1.050,1.500]",1.25,0.002,0.0,665,1.331,0.12,-1.6444774774709998,32,2.255522522529,0.005,0.0,266,1.3325,0.1,-0.2758164774709999,25,2.2741835225290004,1.338940389626643,1.3444815203165177,0.8888937010333909,0.9118849488877071,1.2700484264524534,1.408879558508025,0.9068575143307449,0.9072491194495529
26,56,4.6289,16.0,1.3644,3606.838874,72.13677748,E04001,1.3003076,0.01400118,0.0089,4.6377999999999995,3.2645,3.2734,1.0,0.0,0.0,3606.838874,72.13677748,0.2792526803190927,0.019369152030840567,0.9806308479691596,0.01975172621884492,0.015857610954508772,1.3485423890454913,4.433234524286382,1.0038491028228866,1.170752438196715,1.1762014044600368,3.037788764460037,1.7429253467834005,2.2699631467322856,2.2645141804689635,0.9074195935219459,0.0017713183980187178,2036245.362795518,40724.907255910366,0.0016249036413424896,0.0016217854296024516,3739.3897351822216,3725.05162844378,13487376.261891803,269747.52523783606,34.63816582146831,0.6927633164293663,13435661.02112803,268713.22042256064,34.50535117684881,0.6901070235369763,"[1.302,1.770]",1.619,"[1.050,1.500]",1.25,0.002,0.0,674,1.349,0.12,-1.6444774774709998,32,2.255522522529,0.005,0.0,269,1.3475,0.1,-0.2758164774709999,25,2.2741835225290004,1.356487049645736,1.3594815203165176,0.8829536538004084,0.9108203406598052,1.2700484264524534,1.408879558508025,0.9068575143307449,0.9072491194495529
26,56,4.6289,16.0,1.3823,3650.251974,73.00503948,E04001,1.331414936,0.014108615,0.0089,4.6377999999999995,3.2466,3.2555,1.0,0.0,0.0,3650.251974,73.00503948,0.2792526803190927,0.019369152030840567,0.9806308479691596,0.01975172621884492,0.015857610954508772,1.3664423890454913,4.433234524286382,1.0038491028228866,1.164332934859689,1.1697695583245706,3.080522848324571,1.7551418313984117,2.3099728234693115,2.3045362000044296,0.9057723753800935,0.001790674690792654,2038478.564961563,40769.57129923126,0.00162490364134249,0.001621785429602452,3880.6826831113362,3865.802810600331,14165469.62449477,283309.3924898954,36.37963946913714,0.7275927893827427,14111154.340488607,282223.0868097721,36.240147415418626,0.7248029483083724,"[1.302,1.770]",1.619,"[1.050,1.500]",1.25,0.002,0.0,683,1.367,0.12,-1.6444774774709998,32,2.255522522529,0.005,0.0,273,1.3675,0.1,-0.2758164774709999,25,2.2741835225290004,1.3740279588517197,1.3794815203165176,0.8762539251807689,0.9093864289971267,1.2700484264524534,1.408879558508025,0.9068575143307449,0.9072491194495529
26,56,4.6289,16.0,1.4002,3694.049682,73.88099365,E04001,1.348113975,0.014184974,0.0089,4.6377999999999995,3.2287,3.2376,1.0,0.0,0.0,3694.049682,73.88099365,0.2792526803190927,0.019369152030840567,0.9806308479691596,0.01975172621884492,0.015857610954508772,1.3843423890454911,4.433234524286382,1.0038491028228866,1.1579134315226631,1.1633377121891046,3.1238977521891043,1.7674551627096808,2.3499825002063366,2.344558219539895,0.9040952247575459,0.0018088011512625403,2042264.1147820805,40845.28230117013,0.0016249036413424896,0.0016217854296024516,4027.513510866873,4012.0706384468067,14877835.004068475,297556.7001216446,38.20913022137972,0.7641826045310286,14820788.266115963,296415.76536243997,38.06262327070199,0.7612524655170775,"[1.302,1.770]",1.619,"[1.050,1.500]",1.25,0.002,0.0,692,1.385,0.12,-1.6444774774709998,33,2.3755225225289998,0.005,0.0,276,1.3825,0.1,-0.2758164774709999,26,2.3741835225290004,1.3915631228952563,1.3944815203165177,0.8686408371233457,0.9083002663095608,1.2970532675790754,1.46216895295932,0.9006628851285658,0.9032867174400641
26,56,4.6289,16.0,1.4181,3738.453041,74.76906083,E04001,1.366875535,0.014230485,0.0089,4.6377999999999995,3.2108,3.2197,1.0,0.0,0.0,3738.453041,74.76906083,0.2792526803190927,0.019369152030840567,0.9806308479691596,0.01975172621884492,0.015857610954508772,1.4022423890454911,4.433234524286382,1.0038491028228866,1.1514939281856371,1.1569058660536387,3.1679134760536383,1.779863330723356,2.389992176943363,2.3845802390753614,0.902387910516607,0.0018257401732005257,2047636.9506875041,40952.739019227316,0.00162490364134249,0.001621785429602452,4180.080716925153,4164.052849348078,15627035.467814298,312540.70939808676,40.1332205257388,0.8026644106221285,15567116.037530037,311342.32079224125,39.97933595087316,0.7995867191244039,"[1.770,2.067]",1.921,"[1.050,1.500]",1.25,0.002,0.0,701,1.403,0.12,-2.7135574774710003,42,2.3864425225289994,0.005,0.0,280,1.4025,0.1,-0.2758164774709999,26,2.3741835225290004,1.4190694510744777,1.4144815203165177,0.9200019494479013,0.9068378865816571,1.5268200048436302,1.46216895295932,0.9031276659145722,0.9032867174400641
26,56,4.6289,16.0,1.436,3783.243184,75.66486368,E04001,1.353336212,0.014009144,0.0089,4.6377999999999995,3.1929,3.2018,1.0,0.0,0.0,3783.243184,75.66486368,0.2792526803190927,0.019369152030840567,0.9806308479691596,0.01975172621884492,0.015857610954508772,1.4201423890454912,4.433234524286382,1.0038491028228866,1.145074424848611,1.1504740199181724,3.2125700199181724,1.7923643658358566,2.430001853680389,2.4246022586108276,0.9006502017002577,0.0018415332650967091,2054398.5035216406,41087.97007043281,0.0016249036413424898,0.001621785429602452,4338.589356454229,4321.953712220137,16413938.61098041,328278.7722196082,42.1541385330043,0.843082770660086,16351001.92332033,327020.03846640664,41.99250506322535,0.8398501012645071,"[1.770,2.067]",1.921,"[1.050,1.500]",1.25,0.002,0.0,710,1.421,0.12,-2.7135574774710003,42,2.3864425225289994,0.005,0.0,284,1.4225,0.1,-0.2758164774709999,27,2.474183522529,1.4365898799294854,1.4344815203165178,0.9177434967769043,0.9053594845101043,1.5268200048436302,1.5154583474106151,0.9031276659145722,0.8992136212759255
26,56,4.6289,16.0,1.4539,3827.709169,76.55418337,E04001,1.382027674,0.014159905,0.0089,4.6377999999999995,3.175,3.1839,1.0,0.0,0.0,3827.709169,76.55418337,0.2792526803190927,0.019369152030840567,0.9806308479691596,0.01975172621884492,0.015857610954508772,1.4380423890454912,4.433234524286382,1.0038491028228866,1.1386549215115853,1.1440421737827065,3.257867383782706,1.8049563384699105,2.4700115304174144,2.4646242781462933,0.8988818675814233,0.0018562210283156922,2062097.730071083,41241.95459603437,0.0016249036413424896,0.0016217854296024516,4503.2512431176065,4485.984228560031,17237136.07359191,344742.7214268057,44.2682673049816,0.88536534598398,17171042.96364862,343420.8592281126,44.09852753814936,0.8819705506477786,"[1.770,2.067]",1.921,"[1.050,1.500]",1.25,0.002,0.0,719,1.439,0.12,-2.7135574774710003,43,2.5064425225289995,0.005,0.0,287,1.4375,0.1,-0.2758164774709999,27,2.474183522529,1.454104583715747,1.4494815203165177,0.9153244545398346,0.9042402762875547,1.5510408658130275,1.5154583474106151,0.8980785647382841,0.8992136212759255
26,56,4.6289,16.0,1.4718,3872.064822,77.44129644,E04001,1.332622318,0.013558657,0.0089,4.6377999999999995,3.1571,3.166,1.0,0.0,0.0,3872.064822,77.44129644,0.2792526803190927,0.019369152030840567,0.9806308479691596,0.01975172621884492,0.015857610954508772,1.4559423890454912,4.433234524286382,1.0038491028228866,1.1322354181745593,1.1376103276472402,3.30380556764724,1.8176373586739574,2.510021207154441,2.5046462976817603,0.8970826777132653,0.0018698431396511944,2070796.6031430343,41415.93206286069,0.0016249036413424893,0.0016217854296024514,4674.285157466759,4656.362340039331,18099135.12622377,361982.7025244754,46.482045992788656,0.9296409198557732,18029736.815351892,360594.7363070379,46.303817836842434,0.9260763567368487,"[1.770,2.067]",1.921,"[1.050,1.500]",1.25,0.002,0.0,727,1.455,0.12,-2.7135574774710003,43,2.5064425225289995,0.005,0.0,291,1.4575,0.1,-0.2758164774709999,27,2.474183522529,1.4696684076072657,1.4694815203165177,0.913025555809432,0.9027342678416793,1.5510408658130275,1.5154583474106151,0.8980785647382841,0.8992136212759255
26,56,4.6289,16.0,1.4897,3915.246459,78.30492918,E04001,1.34601999,0.013638988,0.0089,4.6377999999999995,3.1391999999999998,3.1481,1.0,0.0,0.0,3915.246459,78.30492918,0.2792526803190927,0.019369152030840567,0.9806308479691596,0.01975172621884492,0.015857610954508772,1.4738423890454913,4.433234524286382,1.0038491028228866,1.1258159148375333,1.1311784815117742,3.3503845715117744,1.8304055756885615,2.550030883891467,2.544668317217226,0.895252401980498,0.0018824383379383975,2079880.3233511948,41597.6064670239,0.0016249036413424896,0.0016217854296024516,4851.917062170664,4833.313142908401,18996451.097025376,379929.0219405075,48.786525291605095,0.975730505832102,18923612.168010276,378472.24336020555,48.599460969197786,0.9719892193839559,"[1.770,2.067]",1.921,"[1.050,1.500]",1.25,0.002,0.0,736,1.473,0.12,-2.7135574774710003,43,2.5064425225289995,0.005,0.0,294,1.4725,0.1,-0.2758164774709999,28,2.574183522529,1.4871723126698697,1.4844815203165176,0.910254288201139,0.9015945625399903,1.5510408658130275,1.5687477418619102,0.8980785647382841,0.8950332844268307
26,56,4.6289,16.0,1.5076,3958.429938,79.16859876,E04001,1.351545962,0.013540722,0.0089,4.6377999999999995,3.1212999999999997,3.1302,1.0,0.0,0.0,3958.429938,79.16859876,0.2792526803190927,0.019369152030840567,0.9806308479691596,0.01975172621884492,0.015857610954508772,1.4917423890454913,4.433234524286382,1.0038491028228866,1.1193964115005073,1.1247466353763083,3.397604395376308,1.8432591774832718,2.590040560628493,2.5846903367526917,0.8933908106517386,0.0018940444143984334,2089935.118684762,41798.70237369523,0.00162490364134249,0.001621785429602452,5036.380324341664,5017.069109469787,19936158.655028194,398723.1731005639,51.19987430669538,1.0239974861339076,19859716.563940205,397194.33127880405,51.00355637387943,1.0200711274775884,"[1.770,2.067]",1.921,"[1.050,1.500]",1.25,0.002,0.0,745,1.491,0.12,-2.7135574774710003,44,2.6264425225289996,0.005,0.0,298,1.4925,0.1,-0.2758164774709999,28,2.574183522529,1.504670508841393,1.5044815203165176,0.9072654845444948,0.9000615028983471,1.5750283194857873,1.5687477418619102,0.8924394422472012,0.8950332844268307
26,56,4.6289,16.0,1.5255,4000.577475,80.0115495,E04001,1.319809461,0.013273084,0.0089,4.6377999999999995,3.1033999999999997,3.1123,1.0,0.0,0.0,4000.577475,80.0115495,0.2792526803190927,0.019369152030840567,0.9806308479691596,0.01975172621884492,0.015857610954508772,1.5096423890454913,4.433234524286382,1.0038491028228866,1.1129769081634815,1.118314789240842,3.445465039240842,1.8561963902671619,2.6300502373655186,2.624712356288158,0.891497674432895,0.0019046982064043739,2100373.4143017638,42007.46828603527,0.001624903641342489,0.001621785429602451,5227.915945228678,5207.870316890706,20914682.77167518,418293.6554335036,53.71291167990869,1.0742582335981739,20834488.68247407,416689.7736494814,53.506957897222414,1.0701391579444484,"[1.770,2.067]",1.921,"[1.050,1.500]",1.25,0.002,0.0,754,1.5090000000000001,0.12,-2.7135574774710003,44,2.6264425225289996,0.005,0.0,301,1.5075,0.1,-0.2758164774709999,29,2.6741835225290003,1.522163001704051,1.5194815203165177,0.9040331746498691,0.8989017187325882,1.5750283194857873,1.6220371363132053,0.8924394422472012,0.8907492004284081
26,56,4.6289,16.0,1.5434,4041.786468,80.83572936,E04001,1.323672104,0.01321198,0.0089,4.6377999999999995,3.0854999999999997,3.0944,1.0,0.0,0.0,4041.786468,80.83572936,0.2792526803190927,0.019369152030840567,0.9806308479691596,0.01975172621884492,0.015857610954508772,1.5275423890454913,4.433234524286382,1.0038491028228866,1.1065574048264555,1.111882943105376,3.4939665031053764,1.8692154779760883,2.670059914102545,2.6647343758236244,0.8895727645215922,0.0019144355943734015,2111215.691914088,42224.31383828177,0.0016249036413424893,0.0016217854296024514,5426.772797560983,5405.964683636771,21933856.858092483,438677.1371618497,56.33034596221693,1.1266069192443389,21849754.904809,436995.09809618007,56.11435603599432,1.1222871207198866,"[1.770,2.067]",1.921,"[1.050,1.500]",1.25,0.002,0.0,763,1.5270000000000001,0.12,-2.7135574774710003,44,2.6264425225289996,0.005,0.0,305,1.5275,0.1,-0.2758164774709999,29,2.6741835225290003,1.5396497968309717,1.5394815203165177,0.9005270680133612,0.8973421678364224,1.5750283194857873,1.6220371363132053,0.8924394422472012,0.8907492004284081
26,56,4.6289,16.0,1.5613,4081.650173,81.63300346,E04001,1.325444311,0.013327943,0.0089,4.6377999999999995,3.0675999999999997,3.0765,1.0,0.0,0.0,4081.650173,81.63300346,0.2792526803190927,0.019369152030840567,0.9806308479691596,0.01975172621884492,0.015857610954508772,1.5454423890454911,4.433234524286382,1.0038491028228866,1.1001379014894295,1.1054510969699098,3.5431087869699094,1.8823147417395183,2.7100695908395704,2.70475639535909,0.8876158526626448,0.0019232915015054007,2122221.2908470747,42444.42581694149,0.0016249036413424898,0.001621785429602452,5633.2078708388,5611.608213822044,22992783.88055415,459855.67761108297,59.049873399180136,1.1809974679836026,22904621.636754964,458092.4327350993,58.823455869142265,1.1764691173828452,"[1.770,2.067]",1.921,"[1.050,1.500]",1.25,0.002,0.0,772,1.545,0.12,-2.7135574774710003,45,2.7464425225289997,0.005,0.0,309,1.5475,0.1,-0.2758164774709999,29,2.6741835225290003,1.557130899786209,1.5594815203165178,0.8967116168648475,0.8957677321581253,1.598788986339514,1.6220371363132053,0.8861019088998042,0.8907492004284081
26,56,4.6289,16.0,1.5613,4081.650173,81.63300346,E04001,1.354844185,0.015606433,0.0089,4.6377999999999995,3.0675999999999997,3.0765,1.0,0.0,0.0,4081.650173,81.63300346,0.2792526803190927,0.019369152030840567,0.9806308479691596,0.01975172621884492,0.015857610954508772,1.5454423890454911,4.433234524286382,1.0038491028228866,1.1001379014894295,1.1054510969699098,3.5431087869699094,1.8823147417395183,2.7100695908395704,2.70475639535909,0.8876158526626448,0.0019232915015054007,2122221.2908470747,42444.42581694149,0.0016249036413424898,0.001621785429602452,5633.2078708388,5611.608213822044,22992783.88055415,459855.67761108297,59.049873399180136,1.1809974679836026,22904621.636754964,458092.4327350993,58.823455869142265,1.1764691173828452,"[1.770,2.067]",1.921,"[1.050,1.500]",1.25,0.002,0.0,772,1.545,0.12,-2.7135574774710003,45,2.7464425225289997,0.005,0.0,309,1.5475,0.1,-0.2758164774709999,29,2.6741835225290003,1.557130899786209,1.5594815203165178,0.8967116168648475,0.8957677321581253,1.598788986339514,1.6220371363132053,0.8861019088998042,0.8907492004284081
26,56,4.6289,16.0,1.5792,4121.175783,82.42351567,E04001,1.378247446,0.014073654,0.0089,4.6377999999999995,3.0496999999999996,3.0585999999999998,1.0,0.0,0.0,4121.175783,82.42351567,0.2792526803190927,0.019369152030840567,0.9806308479691596,0.01975172621884492,0.015857610954508772,1.5633423890454912,4.433234524286382,1.0038491028228866,1.0937183981524035,1.0990192508344439,3.5928918908344434,1.895492519329592,2.7500792675765964,2.744778414894556,0.8856267112045751,0.0019312998961034595,2133887.021541697,42677.7404360118,0.0016249036413424896,0.0016217854296024516,5847.486524880466,5825.065249784024,24098519.8577562,481970.39721359895,61.88961519842877,1.2377923041187502,24006117.84180476,480122.35689434595,61.65230912135229,1.2330461825766448,"[1.770,2.067]",1.921,"[1.050,1.500]",1.25,0.002,0.0,781,1.563,0.12,-2.7135574774710003,45,2.7464425225289997,0.005,0.0,312,1.5625,0.1,-0.2758164774709999,30,2.7741835225290004,1.5746063161247648,1.5744815203165177,0.8925448243084761,0.8945772485168804,1.598788986339514,1.6753265307645004,0.8861019088998042,0.8863648964019868
26,56,4.6289,16.0,1.5792,4121.175783,82.42351567,E04001,1.351556035,0.014558952,0.0089,4.6377999999999995,3.0496999999999996,3.0585999999999998,1.0,0.0,0.0,4121.175783,82.42351567,0.2792526803190927,0.019369152030840567,0.9806308479691596,0.01975172621884492,0.015857610954508772,1.5633423890454912,4.433234524286382,1.0038491028228866,1.0937183981524035,1.0990192508344439,3.5928918908344434,1.895492519329592,2.7500792675765964,2.744778414894556,0.8856267112045751,0.0019312998961034595,2133887.021541697,42677.7404360118,0.0016249036413424896,0.0016217854296024516,5847.486524880466,5825.065249784024,24098519.8577562,481970.39721359895,61.88961519842877,1.2377923041187502,24006117.84180476,480122.35689434595,61.65230912135229,1.2330461825766448,"[1.770,2.067]",1.921,"[1.050,1.500]",1.25,0.002,0.0,781,1.563,0.12,-2.7135574774710003,45,2.7464425225289997,0.005,0.0,312,1.5625,0.1,-0.2758164774709999,30,2.7741835225290004,1.5746063161247648,1.5744815203165177,0.8925448243084761,0.8945772485168804,1.598788986339514,1.6753265307645004,0.8861019088998042,0.8863648964019868
26,56,4.6289,16.0,1.5971,4159.3261,83.186522,E04001,1.343967716,0.014160948,0.0089,4.6377999999999995,3.0317999999999996,3.0406999999999997,1.0,0.0,0.0,4159.3261,83.186522,0.2792526803190927,0.019369152030840567,0.9806308479691596,0.01975172621884492,0.015857610954508772,1.5812423890454912,4.433234524286382,1.0038491028228866,1.0872988948153777,1.0925874046989776,3.643315814698978,1.9087471845949053,2.7900889443136228,2.7848004344300223,0.8836051131571827,0.0019384937962271622,2145648.3936627414,42912.96787325483,0.0016249036413424891,0.0016217854296024512,6069.882751950306,6046.60873320643,25246621.754126735,504932.4350825346,64.83816079352636,1.296763215870527,25149817.52051344,502996.35041026876,64.58954897822528,1.2917909795645055,"[1.770,2.067]",1.921,"[1.050,1.500]",1.25,0.002,0.0,790,1.581,0.12,-2.7135574774710003,45,2.7464425225289997,0.005,0.0,316,1.5825,0.1,-0.2758164774709999,30,2.7741835225290004,1.5920760513926098,1.5944815203165177,0.8879767128046148,0.8929772100140428,1.598788986339514,1.6753265307645004,0.8861019088998042,0.8863648964019868
26,56,4.6289,16.0,1.5971,4159.3261,83.186522,E04001,1.348776188,0.013824355,0.0089,4.6377999999999995,3.0317999999999996,3.0406999999999997,1.0,0.0,0.0,4159.3261,83.186522,0.2792526803190927,0.019369152030840567,0.9806308479691596,0.01975172621884492,0.015857610954508772,1.5812423890454912,4.433234524286382,1.0038491028228866,1.0872988948153777,1.0925874046989776,3.643315814698978,1.9087471845949053,2.7900889443136228,2.7848004344300223,0.8836051131571827,0.0019384937962271622,2145648.3936627414,42912.96787325483,0.0016249036413424891,0.0016217854296024512,6069.882751950306,6046.60873320643,25246621.754126735,504932.4350825346,64.83816079352636,1.296763215870527,25149817.52051344,502996.35041026876,64.58954897822528,1.2917909795645055,"[1.770,2.067]",1.921,"[1.050,1.500]",1.25,0.002,0.0,790,1.581,0.12,-2.7135574774710003,45,2.7464425225289997,0.005,0.0,316,1.5825,0.1,-0.2758164774709999,30,2.7741835225290004,1.5920760513926098,1.5944815203165177,0.8879767128046148,0.8929772100140428,1.598788986339514,1.6753265307645004,0.8861019088998042,0.8863648964019868
26,56,4.6289,16.0,1.615,4196.181926,83.92363852,E04001,1.346462117,0.014822999,0.0089,4.6377999999999995,3.0138999999999996,3.0227999999999997,1.0,0.0,0.0,4196.181926,83.92363852,0.2792526803190927,0.019369152030840567,0.9806308479691596,0.01975172621884492,0.015857610954508772,1.5991423890454912,4.433234524286382,1.0038491028228866,1.0808793914783517,1.0861555585635116,3.6943805585635117,1.9220771468813398,2.8300986210506487,2.8248224539654885,0.8815508322501628,0.001944905276444456,2157525.0871195,43150.50174239,0.00162490364134249,0.001621785429602452,6300.6794478064585,6276.520475127739,26438797.220405124,528775.9444081024,67.89989575868147,1.357997915173629,26337421.77589995,526748.435517999,67.63954419816952,1.3527908839633904,"[1.770,2.067]",1.921,"[1.050,1.500]",1.25,0.002,0.0,799,1.599,0.12,-2.7135574774710003,46,2.866442522529,0.005,0.0,319,1.5975000000000001,0.1,-0.2758164774709999,31,2.8741835225290004,1.6095401111267265,1.6094815203165178,0.8829473344331975,0.8917677377089854,1.622329179669657,1.7286159252157955,0.8789292078678085,0.8818839266757942
26,56,4.6289,16.0,1.615,4196.181926,83.92363852,E04001,1.36076083,0.013655271,0.0089,4.6377999999999995,3.0138999999999996,3.0227999999999997,1.0,0.0,0.0,4196.181926,83.92363852,0.2792526803190927,0.019369152030840567,0.9806308479691596,0.01975172621884492,0.015857610954508772,1.5991423890454912,4.433234524286382,1.0038491028228866,1.0808793914783517,1.0861555585635116,3.6943805585635117,1.9220771468813398,2.8300986210506487,2.8248224539654885,0.8815508322501628,0.001944905276444456,2157525.0871195,43150.50174239,0.00162490364134249,0.001621785429602452,6300.6794478064585,6276.520475127739,26438797.220405124,528775.9444081024,67.89989575868147,1.357997915173629,26337421.77589995,526748.435517999,67.63954419816952,1.3527908839633904,"[1.770,2.067]",1.921,"[1.050,1.500]",1.25,0.002,0.0,799,1.599,0.12,-2.7135574774710003,46,2.866442522529,0.005,0.0,319,1.5975000000000001,0.1,-0.2758164774709999,31,2.8741835225290004,1.6095401111267265,1.6094815203165178,0.8829473344331975,0.8917677377089854,1.622329179669657,1.7286159252157955,0.8789292078678085,0.8818839266757942
26,56,4.6289,16.0,1.6329,4231.595324,84.63190647,E04001,1.351736062,0.013493729,0.0089,4.6377999999999995,2.9959999999999996,3.0048999999999997,1.0,0.0,0.0,4231.595324,84.63190647,0.2792526803190927,0.019369152030840567,0.9806308479691596,0.01975172621884492,0.015857610954508772,1.6170423890454912,4.433234524286382,1.0038491028228866,1.0744598881413256,1.0797237124280457,3.7460861224280455,1.9354808504420924,2.8701082977876746,2.8648444735009546,0.8794636429927808,0.0019505654764626745,2169419.778552599,43388.39556592526,0.0016249036413424898,0.001621785429602452,6540.168692023796,6515.091435189244,27675347.25533909,553506.9450413802,71.07559311633621,1.4215118621587604,27569230.452579256,551384.6089864342,70.8030648395931,1.416061296624542,"[1.770,2.067]",1.921,"[1.050,1.500]",1.25,0.002,0.0,808,1.617,0.12,-2.7135574774710003,46,2.866442522529,0.005,0.0,323,1.6175,0.1,-0.2758164774709999,31,2.8741835225290004,1.6269985008550663,1.6294815203165176,0.8773841546000589,0.8901426664760267,1.622329179669657,1.7286159252157955,0.8789292078678085,0.8818839266757942
26,56,4.6289,16.0,1.6507,4264.62527,85.29250539,E04001,1.329542373,0.013201629,0.0089,4.6377999999999995,2.9781999999999997,2.9871,1.0,0.0,0.0,4264.62527,85.29250539,0.2792526803190927,0.019369152030840567,0.9806308479691596,0.01975172621884492,0.015857610954508772,1.6348423890454913,4.433234524286382,1.0038491028228866,1.068076247951434,1.073327798393895,3.7981382883938952,1.9488812915090274,2.909894456777566,2.904642906335105,0.8773552585571971,0.0019554789668660027,2180859.698447592,43617.19396383801,0.0016249036413424893,0.0016217854296024514,6787.238309729929,6761.21370297965,28945028.00918634,578900.5601158545,74.33637650653127,1.4867275299563163,28834042.813597288,576680.8562043337,74.05134526443537,1.4810269051150668,"[1.770,2.067]",1.921,"[1.050,1.500]",1.25,0.002,0.0,817,1.635,0.12,-2.7135574774710003,46,2.866442522529,0.005,0.0,326,1.6325,0.1,-0.2758164774709999,31,2.8741835225290004,1.6444512260966633,1.6444815203165177,0.8711985662546098,0.8889146343012544,1.622329179669657,1.7286159252157955,0.8789292078678085,0.8818839266757942
26,56,4.6289,16.0,1.6686,4294.608928,85.89217857,E04001,1.327245413,0.013109459,0.0089,4.6377999999999995,2.9602999999999997,2.9692,1.0,0.0,0.0,4294.608928,85.89217857,0.2792526803190927,0.019369152030840567,0.9806308479691596,0.01975172621884492,0.015857610954508772,1.6527423890454913,4.433234524286382,1.0038491028228866,1.061656744614408,1.066895952258429,3.851121912258429,1.9624275559261872,2.949904133514592,2.944664925870571,0.8752017665201559,0.0019597301240435365,2191428.745882049,43828.574922743726,0.0016249036413424898,0.001621785429602452,7044.974215665759,7017.961360781068,30255409.164127965,605108.183353009,77.70168632312183,1.5540337266433653,30139399.516369402,602787.9903975676,77.40375132539326,1.5480750266880998,"[1.770,2.067]",1.921,"[1.050,1.500]",1.25,0.002,0.0,826,1.653,0.12,-2.7135574774710003,47,2.986442522529,0.005,0.0,330,1.6525,0.1,-0.2758164774709999,32,2.974183522529,1.6618982923615704,1.6644815203165177,0.8642811777289678,0.8872651035782068,1.6456549251807702,1.7819053196670904,0.8707462921051312,0.8773098665253347
26,56,4.6289,16.0,1.6865,4320.348573,86.40697146,E04001,1.321652617,0.012985063,0.0089,4.6377999999999995,2.9423999999999997,2.9513,1.0,0.0,0.0,4320.348573,86.40697146,0.2792526803190927,0.019369152030840567,0.9806308479691596,0.01975172621884492,0.015857610954508772,1.6706423890454913,4.433234524286382,1.0038491028228866,1.055237241277382,1.060464106122963,3.9047463561229634,1.9760431058362475,2.9899138102516183,2.9846869454060374,0.8730146961923032,0.0019633177650633517,2200534.5491592353,44010.6909831847,0.00162490364134249,0.001621785429602452,7312.335137684555,7284.297129042413,31591836.677393228,631836.7335478645,81.13388817721038,1.6226777635442073,31470702.706766386,629414.0541353277,80.82279293676389,1.6164558587352778,"[1.770,2.067]",1.921,"[1.050,1.500]",1.25,0.002,0.0,835,1.671,0.12,-2.7135574774710003,47,2.986442522529,0.005,0.0,334,1.6725,0.1,-0.2758164774709999,32,2.974183522529,1.6793397051509231,1.6844815203165178,0.8564953394642224,0.885601854435263,1.6456549251807702,1.7819053196670904,0.8707462921051312,0.8773098665253347
26,56,4.6289,16.0,1.7044,4339.896285,86.7979257,E04001,1.313395442,0.012903534,0.0089,4.6377999999999995,2.9245,2.9334000000000002,1.0,0.0,0.0,4339.896285,86.7979257,0.2792526803190927,0.019369152030840567,0.9806308479691596,0.01975172621884492,0.015857610954508772,1.6885423890454911,4.433234524286382,1.0038491028228866,1.0488177379403563,1.054032259987497,3.9590116199874963,1.989726518893362,3.0299234869886433,3.024708964941503,0.8707938258130589,0.0019662694120931887,2207172.7599016917,44143.45519803383,0.00162490364134249,0.001621785429602452,7589.6528337092395,7560.551493612596,32938306.13745445,658766.122749089,84.59187967426094,1.691837593485219,32812009.339680504,656240.18679361,84.26752530473283,1.6853505060946563,"[1.770,2.067]",1.921,"[1.050,1.500]",1.25,0.002,0.0,844,1.689,0.12,-2.7135574774710003,47,2.986442522529,0.005,0.0,337,1.6875,0.1,-0.2758164774709999,33,3.074183522529,1.6967754699569468,1.6994815203165177,0.8476680907219971,0.8843455282512074,1.6456549251807702,1.8351947141183855,0.8707462921051312,0.8726463060494934
26,56,4.6289,16.0,1.7223,4310.071498,86.20142996,E04001,1.315523421,0.012900018,0.0089,4.6377999999999995,2.9066,2.9155,1.0,0.0,0.0,4310.071498,86.20142996,0.2792526803190927,0.019369152030840567,0.9806308479691596,0.01975172621884492,0.015857610954508772,1.7064423890454912,4.433234524286382,1.0038491028228866,1.0423982346033305,1.0476004138520307,4.01391770385203,2.0034764046157445,3.0699331637256697,3.0647309844769692,0.868538934715213,0.0019686117169861726,2189396.4466484347,43787.928932968694,0.0016249036413424893,0.0016217854296024514,7877.269797986511,7847.06563549754,33951596.038357876,679031.9207671576,87.19420224102153,1.7438840448204307,33821413.93849321,676428.2787698641,86.8598696714735,1.73719739342947,"[1.770,2.067]",1.921,"[0.650,1.050]",0.8,0.002,0.0,853,1.707,0.12,-2.7135574774710003,48,3.106442522528999,0.005,0.0,341,1.7075,0.1,0.17418352252900005,28,3.0241835225290004,1.714205592262978,1.7151681730025714,0.8375772412350668,0.8440473789729255,1.6687719789999784,1.5687477418619105,0.8613254221199681,0.8613083108659554
26,56,4.6289,16.0,1.7402,4336.621527,86.73243054,E04001,1.32361101,0.012936338,0.0089,4.6377999999999995,2.8887,2.8976,1.0,0.0,0.0,4336.621527,86.73243054,0.2792526803190927,0.019369152030840567,0.9806308479691596,0.01975172621884492,0.015857610954508772,1.7243423890454912,4.433234524286382,1.0038491028228866,1.0359787312663042,1.0411685677165647,4.069464607716565,2.017291403768074,3.109942840462695,3.104753004012435,0.8662498033909068,0.001970370477339154,2200916.8209098936,44018.33641819787,0.00162490364134249,0.001621785429602452,8175.539605457528,8144.191773910439,35454221.0478682,709084.420957364,91.05323110150974,1.8210646220301947,35318277.36675633,706365.5473351266,90.70410168765639,1.8140820337531278,"[1.770,2.067]",1.921,"[0.650,1.050]",0.8,0.002,0.0,862,1.725,0.12,-2.7135574774710003,48,3.106442522528999,0.005,0.0,344,1.7225000000000001,0.1,0.17418352252900005,29,3.124183522529,1.7316300775434996,1.7301681730025715,0.82593251522731,0.8422332541704732,1.6687719789999784,1.6220371363132053,0.8613254221199681,0.8551242856098503
26,56,4.6289,16.0,1.7581,4361.994881,87.23989763,E04001,1.313619148,0.012746462,0.0089,4.6377999999999995,2.8708,2.8797,1.0,0.0,0.0,4361.994881,87.23989763,0.2792526803190927,0.019369152030840567,0.9806308479691596,0.01975172621884492,0.015857610954508772,1.7422423890454912,4.433234524286382,1.0038491028228866,1.0295592279292785,1.0347367215810985,4.125652331581099,2.0311701877442716,3.1499525171997216,3.1447750235479015,0.8639262135586584,0.0019715706532665842,2212446.64692734,44248.9329436189,0.00162490364134249,0.001621785429602452,8484.827268411913,8452.293521558217,37010773.11098197,740215.4623044878,95.05075496567461,1.9010150995313992,36868861.0737464,737377.2215594511,94.68629767002425,1.8937259536175564,"[1.770,2.067]",1.921,"[0.650,1.050]",0.8,0.002,0.0,871,1.743,0.12,-2.7135574774710003,48,3.106442522528999,0.005,0.0,348,1.7425,0.1,0.17418352252900005,29,3.124183522529,1.7490489312641415,1.7501681730025713,0.8123473097155873,0.8398021384063249,1.6687719789999784,1.6220371363132053,0.8613254221199681,0.8551242856098503
26,56,4.6289,16.0,1.776,4387.405367,87.74810734,E04001,1.299173321,0.012627053,0.0089,4.6377999999999995,2.8529,2.8618,1.0,0.0,0.0,4387.405367,87.74810734,0.2792526803190927,0.019369152030840567,0.9806308479691596,0.01975172621884492,0.015857610954508772,1.7601423890454913,4.433234524286382,1.0038491028228866,1.0231397245922524,1.0283048754456325,4.182480875445632,2.0451114579517746,3.189962193936748,3.1847970430833676,0.861567948231431,0.001972236384770191,2224583.929634393,44491.67859268786,0.0016249036413424896,0.0016217854296024516,8805.50960594321,8771.746252680374,38633340.1042853,772666.802085706,99.2178178160884,1.9843563563217679,38485206.58697201,769704.1317394403,98.8373825678398,1.976747651356796,"[1.770,2.067]",1.921,"[0.650,1.050]",0.8,0.002,0.0,880,1.7610000000000001,0.12,-2.7135574774710003,49,3.226442522528999,0.005,0.0,352,1.7625,0.1,0.17418352252900005,30,3.2241835225290005,1.7664621588816942,1.7701681730025713,0.7962951235674881,0.8373573176884798,1.691685844265248,1.6753265307645007,0.8503647336245411,0.8488263129099223
26,56,4.6289,16.0,1.7939,4411.916296,88.23832592,E04001,1.291955608,0.01251157,0.0089,4.6377999999999995,2.835,2.8439,1.0,0.0,0.0,4411.916296,88.23832592,0.2792526803190927,0.019369152030840567,0.9806308479691596,0.01975172621884492,0.015857610954508772,1.7780423890454913,4.433234524286382,1.0038491028228866,1.0167202212552267,1.0218730293101665,4.239950239310167,2.0591139451983143,3.229971870673774,3.224819062618834,0.8591747917857385,0.0019723910095947018,2236836.5473875212,44736.730947750424,0.0016249036413424891,0.0016217854296024512,9137.975626749914,9102.937484382219,40315983.58010876,806319.6716021751,103.53916858159374,2.0707833716318746,40161398.22881516,803227.964576303,103.1421637877995,2.0628432757559896,"[1.770,2.067]",1.921,"[0.650,1.050]",0.8,0.002,0.0,889,1.7790000000000001,0.12,-2.7135574774710003,49,3.226442522528999,0.005,0.0,355,1.7775,0.1,0.17418352252900005,30,3.2241835225290005,1.783869765844159,1.7851681730025715,0.7770399845290623,0.8355149256423955,1.691685844265248,1.6753265307645007,0.8503647336245411,0.8488263129099223
26,56,4.6289,16.0,1.8118,4436.061538,88.72123075,E04001,1.314228838,0.012691438,0.0089,4.6377999999999995,2.8171,2.826,1.0,0.0,0.0,4436.061538,88.72123075,0.2792526803190927,0.019369152030840567,0.9806308479691596,0.01975172621884492,0.015857610954508772,1.7959423890454913,4.433234524286382,1.0038491028228866,1.0103007179182004,1.0154411831747003,4.2980604231747,2.073176409082136,3.2699815474108,3.2648410821543,0.8567465300317845,0.0019720570814692373,2249458.99369962,44989.17986892155,0.0016249036413424902,0.0016217854296024523,9482.626925853507,9446.267271831757,42065516.58498192,841310.3316048122,108.03230447075504,2.160646089171569,41904222.92224105,838084.4583503583,107.61807144815035,2.1523614287204085,"[2.067,2.357]",2.213,"[0.650,1.050]",0.8,0.002,0.0,897,1.795,0.12,-3.920685477471,59,3.219314522529,0.005,0.0,359,1.7975,0.1,0.17418352252900005,30,3.2241835225290005,1.8105220954372854,1.8051681730025715,0.89328192270626,0.8330469895527445,1.910706382608621,1.6753265307645007,0.8656537943589901,0.8488263129099223
26,56,4.6289,16.0,1.8297,4459.813941,89.19627881,E04001,1.311713914,0.012601423,0.0089,4.6377999999999995,2.7992,2.8081,1.0,0.0,0.0,4459.813941,89.19627881,0.2792526803190927,0.019369152030840567,0.9806308479691596,0.01975172621884492,0.015857610954508772,1.8138423890454913,4.433234524286382,1.0038491028228866,1.0038812145811746,1.0090093370392343,4.356811427039235,2.087297637386493,3.309991224147825,3.304863101689765,0.8542829502846253,0.0019712563886427727,2262422.060719672,45248.441209320525,0.0016249036413424896,0.0016217854296024516,9839.878095833941,9802.148617918358,43884025.50954075,877680.5100924161,112.70258373438504,2.2540516744349937,43715759.057946175,874315.181060902,112.27044325432807,2.245408864834823,"[2.067,2.357]",2.213,"[0.650,1.050]",0.8,0.002,0.0,906,1.813,0.12,-3.920685477471,60,3.339314522529,0.005,0.0,362,1.8125,0.1,0.17418352252900005,31,3.324183522529,1.827915496889105,1.8201681730025714,0.8894217266128076,0.8311876734811868,1.9316892859070816,1.7286159252157955,0.8576859087291936,0.8424213552643731
26,56,4.6289,16.0,1.8476,4483.881264,89.67762528,E04001,1.300212842,0.012377669,0.0089,4.6377999999999995,2.7813,2.7902,1.0,0.0,0.0,4483.881264,89.67762528,0.2792526803190927,0.019369152030840567,0.9806308479691596,0.01975172621884492,0.015857610954508772,1.8317423890454911,4.433234524286382,1.0038491028228866,0.9974617112441487,1.0025774909037681,4.416203250903767,2.10147644547917,3.3500009008848513,3.344885121225232,0.8517838414363548,0.0019700099726304553,2276070.3378637712,45521.406757275436,0.0016249036413424896,0.0016217854296024516,10210.157153213517,10171.007898001715,45781132.36178966,915622.6472357933,117.57471753218749,2.3514943506437502,45605591.74984591,912111.8349969183,117.1238956149485,2.3424779122989703,"[2.067,2.357]",2.213,"[0.650,1.050]",0.8,0.002,0.0,915,1.831,0.12,-3.920685477471,60,3.339314522529,0.005,0.0,366,1.8325,0.1,0.17418352252900005,31,3.324183522529,1.845303296856322,1.8401681730025714,0.8852320151707196,0.8286977196551909,1.9316892859070816,1.7286159252157955,0.8576859087291936,0.8424213552643731
26,56,4.6289,16.0,1.8655,4507.622685,90.15245371,E04001,1.297801615,0.012334662,0.0089,4.6377999999999995,2.7634,2.7723,1.0,0.0,0.0,4507.622685,90.15245371,0.2792526803190927,0.019369152030840567,0.9806308479691596,0.01975172621884492,0.015857610954508772,1.8496423890454912,4.433234524286382,1.0038491028228866,0.9910422079071226,0.996145644768302,4.476235894768302,2.1157116757177246,3.3900105776218776,3.3849071407606983,0.8492489940293003,0.001968338147095216,2290065.1961921,45801.30392892243,0.00162490364134249,0.001621785429602452,10593.905980652704,10553.285300412159,47753330.9211473,955066.6185288851,122.6397012180737,2.452794024633546,47570228.221414894,951404.5645338306,122.16945841083404,2.443389168487709,"[2.067,2.357]",2.213,"[0.650,1.050]",0.8,0.002,0.0,924,1.849,0.12,-3.920685477471,60,3.339314522529,0.005,0.0,369,1.8475000000000001,0.1,0.17418352252900005,32,3.424183522529,1.8626855007472756,1.8551681730025715,0.8806693550742187,0.8268222993091742,1.9316892859070816,1.7819053196670904,0.8576859087291936,0.8359163203969846
26,56,4.6289,16.0,1.8834,4531.296678,90.62593357,E04001,1.275573067,0.012181943,0.0089,4.6377999999999995,2.7455,2.7544,1.0,0.0,0.0,4531.296678,90.62593357,0.2792526803190927,0.019369152030840567,0.9806308479691596,0.01975172621884492,0.015857610954508772,1.8675423890454912,4.433234524286382,1.0038491028228866,0.9846227045700967,0.989713798632836,4.536909358632836,2.130002196861035,3.430020254358903,3.424929160296164,0.8466782003302225,0.001966260516796431,2304525.081642134,46090.501637928486,0.0016249036413424898,0.001621785429602452,10991.580785655511,10949.435283397172,49806113.50000945,996122.2701101048,127.91164010235859,2.558232802329457,49615139.72563359,992302.7946221662,127.42118286768701,2.5484236576349426,"[2.067,2.357]",2.213,"[0.650,1.050]",0.8,0.002,0.0,933,1.867,0.12,-3.920685477471,61,3.459314522529,0.005,0.0,373,1.8675,0.1,0.17418352252900005,32,3.424183522529,1.880062113961607,1.8751681730025713,0.8756823169163184,0.8243114158907316,1.952519888210603,1.7819053196670904,0.8486794873014812,0.8359163203969846
26,56,4.6289,16.0,1.9013,4555.227078,91.10454156,E04001,1.253505018,0.01198623,0.0089,4.6377999999999995,2.7276,2.7365,1.0,0.0,0.0,4555.227078,91.10454156,0.2792526803190927,0.019369152030840567,0.9806308479691596,0.01975172621884492,0.015857610954508772,1.8854423890454912,4.433234524286382,1.0038491028228866,0.9782032012330708,0.9832819524973699,4.59822364249737,2.1443469034877194,3.4700299310959295,3.4649511798316306,0.8440712544055088,0.001963795996544096,2319602.996449899,46392.05992899798,0.0016249036413424898,0.001621785429602452,11403.652576518656,11359.927049245618,51946227.004662246,1038924.540093245,133.4078615327919,2.6681572306558383,51747047.298828274,1034940.9459765656,132.8963298942447,2.657926597884894,"[2.067,2.357]",2.213,"[0.650,1.050]",0.8,0.002,0.0,942,1.885,0.12,-3.920685477471,61,3.459314522529,0.005,0.0,377,1.8875,0.1,0.17418352252900005,32,3.424183522529,1.897433141890268,1.8951681730025713,0.8702095465906595,0.821789057319679,1.952519888210603,1.7819053196670904,0.8486794873014812,0.8359163203969846
26,56,4.6289,16.0,1.9192,4579.319422,91.58638844,E04001,1.260012563,0.012054193,0.0089,4.6377999999999995,2.7096999999999998,2.7186,1.0,0.0,0.0,4579.319422,91.58638844,0.2792526803190927,0.019369152030840567,0.9806308479691596,0.01975172621884492,0.015857610954508772,1.9033423890454912,4.433234524286382,1.0038491028228866,0.9717836978960449,0.9768501063619038,4.660178746361904,2.158744715421882,3.510039607832955,3.504973199367096,0.8414279521973533,0.001960962830103297,2335240.2971140337,46704.80594228068,0.0016249036413424891,0.0016217854296024512,11830.607656297072,11785.24503635921,54176131.41454308,1083522.6282908616,139.1346832077914,2.782693664155828,53968401.488028824,1079368.0297605766,138.60119296469554,2.772023859293911,"[2.067,2.357]",2.213,"[0.650,1.050]",0.8,0.002,0.0,951,1.903,0.12,-3.920685477471,61,3.459314522529,0.005,0.0,380,1.9025,0.1,0.17418352252900005,33,3.5241835225290004,1.9147985899155486,1.9101681730025715,0.8641772501981646,0.8198899683956957,1.952519888210603,1.8351947141183858,0.8486794873014812,0.8293180472253373
26,56,4.6289,16.0,1.9192,4579.319422,91.58638844,E04001,1.310238367,0.018954782,0.0089,4.6377999999999995,2.7096999999999998,2.7186,1.0,0.0,0.0,4579.319422,91.58638844,0.2792526803190927,0.019369152030840567,0.9806308479691596,0.01975172621884492,0.015857610954508772,1.9033423890454912,4.433234524286382,1.0038491028228866,0.9717836978960449,0.9768501063619038,4.660178746361904,2.158744715421882,3.510039607832955,3.504973199367096,0.8414279521973533,0.001960962830103297,2335240.2971140337,46704.80594228068,0.0016249036413424891,0.0016217854296024512,11830.607656297072,11785.24503635921,54176131.41454308,1083522.6282908616,139.1346832077914,2.782693664155828,53968401.488028824,1079368.0297605766,138.60119296469554,2.772023859293911,"[2.067,2.357]",2.213,"[0.650,1.050]",0.8,0.002,0.0,951,1.903,0.12,-3.920685477471,61,3.459314522529,0.005,0.0,380,1.9025,0.1,0.17418352252900005,33,3.5241835225290004,1.9147985899155486,1.9101681730025715,0.8641772501981646,0.8198899683956957,1.952519888210603,1.8351947141183858,0.8486794873014812,0.8293180472253373
26,56,4.6289,16.0,1.9371,4603.651272,92.07302544,E04001,1.279419237,0.012511808,0.0089,4.6377999999999995,2.6917999999999997,2.7007,1.0,0.0,0.0,4603.651272,92.07302544,0.2792526803190927,0.019369152030840567,0.9806308479691596,0.01975172621884492,0.015857610954508772,1.9212423890454913,4.433234524286382,1.0038491028228866,0.9653641945590188,0.9704182602264377,4.722774670226437,2.1731945771666275,3.5500492845699814,3.5449952189025624,0.8387480916009078,0.0019577786089995794,2351466.734204669,47029.334684093374,0.0016249036413424902,0.0016217854296024523,12272.948135599217,12225.88943008159,56500373.29564137,1130007.4659128273,145.1037815797376,2.9020756315947516,56283731.426126465,1125674.6285225293,144.54740375988447,2.8909480751976893,"[2.067,2.357]",2.213,"[0.650,1.050]",0.8,0.002,0.0,960,1.921,0.12,-3.920685477471,62,3.579314522529,0.005,0.0,384,1.9225,0.1,0.17418352252900005,33,3.5241835225290004,1.9321584634111275,1.9301681730025715,0.8574958732675604,0.817348369008234,1.9732014585053466,1.8351947141183858,0.8384183640476176,0.8293180472253373
26,56,4.6289,16.0,1.9371,4603.651272,92.07302544,E04001,1.27507486,0.017225458,0.0089,4.6377999999999995,2.6917999999999997,2.7007,1.0,0.0,0.0,4603.651272,92.07302544,0.2792526803190927,0.019369152030840567,0.9806308479691596,0.01975172621884492,0.015857610954508772,1.9212423890454913,4.433234524286382,1.0038491028228866,0.9653641945590188,0.9704182602264377,4.722774670226437,2.1731945771666275,3.5500492845699814,3.5449952189025624,0.8387480916009078,0.0019577786089995794,2351466.734204669,47029.334684093374,0.0016249036413424902,0.0016217854296024523,12272.948135599217,12225.88943008159,56500373.29564137,1130007.4659128273,145.1037815797376,2.9020756315947516,56283731.426126465,1125674.6285225293,144.54740375988447,2.8909480751976893,"[2.067,2.357]",2.213,"[0.650,1.050]",0.8,0.002,0.0,960,1.921,0.12,-3.920685477471,62,3.579314522529,0.005,0.0,384,1.9225,0.1,0.17418352252900005,33,3.5241835225290004,1.9321584634111275,1.9301681730025715,0.8574958732675604,0.817348369008234,1.9732014585053466,1.8351947141183858,0.8384183640476176,0.8293180472253373
26,56,4.6289,16.0,1.955,4628.548482,92.57096965,E04001,1.296302723,0.013071052,0.0089,4.6377999999999995,2.6738999999999997,2.6828,1.0,0.0,0.0,4628.548482,92.57096965,0.2792526803190927,0.019369152030840567,0.9806308479691596,0.01975172621884492,0.015857610954508772,1.9391423890454913,4.433234524286382,1.0038491028228866,0.9589446912219929,0.9639864140909716,4.786011414090972,2.1876954573456913,3.5900589613070077,3.585017238438029,0.8360314725423963,0.0019542602911812126,2368440.121762065,47368.802440358326,0.0016249036413424898,0.001621785429602452,12731.192465068967,12682.376693138496,58926941.55824481,1178538.831292208,151.33567370056886,3.026713474338339,58700995.39117837,1174019.907950391,150.75540066231414,3.0151080135719903,"[2.067,2.357]",2.213,"[0.650,1.050]",0.8,0.002,0.0,969,1.939,0.12,-3.920685477471,62,3.579314522529,0.005,0.0,387,1.9375,0.1,0.17418352252900005,34,3.624183522529,1.9495127677420285,1.9451681730025714,0.8500556561976353,0.8154352481481141,1.9732014585053466,1.8884841085696809,0.8384183640476176,0.8226332926972074
26,56,4.6289,16.0,1.955,4628.548482,92.57096965,E04001,1.281179191,0.016138969,0.0089,4.6377999999999995,2.6738999999999997,2.6828,1.0,0.0,0.0,4628.548482,92.57096965,0.2792526803190927,0.019369152030840567,0.9806308479691596,0.01975172621884492,0.015857610954508772,1.9391423890454913,4.433234524286382,1.0038491028228866,0.9589446912219929,0.9639864140909716,4.786011414090972,2.1876954573456913,3.5900589613070077,3.585017238438029,0.8360314725423963,0.0019542602911812126,2368440.121762065,47368.802440358326,0.0016249036413424898,0.001621785429602452,12731.192465068967,12682.376693138496,58926941.55824481,1178538.831292208,151.33567370056886,3.026713474338339,58700995.39117837,1174019.907950391,150.75540066231414,3.0151080135719903,"[2.067,2.357]",2.213,"[0.650,1.050]",0.8,0.002,0.0,969,1.939,0.12,-3.920685477471,62,3.579314522529,0.005,0.0,387,1.9375,0.1,0.17418352252900005,34,3.624183522529,1.9495127677420285,1.9451681730025714,0.8500556561976353,0.8154352481481141,1.9732014585053466,1.8884841085696809,0.8384183640476176,0.8226332926972074
26,56,4.6289,16.0,1.9729,4653.7341,93.074682,E04001,1.267799121,0.013559004,0.0089,4.6377999999999995,2.6559999999999997,2.6649,1.0,0.0,0.0,4653.7341,93.074682,0.2792526803190927,0.019369152030840567,0.9806308479691596,0.01975172621884492,0.015857610954508772,1.9570423890454913,4.433234524286382,1.0038491028228866,0.952525187884967,0.9575545679555056,4.849888977955506,2.202246348153518,3.630068638044034,3.625039257973495,0.833277897058176,0.001950424219499367,2386011.234619777,47720.224692395546,0.0016249036413424898,0.001621785429602452,13205.875988456679,13155.240116588167,61456635.407852046,1229132.708157041,157.83241208309795,3.1566482416619595,61220989.52425433,1224419.7904850866,157.22722831475699,3.1445445662951395,"[2.067,2.357]",2.213,"[0.650,1.050]",0.8,0.002,0.0,978,1.957,0.12,-3.920685477471,62,3.579314522529,0.005,0.0,391,1.9575,0.1,0.17418352252900005,34,3.624183522529,1.9668615082647065,1.9651681730025714,0.841720595723544,0.8128754679590499,1.9732014585053466,1.8884841085696809,0.8384183640476176,0.8226332926972074
26,56,4.6289,16.0,1.9729,4653.7341,93.074682,E04001,1.248459812,0.015406983,0.0089,4.6377999999999995,2.6559999999999997,2.6649,1.0,0.0,0.0,4653.7341,93.074682,0.2792526803190927,0.019369152030840567,0.9806308479691596,0.01975172621884492,0.015857610954508772,1.9570423890454913,4.433234524286382,1.0038491028228866,0.952525187884967,0.9575545679555056,4.849888977955506,2.202246348153518,3.630068638044034,3.625039257973495,0.833277897058176,0.001950424219499367,2386011.234619777,47720.224692395546,0.0016249036413424898,0.001621785429602452,13205.875988456679,13155.240116588167,61456635.407852046,1229132.708157041,157.83241208309795,3.1566482416619595,61220989.52425433,1224419.7904850866,157.22722831475699,3.1445445662951395,"[2.067,2.357]",2.213,"[0.650,1.050]",0.8,0.002,0.0,978,1.957,0.12,-3.920685477471,62,3.579314522529,0.005,0.0,391,1.9575,0.1,0.17418352252900005,34,3.624183522529,1.9668615082647065,1.9651681730025714,0.841720595723544,0.8128754679590499,1.9732014585053466,1.8884841085696809,0.8384183640476176,0.8226332926972074
26,56,4.6289,16.0,1.9908,4679.392426,93.58784851,E04001,1.248025271,0.015365243,0.0089,4.6377999999999995,2.6380999999999997,2.647,1.0,0.0,0.0,4679.392426,93.58784851,0.2792526803190927,0.019369152030840567,0.9806308479691596,0.01975172621884492,0.015857610954508772,1.9749423890454911,4.433234524286382,1.0038491028228866,0.9461056845479411,0.9511227218200395,4.9144073618200395,2.2168462648140577,3.6700783147810583,3.66506127750896,0.8304871693747363,0.0019462861399718642,2404267.4557953984,48085.349110769974,0.0016249036413424896,0.0016217854296024516,13697.551517230975,13645.03039222987,64096218.82447544,1281924.3763525332,164.61136792367404,3.2922273581217016,63850451.869940266,1277009.037262355,163.98019130641902,3.27960382577795,"[2.067,2.357]",2.213,"[0.650,1.050]",0.8,0.002,0.0,987,1.975,0.12,-3.920685477471,63,3.6993145225290003,0.005,0.0,394,1.9725000000000001,0.1,0.17418352252900005,34,3.624183522529,1.9842046903270045,1.9801681730025715,0.832320103076798,0.8109491056403436,1.993737150481918,1.8884841085696809,0.8266218611726726,0.8226332926972074
26,56,4.6289,16.0,2.0087,4705.638573,94.11277145,E04001,1.236814071,0.015088282,0.0089,4.6377999999999995,2.6201999999999996,2.6290999999999998,1.0,0.0,0.0,4705.638573,94.11277145,0.2792526803190927,0.019369152030840567,0.9806308479691596,0.01975172621884492,0.015857610954508772,1.9928423890454914,4.433234524286382,1.0038491028228866,0.9396861812109151,0.9446908756845734,4.979566565684574,2.2314942450485,3.7100879915180847,3.7050832970444265,0.8276590959896154,0.0019418612198003346,2423262.0359367607,48465.24071358551,0.0016249036413424896,0.0016217854296024516,14206.789927734231,14152.316207469676,66852018.68245409,1337040.3735070138,171.6887898475475,3.433775796586092,66595685.043162376,1331913.7007217244,171.03047595973123,3.4206095188311663,"[2.067,2.357]",2.213,"[0.650,1.050]",0.8,0.002,0.0,996,1.993,0.12,-3.920685477471,63,3.6993145225290003,0.005,0.0,398,1.9925,0.1,0.17418352252900005,35,3.7241835225290005,2.001542319268239,2.0001681730025713,0.8216372642667276,0.8083721923902792,1.993737150481918,1.9417735030209762,0.8266218611726726,0.8158687195125885
26,56,4.6289,16.0,2.0266,4732.405712,94.64811424,E04001,1.206574488,0.014812762,0.0089,4.6377999999999995,2.6022999999999996,2.6111999999999997,1.0,0.0,0.0,4732.405712,94.64811424,0.2792526803190927,0.019369152030840567,0.9806308479691596,0.01975172621884492,0.015857610954508772,2.0107423890454914,4.433234524286382,1.0038491028228866,0.9332666778738891,0.9382590295491073,5.045366589549109,2.2461893485521447,3.750097668255111,3.7451053165798927,0.8247934857532228,0.0019371640651146033,2442955.554061462,48859.11108122924,0.0016249036413424898,0.001621785429602452,14734.180781939938,14677.68486369764,69728121.29409319,1394562.4258818638,179.07517228747355,3.581503445749471,69460759.68789865,1389215.193757973,178.38853646818328,3.567770729363665,"[2.067,2.357]",2.213,"[0.650,1.050]",0.8,0.002,0.0,1005,2.011,0.12,-3.920685477471,63,3.6993145225290003,0.005,0.0,402,2.0125,0.1,0.17418352252900005,35,3.7241835225290005,2.0188744004191506,2.0201681730025713,0.8093919701459384,0.8057859542737142,1.993737150481918,1.9417735030209762,0.8266218611726726,0.8158687195125885
26,56,4.6289,16.0,2.0445,4759.755187,95.19510373,E04001,1.199641531,0.01466462,0.0089,4.6377999999999995,2.5843999999999996,2.5932999999999997,1.0,0.0,0.0,4759.755187,95.19510373,0.2792526803190927,0.019369152030840567,0.9806308479691596,0.01975172621884492,0.015857610954508772,2.0286423890454914,4.433234524286382,1.0038491028228866,0.9268471745368632,0.9318271834136411,5.111807433413642,2.2609306564805656,3.7901073449921374,3.7851273361153597,0.8218901499515496,0.0019322087384217072,2463375.251520665,49267.50502523788,0.0016249036413424896,0.0016217854296024516,15280.33297292837,15221.742919288483,72730644.12698294,1454612.8823868555,186.78622607205835,3.735724521048739,72451769.81526388,1449035.3961530603,186.07002341965918,3.72140046800226,"[2.067,2.357]",2.213,"[0.650,1.050]",0.8,0.002,0.0,1014,2.029,0.12,-3.920685477471,64,3.8193145225289995,0.005,0.0,405,2.0275,0.1,0.17418352252900005,36,3.824183522529,2.036200939101974,2.035168173002571,0.7952160952649717,0.803840358094722,2.014130008149294,1.995062897472271,0.8129187859458735,0.8090308847421028
26,56,4.6289,16.0,2.0623,4787.520587,95.75041173,E04001,1.173885292,0.014454246,0.0089,4.6377999999999995,2.5665999999999998,2.5755,1.0,0.0,0.0,4787.520587,95.75041173,0.2792526803190927,0.019369152030840567,0.9806308479691596,0.01975172621884492,0.015857610954508772,2.0464423890454913,4.433234524286382,1.0038491028228866,0.9204635343469715,0.9254312693794907,5.178512559379491,2.275634539942539,3.8298935039820283,3.824925768949509,0.8189654395877882,0.0019270384810475202,2484392.8308050954,49687.8566109126,0.0016249036413424898,0.001621785429602452,15842.660891555335,15781.91467921302,75847065.17118095,1516941.303265192,194.78979228111012,3.8957958452153316,75556241.42900982,1511124.8284223774,194.04290120233105,3.8808580236413115,"[2.067,2.357]",2.213,"[0.650,1.050]",0.8,0.002,0.0,1023,2.047,0.12,-3.920685477471,64,3.8193145225289995,0.005,0.0,409,2.0475,0.1,0.17418352252900005,36,3.824183522529,2.0535219406304464,2.055168173002571,0.778615980584128,0.8012386069350704,2.014130008149294,1.995062897472271,0.8129187859458735,0.8090308847421028
26,56,4.6289,16.0,2.0802,4816.096726,96.32193452,E04001,1.204294749,0.01463841,0.0089,4.6377999999999995,2.5486999999999997,2.5576,1.0,0.0,0.0,4816.096726,96.32193452,0.2792526803190927,0.019369152030840567,0.9806308479691596,0.01975172621884492,0.015857610954508772,2.0643423890454913,4.433234524286382,1.0038491028228866,0.9140440310099456,0.9189994232440246,5.246231463244024,2.2904653377084805,3.8699031807190547,3.8649477884849754,0.8159863100028351,0.0019216081673545647,2506284.4797491743,50125.689594983494,0.0016249036413424896,0.0016217854296024516,16428.12934582766,16365.13824600802,79119459.9567451,1582389.1991349023,203.19392893561616,4.063878578712323,78816088.72713661,1576321.7745427322,202.41481350555787,4.048296270111157,"[2.067,2.357]",2.213,"[0.650,1.050]",0.8,0.002,0.0,1032,2.065,0.12,-3.920685477471,64,3.8193145225289995,0.005,0.0,412,2.0625,0.1,0.17418352252900005,36,3.824183522529,2.0708374103097995,2.070168173002571,0.7589139374455159,0.799281757298204,2.014130008149294,1.995062897472271,0.8129187859458735,0.8090308847421028
26,56,4.6289,16.0,2.0981,4845.219453,96.90438906,E04001,1.180545083,0.014302758,0.0089,4.6377999999999995,2.5307999999999997,2.5397,1.0,0.0,0.0,4845.219453,96.90438906,0.2792526803190927,0.019369152030840567,0.9806308479691596,0.01975172621884492,0.015857610954508772,2.0822423890454913,4.433234524286382,1.0038491028228866,0.9076245276729197,0.9125675771085585,5.314591187108559,2.305339711866466,3.9099128574560806,3.904969808020442,0.8129689051671091,0.0019159587084357603,2528874.673377364,50577.49346754728,0.0016249036413424893,0.0016217854296024514,17034.304843866925,16968.98945864014,82534945.19783615,1650698.903956723,211.96554928967714,4.2393109857935425,82218477.82275513,1644369.5564551027,211.1528004494069,4.223056008988138,"[2.067,2.357]",2.213,"[0.650,1.050]",0.8,0.002,0.0,1041,2.083,0.12,-3.920685477471,65,3.9393145225289996,0.005,0.0,416,2.0825,0.1,0.17418352252900005,37,3.924183522529,2.088147353436817,2.090168173002571,0.7351536803242915,0.7966655062287056,2.0343829711021053,2.0483522919235657,0.7968077469414502,0.8021262293462551
26,56,4.6289,16.0,2.116,4874.99618,97.4999236,E04001,1.148718849,0.01403078,0.0089,4.6377999999999995,2.5128999999999997,2.5218,1.0,0.0,0.0,4874.99618,97.4999236,0.2792526803190927,0.019369152030840567,0.9806308479691596,0.01975172621884492,0.015857610954508772,2.1001423890454913,4.433234524286382,1.0038491028228866,0.9012050243358936,0.9061357309730923,5.383591730973093,2.3202568243565396,3.9499225341931075,3.9449918275559086,0.8099130469374051,0.0019101021628956211,2552217.5068425373,51044.35013685074,0.00162490364134249,0.001621785429602452,17661.88046887013,17594.158742786953,86101599.8173585,1722031.99634717,221.12540156487364,4.422508031297474,85771456.6614,1715429.133228,220.2775306996392,4.405550613992784,"[2.067,2.357]",2.213,"[0.650,1.050]",0.8,0.002,0.0,1050,2.101,0.12,-3.920685477471,65,3.9393145225289996,0.005,0.0,420,2.1025,0.1,0.17418352252900005,37,3.924183522529,2.1054517752998194,2.110168173002571,0.705940765566617,0.794041418803063,2.0343829711021053,2.0483522919235657,0.7968077469414502,0.8021262293462551
26,56,4.6289,16.0,2.1339,4905.368933,98.10737866,E04001,1.159953528,0.014127378,0.0089,4.6377999999999995,2.4949999999999997,2.5039,1.0,0.0,0.0,4905.368933,98.10737866,0.2792526803190927,0.019369152030840567,0.9806308479691596,0.01975172621884492,0.015857610954508772,2.1180423890454914,4.433234524286382,1.0038491028228866,0.8947855209988677,0.8997038848376262,5.453233094837627,2.335215856154978,3.9899322109301334,3.985013847091375,0.8068185600318283,0.0019040501278665925,2576281.402053347,51525.62804106694,0.00162490364134249,0.001621785429602452,18311.572272448662,18241.35940447162,89825017.73965387,1796500.3547930776,230.68785203046212,4.613757040609243,89480597.71838246,1789611.954367649,229.8033154402922,4.5960663088058435,"[2.067,2.357]",2.213,"[0.650,1.050]",0.8,0.002,0.0,1059,2.119,0.12,-3.920685477471,65,3.9393145225289996,0.005,0.0,423,2.1175,0.1,0.17418352252900005,38,4.024183522529,2.122750681178715,2.1251681730025713,0.6691591806325843,0.7920684052121522,2.0343829711021053,2.1016416863748613,0.7968077469414502,0.7951610685940694
26,56,4.6289,16.0,2.1518,4936.737825,98.7347565,E04001,1.184993047,0.014280685,0.0089,4.6377999999999995,2.4770999999999996,2.4859999999999998,1.0,0.0,0.0,4936.737825,98.7347565,0.2792526803190927,0.019369152030840567,0.9806308479691596,0.01975172621884492,0.015857610954508772,2.1359423890454914,4.433234524286382,1.0038491028228866,0.8883660176618418,0.8932720387021603,5.523515278702161,2.3502160068177056,4.029941887667158,4.0250358666268395,0.8036852721174179,0.0018978137543783056,2601276.238835775,52025.5247767155,0.0016249036413424898,0.001621785429602452,18984.12009543698,18911.32844772431,93719623.74948636,1874392.4749897271,240.6899462968634,4.813798925937268,93360270.46887915,1867205.4093775828,239.76705823617138,4.795341164723427,"[2.067,2.357]",2.213,"[0.650,1.050]",0.8,0.002,0.0,1067,2.1350000000000002,0.12,-3.920685477471,66,4.059314522529,0.005,0.0,427,2.1375,0.1,0.17418352252900005,38,4.024183522529,2.138122859963417,2.1451681730025713,0.6274274783916625,0.7894313803748063,2.0544988794670935,2.1016416863748613,0.7775945855216474,0.7951610685940694
26,56,4.6289,16.0,2.1697,4968.097666,99.36195331,E04001,1.127192011,0.013848359,0.0089,4.6377999999999995,2.4591999999999996,2.4680999999999997,1.0,0.0,0.0,4968.097666,99.36195331,0.2792526803190927,0.019369152030840567,0.9806308479691596,0.01975172621884492,0.015857610954508772,2.1538423890454914,4.433234524286382,1.0038491028228866,0.8819465143248159,0.8868401925666941,5.594438282566696,2.3652564940332996,4.069951564404184,4.065057886162306,0.8005130138985156,0.00189140376235069,2626672.1917828415,52533.44383036976,0.0016249036413424893,0.0016217854296024514,19680.288423203252,19604.82742661327,97773594.98152289,1955471.8994336552,251.10132098116745,5.022026419117922,97398697.38049015,1947973.947413755,250.1385121280228,5.002770242056967,"[2.357,2.642]",2.5,"[0.650,1.050]",0.8,0.002,0.0,1076,2.153,0.24,-5.273316477470999,38,3.966683522529001,0.005,0.0,430,2.1525,0.1,0.17418352252900005,38,4.024183522529,2.1678607263400096,2.160168173002571,0.8626273782851785,0.7874490307677136,2.2580817241395157,2.1016416863748613,0.823388395419273,0.7951610685940694
26,56,4.6289,16.0,2.1876,4999.864753,99.99729507,E04001,1.12203035,0.01368037,0.0089,4.6377999999999995,2.4412999999999996,2.4501999999999997,1.0,0.0,0.0,4999.864753,99.99729507,0.2792526803190927,0.019369152030840567,0.9806308479691596,0.01975172621884492,0.015857610954508772,2.1717423890454914,4.433234524286382,1.0038491028228866,0.8755270109877897,0.880408346431228,5.666002106431229,2.3803365531855425,4.10996124114121,4.105079905697773,0.7973016192058501,0.0018848304552076761,2652686.7385794125,53053.734776893776,0.0016249036413424902,0.0016217854296024523,20400.867277201283,20322.64333337826,102001577.22990978,2040031.5448022042,261.9595892882242,5.239191786288417,101610468.09034838,2032209.3620101942,260.9551460987288,5.219102922496501,"[2.357,2.642]",2.5,"[0.650,1.050]",0.8,0.002,0.0,1085,2.1710000000000003,0.24,-5.273316477470999,39,4.206683522529001,0.005,0.0,434,2.1725,0.1,0.17418352252900005,39,4.124183522529,2.1851397678189954,2.180168173002571,0.8566272563484503,0.7848000432114245,2.295406563984193,2.1549310808261564,0.7989450200239915,0.7881415833741852
26,56,4.6289,16.0,2.2055,5032.465533,100.6493107,E04001,1.104826245,0.013472521,0.0089,4.6377999999999995,2.4234,2.4323,1.0,0.0,0.0,5032.465533,100.6493107,0.2792526803190927,0.019369152030840567,0.9806308479691596,0.01975172621884492,0.015857610954508772,2.189642389045491,4.433234524286382,1.0038491028228866,0.869107507650764,0.873976500295762,5.738206750295761,2.395455436925463,4.149970917878235,4.145101925233237,0.7940509250863118,0.0018781037341097438,2679546.0983338505,53590.921987975096,0.0016249036413424898,0.001621785429602452,21146.673144605706,21065.589524501178,106419903.73784493,2128398.0756027657,273.30669811528827,5.466133964478114,106011853.21437803,2120237.0651301844,272.25874620670845,5.445174926298189,"[2.357,2.642]",2.5,"[0.650,1.050]",0.8,0.002,0.0,1094,2.189,0.24,-5.273316477470999,39,4.206683522529001,0.005,0.0,437,2.1875,0.1,0.17418352252900005,39,4.124183522529,2.202413317541456,2.195168173002571,0.8500268763168987,0.7828090827134241,2.295406563984193,2.1549310808261564,0.7989450200239915,0.7881415833741852
26,56,4.6289,16.0,2.2234,5065.51657,101.3103314,E04001,1.083798646,0.013266169,0.0089,4.6377999999999995,2.4055,2.4144,1.0,0.0,0.0,5065.51657,101.3103314,0.2792526803190927,0.019369152030840567,0.9806308479691596,0.01975172621884492,0.015857610954508772,2.207542389045491,4.433234524286382,1.0038491028228866,0.862688004313738,0.8675446541602959,5.811052214160296,2.410612414752794,4.189980594615261,4.185123944768703,0.7907607718933904,0.001871233111804937,2707047.3144385256,54140.94628877051,0.0016249036413424898,0.001621785429602452,21918.54994798171,21834.50668665776,111028777.95187399,2220575.55903748,285.1431699520602,5.702863399041204,110603055.41904068,2212061.1083808136,284.04983293825705,5.6809966587651415,"[2.357,2.642]",2.5,"[0.650,1.050]",0.8,0.002,0.0,1103,2.207,0.24,-5.273316477470999,39,4.206683522529001,0.005,0.0,441,2.2075,0.1,0.17418352252900005,40,4.224183522529,2.2196813807403757,2.215168173002571,0.8427321327024871,0.780149091292983,2.295406563984193,2.208220475277451,0.7989450200239915,0.7810738123864615
26,56,4.6289,16.0,2.2413,5099.048106,101.9809621,E04001,1.115894552,0.013512326,0.0089,4.6377999999999995,2.3876,2.3965,1.0,0.0,0.0,5099.048106,101.9809621,0.2792526803190927,0.019369152030840567,0.9806308479691596,0.01975172621884492,0.015857610954508772,2.225442389045491,4.433234524286382,1.0038491028228866,0.8562685009767121,0.86111280802483,5.884538498024829,2.425806772606761,4.229990271352287,4.22514596430417,0.787431003378248,0.0018642277260991326,2735206.6674116463,54704.13333750462,0.0016249036413424896,0.0016217854296024516,22717.370057057324,22630.263844610363,115836962.76273926,2316739.254800438,297.4915095805459,5.949830190444067,115392803.99514075,2307856.0794502096,296.3508247843038,5.927016494523699,"[2.357,2.642]",2.5,"[0.650,1.050]",0.8,0.002,0.0,1112,2.225,0.24,-5.273316477470999,39,4.206683522529001,0.005,0.0,445,2.2275,0.1,0.17418352252900005,40,4.224183522529,2.2369439626404173,2.235168173002571,0.8346281522689187,0.7774832362095792,2.295406563984193,2.208220475277451,0.7989450200239915,0.7810738123864615
26,56,4.6289,16.0,2.2592,5132.945863,102.6589173,E04001,1.147489211,0.014260817,0.0089,4.6377999999999995,2.3697,2.3786,1.0,0.0,0.0,5132.945863,102.6589173,0.2792526803190927,0.019369152030840567,0.9806308479691596,0.01975172621884492,0.015857610954508772,2.243342389045491,4.433234524286382,1.0038491028228866,0.8498489976396861,0.8546809618893638,5.958665601889363,2.4410378124661163,4.269999948089314,4.265167983839636,0.7840614667813941,0.0018570963529474366,2763963.1378594837,55279.26277872868,0.0016249036413424898,0.001621785429602452,23544.03534479136,23453.759413226602,120850258.82137258,2417005.177369213,310.366614183485,6.207332286088324,120386877.35191879,2407737.5479765264,309.17656180666455,6.183531238542642,"[2.357,2.642]",2.5,"[0.650,1.050]",0.8,0.002,0.0,1121,2.243,0.24,-5.273316477470999,39,4.206683522529001,0.005,0.0,448,2.2425,0.1,0.17418352252900005,40,4.224183522529,2.2542010684579523,2.2501681730025713,0.825573230817029,0.7754801802766026,2.295406563984193,2.208220475277451,0.7989450200239915,0.7810738123864615
26,56,4.6289,16.0,2.2771,5167.249436,103.3449887,E04001,1.099230852,0.014630608,0.0089,4.6377999999999995,2.3518,2.3607,1.0,0.0,0.0,5167.249436,103.3449887,0.2792526803190927,0.019369152030840567,0.9806308479691596,0.01975172621884492,0.015857610954508772,2.261242389045491,4.433234524286382,1.0038491028228866,0.8434294943026602,0.8482491157538977,6.033433525753898,2.4563048519583024,4.31000962482634,4.3051900033751025,0.780652012924937,0.0018498474191695484,2793338.186951512,55866.76372821854,0.0016249036413424896,0.0016217854296024516,24399.478290062954,24305.922295940785,126078190.43302205,2521563.8081724513,323.7929440011875,6.475858878770499,125594763.27515985,2511895.2650170787,322.5514104566726,6.451028207885008,"[2.357,2.642]",2.5,"[0.650,1.050]",0.8,0.002,0.0,1130,2.261,0.24,-5.273316477470999,39,4.206683522529001,0.005,0.0,452,2.2625,0.1,0.17418352252900005,41,4.324183522529,2.2714527034010885,2.2701681730025713,0.8153905140268366,0.7728047950604637,2.295406563984193,2.2615098697287466,0.7989450200239915,0.7739636451975908
26,56,4.6289,16.0,2.295,5201.891448,104.037829,E04001,1.099600032,0.015532812,0.0089,4.6377999999999995,2.3339,2.3428,1.0,0.0,0.0,5201.891448,104.037829,0.2792526803190927,0.019369152030840567,0.9806308479691596,0.01975172621884492,0.015857610954508772,2.279142389045491,4.433234524286382,1.0038491028228866,0.8370099909656343,0.8418172696184316,6.108842269618431,2.4716072239776348,4.350019301563365,4.345212022910568,0.7772024963053746,0.0018424890147927288,2823295.7733998694,56465.91548970714,0.0016249036413424893,0.0016217854296024514,25284.66312945121,25187.71303211723,131528072.89865318,2630561.45898445,337.7892861278188,6.75578572515381,131023749.01644878,2620474.9813364837,336.49408579231095,6.729881718433694,"[2.357,2.642]",2.5,"[0.650,1.050]",0.8,0.002,0.0,1139,2.279,0.24,-5.273316477470999,40,4.446683522529,0.005,0.0,455,2.2775,0.1,0.17418352252900005,41,4.324183522529,2.288698872669684,2.285168173002571,0.8038563783508456,0.7707949367817415,2.332305469098242,2.2615098697287466,0.7664723603948037,0.7739636451975908
26,56,4.6289,20.0,1.1393,488.5508113,9.771016227,E04001,0.937466461,0.01653871,0.0089,4.6377999999999995,3.4896,3.4985,1.0,0.0,0.0,488.5508113,9.771016227,0.3490658503988659,0.030153689607045803,0.9698463103929541,0.03109120412576338,0.024639960610216782,1.1146600393897832,4.433234524286382,1.0038491028228866,1.9482913314937629,1.957015862543841,3.255020352543841,1.804167495700951,1.0700137488352373,1.0612892177851592,0.9062688485025815,0.00014690413865975442,3325643.6187379006,66512.87238156518,0.0006630790017228333,0.0006618065442828114,3795.5868860898745,3781.033300140874,1854337.0525588489,37086.74105497257,4.76229275940856,0.09524585519791899,1847226.8863361406,36944.53773050384,4.74403249055729,0.0948806498208562,"[1.770,2.067]",1.921,"[1.500,2.000]",1.75,0.002,0.0,557,1.115,0.12,-2.7135574774710003,31,1.0664425225289995,0.005,0.0,222,1.1125,0.1,-0.7758164774709999,18,1.0741835225290002,1.1379593676320212,1.1292741284431247,0.9125755167725274,0.9029378189468318,1.2427092380131848,1.0358537973489592,0.9033974354502753,0.9088357227589487
26,56,4.6289,20.0,1.1557,506.2477782,10.12495556,E04001,0.952102944,0.015545747,0.0089,4.6377999999999995,3.4732,3.4821,1.0,0.0,0.0,506.2477782,10.12495556,0.3490658503988659,0.030153689607045803,0.9698463103929541,0.03109120412576338,0.024639960610216782,1.1310600393897832,4.433234524286382,1.0038491028228866,1.9391349875470358,1.9478419136669736,3.2834844036669733,1.812038742319538,1.109945447181964,1.1012385210620264,0.9051239005388785,0.00017717575905805663,2857319.651917584,57146.39301577522,0.0006630790017228335,0.0006618065442828117,3893.800487796617,3878.87031710942,1971227.8457011136,39424.55689844707,5.062490707270718,0.10124981410541425,1963669.4799625734,39273.38958373598,5.043079376207716,0.10086158748430758,"[1.770,2.067]",1.921,"[1.500,2.000]",1.75,0.002,0.0,565,1.131,0.12,-2.7135574774710003,31,1.0664425225289995,0.005,0.0,226,1.1325,0.1,-0.7758164774709999,18,1.0741835225290002,1.1536154774160963,1.1492741284431247,0.9113639733332369,0.9016195655877224,1.2427092380131848,1.0358537973489592,0.9033974354502753,0.9088357227589487
26,56,4.6289,20.0,1.1721,522.5630549,10.4512611,E04001,0.930031305,0.014390608,0.0089,4.6377999999999995,3.4568,3.4657,1.0,0.0,0.0,522.5630549,10.4512611,0.3490658503988659,0.030153689607045803,0.9698463103929541,0.03109120412576338,0.024639960610216782,1.1474600393897831,4.433234524286382,1.0038491028228866,1.9299786436003095,1.9386679647901068,3.3124863747901063,1.8200237291832506,1.1498771455286907,1.1411878243388933,0.9039569481574218,0.00020667810341141755,2528390.9919561027,50567.819848798936,0.0006630790017228332,0.0006618065442828113,3995.3261771362786,3980.006722027415,2087809.8524462723,41756.1970569161,5.36189563251538,0.10723791267082913,2079804.471185181,41596.08943166363,5.34133627996219,0.10682672561968665,"[1.770,2.067]",1.921,"[1.500,2.000]",1.75,0.002,0.0,573,1.147,0.12,-2.7135574774710003,32,1.1864425225289996,0.005,0.0,229,1.1475,0.1,-0.7758164774709999,19,1.1741835225290003,1.1692669912824485,1.1642741284431246,0.910101494602905,0.9006182674927249,1.2700484264524534,1.0891431918002543,0.9005204584603581,0.9055243040846109
26,56,4.6289,20.0,1.1886,539.2351047,10.78470209,E04001,0.947638601,0.013852956,0.0089,4.6377999999999995,3.4402999999999997,3.4492,1.0,0.0,0.0,539.2351047,10.78470209,0.3490658503988659,0.030153689607045803,0.9698463103929541,0.03109120412576338,0.024639960610216782,1.1639600393897833,4.433234524286382,1.0038491028228866,1.9207664682880536,1.929438077200576,3.3422080372005762,1.8281706805439628,1.1900523298409467,1.1813807209284244,0.9027604993280318,0.0002355913452819951,2288857.8697768087,45777.157378557626,0.0006630790017228334,0.0006618065442828117,4100.916973923037,4085.1926473720023,2211358.393799396,44227.16785958425,5.679191953111228,0.11358383902009678,2202879.284925312,44057.58568216547,5.6574159773027475,0.11314831950408873,"[1.770,2.067]",1.921,"[1.500,2.000]",1.75,0.002,0.0,581,1.163,0.12,-2.7135574774710003,32,1.1864425225289996,0.005,0.0,232,1.1625,0.1,-0.7758164774709999,19,1.1741835225290003,1.184913913276148,1.1792741284431247,0.9087851656681758,0.8996062503605566,1.2700484264524534,1.0891431918002543,0.9005204584603581,0.9055243040846109
26,56,4.6289,20.0,1.205,555.6503078,11.11300616,E04001,0.99523026,0.01383964,0.0089,4.6377999999999995,3.4238999999999997,3.4328,1.0,0.0,0.0,555.6503078,11.11300616,0.3490658503988659,0.030153689607045803,0.9698463103929541,0.03109120412576338,0.024639960610216782,1.1803600393897833,4.433234524286382,1.0038491028228866,1.9116101243413268,1.9202641283237092,3.3722891283237093,1.8363793530541856,1.2299840281876733,1.221330024205291,0.9015488824227693,0.0002635727890003803,2108147.4681333597,42162.94937784327,0.0006630790017228333,0.0006618065442828114,4209.3991230090805,4193.258838576422,2338953.9183530454,46779.07838389851,6.006881701787862,0.12013763407899943,2329985.564340059,46599.71130357422,5.9838492507450916,0.1196769850579782,"[1.770,2.067]",1.921,"[1.500,2.000]",1.75,0.002,0.0,590,1.181,0.12,-2.7135574774710003,32,1.1864425225289996,0.005,0.0,236,1.1825,0.1,-0.7758164774709999,19,1.1741835225290003,1.2025112168252718,1.1992741284431248,0.907235997474581,0.8982403579876733,1.2700484264524534,1.0891431918002543,0.9005204584603581,0.9055243040846109
26,56,4.6289,20.0,1.2214,572.0698538,11.44139708,E04001,0.970161242,0.013337532,0.0089,4.6377999999999995,3.4074999999999998,3.4164,1.0,0.0,0.0,572.0698538,11.44139708,0.3490658503988659,0.030153689607045803,0.9698463103929541,0.03109120412576338,0.024639960610216782,1.1967600393897833,4.433234524286382,1.0038491028228866,1.9024537803946002,1.9110901794468422,3.4029081394468426,1.8446973029326093,1.2699157265344,1.261279327482158,0.9003147405949987,0.0002908081563436981,1967172.6577155783,39343.453168066335,0.0006630790017228334,0.0006618065442828117,4321.510878963035,4304.9407194872965,2472206.096723493,49444.1219517559,6.349098821029113,0.1269819764649761,2462726.8080147645,49254.53617751505,6.324754191815331,0.12649508388053027,"[1.770,2.067]",1.921,"[1.500,2.000]",1.75,0.002,0.0,598,1.197,0.12,-2.7135574774710003,33,1.3064425225289993,0.005,0.0,239,1.1975,0.1,-0.7758164774709999,20,1.2741835225290004,1.2181483944934612,1.2142741284431247,0.9057944606314217,0.8972036407349726,1.2970532675790754,1.1424325862515496,0.8974381064242881,0.9020726794962478
26,56,4.6289,20.0,1.2379,588.809782,11.77619564,E04001,0.957864521,0.013009295,0.0089,4.6377999999999995,3.391,3.3999,1.0,0.0,0.0,588.809782,11.77619564,0.3490658503988659,0.030153689607045803,0.9698463103929541,0.03109120412576338,0.024639960610216782,1.2132600393897832,4.433234524286382,1.0038491028228866,1.8932416050823446,1.9018602918573115,3.4342567018573114,1.8531747629021154,1.3100909108466554,1.3014722240716885,0.8990501665160229,0.0003174653624811407,1854721.3384105132,37094.42676821026,0.0006630790017228334,0.0006618065442828117,4438.08251663375,4421.06538139406,2613186.39911713,52263.72798234259,6.7111632431264745,0.13422326486252947,2603166.5434263833,52063.330868527664,6.6854303343543,0.13370860668708598,"[1.770,2.067]",1.921,"[1.500,2.000]",1.75,0.002,0.0,606,1.213,0.12,-2.7135574774710003,33,1.3064425225289993,0.005,0.0,242,1.2125000000000001,0.1,-0.7758164774709999,20,1.2741835225290004,1.2337809928917025,1.2292741284431248,0.9042883456595379,0.8961564723034436,1.2970532675790754,1.1424325862515496,0.8974381064242881,0.9020726794962478
26,56,4.6289,20.0,1.2543,605.7343378,12.11468676,E04001,0.957515471,0.012810897,0.0089,4.6377999999999995,3.3746,3.3835,1.0,0.0,0.0,605.7343378,12.11468676,0.3490658503988659,0.030153689607045803,0.9698463103929541,0.03109120412576338,0.024639960610216782,1.2296600393897832,4.433234524286382,1.0038491028228866,1.884085261135618,1.8926863429804448,3.4659548329804446,1.8617075046796274,1.3500226091933818,1.341421527348555,0.8977703135557984,0.00034323030385826237,1764804.3631081574,35296.087273817124,0.0006630790017228333,0.0006618065442828114,4557.817186137836,4540.34094698194,2760826.3750586617,55216.527519404495,7.090330982591842,0.1418066196986582,2750240.4169063303,55004.80835628797,7.063144214258284,0.14126288433180756,"[1.770,2.067]",1.921,"[1.500,2.000]",1.75,0.002,0.0,614,1.229,0.12,-2.7135574774710003,33,1.3064425225289993,0.005,0.0,245,1.2275,0.1,-0.7758164774709999,21,1.374183522529,1.2494090160407083,1.2442741284431247,0.9027136063889969,0.895098934206625,1.2970532675790754,1.1957219807028445,0.8974381064242881,0.8984843234732545
26,56,4.6289,20.0,1.2707,623.1469599,12.4629392,E04001,0.98050707,0.012918301,0.0089,4.6377999999999995,3.3582,3.3671,1.0,0.0,0.0,623.1469599,12.4629392,0.3490658503988659,0.030153689607045803,0.9698463103929541,0.03109120412576338,0.024639960610216782,1.2460600393897832,4.433234524286382,1.0038491028228866,1.8749289171888912,1.8835123941035778,3.4981908841035776,1.870345124329619,1.3899543075401088,1.3813708306254222,0.8964674128887502,0.00036827609806354227,1692064.6307936127,33841.292621302964,0.0006630790017228333,0.0006618065442828114,4681.528917283274,4663.5783247885765,2917280.51248901,58345.610259143265,7.492135177161488,0.14984270356727591,2906094.655347536,58121.893116277875,7.463407753309869,0.14926815509015132,"[1.770,2.067]",1.921,"[1.500,2.000]",1.75,0.002,0.0,623,1.247,0.12,-2.7135574774710003,34,1.4264425225289994,0.005,0.0,249,1.2475,0.1,-0.7758164774709999,21,1.374183522529,1.2669850782293963,1.2642741284431247,0.9008545050659368,0.8936728946563359,1.3237357361743323,1.1957219807028445,0.8941290935305549,0.8984843234732545
26,56,4.6289,20.0,1.2871,640.9905908,12.81981182,E04001,0.984413826,0.012870704,0.0089,4.6377999999999995,3.3418,3.3507000000000002,1.0,0.0,0.0,640.9905908,12.81981182,0.3490658503988659,0.030153689607045803,0.9698463103929541,0.03109120412576338,0.024639960610216782,1.2624600393897831,4.433234524286382,1.0038491028228866,1.8657725732421644,1.8743384452267107,3.5309648552267103,1.8790861755722408,1.4298860058868355,1.4213201339022892,0.8951412902115219,0.00039261238431197203,1632629.5766836158,32652.591543860482,0.0006630790017228334,0.0006618065442828117,4809.34036467318,4790.899699117142,3082741.921710149,61654.838453440345,7.91707177108222,0.15834143547104965,3070921.628600639,61418.43259117637,7.886714994134993,0.15773429993191565,"[1.770,2.067]",1.921,"[1.500,2.000]",1.75,0.002,0.0,631,1.2630000000000001,0.12,-2.7135574774710003,34,1.4264425225289994,0.005,0.0,252,1.2625,0.1,-0.7758164774709999,21,1.374183522529,1.2826033922968705,1.2792741284431246,0.8991188436559819,0.8925914804938853,1.3237357361743323,1.1957219807028445,0.8941290935305549,0.8984843234732545
26,56,4.6289,20.0,1.3036,659.4765625,13.18953125,E04001,0.990179238,0.012737375,0.0089,4.6377999999999995,3.3252999999999995,3.3341999999999996,1.0,0.0,0.0,659.4765625,13.18953125,0.3490658503988659,0.030153689607045803,0.9698463103929541,0.03109120412576338,0.024639960610216782,1.2789600393897833,4.433234524286382,1.0038491028228866,1.8565603979299086,1.8651085576371798,3.56448151763718,1.8879834526915695,1.4700611901990919,1.4615130304918207,0.8937834701653481,0.0004163910938530091,1583791.2295328847,31675.824590657692,0.0006630790017228332,0.0006618065442828113,4942.196212166811,4923.2461315839655,3259262.5692002894,65185.25138400579,8.370410607335522,0.16740821214671045,3246765.4351984165,64935.30870396832,8.33831557332412,0.1667663114664824,"[1.770,2.067]",1.921,"[1.500,2.000]",1.75,0.002,0.0,639,1.2790000000000001,0.12,-2.7135574774710003,34,1.4264425225289994,0.005,0.0,255,1.2775,0.1,-0.7758164774709999,22,1.474183522529,1.2982171436419208,1.2942741284431247,0.8972994545116012,0.891499971960267,1.3237357361743323,1.2490113751541396,0.8941290935305549,0.8947628048329777
26,56,4.6289,20.0,1.32,678.3425025,13.56685005,E04001,1.005391815,0.012869605,0.0089,4.6377999999999995,3.3088999999999995,3.3177999999999996,1.0,0.0,0.0,678.3425025,13.56685005,0.3490658503988659,0.030153689607045803,0.9698463103929541,0.03109120412576338,0.024639960610216782,1.2953600393897833,4.433234524286382,1.0038491028228866,1.8474040539831817,1.8559346087603128,3.5983346087603127,1.896927676207059,1.5099928885458185,1.5014623337686874,0.8924102356956265,0.00043933424532445665,1544023.7352747936,30880.474705495868,0.0006630790017228334,0.0006618065442828117,5078.616906357563,5059.143741899229,3445041.7014973974,68900.83402994795,8.847527006086684,0.17695054012173367,3431832.226387137,68636.64452774274,8.813602543656096,0.17627205087312192,"[1.770,2.067]",1.921,"[1.500,2.000]",1.75,0.002,0.0,647,1.295,0.12,-2.7135574774710003,35,1.5464425225289995,0.005,0.0,259,1.2975,0.1,-0.7758164774709999,22,1.474183522529,1.3138263362610658,1.3142741284431247,0.8953905587796107,0.8900290694625822,1.3501071088387828,1.2490113751541396,0.890568983578285,0.8947628048329777
26,56,4.6289,20.0,1.3364,697.5995144,13.95199029,E04001,0.989106193,0.012528678,0.0089,4.6377999999999995,3.2924999999999995,3.3013999999999997,1.0,0.0,0.0,697.5995144,13.95199029,0.3490658503988659,0.030153689607045803,0.9698463103929541,0.03109120412576338,0.024639960610216782,1.3117600393897833,4.433234524286382,1.0038491028228866,1.8382477100364552,1.8467606598834458,3.6327256198834457,1.905971043820825,1.5499245868925449,1.5414116370455542,0.8910132544036828,0.00046159850440726175,1511269.009191845,30225.38018816967,0.0006630790017228332,0.0006618065442828113,5219.528691665241,5199.51522294297,3641140.6807025396,72822.81362448985,9.35114674852098,0.1870229349972291,3627179.2946404233,72543.5859032075,9.315291234733357,0.18630582472137383,"[1.770,2.067]",1.921,"[1.500,2.000]",1.75,0.002,0.0,655,1.311,0.12,-2.7135574774710003,35,1.5464425225289995,0.005,0.0,262,1.3125,0.1,-0.7758164774709999,23,1.5741835225290002,1.3294309741449837,1.3292741284431246,0.8933858250273787,0.8889143332968411,1.3501071088387828,1.3023007696054347,0.890568983578285,0.8909117784536671
26,56,4.6289,20.0,1.3529,717.1708682,14.34341736,E04001,1.009522322,0.012688747,0.0089,4.6377999999999995,3.276,3.2849,1.0,0.0,0.0,717.1708682,14.34341736,0.3490658503988659,0.030153689607045803,0.9698463103929541,0.03109120412576338,0.024639960610216782,1.3282600393897832,4.433234524286382,1.0038491028228866,1.8290355347241996,1.8375307722939151,3.667869182293915,1.9151681864248673,1.5900997712048006,1.581604533635085,0.8895836137375582,0.0004833241654714201,1483829.9415476003,29676.59882267599,0.0006630790017228334,0.0006618065442828117,5365.971588253384,5345.3966070836095,3848318.502684212,76966.37003222035,9.88321908141853,0.19766438157324723,3833562.725575486,76671.25449012815,9.84532341925325,0.19690646833015302,"[1.770,2.067]",1.921,"[1.500,2.000]",1.75,0.002,0.0,664,1.329,0.12,-2.7135574774710003,35,1.5464425225289995,0.005,0.0,265,1.3275000000000001,0.1,-0.7758164774709999,23,1.5741835225290002,1.3469807523938542,1.3442741284431248,0.8910072612212702,0.8877897831481022,1.3501071088387828,1.3023007696054347,0.890568983578285,0.8909117784536671
26,56,4.6289,20.0,1.3693,736.567664,14.73135328,E04001,1.004659906,0.012463213,0.0089,4.6377999999999995,3.2596,3.2685,1.0,0.0,0.0,736.567664,14.73135328,0.3490658503988659,0.030153689607045803,0.9698463103929541,0.03109120412576338,0.024639960610216782,1.3446600393897832,4.433234524286382,1.0038491028228866,1.819879190777473,1.8283568234170484,3.7033393134170485,1.9244062235965276,1.630031469551527,1.6215538369119515,0.8881384669591162,0.0005042587659354287,1460693.8218190914,29213.876436381826,0.0006630790017228334,0.0006618065442828117,5516.313478005191,5495.162034306722,4063138.1323859994,81262.76264771998,10.434917040371536,0.20869834080743072,4047558.66291079,80951.1732582158,10.394905978426333,0.20789811956852666,"[1.770,2.067]",1.921,"[1.500,2.000]",1.75,0.002,0.0,672,1.345,0.12,-2.7135574774710003,36,1.6664425225289996,0.005,0.0,268,1.3425,0.1,-0.7758164774709999,23,1.5741835225290002,1.3625757246891936,1.3592741284431247,0.8887749186281444,0.8866555040449053,1.376178019686742,1.3023007696054347,0.8867295947305646,0.8909117784536671
26,56,4.6289,20.0,1.3857,755.5792391,15.11158478,E04001,1.037614534,0.012692249,0.0089,4.6377999999999995,3.2432,3.2521,1.0,0.0,0.0,755.5792391,15.11158478,0.3490658503988659,0.030153689607045803,0.9698463103929541,0.03109120412576338,0.024639960610216782,1.3610600393897831,4.433234524286382,1.0038491028228866,1.8107228468307461,1.8191828745401815,3.7393473645401816,1.9337392183384454,1.669963167898254,1.6615031401888187,0.8866690478407622,0.0005245469868239541,1440441.4820394036,28808.829636975257,0.0006630790017228333,0.0006618065442828114,5671.574113174241,5649.8273467849085,4285323.65293145,85706.47304728585,11.005532017987878,0.2201106403306262,4268892.247730113,85377.8449433026,10.963333021905015,0.21926666040908063,"[1.770,2.067]",1.921,"[1.500,2.000]",1.75,0.002,0.0,680,1.361,0.12,-2.7135574774710003,36,1.6664425225289996,0.005,0.0,272,1.3625,0.1,-0.7758164774709999,24,1.6741835225290003,1.3781661546827522,1.3792741284431247,0.8864225863440639,0.8851281456787445,1.376178019686742,1.3555901640567298,0.8867295947305646,0.8869349769658204
26,56,4.6289,20.0,1.4021,773.6773083,15.47354617,E04001,1.067628572,0.012821883,0.0089,4.6377999999999995,3.2268,3.2357,1.0,0.0,0.0,773.6773083,15.47354617,0.3490658503988659,0.030153689607045803,0.9698463103929541,0.03109120412576338,0.024639960610216782,1.3774600393897831,4.433234524286382,1.0038491028228866,1.8015665028840193,1.8100089256633145,3.775893335663314,1.9431658024119594,1.7098948662449807,1.7014524434656855,0.8851751815368585,0.0005441999488225006,1421678.392241722,28433.56785218468,0.0006630790017228334,0.0006618065442828117,5831.904330195929,5809.54280259478,4512012.044449101,90240.24091230964,11.587711230810473,0.23175422467611928,4494711.437965169,89894.22878254153,11.543279959333631,0.23086559924635267,"[1.770,2.067]",1.921,"[1.500,2.000]",1.75,0.002,0.0,688,1.377,0.12,-2.7135574774710003,36,1.6664425225289996,0.005,0.0,275,1.3775,0.1,-0.7758164774709999,24,1.6741835225290003,1.393752046341291,1.3942741284431246,0.8839408177945876,0.8839714985395468,1.376178019686742,1.3555901640567298,0.8867295947305646,0.8869349769658204
26,56,4.6289,20.0,1.4186,790.4400866,15.80880173,E04001,1.043722369,0.012562622,0.0089,4.6377999999999995,3.2102999999999997,3.2192,1.0,0.0,0.0,790.4400866,15.80880173,0.3490658503988659,0.030153689607045803,0.9698463103929541,0.03109120412576338,0.024639960610216782,1.3939600393897833,4.433234524286382,1.0038491028228866,1.7923543275717637,1.8007790380737838,3.8132049980737843,1.9527429421390272,1.7500700505572364,1.7416453400552163,0.8836473582768479,0.0005633430263177418,1403123.9398962024,28062.478794373816,0.0006630790017228333,0.0006618065442828114,5998.485281916819,5975.485025636524,4741443.225707156,94828.86450214616,12.17693445308285,0.24353868903084652,4723262.901141138,94465.25801087178,12.130243897056387,0.24260487791043536,"[1.770,2.067]",1.921,"[1.500,2.000]",1.75,0.002,0.0,696,1.393,0.12,-2.7135574774710003,37,1.7864425225289997,0.005,0.0,278,1.3925,0.1,-0.7758164774709999,25,1.7741835225290004,1.4093334036257943,1.4092741284431247,0.8813191385746563,0.8828054086448048,1.401958510455536,1.408879558508025,0.8825782628605204,0.8828362024439123
26,56,4.6289,20.0,1.435,804.9491527,16.09898305,E04001,1.077086667,0.012671608,0.0089,4.6377999999999995,3.1938999999999997,3.2028,1.0,0.0,0.0,804.9491527,16.09898305,0.3490658503988659,0.030153689607045803,0.9698463103929541,0.03109120412576338,0.024639960610216782,1.4103600393897833,4.433234524286382,1.0038491028228866,1.783197983625037,1.7916050891969166,3.8508300891969167,1.9623532019483436,1.7900017489039635,1.7815946433320837,0.8821039214922084,0.0005817555684519931,1383655.2606482268,27673.1052060888,0.0006630790017228333,0.0006618065442828114,6169.458558920881,6145.802732275176,4966100.439621126,99322.0087677447,12.753897212735978,0.25507794419134217,4947058.702006248,98941.17401554175,12.704994382991647,0.25409988759669855,"[1.770,2.067]",1.921,"[1.500,2.000]",1.75,0.002,0.0,705,1.411,0.12,-2.7135574774710003,37,1.7864425225289997,0.005,0.0,282,1.4125,0.1,-0.7758164774709999,25,1.7741835225290004,1.4268570155013904,1.4292741284431247,0.8781879613806326,0.8812360831747722,1.401958510455536,1.408879558508025,0.8825782628605204,0.8828362024439123
26,56,4.6289,20.0,1.4514,816.446055,16.3289211,E04001,1.079067006,0.012615653,0.0089,4.6377999999999995,3.1774999999999998,3.1864,1.0,0.0,0.0,816.446055,16.3289211,0.3490658503988659,0.030153689607045803,0.9698463103929541,0.03109120412576338,0.024639960610216782,1.4267600393897832,4.433234524286382,1.0038491028228866,1.7740416396783103,1.7824311403200497,3.8889931003200497,1.9720530166098602,1.8299334472506898,1.8215439466089505,0.880535512238648,0.0005995668869884011,1361726.3940324886,27234.52788064977,0.0006630790017228334,0.0006618065442828117,6345.982343135157,6321.64966356981,5181152.249152355,103623.04498304709,13.30619145396631,0.2661238290793262,5161285.928913649,103225.71857827296,13.255170938090663,0.2651034187618132,"[1.770,2.067]",1.921,"[1.500,2.000]",1.75,0.002,0.0,713,1.427,0.12,-2.7135574774710003,37,1.7864425225289997,0.005,0.0,285,1.4275,0.1,-0.7758164774709999,25,1.7741835225290004,1.4424287503664956,1.4442741284431246,0.8752286293528666,0.8800482976682722,1.401958510455536,1.408879558508025,0.8825782628605204,0.8828362024439123
26,56,4.6289,20.0,1.4679,823.915756,16.47831512,E04001,1.11176415,0.012865393,0.0089,4.6377999999999995,3.1609999999999996,3.1698999999999997,1.0,0.0,0.0,823.915756,16.47831512,0.3490658503988659,0.030153689607045803,0.9698463103929541,0.03109120412576338,0.024639960610216782,1.4432600393897832,4.433234524286382,1.0038491028228866,1.7648294643660547,1.7732012527305188,3.9279316627305185,1.9819010224354088,1.8701086315629452,1.861736843198481,0.87893216168392,0.0006168916621352446,1335592.3034332865,26711.84606866573,0.0006630790017228332,0.0006618065442828113,6529.3553423174435,6504.319547585874,5379638.743058115,107592.77486116231,13.815942791493335,0.2763188558298667,5359011.357314793,107180.22714629587,13.76296771361556,0.2752593542723112,"[1.770,2.067]",1.921,"[1.500,2.000]",1.75,0.002,0.0,721,1.443,0.12,-2.7135574774710003,38,1.9064425225289998,0.005,0.0,288,1.4425000000000001,0.1,-0.7758164774709999,26,1.8741835225290004,1.4579959631985986,1.4592741284431248,0.872088298437216,0.8788513594546428,1.4274580756992221,1.46216895295932,0.8780769228406295,0.8786193181294351
26,56,4.6289,20.0,1.4843,826.1452067,16.52290413,E04001,1.162023325,0.013193807,0.0089,4.6377999999999995,3.1445999999999996,3.1534999999999997,1.0,0.0,0.0,826.1452067,16.52290413,0.3490658503988659,0.030153689607045803,0.9698463103929541,0.03109120412576338,0.024639960610216782,1.4596600393897832,4.433234524286382,1.0038491028228866,1.7556731204193277,1.764027303853652,3.967173793853652,1.9917765421486548,1.9100403299096724,1.901686146475348,0.8773131291152121,0.0006335314472654109,1304031.883919877,26080.637672083725,0.0006630790017228335,0.0006618065442828117,6717.530330095296,6691.77300772116,5549655.483070098,110993.10963453184,14.252578347483562,0.28505156688066363,5528376.194653278,110567.52386629848,14.19792905866471,0.2839585811045512,"[1.770,2.067]",1.921,"[1.500,2.000]",1.75,0.002,0.0,729,1.459,0.12,-2.7135574774710003,38,1.9064425225289998,0.005,0.0,291,1.4575,0.1,-0.7758164774709999,26,1.8741835225290004,1.4735586579350013,1.4742741284431247,0.8687504341609618,0.8776453562190688,1.4274580756992221,1.46216895295932,0.8780769228406295,0.8786193181294351
26,56,4.6289,20.0,1.5007,821.7920672,16.43584134,E04001,1.185214653,0.013263696,0.0089,4.6377999999999995,3.1281999999999996,3.1370999999999998,1.0,0.0,0.0,821.7920672,16.43584134,0.3490658503988659,0.030153689607045803,0.9698463103929541,0.03109120412576338,0.024639960610216782,1.4760600393897831,4.433234524286382,1.0038491028228866,1.746516776472601,1.754853354976785,4.006953844976785,2.001737706338367,1.9499720282563988,1.9416354497522148,0.8756685999126395,0.0006496045381740342,1265065.1571954312,25301.303137751027,0.0006630790017228333,0.0006618065442828114,6911.780797392848,6885.278651897469,5680046.629522733,113600.93256280755,14.587447788713508,0.29174895570326703,5658267.376590851,113165.3475042759,14.531514495249029,0.2906302898342497,"[1.770,2.067]",1.921,"[1.500,2.000]",1.75,0.002,0.0,738,1.477,0.12,-2.7135574774710003,38,1.9064425225289998,0.005,0.0,295,1.4775,0.1,-0.7758164774709999,27,1.974183522529,1.4910612938722565,1.4942741284431247,0.8647359430231745,0.8760234028444269,1.4274580756992221,1.5154583474106151,0.8780769228406295,0.8742882402149518
26,56,4.6289,20.0,1.5171,814.985434,16.29970868,E04001,1.227015795,0.013497174,0.0089,4.6377999999999995,3.1117999999999997,3.1207,1.0,0.0,0.0,814.985434,16.29970868,0.3490658503988659,0.030153689607045803,0.9698463103929541,0.03109120412576338,0.024639960610216782,1.492460039389783,4.433234524286382,1.0038491028228866,1.7373604325258742,1.7456794060999181,4.047271816099918,2.011783242822128,1.9899037266031259,1.981584753029082,0.8739984001039708,0.000665122448172173,1225316.3853357625,24506.32770671525,0.0006630790017228333,0.0006618065442828114,7112.29179777896,7085.020824124612,5796414.217547527,115928.28435095052,14.886302045611188,0.29772604091222377,5774188.771248234,115483.77542496468,14.829222842108415,0.2965844568421683,"[1.770,2.067]",1.921,"[1.500,2.000]",1.75,0.002,0.0,746,1.493,0.12,-2.7135574774710003,39,2.026442522529,0.005,0.0,298,1.4925,0.1,-0.7758164774709999,27,1.974183522529,1.5066144007023397,1.5092741284431246,0.8609134465915347,0.8747965904577701,1.4526857036435823,1.5154583474106151,0.8731809531744372,0.8742882402149518
26,56,4.6289,20.0,1.5336,836.8704978,16.73740996,E04001,1.254674412,0.013622179,0.0089,4.6377999999999995,3.0953,3.1042,1.0,0.0,0.0,836.8704978,16.73740996,0.3490658503988659,0.030153689607045803,0.9698463103929541,0.03109120412576338,0.024639960610216782,1.5089600393897833,4.433234524286382,1.0038491028228866,1.7281482572136189,1.7364495185103876,4.088378478510388,2.021973906486033,2.0300789109153814,2.0217776496186124,0.8722919346060423,0.0006801863398813754,1230354.755354173,24607.095112964205,0.0006630790017228333,0.0006618065442828114,7320.5359839966295,7292.46653048832,6126340.593090072,122526.81189108359,15.733616177212035,0.31467232361944286,6102850.095559599,122057.00194036186,15.673288079820082,0.3134657616713155,"[1.770,2.067]",1.921,"[1.500,2.000]",1.75,0.002,0.0,754,1.5090000000000001,0.12,-2.7135574774710003,39,2.026442522529,0.005,0.0,301,1.5075,0.1,-0.7758164774709999,27,1.974183522529,1.522163001704051,1.5242741284431247,0.856826643048151,0.8735610073045561,1.4526857036435823,1.5154583474106151,0.8731809531744372,0.8742882402149518
26,56,4.6289,20.0,1.55,859.0617355,17.18123471,E04001,1.25718555,0.01361951,0.0089,4.6377999999999995,3.0789,3.0878,1.0,0.0,0.0,859.0617355,17.18123471,0.3490658503988659,0.030153689607045803,0.9698463103929541,0.03109120412576338,0.024639960610216782,1.5253600393897833,4.433234524286382,1.0038491028228866,1.718991913266892,1.7272755696335207,4.129775569633521,2.032184925058131,2.0700106092621082,2.061726952895479,0.8705697135322596,0.0006946251521913494,1236727.079043854,24734.541580877074,0.0006630790017228334,0.0006618065442828117,7534.186305032143,7505.297642689064,6472331.162781245,129446.62325562489,16.622186236571093,0.3324437247314218,6447514.018372526,128950.28036745051,16.558451055869316,0.3311690211173863,"[1.770,2.067]",1.921,"[1.500,2.000]",1.75,0.002,0.0,762,1.5250000000000001,0.12,-2.7135574774710003,39,2.026442522529,0.005,0.0,305,1.5275,0.1,-0.7758164774709999,28,2.074183522529,1.5377071007912306,1.5442741284431247,0.8524478540649929,0.8719000732226555,1.4526857036435823,1.5687477418619102,0.8731809531744372,0.8698469297175048
26,56,4.6289,20.0,1.5664,881.6269901,17.6325398,E04001,1.27037853,0.013724625,0.0089,4.6377999999999995,3.0625,3.0714,1.0,0.0,0.0,881.6269901,17.6325398,0.3490658503988659,0.030153689607045803,0.9698463103929541,0.03109120412576338,0.024639960610216782,1.5417600393897832,4.433234524286382,1.0038491028228866,1.7098355693201652,1.7181016207566535,4.1717105807566535,2.0424765802223175,2.109942307608835,2.1016762561723468,0.868821300525565,0.0007085432594650378,1244281.1053846497,24885.6221048703,0.0006630790017228334,0.0006618065442828117,7754.686885282137,7724.9527478537075,6836741.257839235,136734.82514127533,17.55806116543329,0.35116122326883475,6810526.8397549875,136210.53677964988,17.490737518277317,0.34981475032586806,"[1.770,2.067]",1.921,"[1.500,2.000]",1.75,0.002,0.0,770,1.541,0.12,-2.7135574774710003,40,2.146442522528999,0.005,0.0,308,1.5425,0.1,-0.7758164774709999,28,2.074183522529,1.5532467018720482,1.5592741284431246,0.8477453832042243,0.8706443707159586,1.477649913200874,1.5687477418619102,0.8678377097947835,0.8698469297175048
26,56,4.6289,20.0,1.5829,904.7160424,18.09432085,E04001,1.30427664,0.014148086,0.0089,4.6377999999999995,3.046,3.0549,1.0,0.0,0.0,904.7160424,18.09432085,0.3490658503988659,0.030153689607045803,0.9698463103929541,0.03109120412576338,0.024639960610216782,1.5582600393897832,4.433234524286382,1.0038491028228866,1.7006233940079096,1.7088717331671228,4.214444143167123,2.052911138643639,2.1501174919210904,2.141869152761877,0.8670356197867053,0.00072203226248402,1253013.3200523336,25060.266403816633,0.0006630790017228332,0.0006618065442828113,7983.65519774455,7953.043117032242,7222940.934389639,144458.81870376007,18.549895913481905,0.37099791831064516,7195245.69387797,143904.91389346548,18.47876923067265,0.3695753846543029,"[1.770,2.067]",1.921,"[1.500,2.000]",1.75,0.002,0.0,779,1.559,0.12,-2.7135574774710003,40,2.146442522528999,0.005,0.0,311,1.5575,0.1,-0.7758164774709999,29,2.1741835225290003,1.5707233814235977,1.5742741284431248,0.842022577296711,0.8693801943294938,1.477649913200874,1.6220371363132053,0.8678377097947835,0.8652993844682408
26,56,4.6289,20.0,1.5993,927.9320559,18.55864112,E04001,1.293198131,0.014225179,0.0089,4.6377999999999995,3.0296,3.0385,1.0,0.0,0.0,927.9320559,18.55864112,0.3490658503988659,0.030153689607045803,0.9698463103929541,0.03109120412576338,0.024639960610216782,1.5746600393897832,4.433234524286382,1.0038491028228866,1.6914670500611828,1.6996977842902559,4.257458274290256,2.063360917118054,2.1900491902678176,2.1818184560387444,0.8652341426846039,0.0007349400293990641,1262595.6115885251,25251.912234491814,0.0006630790017228333,0.0006618065442828114,8218.530910791207,8187.018235788808,7626238.284528185,152524.76570700074,19.58564076245806,0.3917128152913747,7596996.6632263,151939.93328090003,19.51054267756181,0.3902108535932878,"[1.770,2.067]",1.921,"[1.500,2.000]",1.75,0.002,0.0,787,1.575,0.12,-2.7135574774710003,40,2.146442522528999,0.005,0.0,314,1.5725,0.1,-0.7758164774709999,29,2.1741835225290003,1.5862534371914307,1.5892741284431247,0.836504037255963,0.8681076335649425,1.477649913200874,1.6220371363132053,0.8678377097947835,0.8652993844682408
26,56,4.6289,20.0,1.9278,1362.158641,27.24317282,E04001,1.262701677,0.015049642,0.0089,4.6377999999999995,2.7011,2.71,1.0,0.0,0.0,1362.158641,27.24317282,0.3490658503988659,0.030153689607045803,0.9698463103929541,0.03109120412576338,0.024639960610216782,1.9031600393897832,4.433234524286382,1.0038491028228866,1.5080610142990034,1.515939113189598,5.232351953189598,2.2874334860689607,2.9899005870299966,2.982022488139402,0.8232985615433587,0.0009051569265816294,1504886.722951191,30097.73445902382,0.0006630790017228333,0.0006618065442828114,14848.784281109434,14791.848933623312,20226399.816858187,404527.9963371638,51.94526920756195,1.038905384151239,20148844.84130163,402976.8968260326,51.74609317425159,1.0349218634850317,"[2.067,2.357]",2.213,"[1.500,2.000]",1.75,0.002,0.0,951,1.903,0.12,-3.920685477471,57,2.9793145225289996,0.005,0.0,380,1.9025,0.1,-0.7758164774709999,37,2.974183522529,1.9147985899155486,1.9192741284431247,0.8016665606827279,0.838172721892144,1.8682699842653396,2.0483522919235657,0.8220647585861802,0.82558039657192
26,56,4.6289,20.0,1.9443,1380.319775,27.6063955,E04001,1.260577463,0.014127161,0.0089,4.6377999999999995,2.6845999999999997,2.6935,1.0,0.0,0.0,1380.319775,27.6063955,0.3490658503988659,0.030153689607045803,0.9698463103929541,0.03109120412576338,0.024639960610216782,1.9196600393897831,4.433234524286382,1.0038491028228866,1.4988488389867478,1.5067092256000671,5.287011715600067,2.2993502811881594,3.030075771342252,3.0222153847289324,0.8208854314749938,0.0009100394304911033,1516769.1956546428,30335.383913092857,0.0006630790017228333,0.0006618065442828114,15301.970451135228,15243.29743195977,21121612.410167627,422432.24820335256,54.244346630064996,1.0848869326013,21040624.881540786,420812.4976308158,54.03635514294577,1.0807271028589156,"[2.067,2.357]",2.213,"[1.500,2.000]",1.75,0.002,0.0,959,1.919,0.12,-3.920685477471,57,2.9793145225289996,0.005,0.0,383,1.9175,0.1,-0.7758164774709999,37,2.974183522529,1.930229863696816,1.9342741284431246,0.7936943640029845,0.8367322606198542,1.8682699842653396,2.0483522919235657,0.8220647585861802,0.82558039657192
26,56,4.6289,20.0,1.9607,1398.021647,27.96043294,E04001,1.251768886,0.013304515,0.0089,4.6377999999999995,2.6681999999999997,2.6771,1.0,0.0,0.0,1398.021647,27.96043294,0.3490658503988659,0.030153689607045803,0.9698463103929541,0.03109120412576338,0.024639960610216782,1.9360600393897833,4.433234524286382,1.0038491028228866,1.489692495040021,1.4975352767232002,5.341879766723201,2.311250693179604,3.0700074696889796,3.062164688005801,0.8184566768650722,0.0009146112780580012,1528541.8849944936,30570.83769988987,0.0006630790017228335,0.0006618065442828117,15766.414883379563,15705.96102446415,22041789.302547608,440835.7860509522,56.60753715462967,1.1321507430925934,21957273.49913918,439145.46998278354,56.39048438201093,1.1278096876402186,"[2.067,2.357]",2.213,"[1.050,1.500]",1.25,0.002,0.0,968,1.937,0.12,-3.920685477471,58,3.0993145225289997,0.005,0.0,387,1.9375,0.1,-0.2758164774709999,33,3.074183522529,1.9475847865591192,1.9494815203165177,0.783839115719287,0.7992067280267016,1.8895677880446522,1.8351947141183855,0.8133357355725005,0.8131908095508443
26,56,4.6289,20.0,1.9771,1415.512501,28.31025002,E04001,1.264559655,0.01292818,0.0089,4.6377999999999995,2.6517999999999997,2.6607,1.0,0.0,0.0,1415.512501,28.31025002,0.3490658503988659,0.030153689607045803,0.9698463103929541,0.03109120412576338,0.024639960610216782,1.9524600393897833,4.433234524286382,1.0038491028228866,1.4805361510932944,1.4883613278463332,5.3972857378463335,2.3232059180895552,3.109939168035706,3.1021139912826667,0.8159976121196203,0.0009189110185212924,1540423.9066344383,30808.47813268877,0.0006630790017228333,0.0006618065442828114,16245.239372010423,16182.949535271577,22995339.41281814,459906.7882563629,59.05643649556029,1.1811287299112059,22907167.370229054,458143.34740458115,58.829993800352945,1.176599876007059,"[2.067,2.357]",2.213,"[1.050,1.500]",1.25,0.002,0.0,976,1.953,0.12,-3.920685477471,58,3.0993145225289997,0.005,0.0,390,1.9525000000000001,0.1,-0.2758164774709999,33,3.074183522529,1.9630067131419224,1.9644815203165178,0.7741717977517748,0.7973456214274752,1.8895677880446522,1.8351947141183855,0.8133357355725005,0.8131908095508443
26,56,4.6289,20.0,1.9936,1432.696429,28.65392859,E04001,1.26335207,0.012633521,0.0089,4.6377999999999995,2.6353,2.6442,1.0,0.0,0.0,1432.696429,28.65392859,0.3490658503988659,0.030153689607045803,0.9698463103929541,0.03109120412576338,0.024639960610216782,1.9689600393897833,4.433234524286382,1.0038491028228866,1.471323975781039,1.4791314402568028,5.453572400256803,2.335288504715596,3.1501143523479618,3.142306887872198,0.8134928126883457,0.0009229703858385462,1552266.9535039875,31045.339080914335,0.0006630790017228333,0.0006618065442828114,16741.929534701143,16677.73521699804,23986102.65893596,479722.05334613845,61.60090629772711,1.2320181263845067,23894131.689200632,477882.63395079,61.36470722990287,1.2272941450263737,"[2.067,2.357]",2.213,"[1.050,1.500]",1.25,0.002,0.0,984,1.969,0.12,-3.920685477471,58,3.0993145225289997,0.005,0.0,393,1.9675,0.1,-0.2758164774709999,34,3.1741835225290003,1.9784242469165179,1.9794815203165177,0.7635151665294732,0.7954789969721278,1.8895677880446522,1.8884841085696809,0.8133357355725005,0.8067151619621811
26,56,4.6289,20.0,2.01,1449.76815,28.995363,E04001,1.248475489,0.012484755,0.0089,4.6377999999999995,2.6189,2.6278,1.0,0.0,0.0,1449.76815,28.995363,0.3490658503988659,0.030153689607045803,0.9698463103929541,0.03109120412576338,0.024639960610216782,1.985360039389783,4.433234524286382,1.0038491028228866,1.4621676318343122,1.4699574913799356,5.510057491379935,2.347351164904803,3.190046050694688,3.1822561911490643,0.8109724897197955,0.0009267479703731867,1564360.7500065002,31287.215000130003,0.0006630790017228334,0.0006618065442828117,17250.90927008832,17184.763348971155,25009818.818313796,500196.3763662759,64.230005493457,1.2846001098691398,24913922.56862572,498278.45137251436,63.98372555480519,1.2796745110961039,"[2.067,2.357]",2.213,"[1.050,1.500]",1.25,0.002,0.0,992,1.985,0.12,-3.920685477471,59,3.219314522529,0.005,0.0,397,1.9875,0.1,-0.2758164774709999,34,3.1741835225290003,1.9938373916345284,1.9994815203165177,0.7517103099146927,0.7929818197000074,1.910706382608621,1.8884841085696809,0.8036682766502599,0.8067151619621811
26,56,4.6289,20.0,2.0264,1466.451625,29.32903249,E04001,1.227452696,0.012274527,0.0089,4.6377999999999995,2.6024999999999996,2.6113999999999997,1.0,0.0,0.0,1466.451625,29.32903249,0.3490658503988659,0.030153689607045803,0.9698463103929541,0.03109120412576338,0.024639960610216782,2.0017600393897834,4.433234524286382,1.0038491028228866,1.4530112878875852,1.4607835425030684,5.567080502503069,2.3594661477764562,3.2299777490414154,3.222205494425932,0.8084214078650529,0.0009302767619960101,1576360.5895664515,31527.211780579542,0.0006630790017228334,0.0006618065442828117,17775.598570751685,17707.440810342498,26067055.409426484,521341.1080107737,66.94519157890461,1.338903831121581,25967105.35091807,519342.10684128705,66.68850068267287,1.3337700131986965,"[2.357,2.642]",2.5,"[1.050,1.500]",1.25,0.002,0.0,1000,2.001,0.24,-5.273316477470999,35,3.2466835225290005,0.005,0.0,400,2.0025,0.1,-0.2758164774709999,34,3.1741835225290003,2.0217290984439344,2.0144815203165174,0.8476668995781239,0.791102856232666,2.1433959508331357,1.8884841085696809,0.8099089162520616,0.8067151619621811
26,56,4.6289,20.0,2.0428,1483.009968,29.66019936,E04001,1.227233828,0.012204908,0.0089,4.6377999999999995,2.5860999999999996,2.5949999999999998,1.0,0.0,0.0,1483.009968,29.66019936,0.3490658503988659,0.030153689607045803,0.9698463103929541,0.03109120412576338,0.024639960610216782,2.0181600393897834,4.433234524286382,1.0038491028228866,1.4438549439408583,1.4516095936262017,5.624641433626203,2.3716326514926807,3.2699094473881423,3.2621547977027987,0.805839420929553,0.0009335641873805013,1588546.3346245051,31770.926692490102,0.0006630790017228334,0.0006618065442828117,18316.466374641386,18246.23474099278,27163502.21213,543270.0442426,69.76107699864866,1.3952215399729733,27059347.99936019,541186.9599872038,69.49358902894483,1.3898717805788967,"[2.357,2.642]",2.5,"[1.050,1.500]",1.25,0.002,0.0,1009,2.019,0.24,-5.273316477470999,35,3.2466835225290005,0.005,0.0,403,2.0175,0.1,-0.2758164774709999,35,3.2741835225290004,2.0390547245888584,2.0294815203165175,0.8433468915651866,0.7892188325659043,2.1433959508331357,1.941773503020976,0.8099089162520616,0.8001608993413172
26,56,4.6289,20.0,2.0593,1499.458465,29.98916929,E04001,1.207102459,0.011937643,0.0089,4.6377999999999995,2.5696,2.5785,1.0,0.0,0.0,1499.458465,29.98916929,0.3490658503988659,0.030153689607045803,0.9698463103929541,0.03109120412576338,0.024639960610216782,2.034660039389783,4.433234524286382,1.0038491028228866,1.434642768628603,1.442379706036671,5.68309619603667,2.3839245365650044,3.3100846317003967,3.3023476942923287,0.8032103556606995,0.0009366354251884233,1600898.7325013394,32017.974639350276,0.0006630790017228334,0.0006618065442828117,18877.44733101414,18805.064703379794,28305948.198080808,566118.9637728417,72.69509713236772,1.4539019421625454,28197413.454355545,563948.2688990603,72.41635912005555,1.448327181918161,"[2.357,2.642]",2.5,"[1.050,1.500]",1.25,0.002,0.0,1017,2.035,0.24,-5.273316477470999,35,3.2466835225290005,0.005,0.0,406,2.0325,0.1,-0.2758164774709999,35,3.2741835225290004,2.0544506332560672,2.0444815203165176,0.8392636386203126,0.7873298843832339,2.1433959508331357,1.941773503020976,0.8099089162520616,0.8001608993413172
26,56,4.6289,20.0,2.0757,1515.737895,30.3147579,E04001,1.22712509,0.011941379,0.0089,4.6377999999999995,2.5532,2.5621,1.0,0.0,0.0,1515.737895,30.3147579,0.3490658503988659,0.030153689607045803,0.9698463103929541,0.03109120412576338,0.024639960610216782,2.051060039389783,4.433234524286382,1.0038491028228866,1.4254864246818764,1.433205757159804,5.741736247159804,2.396192030526728,3.350016330047124,3.3422969975691963,0.8005659359056927,0.0009394603871282393,1613413.3123306422,32268.266246612842,0.0006630790017228332,0.0006618065442828113,19452.241679453902,19377.655092536297,29484499.85624672,589689.9971249345,75.7218435485748,1.514436870971496,29371446.139996998,587428.92279994,75.4314999491858,1.5086299989837164,"[2.357,2.642]",2.5,"[1.050,1.500]",1.25,0.002,0.0,1025,2.051,0.24,-5.273316477470999,35,3.2466835225290005,0.005,0.0,410,2.0525,0.1,-0.2758164774709999,36,3.3741835225290004,2.069842171304245,2.0644815203165177,0.834929861174394,0.7848038595164053,2.1433959508331357,1.995062897472271,0.8099089162520616,0.7935343303627481
26,56,4.6289,20.0,2.0921,1531.797901,30.63595803,E04001,1.2142594,0.01181618,0.0089,4.6377999999999995,2.5368,2.5457,1.0,0.0,0.0,1531.797901,30.63595803,0.3490658503988659,0.030153689607045803,0.9698463103929541,0.03109120412576338,0.024639960610216782,2.067460039389783,4.433234524286382,1.0038491028228866,1.4163300807351495,1.4240318082829373,5.800914218282937,2.408508712519624,3.3899480283938503,3.3822463008460626,0.7978901816008271,0.0009420653357212249,1625999.6445228383,32519.992901071742,0.0006630790017228333,0.0006618065442828114,20044.71046599599,19967.852149918755,30704445.41796539,614088.908559755,78.8548974383347,1.5770979492814807,30586714.010723885,611734.2804141563,78.55254063244145,1.5710508131616419,"[2.357,2.642]",2.5,"[1.050,1.500]",1.25,0.002,0.0,1033,2.067,0.24,-5.273316477470999,36,3.4866835225290007,0.005,0.0,413,2.0675,0.1,-0.2758164774709999,36,3.3741835225290004,2.085229342453502,2.0794815203165173,0.8303221701431641,0.7829039440934047,2.182092927664414,1.995062897472271,0.7929583526362959,0.7935343303627481
26,56,4.6289,20.0,2.1085,1547.839731,30.95679462,E04001,1.195214183,0.011564505,0.0089,4.6377999999999995,2.5204,2.5293,1.0,0.0,0.0,1547.839731,30.95679462,0.3490658503988659,0.030153689607045803,0.9698463103929541,0.03109120412576338,0.024639960610216782,2.083860039389783,4.433234524286382,1.0038491028228866,1.4071737367884227,1.4148578594060701,5.8606301094060695,2.420873831781836,3.4298797267405767,3.422195604122929,0.79518295338563,0.0009444570556139315,1638867.2431419846,32777.344862839695,0.0006630790017228333,0.0006618065442828114,20655.38157719473,20576.18173798283,31971220.26414745,639424.405282949,82.10821790100299,1.6421643580200598,31848631.60632646,636972.6321265291,81.79338674518863,1.6358677349037722,"[2.357,2.642]",2.5,"[1.050,1.500]",1.25,0.002,0.0,1041,2.083,0.24,-5.273316477470999,36,3.4866835225290007,0.005,0.0,416,2.0825,0.1,-0.2758164774709999,36,3.3741835225290004,2.1006121504186694,2.0944815203165175,0.8254141657176454,0.7809995507797147,2.182092927664414,1.995062897472271,0.7929583526362959,0.7935343303627481
26,56,4.6289,20.0,2.125,1563.854847,31.27709694,E04001,1.214946517,0.011637909,0.0089,4.6377999999999995,2.5039,2.5128,1.0,0.0,0.0,1563.854847,31.27709694,0.3490658503988659,0.030153689607045803,0.9698463103929541,0.03109120412576338,0.024639960610216782,2.100360039389783,4.433234524286382,1.0038491028228866,1.397961561476167,1.4056279718165394,5.921252971816539,2.4333624826187608,3.470054911052833,3.4623885007124606,0.792427316254411,0.0009466548787458883,1651979.9159243412,33039.598318486824,0.0006630790017228335,0.0006618065442828117,21288.695376969576,21207.06719476506,33292429.451580364,665848.5890316073,85.50133617920024,1.7100267235840048,33164774.823188033,663295.4964637606,85.1734946405442,1.703469892810884,"[2.357,2.642]",2.5,"[1.050,1.500]",1.25,0.002,0.0,1050,2.101,0.24,-5.273316477470999,36,3.4866835225290007,0.005,0.0,420,2.1025,0.1,-0.2758164774709999,37,3.474183522529,2.11791259862963,2.1144815203165175,0.819496294282661,0.7784536225265873,2.182092927664414,2.0483522919235657,0.7929583526362959,0.7868416557321612
26,56,4.6289,20.0,2.1414,1579.690818,31.59381635,E04001,1.22808842,0.011647849,0.0089,4.6377999999999995,2.4875,2.4964,1.0,0.0,0.0,1579.690818,31.59381635,0.3490658503988659,0.030153689607045803,0.9698463103929541,0.03109120412576338,0.024639960610216782,2.116760039389783,4.433234524286382,1.0038491028228866,1.3888052175294403,1.3964540229396725,5.982047982939672,2.445822557533492,3.5099866093995606,3.5023378039893283,0.789656535558581,0.0009486386712998539,1665218.6610055217,33304.373209569014,0.0006630790017228333,0.0006618065442828114,21937.538494242846,21853.42242429974,34654528.12887697,693090.562358164,88.9994664999736,1.7799893294360738,34521650.7455416,690433.0146922978,88.65821192617648,1.7731642379622916,"[2.357,2.642]",2.5,"[1.050,1.500]",1.25,0.002,0.0,1058,2.117,0.24,-5.273316477470999,36,3.4866835225290007,0.005,0.0,423,2.1175,0.1,-0.2758164774709999,37,3.474183522529,2.133286147138982,2.1294815203165176,0.8138456591342974,0.7765392936203775,2.182092927664414,2.0483522919235657,0.7929583526362959,0.7868416557321612
26,56,4.6289,20.0,2.1578,1595.905232,31.91810464,E04001,1.228143101,0.011654827,0.0089,4.6377999999999995,2.4711,2.48,1.0,0.0,0.0,1595.905232,31.91810464,0.3490658503988659,0.030153689607045803,0.9698463103929541,0.03109120412576338,0.024639960610216782,2.133160039389783,4.433234524286382,1.0038491028228866,1.3796488735827135,1.3872800740628055,6.043380914062805,2.458328886472029,3.549918307746287,3.542287107266195,0.7868538733181646,0.0009504286971580077,1679142.514080341,33582.85028160682,0.0006630790017228334,0.0006618065442828117,22606.268823841143,22519.58861174543,36077462.69196657,721549.2538393313,92.65383502891109,1.8530767005782216,35939129.287972145,718782.5857594429,92.29856834893081,1.8459713669786164,"[2.357,2.642]",2.5,"[1.050,1.500]",1.25,0.002,0.0,1066,2.133,0.24,-5.273316477470999,36,3.4866835225290007,0.005,0.0,426,2.1325,0.1,-0.2758164774709999,38,3.574183522529,2.148655344039213,2.1444815203165173,0.8077866578263367,0.7746209243610123,2.182092927664414,2.1016416863748613,0.7929583526362959,0.7800889589150206
26,56,4.6289,20.0,2.1743,1611.414572,32.22829143,E04001,1.222528352,0.011480596,0.0089,4.6377999999999995,2.4545999999999997,2.4635,1.0,0.0,0.0,1611.414572,32.22829143,0.3490658503988659,0.030153689607045803,0.9698463103929541,0.03109120412576338,0.024639960610216782,2.1496600393897833,4.433234524286382,1.0038491028228866,1.3704366982704579,1.3780501864732746,6.105630676473275,2.470957441250916,3.590093492058543,3.5824800038557263,0.7840018148024914,0.0009520403343928391,1692590.6537643438,33851.81306478312,0.0006630790017228333,0.0006618065442828114,23299.747856893366,23210.408607601494,37545553.22052374,750911.0641774773,96.42417272704228,1.9284834539424633,37401590.65236328,748031.8128151614,96.05444927518634,1.921088984907639,"[2.357,2.642]",2.5,"[1.050,1.500]",1.25,0.002,0.0,1074,2.149,0.24,-5.273316477470999,36,3.4866835225290007,0.005,0.0,429,2.1475,0.1,-0.2758164774709999,38,3.574183522529,2.1640201930235037,2.1594815203165174,0.8012738839265747,0.7726986441664061,2.182092927664414,2.1016416863748613,0.7929583526362959,0.7800889589150206
26,56,4.6289,20.0,2.1907,1627.325223,32.54650445,E04001,1.210575472,0.011368348,0.0089,4.6377999999999995,2.4381999999999997,2.4471,1.0,0.0,0.0,1627.325223,32.54650445,0.3490658503988659,0.030153689607045803,0.9698463103929541,0.03109120412576338,0.024639960610216782,2.1660600393897833,4.433234524286382,1.0038491028228866,1.3612803543237313,1.3688762375964076,6.168042727596408,2.4835544543247705,3.630025190405269,3.6224293071325926,0.7811348001643139,0.0009534601000183026,1706757.548605088,34135.15096161364,0.0006630790017228332,0.0006618065442828113,24010.186000222868,23918.122686671453,39072381.287084155,781447.6255015812,100.3453596742635,2.0069071928686424,38922564.33482898,778451.2864573984,99.96060104261294,1.9992120202379957,"[2.357,2.642]",2.5,"[1.050,1.500]",1.25,0.002,0.0,1083,2.1670000000000003,0.24,-5.273316477470999,37,3.726683522529001,0.005,0.0,433,2.1675,0.1,-0.2758164774709999,38,3.574183522529,2.1813004556043083,2.1794815203165174,0.7933390474097897,0.7701297422808226,2.2203158498709357,2.1016416863748613,0.7725705143144262,0.7800889589150206
26,56,4.6289,20.0,2.2071,1643.211566,32.86423133,E04001,1.180614864,0.011015015,0.0089,4.6377999999999995,2.4217999999999997,2.4307,1.0,0.0,0.0,1643.211566,32.86423133,0.3490658503988659,0.030153689607045803,0.9698463103929541,0.03109120412576338,0.024639960610216782,2.1824600393897833,4.433234524286382,1.0038491028228866,1.3521240103770042,1.359702288719541,6.230992698719541,2.496195645120699,3.6699568887519955,3.6623786104094584,0.778235514465269,0.0009547042019714096,1721173.492906873,34423.469868611915,0.0006630790017228334,0.0006618065442828117,24742.354986319246,24647.48428498087,40656923.88359755,813138.4779193747,104.41476858993889,2.088295372434209,40501031.24988381,810020.625244151,104.0144064444726,2.0802881295224465,"[2.357,2.642]",2.5,"[1.050,1.500]",1.25,0.002,0.0,1091,2.183,0.24,-5.273316477470999,37,3.726683522529001,0.005,0.0,436,2.1825,0.1,-0.2758164774709999,39,3.6741835225290003,2.196656077505949,2.1944815203165176,0.7856774816980547,0.7681988349425434,2.2203158498709357,2.1549310808261564,0.7725705143144262,0.7732821977043774
26,56,4.6289,20.0,2.2235,1659.07933,33.18158661,E04001,1.169323229,0.01096994,0.0089,4.6377999999999995,2.4053999999999998,2.4143,1.0,0.0,0.0,1659.07933,33.18158661,0.3490658503988659,0.030153689607045803,0.9698463103929541,0.03109120412576338,0.024639960610216782,2.1988600393897832,4.433234524286382,1.0038491028228866,1.3429676664302777,1.350528339842674,6.2944805898426734,2.508880345860016,3.709888587098723,3.702327913686327,0.77530383240815,0.0009557783710860317,1735841.0487096726,34716.82098465613,0.0006630790017228334,0.0006618065442828117,25496.906087824227,25399.14217796811,42301389.86926034,846027.7976401758,108.6380722476039,2.1727614456068873,42139191.787198074,842783.8359979528,108.22151650293537,2.164430330711006,"[2.357,2.642]",2.5,"[1.050,1.500]",1.25,0.002,0.0,1099,2.199,0.24,-5.273316477470999,37,3.726683522529001,0.005,0.0,439,2.1975000000000002,0.1,-0.2758164774709999,39,3.6741835225290003,2.2120073629992447,2.2094815203165177,0.7773682862951816,0.7662644417005781,2.2203158498709357,2.1549310808261564,0.7725705143144262,0.7732821977043774
26,56,4.6289,20.0,2.24,1675.086139,33.50172279,E04001,1.17008908,0.01098451,0.0089,4.6377999999999995,2.3888999999999996,2.3977999999999997,1.0,0.0,0.0,1675.086139,33.50172279,0.3490658503988659,0.030153689607045803,0.9698463103929541,0.03109120412576338,0.024639960610216782,2.2153600393897834,4.433234524286382,1.0038491028228866,1.3337554911180218,1.341298452253143,6.358898452253143,2.5216856370795195,3.7500637714109795,3.7425208102758583,0.7723214565291163,0.0009566932514009941,1750912.4649379328,35018.24930921133,0.0006630790017228334,0.0006618065442828117,26279.324222937867,26178.56025276982,44020131.748130165,880402.6352253966,113.05213062697949,2.2610426132144936,43851343.418391064,877026.8686296069,112.61864986387876,2.252372997949891,"[2.357,2.642]",2.5,"[1.050,1.500]",1.25,0.002,0.0,1107,2.215,0.24,-5.273316477470999,37,3.726683522529001,0.005,0.0,443,2.2175000000000002,0.1,-0.2758164774709999,40,3.774183522529,2.2273543157559175,2.2294815203165177,0.7683264072540624,0.7636800450779794,2.2203158498709357,2.208220475277451,0.7725705143144262,0.7664271966179894
26,56,4.6289,20.0,2.2564,1691.068948,33.82137897,E04001,1.194510728,0.0114129,0.0089,4.6377999999999995,2.3724999999999996,2.3813999999999997,1.0,0.0,0.0,1691.068948,33.82137897,0.3490658503988659,0.030153689607045803,0.9698463103929541,0.03109120412576338,0.024639960610216782,2.2317600393897834,4.433234524286382,1.0038491028228866,1.3245991471712952,1.3321245033762763,6.423465463376277,2.5344556542532515,3.7899954697577054,3.7824701135527246,0.7693244154531069,0.0009574432306019862,1766234.168198935,35324.68337442318,0.0006630790017228334,0.0006618065442828117,27080.82114097646,26976.983955878917,45795535.71784722,915910.7146277525,117.6117081095852,2.352234162887191,45619939.87848104,912398.7978393906,117.16074435774628,2.343214887847746,"[2.357,2.642]",2.5,"[1.050,1.500]",1.25,0.002,0.0,1115,2.231,0.24,-5.273316477470999,37,3.726683522529001,0.005,0.0,446,2.2325,0.1,-0.2758164774709999,40,3.774183522529,2.242696939442517,2.2444815203165174,0.7584512052200802,0.7617380047570579,2.2203158498709357,2.208220475277451,0.7725705143144262,0.7664271966179894
26,56,4.6289,20.0,2.2564,1691.068948,33.82137897,E04001,1.206337567,0.025841643,0.0089,4.6377999999999995,2.3724999999999996,2.3813999999999997,1.0,0.0,0.0,1691.068948,33.82137897,0.3490658503988659,0.030153689607045803,0.9698463103929541,0.03109120412576338,0.024639960610216782,2.2317600393897834,4.433234524286382,1.0038491028228866,1.3245991471712952,1.3321245033762763,6.423465463376277,2.5344556542532515,3.7899954697577054,3.7824701135527246,0.7693244154531069,0.0009574432306019862,1766234.168198935,35324.68337442318,0.0006630790017228334,0.0006618065442828117,27080.82114097646,26976.983955878917,45795535.71784722,915910.7146277525,117.6117081095852,2.352234162887191,45619939.87848104,912398.7978393906,117.16074435774628,2.343214887847746,"[2.357,2.642]",2.5,"[1.050,1.500]",1.25,0.002,0.0,1115,2.231,0.24,-5.273316477470999,37,3.726683522529001,0.005,0.0,446,2.2325,0.1,-0.2758164774709999,40,3.774183522529,2.242696939442517,2.2444815203165174,0.7584512052200802,0.7617380047570579,2.2203158498709357,2.208220475277451,0.7725705143144262,0.7664271966179894
26,56,4.6289,20.0,2.2728,1707.094672,34.14189343,E04001,1.236018151,0.012184444,0.0089,4.6377999999999995,2.3560999999999996,2.3649999999999998,1.0,0.0,0.0,1707.094672,34.14189343,0.3490658503988659,0.030153689607045803,0.9698463103929541,0.03109120412576338,0.024639960610216782,2.2481600393897834,4.433234524286382,1.0038491028228866,1.3154428032245686,1.3229505544994091,6.48857039449941,2.5472672404950782,3.8299271681044313,3.822419416829591,0.766294615026824,0.0009580396608210546,1781862.2149076727,35637.244287715475,0.0006630790017228333,0.0006618065442828114,27906.78136126755,27799.777160523357,47639517.77448874,952790.355210707,122.34740725592177,2.446948144401736,47456851.47351671,949137.0291923366,121.87828520429332,2.4375657033719156,"[2.357,2.642]",2.5,"[1.050,1.500]",1.25,0.002,0.0,1124,2.249,0.24,-5.273316477470999,37,3.726683522529001,0.005,0.0,449,2.2475,0.1,-0.2758164774709999,40,3.774183522529,2.2599522210569702,2.2594815203165175,0.7461952482108528,0.7597928934741537,2.2203158498709357,2.208220475277451,0.7725705143144262,0.7664271966179894
26,56,4.6289,20.0,2.2728,1707.094672,34.14189343,E04001,1.177439092,0.02366594,0.0089,4.6377999999999995,2.3560999999999996,2.3649999999999998,1.0,0.0,0.0,1707.094672,34.14189343,0.3490658503988659,0.030153689607045803,0.9698463103929541,0.03109120412576338,0.024639960610216782,2.2481600393897834,4.433234524286382,1.0038491028228866,1.3154428032245686,1.3229505544994091,6.48857039449941,2.5472672404950782,3.8299271681044313,3.822419416829591,0.766294615026824,0.0009580396608210546,1781862.2149076727,35637.244287715475,0.0006630790017228333,0.0006618065442828114,27906.78136126755,27799.777160523357,47639517.77448874,952790.355210707,122.34740725592177,2.446948144401736,47456851.47351671,949137.0291923366,121.87828520429332,2.4375657033719156,"[2.357,2.642]",2.5,"[1.050,1.500]",1.25,0.002,0.0,1124,2.249,0.24,-5.273316477470999,37,3.726683522529001,0.005,0.0,449,2.2475,0.1,-0.2758164774709999,40,3.774183522529,2.2599522210569702,2.2594815203165175,0.7461952482108528,0.7597928934741537,2.2203158498709357,2.208220475277451,0.7725705143144262,0.7664271966179894
26,56,4.6289,20.0,2.2893,1723.297594,34.46595187,E04001,1.206988281,0.012476081,0.0089,4.6377999999999995,2.3396,2.3485,1.0,0.0,0.0,1723.297594,34.46595187,0.3490658503988659,0.030153689607045803,0.9698463103929541,0.03109120412576338,0.024639960610216782,2.264660039389783,4.433234524286382,1.0038491028228866,1.306230627912313,1.3137206669098784,6.554615156909878,2.5601982651564072,3.8701023524166875,3.862612313419122,0.7632131633092684,0.0009584900068806446,1797929.6410281642,35958.592810130205,0.0006630790017228334,0.0006618065442828117,28763.20946336463,28652.921422632826,49567569.6639343,991351.3929910538,127.29901383693688,2.545980276000043,49377510.5486942,987550.2106873548,126.8109056221339,2.536218111706816,"[2.357,2.642]",2.5,"[1.050,1.500]",1.25,0.002,0.0,1132,2.265,0.24,-5.273316477470999,38,3.966683522529001,0.005,0.0,452,2.2625,0.1,-0.2758164774709999,41,3.8741835225290004,2.2752856576201026,2.2744815203165176,0.7341205426470808,0.7578448336898483,2.2580817241395157,2.2615098697287466,0.7475883028695245,0.7595296401105015
26,56,4.6289,20.0,2.2893,1723.297594,34.46595187,E04001,1.183776968,0.022514974,0.0089,4.6377999999999995,2.3396,2.3485,1.0,0.0,0.0,1723.297594,34.46595187,0.3490658503988659,0.030153689607045803,0.9698463103929541,0.03109120412576338,0.024639960610216782,2.264660039389783,4.433234524286382,1.0038491028228866,1.306230627912313,1.3137206669098784,6.554615156909878,2.5601982651564072,3.8701023524166875,3.862612313419122,0.7632131633092684,0.0009584900068806446,1797929.6410281642,35958.592810130205,0.0006630790017228334,0.0006618065442828117,28763.20946336463,28652.921422632826,49567569.6639343,991351.3929910538,127.29901383693688,2.545980276000043,49377510.5486942,987550.2106873548,126.8109056221339,2.536218111706816,"[2.357,2.642]",2.5,"[1.050,1.500]",1.25,0.002,0.0,1132,2.265,0.24,-5.273316477470999,38,3.966683522529001,0.005,0.0,452,2.2625,0.1,-0.2758164774709999,41,3.8741835225290004,2.2752856576201026,2.2744815203165176,0.7341205426470808,0.7578448336898483,2.2580817241395157,2.2615098697287466,0.7475883028695245,0.7595296401105015
26,56,4.6289,20.0,2.3057,1739.483723,34.78967445,E04001,1.1612641,0.021673097,0.0089,4.6377999999999995,2.3232,2.3321,1.0,0.0,0.0,1739.483723,34.78967445,0.3490658503988659,0.030153689607045803,0.9698463103929541,0.03109120412576338,0.024639960610216782,2.281060039389783,4.433234524286382,1.0038491028228866,1.2970742839655862,1.3045467180330117,6.620799208033011,2.5730913718780006,3.9100340507634135,3.902561616695988,0.7601172971097954,0.0009587938805925209,1814241.5781012536,36284.8315515953,0.0006630790017228333,0.0006618065442828114,29640.487114315434,29526.835289252664,51559144.877142936,1031182.8972464539,132.4137604816168,2.648275208871112,51361449.377357006,1027228.9872518717,131.90604056850879,2.63812081061187,"[2.357,2.642]",2.5,"[1.050,1.500]",1.25,0.002,0.0,1140,2.281,0.24,-5.273316477470999,38,3.966683522529001,0.005,0.0,456,2.2825,0.1,-0.2758164774709999,41,3.8741835225290004,2.290614776537808,2.2944815203165176,0.7207491913714068,0.7552430439682865,2.2580817241395157,2.2615098697287466,0.7475883028695245,0.7595296401105015
26,56,4.6289,20.0,2.3221,1755.727769,35.11455538,E04001,1.156215693,0.021415621,0.0089,4.6377999999999995,2.3068,2.3157,1.0,0.0,0.0,1755.727769,35.11455538,0.3490658503988659,0.030153689607045803,0.9698463103929541,0.03109120412576338,0.024639960610216782,2.297460039389783,4.433234524286382,1.0038491028228866,1.2879179400188594,1.2953727691561447,6.6875211791561435,2.5860242031265184,3.94996574911014,3.9425109199728547,0.7569883302981225,0.0009589593731823083,1830867.7281849955,36617.354563699904,0.0006630790017228334,0.0006618065442828117,30544.50975981265,30427.391600908515,53627843.97579459,1072556.8795158917,137.72657603761786,2.754531520752357,53422216.371952444,1068444.3274390488,137.1984849618554,2.743969699237108,"[2.357,2.642]",2.5,"[1.050,1.500]",1.25,0.002,0.0,1148,2.297,0.24,-5.273316477470999,38,3.966683522529001,0.005,0.0,459,2.2975,0.1,-0.2758164774709999,42,3.974183522529,2.3059395814553696,2.3094815203165173,0.7058615449313471,0.7532885752353965,2.2580817241395157,2.3147992641800412,0.7475883028695245,0.7525950665825504
26,56,4.6289,20.0,2.3385,1772.077077,35.44154153,E04001,1.139905271,0.021105177,0.0089,4.6377999999999995,2.2904,2.2993,1.0,0.0,0.0,1772.077077,35.44154153,0.3490658503988659,0.030153689607045803,0.9698463103929541,0.03109120412576338,0.024639960610216782,2.313860039389783,4.433234524286382,1.0038491028228866,1.2787615960721328,1.2861988202792778,6.754781070279277,2.5989961658839125,3.9898974474568676,3.9824602232497224,0.7538261544424083,0.0009589912721262071,1847855.2709568222,36957.10540870883,0.0006630790017228333,0.0006618065442828114,31476.084544867907,31355.39440774035,55778047.89567439,1115560.9575987272,143.24871158722854,2.864974230936205,55564175.67025066,1111283.5130914594,142.69944674394208,2.853988934073575,"[2.357,2.642]",2.5,"[1.050,1.500]",1.25,0.002,0.0,1156,2.313,0.24,-5.273316477470999,38,3.966683522529001,0.005,0.0,462,2.3125,0.1,-0.2758164774709999,42,3.974183522529,2.3212600760129547,2.3244815203165174,0.68918535837362,0.7513315593012512,2.2580817241395157,2.3147992641800412,0.7475883028695245,0.7525950665825504
26,56,4.6289,20.0,2.355,1788.587941,35.77175881,E04001,1.107018534,0.02051898,0.0089,4.6377999999999995,2.2739,2.2828,1.0,0.0,0.0,1788.587941,35.77175881,0.3490658503988659,0.030153689607045803,0.9698463103929541,0.03109120412576338,0.024639960610216782,2.330360039389783,4.433234524286382,1.0038491028228866,1.2695494207598772,1.2769689326897469,6.822993932689747,2.612086126583453,4.030072631769124,4.022653119839254,0.7506110766504484,0.0009588932623021216,1865262.8100712046,37305.2561909954,0.0006630790017228333,0.0006618065442828114,32441.98628830052,32317.59255158133,58025345.457341656,1160506.9088224133,149.02020220776924,2.980404043322213,57802856.31990979,1156057.1260750198,148.4488074838291,2.9689761488466044,"[2.357,2.642]",2.5,"[1.050,1.500]",1.25,0.002,0.0,1165,2.331,0.24,-5.273316477470999,38,3.966683522529001,0.005,0.0,466,2.3325,0.1,-0.2758164774709999,42,3.974183522529,2.3384904846889185,2.3444815203165175,0.6678580581825743,0.7487184467176587,2.2580817241395157,2.3147992641800412,0.7475883028695245,0.7525950665825504
26,56,4.6289,20.0,2.3714,1805.119308,36.10238616,E04001,1.141198807,0.020829648,0.0089,4.6377999999999995,2.2575,2.2664,1.0,0.0,0.0,1805.119308,36.10238616,0.3490658503988659,0.030153689607045803,0.9698463103929541,0.03109120412576338,0.024639960610216782,2.346760039389783,4.433234524286382,1.0038491028228866,1.2603930768131504,1.2677949838128801,6.8913329438128805,2.625134842977191,4.07000433011585,4.06260242311612,0.7473819639554807,0.0009586710946963519,1882939.1206081486,37658.782412162975,0.0006630790017228334,0.0006618065442828117,33431.370489531924,33303.18311339903,60347612.36355549,1206952.2472711098,154.9842284658949,3.0996845693178976,60116218.855856135,1202324.3771171228,154.38996561342685,3.087799312268537,"[2.357,2.642]",2.5,"[1.050,1.500]",1.25,0.002,0.0,1173,2.347,0.24,-5.273316477470999,38,3.966683522529001,0.005,0.0,469,2.3475,0.1,-0.2758164774709999,43,4.074183522529001,2.353801831794634,2.3594815203165176,0.6461301355298759,0.746755945625999,2.2580817241395157,2.3680886586313368,0.7475883028695245,0.7456288631651793
26,56,4.6289,20.0,2.3878,1821.723992,36.43447984,E04001,1.12530768,0.02063979,0.0089,4.6377999999999995,2.2411,2.25,1.0,0.0,0.0,1821.723992,36.43447984,0.3490658503988659,0.030153689607045803,0.9698463103929541,0.03109120412576338,0.024639960610216782,2.363160039389783,4.433234524286382,1.0038491028228866,1.2512367328664236,1.2586210349360132,6.960209874936012,2.638220967799326,4.109936028462576,4.102551726392987,0.7441193324014731,0.000958328983265597,1900938.011696466,38018.76023392932,0.0006630790017228333,0.0006618065442828114,34450.890105416474,34318.79354032235,62760013.0507926,1255200.261015852,161.1797355393086,3.2235947107861724,62519369.56889985,1250387.3913779971,160.5617169812286,3.211234339624573,"[2.357,2.642]",2.5,"[1.050,1.500]",1.25,0.002,0.0,1181,2.363,0.24,-5.273316477470999,39,4.206683522529001,0.005,0.0,472,2.3625000000000003,0.1,-0.2758164774709999,43,4.074183522529001,2.369108879882937,2.3744815203165177,0.6211949277164108,0.7447912877947538,2.295406563984193,2.3680886586313368,0.7162690972206158,0.7456288631651793
26,56,4.6289,20.0,2.4043,1838.511301,36.77022602,E04001,1.125910947,0.020342546,0.0089,4.6377999999999995,2.2245999999999997,2.2335,1.0,0.0,0.0,1838.511301,36.77022602,0.3490658503988659,0.030153689607045803,0.9698463103929541,0.03109120412576338,0.024639960610216782,2.3796600393897833,4.433234524286382,1.0038491028228866,1.2420245575541677,1.2493911473464823,7.030049637346483,2.651424077235945,4.150111212774832,4.1427446229825176,0.7408028821143562,0.000957868092899654,1919378.3722709324,38387.56744541865,0.0006630790017228336,0.0006618065442828118,35507.96291967859,35371.81317374093,65281791.10331804,1305635.8220663609,167.65614463861726,3.3531228927723453,65031478.25678337,1300629.5651356676,167.013293299917,3.34026586599834,"[2.642,2.923]",2.783,"[1.050,1.500]",1.25,0.002,0.0,1189,2.379,0.24,-6.768405477470999,45,4.151594522529001,0.005,0.0,475,2.3775,0.1,-0.2758164774709999,44,4.174183522529001,2.39811423547264,2.3894815203165174,0.8054693805801065,0.7428245882102926,2.51088392924068,2.421378053082632,0.74944411932805,0.7386362612549309
26,56,4.6289,20.0,2.4207,1855.291941,37.10583881,E04001,1.115727371,0.020104653,0.0089,4.6377999999999995,2.2081999999999997,2.2171,1.0,0.0,0.0,1855.291941,37.10583881,0.3490658503988659,0.030153689607045803,0.9698463103929541,0.03109120412576338,0.024639960610216782,2.3960600393897833,4.433234524286382,1.0038491028228866,1.2328682136074411,1.2402171984696153,7.100005688469616,2.6645835863169345,4.190042911121559,4.182693926259384,0.7374727174084809,0.0009572982182100402,1938050.1349611115,38761.00268877617,0.0006630790017228334,0.0006618065442828117,36590.72485163514,36450.42342393864,67886476.93258709,1357729.5382858347,174.34547679004308,3.486909534861142,67626176.82447098,1352523.5361249156,173.6769762504869,3.4735395240736215,"[2.642,2.923]",2.783,"[1.050,1.500]",1.25,0.002,0.0,1198,2.3970000000000002,0.24,-6.768405477470999,45,4.151594522529001,0.005,0.0,479,2.3975,0.1,-0.2758164774709999,44,4.174183522529001,2.4153203815446602,2.4094815203165174,0.7987365511486455,0.7401993428977406,2.51088392924068,2.421378053082632,0.74944411932805,0.7386362612549309
26,56,4.6289,20.0,2.4371,1872.155286,37.44310572,E04001,1.11101895,0.02003039,0.0089,4.6377999999999995,2.1917999999999997,2.2007,1.0,0.0,0.0,1872.155286,37.44310572,0.3490658503988659,0.030153689607045803,0.9698463103929541,0.03109120412576338,0.024639960610216782,2.4124600393897833,4.433234524286382,1.0038491028228866,1.2237118696607145,1.2310432495927484,7.170499659592748,2.6777788668209235,4.229974609468286,4.222643229536253,0.7341087495222728,0.000956620987947358,1957050.1897696427,39141.003795392855,0.0006630790017228332,0.0006618065442828113,37706.46139427563,37561.88184881841,70592351.01564805,1411847.0203129612,181.29467976037176,3.625893595207436,70321675.65537284,1406433.5131074567,180.59953358583454,3.6119906717166903,"[2.642,2.923]",2.783,"[1.050,1.500]",1.25,0.002,0.0,1206,2.4130000000000003,0.24,-6.768405477470999,45,4.151594522529001,0.005,0.0,482,2.4125,0.1,-0.2758164774709999,44,4.174183522529001,2.430610181171197,2.4244815203165175,0.7923056073761576,0.7382283207394749,2.51088392924068,2.421378053082632,0.74944411932805,0.7386362612549309
26,56,4.6289,20.0,2.4535,1889.096478,37.78192957,E04001,1.106349,0.020009566,0.0089,4.6377999999999995,2.1754,2.1843,1.0,0.0,0.0,1889.096478,37.78192957,0.3490658503988659,0.030153689607045803,0.9698463103929541,0.03109120412576338,0.024639960610216782,2.4288600393897832,4.433234524286382,1.0038491028228866,1.2145555257139877,1.2218693007158814,7.241531550715881,2.6910093925357974,4.269906307815012,4.262592532813119,0.7307108898083626,0.0009558403657599208,1976372.3584723412,39527.44717990883,0.0006630790017228333,0.0006618065442828114,38856.17868318286,38707.19072609304,73403070.2989394,1468061.4063673501,188.5131452885655,3.7702629067692115,73121617.67393662,1462432.3538658044,187.79032103376366,3.755806421669348,"[2.642,2.923]",2.783,"[1.050,1.500]",1.25,0.002,0.0,1214,2.4290000000000003,0.24,-6.768405477470999,45,4.151594522529001,0.005,0.0,485,2.4275,0.1,-0.2758164774709999,45,4.274183522529,2.4458956998995802,2.4394815203165177,0.78540742871161,0.736255632831203,2.51088392924068,2.4746674475339265,0.74944411932805,0.7316223327723494
26,56,4.6289,20.0,2.47,1906.223268,38.12446536,E04001,1.101654793,0.019777327,0.0089,4.6377999999999995,2.1588999999999996,2.1677999999999997,1.0,0.0,0.0,1906.223268,38.12446536,0.3490658503988659,0.030153689607045803,0.9698463103929541,0.03109120412576338,0.024639960610216782,2.4453600393897834,4.433234524286382,1.0038491028228866,1.2053433504017321,1.2126394131263505,7.313539413126351,2.704355637324047,4.310081492127269,4.30278542940265,0.727258022455293,0.0009549545431276167,1996140.3207286056,39922.806414572115,0.0006630790017228333,0.0006618065442828114,40048.24915525622,39894.69038985843,76340904.38241075,1526818.0876482152,196.05806597315893,3.921161319463179,76048187.09080413,1520963.7418160825,195.30631189670973,3.9061262379341946,"[2.642,2.923]",2.783,"[1.050,1.500]",1.25,0.002,0.0,1222,2.445,0.24,-6.768405477470999,46,4.391594522529001,0.005,0.0,489,2.4475000000000002,0.1,-0.2758164774709999,45,4.274183522529,2.4611769413235365,2.4594815203165177,0.7779896286973187,0.733622982124705,2.545501321411908,2.4746674475339265,0.7243416588384791,0.7316223327723494
26,56,4.6289,20.0,2.4864,1923.318599,38.46637199,E04001,1.107460824,0.01965353,0.0089,4.6377999999999995,2.1424999999999996,2.1513999999999998,1.0,0.0,0.0,1923.318599,38.46637199,0.3490658503988659,0.030153689607045803,0.9698463103929541,0.03109120412576338,0.024639960610216782,2.4617600393897834,4.433234524286382,1.0038491028228866,1.196187006455005,1.2034654642494838,7.3856504242494845,2.717655317410485,4.3500131904739945,4.342734732679516,0.72379191753275,0.0009539780265168294,2016103.6685744566,40322.07338197155,0.0006630790017228335,0.0006618065442828117,41269.301786228694,41111.06108495473,79374015.69319756,1587480.3142766443,203.84767682837418,4.076953537627358,79069668.40931855,1581393.3685974816,203.06605470398063,4.0613210951354235,"[2.642,2.923]",2.783,"[1.050,1.500]",1.25,0.002,0.0,1230,2.461,0.24,-6.768405477470999,46,4.391594522529001,0.005,0.0,492,2.4625,0.1,-0.2758164774709999,46,4.374183522529,2.4764539090317825,2.4744815203165174,0.7699916795596036,0.731646835784372,2.545501321411908,2.5279568419852216,0.7243416588384791,0.7245919871144376
26,56,4.6289,20.0,2.5028,1940.469608,38.80939215,E04001,1.077058869,0.019376753,0.0089,4.6377999999999995,2.1260999999999997,2.135,1.0,0.0,0.0,1940.469608,38.80939215,0.3490658503988659,0.030153689607045803,0.9698463103929541,0.03109120412576338,0.024639960610216782,2.4781600393897834,4.433234524286382,1.0038491028228866,1.1870306625082785,1.1942915153726168,7.458299355372617,2.730988713885983,4.389944888820723,4.382684035956384,0.7202916729958001,0.0009529093936423258,2036363.1851533144,40727.26369257211,0.0006630790017228334,0.0006618065442828117,42527.56156112818,42364.49625898754,82523440.71171828,1650468.8138090898,211.936003565579,4.238720070219391,82207017.44879504,1644140.3485522557,211.12336801377984,4.222467359187595,"[2.642,2.923]",2.783,"[1.050,1.500]",1.25,0.002,0.0,1239,2.479,0.24,-6.768405477470999,46,4.391594522529001,0.005,0.0,495,2.4775,0.1,-0.2758164774709999,46,4.374183522529,2.4936353937396802,2.4894815203165175,0.7602125329172377,0.7296693883458981,2.545501321411908,2.5279568419852216,0.7243416588384791,0.7245919871144376
26,56,4.6289,20.0,2.5192,1957.695875,39.1539175,E04001,1.062473506,0.019104091,0.0089,4.6377999999999995,2.1096999999999997,2.1186,1.0,0.0,0.0,1957.695875,39.1539175,0.3490658503988659,0.030153689607045803,0.9698463103929541,0.03109120412576338,0.024639960610216782,2.4945600393897833,4.433234524286382,1.0038491028228866,1.177874318561552,1.1851175664957498,7.53148620649575,2.7443553353193444,4.429876587167449,4.422633339233251,0.7167572128401154,0.0009517521905766576,2056938.659435972,41138.773188719446,0.0006630790017228332,0.0006618065442828113,43824.17319401761,43656.13623679225,85794403.08721384,1715888.061744277,220.3364615166429,4.406729230332858,85465437.8292062,1709308.7565841242,219.491615718979,4.389832314379581,"[2.642,2.923]",2.783,"[1.050,1.500]",1.25,0.002,0.0,1247,2.495,0.24,-6.768405477470999,46,4.391594522529001,0.005,0.0,498,2.4925,0.1,-0.2758164774709999,46,4.374183522529,2.5089032916948,2.5044815203165176,0.750733451933359,0.7276907469671701,2.545501321411908,2.5279568419852216,0.7243416588384791,0.7245919871144376
26,56,4.6289,20.0,2.5357,1975.07908,39.50158161,E04001,1.063248566,0.019594152,0.0089,4.6377999999999995,2.0932,2.1021,1.0,0.0,0.0,1975.07908,39.50158161,0.3490658503988659,0.030153689607045803,0.9698463103929541,0.03109120412576338,0.024639960610216782,2.511060039389783,4.433234524286382,1.0038491028228866,1.1686621432492963,1.1758876789062194,7.6056621689062185,2.757836501481953,4.470051771479703,4.46282623582278,0.7131665983902418,0.0009505020356470672,2077932.5092717323,41558.65019595541,0.0006630790017228334,0.0006618065442828117,45168.590330230196,44995.39841517344,89211537.83432795,1784230.757138245,229.11231811814307,4.582246363522877,88869470.10607421,1777389.4025714383,228.23382266703715,4.564676454496311,"[2.642,2.923]",2.783,"[1.050,1.500]",1.25,0.002,0.0,1255,2.511,0.24,-6.768405477470999,46,4.391594522529001,0.005,0.0,502,2.5125,0.1,-0.2758164774709999,47,4.474183522529,2.524166927116646,2.5244815203165176,0.7404118801906902,0.7250508844865543,2.545501321411908,2.5812462364365163,0.7243416588384791,0.7175499687697796
26,56,4.6289,20.0,2.5521,1992.409713,39.84819426,E04001,1.104190562,0.021180383,0.0089,4.6377999999999995,2.0768,2.0857,1.0,0.0,0.0,1992.409713,39.84819426,0.3490658503988659,0.030153689607045803,0.9698463103929541,0.03109120412576338,0.024639960610216782,2.527460039389783,4.433234524286382,1.0038491028228866,1.1595057993025697,1.1667137300293522,7.679928140029351,2.7712683269631886,4.50998346982643,4.502775539099648,0.7095632825786661,0.0009491774505353056,2099090.8621737114,41981.81724347423,0.0006630790017228332,0.0006618065442828113,46545.745415742975,46367.2730142941,92738195.26515153,1854763.9053030305,238.16944995108017,4.763388999021603,92382605.11900236,1847652.102380047,237.25622634052542,4.745124526810508,"[2.642,2.923]",2.783,"[1.050,1.500]",1.25,0.002,0.0,1263,2.527,0.24,-6.768405477470999,46,4.391594522529001,0.005,0.0,505,2.5275,0.1,-0.2758164774709999,47,4.474183522529,2.5394263035733076,2.5394815203165173,0.729130924702639,0.7230698681284046,2.545501321411908,2.5812462364365163,0.7243416588384791,0.7175499687697796
26,56,4.6289,20.0,2.5685,2009.792351,40.19584702,E04001,1.084689171,0.022241104,0.0089,4.6377999999999995,2.0604,2.0693,1.0,0.0,0.0,2009.792351,40.19584702,0.3490658503988659,0.030153689607045803,0.9698463103929541,0.03109120412576338,0.024639960610216782,2.543860039389783,4.433234524286382,1.0038491028228866,1.1503494553558427,1.1575397811524852,7.754732031152484,2.7847319496052907,4.5499151681731576,4.542724842376515,0.7059255428445022,0.000947774371640256,2120538.8235195405,42410.77647039081,0.0006630790017228334,0.0006618065442828117,47964.92793262356,47781.01389715165,96399545.27525309,1927990.9055050616,247.57249812870575,4.951449962574115,96029916.25352009,1920598.325070402,246.62321999642808,4.932464399928562,"[2.642,2.923]",2.783,"[1.050,1.500]",1.25,0.002,0.0,1271,2.543,0.24,-6.768405477470999,47,4.631594522529001,0.005,0.0,508,2.5425,0.1,-0.2758164774709999,48,4.574183522529001,2.554681424627887,2.5544815203165174,0.7167510107293508,0.7210880074996352,2.5797780972026825,2.6345356308878123,0.693524668496635,0.7105008555636125
26,56,4.6289,25.0,1.1533,6.882186546,0.137643731,E04001,0.764291983,0.067711039,0.0089,4.6377999999999995,3.4756,3.4845,1.0,0.0,0.0,6.882186546,0.137643731,0.4363323129985824,0.04684610648167502,0.953153893518325,0.049148523444366925,0.038167628976738754,1.1151323710232612,4.433234524286382,1.0038491028228866,3.0146790281345575,3.0282099188662497,4.35831080886625,2.0876567746797483,0.029897696194442602,0.016366805462750378,0.8760612373433346,-0.0003414824875331777,-20153.849164318686,-403.0769835206463,0.00026999722519638667,0.0002694790969234453,6746.958524081382,6721.088363887074,46433.8271808529,928.6765441568148,0.11925096285481593,0.002385019258482517,46255.78391242077,925.1156787861024,0.11879371363631719,0.002375874274107227,"[2.067,2.357]",2.213,"[3.000,3.500]",3.25,0.002,0.0,557,1.115,0.12,-3.920685477471,32,-0.020685477470999913,0.005,0.0,223,1.1175,0.1,-2.275816477471,22,-0.02581647747099991,1.1492817226375394,1.1486519528229457,0.8813684806890699,0.8785781588127469,1.2700484264524539,1.2490113751541396,0.8721641592619424,0.8729960775014496
26,56,4.6289,25.0,1.1679,8.352504077,0.167050082,E04001,0.82250783,0.062256779,0.0089,4.6377999999999995,3.461,3.4699,1.0,0.0,0.0,8.352504077,0.167050082,0.4363323129985824,0.04684610648167502,0.953153893518325,0.049148523444366925,0.038167628976738754,1.1297323710232612,4.433234524286382,1.0038491028228866,3.002015225104645,3.0155217671040315,4.379512177104031,2.092728405002434,0.06995907082435515,0.05645252882496843,0.8750750856575468,-0.00032306845822780783,-25853.666194520087,-517.0733253142486,0.0002699972251963866,0.00026947909692344517,6862.478463576429,6836.165360190798,57318.879345346824,1146.3775900636765,0.1472058619047063,0.0029441172462012387,57099.09904203982,1141.9819839854324,0.14664142398569086,0.0029328284877898443,"[2.067,2.357]",2.213,"[3.000,3.500]",3.25,0.002,0.0,564,1.129,0.12,-3.920685477471,33,0.09931452252899975,0.005,0.0,225,1.1275,0.1,-2.275816477471,23,0.07418352252900018,1.1629781614646149,1.1586519528229458,0.8804353469148397,0.8780398189678454,1.2970532675790754,1.3023007696054347,0.8697666727663083,0.8698733806552539
26,56,4.6289,25.0,1.1825,10.00466858,0.200093372,E04001,0.776637421,0.053774895,0.0089,4.6377999999999995,3.4463999999999997,3.4553,1.0,0.0,0.0,10.00466858,0.200093372,0.4363323129985824,0.04684610648167502,0.953153893518325,0.049148523444366925,0.038167628976738754,1.1443323710232614,4.433234524286382,1.0038491028228866,2.9893514220747317,3.002833615341814,4.401139865341814,2.0978893834856533,0.11002044545426859,0.09653825218718648,0.8740721838909896,-0.00030490230954767706,-32812.701861268084,-656.2540385372572,0.00026999722519638667,0.0002694790969234453,6981.106072390592,6954.338109940312,69843.65257609337,1396.8730543143097,0.17937187875030103,0.0035874375821775472,69575.84798321643,1391.5169624460636,0.17868410525635378,0.003573682112271104,"[2.067,2.357]",2.213,"[3.000,3.500]",3.25,0.002,0.0,572,1.145,0.12,-3.920685477471,33,0.09931452252899975,0.005,0.0,228,1.1425,0.1,-2.275816477471,23,0.07418352252900018,1.1786269281640784,1.1736519528229459,0.8793371840969032,0.877224817052561,1.2970532675790754,1.3023007696054347,0.8697666727663083,0.8698733806552539
26,56,4.6289,25.0,1.1971,11.83883565,0.236776713,E04001,0.788084257,0.048568965,0.0089,4.6377999999999995,3.4318,3.4407,1.0,0.0,0.0,11.83883565,0.236776713,0.4363323129985824,0.04684610648167502,0.953153893518325,0.049148523444366925,0.038167628976738754,1.1589323710232613,4.433234524286382,1.0038491028228866,2.9766876190448195,2.9901454635795965,4.423193873579597,2.1031390523642504,0.1500818200841807,0.13662397554940364,0.8730524138892098,-0.00028698509031288284,-41252.44150172686,-825.0488300345372,0.00026999722519638667,0.0002694790969234453,7102.91749477129,7075.6824654197935,84090.27285610704,1681.8054571221408,0.21595992864766406,0.004319198572953281,83767.84181969175,1675.3568363938348,0.21513186398271533,0.0043026372796543064,"[2.067,2.357]",2.213,"[2.500,3.000]",2.75,0.002,0.0,579,1.159,0.12,-3.920685477471,33,0.09931452252899975,0.005,0.0,231,1.1575,0.1,-1.775816477471,19,0.17418352252900027,1.1923158341000928,1.1838593446963388,0.878347535810486,0.870781573035302,1.2970532675790754,1.0891431918002543,0.8697666727663083,0.8766560637052335
26,56,4.6289,25.0,1.2116,13.83586133,0.276717227,E04001,0.852856192,0.046834815,0.0089,4.6377999999999995,3.4173,3.4262,1.0,0.0,0.0,13.83586133,0.276717227,0.4363323129985824,0.04684610648167502,0.953153893518325,0.049148523444366925,0.038167628976738754,1.1734323710232613,4.433234524286382,1.0038491028228866,2.964110554391824,2.977544216966435,4.445518776966435,2.108439891712931,0.18986880173717635,0.17643513916256515,0.8720228163961804,-0.0002694378437314284,-51350.846408165955,-1027.0169296478916,0.00026999722519638667,0.0002694790969234453,7227.122922956979,7199.411647262378,99993.47057689703,1999.86941442879,0.25680238673943934,0.005136047742213041,99610.06120910915,1992.2012270619475,0.25581771803879183,0.0051163543681716234,"[2.067,2.357]",2.213,"[2.500,3.000]",2.75,0.002,0.0,586,1.173,0.12,-3.920685477471,34,0.21931452252899986,0.005,0.0,234,1.1725,0.1,-1.775816477471,19,0.17418352252900027,1.2060012289378292,1.198859344696339,0.87733007039282,0.8698139473131447,1.3237357361743323,1.0891431918002543,0.8672554007146976,0.8766560637052335
26,56,4.6289,25.0,1.2262,16.01518283,0.320303657,E04001,0.817973803,0.042147505,0.0089,4.6377999999999995,3.4027,3.4116,1.0,0.0,0.0,16.01518283,0.320303657,0.4363323129985824,0.04684610648167502,0.953153893518325,0.049148523444366925,0.038167628976738754,1.1880323710232612,4.433234524286382,1.0038491028228866,2.951446751361911,2.9648560652042173,4.4684225052042175,2.1138643535487835,0.2299301763670889,0.21652086252478275,0.870969072166627,-0.0002520192595693229,-63547.45608477874,-1270.9491232827552,0.00026999722519638667,0.0002694790969234453,7355.515243021597,7327.311666999977,117799.92142584275,2355.998431459061,0.30253276344289864,0.006050655276414122,117348.23599939671,2346.964722918859,0.30137274874496334,0.006027454982426443,"[2.067,2.357]",2.213,"[2.500,3.000]",2.75,0.002,0.0,594,1.189,0.12,-3.920685477471,34,0.21931452252899986,0.005,0.0,237,1.1875,0.1,-1.775816477471,19,0.17418352252900027,1.2216373843407595,1.2138593446963388,0.876131928625479,0.8688363273472576,1.3237357361743323,1.0891431918002543,0.8672554007146976,0.8766560637052335
26,56,4.6289,25.0,1.2408,18.35385654,0.367077131,E04001,0.751885576,0.037703248,0.0089,4.6377999999999995,3.3880999999999997,3.397,1.0,0.0,0.0,18.35385654,0.367077131,0.4363323129985824,0.04684610648167502,0.953153893518325,0.049148523444366925,0.038167628976738754,1.2026323710232611,4.433234524286382,1.0038491028228866,2.9387829483319985,2.9521679134419996,4.491752553442,2.1193755102487146,0.26999155099700145,0.25660658588700036,0.8698981047961588,-0.00023485177785697946,-78150.80944874587,-1563.0161898265187,0.0002699972251963866,0.00026947909692344517,7487.33137128558,7458.622366878382,137421.405856017,2748.4281186178064,0.35292449406259463,0.007058489885097673,136894.48490772108,2737.889699646146,0.3515712601327718,0.007031425206486469,"[2.067,2.357]",2.213,"[2.500,3.000]",2.75,0.002,0.0,601,1.203,0.12,-3.920685477471,34,0.21931452252899986,0.005,0.0,240,1.2025000000000001,0.1,-1.775816477471,20,0.27418352252900036,1.2353152644849672,1.228859344696339,0.8750514833811146,0.8678487877389109,1.3237357361743323,1.1424325862515496,0.8672554007146976,0.8734014208694898
26,56,4.6289,25.0,1.2554,20.84046918,0.416809384,E04001,0.873300877,0.03877072,0.0089,4.6377999999999995,3.3735,3.3824,1.0,0.0,0.0,20.84046918,0.416809384,0.4363323129985824,0.04684610648167502,0.953153893518325,0.049148523444366925,0.038167628976738754,1.2172323710232613,4.433234524286382,1.0038491028228866,2.926119145302086,2.939479761679782,4.515508921679782,2.1249726872785404,0.31005292562691444,0.2966923092492184,0.8688097953321103,-0.00021793581281955,-95626.63846008561,-1912.5327710371153,0.0002699972251963866,0.00026947909692344517,7622.6556919319,7593.427807522579,158859.72101745833,3177.194423398229,0.4079821940240803,0.008159643888312182,158250.5981932293,3165.011966901957,0.40641784993064084,0.008128357006413367,"[2.067,2.357]",2.213,"[2.500,3.000]",2.75,0.002,0.0,608,1.217,0.12,-3.920685477471,35,0.33931452252899996,0.005,0.0,243,1.2175,0.1,-1.775816477471,20,0.27418352252900036,1.2489896420059878,1.2438593446963389,0.873939962306207,0.8668514035825456,1.3501071088387828,1.1424325862515496,0.8646231541498038,0.8734014208694898
26,56,4.6289,25.0,1.27,23.46444354,0.469288871,E04001,0.852353475,0.036182405,0.0089,4.6377999999999995,3.3588999999999998,3.3678,1.0,0.0,0.0,23.46444354,0.469288871,0.4363323129985824,0.04684610648167502,0.953153893518325,0.049148523444366925,0.038167628976738754,1.2318323710232613,4.433234524286382,1.0038491028228866,2.9134553422721727,2.926791609917564,4.539691609917564,2.1306552067187137,0.35011430025682744,0.336778032611436,0.8677040246511696,-0.00020127162837059196,-116580.9792962773,-2331.619586919228,0.00026999722519638667,0.0002694790969234453,7761.57478048312,7731.814232494789,182121.03321813408,3642.4206659149963,0.4677216995874059,0.009354433995734759,181422.71852014243,3628.4543719492112,0.4659282936769512,0.00931856587751038,"[2.067,2.357]",2.213,"[2.500,3.000]",2.75,0.002,0.0,615,1.231,0.12,-3.920685477471,35,0.33931452252899996,0.005,0.0,246,1.2325,0.1,-1.775816477471,21,0.374183522529,1.2626605195932967,1.2588593446963388,0.8727962159922825,0.8658442504525169,1.3501071088387828,1.1957219807028445,0.8646231541498038,0.8700171626414535
26,56,4.6289,25.0,1.2845,26.19838224,0.523967645,E04001,0.774857005,0.032368411,0.0089,4.6377999999999995,3.3444,3.3533,1.0,0.0,0.0,26.19838224,0.523967645,0.4363323129985824,0.04684610648167502,0.953153893518325,0.049148523444366925,0.038167628976738754,1.2463323710232612,4.433234524286382,1.0038491028228866,2.9008782776191775,2.914190363304403,4.564130613304403,2.136382599934853,0.38990128190982265,0.3765891962245971,0.8665884277223586,-0.00018497089792185258,-141635.15739145313,-2832.7031489103138,0.00026999722519638667,0.0002694790969234453,7903.187993768775,7872.88445200032,207050.73997533313,4141.0148010873,0.5317459619620153,0.010634919243299686,206256.83620485733,4125.136725671724,0.52970706500281,0.010594141304100016,"[2.067,2.357]",2.213,"[2.500,3.000]",2.75,0.002,0.0,623,1.247,0.12,-3.920685477471,35,0.33931452252899996,0.005,0.0,249,1.2475,0.1,-1.775816477471,21,0.374183522529,1.27828009750543,1.2738593446963389,0.8714480630425667,0.8648274043898319,1.3501071088387828,1.1957219807028445,0.8646231541498038,0.8700171626414535
26,56,4.6289,25.0,1.2991,29.07164692,0.581432938,E04001,0.849625068,0.032368307,0.0089,4.6377999999999995,3.3297999999999996,3.3387,1.0,0.0,0.0,29.07164692,0.581432938,0.4363323129985824,0.04684610648167502,0.953153893518325,0.049148523444366925,0.038167628976738754,1.2609323710232612,4.433234524286382,1.0038491028228866,2.8882144745892644,2.9015022115421853,4.589163021542185,2.1422331856131316,0.42996265653973564,0.4166749195868147,0.8654474982553334,-0.00016880875881103368,-172216.46035880822,-3444.329204806619,0.0002699972251963867,0.00026947909692344533,8049.539211237401,8018.674508550729,234013.361817789,4680.2672331359645,0.6009911396916038,0.012019822785562972,233116.0740789913,4662.321478372356,0.5986867328979814,0.01197373464972223,"[2.067,2.357]",2.213,"[2.500,3.000]",2.75,0.002,0.0,630,1.2610000000000001,0.12,-3.920685477471,36,0.45931452252900007,0.005,0.0,252,1.2625,0.1,-1.775816477471,21,0.374183522529,1.2919434842751727,1.2888593446963388,0.8702311061493773,0.8638009418888788,1.376178019686742,1.1957219807028445,0.861862057850803,0.8700171626414535
26,56,4.6289,25.0,1.3137,32.06121886,0.641224377,E04001,0.810948583,0.029817956,0.0089,4.6377999999999995,3.3152,3.3241,1.0,0.0,0.0,32.06121886,0.641224377,0.4363323129985824,0.04684610648167502,0.953153893518325,0.049148523444366925,0.038167628976738754,1.2755323710232613,4.433234524286382,1.0038491028228866,2.875550671559352,2.888814059779968,4.614621749779968,2.148167067474029,0.4700240311696482,0.4567606429490323,0.864288750120393,-0.000152898328840974,-209689.79257677906,-4193.795850227523,0.00026999722519638667,0.0002694790969234453,8199.757968155516,8168.317275073796,262894.2348160629,5257.884694681306,0.6751627538408675,0.01350325507260564,261886.20787405976,5237.7241558475325,0.6725739475607115,0.013451478947018671,"[2.067,2.357]",2.213,"[2.500,3.000]",2.75,0.002,0.0,637,1.2750000000000001,0.12,-3.920685477471,36,0.45931452252900007,0.005,0.0,255,1.2775,0.1,-1.775816477471,22,0.4741835225290001,1.3056033795414521,1.303859344696339,0.8689778996967272,0.8627649398841558,1.376178019686742,1.2490113751541396,0.861862057850803,0.8665065756210781
26,56,4.6289,25.0,1.3283,35.1614166,0.703228332,E04001,0.856051971,0.029577875,0.0089,4.6377999999999995,3.3005999999999998,3.3095,1.0,0.0,0.0,35.1614166,0.703228332,0.4363323129985824,0.04684610648167502,0.953153893518325,0.049148523444366925,0.038167628976738754,1.2901323710232613,4.433234524286382,1.0038491028228866,2.8628868685294395,2.8761259080177504,4.640506798017751,2.154183557178392,0.5100854057995607,0.4968463663112499,0.8631120636371641,-0.00013723930908558324,-256205.14147352008,-5124.102829470401,0.00026999722519638656,0.0002694790969234451,8353.940141110103,8321.908260532682,293736.3695530351,5874.727391060702,0.7543712638255563,0.015087425276511125,292610.083255571,5852.20166511142,0.7514787448673481,0.015029574897346963,"[2.067,2.357]",2.213,"[2.500,3.000]",2.75,0.002,0.0,645,1.291,0.12,-3.920685477471,36,0.45931452252900007,0.005,0.0,258,1.2925,0.1,-1.775816477471,22,0.4741835225290001,1.3212104165385128,1.3188593446963388,0.8674994426486263,0.8617194757370017,1.376178019686742,1.2490113751541396,0.861862057850803,0.8665065756210781
26,56,4.6289,25.0,1.3428,38.34834783,0.766966957,E04001,0.844886464,0.027902115,0.0089,4.6377999999999995,3.2861,3.295,1.0,0.0,0.0,38.34834783,0.766966957,0.4363323129985824,0.04684610648167502,0.953153893518325,0.049148523444366925,0.038167628976738754,1.3046323710232612,4.433234524286382,1.0038491028228866,2.850309803876444,2.8635246614045893,4.666636501404589,2.1602399175565177,0.5498723874525564,0.536657529924411,0.8619255638907204,-0.0001219359514696005,-314495.8264385259,-6289.916532050929,0.0002699972251963866,0.00026947909692344517,8511.086177088147,8478.451744544513,326386.09313008125,6527.721866006059,0.8382220082051157,0.016764440172845552,325134.61655966326,6502.692334584645,0.8350079766450783,0.01670015954161128,"[2.067,2.357]",2.213,"[2.500,3.000]",2.75,0.002,0.0,652,1.305,0.12,-3.920685477471,37,0.5793145225290002,0.005,0.0,260,1.3025,0.1,-1.775816477471,23,0.5741835225290002,1.3348628390158197,1.3288593446963388,0.8661636524556786,0.8610172812838502,1.401958510455536,1.3023007696054347,0.858963472754259,0.8628730275115345
26,56,4.6289,25.0,1.3574,41.66254893,0.833250979,E04001,0.904889426,0.027842752,0.0089,4.6377999999999995,3.2714999999999996,3.2803999999999998,1.0,0.0,0.0,41.66254893,0.833250979,0.4363323129985824,0.04684610648167502,0.953153893518325,0.049148523444366925,0.038167628976738754,1.3192323710232612,4.433234524286382,1.0038491028228866,2.837646000846531,2.8508365096423716,4.6933712696423715,2.1664189967876415,0.589933762082469,0.5767432532866286,0.8607127661699218,-0.00010677662143705418,-390184.1842276351,-7803.68368829884,0.0002699972251963866,0.00026947909692344517,8673.463910358005,8640.206865720835,361358.6145578795,7227.172294626976,0.9280381424100805,0.018560762857111657,359973.0413084162,7199.460829624407,0.9244797248913,0.018489594506701883,"[2.067,2.357]",2.213,"[2.500,3.000]",2.75,0.002,0.0,659,1.319,0.12,-3.920685477471,37,0.5793145225290002,0.005,0.0,263,1.3175000000000001,0.1,-1.775816477471,23,0.5741835225290002,1.3485117783861327,1.343859344696339,0.8647868554830764,0.8599562199306945,1.401958510455536,1.3023007696054347,0.858963472754259,0.8628730275115345
26,56,4.6289,25.0,1.372,45.07861521,0.901572304,E04001,0.858500196,0.025732822,0.0089,4.6377999999999995,3.2569,3.2658,1.0,0.0,0.0,45.07861521,0.901572304,0.4363323129985824,0.04684610648167502,0.953153893518325,0.049148523444366925,0.038167628976738754,1.3338323710232614,4.433234524286382,1.0038491028228866,2.824982197816619,2.838148357880154,4.720532357880154,2.1726786135736122,0.6299951367123815,0.6168289766488466,0.8594816712935148,-9.186703865321487e-05,-490694.11478653864,-9813.882293553714,0.00026999722519638656,0.0002694790969234451,8840.107064371688,8806.211052550381,398499.78477001406,7969.99569363226,1.0234237821097951,0.020468475637655286,396971.79949596775,7939.435988158112,1.0194996232320808,0.020389992460118404,"[2.067,2.357]",2.213,"[2.500,3.000]",2.75,0.002,0.0,666,1.333,0.12,-3.920685477471,37,0.5793145225290002,0.005,0.0,266,1.3325,0.1,-1.775816477471,23,0.5741835225290002,1.3621572373140154,1.3588593446963388,0.8633673576965245,0.858885904717955,1.401958510455536,1.3023007696054347,0.858963472754259,0.8628730275115345
26,56,4.6289,25.0,1.3866,48.59238222,0.971847644,E04001,0.870506817,0.024901022,0.0089,4.6377999999999995,3.2422999999999997,3.2512,1.0,0.0,0.0,48.59238222,0.971847644,0.4363323129985824,0.04684610648167502,0.953153893518325,0.049148523444366925,0.038167628976738754,1.3484323710232613,4.433234524286382,1.0038491028228866,2.812318394786706,2.825460206117936,4.748119766117936,2.179018073839209,0.6700565113422945,0.6569147000110642,0.8582321592354137,-7.720640430726748e-05,-629382.7909225138,-12587.655813269359,0.0002699972251963866,0.00026947909692344517,9011.12176841414,8976.570027381904,437871.8732017422,8757.437460430396,1.1245388471420525,0.022490776933584138,436192.92179513734,8723.85843231212,1.1202269783175367,0.022404539557129316,"[2.067,2.357]",2.213,"[2.500,3.000]",2.75,0.002,0.0,674,1.349,0.12,-3.920685477471,38,0.6993145225290003,0.005,0.0,269,1.3475,0.1,-1.775816477471,24,0.6741835225290003,1.3777477891646157,1.3738593446963387,0.8616904844892807,0.8578064144586665,1.4274580756992221,1.3555901640567298,0.8559179069536813,0.8591199596232335
26,56,4.6289,25.0,1.4012,52.1988346,1.043976692,E04001,0.875498473,0.02413847,0.0089,4.6377999999999995,3.2276999999999996,3.2365999999999997,1.0,0.0,0.0,52.1988346,1.043976692,0.4363323129985824,0.04684610648167502,0.953153893518325,0.049148523444366925,0.038167628976738754,1.3630323710232612,4.433234524286382,1.0038491028228866,2.799654591756793,2.8127720543557184,4.776133494355719,2.1854366827606144,0.710117885972207,0.6970004233732818,0.8569641099180353,-6.279380457427311e-05,-831273.6416258824,-16625.472832517647,0.00026999722519638656,0.0002694790969234451,9186.616880262116,9151.392230593994,479530.6950663702,9590.613901327404,1.2315266816663335,0.02463053363332667,477692.00940450095,9553.840188090018,1.2268045846763256,0.02453609169352651,"[2.067,2.357]",2.213,"[2.500,3.000]",2.75,0.002,0.0,681,1.363,0.12,-3.920685477471,38,0.6993145225290003,0.005,0.0,272,1.3625,0.1,-1.775816477471,24,0.6741835225290003,1.3913857989582326,1.3888593446963389,0.8601733163132653,0.8567178283309224,1.4274580756992221,1.3555901640567298,0.8559179069536813,0.8591199596232335
26,56,4.6289,25.0,1.4157,55.86548235,1.117309647,E04001,0.92543728,0.023986189,0.0089,4.6377999999999995,3.2131999999999996,3.2220999999999997,1.0,0.0,0.0,55.86548235,1.117309647,0.4363323129985824,0.04684610648167502,0.953153893518325,0.049148523444366925,0.038167628976738754,1.3775323710232612,4.433234524286382,1.0038491028228866,2.7870775271037975,2.8001708077425573,4.804377297742557,2.1918889793378127,0.7499048676252027,0.7368115869864429,0.8556862800153637,-4.872440168328678e-05,-1146560.664061735,-22931.213281234694,0.0002699972251963867,0.00026947909692344533,9365.454704620828,9329.54432920703,523205.6445007193,10464.112890014387,1.343692317989957,0.026873846359799138,521199.49405685795,10423.989881137159,1.3385401393609955,0.026770802787219907,"[2.067,2.357]",2.213,"[2.500,3.000]",2.75,0.002,0.0,688,1.377,0.12,-3.920685477471,38,0.6993145225290003,0.005,0.0,275,1.3775,0.1,-1.775816477471,25,0.7741835225290004,1.4050203366616145,1.4038593446963388,0.8586074526674069,0.8556202258646897,1.4274580756992221,1.408879558508025,0.8559179069536813,0.8552508793691798
26,56,4.6289,25.0,1.4303,59.63672737,1.192734547,E04001,0.880329997,0.022469375,0.0089,4.6377999999999995,3.1986,3.2075,1.0,0.0,0.0,59.63672737,1.192734547,0.4363323129985824,0.04684610648167502,0.953153893518325,0.049148523444366925,0.038167628976738754,1.3921323710232612,4.433234524286382,1.0038491028228866,2.774413724073885,2.7874826559803396,4.833240745980339,2.198463269190627,0.7899662422551152,0.7768973103486605,0.8543809248356468,-3.480301019832697e-05,-1713550.8402910167,-34271.01679432707,0.00026999722519638667,0.0002694790969234453,9550.215827629596,9513.597014505258,569543.6176370052,11390.872348920015,1.4626971092969565,0.02925394217612841,567359.791462096,11347.19582543648,1.457088625355903,0.02914177249734496,"[2.067,2.357]",2.213,"[2.500,3.000]",2.75,0.002,0.0,696,1.393,0.12,-3.920685477471,39,0.8193145225290004,0.005,0.0,278,1.3925,0.1,-1.775816477471,25,0.7741835225290004,1.4205984173263744,1.418859344696339,0.8567555051575414,0.8545136869286507,1.4526857036435823,1.408879558508025,0.8527149133534541,0.8552508793691798
26,56,4.6289,25.0,1.4449,63.47908707,1.269581741,E04001,0.902659484,0.022054507,0.0089,4.6377999999999995,3.1839999999999997,3.1929,1.0,0.0,0.0,63.47908707,1.269581741,0.4363323129985824,0.04684610648167502,0.953153893518325,0.049148523444366925,0.038167628976738754,1.4067323710232613,4.433234524286382,1.0038491028228866,2.761749921043972,2.774794504218122,4.862530514218122,2.205114626095007,0.8300276168850282,0.8169830337108785,0.8530566728251059,-2.11262717047109e-05,-3004746.315737525,-60094.92629581674,0.0002699972251963866,0.00026947909692344517,9739.800175975746,9702.454431235548,618273.6234151657,12365.472464407396,1.5878450986352681,0.031756901962699896,615902.9496331087,12318.058988781193,1.5817567542473745,0.03163513507498039,"[2.067,2.357]",2.213,"[2.500,3.000]",2.75,0.002,0.0,703,1.407,0.12,-3.920685477471,39,0.8193145225290004,0.005,0.0,281,1.4075,0.1,-1.775816477471,25,0.7741835225290004,1.434225523757327,1.4338593446963388,0.8550778902856981,0.8533982917170757,1.4526857036435823,1.408879558508025,0.8527149133534541,0.8552508793691798
26,56,4.6289,25.0,1.4595,67.38202055,1.347640411,E04001,0.900833776,0.021370686,0.0089,4.6377999999999995,3.1693999999999996,3.1782999999999997,1.0,0.0,0.0,67.38202055,1.347640411,0.4363323129985824,0.04684610648167502,0.953153893518325,0.049148523444366925,0.038167628976738754,1.4213323710232613,4.433234524286382,1.0038491028228866,2.7490861180140596,2.762106352455904,4.892246602455904,2.2118423547929233,0.8700889915149408,0.8570687570730962,0.8517134038487331,-7.69285412015597e-06,-8759040.467627358,-175180.80935254716,0.00026999722519638667,0.0002694790969234453,9934.328197691304,9896.236565590734,669395.1067672798,13387.902135345597,1.7191348604841443,0.034382697209682886,666828.4156302962,13336.568312605925,1.7125431059805993,0.03425086211961199,"[2.067,2.357]",2.213,"[2.500,3.000]",2.75,0.002,0.0,710,1.421,0.12,-3.920685477471,39,0.8193145225290004,0.005,0.0,284,1.4225,0.1,-1.775816477471,26,0.8741835225290004,1.4478491664169297,1.448859344696339,0.8533443714692059,0.8522741207367289,1.4526857036435823,1.46216895295932,0.8527149133534541,0.8512693527791357
26,56,4.6289,25.0,1.474,71.31394955,1.426278991,E04001,0.91566938,0.021033753,0.0089,4.6377999999999995,3.1548999999999996,3.1637999999999997,1.0,0.0,0.0,71.31394955,1.426278991,0.4363323129985824,0.04684610648167502,0.953153893518325,0.049148523444366925,0.038167628976738754,1.4358323710232612,4.433234524286382,1.0038491028228866,2.736509053361064,2.7495051058427427,4.922181105842743,2.2185989060311786,0.909875973167936,0.8968799206862572,0.8503603947043414,5.409135597543676e-06,13183982.590930821,263679.65181861643,0.00026999722519638667,0.0002694790969234453,10132.538817139528,10093.687177331925,722591.362018905,14451.8272403781,1.8557530340049069,0.037115060680098136,719820.6981377308,14396.413962754617,1.8486374384221822,0.03697274876844364,"[2.067,2.357]",2.213,"[2.500,3.000]",2.75,0.002,0.0,717,1.435,0.12,-3.920685477471,40,0.9393145225289996,0.005,0.0,287,1.4375,0.1,-1.775816477471,26,0.8741835225290004,1.461469347945119,1.4638593446963388,0.8515523511606959,0.8511412547938133,1.4776499132008745,1.46216895295932,0.8493429716607482,0.8512693527791357
26,56,4.6289,25.0,1.4886,75.32470583,1.506494117,E04001,0.864258271,0.019648268,0.0089,4.6377999999999995,3.1403,3.1492,1.0,0.0,0.0,75.32470583,1.506494117,0.4363323129985824,0.04684610648167502,0.953153893518325,0.049148523444366925,0.038167628976738754,1.4504323710232612,4.433234524286382,1.0038491028228866,2.7238452503311517,2.736816954080526,4.952746914080526,2.2254767835411196,0.9499373477978481,0.9369656440484739,0.8489788638102621,1.8361922633451775e-05,4102223.24391964,82044.464900177,0.00026999722519638667,0.0002694790969234453,10337.2919382831,10297.655204566092,778653.474330005,15573.069490735017,1.9997312774250458,0.03999462555912017,775667.8490227093,15513.356984573247,1.9920636197230004,0.03984127240503854,"[2.067,2.357]",2.213,"[2.500,3.000]",2.75,0.002,0.0,725,1.451,0.12,-3.920685477471,40,0.9393145225289996,0.005,0.0,290,1.4525000000000001,0.1,-1.775816477471,27,0.9741835225290001,1.4770310349536047,1.478859344696339,0.8494291390316235,0.8499997749809545,1.4776499132008745,1.5154583474106151,0.8493429716607482,0.8471789970590733
26,56,4.6289,25.0,1.5032,79.37632249,1.58752645,E04001,0.891953643,0.019527234,0.0089,4.6377999999999995,3.1256999999999997,3.1346,1.0,0.0,0.0,79.37632249,1.58752645,0.4363323129985824,0.04684610648167502,0.953153893518325,0.049148523444366925,0.038167628976738754,1.4650323710232613,4.433234524286382,1.0038491028228866,2.7111814473012386,2.724128802318308,4.983739042318309,2.2324289557157937,0.9899987224277615,0.977051367410692,0.8475779565760128,3.1075924552992904e-05,2554270.665532148,51085.413317078805,0.00026999722519638667,0.0002694790969234453,10547.368003689913,10506.925766063896,837211.2840815982,16744.225683741435,2.1501189499369104,0.04300237900415573,834001.1279855781,16680.022561812948,2.141874654159316,0.04283749308858308,"[2.067,2.357]",2.213,"[2.500,3.000]",2.75,0.002,0.0,732,1.465,0.12,-3.920685477471,40,0.9393145225289996,0.005,0.0,293,1.4675,0.1,-1.775816477471,27,0.9741835225290001,1.4906438086456717,1.4938593446963389,0.8475022171673019,0.8488497626642315,1.4776499132008745,1.5154583474106151,0.8493429716607482,0.8471789970590733
26,56,4.6289,25.0,1.5178,83.47190372,1.669438074,E04001,0.910486003,0.019287927,0.0089,4.6377999999999995,3.1110999999999995,3.1199999999999997,1.0,0.0,0.0,83.47190372,1.669438074,0.4363323129985824,0.04684610648167502,0.953153893518325,0.049148523444366925,0.038167628976738754,1.4796323710232613,4.433234524286382,1.0038491028228866,2.698517644271326,2.71144065055609,5.01515749055609,2.23945473063335,1.030060097057674,1.01713709077291,0.8461575530595047,4.355282666020855e-05,1916566.8481458859,38331.336953733466,0.00026999722519638667,0.0002694790969234453,10762.900255656428,10721.631593224995,898399.7738881168,17967.995473457177,2.307262712751023,0.04614525424396398,894955.0000709869,17899.09999713109,2.2984158737233065,0.045968317463452056,"[2.067,2.357]",2.213,"[2.500,3.000]",2.75,0.002,0.0,739,1.479,0.12,-3.920685477471,41,1.0593145225289997,0.005,0.0,295,1.4775,0.1,-1.775816477471,27,0.9741835225290001,1.5042531294815191,1.5038593446963389,0.8455074784048491,0.8480783878055953,1.502358787576528,1.5154583474106151,0.8457893519167807,0.8471789970590733
26,56,4.6289,25.0,1.5324,87.615345,1.7523069,E04001,0.910799358,0.018946453,0.0089,4.6377999999999995,3.0965,3.1054,1.0,0.0,0.0,87.615345,1.7523069,0.4363323129985824,0.04684610648167502,0.953153893518325,0.049148523444366925,0.038167628976738754,1.4942323710232612,4.433234524286382,1.0038491028228866,2.6858538412414132,2.6987524987938727,5.0470022587938725,2.2465534177477,1.0701214716875866,1.0572228141351272,0.844717533408271,5.5794392745484905e-05,1570325.2726429247,31406.50545285849,0.0002699972251963867,0.00026947909692344533,10984.025344663904,10941.908812565689,962369.1700614719,19247.383401229436,2.471548375813045,0.049430967516260894,958679.1155714833,19173.58231142966,2.4620716090325687,0.049241432180651364,"[2.067,2.357]",2.213,"[2.500,3.000]",2.75,0.002,0.0,747,1.495,0.12,-3.920685477471,41,1.0593145225289997,0.005,0.0,298,1.4925,0.1,-1.775816477471,28,1.0741835225290002,1.519802414389595,1.5188593446963388,0.843140384460773,0.8469143361643896,1.502358787576528,1.5687477418619102,0.8457893519167807,0.8429834732212429
26,56,4.6289,25.0,1.5469,91.77011223,1.835402245,E04001,0.907702933,0.018851453,0.0089,4.6377999999999995,3.082,3.0909,1.0,0.0,0.0,91.77011223,1.835402245,0.4363323129985824,0.04684610648167502,0.953153893518325,0.049148523444366925,0.038167628976738754,1.5087323710232612,4.433234524286382,1.0038491028228866,2.673276776588418,2.6861512521807116,5.079050862180711,2.253674968175471,1.1099084533405819,1.0970339777482883,0.8432678435982258,6.772100403105106e-05,1355120.3728155312,27102.407462217212,0.0002699972251963866,0.00026947909692344517,11209.309771505312,11166.329421408087,1028679.615751878,20573.592319521285,2.641846302475735,0.052836926061029764,1024735.304199771,20494.706088461953,2.6317165548554033,0.05263433110857898,"[2.067,2.357]",2.213,"[2.500,3.000]",2.75,0.002,0.0,754,1.5090000000000001,0.12,-3.920685477471,41,1.0593145225289997,0.005,0.0,301,1.5075,0.1,-1.775816477471,28,1.0741835225290002,1.533404345086545,1.5338593446963389,0.840988629557681,0.8457419702342933,1.502358787576528,1.5687477418619102,0.8457893519167807,0.8429834732212429
26,56,4.6289,25.0,1.5615,96.00334687,1.920066937,E04001,0.913509819,0.018645183,0.0089,4.6377999999999995,3.0673999999999997,3.0763,1.0,0.0,0.0,96.00334687,1.920066937,0.4363323129985824,0.04684610648167502,0.953153893518325,0.049148523444366925,0.038167628976738754,1.5233323710232614,4.433234524286382,1.0038491028228866,2.6606129735585053,2.673463100418494,5.111745350418494,2.2609169269167086,1.1499698279704949,1.1371197011105063,0.8417883689676425,7.94990634780345e-05,1207603.4945559532,24152.069886087556,0.0002699972251963866,0.00026947909692344517,11442.00380396432,11398.13122489096,1098470.6600798462,21969.413197020123,2.821083073167452,0.05642166145159494,1094258.7456529848,21885.174908500445,2.810266070103952,0.05620532139037001,"[2.067,2.357]",2.213,"[2.500,3.000]",2.75,0.002,0.0,761,1.5230000000000001,0.12,-3.920685477471,42,1.1793145225289998,0.005,0.0,304,1.5225,0.1,-1.775816477471,29,1.1741835225290003,1.547002831169543,1.5488593446963388,0.8387576130261849,0.8445613722738783,1.5268200048436307,1.6220371363132053,0.8420399561723939,0.8386864788089462
26,56,4.6289,25.0,1.5615,96.00334687,1.920066937,E04001,0.94684199,0.021249259,0.0089,4.6377999999999995,3.0673999999999997,3.0763,1.0,0.0,0.0,96.00334687,1.920066937,0.4363323129985824,0.04684610648167502,0.953153893518325,0.049148523444366925,0.038167628976738754,1.5233323710232614,4.433234524286382,1.0038491028228866,2.6606129735585053,2.673463100418494,5.111745350418494,2.2609169269167086,1.1499698279704949,1.1371197011105063,0.8417883689676425,7.94990634780345e-05,1207603.4945559532,24152.069886087556,0.0002699972251963866,0.00026947909692344517,11442.00380396432,11398.13122489096,1098470.6600798462,21969.413197020123,2.821083073167452,0.05642166145159494,1094258.7456529848,21885.174908500445,2.810266070103952,0.05620532139037001,"[2.067,2.357]",2.213,"[2.500,3.000]",2.75,0.002,0.0,761,1.5230000000000001,0.12,-3.920685477471,42,1.1793145225289998,0.005,0.0,304,1.5225,0.1,-1.775816477471,29,1.1741835225290003,1.547002831169543,1.5488593446963388,0.8387576130261849,0.8445613722738783,1.5268200048436307,1.6220371363132053,0.8420399561723939,0.8386864788089462
26,56,4.6289,25.0,1.5761,100.3048005,2.00609601,E04001,0.950104078,0.019440745,0.0089,4.6377999999999995,3.0527999999999995,3.0616999999999996,1.0,0.0,0.0,100.3048005,2.00609601,0.4363323129985824,0.04684610648167502,0.953153893518325,0.049148523444366925,0.038167628976738754,1.5379323710232613,4.433234524286382,1.0038491028228866,2.6479491705285922,2.660774948656276,5.144866158656276,2.268229741154162,1.1900312026004078,1.177205424472724,0.8402889201731204,9.104749662385228e-05,1101675.5453957482,22033.510907914962,0.0002699972251963866,0.00026947909692344517,11680.720926368294,11635.933023719776,1171632.382215547,23432.64764431094,3.0089763901412554,0.06017952780282511,1167139.9405755738,23342.798811511475,2.997438939457958,0.05994877878915915,"[2.067,2.357]",2.213,"[2.500,3.000]",2.75,0.002,0.0,768,1.537,0.12,-3.920685477471,42,1.1793145225289998,0.005,0.0,307,1.5375,0.1,-1.775816477471,29,1.1741835225290003,1.5605978752542313,1.563859344696339,0.8364431486899253,0.8433726247553212,1.5268200048436307,1.6220371363132053,0.8420399561723939,0.8386864788089462
26,56,4.6289,25.0,1.5761,100.3048005,2.00609601,E04001,0.950104078,0.019839529,0.0089,4.6377999999999995,3.0527999999999995,3.0616999999999996,1.0,0.0,0.0,100.3048005,2.00609601,0.4363323129985824,0.04684610648167502,0.953153893518325,0.049148523444366925,0.038167628976738754,1.5379323710232613,4.433234524286382,1.0038491028228866,2.6479491705285922,2.660774948656276,5.144866158656276,2.268229741154162,1.1900312026004078,1.177205424472724,0.8402889201731204,9.104749662385228e-05,1101675.5453957482,22033.510907914962,0.0002699972251963866,0.00026947909692344517,11680.720926368294,11635.933023719776,1171632.382215547,23432.64764431094,3.0089763901412554,0.06017952780282511,1167139.9405755738,23342.798811511475,2.997438939457958,0.05994877878915915,"[2.067,2.357]",2.213,"[2.500,3.000]",2.75,0.002,0.0,768,1.537,0.12,-3.920685477471,42,1.1793145225289998,0.005,0.0,307,1.5375,0.1,-1.775816477471,29,1.1741835225290003,1.5605978752542313,1.563859344696339,0.8364431486899253,0.8433726247553212,1.5268200048436307,1.6220371363132053,0.8420399561723939,0.8386864788089462
26,56,4.6289,25.0,1.5907,104.6702985,2.093405969,E04001,0.964934671,0.019680846,0.0089,4.6377999999999995,3.0382,3.0471,1.0,0.0,0.0,104.6702985,2.093405969,0.4363323129985824,0.04684610648167502,0.953153893518325,0.049148523444366925,0.038167628976738754,1.5525323710232612,4.433234524286382,1.0038491028228866,2.6352853674986796,2.6480867968940585,5.178413286894059,2.2756127277931233,1.2300925772303204,1.2172911478349415,0.8387693778935974,0.00010236834224557061,1022486.9935756823,20449.739861745,0.0002699972251963867,0.00026947909692344533,11925.612282677464,11879.88538231682,1248257.3974231165,24965.14793653672,3.20576410713641,0.06411528211210095,1243471.1491128881,24869.422970377876,3.1934721046436167,0.06386944206236252,"[2.067,2.357]",2.213,"[2.500,3.000]",2.75,0.002,0.0,776,1.553,0.12,-3.920685477471,42,1.1793145225289998,0.005,0.0,310,1.5525,0.1,-1.775816477471,29,1.1741835225290003,1.5761308571530748,1.5788593446963388,0.8336900906467751,0.8421758103517449,1.5268200048436307,1.6220371363132053,0.8420399561723939,0.8386864788089462
26,56,4.6289,25.0,1.5907,104.6702985,2.093405969,E04001,0.938184007,0.018534389,0.0089,4.6377999999999995,3.0382,3.0471,1.0,0.0,0.0,104.6702985,2.093405969,0.4363323129985824,0.04684610648167502,0.953153893518325,0.049148523444366925,0.038167628976738754,1.5525323710232612,4.433234524286382,1.0038491028228866,2.6352853674986796,2.6480867968940585,5.178413286894059,2.2756127277931233,1.2300925772303204,1.2172911478349415,0.8387693778935974,0.00010236834224557061,1022486.9935756823,20449.739861745,0.0002699972251963867,0.00026947909692344533,11925.612282677464,11879.88538231682,1248257.3974231165,24965.14793653672,3.20576410713641,0.06411528211210095,1243471.1491128881,24869.422970377876,3.1934721046436167,0.06386944206236252,"[2.067,2.357]",2.213,"[2.500,3.000]",2.75,0.002,0.0,776,1.553,0.12,-3.920685477471,42,1.1793145225289998,0.005,0.0,310,1.5525,0.1,-1.775816477471,29,1.1741835225290003,1.5761308571530748,1.5788593446963388,0.8336900906467751,0.8421758103517449,1.5268200048436307,1.6220371363132053,0.8420399561723939,0.8386864788089462
26,56,4.6289,25.0,1.6052,109.0744062,2.181488123,E04001,0.99931784,0.020353079,0.0089,4.6377999999999995,3.0237,3.0326,1.0,0.0,0.0,109.0744062,2.181488123,0.4363323129985824,0.04684610648167502,0.953153893518325,0.049148523444366925,0.038167628976738754,1.5670323710232612,4.433234524286382,1.0038491028228866,2.6227083028456843,2.6354855502808974,5.212152590280898,2.2830139268696756,1.2698795588833156,1.2571023114481026,0.8372402382685988,0.00011338846515813783,961953.2820016462,19239.065631213685,0.0002699972251963866,0.00026947909692344517,12175.090307306968,12128.406822369867,1327990.745700883,26559.81490184257,3.410534618874085,0.06821069234621374,1322898.772302022,26457.975433912034,3.397457455790365,0.06794914908465924,"[2.067,2.357]",2.213,"[2.500,3.000]",2.75,0.002,0.0,783,1.567,0.12,-3.920685477471,43,1.299314522529,0.005,0.0,313,1.5675000000000001,0.1,-1.775816477471,30,1.2741835225290004,1.5897185343196014,1.593859344696339,0.8311812623052366,0.8409710119246246,1.5510408658130275,1.6753265307645004,0.8380791341712611,0.8342917407387491
26,56,4.6289,25.0,1.6052,109.0744062,2.181488123,E04001,0.980981733,0.018152746,0.0089,4.6377999999999995,3.0237,3.0326,1.0,0.0,0.0,109.0744062,2.181488123,0.4363323129985824,0.04684610648167502,0.953153893518325,0.049148523444366925,0.038167628976738754,1.5670323710232612,4.433234524286382,1.0038491028228866,2.6227083028456843,2.6354855502808974,5.212152590280898,2.2830139268696756,1.2698795588833156,1.2571023114481026,0.8372402382685988,0.00011338846515813783,961953.2820016462,19239.065631213685,0.0002699972251963866,0.00026947909692344517,12175.090307306968,12128.406822369867,1327990.745700883,26559.81490184257,3.410534618874085,0.06821069234621374,1322898.772302022,26457.975433912034,3.397457455790365,0.06794914908465924,"[2.067,2.357]",2.213,"[2.500,3.000]",2.75,0.002,0.0,783,1.567,0.12,-3.920685477471,43,1.299314522529,0.005,0.0,313,1.5675000000000001,0.1,-1.775816477471,30,1.2741835225290004,1.5897185343196014,1.593859344696339,0.8311812623052366,0.8409710119246246,1.5510408658130275,1.6753265307645004,0.8380791341712611,0.8342917407387491
26,56,4.6289,25.0,1.6198,113.606088,2.272121761,E04001,0.994665004,0.01760469,0.0089,4.6377999999999995,3.0091,3.0180000000000002,1.0,0.0,0.0,113.606088,2.272121761,0.4363323129985824,0.04684610648167502,0.953153893518325,0.049148523444366925,0.038167628976738754,1.5816323710232612,4.433234524286382,1.0038491028228866,2.610044499815772,2.62279739851868,5.24654943851868,2.2905347494676174,1.3099409335132277,1.2971880348103197,0.8356802914478436,0.00012426200883061802,914246.3498627071,18284.927005301655,0.0002699972251963866,0.00026947909692344517,12432.754126384765,12385.082669719066,1412436.5593644308,28248.731199721373,3.6274076444210497,0.0725481529203507,1407020.7916633792,28140.415845652667,3.613498915544729,0.07226997834270185,"[2.067,2.357]",2.213,"[2.500,3.000]",2.75,0.002,0.0,790,1.581,0.12,-3.920685477471,43,1.299314522529,0.005,0.0,316,1.5825,0.1,-1.775816477471,30,1.2741835225290004,1.6033027776869844,1.6088593446963388,0.8285737159845192,0.8397583125112636,1.5510408658130275,1.6753265307645004,0.8380791341712611,0.8342917407387491
26,56,4.6289,25.0,1.6344,118.233962,2.36467924,E04001,0.998021194,0.01708477,0.0089,4.6377999999999995,2.9944999999999995,3.0033999999999996,1.0,0.0,0.0,118.233962,2.36467924,0.4363323129985824,0.04684610648167502,0.953153893518325,0.049148523444366925,0.038167628976738754,1.5962323710232613,4.433234524286382,1.0038491028228866,2.5973806967858586,2.610109246756462,5.281372606756462,2.2981237144149707,1.3500023081431416,1.3372737581725382,0.8340998951338404,0.00013491440886149252,876362.7472984209,17527.25494596842,0.0002699972251963867,0.00026947909692344533,12697.06805970524,12648.38313248504,1501224.662482603,30024.493249652063,3.8554325010768613,0.07710865002153725,1495468.4506476773,29909.369012953543,3.84064944645081,0.0768129889290162,"[2.067,2.357]",2.213,"[2.500,3.000]",2.75,0.002,0.0,798,1.597,0.12,-3.920685477471,43,1.299314522529,0.005,0.0,319,1.5975000000000001,0.1,-1.775816477471,31,1.3741835225290004,1.6188234259353607,1.623859344696339,0.8254655246840648,0.8385377953123383,1.5510408658130275,1.7286159252157955,0.8380791341712611,0.829803008281453
26,56,4.6289,25.0,1.649,122.9782129,2.459564258,E04001,0.983914119,0.016588304,0.0089,4.6377999999999995,2.9798999999999998,2.9888,1.0,0.0,0.0,122.9782129,2.459564258,0.4363323129985824,0.04684610648167502,0.953153893518325,0.049148523444366925,0.038167628976738754,1.6108323710232613,4.433234524286382,1.0038491028228866,2.5847168937559464,2.5974210949942447,5.316622094994244,2.3057801488854577,1.3900636827730537,1.3773594815347554,0.8324989308283997,0.00014534792047243966,846095.4412025363,16921.908824050726,0.00026999722519638667,0.0002694790969234453,12968.199280971168,12918.474743369077,1594805.9721048994,31896.119442097985,4.095767230200271,0.08191534460400542,1588690.9373333154,31773.818746666304,4.0800626495383785,0.08160125299076756,"[2.067,2.357]",2.213,"[2.500,3.000]",2.75,0.002,0.0,805,1.611,0.12,-3.920685477471,44,1.419314522529,0.005,0.0,322,1.6125,0.1,-1.775816477471,31,1.3741835225290004,1.632400319919313,1.6388593446963389,0.8226268668359431,0.8373095436795188,1.5750283194857873,1.7286159252157955,0.8338894679763343,0.829803008281453
26,56,4.6289,25.0,1.6636,127.8595889,2.557191778,E04001,0.969813849,0.016111424,0.0089,4.6377999999999995,2.9653,2.9742,1.0,0.0,0.0,127.8595889,2.557191778,0.4363323129985824,0.04684610648167502,0.953153893518325,0.049148523444366925,0.038167628976738754,1.6254323710232612,4.433234524286382,1.0038491028228866,2.5720530907260337,2.584732943232027,5.352297903232027,2.3135033830171996,1.4301250574029658,1.4174452048969726,0.8308772802872355,0.00015556484444320063,821905.4205828857,16438.108411657715,0.00026999722519638667,0.0002694790969234453,13246.319239459594,13195.528294252705,1693668.9323954643,33873.37864790929,4.349666249968961,0.08699332499937923,1687174.8230214692,33743.49646042938,4.332988133114257,0.08665976266228512,"[2.067,2.357]",2.213,"[2.500,3.000]",2.75,0.002,0.0,812,1.625,0.12,-3.920685477471,44,1.419314522529,0.005,0.0,325,1.6275,0.1,-1.775816477471,31,1.3741835225290004,1.6459737882707515,1.6538593446963388,0.8196702069498446,0.8360736411031654,1.5750283194857873,1.7286159252157955,0.8338894679763343,0.829803008281453
26,56,4.6289,25.0,1.6781,132.7872576,2.655745152,E04001,0.986540444,0.016116004,0.0089,4.6377999999999995,2.9508,2.9597,1.0,0.0,0.0,132.7872576,2.655745152,0.4363323129985824,0.04684610648167502,0.953153893518325,0.049148523444366925,0.038167628976738754,1.6399323710232612,4.433234524286382,1.0038491028228866,2.5594760260730385,2.572131696618866,5.388151306618866,2.3212391747984236,1.4699120390559615,1.457256368510134,0.8292461462551437,0.00016549973562603613,802341.2067560436,16046.824135120873,0.00026999722519638667,0.0002694790969234453,13529.624993975274,13477.747757037507,1796561.7993063931,35931.23598612787,4.613914841889471,0.09227829683778943,1789673.1632815616,35793.46326563123,4.596223505021674,0.09192447010043349,"[2.067,2.357]",2.213,"[2.500,3.000]",2.75,0.002,0.0,819,1.639,0.12,-3.920685477471,44,1.419314522529,0.005,0.0,327,1.6375,0.1,-1.775816477471,32,1.474183522529,1.659543833581381,1.6638593446963388,0.8165883543166254,0.8352454968155,1.5750283194857873,1.7819053196670904,0.8338894679763343,0.8252240462016426
26,56,4.6289,25.0,1.6927,137.9148685,2.758297369,E04001,1.007868126,0.016024378,0.0089,4.6377999999999995,2.9361999999999995,2.9450999999999996,1.0,0.0,0.0,137.9148685,2.758297369,0.4363323129985824,0.04684610648167502,0.953153893518325,0.049148523444366925,0.038167628976738754,1.6545323710232613,4.433234524286382,1.0038491028228866,2.5468122230431254,2.5594435448566477,5.424676834856648,2.3290935650713234,1.5099734136858745,1.4973420918723521,0.8275829133244564,0.00017529199534440613,786772.1981772804,15735.44395784084,0.0002699972251963866,0.00026947909692344517,13822.203502148148,13769.204418551797,1906287.3783790015,38125.74755375782,4.895711147484681,0.09791422291419553,1898978.0167341903,37979.5603209146,4.876939306632475,0.09753878609728754,"[2.067,2.357]",2.213,"[2.500,3.000]",2.75,0.002,0.0,827,1.655,0.12,-3.920685477471,45,1.5393145225290001,0.005,0.0,330,1.6525,0.1,-1.775816477471,32,1.474183522529,1.6750482686352512,1.678859344696339,0.8129029147480374,0.8339970285387133,1.598788986339514,1.7819053196670904,0.8294515193079415,0.8252240462016426
26,56,4.6289,25.0,1.7073,143.1917295,2.86383459,E04001,1.005644673,0.015713198,0.0089,4.6377999999999995,2.9215999999999998,2.9305,1.0,0.0,0.0,143.1917295,2.86383459,0.4363323129985824,0.04684610648167502,0.953153893518325,0.049148523444366925,0.038167628976738754,1.6691323710232613,4.433234524286382,1.0038491028228866,2.5341484200132127,2.5467553930944304,5.46162868309443,2.3370127691337994,1.550034788315787,1.5374278152345693,0.8258986419503441,0.00018487479373119057,774533.5457044616,15490.670914089233,0.00026999722519638667,0.0002694790969234453,14122.31058854298,14068.160791129021,2022198.0777096322,40443.96155419265,5.193392026696216,0.10386784053392434,2014444.274565853,40288.88549131706,5.173478774939452,0.10346957549878905,"[2.067,2.357]",2.213,"[2.500,3.000]",2.75,0.002,0.0,834,1.669,0.12,-3.920685477471,45,1.5393145225290001,0.005,0.0,333,1.6675,0.1,-1.775816477471,33,1.5741835225290002,1.6886109875703568,1.6938593446963388,0.8095256985052203,0.8327411325446921,1.598788986339514,1.8351947141183855,0.8294515193079415,0.8205586280740904
26,56,4.6289,25.0,1.7219,148.6247381,2.972494763,E04001,1.002524895,0.015609784,0.0089,4.6377999999999995,2.907,2.9159,1.0,0.0,0.0,148.6247381,2.972494763,0.4363323129985824,0.04684610648167502,0.953153893518325,0.049148523444366925,0.038167628976738754,1.6837323710232612,4.433234524286382,1.0038491028228866,2.5214846169833,2.534067241332213,5.499006851332213,2.344996130344827,1.5900961629456996,1.5775135385967864,0.8241932151022516,0.00019425058128750585,765118.6272643578,15302.372550435142,0.00026999722519638667,0.0002694790969234453,14430.135910693054,14374.805805090235,2144675.17047416,42893.50342391334,5.507936662074693,0.1101587332785532,2136451.748019896,42729.034974772716,5.486817337970448,0.1097363467963262,"[2.067,2.357]",2.213,"[2.500,3.000]",2.75,0.002,0.0,841,1.683,0.12,-3.920685477471,45,1.5393145225290001,0.005,0.0,336,1.6825,0.1,-1.775816477471,33,1.5741835225290002,1.7021702915887218,1.708859344696339,0.8059964690063044,0.831477892728376,1.598788986339514,1.8351947141183855,0.8294515193079415,0.8205586280740904
26,56,4.6289,25.0,1.7364,154.1776666,3.083553332,E04001,1.005333674,0.015307016,0.0089,4.6377999999999995,2.8925,2.9014,1.0,0.0,0.0,154.1776666,3.083553332,0.4363323129985824,0.04684610648167502,0.953153893518325,0.049148523444366925,0.038167628976738754,1.6982323710232612,4.433234524286382,1.0038491028228866,2.508907552330305,2.5214659947190516,5.5365509547190515,2.352987665653828,1.6298831445986952,1.6173247022099484,0.8224784154244457,0.0002033597115244528,758152.4651280844,15163.049302561689,0.00026999722519638667,0.0002694790969234453,14743.684036602623,14687.151679612462,2273146.8018510616,45462.93603702123,5.837876420896508,0.11675752841793016,2264430.77496292,45288.615499258405,5.815491994244985,0.1163098398848997,"[2.067,2.357]",2.213,"[2.500,3.000]",2.75,0.002,0.0,849,1.699,0.12,-3.920685477471,46,1.6593145225290002,0.005,0.0,339,1.6975,0.1,-1.775816477471,33,1.5741835225290002,1.7176624608147506,1.7238593446963388,0.8017638787569779,0.8302073930670705,1.6223291796696575,1.8351947141183855,0.824743531884174,0.8205586280740904
26,56,4.6289,25.0,1.751,159.9374415,3.19874883,E04001,1.044158256,0.015443538,0.0089,4.6377999999999995,2.8779,2.8868,1.0,0.0,0.0,159.9374415,3.19874883,0.4363323129985824,0.04684610648167502,0.953153893518325,0.049148523444366925,0.038167628976738754,1.7128323710232611,4.433234524286382,1.0038491028228866,2.4962437493003917,2.508777842956834,5.5747788429568335,2.3610969575510516,1.6699445192286082,1.657410425572166,0.8207304748707923,0.0002123303205279237,753248.2459516022,15064.964919032043,0.0002699972251963867,0.00026947909692344533,15067.47812039495,15009.704225489922,2409853.900433197,48197.07800866394,6.188966437050298,0.12377932874100596,2400613.691496597,48012.273829931946,6.165235810488385,0.1233047162097677,"[2.357,2.642]",2.5,"[2.500,3.000]",2.75,0.002,0.0,856,1.713,0.24,-5.273316477470999,28,1.5666835225290008,0.005,0.0,342,1.7125000000000001,0.1,-1.775816477471,34,1.6741835225290003,1.743761785033513,1.738859344696339,0.8393272602596161,0.8289297176086268,1.8575602429758753,1.8884841085696809,0.8200387320692849,0.8158105297937167
26,56,4.6289,25.0,1.7656,165.8673601,3.317347203,E04001,1.036973156,0.015132573,0.0089,4.6377999999999995,2.8632999999999997,2.8722,1.0,0.0,0.0,165.8673601,3.317347203,0.4363323129985824,0.04684610648167502,0.953153893518325,0.049148523444366925,0.038167628976738754,1.7274323710232613,4.433234524286382,1.0038491028228866,2.483579946270479,2.496089691194616,5.613433051194616,2.3692684633014083,1.7100058938585208,1.6974961489343836,0.8189610307620917,0.00022110142033506796,750186.7688078913,15003.735380680635,0.00026999722519638667,0.0002694790969234453,15399.587672649548,15340.54035546273,2554288.953890884,51085.77909321726,6.559903321656663,0.13119806647268234,2544494.931268119,50889.898640702915,6.534750395462628,0.13069500794865,"[2.357,2.642]",2.5,"[2.000,2.500]",2.25,0.002,0.0,863,1.727,0.24,-5.273316477470999,29,1.806683522529001,0.005,0.0,345,1.7275,0.1,-1.275816477471,29,1.6741835225290003,1.7573072204898637,1.7490667365697319,0.8373094624451801,0.8117228457591346,1.9001567635363465,1.6220371363132053,0.8111857086000677,0.8242397328241883
26,56,4.6289,25.0,1.7802,171.9727665,3.43945533,E04001,1.046677353,0.015002375,0.0089,4.6377999999999995,2.8487,2.8576,1.0,0.0,0.0,171.9727665,3.43945533,0.4363323129985824,0.04684610648167502,0.953153893518325,0.049148523444366925,0.038167628976738754,1.7420323710232613,4.433234524286382,1.0038491028228866,2.470916143240567,2.483401539432399,5.652513579432399,2.377501541415357,1.7500672684884329,1.7375818722966008,0.8171699676153986,0.00022967556363546175,748763.8814417066,14975.27762883413,0.0002699972251963866,0.00026947909692344517,15740.222538798806,15679.869110343689,2706889.615322884,54137.79230645768,6.95181105170808,0.13903622103416158,2696510.469263698,53930.209385273956,6.92515541644571,0.1385031083289142,"[2.357,2.642]",2.5,"[2.000,2.500]",2.25,0.002,0.0,871,1.743,0.24,-5.273316477470999,29,1.806683522529001,0.005,0.0,348,1.7425,0.1,-1.275816477471,30,1.7741835225290004,1.7727835527346514,1.7640667365697318,0.8349211722262052,0.8102087666438715,1.9001567635363465,1.6753265307645004,0.8111857086000677,0.8190573031301626
26,56,4.6289,25.0,1.7948,178.2608446,3.565216891,E04001,1.037805024,0.014753661,0.0089,4.6377999999999995,2.8341,2.843,1.0,0.0,0.0,178.2608446,3.565216891,0.4363323129985824,0.04684610648167502,0.953153893518325,0.049148523444366925,0.038167628976738754,1.7566323710232612,4.433234524286382,1.0038491028228866,2.458252340210654,2.4707133876701812,5.692020427670181,2.385795554457712,1.7901286431183454,1.7776675956588184,0.8153571703898396,0.00023805532190527672,748821.0856757523,14976.42170931434,0.00026999722519638656,0.0002694790969234451,16089.59795777313,16027.904903763098,2868145.3212270737,57362.90640845187,7.3659465938853375,0.14731893183638556,2857147.8653132915,57142.95729023792,7.33770302047572,0.14675406036835167,"[2.357,2.642]",2.5,"[2.000,2.500]",2.25,0.002,0.0,878,1.7570000000000001,0.24,-5.273316477470999,29,1.806683522529001,0.005,0.0,351,1.7575,0.1,-1.275816477471,30,1.7741835225290004,1.7863217015819401,1.779066736569732,0.8327558529977755,0.8086874683585883,1.9001567635363465,1.6753265307645004,0.8111857086000677,0.8190573031301626
26,56,4.6289,25.0,1.8093,184.6717696,3.693435392,E04001,1.083002564,0.014999586,0.0089,4.6377999999999995,2.8196,2.8285,1.0,0.0,0.0,184.6717696,3.693435392,0.4363323129985824,0.04684610648167502,0.953153893518325,0.049148523444366925,0.038167628976738754,1.7711323710232612,4.433234524286382,1.0038491028228866,2.4456752755576585,2.4581121410570197,5.73167863105702,2.39409244413348,1.8299156247713415,1.8174787592719803,0.8135351651464767,0.00024618784739965607,750125.4491258775,15002.508982517551,0.00026999722519638667,0.0002694790969234453,16445.4493564307,16382.391845731661,3037010.234519239,60740.20469038477,7.799624038220346,0.1559924807644069,3025365.292431876,60507.30584863752,7.769717596287443,0.15539435192574888,"[2.357,2.642]",2.5,"[2.000,2.500]",2.25,0.002,0.0,885,1.7710000000000001,0.24,-5.273316477470999,29,1.806683522529001,0.005,0.0,354,1.7725,0.1,-1.275816477471,30,1.7741835225290004,1.799856454033538,1.7940667365697318,0.8305164086423314,0.8071590639130315,1.9001567635363465,1.6753265307645004,0.8111857086000677,0.8190573031301626
26,56,4.6289,25.0,1.8239,191.2975714,3.825951428,E04001,1.097766158,0.014898255,0.0089,4.6377999999999995,2.8049999999999997,2.8139,1.0,0.0,0.0,191.2975714,3.825951428,0.4363323129985824,0.04684610648167502,0.953153893518325,0.049148523444366925,0.038167628976738754,1.7857323710232613,4.433234524286382,1.0038491028228866,2.433011472527746,2.445423989294802,5.772035199294802,2.402506024819668,1.869976999401254,1.857564482634198,0.8116787073379426,0.0002541878994912542,752583.3125135917,15051.666250271834,0.0002699972251963866,0.00026947909692344517,16812.910179965787,16748.44369804867,3216268.8855937924,64325.377711875844,8.25999459215803,0.1651998918431606,3203936.604166346,64078.73208332692,8.228322931136171,0.16456645862272343,"[2.357,2.642]",2.5,"[2.000,2.500]",2.25,0.002,0.0,892,1.7850000000000001,0.24,-5.273316477470999,29,1.806683522529001,0.005,0.0,357,1.7875,0.1,-1.275816477471,31,1.8741835225290004,1.813387812644379,1.809066736569732,0.8281991678809372,0.805623666143095,1.9001567635363465,1.7286159252157955,0.8111857086000677,0.8137752868999926
26,56,4.6289,25.0,1.8385,198.1353137,3.962706274,E04001,1.069975846,0.014384109,0.0089,4.6377999999999995,2.7904,2.7993,1.0,0.0,0.0,198.1353137,3.962706274,0.4363323129985824,0.04684610648167502,0.953153893518325,0.049148523444366925,0.038167628976738754,1.8003323710232613,4.433234524286382,1.0038491028228866,2.420347669497833,2.4327358375325847,5.812818087532585,2.4109786576269365,1.9100383740311666,1.897650205996415,0.8098001739822615,0.0002620013506717059,756237.7567597672,15124.755135195343,0.0002699972251963866,0.00026947909692344517,17189.789478970328,17123.877912159867,3405904.3308527456,68118.08661705491,8.74701474129312,0.17494029482586237,3392844.9218862965,67856.89843772592,8.713475677465832,0.1742695135493166,"[2.357,2.642]",2.5,"[2.000,2.500]",2.25,0.002,0.0,900,1.801,0.24,-5.273316477470999,29,1.806683522529001,0.005,0.0,360,1.8025,0.1,-1.275816477471,31,1.8741835225290004,1.8288480700351926,1.8240667365697318,0.8254505906323047,0.8040813876946198,1.9001567635363465,1.7286159252157955,0.8111857086000677,0.8137752868999926
26,56,4.6289,25.0,1.8531,205.1281373,4.102562747,E04001,1.082250358,0.014235005,0.0089,4.6377999999999995,2.7758,2.7847,1.0,0.0,0.0,205.1281373,4.102562747,0.4363323129985824,0.04684610648167502,0.953153893518325,0.049148523444366925,0.038167628976738754,1.8149323710232612,4.433234524286382,1.0038491028228866,2.4076838664679205,2.420047685770367,5.854027295770367,2.4195097221896766,1.9500997486610792,1.9377359293586327,0.8078994520303563,0.0002696308228401349,760774.0655882701,15215.481315474177,0.0002699972251963866,0.00026947909692344517,17576.32550309326,17508.931824183066,3605398.9110280056,72107.97823813645,9.259355037464674,0.1851871007944329,3591574.571207363,71831.49144165621,9.223851484677116,0.18447702973850866,"[2.357,2.642]",2.5,"[2.000,2.500]",2.25,0.002,0.0,907,1.815,0.24,-5.273316477470999,30,2.0466835225290003,0.005,0.0,362,1.8125,0.1,-1.275816477471,32,1.974183522529,1.8423721647186255,1.8340667365697318,0.8229530941925337,0.8030494349979048,1.9421234176010564,1.7819053196670904,0.8013406868408823,0.8083987765299955
26,56,4.6289,25.0,1.8676,212.2450238,4.244900475,E04001,1.078941668,0.013946146,0.0089,4.6377999999999995,2.7613,2.7702,1.0,0.0,0.0,212.2450238,4.244900475,0.4363323129985824,0.04684610648167502,0.953153893518325,0.049148523444366925,0.038167628976738754,1.8294323710232612,4.433234524286382,1.0038491028228866,2.395106801814925,2.4074464391572055,5.895376199157205,2.428039579404999,1.9898867303140753,1.9775470929717947,0.8059896764845556,0.0002770285411167342,766148.581458126,15322.97162555278,0.00026999722519638667,0.0002694790969234453,17970.013094646973,17901.109882067103,3814045.8569596587,76280.91712122314,9.795200362084529,0.1959040071955401,3799421.4929657476,75988.42984141383,9.757642193970996,0.19515284383344644,"[2.357,2.642]",2.5,"[2.000,2.500]",2.25,0.002,0.0,914,1.829,0.24,-5.273316477470999,30,2.0466835225290003,0.005,0.0,365,1.8275000000000001,0.1,-1.275816477471,32,1.974183522529,1.8558928735702978,1.849066736569732,0.8203645390630745,0.8014959385092504,1.9421234176010564,1.7819053196670904,0.8013406868408823,0.8083987765299955
26,56,4.6289,25.0,1.8822,219.5631631,4.391263261,E04001,1.065752546,0.013526859,0.0089,4.6377999999999995,2.7466999999999997,2.7556,1.0,0.0,0.0,219.5631631,4.391263261,0.4363323129985824,0.04684610648167502,0.953153893518325,0.049148523444366925,0.038167628976738754,1.8440323710232613,4.433234524286382,1.0038491028228866,2.382442998785012,2.3947582873949878,5.937435127394988,2.4366852745882035,2.029948104943988,2.0176328163340123,0.8040443943378973,0.0002842991615358939,772296.2034563696,15445.92406560997,0.00026999722519638667,0.0002694790969234453,18376.53170101393,18306.06975623923,4034809.4270820417,80696.1885232643,10.362163498632029,0.2072432699254461,4019338.5796091314,80386.77157387655,10.322431398795871,0.2064486279289039,"[2.357,2.642]",2.5,"[2.000,2.500]",2.25,0.002,0.0,922,1.845,0.24,-5.273316477470999,30,2.0466835225290003,0.005,0.0,368,1.8425,0.1,-1.275816477471,32,1.974183522529,1.871340969601846,1.8640667365697319,0.817288447965727,0.7999358606810865,1.9421234176010564,1.7819053196670904,0.8013406868408823,0.8083987765299955
26,56,4.6289,25.0,1.8968,227.0133689,4.540267379,E04001,1.101256729,0.013743684,0.0089,4.6377999999999995,2.7321,2.741,1.0,0.0,0.0,227.0133689,4.540267379,0.4363323129985824,0.04684610648167502,0.953153893518325,0.049148523444366925,0.038167628976738754,1.8586323710232613,4.433234524286382,1.0038491028228866,2.3697791957550995,2.3820701356327705,5.979920375632771,2.445387571660732,2.0700094795739004,2.0577185396962294,0.8020765886460264,0.0002913936835282877,779060.706296889,15581.214129369566,0.0002699972251963867,0.00026947909692344533,18793.457594215502,18721.39701212774,4266366.12174215,85327.32245363647,10.956845446474633,0.2191369089777579,4250007.406237513,85000.14814347166,10.914833131457007,0.21829666267722028,"[2.357,2.642]",2.5,"[2.000,2.500]",2.25,0.002,0.0,929,1.859,0.24,-5.273316477470999,30,2.0466835225290003,0.005,0.0,371,1.8575,0.1,-1.275816477471,33,2.074183522529,1.884854431654496,1.8790667365697318,0.814487968431115,0.7983693133275066,1.9421234176010564,1.8351947141183855,0.8013406868408823,0.8029328457310978
26,56,4.6289,25.0,1.9114,234.652356,4.69304712,E04001,1.082452375,0.01346673,0.0089,4.6377999999999995,2.7175,2.7264,1.0,0.0,0.0,234.652356,4.69304712,0.4363323129985824,0.04684610648167502,0.953153893518325,0.049148523444366925,0.038167628976738754,1.8732323710232612,4.433234524286382,1.0038491028228866,2.357115392725187,2.3693819838705528,6.022831943870553,2.454145868498968,2.110070854203813,2.097804263058447,0.8000861487281193,0.0002983147441481568,786593.2227723241,15731.864455446483,0.0002699972251963866,0.00026947909692344517,19221.054614813536,19147.354478638998,4510265.750170669,90205.31500341337,11.583226412591207,0.23166452825182415,4492971.839579793,89859.43679159586,11.53881233745037,0.23077624674900743,"[2.357,2.642]",2.5,"[2.000,2.500]",2.25,0.002,0.0,936,1.873,0.24,-5.273316477470999,30,2.0466835225290003,0.005,0.0,374,1.8725,0.1,-1.275816477471,33,2.074183522529,1.8983645158529328,1.894066736569732,0.8115799426197413,0.7967964080000058,1.9421234176010564,1.8351947141183855,0.8013406868408823,0.8029328457310978
26,56,4.6289,25.0,1.926,242.3393987,4.846787975,E04001,1.093507706,0.013617266,0.0089,4.6377999999999995,2.7028999999999996,2.7117999999999998,1.0,0.0,0.0,242.3393987,4.846787975,0.4363323129985824,0.04684610648167502,0.953153893518325,0.049148523444366925,0.038167628976738754,1.8878323710232612,4.433234524286382,1.0038491028228866,2.344451589695274,2.356693832108335,6.066169832108335,2.4629595676966227,2.150132228833726,2.1378899864206646,0.7980729645575677,0.0003050649793466141,794386.1639544491,15887.723282366971,0.00026999722519638667,0.0002694790969234453,19659.59345423184,19584.211809272758,4764294.056385,95285.88114735959,12.235619763465557,0.2447123953198007,4746026.113872599,94920.5222970362,12.188704187769083,0.2437740838056777,"[2.357,2.642]",2.5,"[2.000,2.500]",2.25,0.002,0.0,943,1.887,0.24,-5.273316477470999,30,2.0466835225290003,0.005,0.0,377,1.8875,0.1,-1.275816477471,34,2.1741835225290003,1.9118712247288983,1.9090667365697318,0.8085582895800498,0.7952172559726015,1.9421234176010564,1.8884841085696809,0.8013406868408823,0.7973825400993437
26,56,4.6289,25.0,1.926,242.3393987,4.846787975,E04001,1.114139927,0.017413594,0.0089,4.6377999999999995,2.7028999999999996,2.7117999999999998,1.0,0.0,0.0,242.3393987,4.846787975,0.4363323129985824,0.04684610648167502,0.953153893518325,0.049148523444366925,0.038167628976738754,1.8878323710232612,4.433234524286382,1.0038491028228866,2.344451589695274,2.356693832108335,6.066169832108335,2.4629595676966227,2.150132228833726,2.1378899864206646,0.7980729645575677,0.0003050649793466141,794386.1639544491,15887.723282366971,0.00026999722519638667,0.0002694790969234453,19659.59345423184,19584.211809272758,4764294.056385,95285.88114735959,12.235619763465557,0.2447123953198007,4746026.113872599,94920.5222970362,12.188704187769083,0.2437740838056777,"[2.357,2.642]",2.5,"[2.000,2.500]",2.25,0.002,0.0,943,1.887,0.24,-5.273316477470999,30,2.0466835225290003,0.005,0.0,377,1.8875,0.1,-1.275816477471,34,2.1741835225290003,1.9118712247288983,1.9090667365697318,0.8085582895800498,0.7952172559726015,1.9421234176010564,1.8884841085696809,0.8013406868408823,0.7973825400993437
26,56,4.6289,25.0,1.9405,250.1176266,5.002352533,E04001,1.107478924,0.013833491,0.0089,4.6377999999999995,2.6883999999999997,2.6973,1.0,0.0,0.0,250.1176266,5.002352533,0.4363323129985824,0.04684610648167502,0.953153893518325,0.049148523444366925,0.038167628976738754,1.9023323710232611,4.433234524286382,1.0038491028228866,2.3318745250422785,2.344092585495174,6.109632835495173,2.4717671483161947,2.1899192104867216,2.177701150033826,0.7960509502268241,0.00031160250579946765,802681.6920431431,16053.633844072077,0.0002699972251963866,0.00026947909692344517,20106.232506404813,20029.138293658703,5028923.154369741,100578.46310750105,12.915237978246148,0.25830475961655963,5009640.532853088,100192.8106770909,12.865716512499427,0.2573143303014272,"[2.357,2.642]",2.5,"[2.000,2.500]",2.25,0.002,0.0,951,1.903,0.24,-5.273316477470999,31,2.2866835225290005,0.005,0.0,380,1.9025,0.1,-1.275816477471,34,2.1741835225290003,1.9273033336398697,1.924066736569732,0.8049574093770754,0.793631968227196,1.9834873465255325,1.8884841085696809,0.7903316228953997,0.7973825400993437
26,56,4.6289,25.0,1.9405,250.1176266,5.002352533,E04001,1.127469518,0.016392287,0.0089,4.6377999999999995,2.6883999999999997,2.6973,1.0,0.0,0.0,250.1176266,5.002352533,0.4363323129985824,0.04684610648167502,0.953153893518325,0.049148523444366925,0.038167628976738754,1.9023323710232611,4.433234524286382,1.0038491028228866,2.3318745250422785,2.344092585495174,6.109632835495173,2.4717671483161947,2.1899192104867216,2.177701150033826,0.7960509502268241,0.00031160250579946765,802681.6920431431,16053.633844072077,0.0002699972251963866,0.00026947909692344517,20106.232506404813,20029.138293658703,5028923.154369741,100578.46310750105,12.915237978246148,0.25830475961655963,5009640.532853088,100192.8106770909,12.865716512499427,0.2573143303014272,"[2.357,2.642]",2.5,"[2.000,2.500]",2.25,0.002,0.0,951,1.903,0.24,-5.273316477470999,31,2.2866835225290005,0.005,0.0,380,1.9025,0.1,-1.275816477471,34,2.1741835225290003,1.9273033336398697,1.924066736569732,0.8049574093770754,0.793631968227196,1.9834873465255325,1.8884841085696809,0.7903316228953997,0.7973825400993437
26,56,4.6289,25.0,1.9551,258.0411968,5.160823937,E04001,1.131602254,0.014222535,0.0089,4.6377999999999995,2.6738,2.6827,1.0,0.0,0.0,258.0411968,5.160823937,0.4363323129985824,0.04684610648167502,0.953153893518325,0.049148523444366925,0.038167628976738754,1.9169323710232613,4.433234524286382,1.0038491028228866,2.3192107220123663,2.3314044337329562,6.153820443732957,2.4806895097397734,2.2299805851166337,2.2177868733960437,0.79399210785716,0.00031802010974531415,811398.9929965494,16227.979863075441,0.0002699972251963866,0.00026947909692344517,20567.415624448513,20488.55307696311,5307240.542815714,106144.81087688169,13.630010344998333,0.2726002069527877,5286890.756679884,105737.81515408623,13.577748196088324,0.271554963974385,"[2.357,2.642]",2.5,"[2.000,2.500]",2.25,0.002,0.0,958,1.917,0.24,-5.273316477470999,31,2.2866835225290005,0.005,0.0,383,1.9175,0.1,-1.275816477471,34,2.1741835225290003,1.9408028181925232,1.9390667365697318,0.8016695445972302,0.7920406554391767,1.9834873465255325,1.8884841085696809,0.7903316228953997,0.7973825400993437
26,56,4.6289,25.0,1.9551,258.0411968,5.160823937,E04001,1.127726904,0.015501401,0.0089,4.6377999999999995,2.6738,2.6827,1.0,0.0,0.0,258.0411968,5.160823937,0.4363323129985824,0.04684610648167502,0.953153893518325,0.049148523444366925,0.038167628976738754,1.9169323710232613,4.433234524286382,1.0038491028228866,2.3192107220123663,2.3314044337329562,6.153820443732957,2.4806895097397734,2.2299805851166337,2.2177868733960437,0.79399210785716,0.00031802010974531415,811398.9929965494,16227.979863075441,0.0002699972251963866,0.00026947909692344517,20567.415624448513,20488.55307696311,5307240.542815714,106144.81087688169,13.630010344998333,0.2726002069527877,5286890.756679884,105737.81515408623,13.577748196088324,0.271554963974385,"[2.357,2.642]",2.5,"[2.000,2.500]",2.25,0.002,0.0,958,1.917,0.24,-5.273316477470999,31,2.2866835225290005,0.005,0.0,383,1.9175,0.1,-1.275816477471,34,2.1741835225290003,1.9408028181925232,1.9390667365697318,0.8016695445972302,0.7920406554391767,1.9834873465255325,1.8884841085696809,0.7903316228953997,0.7973825400993437
26,56,4.6289,25.0,1.9697,266.0367672,5.320735344,E04001,1.146458075,0.014509273,0.0089,4.6377999999999995,2.6592,2.6681,1.0,0.0,0.0,266.0367672,5.320735344,0.4363323129985824,0.04684610648167502,0.953153893518325,0.049148523444366925,0.038167628976738754,1.9315323710232613,4.433234524286382,1.0038491028228866,2.3065469189824532,2.3187162819707385,6.198434371970738,2.489665514074278,2.2700419597465467,2.2578725967582614,0.7919101960690128,0.0003242747539565696,820405.4245790301,16408.108491580602,0.0002699972251963866,0.00026947909692344517,21040.393624742093,20959.71751688096,5597518.300541876,111950.36601083753,14.375499231136404,0.28750998462272814,5576055.489616222,111521.10979232444,14.320378621360122,0.28640757242720244,"[2.357,2.642]",2.5,"[2.000,2.500]",2.25,0.002,0.0,965,1.931,0.24,-5.273316477470999,31,2.2866835225290005,0.005,0.0,386,1.9325,0.1,-1.275816477471,35,2.2741835225290004,1.9542989353590485,1.954066736569732,0.7982456573057058,0.7904434279632621,1.9834873465255325,1.941773503020976,0.7903316228953997,0.791752868140907
26,56,4.6289,25.0,1.9697,266.0367672,5.320735344,E04001,1.131422559,0.014847572,0.0089,4.6377999999999995,2.6592,2.6681,1.0,0.0,0.0,266.0367672,5.320735344,0.4363323129985824,0.04684610648167502,0.953153893518325,0.049148523444366925,0.038167628976738754,1.9315323710232613,4.433234524286382,1.0038491028228866,2.3065469189824532,2.3187162819707385,6.198434371970738,2.489665514074278,2.2700419597465467,2.2578725967582614,0.7919101960690128,0.0003242747539565696,820405.4245790301,16408.108491580602,0.0002699972251963866,0.00026947909692344517,21040.393624742093,20959.71751688096,5597518.300541876,111950.36601083753,14.375499231136404,0.28750998462272814,5576055.489616222,111521.10979232444,14.320378621360122,0.28640757242720244,"[2.357,2.642]",2.5,"[2.000,2.500]",2.25,0.002,0.0,965,1.931,0.24,-5.273316477470999,31,2.2866835225290005,0.005,0.0,386,1.9325,0.1,-1.275816477471,35,2.2741835225290004,1.9542989353590485,1.954066736569732,0.7982456573057058,0.7904434279632621,1.9834873465255325,1.941773503020976,0.7903316228953997,0.791752868140907
26,56,4.6289,25.0,1.9843,274.0937651,5.481875303,E04001,1.152890143,0.014557062,0.0089,4.6377999999999995,2.6445999999999996,2.6534999999999997,1.0,0.0,0.0,274.0937651,5.481875303,0.4363323129985824,0.04684610648167502,0.953153893518325,0.049148523444366925,0.038167628976738754,1.9461323710232612,4.433234524286382,1.0038491028228866,2.2938831159525406,2.306028130208521,6.24347462020852,2.49869458321911,2.310103334376459,2.297958320120479,0.7898051077009077,0.00033036905280602974,829659.3242373983,16593.186487774885,0.0002699972251963866,0.00026947909692344517,21525.466492178704,21442.930448060113,5899996.15637515,117999.92314902847,15.152320306209278,0.3030464061794671,5877373.541286226,117547.47084716745,15.094221097174868,0.3018844219985669,"[2.357,2.642]",2.5,"[2.000,2.500]",2.25,0.002,0.0,973,1.947,0.24,-5.273316477470999,31,2.2866835225290005,0.005,0.0,389,1.9475,0.1,-1.275816477471,35,2.2741835225290004,1.9697189491645233,1.9690667365697319,0.7941553327967846,0.788840395819589,1.9834873465255325,1.941773503020976,0.7903316228953997,0.791752868140907
26,56,4.6289,25.0,1.9988,282.1544692,5.643089383,E04001,1.123498064,0.013893099,0.0089,4.6377999999999995,2.6300999999999997,2.639,1.0,0.0,0.0,282.1544692,5.643089383,0.4363323129985824,0.04684610648167502,0.953153893518325,0.049148523444366925,0.038167628976738754,1.9606323710232612,4.433234524286382,1.0038491028228866,2.281306051299545,2.2934268835953597,6.2886283235953595,2.507713764287176,2.3498903160294553,2.3377694837336405,0.7876913936884511,0.000336265480621764,839082.4674548476,16781.649346123115,0.00026999722519638667,0.0002694790969234453,22019.491803779467,21935.06149665251,6212898.021949146,124257.96041696344,15.955912235072589,0.3191182446449015,6189075.633457347,123781.51264721187,15.894731778116416,0.31789463550599484,"[2.357,2.642]",2.5,"[2.000,2.500]",2.25,0.002,0.0,980,1.961,0.24,-5.273316477470999,31,2.2866835225290005,0.005,0.0,392,1.9625000000000001,0.1,-1.275816477471,36,2.3741835225290004,1.983207858980883,1.984066736569732,0.7904109227481478,0.7872316686800452,1.9834873465255325,1.995062897472271,0.7903316228953997,0.7860487927673117
26,56,4.6289,25.0,2.0134,290.3001223,5.806002447,E04001,1.119531047,0.013572161,0.0089,4.6377999999999995,2.6155,2.6244,1.0,0.0,0.0,290.3001223,5.806002447,0.4363323129985824,0.04684610648167502,0.953153893518325,0.049148523444366925,0.038167628976738754,1.975232371023261,4.433234524286382,1.0038491028228866,2.2686422482696327,2.2807387318331425,6.334518291833142,2.51684689479379,2.3899516906593674,2.3778552070958576,0.7855397943840007,0.0003420479470012322,848711.7810385636,16974.23562369484,0.00026999722519638667,0.0002694790969234453,22529.597782904,22443.21155395702,6540344.991746839,130806.89985746639,16.79685877777688,0.3359371756133979,6515267.058918496,130305.34120081313,16.732453842458053,0.3346490769067995,"[2.357,2.642]",2.5,"[2.000,2.500]",2.25,0.002,0.0,987,1.975,0.24,-5.273316477470999,31,2.2866835225290005,0.005,0.0,395,1.9775,0.1,-1.275816477471,36,2.3741835225290004,1.9966934093164213,1.9990667365697319,0.7865017629516088,0.7856173558548484,1.9834873465255325,1.995062897472271,0.7903316228953997,0.7860487927673117
26,56,4.6289,25.0,2.028,298.4669764,5.969339527,E04001,1.119051776,0.013435322,0.0089,4.6377999999999995,2.6008999999999998,2.6098,1.0,0.0,0.0,298.4669764,5.969339527,0.4363323129985824,0.04684610648167502,0.953153893518325,0.049148523444366925,0.038167628976738754,1.9898323710232613,4.433234524286382,1.0038491028228866,2.2559784452397196,2.2680505800709243,6.380834580070925,2.526031389367702,2.4300130652892804,2.4179409304580757,0.7833647025292007,0.0003476778319446859,858458.4606115608,17169.16920935499,0.0002699972251963867,0.00026947909692344533,23052.74433667349,22964.352183856845,6880482.899889161,137609.65797473048,17.67039808116905,0.3534079615641772,6854100.76130049,137082.01520304542,17.602643695629936,0.3520528738536218,"[2.357,2.642]",2.5,"[2.000,2.500]",2.25,0.002,0.0,994,1.989,0.24,-5.273316477470999,32,2.5266835225290007,0.005,0.0,397,1.9875,0.1,-1.275816477471,36,2.3741835225290004,2.010175602679965,2.0090667365697317,0.7824170229670356,0.7845380979570832,2.0242737966816997,1.995062897472271,0.777943857399217,0.7860487927673117
26,56,4.6289,25.0,2.0426,306.6357842,6.132715685,E04001,1.134896897,0.013305688,0.0089,4.6377999999999995,2.5862999999999996,2.5951999999999997,1.0,0.0,0.0,306.6357842,6.132715685,0.4363323129985824,0.04684610648167502,0.953153893518325,0.049148523444366925,0.038167628976738754,2.0044323710232614,4.433234524286382,1.0038491028228866,2.243314642209807,2.2553624283087066,6.427577188308708,2.5352666897801317,2.470074439919193,2.4580266538202933,0.781166014245486,0.0003531577043839971,868268.7093995473,17365.374190822542,0.00026999722519638667,0.0002694790969234453,23589.26415045708,23498.814796090955,7233312.511476353,144666.25025311633,18.576532110173087,0.37153064226404353,7205577.502769913,144111.55007889707,18.505303295021847,0.3701060659607864,"[2.357,2.642]",2.5,"[2.000,2.500]",2.25,0.002,0.0,1002,2.005,0.24,-5.273316477470999,32,2.5266835225290007,0.005,0.0,400,2.0025,0.1,-1.275816477471,37,2.474183522529,2.025579716303106,2.024066736569732,0.7775185608584612,0.7829147175434312,2.0242737966816997,2.0483522919235657,0.777943857399217,0.7802752232731716
26,56,4.6289,25.0,2.0571,314.7751774,6.295503548,E04001,1.083312867,0.012643945,0.0089,4.6377999999999995,2.5717999999999996,2.5806999999999998,1.0,0.0,0.0,314.7751774,6.295503548,0.4363323129985824,0.04684610648167502,0.953153893518325,0.049148523444366925,0.038167628976738754,2.0189323710232614,4.433234524286382,1.0038491028228866,2.2307375775568117,2.2427611816955455,6.474421591695546,2.544488473484513,2.5098614215721886,2.497837817433455,0.7789589292151504,0.00035845409107413946,878146.4216428617,17562.928432857232,0.0002699972251963866,0.00026947909692344517,24135.682522335046,24043.138011942225,7597313.747638094,151946.2749527619,19.511357011070555,0.3902271402214111,7568183.032961798,151363.66065923593,19.436543755633583,0.3887308751126716,"[2.357,2.642]",2.5,"[2.000,2.500]",2.25,0.002,0.0,1009,2.019,0.24,-5.273316477470999,32,2.5266835225290007,0.005,0.0,403,2.0175,0.1,-1.275816477471,37,2.474183522529,2.0390547245888584,2.039066736569732,0.7730164285285828,0.7812860410704577,2.0242737966816997,2.0483522919235657,0.777943857399217,0.7802752232731716
26,56,4.6289,25.0,2.0717,322.954008,6.45908016,E04001,1.105420559,0.012757234,0.0089,4.6377999999999995,2.5572,2.5661,1.0,0.0,0.0,322.954008,6.45908016,0.4363323129985824,0.04684610648167502,0.953153893518325,0.049148523444366925,0.038167628976738754,2.033532371023261,4.433234524286382,1.0038491028228866,2.218073774526899,2.2300730299333282,6.522013919933327,2.5538233924712426,2.549922796202101,2.537923540795672,0.7767129033929104,0.0003636425698348418,888108.3646138525,17762.16729227705,0.0002699972251963866,0.00026947909692344517,24699.88471563284,24605.176859923682,7976926.766051566,159538.53532103132,20.48627595931302,0.4097255191862604,7946340.484461207,158926.80968922414,20.407724529218907,0.40815449058437814,"[2.357,2.642]",2.5,"[2.000,2.500]",2.25,0.002,0.0,1016,2.033,0.24,-5.273316477470999,32,2.5266835225290007,0.005,0.0,406,2.0325,0.1,-1.275816477471,38,2.574183522529,2.052526383767244,2.054066736569732,0.7682977938201896,0.7796521764114158,2.0242737966816997,2.1016416863748613,0.777943857399217,0.7744370078054974
26,56,4.6289,25.0,2.0863,331.1136185,6.62227237,E04001,1.126501536,0.012714669,0.0089,4.6377999999999995,2.5425999999999997,2.5515,1.0,0.0,0.0,331.1136185,6.62227237,0.4363323129985824,0.04684610648167502,0.953153893518325,0.049148523444366925,0.038167628976738754,2.0481323710232613,4.433234524286382,1.0038491028228866,2.205409971496986,2.2173848781711105,6.570032568171111,2.5632074766142345,2.589984170832014,2.5780092641578896,0.7744429756436987,0.0003686886336677471,898084.6933252388,17961.69386650478,0.0002699972251963867,0.00026947909692344533,25278.509393339158,25181.582891546554,8370058.715514768,167401.17431029538,21.495914112116612,0.4299182822423323,8337965.030777671,166759.30061555345,21.413491381990333,0.42826982763980675,"[2.357,2.642]",2.5,"[2.000,2.500]",2.25,0.002,0.0,1024,2.049,0.24,-5.273316477470999,32,2.5266835225290007,0.005,0.0,409,2.0475,0.1,-1.275816477471,38,2.574183522529,2.0679184679392506,2.0690667365697317,0.7626197893855123,0.7780132310185239,2.0242737966816997,2.1016416863748613,0.777943857399217,0.7744370078054974
26,56,4.6289,25.0,2.1009,339.2728312,6.785456625,E04001,1.134779931,0.012615216,0.0089,4.6377999999999995,2.5279999999999996,2.5368999999999997,1.0,0.0,0.0,339.2728312,6.785456625,0.4363323129985824,0.04684610648167502,0.953153893518325,0.049148523444366925,0.038167628976738754,2.0627323710232615,4.433234524286382,1.0038491028228866,2.1927461684670733,2.204696726408893,6.618477536408895,2.572640187902089,2.6300455454619267,2.618094987520107,0.7721490458071499,0.00037359478668219474,908130.5288358015,18162.61057939273,0.00026999722519638667,0.0002694790969234453,25871.925814133436,25772.723949625455,8777641.519557415,175552.83041702025,22.542664827620708,0.4508532966188583,8743985.022125473,174879.70046828222,22.456228495128723,0.4491245699687638,"[2.357,2.642]",2.5,"[2.000,2.500]",2.25,0.002,0.0,1031,2.063,0.24,-5.273316477470999,32,2.5266835225290007,0.005,0.0,412,2.0625,0.1,-1.275816477471,38,2.574183522529,2.08138295885972,2.084066736569732,0.7573824445611927,0.7763693119109497,2.0242737966816997,2.1016416863748613,0.777943857399217,0.7744370078054974
26,56,4.6289,25.0,2.1155,347.3938389,6.947876777,E04001,1.114009394,0.012176382,0.0089,4.6377999999999995,2.5134,2.5223,1.0,0.0,0.0,347.3938389,6.947876777,0.4363323129985824,0.04684610648167502,0.953153893518325,0.049148523444366925,0.038167628976738754,2.077332371023261,4.433234524286382,1.0038491028228866,2.180082365437161,2.192008574646675,6.667348824646675,2.582120993417364,2.670106920091839,2.6581807108823248,0.7698310147241832,0.0003783635142049145,918148.3569577433,18362.967136511907,0.0002699972251963866,0.00026947909692344517,26480.513063963743,26378.977666562514,9199167.089331966,183983.3417601588,23.62522323633762,0.47250446465874535,9163894.317844516,183277.88633051136,23.53463600246492,0.47069271998155227,"[2.357,2.642]",2.5,"[2.000,2.500]",2.25,0.002,0.0,1038,2.077,0.24,-5.273316477470999,33,2.766683522529,0.005,0.0,415,2.0775,0.1,-1.275816477471,39,2.6741835225290003,2.094844108506777,2.099066736569732,0.7518738536490036,0.7747205256630422,2.0645062996703905,2.1549310808261564,0.7639060950850125,0.7685389263304906
26,56,4.6289,25.0,2.13,355.4464162,7.108928323,E04001,1.147852339,0.012322532,0.0089,4.6377999999999995,2.4989,2.5078,1.0,0.0,0.0,355.4464162,7.108928323,0.4363323129985824,0.04684610648167502,0.953153893518325,0.049148523444366925,0.038167628976738754,2.091832371023261,4.433234524286382,1.0038491028228866,2.1675053007841654,2.179407328033514,6.716307328033514,2.5915839419230693,2.709893901744835,2.6979918744954863,0.7675049094668873,0.00038296599723351807,928140.9283531308,18562.81856445142,0.0002699972251963866,0.00026947909692344517,27100.331540804647,26996.419546121837,9632715.724010836,192654.31445311639,24.738659178812878,0.49477318350665866,9595780.577900637,191915.61153101633,24.64380264847198,0.4928760529001076,"[2.357,2.642]",2.5,"[2.000,2.500]",2.25,0.002,0.0,1045,2.091,0.24,-5.273316477470999,33,2.766683522529,0.005,0.0,418,2.0925000000000002,0.1,-1.275816477471,39,2.6741835225290003,2.108301919366653,2.114066736569732,0.7460727551145327,0.7730669783928148,2.0645062996703905,2.1549310808261564,0.7639060950850125,0.7685389263304906
26,56,4.6289,25.0,2.1446,363.4823559,7.269647117,E04001,1.1692452,0.012435267,0.0089,4.6377999999999995,2.4842999999999997,2.4932,1.0,0.0,0.0,363.4823559,7.269647117,0.4363323129985824,0.04684610648167502,0.953153893518325,0.049148523444366925,0.038167628976738754,2.1064323710232613,4.433234524286382,1.0038491028228866,2.1548414977542527,2.1667191762712963,6.766028336271297,2.601159037096982,2.7499552763747475,2.738077597857704,0.7651385493040032,0.00038746814954586546,938096.0895134783,18761.92178768871,0.0002699972251963866,0.00026947909692344517,27740.32775896267,27633.961798596152,10083119.68726592,201662.39371757806,25.895382833802525,0.517907656604808,10044457.53740433,200889.15072045266,25.796091027011013,0.515921820469251,"[2.357,2.642]",2.5,"[2.000,2.500]",2.25,0.002,0.0,1053,2.107,0.24,-5.273316477470999,33,2.766683522529,0.005,0.0,421,2.1075,0.1,-1.275816477471,40,2.774183522529,2.1236781895094765,2.1290667365697318,0.7390544320475365,0.7714087757506768,2.0645062996703905,2.208220475277451,0.7639060950850125,0.762585684100772
26,56,4.6289,25.0,2.1592,371.4336049,7.428672097,E04001,1.163061162,0.012169066,0.0089,4.6377999999999995,2.4697,2.4786,1.0,0.0,0.0,371.4336049,7.428672097,0.4363323129985824,0.04684610648167502,0.953153893518325,0.049148523444366925,0.038167628976738754,2.121032371023261,4.433234524286382,1.0038491028228866,2.14217769472434,2.154031024509079,6.816175664509078,2.610780661891971,2.79001665100466,2.778163321219921,0.7627477973661507,0.0003918401944079433,947921.1428557578,18958.422854563098,0.00026999722519638667,0.0002694790969234453,28396.69108787876,28287.808404694973,10547485.33800251,210949.7067316535,27.08796277668253,0.5417592554607225,10507042.650476372,210140.85298123962,26.984098208096697,0.5396819640892854,"[2.357,2.642]",2.5,"[2.000,2.500]",2.25,0.002,0.0,1060,2.121,0.24,-5.273316477470999,33,2.766683522529,0.005,0.0,424,2.1225,0.1,-1.275816477471,40,2.774183522529,2.1371288541830396,2.144066736569732,0.7325438834622703,0.7697460229084135,2.0645062996703905,2.208220475277451,0.7639060950850125,0.762585684100772
26,56,4.6289,25.0,2.1738,379.5974909,7.591949819,E04001,1.159122519,0.011986381,0.0089,4.6377999999999995,2.4551,2.464,1.0,0.0,0.0,379.5974909,7.591949819,0.4363323129985824,0.04684610648167502,0.953153893518325,0.049148523444366925,0.038167628976738754,2.135632371023261,4.433234524286382,1.0038491028228866,2.1295138916944274,2.141342872746861,6.86674931274686,2.6204483037730126,2.8300780256345726,2.818249044582139,0.760332558780206,0.00039608453373367536,958374.9391114546,19167.498784753803,0.0002699972251963866,0.00026947909692344517,29069.84280414133,28958.379025687336,11034839.38930947,220696.78781525925,28.339581335781514,0.5667916267902872,10992528.0186821,219850.56040260036,28.230917631035215,0.5646183526950749,"[2.357,2.642]",2.5,"[2.000,2.500]",2.25,0.002,0.0,1067,2.1350000000000002,0.24,-5.273316477470999,33,2.766683522529,0.005,0.0,427,2.1375,0.1,-1.275816477471,40,2.774183522529,2.1505761878632157,2.159066736569732,0.7256575810080127,0.7680788245484179,2.0645062996703905,2.208220475277451,0.7639060950850125,0.762585684100772
26,56,4.6289,25.0,2.1883,387.4316854,7.748633708,E04001,1.146008488,0.011769817,0.0089,4.6377999999999995,2.4406,2.4495,1.0,0.0,0.0,387.4316854,7.748633708,0.4363323129985824,0.04684610648167502,0.953153893518325,0.049148523444366925,0.038167628976738754,2.150132371023261,4.433234524286382,1.0038491028228866,2.116936827041432,2.1287416261336998,6.9173985161337,2.6300947732227633,2.869865007287568,2.8580602081953006,0.757909534721014,0.00040017575522032666,968153.8182808949,19363.076365617897,0.00026999722519638656,0.0002694790969234451,29755.42739045704,29641.334844831672,11528195.383682095,230563.9076736419,29.60661403437825,0.5921322806875651,11483992.316438882,229679.84632877764,29.493092090357603,0.5898618418071521,"[2.357,2.642]",2.5,"[2.000,2.500]",2.25,0.002,0.0,1075,2.1510000000000002,0.24,-5.273316477470999,33,2.766683522529,0.005,0.0,430,2.1525,0.1,-1.275816477471,41,2.8741835225290004,2.165940493617441,2.1740667365697317,0.7172848344328655,0.766407284853168,2.0645062996703905,2.2615098697287466,0.7639060950850125,0.7565819056231913
26,56,4.6289,25.0,2.2029,395.3614166,7.907228333,E04001,1.153375066,0.011660217,0.0089,4.6377999999999995,2.4259999999999997,2.4349,1.0,0.0,0.0,395.3614166,7.907228333,0.4363323129985824,0.04684610648167502,0.953153893518325,0.049148523444366925,0.038167628976738754,2.1647323710232613,4.433234524286382,1.0038491028228866,2.104273024011519,2.116053474371482,6.968821884371483,2.6398526255023183,2.909926381917481,2.898145931557518,0.7554452121403907,0.00040417263200066833,978199.3764470085,19563.98753141436,0.0002699972251963866,0.00026947909692344517,30463.34293982464,30346.536002432844,12044030.419060677,240880.60841167692,30.93137721626194,0.6186275444034746,11997849.462824749,239956.98928684153,30.81277567443251,0.6162555135665859,"[2.357,2.642]",2.5,"[2.000,2.500]",2.25,0.002,0.0,1082,2.165,0.24,-5.273316477470999,34,3.0066835225290003,0.005,0.0,432,2.1625,0.1,-1.275816477471,41,2.8741835225290004,2.179380697779827,2.184066736569732,0.7094768837575204,0.7652905644209081,2.104206831080068,2.2615098697287466,0.7478704527278325,0.7565819056231913
26,56,4.6289,25.0,2.2175,403.2489612,8.064979223,E04001,1.175452501,0.011704928,0.0089,4.6377999999999995,2.4114,2.4203,1.0,0.0,0.0,403.2489612,8.064979223,0.4363323129985824,0.04684610648167502,0.953153893518325,0.049148523444366925,0.038167628976738754,2.179332371023261,4.433234524286382,1.0038491028228866,2.0916092209816064,2.103365322609265,7.020671572609264,2.6496549912411735,2.9499877565473938,2.9382316549197354,0.7529561259127978,0.00040804885428944273,988236.9646698284,19764.739290945883,0.00026999722519638667,0.0002694790969234453,31189.37704106446,31069.786239144883,12577083.892284373,251541.6778144981,32.30036064481813,0.6460072128162624,12528859.025641229,250577.1804817548,32.176509949540716,0.6435301989110211,"[2.642,2.923]",2.783,"[2.000,2.500]",2.25,0.002,0.0,1089,2.179,0.24,-6.768405477470999,40,2.9515945225289997,0.005,0.0,435,2.1775,0.1,-1.275816477471,42,2.974183522529,2.2065684679313478,2.199066736569732,0.7907005039065874,0.7636120192932804,2.332305469098242,2.3147992641800412,0.751751202573513,0.7505321291247496
26,56,4.6289,25.0,2.2321,411.0936418,8.221872836,E04001,1.165184647,0.011603196,0.0089,4.6377999999999995,2.3968,2.4057,1.0,0.0,0.0,411.0936418,8.221872836,0.4363323129985824,0.04684610648167502,0.953153893518325,0.049148523444366925,0.038167628976738754,2.193932371023261,4.433234524286382,1.0038491028228866,2.0789454179516937,2.090677170847047,7.072947580847047,2.6595013782374783,2.9900491311773063,2.978317378281953,0.750442185922698,0.00041180672968869463,998268.3918516006,19965.367837032012,0.00026999722519638667,0.0002694790969234453,31933.99838876926,31811.55245242423,13127863.694874488,262557.2738974897,33.71486868276294,0.6742973736552587,13077526.948978797,261550.5389795759,33.58559427702292,0.6717118855404584,"[2.642,2.923]",2.783,"[2.000,2.500]",2.25,0.002,0.0,1096,2.193,0.24,-6.768405477470999,40,2.9515945225289997,0.005,0.0,438,2.1925,0.1,-1.275816477471,42,2.974183522529,2.219998631427245,2.2140667365697317,0.787222945412892,0.761929408128976,2.332305469098242,2.3147992641800412,0.751751202573513,0.7505321291247496
26,56,4.6289,25.0,2.2467,418.9258064,8.378516127,E04001,1.174432304,0.011744323,0.0089,4.6377999999999995,2.3821999999999997,2.3911,1.0,0.0,0.0,418.9258064,8.378516127,0.4363323129985824,0.04684610648167502,0.953153893518325,0.049148523444366925,0.038167628976738754,2.2085323710232614,4.433234524286382,1.0038491028228866,2.0662816149217806,2.0779890190848294,7.12564990908483,2.6693912993573705,3.0301105058072193,3.0184031016441706,0.7479033033215483,0.00041544854084282073,1008369.9067762397,20167.398133117757,0.0002699972251963868,0.00026947909692344533,32697.688459336896,32572.314272522577,13697905.505243683,273958.1100721759,35.17884524642771,0.7035769048445801,13645383.02293075,272907.6604260427,35.043957450878416,0.7008791489339163,"[2.642,2.923]",2.783,"[2.000,2.500]",2.25,0.002,0.0,1104,2.209,0.24,-6.768405477470999,40,2.9515945225289997,0.005,0.0,441,2.2075,0.1,-1.275816477471,42,2.974183522529,2.2353433297013012,2.229066736569732,0.783078174258175,0.7602428331914484,2.332305469098242,2.3147992641800412,0.751751202573513,0.7505321291247496
26,56,4.6289,25.0,2.2467,418.9258064,8.378516127,E04001,1.179206419,0.016112638,0.0089,4.6377999999999995,2.3821999999999997,2.3911,1.0,0.0,0.0,418.9258064,8.378516127,0.4363323129985824,0.04684610648167502,0.953153893518325,0.049148523444366925,0.038167628976738754,2.2085323710232614,4.433234524286382,1.0038491028228866,2.0662816149217806,2.0779890190848294,7.12564990908483,2.6693912993573705,3.0301105058072193,3.0184031016441706,0.7479033033215483,0.00041544854084282073,1008369.9067762397,20167.398133117757,0.0002699972251963868,0.00026947909692344533,32697.688459336896,32572.314272522577,13697905.505243683,273958.1100721759,35.17884524642771,0.7035769048445801,13645383.02293075,272907.6604260427,35.043957450878416,0.7008791489339163,"[2.642,2.923]",2.783,"[2.000,2.500]",2.25,0.002,0.0,1104,2.209,0.24,-6.768405477470999,40,2.9515945225289997,0.005,0.0,441,2.2075,0.1,-1.275816477471,42,2.974183522529,2.2353433297013012,2.229066736569732,0.783078174258175,0.7602428331914484,2.332305469098242,2.3147992641800412,0.751751202573513,0.7505321291247496
26,56,4.6289,25.0,2.2612,426.6779063,8.533558127,E04001,1.178875195,0.011929373,0.0089,4.6377999999999995,2.3676999999999997,2.3766,1.0,0.0,0.0,426.6779063,8.533558127,0.4363323129985824,0.04684610648167502,0.953153893518325,0.049148523444366925,0.038167628976738754,2.2230323710232613,4.433234524286382,1.0038491028228866,2.0537045502687854,2.0653877724716683,7.178413212471669,2.67925609311086,3.069897487460215,3.058214265257332,0.7453570369330333,0.00041895276260304646,1018439.1759322829,20368.78352103256,0.00026999722519638667,0.0002694790969234453,33475.50947131019,33347.15285113565,14283260.293544455,285665.2059043645,36.68214847070572,0.7336429695000857,14228493.359588636,284569.86722511984,36.541496493400466,0.730829929953651,"[2.642,2.923]",2.783,"[2.000,2.500]",2.25,0.002,0.0,1111,2.223,0.24,-6.768405477470999,40,2.9515945225289997,0.005,0.0,444,2.2225,0.1,-1.275816477471,43,3.0741835225290006,2.248766390940048,2.244066736569732,0.779293049662382,0.758552396198413,2.332305469098242,2.3680886586313368,0.751751202573513,0.7444408015117309
26,56,4.6289,25.0,2.2612,426.6779063,8.533558127,E04001,1.167156754,0.014905857,0.0089,4.6377999999999995,2.3676999999999997,2.3766,1.0,0.0,0.0,426.6779063,8.533558127,0.4363323129985824,0.04684610648167502,0.953153893518325,0.049148523444366925,0.038167628976738754,2.2230323710232613,4.433234524286382,1.0038491028228866,2.0537045502687854,2.0653877724716683,7.178413212471669,2.67925609311086,3.069897487460215,3.058214265257332,0.7453570369330333,0.00041895276260304646,1018439.1759322829,20368.78352103256,0.00026999722519638667,0.0002694790969234453,33475.50947131019,33347.15285113565,14283260.293544455,285665.2059043645,36.68214847070572,0.7336429695000857,14228493.359588636,284569.86722511984,36.541496493400466,0.730829929953651,"[2.642,2.923]",2.783,"[2.000,2.500]",2.25,0.002,0.0,1111,2.223,0.24,-6.768405477470999,40,2.9515945225289997,0.005,0.0,444,2.2225,0.1,-1.275816477471,43,3.0741835225290006,2.248766390940048,2.244066736569732,0.779293049662382,0.758552396198413,2.332305469098242,2.3680886586313368,0.751751202573513,0.7444408015117309
26,56,4.6289,25.0,2.2758,434.4250201,8.688500403,E04001,1.194682571,0.012361166,0.0089,4.6377999999999995,2.3531,2.362,1.0,0.0,0.0,434.4250201,8.688500403,0.4363323129985824,0.04684610648167502,0.953153893518325,0.049148523444366925,0.038167628976738754,2.237632371023261,4.433234524286382,1.0038491028228866,2.041040747238873,2.0526996207094506,7.231965260709449,2.6892313512804082,3.109958862090127,3.0982999886195497,0.742768180106056,0.00042236994786279153,1028541.5008766784,20570.83001990116,0.0002699972251963866,0.00026947909692344517,34278.69526879852,34147.258957949634,14891522.88114957,297830.45765727013,38.24428331171193,0.7648856663222731,14834423.659167174,296688.47321749077,38.09764157199186,0.761952831527534,"[2.642,2.923]",2.783,"[2.000,2.500]",2.25,0.002,0.0,1118,2.237,0.24,-6.768405477470999,41,3.191594522529,0.005,0.0,447,2.2375000000000003,0.1,-1.275816477471,43,3.0741835225290006,2.2621861416458913,2.259066736569732,0.7753505913331662,0.7568581983127256,2.368792696736156,2.3680886586313368,0.7370435169309378,0.7444408015117309
26,56,4.6289,25.0,2.2758,434.4250201,8.688500403,E04001,1.144040921,0.013880416,0.0089,4.6377999999999995,2.3531,2.362,1.0,0.0,0.0,434.4250201,8.688500403,0.4363323129985824,0.04684610648167502,0.953153893518325,0.049148523444366925,0.038167628976738754,2.237632371023261,4.433234524286382,1.0038491028228866,2.041040747238873,2.0526996207094506,7.231965260709449,2.6892313512804082,3.109958862090127,3.0982999886195497,0.742768180106056,0.00042236994786279153,1028541.5008766784,20570.83001990116,0.0002699972251963866,0.00026947909692344517,34278.69526879852,34147.258957949634,14891522.88114957,297830.45765727013,38.24428331171193,0.7648856663222731,14834423.659167174,296688.47321749077,38.09764157199186,0.761952831527534,"[2.642,2.923]",2.783,"[2.000,2.500]",2.25,0.002,0.0,1118,2.237,0.24,-6.768405477470999,41,3.191594522529,0.005,0.0,447,2.2375000000000003,0.1,-1.275816477471,43,3.0741835225290006,2.2621861416458913,2.259066736569732,0.7753505913331662,0.7568581983127256,2.368792696736156,2.3680886586313368,0.7370435169309378,0.7444408015117309
26,56,4.6289,25.0,2.2904,442.1695668,8.843391337,E04001,1.187327305,0.013501608,0.0089,4.6377999999999995,2.3385,2.3474,1.0,0.0,0.0,442.1695668,8.843391337,0.4363323129985824,0.04684610648167502,0.953153893518325,0.049148523444366925,0.038167628976738754,2.2522323710232612,4.433234524286382,1.0038491028228866,2.02837694420896,2.040011468947233,7.285943628947233,2.699248715651678,3.15002023672004,3.1383857119817673,0.7401541226089156,0.00042567774778933676,1038742.4973382091,20774.849949113377,0.00026999722519638667,0.0002694790969234453,35102.47124943508,34967.87629806584,15521244.505972164,310424.8901545458,39.86152907088896,0.7972305815079292,15461730.71463176,309234.6143276031,39.70868625453352,0.7941737251804746,"[2.642,2.923]",2.783,"[2.000,2.500]",2.25,0.002,0.0,1126,2.253,0.24,-6.768405477470999,41,3.191594522529,0.005,0.0,450,2.2525,0.1,-1.275816477471,44,3.1741835225290003,2.2775189490221095,2.274066736569732,0.7706396681181062,0.7551603401335055,2.368792696736156,2.421378053082632,0.7370435169309378,0.7383122738149133
26,56,4.6289,25.0,2.305,449.8734837,8.997469675,E04001,1.175886153,0.013003656,0.0089,4.6377999999999995,2.3238999999999996,2.3327999999999998,1.0,0.0,0.0,449.8734837,8.997469675,0.4363323129985824,0.04684610648167502,0.953153893518325,0.049148523444366925,0.038167628976738754,2.2668323710232614,4.433234524286382,1.0038491028228866,2.0157131411790474,2.027323317185015,7.340348317185016,2.7093077191756967,3.1900816113499526,3.178471435343985,0.7375147809604155,0.00042887834132149304,1048953.6084144867,20979.0721706214,0.0002699972251963866,0.00026947909692344517,35947.37395504953,35809.53935602797,16171770.35102478,323435.4070564429,41.532204052779235,0.8306440811479043,16109762.219788557,322195.24443158065,41.37295529376683,0.8274591059673022,"[2.642,2.923]",2.783,"[2.000,2.500]",2.25,0.002,0.0,1133,2.267,0.24,-6.768405477470999,41,3.191594522529,0.005,0.0,453,2.2675,0.1,-1.275816477471,44,3.1741835225290003,2.290931613969036,2.289066736569732,0.7663260091605746,0.7534589216875002,2.368792696736156,2.421378053082632,0.7370435169309378,0.7383122738149133
26,56,4.6289,25.0,2.3195,457.5094558,9.150189116,E04001,1.169374738,0.012699191,0.0089,4.6377999999999995,2.3093999999999997,2.3183,1.0,0.0,0.0,457.5094558,9.150189116,0.4363323129985824,0.04684610648167502,0.953153893518325,0.049148523444366925,0.038167628976738754,2.2813323710232614,4.433234524286382,1.0038491028228866,2.0031360765260517,2.0147220705718536,7.394802320571854,2.71933858145172,3.2298685930029487,3.218282598957147,0.7348684109838771,0.0004319530307801794,1059164.823947783,21183.29647895566,0.0002699972251963866,0.00026947909692344517,36807.94431177246,36666.80998993396,16839982.571195725,336799.6514239145,43.24830103389557,0.8649660206779114,16775412.284416689,335508.24568833376,43.08247216865427,0.8616494433730854,"[2.642,2.923]",2.783,"[2.000,2.500]",2.25,0.002,0.0,1140,2.281,0.24,-6.768405477470999,41,3.191594522529,0.005,0.0,456,2.2825,0.1,-1.275816477471,44,3.1741835225290003,2.304340976067337,2.304066736569732,0.7618213100082154,0.7517540424206947,2.368792696736156,2.421378053082632,0.7370435169309378,0.7383122738149133
26,56,4.6289,25.0,2.3341,465.1775376,9.303550751,E04001,1.165146543,0.012532849,0.0089,4.6377999999999995,2.2948,2.3037,1.0,0.0,0.0,465.1775376,9.303550751,0.4363323129985824,0.04684610648167502,0.953153893518325,0.049148523444366925,0.038167628976738754,2.295932371023261,4.433234524286382,1.0038491028228866,1.9904722734961393,2.0020339188096368,7.450056728809637,2.7294792046853256,3.2699299676328613,3.2583683223193636,0.732178430873874,0.0004349463387661132,1069505.5829637486,21390.111656975838,0.00026999722519638667,0.0002694790969234453,37696.615725837924,37552.07393206078,17535618.879198723,350712.3775462778,45.034828325799126,0.9006965664191704,17468381.283489183,349367.6256322316,44.862149300286625,0.8972429859092916,"[2.642,2.923]",2.783,"[2.000,2.500]",2.25,0.002,0.0,1147,2.295,0.24,-6.768405477470999,41,3.191594522529,0.005,0.0,459,2.2975,0.1,-1.275816477471,45,3.274183522529,2.3177470377557654,2.3190667365697317,0.7571128378780394,0.7500458011901598,2.368792696736156,2.4746674475339265,0.7370435169309378,0.7321507971116941
26,56,4.6289,25.0,2.3487,472.8338944,9.456677887,E04001,1.169543907,0.012477955,0.0089,4.6377999999999995,2.2802,2.2891,1.0,0.0,0.0,472.8338944,9.456677887,0.4363323129985824,0.04684610648167502,0.953153893518325,0.049148523444366925,0.038167628976738754,2.3105323710232613,4.433234524286382,1.0038491028228866,1.9778084704662267,1.9893457670474188,7.5057374570474185,2.7396600988165334,3.309991342262774,3.2984540456815816,0.7294629253661543,0.00043783880119663987,1079926.8888634732,21598.537774985514,0.0002699972251963866,0.00026947909692344517,38608.11056564299,38460.07378706079,18255223.274178766,365104.46544496715,46.88291025627831,0.9376582050264131,18185226.46764731,363704.52931448614,46.70314504883316,0.9340629008778903,"[2.642,2.923]",2.783,"[1.500,2.000]",1.75,0.002,0.0,1155,2.311,0.24,-6.768405477470999,41,3.191594522529,0.005,0.0,462,2.3125,0.1,-0.7758164774709999,40,3.274183522529,2.3330642129202346,2.329274128443125,0.7514643292070752,0.712734505555175,2.368792696736156,2.208220475277451,0.7370435169309378,0.7287598987950179
26,56,4.6289,25.0,2.3633,480.4730984,9.609461967,E04001,1.132217395,0.011988184,0.0089,4.6377999999999995,2.2655999999999996,2.2744999999999997,1.0,0.0,0.0,480.4730984,9.609461967,0.4363323129985824,0.04684610648167502,0.953153893518325,0.049148523444366925,0.038167628976738754,2.3251323710232614,4.433234524286382,1.0038491028228866,1.965144667436314,1.9766576152852011,7.561844505285202,2.7498808165600925,3.3500527168926864,3.3385397690437992,0.7267218168487795,0.00044063248866529914,1090416.8683870323,21808.33736547118,0.00026999722519638656,0.0002694790969234451,39543.02761922235,39391.40604700933,18999361.000324536,379987.2199669477,48.79399848068528,0.9758799695121516,18926510.91373907,378530.21823538997,48.60690550349998,0.9721381099688349,"[2.642,2.923]",2.783,"[1.500,2.000]",1.75,0.002,0.0,1162,2.325,0.24,-6.768405477470999,42,3.431594522529,0.005,0.0,465,2.3275,0.1,-0.7758164774709999,41,3.3741835225290004,2.3464632105000334,2.344274128443125,0.7462707508844658,0.7107397998363852,2.404881726082686,2.2615098697287466,0.7204066381427628,0.7217230282742197
26,56,4.6289,25.0,2.3779,488.1033242,9.762066484,E04001,1.161639292,0.01212858,0.0089,4.6377999999999995,2.251,2.2599,1.0,0.0,0.0,488.1033242,9.762066484,0.4363323129985824,0.04684610648167502,0.953153893518325,0.049148523444366925,0.038167628976738754,2.339732371023261,4.433234524286382,1.0038491028228866,1.9524808644064011,1.9639694635229836,7.618377873522983,2.7601409155191665,3.390114091522599,3.3786254924060164,0.7239550292595462,0.00044332944416452743,1100994.6003470416,22019.892006940834,0.00026999722519638667,0.0002694790969234453,40501.98251648715,40346.68398128069,19769152.302987657,395383.04605975316,50.77097000367216,1.0154194000734433,19693350.571709994,393867.01143419987,50.57629663751356,1.0115259327502713,"[2.642,2.923]",2.783,"[1.500,2.000]",1.75,0.002,0.0,1169,2.339,0.24,-6.768405477470999,42,3.431594522529,0.005,0.0,467,2.3375,0.1,-0.7758164774709999,41,3.3741835225290004,2.359858915315151,2.354274128443125,0.7408251766807095,0.709409120181941,2.404881726082686,2.2615098697287466,0.7204066381427628,0.7217230282742197
26,56,4.6289,25.0,2.3924,495.6863362,9.913726725,E04001,1.147903338,0.011922862,0.0089,4.6377999999999995,2.2365,2.2454,1.0,0.0,0.0,495.6863362,9.913726725,0.4363323129985824,0.04684610648167502,0.953153893518325,0.049148523444366925,0.038167628976738754,2.354232371023261,4.433234524286382,1.0038491028228866,1.9399037997534059,1.951368216909822,7.674945976909822,2.7703692852957027,3.4299010731755946,3.4184366560191783,0.7211817028710165,0.000445914177049996,1111618.2478863497,22232.364959969575,0.0002699972251963866,0.00026947909692344517,41478.78573604495,41319.74180123686,20560467.331524942,411209.3466719776,52.80321857769169,1.056064371660359,20481631.426185086,409632.6285650215,52.60075287132868,1.0520150575326908,"[2.642,2.923]",2.783,"[1.500,2.000]",1.75,0.002,0.0,1177,2.355,0.24,-6.768405477470999,42,3.431594522529,0.005,0.0,470,2.3525,0.1,-0.7758164774709999,41,3.3741835225290004,2.375164263402361,2.369274128443125,0.7342692658855529,0.7074118760605642,2.404881726082686,2.2615098697287466,0.7204066381427628,0.7217230282742197
26,56,4.6289,25.0,2.407,503.2928735,10.06585747,E04001,1.142475943,0.011782404,0.0089,4.6377999999999995,2.2218999999999998,2.2308,1.0,0.0,0.0,503.2928735,10.06585747,0.4363323129985824,0.04684610648167502,0.953153893518325,0.049148523444366925,0.038167628976738754,2.3688323710232613,4.433234524286382,1.0038491028228866,1.927239996723493,1.9386800651476046,7.732329065147605,2.7807065766002,3.469962447805507,3.458522379381396,0.7183635124495508,0.0004484243150172583,1122358.5712131376,22447.171424262753,0.0002699972251963866,0.00026947909692344517,42487.55760918035,42324.64569595438,21383684.957121167,427673.69914242334,54.91739913207609,1.098347982641522,21301692.552186288,426033.8510437257,54.70682693010825,1.0941365386021649,"[2.642,2.923]",2.783,"[1.500,2.000]",1.75,0.002,0.0,1184,2.369,0.24,-6.768405477470999,42,3.431594522529,0.005,0.0,473,2.3675,0.1,-0.7758164774709999,42,3.474183522529,2.388552920459759,2.384274128443125,0.7282189640481617,0.7054132683488649,2.404881726082686,2.3147992641800412,0.7204066381427628,0.7146577828684714
26,56,4.6289,25.0,2.4216,510.9307133,10.21861427,E04001,1.133226062,0.011527982,0.0089,4.6377999999999995,2.2072999999999996,2.2161999999999997,1.0,0.0,0.0,510.9307133,10.21861427,0.4363323129985824,0.04684610648167502,0.953153893518325,0.049148523444366925,0.038167628976738754,2.3834323710232614,4.433234524286382,1.0038491028228866,1.9145761936935801,1.9259919133853869,7.790138473385388,2.791081953899847,3.51002382243542,3.4986081027436136,0.7155194248740898,0.0004508436699406835,1133276.892558394,22665.537860040135,0.00026999722519638667,0.0002694790969234453,43522.31612824897,43355.43659486419,22236888.02387434,444737.76065157604,57.10858804322732,1.1421717613116409,22151624.144846886,443032.48307035945,56.88961406912094,1.137792281827799,"[2.642,2.923]",2.783,"[1.500,2.000]",1.75,0.002,0.0,1191,2.383,0.24,-6.768405477470999,42,3.431594522529,0.005,0.0,476,2.3825,0.1,-0.7758164774709999,42,3.474183522529,2.401938292368186,2.3992741284431247,0.7218519054644705,0.7034134151757039,2.404881726082686,2.3147992641800412,0.7204066381427628,0.7146577828684714
26,56,4.6289,25.0,2.4362,518.5650345,10.37130069,E04001,1.145468669,0.011551107,0.0089,4.6377999999999995,2.1927,2.2016,1.0,0.0,0.0,518.5650345,10.37130069,0.4363323129985824,0.04684610648167502,0.953153893518325,0.049148523444366925,0.038167628976738754,2.398032371023261,4.433234524286382,1.0038491028228866,1.901912390663668,1.9133037616231694,7.8483742016231695,2.8014949940385705,3.550085197065332,3.5386938261058307,0.71264937059439,0.0004531741736180941,1144295.2063217377,22885.904126434754,0.0002699972251963866,0.00026947909692344517,44583.74977648711,44412.80034132103,23119573.740983404,462391.4748196681,59.375494048055934,1.1875098809611189,23030925.341238752,460618.5068247751,59.147827976424274,1.1829565595284854,"[2.642,2.923]",2.783,"[1.500,2.000]",1.75,0.002,0.0,1199,2.399,0.24,-6.768405477470999,42,3.431594522529,0.005,0.0,479,2.3975,0.1,-0.7758164774709999,43,3.5741835225290006,2.417231840732555,2.414274128443125,0.714154923999824,0.7014124334708413,2.404881726082686,2.3680886586313368,0.7204066381427628,0.7075697720805247
26,56,4.6289,25.0,2.4507,526.1566751,10.5231335,E04001,1.165052216,0.011631516,0.0089,4.6377999999999995,2.1782,2.1871,1.0,0.0,0.0,526.1566751,10.5231335,0.4363323129985824,0.04684610648167502,0.953153893518325,0.049148523444366925,0.038167628976738754,2.412532371023261,4.433234524286382,1.0038491028228866,1.8893353260106722,1.900702515010008,7.906633005010007,2.811873575573768,3.5898721787183283,3.5785049897189927,0.7097732066965717,0.0004554026545347859,1155365.8501123418,23107.316997855116,0.00026999722519638667,0.0002694790969234453,45665.01437360756,45489.918997979556,24026952.131211065,480539.04253289127,61.70581556747013,1.2341163111148497,23934824.53054525,478696.4905199251,61.4692142414129,1.2293842845946041,"[2.642,2.923]",2.783,"[1.500,2.000]",1.75,0.002,0.0,1206,2.4130000000000003,0.24,-6.768405477470999,43,3.6715945225290003,0.005,0.0,482,2.4125,0.1,-0.7758164774709999,43,3.5741835225290006,2.430610181171197,2.429274128443125,0.7070206203577016,0.6994104389611662,2.4405853164330815,2.3680886586313368,0.7014377254144621,0.7075697720805247
26,56,4.6289,25.0,2.4653,533.8067828,10.67613566,E04001,1.17645564,0.011595956,0.0089,4.6377999999999995,2.1635999999999997,2.1725,1.0,0.0,0.0,533.8067828,10.67613566,0.4363323129985824,0.04684610648167502,0.953153893518325,0.049148523444366925,0.038167628976738754,2.4271323710232613,4.433234524286382,1.0038491028228866,1.8766715229807596,1.8880143632477904,7.96571845324779,2.8223604399948266,3.629933553348241,3.6185907130812103,0.7068511962328727,0.000457561715643153,1166633.4060525063,23332.668129792117,0.0002699972251963866,0.00026947909692344517,46781.74834406202,46602.3710261919,24972414.577302974,499448.29173318646,64.13394423755359,1.28267888523165,24876661.74834343,497533.2351532781,63.88803263080569,1.277760653094849,"[2.642,2.923]",2.783,"[1.500,2.000]",1.75,0.002,0.0,1213,2.427,0.24,-6.768405477470999,43,3.6715945225290003,0.005,0.0,485,2.4275,0.1,-0.7758164774709999,43,3.5741835225290006,2.443985244047269,2.444274128443125,0.6994805185209804,0.697407546167307,2.4405853164330815,2.3680886586313368,0.7014377254144621,0.7075697720805247
26,56,4.6289,25.0,2.4799,541.477886,10.82955772,E04001,1.16163562,0.011394741,0.0089,4.6377999999999995,2.1489999999999996,2.1578999999999997,1.0,0.0,0.0,541.477886,10.82955772,0.4363323129985824,0.04684610648167502,0.953153893518325,0.049148523444366925,0.038167628976738754,2.4417323710232615,4.433234524286382,1.0038491028228866,1.8640077199508467,1.8753262114855724,8.025230221485574,2.8328837289033895,3.669994927978154,3.658676436443428,0.70390302125553,0.00045963754061401877,1178054.0929634527,23561.081859269052,0.00026999722519638667,0.0002694790969234453,47927.338878910145,47743.56897280225,25951594.137757875,519031.88275515754,66.64866491601948,1.33297329832039,25852086.797488153,517041.7359497631,66.39311100502981,1.327862220100596,"[2.642,2.923]",2.783,"[1.500,2.000]",1.75,0.002,0.0,1220,2.441,0.24,-6.768405477470999,43,3.6715945225290003,0.005,0.0,488,2.4425,0.1,-0.7758164774709999,44,3.6741835225290003,2.4573570317684954,2.4592741284431248,0.6914993527322967,0.695403868400619,2.4405853164330815,2.421378053082632,0.7014377254144621,0.7004644181365173
26,56,4.6289,25.0,2.4945,549.1611471,10.98322294,E04001,1.158130001,0.011253527,0.0089,4.6377999999999995,2.1344,2.1433,1.0,0.0,0.0,549.1611471,10.98322294,0.4363323129985824,0.04684610648167502,0.953153893518325,0.049148523444366925,0.038167628976738754,2.456332371023261,4.433234524286382,1.0038491028228866,1.851343916920934,1.8626380597233554,8.085168309723354,2.8434430378896907,3.7100563026080664,3.6987621598056446,0.7009286192499693,0.000461631949703901,1189608.1877613578,23792.1637508947,0.0002699972251963867,0.00026947909692344533,49102.55737551448,48914.28127737028,26965216.733881097,539304.3345794168,69.2518419078341,1.3850368379044724,26861822.815852717,537236.4562192258,68.98630652066488,1.3797261301620554,"[2.642,2.923]",2.783,"[1.500,2.000]",1.75,0.002,0.0,1228,2.457,0.24,-6.768405477470999,43,3.6715945225290003,0.005,0.0,491,2.4575,0.1,-0.7758164774709999,44,3.6741835225290003,2.472635067569506,2.474274128443125,0.681787082715151,0.6933995177605384,2.4405853164330815,2.421378053082632,0.7014377254144621,0.7004644181365173
26,56,4.6289,25.0,2.5091,556.8708223,11.13741645,E04001,1.172623836,0.011331174,0.0089,4.6377999999999995,2.1197999999999997,2.1287,1.0,0.0,0.0,556.8708223,11.13741645,0.4363323129985824,0.04684610648167502,0.953153893518325,0.049148523444366925,0.038167628976738754,2.4709323710232614,4.433234524286382,1.0038491028228866,1.8386801138910214,1.8499499079611377,8.145532717961139,2.8540379671548064,3.750117677237979,3.738847883167862,0.697927929546338,0.0004635467353499637,1201326.1659141649,24026.52332691242,0.00026999722519638667,0.0002694790969234453,50308.197763986864,50115.29882580665,28015167.457262386,560303.3493464806,71.94831648929956,1.4389663303027955,27907747.666937172,558154.9535392047,71.67244189089413,1.4334488383327055,"[2.642,2.923]",2.783,"[1.500,2.000]",1.75,0.002,0.0,1235,2.471,0.24,-6.768405477470999,43,3.6715945225290003,0.005,0.0,494,2.4725,0.1,-0.7758164774709999,45,3.774183522529,2.4859998451957566,2.489274128443125,0.6727215741993186,0.6913946051323026,2.4405853164330815,2.4746674475339265,0.7014377254144621,0.6933469530929869
26,56,4.6289,25.0,2.5236,564.5361649,11.2907233,E04001,1.158473169,0.011265886,0.0089,4.6377999999999995,2.1052999999999997,2.1142,1.0,0.0,0.0,564.5361649,11.2907233,0.4363323129985824,0.04684610648167502,0.953153893518325,0.049148523444366925,0.038167628976738754,2.4854323710232613,4.433234524286382,1.0038491028228866,1.8261030492380261,1.8373486613479761,8.205905621347977,2.8645951932773985,3.7899046588909746,3.7786590467810246,0.6949217162167839,0.0004653713414359498,1213087.5166443796,24261.750337185236,0.0002699972251963866,0.00026947909692344517,51536.49735840507,51338.888696997594,29094216.571092978,581884.3315249325,74.71952131139517,1.4943904264926144,28982659.33523098,579653.1868072974,74.4330209603009,1.4886604194697142,"[2.642,2.923]",2.783,"[1.500,2.000]",1.75,0.002,0.0,1242,2.485,0.24,-6.768405477470999,43,3.6715945225290003,0.005,0.0,497,2.4875000000000003,0.1,-0.7758164774709999,45,3.774183522529,2.4993613552151643,2.504274128443125,0.6630735640131139,0.6893892401850243,2.4405853164330815,2.4746674475339265,0.7014377254144621,0.6933469530929869
26,56,4.6289,25.0,2.5382,572.3089325,11.44617865,E04001,1.149728691,0.011427395,0.0089,4.6377999999999995,2.0907,2.0996,1.0,0.0,0.0,572.3089325,11.44617865,0.4363323129985824,0.04684610648167502,0.953153893518325,0.049148523444366925,0.038167628976738754,2.500032371023261,4.433234524286382,1.0038491028228866,1.8134392462081135,1.8246605095857586,8.267119749585758,2.875259944698176,3.829966033520887,3.8187447701432418,0.6918684576871283,0.00046713266220549713,1225152.8929660555,24503.05785932111,0.00026999722519638667,0.0002694790969234453,52805.23466880702,52602.76123205708,30220907.483716935,604418.1496743388,77.61307939884011,1.5522615879768025,30105030.12727097,602100.6025454195,77.31548415054341,1.5463096830108685,"[2.642,2.923]",2.783,"[1.500,2.000]",1.75,0.002,0.0,1250,2.501,0.24,-6.768405477470999,44,3.9115945225290005,0.005,0.0,500,2.5025,0.1,-0.7758164774709999,45,3.774183522529,2.5146276543018544,2.519274128443125,0.6512598261890647,0.687383531370117,2.4759155598966265,2.4746674475339265,0.6796131673865207,0.6933469530929869
26,56,4.6289,25.0,2.5528,580.0831931,11.60166386,E04001,1.160178416,0.011912084,0.0089,4.6377999999999995,2.0761,2.085,1.0,0.0,0.0,580.0831931,11.60166386,0.4363323129985824,0.04684610648167502,0.953153893518325,0.049148523444366925,0.038167628976738754,2.514632371023261,4.433234524286382,1.0038491028228866,1.8007754431782006,1.8119723578235414,8.328760197823541,2.885959146942926,3.8700274081507997,3.858830493505459,0.688788741221341,0.0004688195592460597,1237327.2011792145,24746.54401931826,0.00026999722519638667,0.0002694790969234453,54106.91266051277,53899.44814251538,31386510.664893065,627730.2131896474,80.6065716457856,1.6121314326377982,31266163.984838184,625323.2795889648,80.29749831833774,1.6059499660899068,"[2.642,2.923]",2.783,"[1.500,2.000]",1.75,0.002,0.0,1257,2.515,0.24,-6.768405477470999,44,3.9115945225290005,0.005,0.0,502,2.5125,0.1,-0.7758164774709999,46,3.8741835225290004,2.527982170369526,2.529274128443125,0.6401596867839396,0.6860462541271106,2.4759155598966265,2.527956841985222,0.6796131673865207,0.6862224167372215
26,56,4.6289,25.0,2.5674,587.8968957,11.75793791,E04001,1.173675189,0.012519202,0.0089,4.6377999999999995,2.0614999999999997,2.0704,1.0,0.0,0.0,587.8968957,11.75793791,0.4363323129985824,0.04684610648167502,0.953153893518325,0.049148523444366925,0.038167628976738754,2.5292323710232614,4.433234524286382,1.0038491028228866,1.788111640148288,1.7992842060613234,8.390826966061324,2.896692418269728,3.9100887827807123,3.8989162168676765,0.6856825138486665,0.00047043371492464414,1249691.246712986,24993.82492575693,0.0002699972251963866,0.00026947909692344517,55442.423201080754,55229.837876203885,32594428.49000103,651888.569578251,83.70873600395028,1.6741747195094587,32469450.237434544,649389.0045277716,83.3877679110895,1.6677553576544268,"[2.642,2.923]",2.783,"[1.500,2.000]",1.75,0.002,0.0,1264,2.529,0.24,-6.768405477470999,44,3.9115945225290005,0.005,0.0,505,2.5275,0.1,-0.7758164774709999,46,3.8741835225290004,2.5413334263494107,2.5442741284431247,0.6282679753466356,0.6840402098915387,2.4759155598966265,2.527956841985222,0.6796131673865207,0.6862224167372215
26,56,5.15,11.97,1.2299,12159.18438,243.1836875,E04001,1.340550443,0.020313863,0.0089,5.1589,3.9201000000000006,3.9290000000000007,1.0,0.0,0.0,12159.18438,243.1836875,0.20891591146372127,0.010871835523389996,0.9891281644766101,0.010991331471329347,0.011031839538437005,1.218868160461563,4.433234524286382,1.0034592972004903,0.8779448581659675,0.8814587702178874,2.3941127802178874,1.547292079801964,2.3103752897630327,2.3068613777111127,0.9436573548861523,0.004318166532352422,2815821.087237227,56316.42172158655,0.004202727555477758,0.004195477119291022,1662.1417424455951,1656.411722012777,20210287.912090465,404205.7580755951,51.90389074979467,1.0380778145690235,20140615.53714666,402812.31057729205,51.72495874481326,1.034499174470867,"[1.302,1.770]",1.619,"[0.650,1.050]",0.8,0.002,0.0,609,1.219,0.12,-1.6444774774709998,32,2.255522522529,0.005,0.0,243,1.2175,0.1,0.17418352252900005,21,2.324183522529,1.2296316066292619,1.2251681730025714,0.9506164463836372,0.9405314630340641,1.2700484264524534,1.1957219807028447,0.9459351055867765,0.9422674323763716
26,56,5.15,11.97,1.249,12180.39009,243.6078017,E04001,1.362846336,0.019868001,0.0089,5.1589,3.9010000000000002,3.9099000000000004,1.0,0.0,0.0,12180.39009,243.6078017,0.20891591146372127,0.010871835523389996,0.9891281644766101,0.010991331471329347,0.011031839538437005,1.237968160461563,4.433234524286382,1.0034592972004903,0.8736672257609341,0.8771737453995718,2.437174745399572,1.5611453312871202,2.3504949507680664,2.3469884311294287,0.9424382173937392,0.0043456050892706705,2802921.535616172,56058.43068931169,0.00420272755547776,0.0041954771192910245,1737.0947288299556,1731.1063175917593,21158491.42043163,423169.82823492313,54.339058992799735,1.0867811794098756,21085550.23553106,421711.00453751057,54.15173205769086,1.083034640709236,"[1.302,1.770]",1.619,"[0.650,1.050]",0.8,0.002,0.0,618,1.237,0.12,-1.6444774774709998,33,2.3755225225289998,0.005,0.0,247,1.2375,0.1,0.17418352252900005,21,2.324183522529,1.2472141770239773,1.2451681730025714,0.94870178524353,0.9393320497163261,1.2970532675790754,1.1957219807028447,0.9421736879546717,0.9422674323763716
26,56,5.15,11.97,1.268,12205.23445,244.104689,E04001,1.3682654,0.019417898,0.0089,5.1589,3.8820000000000006,3.8909000000000007,1.0,0.0,0.0,12205.23445,244.104689,0.20891591146372127,0.010871835523389996,0.9891281644766101,0.010991331471329347,0.011031839538437005,1.256968160461563,4.433234524286382,1.0034592972004903,0.8694119893370794,0.872911155266169,2.480735155266169,1.5750349695375556,2.3904045611919207,2.386905395262831,0.9412006051574092,0.004369922435683297,2793009.4022576273,55860.18804515255,0.00420272755547776,0.0041954771192910245,1814.9782989615271,1808.7213941064279,22152235.66048763,443044.71320975263,56.89118455842554,1.137823691168511,22075868.6697998,441517.373395996,56.695059497823095,1.133901189956462,"[1.302,1.770]",1.619,"[0.650,1.050]",0.8,0.002,0.0,628,1.2570000000000001,0.12,-1.6444774774709998,33,2.3755225225289998,0.005,0.0,251,1.2575,0.1,0.17418352252900005,22,2.424183522529,1.2667435803366516,1.2651681730025715,0.9463570836207007,0.9381163450961787,1.2970532675790754,1.2490113751541396,0.9421736879546717,0.9390997000254565
26,56,5.15,11.97,1.287,12233.10122,244.6620243,E04001,1.389672144,0.019291919,0.0089,5.1589,3.8630000000000004,3.8719000000000006,1.0,0.0,0.0,12233.10122,244.6620243,0.20891591146372127,0.010871835523389996,0.9891281644766101,0.010991331471329347,0.011031839538437005,1.275968160461563,4.433234524286382,1.0034592972004903,0.8651567529132246,0.8686485651327661,2.525017565132766,1.5890303852138152,2.4303141716157755,2.4268223593962337,0.9399379979156508,0.0043914089584094415,2785689.362083645,55713.78721890116,0.004202727555477759,0.004195477119291024,1896.305586005761,1889.768315761472,23197698.177659888,463953.96336356725,59.57613256660567,1.191522650845106,23117727.08905901,462354.5415922034,59.37075149217778,1.187415029358227,"[1.302,1.770]",1.619,"[0.650,1.050]",0.8,0.002,0.0,637,1.2750000000000001,0.12,-1.6444774774709998,33,2.3755225225289998,0.005,0.0,255,1.2775,0.1,0.17418352252900005,22,2.424183522529,1.2843139421532115,1.2851681730025715,0.9440211342082511,0.936884487457367,1.2970532675790754,1.2490113751541396,0.9421736879546717,0.9390997000254565
26,56,5.15,11.97,1.3061,12263.58299,245.2716599,E04001,1.386218042,0.018999341,0.0089,5.1589,3.8439000000000005,3.8528000000000007,1.0,0.0,0.0,12263.58299,245.2716599,0.20891591146372127,0.010871835523389996,0.9891281644766101,0.010991331471329347,0.011031839538437005,1.295068160461563,4.433234524286382,1.0034592972004903,0.8608791205081916,0.8643635403144507,2.570260750314451,1.60320327791408,2.4704338326208086,2.4669494128145493,0.9386433481885952,0.004410290604047447,2780674.5838347627,55613.4916993695,0.004202727555477759,0.004195477119291024,1981.6667374682725,1974.8351956046874,24302334.493464705,486046.6900674607,62.41305022474003,1.2482610050037306,24218555.312870968,484371.10645490285,62.19788924061357,1.2439577853194468,"[1.302,1.770]",1.619,"[0.650,1.050]",0.8,0.002,0.0,647,1.295,0.12,-1.6444774774709998,34,2.495522522529,0.005,0.0,259,1.2975,0.1,0.17418352252900005,22,2.424183522529,1.303829794500004,1.3051681730025715,0.9411324366681025,0.9356366163573516,1.3237357361743323,1.2490113751541396,0.937809173995615,0.9390997000254565
26,56,5.15,11.97,1.3251,12295.83351,245.9166703,E04001,1.398847828,0.019274822,0.0089,5.1589,3.8249000000000004,3.8338000000000005,1.0,0.0,0.0,12295.83351,245.9166703,0.20891591146372127,0.010871835523389996,0.9891281644766101,0.010991331471329347,0.011031839538437005,1.314068160461563,4.433234524286382,1.0034592972004903,0.8566238840843368,0.8601009501810478,2.6159909601810476,1.61740253498659,2.5103434430446634,2.5068663769479524,0.9373300088015797,0.004426499492992134,2777778.1358534656,55555.56273966053,0.004202727555477759,0.004195477119291024,2070.3066056437815,2063.1694892056353,25456145.337649163,509122.9069600139,65.37625749140406,1.3075251503597756,25368388.542184234,507367.7710500016,65.15088123035441,1.3030176251369496,"[1.302,1.770]",1.619,"[0.650,1.050]",0.8,0.002,0.0,657,1.315,0.12,-1.6444774774709998,34,2.495522522529,0.005,0.0,262,1.3125,0.1,0.17418352252900005,23,2.5241835225290004,1.3233385260800716,1.3201681730025714,0.9378796712939231,0.9346902888494661,1.3237357361743323,1.302300769605435,0.937809173995615,0.935816501859357
26,56,5.15,11.97,1.3442,12327.52516,246.5505033,E04001,1.395251664,0.019063031,0.0089,5.1589,3.8058000000000005,3.8147000000000006,1.0,0.0,0.0,12327.52516,246.5505033,0.20891591146372127,0.010871835523389996,0.9891281644766101,0.010991331471329347,0.011031839538437005,1.333168160461563,4.433234524286382,1.0034592972004903,0.8523462516793037,0.8558159253627323,2.6626895653627325,1.6317749738743796,2.5504631040496966,2.5469934303662676,0.9359839497270224,0.004440332291979111,2776261.8537058784,55525.23709663841,0.004202727555477759,0.004195477119291024,2163.302590562832,2155.8448823964663,26668167.113856487,533363.34249346,68.48896158212624,1.3697792321981024,26576232.02879968,531524.6407915781,68.25285467303036,1.3650570940142694,"[1.302,1.770]",1.619,"[0.650,1.050]",0.8,0.002,0.0,666,1.333,0.12,-1.6444774774709998,34,2.495522522529,0.005,0.0,266,1.3325,0.1,0.17418352252900005,23,2.5241835225290004,1.340890302684329,1.3401681730025714,0.9345816621294003,0.9334147337013569,1.3237357361743323,1.302300769605435,0.937809173995615,0.935816501859357
26,56,5.15,11.97,1.3632,12358.19167,247.1638335,E04001,1.391789386,0.019015727,0.0089,5.1589,3.7868000000000004,3.7957000000000005,1.0,0.0,0.0,12358.19167,247.1638335,0.20891591146372127,0.010871835523389996,0.9891281644766101,0.010991331471329347,0.011031839538437005,1.352168160461563,4.433234524286382,1.0034592972004903,0.8480910152554487,0.8515533352293294,2.709867575229329,1.6461675416643742,2.5903727144735513,2.5869103944996708,0.9346190616321381,0.004451764715893276,2776020.849862064,55520.41701970428,0.00420272755547776,0.0041954771192910245,2259.8290452364604,2252.0385745002955,27927400.48246528,558548.0098752885,71.72291408577497,1.4344582822958667,27831124.351908226,556622.4872633684,71.47565854028336,1.429513171384034,"[1.302,1.770]",1.619,"[0.650,1.050]",0.8,0.002,0.0,676,1.353,0.12,-1.6444774774709998,35,2.615522522529,0.005,0.0,270,1.3525,0.1,0.17418352252900005,24,2.624183522529,1.3603855262540492,1.3601681730025714,0.9304216277066503,0.9321235551402342,1.3501071088387828,1.3555901640567298,0.932686163008408,0.9324204778109683
26,56,5.15,11.97,1.3823,12388.8201,247.776402,E04001,1.404492103,0.019130151,0.0089,5.1589,3.7677000000000005,3.7766000000000006,1.0,0.0,0.0,12388.8201,247.776402,0.20891591146372127,0.010871835523389996,0.9891281644766101,0.010991331471329347,0.011031839538437005,1.371268160461563,4.433234524286382,1.0034592972004903,0.8438133828504158,0.8472683104110139,2.758021600411014,1.6607292375372376,2.6304923754785845,2.6270374479179863,0.9332207714556497,0.004461033946904975,2777118.5441427208,55542.37088285441,0.004202727555477759,0.004195477119291024,2361.0561760377905,2352.9167377538915,29250700.21092612,585014.0042185223,75.12140127378653,1.5024280254757305,29149862.174311843,582997.2434862368,74.86242987968184,1.4972485975936367,"[1.302,1.770]",1.619,"[0.650,1.050]",0.8,0.002,0.0,685,1.371,0.12,-1.6444774774709998,35,2.615522522529,0.005,0.0,274,1.3725,0.1,0.17418352252900005,24,2.624183522529,1.3779251582692567,1.3801681730025714,0.9261378658800279,0.930816897169753,1.3501071088387828,1.3555901640567298,0.932686163008408,0.9324204778109683
26,56,5.15,11.97,1.4013,12415.82531,248.3165061,E04001,1.393383007,0.018927457,0.0089,5.1589,3.7487000000000004,3.7576000000000005,1.0,0.0,0.0,12415.82531,248.3165061,0.20891591146372127,0.010871835523389996,0.9891281644766101,0.010991331471329347,0.011031839538437005,1.390268160461563,4.433234524286382,1.0034592972004903,0.8395581464265609,0.8430057202776111,2.806647410277611,1.6753051692983016,2.6704019859024393,2.666954412051389,0.9318035164390319,0.004468154497996026,2778736.795150776,55574.73588063491,0.00420272755547776,0.0041954771192910245,2466.082150188804,2457.58064833205,30618445.176853374,612368.9032904593,78.63403234534096,1.5726806462734821,30512892.014927275,610257.8400527874,78.36295160622738,1.567259031493394,"[1.302,1.770]",1.619,"[0.650,1.050]",0.8,0.002,0.0,695,1.391,0.12,-1.6444774774709998,35,2.615522522529,0.005,0.0,278,1.3925,0.1,0.17418352252900005,24,2.624183522529,1.3974069018490027,1.4001681730025715,0.9206373041833281,0.9294949048908622,1.3501071088387828,1.3555901640567298,0.932686163008408,0.9324204778109683
26,56,5.15,11.97,1.4203,12440.26809,248.8053617,E04001,1.406722096,0.019051036,0.0089,5.1589,3.7297000000000002,3.7386000000000004,1.0,0.0,0.0,12440.26809,248.8053617,0.20891591146372127,0.010871835523389996,0.9891281644766101,0.010991331471329347,0.011031839538437005,1.409268160461563,4.433234524286382,1.0034592972004903,0.8353029100027061,0.8387431301442081,2.855995220144208,1.6899689997583411,2.710311596326294,2.7068713761847922,0.9303598405551308,0.004473287346549614,2781012.51411796,55620.25026000427,0.00420272755547776,0.0041954771192910245,2575.5885139835677,2566.7095029854186,32041011.603480294,640820.2318120471,82.28745542932374,1.6457491079250144,31930554.326289263,638611.0862691143,82.00377998279963,1.6400755989968123,"[1.302,1.770]",1.619,"[0.650,1.050]",0.8,0.002,0.0,704,1.409,0.12,-1.6444774774709998,36,2.735522522529,0.005,0.0,281,1.4075,0.1,0.17418352252900005,25,2.7241835225290005,1.4149344144499238,1.4151681730025714,0.9148565861297661,0.9284934354279544,1.376178019686742,1.4088795585080252,0.9265906661707335,0.92891432854012
26,56,5.15,11.97,1.4394,12461.24407,249.2248814,E04001,1.396329283,0.018938719,0.0089,5.1589,3.7106000000000003,3.7195000000000005,1.0,0.0,0.0,12461.24407,249.2248814,0.20891591146372127,0.010871835523389996,0.9891281644766101,0.010991331471329347,0.011031839538437005,1.428368160461563,4.433234524286382,1.0034592972004903,0.8310252775976731,0.8344581053258926,2.9063304653258926,1.7047963119756837,2.7504312573313268,2.7469984296031074,0.928881730725306,0.0044765472820096665,2783673.059833235,55673.4611966647,0.004202727555477759,0.004195477119291024,2690.356663662852,2681.0820041914676,33525191.0212537,670503.820425074,86.09911247687724,1.7219822495375445,33409617.225914642,668192.3445182928,85.80229683165186,1.7160459366330372,"[1.302,1.770]",1.619,"[0.650,1.050]",0.8,0.002,0.0,714,1.429,0.12,-1.6444774774709998,36,2.735522522529,0.005,0.0,285,1.4275,0.1,0.17418352252900005,25,2.7241835225290005,1.4344027059633362,1.4351681730025714,0.9072543322291277,0.9271449604258154,1.376178019686742,1.4088795585080252,0.9265906661707335,0.92891432854012
26,56,5.15,11.97,1.4584,12479.11967,249.5823935,E04001,1.386315738,0.018751323,0.0089,5.1589,3.6916,3.7005000000000003,1.0,0.0,0.0,12479.11967,249.5823935,0.20891591146372127,0.010871835523389996,0.9891281644766101,0.010991331471329347,0.011031839538437005,1.447368160461563,4.433234524286382,1.0034592972004903,0.8267700411738182,0.8301955151924898,2.9571260751924897,1.7196296331456056,2.7903408677551815,2.78691539373651,0.92738445972887,0.004477998966815124,2786762.5165790273,55735.25035391195,0.004202727555477759,0.004195477119291024,2809.359086795943,2799.6741817367756,35058328.24012849,701166.5650835057,90.03650253579451,1.8007300514373874,34937469.150902554,698749.3832980185,89.7261132434406,1.794522265587822,"[1.302,1.770]",1.619,"[0.650,1.050]",0.8,0.002,0.0,723,1.447,0.12,-1.6444774774709998,36,2.735522522529,0.005,0.0,289,1.4475,0.1,0.17418352252900005,26,2.824183522529,1.4519181242378707,1.4551681730025714,0.8990387268818948,0.9257815554964579,1.376178019686742,1.46216895295932,0.9265906661707335,0.9253008104402074
26,56,5.15,11.97,1.4775,12493.0494,249.8609879,E04001,1.400778901,0.018890504,0.0089,5.1589,3.6725000000000003,3.6814000000000004,1.0,0.0,0.0,12493.0494,249.8609879,0.20891591146372127,0.010871835523389996,0.9891281644766101,0.010991331471329347,0.011031839538437005,1.466468160461563,4.433234524286382,1.0034592972004903,0.8224924087687852,0.8259104903741742,3.008916740374174,1.7346229389622905,2.830460528760215,2.827042447154826,0.9258520605494465,0.004477753093822432,2790026.4124066103,55800.52822579958,0.00420272755547776,0.0041954771192910245,2934.029644109067,2923.9149532966558,36654977.28491899,733099.5454049768,94.13700312970211,1.8827400618405268,36528613.95293381,730572.2787662848,93.81247788757454,1.8762495570005737,"[1.302,1.770]",1.619,"[0.650,1.050]",0.8,0.002,0.0,733,1.467,0.12,-1.6444774774709998,37,2.855522522529,0.005,0.0,293,1.4675,0.1,0.17418352252900005,26,2.824183522529,1.4713729915123253,1.4751681730025714,0.8878643057379656,0.9244033695236843,1.401958510455536,1.46216895295932,0.9192196422177861,0.9253008104402074
26,56,5.15,11.97,1.4965,12504.16546,250.0833093,E04001,1.391536289,0.018713764,0.0089,5.1589,3.6535,3.6624000000000003,1.0,0.0,0.0,12504.16546,250.0833093,0.20891591146372127,0.010871835523389996,0.9891281644766101,0.010991331471329347,0.011031839538437005,1.485468160461563,4.433234524286382,1.0034592972004903,0.8182371723449303,0.8216479002407714,3.061160150240771,1.749617143903423,2.87037013918407,2.866959411288229,0.9243003744379021,0.0044759030450330275,2793663.163431578,55873.26329097342,0.00420272755547776,0.0041954771192910245,3063.248682220787,3052.6885253510713,38303368.367615685,766067.3676586385,98.37038718842406,1.967407744555182,38171322.4188332,763426.4486819329,98.0312678978246,1.9606253587404807,"[1.302,1.770]",1.619,"[0.650,1.050]",0.8,0.002,0.0,742,1.485,0.12,-1.6444774774709998,37,2.855522522529,0.005,0.0,297,1.4875,0.1,0.17418352252900005,26,2.824183522529,1.4888763404619425,1.4951681730025714,0.8752888219310516,0.9230105523115822,1.401958510455536,1.46216895295932,0.9192196422177861,0.9253008104402074
26,56,5.15,11.97,1.5155,12511.23584,250.2247168,E04001,1.3907499,0.018703188,0.0089,5.1589,3.6345,3.6434,1.0,0.0,0.0,12511.23584,250.2247168,0.20891591146372127,0.010871835523389996,0.9891281644766101,0.010991331471329347,0.011031839538437005,1.504468160461563,4.433234524286382,1.0034592972004903,0.8139819359210755,0.8173853101073685,3.1141255601073685,1.764688516454779,2.9102797496079247,2.9068763754216316,0.9227212458188023,0.004472538506984981,2797345.5836010342,55946.91167202069,0.004202727555477759,0.004195477119291024,3197.8465900975375,3186.8224242070182,40009012.8688501,800180.257377002,102.75080899315736,2.0550161798631477,39871086.92945453,797421.7385890906,102.39658876031903,2.0479317752063806,"[1.302,1.770]",1.619,"[0.650,1.050]",0.8,0.002,0.0,752,1.5050000000000001,0.12,-1.6444774774709998,37,2.855522522529,0.005,0.0,300,1.5025,0.1,0.17418352252900005,27,2.924183522529,1.5083178112289914,1.5101681730025713,0.8572906780599739,0.9219564282673055,1.401958510455536,1.5154583474106151,0.9192196422177861,0.921582730634195
26,56,5.15,11.97,1.5346,12515.27845,250.3055691,E04001,1.374320201,0.018537342,0.0089,5.1589,3.6154,3.6243000000000003,1.0,0.0,0.0,12515.27845,250.3055691,0.20891591146372127,0.010871835523389996,0.9891281644766101,0.010991331471329347,0.011031839538437005,1.523568160461563,4.433234524286382,1.0034592972004903,0.8097043035160425,0.8131002852890529,3.1680974452890527,1.7799150106926602,2.9503994106129574,2.947003428839947,0.9211059407116567,0.004467713513452643,2801271.4808851318,56025.42964008545,0.004202727555477759,0.004195477119291024,3338.773383025294,3327.2633900946457,41785678.57001006,835713.5717340786,107.31362684380002,2.1462725377334615,41641627.80352546,832832.5564032356,106.94367688175284,2.1388735384895616,"[1.770,2.067]",1.921,"[0.650,1.050]",0.8,0.002,0.0,761,1.5230000000000001,0.12,-2.7135574774710003,47,2.986442522529,0.005,0.0,304,1.5225,0.1,0.17418352252900005,27,2.924183522529,1.5357643344701515,1.5301681730025714,0.9425807723025716,0.9205383694877496,1.6456549251807702,1.5154583474106151,0.9236995081902716,0.921582730634195
26,56,5.15,11.97,1.5536,12517.97486,250.3594971,E04001,1.374024169,0.018453464,0.0089,5.1589,3.5964,3.6053,1.0,0.0,0.0,12517.97486,250.3594971,0.20891591146372127,0.010871835523389996,0.9891281644766101,0.010991331471329347,0.011031839538437005,1.542568160461563,4.433234524286382,1.0034592972004903,0.8054490670921876,0.8088376951556502,3.2225106551556504,1.7951352748903495,2.9903090210368126,2.9869203929733503,0.9194711687676967,0.004461558284177875,2805740.5199418277,56114.810376422865,0.00420272755547776,0.0041954771192910245,3484.757790238257,3472.744534791036,43622110.41139165,872442.2078793573,112.02993559106395,2.240598710926326,43471728.781716585,869434.5752870572,111.64372675963205,2.232874534300773,"[1.770,2.067]",1.921,"[0.650,1.050]",0.8,0.002,0.0,771,1.543,0.12,-2.7135574774710003,47,2.986442522529,0.005,0.0,308,1.5425,0.1,0.17418352252900005,28,3.0241835225290004,1.5551888359355033,1.5501681730025714,0.9400322871478438,0.9191060958720374,1.6456549251807702,1.5687477418619105,0.9236995081902716,0.9177629419753277
26,56,5.15,11.97,1.5727,12517.97699,250.3595398,E04001,1.358046913,0.018293691,0.0089,5.1589,3.5773,3.5862000000000003,1.0,0.0,0.0,12517.97699,250.3595398,0.20891591146372127,0.010871835523389996,0.9891281644766101,0.010991331471329347,0.011031839538437005,1.561668160461563,4.433234524286382,1.0034592972004903,0.8011714346871547,0.8045526703373346,3.2779379603373346,1.810507652659147,3.0304286820418453,3.0270474463916655,0.9177995160572713,0.00445408478764149,2810448.742406736,56208.97484813472,0.004202727555477757,0.004195477119291022,3637.548948451208,3625.008965086532,45534754.03671092,910695.0807342184,116.9419707982652,2.338839415965304,45377778.81349692,907555.5762699384,116.53882835558629,2.3307765671117258,"[1.770,2.067]",1.921,"[0.650,1.050]",0.8,0.002,0.0,780,1.561,0.12,-2.7135574774710003,47,2.986442522529,0.005,0.0,312,1.5625,0.1,0.17418352252900005,28,3.0241835225290004,1.5726648838463149,1.5701681730025714,0.9375070441089007,0.9176597603447869,1.6456549251807702,1.5687477418619105,0.9236995081902716,0.9177629419753277
26,56,5.15,11.97,1.5917,12516.42033,250.3284066,E04001,1.366205317,0.018295966,0.0089,5.1589,3.5583000000000005,3.5672000000000006,1.0,0.0,0.0,12516.42033,250.3284066,0.20891591146372127,0.010871835523389996,0.9891281644766101,0.010991331471329347,0.011031839538437005,1.5806681604615629,4.433234524286382,1.0034592972004903,0.7969161982632997,0.8002900802039318,3.3337989702039317,1.8258693738063334,3.0703382924657,3.066964410525068,0.9161082826389003,0.00444544415209439,2815561.2581710466,56311.225163420924,0.004202727555477759,0.004195477119291024,3795.7646947311255,3782.6792828775147,47509386.39302891,950187.727860578,122.01320494095275,2.4402640988190547,47345603.87807795,946912.0775615589,121.59258006911924,2.4318516013823848,"[1.770,2.067]",1.921,"[0.650,1.050]",0.8,0.002,0.0,790,1.581,0.12,-2.7135574774710003,48,3.106442522528999,0.005,0.0,316,1.5825,0.1,0.17418352252900005,28,3.0241835225290004,1.5920760513926098,1.5901681730025714,0.9344026852372921,0.9161995165750035,1.6687719789999784,1.5687477418619105,0.9177737530118347,0.9177629419753277
26,56,5.15,11.97,1.6108,12514.11987,250.2823975,E04001,1.358465491,0.01813951,0.0089,5.1589,3.5392,3.5481000000000003,1.0,0.0,0.0,12514.11987,250.2823975,0.20891591146372127,0.010871835523389996,0.9891281644766101,0.010991331471329347,0.011031839538437005,1.599768160461563,4.433234524286382,1.0034592972004903,0.7926385658582666,0.7960050553856163,3.390681695385616,1.8413803777019067,3.1104579534707333,3.1070914639433838,0.9143794607163188,0.004435615548509769,2821281.4508246463,56425.6290390377,0.00420272755547776,0.0041954771192910245,3961.296747653445,3947.640685282306,49572142.340776354,991442.8472116567,127.31075734698862,2.5462151479571093,49401248.739311725,988024.9751809986,126.87186984282037,2.5374373978702374,"[1.770,2.067]",1.921,"[0.650,1.050]",0.8,0.002,0.0,799,1.599,0.12,-2.7135574774710003,48,3.106442522528999,0.005,0.0,319,1.5975000000000001,0.1,0.17418352252900005,29,3.124183522529,1.6095401111267265,1.6051681730025715,0.9312963725478616,0.9150952993051369,1.6687719789999784,1.6220371363132053,0.9177737530118347,0.9138443380673885
26,56,5.15,11.97,1.6298,12512.06913,250.2413827,E04001,1.350695862,0.01806256,0.0089,5.1589,3.5202000000000004,3.5291000000000006,1.0,0.0,0.0,12512.06913,250.2413827,0.20891591146372127,0.010871835523389996,0.9891281644766101,0.010991331471329347,0.011031839538437005,1.618768160461563,4.433234524286382,1.0034592972004903,0.7883833294344119,0.7917424652522135,3.4479905052522133,1.8568765455065162,3.150367563894588,3.1470084280767865,0.9126309495230124,0.004424768410482974,2827734.2381031592,56554.684784663244,0.004202727555477759,0.004195477119291024,4132.643670821196,4118.396911913306,51707923.298971765,1034158.4663926997,132.79585196819633,2.6559170404252685,51529666.8666378,1030593.3377445958,132.33805530396498,2.646761107136983,"[1.770,2.067]",1.921,"[0.650,1.050]",0.8,0.002,0.0,809,1.619,0.12,-2.7135574774710003,48,3.106442522528999,0.005,0.0,323,1.6175,0.1,0.17418352252900005,29,3.124183522529,1.6289379721754642,1.6251681730025713,0.9274357048250624,0.9136110879847923,1.6687719789999784,1.6220371363132053,0.9177737530118347,0.9138443380673885
26,56,5.15,11.97,1.6488,12511.36135,250.2272269,E04001,1.334786802,0.017903727,0.0089,5.1589,3.5012000000000003,3.5101000000000004,1.0,0.0,0.0,12511.36135,250.2272269,0.20891591146372127,0.010871835523389996,0.9891281644766101,0.010991331471329347,0.011031839538437005,1.637768160461563,4.433234524286382,1.0034592972004903,0.7841280930105571,0.7874798751188105,3.5060213151188107,1.8724372660035398,3.1902771743184433,3.1869253922101897,0.9108535703252878,0.004412917436244108,2835167.7842965904,56703.35566327107,0.004202727555477759,0.004195477119291024,4310.893217086497,4296.031965734216,53935142.78023316,1078702.8551735738,138.5157782321883,2.770315563536646,53749208.294451594,1074984.1654594287,138.03826285593024,2.7607652560153015,"[1.770,2.067]",1.921,"[0.650,1.050]",0.8,0.002,0.0,818,1.637,0.12,-2.7135574774710003,49,3.226442522528999,0.005,0.0,327,1.6375,0.1,0.17418352252900005,30,3.2241835225290005,1.6463900683699322,1.6451681730025713,0.9235254289203204,0.912113394550479,1.691685844265248,1.6753265307645007,0.9108126944847957,0.9098298483188126
26,56,5.15,11.97,1.6679,12511.99838,250.2399675,E04001,1.326726515,0.017742969,0.0089,5.1589,3.4821000000000004,3.4910000000000005,1.0,0.0,0.0,12511.99838,250.2399675,0.20891591146372127,0.010871835523389996,0.9891281644766101,0.010991331471329347,0.011031839538437005,1.656868160461563,4.433234524286382,1.0034592972004903,0.7798504606055241,0.7831948503004951,3.5650852603004948,1.8881433367995384,3.230396835323476,3.2270524456285052,0.9090375362236748,0.004400053255385205,2843601.5779324085,56872.031535921175,0.004202727555477759,0.004195477119291024,4497.286291071404,4481.782473507593,56270038.78828162,1125400.7753159036,144.512238442999,2.8902447677049903,56076055.0480394,1121521.1005126096,144.01405103940712,2.8802810196371342,"[1.770,2.067]",1.921,"[0.650,1.050]",0.8,0.002,0.0,828,1.657,0.12,-2.7135574774710003,49,3.226442522528999,0.005,0.0,331,1.6575,0.1,0.17418352252900005,30,3.2241835225290005,1.665774650248764,1.6651681730025714,0.9185984215731549,0.9106023751366,1.691685844265248,1.6753265307645007,0.9108126944847957,0.9098298483188126
26,56,5.15,11.97,1.6869,12515.80843,250.3161687,E04001,1.334312529,0.017897366,0.0089,5.1589,3.4631000000000003,3.4720000000000004,1.0,0.0,0.0,12515.80843,250.3161687,0.20891591146372127,0.010871835523389996,0.9891281644766101,0.010991331471329347,0.011031839538437005,1.675868160461563,4.433234524286382,1.0034592972004903,0.7755952241816693,0.7789322601670922,3.6245638701670924,1.9038287397156006,3.2703064457473308,3.266969409761908,0.9072016608060668,0.004386368416488527,2853341.817562017,57066.83637403824,0.004202727555477758,0.004195477119291022,4690.125809785482,4673.957202718904,58700716.1478737,1174014.3234264867,150.75468351201718,3.0150936714448577,58498352.959248476,1169967.0596523653,150.23497607984842,3.0046995227973303,"[1.770,2.067]",1.921,"[0.650,1.050]",0.8,0.002,0.0,837,1.675,0.12,-2.7135574774710003,49,3.226442522528999,0.005,0.0,335,1.6775,0.1,0.17418352252900005,30,3.2241835225290005,1.6832148074563875,1.6851681730025714,0.9135305615626964,0.9090781864487482,1.691685844265248,1.6753265307645007,0.9108126944847957,0.9098298483188126
26,56,5.15,11.97,1.706,12523.63757,250.4727515,E04001,1.317508584,0.01764663,0.0089,5.1589,3.4440000000000004,3.4529000000000005,1.0,0.0,0.0,12523.63757,250.4727515,0.20891591146372127,0.010871835523389996,0.9891281644766101,0.010991331471329347,0.011031839538437005,1.694968160461563,4.433234524286382,1.0034592972004903,0.7713175917766362,0.7746472353487768,3.6850832353487766,1.9196570619120428,3.310426106752363,3.3070964631802227,0.9053264156419917,0.004371774428061772,2864657.7667897567,57293.15535866913,0.004202727555477759,0.004195477119291024,4891.7062449126215,4874.842715155254,61261956.11019133,1225239.122692997,157.33243835481753,3.146648768352634,61050763.375359155,1221015.2679946672,156.79005495664128,3.1358011003847786,"[1.770,2.067]",1.921,"[0.650,1.050]",0.8,0.002,0.0,847,1.695,0.12,-2.7135574774710003,50,3.3464425225289993,0.005,0.0,338,1.6925000000000001,0.1,0.17418352252900005,31,3.324183522529,1.7025861373995355,1.7001681730025715,0.9070309587121879,0.9079264971678733,1.7144017864238839,1.7286159252157955,0.9025205334423324,0.9057224330443703
26,56,5.15,11.97,1.725,12535.50726,250.7101451,E04001,1.308283715,0.017470374,0.0089,5.1589,3.4250000000000003,3.4339000000000004,1.0,0.0,0.0,12535.50726,250.7101451,0.20891591146372127,0.010871835523389996,0.9891281644766101,0.010991331471329347,0.011031839538437005,1.713968160461563,4.433234524286382,1.0034592972004903,0.7670623553527812,0.7703846452153738,3.7460096452153744,1.9354610936971517,3.350335717176219,3.3470134273136267,0.9034312353138988,0.0043564767113130455,2877441.5865571764,57548.8317081892,0.00420272755547776,0.0041954771192910245,5100.1878425845725,5082.605599263843,63933441.72808265,1278668.8340516342,164.19332515929136,3.2838665018760014,63713039.38928856,1274260.7872775106,163.62728973399078,3.272545793374505,"[1.770,2.067]",1.921,"[0.650,1.050]",0.8,0.002,0.0,856,1.713,0.12,-2.7135574774710003,50,3.3464425225289993,0.005,0.0,342,1.7125000000000001,0.1,0.17418352252900005,31,3.324183522529,1.720014380089232,1.7201681730025715,0.9002090772155129,0.9063796409130326,1.7144017864238839,1.7286159252157955,0.9025205334423324,0.9057224330443703
26,56,5.15,11.97,1.7441,12551.38211,251.0276422,E04001,1.314596262,0.017288933,0.0089,5.1589,3.4059000000000004,3.4148000000000005,1.0,0.0,0.0,12551.38211,251.0276422,0.20891591146372127,0.010871835523389996,0.9891281644766101,0.010991331471329347,0.011031839538437005,1.733068160461563,4.433234524286382,1.0034592972004903,0.7627847229477484,0.7660996203970583,3.8079844303970583,1.9514057574981831,3.3904553781812523,3.3871404807319423,0.9014959682127829,0.004340364730301159,2891780.504614209,57835.61009228417,0.004202727555477759,0.004195477119291024,5318.046692697896,5299.713408938953,66748836.118873045,1334976.722377461,171.42379725908515,3.428475945181703,66518728.06908349,1330374.5613816697,170.832835708766,3.4166567141753195,"[1.770,2.067]",1.921,"[0.650,1.050]",0.8,0.002,0.0,866,1.733,0.12,-2.7135574774710003,50,3.3464425225289993,0.005,0.0,346,1.7325,0.1,0.17418352252900005,32,3.424183522529,1.739372485237972,1.7401681730025713,0.891250360350933,0.9048200489767806,1.7144017864238839,1.7819053196670904,0.9025205334423324,0.9015250786274842
26,56,5.15,11.97,1.7631,12569.26164,251.3852329,E04001,1.304770357,0.017343899,0.0089,5.1589,3.3869000000000007,3.395800000000001,1.0,0.0,0.0,12569.26164,251.3852329,0.20891591146372127,0.010871835523389996,0.9891281644766101,0.010991331471329347,0.011031839538437005,1.7520681604615629,4.433234524286382,1.0034592972004903,0.7585294865238934,0.7618370302636555,3.870358640263655,1.96732270872464,3.430364988605107,3.427057444865345,0.8995406785934985,0.004323654973639616,2907091.735263812,58141.834728404814,0.00420272755547776,0.0041954771192910245,5543.289936164749,5524.180155218796,69675061.55403362,1393501.2316350015,178.93890471111624,3.578778095645948,69434865.71744086,1388697.3149012353,178.32203579191554,3.5664407172570263,"[1.770,2.067]",1.921,"[0.650,1.050]",0.8,0.002,0.0,876,1.7530000000000001,0.12,-2.7135574774710003,51,3.4664425225289994,0.005,0.0,350,1.7525,0.1,0.17418352252900005,32,3.424183522529,1.7587236408389018,1.7601681730025713,0.8803967446333906,0.9032478798879018,1.736924847361761,1.7819053196670904,0.8924768359489608,0.9015250786274842
26,56,5.15,11.97,1.7821,12587.49621,251.7499242,E04001,1.279047058,0.017159886,0.0089,5.1589,3.3679000000000006,3.3768000000000007,1.0,0.0,0.0,12587.49621,251.7499242,0.20891591146372127,0.010871835523389996,0.9891281644766101,0.010991331471329347,0.011031839538437005,1.771068160461563,4.433234524286382,1.0034592972004903,0.7542742501000387,0.7575744401302527,3.9334548501302526,1.9832939394175169,3.470274599028962,3.4669744089987478,0.8975551141724588,0.004306310269858871,2923035.1324435626,58460.70264887126,0.004202727555477759,0.004195477119291024,5777.332478632342,5757.415866044875,72722150.6786945,1454443.0135738903,186.76441326988703,3.7352882653977413,72471450.39323373,1449429.0078646746,186.12056691380846,3.722411338276169,"[1.770,2.067]",1.921,"[0.650,1.050]",0.8,0.002,0.0,885,1.7710000000000001,0.12,-2.7135574774710003,51,3.4664425225289994,0.005,0.0,354,1.7725,0.1,0.17418352252900005,32,3.424183522529,1.7761337451982655,1.7801681730025714,0.8684614153409609,0.9016632925773388,1.736924847361761,1.7819053196670904,0.8924768359489608,0.9015250786274842
26,56,5.15,11.97,1.8012,12602.13599,252.0427198,E04001,1.293431527,0.017298655,0.0089,5.1589,3.3488000000000007,3.357700000000001,1.0,0.0,0.0,12602.13599,252.0427198,0.20891591146372127,0.010871835523389996,0.9891281644766101,0.010991331471329347,0.011031839538437005,1.790168160461563,4.433234524286382,1.0034592972004903,0.7499966176950056,0.753289415311937,3.9976108553119367,1.999402624613646,3.510394260033994,3.507101462417063,0.8955283851734394,0.004288277879535491,2938740.525687452,58774.81051374903,0.00420272755547776,0.0041954771192910245,6021.7841051019905,6001.024776891218,75887342.19491574,1517746.8438983147,194.89323139334596,3.897864627866919,75625730.31774254,1512514.6063548506,194.22136197957462,3.8844272395914916,"[1.770,2.067]",1.921,"[0.650,1.050]",0.8,0.002,0.0,895,1.7910000000000001,0.12,-2.7135574774710003,51,3.4664425225289994,0.005,0.0,358,1.7925,0.1,0.17418352252900005,33,3.5241835225290004,1.7954717172526955,1.8001681730025714,0.8518720593925136,0.9000664463432657,1.736924847361761,1.8351947141183858,0.8924768359489608,0.8972407927555737
26,56,5.15,11.97,1.8202,12447.37252,248.9474505,E04001,1.277378015,0.01735306,0.0089,5.1589,3.3298000000000005,3.3387000000000007,1.0,0.0,0.0,12447.37252,248.9474505,0.20891591146372127,0.010871835523389996,0.9891281644766101,0.010991331471329347,0.011031839538437005,1.809168160461563,4.433234524286382,1.0034592972004903,0.7457413812711507,0.7490268251785341,4.062154865178535,2.0154788178441705,3.550303870457849,3.5470184265504656,0.8934815156860452,0.004269787888133585,2915220.344924678,58304.40692191392,0.004202727555477759,0.004195477119291024,6274.401496629276,6252.77130236769,78099812.76859012,1561996.2559992427,200.57527963742032,4.011505594359793,77830573.68293619,1556611.474284001,199.8838220912368,3.9976764434305676,"[1.770,2.067]",1.921,"[0.650,1.050]",0.8,0.002,0.0,904,1.809,0.12,-2.7135574774710003,52,3.5864425225289995,0.005,0.0,361,1.8075,0.1,0.17418352252900005,33,3.5241835225290004,1.8128699685394736,1.8151681730025715,0.8326928993991674,0.8988608627654888,1.7592598584706804,1.8351947141183858,0.8800631681462656,0.8972407927555737
26,56,5.15,11.97,1.8393,12471.36939,249.4273877,E04001,1.290956871,0.017720588,0.0089,5.1589,3.3107000000000006,3.3196000000000008,1.0,0.0,0.0,12471.36939,249.4273877,0.20891591146372127,0.010871835523389996,0.9891281644766101,0.010991331471329347,0.011031839538437005,1.828268160461563,4.433234524286382,1.0034592972004903,0.7414637488661178,0.7447418003602188,4.127766290360219,2.0316905006324704,3.590423531462882,3.587145479968781,0.8913927609329664,0.004250685213234863,2933966.8228476085,58679.33643342656,0.004202727555477759,0.004195477119291024,6538.17236869423,6515.632858188475,81539962.745477,1630799.254255723,209.41024375767051,4.188204873474282,81258864.18408996,1625177.283030236,208.68832880605672,4.173766574447795,"[1.770,2.067]",1.921,"[0.650,1.050]",0.8,0.002,0.0,914,1.829,0.12,-2.7135574774710003,52,3.5864425225289995,0.005,0.0,365,1.8275000000000001,0.1,0.17418352252900005,34,3.624183522529,1.8321947839557922,1.8351681730025715,0.8042555279647339,0.8972429477073695,1.7592598584706804,1.8884841085696809,0.8800631681462656,0.8928725997400881
26,56,5.15,11.97,1.8583,12498.0983,249.9619661,E04001,1.264192329,0.017922727,0.0089,5.1589,3.2917000000000005,3.3006000000000006,1.0,0.0,0.0,12498.0983,249.9619661,0.20891591146372127,0.010871835523389996,0.9891281644766101,0.010991331471329347,0.011031839538437005,1.847268160461563,4.433234524286382,1.0034592972004903,0.7372085124422629,0.7404792102268158,4.193758100226816,2.047866719351339,3.630333141886738,3.627062444102185,0.8892837961544063,0.004231207250311871,2953790.1503356514,59075.80303034695,0.004202727555477759,0.004195477119291024,6810.671225022943,6787.1923096669225,85120438.45931816,1702408.7698674304,218.60559125058418,4.372111826760794,84826996.66722123,1696539.934023144,217.85197651809384,4.357039532104958,"[1.770,2.067]",1.921,"[0.650,1.050]",0.8,0.002,0.0,923,1.847,0.12,-2.7135574774710003,52,3.5864425225289995,0.005,0.0,369,1.8475000000000001,0.1,0.17418352252900005,34,3.624183522529,1.8495812063463433,1.8551681730025715,0.7684970921234302,0.8956132134071495,1.7592598584706804,1.8884841085696809,0.8800631681462656,0.8928725997400881
26,56,5.15,11.97,1.8773,12527.65627,250.5531254,E04001,1.261209572,0.019556731,0.0089,5.1589,3.2727000000000004,3.2816000000000005,1.0,0.0,0.0,12527.65627,250.5531254,0.20891591146372127,0.010871835523389996,0.9891281644766101,0.010991331471329347,0.011031839538437005,1.866268160461563,4.433234524286382,1.0034592972004903,0.732953276018408,0.736216620093413,4.260471910093413,2.0640910614828534,3.670242752310592,3.666979408235587,0.8871435720957304,0.004211290686318821,2974778.328814602,59495.56657629204,0.004202727555477759,0.004195477119291024,7093.598628870998,7069.144357584943,88866165.33983916,1777323.3067967833,228.2253353942994,4.564506707885989,88559810.63483413,1771196.2126966827,227.43855782792173,4.548771156558435,"[1.770,2.067]",1.921,"[0.650,1.050]",0.8,0.002,0.0,933,1.867,0.12,-2.7135574774710003,53,3.7064425225289996,0.005,0.0,373,1.8675,0.1,0.17418352252900005,34,3.624183522529,1.8688928919415062,1.8751681730025713,0.7088268694456193,0.8939718202335404,1.7814114527498037,1.8884841085696809,0.8643309923435624,0.8928725997400881
26,56,5.15,11.97,1.8964,12560.39148,251.2078295,E04001,1.241999505,0.019266915,0.0089,5.1589,3.2536000000000005,3.2625000000000006,1.0,0.0,0.0,12560.39148,251.2078295,0.20891591146372127,0.010871835523389996,0.9891281644766101,0.010991331471329347,0.011031839538437005,1.885368160461563,4.433234524286382,1.0034592972004903,0.7286756436133749,0.7319315952750974,4.328264555275098,2.080448162121589,3.710362413315625,3.7071064616539027,0.884960381515981,0.004190861209765473,2997090.7771252342,59941.81551864324,0.004202727555477761,0.004195477119291025,7388.8858767883685,7363.413640595405,92807299.21350496,1856145.9835312106,238.34692212769224,4.766938440656237,92487357.9550503,1849747.1583646648,237.52525168947707,4.750505031898476,"[2.067,2.357]",2.213,"[0.650,1.050]",0.8,0.002,0.0,942,1.885,0.12,-3.920685477471,63,3.6993145225290003,0.005,0.0,377,1.8875,0.1,0.17418352252900005,35,3.7241835225290005,1.897433141890268,1.8951681730025713,0.9233633052411412,0.8923189287602556,1.993737150481918,1.9417735030209762,0.8954823301633641,0.8884235359321526
26,56,5.15,11.97,1.9154,12596.20648,251.9241297,E04001,1.214651413,0.018973967,0.0089,5.1589,3.2346000000000004,3.2435000000000005,1.0,0.0,0.0,12596.20648,251.9241297,0.20891591146372127,0.010871835523389996,0.9891281644766101,0.010991331471329347,0.011031839538437005,1.904368160461563,4.433234524286382,1.0034592972004903,0.7244204071895202,0.7276690051416945,4.396426165141695,2.0967656438290128,3.75027202373948,3.7470234257873054,0.8827568914043102,0.004170164880759978,3020553.5848511695,60411.07172100326,0.004202727555477759,0.004195477119291024,7693.8099573718355,7667.286534527587,96912818.84093565,1938256.3775880937,248.8906829657465,4.977813661290847,96578724.33023314,1931574.4873713914,248.0326642646257,4.96065328726162,"[2.067,2.357]",2.213,"[0.650,1.050]",0.8,0.002,0.0,952,1.905,0.12,-3.920685477471,63,3.6993145225290003,0.005,0.0,380,1.9025,0.1,0.17418352252900005,35,3.7241835225290005,1.9167277399356095,1.9101681730025715,0.9191265399610218,0.8910718110890161,1.993737150481918,1.9417735030209762,0.8954823301633641,0.8884235359321526
26,56,5.15,11.97,1.9345,12635.23736,252.7047472,E04001,1.218813669,0.018994499,0.0089,5.1589,3.2155000000000005,3.2244000000000006,1.0,0.0,0.0,12635.23736,252.7047472,0.20891591146372127,0.010871835523389996,0.9891281644766101,0.010991331471329347,0.011031839538437005,1.923468160461563,4.433234524286382,1.0034592972004903,0.7201427747844871,0.7233839803233791,4.46567423032338,2.1132141941420373,3.790391684744513,3.7871504792056214,0.8805097132037385,0.004149014603911861,3045358.6131239403,60907.17226247881,0.00420272755547776,0.0041954771192910245,8011.963783944243,7984.343566596563,101233064.12985925,2024661.2825971853,259.9859004343932,5.199718008687865,100884076.12773652,2017681.5225547308,259.0896323943753,5.181792647887507,"[2.067,2.357]",2.213,"[0.650,1.050]",0.8,0.002,0.0,961,1.923,0.12,-3.920685477471,64,3.8193145225289995,0.005,0.0,384,1.9225,0.1,0.17418352252900005,36,3.824183522529,1.9340869943703254,1.9301681730025715,0.9148506354288721,0.889399184469602,2.014130008149294,1.995062897472271,0.8864742469859759,0.8838966452439705
26,56,5.15,11.97,1.9535,12677.0785,253.54157,E04001,1.206902679,0.018852924,0.0089,5.1589,3.1965000000000003,3.2054000000000005,1.0,0.0,0.0,12677.0785,253.54157,0.20891591146372127,0.010871835523389996,0.9891281644766101,0.010991331471329347,0.011031839538437005,1.942468160461563,4.433234524286382,1.0034592972004903,0.7158875383606322,0.7191213901899761,4.535283640189976,2.1296205390139287,3.8303012951683675,3.8270674433390233,0.8782421861335798,0.004127660872596293,3071250.0109114186,61425.00021822837,0.00420272755547776,0.0041954771192910245,8340.408281910863,8311.655794290235,105732010.51183413,2114640.2102366826,271.54005654117054,5.4308011308234105,105367512.96919715,2107350.259383943,270.60395703017446,5.412079140603488,"[2.067,2.357]",2.213,"[0.650,1.050]",0.8,0.002,0.0,971,1.943,0.12,-3.920685477471,64,3.8193145225289995,0.005,0.0,388,1.9425000000000001,0.1,0.17418352252900005,36,3.824183522529,1.9533685240482441,1.9501681730025715,0.909484414280451,0.8877155019144598,2.014130008149294,1.995062897472271,0.8864742469859759,0.8838966452439705
26,56,5.15,11.97,1.9726,12722.22977,254.4445955,E04001,1.202619373,0.018786015,0.0089,5.1589,3.1774000000000004,3.1863000000000006,1.0,0.0,0.0,12722.22977,254.4445955,0.20891591146372127,0.010871835523389996,0.9891281644766101,0.010991331471329347,0.011031839538437005,1.961568160461563,4.433234524286382,1.0034592972004903,0.7116099059555993,0.7148363653716607,4.60598712537166,2.1461563608860517,3.8704209561734007,3.867194496757339,0.8759302498947694,0.004105906675588933,3098518.981358771,61970.37965153058,0.004202727555477759,0.004195477119291024,8683.008214389627,8653.07465745147,110467225.59826225,2209344.512833546,283.7009959395506,5.6740199210209745,110086404.00906165,2201728.0810465403,282.7229731500184,5.654459465222643,"[2.067,2.357]",2.213,"[0.650,1.050]",0.8,0.002,0.0,980,1.961,0.12,-3.920685477471,64,3.8193145225289995,0.005,0.0,392,1.9625000000000001,0.1,0.17418352252900005,36,3.824183522529,1.9707160288956445,1.9701681730025715,0.9039893198808839,0.8860209244720084,2.014130008149294,1.995062897472271,0.8864742469859759,0.8838966452439705
26,56,5.15,11.97,1.9916,12770.23179,255.4046357,E04001,1.198098849,0.0187154,0.0089,5.1589,3.1584000000000003,3.1673000000000004,1.0,0.0,0.0,12770.23179,255.4046357,0.20891591146372127,0.010871835523389996,0.9891281644766101,0.010991331471329347,0.011031839538437005,1.980568160461563,4.433234524286382,1.0034592972004903,0.7073546695317444,0.7105737752382578,4.677044335238258,2.1626475291268012,3.9103305665972563,3.907111460890743,0.8735979242299459,0.004084005989116799,3126888.6049703546,62537.772074921326,0.00420272755547776,0.0041954771192910245,9036.593368282653,9005.44087188536,115399391.90494631,2307987.837195267,296.3677437986348,5.927354873651926,115001567.30511573,2300031.345201771,295.34605402078483,5.906921078102928,"[2.067,2.357]",2.213,"[0.650,1.050]",0.8,0.002,0.0,990,1.981,0.12,-3.920685477471,65,3.9393145225289996,0.005,0.0,396,1.9825000000000002,0.1,0.17418352252900005,37,3.924183522529,1.989984516724114,1.9901681730025715,0.8969775451893036,0.8843156132403353,2.0343829711021053,2.0483522919235657,0.8757293044898168,0.8792949747853396
26,56,5.15,11.97,2.0106,12820.70743,256.4141485,E04001,1.162182359,0.018251723,0.0089,5.1589,3.1394,3.1483000000000003,1.0,0.0,0.0,12820.70743,256.4141485,0.20891591146372127,0.010871835523389996,0.9891281644766101,0.010991331471329347,0.011031839538437005,1.9995681604615632,4.433234524286382,1.0034592972004903,0.7030994331078895,0.7063111851048548,4.748823545104855,2.1791795577934496,3.950240177021111,3.9470284250241456,0.8712330028246831,0.004061870395685016,3156355.6147974646,63127.112271330094,0.00420272755547776,0.0041954771192910245,9403.352995949312,9370.936142784603,120557637.6220801,2411152.751501267,309.61510689050556,6.19230213539515,120142030.6318541,2402840.6116999886,308.5477485278057,6.170954968149479,"[2.067,2.357]",2.213,"[0.650,1.050]",0.8,0.002,0.0,999,1.999,0.12,-3.920685477471,65,3.9393145225289996,0.005,0.0,399,1.9975,0.1,0.17418352252900005,37,3.924183522529,2.0073202958100183,2.005168173002571,0.8896605961764871,0.8830296826889762,2.0343829711021053,2.0483522919235657,0.8757293044898168,0.8792949747853396
26,56,5.15,11.97,2.0297,12874.44616,257.4889233,E04001,1.172865986,0.018253212,0.0089,5.1589,3.1203000000000003,3.1292000000000004,1.0,0.0,0.0,12874.44616,257.4889233,0.20891591146372127,0.010871835523389996,0.9891281644766101,0.010991331471329347,0.011031839538437005,2.018668160461563,4.433234524286382,1.0034592972004903,0.6988218007028565,0.7020261602865394,4.82170825028654,2.1958388488881737,3.9903598380261434,3.9871554784424603,0.86882259360252,0.00403940525496079,3187213.301806969,63744.266060895505,0.00420272755547776,0.0041954771192910245,9785.767549067305,9752.032370787947,125986337.44474217,2519726.74987342,323.5570479323408,6.471140961159989,125552015.70828657,2511040.315140935,322.441626516411,6.448832532832731,"[2.067,2.357]",2.213,"[0.650,1.050]",0.8,0.002,0.0,1009,2.019,0.12,-3.920685477471,65,3.9393145225289996,0.005,0.0,403,2.0175,0.1,0.17418352252900005,38,4.024183522529,2.026575768217448,2.0251681730025712,0.8801167150593112,0.881305975004697,2.0343829711021053,2.1016416863748613,0.8757293044898168,0.874621570623839
26,56,5.15,11.97,2.0487,12930.61029,258.6122058,E04001,1.152304467,0.018096594,0.0089,5.1589,3.1013,3.1102000000000003,1.0,0.0,0.0,12930.61029,258.6122058,0.20891591146372127,0.010871835523389996,0.9891281644766101,0.010991331471329347,0.011031839538437005,2.037668160461563,4.433234524286382,1.0034592972004903,0.6945665642790017,0.6977635701531365,4.8949352601531375,2.2124500582280127,4.030269448449999,4.0270724425758635,0.8663917515135771,0.004016868195638568,3219077.5649646134,64381.551299292274,0.004202727555477759,0.004195477119291024,10180.290105914728,10145.194861731114,131637363.99872617,2632747.2799745235,338.06996660811615,6.761399332162323,131183561.07315548,2623671.2214631094,336.90451376681017,6.738090275336202,"[2.067,2.357]",2.213,"[0.650,1.050]",0.8,0.002,0.0,1018,2.037,0.12,-3.920685477471,66,4.059314522529,0.005,0.0,407,2.0375,0.1,0.17418352252900005,38,4.024183522529,2.043899845287271,2.0451681730025713,0.8699005926424318,0.8795719765492912,2.0544988794670935,2.1016416863748613,0.8626927348984197,0.874621570623839
26,56,5.15,11.97,2.0678,12989.37481,259.7874962,E04001,1.147091389,0.017937738,0.0089,5.1589,3.0822000000000003,3.0911000000000004,1.0,0.0,0.0,12989.37481,259.7874962,0.20891591146372127,0.010871835523389996,0.9891281644766101,0.010991331471329347,0.011031839538437005,2.056768160461563,4.433234524286382,1.0034592972004903,0.6902889318739687,0.693478545334821,4.969275385334821,2.2291871579871487,4.070389109455031,4.0671994959941795,0.8639147040006733,0.003994043375481273,3252186.716283423,65043.73432566847,0.004202727555477759,0.004195477119291024,10591.548527344632,10555.035522510536,137577593.63998294,2751551.8727996596,353.32561421044625,7.066512284208927,137103312.53475353,2742066.250695071,352.10756948106894,7.04215138962138,"[2.067,2.357]",2.213,"[0.650,1.050]",0.8,0.002,0.0,1028,2.057,0.12,-3.920685477471,66,4.059314522529,0.005,0.0,411,2.0575,0.1,0.17418352252900005,38,4.024183522529,2.0631423286129333,2.0651681730025713,0.8561636136392962,0.877827848327474,2.0544988794670935,2.1016416863748613,0.8626927348984197,0.874621570623839
26,56,5.15,11.97,2.0868,13050.37032,261.0074064,E04001,1.111079582,0.017394142,0.0089,5.1589,3.0632,3.0721000000000003,1.0,0.0,0.0,13050.37032,261.0074064,0.20891591146372127,0.010871835523389996,0.9891281644766101,0.010991331471329347,0.011031839538437005,2.075768160461563,4.433234524286382,1.0034592972004903,0.6860336954501137,0.6892159552014181,5.043950195201419,2.2458740381422593,4.110298719878887,4.107116460127583,0.8614172068179277,0.003971189940943497,3286261.930070115,65725.23860140229,0.00420272755547776,0.0041954771192910245,11015.72283056417,10977.747539234007,143759262.28134102,2875185.2456268203,369.20132341400176,7.384026468280035,143263670.66647252,2865273.4133294504,367.9285492137262,7.358570984274524,"[2.067,2.357]",2.213,"[0.650,1.050]",0.8,0.002,0.0,1037,2.075,0.12,-3.920685477471,66,4.059314522529,0.005,0.0,415,2.0775,0.1,0.17418352252900005,39,4.124183522529,2.0804547273320537,2.0851681730025713,0.8409165816771004,0.8760737512461706,2.0544988794670935,2.1549310808261564,0.8626927348984197,0.8698794736764297
26,56,5.15,11.97,2.1059,13113.73562,262.2747123,E04001,1.105710869,0.017233838,0.0089,5.1589,3.0441000000000003,3.0530000000000004,1.0,0.0,0.0,13113.73562,262.2747123,0.20891591146372127,0.010871835523389996,0.9891281644766101,0.010991331471329347,0.011031839538437005,2.094868160461563,4.433234524286382,1.0034592972004903,0.6817560630450807,0.6849309303831027,5.119745740383103,2.262685515130882,4.15041838088392,4.147243513545898,0.8588727889416485,0.003948086560064975,3321542.073734113,66430.84144935354,0.004202727555477759,0.004195477119291024,11457.78309438408,11418.283857003145,150254338.29105833,3005086.764675388,385.88192277440487,7.717638452545519,149736355.73485312,2994727.113555234,384.551644347669,7.691032884020946,"[2.067,2.357]",2.213,"[0.650,1.050]",0.8,0.002,0.0,1047,2.095,0.12,-3.920685477471,67,4.179314522528999,0.005,0.0,418,2.0925000000000002,0.1,0.17418352252900005,39,4.124183522529,2.0996842478265023,2.1001681730025714,0.8194737956327699,0.8747517330955176,2.074480478552302,2.1549310808261564,0.8465453002911822,0.8698794736764297
26,56,5.15,11.97,2.1249,13178.91286,263.5782571,E04001,1.085066739,0.01699685,0.0089,5.1589,3.0251000000000006,3.0340000000000007,1.0,0.0,0.0,13178.91286,263.5782571,0.20891591146372127,0.010871835523389996,0.9891281644766101,0.010991331471329347,0.011031839538437005,2.113868160461563,4.433234524286382,1.0034592972004903,0.677500826621226,0.6806683402496999,5.195868350249699,2.2794447460400744,4.1903279913077744,4.1871604776793,0.8563079148433907,0.003924993251439142,3357690.5782367415,67153.81153925706,0.004202727555477758,0.004195477119291022,11913.617636317655,11872.546967829154,157008528.67638955,3140170.572336429,403.227977486165,8.064559546663654,156467261.91527766,3129345.2371182977,401.83790076101155,8.036758012171132,"[2.067,2.357]",2.213,"[0.650,1.050]",0.8,0.002,0.0,1056,2.113,0.12,-3.920685477471,67,4.179314522528999,0.005,0.0,422,2.1125,0.1,0.17418352252900005,40,4.224183522529,2.116984991780633,2.120168173002571,0.7943120817584577,0.8729805772914704,2.074480478552302,2.208220475277451,0.8465453002911822,0.8650717157394077
26,56,5.15,11.97,2.1439,13245.95285,264.9190571,E04001,1.094673985,0.01713731,0.0089,5.1589,3.0061000000000004,3.0150000000000006,1.0,0.0,0.0,13245.95285,264.9190571,0.20891591146372127,0.010871835523389996,0.9891281644766101,0.010991331471329347,0.011031839538437005,2.132868160461563,4.433234524286382,1.0034592972004903,0.6732455901973711,0.6764057501162969,5.272712960116297,2.2962388726167617,4.230237601731629,4.227077441812703,0.8537091751627365,0.0039018064492141293,3394825.710195823,67896.51422954562,0.00420272755547776,0.0041954771192910245,12386.030637288774,12343.331385581905,164064777.82018253,3281295.5576422536,421.34977695066755,8.426995542194321,163499185.54534307,3269983.7121411944,419.8972276465761,8.397944556101525,"[2.067,2.357]",2.213,"[0.650,1.050]",0.8,0.002,0.0,1066,2.133,0.12,-3.920685477471,67,4.179314522528999,0.005,0.0,426,2.1325,0.1,0.17418352252900005,40,4.224183522529,2.1362015756061297,2.140168173002571,0.7562491318551252,0.8711998943745659,2.074480478552302,2.208220475277451,0.8465453002911822,0.8650717157394077
26,56,5.15,11.97,2.163,13315.17066,266.3034132,E04001,1.081473183,0.016898018,0.0089,5.1589,2.9870000000000005,2.9959000000000007,1.0,0.0,0.0,13315.17066,266.3034132,0.20891591146372127,0.010871835523389996,0.9891281644766101,0.010991331471329347,0.011031839538437005,2.151968160461563,4.433234524286382,1.0034592972004903,0.6689679577923381,0.6721207252979814,5.350689725297981,2.313155793563845,4.2703572627366615,4.267204495231018,0.8510624484441267,0.0038784197050575333,3433143.309022683,68662.86618045368,0.00420272755547776,0.0041954771192910245,12878.192520583554,12833.796603919951,171475331.20390558,3429506.624078112,440.38149757223175,8.807629951444637,170884191.99692258,3417683.8399384515,438.86333885274064,8.777266777054813,"[2.067,2.357]",2.213,"[0.650,1.050]",0.8,0.002,0.0,1075,2.1510000000000002,0.12,-3.920685477471,68,4.299314522528999,0.005,0.0,430,2.1525,0.1,0.17418352252900005,40,4.224183522529,2.1534906883017086,2.160168173002571,0.7070584475826557,0.8694098446214168,2.09433042322055,2.208220475277451,0.8260243735365861,0.8650717157394077
26,56,5.15,11.97,2.182,13384.52002,267.6904004,E04001,1.053455782,0.016885178,0.0089,5.1589,2.9680000000000004,2.9769000000000005,1.0,0.0,0.0,13384.52002,267.6904004,0.20891591146372127,0.010871835523389996,0.9891281644766101,0.010991331471329347,0.011031839538437005,2.170968160461563,4.433234524286382,1.0034592972004903,0.6647127213684833,0.6678581351645786,5.428982135164579,2.3300176255051332,4.310266873160517,4.307121459364421,0.8483952758313733,0.0038550932846474414,3471905.61465857,69438.11229317139,0.004202727555477759,0.004195477119291024,13385.51698015837,13339.372127501407,179158719.99897966,3583174.3999795928,460.1139117932656,9.202278235865311,178541093.29477257,3570821.865895451,458.52772810707756,9.17055456214155,"[2.067,2.357]",2.213,"[0.650,1.050]",0.8,0.002,0.0,1085,2.1710000000000003,0.12,-3.920685477471,68,4.299314522528999,0.005,0.0,434,2.1725,0.1,0.17418352252900005,41,4.324183522529,2.1726943615326206,2.180168173002571,0.6214923028083589,0.8676105880720849,2.09433042322055,2.2615098697287466,0.8260243735365861,0.8602013156628368
26,56,5.15,11.97,2.2011,13456.35789,269.1271578,E04001,1.055263253,0.017463864,0.0089,5.1589,2.9489000000000005,2.9578000000000007,1.0,0.0,0.0,13456.35789,269.1271578,0.20891591146372127,0.010871835523389996,0.9891281644766101,0.010991331471329347,0.011031839538437005,2.190068160461563,4.433234524286382,1.0034592972004903,0.6604350889634503,0.6635731103462631,5.5084143203462625,2.347001133435232,4.3503865341655485,4.347248512782736,0.8456794092712586,0.003831596303756288,3511945.628720886,70238.91257441773,0.004202727555477759,0.004195477119291024,13913.933372781219,13865.966872397443,187230867.12175885,3744617.342435178,480.8447318686369,9.616894637372742,186585412.72586393,3731708.254517279,479.1870813396476,9.583741626792953,"[2.067,2.357]",2.213,"[0.650,1.050]",0.8,0.002,0.0,1095,2.191,0.12,-3.920685477471,68,4.299314522528999,0.005,0.0,438,2.1925,0.1,0.17418352252900005,41,4.324183522529,2.1918912501572336,2.200168173002571,0.4634281781963108,0.8658022845020424,2.09433042322055,2.2615098697287466,0.8260243735365861,0.8602013156628368
26,56,5.15,11.97,2.2201,13528.74111,270.5748221,E04001,1.049617247,0.018109593,0.0089,5.1589,2.9299000000000004,2.9388000000000005,1.0,0.0,0.0,13528.74111,270.5748221,0.20891591146372127,0.010871835523389996,0.9891281644766101,0.010991331471329347,0.011031839538437005,2.209068160461563,4.433234524286382,1.0034592972004903,0.6561798525395953,0.6593105202128602,5.58815453021286,2.3639277760145,4.3902961445894055,4.387165476916141,0.8429431177983623,0.0038081885743016203,3552539.7038619663,71050.79405098011,0.004202727555477759,0.004195477119291024,14458.511879551732,14408.668014625942,195605464.05431488,3912109.2796404464,502.3523009914359,10.047046016115495,194931139.30981207,3898622.784755375,500.62050587694773,10.012410113838534,"[2.357,2.642]",2.5,"[0.650,1.050]",0.8,0.002,0.0,1104,2.209,0.24,-5.273316477470999,40,4.446683522529,0.005,0.0,441,2.2075,0.1,0.17418352252900005,42,4.424183522529,2.2215997159818883,2.215168173002571,0.9053702489643801,0.8644402156680754,2.332305469098242,2.3147992641800412,0.8550327818126146,0.855271275674797
26,56,5.15,11.97,2.2391,13602.02493,272.0404986,E04001,1.014554823,0.018159061,0.0089,5.1589,2.9109000000000003,2.9198000000000004,1.0,0.0,0.0,13602.02493,272.0404986,0.20891591146372127,0.010871835523389996,0.9891281644766101,0.010991331471329347,0.011031839538437005,2.228068160461563,4.433234524286382,1.0034592972004903,0.6519246161157404,0.6550479300794573,5.668616740079458,2.380885704959282,4.43020575501326,4.427082441049543,0.8401721062799041,0.0037847601537004637,3593893.503846189,71877.87007692378,0.004202727555477761,0.004195477119291025,15022.590021533804,14970.801569575076,204337643.98607203,4086752.8797214404,524.778211753169,10.495564235063378,203633216.1714433,4072664.323428866,522.9691061881892,10.459382123763783,"[2.357,2.642]",2.5,"[0.650,1.050]",0.8,0.002,0.0,1114,2.229,0.24,-5.273316477470999,40,4.446683522529,0.005,0.0,445,2.2275,0.1,0.17418352252900005,42,4.424183522529,2.240779348102514,2.235168173002571,0.8994425177574719,0.8626164633772597,2.332305469098242,2.3147992641800412,0.8550327818126146,0.855271275674797
26,56,5.15,11.97,2.2582,13676.45448,273.5290896,E04001,1.02365712,0.019888195,0.0089,5.1589,2.8918000000000004,2.9007000000000005,1.0,0.0,0.0,13676.45448,273.5290896,0.20891591146372127,0.010871835523389996,0.9891281644766101,0.010991331471329347,0.011031839538437005,2.247168160461563,4.433234524286382,1.0034592972004903,0.6476469837107074,0.6507629052611418,5.750230145261142,2.3979637497804553,4.470325416018293,4.467209494467858,0.8373513498085395,0.0037611999475433847,3636194.478023624,72723.88956047248,0.004202727555477761,0.004195477119291025,15609.936049157659,15556.122797115115,213488579.81201577,4269771.596240316,548.2795678661624,10.96559135732325,212752605.32003516,4255052.106400703,546.3894443908039,10.927788887816078,"[2.357,2.642]",2.5,"[0.650,1.050]",0.8,0.002,0.0,1123,2.247,0.24,-5.273316477470999,40,4.446683522529,0.005,0.0,449,2.2475,0.1,0.17418352252900005,42,4.424183522529,2.258035237720385,2.255168173002571,0.8933848057322507,0.860784101860026,2.332305469098242,2.3147992641800412,0.8550327818126146,0.855271275674797
26,56,5.15,11.97,2.2772,13750.97276,275.0194551,E04001,0.967204301,0.022180249,0.0089,5.1589,2.8728000000000002,2.8817000000000004,1.0,0.0,0.0,13750.97276,275.0194551,0.20891591146372127,0.010871835523389996,0.9891281644766101,0.010991331471329347,0.011031839538437005,2.266168160461563,4.433234524286382,1.0034592972004903,0.6433917472868527,0.646500315127739,5.832140155127739,2.414982433709972,4.510235026442148,4.507126458601261,0.8345102221106752,0.003737766294349496,3678927.9149923837,73578.55827309373,0.004202727555477758,0.004195477119291022,16215.061754297376,16159.162409013607,222972872.48506105,4459457.448079715,572.637048218846,11.45274096021258,222204202.1107621,4444084.040599326,570.6629554546182,11.413259104942382,"[2.357,2.642]",2.5,"[0.438,0.650]",0.5,0.002,0.0,1133,2.267,0.24,-5.273316477470999,40,4.446683522529,0.005,0.0,453,2.2675,0.1,0.4741835225290001,40,4.524183522529,2.277202033531246,2.272292608126607,0.8856729801896601,0.8006472866442811,2.332305469098242,2.208220475277451,0.8550327818126146,0.8088206478726836
26,56,5.15,17.975,1.2349,657.6785775,13.15357155,E04001,0.883410255,0.032234591,0.0089,5.1589,3.9151000000000002,3.9240000000000004,1.0,0.0,0.0,657.6785775,13.15357155,0.31372293304598076,0.02440437007154066,0.9755956299284593,0.025014841521307594,0.024697683753164945,1.2102023162468352,4.433234524286382,1.0034592972004903,1.9682383149020304,1.9761217659454684,3.5010997759454687,1.8711225977860106,1.2294645630269698,1.2215811119835318,0.9185792379955808,0.0003184227466274792,2065425.8669196584,41308.517338393176,0.0008226574942438165,0.0008212382669475384,3517.0528933070955,3504.9283046349524,2313090.34386247,46261.8068772494,5.940459088186453,0.11880918176372908,2305116.261631802,46102.325232636045,5.919980117538892,0.11839960235077786,"[1.770,2.067]",1.921,"[1.500,2.000]",1.75,0.002,0.0,605,1.211,0.12,-2.7135574774710003,32,1.1864425225289996,0.005,0.0,242,1.2125000000000001,0.1,-0.7758164774709999,19,1.1741835225290003,1.231827168383269,1.2292741284431248,0.9216863735372856,0.9147205775772907,1.2700484264524534,1.0891431918002543,0.9183754723162912,0.9225584407214309
26,56,5.15,17.975,1.2517,679.8327938,13.59665588,E04001,0.884040908,0.029860284,0.0089,5.1589,3.8983000000000003,3.9072000000000005,1.0,0.0,0.0,679.8327938,13.59665588,0.31372293304598076,0.02440437007154066,0.9755956299284593,0.025014841521307594,0.024697683753164945,1.227002316246835,4.433234524286382,1.0034592972004903,1.9597924505076716,1.9676613057854573,3.534414195785457,1.8800037754710646,1.2694364002213285,1.2615675449435428,0.9175440896053129,0.0003512712005844774,1935350.215642021,38707.00432422764,0.0008226574942438166,0.0008212382669475384,3611.1193294282107,3598.67045878465,2454957.342470363,49099.14686385174,6.304800716013551,0.12609601435736723,2446494.191961096,48929.88385361661,6.283065724342835,0.125661314523825,"[1.770,2.067]",1.921,"[1.500,2.000]",1.75,0.002,0.0,613,1.227,0.12,-2.7135574774710003,33,1.3064425225289993,0.005,0.0,245,1.2275,0.1,-0.7758164774709999,20,1.2741835225290004,1.2474557632187455,1.2442741284431247,0.9203776869024914,0.913833917668923,1.2970532675790754,1.1424325862515496,0.9157946225358097,0.9196739450184991
26,56,5.15,17.975,1.2686,702.1954378,14.04390876,E04001,0.907154854,0.028054868,0.0089,5.1589,3.8814,3.8903000000000003,1.0,0.0,0.0,702.1954378,14.04390876,0.31372293304598076,0.02440437007154066,0.9755956299284593,0.025014841521307594,0.024697683753164945,1.243902316246835,4.433234524286382,1.0034592972004903,1.9512963131109655,1.9591504857435411,3.5684964457435413,1.889046438217849,1.3096461650180344,1.3017919923854588,0.9164839249846081,0.000383406846080209,1831462.9615484232,36629.25924140125,0.0008226574942438163,0.000821238266947538,3708.860505356363,3696.0746845473054,2604344.9262978407,52086.89854079225,6.688456647293907,0.13376913298397838,2595366.781257192,51907.33563992814,6.665399051016575,0.1333079810583004,"[1.770,2.067]",1.921,"[1.500,2.000]",1.75,0.002,0.0,621,1.243,0.12,-2.7135574774710003,33,1.3064425225289993,0.005,0.0,248,1.2425,0.1,-0.7758164774709999,20,1.2741835225290004,1.2630797863182508,1.2592741284431246,0.9190075752570354,0.9129382526624451,1.2970532675790754,1.1424325862515496,0.9157946225358097,0.9196739450184991
26,56,5.15,17.975,1.2854,724.5220712,14.49044142,E04001,0.930268417,0.026776272,0.0089,5.1589,3.8646000000000003,3.8735000000000004,1.0,0.0,0.0,724.5220712,14.49044142,0.31372293304598076,0.02440437007154066,0.9755956299284593,0.025014841521307594,0.024697683753164945,1.2607023162468352,4.433234524286382,1.0034592972004903,1.9428504487166067,1.95069002558353,3.6029431855835305,1.8981420351447704,1.3496180022123936,1.3417784253454703,0.9154111536957193,0.0004144612489714715,1748105.6986581413,34962.11396351174,0.0008226574942438164,0.0008212382669475381,3809.212523614967,3796.0807520964045,2759858.547250495,55197.17092977304,7.087845415387743,0.1417569082686237,2750344.2889513406,55006.88576384249,7.063410977567131,0.14126821951234636,"[1.770,2.067]",1.921,"[1.500,2.000]",1.75,0.002,0.0,630,1.2610000000000001,0.12,-2.7135574774710003,33,1.3064425225289993,0.005,0.0,252,1.2625,0.1,-0.7758164774709999,21,1.374183522529,1.280651352644341,1.2792741284431246,0.9173876743419263,0.9117301249915137,1.2970532675790754,1.1957219807028445,0.9157946225358097,0.9166709745020399
26,56,5.15,17.975,1.3022,746.7400251,14.9348005,E04001,0.902589894,0.024908267,0.0089,5.1589,3.8478000000000003,3.8567000000000005,1.0,0.0,0.0,746.7400251,14.9348005,0.31372293304598076,0.02440437007154066,0.9755956299284593,0.025014841521307594,0.024697683753164945,1.277502316246835,4.433234524286382,1.0034592972004903,1.934404584322248,1.942229565423519,3.6379544054235193,1.9073422360508665,1.3895898394067523,1.3817648583054811,0.9143194220103057,0.0004446394241480104,1679428.2840098029,33588.565675698024,0.0008226574942438166,0.0008212382669475384,3912.839460773581,3899.350448682722,2921873.8371503344,58437.47673518101,7.503931714768313,0.1500786342752684,2911801.051923032,58236.02103066194,7.478062872807318,0.1495612574361178,"[1.770,2.067]",1.921,"[1.500,2.000]",1.75,0.002,0.0,638,1.2770000000000001,0.12,-2.7135574774710003,34,1.4264425225289994,0.005,0.0,255,1.2775,0.1,-0.7758164774709999,21,1.374183522529,1.2962656741110195,1.2942741284431247,0.9158729927120299,0.9108136742541845,1.3237357361743323,1.1957219807028445,0.9130204559439279,0.9166709745020399
26,56,5.15,17.975,1.319,768.7332176,15.37466435,E04001,0.93400413,0.02419565,0.0089,5.1589,3.8310000000000004,3.8399000000000005,1.0,0.0,0.0,768.7332176,15.37466435,0.31372293304598076,0.02440437007154066,0.9755956299284593,0.025014841521307594,0.024697683753164945,1.294302316246835,4.433234524286382,1.0034592972004903,1.9259587199278891,1.9337691052635078,3.6735301052635077,1.9166455345899271,1.429561676601111,1.4217512912654924,0.9132085933963772,0.00047395391361208485,1621957.7379187588,32439.154754155355,0.0008226574942438165,0.0008212382669475384,4019.839043151181,4005.981163726286,3090183.801875713,61803.676029474576,7.936183944880368,0.15872367887695993,3079530.7896363004,61590.61578471404,7.908824968806608,0.15817649935555592,"[1.770,2.067]",1.921,"[1.500,2.000]",1.75,0.002,0.0,647,1.295,0.12,-2.7135574774710003,34,1.4264425225289994,0.005,0.0,258,1.2925,0.1,-0.7758164774709999,21,1.374183522529,1.3138263362610658,1.3092741284431246,0.9140784585802711,0.9098884132255067,1.3237357361743323,1.1957219807028445,0.9130204559439279,0.9166709745020399
26,56,5.15,17.975,1.3358,790.1110545,15.80222109,E04001,0.934045911,0.024047252,0.0089,5.1589,3.8142000000000005,3.8231000000000006,1.0,0.0,0.0,790.1110545,15.80222109,0.31372293304598076,0.02440437007154066,0.9755956299284593,0.025014841521307594,0.024697683753164945,1.3111023162468352,4.433234524286382,1.0034592972004903,1.9175128555335303,1.9253086451034964,3.7096702851034964,1.9260504368015643,1.4695335137954701,1.461737724225504,0.9120785311228273,0.0005024175706058078,1572618.2775560487,31452.365551120973,0.0008226574942438165,0.0008212382669475384,4130.311787336702,4116.073067297984,3263405.0017063813,65268.10003412762,8.381049167516842,0.16762098335033684,3252154.83160186,65043.096632037195,8.352156575656617,0.16704313151313233,"[1.770,2.067]",1.921,"[1.500,2.000]",1.75,0.002,0.0,655,1.311,0.12,-2.7135574774710003,34,1.4264425225289994,0.005,0.0,262,1.3125,0.1,-0.7758164774709999,22,1.474183522529,1.3294309741449837,1.3292741284431246,0.9123968202985024,0.9086411294712413,1.3237357361743323,1.2490113751541396,0.9130204559439279,0.9135520220838977
26,56,5.15,17.975,1.3526,810.4416533,16.20883307,E04001,0.951333137,0.022950449,0.0089,5.1589,3.7974000000000006,3.8063000000000007,1.0,0.0,0.0,810.4416533,16.20883307,0.31372293304598076,0.02440437007154066,0.9755956299284593,0.025014841521307594,0.024697683753164945,1.327902316246835,4.433234524286382,1.0034592972004903,1.9090669911391716,1.9168481849434855,3.7463749449434856,1.9355554616035897,1.5095053509898284,1.5017241571855144,0.910929098274624,0.0005300435254669841,1529009.6272489638,30580.19255252583,0.0008226574942438166,0.0008212382669475384,4244.361071310354,4229.729180995704,3439807.003834923,68796.1400936759,8.834083299754388,0.1766816660386891,3427948.7104574135,68558.97422606719,8.80362893083978,0.17607257866024664,"[1.770,2.067]",1.921,"[1.500,2.000]",1.75,0.002,0.0,663,1.327,0.12,-2.7135574774710003,35,1.5464425225289995,0.005,0.0,265,1.3275000000000001,0.1,-0.7758164774709999,22,1.474183522529,1.3450310612785543,1.3442741284431248,0.9106275070793057,0.9076955422748819,1.3501071088387828,1.2490113751541396,0.9100316834776209,0.9135520220838977
26,56,5.15,17.975,1.3694,829.0610611,16.58122122,E04001,0.990276879,0.023399965,0.0089,5.1589,3.7806000000000006,3.7895000000000008,1.0,0.0,0.0,829.0610611,16.58122122,0.31372293304598076,0.02440437007154066,0.9755956299284593,0.025014841521307594,0.024697683753164945,1.344702316246835,4.433234524286382,1.0034592972004903,1.900621126744813,1.9083877247834742,3.7836440847834742,1.9451591412487241,1.549477188184187,1.5417105901455257,0.9097601577683243,0.000556845152806368,1488853.8706348222,29777.077409104782,0.0008226574942438164,0.0008212382669475381,4362.09320741909,4347.0554506682165,3616441.6231599725,72328.83245447527,9.287714837511668,0.18575429672782798,3603974.40459153,72079.4880831365,9.255696632063781,0.1851139326189475,"[1.770,2.067]",1.921,"[1.500,2.000]",1.75,0.002,0.0,672,1.345,0.12,-2.7135574774710003,35,1.5464425225289995,0.005,0.0,268,1.3425,0.1,-0.7758164774709999,23,1.5741835225290002,1.3625757246891936,1.3592741284431247,0.9085239245776494,0.9067413438207187,1.3501071088387828,1.3023007696054347,0.9100316834776209,0.9103196504622622
26,56,5.15,17.975,1.3862,845.1908546,16.90381709,E04001,0.99030887,0.023190028,0.0089,5.1589,3.7638000000000003,3.7727000000000004,1.0,0.0,0.0,845.1908546,16.90381709,0.31372293304598076,0.02440437007154066,0.9755956299284593,0.025014841521307594,0.024697683753164945,1.3615023162468352,4.433234524286382,1.0034592972004903,1.8921752623504537,1.899927264623463,3.8214777046234634,1.9548600217466885,1.5894490253785465,1.5816970231055372,0.9085715723679211,0.0005828360400206823,1450134.8519388195,29002.697035344896,0.0008226574942438166,0.0008212382669475384,4483.6175172605035,4468.160821040936,3789512.521112935,75790.25041329148,9.732194056135045,0.19464388109967132,3776448.662825826,75528.9732475802,9.69864356560001,0.19397287128905003,"[1.770,2.067]",1.921,"[1.500,2.000]",1.75,0.002,0.0,680,1.361,0.12,-2.7135574774710003,35,1.5464425225289995,0.005,0.0,272,1.3625,0.1,-0.7758164774709999,23,1.5741835225290002,1.3781661546827522,1.3792741284431247,0.9065453511035874,0.9054557885170681,1.3501071088387828,1.3023007696054347,0.9100316834776209,0.9103196504622622
26,56,5.15,17.975,1.4031,857.8108314,17.15621663,E04001,1.023535689,0.023664891,0.0089,5.1589,3.7469,3.7558000000000002,1.0,0.0,0.0,857.8108314,17.15621663,0.31372293304598076,0.02440437007154066,0.9755956299284593,0.025014841521307594,0.024697683753164945,1.378402316246835,4.433234524286382,1.0034592972004903,1.8836791249537477,1.8914164445815471,3.8601060545815473,1.9647152604338236,1.6296587901752524,1.621921470547453,0.9073559525349046,0.0006081775626939048,1410461.161375885,28209.22323080621,0.0008226574942438165,0.0008212382669475384,4609.804928787603,4593.913217654475,3954340.5985551113,79086.81198032183,10.155504132729222,0.20311008267826214,3940708.516615635,78814.17034150052,10.12049433500855,0.20240988672376709,"[1.770,2.067]",1.921,"[1.500,2.000]",1.75,0.002,0.0,689,1.379,0.12,-2.7135574774710003,36,1.6664425225289996,0.005,0.0,275,1.3775,0.1,-0.7758164774709999,23,1.5741835225290002,1.3956999638942662,1.3942741284431246,0.9041864644811642,0.9044817329382207,1.376178019686742,1.3023007696054347,0.9068036849125946,0.9103196504622622
26,56,5.15,17.975,1.4199,865.4353031,17.30870606,E04001,1.023762258,0.023687501,0.0089,5.1589,3.7301,3.7390000000000003,1.0,0.0,0.0,865.4353031,17.30870606,0.31372293304598076,0.02440437007154066,0.9755956299284593,0.025014841521307594,0.024697683753164945,1.395202316246835,4.433234524286382,1.0034592972004903,1.8752332605593889,1.8829559844215358,3.8990719944215355,1.9746067948889308,1.669630627369611,1.6619079035074642,0.9061275461273954,0.0006325838145840614,1368095.8683222774,27361.917363283912,0.0008226574942438165,0.0008212382669475384,4739.2782561134345,4722.940202293557,4101538.71405477,82030.77427161683,10.533537089939067,0.21067074177443856,4087399.1854951004,81747.98370045611,10.497224072093555,0.2099444814176122,"[1.770,2.067]",1.921,"[1.500,2.000]",1.75,0.002,0.0,697,1.395,0.12,-2.7135574774710003,36,1.6664425225289996,0.005,0.0,279,1.3975,0.1,-0.7758164774709999,24,1.6741835225290003,1.4112807546602326,1.4142741284431246,0.9019612542077466,0.9031699231848391,1.376178019686742,1.3555901640567298,0.9068036849125946,0.9069764871690438
26,56,5.15,17.975,1.4367,866.6606374,17.33321275,E04001,1.044238034,0.023884782,0.0089,5.1589,3.7133000000000003,3.7222000000000004,1.0,0.0,0.0,866.6606374,17.33321275,0.31372293304598076,0.02440437007154066,0.9755956299284593,0.025014841521307594,0.024697683753164945,1.4120023162468351,4.433234524286382,1.0034592972004903,1.86678739616503,1.8744955242615244,3.9386024142615246,1.9845912461415134,1.7096024645639702,1.701894336467476,0.9048790815465431,0.0006562211545015678,1320683.783896408,26413.675680975917,0.0008226574942438165,0.0008212382669475384,4872.891273261731,4856.092605705492,4223143.056865909,84462.86114706397,10.845840336257199,0.21691680675017302,4208584.312934149,84171.68626839516,10.808450693033153,0.2161690138856058,"[1.770,2.067]",1.921,"[1.500,2.000]",1.75,0.002,0.0,706,1.413,0.12,-2.7135574774710003,36,1.6664425225289996,0.005,0.0,282,1.4125,0.1,-0.7758164774709999,24,1.6741835225290003,1.428803729792925,1.4292741284431247,0.8993000158683326,0.9021763440412297,1.376178019686742,1.3555901640567298,0.9068036849125946,0.9069764871690438
26,56,5.15,17.975,1.4535,859.4832842,17.18966568,E04001,1.105315272,0.024898681,0.0089,5.1589,3.6965000000000003,3.7054000000000005,1.0,0.0,0.0,859.4832842,17.18966568,0.31372293304598076,0.02440437007154066,0.9755956299284593,0.025014841521307594,0.024697683753164945,1.428802316246835,4.433234524286382,1.0034592972004903,1.8583415317706713,1.8660350641015135,3.9786973141015136,1.994667218886778,1.749574301758329,1.7418807694274867,0.9036104211107735,0.0006791037335029968,1265614.134922448,25312.28269255885,0.0008226574942438165,0.0008212382669475384,5010.766147912892,4993.4921744132735,4306669.745166355,86133.39488328404,11.06035287180821,0.2212070573846898,4291823.05369172,85836.46105386043,11.02222372413613,0.22044447443142562,"[1.770,2.067]",1.921,"[1.500,2.000]",1.75,0.002,0.0,714,1.429,0.12,-2.7135574774710003,37,1.7864425225289997,0.005,0.0,285,1.4275,0.1,-0.7758164774709999,25,1.7741835225290004,1.4443748991883893,1.4442741284431246,0.896781240645945,0.9011745007678116,1.401958510455536,1.408879558508025,0.9033078389156507,0.9035252195767558
26,56,5.15,17.975,1.4703,817.5372286,16.35074457,E04001,1.182820753,0.026420815,0.0089,5.1589,3.6797000000000004,3.6886000000000005,1.0,0.0,0.0,817.5372286,16.35074457,0.31372293304598076,0.02440437007154066,0.9755956299284593,0.025014841521307594,0.024697683753164945,1.445602316246835,4.433234524286382,1.0034592972004903,1.8498956673763127,1.8575746039415022,4.019356693941502,2.004833333207901,1.7895461389526874,1.781867202387498,0.9023214270703244,0.0007012457779604176,1165835.5091674386,23316.710180496702,0.0008226574942438164,0.0008212382669475381,5153.028462590896,5135.264058011239,4212792.60820348,84255.85215376354,10.819258401406845,0.21638516800166896,4198269.546115698,83965.39091204344,10.781960395993188,0.2156392078934871,"[1.770,2.067]",1.921,"[1.500,2.000]",1.75,0.002,0.0,722,1.445,0.12,-2.7135574774710003,37,1.7864425225289997,0.005,0.0,289,1.4475,0.1,-0.7758164774709999,25,1.7741835225290004,1.4599415470433286,1.4642741284431247,0.8941045859931404,0.8998259621546347,1.401958510455536,1.408879558508025,0.9033078389156507,0.9035252195767558
26,56,5.15,17.975,1.4871,839.4777704,16.78955541,E04001,1.226953275,0.026802377,0.0089,5.1589,3.6629000000000005,3.6718000000000006,1.0,0.0,0.0,839.4777704,16.78955541,0.31372293304598076,0.02440437007154066,0.9755956299284593,0.025014841521307594,0.024697683753164945,1.4624023162468351,4.433234524286382,1.0034592972004903,1.841449802981954,1.8491141437814913,4.060580553781492,2.0150882248133684,1.8295179761470461,1.8218536353475088,0.9010119616251291,0.0007226615660662691,1161647.1801172537,23232.943605112618,0.0008226574942438165,0.0008212382669475384,5299.807302260164,5281.536896459954,4449070.417651001,88981.40836361963,11.42606507637897,0.22852130155480121,4433732.818125538,88674.65637307381,11.38667518279623,0.22773350368305256,"[1.770,2.067]",1.921,"[1.500,2.000]",1.75,0.002,0.0,731,1.463,0.12,-2.7135574774710003,37,1.7864425225289997,0.005,0.0,292,1.4625000000000001,0.1,-0.7758164774709999,25,1.7741835225290004,1.4774486261275044,1.4792741284431248,0.8908861117747168,0.8988050787145303,1.401958510455536,1.408879558508025,0.9033078389156507,0.9035252195767558
26,56,5.15,17.975,1.5039,862.0425028,17.24085006,E04001,1.252838458,0.026796823,0.0089,5.1589,3.6461000000000006,3.6550000000000007,1.0,0.0,0.0,862.0425028,17.24085006,0.31372293304598076,0.02440437007154066,0.9755956299284593,0.025014841521307594,0.024697683753164945,1.479202316246835,4.433234524286382,1.0034592972004903,1.8330039385875951,1.8406536836214802,4.10236889362148,2.025430545247474,1.8694898133414048,1.8618400683075198,0.899681886943047,0.0007433654056187603,1159648.399406555,23192.967993512037,0.0008226574942438166,0.0008212382669475384,5451.235344267505,5432.442909718094,4699196.559524179,93983.93121228853,12.068436921744246,0.2413687384908842,4682996.6822115,93659.93366595976,12.026832533629895,0.24053665072840408,"[1.770,2.067]",1.921,"[1.500,2.000]",1.75,0.002,0.0,739,1.479,0.12,-2.7135574774710003,38,1.9064425225289998,0.005,0.0,295,1.4775,0.1,-0.7758164774709999,26,1.8741835225290004,1.4930056787724197,1.4942741284431247,0.8878223565821095,0.8977761399492922,1.4274580756992221,1.46216895295932,0.8995106837176614,0.8999685898812155
26,56,5.15,17.975,1.5207,885.2285263,17.70457053,E04001,1.231320464,0.026320887,0.0089,5.1589,3.6293000000000006,3.6382000000000008,1.0,0.0,0.0,885.2285263,17.70457053,0.31372293304598076,0.02440437007154066,0.9755956299284593,0.025014841521307594,0.024697683753164945,1.496002316246835,4.433234524286382,1.0034592972004903,1.8245580741932363,1.8321932234614688,4.144721713461468,2.0358589620750913,1.9094616505357636,1.901826501267531,0.8983310651784466,0.0007633716130634207,1159629.8724648221,23192.597454536357,0.0008226574942438166,0.0008212382669475384,5607.448950700759,5588.117989782694,4963873.770931315,99277.4754410561,12.748178701009937,0.2549635740778028,4946761.452885853,98935.22908006953,12.704230990310773,0.25408461986362085,"[1.770,2.067]",1.921,"[1.500,2.000]",1.75,0.002,0.0,748,1.497,0.12,-2.7135574774710003,38,1.9064425225289998,0.005,0.0,299,1.4975,0.1,-0.7758164774709999,26,1.8741835225290004,1.5105019732211886,1.5142741284431247,0.8841223866523117,0.8963918004375396,1.4274580756992221,1.46216895295932,0.8995106837176614,0.8999685898812155
26,56,5.15,17.975,1.5376,909.1316373,18.18263275,E04001,1.253943822,0.026508812,0.0089,5.1589,3.6124,3.6213,1.0,0.0,0.0,909.1316373,18.18263275,0.31372293304598076,0.02440437007154066,0.9755956299284593,0.025014841521307594,0.024697683753164945,1.5129023162468351,4.433234524286382,1.0034592972004903,1.8160619367965298,1.8236824034195525,4.187896163419553,2.0464349888084774,1.9496714153324703,1.9420509487094477,0.8969511307669804,0.000782807493692932,1161373.1915251957,23227.46383561373,0.0008226574942438166,0.0008212382669475384,5769.562459262553,5749.672632820102,5245291.7650939785,104905.83532495784,13.47091401718062,0.26941828040288185,5227209.294614741,104544.1859152935,13.424474769193496,0.268489495442935,"[1.770,2.067]",1.921,"[1.500,2.000]",1.75,0.002,0.0,756,1.5130000000000001,0.12,-2.7135574774710003,38,1.9064425225289998,0.005,0.0,302,1.5125,0.1,-0.7758164774709999,27,1.974183522529,1.5260494483775773,1.5292741284431246,0.88058387570216,0.8953443123124074,1.4274580756992221,1.5154583474106151,0.8995106837176614,0.8963093900760167
26,56,5.15,17.975,1.5544,933.5194692,18.67038938,E04001,1.253321477,0.026137644,0.0089,5.1589,3.5956,3.6045000000000003,1.0,0.0,0.0,933.5194692,18.67038938,0.31372293304598076,0.02440437007154066,0.9755956299284593,0.025014841521307594,0.024697683753164945,1.529702316246835,4.433234524286382,1.0034592972004903,1.807616072402171,1.8152219432595416,4.231381303259542,2.0570321590241467,1.989643252526829,1.9820373816694585,0.8955582757936367,0.0008014573836073188,1164777.4270894811,23295.548536798713,0.0008226574942438166,0.0008212382669475384,5935.802112611578,5915.339196289902,5541186.837441399,110823.73672508477,14.230829243293524,0.2846165848048934,5522084.3066585045,110441.68610950872,14.181770285048461,0.2836354056402023,"[1.770,2.067]",1.921,"[1.500,2.000]",1.75,0.002,0.0,764,1.5290000000000001,0.12,-2.7135574774710003,39,2.026442522529,0.005,0.0,305,1.5275,0.1,-0.7758164774709999,27,1.974183522529,1.5415924225969917,1.5442741284431247,0.8767838466149072,0.8942889806780577,1.4526857036435823,1.5154583474106151,0.8953728563733315,0.8963093900760167
26,56,5.15,17.975,1.5712,958.3869791,19.16773958,E04001,1.231235426,0.025563786,0.0089,5.1589,3.5788,3.5877000000000003,1.0,0.0,0.0,958.3869791,19.16773958,0.31372293304598076,0.02440437007154066,0.9755956299284593,0.025014841521307594,0.024697683753164945,1.546502316246835,4.433234524286382,1.0034592972004903,1.7991702080078122,1.8067614830995302,4.27543092309953,2.067711518345712,2.0296150897211875,2.0220238146294696,0.8941442594911623,0.0008194525358245018,1169545.4430874481,23390.90885930831,0.0008226574942438166,0.0008212382669475384,6107.260379543729,6086.206382841958,5853118.825728034,117062.37650234615,15.031930341497574,0.30063860679858223,5832940.949431042,116658.81897644843,14.980109689983976,0.29960219376841846,"[2.067,2.357]",2.213,"[1.500,2.000]",1.75,0.002,0.0,773,1.547,0.12,-3.920685477471,49,2.0193145225289997,0.005,0.0,309,1.5475,0.1,-0.7758164774709999,27,1.974183522529,1.5703065151303264,1.5642741284431247,0.9084580745375286,0.8928697816125452,1.691685844265248,1.5154583474106151,0.8925652145745145,0.8963093900760167
26,56,5.15,17.975,1.588,983.6789781,19.67357956,E04001,1.209744263,0.025008159,0.0089,5.1589,3.5620000000000003,3.5709000000000004,1.0,0.0,0.0,983.6789781,19.67357956,0.31372293304598076,0.02440437007154066,0.9755956299284593,0.025014841521307594,0.024697683753164945,1.5633023162468351,4.433234524286382,1.0034592972004903,1.7907243436134537,1.7983010229395193,4.32004502293952,2.0784717998903712,2.0695869269155467,2.0620102475894813,0.8927089441533125,0.0008368071154926365,1175514.5957630854,23510.29191287167,0.0008226574942438164,0.0008212382669475381,6284.08936027628,6262.425768347557,6181526.600205653,123630.53199154489,15.875344414667325,0.317506888261069,6160216.580235233,123204.33159217979,15.820616201332028,0.31641232399447433,"[2.067,2.357]",2.213,"[1.500,2.000]",1.75,0.002,0.0,781,1.563,0.12,-3.920685477471,49,2.0193145225289997,0.005,0.0,312,1.5625,0.1,-0.7758164774709999,28,2.074183522529,1.5858366913449942,1.5792741284431246,0.9067503822860227,0.8917963980699352,1.691685844265248,1.5687477418619102,0.8925652145745145,0.8925504569342786
26,56,5.15,17.975,1.6048,1009.617018,20.19234036,E04001,1.208378997,0.024662817,0.0089,5.1589,3.5452000000000004,3.5541000000000005,1.0,0.0,0.0,1009.617018,20.19234036,0.31372293304598076,0.02440437007154066,0.9755956299284593,0.025014841521307594,0.024697683753164945,1.580102316246835,4.433234524286382,1.0034592972004903,1.7822784792190949,1.789840562779508,4.365223602779508,2.08931175337227,2.1095587641099054,2.101996680549492,0.8912521921587198,0.0008535352093384471,1182865.1084968457,23657.30216993691,0.0008226574942438164,0.0008212382669475381,6466.44534113495,6444.153100355359,6528633.2623766605,130572.66524753321,16.766780813308234,0.3353356162661647,6506126.636716233,130122.53273432465,16.708979487344614,0.33417958974689227,"[2.067,2.357]",2.213,"[1.500,2.000]",1.75,0.002,0.0,790,1.581,0.12,-3.920685477471,50,2.139314522529,0.005,0.0,316,1.5825,0.1,-0.7758164774709999,28,2.074183522529,1.6033027776869844,1.5992741284431247,0.904730721315429,0.8903533638649531,1.7144017864238839,1.5687477418619102,0.8887923107962904,0.8925504569342786
26,56,5.15,17.975,1.6216,1035.750868,20.71501735,E04001,1.245473251,0.024909465,0.0089,5.1589,3.5284000000000004,3.5373000000000006,1.0,0.0,0.0,1035.750868,20.71501735,0.31372293304598076,0.02440437007154066,0.9755956299284593,0.025014841521307594,0.024697683753164945,1.596902316246835,4.433234524286382,1.0034592972004903,1.773832614824736,1.7813801026194969,4.410966662619497,2.1002301451554057,2.149530601304264,2.1419831135095033,0.8897738659916252,0.0008696508116060718,1190996.2644514465,23819.92527753006,0.0008226574942438166,0.0008212382669475384,6654.488903082689,6631.5484062460455,6892392.657464263,137847.85308274036,17.70098462000133,0.3540196922291265,6868632.017953359,137372.6402927517,17.639962746256447,0.3527992547548181,"[2.067,2.357]",2.213,"[1.500,2.000]",1.75,0.002,0.0,798,1.597,0.12,-3.920685477471,50,2.139314522529,0.005,0.0,319,1.5975000000000001,0.1,-0.7758164774709999,29,2.1741835225290003,1.6188234259353607,1.6142741284431248,0.9028414438116881,0.8892622801771951,1.7144017864238839,1.6220371363132053,0.8887923107962904,0.8886946670126853
26,56,5.15,17.975,1.6384,1062.305969,21.24611939,E04001,1.242579858,0.024569193,0.0089,5.1589,3.5116000000000005,3.5205000000000006,1.0,0.0,0.0,1062.305969,21.24611939,0.31372293304598076,0.02440437007154066,0.9755956299284593,0.025014841521307594,0.024697683753164945,1.6137023162468351,4.433234524286382,1.0034592972004903,1.7653867504303773,1.772919642459486,4.457274202459486,2.1112257582881764,2.189502438498623,2.181969546469514,0.8882738282629784,0.0008851678110214062,1200118.1649095349,24002.36330948799,0.0008226574942438165,0.0008212382669475384,6848.385033244431,6824.776104372601,7275080.298825823,145501.6060450003,18.683799788935378,0.3736759959545872,7250000.392763581,145000.00792351938,18.61938978597392,0.3723877958947517,"[2.067,2.357]",2.213,"[1.500,2.000]",1.75,0.002,0.0,806,1.613,0.12,-3.920685477471,50,2.139314522529,0.005,0.0,322,1.6125,0.1,-0.7758164774709999,29,2.1741835225290003,1.6343395964987835,1.6292741284431247,0.9008569809069563,0.8881637190552548,1.7144017864238839,1.6220371363132053,0.8887923107962904,0.8886946670126853
26,56,5.15,17.975,1.6552,1088.902888,21.77805776,E04001,1.230596424,0.024152751,0.0089,5.1589,3.4948000000000006,3.5037000000000007,1.0,0.0,0.0,1088.902888,21.77805776,0.31372293304598076,0.02440437007154066,0.9755956299284593,0.025014841521307594,0.024697683753164945,1.630502316246835,4.433234524286382,1.0034592972004903,1.7569408860360185,1.7644591822994746,4.504146222299475,2.122297392520538,2.2294742756929815,2.2219559794295254,0.8867519417318999,0.0009000999787442059,1209757.708826087,24195.154176521737,0.0008226574942438166,0.0008212382669475384,7048.303239523195,7024.005118281295,7674917.753016563,153498.35506033126,19.710658962355517,0.3942131792471103,7648459.4586232845,152969.18917246567,19.642708994122106,0.3928541798824421,"[2.067,2.357]",2.213,"[1.500,2.000]",1.75,0.002,0.0,815,1.631,0.12,-3.920685477471,51,2.259314522529,0.005,0.0,326,1.6325,0.1,-0.7758164774709999,29,2.1741835225290003,1.651789940972158,1.6492741284431247,0.8985018315754921,0.8866874521970471,1.736924847361761,1.6220371363132053,0.8847251409225867,0.8886946670126853
26,56,5.15,17.975,1.6721,1116.006547,22.32013095,E04001,1.236551885,0.023924591,0.0089,5.1589,3.4779000000000004,3.4868000000000006,1.0,0.0,0.0,1116.006547,22.32013095,0.31372293304598076,0.02440437007154066,0.9755956299284593,0.025014841521307594,0.024697683753164945,1.647402316246835,4.433234524286382,1.0034592972004903,1.7484447486393124,1.7559483622575587,4.551866772257558,2.1335104340634374,2.269684040489687,2.2621804268714407,0.8851988135130697,0.0009145447563027938,1220286.4204390068,24405.728419714535,0.0008226574942438164,0.0008212382669475381,7255.663446657883,7230.650477702642,8097367.909298782,161947.35825853227,20.795591886333735,0.41591183791301406,8069453.2721848255,161389.06551600303,20.723901751023185,0.41447803520616067,"[2.067,2.357]",2.213,"[1.500,2.000]",1.75,0.002,0.0,823,1.647,0.12,-3.920685477471,51,2.259314522529,0.005,0.0,329,1.6475,0.1,-0.7758164774709999,30,2.2741835225290004,1.667296609308238,1.6642741284431246,0.8962906593285174,0.885571697939373,1.736924847361761,1.6753265307645004,0.8847251409225867,0.884744931692257
26,56,5.15,17.975,1.6889,1142.991182,22.85982364,E04001,1.233605318,0.023622229,0.0089,5.1589,3.4611,3.47,1.0,0.0,0.0,1142.991182,22.85982364,0.31372293304598076,0.02440437007154066,0.9755956299284593,0.025014841521307594,0.024697683753164945,1.6642023162468351,4.433234524286382,1.0034592972004903,1.7399988842449536,1.7474879020975473,4.5998711120975475,2.144731011595055,2.3096558776840466,2.302166859831453,0.8836326862642794,0.0009283447698550648,1231214.11259574,24624.282251914796,0.0008226574942438163,0.000821238266947538,7468.191496855428,7442.445864710833,8536077.026393136,170721.5405278627,21.922280936170676,0.4384456187234135,8506649.995876847,170132.99991753694,21.846706684895683,0.4369341336979136,"[2.067,2.357]",2.213,"[1.500,2.000]",1.75,0.002,0.0,832,1.665,0.12,-3.920685477471,51,2.259314522529,0.005,0.0,332,1.6625,0.1,-0.7758164774709999,30,2.2741835225290004,1.6847362735911915,1.6792741284431247,0.8936593432290433,0.8844486845705687,1.736924847361761,1.6753265307645004,0.8847251409225867,0.884744931692257
26,56,5.15,17.975,1.7057,1169.874692,23.39749384,E04001,1.239448986,0.023934187,0.0089,5.1589,3.4443,3.4532000000000003,1.0,0.0,0.0,1169.874692,23.39749384,0.31372293304598076,0.02440437007154066,0.9755956299284593,0.025014841521307594,0.024697683753164945,1.681002316246835,4.433234524286382,1.0034592972004903,1.7315530198505946,1.739027441937536,4.648439931937536,2.1560241028192464,2.3496277148784053,2.342153292791464,0.8820442987868387,0.000941600532369396,1242432.0630492705,24848.64126098541,0.0008226574942438165,0.0008212382669475384,7687.279575051945,7660.778664863009,8993153.825181786,179863.0765036357,23.096141711028785,0.4619228342205757,8962151.081036784,179243.02162073567,23.016520725318664,0.46033041450637324,"[2.067,2.357]",2.213,"[1.500,2.000]",1.75,0.002,0.0,840,1.681,0.12,-3.920685477471,52,2.379314522529,0.005,0.0,336,1.6825,0.1,-0.7758164774709999,31,2.3741835225290004,1.7002334571363136,1.6992741284431248,0.8911818197195714,0.8829401553260989,1.7592598584706804,1.7286159252157955,0.8803285599169248,0.880704192269683
26,56,5.15,17.975,1.7225,1196.683664,23.93367328,E04001,1.261820517,0.024484332,0.0089,5.1589,3.4275,3.4364000000000003,1.0,0.0,0.0,1196.683664,23.93367328,0.31372293304598076,0.02440437007154066,0.9755956299284593,0.025014841521307594,0.024697683753164945,1.697802316246835,4.433234524286382,1.0034592972004903,1.7231071554562358,1.7305669817775249,4.6975732317775245,2.167388574247249,2.389599552072764,2.3821397257514754,0.880433514656068,0.0009543252417244976,1253957.8873943987,25079.157747887977,0.0008226574942438166,0.0008212382669475384,7913.116514020977,7885.8370599559485,9469497.263657529,189389.9452731506,24.319482907233898,0.48638965814467805,9436852.386615071,188737.04773230143,24.235644609683543,0.48471289219367086,"[2.067,2.357]",2.213,"[1.500,2.000]",1.75,0.002,0.0,848,1.697,0.12,-3.920685477471,52,2.379314522529,0.005,0.0,339,1.6975,0.1,-0.7758164774709999,31,2.3741835225290004,1.7157261832685577,1.7142741284431247,0.8885625351899299,0.8818004604428268,1.7592598584706804,1.7286159252157955,0.8803285599169248,0.880704192269683
26,56,5.15,17.975,1.7393,1223.241678,24.46483356,E04001,1.275299908,0.024851998,0.0089,5.1589,3.4107000000000003,3.4196000000000004,1.0,0.0,0.0,1223.241678,24.46483356,0.31372293304598076,0.02440437007154066,0.9755956299284593,0.025014841521307594,0.024697683753164945,1.7146023162468351,4.433234524286382,1.0034592972004903,1.714661291061877,1.7221065216175138,4.747271011617514,2.178823308948551,2.4295713892671236,2.422126158711487,0.8788001977084711,0.0009665319314292524,1265598.826301724,25311.976526034476,0.0008226574942438165,0.0008212382669475384,8145.896291159558,8117.814358674495,9964399.848011995,199287.9969602399,25.590487545161803,0.5118097509032361,9930048.857797485,198600.97715594966,25.502267622170276,0.5100453524434054,"[2.067,2.357]",2.213,"[1.500,2.000]",1.75,0.002,0.0,857,1.715,0.12,-3.920685477471,52,2.379314522529,0.005,0.0,342,1.7125000000000001,0.1,-0.7758164774709999,31,2.3741835225290004,1.733150176952016,1.7292741284431248,0.8854311793910344,0.8806537265894576,1.7592598584706804,1.7286159252157955,0.8803285599169248,0.880704192269683
26,56,5.15,17.975,1.7561,1249.561553,24.99123107,E04001,1.264443513,0.025048786,0.0089,5.1589,3.3939000000000004,3.4028000000000005,1.0,0.0,0.0,1249.561553,24.99123107,0.31372293304598076,0.02440437007154066,0.9755956299284593,0.025014841521307594,0.024697683753164945,1.731402316246835,4.433234524286382,1.0034592972004903,1.7062154266675182,1.7136460614575026,4.797533271457502,2.190327206482516,2.4695432264614814,2.462112591671497,0.87714421206543,0.0009782334637042833,1277365.372748829,25547.30746519909,0.0008226574942438166,0.0008212382669475384,8385.818163891394,8356.909131527947,10478595.968047738,209571.91944481296,26.911041678501853,0.538220833785401,10442472.352671944,208849.44713700796,26.81826931454007,0.5363653865054229,"[2.067,2.357]",2.213,"[1.500,2.000]",1.75,0.002,0.0,865,1.731,0.12,-3.920685477471,53,2.499314522529,0.005,0.0,346,1.7325,0.1,-0.7758164774709999,32,2.474183522529,1.7486334438383224,1.7492741284431246,0.8824684309738325,0.8791139133064256,1.7814114527498037,1.7819053196670904,0.8755615605475967,0.8765754151123809
26,56,5.15,17.975,1.7729,1275.582266,25.51164533,E04001,1.309206034,0.026105725,0.0089,5.1589,3.3771000000000004,3.3860000000000006,1.0,0.0,0.0,1275.582266,25.51164533,0.31372293304598076,0.02440437007154066,0.9755956299284593,0.025014841521307594,0.024697683753164945,1.748202316246835,4.433234524286382,1.0034592972004903,1.6977695622731594,1.7051856012974913,4.848360011297491,2.201899182818662,2.50951506365584,2.5020990246315087,0.8754654221572751,0.000989442523285753,1289192.8899154551,25783.857808415807,0.0008226574942438166,0.0008212382669475384,8633.086808940012,8603.325349643084,11012212.43432241,220244.24877277907,28.281470981057357,0.5656294198428614,10974249.244632967,219484.9849786926,28.183974237877575,0.5636794849785014,"[2.067,2.357]",2.213,"[1.500,2.000]",1.75,0.002,0.0,874,1.749,0.12,-3.920685477471,53,2.499314522529,0.005,0.0,349,1.7475,0.1,-0.7758164774709999,32,2.474183522529,1.766046805611559,1.7642741284431247,0.8789135257036699,0.8779510134349074,1.7814114527498037,1.7819053196670904,0.8755615605475967,0.8765754151123809
26,56,5.15,17.975,1.7897,1301.208884,26.02417767,E04001,1.221940628,0.021057342,0.0089,5.1589,3.3603000000000005,3.3692000000000006,1.0,0.0,0.0,1301.208884,26.02417767,0.31372293304598076,0.02440437007154066,0.9755956299284593,0.025014841521307594,0.024697683753164945,1.7650023162468351,4.433234524286382,1.0034592972004903,1.6893236978788007,1.6967251411374804,4.899751231137481,2.2135381702463324,2.549486900850199,2.5420854575915195,0.873763692747731,0.0010001716119150874,1300985.6193663592,26019.712377328902,0.0008226574942438166,0.0008212382669475384,8887.912465600883,8857.272527542375,11565030.660454212,231300.61312020515,29.701214081128434,0.5940242813943102,11525161.700847272,230503.23392837273,29.598822955739834,0.591976458887325,"[2.067,2.357]",2.213,"[1.500,2.000]",1.75,0.002,0.0,882,1.7650000000000001,0.12,-3.920685477471,53,2.499314522529,0.005,0.0,353,1.7675,0.1,-0.7758164774709999,33,2.574183522529,1.781520630557118,1.7842741284431247,0.8755369712426071,0.8763898870783715,1.7814114527498037,1.8351947141183855,0.8755615605475967,0.8723615868897353
26,56,5.15,17.975,1.8066,1326.595156,26.53190312,E04001,1.236247542,0.020955903,0.0089,5.1589,3.3434000000000004,3.3523000000000005,1.0,0.0,0.0,1326.595156,26.53190312,0.31372293304598076,0.02440437007154066,0.9755956299284593,0.025014841521307594,0.024697683753164945,1.781902316246835,4.433234524286382,1.0034592972004903,1.6808275604820946,1.6882143210955645,4.952017881095564,2.225312984974375,2.5896966656469056,2.5823099050334353,0.8720285529175587,0.0010104927476707005,1312820.0663072062,26256.40132614412,0.0008226574942438165,0.0008212382669475384,9152.097882745316,9120.547199351658,12141128.718487794,242822.57436975584,31.180744248902823,0.6236148849780564,12099273.734729277,241985.47469458551,31.07325263305915,0.6214650526611829,"[2.067,2.357]",2.213,"[1.500,2.000]",1.75,0.002,0.0,890,1.7810000000000001,0.12,-3.920685477471,54,2.619314522529,0.005,0.0,356,1.7825,0.1,-0.7758164774709999,33,2.574183522529,1.796990018209378,1.7992741284431246,0.8719357215914268,0.875211183952815,1.8033840760270148,1.8351947141183855,0.8703760001838377,0.8723615868897353
26,56,5.15,17.975,1.8234,1351.344761,27.02689521,E04001,1.228405991,0.020868102,0.0089,5.1589,3.3266000000000004,3.3355000000000006,1.0,0.0,0.0,1351.344761,27.02689521,0.31372293304598076,0.02440437007154066,0.9755956299284593,0.025014841521307594,0.024697683753164945,1.798702316246835,4.433234524286382,1.0034592972004903,1.6723816960877358,1.6797538609355531,5.004541420935553,2.237083239608118,2.6296685028412643,2.622296337993447,0.8702804017045596,0.0010202959683391368,1324463.4919020142,26489.269828239205,0.0008226574942438165,0.0008212382669475384,9422.739536080373,9390.255850305522,12733369.706349783,254667.39403276824,32.70173255274335,0.6540346508128729,12689473.047759969,253789.4608612968,32.58899752483889,0.651779950255618,"[2.067,2.357]",2.213,"[1.500,2.000]",1.75,0.002,0.0,899,1.799,0.12,-3.920685477471,54,2.619314522529,0.005,0.0,359,1.7975,0.1,-0.7758164774709999,33,2.574183522529,1.8143877801161068,1.8142741284431247,0.8675872820680791,0.8740258193845793,1.8033840760270148,1.8351947141183855,0.8703760001838377,0.8723615868897353
26,56,5.15,17.975,1.841,1376.85096,27.53701919,E04001,1.24196449,0.022733034,0.0089,5.1589,3.309,3.3179000000000003,1.0,0.0,0.0,1376.85096,27.53701919,0.31372293304598076,0.02440437007154066,0.9755956299284593,0.025014841521307594,0.024697683753164945,1.816302316246835,4.433234524286382,1.0034592972004903,1.6635336476745979,1.6708905217203032,5.060171521720303,2.2494825008699895,2.6715437608544024,2.6641868868086966,0.8684239652839235,0.0010300904864043224,1336631.0806403954,26732.621603100022,0.0008226574942438165,0.0008212382669475384,9715.093572265861,9681.602033455269,13376235.91146408,267524.7181321307,34.35273611202595,0.6870547219910169,13330123.05410084,266602.46098520077,34.234309461146296,0.6846861889742838,"[2.067,2.357]",2.213,"[1.500,2.000]",1.75,0.002,0.0,908,1.817,0.12,-3.920685477471,54,2.619314522529,0.005,0.0,363,1.8175000000000001,0.1,-0.7758164774709999,34,2.6741835225290003,1.8317799363257379,1.8342741284431248,0.8628883009246212,0.8724350867946384,1.8033840760270148,1.8884841085696809,0.8703760001838377,0.868065709892234
26,56,5.15,17.975,1.8578,1400.716198,28.01432397,E04001,1.227943249,0.022131535,0.0089,5.1589,3.2922000000000002,3.3011000000000004,1.0,0.0,0.0,1400.716198,28.01432397,0.31372293304598076,0.02440437007154066,0.9755956299284593,0.025014841521307594,0.024697683753164945,1.833102316246835,4.433234524286382,1.0034592972004903,1.655087783280239,1.662430061560292,5.1138509015602915,2.261382519955501,2.711515598048761,2.704173319768708,0.8666278716121825,0.0010389980818673898,1348141.2742191928,26962.82549400851,0.0008226574942438166,0.0008212382669475384,10002.825927864447,9968.342468669052,14011120.302934112,280222.4061587105,35.983240844909886,0.7196648171550893,13962818.76307605,279256.3753612044,35.859193238129386,0.7171838650185937,"[2.067,2.357]",2.213,"[1.500,2.000]",1.75,0.002,0.0,916,1.833,0.12,-3.920685477471,55,2.7393145225290003,0.005,0.0,366,1.8325,0.1,-0.7758164774709999,34,2.6741835225290003,1.8472349290948173,1.8492741284431247,0.8583821870216423,0.8712344393982837,1.8251819973771966,1.8884841085696809,0.8647149805056528,0.868065709892234
26,56,5.15,17.975,1.8746,1423.998953,28.47997906,E04001,1.250000919,0.022261252,0.0089,5.1589,3.2754000000000003,3.2843000000000004,1.0,0.0,0.0,1423.998953,28.47997906,0.31372293304598076,0.02440437007154066,0.9755956299284593,0.025014841521307594,0.024697683753164945,1.849902316246835,4.433234524286382,1.0034592972004903,1.6466419188858803,1.6539696014002807,5.1680947614002815,2.2733444000855396,2.7514874352431207,2.74415975272872,0.8648081610189609,0.001047485932631284,1359444.464731775,27188.8892946355,0.0008226574942438168,0.0008212382669475387,10299.268300180358,10263.762893934872,14666147.27612292,293322.9455224584,37.66547558606969,0.7533095117213938,14615587.614803508,292311.75229607016,37.535628690820886,0.7507125738164176,"[2.067,2.357]",2.213,"[1.500,2.000]",1.75,0.002,0.0,924,1.849,0.12,-3.920685477471,55,2.7393145225290003,0.005,0.0,369,1.8475000000000001,0.1,-0.7758164774709999,35,2.7741835225290004,1.8626855007472756,1.8642741284431248,0.8535294499201163,0.8700273540583189,1.8251819973771966,1.941773503020976,0.8647149805056528,0.8636907974494423
26,56,5.15,17.975,1.8914,1446.957842,28.93915684,E04001,1.230167147,0.021908033,0.0089,5.1589,3.2586000000000004,3.2675000000000005,1.0,0.0,0.0,1446.957842,28.93915684,0.31372293304598076,0.02440437007154066,0.9755956299284593,0.025014841521307594,0.024697683753164945,1.866702316246835,4.433234524286382,1.0034592972004903,1.6381960544915217,1.6455091412402698,5.22290310124027,2.2853671698963978,2.791459272437478,2.78414618568873,0.862964700829725,0.001055565349838322,1370789.4468320948,27415.788936641893,0.0008226574942438164,0.0008212382669475381,10604.667908065783,10568.109675849642,15344507.39138152,306890.1478276304,39.40763430565611,0.7881526861131222,15291609.170586718,305832.18341173435,39.27178154171061,0.7854356308342121,"[2.067,2.357]",2.213,"[1.500,2.000]",1.75,0.002,0.0,933,1.867,0.12,-3.920685477471,55,2.7393145225290003,0.005,0.0,373,1.8675,0.1,-0.7758164774709999,35,2.7741835225290004,1.880062113961607,1.8842741284431246,0.8476044592746911,0.8684080085100961,1.8251819973771966,1.941773503020976,0.8647149805056528,0.8636907974494423
26,56,5.15,17.975,1.9082,1469.371609,29.38743219,E04001,1.231819091,0.021846073,0.0089,5.1589,3.2418000000000005,3.2507000000000006,1.0,0.0,0.0,1469.371609,29.38743219,0.31372293304598076,0.02440437007154066,0.9755956299284593,0.025014841521307594,0.024697683753164945,1.883502316246835,4.433234524286382,1.0034592972004903,1.629750190097163,1.6370486810802585,5.278275921080258,2.2974498734641107,2.8314311096318376,2.824132618648742,0.8610973588864747,0.0010632474393186188,1381965.810274272,27639.316214890587,0.0008226574942438166,0.0008212382669475384,10919.278669332432,10881.635856875986,16044478.067476375,320889.56145872024,41.20529308509155,0.8241058619822588,15989166.787569962,319783.3358602156,41.06324312311271,0.8212648627417154,"[2.067,2.357]",2.213,"[1.500,2.000]",1.75,0.002,0.0,941,1.883,0.12,-3.920685477471,56,2.8593145225289995,0.005,0.0,376,1.8825,0.1,-0.7758164774709999,35,2.7741835225290004,1.8955033033251212,1.8992741284431247,0.841870462709238,0.8671861627147827,1.8468093188065735,1.941773503020976,0.858510764503103,0.8636907974494423
26,56,5.15,17.975,1.925,1491.43309,29.8286618,E04001,1.240417698,0.021791122,0.0089,5.1589,3.2250000000000005,3.2339000000000007,1.0,0.0,0.0,1491.43309,29.8286618,0.31372293304598076,0.02440437007154066,0.9755956299284593,0.025014841521307594,0.024697683753164945,1.900302316246835,4.433234524286382,1.0034592972004903,1.6213043257028041,1.6285882209202476,5.3342132209202475,2.309591570152664,2.8714029468261955,2.864119051608752,0.8592060035752264,0.001070543100385394,1393155.5763267132,27863.111526534263,0.0008226574942438165,0.0008212382669475384,11243.361381610326,11204.601335577552,16768721.207361758,335374.4241472352,43.06528820106468,0.8613057640212937,16710913.192138556,334218.2638427711,42.91682614452898,0.8583365228905796,"[2.067,2.357]",2.213,"[1.500,2.000]",1.75,0.002,0.0,950,1.901,0.12,-3.920685477471,56,2.8593145225289995,0.005,0.0,380,1.9025,0.1,-0.7758164774709999,36,2.8741835225290004,1.9128693710741445,1.9192741284431247,0.8348199458349678,0.8655473807803907,1.8468093188065735,1.995062897472271,0.858510764503103,0.8592398694569661
26,56,5.15,17.975,1.9418,1513.036004,30.26072008,E04001,1.222707189,0.021546083,0.0089,5.1589,3.2082000000000006,3.2171000000000007,1.0,0.0,0.0,1513.036004,30.26072008,0.31372293304598076,0.02440437007154066,0.9755956299284593,0.025014841521307594,0.024697683753164945,1.917102316246835,4.433234524286382,1.0034592972004903,1.6128584613084453,1.6201277607602362,5.3907150007602365,2.3217913344571333,2.911374784020555,2.904105484568764,0.85729050385387,0.0010774630250285236,1404257.9363314537,28085.158726629073,0.0008226574942438167,0.0008212382669475385,11577.183908636789,11537.273052265793,17516696.07869691,350333.92157393816,44.986230949344204,0.8997246189868839,17456309.51605712,349126.1903211424,44.8311466891078,0.896622933782156,"[2.067,2.357]",2.213,"[1.500,2.000]",1.75,0.002,0.0,958,1.917,0.12,-3.920685477471,56,2.8593145225289995,0.005,0.0,383,1.9175,0.1,-0.7758164774709999,36,2.8741835225290004,1.9283011952200368,1.9342741284431246,0.8279442431124311,0.8643111409803704,1.8468093188065735,1.995062897472271,0.858510764503103,0.8592398694569661
26,56,5.15,17.975,1.9586,1534.15797,30.6831594,E04001,1.21890968,0.021379806,0.0089,5.1589,3.1914000000000007,3.200300000000001,1.0,0.0,0.0,1534.15797,30.6831594,0.31372293304598076,0.02440437007154066,0.9755956299284593,0.025014841521307594,0.024697683753164945,1.933902316246835,4.433234524286382,1.0034592972004903,1.6044125969140866,1.6116673006002251,5.447781260600225,2.334048255842245,2.951346621214913,2.944091917528774,0.8553507292804029,0.0010840176974797595,1415251.7745483075,28305.03549096615,0.0008226574942438166,0.0008212382669475384,11921.021372168218,11879.925180250144,18288729.948652208,365774.59897304414,46.96896181471346,0.9393792362942691,18225681.898284446,364513.6379656889,46.80704234416905,0.9361408468833808,"[2.067,2.357]",2.213,"[1.500,2.000]",1.75,0.002,0.0,966,1.933,0.12,-3.920685477471,57,2.9793145225289996,0.005,0.0,386,1.9325,0.1,-0.7758164774709999,37,2.974183522529,1.9437286180969764,1.9492741284431248,0.8204108469224786,0.8630688446036712,1.8682699842653396,2.0483522919235657,0.8516820689189607,0.8547159480217356
26,56,5.15,17.975,1.9754,1554.910446,31.09820893,E04001,1.24122904,0.021544649,0.0089,5.1589,3.1746000000000003,3.1835000000000004,1.0,0.0,0.0,1554.910446,31.09820893,0.31372293304598076,0.02440437007154066,0.9755956299284593,0.025014841521307594,0.024697683753164945,1.950702316246835,4.433234524286382,1.0034592972004903,1.5959667325197278,1.6032068404402138,5.505412000440214,2.346361438576805,2.9913184584092725,2.9840783504887867,0.853386550041536,0.0010902173941241117,1426238.8899502251,28524.77780817698,0.0008226574942438166,0.0008212382669475384,12275.156349714902,12232.839322891177,19086768.83445493,381735.3768118501,49.018478542182386,0.980369571158897,19020969.64740306,380419.3930703895,48.849493625637855,0.9769898728269195,"[2.067,2.357]",2.213,"[1.500,2.000]",1.75,0.002,0.0,975,1.951,0.12,-3.920685477471,57,2.9793145225289996,0.005,0.0,390,1.9525000000000001,0.1,-0.7758164774709999,37,2.974183522529,1.9610792126277659,1.9692741284431248,0.8110264908663154,0.8614031445861232,1.8682699842653396,2.0483522919235657,0.8516820689189607,0.8547159480217356
26,56,5.15,17.975,1.9922,1575.237949,31.50475898,E04001,1.225211722,0.021266628,0.0089,5.1589,3.1578000000000004,3.1667000000000005,1.0,0.0,0.0,1575.237949,31.50475898,0.31372293304598076,0.02440437007154066,0.9755956299284593,0.025014841521307594,0.024697683753164945,1.967502316246835,4.433234524286382,1.0034592972004903,1.587520868125369,1.5947463802802024,5.563607220280202,2.358730001564444,3.031290295603631,3.0240647834487975,0.8513978369816728,0.0010960721837329718,1437166.2490650013,28743.324981300026,0.0008226574942438164,0.0008212382669475381,12639.879078307928,12596.304716665045,19910817.19492179,398216.34389843576,51.1347925828464,1.022695851656928,19842177.20685847,396843.54413716943,50.958511945133445,1.019170238902669,"[2.357,2.642]",2.5,"[1.500,2.000]",1.75,0.002,0.0,983,1.967,0.24,-5.273316477470999,34,3.0066835225290003,0.005,0.0,393,1.9675,0.1,-0.7758164774709999,37,2.974183522529,1.9889877917718977,1.9842741284431247,0.8800414526299262,0.8601469783187597,2.104206831080068,2.0483522919235657,0.8535430228197681,0.8547159480217356
26,56,5.15,17.975,2.009,1595.296149,31.90592298,E04001,1.234880433,0.021312657,0.0089,5.1589,3.1410000000000005,3.1499000000000006,1.0,0.0,0.0,1595.296149,31.90592298,0.31372293304598076,0.02440437007154066,0.9755956299284593,0.025014841521307594,0.024697683753164945,1.984302316246835,4.433234524286382,1.0034592972004903,1.5790750037310102,1.5862859201201915,5.622366920120191,2.371153078171081,3.07126213279799,3.0640512164088083,0.8493844616322621,0.0011015919279956507,1448173.419264832,28963.46838529664,0.0008226574942438165,0.0008212382669475384,13015.487664515882,12970.618440456185,20763557.34855919,415271.1469711838,53.32479264444278,1.0664958528888557,20691977.648208138,413839.5529641627,53.14096226245691,1.062819245249138,"[2.357,2.642]",2.5,"[1.500,2.000]",1.75,0.002,0.0,992,1.985,0.24,-5.273316477470999,34,3.0066835225290003,0.005,0.0,396,1.9825000000000002,0.1,-0.7758164774709999,38,3.074183522529,2.0063238898352367,1.9992741284431248,0.8767668934327647,0.8588849801623087,2.104206831080068,2.1016416863748613,0.8535430228197681,0.8501220532341318
26,56,5.15,17.975,2.0259,1615.092813,32.30185627,E04001,1.213552549,0.020803758,0.0089,5.1589,3.1241000000000003,3.1330000000000005,1.0,0.0,0.0,1615.092813,32.30185627,0.31372293304598076,0.02440437007154066,0.9755956299284593,0.025014841521307594,0.024697683753164945,2.001202316246835,4.433234524286382,1.0034592972004903,1.5705788663343039,1.5777751000782756,5.682045910078275,2.383704241318179,3.1114718975946962,3.104275663850725,0.8473340898309872,0.001106816245935815,1459223.9849483203,29184.47970800133,0.0008226574942438167,0.0008212382669475385,13404.624819016382,13358.414094536163,21649713.206154786,432994.264257142,55.60061063476526,1.1120122130395618,21575078.59716326,431501.57207684935,55.408934662206136,1.1081786935871925,"[2.357,2.642]",2.5,"[1.500,2.000]",1.75,0.002,0.0,1000,2.001,0.24,-5.273316477470999,34,3.0066835225290003,0.005,0.0,400,2.0025,0.1,-0.7758164774709999,38,3.074183522529,2.0217290984439344,2.019274128443125,0.8736775737966683,0.8571933606226272,2.104206831080068,2.1016416863748613,0.8535430228197681,0.8501220532341318
26,56,5.15,17.975,2.0427,1634.545586,32.69091172,E04001,1.211345843,0.020800888,0.0089,5.1589,3.1073000000000004,3.1162000000000005,1.0,0.0,0.0,1634.545586,32.69091172,0.31372293304598076,0.02440437007154066,0.9755956299284593,0.025014841521307594,0.024697683753164945,2.018002316246835,4.433234524286382,1.0034592972004903,1.562133001939945,1.5693146399182643,5.741937929918264,2.3962341141712895,3.151443734789055,3.1442620968107358,0.8452708586995228,0.0011116928078291413,1470321.274446184,29406.425488923687,0.0008226574942438167,0.0008212382669475385,13803.001457439525,13755.417380603229,22561635.105809342,451232.70211618685,57.94260075672189,1.1588520151344377,22483856.763052687,449677.1352610538,57.742851073654464,1.1548570214730893,"[2.357,2.642]",2.5,"[1.500,2.000]",1.75,0.002,0.0,1009,2.019,0.24,-5.273316477470999,35,3.2466835225290005,0.005,0.0,403,2.0175,0.1,-0.7758164774709999,39,3.1741835225290003,2.0390547245888584,2.034274128443125,0.869982060424428,0.855918016819621,2.1433959508331357,2.1549310808261564,0.8411586111991514,0.845461199074634
26,56,5.15,17.975,2.0595,1653.683557,33.07367115,E04001,1.203374123,0.020560161,0.0089,5.1589,3.0905000000000005,3.0994000000000006,1.0,0.0,0.0,1653.683557,33.07367115,0.31372293304598076,0.02440437007154066,0.9755956299284593,0.025014841521307594,0.024697683753164945,2.034802316246835,4.433234524286382,1.0034592972004903,1.5536871375455863,1.5608541797582531,5.8023944297582535,2.4088159808831917,3.1914155719834136,3.184248529770747,0.8431825835452005,0.0011162627307117609,1481446.5371835574,29628.930752629614,0.0008226574942438166,0.0008212382669475384,14213.20963806077,14164.211421144453,23504151.070655018,470083.0215552325,60.36316229855037,1.20726324633603,23423123.525018185,468462.47064200585,60.15506804008401,1.2031013611654444,"[2.357,2.642]",2.5,"[1.500,2.000]",1.75,0.002,0.0,1017,2.035,0.24,-5.273316477470999,35,3.2466835225290005,0.005,0.0,406,2.0325,0.1,-0.7758164774709999,39,3.1741835225290003,2.0544506332560672,2.049274128443125,0.8664831545234937,0.8546370657326187,2.1433959508331357,2.1549310808261564,0.8411586111991514,0.845461199074634
26,56,5.15,17.975,2.0763,1672.481891,33.44963782,E04001,1.213765011,0.020628026,0.0089,5.1589,3.0737000000000005,3.0826000000000007,1.0,0.0,0.0,1672.481891,33.44963782,0.31372293304598076,0.02440437007154066,0.9755956299284593,0.025014841521307594,0.024697683753164945,2.051602316246835,4.433234524286382,1.0034592972004903,1.5452412731512277,1.552393719598242,5.863415409598241,2.42144903097262,3.2313874091777715,3.2242349627307574,0.8410691389534272,0.0011205350572692722,1492574.35557243,29851.4871114486,0.0008226574942438165,0.0008212382669475384,14635.581231883722,14585.126943080726,24477744.574584994,489554.8914916999,62.86353691382048,1.2572707382764097,24393360.6902387,487867.21380477404,62.64682293462312,1.2529364586924625,"[2.357,2.642]",2.5,"[1.500,2.000]",1.75,0.002,0.0,1025,2.051,0.24,-5.273316477470999,35,3.2466835225290005,0.005,0.0,410,2.0525,0.1,-0.7758164774709999,40,3.274183522529,2.069842171304245,2.069274128443125,0.8627632637667213,0.8529205248666417,2.1433959508331357,2.208220475277451,0.8411586111991514,0.8407363894618509
26,56,5.15,17.975,2.0931,1691.1555,33.82311,E04001,1.200362711,0.020281991,0.0089,5.1589,3.0569,3.0658000000000003,1.0,0.0,0.0,1691.1555,33.82311,0.31372293304598076,0.02440437007154066,0.9755956299284593,0.025014841521307594,0.024697683753164945,2.0684023162468352,4.433234524286382,1.0034592972004903,1.5367954087568687,1.5439332594382307,5.9250008694382315,2.434132467520663,3.271359246372131,3.264221395690769,0.8389304003491046,0.001124518629505067,1503892.82634146,30077.856526829197,0.0008226574942438165,0.0008212382669475384,15070.457133057305,15018.503665372129,25486486.468084093,509729.72936168185,65.45417932637098,1.3090835865274195,25398625.075464237,507972.5015092847,65.22853443979132,1.3045706887958264,"[2.357,2.642]",2.5,"[1.500,2.000]",1.75,0.002,0.0,1034,2.069,0.24,-5.273316477470999,35,3.2466835225290005,0.005,0.0,413,2.0675,0.1,-0.7758164774709999,40,3.274183522529,2.0871524319846486,2.0842741284431248,0.8582876416996289,0.8516267518675312,2.1433959508331357,2.208220475277451,0.8411586111991514,0.8407363894618509
26,56,5.15,17.975,2.1099,1709.64049,34.19280981,E04001,1.228328419,0.020530632,0.0089,5.1589,3.0401000000000002,3.0490000000000004,1.0,0.0,0.0,1709.64049,34.19280981,0.31372293304598076,0.02440437007154066,0.9755956299284593,0.025014841521307594,0.024697683753164945,2.085202316246835,4.433234524286382,1.0034592972004903,1.52834954436251,1.5354727992782196,5.987150809278219,2.4468655069860743,3.3113310835664906,3.304207828650781,0.8367662440281713,0.0011282220906306702,1515340.378634423,30306.807581551962,0.0008226574942438166,0.0008212382669475384,15518.187511563683,15464.690550834732,26530521.701181617,530610.4341788142,68.1354617956431,1.3627092363113986,26439061.13102746,528781.2227751961,67.90057353171315,1.3580114710314257,"[2.357,2.642]",2.5,"[1.500,2.000]",1.75,0.002,0.0,1042,2.085,0.24,-5.273316477470999,35,3.2466835225290005,0.005,0.0,417,2.0875,0.1,-0.7758164774709999,40,3.274183522529,2.1025346948127392,2.104274128443125,0.854023974368693,0.8498933592085465,2.1433959508331357,2.208220475277451,0.8411586111991514,0.8407363894618509
26,56,5.15,17.975,2.1267,1727.934118,34.55868236,E04001,1.186387825,0.019966039,0.0089,5.1589,3.0233000000000003,3.0322000000000005,1.0,0.0,0.0,1727.934118,34.55868236,0.31372293304598076,0.02440437007154066,0.9755956299284593,0.025014841521307594,0.024697683753164945,2.102002316246835,4.433234524286382,1.0034592972004903,1.5199036799681511,1.5270123391182082,6.0498652291182085,2.459647379019645,3.3513029207608485,3.3441942616107916,0.8345765471895,0.0011316538871193793,1526910.4252347418,30538.208504694838,0.0008226574942438164,0.0008212382669475381,15979.13207396914,15924.046065992574,27610887.486639377,552217.7497327875,70.91004808269295,1.418200961653859,27515702.494032245,550314.0498806449,70.6655947884702,1.4133118957694042,"[2.357,2.642]",2.5,"[1.500,2.000]",1.75,0.002,0.0,1051,2.103,0.24,-5.273316477470999,35,3.2466835225290005,0.005,0.0,420,2.1025,0.1,-0.7758164774709999,41,3.3741835225290004,2.1198345302982844,2.119274128443125,0.8488702411147718,0.8485871302752781,2.1433959508331357,2.2615098697287466,0.8411586111991514,0.8359506144479665
26,56,5.15,17.975,2.1435,1745.951123,34.91902247,E04001,1.231420497,0.020390032,0.0089,5.1589,3.0065000000000004,3.0154000000000005,1.0,0.0,0.0,1745.951123,34.91902247,0.31372293304598076,0.02440437007154066,0.9755956299284593,0.025014841521307594,0.024697683753164945,2.118802316246835,4.433234524286382,1.0034592972004903,1.5114578155737926,1.518551878958197,6.113144128958197,2.4724773262778768,3.391274757955208,3.3841806945708033,0.8323611879671492,0.0011348222709077066,1538523.8444461192,30770.476897734337,0.0008226574942438165,0.0008212382669475384,16453.66033254367,16396.9384492695,28727286.735065173,574545.7348658401,73.77717520505227,1.475543504523607,28628253.099263962,572565.0621492487,73.52283785787841,1.4704567575786731,"[2.357,2.642]",2.5,"[1.500,2.000]",1.75,0.002,0.0,1059,2.119,0.24,-5.273316477470999,36,3.4866835225290007,0.005,0.0,423,2.1175,0.1,-0.7758164774709999,41,3.3741835225290004,2.1352075346543415,2.134274128443125,0.8439361502328244,0.8472756749372347,2.182092927664414,2.2615098697287466,0.8263973117704612,0.8359506144479665
26,56,5.15,17.975,2.1603,1764.330677,35.28661354,E04001,1.207256682,0.020744411,0.0089,5.1589,2.9897000000000005,2.9986000000000006,1.0,0.0,0.0,1764.330677,35.28661354,0.31372293304598076,0.02440437007154066,0.9755956299284593,0.025014841521307594,0.024697683753164945,2.135602316246835,4.433234524286382,1.0034592972004903,1.5030119511794338,1.510091418798186,6.176987508798186,2.4853546042362216,3.431246595149566,3.4241671275308136,0.8301200454629637,0.001137735301729968,1550739.1519954342,31014.78303990868,0.0008226574942438164,0.0008212382669475381,16942.151883069622,16883.7459878401,29891558.301693052,597831.166033861,76.76724761075978,1.5353449522151956,29788510.989021953,595770.219780439,76.50260237254223,1.5300520474508443,"[2.357,2.642]",2.5,"[1.500,2.000]",1.75,0.002,0.0,1067,2.1350000000000002,0.24,-5.273316477470999,36,3.4866835225290007,0.005,0.0,427,2.1375,0.1,-0.7758164774709999,41,3.3741835225290004,2.1505761878632157,2.154274128443125,0.838631214342727,0.8455190536687819,2.182092927664414,2.2615098697287466,0.8263973117704612,0.8359506144479665
26,56,5.15,17.975,2.1771,1781.900299,35.63800599,E04001,1.189741087,0.020820469,0.0089,5.1589,2.9729000000000005,2.9818000000000007,1.0,0.0,0.0,1781.900299,35.63800599,0.31372293304598076,0.02440437007154066,0.9755956299284593,0.025014841521307594,0.024697683753164945,2.152402316246835,4.433234524286382,1.0034592972004903,1.494566086785075,1.501630958638175,6.241395368638175,2.498278481002103,3.4712184323439255,3.4641535604908253,0.8278529997795224,0.0011404008495722487,1562521.0202784138,31250.420414337128,0.0008226574942438165,0.0008212382669475384,17444.996691673343,17384.857303472516,31085244.820946738,621704.8965933848,79.83286324940595,1.59665726543614,30978082.42713001,619561.6487164488,79.55764969454003,1.5911529943372773,"[2.357,2.642]",2.5,"[1.500,2.000]",1.75,0.002,0.0,1076,2.153,0.24,-5.273316477470999,36,3.4866835225290007,0.005,0.0,430,2.1525,0.1,-0.7758164774709999,42,3.474183522529,2.1678607263400096,2.1692741284431247,0.832166106106838,0.8441956638522343,2.182092927664414,2.3147992641800412,0.8263973117704612,0.8311068465668228
26,56,5.15,17.975,2.1939,1799.781098,35.99562196,E04001,1.211258415,0.021502615,0.0089,5.1589,2.9561,2.9650000000000003,1.0,0.0,0.0,1799.781098,35.99562196,0.31372293304598076,0.02440437007154066,0.9755956299284593,0.025014841521307594,0.024697683753164945,2.1692023162468352,4.433234524286382,1.0034592972004903,1.486120222390716,1.4931704984781635,6.306367708478165,2.5112482371279357,3.511190269538285,3.5041399934508375,0.8255599320534284,0.0011428265972327216,1574850.5524443076,31497.011048886157,0.0008226574942438165,0.0008212382669475384,17962.595391029332,17900.671647711508,32328739.65579651,646574.7931159303,83.02639618355902,1.6605279236711805,32217290.473055687,644345.8094611138,82.74017333357808,1.6548034666715619,"[2.357,2.642]",2.5,"[1.050,1.500]",1.25,0.002,0.0,1084,2.169,0.24,-5.273316477470999,36,3.4866835225290007,0.005,0.0,433,2.1675,0.1,-0.2758164774709999,37,3.474183522529,2.1832201456149676,2.1794815203165174,0.8259217395179484,0.806355325091805,2.182092927664414,2.0483522919235657,0.8263973117704612,0.8210455643579929
26,56,5.15,17.975,2.2107,1817.546457,36.35092913,E04001,1.204921058,0.021897652,0.0089,5.1589,2.9393000000000002,2.9482000000000004,1.0,0.0,0.0,1817.546457,36.35092913,0.31372293304598076,0.02440437007154066,0.9755956299284593,0.025014841521307594,0.024697683753164945,2.186002316246835,4.433234524286382,1.0034592972004903,1.4776743579963572,1.4847100383181524,6.371904528318153,2.524263165424349,3.551162106732643,3.544126426410848,0.8232407244889381,0.001145020042976118,1587349.0321408366,31746.98063408326,0.0008226574942438164,0.0008212382669475381,18495.35958630214,18431.599206765615,33616175.28702444,672323.5055555352,86.33277749991184,1.7266555495232405,33500287.835100852,670005.7565177011,86.03515632449476,1.7207031260165366,"[2.357,2.642]",2.5,"[1.050,1.500]",1.25,0.002,0.0,1093,2.187,0.24,-5.273316477470999,36,3.4866835225290007,0.005,0.0,437,2.1875,0.1,-0.2758164774709999,38,3.574183522529,2.2004943052740344,2.1994815203165174,0.8182600166378182,0.8040826040200404,2.182092927664414,2.1016416863748613,0.8263973117704612,0.8151218273089111
26,56,5.15,17.975,2.2276,1835.352741,36.70705483,E04001,1.209576748,0.02353771,0.0089,5.1589,2.9224000000000006,2.9313000000000007,1.0,0.0,0.0,1835.352741,36.70705483,0.31372293304598076,0.02440437007154066,0.9755956299284593,0.025014841521307594,0.024697683753164945,2.202902316246835,4.433234524286382,1.0034592972004903,1.469178220599651,1.4761992182762367,6.438400978276236,2.5374004371159544,3.5913718715293497,3.584350873852764,0.820881220454613,0.0011469995610877105,1600133.777958483,32002.675567888058,0.0008226574942438166,0.0008212382669475384,19047.02370881658,18981.36153798673,34958007.171868496,699160.1436278401,89.77885881545174,1.795577176798199,34837493.92665592,696749.878722932,89.46935771677245,1.7893871548229268,"[2.357,2.642]",2.5,"[1.050,1.500]",1.25,0.002,0.0,1101,2.203,0.24,-5.273316477470999,36,3.4866835225290007,0.005,0.0,440,2.2025,0.1,-0.2758164774709999,38,3.574183522529,2.2158445072391615,2.2144815203165176,0.8108053532620597,0.8023729248447161,2.182092927664414,2.1016416863748613,0.8263973117704612,0.8151218273089111
26,56,5.15,17.975,2.2444,1853.033345,37.0606669,E04001,1.219621874,0.024770196,0.0089,5.1589,2.9056,2.9145000000000003,1.0,0.0,0.0,1853.033345,37.0606669,0.31372293304598076,0.02440437007154066,0.9755956299284593,0.025014841521307594,0.024697683753164945,2.2197023162468352,4.433234524286382,1.0034592972004903,1.460732356205292,1.4677387581162251,6.505070118116226,2.5505038949423753,3.6313437087237093,3.624337306812776,0.8185092269464859,0.0011487488977157505,1613088.2464259127,32261.764928518252,0.0008226574942438166,0.0008212382669475384,19611.495891235634,19543.887774968985,36340755.83179013,726815.1166358024,93.33002224722365,1.8666004449444726,36215475.737955384,724309.5147591077,93.00827896816662,1.8601655793633327,"[2.357,2.642]",2.5,"[1.050,1.500]",1.25,0.002,0.0,1109,2.219,0.24,-5.273316477470999,37,3.726683522529001,0.005,0.0,443,2.2175000000000002,0.1,-0.2758164774709999,39,3.6741835225290003,2.2311903773847774,2.2294815203165177,0.8026567062969598,0.8006589546455327,2.2203158498709357,2.1549310808261564,0.808507094359755,0.8091341054824246
26,56,5.15,22.98,1.2621,9.167669537,0.183353391,E04001,0.922808132,0.089662918,0.0089,5.1589,3.8879,3.8968000000000003,1.0,0.0,0.0,9.167669537,0.183353391,0.40107666210829696,0.03967940586852409,0.9603205941314759,0.04131891590267369,0.04003613322685329,1.2220638667731467,4.433234524286382,1.0034592972004903,3.1779529787704375,3.1907323694752416,4.783628779475242,2.187150836013658,0.07079195035856278,0.05801255965375862,0.8897645895064594,-0.0003486046795862713,-26298.18265170827,-525.963653779996,0.00030631646206004723,0.0003057880128727526,6551.469528078848,6528.884177321913,60061.70761515223,1201.2341540064265,0.15424997030537194,0.00308499941048205,59854.65258303541,1197.093053358218,0.15371821332036842,0.0030743642707668985,"[2.067,2.357]",2.213,"[3.000,3.500]",3.25,0.002,0.0,611,1.223,0.12,-3.920685477471,33,0.09931452252899975,0.005,0.0,244,1.2225,0.1,-2.275816477471,23,0.07418352252900018,1.254849017950015,1.2536519528229457,0.8914244242749051,0.8907892047565663,1.2970532675790754,1.3023007696054347,0.8881938761540642,0.8882874247893567
26,56,5.15,22.98,1.2769,10.76467476,0.215293495,E04001,0.6242641,0.063355374,0.0089,5.1589,3.8731000000000004,3.8820000000000006,1.0,0.0,0.0,10.76467476,0.215293495,0.40107666210829696,0.03967940586852409,0.9603205941314759,0.04131891590267369,0.04003613322685329,1.2368638667731466,4.433234524286382,1.0034592972004903,3.1658555215092417,3.1786140059286825,4.809087615928682,2.1929632044174117,0.11066228841975834,0.09790380400031751,0.8888675560121019,-0.0003290167879963757,-32717.70667251964,-654.354132842521,0.0003063164620600473,0.00030578801287275265,6665.247366887463,6642.269781626979,71749.22009948993,1434.9844006567491,0.18426574117229863,0.003685314820022446,71501.87386739066,1430.0374760193592,0.18363050866773972,0.0036726101699430702,"[2.067,2.357]",2.213,"[3.000,3.500]",3.25,0.002,0.0,618,1.237,0.12,-3.920685477471,33,0.09931452252899975,0.005,0.0,247,1.2375,0.1,-2.275816477471,23,0.07418352252900018,1.2685183963881883,1.2686519528229458,0.8904103042039527,0.8900264900815207,1.2970532675790754,1.3023007696054347,0.8881938761540642,0.8882874247893567
26,56,5.15,22.98,1.2918,12.52104272,0.250420854,E04001,0.806642085,0.065649485,0.0089,5.1589,3.8582,3.8671,1.0,0.0,0.0,12.52104272,0.250420854,0.40107666210829696,0.03967940586852409,0.9603205941314759,0.04131891590267369,0.04003613322685329,1.2517638667731468,4.433234524286382,1.0034592972004903,3.1536763246719564,3.166413761547348,4.835161001547348,2.1988999526006974,0.15080202065704373,0.13806458378165187,0.8879502657231645,-0.0003095741748434329,-40446.01823240752,-808.920363356053,0.00030631646206004734,0.0003057880128727527,6782.731356592239,6759.348760348427,84926.86907417497,1698.537378770407,0.2181084679902586,0.004362169352837431,84634.09458770171,1692.6818890502948,0.21735656702643588,0.004347131333584997,"[2.067,2.357]",2.213,"[3.000,3.500]",3.25,0.002,0.0,625,1.2510000000000001,0.12,-3.920685477471,33,0.09931452252899975,0.005,0.0,250,1.2525,0.1,-2.275816477471,24,0.17418352252900027,1.2821842787287778,1.2836519528229458,0.889366031355968,0.8892560321156524,1.2970532675790754,1.3555901640567298,0.8881938761540642,0.8854547716989125
26,56,5.15,22.98,1.3066,14.40762698,0.28815254,E04001,0.784306813,0.060523499,0.0089,5.1589,3.8434000000000004,3.8523000000000005,1.0,0.0,0.0,14.40762698,0.28815254,0.40107666210829696,0.03967940586852409,0.9603205941314759,0.04131891590267369,0.04003613322685329,1.2665638667731467,4.433234524286382,1.0034592972004903,3.1415788674107614,3.1542953980007886,4.861498958000789,2.2048807128733268,0.19067235871823884,0.17795582812821165,0.8870249402806777,-0.00029053814107864504,-49589.45123869308,-991.7890261506172,0.0003063164620600473,0.00030578801287275265,6902.412725991528,6878.617543579779,99447.38781809088,1988.9477591227828,0.2553999416096762,0.005107998839284212,99104.55570598134,1982.091116871074,0.2545194830744067,0.0050903896685543775,"[2.067,2.357]",2.213,"[3.000,3.500]",3.25,0.002,0.0,633,1.2670000000000001,0.12,-3.920685477471,34,0.21931452252899986,0.005,0.0,253,1.2675,0.1,-2.275816477471,24,0.17418352252900027,1.297798152478542,1.2986519528229459,0.8881341419510843,0.888477874448149,1.3237357361743323,1.3555901640567298,0.8859913570156978,0.8854547716989125
26,56,5.15,22.98,1.3215,16.44265341,0.328853068,E04001,0.687237012,0.049870296,0.0089,5.1589,3.8285000000000005,3.8374000000000006,1.0,0.0,0.0,16.44265341,0.328853068,0.40107666210829696,0.03967940586852409,0.9603205941314759,0.04131891590267369,0.04003613322685329,1.2814638667731466,4.433234524286382,1.0034592972004903,3.129399670573477,3.1420951536194557,4.888457403619455,2.210985618139443,0.2308120909555229,0.21811660790954424,0.8860789833331216,-0.00027165161452768463,-60528.45825558048,-1210.5691643753726,0.0003063164620600472,0.00030578801287275254,7025.979274547995,7001.758112311566,115525.7420772359,2310.5148401395227,0.2966922352441433,0.005933844701274054,115127.48190139492,2302.5496366275474,0.29566942682366165,0.005913388532876864,"[2.067,2.357]",2.213,"[3.000,3.500]",3.25,0.002,0.0,640,1.281,0.12,-3.920685477471,34,0.21931452252899986,0.005,0.0,256,1.2825,0.1,-2.275816477471,24,0.17418352252900027,1.3114565522053567,1.3136519528229458,0.8870212089165268,0.8876920609858854,1.3237357361743323,1.3555901640567298,0.8859913570156978,0.8854547716989125
26,56,5.15,22.98,1.3363,18.59103635,0.371820727,E04001,0.75305108,0.047603586,0.0089,5.1589,3.8137000000000003,3.8226000000000004,1.0,0.0,0.0,18.59103635,0.371820727,0.40107666210829696,0.03967940586852409,0.9603205941314759,0.04131891590267369,0.04003613322685329,1.2962638667731468,4.433234524286382,1.0034592972004903,3.1173022133122807,3.1299767900728956,4.915674480072896,2.2171320393862195,0.27068242901671935,0.25800785225610445,0.8851250010133008,-0.0002531681233658478,-73433.55910228276,-1468.6711820456553,0.00030631646206004734,0.0003057880128727527,7151.8439401325895,7127.188875607833,132960.1906605322,2659.203813210644,0.34146723887033964,0.006829344777406794,132501.82745974086,2650.0365491948173,0.3402900743687213,0.006805801487374426,"[2.067,2.357]",2.213,"[3.000,3.500]",3.25,0.002,0.0,648,1.297,0.12,-3.920685477471,34,0.21931452252899986,0.005,0.0,259,1.2975,0.1,-2.275816477471,25,0.27418352252900036,1.3270618814170092,1.328651952822946,0.8857074790870105,0.8868986359475808,1.3237357361743323,1.408879558508025,0.8859913570156978,0.8825276358904268
26,56,5.15,22.98,1.3512,20.87448235,0.417489647,E04001,0.766486073,0.046707745,0.0089,5.1589,3.7988000000000004,3.8077000000000005,1.0,0.0,0.0,20.87448235,0.417489647,0.40107666210829696,0.03967940586852409,0.9603205941314759,0.04131891590267369,0.04003613322685329,1.3111638667731467,4.433234524286382,1.0034592972004903,3.1051230164749963,3.117776545691562,4.943517985691562,2.22340234453676,0.31082216125400386,0.2981686320374384,0.8841500094311326,-0.00023483775914539742,-88888.95221094227,-1777.7790442188452,0.0003063164620600473,0.00030578801287275265,7281.781540423116,7256.678532690123,152003.42024211815,3040.068404842363,0.39037390027097174,0.0078074780054194345,151479.40795026388,3029.5881590052772,0.3890281363280601,0.007780562726561201,"[2.067,2.357]",2.213,"[3.000,3.500]",3.25,0.002,0.0,655,1.311,0.12,-3.920685477471,35,0.33931452252899996,0.005,0.0,262,1.3125,0.1,-2.275816477471,25,0.27418352252900036,1.3407128108076876,1.3436519528229458,0.8845198114484704,0.8860976438579385,1.3501071088387828,1.408879558508025,0.8836808034439654,0.8825276358904268
26,56,5.15,22.98,1.366,23.25605258,0.465121052,E04001,0.799791793,0.04385955,0.0089,5.1589,3.7840000000000003,3.7929000000000004,1.0,0.0,0.0,23.25605258,0.465121052,0.40107666210829696,0.03967940586852409,0.9603205941314759,0.04131891590267369,0.04003613322685329,1.3259638667731468,4.433234524286382,1.0034592972004903,3.0930255592138005,3.1056581821450018,4.971614182145002,2.2297116813940323,0.35069249931519986,0.3380598763839986,0.8831670041800819,-0.0002169062927239547,-107217.04883683001,-2144.340978580715,0.0003063164620600473,0.00030578801287275265,7414.123001853674,7388.563763909538,172423.23436569647,3448.464690279579,0.4428158944677627,0.00885631789697161,171828.8273841629,3436.576550638684,0.44128934347726556,0.008825786877135412,"[2.067,2.357]",2.213,"[3.000,3.500]",3.25,0.002,0.0,662,1.325,0.12,-3.920685477471,35,0.33931452252899996,0.005,0.0,265,1.3275000000000001,0.1,-2.275816477471,26,0.37418352252900045,1.354360258233747,1.358651952822946,0.8832949773621991,0.885289129541771,1.3501071088387828,1.46216895295932,0.8836808034439654,0.8795080665303467
26,56,5.15,22.98,1.3809,25.76227872,0.515245574,E04001,0.791855419,0.039980935,0.0089,5.1589,3.7691000000000003,3.7780000000000005,1.0,0.0,0.0,25.76227872,0.515245574,0.40107666210829696,0.03967940586852409,0.9603205941314759,0.04131891590267369,0.04003613322685329,1.3408638667731467,4.433234524286382,1.0034592972004903,3.080846362376516,3.093457937763669,5.000342747763669,2.236144616916283,0.3908322315524839,0.3782206561653312,0.8821626089152983,-0.00019913098925753534,-129373.52853041746,-2587.4705685996214,0.00030631646206004723,0.0003057880128727526,7550.7342833242055,7524.704095512083,194524.12114765763,3890.482419932859,0.49957520526997284,0.009991504097642764,193853.5241941078,3877.0704808722744,0.49785298383673077,0.009957059669004663,"[2.067,2.357]",2.213,"[3.000,3.500]",3.25,0.002,0.0,670,1.341,0.12,-3.920685477471,35,0.33931452252899996,0.005,0.0,268,1.3425,0.1,-2.275816477471,26,0.37418352252900045,1.3699530807922855,1.3736519528229458,0.8818476324880989,0.884473138118111,1.3501071088387828,1.46216895295932,0.8836808034439654,0.8795080665303467
26,56,5.15,22.98,1.3957,28.35767759,0.567153552,E04001,0.860437175,0.039848115,0.0089,5.1589,3.7543000000000006,3.7632000000000008,1.0,0.0,0.0,28.35767759,0.567153552,0.40107666210829696,0.03967940586852409,0.9603205941314759,0.04131891590267369,0.04003613322685329,1.3556638667731467,4.433234524286382,1.0034592972004903,3.0687489051153203,3.0813395742171092,5.029318064217109,2.2426141139788425,0.4307025696136799,0.41811190051189095,0.8811502136753588,-0.00018174989400606713,-156025.82738812146,-3120.5165488628422,0.00030631646206004734,0.0003057880128727527,7689.860396692471,7663.350589452004,218066.58184151462,4361.331638368264,0.5600367540193244,0.011200735084336293,217314.8252748164,4346.296507028997,0.558106099152948,0.01116212198699515,"[2.067,2.357]",2.213,"[3.000,3.500]",3.25,0.002,0.0,677,1.355,0.12,-3.920685477471,36,0.45931452252900007,0.005,0.0,271,1.3575,0.1,-2.275816477471,26,0.37418352252900045,1.3835930758287844,1.3886519528229457,0.8805377328805227,0.8836497149943089,1.376178019686742,1.46216895295932,0.8812550179354863,0.8795080665303467
26,56,5.15,22.98,1.4106,31.07406643,0.621481329,E04001,0.868891751,0.038939223,0.0089,5.1589,3.7394000000000003,3.7483000000000004,1.0,0.0,0.0,31.07406643,0.621481329,0.40107666210829696,0.03967940586852409,0.9603205941314759,0.04131891590267369,0.04003613322685329,1.3705638667731468,4.433234524286382,1.0034592972004903,3.056569708278035,3.069139329835775,5.0589316898357755,2.2492069024071073,0.4708423018509653,0.4582726802932253,0.8801160447320742,-0.00016452744064172738,-188868.59425271463,-3777.371887485498,0.00030631646206004734,0.0003057880128727527,7833.462766467309,7806.457908478763,243417.54238213671,4868.35085077612,0.6251428768032379,0.012502857544111892,242578.39163106793,4851.567835743942,0.6229877769305624,0.01245975554663064,"[2.067,2.357]",2.213,"[3.000,3.500]",3.25,0.002,0.0,685,1.371,0.12,-3.920685477471,36,0.45931452252900007,0.005,0.0,274,1.3725,0.1,-2.275816477471,27,0.4741835225290001,1.3991773883439862,1.4036519528229459,0.8789886301422708,0.8828189058601211,1.376178019686742,1.5154583474106151,0.8812550179354863,0.876398155550381
26,56,5.15,22.98,1.4254,33.87157609,0.677431522,E04001,0.873889066,0.036904099,0.0089,5.1589,3.7246000000000006,3.7335000000000007,1.0,0.0,0.0,33.87157609,0.677431522,0.40107666210829696,0.03967940586852409,0.9603205941314759,0.04131891590267369,0.04003613322685329,1.3853638667731467,4.433234524286382,1.0034592972004903,3.0444722510168396,3.057020966289216,5.088786126289216,2.255833798463268,0.5107126399121604,0.4981639246397842,0.8790738915675074,-0.00014769399573569484,-229336.17525396723,-4586.7235064334955,0.0003063164620600474,0.00030578801287275276,7979.696395931852,7952.187416264992,270284.89364990446,5405.697874594029,0.6941433814474259,0.013882867633047196,269353.12115196016,5387.062424629641,0.6917504111865702,0.013835008227815953,"[2.067,2.357]",2.213,"[3.000,3.500]",3.25,0.002,0.0,692,1.385,0.12,-3.920685477471,36,0.45931452252900007,0.005,0.0,277,1.3875,0.1,-2.275816477471,27,0.4741835225290001,1.412809943186069,1.4186519528229458,0.8775854674559345,0.8819807566817859,1.376178019686742,1.5154583474106151,0.8812550179354863,0.876398155550381
26,56,5.15,22.98,1.4403,36.78999183,0.735799837,E04001,0.880674292,0.036151136,0.0089,5.1589,3.7097000000000007,3.718600000000001,1.0,0.0,0.0,36.78999183,0.735799837,0.40107666210829696,0.03967940586852409,0.9603205941314759,0.04131891590267369,0.04003613322685329,1.4002638667731466,4.433234524286382,1.0034592972004903,3.032293054179555,3.0448207219078824,5.119284811907882,2.2625836585434542,0.5508523721494449,0.5383247044211177,0.8780095781309103,-0.00013102114219595615,-280794.3146685184,-5615.886296423309,0.00030631646206004723,0.0003057880128727526,8130.622710168109,8102.593431394176,299125.5430798972,5982.510864850193,0.7682116937682983,0.015364233883718366,298094.3461428034,5961.886926097105,0.7655633825024099,0.015311267658371801,"[2.067,2.357]",2.213,"[3.000,3.500]",3.25,0.002,0.0,700,1.401,0.12,-3.920685477471,37,0.5793145225290002,0.005,0.0,280,1.4025,0.1,-2.275816477471,28,0.5741835225290002,1.4283857595762441,1.4336519528229459,0.8759246235921883,0.881135313696092,1.401958510455536,1.5687477418619102,0.8787060916241175,0.8732000342831802
26,56,5.15,22.98,1.4551,39.78640291,0.795728058,E04001,0.789214347,0.031920453,0.0089,5.1589,3.6949000000000005,3.7038000000000006,1.0,0.0,0.0,39.78640291,0.795728058,0.40107666210829696,0.03967940586852409,0.9603205941314759,0.04131891590267369,0.04003613322685329,1.4150638667731468,4.433234524286382,1.0034592972004903,3.0201955969183594,3.0327023583613224,5.150018368361323,2.2693651906119743,0.5907227102106409,0.5782159487676779,0.8769372983584137,-0.00011473162892441274,-346777.98339472717,-6935.5596661513455,0.00030631646206004734,0.0003057880128727527,8284.302410416289,8255.743340590217,329602.59352910664,6592.051868925272,0.8464825973681138,0.01692965194310714,328466.3308702717,6569.326615754287,0.8435644572028786,0.016871289139817107,"[2.067,2.357]",2.213,"[3.000,3.500]",3.25,0.002,0.0,707,1.415,0.12,-3.920685477471,37,0.5793145225290002,0.005,0.0,283,1.4175,0.1,-2.275816477471,28,0.5741835225290002,1.4420108863858232,1.4486519528229458,0.8744188812113914,0.8802826234044402,1.401958510455536,1.5687477418619102,0.8787060916241175,0.8732000342831802
26,56,5.15,22.98,1.47,42.90075045,0.858015009,E04001,0.813505583,0.031934173,0.0089,5.1589,3.6800000000000006,3.6889000000000007,1.0,0.0,0.0,42.90075045,0.858015009,0.40107666210829696,0.03967940586852409,0.9603205941314759,0.04131891590267369,0.04003613322685329,1.4299638667731467,4.433234524286382,1.0034592972004903,3.008016400081075,3.0205021139799886,5.181402113979988,2.276269341264339,0.630862442447925,0.6183767285490114,0.875842468928626,-9.860415538733914e-05,-435080.5529592163,-8701.611059184326,0.00030631646206004723,0.0003057880128727526,8442.90167751214,8413.795857058321,362206.8179408347,7244.136358816694,0.9302164911755216,0.018604329823510433,360958.1564009029,7219.163128018059,0.9270096891530072,0.018540193783060148,"[2.067,2.357]",2.213,"[3.000,3.500]",3.25,0.002,0.0,714,1.429,0.12,-3.920685477471,37,0.5793145225290002,0.005,0.0,285,1.4275,0.1,-2.275816477471,28,0.5741835225290002,1.4556325509330037,1.4586519528229458,0.8728617182391376,0.8797101600098439,1.401958510455536,1.5687477418619102,0.8787060916241175,0.8732000342831802
26,56,5.15,22.98,1.4848,46.08761945,0.921752389,E04001,0.883100505,0.032546702,0.0089,5.1589,3.6652000000000005,3.6741000000000006,1.0,0.0,0.0,46.08761945,0.921752389,0.40107666210829696,0.03967940586852409,0.9603205941314759,0.04131891590267369,0.04003613322685329,1.4447638667731466,4.433234524286382,1.0034592972004903,2.9959189428198787,3.008383750433429,5.213014790433428,2.283202748428932,0.670732780509121,0.6582679728955707,0.8747396932527582,-8.28539268719476e-05,-556251.4800442632,-11125.029600885264,0.00030631646206004734,0.0003057880128727527,8604.382408700962,8574.719904141575,396555.50205448427,7931.110041089686,1.018430491658292,0.02036860983316584,395188.42783241736,7903.768556648348,1.0149195831854556,0.020298391663709114,"[2.067,2.357]",2.213,"[3.000,3.500]",3.25,0.002,0.0,722,1.445,0.12,-3.920685477471,38,0.6993145225290003,0.005,0.0,288,1.4425000000000001,0.1,-2.275816477471,29,0.6741835225290003,1.471195931437272,1.473651952822946,0.8710159730897378,0.8788454949112332,1.4274580756992221,1.6220371363132053,0.8760253193841356,0.8699158700933487
26,56,5.15,22.98,1.4996,49.36308606,0.987261721,E04001,0.834631772,0.029576757,0.0089,5.1589,3.6504000000000003,3.6593000000000004,1.0,0.0,0.0,49.36308606,0.987261721,0.40107666210829696,0.03967940586852409,0.9603205941314759,0.04131891590267369,0.04003613322685329,1.4595638667731468,4.433234524286382,1.0034592972004903,2.9838214855586833,2.9962653868868694,5.245065546886869,2.2902108083944737,0.710603118570317,0.6981592172421309,0.8736215829482367,-6.737042845401272e-05,-732711.4758323885,-14654.229513679109,0.0003063164620600472,0.00030578801287275254,8769.888338300643,8739.655273280534,432908.75278012507,8658.175053848523,1.1117926031863896,0.02223585205922324,431416.35538967984,8628.327106045665,1.107959840810817,0.022159196811727316,"[2.067,2.357]",2.213,"[2.500,3.000]",2.75,0.002,0.0,729,1.459,0.12,-3.920685477471,38,0.6993145225290003,0.005,0.0,291,1.4575,0.1,-1.775816477471,24,0.6741835225290003,1.4848101857296,1.4838593446963388,0.8693401212231765,0.8704710022330324,1.4274580756992221,1.3555901640567298,0.8760253193841356,0.8788437628411374
26,56,5.15,22.98,1.5145,52.74790227,1.054958045,E04001,0.891030695,0.03033296,0.0089,5.1589,3.6355000000000004,3.6444000000000005,1.0,0.0,0.0,52.74790227,1.054958045,0.40107666210829696,0.03967940586852409,0.9603205941314759,0.04131891590267369,0.04003613322685329,1.4744638667731467,4.433234524286382,1.0034592972004903,2.9716422887213985,2.9840651425055356,5.277775392505536,2.2973409395441364,0.7507428508076015,0.7383199970234644,0.8724803344372616,-5.20502648898777e-05,-1013403.1475459017,-20268.06294323316,0.00030631646206004734,0.0003057880128727527,8940.674403006245,8909.852574936984,471601.819637664,9432.03638917701,1.2111638107458207,0.024223276205731867,469976.0328628838,9399.520653693737,1.2069884788798075,0.02413976956844327,"[2.067,2.357]",2.213,"[2.500,3.000]",2.75,0.002,0.0,737,1.475,0.12,-3.920685477471,38,0.6993145225290003,0.005,0.0,294,1.4725,0.1,-1.775816477471,25,0.7741835225290004,1.5003651042789272,1.4988593446963387,0.867351554101228,0.8694534647290273,1.4274580756992221,1.408879558508025,0.8760253193841356,0.8754378319728898
26,56,5.15,22.98,1.5293,56.19031842,1.123806368,E04001,0.856019353,0.028830589,0.0089,5.1589,3.6207000000000003,3.6296000000000004,1.0,0.0,0.0,56.19031842,1.123806368,0.40107666210829696,0.03967940586852409,0.9603205941314759,0.04131891590267369,0.04003613322685329,1.4892638667731468,4.433234524286382,1.0034592972004903,2.9595448314602026,2.971946778958976,5.310705268958976,2.304496749609115,0.7906131888687975,0.7782112413700242,0.8713311740700298,-3.709750318799528e-05,-1514665.7750859938,-30293.315490937483,0.00030631646206004734,0.0003057880128727527,9114.545556107278,9083.124329542386,512149.2170512639,10242.984337379461,1.3152972943804093,0.02630594587824503,510383.6483254357,10207.672962875466,1.310762975688105,0.026215259504431224,"[2.067,2.357]",2.213,"[2.500,3.000]",2.75,0.002,0.0,744,1.489,0.12,-3.920685477471,39,0.8193145225290004,0.005,0.0,297,1.4875,0.1,-1.775816477471,25,0.7741835225290004,1.5139719603969084,1.5138593446963389,0.8655440045867054,0.8684281049603577,1.4526857036435823,1.408879558508025,0.8732031019421562,0.8754378319728898
26,56,5.15,22.98,1.5442,59.72937861,1.194587572,E04001,0.823715249,0.027122331,0.0089,5.1589,3.6058000000000003,3.6147000000000005,1.0,0.0,0.0,59.72937861,1.194587572,0.40107666210829696,0.03967940586852409,0.9603205941314759,0.04131891590267369,0.04003613322685329,1.5041638667731467,4.433234524286382,1.0034592972004903,2.947365634622918,2.9597465345776426,5.344300174577643,2.3117742481863672,0.8307529211060825,0.8183720211513577,0.8701584793700358,-2.2308398986480855e-05,-2677439.050924124,-53548.78100951726,0.00030631646206004734,0.0003057880128727527,9293.952006671418,9261.912299382975,555121.9781896464,11102.439561934138,1.4256595766519693,0.028513191528265657,553208.2663824614,11064.165325796846,1.4207447981491208,0.028414895958225144,"[2.067,2.357]",2.213,"[2.500,3.000]",2.75,0.002,0.0,752,1.5050000000000001,0.12,-3.920685477471,39,0.8193145225290004,0.005,0.0,300,1.5025,0.1,-1.775816477471,25,0.7741835225290004,1.5295184307788219,1.5288593446963388,0.8633966512311175,0.8673949866494014,1.4526857036435823,1.408879558508025,0.8732031019421562,0.8754378319728898
26,56,5.15,22.98,1.559,63.33477469,1.266695494,E04001,0.887348227,0.027788841,0.0089,5.1589,3.591,3.5999000000000003,1.0,0.0,0.0,63.33477469,1.266695494,0.40107666210829696,0.03967940586852409,0.9603205941314759,0.04131891590267369,0.04003613322685329,1.5189638667731467,4.433234524286382,1.0034592972004903,2.9352681773617224,2.9476281710310825,5.378109171031083,2.319075068002561,0.8706232591672776,0.8582632654979174,0.8689778987399551,-7.879710722232111e-06,-8037703.022689004,-160754.0604791617,0.00030631646206004723,0.0003057880128727526,9476.587682691392,9443.918362338894,600197.5457132886,12003.950916161088,1.5414222685249779,0.03082844537536709,598128.4416694877,11962.568835278536,1.5361084129922642,0.030722168264696037,"[2.067,2.357]",2.213,"[2.500,3.000]",2.75,0.002,0.0,759,1.5190000000000001,0.12,-3.920685477471,39,0.8193145225290004,0.005,0.0,303,1.5175,0.1,-1.775816477471,26,0.8741835225290004,1.5431179007701843,1.543859344696339,0.8614423876461412,0.8663541737625287,1.4526857036435823,1.46216895295932,0.8732031019421562,0.8719284254181668
26,56,5.15,22.98,1.5739,66.9997427,1.339994854,E04001,0.865674966,0.026268758,0.0089,5.1589,3.5761000000000003,3.5850000000000004,1.0,0.0,0.0,66.9997427,1.339994854,0.40107666210829696,0.03967940586852409,0.9603205941314759,0.04131891590267369,0.04003613322685329,1.5338638667731468,4.433234524286382,1.0034592972004903,2.9230889805244376,2.9354279266497487,5.412589136649749,2.3264971817412006,0.9107629914045625,0.8984240452792513,0.8677733850801782,6.3853973519013965e-06,10492650.497317808,209853.00994635615,0.00030631646206004734,0.0003057880128727527,9665.026067038956,9631.70712952983,647554.259680403,12951.08519360806,1.6630433814309413,0.03326086762861882,645321.8994402542,12906.437988805083,1.6573102527133858,0.03314620505426771,"[2.067,2.357]",2.213,"[2.500,3.000]",2.75,0.002,0.0,766,1.5330000000000001,0.12,-3.920685477471,40,0.9393145225289996,0.005,0.0,306,1.5325,0.1,-1.775816477471,26,0.8741835225290004,1.5567139280162507,1.5588593446963388,0.8594138581775286,0.8653057305011698,1.4776499132008745,1.46216895295932,0.8702288326869828,0.8719284254181668
26,56,5.15,22.98,1.5887,70.72454739,1.414490948,E04001,0.916230678,0.026864788,0.0089,5.1589,3.5613,3.5702000000000003,1.0,0.0,0.0,70.72454739,1.414490948,0.40107666210829696,0.03967940586852409,0.9603205941314759,0.04131891590267369,0.04003613322685329,1.5486638667731467,4.433234524286382,1.0034592972004903,2.9109915232632417,2.9233095631031896,5.44727725310319,2.3339402848194704,0.9506333294657585,0.9383152896258107,0.8665610138883886,2.0297363962065384e-05,3484420.317937844,69688.40636861038,0.0003063164620600473,0.00030578801287275265,9856.844753880025,9822.864546055062,697120.8839116606,13942.417680204584,1.7903399672156617,0.03580679934937609,694717.649093022,13894.352983825014,1.784167999848581,0.03568336000201703,"[2.067,2.357]",2.213,"[2.500,3.000]",2.75,0.002,0.0,774,1.549,0.12,-3.920685477471,40,0.9393145225289996,0.005,0.0,309,1.5475,0.1,-1.775816477471,27,0.9741835225290001,1.5722480326146098,1.573859344696339,0.8569993691698206,0.864249721292905,1.4776499132008745,1.5154583474106151,0.8702288326869828,0.8683183426884317
26,56,5.15,22.98,1.6036,74.52386026,1.490477205,E04001,0.916484999,0.026031931,0.0089,5.1589,3.5464,3.5553000000000003,1.0,0.0,0.0,74.52386026,1.490477205,0.40107666210829696,0.03967940586852409,0.9603205941314759,0.04131891590267369,0.04003613322685329,1.5635638667731466,4.433234524286382,1.0034592972004903,2.898812326425957,2.9111093187218557,5.482642278721856,2.341504276895914,0.990773061703043,0.9784760694071442,0.8653243084777394,3.4046199049859934e-05,2188903.969892833,43778.07939198228,0.00030631646206004734,0.0003057880128727527,10054.746377956084,10020.0839296695,749318.5140205404,14986.370278399856,1.9243934800777283,0.038487869596390056,746735.3345681615,14934.706689359211,1.917759380421821,0.038355187603289716,"[2.067,2.357]",2.213,"[2.500,3.000]",2.75,0.002,0.0,781,1.563,0.12,-3.920685477471,40,0.9393145225289996,0.005,0.0,312,1.5625,0.1,-1.775816477471,27,0.9741835225290001,1.5858366913449942,1.5888593446963388,0.8547976072651045,0.8631862107825795,1.4776499132008745,1.5154583474106151,0.8702288326869828,0.8683183426884317
26,56,5.15,22.98,1.6184,78.36986137,1.567397227,E04001,0.874060497,0.024882014,0.0089,5.1589,3.5316,3.5405,1.0,0.0,0.0,78.36986137,1.567397227,0.40107666210829696,0.03967940586852409,0.9603205941314759,0.04131891590267369,0.04003613322685329,1.5783638667731468,4.433234524286382,1.0034592972004903,2.8867148691647615,2.8989909551752957,5.518209515175296,2.349086953515194,1.0306433997642386,1.0183673137537044,0.8640797764850341,4.744941867396785e-05,1651650.6115383878,33033.01222233773,0.00030631646206004723,0.0003057880128727526,10256.186636470977,10220.829748734492,803775.9248850769,16075.518493599067,2.064250542793725,0.04128501084533857,801005.010494694,16020.10020580555,2.0571343038553658,0.041142686066607696,"[2.067,2.357]",2.213,"[2.500,3.000]",2.75,0.002,0.0,789,1.579,0.12,-3.920685477471,41,1.0593145225289997,0.005,0.0,315,1.5775000000000001,0.1,-1.775816477471,27,0.9741835225290001,1.6013623816255915,1.603859344696339,0.8521731133494085,0.8621152638234442,1.502358787576528,1.5154583474106151,0.8670907663747373,0.8683183426884317
26,56,5.15,22.98,1.6333,82.30620326,1.646124065,E04001,0.889361884,0.024421003,0.0089,5.1589,3.5167,3.5256000000000003,1.0,0.0,0.0,82.30620326,1.646124065,0.40107666210829696,0.03967940586852409,0.9603205941314759,0.04131891590267369,0.04003613322685329,1.5932638667731467,4.433234524286382,1.0034592972004903,2.8745356723274766,2.886790710793962,5.554459600793962,2.3567901053750973,1.0707831320015235,1.0585280935350383,0.8628105066741906,6.0690298672913025e-05,1356167.3786379714,27123.347569464004,0.0003063164620600473,0.00030578801287275265,10464.003476354903,10427.930166722252,861252.3970382133,17225.047938671465,2.211861133216602,0.044237222658957326,858283.3398833274,17165.66679558096,2.2042360257036653,0.04408472050871712,"[2.067,2.357]",2.213,"[2.500,3.000]",2.75,0.002,0.0,796,1.593,0.12,-3.920685477471,41,1.0593145225289997,0.005,0.0,318,1.5925,0.1,-1.775816477471,28,1.0741835225290002,1.6149436838076525,1.6188593446963389,0.8497762174986074,0.8610369454683252,1.502358787576528,1.5687477418619102,0.8670907663747373,0.8646104270922208
26,56,5.15,22.98,1.6481,86.28034155,1.725606831,E04001,0.944595241,0.025150573,0.0089,5.1589,3.5019000000000005,3.5108000000000006,1.0,0.0,0.0,86.28034155,1.725606831,0.40107666210829696,0.03967940586852409,0.9603205941314759,0.04131891590267369,0.04003613322685329,1.6080638667731466,4.433234524286382,1.0034592972004903,2.8624382150662813,2.8746723472474027,5.5909059572474025,2.364509665289487,1.1106534700627186,1.0984193378815972,0.8615334438646666,7.359330512882673e-05,1172393.893696775,23447.877873935497,0.0003063164620600473,0.00030578801287275265,10675.524868467315,10638.722365969921,921087.9318768788,18421.758637537576,2.3655302485073197,0.047310604970146386,917912.599391509,18358.251987830175,2.357375386432529,0.04714750772865056,"[2.357,2.642]",2.5,"[2.500,3.000]",2.75,0.002,0.0,804,1.609,0.24,-5.273316477470999,26,1.0866835225290004,0.005,0.0,321,1.6075,0.1,-1.775816477471,28,1.0741835225290002,1.6430317976132969,1.6338593446963388,0.8730034515543345,0.8599513209608252,1.7703583005887307,1.5687477418619102,0.8578080284165082,0.8646104270922208
26,56,5.15,22.98,1.663,90.37698584,1.807539717,E04001,0.896245867,0.023678595,0.0089,5.1589,3.487,3.4959000000000002,1.0,0.0,0.0,90.37698584,1.807539717,0.40107666210829696,0.03967940586852409,0.9603205941314759,0.04131891590267369,0.04003613322685329,1.6229638667731467,4.433234524286382,1.0034592972004903,2.850259018228996,2.862472102866069,5.628041102866069,2.372349279272778,1.150793202300004,1.138580117662931,0.860231237313508,8.63350795755431e-05,1046816.5001333003,20936.33000498256,0.00030631646206004734,0.0003057880128727527,10893.730527668233,10856.175789152785,984542.5296438476,19690.850595055697,2.5284938106492825,0.050569876218581084,981148.4455728121,19622.968913627476,2.5197771525994357,0.05039554305756485,"[2.357,2.642]",2.5,"[2.500,3.000]",2.75,0.002,0.0,811,1.623,0.24,-5.273316477470999,26,1.0866835225290004,0.005,0.0,324,1.6225,0.1,-1.775816477471,29,1.1741835225290003,1.6566025847066967,1.6488593446963389,0.8715895992461266,0.8588584557265552,1.7703583005887307,1.6220371363132053,0.8578080284165082,0.8608075606590879
26,56,5.15,22.98,1.6778,94.475755,1.8895151,E04001,0.881707693,0.022757161,0.0089,5.1589,3.4722000000000004,3.4811000000000005,1.0,0.0,0.0,94.475755,1.8895151,0.40107666210829696,0.03967940586852409,0.9603205941314759,0.04131891590267369,0.04003613322685329,1.6377638667731467,4.433234524286382,1.0034592972004903,2.838161560967801,2.8503537393195093,5.665366579319509,2.3802030542202717,1.1906635403611987,1.1784713620094904,0.8589212740635492,9.874690423604492e-05,956746.4998615537,19134.929997231073,0.00030631646206004723,0.0003057880128727526,11115.814590635386,11077.494245802434,1050174.975890294,21003.499517805878,2.69705050486537,0.053941010097307396,1046554.6323803406,20931.09264760681,2.687752769235145,0.05375505538470289,"[2.357,2.642]",2.5,"[2.500,3.000]",2.75,0.002,0.0,818,1.637,0.24,-5.273316477470999,26,1.0866835225290004,0.005,0.0,327,1.6375,0.1,-1.775816477471,29,1.1741835225290003,1.6701699507868923,1.6638593446963388,0.8701322581562879,0.8577584153644008,1.7703583005887307,1.6220371363132053,0.8578080284165082,0.8608075606590879
26,56,5.15,22.98,1.6927,98.71362088,1.974272418,E04001,0.909702219,0.023907542,0.0089,5.1589,3.4573,3.4662,1.0,0.0,0.0,98.71362088,1.974272418,0.40107666210829696,0.03967940586852409,0.9603205941314759,0.04131891590267369,0.04003613322685329,1.6526638667731468,4.433234524286382,1.0034592972004903,2.8259823641305157,2.838153494938176,5.703386784938177,2.3881764559885807,1.230803272598484,1.218632141790824,0.8575857589139848,0.00011099889345441508,889320.7653510494,17786.415310624627,0.0003063164620600473,0.00030578801287275265,11344.905305156553,11305.795199473698,1119896.6812127247,22397.933628792456,2.8761091997085995,0.05752218400582635,1116035.9810677704,22320.71962587773,2.86619418219806,0.057323883655575385,"[2.357,2.642]",2.5,"[2.500,3.000]",2.75,0.002,0.0,826,1.653,0.24,-5.273316477470999,27,1.3266835225290006,0.005,0.0,330,1.6525,0.1,-1.775816477471,29,1.1741835225290003,1.6856713263426641,1.678859344696339,0.868411049864945,0.8566512656378265,1.814304614260677,1.6220371363132053,0.8513616189898326,0.8608075606590879
26,56,5.15,22.98,1.7075,103.0151829,2.060303658,E04001,0.934813658,0.023685829,0.0089,5.1589,3.4425000000000003,3.4514000000000005,1.0,0.0,0.0,103.0151829,2.060303658,0.40107666210829696,0.03967940586852409,0.9603205941314759,0.04131891590267369,0.04003613322685329,1.6674638667731467,4.433234524286382,1.0034592972004903,2.8138849068693204,2.8260351313916163,5.741591381391617,2.3961618020057864,1.27067361065968,1.2585233861373841,0.856242526166628,0.00012292900600255322,838005.4980503168,16760.109961006336,0.0003063164620600473,0.00030578801287275265,11578.056574629734,11538.142709854676,1192715.6156620295,23854.312313240593,3.063122172240876,0.06126244344481753,1188603.881581981,23772.077631639622,3.052562451498087,0.06105124902996174,"[2.357,2.642]",2.5,"[2.500,3.000]",2.75,0.002,0.0,833,1.667,0.24,-5.273316477470999,27,1.3266835225290006,0.005,0.0,333,1.6675,0.1,-1.775816477471,30,1.2741835225290004,1.699231370383643,1.6938593446963388,0.8668540240068702,0.8555370724662144,1.814304614260677,1.6753265307645004,0.8513616189898326,0.8569126591052736
26,56,5.15,22.98,1.7224,107.4482751,2.148965501,E04001,0.977214385,0.024756098,0.0089,5.1589,3.4276000000000004,3.4365000000000006,1.0,0.0,0.0,107.4482751,2.148965501,0.40107666210829696,0.03967940586852409,0.9603205941314759,0.04131891590267369,0.04003613322685329,1.6823638667731466,4.433234524286382,1.0034592972004903,2.8017057100320355,2.8138348870102825,5.780496647010282,2.404266342776998,1.310813342896965,1.298684165918718,0.8548733312208691,0.00013470094270842675,797680.2013374339,15953.604019324826,0.0003063164620600473,0.00030578801287275265,11818.552268564898,11777.809325736469,1269883.0554364903,25397.661096911255,3.2613029394282096,0.06522605875821189,1265505.2965070778,25310.105918363744,3.2500600159137334,0.065001200288027,"[2.357,2.642]",2.5,"[2.500,3.000]",2.75,0.002,0.0,841,1.683,0.24,-5.273316477470999,27,1.3266835225290006,0.005,0.0,336,1.6825,0.1,-1.775816477471,30,1.2741835225290004,1.7147243846658498,1.708859344696339,0.8650134494112027,0.8544159019162458,1.814304614260677,1.6753265307645004,0.8513616189898326,0.8569126591052736
26,56,5.15,22.98,1.7372,111.9515891,2.239031783,E04001,0.9379054,0.024296216,0.0089,5.1589,3.4128000000000003,3.4217000000000004,1.0,0.0,0.0,111.9515891,2.239031783,0.40107666210829696,0.03967940586852409,0.9603205941314759,0.04131891590267369,0.04003613322685329,1.6971638667731468,4.433234524286382,1.0034592972004903,2.78960825277084,2.8017165234637225,5.819580363463723,2.412380642324864,1.3506836809581602,1.3385754102652778,0.8534964606656019,0.0001461591944129327,765956.5280834233,15319.13056851032,0.0003063164620600472,0.00030578801287275254,12063.299353284625,12021.712676278476,1350505.5323892161,27010.11065984762,3.468356903920657,0.069367138109394,1345849.8378129893,26916.9967682815,3.4564001884250635,0.06912800379937534,"[2.357,2.642]",2.5,"[2.500,3.000]",2.75,0.002,0.0,848,1.697,0.24,-5.273316477470999,27,1.3266835225290006,0.005,0.0,339,1.6975,0.1,-1.775816477471,31,1.3741835225290004,1.72827711850951,1.7238593446963388,0.8633469117169862,0.8532878201933217,1.814304614260677,1.7286159252157955,0.8513616189898326,0.8529286668552598
26,56,5.15,22.98,1.752,116.5729483,2.331458966,E04001,0.93503683,0.022046281,0.0089,5.1589,3.3980000000000006,3.4069000000000007,1.0,0.0,0.0,116.5729483,2.331458966,0.40107666210829696,0.03967940586852409,0.9603205941314759,0.04131891590267369,0.04003613322685329,1.7119638667731467,4.433234524286382,1.0034592972004903,2.7775107955096447,2.7895981599171633,5.859102159917163,2.4205582331183777,1.3905540190193553,1.3784666546118367,0.8521026906210604,0.00015738609158328647,740681.3850403754,14813.627700807509,0.00030631646206004723,0.0003057880128727526,12314.029952732462,12271.57891414915,1435482.7770445326,28709.655540890657,3.6865947460530055,0.07373189492106012,1430534.1343184789,28610.68268636958,3.6738856835928315,0.07347771367185664,"[2.357,2.642]",2.5,"[2.500,3.000]",2.75,0.002,0.0,855,1.711,0.24,-5.273316477470999,27,1.3266835225290006,0.005,0.0,342,1.7125000000000001,0.1,-1.775816477471,31,1.3741835225290004,1.7418264449713377,1.738859344696339,0.8616255322179541,0.8521528936330279,1.814304614260677,1.7286159252157955,0.8513616189898326,0.8529286668552598
26,56,5.15,22.98,1.7669,121.3457199,2.426914398,E04001,0.9724282,0.022909749,0.0089,5.1589,3.3831000000000007,3.392000000000001,1.0,0.0,0.0,121.3457199,2.426914398,0.40107666210829696,0.03967940586852409,0.9603205941314759,0.04131891590267369,0.04003613322685329,1.7268638667731466,4.433234524286382,1.0034592972004903,2.76533159867236,2.7773979155358295,5.899333525535829,2.428854364826312,1.4306937512566402,1.4186274343931706,0.8506823398279567,0.00016845773756943083,720333.311196149,14406.666223922979,0.0003063164620600473,0.00030578801287275265,12572.641459056511,12529.298890480564,1525636.2288937988,30512.724577875975,3.918126079790308,0.07836252159580616,1520376.7937076355,30407.53587415271,3.9046188427585715,0.07809237685517142,"[2.357,2.642]",2.5,"[2.500,3.000]",2.75,0.002,0.0,863,1.727,0.24,-5.273316477470999,27,1.3266835225290006,0.005,0.0,345,1.7275,0.1,-1.775816477471,31,1.3741835225290004,1.7573072204898637,1.7538593446963389,0.8595877618628232,0.8510111886926434,1.814304614260677,1.7286159252157955,0.8513616189898326,0.8529286668552598
26,56,5.15,22.98,1.7817,126.2224972,2.524449944,E04001,0.942779636,0.022262275,0.0089,5.1589,3.3683000000000005,3.3772000000000006,1.0,0.0,0.0,126.2224972,2.524449944,0.40107666210829696,0.03967940586852409,0.9603205941314759,0.04131891590267369,0.04003613322685329,1.7416638667731468,4.433234524286382,1.0034592972004903,2.7532341414111636,2.7652795519892703,5.939734441989271,2.4371570408960666,1.470564089317837,1.4585186787397304,0.8492543819327256,0.00017922813113388495,704256.0584739386,14085.12116947877,0.0003063164620600474,0.00030578801287275276,12835.807433480932,12791.557633967835,1620167.667832286,32403.353356645723,4.16090092300018,0.08321801846000361,1614582.347637144,32291.646952742878,4.1465567508403245,0.08293113501680648,"[2.357,2.642]",2.5,"[2.500,3.000]",2.75,0.002,0.0,870,1.741,0.24,-5.273316477470999,28,1.5666835225290008,0.005,0.0,348,1.7425,0.1,-1.775816477471,32,1.474183522529,1.7708492540648422,1.7688593446963388,0.8577399372362493,0.849862771942696,1.8575602429758753,1.7819053196670904,0.8442420865510211,0.8488585521326626
26,56,5.15,22.98,1.7966,131.2682056,2.625364112,E04001,0.944630876,0.021635094,0.0089,5.1589,3.3534000000000006,3.3623000000000007,1.0,0.0,0.0,131.2682056,2.625364112,0.40107666210829696,0.03967940586852409,0.9603205941314759,0.04131891590267369,0.04003613322685329,1.7565638667731467,4.433234524286382,1.0034592972004903,2.741054944573879,2.7530793076079365,5.980850867607936,2.44557781875939,1.5107038215551207,1.4986794585210634,0.847799428077039,0.00018984548330313453,691447.6094772207,13828.952189544416,0.0003063164620600473,0.00030578801287275265,13107.233777016816,13062.048270003723,1720563.0582887079,34411.26116577416,4.418735516980197,0.08837471033960395,1714631.637863973,34292.63275727946,4.403502493133349,0.08807004986266699,"[2.357,2.642]",2.5,"[2.500,3.000]",2.75,0.002,0.0,878,1.7570000000000001,0.24,-5.273316477470999,28,1.5666835225290008,0.005,0.0,351,1.7575,0.1,-1.775816477471,32,1.474183522529,1.7863217015819401,1.7838593446963389,0.8555501346625546,0.8487077100585662,1.8575602429758753,1.7819053196670904,0.8442420865510211,0.8488585521326626
26,56,5.15,22.98,1.8114,136.4107519,2.728215038,E04001,0.945673257,0.022139017,0.0089,5.1589,3.3386000000000005,3.3475000000000006,1.0,0.0,0.0,136.4107519,2.728215038,0.40107666210829696,0.03967940586852409,0.9603205941314759,0.04131891590267369,0.04003613322685329,1.7713638667731466,4.433234524286382,1.0034592972004903,2.7289574873126834,2.7409609440613765,6.022130904061376,2.454003036685443,1.5505741596163163,1.5385707028676232,0.8463369167071378,0.00020016994757408513,681474.6846527143,13629.493693054284,0.00030631646206004734,0.0003057880128727527,13383.428939935937,13337.29128552978,1825643.6046968813,36512.87209393762,4.688602488911643,0.09377204977823285,1819349.932568435,36386.998651368696,4.672439133298363,0.09344878266596725,"[2.357,2.642]",2.5,"[2.500,3.000]",2.75,0.002,0.0,885,1.7710000000000001,0.24,-5.273316477470999,28,1.5666835225290008,0.005,0.0,354,1.7725,0.1,-1.775816477471,33,1.5741835225290002,1.799856454033538,1.7988593446963388,0.853562239548793,0.8475460698121392,1.8575602429758753,1.8351947141183855,0.8442420865510211,0.8447053021331545
26,56,5.15,22.98,1.8263,141.743088,2.83486176,E04001,0.994757501,0.023281559,0.0089,5.1589,3.3237000000000005,3.3326000000000007,1.0,0.0,0.0,141.743088,2.83486176,0.40107666210829696,0.03967940586852409,0.9603205941314759,0.04131891590267369,0.04003613322685329,1.7862638667731467,4.433234524286382,1.0034592972004903,2.716778290475399,2.728760699680043,6.064132389680044,2.4625459162582213,1.5907138918536008,1.5787314826489567,0.8448469923832409,0.00021034376040150558,673864.001144792,13477.280022895839,0.0003063164620600473,0.00030578801287275265,13668.28201924309,13621.162370387783,1937384.501062391,38747.69002124782,4.97557451536011,0.0995114903072022,1930705.6165281641,38614.11233056328,4.958421860499235,0.09916843720998468,"[2.357,2.642]",2.5,"[2.500,3.000]",2.75,0.002,0.0,893,1.7870000000000001,0.24,-5.273316477470999,28,1.5666835225290008,0.005,0.0,357,1.7875,0.1,-1.775816477471,33,1.5741835225290002,1.8153205869751048,1.813859344696339,0.8512037095964528,0.8463779180635094,1.8575602429758753,1.8351947141183855,0.8442420865510211,0.8447053021331545
26,56,5.15,22.98,1.8411,147.1896177,2.943792353,E04001,1.012299661,0.030097232,0.0089,5.1589,3.3089000000000004,3.3178000000000005,1.0,0.0,0.0,147.1896177,2.943792353,0.40107666210829696,0.03967940586852409,0.9603205941314759,0.04131891590267369,0.04003613322685329,1.8010638667731467,4.433234524286382,1.0034592972004903,2.7046808332142036,2.7166423361334835,6.106291546133484,2.4710911650794034,1.6305842299147968,1.618622726995517,0.843349563333428,0.0002202330742570537,668335.6630085537,13366.713255630428,0.00030631646206004723,0.0003057880128727526,13958.128468832498,13910.009611524558,2054491.593134942,41089.83184874071,5.276327960308491,0.10552655917032266,2047408.9969236255,40948.17992456249,5.258138496527662,0.10516276989482966,"[2.357,2.642]",2.5,"[2.500,3.000]",2.75,0.002,0.0,900,1.801,0.24,-5.273316477470999,28,1.5666835225290008,0.005,0.0,360,1.8025,0.1,-1.775816477471,33,1.5741835225290002,1.8288480700351926,1.8288593446963388,0.849060064924215,0.8452033217527358,1.8575602429758753,1.8351947141183855,0.8442420865510211,0.8447053021331545
26,56,5.15,22.98,1.856,152.8300299,3.056600597,E04001,0.922593551,0.027416078,0.0089,5.1589,3.2940000000000005,3.3029000000000006,1.0,0.0,0.0,152.8300299,3.056600597,0.40107666210829696,0.03967940586852409,0.9603205941314759,0.04131891590267369,0.04003613322685329,1.8159638667731468,4.433234524286382,1.0034592972004903,2.6925016363769183,2.7044420917521497,6.14917809175215,2.4797536352936658,1.6707239621520822,1.6587835067768508,0.8418243026663464,0.00022997428553746385,664552.6891966506,13291.053779584701,0.00030631646206004734,0.0003057880128727527,14257.049327941544,14207.899979318243,2178905.2750750813,43578.105487244575,5.59584612765422,0.11191692251646956,2171393.7786554163,43427.87555890043,5.576555165980165,0.11153110328311469,"[2.357,2.642]",2.5,"[2.500,3.000]",2.75,0.002,0.0,907,1.815,0.24,-5.273316477470999,28,1.5666835225290008,0.005,0.0,363,1.8175000000000001,0.1,-1.775816477471,34,1.6741835225290003,1.8423721647186255,1.843859344696339,0.8468376980575347,0.8440223478916535,1.8575602429758753,1.8884841085696809,0.8442420865510211,0.8404719182913313
26,56,5.15,22.98,1.8708,158.5910759,3.171821518,E04001,0.964745331,0.02774431,0.0089,5.1589,3.2792000000000003,3.2881000000000005,1.0,0.0,0.0,158.5910759,3.171821518,0.40107666210829696,0.03967940586852409,0.9603205941314759,0.04131891590267369,0.04003613322685329,1.8307638667731467,4.433234524286382,1.0034592972004903,2.6804041791157225,2.6923237282055896,6.19221636820559,2.4884164378587417,1.7105943002132777,1.6986747511234106,0.8402915933547987,0.00023943938818277977,662343.3057677922,13246.866115355844,0.00030631646206004734,0.0003057880128727527,14561.19879469213,14511.000929799364,2309276.183244008,46185.52366488016,5.930663593094848,0.11861327186189695,2301315.2498427816,46026.30499685563,5.910218391160023,0.11820436782320044,"[2.357,2.642]",2.5,"[2.500,3.000]",2.75,0.002,0.0,915,1.831,0.24,-5.273316477470999,29,1.806683522529001,0.005,0.0,366,1.8325,0.1,-1.775816477471,34,1.6741835225290003,1.8578241271600646,1.8588593446963388,0.8441960198779468,0.8428350635557389,1.9001567635363465,1.8884841085696809,0.8363420998525553,0.8404719182913313
26,56,5.15,22.98,1.8857,164.5521245,3.29104249,E04001,1.051338599,0.028927004,0.0089,5.1589,3.2643000000000004,3.2732000000000006,1.0,0.0,0.0,164.5521245,3.29104249,0.40107666210829696,0.03967940586852409,0.9603205941314759,0.04131891590267369,0.04003613322685329,1.8456638667731466,4.433234524286382,1.0034592972004903,2.668224982278438,2.6801234838242562,6.2359879738242565,2.4971960223066705,1.7507340324505614,1.7388355309047432,0.8387306322090899,0.0002487590759312371,661491.9430939119,13229.83886187824,0.0003063164620600473,0.00030578801287275265,14874.85901515863,14823.579846893028,2447689.65258233,48953.79305164661,6.286135896215206,0.12572271792430412,2439251.5565016326,48785.03113003265,6.264465249116369,0.12528930498232738,"[2.357,2.642]",2.5,"[2.500,3.000]",2.75,0.002,0.0,922,1.845,0.24,-5.273316477470999,29,1.806683522529001,0.005,0.0,369,1.8475000000000001,0.1,-1.775816477471,35,1.7741835225290004,1.871340969601846,1.873859344696339,0.8417903307728146,0.8416415358760324,1.9001567635363465,1.941773503020976,0.8363420998525553,0.8361614116526156
26,56,5.15,22.98,1.9005,170.6339575,3.412679149,E04001,0.978703199,0.027134107,0.0089,5.1589,3.2495000000000003,3.2584000000000004,1.0,0.0,0.0,170.6339575,3.412679149,0.40107666210829696,0.03967940586852409,0.9603205941314759,0.04131891590267369,0.04003613322685329,1.8604638667731468,4.433234524286382,1.0034592972004903,2.6561275250172423,2.6680051202776967,6.279905370277697,2.5059739364721447,1.7906043705117578,1.7787267752513034,0.8371622818876806,0.0002578110255131486,661856.7113658896,13237.134223438983,0.0003063164620600473,0.00030578801287275265,15193.994280707231,15141.614934553229,2592611.374349441,51852.227471794824,6.658322638264157,0.13316645272626207,2583673.679223921,51673.473569336806,6.6353689251172785,0.132707378463459,"[2.357,2.642]",2.5,"[2.500,3.000]",2.75,0.002,0.0,930,1.861,0.24,-5.273316477470999,29,1.806683522529001,0.005,0.0,372,1.8625,0.1,-1.775816477471,35,1.7741835225290004,1.88678465043116,1.8888593446963389,0.8389266816236991,0.8404418320311193,1.9001567635363465,1.941773503020976,0.8363420998525553,0.8361614116526156
26,56,5.15,22.98,1.9154,176.9254918,3.538509835,E04001,0.972160644,0.026734418,0.0089,5.1589,3.2346000000000004,3.2435000000000005,1.0,0.0,0.0,176.9254918,3.538509835,0.40107666210829696,0.03967940586852409,0.9603205941314759,0.04131891590267369,0.04003613322685329,1.8753638667731467,4.433234524286382,1.0034592972004903,2.643948328179958,2.655804875896363,6.3245620358963635,2.5148681945375118,1.8307441027490423,1.8188875550326373,0.8355652580819559,0.0002667203677281621,663337.0121187,13266.740238624756,0.0003063164620600472,0.00030578801287275254,15523.097447507258,15469.583560404002,2746431.650159546,54928.63298766783,7.053362571662373,0.1410672513933812,2736963.679365673,54739.27357184388,7.02904700902195,0.14058094014071013,"[2.357,2.642]",2.5,"[2.500,3.000]",2.75,0.002,0.0,937,1.875,0.24,-5.273316477470999,29,1.806683522529001,0.005,0.0,375,1.8775,0.1,-1.775816477471,35,1.7741835225290004,1.9002942522857467,1.9038593446963388,0.8363149986082871,0.8392360192391708,1.9001567635363465,1.941773503020976,0.8363420998525553,0.8361614116526156
26,56,5.15,22.98,1.9302,183.3194337,3.666388674,E04001,0.998257502,0.02667475,0.0089,5.1589,3.2198,3.2287000000000003,1.0,0.0,0.0,183.3194337,3.666388674,0.40107666210829696,0.03967940586852409,0.9603205941314759,0.04131891590267369,0.04003613322685329,1.8901638667731466,4.433234524286382,1.0034592972004903,2.6318508709187616,2.6436865123498032,6.369358552349803,2.523758814219339,1.8706144408102383,1.8587787993791967,0.8339609080521413,0.0002753703027784611,665719.6939914135,13314.393879828269,0.00030631646206004734,0.0003057880128727527,15857.93383906542,15803.26564645603,2907067.4510295396,58141.34902059079,7.465906078965605,0.1493181215793121,2897045.7089189836,57940.91417837967,7.440168325506005,0.1488033665101201,"[2.357,2.642]",2.5,"[2.500,3.000]",2.75,0.002,0.0,945,1.891,0.24,-5.273316477470999,29,1.806683522529001,0.005,0.0,378,1.8925,0.1,-1.775816477471,36,1.8741835225290004,1.9157296648044877,1.918859344696339,0.8332013338059535,0.8380241647500442,1.9001567635363465,1.995062897472271,0.8363420998525553,0.8317767983604504
26,56,5.15,22.98,1.9451,189.9347649,3.798695299,E04001,1.026668288,0.026798675,0.0089,5.1589,3.2049000000000003,3.2138000000000004,1.0,0.0,0.0,189.9347649,3.798695299,0.40107666210829696,0.03967940586852409,0.9603205941314759,0.04131891590267369,0.04003613322685329,1.9050638667731468,4.433234524286382,1.0034592972004903,2.619671674081477,2.6314862679684694,6.414900277968469,2.5327653420655594,1.9107541730475237,1.8989395791605315,0.8323274615792369,0.0002838805400333611,669065.8150702377,13381.316304927363,0.0003063164620600473,0.00030578801287275265,16203.217084949141,16147.358572643483,3077554.2276534787,61551.08456927278,7.903748779013429,0.15807497562188152,3066944.7542510396,61338.89510116815,7.876501619013119,0.15753003242173189,"[2.357,2.642]",2.5,"[2.500,3.000]",2.75,0.002,0.0,952,1.905,0.24,-5.273316477470999,29,1.806683522529001,0.005,0.0,381,1.9075,0.1,-1.775816477471,36,1.8741835225290004,1.9292320376951508,1.9338593446963388,0.8303570590218158,0.8368063358374476,1.9001567635363465,1.995062897472271,0.8363420998525553,0.8317767983604504
26,56,5.15,22.98,1.9599,196.6449601,3.932899201,E04001,1.022146715,0.02649445,0.0089,5.1589,3.1901,3.1990000000000003,1.0,0.0,0.0,196.6449601,3.932899201,0.40107666210829696,0.03967940586852409,0.9603205941314759,0.04131891590267369,0.04003613322685329,1.9198638667731467,4.433234524286382,1.0034592972004903,2.6075742168202813,2.61936790442191,6.460575914421909,2.5417662981521154,1.9506245111087184,1.93883082350709,0.8306867554135587,0.0002921396436973612,673119.7368875829,13462.394734328638,0.00030631646206004734,0.0003057880128727527,16554.504050081065,16497.434521027204,3255359.7884034794,65107.195751515086,8.360387518650237,0.16720775033048962,3244137.353139757,64882.74704629771,8.331566155173945,0.1666313230611103,"[2.357,2.642]",2.5,"[2.500,3.000]",2.75,0.002,0.0,959,1.919,0.24,-5.273316477470999,30,2.0466835225290003,0.005,0.0,383,1.9175,0.1,-1.775816477471,37,1.974183522529,1.9427310410383214,1.9438593446963388,0.8273938239501929,0.8359911640006619,1.9421234176010564,2.0483522919235657,0.8275298808383188,0.8273210952681829
26,56,5.15,22.98,1.9748,203.5479267,4.070958534,E04001,1.031698055,0.026234608,0.0089,5.1589,3.1752000000000002,3.1841000000000004,1.0,0.0,0.0,203.5479267,4.070958534,0.40107666210829696,0.03967940586852409,0.9603205941314759,0.04131891590267369,0.04003613322685329,1.9347638667731468,4.433234524286382,1.0034592972004903,2.595395019982997,2.6071676600405764,6.507002700040577,2.5508827295743286,1.9907642433460029,1.9789916032884234,0.8290165286663608,0.0003002620445075417,677900.9549270137,13558.019098540275,0.0003063164620600472,0.00030578801287275254,16916.739683341686,16858.421393410776,3443367.2890678146,68867.34578135629,8.843226794224627,0.17686453588449252,3431496.7220636886,68629.93444127377,8.812740904285786,0.17625481808571572,"[2.357,2.642]",2.5,"[2.500,3.000]",2.75,0.002,0.0,967,1.935,0.24,-5.273316477470999,30,2.0466835225290003,0.005,0.0,386,1.9325,0.1,-1.775816477471,37,1.974183522529,1.958154350688254,1.958859344696339,0.823852092256735,0.8347635272529197,1.9421234176010564,2.0483522919235657,0.8275298808383188,0.8273210952681829
26,56,5.15,22.98,1.9896,210.5445253,4.210890506,E04001,1.040160031,0.025980253,0.0089,5.1589,3.1604,3.1693000000000002,1.0,0.0,0.0,210.5445253,4.210890506,0.40107666210829696,0.03967940586852409,0.9603205941314759,0.04131891590267369,0.04003613322685329,1.9495638667731467,4.433234524286382,1.0034592972004903,2.5832975627218007,2.5950492964940164,6.553557456494016,2.5599916907080025,2.0306345814071998,2.018882847634984,0.8273391124355592,0.00030814151149810825,683272.1897039587,13665.443794079176,0.00030631646206004734,0.0003057880128727527,17285.26245019599,17225.673725301494,3639317.37726243,72786.3475452486,9.346464156023,0.18692928312046,3626771.297466286,72535.42594932571,9.314243419836075,0.18628486839672148,"[2.357,2.642]",2.5,"[2.500,3.000]",2.75,0.002,0.0,974,1.949,0.24,-5.273316477470999,30,2.0466835225290003,0.005,0.0,389,1.9475,0.1,-1.775816477471,37,1.974183522529,1.971646142058816,1.9738593446963388,0.8206082392212242,0.8335300955359557,1.9421234176010564,2.0483522919235657,0.8275298808383188,0.8273210952681829
26,56,5.15,22.98,2.0044,217.6504344,4.353008688,E04001,1.052145844,0.025821221,0.0089,5.1589,3.1456000000000004,3.1545000000000005,1.0,0.0,0.0,217.6504344,4.353008688,0.40107666210829696,0.03967940586852409,0.9603205941314759,0.04131891590267369,0.04003613322685329,1.9643638667731467,4.433234524286382,1.0034592972004903,2.5712001054606053,2.5829309329474572,6.600550292947457,2.569153614120311,2.070504919468395,2.058774091981543,0.8256432716853024,0.00031583597371932375,689124.9018815728,13782.498037631458,0.0003063164620600473,0.00030578801287275265,17662.678838466425,17601.789018989413,3844289.721859905,76885.7944371981,9.872872400526637,0.19745744801053272,3831037.026200196,76620.74052400391,9.83883693944593,0.19677673878891858,"[2.357,2.642]",2.5,"[2.500,3.000]",2.75,0.002,0.0,982,1.965,0.24,-5.273316477470999,30,2.0466835225290003,0.005,0.0,392,1.9625000000000001,0.1,-1.775816477471,38,2.074183522529,1.9870612160568584,1.988859344696339,0.8167236143615121,0.8322909361449207,1.9421234176010564,2.1016416863748613,0.8275298808383188,0.8227973156841768
26,56,5.15,22.98,2.0193,224.9240133,4.498480267,E04001,1.093702697,0.02627554,0.0089,5.1589,3.1307000000000005,3.1396000000000006,1.0,0.0,0.0,224.9240133,4.498480267,0.40107666210829696,0.03967940586852409,0.9603205941314759,0.04131891590267369,0.04003613322685329,1.9792638667731466,4.433234524286382,1.0034592972004903,2.5590209086233204,2.5707306885661234,6.648303178566123,2.5784303710913203,2.110644651705679,2.098934871762876,0.8239172729441991,0.0003233983466001765,695501.4324117057,13910.028651326274,0.0003063164620600474,0.00030578801287275276,18051.840999665725,17989.609593560806,4060292.525098299,81205.8505200178,10.42760897576503,0.20855217956166117,4046295.187483879,80925.90376766717,10.391661131504375,0.20783322267628823,"[2.357,2.642]",2.5,"[2.500,3.000]",2.75,0.002,0.0,989,1.979,0.24,-5.273316477470999,30,2.0466835225290003,0.005,0.0,395,1.9775,0.1,-1.775816477471,38,2.074183522529,2.0005458070016715,2.003859344696339,0.8131585201787818,0.8310461163631032,1.9421234176010564,2.1016416863748613,0.8275298808383188,0.8227973156841768
26,56,5.15,22.98,2.0341,232.256814,4.64513628,E04001,1.072089106,0.02544597,0.0089,5.1589,3.1159000000000003,3.1248000000000005,1.0,0.0,0.0,232.256814,4.64513628,0.40107666210829696,0.03967940586852409,0.9603205941314759,0.04131891590267369,0.04003613322685329,1.9940638667731467,4.433234524286382,1.0034592972004903,2.546923451362125,2.5586123250195634,6.696175135019564,2.587696878504042,2.150514989766875,2.1388261161094366,0.822184197015906,0.00033072990138583596,702255.2633638186,14045.105267276373,0.0003063164620600473,0.00030578801287275265,18447.740526261397,18384.144307325656,4284613.440128155,85692.2688025631,11.003708055463857,0.22007416110927716,4269842.784935693,85396.85569871387,10.965774183529565,0.2193154836705913,"[2.357,2.642]",2.5,"[2.500,3.000]",2.75,0.002,0.0,997,1.995,0.24,-5.273316477470999,30,2.0466835225290003,0.005,0.0,398,1.9925,0.1,-1.775816477471,39,2.1741835225290003,2.015952658526629,2.0188593446963385,0.8088801166739475,0.829795703454467,1.9421234176010564,2.1549310808261564,0.8275298808383188,0.818208465257817
26,56,5.15,22.98,2.049,239.7337963,4.794675927,E04001,1.084536281,0.025236325,0.0089,5.1589,3.1010000000000004,3.1099000000000006,1.0,0.0,0.0,239.7337963,4.794675927,0.40107666210829696,0.03967940586852409,0.9603205941314759,0.04131891590267369,0.04003613322685329,2.0089638667731466,4.433234524286382,1.0034592972004903,2.53474425452484,2.5464120806382304,6.74481308063823,2.5970777964162393,2.19065472200416,2.1789868958907697,0.8204205366033624,0.0003379325094910433,709413.2395283916,14188.264793527005,0.0003063164620600473,0.00030578801287275265,18855.949741567576,18790.946273728303,4520408.414387999,90408.16830661593,11.609274717184297,0.23218549439211164,4504824.886270225,90096.49774419545,11.569253231867533,0.23138506468560943,"[2.357,2.642]",2.5,"[2.500,3.000]",2.75,0.002,0.0,1004,2.009,0.24,-5.273316477470999,31,2.2866835225290005,0.005,0.0,401,2.0075,0.1,-1.775816477471,39,2.1741835225290003,2.029430060561772,2.0338593446963387,0.8049448870595023,0.8285397646562592,1.9834873465255325,2.1549310808261564,0.8176418664503426,0.818208465257817
26,56,5.15,22.98,2.0638,247.2280766,4.944561533,E04001,1.09210897,0.024956712,0.0089,5.1589,3.0862000000000003,3.0951000000000004,1.0,0.0,0.0,247.2280766,4.944561533,0.40107666210829696,0.03967940586852409,0.9603205941314759,0.04131891590267369,0.04003613322685329,2.023763866773147,4.433234524286382,1.0034592972004903,2.522646797263645,2.5342937170916704,6.793564157091671,2.6064466534137374,2.230525060065356,2.2188781402373303,0.8186498788381911,0.0003449122532096205,716785.4267263364,14335.708537426015,0.00030631646206004723,0.0003057880128727526,19271.21489149209,19204.779850319846,4764385.391368868,95287.70784664855,12.235854329199846,0.24471708663348904,4747960.783921012,94959.21569762501,12.193672791050071,0.24387345587032297,"[2.357,2.642]",2.5,"[2.500,3.000]",2.75,0.002,0.0,1011,2.023,0.24,-5.273316477470999,31,2.2866835225290005,0.005,0.0,404,2.0225,0.1,-1.775816477471,39,2.1741835225290003,2.0429041117048428,2.048859344696339,0.8008173448325006,0.8272783671716889,1.9834873465255325,2.1549310808261564,0.8176418664503426,0.818208465257817
26,56,5.15,22.98,2.0787,254.8432385,5.09686477,E04001,1.079094747,0.024485641,0.0089,5.1589,3.0713000000000004,3.0802000000000005,1.0,0.0,0.0,254.8432385,5.09686477,0.40107666210829696,0.03967940586852409,0.9603205941314759,0.04131891590267369,0.04003613322685329,2.0386638667731467,4.433234524286382,1.0034592972004903,2.51046760042636,2.5220934727103366,6.8430871627103365,2.615929502626234,2.27066479230264,2.2590389200186634,0.8168482094013239,0.0003517662286132786,724467.6087998407,14489.352175996812,0.0003063164620600473,0.00030578801287275265,19699.38066465734,19631.46957690843,5020253.965025559,100405.07930051118,12.8929738393795,0.25785947678759,5002947.283493569,100058.94566987138,12.84852696601554,0.2569705393203108,"[2.357,2.642]",2.5,"[2.500,3.000]",2.75,0.002,0.0,1019,2.039,0.24,-5.273316477470999,31,2.2866835225290005,0.005,0.0,407,2.0375,0.1,-1.775816477471,40,2.274183522529,2.0582989273682415,2.063859344696339,0.795846441660668,0.826011578162677,1.9834873465255325,2.208220475277451,0.8176418664503426,0.8135575380132072
26,56,5.15,22.98,2.0935,262.4503937,5.249007875,E04001,1.066868279,0.024080741,0.0089,5.1589,3.0565,3.0654000000000003,1.0,0.0,0.0,262.4503937,5.249007875,0.40107666210829696,0.03967940586852409,0.9603205941314759,0.04131891590267369,0.04003613322685329,2.053463866773147,4.433234524286382,1.0034592972004903,2.498370143165164,2.509975109163777,6.892717359163777,2.6253985143523977,2.3105351303638364,2.2989301643652236,0.8150396264770766,0.00035840517388188486,732272.8934334316,14645.457871458771,0.0003063164620600473,0.00030578801287275265,20134.93626688722,20065.523657073933,5284421.950368959,105688.43902751412,13.571407828568475,0.27142815662307984,5266204.583595717,105324.09169197988,13.524622141058222,0.2704924428726966,"[2.357,2.642]",2.5,"[2.500,3.000]",2.75,0.002,0.0,1026,2.053,0.24,-5.273316477470999,31,2.2866835225290005,0.005,0.0,410,2.0525,0.1,-1.775816477471,40,2.274183522529,2.07176580643646,2.078859344696339,0.7912572819109884,0.82473946474268,1.9834873465255325,2.208220475277451,0.8176418664503426,0.8135575380132072
26,56,5.15,22.98,2.1084,270.1678252,5.403356504,E04001,1.084511081,0.024096134,0.0089,5.1589,3.0416000000000003,3.0505000000000004,1.0,0.0,0.0,270.1678252,5.403356504,0.40107666210829696,0.03967940586852409,0.9603205941314759,0.04131891590267369,0.04003613322685329,2.0683638667731468,4.433234524286382,1.0034592972004903,2.4861909463278793,2.4977748647824436,6.943125424782444,2.6349811052040666,2.3506748626011205,2.339090944146556,0.8131996041484112,0.00036492155306141945,740344.9397096268,14806.898794192537,0.0003063164620600473,0.00030578801287275265,20584.011783571234,20513.05104352286,5561137.697458613,111222.75394917226,14.282066873514438,0.2856413374702888,5541966.388645162,110839.32777290323,14.232831280112098,0.2846566256022419,"[2.357,2.642]",2.5,"[2.000,2.500]",2.25,0.002,0.0,1034,2.069,0.24,-5.273316477470999,31,2.2866835225290005,0.005,0.0,413,2.0675,0.1,-1.275816477471,36,2.3741835225290004,2.0871524319846486,2.0890667365697317,0.7857152707909417,0.804553232620581,1.9834873465255325,1.995062897472271,0.8176418664503426,0.8137854540402821
26,56,5.15,22.98,2.1232,277.8641517,5.557283035,E04001,1.047274354,0.023176793,0.0089,5.1589,3.0268,3.0357000000000003,1.0,0.0,0.0,277.8641517,5.557283035,0.40107666210829696,0.03967940586852409,0.9603205941314759,0.04131891590267369,0.04003613322685329,2.083163866773147,4.433234524286382,1.0034592972004903,2.4740934890666835,2.4856565012358836,6.993634741235884,2.6445481166422145,2.390545200662317,2.378982188493117,0.8113527563316474,0.0003712306069037717,748494.7268155245,14969.894539004235,0.0003063164620600474,0.00030578801287275276,21040.82712990714,20968.291577553842,5846491.581517993,116929.83165140069,15.014910308881197,0.3002982062316608,5826336.551795253,116526.73105687335,14.963148331746662,0.2992629666887839,"[2.642,2.923]",2.783,"[2.000,2.500]",2.25,0.002,0.0,1041,2.083,0.24,-6.768405477470999,38,2.471594522529001,0.005,0.0,416,2.0825,0.1,-1.275816477471,36,2.3741835225290004,2.1143863991152614,2.104066736569732,0.8364956107982318,0.8030606805600976,2.2580817241395157,1.995062897472271,0.8052344138728427,0.8137854540402821
26,56,5.15,22.98,2.1381,285.654511,5.713090219,E04001,1.071224113,0.023699958,0.0089,5.1589,3.0119000000000002,3.0208000000000004,1.0,0.0,0.0,285.654511,5.713090219,0.40107666210829696,0.03967940586852409,0.9603205941314759,0.04131891590267369,0.04003613322685329,2.098063866773147,4.433234524286382,1.0034592972004903,2.461914292229399,2.47345625685455,7.04492786685455,2.654228299686097,2.4306849328996014,2.4191429682744503,0.8094740409856848,0.0003774203098761542,756860.4643818294,15137.20928498702,0.00030631646206004723,0.0003057880128727526,21511.811450925015,21437.652240544216,6144945.980738186,122898.91959325189,15.781398376656487,0.31562796747788324,6123762.0677607125,122475.24133377659,15.726994030235565,0.31453988054965526,"[2.642,2.923]",2.783,"[2.000,2.500]",2.25,0.002,0.0,1049,2.099,0.24,-6.768405477470999,38,2.471594522529001,0.005,0.0,419,2.0975,0.1,-1.275816477471,36,2.3741835225290004,2.1297609460917286,2.119066736569732,0.8337239078818395,0.8015630368494616,2.2580817241395157,1.995062897472271,0.8052344138728427,0.8137854540402821
26,56,5.15,22.98,2.1529,293.48389,5.8696778,E04001,1.103978825,0.024362496,0.0089,5.1589,2.9971000000000005,3.0060000000000007,1.0,0.0,0.0,293.48389,5.8696778,0.40107666210829696,0.03967940586852409,0.9603205941314759,0.04131891590267369,0.04003613322685329,2.1128638667731465,4.433234524286382,1.0034592972004903,2.4498168349682037,2.4613378933079906,7.09631630330799,2.663891195846405,2.4705552709607956,2.4590342126210087,0.8075885923892866,0.0003834102540893375,765456.5491397004,15309.130982794008,0.0003063164620600472,0.00030578801287275254,21990.902536187234,21915.09172074916,6453975.6209310945,129079.5124186219,16.575045688995147,0.33150091377990293,6431726.367912256,128634.52735824513,16.51790534527627,0.33035810690552536,"[2.642,2.923]",2.783,"[2.000,2.500]",2.25,0.002,0.0,1056,2.113,0.24,-6.768405477470999,38,2.471594522529001,0.005,0.0,422,2.1125,0.1,-1.275816477471,37,2.474183522529,2.1432101041950986,2.1340667365697317,0.831203840853895,0.8000603893320857,2.2580817241395157,2.0483522919235657,0.8052344138728427,0.8085780962969309
26,56,5.15,22.98,2.1678,300.9607509,6.019215018,E04001,1.099811185,0.024687605,0.0089,5.1589,2.9822,2.9911000000000003,1.0,0.0,0.0,300.9607509,6.019215018,0.40107666210829696,0.03967940586852409,0.9603205941314759,0.04131891590267369,0.04003613322685329,2.127763866773147,4.433234524286382,1.0034592972004903,2.4376376381309184,2.4491376489266568,7.148494488926658,2.6736668619943393,2.510695003198083,2.4991949924023444,0.8056708479045341,0.00038928406571472885,773113.4598263957,15462.269196527914,0.00030631646206004734,0.0003057880128727527,22484.842917012655,22407.329305475756,6767055.208172675,135341.10416345348,17.379094041144374,0.3475818808228874,6743726.653439559,134874.53306879118,17.319181843877065,0.3463836368775413,"[2.642,2.923]",2.783,"[2.000,2.500]",2.25,0.002,0.0,1063,2.1270000000000002,0.24,-6.768405477470999,38,2.471594522529001,0.005,0.0,425,2.1275,0.1,-1.275816477471,37,2.474183522529,2.156655932423959,2.149066736569732,0.8285902644372704,0.7985528255924864,2.2580817241395157,2.0483522919235657,0.8052344138728427,0.8085780962969309
26,56,5.15,22.98,2.1826,308.8869208,6.177738416,E04001,1.11367616,0.025154837,0.0089,5.1589,2.9674000000000005,2.9763000000000006,1.0,0.0,0.0,308.8869208,6.177738416,0.40107666210829696,0.03967940586852409,0.9603205941314759,0.04131891590267369,0.04003613322685329,2.1425638667731466,4.433234524286382,1.0034592972004903,2.425540180869723,2.437019285380097,7.200762045380097,2.683423568015325,2.550565341259277,2.539086236748903,0.8037464667506673,0.0003949655393323158,782060.4332270846,15641.208664541693,0.0003063164620600473,0.00030578801287275265,22987.274808867303,22908.029127836628,7100468.533294429,142009.3706658886,18.23536332720895,0.36470726654417907,7075990.578894165,141519.81157788332,18.172499251422597,0.36344998502845194,"[2.642,2.923]",2.783,"[2.000,2.500]",2.25,0.002,0.0,1071,2.1430000000000002,0.24,-6.768405477470999,38,2.471594522529001,0.005,0.0,428,2.1425,0.1,-1.275816477471,38,2.574183522529,2.1720185190306793,2.164066736569732,0.8254822062455623,0.7970404329471643,2.2580817241395157,2.1016416863748613,0.8052344138728427,0.8033023288226222
26,56,5.15,22.98,2.1975,316.6553752,6.333107505,E04001,1.073722496,0.021158649,0.0089,5.1589,2.9525000000000006,2.9614000000000007,1.0,0.0,0.0,316.6553752,6.333107505,0.40107666210829696,0.03967940586852409,0.9603205941314759,0.04131891590267369,0.04003613322685329,2.1574638667731465,4.433234524286382,1.0034592972004903,2.413360984032438,2.4248190409987638,7.253825290998763,2.69329264859925,2.590705073496562,2.5792470165302364,0.801789361277068,0.00040053409267087073,790582.8267662696,15811.65653782206,0.0003063164620600474,0.00030578801287275276,23505.269154061338,23424.23775397539,7443069.8231562795,148861.39648663087,19.11522906673116,0.38230458139498924,7417410.794759083,148348.21591860589,19.049331766679476,0.3809866353937474,"[2.642,2.923]",2.783,"[2.000,2.500]",2.25,0.002,0.0,1078,2.157,0.24,-6.768405477470999,38,2.471594522529001,0.005,0.0,431,2.1575,0.1,-1.275816477471,38,2.574183522529,2.185457220134701,2.179066736569732,0.8226504441442726,0.7955232984356385,2.2580817241395157,2.1016416863748613,0.8052344138728427,0.8033023288226222
26,56,5.15,22.98,2.2123,324.3802817,6.487605633,E04001,1.100560115,0.021302158,0.0089,5.1589,2.9377000000000004,2.9466000000000006,1.0,0.0,0.0,324.3802817,6.487605633,0.40107666210829696,0.03967940586852409,0.9603205941314759,0.04131891590267369,0.04003613322685329,2.1722638667731466,4.433234524286382,1.0034592972004903,2.4012635267712423,2.4127006774522037,7.306971967452204,2.703141129769625,2.6305754115577584,2.619138260876797,0.7998257201654724,0.00040591757640815785,799128.4451645165,15982.568900826776,0.00030631646206004745,0.0003057880128727528,24032.158501430597,23949.310717910455,7795558.344553107,155911.16686702997,20.020487110788643,0.4004097421540536,7768684.157196623,155373.68311998315,19.95146904975914,0.3990293809336764,"[2.642,2.923]",2.783,"[2.000,2.500]",2.25,0.002,0.0,1086,2.173,0.24,-6.768405477470999,39,2.7115945225290012,0.005,0.0,434,2.1725,0.1,-1.275816477471,38,2.574183522529,2.2008116679294787,2.1940667365697317,0.8192778378521399,0.7940015088116387,2.295406563984193,2.1016416863748613,0.7946119762762176,0.8033023288226222
26,56,5.15,22.98,2.2272,332.1486658,6.642973316,E04001,1.098905513,0.0210749,0.0089,5.1589,2.9228000000000005,2.9317000000000006,1.0,0.0,0.0,332.1486658,6.642973316,0.40107666210829696,0.03967940586852409,0.9603205941314759,0.04131891590267369,0.04003613322685329,2.1871638667731466,4.433234524286382,1.0034592972004903,2.389084329933958,2.4005004330708704,7.360920273070869,2.7131015965258043,2.670715143795041,2.6592990406581287,0.7978289263971609,0.00041119133801454153,807771.5532720044,16155.431065440089,0.0003063164620600473,0.00030578801287275265,24575.357963369475,24490.63756938747,8162672.359090577,163253.44718181153,20.96330622282476,0.41926612445649514,8134532.593263403,162690.65186526804,20.891037913854024,0.41782075827708043,"[2.642,2.923]",2.783,"[2.000,2.500]",2.25,0.002,0.0,1093,2.187,0.24,-6.768405477470999,39,2.7115945225290012,0.005,0.0,437,2.1875,0.1,-1.275816477471,39,2.6741835225290003,2.2142432532301086,2.209066736569732,0.8162002216805836,0.7924751505344502,2.295406563984193,2.1549310808261564,0.7946119762762176,0.7979621162775451
26,56,5.15,22.98,2.242,339.8351566,6.796703132,E04001,1.121131798,0.021392725,0.0089,5.1589,2.9080000000000004,2.9169000000000005,1.0,0.0,0.0,339.8351566,6.796703132,0.40107666210829696,0.03967940586852409,0.9603205941314759,0.04131891590267369,0.04003613322685329,2.2019638667731467,4.433234524286382,1.0034592972004903,2.376986872672762,2.3883820695243103,7.41494606952431,2.723039858232764,2.7105854818562376,2.6991902850046894,0.7958257025786908,0.00041628714058106295,816347.9566667624,16326.959133335247,0.00030631646206004734,0.0003057880128727527,25127.875653108396,25041.250525269556,8539335.55759942,170786.7111519884,21.930649468497947,0.4386129893699589,8509897.293714812,170197.94587429625,21.855046367781295,0.4371009273556259,"[2.642,2.923]",2.783,"[2.000,2.500]",2.25,0.002,0.0,1100,2.201,0.24,-6.768405477470999,39,2.7115945225290012,0.005,0.0,440,2.2025,0.1,-1.275816477471,39,2.6741835225290003,2.227671521688528,2.224066736569732,0.812997063996161,0.790944309760419,2.295406563984193,2.1549310808261564,0.7946119762762176,0.7979621162775451
26,56,5.15,22.98,2.2568,347.5238314,6.950476628,E04001,1.107837694,0.020948204,0.0089,5.1589,2.8932,2.9021000000000003,1.0,0.0,0.0,347.5238314,6.950476628,0.40107666210829696,0.03967940586852409,0.9603205941314759,0.04131891590267369,0.04003613322685329,2.216763866773147,4.433234524286382,1.0034592972004903,2.3648894154115667,2.3762637059777507,7.469409945977751,2.733022126873061,2.7504558199174336,2.7390815293512496,0.7938026350779177,0.00042124337853475055,824995.3568619263,16499.907137238522,0.0003063164620600472,0.00030578801287275254,25693.619104624366,25605.0436488116,8929144.953771297,178582.89907542593,22.931754667996106,0.4586350933599221,8898362.871999243,177967.25743998485,22.852700385528802,0.457054007710576,"[2.642,2.923]",2.783,"[2.000,2.500]",2.25,0.002,0.0,1108,2.217,0.24,-6.768405477470999,39,2.7115945225290012,0.005,0.0,443,2.2175000000000002,0.1,-1.275816477471,40,2.774183522529,2.243014055923389,2.239066736569732,0.8091727394370334,0.7894090723346096,2.295406563984193,2.208220475277451,0.7946119762762176,0.7925613838475247
26,56,5.15,22.98,2.2717,355.2308841,7.104617682,E04001,1.106322726,0.023505839,0.0089,5.1589,2.8783000000000003,2.8872000000000004,1.0,0.0,0.0,355.2308841,7.104617682,0.40107666210829696,0.03967940586852409,0.9603205941314759,0.04131891590267369,0.04003613322685329,2.2316638667731468,4.433234524286382,1.0034592972004903,2.3527102185742814,2.364063461596417,7.5246843515964175,2.743115810824694,2.790595552154719,2.7792423091325835,0.7917457736873208,0.0004260946437860903,833690.0951008772,16673.80190201754,0.0003063164620600474,0.00030578801287275276,26276.861357469214,26186.275248809736,9334352.691386916,186687.0538277383,23.972405757958587,0.47944811515917174,9302173.707920631,186043.4741584126,23.889763964356316,0.4777952792871263,"[2.642,2.923]",2.783,"[2.000,2.500]",2.25,0.002,0.0,1115,2.231,0.24,-6.768405477470999,39,2.7115945225290012,0.005,0.0,446,2.2325,0.1,-1.275816477471,40,2.774183522529,2.2564352251290956,2.2540667365697318,0.8056739662611453,0.787869523782623,2.295406563984193,2.208220475277451,0.7946119762762176,0.7925613838475247
26,56,5.15,22.98,2.2865,362.8732214,7.257464428,E04001,1.091290227,0.023121023,0.0089,5.1589,2.8635,2.8724000000000003,1.0,0.0,0.0,362.8732214,7.257464428,0.40107666210829696,0.03967940586852409,0.9603205941314759,0.04131891590267369,0.04003613322685329,2.246463866773147,4.433234524286382,1.0034592972004903,2.340612761313086,2.3519450980498573,7.580027348049859,2.75318494621227,2.830465890215915,2.8191335534791437,0.7896826492141468,0.00043077829874804365,842366.5315885366,16847.330631770732,0.00030631646206004723,0.0003057880128727526,26870.095214674835,26777.464008394367,9750438.009873781,195008.76019747564,25.040992559258736,0.5008198511851748,9716824.62564862,194336.49251297239,24.954666949740332,0.4990933389948066,"[2.642,2.923]",2.783,"[2.000,2.500]",2.25,0.002,0.0,1123,2.247,0.24,-6.768405477470999,39,2.7115945225290012,0.005,0.0,449,2.2475,0.1,-1.275816477471,40,2.774183522529,2.2717696523637514,2.269066736569732,0.8014888828252028,0.7863257493025692,2.295406563984193,2.208220475277451,0.7946119762762176,0.7925613838475247
26,56,5.15,22.98,2.3014,370.5021293,7.410042586,E04001,1.074217848,0.022267079,0.0089,5.1589,2.8486000000000002,2.8575000000000004,1.0,0.0,0.0,370.5021293,7.410042586,0.40107666210829696,0.03967940586852409,0.9603205941314759,0.04131891590267369,0.04003613322685329,2.261363866773147,4.433234524286382,1.0034592972004903,2.328433564475801,2.339744853668524,7.636186813668524,2.763365124928033,2.8706056224532,2.859294333260477,0.7875853035072884,0.0004353601131586792,851024.5153417628,17020.490306835258,0.0003063164620600473,0.00030578801287275265,27481.66966652323,27386.93013577452,10182017.128166078,203640.34256332155,26.1493704063816,0.522987408127632,10146915.930294797,202938.31860589597,26.05922380642109,0.5211844761284219,"[2.642,2.923]",2.783,"[2.000,2.500]",2.25,0.002,0.0,1130,2.261,0.24,-6.768405477470999,40,2.9515945225289997,0.005,0.0,452,2.2625,0.1,-1.275816477471,41,2.8741835225290004,2.285183733564537,2.284066736569732,0.7976525816777223,0.7847778337571977,2.332305469098242,2.2615098697287466,0.7827050626381734,0.7871040120935976
26,56,5.15,22.98,2.3162,378.0988011,7.561976022,E04001,1.126689634,0.02285117,0.0089,5.1589,2.8338000000000005,2.8427000000000007,1.0,0.0,0.0,378.0988011,7.561976022,0.40107666210829696,0.03967940586852409,0.9603205941314759,0.04131891590267369,0.04003613322685329,2.2761638667731465,4.433234524286382,1.0034592972004903,2.316336107214606,2.3276264901219643,7.692408930121964,2.7735192319726147,2.910475960514394,2.8991855776070357,0.7854818121614687,0.0004397810155086743,859743.3444521716,17194.86688904343,0.0003063164620600473,0.00030578801287275265,28103.712997614908,28006.829052279747,10625980.190856684,212519.60381713367,27.289552594931823,0.5457910518986365,10589348.487279622,211786.96974559242,27.195475363142105,0.543909507262842,"[2.642,2.923]",2.783,"[2.000,2.500]",2.25,0.002,0.0,1138,2.277,0.24,-6.768405477470999,40,2.9515945225289997,0.005,0.0,455,2.2775,0.1,-1.275816477471,41,2.8741835225290004,2.3005100666366474,2.2990667365697317,0.7930543380260059,0.7832258616661854,2.332305469098242,2.2615098697287466,0.7827050626381734,0.7871040120935976
26,56,5.15,22.98,2.3311,385.7210729,7.714421458,E04001,1.091462276,0.022269978,0.0089,5.1589,2.8189,2.8278000000000003,1.0,0.0,0.0,385.7210729,7.714421458,0.40107666210829696,0.03967940586852409,0.9603205941314759,0.04131891590267369,0.04003613322685329,2.291063866773147,4.433234524286382,1.0034592972004903,2.304156910377321,2.3154262457406305,7.749453455740632,2.7837840174375295,2.950615692751679,2.9393463573883696,0.7833436729503619,0.0004441031726877446,868539.3318980095,17370.78663796019,0.00030631646206004723,0.0003057880128727526,28744.979854545698,28645.885223984802,11087544.469984254,221750.88939968505,28.47493807890176,0.5694987615780351,11049321.582765676,220986.4316553135,28.376774382720672,0.5675354876544134,"[2.642,2.923]",2.783,"[2.000,2.500]",2.25,0.002,0.0,1145,2.291,0.24,-6.768405477470999,40,2.9515945225289997,0.005,0.0,458,2.2925,0.1,-1.275816477471,42,2.974183522529,2.3139170710506534,2.314066736569732,0.7888302570315237,0.7816699171985794,2.332305469098242,2.3147992641800412,0.7827050626381734,0.7815938321144594
26,56,5.15,22.98,2.3459,393.2562235,7.865124471,E04001,1.11632054,0.022453554,0.0089,5.1589,2.8041000000000005,2.8130000000000006,1.0,0.0,0.0,393.2562235,7.865124471,0.40107666210829696,0.03967940586852409,0.9603205941314759,0.04131891590267369,0.04003613322685329,2.3058638667731466,4.433234524286382,1.0034592972004903,2.2920594531161256,2.3033078821940713,7.806554692194071,2.7940212404693834,2.990486030812875,2.9792376017349294,0.7811995104796485,0.00044827094597323276,877273.5039657961,17545.470081546715,0.0003063164620600473,0.00030578801287275265,29397.216585349815,29295.873452330252,11560638.375766233,231212.7675447219,29.68993385268347,0.5937986771291671,11520784.557997301,230415.69118924192,29.58758161443538,0.591751632363945,"[2.642,2.923]",2.783,"[2.000,2.500]",2.25,0.002,0.0,1152,2.305,0.24,-6.768405477470999,40,2.9515945225289997,0.005,0.0,461,2.3075,0.1,-1.275816477471,42,2.974183522529,2.32732077679492,2.329066736569732,0.7844051533519933,0.7801100841653997,2.332305469098242,2.3147992641800412,0.7827050626381734,0.7815938321144594
26,56,5.15,22.98,2.3608,400.8422908,8.016845816,E04001,1.092699074,0.021928824,0.0089,5.1589,2.7892000000000006,2.7981000000000007,1.0,0.0,0.0,400.8422908,8.016845816,0.40107666210829696,0.03967940586852409,0.9603205941314759,0.04131891590267369,0.04003613322685329,2.3207638667731465,4.433234524286382,1.0034592972004903,2.2798802562788407,2.2911076378127375,7.864484277812737,2.8043687842030938,3.0306257630501583,3.0193983815162615,0.7790202744108311,0.0004523430277736834,886146.7209361957,17722.93441872391,0.0003063164620600473,0.00030578801287275265,30069.603067876233,29965.941968713807,12053168.577174217,241063.37154348433,30.954845756761838,0.6190969151352368,12011616.824719105,240232.3364943821,30.84813289699093,0.6169626579398185,"[2.642,2.923]",2.783,"[2.000,2.500]",2.25,0.002,0.0,1160,2.321,0.24,-6.768405477470999,40,2.9515945225289997,0.005,0.0,464,2.3225000000000002,0.1,-1.275816477471,42,2.974183522529,2.342635261579815,2.344066736569732,0.7790831257598484,0.7785464460123961,2.332305469098242,2.3147992641800412,0.7827050626381734,0.7815938321144594
26,56,5.15,22.98,2.3756,408.3188583,8.166377166,E04001,1.065343888,0.021355859,0.0089,5.1589,2.7744000000000004,2.7833000000000006,1.0,0.0,0.0,408.3188583,8.166377166,0.40107666210829696,0.03967940586852409,0.9603205941314759,0.04131891590267369,0.04003613322685329,2.3355638667731466,4.433234524286382,1.0034592972004903,2.267782799017645,2.278989274266178,7.922464634266178,2.8146873066588016,3.0704961011113547,3.0592896258628217,0.7768351425068869,0.0004562670820329366,894911.9372817797,17898.238745635594,0.00030631646206004734,0.0003057880128727527,30753.48544841497,30647.466752476008,12557228.067042463,251144.5613408493,32.24936708210463,0.6449873416420926,12513938.634158213,250278.77268316425,32.13819152612947,0.6427638305225893,"[2.642,2.923]",2.783,"[2.000,2.500]",2.25,0.002,0.0,1167,2.335,0.24,-6.768405477470999,40,2.9515945225289997,0.005,0.0,467,2.3375,0.1,-1.275816477471,43,3.0741835225290006,2.356031906937119,2.3590667365697318,0.7741767251263026,0.7769790858129617,2.332305469098242,2.3680886586313368,0.7827050626381734,0.7760346210237161
26,56,5.15,22.98,2.3905,415.8444974,8.316889947,E04001,1.125420687,0.022051512,0.0089,5.1589,2.7595000000000005,2.7684000000000006,1.0,0.0,0.0,415.8444974,8.316889947,0.40107666210829696,0.03967940586852409,0.9603205941314759,0.04131891590267369,0.04003613322685329,2.3504638667731466,4.433234524286382,1.0034592972004903,2.2556036021803605,2.266789029884844,7.981279279884843,2.8251157993761677,3.1106358333486392,3.0994504056441556,0.7746145123616847,0.0004600984524788814,903816.3357419408,18076.326712665366,0.00030631646206004723,0.0003057880128727526,31458.4893892031,31350.040282618178,13081839.709016396,261636.79414886943,33.59667027093233,0.6719334053378552,13036741.74479511,260734.83486455216,33.48085006004956,0.6696170011204783,"[2.642,2.923]",2.783,"[2.000,2.500]",2.25,0.002,0.0,1175,2.351,0.24,-6.768405477470999,41,3.191594522529,0.005,0.0,470,2.3525,0.1,-1.275816477471,43,3.0741835225290006,2.37133832908124,2.374066736569732,0.7682603315171698,0.7754080862612042,2.368792696736156,2.3680886586313368,0.7692683956614489,0.7760346210237161
26,56,5.15,22.98,2.4053,423.2998635,8.46599727,E04001,1.091424874,0.021426891,0.0089,5.1589,2.7447000000000004,2.7536000000000005,1.0,0.0,0.0,423.2998635,8.46599727,0.40107666210829696,0.03967940586852409,0.9603205941314759,0.04131891590267369,0.04003613322685329,2.3652638667731467,4.433234524286382,1.0034592972004903,2.2435061449191647,2.2546706663382845,8.040138756338285,2.8355138434397187,3.1505061714098357,3.139341649990716,0.7723881189606286,0.0004637879788287654,912701.2402714432,18254.024805428864,0.0003063164620600473,0.00030578801287275265,32175.54167820729,32064.620625841533,13619902.400423707,272398.0480084742,34.97851833132727,0.6995703666265455,13572949.534098007,271458.99068196013,34.85793437652369,0.6971586875304738,"[2.642,2.923]",2.783,"[2.000,2.500]",2.25,0.002,0.0,1182,2.365,0.24,-6.768405477470999,41,3.191594522529,0.005,0.0,473,2.3675,0.1,-1.275816477471,44,3.1741835225290003,2.3847279251969837,2.389066736569732,0.7627909053543047,0.773833529665172,2.368792696736156,2.421378053082632,0.7692683956614489,0.7704300977423517
26,56,5.15,22.98,2.4202,430.795025,8.6159005,E04001,1.14439576,0.021982612,0.0089,5.1589,2.7298000000000004,2.7387000000000006,1.0,0.0,0.0,430.795025,8.6159005,0.40107666210829696,0.03967940586852409,0.9603205941314759,0.04131891590267369,0.04003613322685329,2.3801638667731466,4.433234524286382,1.0034592972004903,2.23132694808188,2.2424704219569507,8.099838461956951,2.8460215146686703,3.1906459036471206,3.1795024297720498,0.7701258039600037,0.00046738777926548015,921707.935275956,18434.158705519123,0.0003063164620600473,0.00030578801287275265,32914.7353473137,32801.266019599556,14179504.236814389,283590.08473628777,36.41568304198092,0.7283136608396183,14130622.21494504,282612.44429890084,36.29014464620092,0.7258028929240185,"[2.642,2.923]",2.783,"[2.000,2.500]",2.25,0.002,0.0,1190,2.3810000000000002,0.24,-6.768405477470999,41,3.191594522529,0.005,0.0,476,2.3825,0.1,-1.275816477471,44,3.1741835225290003,2.400026297421199,2.4040667365697317,0.7561762554364915,0.7722554979402356,2.368792696736156,2.421378053082632,0.7692683956614489,0.7704300977423517
26,56,5.15,22.98,2.435,438.2051738,8.764103477,E04001,1.131889876,0.021702163,0.0089,5.1589,2.7150000000000003,2.7239000000000004,1.0,0.0,0.0,438.2051738,8.764103477,0.40107666210829696,0.03967940586852409,0.9603205941314759,0.04131891590267369,0.04003613322685329,2.3949638667731468,4.433234524286382,1.0034592972004903,2.219229490820684,2.230352058410391,8.159577058410392,2.8564973408722776,3.230516241708317,3.21939367411861,0.7678578635474325,0.0004708517456544631,930664.8596808624,18613.29719574106,0.0003063164620600473,0.00030578801287275265,33666.55773111955,33550.49659218315,14752859.781812977,295057.1956699261,37.888169910938025,0.7577633983052227,14702001.190253926,294040.0238386291,37.7575553055721,0.7551511061976062,"[2.642,2.923]",2.783,"[2.000,2.500]",2.25,0.002,0.0,1197,2.395,0.24,-6.768405477470999,41,3.191594522529,0.005,0.0,478,2.3925,0.1,-1.275816477471,44,3.1741835225290003,2.413408855411511,2.414066736569732,0.7500424327334112,0.7712015864346535,2.368792696736156,2.421378053082632,0.7692683956614489,0.7704300977423517
26,56,5.15,22.98,2.4499,445.6638878,8.913277757,E04001,1.126409417,0.021473582,0.0089,5.1589,2.7001000000000004,2.7090000000000005,1.0,0.0,0.0,445.6638878,8.913277757,0.40107666210829696,0.03967940586852409,0.9603205941314759,0.04131891590267369,0.04003613322685329,2.4098638667731467,4.433234524286382,1.0034592972004903,2.207050293983399,2.2181518140290573,8.220161824029057,2.8670824585332486,3.2706559739456003,3.259554453899942,0.7655535796612601,0.0004742288910230139,939765.3669699604,18795.307341507894,0.00030631646206004734,0.0003057880128727527,34441.59190601068,34322.85893617993,15349373.750853732,306987.47505151626,39.420132048958614,0.7884026410676249,15296458.753908921,305929.17511250125,39.28423620064632,0.7856847241010739,"[2.642,2.923]",2.783,"[2.000,2.500]",2.25,0.002,0.0,1204,2.4090000000000003,0.24,-6.768405477470999,41,3.191594522529,0.005,0.0,481,2.4075,0.1,-1.275816477471,45,3.274183522529,2.4267881327392544,2.429066736569732,0.7435568690790497,0.7696179437754181,2.368792696736156,2.4746674475339265,0.7692683956614489,0.7647839191053927
26,56,5.15,22.98,2.4647,453.0683246,9.061366491,E04001,1.099171964,0.021012283,0.0089,5.1589,2.6853000000000002,2.6942000000000004,1.0,0.0,0.0,453.0683246,9.061366491,0.40107666210829696,0.03967940586852409,0.9603205941314759,0.04131891590267369,0.04003613322685329,2.424663866773147,4.433234524286382,1.0034592972004903,2.1949528367222038,2.2060334504824977,8.280779540482499,2.8776343653220606,3.3105263120067963,3.2994456982465024,0.7632438135815849,0.0004774760390541571,948881.8025245687,18977.636048397027,0.00030631646206004723,0.0003057880128727526,35229.86466973098,35108.41423066917,15961535.761799747,319230.71520076506,40.9922813560602,0.8198456270307268,15906510.414852079,318130.2082619332,40.85096572469144,0.8170193144036638,"[2.642,2.923]",2.783,"[2.000,2.500]",2.25,0.002,0.0,1212,2.4250000000000003,0.24,-6.768405477470999,41,3.191594522529,0.005,0.0,484,2.4225,0.1,-1.275816477471,45,3.274183522529,2.4420747213550626,2.4440667365697317,0.7356743847600513,0.7680310424598443,2.368792696736156,2.4746674475339265,0.7692683956614489,0.7647839191053927
26,56,5.15,22.98,2.4796,460.4983935,9.209967871,E04001,1.142240684,0.021411584,0.0089,5.1589,2.6704000000000003,2.6793000000000005,1.0,0.0,0.0,460.4983935,9.209967871,0.40107666210829696,0.03967940586852409,0.9603205941314759,0.04131891590267369,0.04003613322685329,2.4395638667731467,4.433234524286382,1.0034592972004903,2.182773639884919,2.193833206101164,8.342249366101164,2.8882952352730777,3.350666044244081,3.3396064780278363,0.7608972838421854,0.00048063921519690564,958095.7586062668,19161.915174205897,0.0003063164620600473,0.00030578801287275265,36042.472968882015,35918.221166952586,16597500.899937345,331950.01803478936,42.62556165340939,0.8525112331607517,16540283.144759363,330805.6629311054,42.478615497737366,0.8495723100469921,"[2.642,2.923]",2.783,"[2.000,2.500]",2.25,0.002,0.0,1219,2.439,0.24,-6.768405477470999,42,3.431594522529,0.005,0.0,487,2.4375,0.1,-1.275816477471,46,3.3741835225290004,2.455446976808254,2.459066736569732,0.7283265017436882,0.7664409629093609,2.404881726082686,2.527956841985222,0.7539898212815975,0.7590996762804131
26,56,5.15,22.98,2.4944,467.8641381,9.357282761,E04001,1.119983255,0.020946252,0.0089,5.1589,2.6556,2.6645000000000003,1.0,0.0,0.0,467.8641381,9.357282761,0.40107666210829696,0.03967940586852409,0.9603205941314759,0.04131891590267369,0.04003613322685329,2.454363866773147,4.433234524286382,1.0034592972004903,2.170676182623723,2.1817148425546042,8.403746202554604,2.8989215585376926,3.3905363823052777,3.3794977223743965,0.7585454206121052,0.0004836780579298965,967304.864112342,19346.09728017935,0.0003063164620600473,0.00030578801287275265,36868.96093934312,36741.85992615974,17249664.632528335,344993.2926136977,44.300443044244545,0.8860088607902044,17190198.626543656,343803.9724941313,44.14772294983615,0.8829544589023629,"[2.642,2.923]",2.783,"[2.000,2.500]",2.25,0.002,0.0,1227,2.455,0.24,-6.768405477470999,42,3.431594522529,0.005,0.0,490,2.4525,0.1,-1.275816477471,46,3.3741835225290004,2.470725546739658,2.474066736569732,0.7193608358556991,0.7648477851238757,2.404881726082686,2.527956841985222,0.7539898212815975,0.7590996762804131
26,56,5.15,22.98,2.5092,475.2573879,9.505147758,E04001,1.12991405,0.020978106,0.0089,5.1589,2.6408000000000005,2.6497000000000006,1.0,0.0,0.0,475.2573879,9.505147758,0.40107666210829696,0.03967940586852409,0.9603205941314759,0.04131891590267369,0.04003613322685329,2.4691638667731466,4.433234524286382,1.0034592972004903,2.1585787253625277,2.1695964790080446,8.465681119008044,2.9095843550253093,3.430406720366472,3.419388966720955,0.7561724806438523,0.0004866162053446732,976657.5438304039,19533.150876608077,0.00030631646206004734,0.0003057880128727527,37715.178581583416,37585.16034163362,17924417.256865364,358488.3451373072,46.03333703610969,0.9206667407221937,17862625.127767466,357252.5025553493,45.874643011964906,0.9174928602392981,"[2.642,2.923]",2.783,"[2.000,2.500]",2.25,0.002,0.0,1234,2.469,0.24,-6.768405477470999,42,3.431594522529,0.005,0.0,493,2.4675000000000002,0.1,-1.275816477471,46,3.3741835225290004,2.4840907913626182,2.489066736569732,0.7109683060406217,0.7632515886760294,2.404881726082686,2.527956841985222,0.7539898212815975,0.7590996762804131
26,56,5.15,22.98,2.5241,482.6920862,9.653841725,E04001,1.143586182,0.021131484,0.0089,5.1589,2.6259000000000006,2.6348000000000007,1.0,0.0,0.0,482.6920862,9.653841725,0.40107666210829696,0.03967940586852409,0.9603205941314759,0.04131891590267369,0.04003613322685329,2.4840638667731465,4.433234524286382,1.0034592972004903,2.1463995285252433,2.1573962346267113,8.52847704462671,2.9203556366693952,3.4705464526037564,3.4595497465022884,0.7537621510577716,0.0004894745404833324,986143.3972099242,19722.86794624149,0.00030631646206004723,0.0003057880128727526,38587.52172160545,38454.49619058709,18625891.36108955,372517.8272603785,47.83485690697116,0.9566971382385233,18561680.990004435,371233.6198385432,47.66995237417567,0.9533990475822719,"[2.642,2.923]",2.783,"[2.000,2.500]",2.25,0.002,0.0,1242,2.485,0.24,-6.768405477470999,42,3.431594522529,0.005,0.0,496,2.4825,0.1,-1.275816477471,47,3.474183522529,2.4993613552151643,2.5040667365697318,0.700682026968841,0.7616524527056002,2.404881726082686,2.5812462364365167,0.7539898212815975,0.7533808914942862
26,56,5.15,22.98,2.5389,490.0683935,9.80136787,E04001,1.14677871,0.021629634,0.0089,5.1589,2.6111000000000004,2.6200000000000006,1.0,0.0,0.0,490.0683935,9.80136787,0.40107666210829696,0.03967940586852409,0.9603205941314759,0.04131891590267369,0.04003613322685329,2.4988638667731466,4.433234524286382,1.0034592972004903,2.1343020712640475,2.1452778710801517,8.59129108108015,2.9310904252649985,3.510416790664953,3.4994409908488486,0.7513467212889102,0.000492216707481603,995635.430596018,19912.70861192036,0.00030631646206004723,0.0003057880128727526,39474.76749255965,39338.68329556433,19345335.888864733,386906.71777729463,49.68252826784482,0.9936505653568964,19278645.3250625,385572.90650125,49.51125412505725,0.990225082501145,"[2.923,4.500]",3.5,"[2.000,2.500]",2.25,0.002,0.0,1249,2.499,0.24,-11.273316477471,61,3.486683522528999,0.005,0.0,499,2.4975,0.1,-1.275816477471,47,3.474183522529,2.553900223719758,2.519066736569732,0.8498030571395955,0.7600504559140611,3.0286758933598574,2.5812462364365167,0.7524564522081271,0.7533808914942862
26,56,5.15,22.98,2.5538,497.4997664,9.949995328,E04001,1.171859847,0.022311568,0.0089,5.1589,2.5962000000000005,2.6051000000000006,1.0,0.0,0.0,497.4997664,9.949995328,0.40107666210829696,0.03967940586852409,0.9603205941314759,0.04131891590267369,0.04003613322685329,2.5137638667731466,4.433234524286382,1.0034592972004903,2.1221228744267626,2.133077626698818,8.654972066698818,2.941933389235524,3.5505565229022378,3.5396017706301826,0.7488934868497644,0.0004948817628248344,1005290.1597347653,20105.803194695305,0.0003063164620600473,0.00030578801287275265,40389.40891078636,40250.171604834504,20093721.498150293,401874.4299630059,51.6045258698601,1.0320905173972021,20024450.97096508,400489.0194193016,51.4266258868989,1.0285325177379778,"[2.923,4.500]",3.5,"[2.000,2.500]",2.25,0.002,0.0,1256,2.513,0.24,-11.273316477471,61,3.486683522528999,0.005,0.0,502,2.5125,0.1,-1.275816477471,48,3.5741835225290006,2.5672451571563073,2.534066736569732,0.8482644886281345,0.7584456765592863,3.0286758933598574,2.6345356308878123,0.7524564522081271,0.7476310150634412
26,56,5.15,22.98,2.5686,504.8882349,10.0977647,E04001,1.148769094,0.022579255,0.0089,5.1589,2.5814000000000004,2.5903000000000005,1.0,0.0,0.0,504.8882349,10.0977647,0.40107666210829696,0.03967940586852409,0.9603205941314759,0.04131891590267369,0.04003613322685329,2.5285638667731467,4.433234524286382,1.0034592972004903,2.110025417165567,2.1209592631522582,8.718665223152257,2.952738597158959,3.590426860963434,3.5794930149767428,0.7464353151108707,0.0004974358875362064,1014981.5233490792,20299.630471002205,0.00030631646206004734,0.0003057880128727527,41319.68024213438,41177.235945105545,20861820.42408363,417236.40856431203,53.577151045220845,1.0715430211166508,20789901.974385172,415798.03957005794,53.39245069002154,1.0678490140119328,"[2.923,4.500]",3.5,"[2.000,2.500]",2.25,0.002,0.0,1264,2.529,0.24,-11.273316477471,61,3.486683522528999,0.005,0.0,505,2.5275,0.1,-1.275816477471,48,3.5741835225290006,2.58249252643477,2.5490667365697317,0.8464573928683363,0.7568381924504077,3.0286758933598574,2.6345356308878123,0.7524564522081271,0.7476310150634412
26,56,5.15,22.98,2.5828,511.9880039,10.23976008,E04001,1.146511238,0.017715259,0.0089,5.1589,2.5672,2.5761000000000003,1.0,0.0,0.0,511.9880039,10.23976008,0.40107666210829696,0.03967940586852409,0.9603205941314759,0.04131891590267369,0.04003613322685329,2.542763866773147,4.433234524286382,1.0034592972004903,2.098418397360906,2.1093321846143427,8.780188024614343,2.963138205452851,3.628680833968095,3.6177670467146585,0.7440566923430586,0.0004998010777730921,1024383.553115187,20487.67106630533,0.0003063164620600473,0.00030578801287275265,42233.115983991585,42087.52273442083,21622848.751121037,432456.97510688694,55.53161756820482,1.110632351581022,21548306.753891993,430966.13516201486,55.34017944039205,1.1068035890240184,"[2.923,4.500]",3.5,"[2.000,2.500]",2.25,0.002,0.0,1271,2.543,0.24,-11.273316477471,62,3.726683522528999,0.005,0.0,508,2.5425,0.1,-1.275816477471,48,3.5741835225290006,2.5958304919042874,2.564066736569732,0.8448318621432815,0.75522808094282,3.058811377709457,2.6345356308878123,0.7408302699526162,0.7476310150634412
26,56,5.15,22.98,2.5977,519.4479002,10.388958,E04001,1.143521804,0.0175186,0.0089,5.1589,2.5523000000000002,2.5612000000000004,1.0,0.0,0.0,519.4479002,10.388958,0.40107666210829696,0.03967940586852409,0.9603205941314759,0.04131891590267369,0.04003613322685329,2.557663866773147,4.433234524286382,1.0034592972004903,2.086239200523621,2.097131940233009,8.84517723023301,2.9740842675070605,3.6688205662053783,3.6579278264959907,0.7415395847079401,0.0005021948007085979,1034355.3925031839,20687.10784209864,0.0003063164620600473,0.00030578801287275265,43214.086028609076,43065.111010651126,22447466.246623144,448949.3247596065,57.64939325666029,1.1529878646892775,22370081.48636263,447401.62955499213,57.45065436883584,1.149013086934319,"[2.923,4.500]",3.5,"[2.000,2.500]",2.25,0.002,0.0,1278,2.557,0.24,-11.273316477471,62,3.726683522528999,0.005,0.0,511,2.5575,0.1,-1.275816477471,49,3.6741835225290003,2.6091652093889905,2.579066736569732,0.8431633114576074,0.7536154189333333,3.058811377709457,2.687825025339107,0.7408302699526162,0.7418534227218464
26,56,5.15,22.98,2.6125,526.8606872,10.53721374,E04001,1.133126867,0.017177216,0.0089,5.1589,2.5375000000000005,2.5464000000000007,1.0,0.0,0.0,526.8606872,10.53721374,0.40107666210829696,0.03967940586852409,0.9603205941314759,0.04131891590267369,0.04003613322685329,2.5724638667731465,4.433234524286382,1.0034592972004903,2.074141743262426,2.0850135766864497,8.910169826686449,2.9849907582246296,3.7086909042665743,3.6978190708425505,0.7390177913084235,0.0005044850283083049,1044353.4646939429,20887.06928594998,0.00030631646206004734,0.0003057880128727527,44211.83154254835,44059.41692492473,23293475.948877662,465869.5188007059,59.82210822985054,1.1964421641428329,23213174.678697154,464263.49339770543,59.615879185878065,1.1923175832649493,"[2.923,4.500]",3.5,"[2.000,2.500]",2.25,0.002,0.0,1286,2.573,0.24,-11.273316477471,62,3.726683522528999,0.005,0.0,514,2.5725000000000002,0.1,-1.275816477471,49,3.6741835225290003,2.624400912432307,2.594066736569732,0.8412015823011997,0.7520002828554737,3.058811377709457,2.687825025339107,0.7408302699526162,0.7418534227218464
26,56,5.15,22.98,2.6274,534.3531956,10.68706391,E04001,1.150924155,0.017479076,0.0089,5.1589,2.5226,2.5315000000000003,1.0,0.0,0.0,534.3531956,10.68706391,0.40107666210829696,0.03967940586852409,0.9603205941314759,0.04131891590267369,0.04003613322685329,2.587363866773147,4.433234524286382,1.0034592972004903,2.061962546425141,2.0728133323051154,8.976044092305116,2.9960046882982536,3.7488306365038593,3.737979850623885,0.7364571756446018,0.0005067045668925522,1054565.5802492714,21091.311601038356,0.00030631646206004723,0.0003057880128727526,45240.40557801944,45084.44508335692,24174355.290854756,483487.1057266143,62.08437511731918,1.2416875021140117,24091017.302144483,481820.34595272073,61.87034719846218,1.2374069437376725,"[2.923,4.500]",3.5,"[2.000,2.500]",2.25,0.002,0.0,1293,2.587,0.24,-11.273316477471,62,3.726683522528999,0.005,0.0,517,2.5875,0.1,-1.275816477471,50,3.774183522529001,2.6377286779319746,2.6090667365697318,0.8394351354811318,0.7503827486749286,3.058811377709457,2.7411144197904025,0.7408302699526162,0.7360514132399932
26,56,5.15,22.98,2.6422,541.8103427,10.83620685,E04001,1.118472558,0.01781066,0.0089,5.1589,2.5078000000000005,2.5167000000000006,1.0,0.0,0.0,541.8103427,10.83620685,0.40107666210829696,0.03967940586852409,0.9603205941314759,0.04131891590267369,0.04003613322685329,2.6021638667731466,4.433234524286382,1.0034592972004903,2.0498650891639456,2.0606949687585563,9.041915808758556,3.0069778530542184,3.7887009745650535,3.777871094970443,0.7338920518344216,0.0005088254364332925,1064825.5843849345,21296.511679837447,0.00030631646206004723,0.0003057880128727526,46286.58120947355,46127.01415852798,25078548.427516244,501570.96836517856,64.40651629542266,1.288130325432962,24992093.348959796,499841.86679468787,64.18448309274501,1.2836896613810482,"[2.923,4.500]",3.5,"[2.000,2.500]",2.25,0.002,0.0,1301,2.603,0.24,-11.273316477471,62,3.726683522528999,0.005,0.0,520,2.6025,0.1,-1.275816477471,50,3.774183522529001,2.65295644206023,2.624066736569732,0.8373567814383803,0.7487628918851376,3.058811377709457,2.7411144197904025,0.7408302699526162,0.7360514132399932
26,56,5.15,22.98,2.6571,549.3138808,10.98627762,E04001,1.13232165,0.017603779,0.0089,5.1589,2.4929000000000006,2.5018000000000007,1.0,0.0,0.0,549.3138808,10.98627762,0.40107666210829696,0.03967940586852409,0.9603205941314759,0.04131891590267369,0.04003613322685329,2.6170638667731465,4.433234524286382,1.0034592972004903,2.0376858923266608,2.048494724377223,9.108675134377222,3.0180581727954188,3.8288407068023385,3.8180318747517763,0.7312877001299668,0.0005108780977388218,1075234.7443182578,21504.69489419481,0.00030631646206004723,0.0003057880128727526,47365.09569670494,47201.81060541954,26018304.531620372,520366.09082186775,66.81998998620037,1.336399800210578,25928609.764449604,518572.1954777993,66.58963664258103,1.3317927333365136,"[2.923,4.500]",3.5,"[2.000,2.500]",2.25,0.002,0.0,1308,2.617,0.24,-11.273316477471,62,3.726683522528999,0.005,0.0,523,2.6175,0.1,-1.275816477471,50,3.774183522529001,2.66627726643668,2.639066736569732,0.8354839032622017,0.7471407875030267,3.058811377709457,2.7411144197904025,0.7408302699526162,0.7360514132399932
26,56,5.15,22.98,2.6719,556.8177152,11.1363543,E04001,1.117062161,0.017204912,0.0089,5.1589,2.4781000000000004,2.4870000000000005,1.0,0.0,0.0,556.8177152,11.1363543,0.40107666210829696,0.03967940586852409,0.9603205941314759,0.04131891590267369,0.04003613322685329,2.6318638667731467,4.433234524286382,1.0034592972004903,2.025588435065465,2.036376360830663,9.175425970830663,3.0290965601694944,3.868711044863535,3.857923119098337,0.72867902402959,0.0005128367546594619,1085760.156893869,21715.20313007763,0.0003063164620600473,0.00030578801287275265,48462.08211833969,48295.01530709024,26984545.83896868,539690.9165855254,69.30148275229516,1.386029654548064,26891520.07884301,537830.4013836802,69.06257478069764,1.3812514951178294,"[2.923,4.500]",3.5,"[2.000,2.500]",2.25,0.002,0.0,1315,2.6310000000000002,0.24,-11.273316477471,63,3.9666835225289994,0.005,0.0,526,2.6325,0.1,-1.275816477471,51,3.8741835225290004,2.6795948553314872,2.6540667365697317,0.8335581524374351,0.7455165100648875,3.0887213534265103,2.7944038142416976,0.7280272761676713,0.7302282063273143
26,56,5.15,22.98,2.6868,564.3803509,11.28760702,E04001,1.12158405,0.017169272,0.0089,5.1589,2.4632000000000005,2.4721000000000006,1.0,0.0,0.0,564.3803509,11.28760702,0.40107666210829696,0.03967940586852409,0.9603205941314759,0.04131891590267369,0.04003613322685329,2.6467638667731466,4.433234524286382,1.0034592972004903,2.0134092382281805,2.0241761164493295,9.243070356449328,3.040241825323987,3.9088507771008194,3.8980838988796704,0.7260307176237383,0.0005147296196766246,1096459.8292489331,21929.196588864193,0.0003063164620600473,0.00030578801287275265,49592.995889674195,49422.030398274896,27989312.42239658,559786.2485471176,71.88191580709037,1.4376383163965358,27892822.858368855,557856.457266221,71.63411212356172,1.4326822427250847,"[2.923,4.500]",3.5,"[2.000,2.500]",2.25,0.002,0.0,1323,2.6470000000000002,0.24,-11.273316477471,63,3.9666835225289994,0.005,0.0,529,2.6475,0.1,-1.275816477471,51,3.8741835225290004,2.694810998134024,2.669066736569732,0.8312897292249164,0.7438901336223954,3.0887213534265103,2.7944038142416976,0.7280272761676713,0.7302282063273143
26,56,5.15,22.98,2.7016,571.9221756,11.43844351,E04001,1.12427884,0.017135198,0.0089,5.1589,2.4484000000000004,2.4573000000000005,1.0,0.0,0.0,571.9221756,11.43844351,0.40107666210829696,0.03967940586852409,0.9603205941314759,0.04131891590267369,0.04003613322685329,2.6615638667731467,4.433234524286382,1.0034592972004903,2.0013117809669847,2.0120577529027694,9.31070031290277,3.0513440174622675,3.948721115162016,3.937975143226231,0.7233782768104908,0.0005165329861451257,1107232.627809973,22144.652552327494,0.0003063164620600473,0.00030578801287275265,50743.29891198889,50568.3678984843,29021217.910865795,580424.3581158294,74.53204676863784,1.4906409351121201,28921170.985042337,578423.4195997101,74.2751070985856,1.4855021417119736,"[2.923,4.500]",3.5,"[2.000,2.500]",2.25,0.002,0.0,1330,2.661,0.24,-11.273316477471,63,3.9666835225289994,0.005,0.0,532,2.6625,0.1,-1.275816477471,52,3.974183522529,2.7081216617851993,2.684066736569732,0.8292431244479361,0.7422617317387702,3.0887213534265103,2.8476932086929923,0.7280272761676713,0.7243869408097175
26,56,5.15,22.98,2.7165,579.5302462,11.59060492,E04001,1.135402344,0.017186333,0.0089,5.1589,2.4335000000000004,2.4424000000000006,1.0,0.0,0.0,579.5302462,11.59060492,0.40107666210829696,0.03967940586852409,0.9603205941314759,0.04131891590267369,0.04003613322685329,2.6764638667731466,4.433234524286382,1.0034592972004903,1.9891325841296998,1.9998575085214358,9.379229758521435,3.06255281726233,3.988860847399301,3.9781359230075646,0.7206858067333908,0.0005182729124918446,1118195.128920845,22363.90257069896,0.0003063164620600473,0.00030578801287275265,51929.200523124666,51750.181265946514,30094542.364135604,601890.8470749954,77.28854956582322,1.5457709907830082,29990795.28994861,599815.9055919715,77.02210720598968,1.540442143588176,"[2.923,4.500]",3.5,"[1.500,2.000]",1.75,0.002,0.0,1338,2.677,0.24,-11.273316477471,63,3.9666835225289994,0.005,0.0,535,2.6775,0.1,-0.7758164774709999,47,3.974183522529,2.723329896194535,2.694274128443125,0.8268302769828625,0.7015452034418458,3.0887213534265103,2.5812462364365167,0.7280272761676713,0.7156825493597071
26,56,5.15,22.98,2.7313,587.1355037,11.74271007,E04001,1.115585748,0.016929652,0.0089,5.1589,2.4187000000000003,2.4276000000000004,1.0,0.0,0.0,587.1355037,11.74271007,0.40107666210829696,0.03967940586852409,0.9603205941314759,0.04131891590267369,0.04003613322685329,2.6912638667731468,4.433234524286382,1.0034592972004903,1.977035126868504,1.9877391449748762,9.447738834974876,3.0737174292662095,4.0287311854604955,4.0180271673541235,0.7179893985800079,0.0005199276902973814,1129263.7700526738,22585.275393360098,0.00030631646206004734,0.0003057880128727527,53135.458656528106,52952.28097917726,31197714.28263115,623954.2854400813,80.12170637115403,1.6024341268772329,31090164.164773166,621803.2830836542,79.84549706667951,1.596909940789624,"[2.923,4.500]",3.5,"[1.500,2.000]",1.75,0.002,0.0,1345,2.691,0.24,-11.273316477471,63,3.9666835225289994,0.005,0.0,538,2.6925,0.1,-0.7758164774709999,47,3.974183522529,2.7366336453943845,2.7092741284431248,0.8246514490581364,0.6996665014337247,3.0887213534265103,2.5812462364365167,0.7280272761676713,0.7156825493597071
26,56,5.15,22.98,2.7462,594.7747554,11.89549511,E04001,1.126476862,0.016981218,0.0089,5.1589,2.4038000000000004,2.4127000000000005,1.0,0.0,0.0,594.7747554,11.89549511,0.40107666210829696,0.03967940586852409,0.9603205941314759,0.04131891590267369,0.04003613322685329,2.7061638667731467,4.433234524286382,1.0034592972004903,1.9648559300312194,1.9755389005935424,9.517153340593543,3.0849883858117755,4.06887091769778,4.058187947135457,0.7152525658945746,0.0005215213153197317,1140461.0663618962,22809.22133107286,0.0003063164620600473,0.00030578801287275265,54379.07427201793,54191.60938936723,32343300.5990179,646866.0120891161,83.0637914749801,1.661275829778914,32231801.219293237,644636.024494248,82.77743970952918,1.6555487944689324,"[2.923,4.500]",3.5,"[1.500,2.000]",1.75,0.002,0.0,1353,2.707,0.24,-11.273316477471,63,3.9666835225289994,0.005,0.0,541,2.7075,0.1,-0.7758164774709999,48,4.074183522529001,2.7518339837285666,2.724274128443125,0.822080370142823,0.6977874878837272,3.0887213534265103,2.6345356308878123,0.7280272761676713,0.7090224381984032
26,56,5.15,22.98,2.761,602.4164009,12.04832802,E04001,1.135427254,0.017097808,0.0089,5.1589,2.3890000000000002,2.3979000000000004,1.0,0.0,0.0,602.4164009,12.04832802,0.40107666210829696,0.03967940586852409,0.9603205941314759,0.04131891590267369,0.04003613322685329,2.720963866773147,4.433234524286382,1.0034592972004903,1.9527584727700236,1.9634205370469828,9.586541537046983,3.096214065120011,4.108741255758977,4.098079191482017,0.7125119979096928,0.0005230339891277368,1151772.9505584317,23035.459014992473,0.0003063164620600473,0.00030578801287275265,55644.06684142069,55452.24105916381,33520898.47804768,670417.9696722417,86.08808840366397,1.7217617683590885,33405339.480700664,668106.7897249178,85.7913107625168,1.7158262155351602,"[2.923,4.500]",3.5,"[1.500,2.000]",1.75,0.002,0.0,1360,2.721,0.24,-11.273316477471,64,4.206683522528998,0.005,0.0,544,2.7225,0.1,-0.7758164774709999,48,4.074183522529001,2.765130829241393,2.739274128443125,0.8197564704202946,0.6959082486548841,3.1184108085471975,2.6345356308878123,0.7138601448044198,0.7090224381984032
26,56,5.15,22.98,2.7759,610.1295614,12.20259123,E04001,1.127629349,0.01688166,0.0089,5.1589,2.3741000000000003,2.3830000000000005,1.0,0.0,0.0,610.1295614,12.20259123,0.40107666210829696,0.03967940586852409,0.9603205941314759,0.04131891590267369,0.04003613322685329,2.7358638667731467,4.433234524286382,1.0034592972004903,1.940579275932739,1.951220292665649,9.656841102665648,3.1075458327538223,4.148880987996261,4.138239971263351,0.7097306140552591,0.0005244877333414256,1163286.6178069871,23265.73235995299,0.0003063164620600473,0.00030578801287275265,56948.26870020627,56751.94684934794,34745822.20454619,694916.4442048204,89.23392717417329,1.784678543775974,34626040.439788766,692520.8089092793,88.92630465742192,1.7785260934399385,"[2.923,4.500]",3.5,"[1.500,2.000]",1.75,0.002,0.0,1367,2.735,0.24,-11.273316477471,64,4.206683522528998,0.005,0.0,547,2.7375000000000003,0.1,-0.7758164774709999,49,4.174183522529001,2.778424456709544,2.754274128443125,0.8173599977991884,0.6940288687102617,3.1184108085471975,2.687825025339107,0.7138601448044198,0.7023528156352735
26,56,5.15,22.98,2.7907,617.8142127,12.35628425,E04001,1.134645312,0.016995401,0.0089,5.1589,2.3593,2.3682000000000003,1.0,0.0,0.0,617.8142127,12.35628425,0.40107666210829696,0.03967940586852409,0.9603205941314759,0.04131891590267369,0.04003613322685329,2.750663866773147,4.433234524286382,1.0034592972004903,1.9284818186715431,1.9391019291190894,9.72710841911909,3.1188312585196223,4.188751326057458,4.178131215609912,0.7069457042255345,0.0005258645742638822,1174854.2171049097,23497.084334491672,0.00030631646206004734,0.0003057880128727527,58274.92456054944,58074.02923379977,36003076.63752775,720061.5325174553,92.46279739205531,1.8492559472424615,35878960.649396785,717579.2127556396,92.14404375943641,1.8428808745921474,"[2.923,4.500]",3.5,"[1.500,2.000]",1.75,0.002,0.0,1375,2.751,0.24,-11.273316477471,64,4.206683522528998,0.005,0.0,550,2.7525,0.1,-0.7758164774709999,49,4.174183522529001,2.7936132363487403,2.769274128443125,0.8145279783349416,0.6921494321125189,3.1184108085471975,2.687825025339107,0.7138601448044198,0.7023528156352735
26,56,5.15,22.98,2.8056,625.5809198,12.5116184,E04001,1.112565901,0.016624548,0.0089,5.1589,2.3444000000000003,2.3533000000000004,1.0,0.0,0.0,625.5809198,12.5116184,0.40107666210829696,0.03967940586852409,0.9603205941314759,0.04131891590267369,0.04003613322685329,2.765563866773147,4.433234524286382,1.0034592972004903,1.9163026218342585,1.926901684737756,9.798293044737756,3.130222523198272,4.228891058294742,4.218291995391245,0.7041195913629761,0.0005271846450905256,1186644.8039141546,23732.89608587057,0.0003063164620600473,0.00030578801287275265,59642.74007269906,59437.129377438505,37311360.1940714,746227.2041199988,95.82272017415339,1.9164544040957636,37182734.06620958,743654.6815619401,95.49238363876366,1.909847673385857,"[2.923,4.500]",3.5,"[1.500,2.000]",1.75,0.002,0.0,1382,2.765,0.24,-11.273316477471,64,4.206683522528998,0.005,0.0,553,2.7675,0.1,-0.7758164774709999,49,4.174183522529001,2.8068999758670827,2.784274128443125,0.8119643812220076,0.6902700220236694,3.1184108085471975,2.687825025339107,0.7138601448044198,0.7023528156352735
26,56,5.15,22.98,2.8204,633.3297042,12.66659408,E04001,1.100532622,0.016421147,0.0089,5.1589,2.3296000000000006,2.3385000000000007,1.0,0.0,0.0,633.3297042,12.66659408,0.40107666210829696,0.03967940586852409,0.9603205941314759,0.04131891590267369,0.04003613322685329,2.7803638667731465,4.433234524286382,1.0034592972004903,1.904205164573063,1.9147833211911962,9.869439481191195,3.141566405663136,4.268761396355937,4.258183239737804,0.7012901684964988,0.000528431714527533,1198508.1265727128,23970.162523884683,0.00030631646206004734,0.0003057880128727527,61034.14697878314,60823.73958670749,38654738.25217205,773094.7647993043,99.27277235879421,1.9854554465488945,38521481.00078729,770429.6197724506,98.93054221108044,1.9786108435967802,"[2.923,4.500]",3.5,"[1.500,2.000]",1.75,0.002,0.0,1390,2.781,0.24,-11.273316477471,64,4.206683522528998,0.005,0.0,556,2.7825,0.1,-0.7758164774709999,50,4.274183522529,2.82208088967932,2.799274128443125,0.8089315957965215,0.688390720705045,3.1184108085471975,2.741114419790402,0.7138601448044198,0.695677680749585
26,56,5.15,22.98,2.8353,641.1465872,12.82293174,E04001,1.118309002,0.016532881,0.0089,5.1589,2.3147,2.3236000000000003,1.0,0.0,0.0,641.1465872,12.82293174,0.40107666210829696,0.03967940586852409,0.9603205941314759,0.04131891590267369,0.04003613322685329,2.795263866773147,4.433234524286382,1.0034592972004903,1.892025967735778,1.9025830768098626,9.941509166809864,3.1530158843256504,4.308901128593222,4.298344019519138,0.6984191598544919,0.0005296241102832295,1210569.1088291488,24211.38216903045,0.00030631646206004734,0.0003057880128727527,62468.76850985811,62253.415444091406,40051637.736682355,801032.7544837721,102.86027781877792,2.0572055557338316,39913564.85352298,798271.2968214458,102.50568020620625,2.05011360348461,"[2.923,4.500]",3.5,"[1.500,2.000]",1.75,0.002,0.0,1397,2.795,0.24,-11.273316477471,64,4.206683522528998,0.005,0.0,559,2.7975,0.1,-0.7758164774709999,50,4.274183522529,2.8353607519435187,2.8142741284431247,0.806183202115654,0.6865116095174572,3.1184108085471975,2.741114419790402,0.7138601448044198,0.695677680749585
26,56,5.15,22.98,2.8501,648.9360177,12.97872035,E04001,1.097180586,0.016180332,0.0089,5.1589,2.2999000000000005,2.3088000000000006,1.0,0.0,0.0,648.9360177,12.97872035,0.40107666210829696,0.03967940586852409,0.9603205941314759,0.04131891590267369,0.04003613322685329,2.8100638667731466,4.433234524286382,1.0034592972004903,1.8799285104745826,1.8904647132633032,10.013534723263302,3.1644169641915556,4.3487714666544175,4.338235263865697,0.6955450639251519,0.0005307472639953675,1222683.6796386463,24453.673585236385,0.0003063164620600473,0.00030578801287275265,63928.18319935497,63707.798988664086,41485300.62418546,829706.0122279965,106.54219873987871,2.130843974140855,41342285.37213576,826845.707187884,106.1749081772588,2.123498162890721,"[2.923,4.500]",3.5,"[1.500,2.000]",1.75,0.002,0.0,1405,2.811,0.24,-11.273316477471,65,4.446683522528998,0.005,0.0,562,2.8125,0.1,-0.7758164774709999,51,4.374183522529,2.8505338121366037,2.829274128443125,0.8029280353675488,0.6846327689215512,3.1478845498907284,2.7944038142416967,0.6980995256402945,0.6890008896409071
26,56,5.15,22.98,2.865,656.8042092,13.13608418,E04001,1.123622519,0.016443256,0.0089,5.1589,2.285,2.2939000000000003,1.0,0.0,0.0,656.8042092,13.13608418,0.40107666210829696,0.03967940586852409,0.9603205941314759,0.04131891590267369,0.04003613322685329,2.824963866773147,4.433234524286382,1.0034592972004903,1.8677493136372976,1.8782644688819692,10.08648946888197,3.175923404127053,4.388911198891703,4.378396043647031,0.6926290041472108,0.0005318177780925286,1235017.3992974816,24700.34797842826,0.0003063164620600473,0.00030578801287275265,65432.978604702774,65207.40680489138,42976655.76806232,859533.1150995145,110.3722844266156,2.207445687860134,42828499.26046938,856569.984948558,109.99179013492493,2.1998358020286384,"[2.923,4.500]",3.5,"[1.500,2.000]",1.75,0.002,0.0,1412,2.825,0.24,-11.273316477471,65,4.446683522528998,0.005,0.0,564,2.8225000000000002,0.1,-0.7758164774709999,51,4.374183522529,2.863806807814676,2.839274128443125,0.799974582074467,0.6833803981793888,3.1478845498907284,2.7944038142416967,0.6980995256402945,0.6890008896409071
26,56,5.15,22.98,2.8798,664.6459623,13.29291925,E04001,1.113374702,0.016700621,0.0089,5.1589,2.2702000000000004,2.2791000000000006,1.0,0.0,0.0,664.6459623,13.29291925,0.40107666210829696,0.03967940586852409,0.9603205941314759,0.04131891590267369,0.04003613322685329,2.8397638667731466,4.433234524286382,1.0034592972004903,1.8556518563761022,1.8661461053354098,10.15939414533541,3.187380451928419,4.428781536952897,4.418287287993589,0.6897100866396573,0.0005328226704668797,1247405.5612491332,24948.111232489853,0.00030631646206004734,0.0003057880128727527,66963.83765940065,66732.98841938113,44507244.320433326,890144.886676522,114.30312902174009,2.286062581122706,44353811.30515432,887076.2263700186,113.90908364756763,2.2781816736368854,"[2.923,4.500]",3.5,"[1.500,2.000]",1.75,0.002,0.0,1419,2.839,0.24,-11.273316477471,65,4.446683522528998,0.005,0.0,567,2.8375,0.1,-0.7758164774709999,51,4.374183522529,2.8770766027289554,2.854274128443125,0.7969176534784116,0.6815021849279675,3.1478845498907284,2.7944038142416967,0.6980995256402945,0.6890008896409071
26,56,5.15,22.98,2.8947,672.5649121,13.45129824,E04001,1.131489298,0.017247406,0.0089,5.1589,2.2553000000000005,2.2642000000000007,1.0,0.0,0.0,672.5649121,13.45129824,0.40107666210829696,0.03967940586852409,0.9603205941314759,0.04131891590267369,0.04003613322685329,2.8546638667731465,4.433234524286382,1.0034592972004903,1.8434726595388173,1.853945860954076,10.233233950954075,3.1989426301442285,4.468921269190182,4.458448067774924,0.6867488321315831,0.0005337768957935338,1260011.284490196,25200.225686057038,0.00030631646206004734,0.0003057880128727527,68542.36163724304,68306.07063830744,46099187.429678775,921983.7484564908,118.3915438717202,2.3678308770823446,45940266.394749634,918805.3277583806,117.98340421182591,2.3596680838856723,"[2.923,4.500]",3.5,"[1.500,2.000]",1.75,0.002,0.0,1427,2.855,0.24,-11.273316477471,65,4.446683522528998,0.005,0.0,570,2.8525,0.1,-0.7758164774709999,52,4.474183522529,2.8922381662972683,2.869274128443125,0.793290330829719,0.6796244524338765,3.1478845498907284,2.847693208692992,0.6980995256402945,0.6823261550365265
26,56,5.15,22.98,2.9095,680.44467,13.6088934,E04001,1.109568541,0.017194638,0.0089,5.1589,2.2405000000000004,2.2494000000000005,1.0,0.0,0.0,680.44467,13.6088934,0.40107666210829696,0.03967940586852409,0.9603205941314759,0.04131891590267369,0.04003613322685329,2.8694638667731467,4.433234524286382,1.0034592972004903,1.8313752022776217,1.8418274974075164,10.307017747407516,3.21045444562098,4.5087916072513785,4.498339312121484,0.6837849563864027,0.0005346689842693781,1272646.6094341034,25452.932188682065,0.0003063164620600473,0.00030578801287275265,70148.29319448037,69906.46595251467,47732032.21378144,954640.6442756288,122.5850020576739,2.451700041153478,47567482.15592508,951349.6431185015,122.16240598863227,2.443248119772645,"[2.923,4.500]",3.5,"[1.500,2.000]",1.75,0.002,0.0,1434,2.869,0.24,-11.273316477471,65,4.446683522528998,0.005,0.0,573,2.8675,0.1,-0.7758164774709999,52,4.474183522529,2.9055011102220334,2.884274128443125,0.7899928792678618,0.6777472778632249,3.1478845498907284,2.847693208692992,0.6980995256402945,0.6823261550365265
26,56,5.15,22.98,2.9244,688.4173863,13.76834773,E04001,1.114149664,0.018157589,0.0089,5.1589,2.2256000000000005,2.2345000000000006,1.0,0.0,0.0,688.4173863,13.76834773,0.40107666210829696,0.03967940586852409,0.9603205941314759,0.04131891590267369,0.04003613322685329,2.8843638667731466,4.433234524286382,1.0034592972004903,1.819196005440337,1.8296272530261828,10.381742613026184,3.2220711682124876,4.5489313394886635,4.538500091902818,0.6807783756637587,0.0005355123177132445,1285530.4416520123,25710.60884050973,0.0003063164620600473,0.00030578801287275265,71804.29953402227,71556.76342263819,49431328.210313916,988626.5644934956,126.94911968624173,2.5389823944624634,49260920.04750002,985218.4012362276,126.51147888151701,2.530229578365426,"[2.923,4.500]",3.5,"[1.500,2.000]",1.75,0.002,0.0,1442,2.8850000000000002,0.24,-11.273316477471,65,4.446683522528998,0.005,0.0,576,2.8825,0.1,-0.7758164774709999,53,4.574183522529001,2.920654850149141,2.8992741284431247,0.7860747110195818,0.6758707374860665,3.1478845498907284,2.900982603144288,0.6980995256402945,0.6756570463105237
26,56,5.15,22.98,2.9392,696.3528191,13.92705638,E04001,1.115813678,0.018812303,0.0089,5.1589,2.2108000000000003,2.2197000000000005,1.0,0.0,0.0,696.3528191,13.92705638,0.40107666210829696,0.03967940586852409,0.9603205941314759,0.04131891590267369,0.04003613322685329,2.8991638667731467,4.433234524286382,1.0034592972004903,1.8070985481791413,1.817508889479623,10.456405529479623,3.2336365796854203,4.58880167754986,4.578391336249378,0.677769417222487,0.0005362968673364032,1298446.5536010645,25968.931068292008,0.00030631646206004723,0.0003057880128727526,73489.1359280059,73235.79155928915,51174366.97669,1023487.3393868217,131.4255771269355,2.6285115421612417,50997949.91133099,1019958.9980801481,130.9725043094367,2.6194500858125664,"[2.923,4.500]",3.5,"[1.500,2.000]",1.75,0.002,0.0,1449,2.899,0.24,-11.273316477471,66,4.686683522528998,0.005,0.0,579,2.8975,0.1,-0.7758164774709999,53,4.574183522529001,2.933910953684631,2.914274128443125,0.7825077238914857,0.6739949066777826,3.177147212144684,2.900982603144288,0.6804615618641948,0.6756570463105237
26,56,5.15,22.98,2.9541,704.3584205,14.08716841,E04001,1.108810482,0.019450325,0.0089,5.1589,2.1959000000000004,2.2048000000000005,1.0,0.0,0.0,704.3584205,14.08716841,0.40107666210829696,0.03967940586852409,0.9603205941314759,0.04131891590267369,0.04003613322685329,2.9140638667731467,4.433234524286382,1.0034592972004903,1.7949193513418567,1.8053086450982894,10.53201545509829,3.2453066812087714,4.628941409787142,4.61855211603071,0.6747173912577057,0.0005370345144239437,1311570.1162252824,26231.402324505652,0.0003063164620600472,0.00030578801287275254,75226.59073704443,74967.25671575917,52986482.631144546,1059729.652622891,136.07943724827174,2.721588744965435,52803818.529530145,1056076.370590603,135.610320845015,2.7122064169003,"[2.923,4.500]",3.5,"[1.500,2.000]",1.75,0.002,0.0,1457,2.915,0.24,-11.273316477471,66,4.686683522528998,0.005,0.0,582,2.9125,0.1,-0.7758164774709999,53,4.574183522529001,2.9490568820694705,2.929274128443125,0.7782629010476244,0.6721198599206336,3.177147212144684,2.900982603144288,0.6804615618641948,0.6756570463105237
26,56,0.5553,180.0,0.2724,383.9558751,7.679117502,Hotta:1984,0.851660363,0.086207823,0.0089,0.5642,0.28290000000000004,0.29180000000000006,1.0,0.0,0.0,383.9558751,7.679117502,3.141592653589793,1.0,3.749399456654644e-33,2.6670937881135714e+32,0.011576249650300241,0.26082375034969973,4.433234524286382,1.0323116218549673,0.6283774800000002,0.6585342400000002,0.7327360000000002,0.8560000000000001,0.7631498729289998,0.7329931129289998,1.6848550648831768e-33,-2.317173257400803e-05,-16570011.494552085,-331400.2298910417,1.619590570325905e-37,1.5940422610811326e-37,13295.55473504592,12879.400418988846,5104906.353234505,102098.12706469011,13.110377387929537,0.26220754775859073,4945121.458636169,98902.42917272338,12.700019170927687,0.2540003834185537,"[0.702,0.878]",0.756,"[0.650,1.050]",0.8,0.002,0.0,130,0.261,0.04,0.405147522529,8,0.7451475225290001,0.005,0.0,52,0.2625,0.1,0.17418352252900005,5,0.7241835225290001,0.2658010984815604,0.2701681730025713,1.6429593731216375e-33,1.7179559177679784e-33,0.20919531003256908,0.34309166948212305,1.7311534249110073e-33,1.6342381449012526e-33
26,56,0.5553,180.0,0.2814,464.1501645,9.28300329,Hotta:1984,0.922115369,0.07109768,0.0089,0.5642,0.27390000000000003,0.28280000000000005,1.0,0.0,0.0,464.1501645,9.28300329,3.141592653589793,1.0,3.749399456654644e-33,2.6670937881135714e+32,0.011576249650300241,0.26982375034969974,4.433234524286382,1.0323116218549673,0.6083866800000001,0.6382230400000002,0.7174090000000002,0.8470000000000001,0.8000295869290001,0.7701932269289999,1.6677746720493297e-33,-1.7322296472460037e-05,-26794955.578663148,-535899.111573263,1.6195905703259052e-37,1.5940422610811328e-37,13431.720190502478,13011.3038603275,6234335.135939697,124686.70271879392,16.010966850197136,0.3202193370039427,6039198.827130495,120783.97654260987,15.509819429744411,0.3101963885948882,"[0.702,0.878]",0.756,"[0.438,0.650]",0.5,0.002,0.0,134,0.269,0.04,0.405147522529,9,0.785147522529,0.005,0.0,53,0.2675,0.1,0.4741835225290001,2,0.7241835225290001,0.27375993688782074,0.27229260812660705,1.628873674504366e-33,1.632606219071966e-33,0.2264945830520867,0.18322348612823774,1.7064308635326524e-33,1.756748651881595e-33
26,56,0.5553,180.0,0.2941,577.4249833,11.54849967,Hotta:1984,0.928259108,0.05385981,0.0089,0.5642,0.26120000000000004,0.27010000000000006,1.0,0.0,0.0,577.4249833,11.54849967,3.141592653589793,1.0,3.749399456654644e-33,2.6670937881135714e+32,0.011576249650300241,0.28252375034969973,4.433234524286382,1.0323116218549673,0.5801774400000002,0.6095616800000002,0.6960564900000001,0.8343,0.8520709611289998,0.8226867211289998,1.6417419165141988e-33,-9.068092195831256e-06,-63676567.33413576,-1273531.3471238224,1.6195905703259052e-37,1.5940422610811328e-37,13644.704146517963,13217.621363207854,7878793.063936575,157575.8613333103,20.23424981423261,0.404684996424821,7632184.794916019,152643.69595119086,19.600912540220712,0.39201825094019577,"[0.702,0.878]",0.756,"[0.438,0.650]",0.5,0.002,0.0,141,0.28300000000000003,0.04,0.405147522529,10,0.8251475225289999,0.005,0.0,56,0.28250000000000003,0.1,0.4741835225290001,3,0.8241835225290002,0.28768499818016835,0.28729260812660706,1.603229282368012e-33,1.609081990468077e-33,0.24354065812424086,0.2365128805795329,1.680149799591221e-33,1.6860680262580032e-33
26,56,0.5553,180.0,0.3025,646.3738685,12.92747737,Hotta:1984,0.790564138,0.045175094,0.0089,0.5642,0.2528,0.26170000000000004,1.0,0.0,0.0,646.3738685,12.92747737,3.141592653589793,1.0,3.749399456654644e-33,2.6670937881135714e+32,0.011576249650300241,0.29092375034969975,4.433234524286382,1.0323116218549673,0.56151936,0.5906045600000002,0.6821108100000002,0.8259000000000001,0.8864920275290001,0.857406827529,1.6232057782237427e-33,-3.6086185010531104e-06,-179119479.7431115,-3582389.59486223,1.6195905703259054e-37,1.594042261081133e-37,13800.519340367864,13368.55950102511,8920295.073342644,178405.9014668529,22.909026479812166,0.4581805295962434,8641087.52095003,172821.7504190006,22.191968001529222,0.44383936003058444,"[0.702,0.878]",0.756,"[0.438,0.650]",0.5,0.002,0.0,145,0.291,0.04,0.405147522529,11,0.865147522529,0.005,0.0,58,0.2925,0.1,0.4741835225290001,3,0.8241835225290002,0.29564051648111445,0.297292608126607,1.5880074274789072e-33,1.5930950276993523e-33,0.26034433782262634,0.2365128805795329,1.652376725879453e-33,1.6860680262580032e-33
26,56,0.5553,180.0,0.3139,724.7966553,14.49593311,Hotta:1984,0.634660765,0.040287162,0.0089,0.5642,0.2414,0.2503,1.0,0.0,0.0,724.7966553,14.49593311,3.141592653589793,1.0,3.749399456654644e-33,2.6670937881135714e+32,0.011576249650300241,0.30232375034969977,4.433234524286382,1.0323116218549673,0.53619768,0.56487704,0.6634102500000001,0.8145,0.9332063319289999,0.9045269719289999,1.5962593786067395e-33,3.8006672275743096e-06,190702477.1970329,3814049.5449931044,1.6195905703259052e-37,1.5940422610811328e-37,14033.485432252199,13594.233693732267,10171423.303497668,203428.4661260873,26.12216343532788,0.5224432688507202,9853055.112583712,197061.10230605115,25.304532935886936,0.506090658857389,"[0.702,0.878]",0.756,"[0.438,0.650]",0.5,0.002,0.0,151,0.303,0.04,0.405147522529,12,0.905147522529,0.005,0.0,60,0.3025,0.1,0.4741835225290001,4,0.924183522529,0.3075715323266195,0.307292608126607,1.56440071254578e-33,1.5768918796066753e-33,0.27691567774885073,0.2898022750308279,1.6231735373733595e-33,1.605091378300738e-33
26,56,0.5553,180.0,0.3212,763.4585494,15.26917099,Hotta:1984,0.753151563,0.071254687,0.0089,0.5642,0.23410000000000003,0.24300000000000002,1.0,0.0,0.0,763.4585494,15.26917099,3.141592653589793,1.0,3.749399456654644e-33,2.6670937881135714e+32,0.011576249650300241,0.30962375034969974,4.433234524286382,1.0323116218549673,0.5199829200000001,0.5484024000000001,0.65157184,0.8072,0.9631198777289998,0.9347003977289998,1.5778610541150018e-33,8.545209843274324e-06,89343452.46078365,1786869.049449722,1.619590570325905e-37,1.5940422610811326e-37,14197.120004548211,13752.746461419581,10838912.6443301,216778.2529149962,27.83640392383141,0.55672807854955,10499651.863701377,209993.037301533,26.965117251912748,0.5393023451088943,"[0.702,0.878]",0.756,"[0.438,0.650]",0.5,0.002,0.0,154,0.309,0.04,0.405147522529,13,0.945147522529,0.005,0.0,61,0.3075,0.1,0.4741835225290001,4,0.924183522529,0.31353602302805683,0.31229260812660703,1.5522492569704697e-33,1.5687163542265216e-33,0.29326405690450097,0.2898022750308279,1.5925979643909192e-33,1.605091378300738e-33
26,56,0.5553,180.0,0.3346,809.4236043,16.18847209,Hotta:1984,1.151436646,0.06486097,0.0089,0.5642,0.2207,0.2296,1.0,0.0,0.0,809.4236043,16.18847209,3.141592653589793,1.0,3.749399456654644e-33,2.6670937881135714e+32,0.011576249650300241,0.32302375034969977,4.433234524286382,1.0323116218549673,0.49021884000000004,0.5181612800000001,0.6301184400000001,0.7938000000000001,1.018029674129,0.990087234129,1.5416098770982443e-33,1.7254370261134674e-05,46911222.609104425,938224.4524139139,1.6195905703259048e-37,1.5940422610811324e-37,14530.967314466712,14076.144263837625,11761707.937641136,235234.15881094665,30.2063190035561,0.6041263802203953,11393563.42468222,227871.268549949,29.260853374176083,0.5852170676281226,"[0.702,0.878]",0.756,"[0.438,0.650]",0.5,0.002,0.0,161,0.323,0.04,0.405147522529,14,0.985147522529,0.005,0.0,64,0.3225,0.1,0.4741835225290001,5,1.0241835225290001,0.3274505323558117,0.32729260812660704,1.5229939309627413e-33,1.5439273411125796e-33,0.3093982397619014,0.34309166948212305,1.5607039546545503e-33,1.5174547774976304e-33
26,56,0.5553,180.0,0.3414,821.532947,16.43065894,Hotta:1984,1.202629795,0.066217673,0.0089,0.5642,0.21390000000000003,0.22280000000000003,1.0,0.0,0.0,821.532947,16.43065894,3.141592653589793,1.0,3.749399456654644e-33,2.6670937881135714e+32,0.011576249650300241,0.32982375034969974,4.433234524286382,1.0323116218549673,0.47511468000000007,0.5028150400000001,0.6193690000000001,0.787,1.0458943469289999,1.018193986929,1.5219153991996555e-33,2.1673944204526466e-05,37904173.75109917,758083.4750219834,1.6195905703259054e-37,1.594042261081133e-37,14719.006554210506,14258.297826543723,12092148.831392873,241842.97662785745,31.054954516476933,0.6210990903295387,11713661.43264416,234273.2286528832,30.082926375152194,0.6016585275030438,"[0.702,0.878]",0.756,"[0.438,0.650]",0.5,0.002,0.0,164,0.329,0.04,0.405147522529,15,1.025147522529,0.005,0.0,65,0.3275,0.1,0.4741835225290001,5,1.0241835225290001,0.33341276449133517,0.33229260812660705,1.5100695830887174e-33,1.5355859175345533e-33,0.3253264312000145,0.34309166948212305,1.527542011436596e-33,1.5174547774976304e-33
26,56,0.5553,180.0,0.3549,830.8057543,16.61611509,Hotta:1984,1.086896661,0.065478603,0.0089,0.5642,0.20040000000000002,0.2093,1.0,0.0,0.0,830.8057543,16.61611509,3.141592653589793,1.0,3.749399456654644e-33,2.6670937881135714e+32,0.011576249650300241,0.34332375034969975,4.433234524286382,1.0323116218549673,0.44512848000000005,0.4723482400000001,0.5983022500000001,0.7735000000000001,1.101213917929,1.073994157929,1.4800397578379302e-33,3.044809835684843e-05,27285965.269917555,545719.3055297222,1.6195905703259052e-37,1.5940422610811328e-37,15135.460123380439,14661.716290845816,12574627.364482656,251492.54735019497,32.29405181086194,0.6458810363727219,12181038.262348756,243620.76530562202,31.28323960242989,0.6256647921992142,"[0.702,0.878]",0.756,"[0.438,0.650]",0.5,0.002,0.0,171,0.343,0.04,0.405147522529,16,1.0651475225290001,0.005,0.0,68,0.3425,0.1,0.4741835225290001,5,1.0241835225290001,0.34732200682428527,0.34729260812660706,1.479011865707401e-33,1.5103633656156089e-33,0.34105632528297825,0.34309166948212305,1.4931594938045553e-33,1.5174547774976304e-33
26,56,0.5553,180.0,0.3614,832.8186487,16.65637297,Hotta:1984,1.21274902,0.074686128,0.0089,0.5642,0.19390000000000002,0.2028,1.0,0.0,0.0,832.8186487,16.65637297,3.141592653589793,1.0,3.749399456654644e-33,2.6670937881135714e+32,0.011576249650300241,0.34982375034969976,4.433234524286382,1.0323116218549673,0.43069068000000005,0.45767904000000004,0.5882890000000001,0.767,1.127849266929,1.1008609069289998,1.4584851526190523e-33,3.4672691096855276e-05,24019440.72854312,480388.8144554978,1.619590570325905e-37,1.5940422610811326e-37,15359.143489083335,14878.398309111732,12791381.125767788,255827.62245391915,32.850716990214494,0.6570143396465089,12391007.574614799,247820.15143278235,31.822481017102984,0.6364496201892174,"[0.702,0.878]",0.756,"[0.438,0.650]",0.5,0.002,0.0,174,0.34900000000000003,0.04,0.405147522529,17,1.1051475225290002,0.005,0.0,69,0.34750000000000003,0.1,0.4741835225290001,6,1.124183522529,0.3532819829576894,0.35229260812660707,1.465315502880617e-33,1.5018982894001426e-33,0.3565951487043383,0.3963810639334181,1.4576008840322018e-33,1.4264560376682606e-33
26,56,0.5553,180.0,0.3752,847.5796943,16.95159389,Hotta:1984,1.21522496,0.071143753,0.0089,0.5642,0.18010000000000004,0.18900000000000003,1.0,0.0,0.0,847.5796943,16.95159389,3.141592653589793,1.0,3.749399456654644e-33,2.6670937881135714e+32,0.011576249650300241,0.36362375034969974,4.433234524286382,1.0323116218549673,0.4000381200000001,0.4265352000000001,0.5673102400000001,0.7532000000000001,1.1843981617289998,1.1579010817289999,1.4095028913316285e-33,4.364182645256217e-05,19421269.987893447,388425.39984952414,1.619590570325905e-37,1.5940422610811326e-37,15892.895909287707,15395.444139948422,13470495.856335795,269409.9171902875,34.59481370646618,0.6918962742925876,13048865.837750211,260977.316816586,33.511987053194794,0.6702397412220497,"[0.702,0.878]",0.756,"[0.322,0.438]",0.38,0.002,0.0,181,0.363,0.04,0.405147522529,18,1.145147522529,0.005,0.0,72,0.3625,0.05,0.5941835225290001,11,1.1691835225290002,0.36718596427238026,0.36614238217622136,1.4324574393300855e-33,1.3858023549644457e-33,0.3719496995930883,0.3564140180949468,1.420908026461368e-33,1.4050146121069272e-33
26,56,0.5553,180.0,0.381,863.3052327,17.26610465,Hotta:1984,1.297339524,0.074365355,0.0089,0.5642,0.1743,0.1832,1.0,0.0,0.0,863.3052327,17.26610465,3.141592653589793,1.0,3.749399456654644e-33,2.6670937881135714e+32,0.011576249650300241,0.36942375034969976,4.433234524286382,1.0323116218549673,0.38715516000000005,0.41344576000000005,0.5586067600000001,0.7474000000000001,1.208165088529,1.181874488529,1.3875353995896562e-33,4.741146305133757e-05,18208787.013495136,364175.7401855349,1.6195905703259052e-37,1.5940422610811328e-37,16144.51259578562,15639.1851588142,13937642.203332786,278752.84400207765,35.794535010000516,0.7158907000341614,13501390.38276848,270027.8075928128,34.67415676836137,0.6934831352065697,"[0.702,0.878]",0.756,"[0.322,0.438]",0.38,0.002,0.0,184,0.369,0.04,0.405147522529,19,1.185147522529,0.005,0.0,73,0.3675,0.05,0.5941835225290001,11,1.1691835225290002,0.373143686962635,0.37114238217622136,1.4179899372378387e-33,1.3759352614014204e-33,0.38712638227275475,0.3564140180949468,1.3831203414536112e-33,1.4050146121069272e-33
26,56,0.5553,180.0,0.3954,942.5158263,18.85031653,Hotta:1984,1.379287184,0.078407171,0.0089,0.5642,0.15990000000000004,0.16880000000000003,1.0,0.0,0.0,942.5158263,18.85031653,3.141592653589793,1.0,3.749399456654644e-33,2.6670937881135714e+32,0.011576249650300241,0.38382375034969973,4.433234524286382,1.0323116218549673,0.3551698800000001,0.3809478400000001,0.5372890000000001,0.7330000000000001,1.267172630929,1.2413946709289998,1.3291967863754518e-33,5.677056081381429e-05,16602193.333814176,332043.8667467426,1.6195905703259054e-37,1.594042261081133e-37,16853.097273021926,16325.590951633856,15884310.901996536,317686.2181073431,40.79395312323991,0.8158790626379262,15387127.845614986,307742.55697760213,39.51709179630952,0.7903418360938996,"[0.702,0.878]",0.756,"[0.322,0.438]",0.38,0.002,0.0,191,0.383,0.04,0.405147522529,20,1.225147522529,0.005,0.0,76,0.3825,0.05,0.5941835225290001,12,1.2191835225290002,0.38704241322432154,0.3861423821762214,1.3833335688574984e-33,1.3463955775845642e-33,0.4021312384777064,0.38305871532059443,1.3442750175351295e-33,1.3524585932328922e-33
26,56,0.5553,180.0,0.4006,987.6096306,19.75219261,Hotta:1984,1.427689602,0.08464883,0.0089,0.5642,0.1547,0.1636,1.0,0.0,0.0,987.6096306,19.75219261,3.141592653589793,1.0,3.749399456654644e-33,2.6670937881135714e+32,0.011576249650300241,0.38902375034969977,4.433234524286382,1.0323116218549673,0.34361964,0.36921248,0.52969284,0.7278,1.288480910129,1.262888070129,1.3067243573672936e-33,6.0150235005819816e-05,16419048.579019586,328380.9715471417,1.6195905703259052e-37,1.5940422610811328e-37,17142.92888892492,16606.350762689934,16930521.667393208,338610.4333135783,43.48082277619139,0.8696164554357751,16400591.942354232,328011.838813872,42.11986173134466,0.8423972345415969,"[0.702,0.878]",0.756,"[0.322,0.438]",0.38,0.002,0.0,194,0.389,0.04,0.405147522529,21,1.2651475225289999,0.005,0.0,77,0.3875,0.05,0.5941835225290001,13,1.269183522529,0.3929978850255367,0.3911423821762214,1.3680958015329299e-33,1.336578056343796e-33,0.4169699754582755,0.4097034125462419,1.3044071843914673e-33,1.3003138495491253e-33
26,56,0.5553,180.0,0.4154,1161.643955,23.23287911,Hotta:1984,1.549528142,0.09211084,0.0089,0.5642,0.13990000000000002,0.14880000000000002,1.0,0.0,0.0,1161.643955,23.23287911,3.141592653589793,1.0,3.749399456654644e-33,2.6670937881135714e+32,0.011576249650300241,0.40382375034969975,4.433234524286382,1.0323116218549673,0.3107458800000001,0.3358118400000001,0.5083690000000001,0.7130000000000001,1.3491275509290002,1.324061590929,1.2383649774417758e-33,6.976930770614317e-05,16649784.743352376,332995.69501037704,1.6195905703259052e-37,1.5940422610811328e-37,18089.24117189584,17523.043225446952,21013257.657869916,420265.15333829075,53.966070870217116,1.0793214178689088,20355537.236044154,407110.7448961135,52.27691883701275,1.0455383771902804,"[0.702,0.878]",0.756,"[0.322,0.438]",0.38,0.002,0.0,201,0.403,0.04,0.405147522529,22,1.305147522529,0.005,0.0,80,0.4025,0.05,0.5941835225290001,14,1.3191835225290003,0.40689136218821176,0.4061423821762214,1.3316431658074432e-33,1.3072460958623856e-33,0.43164799134548637,0.43634810977188954,1.2635500689943455e-33,1.2489240976254908e-33
26,56,0.5553,180.0,0.42,1229.611382,24.59222763,Hotta:1984,1.512673051,0.085392833,0.0089,0.5642,0.13530000000000003,0.14420000000000002,1.0,0.0,0.0,1229.611382,24.59222763,3.141592653589793,1.0,3.749399456654644e-33,2.6670937881135714e+32,0.011576249650300241,0.40842375034969974,4.433234524286382,1.0323116218549673,0.3005283600000001,0.3254305600000001,0.50183056,0.7084,1.367977182529,1.343074982529,1.2157182743542129e-33,7.275901949137879e-05,16899779.444467314,337995.5887519063,1.6195905703259052e-37,1.5940422610811328e-37,18426.212066009324,17849.46684306348,22657080.0835108,453141.6014859539,58.18772174246843,1.1637544343761483,21947907.592862464,438958.1516787546,56.36643094060159,1.1273286183536233,"[0.702,0.878]",0.756,"[0.322,0.438]",0.38,0.002,0.0,204,0.40900000000000003,0.04,0.405147522529,23,1.345147522529,0.005,0.0,81,0.40750000000000003,0.05,0.5941835225290001,14,1.3191835225290003,0.41284458564969384,0.4111423821762214,1.3156360056338031e-33,1.2975164213797174e-33,0.4461703980950612,0.43634810977188954,1.2217351368282937e-33,1.2489240976254908e-33
26,56,0.5553,180.0,0.4254,1314.295265,26.2859053,Hotta:1984,1.574988555,0.092064548,0.0089,0.5642,0.12990000000000002,0.1388,1.0,0.0,0.0,1314.295265,26.2859053,3.141592653589793,1.0,3.749399456654644e-33,2.6670937881135714e+32,0.011576249650300241,0.41382375034969976,4.433234524286382,1.0323116218549673,0.28853388,0.31324384000000005,0.49420900000000006,0.7030000000000001,1.390105010929,1.365395050929,1.1882384613558375e-33,7.62686811523076e-05,17232437.288057584,344648.74576115166,1.6195905703259054e-37,1.594042261081133e-37,18852.346110908507,18262.262781690482,24777549.227708217,495550.9845541643,63.63349269226729,1.2726698538453458,24002005.50216153,480040.1100432306,61.641747845407245,1.232834956908145,"[0.702,0.878]",0.756,"[0.206,0.322]",0.265,0.002,0.0,206,0.41300000000000003,0.04,0.405147522529,24,1.385147522529,0.005,0.0,82,0.41250000000000003,0.015,0.7091835225290001,43,1.361683522529,0.41681302682903265,0.41504008230710177,1.3048364229123953e-33,1.1361601647830354e-33,0.46054204228722095,0.39771329879470046,1.1789922199191057e-33,1.1739691828597808e-33
26,56,0.5553,180.0,0.4296,1382.598807,27.65197613,Hotta:1984,1.634602886,0.092579278,0.0089,0.5642,0.12570000000000003,0.13460000000000003,1.0,0.0,0.0,1382.598807,27.65197613,3.141592653589793,1.0,3.749399456654644e-33,2.6670937881135714e+32,0.011576249650300241,0.41802375034969974,4.433234524286382,1.0323116218549673,0.27920484000000007,0.3037652800000001,0.4883214400000001,0.6988000000000001,1.407315544129,1.3827551041289998,1.166175885890394e-33,7.899841799969661e-05,17501601.196688645,350032.0238071881,1.6195905703259054e-37,1.594042261081133e-37,19209.00869826342,18607.761737436056,26558352.509871628,531167.0500053425,68.20693664350316,1.3641387323767389,25727069.17911934,514541.38339630916,66.0720418132479,1.321440835787075,"[0.609,0.702]",0.649,"[0.206,0.322]",0.265,0.0036,0.0,116,0.4194,0.018,0.5554825225290001,45,1.374482522529,0.005,0.0,83,0.4175,0.015,0.7091835225290001,44,1.376683522529,0.4217324924492729,0.4200400823071017,1.0830802932625381e-33,1.1254135353309275e-33,0.4017581647603573,0.4057067079623947,1.1562907589829958e-33,1.1564195029284226e-33
